MapLib/Lvl1_5x5/BG/Ele_BG_FC.asc
ncols         557
nrows         557
xllcorner     1113500
yllcorner     3337669.448
cellsize      1000
nodata_value  -9999.0
[rows 448 to 475 of 557, columns 0 to 63 of 557]
334.4217 343.8213 354.7084 346.0627 375.846 380.1414 367.1843 362.523 373.7822 386.0749 391.9641 391.127 388.8276 386.7729 392.4755 386.3523 394.4553 388.8263 381.6513 383.5747 386.9127 401.7523 389.5439 376.2084 370.927 369.6407 375.7029 381.262 382.6068 385.7583 402.8112 385.9717 376.5446 384.2008 390.0331 402.6312 411.1248 397.2403 400.055 400.96 400.2274 409.4825 406.1526 411.1951 413.8047 410.4131 424.0049 426.401 427.0056 433.2412 450.5572 445.6492 446.6898 456.7554 450.936 469.5837 467.487 458.4408 472.2878 477.9041 494.7605 469.3083 467.0267 467.9118
325.2578 354.7761 355.9399 351.977 366.32 366.735 375.2209 378.3421 369.0855 382.3729 385.1622 378.0992 367.2518 364.7457 373.0538 376.271 383.6952 385.2205 403.1472 397.0951 405.8239 394.4621 380.0753 371.7231 363.2789 367.8434 372.9588 381.5416 379.0214 378.4667 391.4524 380.5128 390.3775 386.824 385.7298 389.927 397.2893 396.3063 399.0657 403.8688 406.023 405.0515 400.4457 404.6477 411.9283 409.3189 410.9677 419.6711 431.2243 437.6801 447.4423 454.4687 450.0534 462.7963 452.4832 464.422 443.994 454.9702 476.9321 465.4914 470.9862 461.335 454.0988 461.3608
338.5736 356.6663 366.8816 359.7621 357.7265 376.2094 385.0336 389.7624 387.4458 388.0758 376.289 375.6485 370.8313 391.9288 390.412 389.3633 400.7487 397.8105 406.7964 411.4199 391.6459 386.198 378.1194 365.2143 367.5814 379.9367 375.1379 385.8208 383.995 370.5115 374.2302 384.8299 385.8817 378.5184 389.9755 412.4752 394.078 397.4836 398.4985 401.255 397.6054 399.8873 403.1808 413.8216 409.0481 417.8835 419.8481 418.0294 431.1187 441.9322 436.0086 436.3778 447.2855 451.5752 452.0029 434.8658 441.5289 452.4332 454.9818 445.2683 443.5581 451.1151 465.9427 479.3108
361.7045 359.7534 361.1742 370.0374 380.1332 374.0737 385.5927 377.0919 378.1115 368.4423 367.3365 362.6701 386.3374 380.115 385.379 394.7541 405.9955 406.27 408.6645 406.7565 410.7579 388.1878 385.439 367.4052 384.742 382.658 370.928 368.4466 374.0288 373.0656 378.575 381.8595 383.5675 393.9354 409.9453 396.7798 396.1812 401.6032 396.1432 396.4284 398.3701 403.2296 403.3546 413.5508 414.7403 424.1229 422.7142 437.1031 443.972 425.3154 430.9989 427.2252 436.4171 434.6165 434.1271 434.9763 436.8358 432.8018 435.3097 443.785 449.9426 455.5941 462.7027 480.9588
359.4837 372.9612 370.2584 379.2029 379.1041 377.9944 370.2421 369.9029 367.6464 359.1819 371.3775 361.1233 375.8944 377.1545 377.9449 392.2878 401.0287 401.156 407.1379 410.0547 396.0755 381.169 366.3457 361.3221 372.4932 372.4057 365.3376 363.5868 369.8851 376.6874 374.9228 376.3182 383.2615 392.88 395.3396 391.2235 401.3374 394.7213 391.3002 396.948 401.5236 405.5677 406.5841 407.5538 414.1519 429.435 430.042 428.1101 432.71 427.5377 418.5784 423.4369 423.6171 425.8758 424.0881 433.6668 433.4983 433.8311 440.0784 441.6824 452.721 465.9771 481.1013 481.3963
361.1845 373.2831 371.489 366.3863 372.2226 362.7607 365.5959 361.1964 345.5374 368.1721 366.1372 369.5219 379.1074 389.2467 393.7899 403.5824 396.2558 394.5547 397.9283 389.1844 386.5938 379.5053 363.117 368.1855 360.4929 359.9375 361.0136 363.8323 361.1219 361.7252 366.599 377.4081 380.2698 384.1944 387.3369 379.808 385.2693 387.175 388.7527 403.9506 400.9995 405.0582 411.4312 420.4719 410.565 415.0726 414.1627 416.8638 421.4628 421.3748 422.7618 418.2125 421.7843 418.8514 425.058 426.7432 435.9085 436.6783 444.8031 444.5318 450.073 467.0066 469.279 487.7867
365.145 370.9058 366.883 355.748 364.8842 355.0104 354.6345 361.9892 361.3484 379.1843 377.5407 382.9368 389.7527 392.543 387.0498 395.145 381.062 396.7115 381.5463 386.781 385.6519 376.9773 360.9159 367.1413 357.6696 355.4172 358.0942 355.7123 360.0083 365.0522 374.9523 380.3744 384.3163 380.6819 376.1539 377.5837 380.1208 385.3325 394.5993 397.6592 397.4951 414.7199 415.9033 411.6976 402.4178 405.7776 411.4815 416.8634 416.7542 425.4359 427.3653 427.5635 417.4053 423.9507 432.0345 438.481 437.2155 446.8251 446.9962 446.8083 446.9398 456.1137 463.8696 464.2904
349.0592 354.2583 372.2978 357.3187 351.6546 352.0268 365.4158 360.8293 373.0223 372.9005 377.4976 381.5687 387.0221 386.1291 386.5946 380.8364 381.5375 396.4457 369.3495 375.8363 378.0677 363.1716 362.0404 359.0317 353.0151 351.5402 354.8372 360.6021 365.9026 389.3199 384.9256 401.0742 370.5477 376.0835 377.3769 390.1427 387.9218 382.8604 390.2274 394.1721 400.2053 407.6843 399.4603 401.321 409.0306 407.8255 414.2625 428.7047 427.2975 420.3795 426.4386 428.7765 433.5594 428.0615 433.8229 439.4449 442.1048 443.4001 442.9742 449.587 453.0458 459.4371 466.0045 468.3922
347.2794 336.8631 349.2588 344.6733 360.4876 367.464 371.3803 370.3928 372.2359 378.1521 371.5787 376.8962 375.9499 378.1965 378.1197 375.9656 381.7153 366.5618 386.2009 360.4431 363.799 357.9249 365.2604 356.9665 356.3556 354.2956 354.2775 370.318 381.7157 385.643 373.3496 372.8271 372.527 389.2943 401.0363 390.596 386.634 388.6024 392.9712 406.2357 426.5848 418.1142 423.7575 409.8312 409.5399 416.6844 426.5835 447.173 437.7468 426.3013 421.1148 428.2407 438.6504 441.7722 446.784 443.9811 442.1854 444.0374 451.2273 449.3785 461.9098 468.0315 480.7238 477.1505
373.7632 369.0909 358.0872 370.9078 378.6765 373.007 374.3172 366.8136 369.7119 370.8828 369.6912 359.8025 367.8091 371.8656 374.8529 372.5674 367.3024 360.2615 373.3432 352.8691 358.9789 353.6922 350.1251 348.6834 348.9838 363.7162 370.709 381.4829 381.433 370.0107 366.3191 373.8017 394.2857 390.1463 400.0796 410.6911 412.9211 416.7334 422.9706 422.0117 426.2995 433.4341 422.0733 415.2489 416.3139 429.4986 430.3672 433.5692 451.4803 443.1031 449.3243 453.7319 450.1888 445.079 452.4446 461.713 451.0158 452.0937 451.9784 457.7988 469.037 483.2187 490.2775 497.2297
368.98 376.4768 375.9096 378.5671 370.9666 376.4701 369.3353 356.5495 361.9321 357.8103 366.2124 349.62 363.0651 362.0101 364.0028 367.4216 370.3713 348.9613 372.0764 344.3191 355.5985 355.6824 363.0568 358.7882 354.938 359.8838 374.7847 387.8051 382.3698 365.7064 366.1131 374.6806 381.5254 408.4448 392.6651 389.8953 395.2997 401.8034 402.5808 416.8515 416.0038 430.8012 432.5808 421.6766 422.7265 418.2607 438.4208 426.9258 434.2611 441.8443 443.2925 456.418 477.6265 483.9832 492.3048 487.292 492.6801 482.144 471.2999 465.453 467.0593 477.5225 494.0719 495.4365
371.2082 377.6766 367.851 361.2309 361.9279 358.5756 340.1022 355.5506 377.094 355.9317 369.075 394.6061 361.2617 387.6019 373.8978 362.9647 351.7472 351.7426 347.3004 352.1451 354.1036 348.4316 373.7086 359.8223 361.1499 372.3434 378.4252 371.8331 365.0222 369.877 385.2523 371.9538 378.7402 381.999 397.719 418.6546 402.33 407.3584 416.9292 410.9342 411.5688 415.7472 412.3642 410.9876 420.3856 426.5929 427.3503 430.7241 440.0072 447.0766 467.1998 473.5413 481.7726 475.5724 476.6071 481.644 490.4464 506.3999 496.2596 494.5182 494.2607 497.6584 501.5115 488.988
357.1454 364.4052 368.1413 359.6735 348.9142 348.3301 362.1688 350.7386 368.6304 385.4942 372.3399 344.248 376.2419 365.293 349.4813 352.0034 354.7177 346.5027 346.392 349.5548 343.6975 343.9503 349.3747 359.5993 375.7919 373.1792 365.5154 369.5158 368.5979 368.31 374.0132 373.178 373.7971 406.7606 406.0694 419.8245 423.6042 402.2994 398.712 400.8858 412.6077 401.7298 407.0939 408.1423 413.0822 416.4637 425.5864 444.3417 448.9776 454.9267 466.9601 473.5995 478.6208 487.7825 490.4564 496.5807 482.1631 501.7022 479.9205 502.5436 502.955 486.423 479.4586 484.7961
357.0507 343.4785 368.757 371.4153 362.353 370.4341 376.892 371.5307 373.4694 349.0504 387.8773 352.719 352.1903 340.276 337.946 346.7291 346.321 352.472 349.9197 349.7916 342.6392 343.829 347.5313 354.9557 358.1745 358.9611 357.5882 370.3658 364.023 362.4209 372.2066 370.4733 372.3882 385.313 412.3036 396.1045 389.7816 389.0762 389.4485 393.5014 396.2105 396.7606 409.888 416.2873 417.3257 423.0008 427.8733 441.4349 442.5664 448.3135 462.6078 476.3475 481.9982 477.7815 475.3057 478.3031 483.4387 470.1607 490.1379 493.7156 503.77 482.4785 502.301 513.1796
340.8688 350.6013 383.8677 379.4277 362.398 362.2888 356.4763 364.4099 409.0738 351.8152 353.6946 331.4928 334.7109 338.3096 334.2614 349.0637 343.6847 343.8461 344.3361 341.3549 344.2834 343.4191 355.8052 352.6831 366.1191 360.1579 367.522 378.0465 392.6792 390.1698 376.4105 370.3576 369.2111 381.1463 412.1956 387.9428 379.2077 380.07 383.756 387.4238 397.2141 398.6069 409.5951 412.5933 420.2407 429.0012 434.7521 432.8321 435.935 438.8449 446.111 454.0786 460.0696 466.9197 464.8177 455.9394 471.9333 478.4082 482.1082 481.3553 475.7436 490.1476 503.0534 514.5962
346.2935 353.9432 348.3171 343.6408 354.6487 360.9937 358.8986 355.6926 344.956 324.7038 326.9105 330.0425 330.5275 330.3974 333.8371 340.2227 342.1467 340.951 340.4811 349.8417 348.5928 353.4242 353.9781 354.5768 362.8577 377.4648 377.2498 388.3978 379.6658 386.5396 368.5741 370.8037 377.8759 394.7528 375.2387 377.5739 378.3949 385.9898 392.5734 397.4905 408.3101 414.4471 412.4827 425.1364 433.949 429.2232 432.3762 438.8093 444.3057 446.5767 445.9849 459.2325 458.6716 460.827 450.7292 455.6655 468.7725 467.3767 480.1625 474.1571 483.5738 500.946 508.4967 513.9301
340.886 325.4758 345.9953 344.765 335.5143 349.2656 339.9417 340.5965 326.6163 329.2221 329.9908 326.833 333.5699 341.119 342.2124 345.1486 341.8383 362.8074 359.1723 347.2685 365.26 363.8537 364.7495 350.1717 354.2796 368.17 378.8858 368.5937 368.9623 374.6846 370.0278 371.6707 371.3641 371.9225 373.5898 381.7529 396.4402 400.004 411.0922 414.9653 425.5924 427.9728 430.3827 433.3297 436.5491 431.9007 435.5092 435.5357 448.1529 442.9736 441.692 439.3791 443.1023 438.2077 447.4005 466.611 468.6194 477.9593 486.135 481.3518 491.6941 504.5267 516.196 512.9404
326.0508 316.9869 325.2251 324.702 318.9562 317.0487 317.8128 321.0213 324.3929 330.1795 325.9157 333.6434 344.4808 367.1156 361.7134 374.994 367.6913 376.8789 383.2682 366.3993 357.1764 352.6808 357.312 367.8951 360.2603 372.6222 375.5569 366.3662 368.4767 374.1039 383.7953 392.2401 397.4303 398.302 394.8944 407.5213 412.8173 415.7488 411.8893 420.6525 427.5907 434.0863 433.7887 433.5136 441.8092 437.2449 437.6093 432.7813 431.8396 430.4563 430.3262 433.381 435.4134 451.4421 463.0718 456.7796 471.3179 486.8341 494.6914 500.131 507.9466 510.2714 504.6153 509.364
335.856 355.7282 363.9635 347.5786 356.0653 335.2459 340.4762 324.3045 330.2489 331.187 339.5195 332.7708 342.4407 344.0136 353.1039 352.0724 371.9077 384.7256 369.3605 361.6104 364.6059 354.7076 369.4793 372.1693 377.0653 408.5852 410.0189 387.0529 368.1249 375.098 378.1549 395.1367 394.9404 405.5466 408.4958 396.9133 398.6542 404.166 409.3258 418.3571 423.6338 432.281 426.3918 422.5103 428.1251 430.2094 423.1396 423.9447 428.7073 421.2343 423.8115 434.3962 440.9597 443.5294 455.5787 468.5526 472.7596 486.8092 494.0771 505.6141 511.4081 497.5359 492.0258 491.4886
349.3084 365.475 361.1858 360.9964 371.7775 372.4921 373.9764 365.2099 354.0915 368.3882 380.8069 360.5367 363.5207 365.8356 376.0503 370.1827 382.0418 389.8344 385.105 376.4516 368.3228 374.8521 363.0154 371.9069 399.0168 405.1501 407.7044 410.0501 391.5473 382.6428 387.7752 408.0891 411.5051 417.9289 421.3918 415.3907 414.235 412.2752 422.3551 420.7881 426.5597 436.4429 426.1323 422.4173 421.9347 431.084 417.9167 420.979 429.5456 426.8174 434.8781 435.0544 441.2306 443.1401 454.0006 459.7454 469.8491 485.177 500.0933 500.4748 503.6945 479.5646 483.4174 498.7559
363.4394 345.9674 353.2603 361.5583 369.7818 364.6454 349.7243 374.2832 380.2046 386.7755 373.8843 394.1587 391.7471 387.4184 368.1992 371.1392 391.8915 390.6091 394.4319 381.9148 381.3794 384.5102 391.5073 393.5497 405.1365 403.4384 411.6062 410.6949 410.2132 397.1281 392.4125 398.011 412.3712 419.8449 422.0922 427.7635 421.7468 416.6546 420.2179 423.3498 423.7364 427.078 417.8024 418.8009 412.8228 410.9996 414.3239 425.8079 443.4912 440.8961 437.368 449.6402 440.53 445.1143 453.4585 474.2367 473.9587 479.2151 497.2495 501.6922 496.0464 501.091 474.2025 488.1686
331.7053 334.5618 341.2758 343.3029 345.8681 345.328 361.9887 365.6975 373.0548 384.7469 390.5783 390.3995 381.3408 388.9105 390.2592 385.4704 390.1465 399.1127 397.0085 394.1398 397.15 402.1561 382.7532 386.8909 393.5584 402.8852 404.3982 408.9359 410.9911 409.2411 406.8354 413.993 414.5614 415.5565 417.2426 424.5632 424.4273 423.2169 419.1143 427.4498 433.2216 432.9281 419.6736 403.8295 405.9389 413.7684 417.2436 421.831 433.3653 433.6498 435.6472 441.0451 436.9747 441.1158 446.3877 458.2101 467.5479 495.8987 504.0582 497.1003 500.8875 492.8558 469.3788 477.2762
336.2537 366.0786 362.2131 360.7566 364.3174 376.9539 362.1649 352.8592 372.4912 373.4334 382.3188 369.7303 381.2617 389.2724 383.7009 393.3302 389.2666 396.5034 396.1602 405.034 401.396 402.989 401.3555 403.5563 407.9276 400.058 394.1975 408.2011 397.2377 396.3383 413.7079 415 414.7641 417.9086 419.1789 420.7699 427.3903 430.494 432.2095 421.7052 426.845 431.9257 403.5722 407.1094 412.7258 408.173 405.9747 415.822 425.4626 419.4973 425.1066 436.2267 436.2659 447.8593 451.2191 464.92 470.9269 484.6559 482.3436 498.6734 490.8763 466.1576 459.0659 454.5911
351.4448 352.3691 372.2488 373.6385 361.1211 372.9937 377.4895 370.6219 364.1781 355.8902 376.5274 374.1605 385.645 393.2201 400.2787 401.846 404.9743 402.1302 401.3623 400.2478 401.0396 387.7241 392.1061 403.9088 386.7034 389.1298 392.0061 394.3533 389.1547 391.555 403.2751 403.1685 406.6719 412.3391 416.1015 419.2122 426.4927 428.2173 422.5407 423.1743 413.4225 413.9804 405.4825 397.2162 403.0066 409.1537 410.4359 417.5094 420.6202 433.6446 448.6188 443.4885 436.6863 444.7117 450.3135 454.5982 458.5689 465.3549 474.7452 479.6777 476.0311 455.1082 443.3886 445.2473
371.9469 356.9664 361.9299 369.8188 375.6295 383.6864 383.9347 373.4184 368.5034 372.2724 381.7047 385.6972 392.8528 401.463 396.3708 398.25 399.5924 393.1565 393.9079 391.1281 378.5623 394.6188 390.4123 380.7775 385.5212 387.7433 391.4648 386.1355 395.3644 406.506 403.4622 403.2794 400.424 409.9136 408.9826 417.0371 417.1793 420.1225 417.9839 425.3223 414.4044 401.9564 395.3415 399.915 402.4673 399.9227 408.9103 414.5248 435.0474 437.2845 440.0006 433.8868 435.5219 441.8119 451.7514 453.7149 458.9053 460.4087 462.4808 470.3817 473.9576 449.803 444.4349 448.1965
368.8773 366.6996 374.5998 373.7834 382.3147 376.3434 380.2979 382.0718 376.4446 375.2453 378.3643 380.8537 398.5429 393.3055 396.1716 391.3139 384.2426 382.0929 380.0635 378.6182 378.9939 375.4962 396.8507 395.1403 401.7699 406.9836 405.4117 405.1953 399.7898 409.5584 411.862 409.8293 404.289 402.6317 412.3544 420.2752 419.1576 413.3135 423.264 423.6028 406.0727 398.0482 392.7334 398.5673 399.8316 400.5003 407.2461 428.9818 431.8657 425.5022 442.9237 446.1279 445.9706 448.102 451.9499 455.6296 457.412 460.6108 467.5954 472.0822 456.5915 444.2207 449.9968 449.6144
382.6218 370.5182 380.7679 376.1889 372.1949 371.1539 373.0532 383.8203 378.5777 384.2628 376.5535 382.2542 392.6101 398.9006 392.7391 393.2851 388.5314 373.8544 376.6542 391.5734 386.0741 395.3462 388.77 391.6002 396.9894 406.3362 410.7296 420.9576 417.878 405.5673 399.9044 405.5535 410.2143 405.4998 424.0361 419.6902 418.1979 413.6801 405.8356 409.6828 403.0678 386.3008 398.1707 415.236 401.475 408.4368 415.803 415.0346 434.8656 442.4751 445.8481 440.1942 439.3888 441.6647 440.7953 453.2175 460.0713 467.0063 471.6535 459.7401 448.8728 442.3582 444.8191 459.2286
368.7257 379.646 379.212 373.883 365.2852 373.5457 389.4254 389.0736 390.4197 391.1086 393.5247 404.1658 389.7354 402.6615 395.4742 381.5515 379.1815 375.4279 372.7553 369.6389 377.1063 371.6291 381.0468 392.4608 403.1722 398.1761 400.6072 414.237 405.6255 401.1262 398.3507 406.7283 417.7184 424.2715 417.7414 413.0571 411.033 413.0677 398.3985 401.1436 391.9799 404.6829 406.7588 409.3726 403.0025 406.2844 407.5164 426.4902 439.1233 442.3807 434.3262 436.2672 448.4108 444.6229 453.5334 449.9108 452.6576 443.3789 440.5001 439.975 435.7002 439.8935 449.6416 477.7348
