MapLib/Lvl1_5x5/BG/Ele_BG_DD.asc
ncols         557
nrows         557
xllcorner     1670500
yllcorner     4451669.448
cellsize      1000
nodata_value  -9999.0
[rows 54 to 80 of 557, columns 434 to 495 of 557]
785.5197 745.1505 695.851 560.1738 462.6776 385.5509 330.9141 375.4152 366.6525 426.549 290.7186 385.5743 332.3921 288.5228 319.8847 388.3062 434.262 389.2541 349.3085 253.6996 215.4436 218.9756 161.3823 127.3633 131.8478 184.3033 226.623 259.9193 286.6686 291.693 328.6042 238.7121 227.4409 312.1711 303.4046 268.7791 244.8021 214.7928 169.2506 185.763 208.8723 214.3665 242.4956 229.8124 223.1281 196.0786 176.5038 159.6514 151.9932 149.28 142.652 178.72 171.5143 140.408 130.866 133.2693 131.4282 134.8112 159.5207 214.7227 197.1141 185.5034
643.5718 598.5115 599.8339 595.8686 575.4467 478.9444 365.8498 478.775 472.6336 393.7921 280.9779 376.1916 361.5002 310.9518 314.0538 352.2485 350.8625 291.5706 246.909 234.3249 249.5125 219.4487 163.6367 131.8564 127.0824 127.8704 286.5641 456.4669 500.4249 482.852 520.1028 397.0153 316.7738 299.7023 262.1621 313.6808 310.0994 241.6714 246.6302 232.8361 224.8134 262.2564 273.9508 239.0963 199.8666 203.6511 226.7635 213.3104 230.9212 227.9165 213.3318 197.8729 187.8545 219.3387 200.025 147.9631 146.0624 149.9952 169.2764 190.2375 182.8699 163.8943
724.6179 618.0982 494.7771 489.0722 421.573 387.2823 387.7292 468.7973 417.1729 358.7056 287.4852 268.8897 325.1107 287.6531 260.1138 293.0202 296.3798 255.2294 247.5996 329.6131 344.7596 276.3325 181.941 136.0983 128.1085 128.8997 225.8968 379.9709 622.6013 672.7025 735.1458 656.862 534.4147 368.0792 351.6121 346.446 237.4995 285.2392 253.6932 295.9295 269.5593 292.4698 294.442 237.8328 240.2991 236.1716 250.5935 240.1552 262.4799 246.8225 222.1301 195.6173 199.8301 235.0448 214.098 207.9157 228.0294 210.5739 180.1166 158.8473 148.1868 171.4815
643.6061 539.8546 484.0658 455.4962 438.885 478.0883 501.1212 497.0843 400.0177 334.1102 318.8414 251.0676 238.5572 305.4075 236.7602 302.3099 280.9436 283.5505 252.7861 251.9952 245.608 192.7289 219.8625 161.893 128.9983 128.3542 185.9263 335.463 439.6771 420.8438 554.861 721.3118 673.4252 530.4597 416.9646 359.4093 273.9771 309.5721 360.6628 358.3856 314.3707 329.6852 308.2947 229.1812 278.7485 251.195 276.9478 273.9479 269.3361 241.6662 219.9696 214.7622 250.1534 226.5914 221.105 265.0284 232.4098 207.2179 223.0184 207.0107 187.0606 148.5263
625.6997 607.2174 510.0154 413.0796 514.476 609.213 582.9897 495.5067 457.1172 390.6277 373.2549 383.5137 305.2425 211.2699 211.2772 323.9469 297.0369 235.2984 242.1663 228.1249 262.6383 242.1569 231.9373 192.7647 139.8479 124.3822 133.9504 188.2668 228.581 333.2708 469.7859 513.0345 651.5864 640.64 594.6959 485.2944 326.8382 371.1863 468.2723 457.4771 400.2629 327.3057 273.3025 294.0331 301.5497 283.1 339.1429 373.1897 343.6518 298.0317 282.5555 271.3168 276.6505 278.8592 355.2503 265.4648 309.9611 284.4197 263.3354 224.5663 202.7937 182.905
503.574 494.0415 429.5103 379.8241 487.3271 543.417 485.2665 432.949 358.7657 344.6687 334.0069 275.7152 264.733 252.823 211.7288 204.1961 226.4347 249.2912 223.7365 226.9143 254.1165 246.3744 224.422 238.6529 203.4423 133.1329 129.0393 165.2817 202.9437 254.9635 311.28 384.5003 512.2255 531.9955 509.3382 427.4116 360.5286 396.1627 508.543 488.566 453.3368 376.2383 344.377 309.3284 334.2955 297.4127 344.8738 388.129 351.4486 375.7523 369.4567 337.3947 302.7094 280.4706 348.7934 360.3857 387.1434 355.5929 280.9912 253.277 256.724 193.1168
403.9026 400.3951 345.0519 352.8311 408.9542 428.9531 416.3603 372.3145 353.8835 316.5638 288.2018 338.6945 340.2837 281.7163 282.8417 319.5662 255.9124 232.717 189.0513 184.2095 256.6644 294.3203 317.6721 280.5149 230.4669 135.1141 130.0338 154.0428 237.9503 245.5156 248.5969 270.6935 338.3327 355.3539 396.0317 406.9013 418.768 364.0656 363.6323 485.1038 577.6605 497.1399 470.5671 435.3159 409.829 353.3272 303.9601 428.6975 384.6848 396.8877 388.6397 406.9751 298.0617 325.5862 344.1996 383.8697 389.2872 423.2426 343.7427 318.2275 266.097 233.6572
347.9666 361.5774 327.9318 334.1815 440.8118 517.8008 510.5121 470.0758 411.0638 379.4902 343.6784 391.4688 330.8983 337.0536 390.8391 377.1942 436.6458 390.0522 251.7865 168.5271 240.8928 242.0878 212.4009 185.35 155.9137 134.3529 130.0636 137.8144 170.004 190.4325 232.5239 238.5822 265.4997 316.472 307.2618 364.7495 408.5736 477.7972 466.39 428.5422 492.7606 582.2445 517.5698 465.3046 417.5887 429.9727 313.2356 368.9835 388.0012 441.2203 436.1964 387.3797 272.5249 354.4104 383.2905 397.8544 379.4106 353.1056 348.6956 303.8816 268.9237 231.84
274.4371 286.2015 294.3833 335.8893 349.5142 392.8885 483.7668 500.789 453.9627 447.8836 396.9074 408.9923 327.5833 287.8901 294.6971 276.5637 268.7929 273.2084 273.2993 169.9483 183.1787 181.2081 166.0879 159.8565 143.0191 134.7184 133.5652 170.7563 199.325 199.3683 186.7157 211.3844 244.9414 250.0579 343.5722 327.017 318.3222 393.1112 524.8136 603.4273 595.6898 682.1097 619.3591 546.4388 504.2133 443.2215 331.0178 445.4517 473.2331 410.6316 434.2357 403.4145 364.1776 399.3624 415.1839 384.178 324.9955 287.3199 310.2222 258.1481 199.8872 232.6909
263.1542 269.8551 273.9628 281.8465 296.6858 327.6878 378.134 421.2963 495.8672 559.0126 520.3135 451.5352 367.5 308.771 312.7674 261.6304 240.3777 210.6539 197.1958 180.1342 165.3549 152.7342 148.087 146.9118 138.785 136.5063 134.7501 188.4885 243.8904 241.1767 221.9807 281.0974 347.7854 353.4416 397.3853 396.3123 468.9055 440.186 429.7215 507.3956 631.3257 567.2714 553.1182 637.3099 571.2881 414.11 368.5695 444.3483 506.2387 455.4443 431.7866 383.3321 391.4527 393.1816 440.8358 389.6627 373.9549 351.9497 326.3134 290.6819 190.9709 254.0692
252.3259 256.8799 256.9764 265.7989 274.3678 302.3158 327.6509 350.0259 393.8881 433.6763 470.4289 417.0202 380.2771 347.6942 355.1263 299.8989 222.7763 209.804 211.4729 225.0223 230.6666 175.4638 155.1582 156.0133 140.5225 135.1201 136.9892 192.3351 271.4345 327.6394 363.6721 319.8275 267.7017 307.7233 366.5243 451.6481 457.7025 467.4786 520.8104 465.5196 574.0799 635.0767 614.2529 468.3812 422.2279 408.8523 394.3371 495.9106 528.446 426.746 416.5665 435.462 448.5307 406.4071 436.7338 388.8629 379.3312 328.0743 302.6935 255.1362 217.7003 250.5641
262.3472 291.4903 283.4751 256.4978 262.4989 273.7635 286.8489 300.9937 318.1167 371.4918 474.6274 441.5036 453.4537 416.1865 447.4088 340.0724 307.209 229.258 202.0764 188.2091 196.7561 254.6902 312.6359 193.9971 139.2405 157.2505 172.467 148.7208 200.7949 257.3388 228.3837 221.7979 274.3987 260.976 310.4347 329.7155 374.8119 472.5397 559.9862 625.343 627.2906 683.8029 618.4156 647.3693 625.8975 524.3146 456.0715 557.1872 498.2174 540.1932 507.461 535.0375 452.0633 447.7521 439.9257 374.7672 360.4129 418.6038 395.3317 325.8547 237.819 261.734
313.9306 269.786 273.3525 262.8423 263.6889 262.0983 285.5247 309.9274 305.544 334.8597 387.5363 409.9149 388.49 423.6119 397.2059 382.0532 352.51 257.9991 249.7865 235.7294 287.3178 322.6466 158.7432 176.3505 215.2127 219.3173 218.2501 223.5534 229.6379 243.4842 197.8887 285.6506 396.0816 370.7796 413.9609 409.5142 471.451 539.3577 581.7694 655.7346 731.9651 753.1196 676.8502 662.8227 668.7584 577.312 520.4534 456.3631 518.9598 573.2162 515.8234 470.7028 443.7262 421.2051 376.7148 382.7666 320.1864 382.28 373.4001 264.1336 220.6482 269.7826
283.6154 283.5681 282.7198 292.2988 301.6218 287.7306 296.468 317.8042 333.4596 393.4365 371.0381 385.1626 401.6689 478.9409 436.3508 419.7594 397.8083 296.0101 307.0786 288.2879 241.5948 201.8068 169.4077 320.2034 303.0778 358.9614 309.1787 325.0445 306.861 346.3477 353.7139 305.2661 421.5158 403.1646 493.5514 549.1774 543.5057 616.3025 682.3447 685.4361 764.1542 720.926 657.6682 552.9518 629.4041 599.5471 568.2164 544.5053 451.0322 376.9816 503.0132 529.833 486.9742 460.0709 416.5644 399.249 367.8703 321.0505 231.8103 303.7085 315.5475 296.8798
308.0214 326.1823 329.338 328.6076 321.4073 360.0497 401.217 357.1936 322.8224 376.7287 449.0802 508.9382 448.1673 445.9305 479.8109 404.0537 385.6959 357.6269 291.6147 382.7954 344.4299 278.4237 192.654 395.3969 427.2162 466.004 389.9897 396.8162 462.2966 507.1542 425.2072 382.1655 453.9088 419.7927 478.7313 521.6793 614.623 695.8351 818.4595 850.6061 771.0872 686.2895 620.5198 545.3629 476.0143 493.5235 450.5383 494.0632 441.9609 439.2626 388.1956 457.4827 475.3003 441.3999 403.3084 466.7008 329.4648 254.3855 337.3599 316.8243 286.3645 326.4796
341.579 390.4585 412.5608 541.1379 438.2619 403.2325 446.8666 367.2057 352.8385 348.0784 379.3951 418.7013 538.4378 486.1907 374.8093 358.1424 332.4381 348.2291 302.4434 344.548 411.0505 308.8408 189.8554 234.6798 341.9819 427.6064 455.4582 544.3195 610.1501 580.3704 450.3381 508.9207 564.8994 501.3841 476.8204 506.964 593.1827 697.4228 748.1096 815.0799 789.7391 749.8977 671.8244 585.7037 585.1593 483.7505 364.2495 351.7561 401.6174 321.8499 336.7231 366.0474 348.3975 305.4861 335.0783 303.9462 319.7498 425.4348 332.1049 372.3271 365.816 292.7547
448.5357 548.2976 670.2637 720.0423 517.8204 362.3179 359.2271 367.7119 382.4951 372.244 349.0605 377.6029 385.9733 407.209 380.8947 355.3696 334.7091 282.3585 287.0098 314.2762 398.8084 432.6858 229.3778 166.2115 245.2625 501.0862 532.1239 564.9533 649.7188 608.8861 647.0029 603.319 577.9169 572.1349 516.8749 546.9816 569.8572 582.5685 654.5059 805.0357 812.8436 770.8089 742.9573 659.8389 546.0298 508.187 459.524 413.5349 380.0777 358.6367 345.1855 326.9434 336.6046 317.555 316.4066 310.8592 380.9841 408.8905 410.2464 353.113 317.4088 334.3639
483.4164 592.8315 753.629 741.2086 589.6498 404.0164 351.4533 423.923 443.333 469.9763 450.0086 467.3206 460.72 466.0627 427.9589 405.7744 339.2565 332.9113 283.3829 227.3732 224.4083 263.6076 205.4183 290.8932 372.1045 369.1322 368.1367 497.8517 514.9551 461.352 602.0361 561.6161 459.4973 531.3116 475.0634 494.1951 514.2963 529.2712 588.9499 698.7945 777.2223 812.4872 821.7924 751.4845 638.3555 491.7623 478.8621 574.8567 555.0209 512.5522 420.9485 400.3511 381.3739 403.9965 464.5143 386.3552 443.5438 401.7195 395.2282 374.7413 370.0942 337.8554
568.237 718.924 793.5949 704.972 540.6987 403.1954 430.8496 416.362 477.0499 467.3076 480.1881 490.3511 486.6791 519.5124 511.8183 510.3471 503.0075 438.2349 406.8351 363.2748 355.0211 330.8705 317.4154 184.5826 174.4581 188.1544 325.8275 422.0576 401.5987 276.8499 312.4722 441.9343 500.8043 546.0335 556.3631 513.4753 514.2922 541.0089 591.0359 689.1407 763.337 762.2217 856.6661 863.6845 603.0377 640.5731 615.548 748.3518 698.8652 596.4379 599.9752 573.1708 445.0712 410.6857 374.8487 418.7465 486.9168 486.1378 508.3589 445.1425 433.762 404.2592
705.472 779.8605 830.116 735.8443 534.6783 461.1302 454.2792 468.6142 457.682 436.8854 428.7594 430.8376 422.1101 425.5004 394.5691 380.1468 401.9979 393.433 386.9755 318.9634 382.8391 372.0961 249.0559 249.2797 291.1038 169.1102 322.1805 498.4755 326.3397 282.2909 299.9776 376.7665 429.5388 574.4337 667.5339 689.082 623.9872 569.2734 662.493 706.6947 663.622 626.1269 774.1807 842.2621 760.619 809.6809 776.762 769.98 780.2993 775.5271 811.198 780.6894 762.7105 579.1826 530.4457 420.9592 428.4641 499.4362 505.9826 478.3721 425.3899 453.7451
685.2338 692.7708 739.9739 721.951 680.3543 624.5255 637.0077 602.8353 537.645 468.749 413.3364 404.0884 404.9772 392.6491 373.9283 367.0175 359.8861 336.9902 280.9307 299.1032 268.5326 256.7288 256.3006 239.8549 198.9207 180.0471 324.8828 299.6031 241.4883 286.1217 406.3712 450.4813 400.6476 461.2411 546.1556 692.5115 724.4141 557.9814 533.4252 483.3425 528.1877 716.9148 845.8827 888.7402 835.6331 795.2364 729.4581 669.1833 742.8621 708.6548 774.4685 826.4651 843.6179 770.5873 745.9708 485.7017 550.3284 608.5679 560.1464 571.123 528.9235 490.8702
462.962 554.7517 548.9312 486.0974 465.3839 454.046 460.1788 535.0809 587.8442 529.2468 541.1846 539.056 422.3274 387.2327 376.5258 328.4578 256.2941 299.2382 371.2213 328.925 337.9525 417.1072 300.5674 286.1824 229.8473 174.3628 219.162 411.1044 471.6857 401.5208 547.1557 522.0461 533.488 571.0351 641.4974 694.5347 652.4252 527.1993 378.8213 435.2328 568.4277 736.8675 679.5322 726.8358 741.9151 711.459 735.8987 652.1458 506.5744 577.7729 695.8163 789.2775 829.566 791.4603 803.6342 759.4673 680.3126 618.1705 664.9623 568.434 477.1472 417.8739
400.3037 355.2126 325.3155 322.8646 302.7245 300.2216 313.1978 351.072 325.5627 331.0808 355.5468 329.731 289.3371 353.3396 563.1542 376.5199 241.7831 282.7317 311.4638 373.7793 396.7113 553.545 675.2394 618.1228 485.1944 186.4584 158.4319 172.2935 360.4951 472.2346 518.2277 480.6078 582.4437 591.864 631.6885 687.2621 667.2604 460.9346 371.8696 449.1427 524.8181 597.1436 536.399 623.3082 470.5602 446.9151 581.2194 600.028 489.5723 449.0053 550.6942 712.5865 809.3931 694.1466 741.144 790.6577 823.7892 767.7889 712.7066 664.2199 570.5735 561.6831
658.9193 643.8713 600.1593 531.1072 526.4374 412.1433 426.384 590.5062 733.3466 802.228 789.7747 611.5635 658.744 390.7242 420.6856 371.1465 360.9092 272.8691 278.0703 392.4853 473.1346 521.171 660.7936 676.4445 544.8948 399.7466 253.4651 156 170.3374 248.0536 302.6419 312.0107 328.7464 368.9235 388.0049 524.5498 515.8458 400.0413 324.7587 397.8113 587.4045 666.3528 460.5051 604.8156 475.4487 381.7243 510.0554 614.2204 496.2933 361.9624 495.8141 605.3133 625.1093 756.2359 690.8489 821.2902 873.4004 824.8728 840.111 785.0243 717.8991 722.6838
880.5734 867.2851 782.3067 747.5406 574.7228 437.7641 485.5986 532.3669 684.3907 792.6834 730.8855 678.2813 550.382 435.0926 589.6576 722.6265 869.51 659.0056 381.6414 294.2576 269.2259 368.2759 457.2729 503.18 552.3 453.1662 267.6629 159.7429 156.8473 168.6772 223.9229 220.3819 165.4538 157.1196 180.1396 287.5381 422.541 311.3212 484.0179 490.3215 463.2451 385.1452 358.433 364.6896 342.0988 322.058 539.2432 633.4142 495.3278 325.5352 493.2545 584.9886 489.7514 639.9932 729.2275 623.7106 850.1393 743.5038 872.1603 894.099 868.6349 843.2967
852.2397 857.2725 744.738 664.2408 618.5638 656.257 649.7017 700.2592 872.6022 892.3615 829.2139 661.5529 534.6953 528.3908 738.3621 863.4375 936.592 727.1096 520.9598 418.9796 333.0417 238.9543 186.2725 191.1879 220.0325 193.3451 194.4775 276.2292 225.6385 160.7267 156.1144 162.4202 179.4214 204.9414 191.6837 174.0915 332.7158 259.2041 334.8195 469.2106 440.9002 250.922 219.6982 265.3033 229.0009 339.1035 404.0732 417.1348 350.0774 396.4432 557.8535 634.2058 469.0668 404.4319 481.0157 747.156 653.8768 634.345 760.9666 817.0573 937.5679 890.6438
791.4405 794.41 692.7714 602.9855 615.1142 670.8728 653.7413 743.7245 754.9886 773.0234 769.4798 721.6487 584.465 567.0991 603.3608 579.0915 579.5773 660.8538 728.1437 572.8408 462.8536 364.9335 336.3241 430.856 451.6455 628.9318 601.2504 515.7712 425.6651 375.4677 461.8783 435.1165 395.798 325.9067 238.9427 160.519 232.387 212.4712 258.2642 290.2798 180.1626 246.9552 205.5691 162.3754 161.5752 162.4099 170.0618 262.538 343.0992 294.1028 404.51 501.602 433.748 396.6512 551.8545 542.5183 508.9301 576.809 553.7084 631.8819 663.2307 769.2545
