MapLib/Lvl1_5x5/BG/Ele_BG_BC.asc
ncols         557
nrows         557
xllcorner     1113500
yllcorner     5565669.448
cellsize      1000
nodata_value  -9999.0
[rows 30 to 59 of 557, columns 268 to 334 of 557]
-19 -19 -19 -19 -19 -19 -19 -19 -19 -19 -19 -19 -18.0062 -18 -17.6807 -17 -17 -17 -17.0056 -18 -18.1365 -19 -19 -19 -19 -19 -19 -19 -19 -19 -19 -19.9935 -19.9935 -20.3866 -20.9936 -21 -21.9954 -22 -22 -22 -22 -22 -22 -22 -22 -22 -22 -22 -22.006 -23 -23.0065 -23.8249 -24.0065 -25.0006 -25.7313 -26.0024 -26.0066 -27.0065 -27.0113 -27.0065 -27.0065 -27.0065 -26.1949 -25.0065 -24.0065 -23.2891 -23.0042
-19 -19 -19 -19 -19 -19 -19 -19 -19 -18.3182 -18 -18 -18 -18 -17.6807 -17 -17 -17 -17 -17.184 -18 -18 -19 -19 -19 -19 -19 -19.3632 -20 -20 -20 -20.6287 -20.9086 -21.6287 -21.6378 -22 -22 -22 -22 -21.8738 -21.3713 -21 -21.3713 -21.8376 -21.2313 -21.0045 -21.7784 -22 -22 -22 -22.07 -22.3713 -23.1704 -24.035 -24.83 -25 -25.3713 -25.3713 -25.3713 -25.3713 -25.3713 -25.3713 -24.5596 -23.3713 -22.3713 -22.3713 -22
-19 -19 -19 -19 -19 -19 -19 -19 -18.3623 -18 -18 -18 -18 -18 -17.6807 -17 -17 -17 -17 -17 -18 -18 -19 -19 -19 -19 -19 -19.5776 -20 -20 -20 -21 -21 -22 -22 -21.8258 -20.9221 -20.4904 -19.5867 -18.419 -18.4287 -18.472 -18.472 -18.472 -18.736 -19.4752 -19.736 -20.472 -20.7144 -20.736 -20.7858 -21.6063 -21.8572 -22.736 -22.736 -22.736 -22.736 -22.736 -22.736 -22.736 -22.472 -22.472 -21.8747 -21.1431 -20.736 -20.9254 -21
-19 -19 -19 -19 -19 -19 -19 -18.2154 -18 -18 -18 -18 -18 -18 -17.6807 -17 -17 -17 -17 -17 -18 -18 -19 -19 -19 -19 -19 -19.5776 -20 -20 -20 -21 -21 -21.4507 -21.978 -21.0343 -19.8058 -18.1705 -16.636 -15.0008 -14.2857 -15.2015 -15.2015 -15.2015 -16.2015 -17.102 -17.7838 -18.1007 -19.0188 -19.1007 -20.019 -20.1007 -21.0462 -21.1007 -21.1007 -21.1007 -21.1007 -21.1007 -21.1007 -20.2862 -20.1007 -19.2015 -19.2015 -19.1007 -19.1746 -20.0723 -20.1007
-19 -19 -19 -19 -19 -19 -18.3551 -18 -18 -18 -18 -18 -18 -18 -17.6807 -17 -17 -17 -17 -17 -18 -18 -19 -19 -19 -19 -19 -19 -19.4655 -19.4655 -19.7239 -20.0552 -20.4655 -20.6735 -20.9869 -20.4655 -19.7051 -18.0698 -16.4345 -14.9066 -14.5345 -14.4655 -14 -14 -14.4655 -14.9375 -15.4655 -16.0821 -16.4655 -16.931 -17.0317 -17.849 -18.1763 -18.4655 -18.8051 -19.126 -19.4655 -19.4655 -19.4655 -19.0438 -18.7108 -18.4655 -18.4655 -18.4655 -19 -19.3339 -19.4655
-19 -19 -19 -19 -19 -18.3304 -18 -18 -18 -18 -18 -18 -18 -18 -17.5651 -17 -17 -17 -17 -17 -18 -18 -19 -19 -19 -19 -19 -19 -19 -19 -19 -19.8504 -20 -20 -19.9959 -19.8302 -19.5353 -17.9 -16.3608 -14.9659 -14.1362 -14 -13.8935 -13 -13 -13 -13.6475 -14 -14.7622 -14.8302 -15 -15 -15.9082 -16.0783 -16.8302 -17.3029 -17.8302 -17.8302 -17.8302 -17.984 -18 -18 -18 -18 -18.0682 -18.8302 -18.8302
-18.195 -18.195 -18.195 -18.195 -18.195 -18 -18 -18 -18 -18 -18 -18 -18 -17.4493 -17 -17 -17 -17 -17 -17 -18 -18 -19 -19 -19 -19 -19 -19 -19 -19 -19 -19.0231 -19.195 -19.195 -19.1902 -19 -17.9 -16.2648 -15.5448 -14.1558 -13.327 -13.195 -13.2599 -13.805 -13 -13 -13.1262 -13.195 -13.934 -14 -14.195 -14.8581 -15.0895 -15.2709 -16 -16.195 -17 -17 -17 -17.1766 -17.195 -17.195 -17.195 -17.195 -17.2611 -18 -18
-18 -18 -18 -18 -18 -18 -18 -18 -18 -18 -18 -18 -17.5324 -17 -17 -17 -17 -17 -17 -17.2182 -18 -18 -18.7364 -19 -19 -19 -19 -19 -19 -19 -19 -19 -19 -19 -18.9756 -18 -16.7051 -15.0698 -14.4345 -13 -12.6319 -12.5597 -12.6662 -13.5597 -12.5597 -12.5597 -12.8448 -13 -13 -13 -14 -14 -15 -15 -15 -15.3648 -16 -16 -16 -16.9058 -17 -17 -17 -17 -17 -17 -16.8447
-17 -17 -17 -17 -17 -17.9699 -18 -18 -18 -18 -18 -17.5422 -17 -17 -17 -17 -17.0446 -18 -18 -18 -18 -18 -18 -18.9272 -19 -19 -19 -19 -19 -19 -19 -19 -19 -19 -18.9756 -18 -16.7051 -15.0698 -14.359 -12.7389 -12 -11.9245 -10.992 -10.9245 -11.3015 -11.9245 -11.9734 -12.2614 -12.9938 -13 -14 -14 -15 -15 -15 -15.3648 -16 -16 -16 -16.9058 -17 -17 -17 -17 -16.9938 -16.2613 -15.9734
-17 -17 -17 -17 -17 -17.1741 -18 -18 -18 -18 -17.4468 -17 -17 -17 -17 -17 -17.1706 -18 -18 -18 -18 -18 -18 -18.0106 -18.7668 -19 -19 -19 -19 -19 -19 -19 -19 -19 -18.2821 -18 -16.7051 -15.0698 -13.4345 -12 -12 -11 -10.9692 -10.7108 -10.8198 -11.0087 -11.8981 -12.201 -12.9763 -13.3933 -14 -14.5855 -15 -15 -15 -15.8163 -16 -16 -16.1923 -16.9728 -17 -17 -17 -16.2892 -16.2655 -15.4901 -15.1872
-17 -17 -17 -17 -17 -17 -17 -17 -17 -17 -17 -17 -17 -17 -17 -17 -17 -17.1472 -17.9517 -18 -18 -18 -18 -18 -18 -18.7602 -19 -19 -19 -19 -19 -18.5764 -18 -18 -17.9915 -17.2226 -16.7051 -15.0698 -13.4345 -12 -12 -12 -11.3461 -11.3461 -11.5926 -12 -12.2241 -13 -13.3177 -14 -14.4693 -15 -15 -15.0326 -15.8231 -16.1262 -17 -17 -17 -17 -17 -16.5386 -16 -15.6539 -14.9716 -14.6539 -14.4233
-17 -17 -17 -17 -17 -17 -17 -17 -17 -17 -17 -17 -17 -17 -17 -17 -17 -17 -17.8603 -18 -18 -18 -18 -18 -18 -18.0057 -18.9434 -19 -19 -19 -19 -18 -18 -18 -17.9756 -17 -16.7051 -15.9826 -14.4159 -12.9813 -12.9813 -12 -12 -12 -12 -12 -12.0121 -13 -13.0172 -13.5616 -14.0187 -14.0187 -15 -15.0018 -15.7346 -16.0068 -16.0187 -16.0187 -16.0187 -16.0187 -16.0187 -15.0187 -15.0187 -14.5615 -14.0172 -14 -14
-16 -16 -16 -16 -16 -16 -16.091 -16.9214 -17 -17 -17 -17 -17 -17 -17 -17 -17 -17 -17.8603 -18 -18 -18 -18 -18 -18 -18 -18 -18 -18 -18 -18 -18 -18 -18 -17.9756 -17 -16.7051 -16 -15.2679 -14.6166 -13.7806 -12.8193 -11.9343 -11.099 -11 -11.0047 -11.7827 -12.1084 -12.3834 -12.3834 -13.0723 -13.3834 -14 -14.4416 -15 -15.1399 -15.3834 -15.3834 -15.2797 -14.4415 -14.3834 -13.3834 -13.3834 -13.3834 -13.3519 -13 -13
-15.7482 -15.7482 -15.7482 -16 -16 -16 -16 -16 -16.7482 -16.7482 -16.7482 -16.7482 -16.7482 -16.7482 -17 -17 -17 -17 -17 -17.7482 -17.7482 -17.7482 -17.7482 -17.7482 -17.7482 -17.7482 -17.7482 -17.7482 -17.7482 -17.7482 -17.7482 -17.7482 -17.7482 -17.7482 -17.7299 -17 -16.7051 -16 -15.4345 -15 -14.164 -13 -12 -11.4451 -11.2518 -11.261 -12 -12 -12 -12 -12.7482 -12.9556 -13.459 -14.0943 -15 -14.7482 -14 -14 -13.9319 -13.7482 -12.8637 -12.6162 -12 -12 -12 -12 -12
-15 -15 -15 -15.407 -16 -16 -16 -16 -16 -16 -16 -16 -16 -16 -16.3962 -17 -17 -17 -17 -17 -17 -17 -17 -17 -17 -17 -17 -17 -17 -17 -17 -17 -17 -17 -17 -17 -16.7051 -16 -15.4345 -15 -14.164 -13 -12 -12 -12 -12 -12 -12 -12 -12 -12 -12.093 -13.0518 -14.0943 -15 -14 -13.1129 -13.1129 -13.0824 -12.1964 -12.0518 -11.1129 -11.1129 -11.1129 -11.1129 -11.1129 -11.1129
-15 -15 -15.3637 -16 -16.505 -16.5223 -16.3984 -16 -16 -15.9253 -15.4777 -15.4777 -16 -16 -16 -16.456 -16.4777 -16.4777 -16.4777 -16.4777 -16.4777 -16.4777 -16.4777 -16.4777 -16.4777 -17 -17 -17 -17 -17 -17 -17 -17 -17 -17 -17 -16.7051 -16 -15.4345 -15 -14.164 -13 -12 -11.6126 -11.2976 -11 -11 -11 -11 -11.2643 -11.4777 -11.908 -12.2193 -13.045 -13.4777 -13.3034 -12.4777 -12.1742 -11.8587 -11.4777 -10.7174 -10.3934 -10 -10 -10.4777 -10.4777 -10.4777
-15.0671 -15.2089 -16.1097 -16.3846 -16.8424 -16.8424 -16.8424 -16.1074 -15.8424 -15 -15 -15 -15.1987 -16 -16 -16 -16 -15.8424 -15.8424 -15.8424 -15.8424 -15.8424 -15.8424 -16 -16 -16.2587 -16.9909 -17 -17 -17 -17 -17 -17 -17 -17 -17 -16.7051 -16 -15.4345 -15 -14.164 -13 -11.9103 -11.0407 -10.623 -10 -10 -10 -10 -10.5533 -11 -11 -12 -11.8424 -11.8424 -11.8424 -11.8424 -11.3072 -10.9574 -10.0793 -10 -9 -9 -9 -9.0692 -9.8424 -9.8424
-15.881 -16.7929 -16.9371 -16.6685 -16 -15.2072 -15.2072 -15.2072 -15 -15 -15 -15.3279 -16 -16 -16 -15.2432 -15.2072 -15 -15 -15 -15 -15 -15 -15.2072 -15.2072 -16 -16.1952 -16.2071 -16.2071 -16.2071 -16.2071 -16.2071 -16.2071 -16.2071 -16.2071 -16.2071 -16.1461 -16 -15.4345 -15 -14.164 -13 -12 -11.2583 -10.9219 -10.7928 -10.7928 -10.7928 -10.7928 -10.9075 -11.1495 -11.7928 -11.2072 -10.9252 -10.2072 -10.2072 -10.2072 -10.2072 -10.1511 -10 -10 -9 -9 -8.6457 -9 -9 -9
-17 -17.0349 -17.2738 -16.2404 -14.6052 -13.7423 -13.1357 -13.9454 -14 -14.6331 -15 -15.5719 -15.5719 -15.5719 -15.2526 -14.5719 -13.9821 -13.5719 -13.5719 -13.5719 -13.5719 -13.5719 -13.5719 -14.0209 -14.5719 -15.1756 -15.5719 -16 -16 -16 -16 -16 -16 -16 -16 -16 -16 -16 -15.4345 -14.9141 -14.0938 -13 -12.3825 -12 -11.2667 -11 -11 -11 -11 -11 -12 -11.6473 -11 -10 -9.2704 -9 -9 -9.5719 -9.5719 -9.5719 -9.5719 -8.9245 -8.5719 -8 -8 -8 -8
-16.5743 -15.8757 -14.8925 -14.5628 -13.9366 -13 -13 -13 -13.4756 -14 -14 -13.9366 -13.9366 -13.8933 -12.9366 -12.8762 -11.9366 -11.8733 -11.8733 -11.9047 -11.9366 -11.9366 -12.9366 -12.939 -13.6293 -13.9561 -14.8827 -14.9732 -15 -15 -15 -15 -15 -15 -15 -15 -15 -15 -15 -14.7486 -14 -13 -12.8935 -12 -12 -12 -12 -12 -12 -12 -11 -11 -11 -10.0574 -10 -9.0402 -9 -8.9597 -8.9366 -8.0308 -7.9366 -7.9366 -7.9366 -8 -8 -8 -7.9777
-16.1731 -14.939 -13.3038 -13 -13 -13 -13 -13 -13 -13.3014 -13.3014 -12.7111 -12.3014 -11.6173 -11.3014 -10.3468 -10.3014 -9.3014 -9.3014 -9.797 -10.3014 -10.3014 -11.3014 -12.011 -12.3014 -13.0926 -13.3014 -14.1741 -14.4501 -15 -15 -15 -15 -15 -15 -15 -15 -15 -14.605 -14 -13.416 -13 -12.8935 -12 -12 -12 -12 -12 -12 -12 -11 -11 -11 -10.273 -10 -9.1914 -8.9999 -8.1099 -8 -7.0942 -7 -7 -7.567 -8 -8 -8 -7.6474
-15.3826 -15 -14.5362 -13.7792 -13.0111 -12.799 -12 -12 -12.3382 -12.6661 -12.1477 -11.6661 -10.9837 -10.6661 -9.8934 -9.6661 -9 -8.6661 -8.6661 -8.6661 -8.6661 -8.9219 -9.6661 -10.6661 -11.338 -11.7687 -12.6277 -12.859 -13.6661 -13.9493 -14 -14 -14 -14 -14 -14 -14 -14 -14 -13.5324 -13 -13 -13 -13 -13 -12.9878 -12 -12 -12 -12 -11 -11 -10.3603 -9.9685 -9.1801 -8.8782 -8 -8 -8 -8 -8 -8 -8 -8 -8 -8 -7
-15 -14.9409 -14.0309 -13.6788 -13.001 -12.398 -12 -12 -12 -12 -12 -11 -10.9985 -10.3062 -9.9901 -9.0441 -8.4284 -8 -8 -8 -8 -8.0236 -8.4198 -9.0663 -10.6719 -11.0095 -11.9441 -12.5776 -13 -13.0262 -14 -14 -14 -14 -14 -14 -14 -14 -13.0309 -13 -13 -13 -13 -13 -13 -12.9878 -12 -12 -12 -11.0309 -10.8173 -10.0309 -9.5551 -9.028 -9 -8.0196 -8 -8 -8 -8 -8 -8 -8 -8 -8 -7.3048 -6.6582
-14.5743 -13.3956 -12.6994 -12.3956 -12.0132 -12.602 -13 -13 -12.7991 -12 -12 -12 -11.5749 -11 -10.4114 -10 -9 -8 -7.48 -7 -6.9209 -6.8586 -7.6382 -9.0145 -9.8017 -11 -11.9424 -12.5776 -13 -13 -13 -13 -13 -13 -13 -13 -13 -12.4378 -12.3956 -12 -12 -12 -12 -12 -12 -12 -11.6087 -11 -10.4452 -10.1767 -9.3956 -9.0697 -8.3956 -8.3956 -8.107 -8 -8 -8 -8 -8 -8 -8 -8 -7.2188 -6.9504 -6.3956 -5.7869
-14 -13 -12.4706 -12.2396 -12.2396 -13 -13 -13 -13 -12 -12 -11.7604 -11 -11 -10.5176 -9.7712 -8.8587 -8 -7.1397 -7 -6 -6 -7 -7.797 -8.7604 -9.7604 -10.7027 -11.7604 -11.7604 -11.9636 -12.3676 -12.7604 -12.7604 -12.7604 -12.7604 -12.7604 -12 -11.7771 -11.7604 -11.7604 -11.7604 -11.8733 -12 -12 -12 -11.751 -10.8448 -10 -10 -9.3397 -9 -9 -8 -8 -7.8252 -7.7604 -7.7604 -7.7604 -7.7604 -7.7604 -7.7604 -7.7604 -7.1432 -7 -6.9179 -6 -5.6474
-14 -13.8216 -13 -13 -13 -13 -13 -13 -13 -12 -11.3191 -10.6382 -10.1678 -11 -9.7207 -8.1705 -8.0513 -8 -7.1397 -7 -6 -6 -6.1251 -6.1617 -7.1251 -8.1251 -9.0675 -10.1251 -10.3113 -11.1061 -11.1251 -11.1251 -11.1251 -11.1251 -11.1251 -11.1251 -11.1251 -11.0087 -11 -11 -11 -11.0589 -12 -12 -11.6702 -10.9893 -10.0441 -9.1251 -9.1251 -9 -9 -9 -8 -7.9175 -7.0338 -7 -7 -7 -7 -7 -7 -7 -7 -7 -6.9179 -6 -5.6474
-14 -13.9701 -13.5102 -13 -13 -13 -12.879 -12.4898 -11.2308 -9.9797 -9.2014 -7.5662 -7.0036 -7.4695 -6.9797 -6.5121 -7.0796 -7.4898 -7.0684 -7 -6 -6 -6.2047 -6.5281 -7 -8 -8.9424 -9 -9.5984 -10 -10.2368 -10.4898 -10.4898 -10.4898 -10.4898 -10.4898 -10.4898 -10.4898 -10.4898 -10.4898 -10.4898 -10.4898 -10.4898 -10.4898 -10.4898 -9.9938 -9.1727 -8.4898 -8.4898 -8.4898 -8.4898 -8.0863 -8 -7.9057 -7 -7 -6.4898 -6.4898 -6.4898 -6.4898 -6.4898 -6.4898 -6.4898 -6.4898 -6 -5.634 -5.3171
-14 -14 -14 -13.5713 -13 -13 -12.7628 -11.0006 -9.3468 -7.5662 -5.1526 -3.2956 -2.7508 -3.6632 -3.8546 -3.9934 -5.5898 -7 -7 -7 -6.1264 -6.1114 -7 -7.0053 -7.7196 -8.2625 -8.9916 -9 -9 -9 -9 -9 -9 -9 -9 -9 -9 -9 -9 -9 -9 -9 -9 -9 -9 -8.8546 -8.3012 -8 -8 -8 -8 -8 -7.9332 -7.774 -7 -6.5428 -6 -6 -6 -6 -6 -6 -6 -6 -5.7844 -5 -5
-13.6677 -13.2193 -13.2193 -13 -13 -13 -12.5776 -10.1555 -7.3152 -4.2956 9.3779 6.4624 6.3941 -1.15 -1.6879 -3.1739 -5.5898 -7 -7 -7 -6.9713 -6.9487 -7.3133 -7.7887 -8 -8 -8.2067 -8.2193 -8.2193 -8.2193 -8.2193 -8.2193 -8.2193 -8.2193 -8.2193 -8.2193 -8.2193 -8.2193 -8.2193 -8.2193 -8.2193 -8.2193 -8.2193 -8.2193 -8.2193 -7.9904 -7.2193 -7.2193 -7.2193 -7.2193 -7.2193 -7.2193 -7.1186 -7 -6.4305 -6 -6 -6 -6 -6 -5.2193 -5.2193 -5.2193 -5.2193 -5 -4.44 -4.2193
-13 -13 -13 -13 -13 -12.7496 -12.1096 -8.8391 -5.3574 6.2816 8.807 12.0401 8.3614 4 -1.1865 -2.1416 -4.5184 -6.1681 -6.526 -6.5841 -6.7149 -7.5841 -7.5841 -7.5841 -7.5841 -7.4563 -6.6177 -6.5841 -6.5841 -6.5841 -7 -7.5841 -7.5841 -7.5841 -7.5841 -7.5841 -7.5841 -6.6539 -6.5841 -6.6676 -7.4883 -7.5841 -7.5841 -7.5841 -7.3639 -6.5841 -6.2059 -6 -6 -5.7699 -5.5841 -5.5841 -5.5841 -5.5841 -5.5841 -5.5841 -5.5841 -5.5841 -5.5841 -5.055 -4.5841 -4.5841 -4.5841 -4.3231 -4 -3.7016 -3.5841
