MapLib/Lvl1_5x5/BG/Ele_BG_EE.asc
ncols         557
nrows         557
xllcorner     2227500
yllcorner     3894669.448
cellsize      1000
nodata_value  -9999.0
[rows 486 to 512 of 557, columns 122 to 182 of 557]
-2940.5393 -2960.4597 -2955.5681 -3030.6355 -3203.5835 -3364.8401 -3511.6389 -3556.8708 -3557.4944 -3583.1726 -3613.2024 -3622.2849 -3626.894 -3623.9431 -3623.9089 -3628.2068 -3649.2629 -3690.1694 -3706.9153 -3706.6648 -3707.3616 -3708.1362 -3703.8713 -3698.5562 -3690.6226 -3680.0588 -3660.4495 -3646.7007 -3645.877 -3646.4795 -3648.2329 -3661.7754 -3683.8091 -3694.7856 -3702.0498 -3780.0967 -3851.626 -3834.0359 -3807.3765 -3773.9929 -3749.2891 -3738.8293 -3774.9644 -3857.5342 -3811.4905 -3691.1499 -3670.2798 -3678.9871 -3691.3625 -3702.6931 -3708.2356 -3706.8335 -3690.741 -3678.2578 -3676.0862 -3682.9436 -3699.9375 -3725.3352 -3753.2976 -3742.1252 -3721.1677
-2923.8547 -2937.6619 -2933.5322 -2970.636 -3059.375 -3217.4575 -3415.7971 -3504.5735 -3540.8235 -3563.7053 -3581.7253 -3598.6694 -3612.9038 -3615.8318 -3617.9941 -3616.3264 -3631.1802 -3666.7927 -3687.9138 -3699.2261 -3694.6211 -3684.3828 -3696.8501 -3712.1179 -3707.9863 -3699.9048 -3677.0112 -3659.7712 -3653.4722 -3651.8352 -3656.6084 -3669.7881 -3687.0178 -3691.5676 -3691.5925 -3745.9946 -3795.4043 -3769.8899 -3737.4072 -3704.7024 -3682.0779 -3677.1274 -3712.0752 -3788.3252 -3760.0015 -3669.6851 -3651.5884 -3654.5723 -3660.9099 -3668.7705 -3675.604 -3676.145 -3662.4475 -3653.8608 -3658.9399 -3672.5161 -3694.8298 -3715.4517 -3732.8176 -3729.1636 -3719.3789
-2921.5376 -2931.697 -2920.4819 -2921.324 -2937.2061 -3082.3643 -3310.9299 -3447.5088 -3533.0017 -3554.8025 -3559.4905 -3581.6443 -3603.4543 -3610.9067 -3612.8667 -3605.2361 -3607.6353 -3621.6807 -3647.1436 -3678.7183 -3685.6199 -3684.3438 -3710.9846 -3741.3384 -3730.7795 -3717.4731 -3695.6746 -3676.1494 -3661.9197 -3658.625 -3666.5771 -3676.1165 -3686.0706 -3683.8418 -3677.5261 -3694.1631 -3707.3076 -3680.1555 -3658.0674 -3659.3945 -3665.1946 -3675.4504 -3696.6768 -3728.0728 -3707.8047 -3657.0562 -3637.8149 -3629.9006 -3631.7644 -3635.2051 -3638.5728 -3639.5959 -3635.6755 -3638.124 -3654.2769 -3673.2021 -3695.1665 -3704.1228 -3705.5525 -3709.8938 -3716.4109
-2912.158 -2917.9822 -2907.5374 -2904.8188 -2911.3638 -3018.3054 -3192.5271 -3358.2351 -3504.4805 -3548.1187 -3560.9277 -3580.6953 -3598.5996 -3605.8262 -3609.0251 -3604.4194 -3603.7842 -3610.0649 -3631.4797 -3663.9243 -3678.8086 -3687.4263 -3712.8269 -3739.7302 -3739.0005 -3736.1357 -3723.7236 -3709.5806 -3691.5344 -3681.5901 -3679.4072 -3684.9763 -3695.8027 -3687.8247 -3673.4268 -3670.6826 -3665.7527 -3643.1545 -3627.3472 -3635.8379 -3646.1848 -3657.4817 -3670.5356 -3683.927 -3674.9187 -3651.7395 -3638.2529 -3629.0154 -3626.4421 -3625.4292 -3622.4724 -3620.5134 -3620.3936 -3624.5366 -3637.0188 -3654.9414 -3678.6265 -3688.5276 -3691.1934 -3700.4626 -3712.5298
-2903.4495 -2905.092 -2899.4993 -2905.355 -2925.0293 -2982.782 -3073.0388 -3257.5698 -3466.3953 -3541.1196 -3571.2405 -3584.5173 -3594.6904 -3600.8259 -3604.9319 -3606.3167 -3608.2188 -3611.8818 -3627.4255 -3651.8157 -3671.8059 -3690.9626 -3708.4846 -3726.0957 -3740.2815 -3752.0671 -3751.6785 -3745.0999 -3726.9387 -3709.7776 -3694.0222 -3694.9346 -3705.1924 -3692.7214 -3672.8518 -3657.6921 -3642.6836 -3626.8389 -3615.9082 -3619.8821 -3626.2085 -3634.6604 -3642.2314 -3648.9644 -3650.0896 -3647.915 -3641.5361 -3634.8184 -3630.1438 -3624.5784 -3615.4185 -3609.0649 -3610.7534 -3613.6807 -3617.1343 -3631.1719 -3656.8896 -3672.219 -3682.4355 -3694.4988 -3708.3928
-2922.1899 -2934.2734 -2938.9492 -2945.1245 -2953.3418 -2965.3689 -2989.6519 -3172.4133 -3410.585 -3520.2646 -3579.3721 -3586.8088 -3587.1687 -3592.4194 -3598.4524 -3607.6541 -3616.4194 -3625.2966 -3637.7349 -3651.7183 -3665.4258 -3678.9658 -3691.4197 -3704.6326 -3726.5181 -3745.1079 -3750.1189 -3751.6646 -3747.2209 -3733.0696 -3708.5483 -3694.8137 -3688.0044 -3676.8877 -3664.1943 -3647.3499 -3629.7532 -3616.9521 -3607.1929 -3607.5471 -3611.9275 -3622.0115 -3631.3442 -3639.1484 -3640.0232 -3637.5442 -3627.6536 -3617.4478 -3624.9143 -3630.6941 -3617.4629 -3606.2214 -3608.5547 -3612.0554 -3615.6797 -3629.7712 -3653.9634 -3671.1555 -3684.05 -3693.7671 -3703.2263
-2941.0081 -2965.8181 -2979.5713 -2986.4204 -2984.0581 -2956.1387 -2923.4075 -3096.5742 -3348.5803 -3490.8101 -3581.0056 -3584.9509 -3578.0813 -3582.8545 -3590.4973 -3606.8396 -3622.1826 -3638.2158 -3646.5691 -3651.2773 -3656.2576 -3662.8069 -3669.6882 -3678.8369 -3705.2537 -3729.2107 -3736.5137 -3746.0688 -3760.1208 -3751.4307 -3720.1479 -3691.2441 -3665.1089 -3656.0789 -3652.1135 -3635.5435 -3618.4492 -3607.8574 -3600.5251 -3596.8855 -3599.843 -3612.2168 -3623.2615 -3634.0327 -3632.4812 -3623.3765 -3609.8381 -3597.7236 -3618.4111 -3637.0264 -3620.3486 -3604.9902 -3608.1646 -3613.0444 -3616.9744 -3630.1157 -3652.0842 -3670.0835 -3684.2007 -3691.5095 -3696.4231
-2918.0681 -2937.1304 -2957.1787 -2978.5647 -3004.1958 -2992.0183 -2963.2031 -3077.6379 -3254.8687 -3405.7554 -3528.3972 -3548.7725 -3554.0635 -3565.6367 -3576.7681 -3588.2563 -3602.9246 -3620.2732 -3626.0408 -3623.3386 -3625.1577 -3629.6238 -3629.5173 -3629.0144 -3645.7783 -3660.7036 -3665.7268 -3682.4871 -3721.636 -3728.2329 -3697.9368 -3667.6492 -3638.0332 -3624.9348 -3617.2778 -3607.0127 -3598.2593 -3602.6567 -3605.4036 -3602.6387 -3602.9902 -3608.2295 -3617.7632 -3631.5259 -3619.1746 -3591.3672 -3589.8535 -3596.4082 -3615.0989 -3629.5042 -3616.3972 -3605.8142 -3614.7183 -3620.5012 -3618.0151 -3619.9639 -3626.5784 -3643.0981 -3663.2986 -3669.1855 -3669.8542
-2899.8384 -2915.0947 -2935.7727 -2966.6006 -3011.2712 -3014.5923 -2995.7039 -3060.7329 -3170.2766 -3318.4695 -3459.2561 -3504.2876 -3531.4402 -3547.6475 -3561.9578 -3571.4487 -3586.3042 -3607.3574 -3610.8569 -3602.9915 -3601.8198 -3603.5186 -3597.1223 -3589.8599 -3598.0505 -3605.2505 -3610.4736 -3630.5703 -3682.4795 -3698.166 -3673.5974 -3644.9148 -3614.6597 -3600.1038 -3590.0325 -3585.3914 -3583.6563 -3595.0464 -3604.6487 -3602.7668 -3601.6211 -3602.8997 -3612.0063 -3628.1006 -3610.5779 -3573.8962 -3581.1243 -3600.1802 -3615.7791 -3625.3311 -3614.5088 -3607.1533 -3617.9893 -3623.0242 -3615.7393 -3610.321 -3605.8535 -3619.8181 -3643.0061 -3651.231 -3653.9001
-2900.4211 -2910.2378 -2917.0129 -2937.949 -2976.6157 -2996.791 -3007.1506 -3049.8958 -3114.3 -3221.9736 -3338.5652 -3433.0442 -3510.3389 -3526.3892 -3542.5969 -3558.6331 -3580.2048 -3608.1135 -3615.7627 -3607.0667 -3600.8376 -3595.7112 -3591.3638 -3587.2654 -3588.2009 -3590.7888 -3603.3962 -3618.2593 -3638.2874 -3646.7214 -3640.7083 -3625.5693 -3605.3135 -3594.6987 -3587.3838 -3585.4509 -3584.6909 -3584.6228 -3584.6555 -3586.0847 -3588.3269 -3592.8396 -3602.9329 -3619.1921 -3616.2175 -3600.9285 -3609.5039 -3622.7664 -3628.9578 -3630.2944 -3618.6624 -3608.6936 -3611.1792 -3610.657 -3603.1394 -3599.355 -3597.5615 -3606.3145 -3621.6348 -3645.3823 -3670.6924
-2898.4487 -2909.5696 -2908.8655 -2923.0244 -2956.9666 -2988.2161 -3016.8669 -3038.5242 -3062.511 -3130.7136 -3218.9436 -3336.4604 -3441.3508 -3470.167 -3497.5667 -3525.0471 -3559.1799 -3600.0532 -3614.9229 -3610.0242 -3601.179 -3591.6882 -3588.5171 -3586.0527 -3583.3828 -3583.3418 -3595.2913 -3606.0317 -3614.2927 -3621.1355 -3627.1611 -3619.9553 -3605.2378 -3598.9932 -3594.6536 -3591.8279 -3588.8696 -3578.4692 -3572.2224 -3577.075 -3581.6252 -3584.6619 -3592.9739 -3606.2395 -3612.406 -3614.6743 -3621.0247 -3627.8845 -3629.5261 -3627.4626 -3617.3618 -3607.8345 -3604.6082 -3600.2908 -3593.395 -3591.5334 -3594.5012 -3599.5693 -3607.9954 -3643.4431 -3684.9395
-2895.2285 -2914.4365 -2916.3203 -2930.7744 -2962.3003 -2994.3276 -3025.5903 -3026.0647 -3017.061 -3048.749 -3101.7578 -3200.5288 -3298.6296 -3356.8799 -3411.657 -3458.5725 -3513.6223 -3577.1865 -3606.4265 -3609.7002 -3602.8037 -3592.8289 -3588.8433 -3587.208 -3586.4519 -3585.7671 -3586.2656 -3595.2461 -3621.9731 -3638.8467 -3644.873 -3637.2996 -3621.7336 -3617.9114 -3617.2893 -3608.8342 -3598.7244 -3581.6541 -3570.9783 -3581.3013 -3585.8989 -3579.8425 -3578.9431 -3586.3835 -3594.7256 -3603.6335 -3605.3093 -3604.8159 -3608.4297 -3611.3752 -3606.6453 -3602.177 -3598.7024 -3594.385 -3587.844 -3589.5181 -3599.1304 -3603.0632 -3606.9954 -3646.8438 -3694.3325
-2898.5244 -2923.3628 -2923.1646 -2935.676 -2961.8665 -2996.1162 -3031.8853 -3025.5996 -3004.2781 -3011.1003 -3035.3975 -3103.7659 -3177.666 -3243.2935 -3305.5527 -3363.2512 -3437.406 -3529.8245 -3574.7178 -3585.3777 -3591.9785 -3595.217 -3595.6001 -3595.2878 -3600.0906 -3604.4272 -3604.8132 -3613.3474 -3637.1982 -3647.7417 -3644.3171 -3635.1211 -3622.7373 -3620.7854 -3622.2903 -3614.6736 -3605.1108 -3586.6465 -3573.823 -3578.4932 -3580.2783 -3574.448 -3573.9666 -3580.7913 -3586.7703 -3592.3433 -3590.7979 -3587.9319 -3594.905 -3601.0554 -3600.2644 -3598.4854 -3595.4146 -3591.0784 -3583.2144 -3588.7314 -3607.6765 -3611.8035 -3610.8789 -3651.4595 -3701.6516
-2908.8547 -2935.0051 -2930.8594 -2937.1892 -2957.4055 -2992.4785 -3034.4958 -3037.0278 -3021.1907 -3014.1487 -3015.3164 -3043.0427 -3078.8296 -3128.5493 -3181.2876 -3240.4907 -3331.334 -3458.0967 -3521.2566 -3538.6731 -3567.5879 -3600.0442 -3607.9177 -3611.3779 -3623.738 -3636.2786 -3648.9961 -3657.9985 -3659.2832 -3648.6987 -3626.6252 -3615.0703 -3609.8762 -3608.8901 -3609.4199 -3609.9746 -3608.9717 -3593.644 -3579.1445 -3569.4873 -3565.2371 -3568.8904 -3576.6895 -3587.9541 -3587.5964 -3579.752 -3577.6812 -3578.2759 -3587.2378 -3596.4019 -3597.1113 -3596.3586 -3594.1675 -3589.4153 -3579.677 -3589.9114 -3619.8118 -3624.6748 -3618.7288 -3658.0005 -3708.3901
-2917.9827 -2947.4375 -2940.4302 -2942.4409 -2956.0161 -2984.2168 -3020.9226 -3024.4421 -3013.4143 -3006.1646 -3003.6587 -3015.1299 -3032.7634 -3068.8933 -3105.418 -3143.0332 -3222.1338 -3349.2554 -3427.189 -3470.6106 -3525.7952 -3584.634 -3603.6763 -3614.7012 -3634.3867 -3650.9329 -3655.9211 -3655.7251 -3644.3928 -3628.3933 -3608.688 -3603.7131 -3607.5039 -3600.8047 -3591.2205 -3601.6399 -3610.3018 -3587.3821 -3566.5317 -3561.2749 -3558.9578 -3559.8752 -3564.1028 -3570.9478 -3572.2371 -3569.6167 -3566.2778 -3563.9727 -3573.0549 -3582.0515 -3581.8391 -3582.512 -3589.6179 -3593.1506 -3587.052 -3598.563 -3625.8982 -3634.864 -3636.8616 -3674.7788 -3724.2126
-2926.7253 -2959.592 -2951.1621 -2949.05 -2955.6282 -2973.7131 -2998.8481 -3000.3267 -2992.8699 -2993.3848 -2996.4299 -3003.2771 -3013.2646 -3036.5188 -3053.6584 -3057.8342 -3110.8228 -3221.0908 -3313 -3391.7461 -3475.3123 -3558.25 -3590.8162 -3612.8101 -3637.9875 -3655.9194 -3644.2185 -3630.3457 -3611.7351 -3597.8979 -3589.5872 -3595.8491 -3610.3362 -3594.9319 -3570.418 -3591.7366 -3610.2654 -3573.1248 -3545.7031 -3554.2795 -3557.9231 -3549.0803 -3543.3918 -3541.7957 -3548.0796 -3559.3257 -3554.8831 -3546.5481 -3555.0671 -3563.2749 -3560.3884 -3562.6189 -3582.98 -3598.188 -3600.9451 -3610.7078 -3628.6609 -3643.9839 -3658.7729 -3696.5769 -3744.4646
-2913.0615 -2949.3103 -2966.2976 -2967.2539 -2948.7163 -2953.6987 -2974.7473 -2976.8235 -2970.6357 -2965.5007 -2963.4087 -2975.647 -2989.5647 -3002.0088 -3006.9587 -2996.8022 -3014.1125 -3064.6831 -3133.9548 -3220.1477 -3337.9395 -3465.4114 -3519.4114 -3556.8901 -3572.1064 -3585.1104 -3591.9033 -3598.5205 -3604.4043 -3601.9429 -3591.7808 -3585.7969 -3582.2805 -3566.1772 -3545.3347 -3556.8889 -3566.9058 -3540.7681 -3522.7236 -3535.6631 -3540.2034 -3526.0061 -3520.1599 -3523.1748 -3532.9546 -3546.7305 -3540.6113 -3529.563 -3532.5947 -3538.3164 -3545.7585 -3555.4836 -3570.2759 -3585.3542 -3599.6633 -3615.3921 -3631.9919 -3650.3042 -3671.2234 -3719.2925 -3779.428
-2894.6187 -2932.8992 -2982.6145 -2987.9937 -2939.2109 -2931.572 -2950.2185 -2952.8157 -2948.0132 -2934.5623 -2923.9441 -2944.4182 -2964.9778 -2966.9285 -2961.4268 -2941.0181 -2920.573 -2901.4705 -2941.2021 -3027.217 -3181.1228 -3357.572 -3435.3254 -3489.5083 -3490.7288 -3496.7488 -3530.8489 -3565.9478 -3603.1304 -3614.1182 -3597.8196 -3574.2971 -3546.7141 -3532.0767 -3519.6082 -3517.1768 -3514.124 -3503.3206 -3499.1624 -3514.6172 -3518.832 -3500.8225 -3496.4675 -3507.8279 -3519.8726 -3533.6484 -3525.5193 -3512.5176 -3509.3665 -3512.5701 -3532.8848 -3551.3108 -3556.29 -3568.5203 -3595.2371 -3617.9143 -3635.1926 -3655.2937 -3680.5093 -3742.8621 -3816.9417
-2881.9229 -2903.678 -2937.1653 -2958.2759 -2963.2336 -2967.9644 -2970.8555 -2960.4866 -2943.6343 -2926.7517 -2914.3362 -2925.676 -2939.8911 -2947.5332 -2946.7424 -2928.9358 -2916.2986 -2911.0264 -2936.2871 -2986.6985 -3092.1074 -3218.0251 -3285.3181 -3337.0049 -3347.0515 -3358.2988 -3378.8481 -3427.95 -3535.1704 -3591.3738 -3591.1775 -3565.7458 -3526.0725 -3515.6296 -3514.783 -3510.5955 -3505.7605 -3499.9082 -3496.3711 -3499.3311 -3496.4314 -3482.8193 -3481.686 -3493.7314 -3500.6384 -3502.5361 -3503.8674 -3505.0798 -3507.1316 -3512.9622 -3533.1946 -3551.7761 -3561.5164 -3573.1079 -3589.6484 -3608.5481 -3629.624 -3651.0405 -3676.377 -3745.5166 -3830.1914
-2873.177 -2880.2197 -2896.0786 -2929.3975 -2985.4526 -3002.4683 -2991.4919 -2969.3179 -2943.4846 -2924.1162 -2910.4121 -2910.9485 -2916.5989 -2930.0154 -2935.384 -2924.0984 -2922.2556 -2931.498 -2944.3032 -2961.6006 -3019.813 -3094.8259 -3148.2446 -3196.3027 -3213.1724 -3227.6692 -3235.8455 -3297.3303 -3466.9673 -3563.9683 -3581.614 -3560.4934 -3516.0754 -3512.6499 -3522.198 -3512.3613 -3501.6018 -3497.7371 -3493.6304 -3486.0317 -3477.4304 -3467.8538 -3469.0198 -3481.512 -3482.6028 -3476.2046 -3485.7605 -3498.7288 -3506.6443 -3514.9653 -3532.554 -3550.1868 -3566.0239 -3578.3435 -3585.1248 -3598.6406 -3619.7156 -3640.2766 -3664.8647 -3736.124 -3824.5623
-2889.8406 -2890.2344 -2892.1909 -2923.2664 -2991.2346 -3011.7378 -2999.9402 -2982.4653 -2963.2905 -2949.6646 -2935.1968 -2915.814 -2902.0986 -2917.936 -2934.7615 -2950.8862 -2966.6162 -2980.7026 -2986.3499 -2988.7351 -3022.3079 -3069.1812 -3106.4429 -3139.8154 -3149.1226 -3157.8574 -3166.7144 -3231.4392 -3412.4031 -3524.5518 -3560.916 -3573.1968 -3571.8042 -3580.5095 -3592.7317 -3551.0508 -3508.3125 -3495.9224 -3487.4478 -3484.9368 -3479.9568 -3470.3801 -3468.1541 -3475.1563 -3477.3357 -3476.9038 -3487.9717 -3501.8416 -3509.1707 -3516.2991 -3526.1799 -3540.0444 -3562.6765 -3579.0911 -3584.9387 -3588.9536 -3591.0078 -3599.7498 -3614.2358 -3660.4539 -3718.4146
-2903.4109 -2900.6563 -2893.8342 -2922.8701 -2995.9463 -3016.4111 -3001.3711 -2987.8923 -2975.8596 -2966.113 -2954.4744 -2926.1189 -2902.2529 -2913.7693 -2932.8857 -2968.8616 -2994.7834 -3009.1799 -3010.6787 -3004.8606 -3024.4819 -3055.1926 -3080.9568 -3104.52 -3109.0447 -3113.7188 -3124.3801 -3190.8254 -3371.98 -3488.7217 -3535.1973 -3574.0151 -3607.3022 -3624.0005 -3635.8127 -3572.366 -3508.0854 -3489.5293 -3479.0496 -3481.04 -3479.3081 -3470.5137 -3466.9998 -3469.7627 -3473.1782 -3477.2729 -3489.6409 -3503.8364 -3508.9983 -3512.7373 -3517.616 -3528.9412 -3556.1187 -3577.4385 -3582.6909 -3580.8123 -3571.4211 -3572.0813 -3580.1863 -3603.7751 -3632.5049
-2908.4849 -2907.6548 -2904.8201 -2932.9912 -3001.1436 -3012.0735 -2985.8015 -2974.2432 -2968.4243 -2962.2268 -2954.7283 -2946.7158 -2937.835 -2925.5925 -2927.4431 -2959.7412 -2980.9666 -2987.2798 -2988.9292 -2987.4036 -3015.5676 -3056.228 -3084.9336 -3110.2881 -3116.8696 -3124.8167 -3140.5793 -3203.106 -3362.2275 -3463.4353 -3499.9893 -3542.0886 -3587.9807 -3601.4868 -3605.4897 -3547.7588 -3489.4084 -3473.6257 -3466.1201 -3470.2583 -3470.8208 -3465.8816 -3463.7065 -3465.0776 -3468.0154 -3471.3979 -3486.4678 -3502.3552 -3501.4351 -3498.1118 -3501.8987 -3514.3335 -3544.6321 -3568.1279 -3575.4854 -3577.7759 -3573.5127 -3579.377 -3590.394 -3598.6033 -3605.4263
-2915.4983 -2914.9841 -2914.0603 -2940.5723 -3000.1812 -3010.4685 -2988.5942 -2975.1155 -2966.2693 -2962.2744 -2961.0574 -2967.2695 -2968.2002 -2940.7747 -2930.5005 -2956.7776 -2972.9324 -2976.7478 -2976.9646 -2977.3604 -3004.8738 -3043.7827 -3078.7114 -3111.9243 -3130.698 -3149.6606 -3169.405 -3224.8638 -3351.1038 -3431.0242 -3459.6653 -3502.4102 -3554.5449 -3564.269 -3560.9812 -3518.105 -3475.29 -3463.4536 -3457.0012 -3459.4014 -3459.2505 -3454.115 -3453.2915 -3455.8975 -3459.0964 -3462.5081 -3479.801 -3498.6912 -3499.4956 -3498.1716 -3500.5403 -3510.9688 -3540.8445 -3563.9138 -3572.0901 -3577.4995 -3581.22 -3589.1938 -3598.353 -3591.7063 -3580.7676
-2925.0085 -2921.7427 -2922.1604 -2943.3438 -2990.4033 -3013.0354 -3017.397 -2997.8469 -2971.2305 -2969.9973 -2976.8977 -2986.241 -2988.6521 -2958.8838 -2944.2283 -2962.9849 -2976.1641 -2983.1033 -2983.2405 -2979.9292 -2991.2351 -3011.4072 -3056.053 -3105.2422 -3148.4924 -3188.1179 -3213.6836 -3256.748 -3334.8225 -3387.9617 -3412.8909 -3453.5447 -3504.7786 -3510.4871 -3501.2847 -3485.3 -3469.1208 -3460.8394 -3454.1514 -3449.4854 -3443.3896 -3434.467 -3434.0032 -3442.7551 -3447.2815 -3449.0444 -3467.2883 -3489.772 -3506.2129 -3517.6523 -3516.5339 -3521.7673 -3547.5916 -3567.3931 -3574.0669 -3583.0088 -3594.4124 -3599.854 -3599.9751 -3580.2817 -3555.605
-2930.3621 -2928.2788 -2928.2021 -2943.3843 -2978.0698 -3001.8948 -3017.3672 -3009.5942 -2991.8857 -2989.467 -2993.8071 -3000.7517 -3003.3369 -2982.1938 -2971.0569 -2981.3621 -2989.9836 -2997.1062 -2995.5833 -2989.3708 -2990.6992 -2999.0422 -3041.9307 -3092.1379 -3144.2744 -3191.4338 -3216.6138 -3251.1379 -3303.9058 -3345.5215 -3374.1614 -3417.457 -3469.9597 -3479.999 -3477.3435 -3479.2864 -3481.1533 -3481.7041 -3476.9094 -3457.1768 -3439.113 -3427.3728 -3427.3862 -3439.5688 -3444.1814 -3444.1348 -3460.312 -3480.1343 -3497.5693 -3511.2346 -3511.8958 -3518.1199 -3545.2056 -3565.8916 -3572.4326 -3580.3477 -3589.7185 -3595.4434 -3597.5862 -3578.252 -3553.5962
-2931.8533 -2934.7964 -2933.3711 -2941.9563 -2962.6421 -2979.2727 -2993.4575 -3010.6604 -3025.4888 -3019.8801 -3010.6443 -3010.4648 -3012.2002 -3010.4707 -3008.9099 -3009.8406 -3012.0288 -3016.4773 -3013.0164 -3005.0291 -3001.894 -3003.5237 -3035.0256 -3072.7632 -3120.7703 -3163.9604 -3184.3291 -3213.0325 -3260.7922 -3304.0647 -3343.0671 -3392.0847 -3447.4805 -3470.6758 -3483.4287 -3496.2197 -3509.1492 -3523.0703 -3521.9412 -3478.8623 -3444.9524 -3431.2026 -3431.3926 -3444.4746 -3448.0991 -3446.7439 -3456.5508 -3469.8208 -3476.3784 -3481.8 -3487.8613 -3501.4878 -3535.3901 -3560.2996 -3567.5269 -3570.2488 -3568.9233 -3578.7095 -3592.4917 -3585.1948 -3571.8833
