MapLib/Lvl1_5x5/BG/Ele_BG_DB.asc
ncols         557
nrows         557
xllcorner     556500
yllcorner     4451669.448
cellsize      1000
nodata_value  -9999.0
[rows 312 to 337 of 557, columns 472 to 530 of 557]
651.2064 740.5046 570.629 475.1114 461.1345 303.689 356.2801 491.7451 608.8068 456.4702 311.9424 253.1221 242.0962 186.3756 168.8824 178.188 225.705 138.6868 164.9689 111.5562 87.7081 101.9286 107.3003 93.7255 72.7945 82.2015 78.5622 71.696 59.6537 61.4145 48.6322 23.1804 19.0255 13.7619 12.402 2.4108 -5.5217 -16.6625 -28.6895 -44.3617 -60.3811 -78.1051 -91.7897 -100.8811 -118.1285 -140.1423 -203.0755 -277.3342 -344.56 -408.0831 -459.5982 -501.7776 -526.186 -549.2885 -574.2106 -593.139 -605.4669 -617.9866 -629.7146
802.473 664.6354 637.5096 648.5784 577.6981 414.5579 318.9042 414.2303 577.5945 422.7667 355.9418 466.4004 361.9135 280.2323 271.5887 111.4593 81.631 96.2001 63.6054 59.7045 75.3029 90.5208 68.5298 69.8933 51.451 53.7989 68.9049 60.6716 63.954 46.3127 41.6712 36.0798 17.6685 15.1665 17.7902 -1 -5.3438 -16.4839 -28.4285 -43.1458 -59.5953 -77.5831 -94.146 -109.3228 -131.4177 -158.145 -215.3624 -281.8053 -345.8106 -407.3932 -455.0455 -494.3257 -516.0912 -537.8455 -562.7747 -582.0377 -596.3388 -609.1415 -621.0228
715.8524 659.7167 587.3069 468.7588 570.0219 649.354 480.1587 456.8781 610.9974 536.8479 637.3046 688.9812 576.3915 494.7946 323.3308 217.8455 196.6672 216.0556 129.7986 56.375 48.6669 70.2924 83.5526 60.0841 36.7847 28.0899 54.1479 53.643 50.3076 34.4393 32.0889 18.0224 17.5806 9.3007 19.1508 -1.0345 -5.2947 -15.7906 -26.85 -41.5106 -57.3589 -74.2938 -95.9467 -122.0624 -154.0969 -189.9155 -236.6687 -286.7775 -347.7375 -407.5573 -450.3223 -484.6746 -504.0119 -523.6967 -547.272 -566.6896 -582.2879 -596.7316 -610.0334
1091.8936 1042.875 814.0461 547.3694 437.3096 556.8553 652.233 654.0031 707.7194 557.3781 450.995 436.4224 406.9299 365.0098 402.2886 248.8956 182.6831 139.518 94.9064 59.1309 35.338 46.8406 98.7058 83.9389 64.4942 48.3119 22.173 42.6773 39.5783 29.9143 17.1896 17.0303 26.6316 20.1219 8.5842 -1.4139 -5.2947 -15.2988 -26.0681 -39.9077 -54.7587 -70.6547 -97.289 -135.012 -178.5671 -225.7844 -261.9643 -295.5251 -351.544 -406.7728 -445.5514 -477.6323 -499.0614 -519.3116 -538.9211 -557.5967 -574.2791 -590.9094 -608.2228
1244.2722 1221.4594 856.1672 584.0834 396.5442 404.9376 525.1337 544.7881 642.6055 656.5898 564.0628 537.5424 460.8409 347.5391 243.1176 206.8265 169.2279 106.2799 98.5316 97.7872 66.5138 25.3593 26.1763 72.5584 69.5023 65.824 21.1426 16.6987 13.5593 12.7988 13.3777 10.329 10.1434 17.0305 10.3263 -1.8277 -5.2947 -14.864 -25.2031 -38.9021 -52.8123 -67.1083 -99.0614 -147.9978 -201.3373 -257.5148 -284.871 -303.4489 -354.6167 -406.4724 -441.8339 -472.8059 -497.3355 -518.7488 -535.899 -552.6824 -570.3585 -589.5197 -609.3093
1183.5587 1139.1971 739.9001 523.4542 462.1848 377.3188 365.3734 444.726 564.5232 496.1854 555.0797 652.7705 538.3202 439.1848 337.0836 191.7038 143.2858 98.1158 81.4122 92.0154 80.4739 60.699 33.5258 19.8094 44.9091 40.0827 32.9959 40.8736 34.3044 28.2001 16.6771 11.0038 11.859 -1 -1 -1.8277 -5.2461 -13.4327 -22.5787 -35.6608 -50.5068 -69.6782 -104.7763 -155.8258 -209.2988 -264.0559 -287.626 -303.0455 -352.2041 -403.7046 -443.6052 -479.3429 -506.3357 -529.0966 -546.7397 -564.0923 -580.4531 -598.5916 -617.1581
963.5356 1118.4448 975.0338 697.2545 789.9691 598.9595 358.8904 318.6404 458.3146 349.7745 466.5259 591.0497 461.41 350.1228 267.469 151.5793 122.5164 149.1032 144.0803 128.76 84.2722 63.874 52.177 23.7554 23.304 29.2452 27.9321 38.7472 34.8959 19.4634 11.4969 -1 -1 -1 9.3806 -1.4139 -5.2149 -12.5404 -20.613 -32.4184 -49.006 -73.1461 -110.2078 -160.9976 -211.4091 -261.2166 -284.9927 -301.0573 -350.3871 -401.8006 -446.7234 -486.8546 -514.9893 -538.9034 -558.0004 -574.9442 -590.4157 -606.9146 -624.4315
844.4027 880.6377 947.6223 893.0637 1035.3854 725.0858 529.8669 296.0421 311.5064 356.3179 330.6562 389.3832 435.6467 391.9637 221.8057 151.162 162.3381 123.6431 79.4469 94.6013 75.4303 92.7518 67.6145 33.4561 13.8261 18.6361 9.4701 21.9741 20.9865 13.8599 9.2964 -1 -1 2.7057 11.0205 -1.4139 -5.2456 -12.7375 -20.4141 -31.6842 -48.289 -73.866 -110.9951 -160.1157 -205.4007 -248.2787 -277.7801 -303.3405 -353.0296 -404.128 -449.6703 -489.3506 -517.4116 -540.1818 -558.0614 -574.4326 -588.2689 -604.7652 -621.6788
714.8112 828.8532 664.4349 682.2718 884.9202 674.9833 447.6299 364.8402 351.3438 250.919 216.1836 232.6117 305.9745 309.2158 216.3709 132.5571 111.8847 77.5464 65.4968 58.6463 54.6493 62.6409 52.7571 43.7433 37.6077 17.0123 14.7317 13.5742 14.9859 17.4975 11.0042 12.2662 11.2791 13.3091 7.631 -1.7842 -6.0965 -13.3499 -21.8127 -32.5791 -49.2752 -75.703 -112.8882 -161.1713 -204.0553 -244.7649 -282.2921 -318.3278 -363.1365 -408.6381 -452.243 -490.4034 -516.1349 -537.4969 -554.6363 -570.3737 -584.9984 -601.4947 -618.4082
504.0724 514.7656 531.5541 468.7715 747.0647 731.1505 554.9196 332.8628 216.2244 266.3924 352.4686 229.9109 196.5105 196.7262 131.3926 92.5696 81.4837 70.0588 62.0241 56.0731 48.7832 38.0587 40.8717 33.0123 30.79 26.8746 20.713 15.8689 10.623 11.7633 14.3868 8.2154 7.1127 6.0232 -1 -3.3579 -7.7266 -14.952 -23.7676 -34.7658 -52.4056 -81.6613 -120.6099 -168.7651 -218.9849 -270.7441 -319.3613 -366.0374 -390.2601 -415.0291 -454.1013 -489.0566 -508.0988 -526.4705 -546.6529 -564.5363 -580.0674 -597.6137 -616.681
549.1783 647.41 620.4645 432.5086 421.0856 456.7387 431.146 265.861 182.423 219.0069 203.0704 224.0127 229.568 177.6497 114.0251 95.3664 90.238 75.1069 69.6944 63.2509 57.914 39.2984 26.868 26.3746 23.5553 19.1778 14.57 9.7515 8.4229 30.6057 23.1177 8.1168 7.2827 -2.3088 -3.2943 -6.2271 -9.7419 -17.9182 -27.2188 -39.346 -57.4497 -88.0725 -126.6177 -173.4648 -228.722 -287.718 -339.0564 -386.839 -406.0007 -425.0868 -457.1273 -485.8613 -501.4227 -518.8258 -541.1177 -561.2293 -578.7524 -598.2348 -618.05
809.8136 917.9705 719.0226 644.8051 495.1286 606.2764 724.8314 467.471 215.8451 224.6193 321.3914 294.6057 110.1117 114.6033 114.5144 104.814 91.9931 81.0771 71.6184 69.3518 62.7425 54.9874 48.9404 39.6294 30.5374 29.2896 16.366 16.6601 15.6375 16.9063 10.1613 7.528 5.6163 -4.0588 -6.38 -10.3123 -14.6477 -23.3719 -33.215 -46.6516 -65.9542 -95.2599 -131.7513 -174.2957 -228.1314 -289.1584 -328.9095 -361.8983 -401.9997 -439.8793 -461.7148 -480.4927 -496.6876 -515.4288 -539.4553 -562.3239 -583.2563 -604.2664 -625.4455
1233.1796 1030.1967 937.1981 917.676 814.0373 746.619 585.306 433.4957 490.9052 519.4576 372.4189 221.8954 141.1381 74.769 84.0736 81.7798 82.2737 87.4396 81.9097 77.1496 74.0453 55.2831 52.6615 35.9593 29.3303 19.4781 25.1385 14.0975 11.0003 11.9904 11.1248 3.6447 -3.4521 -6.6418 -9.4291 -14.5494 -19.5534 -28.4141 -38.3239 -53.3378 -72.9288 -99.7325 -130.4335 -165.6176 -218.3772 -282.4328 -318.7254 -346.8533 -399.8966 -450.0143 -469.9221 -484.9893 -495.2059 -512.0068 -539.4344 -564.5378 -587.006 -609.7609 -631.9915
1297.2128 1192.3242 1050.2865 801.8318 706.8524 547.2953 514.2463 489.1595 488.9209 341.5062 246.7045 120.8043 101.1915 66.3171 76.5032 72.8629 68.7711 67.0813 70.9781 60.7179 57.0394 49.9567 27.0508 21.7447 16.0869 17.3318 12.5026 19.9932 9.4612 7.7827 6.8238 -2.8169 -5.1586 -9.4393 -13.5494 -18.8691 -24.5339 -33.4623 -43.6235 -60.863 -79.576 -102.3531 -125.069 -148.6585 -200.2242 -268.9595 -309.5181 -341.2585 -399.5667 -455.8853 -482.4746 -498.5832 -498.2141 -509.2455 -540.0675 -569.0219 -591.9155 -614.7814 -637.5555
1364.8854 1218.1693 985.0674 783.457 616.231 463.0474 341.0706 315.5223 287.4606 228.2688 159.967 131.5014 82.1043 60.3972 58.1241 65.2355 63.6339 58.3351 51.5878 50.9075 50.382 47.2985 19.3561 12.8369 8.1371 11.9482 -1 11.0019 17.4664 9.9855 -2.1119 -5.7752 -9.1356 -13.5494 -18.4552 -24.4813 -31.19 -43.7955 -56.7416 -71.9389 -88.9067 -109.7162 -129.5667 -149.8962 -200.0414 -268.9471 -311.427 -346.8402 -400.7975 -453.6306 -483.9234 -505.6012 -513.1682 -526.7466 -554.0563 -580.0241 -602.9177 -623.4585 -642.6255
1512.6362 1226.6206 1025.8983 841.7188 635.6697 548.3136 431.8284 408.6437 365.7124 230.6525 132.2791 92.955 74.672 52.9746 38.4568 56.6435 52.0806 48.8284 46.9462 37.1704 38.491 44.2883 45.738 -1 -1 -1.0209 -1.3417 -1.5701 9 -2.1499 -6.1586 -9.7274 -13.3758 -18.5042 -24.2152 -31.0223 -38.2657 -56.1279 -73.2908 -85.418 -100.4738 -120.1739 -140.9223 -161.7071 -210.7055 -276.8953 -321.1097 -359.4263 -404.9808 -449.0349 -480.6326 -509.3675 -533.066 -554.2825 -573.8915 -594.0173 -616.3521 -633.1412 -646.4903
1377.2198 1282.7877 1188.4562 947.7611 586.9968 422.0297 478.0518 385.2805 309.6689 215.8283 101.5178 77.1629 69.1603 49.645 26.4294 47.221 41.8119 43.5372 39.0535 34.2933 32.7148 29.5655 45.6487 20.2616 7.7794 -1.0014 -1.023 -2.0154 -2.9448 -5.7471 -9.4291 -13.5725 -17.9471 -23.5043 -29.2667 -36.9907 -45.4973 -65.1046 -83.1297 -95.525 -111.1197 -133.9432 -159.3217 -186.5204 -234.4449 -295.0423 -340.7105 -381.556 -422.4751 -461.8728 -492.7142 -519.9012 -542.6945 -563.1587 -581.2869 -599.2914 -616.6176 -631.5886 -646.1958
1054.8843 997.9004 796.9067 750.9719 733.7251 432.4206 243.5774 198.3376 168.1632 159.1915 137.0853 67.8252 53.072 38.0622 22.2565 34.0933 30.6834 33.5286 29.3645 28.1571 27.0577 19.5739 37.9528 29.9643 11.7604 19.0225 11.6779 -1.8667 -5.1714 -9.0314 -13.5494 -17.9208 -22.361 -28.4101 -34.6492 -42.7716 -52.6506 -72.2736 -90.8139 -104.3125 -122.2482 -149.2545 -180.0556 -215.0126 -263.5309 -319.7637 -365.0838 -406.6597 -444.9047 -481.881 -509.2186 -533.0919 -548.7578 -566.1112 -586.2538 -602.2552 -613.3349 -628.5213 -645.8255
1118.5815 895.019 752.644 684.9012 479.1638 374.6567 363.8911 275.243 255.4444 389.3957 226.0624 118.3136 54.1749 41.6534 19.6563 13.7421 22.2774 22.6477 24.8154 21.2339 23.2043 15.3229 27.3721 29.219 13.3202 13.2409 -1.3448 -5.4061 -8.6766 -13.451 -18.514 -23.3925 -28.2667 -34.3159 -41.0496 -52.2369 -64.5572 -83.9449 -101.8566 -116.5739 -136.3045 -165.8354 -199.765 -237.4986 -291.0417 -353.8189 -397.3367 -434.2862 -469.9097 -503.3081 -527.8914 -548.937 -564.6415 -580.8457 -598.1813 -612.4464 -622.4446 -636.5311 -653.4108
1142.2208 976.4811 926.212 805.9482 696.1591 472.9971 366.2405 399.115 340.4989 477.7602 297.0933 140.9618 79.2688 46.1227 29.4216 18.0085 10.6178 10.3539 18.271 14.0477 15.4901 15.4611 14.5371 20.0921 13.322 9.1538 -3.8907 -9.4291 -12.6996 -17.1748 -23.5986 -29.1644 -34.0553 -40.2309 -47.6195 -61.9727 -76.7629 -95.6703 -114.3381 -130.4989 -151.6784 -184.1918 -220.1478 -260.1432 -318.6162 -389.2254 -429.7829 -461.8671 -494.0918 -523.9334 -545.9655 -565.2346 -581.9348 -597.446 -612.2379 -625.6588 -636.2245 -649.4503 -664.2354
1269.8259 1031.4923 895.8811 753.8604 641.5605 614.6474 476.4872 420.3743 445.3501 490.7133 369.81 213.5441 91.5454 54.0093 43.8364 36.2296 21.3488 10.1398 10.933 10.7545 12.313 11.2241 11.1172 11.9607 6.8352 -2.7379 -7.9794 -12.8715 -16.9543 -21.9633 -27.8718 -34.0453 -40.1044 -48.381 -58.183 -72.3508 -87.7229 -107.8385 -126.9879 -144.1876 -168.4689 -206.0431 -247.111 -292.2496 -350.8013 -418.238 -455.3103 -483.3799 -511.9674 -538.8071 -559.9449 -579.5017 -596.7943 -614.4349 -633.3058 -647.9661 -657.3869 -671.3489 -687.9435
1336.2046 1096.4352 845.8406 804.6971 716.1559 500.1626 342.0711 286.6433 266.1374 191.354 156.8418 118.2497 88.8307 46.0601 33.8242 30.701 29.1677 18.4608 11.041 8.2187 8.2043 8.6467 9.3982 -1.1212 -3.3119 -6.6531 -11.7027 -16.5576 -21.361 -26.7768 -32.4465 -39.2382 -46.46 -56.945 -68.5231 -82.5809 -97.1209 -119.0262 -140.5152 -161.0365 -189.6803 -233.9489 -280.2643 -328.4753 -385.909 -447.9458 -481.4159 -505.6941 -529.9724 -553.7889 -574.6522 -593.6723 -611.7575 -630.7144 -652.4406 -667.9401 -677.113 -692.6639 -710.5565
1084.8359 830.6074 651.2067 557.3916 511.9278 405.6111 253.4609 253.9926 284.3454 189.1866 362.5293 320.2352 187.5774 80.1467 35.2736 23.3113 16.5538 14.7176 9.4975 7.8446 6.3656 6.6425 1.3082 -3.9914 -7.765 -11.6107 -17.4552 -22.0292 -25.5042 -30.8589 -38.342 -46.5182 -55.8837 -67.5534 -79.7953 -91.3893 -102.9786 -130.2875 -157.8992 -187.7878 -225.2806 -276.9605 -327.6868 -377.533 -428.4673 -479.9391 -507.7117 -528.5273 -550.1315 -572.1207 -589.5117 -607.2438 -626.8235 -646.3979 -664.7316 -680.3275 -691.4284 -707.3813 -725.2948
987.868 817.7264 657.6692 445.6665 351.3022 344.7119 351.5665 306.6926 252.1652 309.4031 407.0613 308.8997 196.4264 115.1086 40.8035 24.2433 13.0001 8.5478 8.4517 7.9529 7 6 -4.6452 -7.4291 -11.6996 -16.0314 -21.3386 -26.228 -30.1915 -36.0538 -44.9837 -53.6161 -61.5498 -74.2075 -87.9825 -98.2676 -108.719 -142.4158 -175.9643 -212.9212 -257.3454 -315.1661 -367.7773 -413.8363 -459.0073 -503.6599 -528.5552 -547.8335 -567.4565 -587.1713 -603.8173 -620.5046 -640.6479 -659.8759 -676.585 -691.9184 -705.0004 -721.4161 -739.5883
1179.8031 1010.1384 648.5945 480.4474 549.6316 480.7899 424.333 489.5018 547.8389 450.7343 292.6263 331.7677 213.3009 128.5287 63.049 37.9045 16.4262 9.506 9.309 7.1762 6.4896 -4.551 -7.4291 -11.4904 -15.3962 -19.3019 -24.2077 -29.1331 -34.1354 -41.8856 -52.7797 -58.9968 -61.5823 -74.5009 -90.95 -103.0985 -115.4826 -155.6624 -195.7368 -236.8114 -284.9327 -346.5337 -395.743 -431.7078 -472.1754 -515.4131 -540.3162 -559.9746 -579.5977 -599.5059 -615.955 -633.8299 -651.7587 -669.7465 -687.7343 -703.3652 -716.4918 -733.7208 -752.6456
985.4055 743.6658 589.4039 741.1368 691.3348 560.7256 536.0126 599.005 593.0669 454.5452 488.1418 397.6744 243.5524 155.9852 116.3709 52.8377 19.443 10.2276 7.9839 6.1834 -3.5793 -6.0679 -10.1133 -14.7609 -18.6667 -23.2667 -28.1725 -34.3348 -42.6826 -53.3012 -67.0869 -70.2961 -65.9571 -79.1478 -98.2709 -111.8652 -126.677 -174.235 -221.7377 -267.025 -319.2135 -384.624 -432.6107 -462.1296 -497.2804 -535.2879 -557.7996 -576.0548 -595.0093 -613.8057 -631.3127 -648.3005 -665.2884 -683.2762 -700.5697 -716.2006 -729.5132 -746.2284 -765.7621
