MapLib/Lvl1_5x5/BG/Ele_BG_EA.asc
ncols         557
nrows         557
xllcorner     -500
yllcorner     3894669.448
cellsize      1000
nodata_value  -9999.0
[rows 525 to 549 of 557, columns 58 to 115 of 557]
871.3254 853.9828 765.549 654.6135 628.8156 610.2522 586.4687 563.8534 551.4749 536.6953 524.363 510.9496 495.1201 469.6369 479.8053 506.2307 520.1702 523.3326 571.2845 739.0949 898.7861 929.8521 887.5061 727.5632 692.4269 841.1685 768.8846 756.8865 897.0063 1040.8879 1081.7063 1063.292 1007.0975 810.8197 693.3494 640.7191 620.9899 595.9143 565.9141 562.2595 580.7929 603.076 641.3829 664.8675 736.3483 876.3853 899.5162 878.3209 882.8903 903.2939 936.6442 972.6696 1081.7673 1042.536 925.7266 864.7882 893.9583 979.9024
963.863 888.1742 760.1945 655.8869 612.6927 591.9226 575.1597 558.147 545.7644 532.804 514.2372 500.0952 492.5565 475.1103 497.3199 514.9631 529.2649 553.0884 577.3145 624.2179 699.022 806.0275 921.5067 866.0082 705.0398 881.3123 980.1024 900.2574 986.1617 1068.6428 1082.9889 1051.2367 960.7444 772.9142 662.4185 625.2251 610.9646 598.2751 587.5911 566.1147 599.596 632.2971 722.5696 789.8027 755.9998 838.3434 987.4538 933.022 906.9371 897.6075 902.4869 931.3713 1022.6436 1072.8503 932.2538 925.174 1044.3329 935.0055
841.228 733.8472 651.4388 627.23 600.6213 578.2535 566.1512 550.4648 535.549 533.869 572.1319 604.1393 563.9926 485.4699 491.9427 521.101 555.5079 560.7427 567.2616 629.2231 724.9303 786.8098 878.0218 942.8235 839.327 824.9977 945.7189 1054.9341 1067.6041 1039.2426 905.9422 850.6498 756.1735 692.9103 656.1779 629.3905 613.4669 595.9199 583.4678 584.2057 613.0409 683.9931 833.4686 1011.6114 943.1974 961.229 1015.7017 986.0784 966.5441 931.2853 917.7372 915.714 955.2839 1059.4658 974.7515 977.2871 1062.6396 1037.3046
712.6995 662.2053 626.8898 607.5181 586.4717 571.2669 565.6796 544.9231 533.0978 561.3755 682.4958 764.6346 588.5997 512.7507 504.0527 514.9042 538.6511 597.1288 568.8442 590.0602 615.0547 651.2935 696.5635 751.5341 757.3057 785.2938 871.2333 975.8381 1076.2567 958.5423 803.2565 719.5752 688.8475 665.8712 642.9208 625.1085 619.4071 612.8913 605.2381 591.2969 618.938 710.9379 884.3152 1123.9357 1097.4866 1074.1613 1081.4727 1023.6659 970.5225 947.0148 947.6415 934.1682 935.1116 990.3618 1080.1418 1077.8461 1078.595 1005.2515
658.2405 662.5904 614.3483 600.2635 589.3384 571.8439 557.7535 548.7395 540.5256 559.1096 582.1117 570.9396 547.3882 487.2309 512.8637 527.4654 533.6462 549.6805 567.0107 590.249 607.0107 628.1115 645.4083 669.4833 682.7404 725.9987 764.8133 839.395 974.1204 1015.9706 889.4346 775.6518 702.8431 666.9974 661.501 654.7721 629.5341 627.6113 611.6048 600.1262 624.1088 711.5595 857.454 1084.5703 1145.5503 1107.0428 1058.8196 999.7871 977.5948 983.58 968.0113 975.9048 952.253 964.8407 1060.2092 1056.7114 1075.4871 1076.7705
645.9165 641.1609 625.6378 597.5314 587.0151 574.7861 575.1585 560.8495 550.2073 551.5695 552.0564 541.3715 517.438 502.9775 518.691 531.9906 544.7847 559.6718 573.671 586.1791 603.9263 622.5292 654.5997 689.9486 684.5446 769.8925 947.4478 894.4343 976.5507 1020.5874 1016.1627 846.5402 713.4503 684.1133 697.5388 670.6026 647.9559 630.0113 613.5121 615.7505 639.8311 676.7083 778.4314 922.6133 1104.0123 1154.8584 1075.2725 1061.5278 1013.5817 1000.7304 1031.882 1018.843 974.2211 961.7085 1014.337 1025.187 1066.9117 1088.3839
639.5215 627.4362 616.3201 605.3062 587.6986 575.5037 579.2604 555.7789 548.7286 547.0076 545.6369 527.4174 510.1342 510.0195 521.8899 528.5278 541.1679 554.6752 564.2526 576.6042 596.3952 622.4273 688.0533 784.2212 706.1475 758.4165 913.4862 1079.2708 1112.2545 1098.9456 949.5149 805.0774 740.8685 721.0279 718.4026 690.9333 664.5124 637.3985 615.2495 615.0917 629.4373 660.4894 712.0381 809.2961 970.4334 1146.02 1091.6648 1064.9453 1043.5747 1075.8975 1133.9302 1088.7672 1027.5654 973.2646 988.8345 1050.5719 1102.5518 1086.6918
640.9483 626.5544 614.2827 599.2198 586.5233 575.5906 563.7665 556.5732 544.6831 538.4097 526.3693 520.7933 520.1811 544.1176 524.7675 532.1007 536.8931 544.9469 554.8728 570.2537 591.9385 613.566 642.1241 669.0157 708.1718 748.4187 841.0374 1048.7692 1148.1281 1099.7411 994.1909 948.6072 914.6866 779.1543 706.4406 669.1933 653.5982 630.8046 631.3519 638.0675 626.6184 656.8641 692.5471 750.4619 900.7977 1085.3826 1106.6866 1127.4362 1128.4679 1133.6127 1085.1271 1044.3602 1021.8394 1026.9729 977.8928 1022.177 1081.01 1072.0197
651.1802 631.8071 614.371 601.4089 589.9512 574.1766 570.0721 564.1603 553.9538 545.3339 533.5848 524.551 533.9719 536.4597 534.8016 534.6075 547.73 552.9568 563.8636 572.4363 585.283 605.1394 617.3752 637.6163 708.2218 710.7453 826.2322 1018.1732 1177.437 1156.8678 1063.1233 950.1587 865.5815 749.2257 691.5118 661.6698 646.9756 638.7424 662.8923 653.6952 635.8111 652.6246 680.0464 712.3704 781.2379 871.8448 913.4266 1026.7347 1089.3893 1135.41 1138.0936 1114.7939 1067.0787 1018.701 993.1142 1028.4836 1053.6011 965.3484
647.7124 623.0555 611.386 594.7888 584.7492 572.9889 564.0309 556.7005 551.6793 554.7867 553.4028 550.2342 555.3148 572.5137 586.1639 575.5023 601.7722 580.2781 565.6303 573.2487 586.9103 594.9423 612.9919 633.1107 657.2714 692.96 782.1229 933.6025 1090.8347 1048.8162 913.8823 818.8504 754.6282 722.6262 699.3132 675.4964 655.7485 659.7037 670.9644 659.3995 651.7068 642.6765 660.6454 674.2864 697.4291 726.5099 763.0601 910.8873 1051.1536 1084.7828 1063.5101 1078.24 1058.9329 1024.7174 1010.9128 1070.4365 1055.0177 1046.8197
643.9102 631.7179 616.7913 597.9756 583.4332 581.3589 570.9498 574.6703 587.2402 589.6287 627.1981 653.7564 675.6982 680.9308 639.1563 578.5673 611.4684 635.326 598.8081 588.6692 602.2406 603.2526 610.3383 630.9521 668.0455 689.5712 728.9785 800.8977 921.637 1049.2606 940.2847 783.2543 727.1816 706.801 691.2457 676.171 664.68 688.7913 689.2402 677.2892 682.8336 663.3541 657.0983 663.0248 682.7756 704.3058 736.4179 803.09 938.5834 1017.872 1001.8404 1019.5737 1063.5785 1069.541 1041.6897 1055.8442 1064.2466 1008.2179
645.8693 626.8647 612.083 599.6838 590.1508 586.5929 587.806 610.4261 636.899 695.554 675.5336 646.1609 625.9904 610.7041 577.6266 614.1349 711.2668 672.757 631.1334 602.181 616.7946 623.6733 622.9347 638.4177 652.2419 672.7968 699.3733 744.2695 817.7855 936.8109 863.4142 773.752 730.6006 710.3918 691.4775 694.0824 704.2994 701.7606 729.4346 746.0613 711.9305 683.2944 674.4889 662.3524 673.8454 695.429 720.7947 751.4537 843.0552 953.563 943.4841 986.4017 1020.6902 1090.1139 1078.7131 1086.7745 1074.7222 1003.5812
644.332 623.3181 623.5103 613.0187 602.6444 609.7592 627.692 682.7141 693.9477 713.9805 700.618 675.4054 638.0981 616.9426 596.5007 580.1494 637.6752 683.5712 678.0856 658.377 619.0294 626.1905 652.546 655.5229 658.8645 686.1638 738.9736 867.5748 943.4747 861.0305 784.3433 751.6097 722.4457 707.7947 719.4694 745.7499 760.4122 820.48 800.2889 840.3392 732.0999 708.0375 688.8857 673.9205 674.5836 687.7405 710.5422 736.6754 786.9313 857.0735 901.3171 938.0499 975.7704 1047.0114 1100.8646 1110.693 1064.9121 1018.2176
647.4216 644.9949 638.2761 616.9022 610.0059 639.15 667.7005 670.9137 692.4985 703.3268 700.329 686.0704 664.3359 640.596 634.238 577.1609 632.8154 629.7537 639.5897 666.1464 663.4754 661.9849 657.3884 665.9367 670.243 696.8164 764.236 957.4586 979.7354 834.7061 791.9399 766.5938 732.6409 744.4217 781.8917 845.0994 900.6672 866.246 783.5189 751.8874 736.1202 715.7318 701.0627 687.9406 678.2469 693.9047 726.6484 786.5983 770.1832 852.0701 918.4792 974.5527 1040.134 1039.7799 1012.8386 1092.2524 1085.7528 1001.6111
678.4882 672.2231 642.3811 632.7157 635.4879 630.5214 625.2001 640.5707 650.8466 662.127 684.3847 681.5632 632.3676 590.7977 603.3018 622.9349 654.5021 645.6744 651.3057 663.0362 683.8998 678.4494 675.0245 701.9579 700.1722 706.8848 758.4573 830.7552 863.8928 815.4711 777.8096 761.1096 752.6191 798.7003 914.1268 931.6765 836.167 816.4551 823.1527 836.0652 771.6937 727.9461 787.1406 701.0923 686.6832 689.5995 711.4343 740.1667 831.0228 880.4054 928.9545 964.5702 959.9135 956.0867 964.1517 1017.8085 1100.501 1021.7524
734.015 689.8722 670.2216 654.6101 651.7753 638.2349 629.5753 624.2458 619.0074 618.503 623.4524 636.1595 629.9655 614.5751 653.5615 707.183 696.9524 677.6211 668.5347 683.569 688.1908 691.4437 697.9208 703.9831 719.0377 724.3394 734.2994 758.2052 760.3217 774.6118 781.9451 779.4281 806.9695 916.0923 1043.8783 904.9896 954.9355 937.1002 890.2199 797.6411 755.9206 721.4262 711.505 695.2067 693.874 689.9584 709.2593 728.9847 755.1198 802.8384 852.6125 856.5728 898.1428 966.5298 982.9811 1021.3354 1092.3589 1068.1479
834.048 709.1908 688.4365 674.3071 662.5784 649.1902 640.6579 629.7796 619.7162 610.4318 606.9505 603.7206 606.9717 611.0536 601.3835 643.9615 687.4167 703.7554 704.7809 698.4444 672.4779 673.4844 676.8776 682.9561 694.5443 705.4116 711.6218 728.3614 743.0415 772.4171 796.4153 812.6789 838.0442 1009.0577 988.3475 938.8216 900.8978 837.1133 793.8012 765.4308 739.247 723.2275 709.9489 705.7629 707.9707 700.6629 706.4041 722.0172 735.6124 753.929 777.9395 857.7216 946.8047 980.2818 1023.2909 1064.7706 1115.8992 1149.2197
840.824 753.0922 719.5662 699.8566 702.3006 657.0377 650.3179 638.0112 626.2491 617.6754 613.4036 615.8926 623.9842 628.1761 626.0826 624.0659 613.9703 627.818 652.6605 678.4641 647.3966 656.1105 663.9749 671.0905 681.1356 695.2436 705.5367 724.2436 751.0573 784.5007 780.3582 860.7291 979.2938 1066.4232 1012.2187 848.718 810.0685 793.9091 773.7623 751.318 734.0233 722.8092 715.3893 716.4302 717.5024 727.5786 708.504 718.6953 729.1254 745.7892 770.5343 841.0434 948.5729 1002.6218 1023.1893 1026.9211 1064.5931 1134.5176
1021.0095 864.9872 784.2468 740.1694 689.8292 673.993 678.6754 676.4116 634.3208 626.5975 619.9379 628.4292 637.8126 641.2826 637.9534 634.8236 630.0488 631.0853 640.6537 643.8681 650.7051 659.196 666.5504 673.9597 683.0638 695.0051 709.9424 721.6511 740.9277 757.8707 782.8164 835.0601 917.5285 1018.8278 918.8343 832.4543 811.0276 784.9335 765.9399 759.5338 746.7897 744.3332 728.3974 721.8351 725.9835 743.4915 734.3785 731.9433 729.2747 734.0189 755.532 782.5867 890.8416 992.7029 978.463 991.2815 1030.6339 1086.6846
1045.9149 1054.6816 971.0348 842.174 724.5483 709.747 691.3409 674.6286 654.8965 645.8138 632.431 633.9288 641.9493 651.0734 648.2771 665.4504 664.5963 671.5 688.6954 668.9834 682.4835 698.4335 702.6331 701.2729 692.958 705.2235 716.1632 734.8745 750.2585 760.1712 786.4011 811.8633 838.7726 852.2327 842.8488 814.1744 807.6627 781.0423 768.017 753.5484 781.8351 755.5455 733.2407 732.8254 739.463 761.0112 805.6268 863.5853 765.3091 742.4752 746.1539 773.3592 820.1555 882.3597 920.4554 966.9292 981.5179 1013.0677
1125.5417 1159.8778 991.2281 847.5464 747.0703 713.1644 694.7329 671.7878 658.0999 649.733 643.0021 648.5569 654.0085 664.5732 661.173 667.2928 679.0547 715.9792 735.544 718.9806 721.3243 729.3096 724.752 714.014 723.1433 724.8105 722.1107 730.7145 740.9992 756.7765 773.9399 792.5555 813.3483 812.3738 819.8567 813.2913 798.6301 809.3398 793.2054 776.4162 770.9243 758.3375 750.8103 744.7993 752.5668 768.9216 782.8648 793.4842 768.595 751.816 753.6378 762.2736 779.6583 810.1115 899.5922 983.9445 997.9428 1016.7662
1018.1279 960.6223 864.987 789.4323 747.5805 717.2837 690.3454 675.4801 668.4767 664.0662 653.8307 656.5102 662.2653 677.243 661.1624 667.0388 705.1374 727.507 746.7185 731.5879 746.6094 753.1575 750.4902 734.108 742.1461 747.9592 764.0336 755.1551 752.8868 751.8151 755.6003 775.8499 792.9182 808.7244 837.7543 856.4323 842.9334 828.4165 814.4599 793.4337 775.466 770.5988 766.7271 766.8283 772.4984 778.6895 798.5193 810.6487 788.0831 764.9142 765.3305 767.1277 785.8554 814.5842 895.9352 1000.706 1028.6863 1031.3668
840.1068 818.8416 789.011 763.4259 752.0488 738.1332 714.2211 696.0118 684.1404 670.8413 665.5466 669.1159 671.6904 675.589 690.7953 699.0327 763.593 782.551 778.9954 755.2897 759.2926 762.9379 755.6474 756.2302 763.1799 750.9393 774.4821 810.6552 792.0125 794.7491 801.0046 798.2556 794.9788 827.8044 845.7954 864.6769 856.8808 844.3657 815.8469 797.4261 787.5522 790.8549 779.5685 781.3314 789.515 800.8723 804.5901 790.7225 782.3919 774.9728 774.6685 777.7039 780.5042 799.522 823.337 855.988 934.4079 1049.755
789.4444 788.3083 772.0963 746.6334 726.2619 714.1641 703.3428 694.282 686.7263 684.1725 690.931 687.2321 709.3609 734.558 671.6785 756.5025 781.2994 813.8741 822.2308 780.7687 781.8931 778.9771 773.7462 782.1625 777.4412 761.2897 783.4919 823.3307 859.0291 852.5001 846.8953 831.3995 825.3498 857.7436 882.8644 865.726 851.2043 831.2625 821.7042 827.6383 819.3746 816.4916 805.7204 803.7269 805.7555 826.8694 809.9382 800.7543 792.8481 784.8711 783.8 787.8386 798.5914 823.5304 808.0026 839.2377 937.3106 948.2678
857.0944 844.4493 785.0092 755.5001 732.4206 718.1486 716.7523 715.5182 711.8682 725.975 717.5814 748.2532 748.2554 692.7404 780.5627 753.2823 683.5468 703.8654 751.7961 709.146 754.5064 808.1683 814.8658 813.4373 811.0192 808.921 800.4411 815.0694 847.0727 889.0716 878.7953 864.4579 847.4831 847.3341 869.8388 893.2968 889.741 846.0984 842.8662 847.2539 846.5791 835.6935 828.2983 825.1637 827.3525 833.5601 828.5157 826.8033 827.0722 807.3369 802.9046 799.3378 802.527 837.1926 825.7391 821.5721 839.5677 860.6226
