MapLib/Lvl1_5x5/BG/Ele_BG_EC.asc
ncols         557
nrows         557
xllcorner     1113500
yllcorner     3894669.448
cellsize      1000
nodata_value  -9999.0
[rows 252 to 279 of 557, columns 252 to 314 of 557]
-180.7434 -168.0042 -161.3998 -159.1726 -159.2159 -159.654 -158.2467 -154.6473 -150.4334 -145.5276 -139.3367 -131.6371 -123.1123 -111.392 -96.7578 -83.2835 -71.1628 -62.4345 -55.5702 -47.7342 -38.9493 -18.0892 5.5236 6.8915 6.4359 8.3914 10.8688 15.3588 13.735 11.4969 15.3407 13.9028 17.1291 32.1309 38.9579 58.1153 73.9204 88.8689 103.5237 116.7287 72.074 122.4323 123.8375 123.7985 96.298 121.1297 125.0945 119.904 91.5399 111.3049 133.2857 155.1844 134.4459 96.8564 76.4811 87.7156 130.7491 204.2692 242.1999 207.0822 228.2224 253.3079 280.2253
-163.4328 -151.5001 -146.6787 -146.6576 -149.2378 -151.8784 -150.9138 -148.8497 -145.4581 -141.376 -136.4738 -130.1119 -122.0639 -111.3278 -97.4167 -85.1251 -73.6783 -65.4248 -59.0442 -52.3323 -43.8578 -21.0052 2 6.6319 8.9777 10.9743 9.3336 13.0762 12.4463 12.0747 10.4475 12.3694 14.978 18.723 30.1569 43.1855 56.6537 70.7504 83.3931 74.6363 109.1401 119.9498 93.264 90.7489 70.6017 92.9379 99.8476 81.0479 92.4257 119.143 128.1584 139.9364 127.2293 76.971 67.5585 84.586 116.1125 167.1637 176.2062 214.3349 239.1332 242.7384 231.2751
-139.5486 -130.8816 -129.561 -132.214 -136.8028 -141.1476 -141.9691 -141.2607 -138.088 -134.0283 -129.9328 -124.3827 -117.0651 -106.8412 -94.1462 -81.8546 -70.4078 -62.9618 -56.6028 -48.7946 -40.5605 -21.3387 -4.7094 5.7984 6.9507 8.6627 8.609 9.8731 10.9337 10.4724 8.7654 10.1583 10.0524 12.9534 19.7899 27.3201 41.9809 45.7756 51.8235 66.9655 82.9164 82.1125 73.4913 58.2384 48.4999 49.532 53.3173 47.5615 54.6044 68.0149 93.8279 112.9387 133.1278 91.775 67.3029 91.7712 138.5985 173.4586 199.155 211.7624 221.7767 234.3728 198.2758
-116.4475 -110.6284 -112.5075 -119.0444 -125.829 -132.5479 -134.2343 -133.8386 -130.3953 -126.835 -124.277 -120.1195 -112.6938 -102.9577 -89.4342 -76.4447 -63.3715 -56.61 -51.3153 -45.1647 -37.7103 -22.2459 -8.9339 -2.7781 8.2722 7.3067 8.9037 8.4007 9.7437 10 9.4426 9.7313 10.0033 13.1185 17.3513 18.509 32.4825 34.1351 51.7212 58.3637 58.7816 60.202 57.6214 30.9623 34.5517 28.2319 26.2718 29.5679 29.4456 30.5421 40.3134 57.1769 112.5658 99.2031 80.4681 97.7698 134.8488 187.4169 202.5191 209.3525 198.1931 205.8288 196.5336
-93.6532 -90.5081 -95.6199 -105.7113 -116.4171 -125.4447 -127.843 -128.1159 -123.8157 -118.985 -118.9233 -116.0023 -110.2781 -99.244 -84.5148 -69.672 -54.3643 -47.7043 -45.3008 -41.107 -35.9772 -24.1231 -12.4417 -7.5359 -2.7068 5.2502 6.9487 6.9343 8.2455 9.6796 10.5094 10.6516 14.8883 14.0562 15.5346 16.4733 23.0077 44.3473 51.5456 53.1862 54.979 48.4324 33.4143 18.1551 22.3615 22.1609 20.1042 25.5153 24.5248 27.5416 31.2447 35.7372 43.8045 60.6681 143.1657 155.6218 173.3436 186.2509 197.7452 173.1436 170.5149 177.4184 166.0976
-79.8392 -79.8939 -86.5889 -98.0357 -109.4825 -119.2154 -123.7013 -125.288 -122.9257 -120.163 -119.4239 -116.7143 -110.1733 -98.6625 -83.4482 -67.0956 -51.5944 -44.1227 -39.688 -35.2533 -31.2283 -22.3928 -14.4572 -10.7156 -6.5502 5.8524 5.6758 7.2013 7.7995 11.4801 9.0366 9.2801 9.2801 12.201 14.0212 11.9653 20.6922 39.5374 47.503 47.9911 50.3768 42.5867 15.842 13.2037 16.9537 19.3511 17.43 19.468 24.6677 30.27 39.9083 40.5227 55.5298 90.6357 137.92 153.4918 167.9417 181.4633 178.4565 149.2059 156.0918 155.5794 142.3755
-71.9636 -75.0635 -82.4982 -92.9625 -103.5767 -114.2998 -120.5504 -124.6071 -125.4665 -125.0554 -123.0803 -119.4474 -111.2711 -99.148 -82.8967 -67.0956 -51.4466 -42.0008 -34.279 -28.964 -24.0582 -19.7087 -15.6079 -12.6022 -9.6789 -6.3151 -2.2149 6.3492 6.8677 7.405 5.878 6.3207 6.2568 8.5117 8.3068 12.4569 14.1054 20.8511 42.4 42.1359 44.4284 45.0588 43.0347 15.2033 14.5759 13.9739 19.2325 39.2416 37.7152 41.7557 59.0641 87.1348 99.6739 115.9976 129.4615 149.8772 158.287 173.3183 146.6225 133.8685 134.895 126.7506 125.908
-68.5407 -72.7081 -80.2101 -90.0217 -99.8473 -110.6623 -118.3101 -124.1303 -127.6637 -128.9649 -127.3332 -123.7003 -115.5241 -102.2373 -84.4306 -67.3015 -50.1863 -39.6529 -30.554 -26.0231 -22.0671 -19.3875 -16.7452 -15.9519 -13.9319 -10.8019 -7.5951 -3.7111 -1.9345 -1 -1.3137 -2.9203 -1.403 4.4452 6.7407 8.2303 10.6837 11.3072 22.8562 37.3371 43.2373 39.3582 44.8481 15.362 12.2285 12.4853 20.5144 30.0708 56.0311 45.2573 59.256 89.4464 103.7686 112.4909 121.9399 139.4879 154.6996 140.1308 116.8794 120.9357 115.2464 116.3114 120.6703
-66.8848 -72.0728 -79.0428 -87.283 -96.8871 -107.1213 -115.1302 -122.5981 -128.4941 -132.5755 -131.0036 -127.5247 -119.8121 -105.9963 -87.4326 -68.1325 -49.4801 -37.0166 -27.9012 -23.7193 -21.046 -19.7699 -18.6177 -18.6177 -17.7277 -15.7102 -13.7774 -10.8993 -9.0886 -8.4046 -10.6051 -13.0258 -10.7522 -7.6385 -4.8994 1.7806 10.9359 9.6228 17.519 31.3528 37.1297 27.9265 37.3484 8.732 11.2606 13.137 13.3907 35.1171 77.3869 82.7211 81.2123 85.9284 97.0077 106.8997 114.999 131.9319 130.8232 108.7922 98.0771 98.2136 98.5665 96.9413 105.0044
-66.5318 -71.4376 -77.2729 -84.3308 -93.1067 -101.7575 -109.6067 -117.783 -124.7026 -130.4307 -130.747 -128.816 -121.4905 -108.5338 -90.6438 -71.0207 -51.7156 -37.8263 -27.5958 -23.3371 -20.0666 -20 -19.4302 -20.2207 -20.253 -19.506 -18.9246 -17.5984 -17.2649 -17.2649 -18.5034 -19.9665 -18.5713 -16.8717 -13.7972 -10.408 -4.19 -1.2367 8.4637 25.2634 7.9065 21.8654 41.8166 34.8617 25.2312 43.5066 61.549 53.045 75.8044 79.0887 81.7109 79.0755 93.1584 103.0033 122.1975 114.1171 94.625 88.5041 85.3725 84.498 77.0101 79.0967 94.3061
-66.4407 -70.6905 -75.6558 -80.9117 -88.3484 -95.6364 -103.8127 -111.989 -119.7483 -126.2532 -128.4263 -128.1141 -122.26 -111.0573 -94.0521 -75.1794 -55.5564 -40.2957 -28.711 -23.3371 -20.0666 -20 -20.8882 -21.7607 -22.7765 -23.6647 -23.6647 -23.6185 -24.5529 -25.1605 -25.5529 -25.6596 -25.5529 -25.0162 -22.5965 -18.5143 -12.9179 -5.0159 7.9021 13.3904 7.1172 19.8362 37.4507 45.5696 51.6396 56.9575 60.3305 65.8143 70.6392 70.3889 73.7021 78.822 78.2464 96.1868 101.4484 86.0339 74.6363 70.6719 68.8209 69.8025 50.7334 84.3471 84.8934
-67.0467 -70.7445 -74.3178 -78.3675 -82.8374 -88.4283 -95.7482 -103.9245 -112.1007 -118.8317 -123.4558 -125.1918 -122.7487 -114.1199 -99.0187 -81.499 -63.9348 -47.5135 -33.0008 -27.0526 -22.6075 -22.5235 -22.8849 -24.9195 -26.8124 -27.6386 -28.4544 -29.787 -30.1172 -30.5705 -30.7376 -31.094 -30.2617 -29.2276 -26.3264 -23.0838 -17.5922 -9.974 -1.9402 13.3477 15.8503 9.9455 23.9749 38.3794 46.6142 51.9318 57.8363 61.3593 61.7464 60.9212 59.0277 65.7872 76.8919 80.8122 75.4573 63.634 57.2562 56.3031 56.5758 39.7308 54.5573 65.3879 66.6279
-67.6404 -70.7937 -73.5321 -76.1494 -78.6125 -81.9961 -88.8778 -96.1985 -103.9245 -111.1218 -117.0487 -121.2458 -121.365 -115.4469 -102.6526 -87.5386 -71.2869 -54.9645 -38.3691 -30.588 -25.4226 -25.3175 -25.792 -28.19 -30.3981 -31.6193 -33.2545 -34.8898 -35.4762 -35.4762 -35.4762 -36.2793 -34.7277 -32.8674 -30.4572 -26.9095 -22.2146 -16.0013 -6.2269 4.8784 17.3132 24.6215 13.9463 20.0151 37.2652 43.5421 48.7361 51.915 55.5812 52.1075 44.4139 55.3271 65.2808 59.6998 46.3468 44.5894 43.9578 44.8727 48.077 43.4155 37.8152 53.7681 52.8894
-68.4693 -70.8756 -72.7381 -74.3734 -76.1739 -79.1719 -83.8524 -89.6575 -95.4753 -102.1516 -108.5661 -114.0734 -115.5264 -111.8042 -103.1602 -91.4741 -77.3448 -61.5539 -45.7041 -36.587 -28.7475 -28.588 -29.6681 -31.4605 -34.0958 -35.731 -37.3663 -39.0015 -39.588 -39.588 -39.588 -39.588 -37.9982 -36.1379 -33.7277 -30.9974 -27.1204 -21.5516 -13.0866 -2.5299 9.2967 14.9253 22.9368 18.9752 29.1687 34.4497 42.5284 40.1129 37.1279 29.8043 28.1641 30.4119 36.0068 32.5791 27.3217 27.9117 28.3616 37.3407 39.2095 37.4391 14.322 36.2891 38.6087
-69.2616 -70.8968 -72.5321 -73.0955 -74.3734 -76.2585 -79.3295 -83.129 -87.8846 -93.3491 -100.6608 -106.4596 -109.5474 -108.8049 -104.8751 -96.2136 -84.9235 -70.4215 -55.1682 -44.2052 -35.327 -33.8879 -34.0897 -36.5348 -38.5146 -40.4308 -42.7342 -46.3441 -46.9839 -46.2819 -44.3978 -42.8975 -41.2687 -39.4084 -36.9982 -34.6508 -31.5969 -27.123 -19.8826 -9.8901 -1.7043 8.4418 16.1896 20.867 24.3195 27.1497 28.571 26.6187 18.8474 17.5636 18.6877 21.6413 24.1892 24.4751 24.2826 23.5798 25.5915 30.0783 30.1748 29.2708 14.9894 10.4827 24.7102
-69.2616 -70.8968 -72 -72.1566 -72.9355 -73.9355 -75.9394 -77.5148 -80.4292 -84.6155 -92.1737 -99.4902 -104.453 -106.9045 -106.7742 -101.2924 -93.2586 -80.9679 -67.9465 -55.1531 -43.6201 -41.1575 -40.5106 -43.0113 -44.7658 -46.4011 -50.4213 -57.0679 -58.2864 -54.9545 -51.3002 -46.3329 -44.5657 -42.6789 -40.2132 -37.1379 -34.9982 -31.8802 -27.0154 -19.0688 -8.356 7 8.3921 11.7537 15.0406 18.0343 16.5206 14.6395 11.4494 13.2354 14.6213 16.7406 17.7469 19.799 19.6125 19.4551 20.0294 21.6753 25.2326 30.6511 25.5527 16.139 10.4928
-69.0785 -70.1971 -71.3002 -71.3002 -71.3002 -72.3002 -72.6516 -73.5129 -75.747 -79.2433 -86.6712 -93.8234 -100.7582 -105.8838 -109.5081 -108.0438 -103.666 -93.8287 -81.5157 -68.5467 -56.2307 -51.8535 -49.2069 -51.0711 -52.7064 -54.3417 -58.5454 -65.5773 -65.9871 -62.9097 -58.3176 -52.6489 -48.9197 -45.4071 -42.6789 -40.0554 -38.2687 -35.8674 -31.5969 -25.2056 -17.0085 -8.9633 2.4571 8.2955 12.6363 12.0324 13.2955 10.2657 9.2271 10.1858 7.098 11.1601 12.6938 11.4686 11.6954 8.7068 7.2542 -2.3996 -1 -1 -1.5276 -2.3824 -1
-67.9266 -68.665 -69.665 -70.1113 -70.665 -70.665 -70.665 -71.136 -73.0086 -76.2737 -82.7866 -90.0761 -98.0497 -105.9189 -112.8526 -115.4093 -115.3014 -106.939 -95.8068 -83.1396 -71.2482 -65.2723 -60.503 -61.0102 -61.5179 -63.2483 -66.7492 -71.4421 -71.9563 -70.0954 -65.6103 -60.4765 -54.3731 -48.555 -45.8565 -43.1745 -41.5392 -39.1379 -34.8674 -29.8587 -23.5428 -15.8046 -7.6283 1 8.7388 11.1775 5.7908 8.1648 8.1466 6.7032 5.7373 6.9866 -3.2078 -5.5407 -7.2457 -8.3495 -11.6323 -15.1515 -14.9445 -14.3503 -14.1397 -14.3412 -13.5847
-65.321 -66.9296 -68.0297 -69.0297 -69.0297 -70 -69.0297 -69.717 -71.3734 -73.9875 -79.516 -86.3065 -95.3674 -104.1635 -113.7713 -120.2946 -124.2816 -117.3969 -106.6535 -94.5015 -83.0547 -77.3841 -71.792 -70.9455 -71.3295 -72.9647 -74.6231 -77.307 -76.9094 -76.2174 -72.2533 -67.9878 -61.4922 -55.4013 -52.1308 -48.875 -45.6531 -42.4084 -39.1082 -34.8 -29.2137 -22.6436 -16.054 -7.9508 -1 -1 -1.469 -2.9406 -3.6721 -4.8812 -6.8691 -10.7414 -14.0957 -16.6821 -18.3872 -19.2469 -22.5185 -25.3227 -24.8812 -24.8812 -24.4745 -23.8518 -24.5094
-62.2089 -64.2913 -65.9266 -67.5618 -68.3945 -69 -68.3945 -68.3945 -69.7381 -72.3522 -76.6314 -82.5815 -91.5612 -101.6178 -112.814 -122.8253 -131.0937 -125.4269 -114.5487 -104.0389 -93.8461 -87.2254 -82.396 -80.7608 -80.8336 -81.1707 -82.3347 -83.067 -82.7679 -81.1326 -78.7836 -75.5131 -69.6685 -63.4413 -59.7015 -55.9355 -51.0021 -47.1428 -44.4153 -40.6924 -34.9998 -29.3797 -24.2006 -18.6725 -14.6315 -14.6925 -14.8444 -15.8444 -17.3522 -20.2283 -22.4595 -23.7643 -24.9282 -26.5635 -27.6333 -28.2284 -29.8637 -32.2136 -32.4222 -32.1296 -32.0277 -32.0277 -32.0277
-58.0416 -61.528 -64.2913 -66.7995 -67.6093 -67.7592 -67.7037 -67 -67.7592 -68.5024 -72.5059 -77.4646 -85.4601 -94.5511 -105.4489 -114.2666 -122.3507 -120.2945 -113.6604 -106.2615 -98.64 -93.9165 -89.9632 -89.3008 -88.9632 -88.9632 -88.7758 -88.6228 -86.6736 -84.8737 -82.0854 -79.3317 -73.8542 -69.2723 -65.3486 -61.7313 -57.6022 -54.4379 -51.706 -47.8168 -41.2758 -36.0419 -31.1361 -27.9471 -25.0424 -24.4448 -25.3204 -25.5635 -27.1987 -29.9823 -31.9632 -31.9632 -32.4279 -33.6694 -33.8586 -34.7707 -36.4338 -37.7224 -37.7224 -37.7224 -37.7224 -37.7224 -37.7224
-54.1242 -58.9384 -62.656 -65.2913 -66.1239 -67 -66.1239 -66.1239 -65.2479 -65.2479 -67.9382 -72.3695 -78.2451 -86.2838 -95.5196 -103.0034 -109.6415 -110.7285 -109.627 -105.4199 -101.8269 -99.0009 -96.5042 -96.5042 -95.9355 -95.379 -94.5317 -93.2147 -91.5367 -88.3841 -85.1135 -81.0068 -77.5725 -73.302 -70.7852 -67.5131 -65.1186 -61.9431 -59.5776 -54.3578 -47.8168 -42.5829 -37.6771 -35.8027 -34.2564 -34.2564 -34.7398 -35.375 -37.0103 -38.6938 -40.235 -39.3803 -39.5042 -39.5042 -40.0697 -40.7049 -42.3402 -43.5042 -43.5042 -43.5042 -42.6282 -41.7521 -42.3194
-51.4013 -57.1265 -61.2929 -64.1674 -65.3922 -66 -65.4156 -64.4887 -63.145 -62.9671 -64.5915 -67.0868 -71.1564 -76.7772 -84.6287 -91.1784 -96.1866 -100.054 -102.6441 -102.3041 -101.5049 -101.8191 -101.6553 -102.0453 -101.7856 -100.9721 -99.7557 -98.1204 -94.8763 -90.3048 -86.2054 -82.1142 -79.122 -76.1763 -74.1623 -72.0384 -70.9813 -70.1822 -68.8718 -64.8849 -57.0369 -50.4782 -44.7576 -43.5566 -44.0679 -44.916 -45.5792 -44.4379 -45.4499 -53.0452 -55.0024 -47.9256 -44.6848 -45.0453 -45.534 -46.038 -51.408 -57.8027 -56.3865 -53.079 -49.0985 -46.534 -47.1815
-48.8998 -55.3094 -59.7711 -62.8987 -64.5384 -64.8534 -63.9893 -63.145 -61.6564 -60.1646 -61.6142 -62.4988 -64.8847 -69.0035 -75.319 -80.2247 -85.1305 -91.2438 -97.1907 -99.6732 -102.3732 -104.7903 -106.7888 -107.5676 -107.5119 -106.2967 -104.5474 -101.819 -98.0002 -92.5107 -87.3353 -82.5694 -80.7033 -78.4067 -77.5589 -76.8627 -77.4397 -77.4397 -77.4397 -73.2933 -66.1789 -58.651 -52.2481 -52.4571 -53.4206 -55.7276 -56.396 -53.8061 -55.0777 -66.4 -69.3981 -56.8921 -51.5709 -52.9664 -52.5434 -51.946 -61.4687 -70.8618 -68.2669 -62.7281 -56.3715 -52.0383 -53.026
-47.8418 -52.9087 -56.5005 -59.7711 -62.0639 -63.2182 -63.145 -62.0636 -61.925 -61.0165 -61.9158 -62.3038 -64.7945 -67.7779 -72.9019 -78.4256 -83.8281 -90.5096 -97.7848 -102.7039 -107.2529 -110.5494 -113.1273 -113.3177 -112.8377 -110.4207 -108.0071 -103.9548 -99.6355 -95.2645 -90.8554 -86.6901 -84.2946 -82.5146 -81.6729 -81.3455 -81.6659 -81.7465 -81.5637 -78.2277 -72.9652 -67.9208 -62.8639 -62.5988 -63.7374 -64.7573 -66.5855 -66.136 -67.5164 -74.4175 -76.8008 -69.6902 -66.0365 -65.3092 -65.2546 -65.3248 -70.1814 -75.8167 -74.1093 -70.482 -65.9907 -62.7032 -64.1972
-47.5098 -51.7336 -54.6471 -57.7503 -59.3855 -61.0208 -62 -62 -62.4171 -62.4171 -62.8342 -63.0836 -64.7188 -68.1771 -72.2997 -77.9959 -83.954 -91.556 -99.7323 -106.7154 -113.5352 -116.4552 -118.5694 -118.2513 -117.2358 -114.5482 -110.4994 -106.1765 -101.7366 -98.0674 -94.6127 -90.7858 -88.6615 -86.5745 -86.2513 -85.5401 -85.8342 -85.8342 -85.6002 -83.1781 -80.1878 -76.8751 -73.5937 -73.0854 -72.6266 -73.9336 -75.5688 -77.1349 -79.0103 -82.8638 -84.0366 -80.7661 -78.5025 -77.9603 -77.6838 -77.6195 -78.9214 -80.943 -79.5619 -77.1849 -75.0716 -73.0977 -74.7329
-49.3139 -51.7991 -54.0364 -56.115 -57.7503 -59.4084 -61.0731 -62.7084 -64.018 -65.0312 -65.1047 -66.3018 -67.937 -70.6645 -74.5702 -81.0569 -87.8075 -95.4618 -103.6381 -111.8317 -119.9924 -122.3818 -124.157 -123.2845 -122.1415 -118.8187 -113.9916 -108.8425 -105.0097 -102.4372 -99.5184 -96.2479 -94.5672 -92.932 -91.2967 -90.1047 -90.1047 -90.1047 -89.136 -88.1204 -86.4852 -84.9183 -83.3193 -82.2838 -81.4746 -83.1099 -84.7451 -86.2679 -87.7824 -90.6189 -91.2373 -89.602 -89.2772 -89.3627 -88.7486 -87.1133 -87.0625 -86.7382 -85.1029 -83.4676 -82.242 -82.274 -83.9092
-50.9492 -51.9678 -53.5321 -55.855 -57.4902 -59.2623 -61.1234 -63.396 -65.0312 -66.6665 -67.6876 -68.7961 -70.9475 -74.2651 -78.635 -85.1591 -92.0583 -100.3676 -108.5438 -116.1361 -124.2192 -126.2896 -128.3752 -127.5027 -126.3597 -122.7768 -118.4849 -113.3807 -110.3892 -108.0699 -105.7994 -103.1852 -101.1302 -99.0582 -96.8901 -94.7504 -94.7504 -94.7504 -93.9374 -93.7138 -92.0785 -91.5392 -90.7684 -89.8823 -88.9633 -90.0154 -91.5462 -93.1815 -94.8167 -96.5735 -97.3508 -95.7155 -95.4673 -95.9782 -94.8234 -93.6249 -93.114 -92.5916 -91.6439 -90.0087 -88.6858 -88.3875 -90.0227
