MapLib/Lvl1_5x5/BG/Ele_BG_BE.asc
ncols         557
nrows         557
xllcorner     2227500
yllcorner     5565669.448
cellsize      1000
nodata_value  -9999.0
[rows 56 to 83 of 557, columns 320 to 383 of 557]
149.0526 147.3929 145.0838 139.4771 135.7302 135.1584 133.0958 124.8589 137.1565 120.7517 122.3412 123.9088 125.5048 125 116.9822 112.0743 106.0656 111.5577 114.1608 115.6323 110.1329 113.2185 112.1732 113.3147 118.4501 114.0061 114.685 115.4814 112.1438 106.9896 109.8769 112.7102 111.4085 109.1298 108.0942 102.5432 99.8314 98.3046 105.8495 97.4812 98.3 95.5994 92.913 99.1502 93.4685 91.7307 95.0076 92.5869 83.6932 99.1697 96.2026 86.3269 82.2778 75.0065 82.6084 89.4918 88.5648 85.2808 82.8096 84.2219 85.7477 88.1779 87.8939 87.98
162.6806 150.8687 160.981 143.8908 130.2443 148.8779 130.5231 138.0696 136.1634 136.5038 146.005 136.2921 130.7811 136.8504 130.4651 120.2613 112.6938 115.5228 112.5839 120.165 117.4491 116.4729 112.2022 111.4579 111.7598 110.6629 108.1148 106.6496 108.2034 107.5125 108.7195 107.4694 107.6896 104.2086 112.0929 105.0054 108.8367 100.4137 103.3467 95.7285 92.0578 91.0718 100.2505 95.8151 91.2251 95.7604 99.3609 100.4248 97.6946 85.4938 90.1853 81.7136 82.8862 90.2924 92.4988 76.0802 76.6586 84.0806 86.2115 70.1878 86.5997 93.8076 91.3508 98.6813
172.3609 176.3388 173.7774 168.7368 149.3588 150.6187 138.7568 154.3996 165.0971 167.5706 163.2447 160.9144 161.6609 135.5027 147.673 137.3549 120.7215 131.3654 128.2378 117.6201 125.2717 119.7009 128.311 130.2994 132.2525 125.7353 119.3702 128.3275 111.3932 130.3023 133.5034 131.2003 124.1849 108.9903 103.5827 102.1733 108.1813 109.5985 107.1625 107.1596 95.6439 91.3574 91.2547 90.5302 86.0091 88.8186 87.3398 96.7948 85.3845 85.191 83.9322 80.1996 81.6272 81.7473 82.5709 80.8673 80.5968 92.5272 82.7998 87.6318 90.2415 89.09 97.682 96.8659
196.9026 185.7916 175.909 170.4309 179.0471 161.9449 158.6675 161.22 176.2926 183.5178 181.0916 178.1783 156.9032 153.5869 169.1764 158.4541 143.7434 141.9528 144.208 142.404 143.4441 146.0987 151.2226 145.2475 139.526 138.098 121.5137 113.7794 126.5181 137.0906 141.5866 135.5042 124.2177 117.598 104.7192 103.1426 109.3375 105.3084 101.5097 103.6509 97.8891 99.8328 97.4558 92.472 97.3702 96.0699 96.3094 95.4721 96.5359 99.2803 90.4677 95.6736 85.76 85.0173 87.1544 85.5236 88.6565 94.0386 89.1959 90.3927 91.0138 92.3042 91.2958 98.0247
208.3761 211.4487 201.0277 189.7881 183.4733 180.6995 170.4237 169.578 172.3777 184.3779 195.5227 197.1317 189.7231 180.5723 184.3176 169.0739 164.7795 157.2621 150.7975 155.9981 163.1287 160.0353 160.146 153.917 154.2342 146.8616 142.2686 134.1843 140.5076 144.8535 139.9142 126.0501 137.134 130.981 115.1393 104.9458 108.2855 105.5971 104.6065 101.0601 100.6604 101.496 100.202 102.9379 102.0483 106.1652 111.662 114.7277 109.487 106.8126 103.7477 101.6842 101.3136 95.8475 92.4895 90.805 84.9245 86.0917 87.9539 94.3669 107.414 97.4886 96.1675 103.0046
221.7521 216.7672 219.3736 210.1196 199.3431 206.0284 196.9958 185.8052 183.6256 195.157 200.0779 180.1534 197.4567 198.3523 191.7708 186.0903 176.831 172.9995 170.8861 159.3404 175.6361 177.9641 174.956 174.209 165.719 155.3935 147.3778 129.5696 132.5845 148.3921 143.6155 131.7339 103.6759 116.1085 114.4718 114.162 121.6867 115.1163 111.83 106.3332 105.5393 110.2397 108.1344 106.0652 115.2934 124.2192 128.7617 118.8398 113.7654 112.8591 107.021 109.4573 108.5975 113.5311 122.8615 104.257 94.4804 89.1005 98.072 95.5502 104.387 98.2051 102.2585 102.6246
236.0108 226.314 221.9965 232.5741 226.9724 214.6687 217.1119 187.7296 207.037 216.1979 212.8597 224.8295 212.1917 211.9982 205.3479 196.5222 194.0565 185.7767 193.4467 185.1602 194.6888 195.364 184.9625 184.7938 179.3397 174.6318 151.9466 138.0837 136.345 166.6062 143.7431 121.433 112.7118 113.055 119.8667 109.9464 127.3176 131.3746 129.4947 123.4274 108.3734 113.9905 111.6639 115.1315 121.037 125.2636 119.4508 118.6714 114.2298 107.2102 106.9711 108.2207 106.6334 104.7033 99.8379 98.499 105.3705 115.831 106.163 107.5094 113.0465 109.6053 103.9769 101.6283
242.9716 240.4944 230.3827 241.6342 248.9881 236.6675 221.7938 224.6935 227.7528 245.1608 240.9527 248.4529 227.7552 220.132 209.3047 195.6461 196.4864 208.0079 190.0745 193.278 193.1947 188.673 182.0607 181.2057 179.9962 178.9995 165.1634 141.3129 128.0397 129.8236 131.3153 115.3674 100.4549 107.4713 119.0709 99.16 111.7308 112.0496 121.6351 125.284 106.0691 102.8606 113.2799 116.0025 117.2962 113.3072 112.9829 109.7791 109.1863 102.7377 96.9088 89.5036 90.187 103.5796 96.0778 90.6941 105.5052 116.7996 127.9516 124.2992 118.6149 118.5378 114.9805 105.1412
243.8184 239.3673 246.5449 239.2869 244.0017 245.1384 245.3314 243.6035 256.4109 245.4389 250.1278 259.0039 249.5041 229.7293 224.9643 218.3701 218.9302 213.159 189.2473 190.5769 188.1611 182.3031 185.8752 193.2016 187.7583 170.0159 164.7184 156.5464 138.3423 130.6588 121.5192 121.9411 111.255 110.2338 125.7117 111.37 113.3787 119.0854 114.3908 109.9168 111.7177 102.4773 107.4888 117.122 118.6785 116.3653 108.4441 110.7425 107.1036 111.2173 110.1312 118.6833 111.5805 117.6581 130.8342 128.5194 118.8088 110.1449 110.1449 118.8344 120.8186 113.2875 109.0305 113.7765
252.2473 233.7233 235.8983 238.2893 233.5621 234.5013 265.2021 258.0808 252.4126 244.1846 250.3199 255.3998 237.4734 231.0875 228.4168 230.518 213.393 203.5787 204.7466 189.2911 185.9551 174.9584 184.6282 185.2339 173.138 156.7403 137.0531 126.1794 120.4808 117.5125 117.7753 121.9706 107.834 108.905 109.2888 103.0823 111.4795 105.8821 112.1789 113.2709 118.3486 110.8038 105.9125 112.181 113.555 108.9886 109.9948 111.5624 111.4725 121.7375 120.361 121.1613 119.9241 135.9767 140.5468 140.8286 133.7808 120.3538 114.0032 111.5841 112.9779 116.9394 113.1779 117.9438
267.9891 269.6259 265.9355 241.1002 231.4867 230.1225 246.5877 255.3337 238.0739 236.4162 243.2849 246.6812 254.4959 233.0695 225.9958 221.7213 221.1868 199.1772 198.768 170.8128 178.3286 176.3257 169.5082 171.8695 170.1042 153.467 132.305 115.8963 119.3321 112.3419 108.2735 107.94 108.6886 113.192 115.9117 117.3514 107.6448 122.6553 117.2619 122.1937 127.5286 111.2677 113.0935 124.9642 123.7722 121.7471 107.331 109.3819 128.8658 135.1076 133.4079 129.1523 117.8403 121.9649 129.8375 127.0839 123.6302 129.2307 119.7153 112.7221 111 112.6259 115.1855 134.4491
261.1835 257.4673 249.1773 245.7045 237.0081 211.1496 213.653 237.8386 247.6427 230.0434 241.6411 231.7314 236.065 237.3632 226.9638 220.4552 203.9195 192.0763 179.0349 166.2115 176.5567 165.9343 158.2898 158.3 161.4496 127.9039 114.0473 116.5401 112.0822 116.7751 110.2926 109.7766 132.963 121.1593 113.2606 117.0891 118.3388 136.2773 124.0569 121.0404 116.2554 114.0041 126.635 125.7884 128.3186 120.672 111.601 120.0774 131.1301 121.3222 124.127 126.3365 125.2472 109.9717 110.3206 108.6767 109.6842 121.6162 121.1351 114.3686 111.148 111.7029 108.6765 114.8996
250.1199 238.1422 234.0748 227.9079 235.1784 228.1571 215.827 205.6984 208.5809 225.595 230.4314 223.8733 222.1408 219.1932 217.5129 211.0025 201.8275 192.9966 163.157 149.5424 149.7823 161.4061 157.7727 152.3403 130.6562 118.3707 118.411 112.2292 106.5723 111.7519 121.1808 127.6078 150.7266 157.3448 137.0669 130.8078 123.3136 117.6736 122.2635 116.8232 113.7813 106.8822 113.0701 109.0733 110.7819 117.4348 118.556 121.4303 116.8644 127.9802 120.573 117.9468 113.6259 114.7889 109.0535 107.4652 105.9943 118.3555 121.9392 115.0848 109.4836 114.3651 109.2639 113.016
245.9497 237.0697 233.3627 234.572 233.2321 228.041 215.7437 202.3547 186.4705 183.0615 185.968 191.4643 198.0589 204.2182 193.9851 187.8202 181.4539 166.4173 152.4644 149.1377 131.8204 133.7944 133.9361 130.3262 115.6872 115.947 114.5753 111.6906 114.6711 116.7379 129.015 131.8818 135.8444 136.8072 134.0763 127.8524 117.4893 119.2064 113.1525 114.7457 112.9707 101.7874 107.4642 103.1973 101.9126 107.0693 108.1288 105.388 115.5472 117.0365 112.2966 105.8271 109.8534 105.6611 109.3149 106.8013 107.3898 116.793 121.4874 116.3669 114.9444 111.7231 114.0865 113.1598
249.7768 260.9828 250.6495 241.9646 232.8107 239.7802 227.7819 213.8856 194.1868 186.5916 167.8711 168.4869 175.9099 176.9124 181.2529 162.695 167.9777 163.7756 155.944 137.1456 136.8038 125.9123 118.2381 115.2337 115.1204 114.4927 121.0116 135.759 140.6834 154.9661 157.959 156.0244 153.1828 160.9083 147.6803 135.4045 120.0882 122.1629 114.6252 110.2866 104.9734 104.5061 104.1536 110.2973 102.2238 105.4313 103.3995 100.8009 101.4797 109.3987 106.8119 111.943 112.6759 111.8216 107.6396 100.2798 110.2127 107.458 108.7298 114.5154 120.4961 112.1247 113.6824 113.5853
283.0789 275.2376 250.9572 244.7792 231.8839 202.2407 200.3382 214.9024 218.9228 184.4295 176.9268 155.1801 157.9955 176.0536 173.9916 161.7244 156.4063 144.1898 137.5727 129.2193 120.8613 115.2428 116.7501 119.8661 122.2092 135.7754 136.7381 140.3517 145.3803 155.5512 172.4619 174.0312 168.1543 163.086 143.8981 135.4374 120.2414 115.0639 112.9452 107.1302 107.4657 103.1339 109.132 120.6572 108.145 98.0898 104.9638 108.4085 107.3084 115.1217 122.2386 117.8249 118.5983 110.2703 98.7779 106.1372 108.6522 109.3911 110.7788 111.1154 113.8003 119.1943 120.8652 114.1084
280.0639 270.3766 255.0687 229.7193 229.0687 191.8264 185.8616 194.2986 178.3275 167.7675 142.2093 144.0386 153.3496 148.3754 132.5973 132.3243 124.3398 122.47 130.17 129.6478 125.432 130.5259 135.4712 131.6826 130.8811 141.4898 145.8486 138.8965 149.7278 173.5548 184.781 182.4259 169.6529 160.6644 152.0423 141.4495 122.6341 112.4469 109.1673 108.449 111.1775 107.8488 107.4368 100.9851 105.0952 107.4363 109.8612 109.9209 101.904 113.5851 104.2568 113.4902 111.8564 106.9697 108.568 97.9883 109.8951 108.7502 107.5133 110.5833 109.0537 106.9361 108.1721 115.4605
206.4803 193.9095 180.9174 166.1263 167.6926 165.3955 171.1812 162.3026 157.9578 141.2509 142.1276 141.881 134.0897 131.9738 124.9825 147.5408 148.1501 177.0359 183.4927 155.3254 131.7591 125.8674 145.0235 154.5381 150.6171 160.3654 161.3129 161.1304 171.0705 186.7139 181.9139 184.9449 208.7828 188.9078 148.552 143.1258 114.5088 112.09 105.8125 108.5539 117.8049 112.4981 113.2248 100.0952 103.0555 99.4057 104.8214 106.5574 100.8076 126.8699 109.3198 106.8185 108.5398 104.9974 104.9481 102.7888 111.2497 120.5648 118.9484 111.4475 110.0726 112.3052 109.8545 104.286
259.7063 242.7215 222.8153 187.2278 169.9556 179.3635 160.7856 147 146.5344 140.0298 156.8355 138.8135 134.4518 138.1119 164.9829 193.6316 197.739 193.5756 192.734 181.9076 160.671 141.6143 139.8885 142.5595 171.4392 178.8226 181.5786 182.4486 188.4571 193.7628 193.2798 189.4456 176.5468 166.4758 146.5029 135.4279 130.1545 124.1086 134.7922 125.6425 119.5428 134.2074 135.8361 138.202 128.0325 113.543 110.1956 113.4923 113.0747 115.5114 110.5321 112.0313 115.9533 114.1155 117.8291 118.9169 114.1822 123.0584 114.1475 115.5143 116.5923 112.8877 113.3535 106.3843
263.7721 253.7938 231.3654 226.3007 239.9923 212.33 180.8749 155.0739 146.2424 139.5071 159.305 164.4513 163.2913 166.8085 190.7831 182.7227 183.4201 184.5527 185.4781 182.5709 167.8717 166.387 164.8143 153.1481 163.4999 182.6951 185.3391 189.3766 188.1894 190.4496 182.9056 183.9546 178.9878 160.0177 138.7929 142.76 134.6989 137.6363 139.2041 132.8815 128.6073 134.4913 146.2786 142.9518 141.0102 123.2053 117.1622 117.3841 116.0927 113.4927 116.2144 120.376 121.2437 124.9219 118.6016 113.2017 115.2971 120.3957 116.3838 125.0741 123.8272 122.7674 126.5056 113.3127
256.425 249.1436 244.272 227.3189 237.025 193.3835 156.5487 143 159.7632 186.1772 193.4522 200.2337 198.6317 192.3612 189.4949 188.2092 189.5585 183.6653 192.8808 180.0992 181.447 177.8377 182.8529 175.5076 183.3311 187.9889 192.9973 197.3527 188.2989 193.4167 188.1864 174.1 158.7477 145.8354 146.348 135.6371 138.9609 144.1069 141.4205 139.6054 151.1006 147.7275 148.0478 149.7373 152.6439 140.1877 122.1667 116.3726 109.7992 113.6649 116.0691 110.3509 117.4068 114.0516 112.9945 113.8395 123.0811 128.247 134.2553 132.9855 133.7437 134.4414 133.8329 130.31
221.9856 227.4445 218.4629 225.5281 236.2387 201.1955 147.4026 146.8158 185.4358 202.1853 197.122 204.9742 205.5222 194.4764 196.4373 192.1117 199.3474 182.7253 188.2734 192.1783 197.3466 208.8242 198.8545 196.3058 198.2548 190.2829 189.9062 200.7625 187.8541 189.6583 184.4279 188.8331 180.985 170.291 159.1113 136.6204 148.7337 150.4231 139.7697 146.089 156.3157 156.5478 158.2283 162.7111 161.0227 157.0269 133.0187 119.1484 112.252 117.271 115.7407 119.4484 125.8709 117.2761 117.0633 126.1333 143.6239 144.3205 150.0034 151.31 143.7156 146.7832 135.7633 134.3629
223.7334 211.3547 214.6512 205.9831 209.8388 188.8147 152.2751 145.9309 200.0254 216.4081 217.7594 218.8132 203.3713 206.5333 195.5216 197.4704 194.4292 189.6656 177.69 196.8051 202.3407 207.3973 202.3819 211.1113 202.9725 214.4537 205.8384 189.2445 192.1821 193.7349 183.6003 185.1061 179.1855 178.9628 171.1631 165.4622 161.9502 148.1443 142.9967 145.0272 155.8512 161.5652 162.4698 165.9044 161.1777 158.4256 139.653 135.233 122.3744 117.7797 122.002 125.9847 123.5367 129.1479 134.1823 143.7727 154.3208 160.8987 170.995 174.3403 168.5188 161.3143 142.8977 140.3624
217.0014 218.1244 195.5632 186.2156 171.244 149.7567 158.2649 168.5097 199.7569 213.113 207.208 215.9173 215.2631 208.6263 194.5871 191.9286 187.7301 191.9322 174.9285 193.4736 200.9725 205.1217 210.9627 213.0846 207.3488 205.2217 200.0973 192.5596 202.1917 192.8804 187.382 181.9664 191.7472 181.5712 180.3049 175.4245 161.0592 148.6508 141.6019 145.358 155.3121 155.0425 156.0132 163.4039 163.8978 170.4228 161.9924 151.8337 149.1412 136.7302 133.235 130.1168 134.018 131.802 142.4928 156.1158 172.8964 189.7352 203.0741 192.551 181.6786 169.7359 154.9456 153.0814
159.3688 155.1071 149.8839 142.9531 147.5099 166.8403 198.2807 179.1884 202.3217 206.1064 193.5888 197.2454 194.3817 199.4455 193.8574 188.597 191.9546 198.1184 179.425 196.833 205.098 210.7178 215.2749 217.3392 216.5406 215.0442 206.1102 200.8637 196.3133 203.7605 197.8957 192.16 199.9949 187.2431 180.7809 168.6595 158.074 145.8674 143.2539 149.3873 150.8646 157.2975 161.4563 163.6203 187.0913 188.4676 180.9784 162.8826 155.6937 154.5249 148.1862 145.3502 141.9675 145.5961 154.8217 166.932 177.4915 185.2916 186.4185 198.0943 189.4356 170.531 157.2149 157.9524
170.5885 167.212 159.1413 162.5924 175.0735 202.6101 210.6415 200.3754 197.8795 199.5128 203.6547 198.9916 194.2267 191.9059 191.4813 186.9349 182.7215 179.1685 183.6826 197.5538 220.8125 224.9716 215.8979 220.5646 208.3609 208.5884 209.5144 206.6256 200.6041 201.7931 198.2372 193.2985 194.7065 182.8746 169.531 155.8156 154.7948 148.4751 152.0681 156.4026 158.5809 162.9009 165.1442 167.2351 175.0751 194.8571 185.647 172.979 158.271 155.738 156.218 157.8312 152.1147 159.4776 162.5155 173.5902 187.7709 191.9757 192.7688 189.1556 194.4267 180.4775 172.1567 157.9086
162.2133 146.3168 157.6346 193.7003 205.1218 196.3054 197.9333 192.8852 205.1418 198.9519 197.884 193.4068 203.8973 198.5901 194.3855 198.3254 182.2886 200.5667 217.2836 213.2425 208.7509 231.0129 230.7127 230.6106 216.8515 200.6644 198.378 207.3923 195.8657 193.5636 180.1678 182.7755 177.9557 174.9153 168.6431 152.049 152.7302 155.7777 154.3448 157.6589 169.038 170.4309 171.5161 169.5596 166.9581 184.4021 184.319 179.7763 176.4688 161.1926 167.713 162.3811 157.748 153.3816 168.3394 184.2261 184.5201 185.0746 188.8366 191.9993 179.9388 185.6258 181.4344 167.5819
181.7709 181.4151 210.015 215.7015 199.9419 200.8887 191.0822 196.8021 201.359 210.7865 200.922 195.6251 180.762 182.8834 181.753 184.052 188.9005 195.0975 202.3342 207.1019 220.8439 217.7343 215.1405 199.7167 203.9038 183.0748 181.8794 191.5502 201.0246 195.511 179.6107 177.813 169.4451 169.8355 162.8159 149.298 152.0822 151.0411 156.0431 165.5677 165.4848 163.9844 170.9368 173.8175 162.6191 162.3353 161.5474 166.1829 180.4626 183.277 186.5014 178.2753 163.7715 177.9772 206.6059 179.0731 174.9347 180.8655 183.0021 177.8849 169.2147 176.4185 177.2063 168.843
