MapLib/Lvl1_5x5/BG/Ele_BG_FE.asc
ncols         557
nrows         557
xllcorner     2227500
yllcorner     3337669.448
cellsize      1000
nodata_value  -9999.0
[rows 224 to 251 of 557, columns 305 to 365 of 557]
-206.9608 -208.6543 -217.3712 -231.0782 -246.1833 -261.4006 -267.6076 -271.6667 -265.6944 -257.9445 -243.1149 -228.9107 -216.1531 -204.1262 -193.8128 -186.9488 -183.1913 -180.7955 -179.4615 -179.0656 -178.0282 -174.3663 -169.9088 -161.7368 -152.2067 -142.0223 -131.4248 -121.099 -114.0459 -109.4909 -111.2212 -115.3916 -126.3735 -139.8321 -159.4454 -181.9196 -209.4009 -238.9478 -271.653 -305.5352 -340.9169 -375.834 -410.2998 -443.0049 -474.3342 -501.8345 -527.9763 -551.0411 -572.5785 -590.0377 -606.2859 -622.0032 -636.3447 -649.851 -664.5682 -679.0192 -695.7787 -713.7665 -733.6581 -754.0908 -778.3212
-156.8278 -158.3523 -166.2718 -178.2127 -193.8527 -211.0573 -219.9474 -228.0174 -225.1102 -220.9057 -210.711 -200.7686 -191.0051 -182.6143 -175.7203 -172.9195 -173.2827 -174.7363 -176.2637 -177.2221 -176.6672 -173.3391 -168.7622 -160.0843 -150.8811 -139.359 -127.9122 -117.0558 -108.8915 -102.3336 -103.663 -107.8333 -118.6075 -131.8161 -150.5344 -171.6629 -198.1811 -226.5385 -257.411 -290.1601 -324.1411 -358.4814 -392.3119 -424.812 -455.5075 -483.474 -509.6332 -532.0533 -553.6269 -571.4146 -587.8849 -602.6022 -617.3196 -631.0369 -645.7542 -660.1184 -676.7737 -694.7615 -714.6531 -736.105 -760.8367
-111.7275 -115.4346 -123.8504 -135.2972 -151.336 -169.2121 -181.7112 -192.9871 -192.1632 -190.6442 -184.4493 -178.5325 -171.7582 -166.7147 -162.6391 -164.108 -167.8064 -172.4463 -177.0416 -178.5803 -179.135 -175.0153 -169.5864 -160.6926 -150.1496 -138.1624 -126.1709 -113.9728 -104.7949 -97.4278 -98.7572 -102.9276 -112.9743 -125.6433 -143.1523 -163.623 -187.9991 -214.2432 -244.5461 -275.9235 -308.6311 -341.5694 -374.9348 -406.1062 -436.6974 -464.0015 -490.8539 -513.2081 -534.7896 -552.6489 -569.3568 -584.6144 -599.3317 -613.9064 -627.8428 -642.9519 -659.5637 -677.5515 -698.3005 -719.8203 -745.8813
-95.7507 -98.6515 -105.8165 -116.1354 -130.4808 -146.0277 -157.8118 -168.6221 -169.4378 -169.2751 -166.1345 -162.9626 -160.8107 -160.0167 -160.7466 -165.4597 -171.9422 -177.596 -183.5048 -184.8066 -184.6852 -180.1284 -173.2777 -163.5706 -151.6674 -138.8332 -126.5661 -114.3025 -105.716 -98.9708 -99.4848 -103.3373 -112.5783 -124.1341 -140.5645 -159.0257 -180.9547 -205.4886 -233.7388 -263.0033 -293.894 -325.6165 -358.1798 -389.1563 -419.1227 -446.7729 -472.926 -496.0776 -518.166 -536.5156 -553.8946 -569.6144 -584.8218 -600.1716 -615.7052 -631.0126 -649.0391 -667.4293 -689.4112 -711.5107 -738.5876
-87.607 -89.1143 -95.0249 -103.7552 -114.7625 -127.5265 -138.0552 -148.0306 -149.5777 -150.5661 -149.14 -149.8516 -152.1059 -156.5615 -161.8856 -169.3187 -178.2661 -185.3928 -190.9316 -192.3577 -191.7032 -185.7288 -177.9413 -166.8306 -153.6866 -139.8602 -127.3902 -115.9434 -107.807 -101.3837 -102.1334 -105.5835 -113.9949 -124.249 -138.953 -155.2507 -175.8743 -198.1607 -223.3408 -250.9807 -280.2874 -310.3745 -341.9376 -372.3864 -401.898 -429.9455 -456.1096 -479.405 -501.954 -520.7916 -539.3525 -555.2834 -571.6359 -588.0237 -604.469 -621.0193 -639.7927 -659.5202 -682.0705 -705.3534 -733.1528
-88.3701 -89.0054 -93.481 -101.1725 -110.2488 -118.9979 -127.8331 -136.4338 -136.6579 -137.1422 -137.6579 -140.6594 -147.7519 -156.8842 -166.7933 -177.5987 -187.2055 -195.2044 -201.579 -201.579 -200.4044 -193.0789 -183.9742 -171.5463 -157.8132 -143.1307 -129.9919 -119.7931 -112.7128 -107.0526 -108.382 -111.2524 -118.9501 -128.6105 -141.0151 -154.7303 -172.5882 -192.2977 -215.0087 -240.0055 -267.2053 -296.7945 -326.5992 -357.6691 -387.9438 -415.3759 -441.523 -465.8555 -488.1622 -508.4727 -527.6384 -545.4719 -562.3131 -579.7686 -596.9879 -615.3713 -635.0253 -656.0897 -679.5631 -703.7846 -732.2806
-89.445 -89.6981 -93.1604 -99.8558 -105.8504 -111.5394 -118.9338 -125.2325 -125.6095 -126.063 -127.9675 -133.2054 -144.3037 -157.2674 -172.0009 -184.6263 -196.9001 -204.6175 -211.5937 -210.9168 -208.2208 -199.8884 -190.1168 -176.3653 -161.6053 -146.5058 -133.8517 -124.0402 -118.5682 -114.0038 -115.4551 -118.4708 -125.6681 -133.7891 -143.5533 -155.1896 -170.3828 -187.1426 -206.9174 -229.7215 -255.4976 -283.5579 -312.5641 -343.3502 -374.0842 -401.9864 -428.4718 -453.1719 -476.8408 -497.2646 -517.2233 -536.4642 -554.8484 -573.2347 -592.1334 -611.1548 -632.3577 -653.9414 -678.4484 -703.8797 -732.4014
-86.5396 -87.2086 -90.5693 -94.9245 -99.3044 -104.1814 -109.0535 -113.8181 -115.4533 -116.8154 -121.7763 -129.6911 -143.0369 -158.6779 -175.5737 -190.1877 -202.5247 -210.7601 -218.0608 -216.4578 -213.5509 -205.3659 -195.0226 -181.14 -167.2758 -152.7054 -140.3969 -131.3482 -126.38 -123.202 -124.5314 -128.0918 -133.9092 -140.4165 -148.1296 -157.1185 -169.3176 -183.1515 -200.3076 -220.5359 -244.0404 -271.5095 -300.9202 -331.3018 -361.8134 -391.0545 -418.0529 -442.7744 -467.222 -489.4057 -510.673 -530.9601 -550.6167 -570.2491 -589.9272 -610.538 -632.5391 -655.4602 -680.2822 -706.515 -734.3386
-82.6002 -84.3975 -86.8302 -90.0187 -92.6203 -96.1501 -99.631 -103.0762 -105.3444 -108.5005 -115.4936 -125.4807 -140.8867 -158.1361 -177.1723 -193.0867 -206.1688 -214.8972 -221.6689 -220.5393 -217.2117 -208.9495 -198.8697 -184.8537 -170.942 -157.2689 -146.3885 -137.9609 -134.151 -132.3643 -134.343 -137.8141 -142.7977 -148.2954 -154.2356 -161.318 -170.1952 -181.0034 -195.2212 -213.6281 -234.5888 -261.4006 -290.7919 -321.8618 -352.3734 -381.7439 -409.5284 -435.4181 -460.3835 -483.7685 -506.1388 -527.3971 -548.4435 -568.5827 -589.8411 -611.1336 -633.877 -657.5872 -682.7494 -708.8192 -736.8577
-78.6944 -80.6339 -82.2691 -84.296 -86.9313 -89.1115 -91.493 -94.5329 -96.8571 -100.7763 -108.2768 -119.3262 -136.1539 -154.7346 -176.2034 -191.7825 -204.8646 -214.4448 -222 -220.6463 -217.2301 -209.5513 -200.0485 -186.3432 -172.7385 -160.5455 -151.4179 -144.3488 -141.9425 -141.5593 -144.1545 -147.725 -152.9152 -158.5365 -163.1381 -167.788 -174.3082 -183.1961 -196.051 -211.3516 -230.329 -255.8327 -286.2673 -316.6249 -347.3064 -376.8753 -405.4812 -431.8165 -456.8122 -480.7143 -503.8734 -526.066 -547.9647 -569.8869 -592.0561 -614.2539 -637.2026 -660.9135 -686.3865 -712.0897 -739.6693
-75.6675 -77.3634 -78.9986 -80.0916 -81.3297 -82.9649 -84.6608 -86.4071 -88.973 -92.9046 -100.1385 -111.8457 -128.8335 -147.7391 -168.9315 -185.45 -198.5321 -208.3951 -217.2637 -215.6455 -212.9937 -206.4527 -197.1285 -184.4253 -172.1491 -161.5812 -153.6215 -148.6167 -147.8183 -148.8166 -152.7116 -157.5365 -163.3775 -169.2875 -173.1933 -178.0481 -183.0048 -190.3633 -201.8639 -215.8761 -232.9226 -257.503 -286.9982 -316.4887 -346.5468 -375.4837 -404.0895 -430.4249 -456.3358 -480.0185 -504.117 -527.0103 -549.8436 -572.7205 -594.7145 -617.5244 -641.3684 -664.3116 -689.657 -714.3389 -741.2369
-75.0323 -76.4253 -77.3028 -77.6434 -78.4883 -79.1837 -79.4539 -79.7779 -82.2115 -85.1363 -91.9647 -102.7328 -118.2778 -135.8637 -155.1217 -171.0502 -186.2107 -195.8405 -204.4263 -204.3002 -202.908 -196.7623 -189.6307 -178.8759 -168.7317 -159.9833 -153.8237 -151.0569 -151.7701 -154.8168 -160.5323 -167.2457 -174.189 -181.0621 -186.2148 -191.6038 -197.601 -204.8886 -215.5072 -229.4176 -245.812 -268.4631 -294.6002 -322.9133 -351.2149 -379.4396 -407.239 -433.3076 -458.6391 -483.1679 -507.3269 -530.2205 -553.4821 -576.5824 -599.476 -622.0558 -644.6885 -667.5821 -691.6678 -715.9689 -741.7178
-73.1871 -73.9814 -74.7643 -75.79 -75.79 -75.79 -75.5801 -75.5801 -76.1245 -77.3893 -83.587 -91.8836 -106.391 -122.6572 -139.5117 -155.2303 -170.6303 -180.8075 -188.9508 -190.6451 -190.174 -185.2682 -179.4072 -170.4408 -162.4437 -155.2065 -151.2984 -150.79 -153.2653 -158.5671 -167.0225 -176.6125 -185.1321 -193.7419 -200.9656 -207.85 -214.4244 -222.2999 -232.9999 -245.9575 -261.7229 -282.9602 -306.5831 -332.4481 -359.4022 -386.1464 -412.3105 -437.8006 -463.1195 -487.6484 -511.8074 -534.7021 -558.3104 -581.4882 -604.3818 -627.2754 -649.3408 -672.0626 -694.9562 -718.7269 -743.2558
-70.2487 -71.5143 -73.0323 -74.1548 -74.1548 -73.4928 -72.801 -72.2641 -70.882 -70.8891 -73.8416 -80.2765 -93.9597 -108.1602 -123.1306 -138.04 -153.4877 -163.6425 -172.6311 -174.5479 -174.8753 -171.3517 -166.8176 -159.8392 -153.2372 -148.2331 -146.6925 -148.951 -153.9099 -161.8625 -172.7503 -185.2793 -196.4729 -208.0962 -217.6546 -226.5022 -234.0475 -242.674 -253.2542 -266.4258 -281.3178 -299.881 -321.6357 -345.5952 -370.3772 -395.0043 -419.7863 -444.3417 -468.8705 -492.7785 -516.7132 -540.4528 -563.5004 -586.6269 -610.1328 -633.0264 -654.8934 -676.9683 -699.0167 -721.9238 -745.6811
-63.8116 -65.9563 -68.3772 -70.8182 -71.1102 -71.5195 -70.3184 -69.4399 -67.35 -65.8829 -67.5181 -72.4365 -83.7277 -96.0398 -109.9014 -124.2429 -137.7256 -147.9186 -156.739 -158.8722 -159.721 -156.781 -153.2078 -147.983 -143.4872 -140.8555 -141.8653 -145.9215 -153.8692 -163.7301 -178.2625 -193.6097 -208.749 -222.8879 -234.3436 -245.331 -254.3756 -263.4534 -273.7266 -285.8217 -299.9299 -316.8018 -335.927 -357.7661 -380.6988 -404.1119 -427.4361 -450.6597 -473.8834 -497.5978 -520.8111 -544.5152 -568.2333 -591.5753 -615.1933 -638.5674 -661.2796 -682.9303 -705.2482 -727.6675 -751.3824
-55.1266 -59.1481 -63.2779 -66.7377 -68.6699 -68.8592 -68.3985 -66.8243 -64.3905 -61.7685 -62.6171 -66.1528 -74.9175 -86.3596 -98.8676 -111.3766 -124.3587 -133.1746 -141.1526 -143.6353 -144.6463 -142.1733 -139.9089 -136.5614 -133.5512 -133.4214 -136.1475 -142.7763 -153.5734 -166.156 -182.4273 -201.4846 -219.7426 -237.465 -251.4796 -263.8126 -274.0092 -284.8262 -294.6377 -305.7598 -318.1949 -333.451 -350.23 -369.7707 -390.2269 -411.8632 -433.8544 -455.7902 -478.6218 -501.5154 -525.3361 -548.3026 -571.9106 -596.4811 -620.2045 -644.6545 -667.8626 -690.1271 -713.0206 -735.107 -758.8914
-45.3151 -50.9718 -56.5366 -62.2853 -64.646 -66.2813 -66.249 -65.1414 -61.8709 -58.498 -58.498 -60.7211 -68.9547 -79.0533 -90.6248 -102.1959 -113.8348 -121.6737 -128.7847 -130.42 -131.431 -129.7957 -127.2644 -125.471 -125.1348 -125.6119 -130.4907 -137.7907 -149.9005 -163.8218 -182.808 -203.1246 -225.3781 -246.279 -261.6064 -275.9048 -288.8177 -300.4278 -309.6785 -320.528 -332.133 -345.292 -360.4553 -378.1381 -396.8423 -416.6236 -437.2763 -458.7837 -481.1413 -504.0349 -527.2983 -550.8259 -575.7474 -601.5938 -626.6667 -651.9465 -676.2264 -700.5519 -723.5832 -746.5422 -770.8438
-36.4967 -42.3304 -49.4563 -56.7041 -60.6602 -63.4078 -63.8413 -63.1199 -59.1604 -55.9032 -54.268 -56.2016 -63.8504 -72.9506 -83.8448 -94.2701 -104.5549 -111.5373 -117.7242 -119.098 -119.3704 -117.7352 -116.325 -116.0688 -116.3983 -118.4318 -124.0733 -132.2496 -145.0026 -159.8082 -179.8393 -201.568 -226.4581 -250.5209 -268.1584 -283.5073 -298.8563 -311.8707 -322.0254 -332.219 -342.6658 -354.9135 -368.2513 -383.6165 -400.9255 -418.8615 -438.1731 -459.4395 -481.6179 -504.3443 -528.304 -553.4644 -579.6582 -606.9503 -633.5595 -660.2661 -686.4942 -712.1559 -735.8024 -759.1694 -783.6983
-29.342 -34.883 -42.2826 -49.9435 -54.21 -57.4974 -58.914 -58.8279 -55.5574 -52.6397 -51.9785 -53.9526 -61.1239 -70.149 -79.9605 -88.7662 -97.7695 -104.1116 -108.9341 -110.5694 -110.8925 -109.9451 -108.3224 -108.914 -109.7672 -112.4129 -117.5512 -125.7086 -137.0459 -151.1438 -169.4762 -190.0208 -213.8145 -237.7715 -259.3055 -278.9808 -297.1843 -313.7589 -325.2218 -335.3135 -346.1039 -356.5751 -368.296 -382.2659 -397.9601 -415.0603 -433.0308 -454.4108 -476.4252 -500.9698 -527.2655 -555.0866 -583.5828 -613.0526 -642.5028 -670.9804 -699.2552 -726.273 -751.9814 -776.5435 -801.0723
-23.7158 -28.8396 -35.4593 -43.0808 -48.3258 -52.3796 -53.0297 -53.9575 -51.7609 -50.3432 -50.3432 -52.5834 -59.2635 -67.5352 -76.69 -84.5731 -91.8852 -96.592 -101.4146 -102.6053 -103.373 -102.4256 -102.0297 -102.5161 -103.8829 -107.0065 -111.9488 -119.3259 -128.6108 -140.3345 -156.9425 -175.3318 -196.9111 -219.8233 -244.9259 -269.1265 -290.743 -309.6431 -323.0037 -334.3217 -344.1392 -354.2881 -364.7306 -377.1004 -391.084 -407.3381 -425.0638 -446.2515 -469.0228 -495.9517 -524.1458 -554.4431 -586.587 -618.7308 -649.9638 -681.831 -711.7996 -740.9532 -767.4376 -793.8746 -818.4034
-21.3517 -25.1427 -31.5472 -38.3247 -43.86 -48.7658 -49.416 -49.1397 -48.9281 -48.708 -48.708 -51.0872 -57.6283 -65.0346 -73.9189 -80.8235 -86.05 -90.7633 -94.8736 -96.0296 -96.832 -96.832 -97.0021 -98.1876 -99.8731 -102.755 -107.495 -112.938 -120.3957 -128.2036 -142.3541 -158.2917 -176.4641 -197.1767 -224.7611 -252.4426 -277.7935 -298.9268 -312.8559 -324.3595 -335.0472 -343.9725 -353.3905 -364.7786 -377.8382 -393.3073 -410.4887 -432.5401 -456.4805 -485.6581 -517.0444 -551.2285 -585.342 -620.9484 -655.9778 -689.9283 -722.198 -752.9282 -781.4699 -809.2017 -833.464
-18.3594 -21.8722 -27.6555 -34.2338 -40.5895 -46.2216 -46.6846 -46.1265 -47.7117 -48.9273 -48.9273 -50.755 -56.7069 -63.3994 -70.6484 -75.6984 -79.8331 -84.1332 -88.3325 -89.3402 -90.2909 -91.1694 -91.8008 -93.4361 -95.8624 -99.1223 -102.5892 -107.495 -112.8676 -119.4697 -130.1132 -143.3032 -158.1394 -176.7552 -204.7664 -234.1578 -261.4544 -283.7953 -297.7556 -310.0471 -319.9036 -329.0626 -337.5267 -348.2612 -361.2663 -376.7354 -393.9168 -416.2968 -441.6142 -473.3118 -507.034 -544.4802 -581.9721 -619.7397 -657.9561 -695.4083 -729.3959 -762.0415 -792.1891 -821.7835 -845.3995
-15.0889 -18.6017 -23.8913 -30.3635 -37.5503 -44.5706 -46.4185 -47.6163 -49.2516 -50.7449 -51.5448 -53.5749 -56.5608 -60.5467 -65.3141 -69.081 -72.7296 -76.0001 -79.229 -80.8642 -82.6751 -84.6973 -86.6603 -89.1882 -92.0187 -95.8518 -100.1223 -104.1517 -109.4517 -115.035 -123.9267 -134.0244 -147.5156 -164.1574 -188.5505 -213.7947 -238.4764 -259.5655 -274.2828 -286.5838 -296.6657 -306.1917 -314.8513 -325.5858 -337.8352 -354.0601 -371.7076 -395.648 -422.2918 -455.5036 -491.4586 -531.6246 -571.7906 -612.9567 -653.1227 -692.7426 -729.3481 -764.2512 -795.7108 -825.3939 -849.5234
-11.3053 -14.9391 -19.9409 -25.3563 -32.7512 -40.7725 -43.5952 -46.4711 -48.9825 -51.8664 -52.9596 -54.4772 -55.9868 -57.2986 -59.6105 -62.2828 -65.5533 -67.9412 -71.0609 -73.5626 -75.8331 -78.3436 -81.3741 -84.513 -87.9951 -92.4801 -96.9754 -101.1223 -106.301 -111.9141 -118.1317 -125.3876 -137.3078 -151.7778 -171.6558 -193.2654 -215.3279 -234.0146 -248.4085 -260.7319 -270.5435 -280.355 -289.5952 -300.9011 -313.104 -328.5731 -346.5833 -371.5985 -399.7232 -434.2089 -472.6487 -514.562 -557.9157 -600.8466 -643.6866 -685.7829 -723.5891 -760.3834 -792.6531 -823.1031 -847.4514
-7.5479 -10.8589 -14.4024 -19.2061 -25.2846 -31.3154 -36.9234 -41.6533 -46.286 -50.4913 -52.9259 -54 -53.3339 -53.3339 -52.6678 -54.1065 -57.377 -60.5797 -62.918 -66.7524 -69.8651 -72.5626 -75.6662 -79.1546 -83.9179 -88.7991 -93.7049 -97.8518 -103.8448 -109.4222 -113.7743 -118.9177 -127.6022 -138.9229 -155.6285 -173.2277 -191.6555 -208.4704 -220.8123 -231.8121 -241.0945 -250.0874 -260.7319 -272.2354 -285.3046 -300.7737 -318.7839 -343.7992 -372.0066 -407.8319 -447.903 -492.4789 -537.4596 -582.5072 -627.2626 -671.1564 -710.5071 -747.9816 -781.2063 -812.4612 -836.2358
-3.2021 -6.193 -9.4075 -12.8933 -17.0333 -21.54 -26.9775 -32.415 -37.3208 -42.2615 -45.1728 -47.5322 -47.7663 -47.6667 -46.8607 -48.8668 -52.1373 -54.8761 -58.1466 -61.4171 -64.5415 -67.4899 -70.343 -74.2488 -79.1546 -84.0603 -88.4399 -92.5318 -97.0506 -102.7808 -106.0513 -109.6218 -116.3979 -125.283 -138.6039 -152.5554 -167.9832 -182.2355 -193.2662 -202.949 -211.6651 -221.301 -232.0534 -243.991 -256.8021 -271.9349 -289.1281 -313.3099 -340.9182 -378.5291 -419.4575 -465.2447 -511.6722 -557.9481 -603.1637 -648.3156 -687.8385 -725.8847 -759.14 -790.3686 -813.7476
-1 -1.6515 -4.476 -6.4016 -8.437 -10.6666 -15.0996 -20.3329 -24.621 -28.9237 -32.1942 -36.4228 -39.7591 -41.4683 -41.5341 -43.8575 -47.128 -50.5441 -54.8761 -57.4698 -60.3848 -62.6367 -65.8546 -69.343 -74.1604 -78.104 -81.8331 -85.1036 -88.2706 -91.4376 -94.7081 -98.2475 -103.9191 -110.9203 -121.1775 -132.4146 -144.365 -156.1041 -165.8236 -174.2532 -183.4449 -193.2223 -204.0698 -214.8044 -227.1476 -241.8779 -258.167 -280.9453 -308.3124 -346.824 -387.3876 -433.1793 -480.4987 -527.6741 -573.442 -617.6173 -657.8932 -695.5042 -727.3076 -757.9163 -781.6282
43.2485 10.8102 -1 -1 -1 -1 -2.069 -7.9897 -12.8955 -18.2157 -21.4863 -24.9121 -28.5185 -31.6937 -33.8065 -36.678 -41.1567 -46.0026 -51.5749 -53.4604 -56.0957 -57.731 -60.9488 -64.4373 -68.4899 -72.0216 -74.5533 -77.8238 -79.8031 -81.6043 -84.1577 -87.4282 -91.6339 -96.5204 -104.6405 -113.0364 -122.6398 -132.2141 -141.1371 -149.5667 -158.0169 -168.2243 -179.3833 -190.1179 -200.8259 -213.7779 -228.7282 -249.8554 -275.6073 -314.6616 -355.5789 -400.6273 -447.0548 -493.5349 -537.9274 -581.0639 -618.8284 -655.2311 -686.1602 -715.73 -737.9492
