MapLib/Lvl1_5x5/BG/Ele_BG_FB.asc
ncols         557
nrows         557
xllcorner     556500
yllcorner     3337669.448
cellsize      1000
nodata_value  -9999.0
[rows 336 to 363 of 557, columns 252 to 314 of 557]
128.8946 132.7307 137.7441 143.6925 145.3803 133.5606 134.7098 133.8478 139.0017 132.5775 156.078 132.7305 131.8311 142.0209 134.0148 144.821 139.2549 138.7167 132.0756 134.5363 133.8871 142.6691 141.2473 136.7851 148.981 142.8628 143.8206 137.7221 140.0491 152.7841 133.0713 135.7394 128.9358 131.0634 140.5332 136.4167 135.4804 139.7778 137.5385 136.3962 141.5353 139.0068 146.1153 147.9085 151.356 150.7926 148.0425 136.8575 138.5019 164.9027 162.3468 146.322 149.0986 148.5474 148.8321 168.2266 149.0452 165.5512 160.0124 146.3845 144.8324 159.5931 159.6426
131.6204 130.656 130.5556 134.3311 142.8672 137.8981 138.8505 135.5927 133.047 129.5564 129.5468 128.2279 130.8532 130.1122 139.3656 140.3808 137.1452 131.4318 130.0294 158.2073 140.37 133.1584 141.4259 139.8606 135.7023 158.5841 130.0537 137.3699 140.6165 132.9519 139.1765 138.2588 181.6103 139.5491 131.9122 165.0878 137.259 142.1545 141.6625 138.1023 147.3265 138.8595 148.4901 151.5151 155.4104 147.05 145.7795 147.5302 145.5185 160.3217 149.562 174.1891 156.7825 150.0232 163.6578 155.2401 143.4276 145.3018 141.0489 156.1152 148.2131 163.9687 140.1008
137.5449 131.4004 130.157 150.1398 155.1773 143.9981 138.1998 154.0272 142.289 132.3657 131.3406 126.9118 138.3544 144.8312 154.1339 154.2865 146.1439 156.3443 136.4617 142.9037 132.8112 130.1903 134.1622 129.993 146.1318 137.2611 130.3621 132.0244 139.3416 136.1964 135.2072 143.3689 149.9704 128.8022 132.4923 132.75 140.2488 134.1779 147.6465 143.7656 154.3998 142.326 147.7233 147.965 140.1244 146.7683 145.5538 167.0633 172.1162 146.1247 143.6737 157.5024 154.584 154.416 154.7437 151.7319 159.1902 178.6386 142.7695 158.5201 146.6359 138.3701 144.2022
138.1828 134.1974 130.8194 134.0231 137.9454 141.8842 145.0776 133.1861 142.7054 148.241 132.9927 130.0719 134.3651 136.9064 139.3438 141.5579 141.4093 137.7195 135.962 139.2621 143.5698 133.2609 135.9291 131.0138 138.6036 147.2975 147.924 137.371 142.9121 137.9193 142.3868 135.638 132.2919 131.3215 131 136.6602 144.6721 138.9117 146.1217 137.7711 143.7023 136.7227 142.4582 138.9561 143.79 139.5533 149.8681 152.3092 150.9235 143.5475 143.9474 152.6677 144.4163 157.4388 158.8935 157.3481 156.4059 150.2255 149.6754 145.1932 141.469 141.0006 155.4219
147.722 138.6647 137.8549 131.8785 134.5033 147.6577 144.1842 135.4045 132.1361 140.9006 146.5513 137.0024 159.616 137.3226 158.2836 138.7182 135.3112 142.4567 131.4331 134.0008 139.424 154.4516 132.1289 135.6183 136.1798 158.1808 145.3947 139.4316 163.9859 144.7785 136.0014 132.6905 137.4212 142.774 139.4394 141.3939 162.525 135.1674 140.9625 143.3674 152.976 142.9946 145.1906 153.4734 149.3315 140.8043 151.2736 169.2943 157.747 149.0632 152.2138 150.0666 153.1415 147.8639 155.8051 154.989 139.3519 144.8191 146.6465 173.1158 154.8672 140.2655 156.1797
139.7748 141.1685 132.386 134.2634 137.8694 141.2471 141.4193 132.8325 131.9281 134.6235 133.626 135.1445 150.0134 135.5955 146.2952 156.6974 133.7723 137.4272 138.9733 137.3161 159.6765 130.6747 141.3063 132.7016 129.2639 133.9283 137.2099 146.8352 139.4593 140.1359 148.2283 150.2172 137.4415 140.7358 134.6102 135.0651 132.8956 138.0562 143.9844 145.976 145.294 147.0887 149.1181 138.9033 141.7165 148.1052 158.7903 150.8487 158.5488 147.2076 146.9383 142.4424 148.5147 151.8602 150.6481 147.1691 143.4431 148.6094 146.1057 155.6815 145.1568 145.4397 171.422
142.2565 133.0285 132.7099 140.2301 143.825 133.9217 133.4503 132.9573 133.6364 144.3858 138.6667 136.6333 138.9004 140.5474 135.34 133.2787 133.7744 135.2171 135.1744 131.065 141.4387 137.8552 133.9161 135.929 134.4063 158.5041 134.0143 142.1069 137.7008 148.4843 136.5216 130.615 143.1631 134.7082 133.521 150.1787 142.1815 135.5487 136.3629 152.612 156.0554 138.2221 155.9999 157.868 156.0072 144.8091 152.4567 147.941 170.025 161.5949 153.1332 145.0201 150.9712 150.4693 148.1475 169.3155 157.7358 163.7902 174.5307 144.323 154.4311 139.6116 142.3674
135.714 131.3551 148.225 153.9977 140.6682 136.8171 136.9713 139.399 134.4445 132.4421 136.1961 132.1064 142.8004 141.8442 136.0359 149.2387 156.3761 144.1461 139.7921 132.1971 132.1277 130.0703 134.6095 173.0851 132.6277 130.9104 134.5051 135.6181 170.4695 135.9275 149.6597 143.2603 139.7865 131.811 130.599 128.7141 137.0994 149.1841 138.4498 142.5479 138.1024 137.63 145.9435 139.6301 137.134 142.9647 178.4111 148.0501 165.1624 142.8114 147.5441 150.2364 165.1381 152.1453 153.0302 167.926 154.0479 151.7389 160.483 145.7251 145.9734 151.0139 189.1733
144.4571 139.1316 144.2062 137.1607 137.8968 139.2255 135.8773 136.9703 133.0035 134.5486 140.9119 130.5278 140.5478 144.5127 137.7117 134.4863 137.7302 145.7587 142.4679 153.2913 143.029 133.9042 129.3288 128.7746 130.644 134.6889 146.6954 141.7618 144.2659 137.3777 191.4457 148.2514 140.4169 141.4016 167.8092 158.0029 138.4188 132.2228 145.0328 134.9024 142.852 170.6457 144.0039 142.32 145.4055 163.936 142.4959 168.3483 147.6499 146.8482 147.2768 185.1802 152.8128 152.8255 149.4536 145.1224 144.6243 148.8546 167.0028 146.8867 148.3152 169.9709 139.2194
141.5167 142.5023 140.0401 144.854 140.2288 142.8703 137.1658 135.9064 134.1544 143.3343 135.6225 131.9546 136.8569 136.8167 133.4511 132.3044 135.4224 134.7826 134.0408 137.5018 138.5509 136.6477 135.9927 132.3328 136.1389 132.9875 137.5859 155.8251 166.8448 132.584 136.8301 134.9659 139.2002 137.5228 134.3503 135.3086 140.0721 150.0522 140.0941 147.472 141.1895 149.4637 138.4445 154.3767 142.2035 142.7838 142.9173 145.3745 149.3174 177.8981 152.4978 146.2778 147.1003 162.8852 152.4605 148.1612 159.9901 166.1333 147.6967 143.0152 153.2231 148.2045 145.4739
140.1577 142.0317 141.8526 143.8684 142.0619 135.8316 133.367 139.9926 142.9678 146.7454 148.3866 139.3624 138.0033 139.2278 135.3231 134.9766 149.8658 145.2117 133.8302 144.1611 145.5105 134.5489 143.3198 140.4807 147.1588 138.4706 149.4438 141.9268 136.8107 135.5727 146.852 141.5523 136.3181 147.8334 150.8038 133.0842 139.765 147.7859 150.6774 150.2176 152.6042 150.9083 136.6636 141.8423 143.0548 157.2489 147.7397 143.888 158.9311 154.0846 142.0077 146.2734 153.5299 158.2229 146.3752 156.3125 151.0464 170.3218 157.0225 152.9054 151.9217 151.1999 168.4658
146.963 146.0786 141.5004 137.9254 136.5608 133.7557 137.4707 133.7512 136.6476 141.3398 137.9351 141.7577 145.8755 145.2485 146.399 135.1685 145.9762 140.3349 136.1536 134.0985 132.9477 139.332 147.142 143.0986 143.4776 141.0294 138.6761 141.6886 138.3915 143.0963 139.3215 135.4665 142.0609 146.5875 146.9831 168.648 137.175 140.7887 146.6229 146.1313 146.9353 137.6452 139.6753 151.0467 146.4138 153.9651 143.1184 154.2361 153.4287 144.994 152.6301 149.282 151.7566 145.7382 158.0754 152.7667 144.2267 151.8947 153.6953 142.4792 144.8212 148.3748 144.4486
147.4247 146.7842 136.3141 134.0424 138.1216 144.6086 143.7088 134.1281 139.3338 137.5879 141.5139 140.435 144.6711 148.6865 137.3373 131.0955 131.1214 133.6349 131.5506 136.6978 134.6014 170.697 142.1055 137.4327 147.4057 146.1658 147.3935 158.3703 148.8668 141.1699 143.6657 140.4729 137.8501 149.0524 136.0048 145.7621 138.4859 136.1086 138.542 146.3977 143.5519 146.6182 150.7567 158.1156 144.2917 147.2918 144.5709 142.8666 144.9903 143.7041 140.4537 160.0982 153.6709 147.4272 154.7194 147.6339 143.3492 147.3987 149.5197 155.0115 169.4381 162.1453 144.3479
157.6014 143.0571 136.5225 138.4813 142.0584 147.2844 142.7432 140.0534 140.0519 139.984 135.4877 140.1581 136.9343 137.1693 132.1595 133.0782 139.0852 143.5023 133.5968 142.644 146.9663 153.3895 135.8472 138.2744 141.2613 149.4753 143.1776 138.3942 136.6209 151.5047 143.3917 151.3999 141.8422 137.6688 136.9471 136.2489 141.9495 142.7328 142.1689 141.9638 135.1262 142.7542 145.973 140.8222 153.9213 149.2086 145.9693 144.183 145.7834 139.9068 141.3768 157.5049 146.4319 147.4606 156.184 164.9655 143.5782 143.1741 153.8373 156.1806 163.1939 152.227 173.0559
141.6271 138.0094 137.3406 135.3694 135.6039 138.5665 151.9501 140.848 146.6319 147.0181 141.465 137.0846 134.4439 136.1547 131.0732 130.5763 137.1942 139.358 136.5675 139.8355 138.5719 148.5728 138.0153 135.4938 134.1926 135.5368 133.6015 136.7359 143.7471 137.7323 136.7749 139.0183 138.5919 136.6629 134.203 151.3958 155.9699 148.2492 138.8507 149.6736 144.958 146.9714 141.5844 141.2971 144.8647 146.426 159.6515 153.2686 151.277 154.0357 155.4697 153.4405 165.077 156.1265 160.5923 164.1595 142.9149 149.7187 157.7204 164.075 148.2127 152.4933 145.9412
138.7693 139.994 140.6695 137.8776 137.7876 138.7596 140.8159 138.5679 135.4124 138.2553 149.0463 139.2701 134.0256 136.597 133.4079 134.7387 135.106 143.9781 148.1648 148.0786 151.0849 139.0109 159.7496 147.7511 141.7757 146.8728 149.2859 141.0824 137.5808 173.615 134.5768 157.9558 144.4552 139.2231 144.8379 172.206 144.0746 139.3312 140.1101 142.8885 137.3566 185.8765 147.78 174.4923 148.495 154.2141 176.8066 156.62 150.8983 171.089 155.9196 152.3294 145.9451 145.9057 163.987 148.4208 160.3774 158.4553 173.4431 148.6259 147.0556 151.0344 144.2615
139.2234 137.2444 141.3658 141.0405 136.0047 135.5794 135.3872 138.2031 138.3182 137.0853 143.4881 142.753 139.4676 137.1434 138.1838 137.5112 135.5922 154.1824 137.4965 136.0438 136.9843 144.2567 138.0126 138.2905 135.8577 137.8082 145.4884 155.9183 147.5158 134.08 140.7023 145.7848 149.0768 143.5028 142.1296 148.7608 137.3811 152.9612 152.7915 145.4561 147.8544 145.1186 141.8976 139.8072 149.711 148.4032 147.3599 143.7545 146.3639 158.888 151.222 151.2139 149.2578 150.186 151.3831 161.4933 148.1447 144.1087 144.8471 152.9826 151.5556 152.856 147.3326
143.1884 142.0031 144.0435 136.9119 133.3252 136.9401 137.3596 135.0227 136.5864 135.2114 138.6788 147.8466 158.0472 147.177 136.2805 134.3645 136.5475 141.7749 138.5322 138.353 142.3298 143.1427 139.2838 141.9887 139.0371 140.6696 137.3048 140.895 149.5702 141.3147 149.5204 141.4283 134.9157 138.8584 147.0925 148.8811 143.1661 147.5476 145.2276 157.6775 150.4675 144.0567 144.4799 138.9079 150.1139 147.2726 160.4086 170.7765 147.3731 149.1645 146.5049 183.2075 160.1869 160.8635 154.1583 145.2842 147.3694 160.4561 146.9424 146.8268 143.9764 158.7861 161.4028
141.2469 141.9601 144.3254 145.9328 139.6209 137.0926 139.6867 139.1001 140.7732 137.7789 138.0536 140.8766 147.7101 142.8133 146.4163 140.1079 138.3987 141.7092 145.8696 136.923 135.2648 135.5375 143.9093 149.9517 149.3608 136.8925 137.0228 139.7645 146.2959 147.6407 146.0629 186.2737 146.3194 148.5888 147.536 142.0987 161.227 152.3989 153.1585 151.0548 150.3771 143.5911 152.2671 146.7463 147.0512 145.7832 147.4969 147.2286 156.1536 163.884 153.1863 155.9134 146.6319 157.2887 152.5944 143.3362 153.6694 150.2422 158.5526 156.8575 150.1476 168.5121 149.5352
141.1816 137.3181 145.982 138.2344 137.9694 138.4196 134.9899 138.8523 137.9984 144.5717 145.9646 151.8703 145.5546 144.5561 133.0091 136.4295 135.6657 141.5673 148.9464 151.6537 187.9899 139.0895 138.0929 140.39 140.3867 140.6183 159.7549 142.9181 139.9538 142.8109 146.3062 142.2856 158.3666 150.1436 149.8759 140.1033 147.5063 144.4667 155.5424 151.5966 173.81 157.7545 147.5749 148.9907 155.2686 162.6966 154.9377 147.531 148.2954 147.0125 144.3418 151.8442 146.4638 159.7298 148.1661 155.4133 145.2814 155.0014 150.923 145.5398 171.3162 155.1207 152.038
139.1871 141.0746 143.8526 143.5311 142.7572 142.0222 137.7764 138.7584 140.8952 142.9996 144.639 138.2788 135.5499 134.4656 132.4552 137.2312 134.7523 135.2294 144.2295 143.5767 137.9802 141.8281 147.6631 156.11 168.3571 154.2688 136.0783 143.9417 144.0815 138.6016 146.3665 139.5996 144.1033 145.2382 149.6173 143.3254 138.8886 141.4468 160.9059 147.1496 135.6949 146.4981 148.4914 146.1767 154.2637 150.2629 167.9979 156.1898 164.3047 157.1052 141.2396 148.496 162.9763 153.4189 165.5486 185.9645 160.4302 148.1836 144.377 154.5652 158.9793 160.9309 146.1859
136.5654 141.4696 149.8232 140.4867 146.6935 141.0861 150.0885 145.4947 152.8628 142.0145 160.6906 152.6353 138.5932 134.6002 135.7342 134.2026 133.7225 145.0197 140.3534 153.0508 141.3256 141.3692 135.9928 135.1785 146.8276 152.5411 156.0148 138.7638 145.3148 137.4738 140.0148 139.5304 148.8873 149.2823 153.3162 144.9654 149.8677 152.1089 151.9534 141.1655 157.0374 156.4731 143.8785 167.1187 140.2216 146.4456 148.6644 148.2388 151.5586 147.1214 145.8504 159.4935 157.7976 148.1541 152.3958 165.0907 157.2842 167.7586 159.8653 156.5691 151.7497 148.0947 160.1418
148.8047 142.3825 154.626 141.6764 134.3762 138.2063 143.7541 143.423 148.5373 146.2099 145.8106 154.566 145.4277 153.4114 151.7152 151.2668 147.2573 162.7082 140.291 140.4234 142.4959 159.7435 140.4086 142.2074 164.7892 152.0871 139.7217 151.5164 137.4694 138.1773 138.5066 150.5573 167.7527 143.8868 145.9932 150.5485 147.4434 148.4173 153.7808 175.2788 156.5132 151.0037 157.7217 152.3917 148.1713 147.3706 158.6052 167.5315 158.8457 161.6062 146.0608 167.2128 149.5526 145.0668 142.7134 149.8843 158.1526 147.698 147.361 149.542 163.4072 153.8343 154.2619
156.3223 140.2148 139.3504 139.2489 139.184 137.1776 139.1418 138.3118 136.3295 136.7909 144.8465 153.6303 143.5415 137.622 141.4591 140.2171 161.0455 150.056 145.372 150.6871 140.9556 134.9191 134.8231 136.5468 144.655 145.6949 154.5104 147.9923 140.3865 139.6235 142.0654 145.7502 152.0437 144.5011 146.8132 140.4061 146.4152 157.0208 158.6605 151.4685 147.8651 156.8669 152.3923 158.2466 156.0614 146.5122 156.7872 151.3131 156.6102 152.2021 151.6056 153.2122 159.9798 147.9825 147.0866 154.1686 170.0713 160.7731 163.2621 153.3709 157.0418 156.5471 168.4633
140.3892 146.2848 138.8577 141.5241 145.5385 138.6638 136.3979 135.1022 137.3261 140.8962 141.7129 152.4103 153.8461 144.6248 145.7327 144.7933 143.5421 143.4023 152.6721 151.9122 143.8918 137.3964 138.5797 145.7428 173.5177 165.4709 147.8717 147.4875 148.7431 140.7883 142.4141 167.2769 143.0294 143.9105 151.1392 143.122 145.0431 149.3753 147.0293 148.8918 148.4513 161.8704 147.2559 147.2062 151.2862 157.3468 157.455 163.5095 164.7621 161.4146 154.5772 167.3844 155.8116 156.1579 184.9643 151.2357 148.285 150.0718 152.1264 156.451 166.9965 163.7032 153.1523
141.4606 145.0484 145.8444 146.1529 163.3643 136.4703 134.4463 137.1831 152.5355 139.8098 144.7652 144.8232 142.542 134.6239 145.7902 147.9286 168.8382 155.8069 152.7069 142.0199 142.3355 150.3104 141.9072 147.9238 159.4888 146.6149 141.9857 150.133 144.2429 136.8341 142.3858 154.6428 139.9882 162.1171 175.2298 141.211 147.6962 147.9712 152.9177 144.9216 151.0753 177.4469 148.4559 172.7628 151.3062 154.7582 151.7213 157.6541 162.874 146.0012 167.8541 146.5556 170.9715 158.9395 142.3338 145.7762 148.8402 167.4441 159.4247 163.9828 147.3078 148.9786 146.9984
148.2547 148.0234 139.7432 143.7538 137.7178 135.6339 137.4361 139.442 140.5459 141.3704 144.0356 149.3204 137.8472 136.5862 137.875 138.2862 141.9596 149.6545 151.6458 141.0923 137.3492 141.3916 137.8525 141.1756 149.8406 140.2061 144.9395 152.9678 152.8818 146.3244 148.2868 159.3203 144.5485 146.2599 139.1897 141.8799 148.078 164.0748 159.6502 151.6586 158.4528 154.045 152.5974 151.68 147.7172 155.2281 148.4077 152.5714 149.8742 160.0615 153.18 151.4308 151.1728 154.8464 157.9352 148.377 145.9239 149.9925 153.6132 149.9345 147.1001 147.6953 149.7832
140.634 141.6998 139.753 143.685 146.8063 145.1289 143.6777 141.0612 146.3778 142.562 138.9677 137.471 137.2447 138.4847 139.504 146.0701 167.4976 148.5543 159.475 141.4725 139.679 145.5906 142.6474 142.5132 149.9162 155.549 137.6968 133.8306 136.2789 144.4465 149.9292 146.2617 169.2484 151.3871 149.7916 153.455 150.8777 150.579 156.9846 148.3699 143.6273 151.4086 151.2734 159.65 155.3499 148.5297 145.8303 152.1489 155.7126 166.7388 158.5724 146.8933 148.618 148.505 158.5032 155.8073 152.0249 147.9062 148.6879 149.1494 155.6353 155.0222 182.7256
