MapLib/Lvl1_5x5/BG/Ele_BG_DF.asc
ncols         557
nrows         557
xllcorner     2784500
yllcorner     4451669.448
cellsize      1000
nodata_value  -9999.0
[rows 216 to 242 of 557, columns 248 to 309 of 557]
175.7955 156.7343 105.0205 67.415 62.8312 50.999 41.3419 30.4731 28.7792 28.5444 26.5475 33.6326 27.1867 24.9305 22.6577 22.2372 21.1159 18.5463 24.7552 21.7955 23.0972 74.0238 59.2739 50.1527 23.5149 20.5046 44.0906 93.0932 76.6563 33.7437 17.1649 16.7673 27.4209 14.821 19.6185 17.1404 19.5279 11.7659 17.1153 16.3727 15.1099 41.7475 42.6267 46.5046 42.6763 45.5196 59.5024 38.9031 45.8741 59.7425 27.6774 21.5472 62.7994 120.8604 101.9907 57.706 70.022 33.8584 86.4539 120.7809 120.1909 85.0328
189.4961 245.905 208.2395 142.7792 86.7793 43.9029 29.6268 27.7908 26.42 23.1362 22.441 20.9143 21.6732 23.1713 26.6019 23.4727 20.8529 19.0383 20.0738 19.7665 18.7106 22.0167 18.4888 21.5622 17.4334 18.0198 17.1994 18.8019 17.5878 14.6556 16.9248 14.999 20.0658 20.8798 24.0828 26.2822 13.035 13.2299 14.1891 16.7879 27.7407 21.9632 26.068 24.3401 18.3504 14.3532 24.9992 48.7721 27.946 13.4082 11.5926 50.5847 97.9465 125.9224 140.928 135.2557 83.338 31.2823 46.9053 59.0185 91.6214 100.4817
47.9619 107.4919 112.0748 130.4893 112.8416 61.8305 82.9216 54.9326 45.1281 37.1044 50.1732 83.7678 33.6735 30.4885 45.7102 58.0309 45.6949 47.3236 42.5306 27.648 44.6508 34.1669 24.0868 20.8653 24.4519 24.8092 17.6911 19.2864 16.3886 16.3996 13.6697 18.7732 13.1649 16.9772 18.0812 16.6978 14.4969 14.4622 14.0817 14.1941 17.552 14.0108 14.6161 19.2186 15.5845 25.3618 21.7829 17.7677 20.5158 20.2626 12.6545 43.2152 111.2608 127.0494 96.0995 87.3571 102.941 89.4172 25.8198 31.6264 81.7618 70.5707
62.2259 31.2486 26.2608 27.9222 77.2511 126.137 81.4616 115.5494 87.3619 80.0965 85.0907 145.4218 85.1447 97.0402 103.8912 139.603 139.6447 104.529 53 57.1728 90.6477 69.7953 43.3525 37.8043 40.2574 41.1982 56.0472 32.8775 35.8477 54.5758 81.5951 43.1427 61.6604 46.4226 48.0298 31.1553 32.4729 25.3572 20.9185 19.9906 16.1394 14.14 13.2617 11.6317 16.8604 9.4904 13.7901 26.406 15.0898 18.6058 13.4324 15.8499 73.4542 67.8301 69.4159 72.198 45.398 59.2303 68.8923 28.89 16.6662 34.1388
77.4999 58.285 46.9535 37.6217 43.7352 85.5633 161.0695 202.6693 176.1909 144.1093 157.6268 145.0805 115.5579 171.394 216.3814 201.573 134.8483 60.2967 56.4046 66.3463 102.0489 89.15 80.4492 136.9274 112.5186 66.7967 44.547 31.7033 62.0596 103.2272 99.7166 76.7416 87.9943 86.9316 105.3592 80.7139 86.9653 100.9454 84.8872 66.9714 39.0045 38.1999 25.8375 15.7158 20.8869 27.0463 16.6861 13.6757 10.2464 9.2684 10.208 16.8214 19.6415 20.7515 25.417 28.7431 20.5931 14.0776 11.5355 17.6016 11.6276 10.9523
111.0365 103.166 89.4136 80.6238 78.149 62.4492 74.4129 88.3369 116.2907 157.2651 200.0071 187.3851 176.936 217.2802 242.7138 223.7725 116.7072 53.525 71.9326 119.9339 118.5995 123.1946 123.8327 151.3639 82.8759 97.7082 119.971 150.8701 154.041 134.0581 114.4647 115.8874 140.3641 141.2775 129.0684 111.1511 104.3229 88.8032 71.5769 45.8002 73.4591 85.5267 55.8326 66.7736 59.4132 45.1112 31.2643 20.0584 15.2746 15.4663 10.9035 8.2779 10.4574 13.1551 13.5442 8.0067 8.3893 9.4932 8.6107 9.1812 8.5806 8.2191
189.8451 250.9509 209.4358 140.5568 114.1863 88.9441 92.6339 95.1349 94.6893 111.1762 147.1562 222.3924 127.7482 109.1516 111.7604 109.6514 79.3107 53.5573 53 61.5882 108.4665 139.8723 155.1338 174.0031 99.2675 148.0119 211.0236 236.9983 235.5675 215.5714 174.5442 152.0351 138.1216 119.336 112.0412 110.7875 99.3202 87.7667 95.1274 99.2105 81.1188 91.0917 95.6438 70.2213 60.3008 101.5858 94.1629 82.1029 53.8257 43.4241 29.9847 22.9316 23.078 14.9678 12.6348 10.0567 13.89 10.2157 13.2692 15.0486 11.1169 7.5348
426.6061 390.2767 383.5549 383.4568 295.9776 199.3488 179.4936 120.0148 80.5614 70.4717 68.3052 145.7583 94.4215 53.9807 56.0653 96.9464 199.8861 146.7771 53 62.1843 163.7673 262.6858 171.0001 96.7543 64.9822 84.2966 105.8339 124.6521 146.694 187.7753 176.6362 186.3281 274.7914 253.5331 217.9263 205.1139 164.0073 125.7168 124.0398 112.1455 145.2794 123.3102 91.2304 116.8288 107.4468 140.5625 118.5022 99.8129 83.1851 61.5803 54.507 34.7968 19.8245 15.2948 17.3097 27.5031 59.8174 64.9934 49.8667 48.2717 53.7769 36.5382
337.2017 382.059 427.2932 344.1793 182.6079 82.6168 104.4064 88.5265 83.8069 58.1484 60.4069 64.3722 107.3071 60.3428 74.5082 58.867 66.3666 64.0815 58.3167 62.0995 172.5035 253.8009 226.1447 84.2945 186.3207 186.4464 222.5003 254.6028 236.0443 216.7063 186.7468 184.6134 273.5087 335.5253 304.1663 271.597 212.1781 183.9141 215.5805 167.9834 143.4733 138.2345 148.325 147.7419 151.5939 139.1994 121.796 78.1937 57.9173 47.2461 38.9287 25.9207 26.1828 47.0557 79.2409 81.2077 120.7149 136.3089 84.2355 82.3786 110.5213 72.0858
173.0415 172.4551 179.659 186.4214 201.9757 84.7974 179.6156 177.5574 153.0196 145.7254 122.7557 107.2336 117.1715 142.2918 150.9814 144.0127 286.125 214.0324 155.7928 136.7123 145.8525 172.6191 168.3866 76.8357 134.216 176.7682 219.331 259.7152 306.6256 309.1956 292.107 232.0785 275.1284 347.4557 359.3531 246.2245 170.2493 269.5563 255.4591 234.9645 209.7876 169.3397 194.0095 201.662 196.6007 161.2816 124.8859 90.6894 70.8015 60.2203 96.0589 124.6943 117.0796 138.9417 117.8703 153.6508 135.5954 170.7326 150.4955 157.9935 174.5452 152.5146
198.6736 137.2362 118.0694 97.3402 52.2313 104.7664 208.9782 308.1173 293.7592 173.9366 298.1124 301.1594 363.1607 276.5723 206.2749 162.4888 267.487 250.3037 209.4173 247.7762 252.8595 244.7943 227.3848 140.5177 166.7865 326.8669 296.4573 358.2841 393.6214 369.767 252.9451 240.679 286.8851 333.1434 366.3589 289.3906 231.5473 302.4249 234.0252 285.0586 258.0136 243.5304 220.6011 206.4957 169.6461 146.4607 126.7211 99.0049 77.2451 69.2354 46.0421 153.6436 211.1492 190.4892 163.59 150.4099 191.1034 173.3819 174.4703 139.4543 149.2274 131.5351
200.5136 207.5681 105.4896 56.1342 60.5622 101.4809 216.7404 306.2943 267.4171 283.2494 246.0801 350.2573 294.112 250.7895 182.3535 170.4572 227.0563 241.1605 219.6577 181.2963 139.6852 101.7867 110.882 143.1665 185.5838 145.975 279.1548 322.0371 379.7144 352.0735 241.9445 282.092 352.2402 422.9142 309.5299 268.5808 307.9307 326.0445 303.8256 230.9216 204.3367 162.1227 131.6744 120.9885 129.9722 133.5725 113.4185 84.0579 62.1939 68.3166 142.0083 160.8852 211.0522 204.6574 170.483 177.1253 168.5187 150.0405 131.7575 142.1026 111.5184 95.9695
96.6085 94.0911 148.4153 99.4185 162.9287 170.9872 221.1739 298.7521 373.898 336.1751 377.2076 339.0633 269.7985 189.6437 146.7642 251.6785 332.3711 243.7072 189.5728 125.8213 219.3843 206.9772 301.0319 234.2309 184.1227 133.6989 264.4099 296.2516 329.7067 303.5544 312.6751 311.374 311.3564 387.0034 317.9741 306.6318 308.3421 405.9698 396.0996 379.8211 276.6022 208.2831 182.6258 149.7576 145.4523 135.4444 128.2107 111.5019 109.2637 117.9451 87.3714 103.81 134.3622 159.0186 158.3189 132.0513 115.4263 115.1639 115.222 98.6245 92.5611 84.5908
171.6121 235.9641 287.0094 207.9298 177.6511 262.3481 343.9421 380.7195 336.0077 331.6003 354.4557 284.366 218.2796 223.6737 227.3908 300.5194 368.0842 298.7619 247.9338 141.6724 278.9109 288.0446 309.0918 273.1183 229.0085 221.4507 191.0451 214.3726 255.3708 326.6445 354.2065 343.1527 361.915 350.4493 410.4289 423.4037 450.8205 409.4121 351.5169 362.3124 304.9072 270.6764 213.9319 209.1788 191.6766 192.2076 154.0096 181.3303 182.3943 148.815 173.6204 153.2847 171.4395 166.7637 163.7953 135.4604 121.5923 106.8447 87.272 78.2772 63.819 63.1001
407.9037 388.8914 292.7316 261.8495 203.2472 228.4562 269.4648 290.5323 263.8434 274.2473 278.5181 321.3589 327.5774 348.8742 274.8365 331.0047 261.2212 230.571 199.0148 149.1243 182.7284 278.4468 311.8546 293.8134 325.2986 300.9444 233.7038 268.1803 269.0945 319.0938 413.8964 481.8139 455.9146 397.6664 360.026 318.9571 269.4722 282.0642 242.0654 219.71 213.3806 191.443 200.9198 195.6626 223.3573 222.5957 199.6225 193.269 228.0173 193.9414 215.5216 204.4498 167.2611 155.8304 137.2941 114.3123 120.4203 127.2436 85.8828 76.3689 86.6953 112.4908
422.7577 372.2402 279.9851 243.034 206.5058 249.3914 238.4924 252.4275 298.6326 302.7563 280.6531 365.2129 375.5749 431.371 466.4118 341.2609 320.0206 233.9393 173.8678 179.1573 258.6145 280.1848 310.4388 329.3639 377.2553 390.5017 397.088 478.983 434.1417 472.4185 416.6073 339.7376 300.1961 256.1341 223.2917 221.4686 232.0478 206.1944 214.1632 181.3467 191.0224 168.3008 190.5561 181.4856 196.1918 233.0662 191.0325 202.5871 203.6623 191.6475 235.3302 260.853 231.7166 208.3817 165.7827 162.2355 154.4518 156.7588 138.084 121.5777 130.2655 140.1659
335.6089 394.158 360.8167 255.8366 264.9882 245.143 249.8246 284.5743 272.6233 358.5821 292.6075 357.63 421.5822 444.0813 372.8171 335.838 303.6429 271.5114 226.8535 339.4153 373.8346 433.6048 494.8412 506.1294 493.4087 452.9602 391.3924 393.586 402.5292 344.9646 289.2123 255.7158 232.344 209.8731 223.1006 173.3639 202.6329 211.6094 170.1792 151.1115 126.6405 159.288 131.9434 142.0455 149.5011 173.7013 196.6666 140.6223 161.9893 127.3225 207.7391 220.931 244.0545 239.7287 222.7933 212.0097 183.3864 154.8095 134.4508 118.1978 124.2129 133.3267
347.562 371.6647 378.5619 398.996 358.1198 386.164 413.7258 411.4312 375.1639 339.3168 296.2988 295.3476 359.5702 394.18 357.2876 288.2312 233.1739 212.2784 187.2678 244.7097 252.8571 273.9598 302.4633 320.0783 312.3545 299.3171 344.1588 361.4232 319.6921 303.8314 297.8317 236.9084 220.9552 193.2303 162.3853 198.6799 168.4317 150.1472 129.5283 125.752 111.6736 119.4602 96.6322 91.6323 83.51 123.1578 155.2522 164.5207 138.9863 126.0329 162.535 162.32 212.0844 201.1117 232.8783 192.3075 166.7111 135.6734 124.0973 125.5449 100.6996 103.1985
264.2737 380.0361 483.3734 467.5732 474.0154 442.1861 407.2852 409.7906 374.7094 350.0625 352.8943 302.0092 315.2922 325.427 276.6006 237.5988 258.3531 300.8244 265.7033 209.1034 219.2863 231.3615 263.9118 272.9492 266.7704 341.2774 372.8154 355.4557 305.3796 269.8554 271.8418 319.0804 326.3412 215.7467 294.7548 378.8085 379.494 303.6435 270.3217 286.0425 241.5803 184.1243 171.9639 162.3028 121.3291 83.1104 73.4021 97.8755 125.3356 123.2558 109.3223 132.6505 167.068 191.2659 150.8116 143.7933 126.4937 126.983 121.938 79.3972 85.797 92.3399
339.9681 347.8639 375.9786 498.857 541.1588 556.8892 574.5445 559.2798 552.135 527.7963 491.218 380.698 353.5319 346.4433 370.051 301.4155 293.1337 288.1477 239.5831 267.2716 271.1198 230.1127 287.1822 261.974 280.372 348.2967 376.5455 382.7189 323.5119 369.9801 400.934 378.0967 322.6922 224.041 382.4326 414.1411 344.4204 324.5364 318.8354 335.5316 345.5777 330.2721 301.0499 244.0378 157.5058 130.7598 94.94 77.8474 67.47 57.1589 87.3641 82.7707 104.0665 119.7354 165.2728 146.0995 111.1493 108.7625 142.896 121.5408 89.7618 51.7309
214.1481 250.8066 368.6987 310.3476 357.338 371.3649 444.4133 468.4754 419.7892 422.2729 388.0086 340.3496 361.5828 406.5022 380.4929 377.4622 309.8724 306.2404 310.006 260.4507 210.0407 266.3914 332.1616 336.8258 295.3774 353.1636 323.4891 390.0838 416.6534 389.0626 367.855 323.2028 263.198 313.7878 364.7008 401.4191 430.3369 410.1116 351.3235 298.776 247.7968 248.8604 251.4721 204.9244 291.8839 193.977 169.0956 134.1856 120.9863 98.3555 89.2545 41.3993 81.0543 85.5907 126.9873 139.676 152.1807 114.0326 65.8082 77.4111 107.7734 97.9583
307.1527 304.325 365.8093 381.4864 395.3116 358.3937 403.8782 447.3358 447.0907 442.2736 410.3295 425.383 371.1986 412.5016 432.8181 396.5872 355.072 348.3224 308.8202 260.0875 303.7883 296.2637 346.1405 333.4673 329.4355 360.9616 405.8442 438.2437 422.32 393.243 355.587 372.3696 314.5069 372.0949 418.5386 418.9383 468.2394 453.0304 374.1706 393.1791 319.713 281.8278 213.254 192.073 182.9053 309.0947 312.0561 252.3198 215.4724 145.3302 135.3484 103.9486 69.1478 37.2016 57.8723 88.3771 131.7642 154.9473 124.1287 81.8936 45.6818 52.3621
324.2817 351.3332 358.5384 415.7936 417.6667 389.3115 430.75 468.4225 451.2253 413.3385 417.4015 443.3755 397.455 396.7583 425.3895 393.9209 389.4901 339.5224 298.63 274.8757 345.7686 392.2889 375.9352 403.6876 401.7255 387.0778 419.272 479.839 464.7971 410.5151 366.2679 345.8839 354.2202 406.9749 459.3627 465.5547 455.3768 397.9899 360.0189 321.0637 276.9143 255.2766 274.144 245.6923 292.4819 292.6495 330.9174 310.9557 264.4327 220.958 213.9118 170.6878 112.3099 80.5198 41.4792 40.954 60.5836 94.5209 119.0893 117.9029 81.1216 53.7593
518.164 483.0645 482.931 460.4298 464.4475 470.1717 464.8203 481.8296 457.1407 442.0967 449.1535 447.3678 424.9926 428.7576 414.4844 375.9456 324.5699 302.49 304.8945 304.229 367.376 366.4232 403.9503 448.6759 478.5154 486.0534 485.734 477.2212 418.8765 391.4499 363.459 438.2865 426.315 476.9101 462.2765 473.7961 402.0909 380.4059 367.3651 363.6248 307.4191 322.6939 259.2885 290.9248 354.8264 373.3857 344.358 313.3061 261.7845 244.675 221.8412 160.3779 170.783 138.7672 121.0626 76.3349 56.5007 33.4144 38.5701 45.5702 68.9947 82.1969
504.8574 535.8981 550.6663 588.9875 527.86 479.4422 514.8814 535.4127 459.9214 415.0441 373.8893 348.7333 335.4227 379.7433 424.0116 403.9555 381.192 404.1951 352.9084 315.5448 331.9445 416.8882 444.2312 427.375 463.6175 486.471 486.4684 464.0582 442.8764 425.6364 435.74 421.8031 467.8288 482.0283 482.4955 455.1931 405.5157 398.8895 401.9334 399.4597 381.3496 328.4788 337.0965 324.3883 348.4183 339.1396 302.0706 262.173 233.0112 262.6826 202.0106 220.2073 159.5728 112.9908 144.307 159.8664 143.147 126.5177 96.9495 41.7103 20.9552 22.6731
330.2449 356.3421 392.7654 438.5691 459.0076 410.4837 394.4088 416.6642 437.9211 374.9653 327.5441 298.8303 271.0362 319.778 340.1627 309.8942 321.1108 357.0007 365.0671 371.9514 380.8008 393.8712 389.0957 391.312 402.6349 357.2669 396.9761 416.5078 453.3957 456.2467 445.9164 458.5678 476.8463 456.8864 398.9788 380.7563 322.8929 321.3712 338.1155 313.1401 345.167 401.23 406.9124 414.1569 363.4807 339.6327 323.4318 336.5593 327.7994 311.0487 278.4478 249.3759 211.5226 165.2502 125.4054 89.1992 97.4515 116.1318 139.6768 144.6167 126.3511 99.7972
211.0751 219.8095 233.7605 262.9385 258.1236 266.236 312.2962 330.12 355.1324 380.7173 374.0353 342.0222 273.0983 311.0297 310.8933 246.8345 234.1436 259.4217 255.9448 278.7122 250.8289 256.8012 275.7182 308.9659 308.558 325.8647 303.9631 302.6857 322.4271 353.8086 340.571 364.0938 393.6337 390.9848 331.0754 314.1158 238.6839 263.301 307.2808 221.8992 296.2334 270.1125 329.7374 338.188 392.9581 413.9173 387.5656 354.6245 320.7039 287.8264 269.3521 264.2963 276.0599 209.738 170.6285 119.6274 143.4325 110.6414 72.6527 66.5531 64.7078 69.2809
