MapLib/Lvl1_5x5/BG/Ele_BG_CD.asc
ncols         557
nrows         557
xllcorner     1670500
yllcorner     5008669.448
cellsize      1000
nodata_value  -9999.0
[rows 56 to 83 of 557, columns 0 to 62 of 557]
556.9397 526.2354 507.1159 479.8552 480.8296 497.3453 517.3676 479.2691 486.0208 531.1407 513.9126 502.5192 505.6689 531.501 561.723 570.213 544.3829 519.2805 519.7997 505.7024 494.1245 502.1298 511.5409 541.5317 525.082 509.2858 477.906 499.2043 521.1555 525.2488 483.0721 499.2163 497.5247 474.6558 492.4541 487.0429 500.3308 497.8178 525.4419 518.8098 565.4416 549.7501 554.8992 554.9888 559.0741 585.2431 607.5779 640.1088 645.4326 661.7283 620.4642 602.9691 620.1371 636.5901 657.1756 649.9446 667.5869 644.6904 600.0107 586.0922 595.7692 601.9443 611.0311
573.1104 569.0645 562.4407 548.8802 544.9663 533.5112 498.8834 474.7334 517.4484 526.1663 507.454 521.9338 539.8412 557.6504 573.1507 579.1234 571.8181 561.4757 556.6525 544.2095 540.5604 535.2037 529.7726 526.4939 521.5447 478.7118 464.9937 473.8252 497.1705 515.543 495.76 504.1758 524.7943 517.6464 568.9238 582.6827 525.6858 577.2872 531.2213 542.5115 585.9147 572.1741 589.9633 553.464 569.1664 588.8341 603.2635 632.8405 656.7 665.785 647.1658 629.248 683.1308 683.223 670.4701 659.0159 657.0228 647.1772 632.1063 606.4552 618.9604 622.8471 609.9387
544.8113 541.4318 524.2194 506.1421 508.9801 490.1809 471.1632 487.6566 529.8445 519.0812 526.0786 555.5009 550.8685 564.2249 604.4153 610.7034 581.8165 561.2372 524.1992 485.9923 510.038 512.7278 481.1483 477.7537 504.2633 466.9561 492.0959 512.2811 506.4699 554.5268 585.7966 572.6529 550.5965 553.4192 582.3988 585.2621 529.3268 596.2031 564.7618 536.5571 590.3007 630.5867 620.4404 570.0684 563.5389 582.6985 594.6982 624.3829 652.8027 681.4012 647.4707 619.9568 642.6819 663.8659 653.3845 628.4564 645.0005 608.1987 582.9355 579.188 595.9949 638.1958 593.1699
534.1752 511.2328 503.773 532.9399 534.9733 512.2664 508.0992 534.7581 541.9904 561.1092 542.696 551.0795 567.6735 586.2608 604.9857 586.3917 549.6433 548.4928 520.4338 513.7632 536.9064 503.9506 539.5126 525.318 493.6363 469.1796 500.9918 513.4752 536.7767 572.0856 595.7733 587.7249 558.0328 570.1247 585.1542 555.2973 534.5195 557.3027 559.192 526.5055 567.9391 633.9743 613.6483 588.283 600.6373 595.5331 595.9919 622.0333 633.1681 657.009 658.3584 620.7435 624.3993 645.825 661.6072 680.7899 667.9056 645.5857 629.3729 574.5201 573.3266 622.5444 641.6519
531.8625 570.688 531.6771 556.5262 560.3198 547.3745 597.7872 577.6315 546.7896 572.8434 575.7401 591.8604 595.1348 595.9376 582.868 559.7156 533.9697 524.9053 528.1129 532.9096 547.9364 552.8456 552.095 525.8286 516.6328 481.6049 488.8854 508.4172 527.0601 563.7118 578.639 586.2258 592.3992 598.137 584.6416 548.5173 538.248 540.4446 555.0076 577.0526 589.9691 593.9788 606.1325 613.8342 615.8928 611.6258 649.9924 627.8489 615.452 612.6987 627.8694 633.9258 596.2034 656.6241 631.0169 631.0424 620.5728 658.9337 626.6929 562.3469 574.558 608.2126 622.9736
577.7172 566.4041 533.191 561.2723 590.7058 605.1149 599.9378 580.1144 578.9808 560.4874 582.6314 609.4069 608.7944 592.2203 583.6168 545.7782 534.7019 511.4889 548.3739 547.0885 573.3128 554.0589 528.9279 511.8762 492.3631 546.192 543.6403 551.1137 526.3825 537.056 537.7146 559.3967 572.3028 587.7339 556.918 552.5201 559.4221 575.4714 593.4133 594.3141 596.8817 595.3516 614.311 631.7515 662.8904 670.9419 625.5161 610.6209 609.5358 610.8806 606.368 594.935 605.7038 617.2508 590.4734 587.2609 584.3672 607.2711 572.7654 531.7935 530.6364 573.3893 567.0437
575.7576 583.5139 567.011 535.4162 565.487 592.9677 607.9422 599.5051 589.8807 601.7729 601.3548 604.3954 593.4445 583.2026 584.3475 555.736 532.9984 526.5188 564.5926 595.8983 577.998 555.1626 527.6818 512.0214 493.5391 533.1951 575.6701 566.5294 536.9676 565.7087 576.1358 556.1125 596.5164 614.8183 578.9946 564.3888 576.3284 591.4222 632.7897 609.5518 596.7733 602.6918 630.7573 662.1271 667.1674 672.3164 632.0115 601.8295 592.1969 607.412 611.1335 591.3658 580.9886 608.8855 600.4612 551.3339 552.7844 566.8057 550.3482 535.5963 504.4327 542.0759 559.2631
568.3959 574.6259 558.6022 555.009 560.815 608.8814 628.9895 622.1061 617.9496 616.1201 601.4318 580.6268 563.4145 555.7036 549.2869 559.5683 547.099 523.5513 562.2783 590.1902 572.3305 545.6263 549.2095 518.0031 499.6997 520.6246 541.6572 572.2688 559.2067 570.3655 591.7375 573.8012 613.8239 632.2552 581.9417 578.8451 621.8143 600.7542 640.3604 617.4528 637.3917 610.0218 641.8054 663.163 675.6345 671.8632 665.9166 628.0651 596.4025 578.5219 599.624 570.6238 568.759 571.822 585.9528 567.2042 547.0595 542.546 540.7518 543.9222 528.8112 510.5984 517.7473
591.8075 571.4691 568.4304 592.8956 623.4688 624.4802 623.1506 596.0232 577.2847 593.0134 596.0013 562.1047 551.9431 560.5062 558.0883 532.77 527.3989 528.2745 548.4531 575.9034 591.1479 543.0444 542.6859 501.5001 499.8967 537.5148 572.1965 614.2991 592.0562 603.0858 587.4745 584.1887 611.8583 590.22 589.2182 615.3581 653.5375 649.7858 643.4778 645.1747 650.7088 636.9275 659.8076 658.7573 649.9098 641.6386 639.4333 630.3242 620.2978 603.0898 574.1055 560.7564 575.8426 578.7856 533.3585 518.7094 524.9831 513.433 512.6887 502.5334 490.0205 507.9781 498.9962
599.0053 609.9229 595.3271 608.752 643.1259 641.5337 597.2086 581.3096 578.9843 571.5557 561.8052 556.8037 580.6567 575.4402 575.0189 574.5412 553.5096 553.6537 582.0756 581.426 591.2515 557.1757 516.9868 512.5552 501.3348 520.3269 541.0895 560.2965 582.6558 581.7943 590.3507 601.5685 624.0723 618.7307 650.4555 715.8172 706.2968 712.8679 716.9539 676.3479 656.0301 665.5781 659.8181 657.5742 648.8428 613.8677 622.2227 610.978 600.3461 590.8883 600.8577 546.2969 573.1559 611.4019 581.941 540.5231 492.3505 507.8117 519.5755 534.0167 522.8316 504.1 489.0849
654.8995 661.1971 652.2233 647.7292 634.769 602.1268 605.0974 609.1265 588.0925 606.7393 606.9835 589.7283 612.9518 612.5209 587.6345 579.7983 565.5445 538.1119 551.2405 578.2325 592.2849 553.3395 541.6063 557.9239 515.6434 514.3998 531.6473 564.457 582.5504 562.5478 610.5357 646.4493 646.7694 674.1854 695.9505 722.8763 717.428 712.1657 682.0867 664.3354 624.9808 664.3456 667.7496 646.8531 645.3673 615.3358 618.2653 624.2183 618.9593 595.842 575.717 550.3564 527.5321 541.0748 546.6196 515.0494 524.4756 534.7191 528.6364 563.5715 551.5459 533.1746 514.1516
688.7687 650.3674 627.5163 625.804 614.1763 604.6656 637.3109 634.6501 612.9631 612.5425 644.0655 634.7446 623.0867 616.0791 645.8907 604.0038 559.4328 540.6158 556.9866 591.3251 601.6621 595.1484 569.7718 530.8927 529.1422 509.798 547.1728 565.6612 585.9748 577.6487 631.9717 619.1816 621.423 631.4211 675.2533 689.1495 687.368 662.1286 631.4962 626.6315 614.3328 634.149 666.0598 691.7453 675.2515 644.083 678.7432 675.1945 666.7186 634.6711 582.791 547.661 538.8368 529.4606 503.5367 550.8403 575.3718 539.7911 549.3544 579.4587 546.2127 536.1546 514.9269
641.9526 645.8225 643.208 619.6148 630.7454 652.343 663.8647 654.0442 620.5881 632.7083 659.8478 645.0787 641.0121 624.0617 621.3957 582.9369 561.6285 559.9876 555.4866 586.7106 590.3712 562.0259 560.9951 547.6429 556.6758 516.8153 561.6354 584.3393 596.5439 628.0676 580.4543 591.7956 635.9467 658.4616 692.699 684.66 686.2024 664.5931 634.4079 603.957 589.6216 618.5607 672.2738 736.1434 679.2289 652.7761 678.9965 712.8709 695.4769 659.1107 579.5267 548.4846 548.0938 536.371 516.4107 531.5187 563.929 579.4496 576.6692 579.1107 547.9827 557.7383 535.8079
669.3723 660.525 636.4354 635.1307 668.1185 660.8857 675.0635 659.7528 644.3074 659.4543 667.7644 663.4738 655.9227 646.3101 612.9877 579.1028 564.3958 561.9872 573.9358 592.3735 574.5234 561.6903 547.6639 589.4497 574.2515 533.5861 558.103 612.7168 601.6758 602.2931 610.8408 616.652 670.0094 686.648 672.8694 658.3782 647.5661 621.2109 613.8549 590.6227 583.3224 616.9822 659.4177 688.9742 690.8988 642.9605 650.5872 722.1129 723.744 683.6519 636.7296 571.2828 534.7691 510.4601 540.9725 563.4114 592.7839 613.7286 612.1448 581.1588 586.7232 575.3111 562.7502
673.3128 685.5609 675.878 689.5704 696.165 676.1544 676.3038 670.3753 678.8495 678.3231 674.883 671.5864 664.7352 626.5776 588.2914 590.1307 590.2455 582.7443 574.1376 589.4852 584.0949 571.7714 563.8522 606.2857 609.9064 543.1385 558.5854 603.8508 651.2348 649.3436 615.1997 653.7585 685.5916 701.5238 665.5429 661.6494 630.5229 617.174 630.996 591.3439 594.9028 565.4716 601.8026 641.9597 693.6487 626.2808 664.0039 666.1034 673.7673 644.7559 608.2359 564.3149 535.3951 507.7547 532.4647 591.8558 596.9556 619.8577 628.5597 597.2782 599.9595 586.9858 574.3854
681.15 685.756 686.9012 682.8528 651.7719 631.752 646.1685 631.883 635.2326 644.9319 639.8631 664.0818 653.2314 638.1825 601.3223 613.6468 607.4985 611.5514 587.3906 595.1038 615.405 598.2251 622.1944 628.0927 603.9484 548.1436 584.3344 621.0311 648.019 632.9854 638.1176 658.8017 684.1812 679.656 661.308 643.2917 618.6857 611.0402 644.7129 642.9839 641.7937 609.3164 568.0441 548.1523 569.8096 604.8192 645.1271 619.2321 567.5953 558.9724 552.0037 537.3876 521.0054 523.7535 542.9779 621.6014 630.3052 625.5538 644.1704 620.8864 583.0787 567.0513 579.6099
664.215 669.3475 649.2921 666.9818 656.2076 631.7791 613.3359 608.8253 633.0364 651.6254 623.0493 636.7099 647.8348 662.9341 656.4749 649.5433 675.9458 649.4112 612.8061 592.2006 617.2285 633.9207 644.0587 626.4543 620.7853 573.2987 602.1411 591.7511 637.3128 645.6564 647.1923 671.3274 661.3651 651.92 639.8169 637.7784 625.8295 587.4975 605.0959 593.3044 586.3673 577.7636 591.2786 564.1359 543.7811 551.2892 563.8212 563.8177 536.0596 526.8794 539.0938 534.5381 566.7859 533.4846 554.7473 576.8677 620.6204 641.9199 616.905 611.8078 586.5809 570.2492 575.5118
625.0003 637.1242 632.1187 646.0504 649.0172 631.4783 611.0455 602.509 622.2168 614.902 598.0959 625.5728 637.2557 659.6219 692.6142 682.0334 702.2635 675.4359 648.5178 619.0563 627.1909 633.8927 662.1018 670.4103 614.4803 584.899 599.4143 597.859 618.6533 646.5684 676.4375 652.396 636.8235 639.1505 630.5817 622.7654 601.088 586.4598 587.4255 573.4838 566.0527 558.8641 576.4382 583.5088 571.3472 545.908 528.7598 548.7264 525.9941 547.0647 570.4396 566.9342 568.2795 528.5258 554.7027 590.7408 636.8718 645.2535 635.6537 617.1767 578.3453 578.3502 569.5497
634.0266 634.894 625.4254 628.6151 642.8481 619.149 608.7406 594.5461 600.168 592.4698 597.394 654.5015 658.1373 664.6066 679.7175 656.0529 668.3087 661.9006 650.7269 635.3693 650.1975 675.8922 691.9156 661.8099 601.351 591.6816 623.5518 629.501 616.3392 644.2511 663.7171 649.9547 633.1321 611.9268 608.0687 610.9472 598.361 589.819 593.6438 603.3822 611.391 588.2681 568.9043 545.8668 561.0784 559.1621 534.7241 528.2302 541.4597 563.4746 581.2159 561.4369 561.5001 532.7405 592.9632 615.3204 636.6459 653.9567 615.9661 600.7767 581.3519 592.194 570.077
617.7761 618.168 596.8458 610.8992 623.8913 602.0101 592.9902 604.0129 577.5204 578.4175 604.7905 635.5494 664.2963 665.9207 657.1804 651.6117 641.4904 618.6292 612.5483 616.6823 636.7997 662.7526 697.5668 663.4623 624.4043 623.2495 661.4197 671.7166 655.179 664.3466 669.2113 642.7557 621.5964 596.1662 581.6313 581.5978 578.2768 565.588 562.0641 585.4625 582.476 576.6945 561.2409 559.8107 539.3214 534.1177 545.66 564.5921 602.9734 586.889 591.3081 564.4443 546.7216 544.4015 604.8821 654.5079 652.728 670.2466 628.7599 601.929 581.5851 578.6321 552.8052
590.4286 610.9969 596.6264 596.4956 594.0031 587.5197 581.0958 559.6083 569.0895 609.1381 628.1282 649.8413 670.887 668.7522 627.9295 636.6744 640.8519 617.6334 598.6919 596.3924 606.009 634.5571 638.7532 626.5511 638.8433 644.2236 676.4961 697.985 678.0307 671.3971 647.8387 655.6008 634.3192 612.7047 586.5305 584.1163 589.8379 585.2873 593.7294 571.6899 563.4467 565.6102 573.0789 572.6082 572.1644 547.6431 559.6172 597.3764 630.2076 597.9492 579.8544 582.6802 539.8544 566.0661 596.0367 656.4359 706.9446 676.6179 615.6493 615.5423 614.6503 588.9667 565.9645
602.1885 584.0796 576.4067 558.5606 553.6198 539.9054 569.2346 558.4879 584.3825 608.324 599.5797 612.3911 621.0778 624.6296 599.0947 614.1294 625.2538 620.8286 600.7985 592.9977 601.4006 626.0674 617.2656 622.1614 644.1679 659.8851 674.6038 669.3238 673.5513 685.4875 663.5148 636.1155 620.6332 605.0283 587.6729 607.6887 609.3829 618.246 611.3077 587.2741 590.6664 612.1027 587.9828 575.6436 617.6415 583.2378 597.4828 600.9035 622.2391 597.6092 599.0956 585.5951 555.0824 565.1304 584.5399 608.9974 648.2894 659.5635 624.4582 618.9109 604.3187 580.8038 585.283
651.4852 640.6727 621.2233 620.7008 617.838 580.9521 535.3762 540.1657 541.759 572.6284 568.1862 589.3322 596.4301 591.6634 597.4099 628.4712 622.3157 623.6848 597.5746 578.8668 586.7607 583.9383 596.1001 611.0968 629.5381 644.2552 656.0854 659.2692 678.9688 678.1406 678.6005 648.7137 628.5684 598.4598 608.7991 628.6645 621.183 659.1457 667.5286 628.694 638.9025 586.9207 591.5906 616.9427 636.5003 616.2393 583.7073 579.2031 572.4097 573.9786 588.6011 579.2903 558.7191 556.0078 600.8146 635.6648 659.2659 645.5134 614.7535 607.6937 592.9618 617.08 605.254
655.416 653.5513 628.8296 585.1558 568.9934 553.6289 539.0985 524.2219 530.3755 536.5878 585.5101 619.4139 621.7692 622.9398 618.3843 614.9675 604.584 618.7459 612.5309 581.2322 576.5295 612.9584 615.1123 625.8832 621.6083 649.4465 652.2415 660.4656 661.0143 667.9727 678.7703 657.5731 623.483 614.744 647.1056 644.5874 657.8261 654.0879 645.1168 623.84 622.2885 612.7191 615.928 636.08 613.6226 609.532 589.6687 564.3139 572.4458 552.7036 573.2094 564.6244 550.9753 553.6617 608.1379 630.7363 665.6074 631.3502 623.4664 627.3542 643.5482 620.4695 601.7975
603.9025 598.711 592.1403 594.6182 556.2897 546.27 526.6512 528.6681 516.054 550.4896 556.7339 564.6268 578.5352 589.3171 600.958 600.0784 589.7118 610.8287 589.1122 597.1003 563.8443 590.4285 607.9159 606.646 620.4415 641.4779 636.3794 644.5614 646.6421 690.2346 740.9489 688.6779 638.3959 670.5353 658.9037 699.0295 692.5483 688.6525 651.013 648.963 679.1038 660.5713 666.6061 652.5649 636.3214 614.2237 597.3411 591.6182 587.4387 590.0089 570.4176 575.3268 550.7179 554.8773 583.9271 613.196 666.1202 653.9553 636.8127 648.2045 656.4147 632.5947 615.7984
595.2587 593.8583 557.4365 555.4077 562.8588 536.4756 530.063 517.3262 510.2733 540.5662 546.0657 564.282 580.6062 584.7128 586.5063 575.4634 587.6866 585.7845 566.7982 560.6224 555.5048 581.8251 594.2056 603.1131 617.0202 626.2328 615.481 612.3334 635.5021 682.2493 687.4351 643.8147 658.6324 667.0211 683.7473 693.2864 695.0344 722.7258 693.7665 691.9248 701.6373 705.2119 699.6472 668.3821 651.9194 622.3591 607.7158 622.7393 612.6018 610.058 588.6062 570.6248 555.0294 561.973 579.9512 626.0352 659.3305 638.9568 655.9517 662.2964 650.9093 627.1228 615.8307
571.9847 561.706 545.3021 534.3135 562.5717 561.6459 523.2314 509.0629 512.1797 513.4623 522.23 538.1316 563.9659 571.397 565.0431 562.7355 569.3276 575.492 551.0161 546.5804 552.5168 580.7453 579.1674 581.7082 605.1481 596.6308 610.9366 632.5656 645.8978 678.2479 659.0806 658.5569 657.6522 665.0601 675.0637 673.5722 726.1215 771.1283 733.6902 749.9255 726.3568 680.7272 692.449 698.8221 688.843 626.9749 662.1664 653.5356 609.1178 581.3219 612.4159 581.7933 571.2106 575.6812 599.3181 626.1269 638.3286 603.3889 622.1605 655.659 654.639 642.1151 638.5948
535.4471 560.6998 531.6162 521.1147 522.7411 521.5851 514.3545 502.0455 502.2275 514.5892 528.3657 552.8978 561.5149 573.324 561.3394 552.2554 553.2729 557.6644 544.6033 557.0615 567.8986 564.5977 562.9791 593.0696 594.8939 618.6063 638.1144 632.7216 643.112 656.2241 643.0034 651.0975 653.0858 695.0722 678.7075 704.1994 744.4783 748.8105 723.972 734.8891 710.9602 668.8856 685.4716 653.5051 658.4849 638.5685 622.4554 637.8073 603.2427 580.692 599.6538 595.8748 614.5192 597.8722 618.5757 607.1593 579.6373 575.8026 632.2676 646.6098 646.4089 661.9738 654.336
