MapLib/Lvl1_5x5/BG/Ele_BG_FB.asc
ncols         557
nrows         557
xllcorner     556500
yllcorner     3337669.448
cellsize      1000
nodata_value  -9999.0
[rows 252 to 279 of 557, columns 378 to 440 of 557]
122.1085 159.3698 123.34 127.9849 143.2509 126.4702 125.8465 168.755 134.7293 131.0265 137.1908 146.0053 131.6437 148.8156 138.7891 143.0312 157.251 137.4457 146.5932 149.803 124.8975 157.1531 135.9044 125.7202 137.8454 127.4579 159.5901 150.4709 143.2581 132.7909 135.3919 161.7136 154.7397 155.8024 159.4167 136.826 154.0345 141.8897 145.7019 137.9404 169.5498 152.9095 176.2954 148.8438 156.8936 155.6771 162.1042 169.7885 156.0304 144.2216 178.6785 187.5607 161.1542 170.7028 154.4 177.1894 156.8773 150.828 172.7497 143.8691 179.9259 184.4763 197.9008
122.0944 121.9109 135.8764 133.4146 138.5139 133.5754 132.4956 126.9307 128.6621 131.922 147.8952 125.552 124.2754 129.5659 152.0671 154.1066 130.821 130.807 129.3486 142.5151 128.7751 138.5039 144.5233 154.246 141.3834 148.0926 134.2029 150.5415 132.599 133.6319 141.9451 143.954 163.4256 159.1038 140.9044 135.2728 157.4982 148.2921 155.4601 136.9121 171.4028 152.6507 140.8527 153.5919 151.0518 149.9317 160.4279 165.4817 140.8469 168.3075 144.1848 152.277 174.3605 185.6797 184.7314 167.7055 161.5403 166.6947 177.4634 143.8316 188.3887 177.4613 146.2311
132.7758 131.1077 137.5621 124.9368 124.5584 120.703 133.5886 135.6792 151.6094 145.0294 131.6997 129.0819 140.0859 127.0273 131.8581 136.8628 134.051 145.8863 145.8539 145.0839 148.6451 131.9651 134.901 162.396 127.8207 170.7656 127.9216 129.4019 150.5402 138.0635 166.9368 168.6186 161.9892 161.966 137.9625 168.2142 158.45 137.5501 160.6445 165.5365 134.6403 139.7142 180.0978 185.2037 148.8271 171.1927 149.132 167.217 154.0322 139.988 150.3519 174.5741 139.2316 187.2063 187.7226 175.0012 139.8813 174.211 192.1571 185.2496 147.0097 175.5069 154.0431
160.4578 128.5874 120.5761 126.817 154.8508 129.3782 140.5955 147.2641 137.145 128.1619 143.8119 140.3803 132.529 144.4747 139.7146 154.1609 126.4533 144.1717 137.6517 126.5821 146.7944 147.7482 141.5743 164.8732 161.5598 148.2158 141.8074 167.0355 149.5942 164.8855 167.8708 159.6539 164.3216 151.2901 169.4155 169.8544 159.253 179.2074 148.6458 168.3648 151.6354 166.6521 143.4727 188.4965 145.4556 190.8871 166.0638 180.3787 159.3316 153.2168 182.0335 148.3685 169.2104 174.6644 187.3378 158.0489 167.2502 176.2784 152.1383 204.9231 154.6792 180.723 185.0767
122.3361 131.2034 156.5697 136.4129 160.1315 127.8995 147.1263 125.3022 151.2777 126.8884 124.0137 145.2569 151.8368 155.5198 144.6794 133.5162 142.9667 138.0332 129.5616 137.1008 133.039 155.5219 140.9096 129.2913 132.2763 134.3035 141.7995 150.0906 161.1711 155.8375 133.2543 175.406 164.0047 164.8824 155.7625 150.1395 136.5407 185.7654 155.6465 151.6438 178.182 141.0948 164.7039 166.5053 143.4517 165.0428 167.6238 179.0385 172.1109 163.212 149.888 161.6993 158.5548 185.8063 191.3954 156.1653 187.4877 156.5389 151.2721 170.8216 165.1512 169.3546 176.1236
130.1747 130.5218 126.4576 133.6636 145.8035 154.6906 135.639 127.6374 130.6487 167.1049 137.7193 142.3351 129.7011 145.5896 160.1908 124.5819 135.2225 136.5715 137.8899 150.1889 132.703 148.9413 136.3265 138.9185 140.8269 149.0076 168.3184 139.6857 151.5294 145.586 165.6106 146 142.8714 154.3577 147.0215 165.5138 156.6925 155.125 173.6954 168.3425 144.216 171.2724 168.5851 142.432 159.6327 163.1443 176.2546 144.3136 170.2776 180.9622 164.2471 167.4929 191.1292 160.931 156.6604 174.2726 151.9227 194.5481 187.9561 199.2766 153.4967 182.9745 183.8119
130.3404 131.215 161.6003 127.0582 144.8687 149.3022 144.1157 165.7448 125.4785 131.7129 151.3341 142.0731 156.4661 129.3848 135.9851 136.8289 147.4275 146.1974 156.2251 136.1825 155.7905 146.9856 137.943 148.244 174.0108 133.9164 146.5062 158.8222 146.4729 146.3064 160.1857 149.3602 145.9247 173.9509 161.8921 152.2035 169.0613 149.4466 159.1547 161.1022 177.7723 146.6048 178.794 165.742 176.7657 171.0847 147.0309 171.8295 147.5089 174.0579 157.9619 149.0352 176.4175 176.8244 170.3873 189.6677 146.4926 165.2052 154.747 190.1038 166.707 189.3909 168.9992
132.2957 130.6534 124.586 144.8838 150.8804 125.16 144.2723 148.1966 147.0542 153.1069 131.9283 125.2869 154.5845 168.7653 137.3019 126.9629 168.3746 137.2738 151.8298 145.0681 156.7405 159.2567 145.9741 133.1623 167.3936 141.4102 173.3496 151.2977 151.0382 154.0415 171.1497 139.1661 172.3169 141.4308 183.1828 155.7291 148.9849 182.4788 174.4067 143.6945 156.2896 181.781 146.0167 189.9089 150.9986 183.802 173.0425 171.3342 143.3886 167.6824 169.7825 184.1867 157.4773 151.1619 170.4849 165.4585 174.687 177.0087 165.3747 201.1106 163.0208 178.6801 171.4044
127.6555 162.5511 128.7954 124.6532 124.214 153.2747 144.9462 135.4026 124.7261 125.5268 154.5825 134.2341 129.4474 130.6714 152.8464 152.7009 125.4012 145.2776 147.7032 151.6042 139.0628 153.892 147.6307 145.5357 146.0075 153.5224 162.9234 149.5641 151.0695 159.6414 160.929 146.1927 152.7832 170.6604 140.7173 158.0906 158.4723 165.1039 167.4962 147.5277 164.721 176.1489 162.3075 165.0621 179.0187 159.9385 179.5908 168.6155 159.7013 178.7063 146.8909 191.4642 161.304 186.2339 172.4428 187.4657 153.7242 163.8422 187.3578 163.5582 189.669 156.1996 196.3305
122.6019 139.0666 141.9631 153.5851 150.057 148.6816 137.3539 150.1763 157.2155 152.4501 157.7298 149.9492 171.5364 151.6246 131.5655 148.4989 160.4971 132.71 124.4144 170.9844 146.7 154.6689 157.0642 161.8983 135.5434 137.4493 163.404 139.4394 161.8908 163.8442 146.0437 165.6868 170.329 146.8562 149.422 158.4976 149.9625 172.2727 172.1548 148.8659 139.8127 164.6249 176.6936 183.7667 158.0678 163.2354 154.4864 155.8756 163.7987 152.7918 179.4646 151.128 190.2751 177.2453 145.6346 186.4276 164.5682 163.3305 202.4521 163.3049 190.4905 158.2113 193.7128
145.677 125.2032 120.6091 133.5668 150.8357 126.3151 135.0945 143.6028 159.2584 138.1009 126.5879 126.7153 124.7145 159.24 163.9904 125.3721 130.6593 162.7465 156.4372 138.6996 158.5644 134.5957 147.6379 137.1609 151.5681 158.6898 156.0693 145.0466 151.1678 146.4324 149.6743 177.0583 166.7095 158.2568 163.3934 180.6581 162.5568 138.5373 172.7307 151.42 181.8262 155.6333 175.519 147.4608 167.1059 161.0591 161.246 187.8904 137.9551 168.7412 186.6095 161.1415 186.48 154.5546 173.5305 174.8998 194.656 180.9293 169.5785 187.1034 179.3969 182.8177 185.5037
148.2859 150.5039 160.6235 141.3735 159.0992 150.2413 143.2452 153.7844 138.8367 142.982 153.9024 162.2383 142.2994 131.6665 158.9404 147.9484 144.2024 143.0409 126.5507 139.2066 159.1873 166.6 154.1077 142.7181 160.407 165.5333 151.8334 143.944 163.1117 150.7554 151.0276 143.9947 171.528 159.1577 140.9297 146.7165 157.1671 160.8704 153.3112 147.1706 167.155 169.2077 150.6958 148.7933 177.5587 185.0191 168.0132 177.7742 165.6742 172.8787 180.869 164.4883 180.3835 174.5426 173.7664 172.7354 187.5373 192.3101 160.3322 205.1111 152.3547 183.1691 171.7155
138.7285 143.6629 146.6168 127.9133 132.588 137.8889 168.1722 125.1002 127.124 132.9869 158.7262 153.7345 134.8997 162.0021 148.1958 135.2704 139.2324 151.9843 180.0675 146.1611 129.3825 155.1401 152.8663 169.0142 141.3851 147.5884 164.7415 141.0145 180.0848 134.518 174.3685 156.4968 173.492 159.7158 141.5472 180.8189 168.7471 166.0589 186.2583 163.8712 164.2818 169.0046 179.1427 137.9576 176.23 148.6664 170.2548 169.6583 146.3485 177.2507 170.4579 169.423 171.633 196.621 169.478 185.4957 177.9483 179.1505 167.0393 188.3161 181.029 191.8028 193.5613
126.6113 125.2324 127.8404 142.9258 136.2016 142.5776 158.4455 179.1479 152.6342 128.5593 137.5446 153.4199 157.1354 140.4547 138.8149 142.8166 175.9664 132.2358 127.0622 151.5127 174.2169 166.6909 149.2388 132.6963 179.47 142.3146 133.9311 171.6221 161.2911 150.6441 156.179 138.4264 192.5308 151.0209 140.3272 173.1061 159.8144 183.4782 143.6806 168.0238 145.7066 157.8988 186.6583 172.0665 184.2238 150.0671 181.2221 168.6025 181.6712 179.4971 162.9783 147.4197 193.3644 180.3357 172.372 191.8307 167.2819 175.7108 188.9946 195.522 187.3645 164.4994 173.5802
155.917 153.5208 162.278 155.4582 151.4361 131.5177 146.8938 138.3618 133.5795 153.3393 150.6261 137.6018 138.2885 142.7614 177.9951 133.6471 126.6161 159.9949 176.5056 150.2495 125.9766 128.5372 153.4201 144.5321 140.488 147.8061 186.7154 145.2115 143.3499 146.5808 173.0343 142.8692 139.0579 168.6002 180.1274 170.5267 149.297 191.1135 156.6365 164.4336 178.1756 151.259 160.9221 155.1103 173.4201 154.806 193.9615 162.34 173.6105 192.7025 174.0816 176.7123 196.9747 181.0962 164.8037 191.6913 156.642 197.6793 167.0919 203.76 180.7753 188.9241 178.5635
127.0809 123.5165 150.4036 167.1514 161.4109 153.401 149.1589 168.0474 170.0555 160.1316 153.8925 131.2014 169.2109 161.1822 140.7649 141.4319 159.5572 150.6886 127.1231 155.3962 185.2033 157.0885 156.9137 149.867 159.5406 158.8143 178.6548 171.8335 157.941 170.7229 139.7735 158.4621 169.3334 177.9313 178.552 157.6484 180.3286 187.3395 150.1078 167.3719 140.4133 147.2221 187.9799 162.461 174.9985 201.3483 159.4263 139.8723 156.827 181.0557 160.2926 184.5919 156.159 191.5964 186.7345 174.8546 158.1128 190.9962 155.3304 198.3373 169.7909 192.7157 202.818
135.6372 146.0947 133.3024 138.7099 138.2518 164.9535 148.9814 134.8108 133.5913 132.1368 131.2082 154.6315 148.6351 160.8727 169.6569 161.757 171.8646 188.0311 174.3524 129.9167 146.5724 154.247 156.6504 204.8349 170.3955 136.737 157.0158 140.0375 146.0072 142.3255 184.7881 181.5776 139.7868 160.1793 159.2393 153.46 141.5487 171.2916 181.8383 167.3746 167.3356 175.2925 196.3646 135.6486 193.5362 144.6751 184.3115 174.0451 207.856 176.0786 178.3989 179.92 168.355 188.3054 192.2121 196.5627 189.0181 215.7635 207.6673 164.807 182.7099 193.6216 158.7653
124.2591 160.8322 139.3979 122.5161 150.8089 166.0626 133.7931 166.275 161.7939 155.09 182.7706 150.7935 142.5454 180.3993 153.2617 131.843 130.1452 148.4119 136.7107 165.3734 174.9115 147.9269 142.3092 130.8594 154.9777 176.8888 164.4809 199.8887 170.1264 135.7244 151.1637 199.8113 179.6469 176.7385 141.0864 171.418 174.0373 198.0928 145.814 148.6973 178.2262 186.2191 179.1303 188.5503 149.0959 135.8234 172.7789 191.7316 153.3221 197.8721 169.093 197.2796 181.1234 148.7545 188.6665 170.8603 157.2274 156.6468 172.2579 208.1478 176.8824 192.1685 187.401
130.0856 165.1271 177.644 143.11 126.2108 175.3908 139.0851 151.4606 171.9618 166.3576 130.3234 130.4632 128.4125 127.3505 151.2977 124.7246 170.9781 165.2989 194.945 142.638 135.7874 126.4833 163.5874 204.2556 147.1128 177.3272 164.3754 135.3141 188.7864 176.1423 139.4494 139.4377 172.373 169.2209 197.8887 203.9617 160.7365 139.3527 141.5065 202.9825 171.6004 158.8932 170.324 152.5129 153.6983 167.8956 180.8898 143.0129 168.9204 190.6411 195.9709 154.1916 165.1043 191.2973 166.9995 179.1427 175.9646 202.9773 193.6985 188.8035 193.4352 174.8567 174.9344
120.3926 122.3805 125.5973 125.4989 141.101 139.2869 122.5134 147.3073 164.3272 173.3616 143.5202 134.5665 137.9151 162.1343 169.7245 155.673 168.8281 129.1819 130.9774 158.2447 173.8362 178.3504 131.4047 135.3383 176.1973 142.5244 163.3294 148.3032 133.1734 147.5027 188.8329 185.5734 173.1058 147.4254 142.9878 132.6409 184.0025 141.0457 195.3614 169.3844 137.3058 192.7072 147.7758 188.1491 156.3185 139.0056 170.5294 188.9648 200.9039 145.4596 197.9603 172.3146 147.2047 207.3792 152.395 177.7691 188.3552 188.4359 198.4316 184.3826 167.4664 219.7823 175.1935
174.8683 143.4201 141.9711 145.0386 144.9325 156.9954 154.8544 138.2171 124.8969 136.9106 150.3191 132.0013 127.8919 135.9072 147.7543 173.7611 164.2441 171.1004 176.1537 157.3115 133.6435 162.7775 151.5928 157.8553 163.5537 155.4896 185.1772 165.6864 190.6078 168.0062 141.592 149.4831 194.8013 173.0116 196.9777 183.9234 150.4736 153.8372 166.7408 165.9496 185.4626 174.2016 136.5854 214.467 150.3714 148.2438 185.379 195.5183 150.9526 194.5525 200.5805 180.2876 197.3506 214.4344 156.6953 178.4224 183.9719 202.4521 196.6125 212.4873 189.331 206.4791 191.5355
127.6677 147.556 140.9391 154.2189 142.7952 127.4981 143.1668 172.5868 161.1426 144.0768 148.0984 154.1785 136.3904 130.3539 131.0207 179.4977 132.7883 126.4376 140.0013 179.8559 138.7606 136.8652 185.1318 191.0619 163.3881 134.0105 173.6441 147.5854 153.044 189.6648 180.9812 166.144 187.9156 167.2469 147.674 150.3086 166.2336 165.0697 165.1077 186.9531 184.3321 182.6587 144.1889 197.0213 187.5024 148.951 155.0666 165.2021 202.0229 155.0751 152.8976 204.3876 183.4848 167.8022 184.4885 201.8741 207.3437 216.0767 189.6783 160.4419 214.787 157.9871 194.4955
164.5912 145.9121 126.5848 138.7333 171.5189 169.5046 159.4559 125.9195 148.3251 177.352 155.2195 167.1872 177.4517 155.1548 159.3351 136.9731 171.4187 176.4583 144.2033 142.232 146.561 184.3286 138.9124 137.8391 140.2175 181.6593 152.4479 183.6649 182.1331 142.9948 175.3573 178.3272 178.3188 198.0073 187.5411 190.879 186.4294 139.706 166.0883 187.8771 151.9619 169.7363 174.2743 165.7389 181.7504 197.8187 161.1638 189.5961 199.2467 197.3795 190.0257 159.3427 172.6967 172.8005 209.8302 171.9853 183.0659 162.2048 208.9648 185.8467 207.3914 189.5357 186.5026
153.2253 154.8068 172.4509 152.034 137.2427 131.356 130.2048 166.939 156.1985 138.9613 143.6011 136.6985 174.9762 162.2906 172.7898 151.1381 161.1527 157.7066 146.567 169.1052 148.7793 180.6644 188.6113 160.5467 171.2164 175.7551 152.9256 137.0255 155.1439 181.7833 175.3752 171.4753 137.0493 143.0911 167.224 142.0969 196.9946 169.7809 186.2654 153.8331 155.3001 196.2832 177.8994 175.8526 178.3643 167.7623 178.9732 181.6529 142.1414 176.4881 172.8758 181.9161 182.4666 190.7578 176.7684 167.2262 212.3232 201.569 197.8038 191.3851 210.1532 193.6892 172.7524
154.3123 131.8362 154.8135 163.5354 167.0357 165.7062 173.7559 159.9081 130.6822 155.7422 139.4534 153.0349 151.8636 144.3883 145.7835 136.7412 147.8875 177.3214 181.0686 173.3053 169.0863 164.6932 155.7597 136.6338 188.3789 169.5043 182.8824 161.5637 183.6647 136.65 142.3393 174.4254 184.1447 195.0928 185.3665 176.6596 171.3015 157.3856 167.0393 171.2995 189.5939 169.2381 189.6252 166.8062 180.9852 197.7672 208.7646 174.8197 159.1012 189.0083 194.8431 178.1597 186.0952 181.4317 182.399 188.6862 213.0854 201.6691 177.3244 184.9086 205.219 181.8653 198.6922
141.3023 137.2432 147.0059 136.723 139.6203 160.8586 159.2587 126.8287 156.1321 160.7533 163.7585 153.586 149.3902 166.8565 170.9172 190.9365 171.4704 140.2839 142.0251 138.9194 130.1545 138.002 181.726 193.038 166.3065 138.1054 172.3792 185.8821 166.782 181.0798 177.7686 145.1195 157.0569 143.3304 196.4369 151.6772 150.2949 206.5648 171.2006 202.6625 159.3497 174.209 155.2105 180.415 202.1569 165.9842 172.787 161.5215 195.4862 202.1538 172.1455 176.3923 206.4955 161.1884 166.9818 186.7245 174.1113 171.0752 196.41 222.5529 188.8371 185.9869 200.4
147.6041 190.943 162.0831 151.1661 147.2039 149.2052 145.4731 137.5809 154.5616 167.7799 167.7133 141.7927 180.5022 146.4788 152.7536 134.6874 150.2334 171.8261 152.5872 176.1091 181.1714 153.4567 181.3437 163.3456 157.0425 154.1508 148.4071 143.5092 138.2824 158.2343 192.4084 168.1126 175.3963 163.9271 180.351 189.1888 181.0242 189.5136 170.8409 191.9521 181.4014 173.136 161.5351 215.2942 172.2913 169.8635 187.381 198.3226 159.345 212.7768 157.0904 178.6251 190.5733 181.1338 199.6027 194.8402 187.1492 183.5882 164.0902 206.8798 167.7522 213.2475 180.6878
137.3332 126.6695 126.3941 123.8697 142.0231 146.9824 141.4491 170.0369 150.5822 143.5962 152.659 151.9709 146.4218 167.6944 152.6251 159.3386 155.1382 168.048 176.8649 174.2946 161.5649 177.6354 159.7474 154.9463 173.8257 179.6245 189.8064 169.6606 176.3904 169.8086 167.3286 169.6833 185.1698 169.532 171.7921 155.168 185.9264 181.3837 159.2897 191.8886 140.768 209.1276 168.8395 163.188 160.0407 168.0273 191.9614 192.4436 188.5439 172.1522 181.2976 191.0552 195.9774 205.2802 191.8906 183.3609 165.7001 186.3778 194.8302 185.2503 202.386 194.9184 217.0034
