MapLib/Lvl1_5x5/BG/Ele_BG_BD.asc
ncols         557
nrows         557
xllcorner     1670500
yllcorner     5565669.448
cellsize      1000
nodata_value  -9999.0
[rows 261 to 289 of 557, columns 198 to 263 of 557]
42.6162 49.0904 55.4468 56.392 66.917 45.3187 59.3173 63.1697 70.8818 64.5392 69.413 73.2048 81.859 79.7783 74.8117 72.3291 79.2608 74.8753 78.1451 86.3003 92.8277 103.4171 105.3479 101.686 101.9439 100.5099 90.6874 86.8506 97.1547 84.6256 97.386 106.9711 93.8836 87.9213 78.7463 73.261 78.8588 86.4963 86.6306 72.1878 81.6763 95.9877 87.9333 87.7234 85.9996 95.8882 99.0306 107.1803 109.8446 105.6976 103.807 95.3371 88.7449 102.4244 102.0015 105.3962 107.5139 104.8907 106.6994 106.1076 109.979 120.1858 113.2272 116.6539 114.5681 119.6455
63.6523 46.3914 48.3943 40.606 54.552 52.3848 70.5025 74.8397 71.006 31.0588 77.522 83.3131 88.688 87.3072 89.3391 85.9674 82.9714 100.8053 94.2776 77.9477 77.4875 86.3645 97.1988 101.5993 88.1296 95.0002 85.2813 81.4339 81.8959 93.6757 97.7233 95.3424 105.7616 108.9327 108.1821 92.0255 85.2775 76.9622 77.6397 77.1427 75.5242 91.9439 88.7113 106.1288 102.4706 111.8691 106.1823 110.3576 106.188 100.7732 90.6695 90.8044 88.8425 98.5223 99.4005 103.0409 117.0994 106.9587 104.3903 108.4698 109.0992 111.3571 112.3752 114.2458 111.0717 114.2401
82.9942 77.292 62.2563 57.1673 42.7084 29.561 62.573 53.8333 78.3304 82.0525 81.0082 84.7398 81.0366 84.3311 90.8212 91.8531 99.0667 98.7458 97.1532 92.7894 95.1368 93.7645 79.2268 91.9292 96.7815 89.283 78.7473 81.3476 81.7464 94.3656 95.3599 85.638 80.9338 90.8539 85.0474 83.4384 89.7777 101.3173 83.0568 75.4124 80.5227 90.665 101.6075 97.8445 109.4428 118.2961 116.382 116.5847 105.3328 104.4755 100.378 99.5771 97.7448 88.9192 99.2742 98.9943 96.475 110.9385 113.8087 111.3595 111.7279 113.7672 116.9632 118.5904 118.4755 122.6209
91.211 72.9005 67.9643 62.9051 62.4283 57.4295 51.7311 49.8282 66.9083 56.3065 46.9972 62.7498 81.8742 92.5503 97.3426 89.8975 101.6412 102.6448 100.7962 107.4253 109.7335 109.3136 95.7047 83.7266 86.3433 75.7409 83.8777 73.059 74.7146 84.1435 81.5782 85.7777 80.3038 86.1577 81.7445 91.0676 89.2402 87.4342 76.9313 77.7509 88.6927 96.9776 96.4514 101.4672 106.0126 112.0957 110.1527 111.2819 111.13 106.5907 105.5031 98.9841 90.0655 96.0595 107.6162 104.4711 102.7901 100.7468 110.1006 107.8674 113.7065 107.4065 109.9736 102.8838 117.922 112.9589
65.6908 59.8265 64.695 59.9464 71.9394 86.2494 73.8605 47.3435 57.1358 55.0673 59.6077 54.8729 42.2758 38.4093 54.8649 94.4837 100.9352 111.2335 99.5332 111.765 113.0972 109.5191 95.6951 97.4431 86.0272 82.754 69.9098 75.762 75.7733 84.3806 76.6279 77.4461 72.6745 81.9804 87.137 93.7601 76.9417 80.4415 87.8452 88.788 98.549 111.5177 126.6651 117.4632 110.3529 97.4102 100.2447 101.8646 102.5991 102.7803 88.4281 89.1908 94.9783 112.8547 104.2046 102.0252 112.7277 110.7695 115.8857 110.8352 107.454 113.6613 109.7706 108.9151 94.0899 112.1454
80.892 81.4087 77.189 50.5226 70.7737 83.3211 86.7661 76.0922 74.2485 78.4549 64.897 62.517 52.6805 55.5937 56.7477 41.4635 62.5844 94.0828 98.6474 91.1555 106.7068 90.0707 84.0162 82.637 86.6172 81.697 82.4388 70.1162 80.7443 85.4277 80.1714 87.8774 84.272 85.1222 87.512 81.6843 84.3854 82.609 86.9019 105.0518 97.6505 111.4527 122.5474 127.9677 128.1014 122.08 104.1911 97.2179 100.3153 91.8006 84.7206 94.0253 105.2688 105.2979 107.6255 98.3829 106.2251 108.6113 100.9613 96.4635 96.1178 102.2607 101.6747 103.1032 102.1647 111.8474
77.8486 90.2494 77.694 82.3211 85.547 86.5786 83.449 85.1243 84.2014 82.2409 84.4139 78.8274 85.7202 81.8721 57.7262 61.891 56.5519 45.8239 80.5896 97.9818 92.9489 86.7359 84.7793 80.1043 79.9274 81.8628 75.1299 79.323 86.7519 82.1829 73.9858 84.9365 88.992 94.2263 98.118 98.5024 95.0278 77.6651 80.7728 101.224 112.1358 103.3424 113.6395 120.0068 126.1667 119.2105 109.4231 97.5715 88.9725 89.9618 107.9693 111.1272 108.3573 102.389 95.6012 92.0153 91.9052 95.5465 96.0657 110.3924 107.3634 100.7933 105.358 114.3642 121.5599 119.603
66.9568 90.8352 80.5404 82.6133 78.383 90.0221 77.2323 80.8734 81.0643 86.5612 88.0627 93.4059 92.5179 100.4254 91.5906 67.1112 61.9276 64.9223 42.8469 47.5588 68.3615 79.3768 86.9907 79.266 72.3841 82.4272 75.5002 84.9486 84.221 88.3688 86.649 82.9744 83.9104 87.325 102.2702 110.3855 110.7441 103.9441 87.0396 78.2638 91.948 109.5189 111.654 118.5582 122.5333 121.8692 105.5382 97.4922 93.6306 88.312 96.8127 107.1283 105.5829 101.6976 97.4232 99.1277 105.3363 97.4881 107.376 115.691 113.5821 120.8159 125.5263 120.5548 122.259 113.4576
67.1696 77.3614 82.2966 83.8957 86.162 89.6086 89.0399 84.9653 100.592 95.4988 88.4591 89.6507 86.1662 93.8693 97.5725 96.1729 75.7581 71.3748 44.5209 52.0396 57.4747 52.5497 56.807 72.6149 74.4937 80.8859 80.9289 83.4382 87.1251 78.1998 92.8004 88.4188 101.1737 104.3663 67.3462 113.7355 104.9461 113.7111 104.524 91.081 113.1406 77.6745 89.3297 108.0177 112.6002 110.4372 111.1484 101.7872 99.4385 105.469 94.7606 94.0379 99.3794 94.1232 109.1244 109.9746 109.1802 104.8443 104.6749 106.1017 115.0422 113.3908 110.8859 113.7707 119.7627 114.8965
58.9174 37.7614 79.7835 77.9378 91.0462 81.8381 87.8728 81.2135 86.9024 93.6254 87.0584 86.2201 89.7036 85.6611 82.5974 77.4884 76.2503 85.978 54.5262 44.4768 56.9314 77.8448 71.6951 51.2979 71.1992 77.2035 76.7396 81.1304 86.9886 80.6553 81.0865 91.3398 101.5704 99.1585 90.4707 100.5685 91.3615 106.349 107.5668 107.7092 124.7987 106.4331 97.6264 111.5971 116.0613 104.1358 106.0575 101.4053 92.5799 93.4689 97.5986 104.5641 107.3534 107.0659 109.586 108.9734 109.3837 104.593 112.7539 114.3706 109.3216 108.0443 109.3844 107.9337 115.9336 121.5265
54.094 72.9671 75.9802 82.3587 65.6447 83.5265 81.8255 83.0155 89.7685 85.5833 90.6271 97.5898 97.7468 102.7729 93.0564 78.0341 74.0826 76.2813 59.6055 45.9609 50.6154 61.5323 71.0852 64.1055 61.932 56.5793 67.323 81.7594 76.5491 80.9272 98.4267 96.0333 100.0332 108.4221 109.8613 108.8621 96.5494 119.9029 118.9238 117.9981 126.7049 123.7633 118.8076 112.1178 118.2013 107.9435 101.8329 102.2085 96.6893 101.3879 100.904 100.4898 105.6404 103.2891 112.0549 108.1285 108.6507 110.5784 102.9402 108.588 110.1442 117.4048 114.6808 115.2072 114.4673 112.357
55.9176 69.9883 81.1726 81.6626 73.5561 68.3926 85.7614 90.2494 91.4827 93.0429 93.0928 95.611 92.759 99.2115 95.0634 93.6476 79.175 79.2946 63.238 52.0636 56.7177 54.4495 62.9626 64.3591 78.1474 80.8237 84.3016 87.4357 85.8535 91.0907 105.4453 108.2969 101.7855 101.2734 114.6224 88.6418 99.2957 115.9541 119.1775 119.8665 124.8942 120.3938 119.2793 116.708 118.4011 104.3889 105.7701 107.5724 103.0503 105.9438 108.3368 97.5413 100.0691 102.4286 107.7975 107.9444 107.3386 108.6294 117.891 113.1002 111.9399 113.2163 113.2993 111.3471 112.1295 116.9905
74.7118 69.3876 70.3026 73.8466 89.239 84.7766 78.1401 90.9544 94.2248 91.5254 84.1163 83.198 87.0606 93.8823 96.602 87.4039 78.1063 73.072 64.4303 43.4664 58.3995 63.44 62.1038 64.7266 86.4781 88.6332 96.9605 89.3542 80.5457 101.027 111.9598 102.0811 103.0134 109.6239 99.9797 89.2917 107.4314 123.2507 124.1937 126.347 125.5 120.8446 120.8744 120.3391 114.3293 106.6587 103.2899 106.5175 105.2132 105.5559 102.9861 111.2517 105.1665 106.3398 108.1142 107.2272 106.998 109.3569 111.5789 106.6091 111.9468 111.2903 110.7018 116.7473 114.0739 111.0863
75.6841 82.1306 79.9159 80.4155 86.7089 83.2016 92.0386 88.2317 85.3536 86.4689 86.3846 79.228 80.6989 78.2515 81.9143 83.9045 78.121 73.9854 65.0533 49.4504 48.9981 65.5472 60.0083 68.8697 76.6014 76.1902 86.5125 84.8483 85.1884 81.8204 92.0912 101.5273 108.2231 116.8253 104.1288 109.7249 110.1684 113.0867 120.2965 130.5573 121.6272 110.1514 112.3582 114.9659 107.0594 105.3111 105.4263 105.3271 103.0594 103.4339 100.7163 103.4246 104.2699 112.9983 111.3933 112.6808 112.1196 109.6716 109.0162 114.4993 114.1356 111.0299 110.0879 107.7605 113.756 111.6545
56.3214 98.2713 96.1346 83.4783 85.9036 91.8387 92.8658 87.9633 90.0559 91.7223 87.0644 98.2828 93.7246 86.7633 74.4377 76.9248 78.6397 86.1295 66.221 57.9219 58.9866 64.4305 73.1005 89.105 94.2851 93.0781 86.2825 93.6909 90.158 88.7604 111.9435 97.6601 95.2058 94.3364 98.194 102.5188 108.9055 100.458 104.3542 112.462 111.8012 113.6643 108.9431 103.294 105.5702 96.2074 100.6136 103.2018 101.1921 104.0631 108.6185 105.6114 115.2854 116.7038 111.3636 111.8159 113.6055 111.5006 117.276 119.2344 112.0417 114.2966 107.6614 112.7255 107.0341 117.5702
57.5781 83.2742 87.1656 85.3661 98.7701 90.6265 107.1217 114.5117 91.0996 94.3556 91.0382 91.0964 89.6301 86.8562 68.0428 65.4051 77.2122 82.9039 79.4011 51.8106 48.8508 68.3779 77.1017 78.0183 81.2665 89.384 89.4151 93.5255 98.3247 108.5345 117.4806 120.9639 112.8809 106.5684 107.5672 110.9151 108.4981 107.8711 100.443 97.9547 98.8096 100.7203 100.6006 102.6674 113.2904 97.5573 101.7257 95.8081 105.4708 109.2273 112.6801 110.6685 108.2985 105.7534 111.5511 113.5103 111.2715 111.997 110.0989 112.2027 112.1204 111.2529 113.7083 111.9972 109.307 109.7089
54.1781 70.9934 78.4977 87.3503 95.6805 90.335 92.7559 104.4916 94.7929 91.4362 81.9401 82.6925 78.7246 77.3534 70.7893 68.2986 74.792 70.7582 69.8544 55.8986 52.0217 62.7795 73.0207 79.8939 84.7397 92.9806 98.3966 103.9663 106.999 111.8683 114.2794 120.802 116.6976 119.1457 132.4592 116.096 105.6267 107.5331 101.5888 103.3842 108.4798 112.3173 109.1906 104.0089 102.5137 93.725 104.9867 101.966 104.7332 108.2306 104.9378 105.1496 112.1564 107.3442 106.8443 106.1849 100.1594 104.3884 104.9977 104.5494 108.2187 111.1198 111.5437 111.2883 117.3109 109.997
50.1514 65.466 89.8343 90.6812 81.2426 90.744 100.9099 101.6459 98.3869 94.6655 100.6023 83.3797 80.5476 87.7301 93.7668 100.7037 98.6843 96.9266 83.4923 59.1883 47.4137 61.7938 73.5115 82.2106 80.2034 87.0133 95.8389 113.2223 120.745 118.076 116.3201 112.0285 105.2252 104.1087 101.107 102.5655 101.5107 101.5576 102.1322 104.9996 101.1525 99.3643 100.3067 103.3686 103.3298 105.6591 105.9003 100.9082 96.5992 93.7865 103.4396 108.0417 106.9265 106.03 97.0064 98.8903 100.7055 98.963 106.3423 108.6126 108.5078 112.2625 109.8652 109.0763 104.3419 107.3604
61.9384 60.6945 83.2943 84.3773 87.5624 103.6637 92.7516 99.7191 101.2925 104.9187 111.6154 118.8755 119.0941 108.444 107.7137 112.1127 105.5921 97.952 85.686 66.6471 46.32 59.6827 80.427 75.7642 88.0028 99.8208 96.3222 102.0325 110.9052 97.4665 96.9851 96.3599 95.0999 92.5413 90.7823 95.6394 95.4656 90.5527 92.3746 113.4999 101.5229 103.3916 100.5876 97.03 91.992 98.8514 103.245 97.6073 98.0884 104.1101 101.8484 100.1337 95.1255 92.394 98.5399 104.6624 103.4946 106.8689 107.8576 101.3354 103.6061 106.7985 107.2293 108.8843 113.1655 110.9936
66.6428 60.6972 75.1273 82.3685 87.4321 87.3954 80.4816 90.2275 99.1754 110.1433 115.6133 136.2664 132.5264 123.7854 107.7055 106.5667 90.2311 88.7122 83.5858 68.3744 43.1889 64.5413 89.845 91.6794 120.5879 126.4175 105.7032 96.9438 96.8113 100.5487 94.5444 97.6217 98.6268 98.9384 92.0108 84.8762 89.4315 88.4356 88.9866 90.3242 92.0443 93.5727 93.0075 89.713 89.4698 97.7951 98.8323 100.5661 97.4905 90.7386 95.5469 91.2512 93.7723 106.3501 107.2164 103.9404 105.6843 104.364 105.6747 103.232 103.2989 100.8355 105.8492 104.0751 111.0976 126.8545
80.0503 71.4187 70.5192 82.5738 81.7277 87.3361 79.8897 80.7045 95.2273 100.0189 96.2039 101.8777 98.425 102.5821 99.1863 88.5844 91.3351 90.7426 92.2557 63.9296 43.0004 54.3775 84.3602 82.8369 89.6767 103.1724 108.7114 95.8621 90.8689 96.9117 99.1992 87.9422 92.5569 88.8111 92.8136 87.2743 90.6752 89.2993 94.6627 95.2821 98.3385 98.7592 91.0722 88.6204 85.9693 87.6926 88.9731 84.4752 96.0688 97.8339 98.956 101.5466 104.8381 98.0953 106.0834 105.1588 103.3543 106.3344 107.0834 105.5232 102.7952 105.1458 107.3868 108.9532 119.0436 119.8748
73.0641 94.5602 88.9131 77.9667 74.4901 94.8093 95.4828 81.895 80.8106 95.3127 93.0631 96.5634 96.3214 97.5762 91.7174 87.7911 82.9754 79.0875 78.1695 64.0588 54.3073 51.188 68.0151 77.3141 82.5235 90.6019 85.9226 87.5778 92.1673 94.1714 98.8043 88.8497 78.9616 98.1067 96.2045 91.5672 90.3881 97.1687 94.9882 99.8569 97.1065 88.5401 95.9028 95.665 97.3904 104.5999 100.9093 92.862 104.7256 105.8511 116.4404 103.6469 91.4499 103.9188 109.9095 105.1272 106.0842 107.2749 111.7001 103.8854 107.0916 117.3711 114.1794 124.9349 117.9775 117.7963
69.635 84.5855 90.9655 91.4497 79.0699 75.1657 89.3826 90.1617 88.1742 87.7739 94.3626 86.0732 90.4862 90.1579 92.1786 90.5351 97.3165 82.1259 77.8238 60.7795 51.7208 48.6103 74.2025 91.6854 104.3123 91.8203 86.8741 88.0872 91.3166 80.7078 91.9543 87.062 85.1896 91.6017 98.9985 99.8979 85.7893 92.4452 90.5038 94.2467 92.9161 89.1355 80.8405 82.0449 77.5231 78.8911 75.3158 85.7844 95.3732 91.1988 90.2794 97.3025 100.2584 91.754 102.6659 100.448 101.8991 102.5912 107.974 109.3754 118.6573 116.7149 126.6971 123.0402 122.9945 120.7971
79.0018 69.4559 88.92 87.348 91.6798 88.9863 82.0776 81.7256 93.4524 86.8753 77.4286 90.2633 90.1138 84.3402 85.724 89.6834 89.3197 83.2337 72.781 62.3916 45.0021 46.3579 77.111 82.0448 90.4928 94.0635 98.0862 81.2626 76.8015 72.7329 90.6875 91.6353 92.7556 89.4139 89.1746 91.5278 82.995 69.4944 76.291 75.5271 73.0609 82.1628 85.3526 92.7342 92.7319 96.9564 96.395 97.7088 100.4363 99.9392 85.7758 80.3547 77.2957 101.8533 101.1896 92.0394 99.7402 109.2029 120.563 126.0637 128.3501 127.5091 120.7996 125.3052 127.4016 136.9743
83.9144 78.13 78.1937 77.2574 87.5913 86.2871 79.723 74.0397 77.5118 83.4828 92.6334 88.119 82.8126 89.0848 88.1672 87.1658 86.6014 91.72 75.2513 58.1772 65.4232 59.6625 73.8338 79.5446 84.4619 79.015 75.9617 78.9748 82.9234 80.9013 77.9029 81.8731 87.966 86.6996 83.5111 68.4706 81.4062 92.8507 86.5796 86.1947 88.0265 93.475 96.965 94.1554 99.5141 96.8412 94.3819 101.0652 105.0927 105.8209 100.8817 87.702 97.0033 98.5104 105.1491 102.1247 100.9382 96.9702 112.725 127.598 124.8892 115.0379 131.7321 136.9425 134.3111 129.2175
85.8212 80.4754 83.6995 84.177 78.5747 90.3499 92.2452 85.7223 82.0128 68.3439 75.7946 81.9067 85.7405 81.845 77.4247 89.1752 84.5924 85.2851 67.4 48.7593 57.5736 61.8808 70.8022 77.9565 78.1565 78.3133 89.1852 96.001 79.1975 84.5708 83.9647 87.3251 67.972 68.7943 79.9983 82.9159 86.797 86.6535 85.4411 92.4105 89.4997 90.1537 94.0693 92.5381 95.1855 100.9266 96.2794 97.8341 101.8082 96.7468 94.1864 80.6805 92.0691 97.3779 97.872 101.0409 105.9127 116.9389 107.9766 112.7449 115.808 118.7187 123.7549 129.6224 129.9173 119.4498
82.7105 87.1023 81.4921 76.9291 82.0929 79.1268 76.471 80.2015 85.5856 88.015 82.6953 74.5877 73.7493 62.1465 59.6168 61.8971 74.3496 71.4131 54.382 56.555 61.3756 65.0788 70.3567 77.584 78.7905 81.7753 80.455 96.1766 88.0585 99.3196 95.9901 73.033 83.3412 83.4613 81.001 88.5087 92.5964 89.7046 93.5231 94.0506 92.931 96.1311 100.4232 96.6271 98.0135 97.7529 97.6735 100.3106 94.2226 85.5639 88.9312 90.7247 85.0241 91.1334 96.8747 102.8806 107.4972 111.9576 107.3924 107.7882 110.5393 113.9838 129.2433 128.7025 120.4994 136.0782
80.8645 86.3244 80.4887 78.2821 83.2706 80.2662 83.4966 85.0339 77.747 89.8348 89.4433 88.9214 92.411 89.6708 76.0108 82.5787 68.4595 52.9249 47.3657 61.5461 62.4633 67.668 77.8245 77.2558 76.9032 70.7254 73.7618 77.5848 79.2447 75.8035 72.2536 78.9297 89.8679 85.6429 90.5039 89.8208 88.972 92.6856 89.3491 91.7015 93.4284 95.2799 95.0144 91.9418 93.8424 98.897 92.2364 91.0524 93.0158 96.0205 92.8465 91.7407 91.3872 82.4734 92.3413 89.1133 97.7379 110.821 101.7127 111.0455 122.8722 117.5681 117.4893 122.3764 123.3503 134.5382
82.7066 87.0053 87.4403 80.751 79.9685 88.8656 89.8529 84.8065 86.3299 87.8481 84.2374 87.1857 90.4199 80.6864 73.325 72.5598 61.7813 59.3785 63.7473 62.5029 58.6434 63.718 70.1745 84.79 73.6754 72.3491 73.8553 76.3709 81.4305 80.1785 85.8329 87.9541 89.3224 90.1766 89.4937 91.3721 91.7252 96.4131 95.2638 92.8323 96.0187 96.6548 93.6746 88.4332 91.6671 88.5828 94.4296 95.8824 95.933 97.9756 96.7254 95.7811 99.9828 99.9751 97.1581 92.3386 100.9373 98.1198 105.3548 110.9284 115.7432 113.1052 115.4721 110.372 114.5038 116.5912
