MapLib/Lvl1_5x5/BG/Ele_BG_AB.asc
ncols         557
nrows         557
xllcorner     556500
yllcorner     6122669.448
cellsize      1000
nodata_value  -9999.0
[rows 56 to 83 of 557, columns 320 to 383 of 557]
642.0168 785.8766 968.5709 1026.2169 1057.4603 973.7497 914.116 844.5177 778.6467 557.4433 415.6823 344.0677 306.0102 575.0571 689.1401 747.8026 753.3538 745.2646 779.1359 713.6043 663.0335 715.3053 829.2747 913.8219 879.4412 808.0168 801.5827 774.4835 749.7418 760.3073 769.5228 693.8354 597.8304 562.502 567.9082 557.6542 590.5197 676.5771 709.6843 712.0565 716.8918 674.0472 586.1104 562.1888 606.5518 589.5243 550.0969 595.0566 581.2282 625.7969 643.3516 652.1517 713.6065 784.1745 816.8922 795.8561 792.9966 780.3831 747.3102 665.2249 630.8927 629.9784 625.4394 628.3199
605.0671 665.48 727.8317 802.0451 850.7705 822.8626 771.7441 604.0568 406.6537 304.4741 240.8432 411.5697 527.9786 649.0255 732.9451 824.1796 818.6675 805.9208 802.6097 701.4656 731.2401 733.4579 832.4905 899.1057 955.2444 832.8077 759.9137 658.5574 645.4146 691.223 672.6056 598.4538 575.8851 615.9632 637.7068 608.468 561.3325 558.5355 565.4243 560.0832 569.1893 553.1426 566.6915 569.6876 546.8153 522.3318 558.3572 507.0984 520.5829 601.6158 598.4495 538.5615 565.4846 711.7853 795.8654 782.8312 653.3711 524.7941 482.5419 488.1466 608.2648 648.93 653.2072 660.9919
615.4103 595.7801 582.6083 659.9896 725.4669 691.5181 599.9467 454.4599 303.6145 236.0256 406.1678 621.973 712.0104 761.8931 741.8085 731.5309 753.2676 855.129 845.2183 677.4526 772.8826 769.5611 842.8865 797.1381 712.2913 688.2722 636.1328 578.9545 575.3041 578.3216 656.8206 549.8295 568.6774 570.8309 561.2265 594.522 587.8615 602.6045 605.4177 616.0425 656.729 640.7543 692.9689 687.0164 656.4079 685.3416 615.7826 515.8918 482.1204 581.4151 686.7739 571.1155 514.6868 533.9177 544.8021 501.2532 488.6927 492.8502 504.0667 491.1557 475.0454 557.2117 642.8455 649.3278
406.3584 397.6073 331.2275 342.2634 374.369 480.0068 557.4419 410.4278 218.9508 464.9909 658.269 670.5464 761.6723 723.8272 627.8289 571.9471 585.0401 636.2551 674.8358 688.9048 824.5549 787.5101 718.6152 712.6911 693.2379 703.6548 730.9995 703.8915 580.994 535.5002 570.4567 612.7121 545.9521 570.8607 558.3939 547.9238 563.7982 571.3956 574.7856 605.1271 672.4583 697.2352 710.2565 731.8752 704.5904 699.1292 638.2394 499.4198 517.4708 633.9902 617.3192 656.733 676.3132 741.1716 747.716 680.8008 640.9311 667.9185 578.9731 509.2408 445.068 437.2239 483.1225 527.8054
725.9182 760.5438 745.9947 644.4017 476.7573 370.907 308.5175 176.9763 430.6885 650.048 812.4651 803.3319 717.4256 594.6089 571.4641 557.9568 516.772 536.2061 628.5983 657.4393 709.2184 774.3983 806.5342 789.7694 780.4229 753.2968 739.1475 693.4019 570.6968 540.4551 585.7955 601.4362 548.0621 616.2311 728.2419 709.231 670.3649 680.9295 673.2393 634.0323 665.2507 697.933 712.6317 720.8028 733.5059 696.1558 494.7907 443.44 584.8999 576.6771 541.0079 560.3141 622.0894 662.8373 715.6232 679.8388 658.4045 611.6833 599.5709 617.9334 524.4277 454.0392 468.9518 497.8774
602.2072 650.8599 649.787 630.3578 581.08 502.7769 412.8101 241.6873 149.0223 244.0482 283.074 251.9869 265.3875 378.0074 486.9013 424.1102 470.9258 561.8049 657.3021 686.4193 724.5794 755.828 774.367 788.902 756.6232 768.7432 803.9473 726.9412 533.3689 604.8554 648.8126 545.5344 601.2316 709.3085 782.1928 712.3203 679.8303 662.1745 649.2793 636.5856 685.8181 670.623 697.1068 712.8869 719.9361 696.8867 665.6617 496.0522 413.1341 418.0156 431.5922 417.0696 392.7696 363.6045 366.6302 492.7408 602.9749 698.4768 652.9451 592.6664 500.6166 457.2344 441.0652 529.4399
194.0874 182.7436 179.3983 176.9276 190.0268 183.4571 176.8866 191.3511 183.4682 164.8068 120.1888 128.2963 127.6939 107.8861 71.3161 76.1427 93.964 110.8965 124.5078 108.033 100.9194 124.0614 276.9468 614.4415 753.2964 739.0173 726.3506 650.1415 521.1911 478.6855 470.5038 455.947 425.8714 421.9969 524.4818 645.954 663.7194 665.8353 638.2986 640.5056 649.6091 677.8522 760.7192 795.3948 661.4061 625.9547 624.7841 640.5717 624.6413 649.6721 591.2375 540.0519 535.104 518.6326 407.2039 327.2273 317.7123 376.2161 417.613 445.8045 486.4371 438.9929 428.7452 378.8152
804.2648 766.151 725.8893 805.7166 818.0623 806.0681 731.7712 643.2531 625.5178 605.8944 665.7463 696.8151 585.1218 420.3565 375.7192 250.9126 112.8933 151.2151 208.2398 266.7435 326.1378 239.1373 116.704 90.8788 104.8482 152.7071 327.2629 551.9924 585.1411 605.6871 735.6298 675.7164 415.6784 254.4507 344.298 457.449 612.0931 692.7217 669.147 675.5734 661.5433 650.8071 701.7685 749.5698 826.6945 813.583 710.8818 689.7614 675.3201 674.106 670.0506 628.0082 585.7886 534.8817 447.1931 461.2155 458.7458 290.7869 289.6306 358.8566 224.9881 243.7754 385.835 363.5435
857.3486 825.4459 814.0647 835.5065 777.9488 773.9468 808.6614 777.8895 734.5056 784.8113 734.4669 610.699 524.9918 496.0612 475.7612 483.5121 591.1407 591.4688 607.5356 669.9429 625.7054 546.4524 466.9573 343.4934 321.0775 301.1106 147.6911 90 90 90.8299 131.8821 237.3713 307.5502 155.3284 105.8372 170.5407 402.8447 589.8173 590.3887 703.0899 735.0892 773.9813 832.2836 795.5129 786.5214 715.0389 714.0052 726.7023 727.7784 674.2821 677.9421 672.0993 621.1568 631.3955 585.5765 627.2747 576.4604 402.9117 315.8369 308.393 377.1705 277.7291 146.839 124.5225
871.4563 851.3951 835.2278 866.4767 869.5594 853.9405 784.746 750.9316 759.5342 692.7653 624.1791 651.0329 699.6611 689.566 614.6426 524.5829 512.3453 663.6621 811.8036 851.3035 920.8699 851.4044 843.6537 844.5983 760.6595 611.7802 324.3694 176.9791 139.3544 154.2791 102.9414 90 90 90 90 90 90 90 91.0915 153.9161 259.3715 395.5298 542.3418 673.7792 722.2531 731.889 708.28 729.5157 745.4871 768.1227 723.6518 702.9354 788.9988 794.7178 736.0753 730.9124 746.8718 751.1243 728.6222 692.3296 660.3669 572.1909 377.7552 139.5687
893.463 937.7589 974.5931 965.0486 926.293 861.8409 774.8651 702.5873 661.8322 622.3885 622.3513 681.9775 645.1685 604.682 578.6547 503.4889 519.4387 635.2608 724.6172 768.9819 825.0173 872.0789 801.2817 789.0917 778.8733 701.1808 614.1334 502.6096 463.2858 418.6944 435.9744 413.4329 383.2073 269.7552 141.6626 90.419 90 90 90 90 90 90 90.6743 138.5632 207.0043 269.0059 259.1259 261.8765 404.0937 552.6079 703.5722 715.8069 692.1743 670.9388 661.7472 640.4892 619.2877 607.1133 606.8756 588.8268 558.6102 492.127 407.6767 333.8243
905.0405 969.6998 1011.2819 935.5071 861.2106 817.9351 737.1741 706.3201 680.3516 645.8687 626.629 614.7414 604.5961 584.0231 490.963 486.4645 500.8977 544.9217 654.5403 733.7281 779.9307 747.8591 725.8434 731.3307 735.5974 729.3591 586.7407 603.8448 528.0686 586.5756 562.9982 366.9985 320.7062 340.8755 360.4958 288.824 217.9792 192.9835 179.0409 175.9959 161.0924 130.9576 111.6009 90 90 90 90 90 90 90 94.5128 124.2373 238.5988 448.4977 557.8143 621.3859 619.677 552.14 461.6544 442.9743 362.9534 360.9102 332.6989 290.2
875.804 876.2877 908.1368 908.352 793.4128 759.4293 815.6324 872.6266 816.0433 811.4821 783.1836 721.4583 726.3592 608.9926 483.1377 486.5785 485.5228 488.4851 485.5054 508.394 546.7826 632.1592 663.704 712.6799 731.9023 758.1656 699.5576 595.3016 556.5944 437.806 402.5558 353.6326 362.6632 395.064 432.6671 491.7827 539.9993 554.0905 608.8489 610.2334 684.4469 676.1503 646.8937 731.7385 631.4883 446.248 352.9249 305.5768 236.4824 126.5999 106.4765 90.2295 90.0009 90 90 90 90 90 90 90.0023 90.0158 90 90.0041 90.1182
843.4878 786.9441 738.1434 740.547 799.8408 874.5212 819.0711 779.457 713.4765 769.4731 760.2015 702.2792 612.433 556.8224 540.9731 524.3824 491.3506 487.1852 462.887 521.6316 580.6975 578.299 575.3257 655.5597 711.1639 770.5292 755.5224 716.6571 694.0519 500.2804 322.2776 324.2489 365.9629 386.9638 449.1417 524.9496 572.1154 687.4462 774.3542 756.905 741.5211 722.3909 741.5697 813.2117 837.2647 794.2529 707.88 660.509 734.4253 723.5276 641.6518 605.2222 541.626 526.5647 407.4711 463.1832 498.6581 475.8851 530.4856 551.806 544.4206 474.1344 298.9671 280.9073
729.2664 694.1036 678.0235 666.7268 665.5065 666.1702 742.0966 784.5723 667.701 621.3465 628.2634 601.8206 580.1752 561.2751 554.585 560.8729 502.3608 472.8536 426.2441 412.5005 419.3516 421.9302 440.0952 437.8849 439.0004 441.1841 489.6063 524.2202 515.9019 450.2782 380.9382 305.6112 306.937 324.4221 419.5511 551.4439 614.3554 659.991 731.6987 733.8306 731.1005 670.2542 742.798 670.1161 678.6501 729.8326 754.2996 818.2083 775.3511 715.2311 719.5686 782.8679 846.8655 886.7584 850.5038 827.9476 803.5745 789.0637 806.8279 838.3151 778.8491 714.6916 688.5849 633.3912
777.7299 731.9539 721.5483 748.2358 739.0169 732.7644 681.8691 659.5065 659.1984 684.5316 705.3792 746.3137 724.5317 666.5267 662.0575 699.2261 701.3398 619.9959 569.0071 477.7353 398.6847 395.9581 414.1145 439.9823 559.697 598.1321 592.2112 483.4475 409.0194 364.192 344.2633 304.0303 296.7527 268.586 377.3958 501.9879 545.1417 618.9479 626.2297 590.8828 615.4389 598.1077 557.9304 575.4737 563.9777 503.0769 524.6391 697.7401 738.7383 731.4622 672.1145 639.9944 669.0524 698.2103 745.2815 788.7997 782.5521 800.8496 782.2306 758.9154 753.6551 735.514 723.7369 707.1453
782.2639 756.6917 810.7505 885.1602 839.6594 775.2922 809.1829 701.2692 718.7321 754.2646 817.749 810.1216 768.6233 780.4987 827.5813 803.5486 872.4054 831.2006 824.5786 792.742 698.2773 458.9258 376.4953 368.2552 434.7899 537.2004 406.2607 379.4392 365.375 337.4109 334.4834 349.4621 361.3384 414.7719 370.5841 281.7056 254.3544 250.4908 249.8133 252.0786 253.8682 261.6443 283.4904 286.406 257.3813 254.1134 255.7248 267.9864 340.4007 432.5515 551.8881 602.9161 634.4604 620.4488 645.2558 720.2126 743.9228 780.9759 804.6063 824.5984 847.1637 820.8959 768.6898 709.8914
776.1281 768.6979 814.9796 840.5886 804.3458 759.6013 746.3903 743.4481 731.6209 743.209 768.1415 766.7076 774.2251 851.2651 874.8671 898.3448 866.2119 902.4485 871.0509 859.4332 784.4703 580.9725 373.6173 338.8158 335.0036 336.5386 335 340.9297 335 338.1004 396.6974 510.3834 626.1581 668.2947 629.2974 596.8068 523.4554 482.2105 637.4618 520.3494 351.665 282.7612 264.1116 267.0785 280.5664 252.68 248.2277 248 248 248 264.9783 376.2859 549.3643 681.741 684.1416 671.4468 650.6602 685.2975 711.8737 848.7945 789.7288 772.0886 794.4186 900.0886
743.3342 749.3331 762.7266 756.089 751.7168 760.9682 736.2231 806.663 833.3727 835.768 744.1296 770.024 811.5845 852.5793 880.3514 872.9102 853.4485 843.4807 814.1172 761.4116 712.8579 663.9646 587.1541 474.0308 364.129 335.6613 335 335 336.9477 353.5139 436.9736 596.0551 689.5871 744.1398 753.8537 658.8029 609.937 655.4299 695.2487 693.6238 628.9769 562.5733 476.8689 471.5612 431.4431 353.5643 288.0849 252.6953 255.1329 249.9745 248 248 251.8031 317.2791 448.9475 473.9933 377.3671 410.5887 532.0321 629.8575 632.4541 502.671 523.9372 602.0697
711.7952 752.6879 744.4829 703.2225 681.8849 655.991 654.1553 683.328 734.0626 737.1105 707.2591 722.5591 842.3221 892.8057 905.1249 940.6048 962.0887 985.2125 939.9443 834.0272 836.0916 808.5072 751.2476 757.0945 682.8558 435.0362 346.4027 335.049 335 354.4312 461.6507 602.153 728.989 731.8549 690.7759 649.1755 685.2134 729.6049 755.1411 780.5604 832.3146 829.8606 830.6061 786.9814 783.7842 702.3251 623.3925 471.2911 351.4814 296.0591 267.9389 255.6108 249.2017 248 248 248.3357 248 248 249.2393 280.1296 255.2699 276.1846 263.9088 292.689
660.917 651.6726 666.6908 672.4352 590.3472 567.825 594.5502 659.0765 722.6512 790.4443 765.1506 712.9179 708.3444 755.2474 891.3898 996.0145 975.7999 925.1823 827.8457 830.6128 890.0118 905.9377 899.4835 854.6763 735.6534 544.1135 443.9358 377.2623 346.4766 367.8039 429.5102 522.5553 576.6667 592.4874 644.3475 681.3915 784.9509 869.3275 828.8973 799.8772 829.9529 856.2979 948.9828 1007.4178 972.8813 956.0352 904.7007 802.2103 690.8926 576.1401 447.2377 355.4914 290.7173 259.7169 251.4386 256.2953 249.8735 249.3754 287.4317 288.3369 270.4168 251.9037 248.6584 247.8227
789.9249 758.9976 784.7806 812.1949 707.653 589.5034 562.1749 654.639 753.0514 801.756 852.5065 914.7531 852.851 692.7961 774.5319 829.2163 825.1213 793.3386 800.609 773.3722 791.2526 798.0043 796.085 760.4688 642.2915 516.3296 399.2895 376.354 379.1794 430.6095 501.1663 553.6137 610.3474 603.0961 613.6631 642.7879 674.0614 719.4846 776.946 876.6531 920.494 972.8129 1015.1575 998.4266 1050.5504 1083.3668 1049.3112 1009.0181 894.0945 858.1089 789.2285 606.8911 506.7549 484.2585 552.3541 564.6154 607.9185 630.2083 610.0551 556.4098 482.5868 361.9204 295.8374 279.1102
785.8624 717.9749 695.4386 707.4636 661.4152 607.5656 566.6848 559.9072 561.5331 565.9556 571.3267 575.1711 569.0605 539.1141 602.9161 774.412 768.0059 731.434 611.4291 627.8649 692.24 720.1986 729.0709 552.9353 409.5252 381.3944 389.2461 435.0721 478.4025 550.1246 573.2336 636.4704 732.7543 755.8742 794.5381 791.2914 779.1572 757.1078 765.1957 842.3615 889.1167 925.5257 1006.6023 1006.4341 999.8042 983.187 1036.5605 924.3398 878.65 830.3788 810.7944 811.0037 835.9564 851.3383 868.6213 770.2613 793.3683 869.422 813.1172 723.3939 703.6588 661.8575 579.1434 456.8177
756.0447 733.6894 652.9687 662.7999 686.1476 720.4666 763.2409 745.3782 713.3127 790.8228 845.4514 825.2771 553.1854 466.4995 577.5361 610.7728 616.2955 633.2375 494.0248 469.0699 543.0297 605.408 501.4073 382.8918 332.8123 362.636 428.4644 542.4861 628.0878 671.5719 696.9131 749.0819 788.5902 864.2603 900.4586 1023.6223 1112.5123 1091.1705 956.9586 912.4295 904.657 890.5027 893.662 937.655 967.0631 968.44 1035.0266 1065.0416 927.6824 852.9993 848.8458 769.2457 712.6447 789.5374 859.6507 784.0196 797.0187 817.2373 773.1946 666.089 641.5628 599.7143 529.4628 569.38
753 755.4247 804.0102 856.2253 755.8805 753.1578 809.0453 832.9847 850.2245 874.0327 884.4835 879.5373 788.5118 493.946 441.0164 593.1962 560.6017 473.7413 419.2628 357.3446 328.7921 327.2836 324.2907 317.6079 332.2513 362.6982 445.2393 567.9243 657.0242 705.7247 766.0589 848.3182 968.6144 1066.7789 1111.8964 1102.9288 1061.6466 1031.8142 1042.3038 937.85 861.2894 859 909.3055 974.0305 974.1956 1035.0796 1110.5944 1096.1288 1019.9316 985.7818 837.515 730.4938 747.5726 682.3574 730.4686 784.3384 812.3691 744.2755 642.932 577.2925 500.0302 448.8988 451.2367 513.8422
760.3796 772.1841 873.0311 974.3983 977.3615 948.8299 873.3126 918.0534 905.9653 899.3067 859.0072 827.9286 842.7578 799.751 584.7516 543.9146 576.7109 586.5261 597.6664 476.0397 323.9535 301.1086 311.167 307.067 338.9361 393.7729 477.7966 630.2944 738.6351 750.2268 808.7918 858.0659 910.4288 1025.5448 1063.8335 1052.7065 1055.0986 1025.5825 1026.0576 1032.4886 1031.179 911.9503 860.656 858.674 943.562 1019.437 1050.5012 1030.6217 1023.4297 1015.9861 955.2221 821.0326 759.5608 671.2922 636.5516 803.724 852.5323 876.465 762.5411 737.2935 682.2424 606.3992 461.3278 451.2557
763.9938 836.2624 857.0634 894.3959 895.8157 910.8106 909.8928 943.1537 955.2786 965.4864 994.4395 1003.6124 986.0414 933.6254 856.8004 644.1784 599.6229 666.0744 687.8562 406.7668 321.0963 298.8615 308.8695 344.8498 460.3517 587.2286 615.5214 622.3273 683.4653 721.0847 733.6308 797.6778 786.2789 790.2552 854.3359 1020.9238 1012.0139 1009.7804 1074.3987 1061.5361 1059.9694 1115.8943 1060.9612 916.3778 844.8921 889.1176 985.495 1025.201 1028.0294 1059.3254 971.6504 735.5905 737.2103 753.2545 678.9889 621.8918 682.3289 661.962 900.1169 953.0891 667.2493 477.8747 417.8568 432.338
787.6525 815.9764 843.9548 825.4341 801.3824 852.2653 886.1223 898.0548 889.1276 938.3235 911.3763 937.5297 935.6408 955.939 808.7411 673.5641 601.7321 601.6 553.7576 487.6183 398.2384 314.3954 321.0337 486.0004 585.4015 687.3522 621.8223 634.4459 658.2974 727.6506 793.3057 784.9209 753.2039 771.1704 793.2902 717.4565 774.8872 795.0981 874.8273 902.3903 985.1451 985.3927 964.5722 936.4277 855.6173 830.8812 806.0799 756.6985 744.0261 733.7369 739.9591 776.5153 780.5726 755.2325 731.5809 680.8703 645.9273 630.2161 602.4423 585.3394 548.6478 505.3452 409.9158 303.6844
