MapLib/Lvl1_5x5/BG/Ele_BG_BC.asc
ncols         557
nrows         557
xllcorner     1113500
yllcorner     5565669.448
cellsize      1000
nodata_value  -9999.0
[rows 30 to 59 of 557, columns 201 to 267 of 557]
5.6897 -1 4.7606 4.5697 -1 -1 -1 6.2749 11.0364 7.8045 7.378 8.1302 7.2214 8.5618 7.8887 9.8455 8.6949 6.9943 9.9038 8.1165 7.3751 7.456 6.7984 2.7977 -2.2121 -4.7367 -6.7538 -8.0153 -8.9977 -9.9953 -10.9152 -10.9971 -11.9935 -11.9989 -12.4622 -13.0975 -14 -15 -15.0033 -16 -17 -17.909 -18.5443 -19 -19 -19 -19 -19 -20 -20 -21 -21 -21 -21 -22 -21.2026 -21.0065 -21 -21 -21 -20.0275 -20 -19.7522 -19.0008 -19 -19 -19
5.8417 -1 1 -1 -1.6287 -1.6037 -1 -1.3103 -2 -1.1556 -1 6.4203 9.6209 8.9285 13.2571 12.8714 6.3731 5.3522 9.1772 6.7549 5.5239 6.2089 -2.7299 -3.2063 -5.4079 -7.3737 -8.0089 -9.0097 -9.8703 -10.7349 -11.5792 -12.3499 -12.6999 -13 -13 -13.6649 -14 -15 -15.6299 -16.6385 -17.1721 -17.9662 -18.5443 -19 -19 -19 -19 -19 -19.595 -20 -20.7651 -21 -21 -21 -21 -20.4954 -20.3713 -20.4172 -21 -20.2437 -20 -19.6139 -19 -19 -19 -19 -19
2.9857 -1 -1 -1 -1.2977 -1 -1 -1 -1 -1 6.1827 11.5247 16.1083 10.1743 7.3565 8.5054 6.4973 6.4602 6.982 5.6555 2 -4.264 -4.264 -5.7384 -7.3447 -8.1967 -9.5438 -10.2794 -11.264 -11.4745 -12 -12.5565 -13 -13 -13.6042 -14.3357 -15.1934 -15.5348 -16.2664 -17.1686 -18 -18 -18 -18.736 -18.9511 -19 -19 -19 -19.2619 -19.736 -19.9014 -20 -20 -20 -20 -19.7881 -19.736 -19.7553 -20 -19.736 -19.736 -19 -19 -19 -19 -19 -19
12.2022 7.6699 -1 -1 -1 -1 -1 -1 -1 3.2192 8.2656 9.5351 8.9138 6.7807 6.7969 6.7692 4.8965 4.5952 4.1817 -1.9334 -3.5686 -5.1833 -5.8993 -7.3737 -8.0986 -9.6442 -10.3419 -11.9008 -12.5851 -12.6421 -12 -12.5565 -13 -13.7437 -14.4157 -15.0877 -15.9731 -16.8993 -17.0029 -17.9636 -18 -18 -18 -18 -18.8148 -19 -19 -19 -19 -19 -19.0631 -19.1007 -19.1007 -19.1007 -19.1007 -19.0199 -19 -19.0074 -19.1007 -19 -19 -19 -19 -19 -19 -19 -19
10.0233 11.9964 13.1515 10.2592 10.4009 -1 -1 -1 8.4061 10.4265 8.0406 7.5514 7.8845 8.7049 9.9073 7.0635 6.5401 5.9762 -1.2981 -2.9334 -4.5686 -6.109 -7.3737 -8.2536 -9.5856 -10.3982 -11.2032 -12.0082 -12.8374 -13 -12.5712 -13 -13 -13.827 -14 -15.0454 -15.8571 -16.368 -17.0033 -18.3413 -18.3882 -18 -18 -18.6181 -19 -19 -19.0456 -19.5345 -19 -19 -19 -19 -19 -19 -19 -19 -19 -19 -19 -18.8163 -18.4655 -18.4655 -18.4655 -18.4655 -18.7434 -19 -19
14.8592 13.0118 8.725 2.4488 -1.4045 -1.7972 -1 6.8503 10.0126 8.5381 6.1312 6.3009 5.0936 5.6388 6.2132 6.825 5.4037 8.5957 -2.3487 -4.1031 -5.6419 -7.2039 -8.1425 -9.4744 -10.2608 -11.1265 -12 -12.0128 -12.9407 -13 -13 -13 -13 -13.827 -14 -15 -15.7327 -16.368 -18 -18.6385 -18.7727 -18.0154 -18.6216 -19 -19 -19 -19.8447 -20 -19 -19 -19 -18.9556 -18.8302 -18.8302 -18.8302 -18.8302 -18.8302 -18.8302 -18.8302 -18.5449 -18 -18 -18 -18 -18 -18.8566 -19
16.0182 11.9997 11.7612 8.0567 -1.0789 -1 -1 9 8.0242 9.4436 8.7003 10.0592 6.8088 6.797 8.2471 6.4043 6.3614 -1.5336 -3.1613 -4.9334 -6 -7.2039 -8.8391 -9.8975 -11.0883 -11.9503 -12 -12 -12.1269 -12.195 -12.195 -13 -13 -13.827 -14 -15.0785 -15.9479 -16.368 -18 -18.6385 -19 -18.8228 -19 -19 -19 -19 -19.0166 -19.195 -19 -19 -18.4958 -18.144 -18 -18 -18 -18 -18 -18 -18 -18 -18 -18 -18 -18 -18 -18.0303 -18.195
11.4458 8.815 -1 -1 -1.1781 -1 -1 8.1452 8.2368 8.897 8.1532 10.2693 6.6262 5.9081 8.4184 7.5246 8.3164 -2.1031 -4.2981 -5.9334 -6.7586 -7.2039 -8.8391 -10.4744 -11.1097 -12 -12 -12 -12 -12 -12 -12.7517 -13.0844 -13.9032 -14.2587 -15.0975 -16 -16.7217 -17.0033 -18.6385 -19 -19 -18.7604 -18.5597 -18.5597 -18.5597 -18.5597 -18.5597 -18.5597 -18.5597 -18 -17.7384 -17 -17.2343 -17.4403 -17.4403 -17.4403 -17.4081 -17 -17.3436 -18 -18 -18 -18 -18 -18 -18
7.775 5.474 -1 -1.0581 -2.0755 -1.9602 3.7221 7.8729 7.926 9.5604 7.2227 8.4192 7.3234 8.8786 7.4597 6.7562 7.0549 -2.6629 -4.3206 -6.8718 -7.043 -8.0154 -8.8513 -10 -11 -11.6886 -12 -12.0012 -12.6771 -13 -13 -13.042 -14 -14 -14 -15 -15.7327 -16.368 -17.0033 -18 -18 -18 -17.9589 -17.9245 -17.9245 -17.9245 -17.9245 -17.9245 -17.9245 -17.9245 -17 -17.2616 -18 -18 -18.0755 -18.0755 -18.0755 -18.07 -18 -17.6564 -17 -17 -17 -17 -17 -17 -17
-1 -1.7108 -1.7108 -2.4801 -3 -2.671 -1.231 6.9738 8.0279 6.4706 7.8985 9.2297 7.8968 7.5785 7.1463 7.3443 8.8783 -2.6629 -4.3843 -6.886 -7.5686 -8.2039 -9 -10 -10.3671 -11 -11.5594 -12.0045 -12.2892 -12.2892 -12.2892 -13.1609 -13.2892 -13.877 -14 -14.3585 -15.7327 -16.368 -17.0033 -18 -18 -18 -17.8426 -17 -17 -17 -17 -17 -17 -17 -17 -17.2616 -18 -18 -19 -19 -19 -18.9269 -18 -17.6564 -17 -17 -17 -17 -17 -17 -17
-2.3461 -2.3461 -2.4337 -3.2662 -4.3461 -4.3063 -3.3461 -1.5847 6.7171 8.8004 6.706 7.6605 7.9678 8.0017 7.4974 9.8487 10.4801 -1.4335 -3.5962 -5.9334 -7 -8 -8.8391 -9.3102 -10 -10.4871 -11 -11.0101 -11.6539 -11.6539 -11.6539 -11.8465 -12.6539 -12.9401 -13.4622 -14.0975 -15.7327 -16.368 -17.3482 -18.6385 -19 -19 -18.1577 -18 -17.1852 -17 -17 -17 -17 -17 -17 -17.2616 -18 -18 -19 -19 -19 -18.9269 -18 -17.6564 -17 -17 -17 -17 -17 -17 -17
-3.9813 -3.9813 -3.9813 -4.7506 -5 -4.9993 -4.3189 -3.671 -2.0358 8.8628 9.1028 9.4389 8.2406 7.1715 6.3159 6.8959 9.9794 -1 -3.3037 -5.868 -7.558 -8.2001 -8.997 -9.4655 -10 -10.731 -11 -11 -11 -11 -11 -11.9917 -12 -12.827 -13.0086 -14.0975 -15.0137 -16.368 -18 -18.6385 -19 -19 -18.0085 -18 -17.1852 -17 -17 -17 -17 -17 -17 -17.2616 -18 -18.5222 -19 -19 -19 -18.9986 -18.2862 -17.9936 -17.0207 -17 -17 -17 -17 -17 -17
-5.6166 -5.6166 -5.6166 -5.6166 -6 -5.6166 -5.6166 -5.3063 -4.254 -2.0358 8.5083 9.9993 7.3623 7.8921 7.6322 6.7479 7.5582 -1 -2.5962 -5.8667 -7.5686 -9 -9.5174 -10 -10.6586 -11 -11 -11.0095 -11.8661 -12 -12 -12 -12 -12.827 -13 -14 -14.7327 -16.368 -18 -18.6385 -18.8312 -18.0349 -17.6644 -17 -17 -17 -17 -17 -17 -17 -17 -17.2616 -18.553 -19 -19.6807 -20 -20 -19.5715 -19 -18.4047 -18 -17.2379 -17 -16.4545 -16 -16 -16
-6.2174 -6.2518 -6.2518 -6.2518 -6.2518 -6.2518 -6.2518 -6 -5.2926 -4.3574 -2.8741 6.9497 10.4693 10 8.7973 7.5842 9.6775 7.4052 -2.5962 -5.6317 -7.3168 -8.7995 -9.6278 -10 -11 -11 -11 -11 -11.4868 -12 -12 -12 -12.3953 -13.2082 -14.3682 -15.2764 -16.0519 -17.2518 -18.0008 -18.7295 -18.7262 -18 -17.4557 -17 -17 -17 -17 -17 -17 -17 -17.1577 -18.0659 -18.9228 -19.6499 -20.0421 -20.0497 -20 -19.9269 -19 -18.6564 -18 -17.5405 -17 -16.1153 -16 -15.9609 -15.7482
-6.8635 -7 -7 -7 -7 -7 -7 -6.8871 -6.8871 -6.8215 -5.3664 -2.1844 9.097 9.1955 6.6101 5.8414 5.3533 6 -2.5962 -4.9334 -6.5686 -8.2039 -9 -10 -11 -11 -11 -11 -11 -11.3666 -12 -12.4936 -13.1701 -14.714 -16.3493 -17.8716 -18.7742 -18.8871 -18.8874 -19 -18.7262 -18 -17.4557 -17 -17 -17 -17 -17 -17 -17 -17.6263 -18.2616 -19.7956 -20 -20.906 -20.9094 -20 -19.9269 -19 -18.6564 -18 -18 -17.6658 -16.1153 -16 -15.0954 -15
-6 -6.2382 -6.4777 -6.4777 -6.4777 -6.4777 -6.4777 -6.3294 -6 -5.4777 -5.1584 -3.1487 7.3613 8.6209 6.3452 9.3346 7.6734 5.97 -2.2981 -4.3792 -6.5686 -8.2039 -9 -10 -10.0524 -10.4777 -10.4777 -11 -11 -11.2859 -12 -12.5565 -13.6139 -14.827 -16.4622 -17.5751 -18.4777 -18.4777 -18.4777 -18.4777 -18 -17.5252 -17.2177 -17 -17 -17 -17 -17 -17.1859 -17.9957 -18.3272 -19.1366 -19.9507 -20.7765 -21 -21 -20.2936 -19.9269 -19 -18.6564 -18 -17.4777 -16.8697 -16.0551 -15.2293 -14.9189 -14.8905
-5.115 -5.4202 -5.8424 -5.8424 -5.8424 -5.8424 -5.8424 -5.5321 -4.8424 -4.3531 -3.6604 -3 3.7978 6.6151 7.1475 10.1459 6.0346 7.3691 -2.1875 -3.9334 -6.1373 -8.2039 -9 -10 -10 -10 -10 -10.0154 -11 -11.3985 -12 -13.0877 -14.1917 -15.1303 -16.4622 -17.0975 -18 -18 -18 -18 -17.7262 -17 -17 -17 -17 -17 -17 -17 -18 -18.1562 -19.6263 -20.1576 -20.9131 -21.1576 -22 -21.3239 -21 -19.9384 -19.046 -18.6564 -17.8457 -16.9032 -15.8424 -15.0972 -15 -14.1576 -14.1576
-5 -4.2071 -4.2071 -4.2071 -4.2071 -4.2071 -3.6719 -3.35 -3.2071 -3.2071 -3 -3 -1.8992 5.5497 7.9554 8.9545 12.4019 7.5119 -1.3599 -3.8805 -6.1373 -8.0422 -8.8725 -9.2072 -9.2072 -9.7978 -10 -10.796 -11.5159 -12 -12.7304 -13.5565 -14.8326 -15.827 -16.8886 -17.813 -18.5809 -18.7929 -18 -18 -17.7262 -17 -17 -17 -17 -17 -17 -17 -18 -18.9911 -20.4192 -21.2074 -21.7929 -22 -22.6602 -22 -21.4457 -20.7929 -20.0845 -18.6564 -17.0211 -15.593 -14.2072 -14.2072 -14.6194 -15 -15.6267
-4.5062 -3.7148 -2.9234 -2.868 -3 2.9729 4.9056 4.8853 4 3.924 -2.4281 -2.915 -2.7217 -2.4281 -2.4281 -2.4281 6.1539 6.9221 -1.4257 -3.8953 -6.3219 -8 -8.4799 -9 -9 -9 -10 -11 -11.6507 -12.2859 -13 -14 -15.1096 -15.9259 -17 -18.0557 -18.5719 -18.5719 -18.57 -18 -17.7262 -17 -17 -17 -17 -17 -17 -17.3085 -18.3558 -19.4243 -21.0544 -22.4281 -22.941 -23.2003 -23 -22.541 -22 -21 -20.2916 -18.6564 -17.0211 -14.3858 -13.5707 -14.3787 -14.948 -15.5833 -16.4281
-5.1912 -5.0634 -4.9378 -4.078 -4.0634 -4.0634 -4.0634 -4.0634 -4.0634 -4.0634 -4.0634 -4.0634 -4.0634 -4.0634 -4.0634 -4.0634 -3.0358 -1.4425 -2.6852 -4.9334 -6.5326 -7.191 -7.9898 -8.4443 -9 -9 -10 -10.0154 -11 -12 -12.9212 -14 -15 -15.827 -16.4329 -17.0913 -17.9366 -17.9366 -17.9366 -17.3386 -17 -17 -17 -17 -17 -17 -17.1433 -18.0457 -19.3558 -20.9911 -22.6263 -23.3084 -24.0568 -24.0296 -23.8432 -23.0125 -22 -20.9269 -19.2916 -18.593 -17.0198 -15.3858 -14.3128 -15.0634 -16.5833 -17.2185 -17.2729
-6.0954 -6 -6 -5.7682 -5 -5 -5 -5 -5.6606 -5.6986 -5.6986 -5.6986 -5.6986 -5.6986 -5.1697 -5 -4.671 -3.6986 -4.2083 -4.9799 -6 -7 -7.8391 -8 -8.3014 -8.8218 -9.567 -10.0154 -11 -12 -12.9212 -14 -15 -15.2492 -16 -16.3695 -17 -17 -17 -17 -17 -17 -17 -17 -17 -17 -18 -18.7206 -20.0544 -21.6897 -23.325 -24.6986 -24.9689 -24.4679 -23.8831 -23.0595 -22 -20.9269 -19.2916 -17.8964 -17.0147 -15.8149 -15.7738 -16 -17.1567 -18.0468 -17.5109
-7 -6.5012 -6 -6 -6 -6 -6 -6.1036 -6.3339 -6.3339 -6.3339 -6.3339 -6.3339 -6.3339 -6.0811 -6 -5.3339 -5.3339 -5.3339 -5.9556 -6.5686 -7 -7 -7.316 -7.6661 -7.9148 -8.7931 -10 -10.6507 -12 -12.9212 -13.5565 -14.1277 -14.9422 -15.3079 -16 -16.4881 -17 -17 -17 -17 -17 -17 -17 -17 -17 -18.0285 -19.0544 -20.9267 -23.322 -24.9602 -25.8258 -25.0344 -24.4679 -23.5546 -23 -22 -21 -20.2916 -18.9902 -17.355 -17 -16.3339 -16.0385 -16 -16.3322 -15.8057
-7 -6.9846 -6 -6 -6 -6 -6.6542 -6.9787 -7.9164 -7.9691 -7.9691 -7.9691 -7.9691 -7.8511 -6.9766 -6.9691 -6.9691 -6.9691 -6.9691 -6.9691 -6.9867 -7.9691 -7.9691 -7.9691 -7.9691 -7.9921 -8.3802 -9.0458 -10.0201 -11.308 -12.0284 -13.0172 -13.2167 -14.0255 -14.4788 -15.0309 -15.741 -16.3875 -17 -17 -17 -17 -17 -17 -17 -17.4362 -18.0853 -19.7206 -21.7007 -23.9908 -25.6263 -26.7156 -25.1032 -23.4988 -22.8378 -22.0309 -21.0309 -20.9291 -20.009 -18.6872 -18.0007 -17 -17 -16.1153 -16 -15 -15
-8 -7.3029 -7 -7 -7 -7.024 -7.6044 -8.1875 -8.6044 -9.1852 -9.6044 -9.6044 -9.3103 -8.6044 -8.1468 -7.6044 -7.6044 -7.6044 -7.6044 -7.6044 -8.3437 -8.6044 -8.6044 -8.6044 -8.6044 -8.6044 -8 -8.3956 -8.3956 -9.6816 -10.3956 -11.3956 -12.3956 -12.8954 -13.3956 -14.0386 -14.8385 -15.618 -16.3976 -17 -17 -17 -17 -17 -17.4925 -18 -19.0516 -20.325 -22.3558 -23.9911 -26.0049 -25.7384 -24.1032 -22.6784 -21.2283 -20.3956 -19.3956 -19.3225 -18.3956 -17.7923 -17.0083 -17 -17 -16.1153 -16 -15.9386 -15.1267
-9.2396 -8.8604 -8.2396 -8.424 -8.4793 -9.2396 -9.2396 -9.5499 -10.2396 -10.2396 -10.2396 -10.2396 -10.2396 -10.2396 -9.664 -9.2396 -9.2396 -9.2396 -9.2396 -9.2396 -9.2396 -9.2396 -9.2396 -9.2396 -9.2396 -9.2396 -9.2396 -9.236 -8.5053 -9.0685 -9.9401 -10.5565 -11.1458 -11.7604 -12.3515 -13.0741 -13.936 -14.8485 -15.7604 -15.9134 -16.7604 -16.7604 -17 -17.1795 -18 -18.6897 -20.0204 -20.7875 -22.2705 -23.5139 -23.9969 -24.0822 -22.6239 -21.2283 -19.9599 -19.1501 -19 -18.9269 -18 -17 -16.7654 -16.2934 -15.7604 -15.7604 -15.7604 -15.6424 -15
-10.8749 -10.8749 -10.7498 -10.846 -11.2288 -11.7498 -11.7498 -11.7886 -11.8749 -11 -11 -11.7448 -11.8749 -11.8749 -11.8749 -11.7498 -11.7498 -11.7498 -10.8749 -10.8749 -10.8749 -10.8749 -10.8749 -10.8749 -10.8749 -10.8749 -10.8749 -9.9981 -9.8749 -9.9107 -10 -10.0696 -10.1251 -10.8486 -11.5295 -12.2104 -13.0917 -14.046 -14.1279 -15.0799 -15.3646 -16 -17 -17.8974 -18.7129 -19.9312 -20.9602 -21.8749 -21.6887 -21.1251 -20.5771 -20.2502 -20.138 -20.0585 -19.1042 -19 -19 -18.9269 -18 -17 -16.0211 -15.1251 -14.3433 -15 -15 -14.1251 -14.1251
-13.0203 -13.0203 -13.0203 -13.0203 -13.5102 -13.5102 -13.5102 -13.5102 -13.5102 -12.5102 -12.5102 -13.3615 -13.5102 -13.5102 -13.5102 -13.5102 -13 -12.6753 -12.5102 -12.5102 -12.8003 -13.0203 -13.0203 -13.0203 -12.5102 -12.5102 -12.5102 -11.5102 -11.5102 -11.3643 -10.5488 -10.5102 -10.5102 -10.4934 -10.7256 -11.4898 -12.2226 -12.6776 -13.4915 -14.3128 -15.2738 -16 -17.2777 -18.5981 -19.4157 -20.45 -21.0853 -22 -22.1815 -22.0247 -22.0203 -21.8869 -20.6133 -20.2387 -18.9146 -18.0967 -17.4898 -16.9439 -16.4898 -16 -15.5006 -15.5102 -15.5102 -15.5102 -15.2449 -14.924 -14.5102
-16.1454 -15.2908 -15.2908 -15.2908 -15.1454 -15.1454 -15.1454 -15.1454 -15.1454 -15.1454 -15.1454 -15.1454 -15.1454 -15.1454 -15.1454 -15.1454 -14.2868 -14.1454 -14.1888 -15.0885 -15.1454 -15.2908 -15.2908 -15.2218 -15.1454 -14.4005 -14.1454 -13.2886 -13.1454 -12.2493 -12.1454 -11.589 -11.1454 -10.3184 -10.1454 -10.1312 -10.7327 -11.368 -12.8551 -13.5457 -15.1682 -16.909 -18.6234 -19.4443 -20.2639 -21.1454 -21.3637 -22.1454 -23.1454 -23.9924 -24.6807 -24.7384 -22.2063 -20.4679 -18.8326 -17.1974 -15.5621 -14.8546 -14.8546 -14.9046 -15 -16.0893 -16.7869 -16.0168 -16 -15.9774 -15.1791
-17.8872 -17.7807 -17.7807 -17.7807 -17.5613 -17.5613 -17.5613 -17.5613 -17.5613 -17.5613 -17.5613 -17.5613 -17.5613 -17.5613 -17.5613 -16.7807 -16.7746 -16.5613 -16.6267 -16.7807 -17.2246 -17.7807 -17.7807 -17.3063 -16.7807 -16.6173 -15.7807 -15.7773 -15.0534 -14.718 -13.8422 -13.6586 -12.7807 -12.5993 -11.7807 -11.6832 -10.9414 -11.8614 -12.0033 -13 -14.5475 -17.6187 -19.8692 -22.5613 -23.3761 -23.5613 -23.7807 -23.7807 -24 -24.7737 -25 -23.9577 -22.1258 -20.4679 -18.8326 -17.1974 -15.5621 -14 -14 -14.3436 -15 -16.6142 -17 -16.1153 -16 -15.1853 -14.3829
-20.0568 -20 -20 -19.5507 -19.4159 -19.4159 -19.4159 -19.4159 -19.4159 -19.4159 -19.4159 -19.4159 -19.4159 -19.4159 -19.4159 -19 -18.4159 -18.4159 -18.4159 -18.9611 -19 -19 -19 -18.7229 -18.3703 -18 -18 -17.4159 -17.1453 -16.4159 -16.4159 -15.4159 -15.304 -14.4879 -13.9537 -12.8319 -12.5271 -12.4159 -12.8319 -12.8319 -15.0773 -18.6499 -21.9204 -25.4159 -25.4159 -25.2287 -25.0498 -25.1632 -24.5841 -24.5841 -23.9577 -23.3225 -21.6872 -20.052 -18.4167 -16.7815 -15.3283 -13.9573 -13.4159 -14.3436 -15.4072 -16.6142 -16.8963 -16.0674 -15.4801 -14.4934 -13.6712
