MapLib/Lvl1_5x5/BG/Ele_BG_CF.asc
ncols         557
nrows         557
xllcorner     2784500
yllcorner     5008669.448
cellsize      1000
nodata_value  -9999.0
[rows 420 to 447 of 557, columns 126 to 188 of 557]
924.5555 1070.592 1122.3024 1122.7227 1113.2837 1068.1039 1013.0592 957.9702 994.7472 1113.1115 1154.2349 1063.0492 1009.6579 1064.7412 1056.1952 1123.7404 1092.1013 1178.806 1293.8665 1347.1047 1413.231 1319.5228 1112.1683 1013.4154 922.6478 971.5649 940.7956 860.8051 779.2542 821.498 904.9289 877.0757 703.7146 565.1827 500.2682 532.4241 469.8334 473.1998 557.6563 581.274 612.5704 642.6625 685.1489 716.9965 601.0115 599.1971 612.5111 600.6252 602.9225 633.4297 446.5876 463.4784 430.2111 360.8029 345.4182 322.2235 312.8339 346.4491 328.7871 292.6145 272.5966 233.1659 231.5263
923.5832 1052.9382 1066.0397 1148.875 1118.9022 1056.22 981.6768 952.8066 972.7659 1038.3453 1097.3033 992.3088 1001.5786 1086.1851 1141.1211 1220.79 1242.6326 1183.2089 1171.7264 1309.6316 1430.1746 1513.3762 1269.3578 1118.7593 1048.488 981.1812 865.5058 740.1295 668.2941 732.7009 874.5391 765.8409 534.5938 603.3502 620.7968 774.05 690.4251 562.786 697.7391 678.4267 620.8755 563.6011 566.7981 481.177 455.3463 404.5843 440.8621 566.05 567.835 517.9169 375.0771 315.8663 294.5357 272.4971 261.0124 257.6414 256.9644 254.6027 246.7021 244.8923 239.5922 243.1458 287.2668
933.2471 1045.4905 1092.3284 1144.2959 1101.4569 1008.2643 968.9054 948.3829 945.0556 1062.0596 1101.5201 999.914 1004.319 1068.1165 1122.1738 1182.192 1241.542 1267.127 1298.0182 1320.0514 1460.759 1547.3033 1403.9749 1312.3394 1180.0627 1017.1932 883.545 788.4207 735.8984 672.5823 659.6429 610.4307 524.9003 782.0214 795.3621 909.4969 749.4003 697.9081 740.6003 640.6006 570.0234 485.1797 406.5265 444.5663 519.3225 434.3452 346.2737 330.4722 391.1334 425.5674 316.0191 304.8408 287.5828 275.7965 266.0828 287.1439 295.1466 263.643 272.7456 306.2885 294.8287 332.4315 368.0461
889.2502 958.2006 993.1557 1025.9065 1005.025 984.9529 957.6105 949.3596 985.4566 1056.3743 1099.4637 1001.9543 1004.3613 1038.3049 1089.5844 1098.7592 1129.3834 1152.2031 1222.6937 1341.7579 1481.4291 1451.1388 1347.4882 1173.9634 1017.1536 986.4184 843.2409 749.6871 670.3458 631.012 564.5521 741.77 625.4651 774.5988 862.1179 855.3596 662.3525 581.2036 541.8401 481.2539 390.2742 469.6468 605.2197 594.5103 604.86 509.3988 500.7864 430.8743 367.8413 538.4708 414.6537 342.5892 314.6398 304.2572 335.7645 293.6894 277.6183 280.7498 323.8732 357.8989 338.2769 348.5679 332.886
816.6312 967.7318 1042.4731 1100.2966 1090.2701 1051.5503 975.3031 980.3503 1011.1414 990.9894 1023.8297 997.4738 996.607 1012.9048 1084.106 1170.4833 1240.4857 1234.9113 1274.2988 1346.4167 1440.4518 1326.1969 1258.0138 1300.3438 1159.7208 1027.7935 936.5417 823.4149 757.8902 657.3348 660.8965 762.1989 646.1136 843.4307 790.5261 817.6912 591.4715 485.9731 418.3097 391.7081 473.8979 611.5201 684.3394 640.1277 624.1572 566.2088 541.1071 452.7651 362.3152 515.0472 484.5345 424.8603 388.0668 345.9897 316.2819 331.4143 340.8946 298.6784 333.512 363.9902 414.6254 388.3287 325.7437
873.2977 952.806 1086.7534 1137.032 1067.4456 1010.3189 973.1397 985.0905 1065.0422 1068.8799 1021.0522 999.0903 1000.8067 1005.6187 1029.0497 1099.5162 1144.5203 1144.3292 1182.2074 1312.5482 1301.6068 1271.2699 1186.9312 1112.0576 1035.7487 1102.921 1120.1351 972.9442 749.3252 656.8475 736.2134 811.5234 806.7062 844.2794 754.3278 666.9162 489.2209 407.964 499.5529 572.3522 659.1672 641.0407 590.6619 559.2255 616.7214 634.4266 580.0023 470.4025 393.7697 512.8027 608.6882 527.4261 388.5698 327.4855 376.9417 458.0539 399.218 368.7093 361.8166 381.442 451.6308 422.2525 419.7737
975.1957 981.5895 1129.0737 1136.6871 1059.2694 984.9545 969.6063 985.0027 1068.7681 1104.9198 1054.5852 1014.1041 1022.6773 1032.1514 1065.8025 1118.6202 972.805 1037.1674 1107.6704 1231.4897 1187.2365 1280.429 1339.7764 1200.9275 1059.3585 954.7789 972.0279 855.8378 763.644 740.6364 853.8502 950.5223 868.5214 741.5916 704.3936 500.7482 424.9767 559.7552 650.7487 716.6038 793.3406 677.1866 570.7435 562.2242 522.9722 492.3122 414.9432 422.69 488.3423 545.2978 573.993 508.0752 419.2236 366.0005 398.8924 380.7348 398.8264 429.1793 438.2587 448.2655 440.9475 388.1465 388.8828
893.8329 992.8087 1112.2784 1117.2549 1055.2056 1008.6066 969.9258 992.9631 1075.8275 1142.7678 1109.7776 1077.5969 1043.5752 1080.4448 1133.0355 1092.2589 965.2128 1011.3354 1168.2778 1243.2368 1122.9395 1168.1838 1264.0959 1134.6158 993.6729 938.032 905.0989 984.7701 980.3562 883.5272 949.8677 779.8005 746.9891 665.4187 618.2295 412.1856 515.493 643.0283 804.2785 836.3824 749.9377 640.819 665.5111 673.9194 671.5099 586.0045 443.1423 523.4737 581.4681 573.7953 509.4406 472.704 463.641 429.309 398.9063 454.153 466.8355 417.7443 391.4067 434.5939 376.5241 348.8695 315.7481
789.4602 883.9811 984.4578 1086.6732 1008.9511 976.231 956.2688 896.7686 957.1212 1059.9464 1000.3641 1045.6182 1056.1267 1016.3647 1109.1676 1030.9941 941.5966 899.4658 1056.0313 1064.7893 1016.9022 1126.1595 1219.1293 1112.6292 1051.0275 1159.6842 1197.2654 1128.0562 962.3336 811.5908 770.4855 654.9572 582.6536 592.1517 460.0049 453.5687 602.2794 715.1993 851.4724 843.5275 760.6596 699.4948 670.7309 634.9083 611.4772 514.2959 646.8257 639.2308 688.497 675.6428 604.1752 602.8689 559.6046 485.0422 487.0478 474.432 440.9687 432.1172 418.8976 352.899 334.2433 337.2816 338.7946
753.5479 909.5374 1052.0911 1001.7785 894.3279 913.744 845.8286 812.272 926.9728 968.2543 905.223 994.7333 1020.4685 900.2743 1078.2979 1031.5717 931.1923 821.0811 930.1052 1033.9529 1091.2164 1181.9642 1235.2701 1164.8905 1166.5647 1155.5873 1211.9841 1059.4207 1036.0762 983.5283 881.8911 732.3583 635.2917 506.7645 456.5637 530.8793 650.4597 819.2371 854.9525 843.6937 667.7656 616.9268 600.7078 576.9667 563.0655 527.4983 613.2296 720.8456 809.843 811.8073 822.7383 756.3874 637.2986 563.257 519.504 476.8146 443.7867 433.0209 380.8422 356.9635 452.0978 381.912 426.9563
904.0053 850.0549 972.4174 939.7739 781.6473 846.6815 810.9209 765.5251 944.7697 972.9514 874.0303 1043.7738 929.8677 903.2247 1070.6877 1022.907 900.4474 828.7335 942.4069 984.6104 1113.1877 1213.4768 1147.286 1034.6373 1024.3059 1085.8546 1201.1586 1125.4528 965.1523 847.0955 790.5451 712.5522 520.3051 485.9424 592.8214 526.6298 641.6758 759.7851 889.4858 941.7149 762.418 725.6298 719.3744 732.4111 786.1419 647.7097 747.1523 753.8576 829.0328 982.3877 939.5698 771.1431 639.7091 548.3925 538.1786 486.333 460.7996 424.0589 369.9578 438.3764 422.952 384.2261 435.8391
890.5549 915.4818 995.4813 912.2906 811.6884 740.429 678.0578 763.8313 861.565 884.1724 805.3268 947.0972 799.9268 870.5201 1010.9017 938.5646 903.5669 791.4044 904.3801 993.4879 1116.0679 1209.481 1131.016 1021.5185 882.2842 1005.9404 1120.3969 1152.3998 979.8022 791.7904 684.514 538.2902 498.773 650.8224 768.8394 679.8198 600.8828 688.341 841.725 979.4058 822.8055 773.3799 757.5239 822.608 848.1048 772.8582 750.0959 813.0364 948.9788 1065.4347 944.5999 762.6787 633.4441 605.5106 590.4409 534.6569 461.1983 394.0499 385.1457 432.782 441.7766 386.7838 477.2822
704.126 800.597 916.8975 857.4008 712.9106 698.767 663.7924 679.6774 723.2744 712.4594 767.2695 721.7986 724.3488 839.048 880.7242 930.9719 877.9728 748.137 854.2086 958.1149 997.4315 1055.1641 1154.3597 1119.7424 916.5653 869.8318 922.715 975.6841 872.5101 640.7512 620.5191 734.1979 567.3495 740.9319 856.1646 756.599 690.1312 760.6187 794.1132 897.0737 878.5568 846.075 731.7878 763.7029 788.2587 675.5925 721.1294 805.8584 921.1754 1110.7655 1001.3956 800.1603 646.3115 580.1252 525.4128 483.9306 428.2297 392.8456 431.5628 473.232 401.9417 435.4397 470.8198
821.0752 816.618 873.6086 736.5094 670.3573 614.6602 612.4164 610.3477 656.6373 663.6935 643.4448 758.3612 686.0645 784.0042 745.4243 824.27 736.7021 723.4088 788.6965 874.5105 932.8329 994.4712 987.1459 968.6176 1020.607 908.8339 779.2643 738.9836 701.6787 598.468 854.7265 858.392 643.6106 742.8316 861.1284 843.3001 788.5079 931.3206 1010.0503 1008.6525 901.1597 835.6075 819.3904 927.6511 831.9391 697.3309 641.8858 792.3067 942.8615 810.6863 792.2852 805.408 634.0537 536.1219 473.4285 444.838 431.4602 502.3165 467.128 494.7806 466.1239 452.4895 433.3254
699.0438 768.5891 776.5179 636.9105 608.1503 591.1536 593.6036 592.3832 597.1884 611.5934 663.9406 769.3665 670.3845 714.1196 783.8433 792.9897 668.4627 698.7555 778.9565 833.3654 917.9324 993.873 977.1769 956.1127 923.1775 875.5201 922.8103 897.5487 744.6567 644.8751 833.6195 917.1302 773.6077 859.5507 902.0693 994.9344 900.0426 946.6496 987.1158 1052.0837 953.3799 966.5995 994.4855 956.8068 949.4972 744.7564 712.9924 643.4432 698.5305 705.2483 622.9859 637.0248 508.0338 476.8233 441.8928 457.0656 502.6678 558.5864 552.3433 477.0147 469.8412 525.2556 537.8625
702.3973 685.6523 664.2827 602.7698 584.4302 578.9706 584.2341 584.3895 591.1714 613.3521 678.1917 764.1211 714.9424 617.4951 720.9263 728.4941 630.0385 689.2431 761.8008 857.94 886.8969 857.6521 837.4489 900.6995 915.2621 881.0739 777.3162 743.7239 659.3741 776.4662 833.2628 910.9957 926.3986 1024.5851 1069.6849 1136.8998 991.1457 1066.8954 1053.9888 1105.0206 969.2927 977.8192 1056.2393 891.423 876.7623 914.0236 820.0956 616.5994 521.4736 511.2627 542.952 622.3981 586.7404 541.3023 474.2186 517.1005 512.9907 529.4018 527.0991 567.905 592.3178 549.8815 489.3513
687.102 675.8636 588.3839 579.4781 574.3587 575.7851 576.426 579.1384 584.0671 591.8632 621.3583 676.2618 680.4323 596.9543 608.9615 620.7149 615.3473 700.6381 761.4082 848.1494 881.0786 814.7601 776.9293 869.5674 845.4275 800.3733 779.8546 653.8209 741.4628 869.7966 994.7046 1080.472 1101.1924 1056.1703 972.4509 958.4144 1017.1014 868.9567 884.1362 867.2368 850.8967 920.6236 1011.1172 964.1262 818.321 699.4978 653.0228 629.0297 637.0913 656.8528 687.2238 753.2425 727.9094 591.9078 516.119 627.3807 616.7817 615.0787 621.4594 606.0291 535.1801 493.0306 569.1046
701.4423 606.615 575.8545 567.6312 566.5157 569.4963 570.9719 571.2454 575.6468 579.8367 588.4731 621.0359 598.483 589.097 592.7054 596.5621 608.0811 645.2326 736.7307 828.8879 801.5007 693.6455 765.7346 816.6099 897.1569 793.5598 675.4726 713.966 797.2957 891.9285 1051.6262 1142.9615 1070.5751 1057.2367 1064.5092 918.1204 970.9406 980.6213 940.884 868.2444 797.5971 761.4761 747.3008 712.9285 658.252 671.1573 726.6685 789.3029 763.0257 737.3787 803.1839 858.7094 709.3943 661.8237 625.8715 616.3003 566.6989 532.1539 550.5367 535.9122 551.3632 496.9228 486.0295
666.7474 582.3881 567.5558 564.3106 566.056 565.6597 568.7088 569.8021 571.6725 574.5508 577.9296 581.3127 580.0034 581.1865 581.9093 583.3117 590.5438 632.0794 680.5332 757.7266 678.1603 714.5435 801.288 840.2036 862.2637 798.2302 741.4703 783.7164 812.9017 908.178 1086.7246 1178.0302 1206.0754 1115.7305 994.5413 959.2405 1123.4539 1064.953 1000.0497 1012.8072 938.9851 901.3373 885.6857 901.4371 816.3316 723.1829 879.6617 958.2697 929.9946 906.2571 947.379 906.8488 729.4616 823.3099 781.889 643.8943 561.1 558.9761 523.4071 476.537 486.7759 477.2094 480.7289
580.4583 570.1938 565.3438 562.2669 562.1434 564.5035 562.7405 567.6223 570.4489 573.9293 577.6379 574.7024 573.1188 571.8281 572.2654 580.3524 590.8256 598.3994 610.3762 620.756 653.0099 714.9301 747.7482 803.1388 884.2164 870.1559 768.1938 832.9899 950.7614 943.1841 1011.2828 1115.2988 1225.0723 1177.4879 1089.5105 1020.4629 1162.3903 1166.6412 1209.1519 1122.8149 1009.1547 886.4705 965.1105 1040.5626 937.5302 818.2621 885.3211 1014.6964 1129.8008 1028.3757 904.9409 855.5974 796.3192 723.1689 677.5921 604.3325 562.502 585.1929 604.8132 550.1006 509.4982 506.8692 487.8775
570.3488 565.9787 565.7346 565.3652 561.889 561.8728 567.8737 568.0166 569.2559 571.2294 571.0822 567.4681 562.8148 566.9318 571.4604 576.0416 588.5133 604.0501 656.6872 657.2789 665.5595 718.067 730.1191 790.2444 952.2147 826.7181 717.9911 830.376 955.6287 1074.2677 1082.7191 1156.6029 1237.8191 1216.3351 1144.9396 1136.4769 1190.3807 1153.4805 1202.3073 1242.7637 1137.3247 982.5504 1067.8021 1152.3267 976.002 964.967 889.1223 983.6307 1130.3596 1127.8414 929.7965 829.4283 759.4102 675.9382 592.8251 563.7956 558.4733 506.1689 563.6475 542.432 473.1195 512.5019 463.3015
563.5434 562.2307 560.8862 563.8401 565.0201 557.2249 564.7692 566.9112 565.1436 566.1803 562.2552 561.0629 564.278 570.2913 572.48 595.6603 641.293 639.1044 673.5556 723.7302 710.7493 761.6593 902.4106 970.8791 1002.3654 908.2145 744.3735 776.1927 855.0981 910.9648 980.8079 1114.2014 1255.6343 1179.8275 1153.4644 1098.0609 1073.4772 1050.1523 1017.5482 1144.7247 1243.2037 1187.9197 1209.9248 1247.983 1142.0287 1050.7813 1003.2791 1046.8661 1153.2064 1121.8 915.5854 782.5259 725.1877 643.8576 632.1002 599.3641 577.1047 536.0797 500.4171 484.1624 486.4067 447.7219 490.2166
557.6895 561.9699 560.4517 560.4693 560.3469 554.506 558.2264 558.3457 558.153 557.0385 558.6049 560.9323 564.8717 573.1306 579.7081 596.9399 617.6146 700.2527 749.6478 826.122 750.4715 773.7654 829.5291 962.7998 1086.1102 1081.271 920.9647 884.0986 1027.7795 1007.7268 1091.5538 1187.1913 1297.3693 1262.368 1204.399 1153.1074 1141.7578 1050.6232 921.7306 1061.3456 1204.692 1130.8282 1161.5699 1304.605 1236.0382 1214.8536 1173.1362 1203.7041 1254.5066 1062.8328 970.9734 847.4633 758.3453 678.7347 594.8849 576.0544 560.0729 598.2336 564.6406 528.4529 453.297 538.8974 616.537
559.7458 557.3206 558.1679 558.9016 556.7029 554.7995 553.6166 553.6917 554.8071 554.5897 558.3514 562.9276 571.4433 581.2593 621.3497 619.8747 627.2544 672.1801 762.9803 841.6894 838.6116 921.6439 1004.3775 1059.749 1123.1123 1043.1589 892.6904 795.5016 914.8828 1026.7987 1083.1893 1180.9685 1311.7828 1298.0048 1209.1398 1107.2858 1018.5548 953.5101 854.7955 978.8315 1099.6189 948.9277 1043.2034 1099.5564 1032.8586 1033.538 1140.4542 1284.5139 1273.5487 1158.8367 1036.7816 1019.3535 926.274 733.2808 587.5276 545.1296 555.2603 528.6305 501.3054 494.3151 485.7096 605.8105 785.0769
549.7177 554.1534 554.4491 554.1866 553.7835 548.0011 550.4802 552.1567 555.2103 561.102 566.5721 571.1657 580.1585 616.8942 627.2789 680.2833 733.8727 743.2779 792.1477 834.8293 883.2381 1034.2587 1110.2861 1132.3434 1011.2891 948.7315 888.7922 807.647 920.0499 1066.0878 1210.4327 1276.6541 1267.4015 1172.5332 1248.2104 1172.1536 1154.3066 1022.0288 874.7432 846.6102 814.6976 809.7471 858.8862 923.3229 895.5773 1029.3867 1126.1486 1078.2328 1066.2473 1120.6849 942.3736 824.3763 808.3864 676.8024 605.0802 606.9999 564.3035 539.9006 507.1262 490.4748 547.1758 610.6598 719.3349
549.3551 548.9964 548.8359 546.444 548.3012 549.0291 551.9174 554.5996 560.1758 564.9831 570.5903 578.3457 606.3503 685.1396 734.1658 786.6586 747.7022 718.3101 816.9465 822.139 866.2135 936.5554 1045.9456 1049.803 1107.1235 998.2693 863.2534 858.1067 945.2694 1028.8296 1152.4729 1255.2104 1296.6378 1171.7804 1093.1156 1072.9409 1033.5577 1032.9164 1015.8431 1029.9591 965.9755 896.9366 802.4307 742.6935 859.1913 993.243 1030.3928 903.3802 1010.8726 1018.8547 940.3734 937.5272 758.6925 683.5944 612.1865 580.1588 554.5628 546.2632 503.4552 500.794 551.9297 633.5815 768.2939
548.2003 547.0768 547.5897 548.2482 549.3098 548.7924 553.6683 555.717 560.0861 569.1903 576.0573 585.2154 595.7078 619.502 624.7137 642.0431 685.1677 762.2062 891.1583 990.2653 886.3553 881.5953 933.0903 1019.3535 1025.3417 943.2894 909.8304 1000.5667 992.9434 1071.3792 1131.92 1210.1696 1296.2611 1233.1117 1238.0419 1141.6295 1119.3557 1073.4443 1089.7758 1082.5674 1041.3319 993.2762 869.8052 726.8758 732.6694 864.5302 905.6817 787.1265 801.4968 937.4197 973.3563 1037.5724 786.8895 677.6359 625.0774 621.6407 583.5452 570.616 527.9465 530.2687 550.7285 627.8459 723.5669
545.3859 543.7606 540.6221 543.9017 543.7313 542.6479 555.0008 558.0239 560.6672 623.8074 669.296 638.7313 613.7624 611.364 709.52 755.7579 724.063 734.673 790.384 899.019 975.611 1001.0681 1027.6917 1104.0076 1068.6511 926.2324 972.9587 989.1563 1096.5076 1211.1371 1246.4479 1173.6488 1067.103 1072.5759 1119.7992 1056.4883 968.4305 953.4386 900.9708 1033.8027 1131.3883 1071.9034 958.8056 844.8058 726.6152 666.7515 681.6652 753.1645 822.6096 925.3765 913.9666 893.3655 776.1738 728.2319 655.6729 591.9579 624.0576 599.9987 556.4545 576.6878 581.8439 594.7516 639.5167
