MapLib/Lvl1_5x5/BG/Ele_BG_AB.asc
ncols         557
nrows         557
xllcorner     556500
yllcorner     6122669.448
cellsize      1000
nodata_value  -9999.0
[rows 308 to 335 of 557, columns 192 to 255 of 557]
-73.7671 -72.3003 -71.5624 -71.4569 -72.4499 -74.7274 -76.6963 -78.9979 -80.7817 -82.2495 -82.4867 -81.9477 -80.3125 -78.6772 -77.042 -75.4067 -73.7714 -72.2173 -71.4382 -70.1514 -69.2402 -69 -69 -69 -69.6625 -70.1892 -71 -71.4597 -72.7798 -73.5525 -74 -74 -74 -75.2713 -76 -76.6533 -77 -77.1977 -76.7958 -76.2232 -75.4567 -74.1574 -72.7709 -70.3762 -68.937 -68.0799 -67.7567 -67.7567 -66.9566 -66.4272 -65.686 -64.0508 -61.3177 -58.2848 -55.7262 -52.9929 -49.937 -48.73 -47.6929 -46.6987 -45.9231 -45.2433 -45.2433 -45.2433
-72.3003 -70.665 -69.3814 -69.6081 -70.4569 -72.3865 -74.7274 -76.8215 -78.8451 -79.6332 -80.6081 -79.4922 -78.2853 -76.3058 -75.0148 -73.7074 -72.3211 -71.5009 -70.1566 -69.3784 -69 -69 -69 -69 -70 -71 -71.3231 -72.1802 -73.4869 -74.3919 -74.3919 -75.0003 -75.3919 -76 -76 -76 -76.5004 -76 -75.6081 -74.9676 -74.1714 -73.2548 -72.007 -70.6207 -69.7409 -68.4562 -68.3919 -68.3273 -68 -67.2213 -66 -63.8824 -59.7921 -56.2634 -52.3812 -49.8191 -47.3802 -46.6081 -45.9402 -44.8201 -43.9588 -43.6081 -43.6081 -43.2791
-70.665 -69.0298 -67.3945 -67.2078 -68.8216 -70.4569 -72.2115 -74.7274 -76.3627 -77.9463 -77.9728 -77.6772 -76.0673 -74.4185 -72.7986 -72 -71.5281 -70 -70 -69 -68.9996 -68.9728 -68.9728 -68.9728 -69.9879 -70.978 -71.8021 -72.4325 -74.0678 -74.9728 -74.9728 -75.9728 -76.6088 -75.9728 -75.9482 -75.9457 -75.7686 -74.9457 -73.9607 -73.8651 -72.9533 -71.9457 -70.9839 -70.9559 -69.7137 -68.9728 -68.9728 -68.7853 -67.9511 -67.4985 -65.8479 -62.8008 -57.8951 -53.0158 -49.1273 -46.7259 -45.0907 -44.9457 -44.793 -43.1577 -41.9457 -41.9457 -41.9457 -40.9457
-69.0298 -67.3945 -66.1424 -66.3376 -67.1864 -68.8216 -70.5762 -73.0922 -74.4692 -75.3627 -76.3376 -76.2378 -75.3834 -73.5803 -72.7986 -72 -71.5281 -70 -70 -69 -68.3332 -68 -68 -68 -68.8915 -70.0639 -70.3376 -71.4597 -72.4325 -73.3376 -73.5797 -74.3376 -74.9736 -74.3376 -73.4311 -73.3376 -72.6154 -71.7995 -71.2276 -70.6751 -69.9571 -69.1035 -68.6751 -68.4646 -68.0785 -67.3376 -66.9867 -66.2284 -64.875 -63.8044 -60.9421 -57.8951 -52.9893 -49.0599 -46.4518 -44.5918 -43.4554 -41.9948 -41.5225 -39.8872 -38.3948 -38.0127 -38.0127 -37.6751
-67.3945 -65.7593 -64.9985 -64.7023 -65.2984 -66.8887 -68.8216 -70.2323 -71.7945 -73.4121 -74.1661 -74.4046 -73.7509 -73.3047 -72.5609 -72 -71.3709 -70 -69.2576 -68.8876 -67.6932 -66.807 -66.7023 -66.7023 -67.7023 -68.7023 -69.2813 -70.162 -70.7973 -71.7023 -71.959 -72.7023 -72.513 -72.1334 -71.4046 -70.4046 -69.3519 -68.5365 -67.4046 -67.38 -66.6026 -66.2995 -66.1069 -66.1069 -65.4046 -65.4046 -64.4046 -63.9421 -62.3068 -60.2362 -56.9657 -53.1994 -48.7805 -46.0236 -44.3883 -42.9265 -41.8201 -40.1849 -38.5496 -36.9144 -35.1074 -34.4046 -34.4046 -34.7336
-64.8263 -64.0709 -63.0671 -63.0671 -63.0671 -64.5511 -66.2534 -67.8381 -68.524 -70.1592 -71.7502 -72.0671 -72.0671 -72.0671 -72 -71.2195 -71 -70 -69.2576 -67.6894 -66.9879 -66.0236 -66 -66 -66.0671 -66.3106 -67.0671 -68.0979 -69.0734 -69.8154 -70.0671 -70.1341 -70.0915 -68.8629 -68.1341 -66.6287 -65.9571 -65.1341 -64.1341 -63.1956 -63.1341 -62.1775 -62.1341 -62.1341 -62.1341 -62.1341 -61.1341 -59.9693 -58.334 -55.7366 -52.9929 -50.3809 -47.703 -46.0236 -44.3883 -42.7531 -40.2948 -38.5496 -36.9144 -34.544 -32.6722 -31.1341 -31.1341 -32.0891
-62.5558 -61.4564 -60.8636 -60.8636 -60.8636 -61.3477 -62.4147 -64.05 -64.6852 -66.3205 -67.9558 -68.4634 -69.2655 -70.1081 -70.7766 -69.9564 -69.6598 -69.3246 -67.6894 -66.4318 -65.4189 -64.4318 -64.4318 -64.4318 -64.4318 -64.621 -65.4318 -66.4318 -66.4728 -66.8636 -67.5896 -66.8636 -66.8636 -65.5923 -64.8636 -63.3218 -62.219 -61.0513 -60.1022 -59.8166 -58.9853 -58.8636 -58.8636 -58.2954 -58.2954 -58.2954 -57.334 -56.0594 -54.0635 -52.5611 -50.3307 -48.2941 -46.6589 -45.0236 -44.3883 -42.6465 -40.1848 -38.3448 -36.9837 -34.5605 -32.7132 -31.6714 -31.1364 -32.3233
-59.7339 -58.65 -57.6789 -57.5931 -57.5931 -57.5931 -57.6881 -59.1442 -59.7795 -61.4096 -62.3205 -63.6852 -65.3205 -66.5048 -67.5931 -67.7633 -67.7005 -66.7965 -66.0541 -64.7965 -63.7836 -62.7965 -62.7965 -62.7965 -62.7965 -62.7965 -63.621 -63.7965 -63.7965 -64.3782 -64.5931 -63.5931 -63.5931 -62.3218 -61.5931 -60.0513 -58.4161 -57.4278 -56.502 -55.5931 -55.5931 -55.5931 -54.6045 -54.5931 -54.5931 -54.5931 -53.5931 -52.4618 -51.6338 -50.3612 -48.9294 -47.8564 -46.6589 -45.2223 -44.3883 -42.9565 -41.3213 -40.686 -39.0818 -37.619 -36.4069 -35.5985 -35.4069 -35.8724
-57.0148 -55.3795 -54.7443 -54.3226 -54.3226 -54.3226 -53.5839 -54.4443 -54.8737 -56.4839 -57.1442 -59.0274 -61.2534 -62.8887 -64.3226 -65.1592 -65.2465 -65.0714 -64.2028 -63.1613 -62.1592 -61.4564 -61.1613 -61.1613 -61.1613 -61.32 -62.133 -62.1613 -62.1613 -62.1613 -61.8547 -61.1607 -60.3226 -59.0513 -58.3226 -56.7808 -55.1455 -54.1916 -53.2504 -52.3226 -52.3226 -52.3226 -52.1631 -51.3226 -51.3226 -51.3226 -50.7171 -50.1613 -50.0322 -49.5646 -48.9294 -47.8862 -46.945 -46.0198 -45.2271 -44.5918 -43.6964 -42.7553 -41.5494 -40.7116 -39.6774 -39.619 -38.6774 -39.6774
-53.7443 -52.109 -51.4738 -51.0521 -51.0521 -50.568 -50.0521 -50.0521 -50.5781 -50.6032 -52.2384 -54.5032 -56.9502 -58.916 -60.6735 -61.8887 -62.526 -62.526 -62.526 -62.3274 -61.5131 -60.526 -60.526 -60.526 -60.526 -60.526 -60.526 -60.526 -59.526 -59.526 -59.526 -58.5257 -57.7175 -56.3975 -55.1455 -53.5103 -51.9589 -51.141 -50.526 -50.0085 -49.526 -49.526 -49.526 -48.7239 -48.526 -48.526 -48.275 -47.6909 -48.526 -49 -49 -48.6287 -47.8206 -47.474 -46.6783 -46.2271 -45.474 -44.7027 -44.3937 -43.9479 -42.9479 -42.8895 -41.9479 -42.9479
-50.8572 -49.9415 -49.2664 -48.9141 -49.7561 -49 -48.8908 -48.2186 -48 -48.8908 -49.5511 -52.1864 -54.7525 -56.4569 -58.0922 -59.7274 -60.8908 -60.9025 -61 -61 -60.8793 -60 -60 -60 -59.9395 -59.8908 -59.8908 -59.4813 -58.9896 -58.2403 -57.8908 -56.89 -55.8908 -54.6195 -52.9843 -51.349 -49.8908 -49.0785 -48.8908 -48 -48 -48 -47.892 -47.3351 -47.2308 -47.8908 -47.4769 -47.2561 -48.8001 -49.1092 -49.1092 -49.0321 -48.6589 -48 -47 -47 -46.2142 -46.1092 -46.1092 -46.1092 -45.7323 -45.0508 -44.1092 -44
-48.4324 -48.2555 -47.2555 -47.4691 -48.8874 -48.6396 -48 -47.4382 -47.2555 -48 -48.6604 -50.5511 -53.1173 -54.8216 -57.2014 -58.8366 -59.2555 -60.0274 -60.2555 -60.2555 -60 -60 -60 -60 -59.446 -59 -59 -59 -58.2313 -57.4564 -56.2555 -55.2548 -54.2555 -52.9843 -51.349 -49.7137 -48.2555 -47.4432 -47.2555 -47.2555 -47.2555 -47.2555 -47.0029 -46.2555 -46.4484 -47 -47.5296 -48.1227 -48.9489 -50 -50 -49.2941 -48.6589 -48 -47 -47 -47 -47 -47.7445 -47.7445 -48.1739 -46.686 -45.228 -43.7551
-46.6203 -46.6203 -46.2616 -46.7014 -47.5265 -48 -48.3797 -48.3797 -48 -48.3797 -48.7893 -50.5912 -52.9309 -54.5661 -56.2014 -57.8366 -58.7995 -59.0665 -59.9022 -60 -60 -60 -59.8924 -59.6203 -59 -58.5029 -58 -57.8254 -57.5614 -56.7227 -55.2548 -53.9997 -52.9843 -51.349 -49.7137 -48.0785 -47 -46.6915 -46.6203 -46.6203 -46.6203 -46.6203 -46.0071 -46 -46.2591 -47 -47.7082 -48.482 -49 -49.6203 -49 -48.7319 -47.4087 -46.6292 -45.0086 -44.2405 -44.2405 -44.2405 -44.2405 -44.7292 -44.4376 -43.1821 -41.9771 -40.6567
-45 -45 -45 -45.2136 -46.8361 -47.4768 -48.985 -48.985 -49 -49 -49.6604 -51.2956 -52.9309 -54.5661 -56.2014 -57.8241 -58 -58.9866 -59 -59.985 -59.985 -59.985 -59.7058 -58.9862 -58.4394 -57.985 -57.1729 -56.985 -56.9836 -56.2507 -54.6195 -52.9843 -51.9905 -50.7287 -49.0935 -47.4582 -46 -46 -46 -46 -46 -46 -46 -46 -46.2552 -46.985 -47.97 -48.9675 -48.955 -48.955 -47.955 -47.2491 -46.6139 -44.9786 -42.3584 -41.7081 -40.955 -40.4454 -39.955 -39.955 -39.5468 -38.9116 -37.2867 -36.641
-45 -45 -44.624 -45.0747 -45.9017 -46.3497 -47.3497 -47.8404 -48.3497 -49 -49.6604 -51.2956 -52.9309 -54.5661 -56.0704 -56.8938 -58 -58.0375 -58.3497 -59 -59 -59 -58.3497 -58.0284 -57.3497 -56.877 -56.3497 -55.7011 -55.2548 -53.8749 -52.9843 -51.3497 -51.1273 -50.2549 -49.0935 -48.1085 -46.5351 -46 -46 -45.9462 -45.3497 -45.3497 -45.9926 -46.4056 -46 -45.4185 -45.3497 -44.9916 -44.1792 -44.0492 -43.0492 -42.3434 -41.7081 -40.0728 -38.4376 -36.9629 -36.1259 -36.0492 -35.6995 -35.6995 -35.9012 -35.641 -34.6995 -33.5844
-45.1976 -45 -44.1204 -44.2136 -45 -45.3459 -45.7486 -46.7546 -47.8258 -48.7217 -49.6604 -51.0101 -52.6454 -54.2806 -55.1439 -56.5511 -57.1864 -57.7145 -57.7145 -57.7145 -57.7145 -57.7145 -57.4311 -56.7145 -56.1605 -55.7145 -54.89 -54.2548 -52.7145 -51.9843 -50.8956 -50.4284 -49.7145 -49.7145 -49.7145 -48.4582 -46.9495 -45.9022 -45.7145 -44.7145 -44.5095 -44.429 -45.1353 -45.7673 -44.8844 -43.2491 -42.2778 -41.0257 -40.2005 -39.1435 -38.429 -37.7231 -37.0878 -35.4526 -34.1028 -32.9295 -31.8323 -31.7145 -31.7581 -32.563 -32.7145 -32 -31.8019 -31
-45.9756 -45.0524 -44.9542 -44.9377 -45 -45 -45.0095 -45.8338 -47.3898 -48.0251 -49.0523 -50.2956 -51.9309 -53.0449 -54.0792 -54.9159 -55.5511 -56.1779 -56.3164 -56.0792 -56.0792 -56.0792 -55.7958 -55.0792 -54.5253 -54.0792 -53.2548 -52.6195 -51.0792 -50.349 -49.7137 -48.0792 -48.0792 -48.329 -49 -47.5375 -45.9022 -45.0149 -43.6671 -43.003 -42.1016 -41.1585 -41.1585 -40.6335 -39.9786 -38.3434 -37.7081 -37.0067 -35.4376 -34.2377 -34.2377 -34.1818 -33.8173 -33.0811 -32.11 -31.8323 -31.0093 -31 -31.0121 -31.0792 -31.0792 -31.0792 -31.0243 -30.0792
-46.8633 -46.0317 -45.556 -45.556 -45.556 -45.3411 -45.165 -46.3106 -47.2168 -48.0251 -49 -50.1312 -50.9616 -52.0101 -52.5334 -53.3531 -53.9159 -54.888 -54.888 -54.444 -54.444 -54.444 -54.1605 -53.444 -53.198 -52.8948 -52.0779 -50.9843 -50.349 -49.1198 -48.0785 -46.444 -45.808 -46.1592 -47.2904 -45.7902 -44.1549 -42.5196 -40.8844 -39.6931 -38.4571 -37.9786 -36.893 -35.7081 -34.888 -33.9936 -33.6528 -33.2791 -31.6439 -31 -31.444 -31.444 -31 -31 -31 -30.7531 -30 -30 -30 -30 -30 -30.444 -30.444 -29.671
-47.8835 -47.1913 -47.1913 -47.1913 -47.1913 -47.1913 -47.3826 -47.2382 -48 -48.2116 -49 -49.2391 -49.8087 -49.8087 -50.656 -50.8087 -51.7077 -52.6174 -52.6174 -51.8087 -51.8087 -51.8087 -52.8087 -52.8087 -52.3607 -51.9638 -50.9843 -49.9121 -48.9818 -48.0785 -46.6345 -45.808 -44.1727 -42.7049 -41.5196 -39.8844 -38.2491 -36.6139 -35.3406 -34.1521 -33.2349 -32.4262 -32.4262 -31.4981 -31.2166 -30.6174 -30.7187 -30.8087 -30.8087 -30 -30.8087 -30.8087 -30 -30 -30 -30 -30 -30 -30 -30 -30 -29.8087 -29.8087 -29
-48.6922 -48 -47.522 -47.1735 -47.1735 -47.5736 -48.1735 -48.0426 -48 -49 -49 -49 -49 -48.1735 -48.3748 -49.1735 -49.6454 -50.1735 -50.1735 -50.1735 -49.3469 -49.3469 -50.5812 -51.1735 -51.1735 -50.3141 -49.349 -47.8872 -47.2519 -45.6167 -44.1549 -42.5196 -40.8844 -39.2021 -36.6911 -35.8052 -34.1699 -32.5346 -30.8994 -29.3326 -29.1735 -29.1735 -29.1735 -28.2387 -28.1735 -28.9127 -29.0919 -30 -30 -30 -30 -30 -30 -30 -30 -30 -30 -30 -30 -30 -30 -29 -29 -29
-50.0119 -48.057 -46.1546 -45.5382 -45.5382 -46.0223 -46.5933 -47.4061 -48 -49 -49 -48.3791 -48 -46.9721 -46.7396 -47.9246 -48.5382 -48.0187 -47.5382 -47.5382 -47.0695 -46.8871 -48.3598 -49.5007 -48.7783 -47.8872 -46.6327 -45.6167 -43.9814 -42.3462 -40.2491 -38.0753 -35.9786 -34.3434 -32.7081 -32.0764 -30.8994 -29.2641 -28.0764 -27.0318 -26.5382 -26.5382 -26.5382 -26.5382 -27.5382 -27.9512 -28.7828 -29.0887 -29.9077 -30 -30.4998 -30.6201 -30 -30 -30.791 -30.3478 -30 -30 -30 -30 -30 -29 -29 -29
-50.6922 -48.2054 -46.5187 -45.8072 -45.097 -45.5341 -46 -46.6814 -47.352 -47.9054 -48 -47.9713 -47.0624 -47 -47.097 -47.8525 -48.0513 -47.9032 -47.097 -47 -45.89 -44.903 -45.1314 -45.7089 -44.1549 -43.441 -41.8844 -41.2491 -39.6231 -38.0757 -36.4404 -34.8052 -33.1699 -31.6317 -29.9964 -29.3612 -28.7259 -27.0907 -25.9566 -25.8282 -25 -24.903 -24.9989 -25.903 -26.2591 -27.8075 -28.4782 -29 -29.8001 -30 -31 -31 -30.692 -30.097 -31 -31 -30.2034 -30 -30 -30 -30 -29.9472 -29.0297 -29
-51.1991 -49.057 -47.4217 -46.5759 -46 -46 -46 -46 -46.2677 -47.0067 -47.2677 -47.1886 -47 -47.4146 -48 -48.6127 -48.8737 -48.7323 -48.1886 -46.7234 -44.9871 -43.5253 -42.2519 -40.8626 -38.8435 -37.0708 -36.8501 -35.9477 -35.4658 -34.0728 -33.1699 -31.5352 -30.6317 -29.4628 -28.3612 -27.7259 -27.0907 -26.0502 -25.1479 -24.2677 -24.2677 -23.2677 -24.2563 -24.7245 -26.0694 -26.9226 -28 -29 -29.8001 -30 -31 -31 -31 -31 -31 -31 -31 -30.3534 -30 -30 -30 -30 -29.8143 -29
-51.13 -49.057 -47.4217 -46.7864 -46 -45.8221 -45 -45 -45.2466 -45.6324 -45.6324 -45.6324 -45.6324 -45.6324 -46.2649 -46.2649 -46.2649 -46.2255 -45.4278 -43.8872 -42.2519 -40.8549 -39.349 -37.7137 -36.0785 -34.9305 -34.6324 -33.831 -33.5724 -32.7316 -31.8657 -30.9993 -29.7662 -28.7287 -28 -27.6574 -27.3025 -26.1877 -25.3676 -25.3676 -24.6495 -24.3676 -25.3561 -25.9914 -27.3676 -28.2619 -28.8972 -30.0606 -30.3676 -31.16 -31.4122 -32 -32 -32 -32 -31.2768 -31 -31 -30.3114 -30 -30 -30 -30 -29.792
-50.3825 -48.9973 -47.4205 -46.7842 -46 -45.5131 -43.9997 -43.9972 -43.9972 -43.9693 -42.9972 -42.9972 -42.9972 -42.9944 -42.9944 -42.992 -41.9944 -41.9944 -41.2519 -40.6167 -38.9971 -38.348 -36.9972 -36.0785 -34.9984 -33.9995 -33.175 -32.9987 -32 -31.9979 -31 -30 -29.363 -28.7287 -28 -28 -27.823 -27 -26.0013 -27 -26.284 -26.0028 -26.9886 -27.6266 -28.2619 -29.8972 -30.5309 -31.0028 -31.8007 -32.0028 -33.0002 -33.0028 -33.0028 -33.0028 -33 -32.0021 -31.1203 -31 -31 -30.2121 -30 -30 -30 -30
-49.0541 -47.4189 -46.631 -45.8637 -45.3619 -44.1867 -43.3187 -42.5185 -42.3619 -41.3619 -40.9406 -40.7238 -40.7238 -39.7238 -39.5953 -38.783 -38.7238 -38.7238 -37.9814 -37.5872 -36.7192 -35.9483 -35.1811 -34.3913 -34.1614 -33.2934 -33 -32.1955 -31.9394 -31.0976 -30.7668 -29.9993 -29 -28.7287 -28 -28 -27.823 -27 -26.8001 -27.0528 -27.6381 -27.6381 -27.6381 -28.8639 -29.8972 -30.9618 -31.6381 -32.6381 -32.6381 -33.6381 -33.7087 -34.6381 -34.6381 -34.0151 -33.6381 -32.9106 -32.0752 -31.6381 -31 -30.2121 -30 -30 -30 -30
-47.4189 -46.7267 -45.3064 -44.7267 -43.8778 -43.2426 -41.9674 -41.7267 -40.7267 -39.7198 -38.9735 -38.2385 -37.4722 -36.5719 -35.6716 -35.4533 -34.5823 -34.7267 -34.7267 -34.7267 -34.4439 -33.7267 -33.5207 -32.7489 -32.7267 -32.7267 -32.1276 -31.8743 -31 -31 -30 -29.9993 -29 -28.5296 -28 -28 -27.9516 -27.1364 -27 -28 -28.1963 -29 -29.2702 -30.1705 -31.0708 -32.1677 -32.8029 -34.2733 -34.492 -35.2733 -35.598 -36.2733 -36.2733 -35.2969 -34.6617 -33.8206 -33.0322 -32.1319 -31.2316 -30.4274 -30 -30 -30 -30
-45.7836 -45.0914 -44.0914 -43.0914 -42.2426 -41.6073 -40.9721 -40.0914 -39.0914 -38.0663 -37.0914 -35.8228 -35.0977 -34.1311 -33.1644 -32.3312 -32.1345 -32.1828 -32.1828 -32.1828 -32.0914 -32.0914 -32.0914 -32.0074 -32 -32 -32 -31.0494 -31 -31 -30 -29.9993 -29 -28 -27.1763 -27.0914 -27.0752 -27 -27.4066 -28.0752 -28.9742 -29.321 -29.999 -30.9656 -32.1677 -32.9903 -34.4382 -35.9086 -36.7087 -37.3042 -37.9086 -37.9086 -37.9086 -36.9322 -36.2969 -34.6843 -33.9194 -32.9527 -31.986 -31.1927 -30.9086 -30.9086 -30.2783 -30
