MapLib/Lvl1_5x5/BG/Ele_BG_BA.asc
ncols         557
nrows         557
xllcorner     -500
yllcorner     5565669.448
cellsize      1000
nodata_value  -9999.0
[rows 330 to 362 of 557, columns 75 to 149 of 557]
44.8707 45.2346 66.927 64.8094 37.5981 26.5042 30.9932 19.1754 33.2374 38.8095 61.9894 63.6461 56.9196 58.0653 62.9278 56.5831 47.6233 37.154 35.8564 42.5975 40.2167 34.5459 54.7409 58.7162 70.0186 70.1963 72.2743 61.3501 63.8786 56.1452 48.8578 29.9083 21.988 47.0056 36.0026 47.208 58.6225 52.7711 53.8889 55.5496 59.8603 47.1777 50.1074 51.3004 50.8803 46.3491 40.2768 24.1997 23.0743 23.2438 17.9103 17.5528 11.9564 11.1316 7.203 17.8928 33.2831 42.2075 38.4604 42.4461 37.0116 36.9916 31.6024 33.5684 27.5425 20.0347 22.988 26.2739 20.8547 11.4078 8.6111 7.9235 16.9095 16.6072 9.0774
57.6319 69.2324 85.662 74.8791 80.5584 57.7734 45.2272 21.0104 25.061 23.2178 42.2479 65.2731 64.2923 63.1209 65.5779 66.0093 67.6652 65.6126 59.054 49.706 38.9223 30.2404 54.069 57.0395 67.6898 70.2808 67.4052 68.4184 61.0112 54.0666 38.7002 25.9046 18.1173 23.2251 34.5354 60.7947 55.0894 53.316 44.414 49.5577 50.5731 45.0449 48.7681 46.966 49.6992 48.3266 41.6444 48.8886 43.0015 40.9279 26.502 34.128 41.5341 28.0137 12.2015 4 5.5514 34.0164 38.7773 36.2672 36.6829 35.597 29.0785 30.988 28.5117 24.8379 21.7859 25.8109 27.0459 19.6471 21.4216 12.9924 13.3337 14.9419 9.4072
73.7015 78.748 86.5154 81.8368 73.8641 51.5954 35.4692 23.1636 21.8796 43.0817 45.6484 58.7 66.3271 75.5551 65.4867 61.2536 59.4109 62.1197 59.414 50.9431 46.8976 40.38 30.8886 52.8695 60.3525 53.015 67.5887 63.5659 58.3215 49.6402 42.2912 31.4171 16.5026 19.9231 43.2936 48.0622 57.8825 55.3604 46.4817 42.7689 38.5231 51.4067 46.8284 45.73 45.6573 46.2544 40.4912 48.7285 40.1322 35.568 43.291 46.1682 34.8824 29.8565 21.7371 22.26 -1 3 3.6887 8.8095 28.7601 31.8251 33.6245 25.0443 19.9397 25.8584 25.8885 23.9886 23.2297 23.9559 15.4805 20.6453 20.6305 23.0214 13.6703
69.8512 91.6336 82.8117 73.8195 56.2586 57.4353 41.9438 29.105 17.7187 31.5846 57.3654 60.7023 65.434 66.7832 73.2968 77.7922 54.6612 65.3949 63.694 66.2061 55.6765 52.3184 47.2506 29.8367 27.87 38.2332 37.7873 56.4549 53.8084 44.5456 43.3055 24.4421 15.8209 25.7895 46.5702 51.8028 45.1646 47.4556 42.596 46.7756 42.3434 47.3069 47.2669 40.1506 40.246 32.995 43.9465 42.0904 35.4639 37.6231 45.9972 46.164 37.7506 31.4007 37.6106 36.387 32.0701 26.5637 22.2585 3.9636 -1 3.308 4.2878 11.2983 11.3265 13.5435 24.486 23.1562 23.1778 26.8429 23.6692 22.4129 21.3691 14.2694 18.1069
77.7904 80.1291 86.6484 75.5664 75.1924 63.4233 53.2576 50.4071 41.2361 19.0463 33.9766 57.8071 66.3803 65.1215 56.8404 58.076 55.1044 65.5888 64.5064 57.6523 56.7721 50.7576 40.7345 47.6425 43.1754 27.6749 27.3971 49.3747 53.3311 44.114 16.6146 16.9379 40.1902 35.0485 44.4311 47.4256 43.9404 39.1364 33.3973 37.2051 42.1415 48.791 43.1809 35.5798 38.3416 41.2796 32.26 35.8246 28.6499 30.262 35.0784 36.0658 44.0216 34.6231 30.9272 29.3632 33.0479 34.8123 34.3124 25.5344 14.9746 29.4972 10.5238 4 -1 -1 -1 15.2362 15.9726 21.0327 23.0654 23.6602 24.2709 20.5964 16.93
71.9787 77.4523 79.93 77.3237 69.2541 63.9374 61.4245 43.7775 37.4388 30.6244 19.7503 35.3677 53.4787 57.3883 43.2534 51.4854 57.6002 64.865 59.5497 57.8064 53.2387 45.164 44.2876 32.9674 42.7227 51.4786 31.7266 22.2936 24.5794 34.3611 17.9506 19.7714 45.3257 52.2364 48.0428 45.7513 50.1919 41.0382 43.715 34.8315 23.6746 28.4589 31.7564 42.7438 37.633 32.2757 29.093 35.2399 34.0076 26.7208 27.0805 31.6183 27.9975 22.3408 34.5252 31.4348 30.7674 35.4145 31.0212 32.9862 31.8945 25.9803 26.4264 17.0119 20.5746 10.4133 6.7696 -1 9.9832 20.7797 22.517 22.5058 21.2382 13.4727 8.6419
74.6983 72.4535 68.3384 58.7055 67.9678 73.8892 73.159 72.4027 72.2327 66.7032 36.1662 22.5331 58.346 39.0916 47.7484 61.9007 63.0335 60.1782 55.8588 57.0023 54.5334 46.2403 42.8864 32.4224 19.9159 17.188 17.5962 14.6104 17.6494 11.3658 16.2804 10.1767 9.7939 14.0865 34.6981 55.107 45.0199 39.7021 45.9919 45.6299 34.3705 38.7224 39.2618 31.0659 26.4952 15.501 21.6146 27.0046 19.5095 30.1418 32.1112 23.6945 23.586 15.7497 12.6585 28.2861 32.5987 25.1462 27.2007 32.1728 29.4266 25.4463 21.1412 25.2323 18.6001 11.181 6.2919 -1.4365 7.6208 11.2022 14.6377 21.3714 24.2248 19.7162 22.6586
73.4904 68.1785 60.9674 65.6521 71.2001 68.7468 66.032 71.9083 68.7399 52.2991 43.8526 24.2114 27.4204 31.5776 25.9376 24.3745 22.0602 25.6371 32.5805 27.2275 20.0065 13.6196 15.6864 15.191 14.7967 20.95 23.1059 19.6642 22.4733 16.8757 17.3269 15.8044 13.0063 9.2861 12.6203 11.6222 13.0818 18.0666 30.1705 41.2067 40.3293 37.4441 39.6269 37.0003 36.1889 31.7772 25.142 26.166 13.7143 33.229 27.1358 26.4813 30.2195 11.7641 9.7273 11.2652 21.4789 25.533 20.5522 17.024 18.6306 24.713 24.4056 21.4763 21.8738 16.3533 12.7831 -1 7.6331 7.2647 7.8325 10.7652 12.2133 19.5754 21.1467
71.4945 67.0245 56.2238 59.6429 66.599 69.2831 80.6112 64.5633 65.6735 53.7568 36.8119 39.9316 25.4622 18.471 25.5291 17.1868 23.5968 24.9 20.0612 17.4564 21.7621 25.0406 45.5951 31.1408 31.1184 45.944 42.7063 36.2522 48.7141 46.3832 41.8109 40.5297 34.6072 32.8987 9.9937 14.1866 11.8049 7.4136 8.7794 13.6884 12.5794 14.5892 14.5837 20.4081 20.7279 17.5537 12.9227 10.9744 12.9552 22.7179 12.8032 8.3388 5 -1 -1 -1 -1 14.4253 13.4299 15.3518 12.199 17.9065 8.0591 5.6141 3.5296 17.6539 19.9318 9.1607 -1 -1 6.9986 6.3217 8.9318 18.4262 18.3425
65.6466 66.1261 59.9908 47.6406 66.3096 73.1072 69.4948 70.2624 68.4101 50.8787 50.0476 57.1211 39.1609 37.7612 54.758 69.2564 54.0189 52.5554 53.2536 51.8485 40.7898 45.7971 54.798 54.7372 45.0438 42.7501 49.1694 47.4657 47.6809 38.9425 45.1375 42.2478 37.8322 34.7769 19.8129 14.0033 20.3921 14.0448 9.8393 11.2842 7.575 7.7064 7.3849 5.2519 3.7372 -1 -1 -1 -1 -1 -1 -1 -1 -1 -1 -1 -1 -1 -1 -1 -1 -1 -1 -1 -1 -1 -1 -1 -1 -1.2814 -1.288 -1 3.5019 4.1611 8.639
64.6878 50.0172 59.0523 44.5577 51.8371 56.4259 64.3286 67.5325 64.8586 67.2422 70.8559 74.9164 69.8351 70.5899 65.9199 60.6323 51.935 51.0079 53.7056 50.9408 46.9584 57.4258 55.2611 47.5269 50.0607 45.4621 51.1337 54.1641 46.7567 47.708 41.3783 48.0322 50.8219 42.9832 41.1215 38.6047 39.0655 37.2968 32.548 29.6099 35.9486 25.6038 32.7493 22.6686 20.154 10.7026 23.5709 17.9966 -1 -1 -1 -1 -1 9.0711 22.1677 22.7336 14.0454 -1 -1 -1 5.5505 4.1487 3.5657 9.3347 7.8807 5.7661 6.8776 2.0243 5.8547 -1.075 -2 -1 9.6122 2.3592 -3.1532
31.5307 29.8746 38.1323 25.9495 36.6429 48.8118 53.4892 46.1658 53.1043 58.4005 62.004 68.1211 66.5128 61.3549 59.4943 53.2271 52.664 45.3257 42.8401 52.5688 56.8228 52.3656 53.0059 46.2422 48.9354 49.6994 51.6475 45.2783 49.7702 45.7112 45.1092 41.3031 33.2098 34.9442 32.5624 37.5239 38.7957 34.4601 37.0334 36.2783 31.2604 31.6892 34.6419 32.2002 25.3268 26.4151 16.9247 30.8724 28.1797 29.2172 32.4319 26.1684 19.2838 26.303 33.8067 23.8006 26.8531 27.2651 24.538 19.2234 12.9025 10.174 13.1117 8.3839 15.4659 21.0547 12.8465 10.424 -1 -1.5457 -2.5585 -1.5585 6 -4.1373 -6.4915
44.426 43.987 51.9949 49.5896 29.8644 27.923 28.058 23.0482 33.833 33.3723 44.0634 48.1428 57.0699 46.2451 53.61 50.8587 38.7744 32.8159 53.2035 52.4886 53.1073 51.9973 49.4722 46.4745 47.2357 54.2496 50.5152 47.8526 43.248 40.3226 40.0523 40.9598 35.2694 36.8639 39.4106 40.1866 38.5962 40.8919 32.0843 33.7981 34.0266 31.5633 37.7586 31.1135 30.8655 28.8104 32.9994 35.5541 29.7273 26.611 26.0547 25.8688 29.5528 31.6681 28.52 32.5177 29.263 26.655 13.6926 19.1398 10.862 19.6522 20.9909 14.5673 14.0733 9.0935 6.8727 -1 -1.5356 -3.1709 -4.3124 -5.3876 -6.2704 -7.9057 -9.3174
69.5542 70.2078 68.0585 66.8791 61.7344 62.2405 66.0106 51.6154 53.0145 38.0636 22.9401 26.445 35.1324 36.2848 39.9775 27.9899 22.7373 28.8143 47.1936 53.5627 52.4835 45.4522 36.5696 44.7855 51.1895 50.2454 42.3908 47.6313 43.8431 53.4803 35.8762 30.4818 35.0653 32.9273 37.4305 37.4482 39.1671 36.6104 37.5232 31.8807 35.5981 33.1393 34.6385 31.6385 26.8885 37.2408 34.8773 32.3227 31.7418 30.0454 33.8391 35.4426 32.8904 23.297 23.2507 29.6634 21.7726 23.4912 18.5484 12.6953 19.3417 19.4482 19.6398 10.4487 9.498 3.5678 -1.0591 -1.829 -3.1709 -4.8061 -6.4414 -7.829 -8.7119 -9.9176 -10
70.3337 57.7503 71.106 61.2248 65.8434 58.7949 58.7382 67.5793 68.1288 52.9193 43.1848 40.1124 30.1068 19.4115 36.2108 31.8847 34.4143 14.3905 13.3133 23.0492 25.8723 25.4233 40.3417 45.7323 32.713 36.9572 48.6494 38.9674 40.6619 41.7799 40.9135 26.4811 36.711 34.4068 23.2458 36.5464 38.0236 29.3102 33.7665 30.1374 30.4168 27.1133 36.5753 32.507 29.524 29.1494 32.4383 33.664 40.6523 39.1932 35.34 38.151 34.6427 23.3435 27.907 21.5734 20.7971 15.7834 21.7537 28.2845 11.2418 9.0576 9.0389 8.0686 7.8892 -3.3021 -2 -2.3281 -3.3418 -4.5234 -5.6123 -6.5357 -7.4185 -8.0538 -8.4645
57.3465 69.0375 66.0943 65.343 58.433 58.1782 53.9828 48.7094 53.1957 51.2108 50.4485 48.5905 46.7672 41.6433 42.4932 44.6313 45.6755 41.508 33.3421 29.7995 15.5145 18.2763 15.5785 11.1013 12.505 17.3781 15.3667 21.7235 35.0591 35.5039 27.7644 22.8388 38.2989 36.5063 31.6855 35.1708 32.0944 31.9203 32.0122 26.0509 26.3908 31.334 36.617 32.1848 30.8126 24.0866 25.0386 32.2106 34.9071 38.5397 35.4452 27.8104 30.8377 33.0712 25.7927 25.2192 21.9366 26.0752 18.1537 10.0289 9.6211 6.8718 7.7004 7.4589 -3.7012 -2.5078 -1.9004 -1.9708 -2.9345 -3.8798 -4.9004 -5.2229 -5.9004 -6.4665 -5.9847
52.0291 60.9113 67.3832 62.1078 63.8368 56.9437 56.5804 46.9878 45.1504 44.602 34.9153 35.8802 32.5839 28.5966 30.1019 33.5916 44.4139 37.4906 45.9504 42.0332 38.8676 32.2439 38.7252 37.5319 27.9888 27.9016 22.4411 13.2915 13.2437 31.8527 25.8683 21.029 35.3294 41.8651 26.6501 30.9715 30.4885 26.6761 26.0933 32.0462 37.6695 36.2592 35.4339 38.054 33.1604 30.0179 27.2 21.027 36.4733 29.4984 29.1267 27.3389 24.2198 30.7903 34.6858 24.6035 33.3395 16.0274 8.5773 8.4858 6.5529 5.7648 8.4859 8.6826 -2.2124 -1.6796 -1 -1.1874 -1.607 -2.9831 -3.7151 -4.2652 -4.9139 -5.2652 -5.2245
48.7493 45.6986 51.7881 49.4769 45.4118 49.8642 46.9981 49.6344 46.4713 43.2889 45.5299 36.6644 46.9767 38.1997 37.6067 29.893 37.3198 38.731 38.8205 37.1469 41.2801 44.3173 36.9757 41.4289 41.8083 30.9068 29.2819 20.7896 10.949 8.5084 23.7969 34.7162 31.2392 35.2794 30.9532 31.0883 30.1724 27.1574 26.033 32.1452 32.9736 31.4961 28.4037 33.2122 36.1725 23.6705 23.8657 25.8649 28.7483 31.8521 29.066 24.5015 28.0104 26.3562 28.6504 22.1163 8.3292 9.0139 9.3821 5.5703 2.697 2.9091 4.6836 7.6941 7.6149 8.4719 -1 5.0305 -1 -1.6155 -2.8565 -3.7216 -4 -4.8217 -4.5333
37.0748 34.3711 30.9201 43.3112 46.9381 45.1326 45.2771 35.8822 37.8279 40.5732 43.9048 40.3181 43.2199 41.5334 37.7594 31.6206 32.6548 36.7224 28.7703 35.8124 36.0623 37.4985 38.9254 39.1107 32.6844 32.6078 31.6441 26.3485 21.9452 8.8797 17.3803 27.2801 29.6582 32.318 29.366 31.1838 27.8521 25.5178 23.0529 28.6373 31.6069 32.1523 27.783 30.0194 24.9103 27.5274 22.6048 26.7842 22.7723 21.5865 25.8643 21.3141 23.4008 22.4209 13.6417 9.6251 5.5017 8.1508 5.7968 8.7896 7.0525 7.1436 -1 5.8053 6.0341 4.4962 5.0177 6.9548 11.0341 -1 -2.6123 -3.2476 -4 -4 -4
42.3571 38.0678 29.5049 33.2027 39.676 47.8197 44.1725 43.4549 41.9724 33.4546 30.9475 36.6997 42.384 37.5751 37.4738 34.4995 27.4103 29.8523 29.5356 34.4996 36.8131 38.3452 37.3866 36.6853 39.9753 36.2515 29.6407 28.2365 20.1505 15.3955 9.8482 16.8621 25.2811 26.1768 26.4376 29.9848 25.5327 22.725 19.8735 26.4748 28.4053 24.322 24.8932 24.413 29.2572 22.317 25.4011 29.9834 25.467 24.7729 16.3812 16.3826 19.9121 22.0613 27.0464 18.632 11.4669 10.875 16.583 11.2633 14.5435 10.7457 -1 2.167 2.3495 7.4911 4.5914 8.6208 17.1153 -1 -2.6123 -3.2476 -4 -4 -4.6406
43.1368 47.6194 43.6734 30.0748 27.2635 40.9928 36.8664 39.7351 38.5596 32.4489 31.3008 33.403 33.8912 39.9074 41.7533 39.5759 34.5387 28.8912 26.3494 33.2265 31.2269 30.6296 21.6158 28.3268 37.3564 35.8817 35.5879 30.0257 39.5096 36.5423 20.4581 13.7664 6.3812 6.2445 15.9399 22.5944 29.3082 23.2708 14.6616 24.4193 24.5459 25.194 18.0891 21.7239 23.3225 19.2091 21.8558 17.6224 16.0404 14.9003 17.2232 20.5668 18.001 11.6029 18.5102 22.4494 25.1738 26.5432 16.7197 19.6314 9.8197 8.2003 7.8713 10.0552 10.0104 12.0299 8.5157 5.5891 -1.0943 -1.2758 -3 -4 -4 -4.651 -5.0423
41.9255 34.8687 34.5391 33.7774 37.1061 33.6907 30.6295 26.319 28.3256 33.7038 43.9702 38.5655 42.4167 42.1508 36.2187 30.4216 33.9922 30.0512 36.7206 40.0208 43.5201 42.0666 32.8431 21.2314 14.8687 12.0984 17.77 20.5756 15.335 14.5221 21.1498 18.4558 20.7202 11.2054 -1 12.0717 20.8579 18.3919 19.1877 25.6922 27.2242 24.5323 15.0348 23.3854 23.7995 26.9103 25.5357 23.0621 28.6 26.3239 26.3318 29.0795 22.8015 22.5935 14.2748 10.7595 16.1876 19.9841 20.069 22.7035 22.1332 24.5876 23.0644 21.638 18.2905 12.0854 7.5943 -1 -1.9415 -2.8902 -3.5579 -4 -4.8043 -5.472 -6.0644
42.043 36.4594 35.2575 31.2104 28.8203 31.6351 38.4932 40.1637 51.3209 52.1437 44.2734 51.0464 42.7903 43.5794 39.8821 49.4033 56.4149 49.264 33.6258 38.0445 22.413 25.2575 30.8901 14 14 22.8402 40.3378 42.012 29.412 29.8972 12.917 11.9269 14.2479 17.0533 -1 7.863 6.5727 9.8011 9.0482 21.3501 26.5274 22.5982 17.0014 12.507 19.3408 25.0071 25.1433 21.8706 28.3082 34.6804 25.6505 25.9029 29.669 18.0087 19.4362 17.6546 7.6739 9.7395 14.5864 18.6023 18.7711 14.608 10.3642 16.6253 18.3009 -1 -1.039 -1.5464 -2.7014 -3.5338 -4 -4.6587 -5.4823 -6.2831 -7.6159
29.6852 31.463 26.3418 26.8392 33.6237 47.4105 54.5157 62.8273 61.7346 63.4166 54.0762 52.7263 49.5196 46.3642 45.2452 41.9731 33.5312 27.9256 36.1381 23.4355 18.7553 14 20.9979 17.9673 19.1084 24.4088 23.3605 15.0574 12.682 6.9349 7.3847 5.7387 3.3458 6.9522 -1 8.7949 17.8702 21.6382 17.583 13.1367 8.0199 8.1728 8.7906 10.2498 21.0164 23.7841 28.3377 27.1044 25.1659 26.4938 23.262 22.0045 19.2785 21.1893 17.5754 18.7111 18.0703 7.3534 15.2124 20.1805 18.2872 11.5408 10.5728 9.2902 -1 -1 -1.24 -2.7066 -3.4613 -4 -4 -5.045 -5.9041 -6.5181 -8
20.2329 23.7621 32.0142 40.0564 39.0781 51.1189 67.7258 66.3023 59.4135 48.9771 43.2269 34.3472 32.3937 29.6357 23.6888 26.1758 23.6883 21.4678 20.7326 21.967 17.6611 19.7927 20.7116 24.1194 24.5992 12.3358 10.3319 11.1625 9.9354 8.6381 7.2642 6.1646 5.5848 5.1941 5.0344 -1 8.7328 11.5767 19.1709 20.7133 21.8937 14.3656 9.3008 7.8171 12.0933 14.3132 22.7119 17.0808 18.7131 23.9318 23.01 19.6299 16.5831 19.0802 13.15 12.4287 11.838 8.1513 7.6822 14.8397 10.2902 7.4057 5.4723 -1 -1.6541 -1.8169 -2.0582 -2.9463 -4 -4 -4 -5.2476 -6 -6.5181 -7.3084
25.7879 32.6243 39.3565 47.96 73.4446 65.1772 61.1043 56.1451 55.8138 54.7195 34.6706 35.9863 39.1543 29.9877 21.1953 19.0765 18.6787 25.5293 22.4112 25.7315 25.6704 17.6364 19.2636 10.9725 11.245 8.8152 8.9716 8.2693 9.3424 3.2374 2.061 4.7009 7.1743 4.9876 1.3432 -1 -1 3.0543 7.5866 6.059 10.5343 6.5974 1.9897 7.7373 11.4214 16.0378 19.0354 15.0198 14.102 21.9156 16.0925 13.8137 11.4233 13.9107 10.2648 12.234 6.082 9.2385 9.1095 7.9463 -1 -1 -1 -1.0748 -1.8909 -2 -2 -2.3871 -3 -3 -3.5479 -4.1356 -4.5479 -5.066 -5.7012
32.9019 46.1068 54.0774 73.3555 80.6878 71.1119 57.1773 49.4035 49.0639 45.2688 39.4117 47.0143 50.1291 42.5654 28.3353 14.1057 15.1946 11.6214 12.3971 16.9815 15.2008 10.8657 10.5756 10.2308 7.5506 8.5281 6.3886 8.9573 13.768 9.0595 8.5706 6.6233 5.9189 8.0796 9.1938 10.5597 6.7721 -1 -1.0626 -1 5.6174 6.7833 10.0425 8.6473 10.0629 16.9983 15.5929 14.2917 13.9643 17.1307 13.2974 13.3373 13.9253 12.9073 12.066 14.2473 12.473 -1 -1 -1 -1.0227 -1.0874 -2 -2 -2 -2 -2 -2 -2 -2.9771 -3 -3 -3 -3.4728 -4.14
50.2333 59.9886 84.0897 70.7593 59.5526 45.4128 49.7303 41.5949 41.9926 50.8678 43.8345 29.5185 22.2665 19.5032 15.2267 12.86 9.2697 10.2415 8.5551 11.0013 9.8398 10.057 8.9578 5.7867 8.7698 10.4864 10.2385 9.739 18.2583 19.1239 18.9088 16.2406 16.4876 15.5757 13.2842 13.1207 1 -1.4689 -1.9212 -1.0583 -1 7.6127 8.5439 12.1041 12.4672 17.6715 11.1755 11.5426 11.177 15.7862 13.9448 11.8854 12.767 11.5094 15.1344 -1 -1 -1 -1 -1 -1.7947 -2 -1.6168 -2 -2.5787 -2 -2 -2 -2.7226 -2.2876 -2.2774 -2.2774 -2.2774 -2.6518 -3.2774
73.5785 81.1197 60.2421 38.432 48.7944 32.0068 22.9222 25.2509 26.2137 23.2874 20.0374 16.7497 15.554 20.4826 19.2704 12.7333 11.458 8.446 7.0293 8.1207 6.142 5.8057 2.9007 -1.485 8.1706 -1 19.7198 21.2444 20.432 16.1214 13.9795 10.0473 3.0365 -1 -1 -1 -1.3579 -1.7745 -2.8176 -1.4385 6.6404 6.6681 7.8978 6.3361 7.5344 4.1555 6.4988 10.0791 7.2834 6.2599 8.726 6.497 8.2507 -1 -1 -1 -1.7187 -2.6421 -2.0069 -2 -2.6421 -2.0674 -1.3016 -1.7013 -2.5142 -2.3621 -2 -2.4537 -2.8777 -2.0147 -2 -2 -2 -2 -2.3579
48.8601 46.1862 40.0624 27.3554 20.2825 18.8793 16.9042 20.4204 21.1629 19.8854 19.3412 14.697 19.8321 28.248 27.3196 23.591 18.5297 13.0963 9.7505 4.8537 2.4901 5.535 6.4798 6.3886 -1 -1 -1 -1 -1 -1 -1 -1 -1 -1 -1 -1.9931 -2.0135 -2.9931 -3 -2.0806 -1.4423 3.9175 4.6018 5.4496 5.3845 -1 -1 -1 -1 -1 -1 -1 -1 -1 -1 -1 -1.7187 -1.6484 -1.0069 -1.0069 -1.2648 -1.1111 -1 -1.0011 -1.8021 -2 -2 -2 -2.0045 -2 -2 -2.2459 -2.9931 -2.9931 -3.1523
36.8485 39.2393 31.5936 19.968 16.9776 17.4747 18.0685 20.4065 17.8064 20.1354 19.0598 14.1515 16.0944 15.4722 17.9464 20.1623 22.5028 18.9307 13.07 7.1038 6.6597 -1 -1 1.5716 -1 -1 -1 -1 -1 -1 -2.127 -2.6284 -3 -3 -3 -3 -3 -3 -3 -3 -2 -1.9294 -1.6284 -1.3391 -1 -1 -1 -1 -1.4001 -1.6284 -1.6284 -1 -1.6944 -2 -2 -2 -1.2813 -1 -1 -1 -1 -1 -1 -1 -1.5032 -1.7904 -2 -2.444 -2.8432 -3.2568 -4.1128 -4.4124 -4.8852 -4.2568 -5.4671
14.8133 13.6611 12.3325 13.4043 13.0043 14.0116 13.9807 17.1444 15.7713 16.4958 12.7278 13.7141 9.5441 15.1775 12.6843 14.8619 12.7856 14.6998 20.482 12.091 7.4301 6.702 5.8653 -1.1991 -1.1607 -1 -1 -1 -1 -1 -2.2021 -3.2208 -3 -3 -3 -3 -3 -3 -3 -3 -3 -2.8602 -2.2637 -2.1423 -2 -2 -2 -2 -2 -2.2637 -2.2637 -2 -2.0469 -2.8623 -2 -1 -1.7187 -1.7393 -1.0028 -1 -1 -1 -1 -1.3855 -2.2111 -2.2637 -2.0713 -3.1863 -4.6055 -6.4983 -7.5273 -8.5273 -8.5273 -7.8822 -8.6402
8.8735 10.0017 11.1811 8.4314 10.1751 8.4187 10.2928 9.9477 9.6891 8.0249 9.8416 9.0534 8.0461 7.0545 9.8131 14.4558 11.9125 9.1064 9.9441 7.1424 5.1611 -1 -1 -1.0763 -1.0616 -1 5.8903 8.7886 6.4034 -1 -1.4848 -3.0846 -3 -3 -3 -3 -3 -3 -3 -3 -3 -3 -3 -2.5396 -2 -2 -2 -2 -2 -2.3455 -2.1845 -2 -2.018 -2.1011 -1.5971 -1 -1.0727 -2 -1.0108 -1 -1.8989 -1.8989 -1.8989 -3.0477 -4.5986 -4.7978 -4.7681 -5.7682 -7.1396 -8.8737 -9.8989 -10.2226 -10.8989 -9.8989 -10.1379
