MapLib/Lvl1_5x5/BG/Ele_BG_EF.asc
ncols         557
nrows         557
xllcorner     2784500
yllcorner     3894669.448
cellsize      1000
nodata_value  -9999.0
[rows 364 to 391 of 557, columns 189 to 251 of 557]
-353.1266 -337.3815 -323.8197 -318.7053 -314.1919 -312.0406 -308.8921 -302.1314 -298.1153 -297.6805 -294.3453 -290.1902 -265.4367 -235.0258 -233.4975 -227.4951 -182.4189 -146.2039 -141.1911 -120.6385 -73.407 -39.5456 -19.0183 17.4263 34.3172 102.5699 189.6587 246.2041 163.6024 101.1152 -275.4851 -352.5641 -400.4639 -413.2808 -412.4813 -398.8832 -377.7155 -354.6313 -352.4675 -360.3789 -379.7357 -398.5481 -399.3428 -398.7868 -399.5959 -410.8619 -440.6383 -483.093 -535.2305 -574.494 -605.5687 -629.4798 -650.0603 -662.5187 -670.4793 -654.1674 -638.8855 -626.531 -617.6929 -614.0535 -608.6738 -601.9673 -492.6429
-370.8657 -355.8057 -342.8185 -341.2562 -340.2096 -340.7324 -340.1212 -337.6932 -332.735 -326.2024 -315.9768 -303.4674 -267.6311 -225.3788 -219.9467 -210.3627 -162.4317 -123.447 -117.1247 -104.4495 -77.1552 -55.3001 -39.993 -22.2171 34.0127 123.7663 209.8995 184.1994 84.2567 -180.233 -350.2127 -405.566 -436.9675 -441.9403 -437.9966 -426.5498 -409.3938 -390.3376 -387.1839 -391.5367 -398.3584 -404.5219 -401.0699 -396.5965 -393.284 -392.3738 -395.4578 -426.9849 -483.3295 -525.9559 -560.5029 -601.732 -643.8533 -660.8882 -671.0284 -653.0406 -636.0421 -622.6516 -611.7676 -605.3841 -587.3852 -560.1065 -456.3023
-383.3986 -368.9774 -356.7544 -358.3159 -360.1739 -363.3707 -365.0201 -366.5531 -361.4922 -351.0814 -335.3795 -318.3172 -278.8446 -233.2998 -228.2655 -220.0118 -174.344 -135.9055 -127.212 -115.0049 -92.8486 -74.6478 -60.8676 -52.1876 4 66.0083 215.3116 195.6035 53.0434 -255.8634 -407.0118 -446.1801 -465.3278 -464.715 -459.3185 -449.4332 -435.0945 -418.7195 -413.5048 -411.9875 -405.1714 -396.6002 -385.5718 -372.2094 -355.6978 -337.8971 -318.7458 -345.6597 -411.9013 -451.6864 -477.7574 -531.6938 -592.6604 -632.4669 -663.6069 -644.7208 -626.7673 -612.7203 -598.7294 -585.6436 -553.8834 -506.9481 -420.038
-385.2023 -369.8747 -358.0412 -360.6416 -363.7733 -367.5936 -371.2391 -375.4747 -373.8481 -366.2271 -355.346 -343.4509 -320.4133 -294.5034 -306.5437 -314.5013 -282.3175 -252.9816 -238.949 -206.169 -142.2622 -98.6295 -77.0153 -67.7953 -65.5125 53.6076 90.8724 97.1219 53.2333 -272.5977 -415.4738 -456.1828 -478.23 -480.4549 -477.7214 -470.1291 -455.8014 -438.5898 -425.2699 -412.1794 -387.918 -362.3203 -342.1111 -313.9247 -258.277 -214.8865 -192.2747 -225.7612 -305.2579 -323.4855 -309.8846 -355.8996 -426.18 -538.1604 -640.3766 -618.7084 -598.9987 -584.6769 -564.8467 -536.0659 -491.5509 -433.7269 -371.665
-378.8772 -362.7854 -351.6095 -357.1035 -363.1672 -372.2732 -381.4548 -389.2585 -395.1176 -397.8415 -391.2873 -378.7345 -367.4425 -355.7457 -379.0973 -398.4905 -380.1454 -360.3219 -344.1404 -302.6659 -221.6544 -166.29 -137.0529 -115.8512 -98.6709 -108.6958 -123.1697 110.2551 70.4393 -283.4008 -411.0881 -459.9912 -488.0502 -491.6709 -490.0344 -483.4933 -467.3072 -446.5437 -423.5739 -398.1015 -359.8845 -320.1193 -289.2023 -249.4879 -177.9722 -123.9637 -97.0623 -131.2827 -216.7887 -233.9715 -217.1126 -266.3404 -342.5724 -476.3911 -600.0262 -580.0305 -561.9663 -548.5162 -527.7579 -495.0354 -449.1944 -391.8058 -348.3278
-362.0496 -344.7976 -334.5448 -344.0365 -355.7793 -377.534 -397.3182 -412.9874 -431.6565 -454.3116 -449.6269 -429.0519 -421.6274 -417.0484 -442.6005 -464.3695 -459.5526 -449.9627 -436.6528 -405.3223 -344.9533 -297.7321 -263.8473 -213.3879 -154.2326 -126.5405 -112.4938 -131.1198 12.6645 -284.7341 -388.9666 -454.024 -493.6657 -495.4011 -493.3049 -485.9123 -466.0927 -438.5039 -403.254 -363.1513 -315.8369 -267.4579 -221.5231 -175.2561 -125.9129 -82.7385 55.4782 44.3752 -154.8764 -204.7403 -240.5149 -307.9748 -387.0698 -465.021 -533.3224 -522.0988 -511.0097 -500.2591 -486.3622 -466.7522 -437.0545 -399.2339 -360.6353
-399.4108 -385.4348 -377.348 -382.6134 -389.8487 -404.2774 -419.7341 -439.3537 -464.839 -495.4129 -496.8288 -480.8113 -477.171 -476.5238 -497.1442 -515.9054 -512.704 -506.1028 -494.5971 -472.811 -435.2517 -402.1198 -373.4698 -320.3806 -253.6178 -212.7754 -182.1647 -181.0225 -202.8518 -282.0335 -367.1136 -446.5428 -496.0836 -497.7189 -493.3821 -483.0851 -456.3002 -420.3467 -384.3494 -346.2168 -296.6904 -242.3696 -180.2515 -125.1821 45.2003 14 -41.2747 -68.0731 -139.1023 -198.2213 -251.6347 -321.0114 -392.6912 -434.3669 -467.5167 -463.0643 -458.6412 -452.7572 -445.4984 -435.0528 -418.3073 -395.1983 -363.976
-479.4522 -472.9456 -467.3179 -462.916 -456.916 -447.7891 -448.1827 -469.1999 -494.2164 -522.3531 -533.0482 -532.2712 -532.3301 -532.6355 -544.1318 -553.8094 -544.4724 -533.9537 -523.5318 -510.8656 -496.2461 -481.5058 -466.893 -433.2471 -388.1004 -353.0911 -317.6061 -261.4617 -225.6393 -275.7991 -347.8348 -438.4387 -495.69 -497.3252 -490.195 -475.1783 -439.3782 -394.4923 -367.783 -344.5309 -299.0044 -241.9845 -163.019 -96.6986 60.7305 -66.7716 -63.9253 -97.0916 -160.9906 -210.3984 -252.3268 -307.7236 -365.2063 -386.1824 -400.7997 -403.5078 -405.0861 -406.3121 -404.945 -400.4993 -392.754 -382.1486 -358.7144
-519.0347 -515.5587 -512.1078 -506.5927 -500.2018 -491.0479 -489.5923 -503.2332 -520.3948 -540.7789 -551.9228 -557.3982 -561.0905 -565.2454 -570.7633 -573.944 -563.7141 -552.6736 -542.6125 -531.5475 -521.4102 -512.7981 -504.971 -485.6569 -459.6052 -434.4628 -404.0883 -336.074 -280.3786 -299.1219 -346.758 -431.5202 -486.8236 -486.5031 -477.9447 -461.4413 -429.3926 -391.4048 -368.7031 -348.5184 -305.7556 -251.9707 -174.2844 -108.396 -87.195 -84.6568 -110.9905 -141.9743 -177.5845 -207.7155 -235.9413 -270.2365 -304.5917 -310.0064 -313.0094 -334.1014 -352.4539 -361.1199 -366.691 -367.6175 -366.0551 -362.3726 -348.4905
-535.0567 -532.5895 -530.5742 -528.6218 -527.7763 -529.3728 -531.847 -535.1837 -541.8049 -552.9379 -560.9742 -566.9816 -574.6746 -581.8286 -583.3969 -582.8981 -575.3788 -566.3046 -556.0737 -543.7863 -528.6673 -519.5632 -515.3144 -506.7335 -496.0215 -482.0409 -462.5658 -405.5413 -352.546 -342.7733 -361.2721 -430.2943 -473.8405 -470.4613 -460.5836 -445.4799 -423.5727 -398.712 -377.1037 -353.4525 -314.9317 -267.4658 -201.1117 -141.8391 -109.7767 -110.3025 -162.3104 -184.987 -182.6278 -190.778 -204.2947 -214.4171 -222.7733 -217.0035 -215.9107 -260.4123 -298.7671 -317.5578 -331.2486 -336.9718 -339.4012 -339.2763 -335.3912
-540.2816 -538.6608 -537.0471 -535.3758 -533.6857 -530.8508 -528.5562 -528.5486 -536.1802 -552.1199 -562.3989 -569.7161 -575.0705 -579.8293 -581.525 -582.3575 -578.2015 -571.8589 -565.4019 -557.3618 -547.2712 -540.5295 -538.1567 -531.3804 -522.5101 -515.0917 -504.9397 -466.9289 -430.2055 -418.0843 -421.8948 -454.6381 -472.4455 -461.5434 -448.945 -434.9102 -416.0469 -393.1298 -370.1757 -345.2371 -315.6062 -280.8304 -233.6884 -187.2442 -145.2528 -125.6961 -141.6591 -139.5017 -123.3981 -122.4262 -127.9268 -122.6777 -113.3795 -116.4952 -126.182 -185.2932 -239.5202 -280.3005 -306.9573 -314.4983 -318.4591 -321.1179 -322.8189
-542.4247 -541.0818 -540.2927 -537.6833 -533.4951 -521.485 -513.2576 -511.4198 -522.072 -544.2667 -558.2512 -567.5268 -570.6895 -572.3385 -576.0453 -579.2781 -576.4887 -573.2182 -570.2922 -567.306 -565.1201 -562.923 -560.9914 -553.1583 -541.3743 -539.489 -537.7333 -519.9925 -501.7395 -494.3395 -488.86 -482.3033 -469.5489 -448.4835 -431.0665 -417.9845 -399.3697 -377.1925 -353.7629 -331.3622 -311.3828 -290.7485 -264.6319 -231.8219 -179.6097 -131.6602 -90.0512 -56.6349 -31.7528 -23.8277 53.1054 59.3953 46.6693 4 -44.6466 -115.5533 -184.1465 -247.8908 -289.0823 -296.892 -302.2768 -305.9744 -310.4855
-545.5398 -545.3445 -544.9045 -543.5688 -539.8501 -530.8279 -523.0255 -517.1141 -517.1946 -523.2909 -534.7026 -549.0189 -559.7816 -569.4347 -575.596 -578.9083 -569.0197 -559.9523 -557.2958 -555.925 -555.7477 -556.9064 -558.4183 -551.2058 -538.7689 -540.1838 -543.079 -534.1934 -521.7856 -506.1259 -488.3313 -468.516 -439.3042 -395.5324 -364.9402 -345.7481 -334.5969 -327.3625 -318.2652 -308.8751 -300.7497 -291.3477 -275.963 -247.141 -177.9935 -101.571 75.0902 85.7452 106.0427 145.7205 257.4812 271.1595 160.8067 79.7188 -3.5031 -81.0587 -165.5936 -235.9483 -280.9561 -290.3277 -296.9974 -302.2107 -307.5218
-548.4103 -548.8855 -549.8038 -548.2244 -545.9623 -540.9227 -533.3446 -523.6266 -513.263 -502.3415 -510.9256 -529.5631 -547.9703 -567.126 -575.2651 -579.417 -563.0479 -549.0416 -544.9171 -544.1215 -544.7468 -547.5681 -552.3802 -546.205 -534.116 -538.2049 -544.6551 -540.2042 -528.3793 -502.1788 -474.6603 -447.1161 -405.6975 -338.7231 -290.8342 -261.2217 -257.5099 -267.7025 -276.85 -284.9698 -287.6524 -287.405 -280.1804 -254.0663 -168.5851 -68.7056 105.9783 197.8864 357.7754 316.6471 333.5318 207.5074 302.6539 172.9399 12.0848 -50.3978 -152.6473 -227.6819 -276.7162 -287.4706 -295.4906 -301.9953 -306.4812
-545.4962 -547.2956 -548.3811 -545.9038 -542.0191 -532.491 -523.8799 -514.9821 -506.4753 -498.4804 -504.2209 -517.9398 -538.671 -561.3621 -571.886 -578.4936 -570.9259 -562.7257 -558.2441 -554.4965 -551.4752 -550.8149 -551.8865 -548.8036 -543.4713 -548.0154 -551.9006 -534.8824 -511.7673 -483.9653 -456.1621 -430.7272 -383.1338 -298.4405 -225.1303 4.0144 -161.8574 -191.7776 -224.9029 -255.8424 -267.8223 -272.5677 -266.869 -241.7736 -159.0225 -57.3581 40.7238 208.346 397.9201 580.6467 272.3752 105.6619 300.1376 274.8813 96.0286 -20.8284 -130.9518 -222.8844 -281.9138 -291.1473 -299.2173 -305.1803 -309.58
-543.3497 -545.1774 -546.7608 -544.7464 -540.7545 -530.3539 -520.5113 -512.0786 -505.7643 -501.556 -507.1912 -518.402 -538.469 -561.0068 -570.8968 -578.1526 -577.0805 -574.1038 -568.897 -564.34 -559.2074 -556.1838 -554.5486 -552.2524 -549.5762 -553.7717 -555.4254 -530.7211 -499.8732 -470.3652 -443.2036 -420.2451 -370.7679 -277.7987 -189.8589 -106.2205 5.7137 -133.444 -173.6389 -213.4232 -231.1755 -241.095 -239.4124 -219.9401 -149.2521 -58.5757 89.6134 353.3018 371.2468 390.3815 123.6205 127.6085 416.3183 365.8343 231.5273 75.2511 -125.9983 -224.0396 -286.4708 -296.3166 -304.3639 -309.9827 -314.1357
-541.9069 -542.6936 -544.321 -546.1221 -547.1144 -543.9456 -538.018 -528.2721 -523.3585 -523.9593 -533.6235 -549.4807 -563.3037 -575.6684 -578.3329 -579.5643 -577.1488 -575.3612 -572.4783 -569.895 -567.7123 -565.9954 -564.3601 -556.6856 -545.4547 -548.0567 -551.1954 -530.4966 -503.9304 -473.194 -444.6803 -424.2488 -384.0203 -310.3352 -237.1139 -164.1718 -132.4425 -122.966 -124.504 -131.2625 101.3944 -164.0976 -175.4548 -175.6716 -139.7465 -93.213 26.5103 140.4279 147.7254 203.9764 218.0059 308.3889 315.8419 216.791 121.338 -79.4098 -168.2874 -240.9342 -290.0693 -303.2428 -311.8551 -316.9123 -320.5569
-549.9288 -550.2918 -551.3571 -555.4502 -559.1042 -559.8079 -557.1646 -548.7263 -544.7386 -546.0197 -555.8185 -570.2571 -578.4819 -585.4769 -583.67 -581.537 -579.0874 -576.9292 -575.2939 -574.0845 -572.5395 -569.8435 -566.6254 -555.6103 -540.061 -539.7188 -541.1754 -527.5605 -507.605 -480.7453 -453.7017 -428.9902 -392.6329 -336.5291 -278.9176 -219.8706 -176.6813 -142.2567 -124.4726 -117.439 -132.1607 -151.8361 -168.1552 -176.5759 -158.9824 -137.7867 -110.8311 -67.1282 -17.7261 65.8953 118.2662 89.3149 156.9598 108.9491 -93.0353 -154.9437 -213.5828 -263.6414 -299.92 -313.8458 -323.3897 -328.326 -332.0905
-570.3041 -571.6558 -572.2443 -575.4359 -578.2504 -579.0651 -578.4559 -575.0747 -571.7947 -568.2535 -570.228 -576.184 -581.7073 -587.1193 -587.0419 -585.5507 -582.2802 -579.4984 -577.5007 -574.9571 -571.8405 -566.1519 -557.7806 -546.4733 -533.5166 -527.9783 -524.7841 -518.7413 -510.6796 -494.8601 -472.1018 -434.5396 -394.3988 -352.8571 -312.6035 -272.7132 -235.5803 -202.0038 -196.4515 -202.2177 -216.3215 -231.4171 -241.0135 -242.0624 -220.4983 -196.2568 -166.9387 -131.1644 -90.6599 -67.2839 -53.6965 -54.3943 -64.1229 -112.4795 -166.1079 -216.7666 -262.2274 -294.3529 -317.5614 -329.722 -339.5311 -347.9023 -351.7136
-579.5762 -579.1962 -577.9948 -578.1365 -578.2823 -578.6837 -579.1282 -580.1166 -578.0005 -572.9388 -573.1714 -576.0405 -580.8719 -586.4703 -583.3536 -580.3955 -577.8187 -574.9449 -569.5427 -565.0499 -563.2289 -559.0428 -551.6989 -539.5297 -525.4651 -518.4062 -513.4379 -510.3901 -505.0102 -487.4546 -459.2526 -411.6433 -368.6721 -335.5655 -316.941 -310.8628 -299.0037 -285.7101 -293.1073 -307.3004 -314.0019 -317.4497 -318.3645 -313.6892 -290.5677 -267.8598 -245.5714 -216.5765 -182.9483 -160.8608 -146.7968 -155.6545 -173.4051 -201.577 -231.4492 -266.794 -298.1913 -319.3454 -335.9012 -345.0161 -355.0154 -365.2087 -370.4755
-579.0455 -575.2869 -571.369 -566.4202 -562.1957 -561.4922 -562.6783 -567.7549 -568.3129 -565.0016 -567.0887 -571.1605 -576.5869 -582.7704 -575.3391 -567.7085 -567.6301 -564.8449 -553.6677 -547.6669 -548.6717 -548.5446 -546.9949 -534.6586 -516.6536 -509.9992 -505.6847 -501.4932 -491.2028 -458.232 -416.9618 -364.9011 -320.5958 -291.7182 -299.1218 -339.5338 -366.3994 -387.1739 -409.669 -427.6622 -419.7834 -407.2609 -398.4535 -387.8586 -366.9622 -350.8595 -341.5606 -318.2826 -282.5093 -259.3863 -244.5884 -246.7285 -255.0868 -270.7968 -288.1041 -305.5383 -322.9556 -339.3411 -352.899 -360.6855 -370.6035 -381.2428 -387.1802
-573.3391 -567.6682 -561.7485 -557.5692 -554.5502 -556.9766 -561.3428 -566.9089 -570.1 -568.6642 -568.2 -568.9879 -571.6819 -575.7921 -565.3069 -556.1413 -559.6335 -559.7475 -551.9241 -545.4332 -542.5184 -538.6761 -534.5702 -523.4965 -508.8906 -500.3049 -491.4373 -468.7151 -438.3397 -390.1388 -344.3233 -312.6264 -293.7354 -295.1317 -328.647 -392.5856 -432.6133 -459.5381 -478.6427 -490.5713 -479.8768 -463.6061 -450.0749 -435.6697 -416.7943 -403.1904 -395.6148 -373.644 -340.8559 -319.5585 -307.0356 -303.5888 -304.2746 -310.5028 -318.5685 -326.663 -337.0931 -351.8345 -364.5262 -371.3028 -380.3499 -391.6548 -397.4077
-564.0264 -557.8781 -551.0296 -550.4741 -551.2999 -558.6816 -565.9626 -572.7896 -575.9808 -576.9532 -573.6223 -568.1924 -566.9366 -567.6025 -556.1556 -546.6069 -552.0112 -556.8307 -554.6808 -548.9296 -538.144 -526.7918 -515.9734 -506.0155 -497.0663 -485.1178 -467.1688 -419.9117 -364.4356 -302.7937 -259.0577 -261.3013 -281.6086 -325.129 -384.3783 -457.9335 -496.9556 -517.1937 -524.3451 -524.6453 -516.0796 -504.0993 -487.3448 -470.7872 -454.1192 -439.6829 -427.7119 -406.3126 -376.9814 -359.5883 -349.3973 -341.4217 -334.8543 -334.1078 -334.4208 -337.7883 -344.1666 -359.6543 -372.0423 -378.6633 -387.2057 -397.3569 -403.6965
-557.9689 -554.3524 -550.0076 -550.9567 -551.9211 -553.7418 -556.2971 -559.5318 -564.7086 -570.7686 -571.2249 -568.6573 -567.1837 -565.9354 -557.7852 -548.8366 -540.0438 -533.1154 -528.4633 -511.2197 -475.6361 -449.2362 -433.0374 -407.6652 -377.3764 -350.5848 -323.09 -281.8295 -243.1664 -221.7129 -229.6567 -299.8405 -365.0228 -413.972 -463.7929 -514.7216 -545.2903 -563.8397 -572.8277 -576.5175 -565.2801 -549.6198 -532.9011 -515.6707 -495.0811 -476.5174 -460.1451 -433.9146 -399.4109 -380.6573 -370.3276 -356.6593 -342.1104 -330.7726 -320.4186 -319.4521 -323.0758 -339.9116 -353.4504 -361.0404 -366.4457 -368.8635 -379.2458
-552.4908 -552.0844 -550.9808 -553.5228 -553.7374 -547.5359 -543.5237 -543.4487 -549.3451 -561.6916 -567.3007 -568.761 -567.6215 -565.9578 -560.9388 -553.5577 -527.0272 -503.8153 -494.3397 -463.64 -399.8044 -356.7332 -336.5429 -291.9757 -235.7711 -193.1913 -156.221 -130.4397 46.4855 -150.2332 -218.7101 -361.0601 -469.9807 -515.1485 -547.7368 -569.5706 -589.0023 -606.7814 -622.0017 -631.6791 -616.8777 -597.3678 -580.6309 -561.9287 -535.991 -512.3974 -491.978 -459.9839 -418.7537 -397.0099 -386.1978 -366.457 -343.1648 -320.5273 -298.7953 -293.3563 -293.8735 -311.8613 -326.2197 -335.5737 -336.8051 -329.7079 -343.7419
-553.9707 -556.0888 -557.2089 -553.7224 -550.4429 -547.6937 -546.2079 -547.8126 -552.3408 -560.3011 -556.9274 -546.5858 -546.5039 -548.7324 -542.8102 -532.4874 -499.1587 -466.8971 -442.8247 -401.3363 -331.7285 -288.7928 -272.1444 -247.7155 -219.586 -203.3138 -194.3509 -212.4631 -243.2493 -294.4805 -360.4243 -456.4432 -530.064 -562.3279 -587.6341 -606.3315 -626.9268 -647.184 -658.9425 -664.2244 -652.1582 -635.096 -617.6548 -596.4081 -563.2681 -531.3986 -501.2464 -467.1262 -430.6147 -410.7964 -400.1368 -369.2604 -333.0832 -298.6153 -265.9445 -244.979 -231.5687 -241.8739 -249.1776 -250.7393 -239.6362 -217.0095 -219.5695
-554.652 -558.0082 -560.5029 -554.4213 -548.6636 -548.8052 -549.5967 -551.8797 -554.3313 -557.4161 -546.0729 -526.1313 -523.6629 -526.498 -518.9109 -506.2456 -469.6716 -432.3156 -398.4898 -351.6192 -282.5263 -242.238 -230.8657 -226.6103 -226.2999 -235.7604 -253.7106 -309.2459 -373.8765 -438.6583 -499.5103 -548.9232 -587.2431 -607.0002 -624.4349 -640.3159 -660.8797 -682.6371 -690.7903 -691.6311 -681.0374 -666.9865 -648.5981 -624.4083 -583.374 -543.784 -507.2934 -472.7179 -441.3925 -421.8841 -408.3735 -368.7419 -320.6255 -277.5361 -236.1873 -202.8344 -177.8673 -181.1378 -180.9639 -175.3998 -153.8162 -117.6742 -108.9391
-548.103 -548.3713 -549.205 -552.4885 -554.3947 -555.2891 -553.3564 -548.4538 -544.2526 -541.1985 -533.6971 -524.4517 -500.5022 -473.2998 -463.3122 -452.8371 -434.4099 -417.0519 -403.2579 -382.5311 -349.5506 -330.9353 -326.863 -332.0275 -343.2512 -365.7795 -392.7906 -431.5447 -476.0971 -530.8467 -580.3295 -613.6454 -636.4857 -644.2134 -652.6481 -660.8187 -672.8325 -685.8941 -690.1292 -689.1285 -675.9993 -660.6119 -644.0572 -618.0599 -562.3141 -519.8903 -497.2955 -472.7762 -447.1349 -415.3365 -380.7982 -340.891 -300.1349 -265.3589 -231.5723 -205.6606 -186.8423 -190.1128 -187.1769 -176.2647 -154.3335 -123.8117 -106.1484
