MapLib/Lvl1_5x5/BG/Ele_BG_CA.asc
ncols         557
nrows         557
xllcorner     -500
yllcorner     5008669.448
cellsize      1000
nodata_value  -9999.0
[rows 252 to 279 of 557, columns 0 to 63 of 557]
86.4274 98.274 82.4869 54.7413 64.1657 108.7438 95.807 89.0695 81.7991 84.0559 90.9288 87.8077 91.9865 58.1672 70.2263 86.838 53.2423 50.7355 58.571 38.8326 61.6507 95.1131 108.8439 81.4943 71.9487 64.3938 70.4109 88.6089 67.029 51.262 70.7001 81.6795 94.3434 110.791 109.1408 126.6692 150.965 154.9122 163.191 150.1641 131.0162 119.5363 93.33 109.9575 126.3138 120.858 115.8088 108.1081 92.3601 128.3275 113.1719 73.3327 103.94 106.7202 74.755 54.0642 49.2 55.266 49.8214 67.5157 84.3225 102.4425 107.9925 95.7606
73.8896 98.104 77.2215 47.5519 82.6749 92.8684 84.1164 90.8638 91.7722 86.6107 87.8736 65.4709 51.6231 48.5379 46.0812 57.7511 51.0617 65.5025 49.6666 65.1411 47.3805 91.4466 107.0993 117.2117 92.0076 72.9938 78.6987 90.9884 80.0062 61.6097 61.8026 71.9472 76.2813 84.1043 96.2813 100.0371 122.5058 111.9877 133.9257 119.2886 130.0292 113.36 112.9402 85.7796 112.3828 115.8517 92.308 78.5872 119.8108 123.1286 126.0066 94.2508 106.234 89.9087 51.9758 50.066 46.7166 49.6012 63.9506 102.711 110.3355 119.2822 123.8797 125.1422
53.6525 47.7922 30.3796 34.1003 38.5168 35.229 66.3218 68.075 70.9567 67.8656 74.9589 33.6293 73.9795 74.005 56.9042 50.5703 55.2048 67.3402 68.1485 83.3789 70.3966 70.5787 88.0019 100.375 88.5806 82.771 81.5576 72.9081 67.8289 76.4733 74.5366 73.845 82.5138 92.6414 95.1917 122.298 119.2845 109.1741 118.6732 107.5656 125.363 118.334 97.7837 81.2198 82.4653 102.3227 68.9471 103.5678 111.0857 119.9126 114.7669 110.3337 54.687 77.1653 46.7174 44.7097 47.9333 58.6907 85.0242 104.5458 113.1072 113.8232 110.3931 119.0293
24.6191 27.9541 36.0423 30.0332 31.1965 30.4821 35.2432 37.2615 42.0276 32.5086 31.8742 51.1176 61.7889 71.9186 61.9545 66.7701 68.6601 88.8653 76.7257 65.1062 67.7262 63.2898 69 57.4201 70.8211 58.2162 62.413 60.9079 69.7784 85.3397 109.3555 120.4133 130.4409 129.2606 98.7554 127.4102 124.5246 87.389 110.3226 125.4871 128.7916 120.5787 110.9495 96.5647 66.4254 81.4122 63.5003 99.3653 106.1816 103.059 114.2733 113.7078 70.3915 42.2996 41.5327 46.4562 51.078 66.1649 53.128 67.6496 80.2184 96.6246 103.1886 103.4193
36.5979 31.8738 41.1534 44.943 38.2472 33.2579 33.908 35.4083 45.2975 35.3357 28.5172 19.4005 24.4823 36.1557 52.2406 50.565 48.6247 54.7847 64.6437 82.9828 79.7496 79.1594 61.07 48.7089 56.1087 55.8794 65.9161 59.0996 64.6913 68.6357 73.3619 72.8369 104.5353 121.8559 126.0009 89.9561 121.8116 103.7603 82.9249 102.7405 108.2173 105.6135 97.6994 88.3123 89.8411 76.4303 65.7467 77.8798 97.0945 104.8088 101.5775 86.2268 49.6306 44.1172 47.9909 61.6795 82.8316 73.7729 97.4395 100.1567 88.2859 66.6011 61.8873 66.0805
45.4486 46.4719 49.6982 59.2875 44.7504 42.4416 48.3722 43.7361 52.724 37.6718 38.0201 35.8096 28.8999 25.2156 26.7626 37.5536 46.2623 63.5826 88.6923 91.8794 86.4245 83.8597 80.3178 57.7568 72.0468 49.0933 50.7685 50.2519 57.4006 44.9259 55.7752 49.1092 57.975 66.4692 58.9852 62.5224 83.6544 81.0307 81.989 81.6766 90.7851 93.2075 98.8092 91.5161 79.8006 62.0172 59.726 66.4629 74.4864 53.74 45.0912 43.237 45.3361 45.4232 56.2882 97.9715 114.1383 110.2116 114.3957 115.0134 111.3571 112.1797 102.7523 94.9682
69.3732 79.5877 73.0288 72.9124 43.0648 77.5977 87.1081 60.4857 46.8263 51.3195 44.8356 38.7441 28.8923 30.4986 45.5079 35.0732 31.9458 34.9569 80.2693 72.108 63.4943 85.1897 91.1895 69.0191 69.5793 52.1992 50.7618 46.643 45.9507 47.8065 34.7529 43.2095 41.4667 47.9079 46.9643 48.9851 51.9714 62.2486 67.4366 72.5934 73.2879 51.7109 45.4939 43.9835 50.679 39.5152 47.3133 50.4917 42.6242 44.5089 47.377 46.2563 40.8263 61.7126 111.4563 114.3021 116.793 117.0149 127.7144 131.6369 134.8939 128.7807 110.1259 119.5848
78.719 75.0107 77.7286 67.2268 49.184 61.5993 87.4175 86.9089 88.4504 79.3281 65.3891 56.5546 38.0507 35.2956 36.0409 39.7471 39.1514 39.6734 26.6265 38.8716 54.9765 66.3366 65.4932 85.3371 103.4407 84.4982 45.5377 44.4092 50.4636 43.4214 51.5526 51.7203 45.2313 42.4509 45.4434 52.2649 42.9455 48.2261 52.7309 45.9831 48.5445 44.5079 44.7672 49.2206 42.6905 45.5366 48.6117 47.8285 46.3479 46.1998 45.8403 50.5223 60.218 54.9879 72.7001 95.9609 99.7931 112.2442 123.5473 131.1821 124.3522 120.1285 118.7903 116.1235
81.1802 80.7952 77.4017 89.4661 51.9613 76.0886 78.2684 90.784 81.0623 74.426 63.7256 67.0643 52.3705 39.4485 41.0905 34.0717 31.1458 36.6163 33.5167 27.5547 36.095 41.6289 63.0939 88.8303 105.246 86.7776 48.644 37.1288 43.0292 39.9237 49.3599 69.518 65.1292 55.4102 55.4486 51.8041 42.2896 53.9042 45.6228 48.5895 49.2422 49.1937 58.1648 51.7141 48.2997 60.872 71.8531 63.0471 62.5988 60.2136 70.3607 74.1525 75.665 63.36 83.2505 82.8261 82.0122 68.6408 80.1667 94.1617 99.5272 112.8449 111.188 117.8881
68.165 88.976 87.4738 65.4191 69.7757 86.1168 98.429 88.0596 98.3255 81.4493 76.1159 84.8359 73.5051 63.5921 66.4045 43.9247 50.8493 42.5849 32.3794 31.8197 39.8841 32.9139 40.2136 77.2181 99.1401 73.1631 32.9245 80.3696 62.3851 54.6577 59.4574 79.9435 78.1307 86.6483 78.2271 56.0787 62.955 52.259 57.7852 50.6423 54.4341 54.9535 57.1158 75.2603 76.8947 78.1242 94.3283 93.011 73.6431 77.1779 94.7227 83.845 70.4105 62.1593 83.5697 78.6115 99.6067 95.9804 71.7503 75.4346 105.2897 107.9677 108.9851 103.1964
99.5644 80.9146 67.4654 38.7873 48.7636 65.5674 67.614 83.7001 95.9461 91.4947 93.1668 78.2441 71.6276 74.8539 53.5553 48.18 47.973 55.3797 47.6598 60.3885 37.9251 34.3791 31.4374 36.0663 37.8415 51.4075 62.9938 42.8043 42.6855 49.3298 61.3981 66.7094 59.781 90.0053 91.6446 75.9474 56.486 56.9874 60.5485 67.0339 67.2936 77.6328 79.0819 82.9139 63.9339 96.5387 104.6497 101.4698 92.0423 90.6795 93.7718 94.4181 81.8892 58.5833 76.8902 83.7531 88.3464 90.8008 77.3558 81.0802 65.5105 86.9133 93.7318 91.5814
68.5058 61.1058 46.034 70.9112 67.6756 66.8467 55.0484 65.9153 84.5392 107.1228 78.6124 93.6532 82.4465 79.9076 48.0008 66.0409 73.6174 67.3581 46.2495 37.0559 37.6952 57.9002 40.657 33.0325 35.0417 36.6594 41.7847 59.5118 98.0146 80.622 81.5987 81.532 50.2833 61.6967 85.6337 90.2791 90.8151 100.4461 89.824 102.2374 102.2148 111.9877 100.1513 110.6755 101.007 77.5518 99.5628 106.9768 106.9963 95.3369 112.4025 105.7899 91.9607 81.6545 60.0878 89.0837 84.0292 96.673 101.1026 94.9665 92.2179 75.0734 76.6471 100.0883
51.1883 40.4852 71.9522 80.9379 80.8239 65.9999 54.1811 60.2385 70.6825 77.2053 74.2844 69.9091 67.4617 65.2136 69.2414 68.6311 68.6854 67.6318 58.2223 72.2112 58.0084 67.6738 61.4373 64.8739 68.4444 77.1304 61.9014 78.5472 85.9973 108.5163 94.1696 90.8738 72.7351 55.0705 78.284 90.8028 109.9553 112.4028 106.2791 106.7334 128.5464 118.4926 119.6122 117.5574 103.8542 99.5858 100.2906 115.8563 114.7563 101.7037 109.0029 105.1882 96.7514 87.8055 63.2105 106.1525 95.5977 99.3473 102.5218 95.4068 89.7667 81.4382 75.5533 81.916
92.4675 62.1621 70.9623 95.9789 85.691 71.7268 65.6432 70.9982 59.1106 65.3217 55.4961 58.6604 51.8022 55.4902 73.1719 70.4045 69.753 59.2822 55.8923 75.7502 76.8762 74.8134 55.3479 59.5998 91.9108 101.0693 80.195 69.4095 101.0178 115.6982 112.4565 90.0266 85.9397 91.8028 82.323 62.0775 87.3405 91.7833 92.9601 108.605 118.2718 128.0686 127.2998 126.3995 116.6029 102.0352 113.3441 131.2521 116.3675 104.4364 111.5836 111.271 99.4995 77.6023 95.5949 104.6194 99.5921 95.7907 92.6026 100.7189 98.9373 99.4339 82.2416 81.1997
93.021 90.6636 80.3169 77.4041 81.4955 73.06 91.0758 73.0504 66.8821 65.565 64.3864 71.8546 76.8456 66.9288 75.8085 90.7692 82.7462 60.1178 64.0468 72.4066 89.4166 78.5955 89.7162 66.8286 90.7076 111.8436 110.7276 102.6468 92.5544 107.3027 103.7026 93.8988 87.726 81.6685 71.4837 59.8222 60.3616 104.1529 118.7387 128.0707 133.8189 124.7655 117.2467 131.0932 122.0011 114.2201 130.9551 130.7972 114.8722 92.3217 103.5147 101.7624 102.6465 75.5886 88.2628 96.3459 99.8734 91.6681 87.3157 97.4055 102.7199 95.3245 88.9358 83.7388
74.0132 75.1833 76.0342 65.9197 63.2361 66.3275 67.4181 62.623 65.1768 60.8817 66.8542 66.8483 65.0998 67.7063 68.1283 74.0115 68.9872 89.6987 95.8182 105.5474 106.4798 108.8886 100.8664 63.8875 104.9742 111.8466 107.9722 96.9997 89.7447 89.4556 88.6558 90.3705 83.8532 76.8084 71.9352 73.1626 56.8397 64.2722 82.3367 108.4758 120.6185 126.9374 125.5576 129.5808 136.8608 128.1655 123.1758 121.8127 100.8603 105.1917 113.8086 96.5244 108.9919 102.6218 94.7421 79.0675 91.3078 92 96.3419 95.3682 100.492 91.0158 94.3105 100.6896
88.1778 71.9081 68.1809 67.8123 72.3458 63.4219 73.5459 73.1313 70.0917 60.5619 65.7094 66.7118 66.7903 66.2052 68.1016 78.0901 60.0935 73.4135 72.175 115.6115 91.8816 107.4864 81.1056 87.6481 109.3795 120.4559 125.0971 108.0864 102.0805 94.0398 87.3161 84.9217 82.851 70.5517 67.1914 63.583 54.1839 70.8927 72.184 93.3331 92.4738 103.9737 112.7948 133.5182 130.7072 132.1226 127.3699 120.3104 124.1864 108.4306 117.1248 100.7224 106.5108 111.6633 99.0566 104.1006 80.7878 102.0033 95.804 103.0403 105.7949 99.5732 103.359 108.7392
108.5096 77.2063 62.4744 66.4598 64.5751 74.7033 70.6844 71.7608 71.4989 66.0877 67.4976 68.5101 69.985 68.8511 65.6952 65.2355 61.7437 62.8781 72.0067 78.2596 85.8096 99.5253 87.3451 57.5201 92.4831 113.3705 112.2873 112.9505 115.3086 113.7994 96.5233 89.0432 79.2766 90.26 62.0314 63.0842 76.1698 64.5746 72.7347 71.9497 72.3292 80.7887 99.1119 113.5384 115.0408 127.6271 134.76 132.792 134.8495 117.4404 111.7946 98.7092 120.9242 103.8224 89.1002 88.9829 86.8316 77.4889 83.9198 97.6514 114.2898 102.9561 109.5672 113.7612
87.5569 95.4321 82.4016 81.151 74.1339 84.7328 101.7094 77.1049 88.9885 82.6513 74.4793 69.1475 68.6643 67.9271 64.2124 57.8815 71.5972 59.8809 62.7076 81.0695 104.7493 97.9111 95.7773 83.6268 56.4862 59.0581 93.1506 103.5389 113.3942 123.3533 107.0935 95.2863 84.9108 78.4775 73.2599 67.7505 82.9981 64.7789 72.3191 85.0004 87.3001 88.82 80.0182 99.814 116.995 117.0119 112.8072 130.3295 134.2741 127.5693 118.7792 109.9956 106.6425 106.3614 99.2598 91.8425 90.187 80.0133 89.6423 79.992 99.3708 101.8968 100.8103 110.0733
79.2443 85.5282 81.6204 91.4724 84.3299 96.5737 98.4611 84.0032 96.231 79.1129 79.8232 81.495 73.5711 61.9107 66.8083 79.9046 85.7013 79.7506 88.3427 68.8619 79.707 84.868 98.243 97.6482 99.9891 89.7225 61.9969 62.7868 88.0633 110.7237 107.8817 116.0098 98.9121 86.7619 79.5891 62.5228 78.3358 82.0538 65.9481 87.0832 84.3596 91.4573 104.9064 116.8215 125.7458 122.8015 130.8572 128.5782 122.5132 137.8847 128.17 121.2411 109.0265 103.8956 102.2507 103.9302 100.2856 114.3533 98.0796 96.4365 98.582 94.8449 104.9609 96.1779
87.5438 81.391 82.7878 88.1135 78.2715 81.2309 83.1283 80.6431 88.6005 82.3677 75.0922 97.0108 80.1407 75.4296 75.2114 79.6519 72.1202 79.6082 76.061 63.9351 74.1705 97.6314 97.923 99.9496 107.6955 104.2584 91.7317 54.2781 80.3196 115.1124 111.1687 120.7573 112.9307 98.4622 81.7551 73.6873 82.7255 83.691 81.4699 83.2228 102.7366 116.1531 125.3754 101.4198 97.0238 110.6918 116.3073 120.4167 122.2984 134.5755 116.5131 122.2511 113.4712 115.6365 112.421 110.0619 109.4698 111.6392 113.4292 109.6786 104.4299 110.9564 121.6579 107.2902
75.7706 80.9563 82.9535 80.1779 76.9777 89.9362 83.0858 82.7341 97.9242 90.5397 81.4242 73.9314 77.825 82.7431 75.3178 71.5974 74.1291 70.9732 75.331 80.1821 75.5263 76.6247 95.2528 96.8405 85.5555 88.3776 82.5607 90.6987 69.3576 97.771 103.0346 126.1354 134.765 127.2834 109.503 88.7129 87.9274 97.3846 97.5553 117.6821 126.326 129.4558 137.2621 125.642 112.3879 112.2855 102.8882 106.5066 109.4009 112.1109 120.3738 119.6662 125.4887 123.4481 111.2987 112.4323 102.4628 106.4779 102.375 111.6663 108.0567 108.5287 114.2777 110.7957
80.1598 81.3939 84.2839 82.0763 81.927 82.6606 82.207 86.4768 89.8808 83.9778 82.9486 88.0658 74.3609 73.8195 68.2631 73.7114 67.9752 71.6186 81.9642 76.5049 81.8333 86.042 93.2157 89.3745 93.2924 80.2822 94.4381 83.8974 65.3445 63.2764 85.6598 96.9886 103.6378 112.0462 119.3336 120.3046 108.845 109.3584 94.9704 106.7426 115.4357 116.6038 119.7578 120.209 115.7814 111.0672 103.5462 109.667 106.563 112.0156 118.3538 116.8967 120.1007 125.7607 124.4914 124.748 127.4351 120.3518 133.9891 127.8128 127.2772 118.5118 115.695 122.9282
100.2048 93.6227 80.7425 88.1231 84.2935 89.2568 86.5137 83.9699 84.9634 82.9085 77.5424 80.1687 76.7109 78.4016 80.22 83.3211 74.3141 80.9668 79.0994 75.4837 83.1547 78.1425 87.8089 94.1661 86.1937 89.4117 76.3962 87.7943 82.3781 75.9273 92.7895 101.9595 101.582 97.9179 104.0348 91.7505 100.5759 115.5676 100.088 105.9024 106.4167 108.9306 91.2679 108.1334 92.4546 85.6765 88.3728 85.4461 92.8841 84.6501 93.1345 95.8885 110.3044 121.1174 139.8913 134.0805 137.7653 135.619 129.1439 134.7471 136.756 122.4217 126.4498 122.0649
99.643 91.6545 99.3538 84.5986 97.6719 92.7612 77.1725 88.2531 83.91 92.3111 93.8514 92.1121 81.484 82.5986 90.5575 86.0325 77.8688 82.3647 82.7631 92.9777 88.0681 88.3402 90.8994 90.5411 91.6189 82.3246 78.9829 78.617 87.9731 79.1097 104.2635 112.8775 113.721 114.8504 104.4286 103.7284 92.8317 86.8249 110.1617 102.8337 115.4915 117.8433 114.6955 114.7083 101.5619 96.8038 91.1574 93.2163 97.2286 103.7527 98.3516 88.3678 109.2082 111.3624 108.1998 121.8098 122.4364 123.7602 132.6568 126.8187 132.247 115.9374 122.965 128.4936
109.8756 105.8316 103.4728 91.1625 98.8698 85.8782 93.8165 86.3855 91.8921 81.8285 92.9737 87.2203 85.9891 82.1948 91.8166 97.6285 99.9669 78.6838 82.6779 83.2058 100.0763 90.8386 97.4245 90.6364 86.2797 87.8013 94.7659 75.6172 82.2307 84.922 79.8374 89.282 91.9776 92.1394 96.5089 96.6516 98.7865 99.4638 104.1216 108.3924 113.863 114.2117 120.2873 113.5351 122.8125 118.3536 119.923 108.382 110.8898 104.9737 110.4077 117.1314 123.7948 105.2183 108.3041 111.5242 116.089 131.0329 136.8866 132.8018 112.1079 122.8464 126.2627 111.5532
111.3712 103.3022 103.2322 97.1561 89.1466 95.4926 95.6848 87.6982 92.0443 75.5196 86.4558 82.8281 86.5886 81.0047 81.2838 88.0185 81.4685 81.0186 81.849 78.4857 96.1421 86.2672 90.2095 89.5152 94.3597 90.4239 92.0252 87.493 80.1328 75.7499 91.4601 85.4529 88.1953 91.6776 100.9745 93.0513 95.8414 102.2698 104.9292 105.4311 112.9202 119.754 117.5421 122.2232 110.5725 106.7301 110.7953 104.5926 100.5423 110.458 113.5269 115.8897 122.6714 116.712 114.5867 118.0689 117.9829 123.7352 120.3414 115.2693 123.7146 125.1894 121.4422 113.0218
108 110.9272 110.8333 104.1717 90.4557 89.8054 87.443 92.1015 95.7459 77.7149 81.9145 90.7475 84.9863 79.4882 81.1032 95.2033 81.9292 81.3381 90.6419 91.7057 82.8514 78.9789 80.2603 83.0519 81.4555 82.6925 77.1059 87.7956 86.6415 82.8997 74.5042 94.6489 88.1912 88.5948 90.807 90.8175 91.9472 103.6426 90.9866 102.0279 108.6198 107.5365 114.2714 116.3273 120.0719 124.7854 108.478 111.367 108.4882 107.9755 105.2741 108.3997 111.2161 113.1581 113.2785 105.9032 102.4758 100.2124 100.915 113.0778 114.1866 112.1943 119.633 115.5767
