MapLib/Lvl1_5x5/BG/Ele_BG_CE.asc
ncols         557
nrows         557
xllcorner     2227500
yllcorner     5008669.448
cellsize      1000
nodata_value  -9999.0
[rows 56 to 83 of 557, columns 64 to 127 of 557]
672.0544 635.2643 679.2823 695.6345 651.0046 595.9786 553.3861 479.3447 403.9214 372.2514 352.1684 445.9079 597.7484 749.6231 765.3491 838.041 925.8642 927.421 840.1577 811.0999 961.7 789.6816 924.3791 948.4656 830.2439 776.989 774.6281 759.1829 655.1706 791.4835 657.1774 674.4449 809.4578 731.182 610.6288 615.7305 562.2283 642.817 761.3354 704.881 661.2761 652.4555 588.7745 568.7712 575.0143 544.3 533.2945 553.936 524.2981 612.8002 601.0795 522.2526 557.1004 662.712 578.0209 536.2943 559.0767 622.3444 694.6096 703.832 625.6153 580.8093 471.7955 457.9532
855.0849 814.5173 787.0864 711.8094 615.9462 560.4252 575.3873 514.4323 503.4792 484.9476 352.833 419.7788 602.0251 597.7786 659.056 773.0453 711.7319 820.5048 973.0681 976.7468 1006.1418 1009.7377 1045.7247 1007.7747 1043.8207 897.699 936.8933 786.7261 729.8464 784.3723 663.1494 724.8599 802.7795 709.242 703.2805 678.608 616.5485 622.2267 668.4501 734.1671 738.0635 716.881 633.8956 640.4977 619.8416 615.8422 582.847 549.8066 532.3865 620.6016 630.4579 504.0117 610.7511 621.4922 667.4037 692.6804 619.4839 585.2177 612.2641 687.1484 694.1109 651.0015 535.1853 470.0929
933.931 800.6506 818.6711 711.3296 730.5722 787.7975 700.7372 539.7895 638.0362 543.3743 486.4916 369.8876 374.7843 442.1966 604.8198 678.4608 626.8906 775.7837 888.7233 899.1464 852.6367 847.7442 820.7979 933.6204 1029.1079 1020.6124 919.9997 855.0922 813.425 719.6099 720.5415 783.1639 716.887 735.7935 737.919 633.8737 691.3499 707.9132 645.2264 717.488 687.3013 734.7579 721.7651 715.8248 710.8429 737.9344 655.6926 598.4017 580.973 568.8624 618.69 550.4283 545.4609 531.6948 639.815 630.0618 679.2345 748.7131 654.7289 599.9543 538.5909 562.4796 559.3416 493.1434
904.6874 811.7394 841.7251 859.8569 779.793 737.5164 670.4662 566.0634 711.1115 696.9011 593.2635 459.6741 369.8561 456.4511 526.6027 489.3873 590.1718 661.2515 726.5269 711.7469 685.8237 715.9347 800.3104 845.1118 930.6321 845.6582 857.9777 904.7842 939.8666 849.5085 799.5506 863.0795 752.6191 811.965 709.7723 700.2654 758.2946 689.3148 663.9423 734.6033 752.1437 742.4696 740.5895 750.467 762.8997 726.3748 697.777 688.4255 683.057 602.0014 554.4178 535.2688 603.3878 543.8333 680.681 736.8538 738.0531 699.6978 680.9749 664.8255 561.6218 570.5488 532.1072 500.2279
1128.3063 1093.2269 1030.7896 996.255 838.1126 840.0141 792.8041 795.1979 771.1026 683.6546 568.4432 463.1353 351.7238 398.9499 414.9499 462.4387 606.8307 622.2054 606.8431 579.7169 761.1205 893.5018 955.1541 864.2898 768.749 711.7493 703.7143 770.4542 855.1941 888.344 909.1855 893.715 900.5438 852.5222 740.181 776.5164 799.8229 721.4662 756.3493 813.1979 749.3627 715.3824 692.36 676.0192 710.8914 723.7863 668.3798 677.3735 717.5529 701.5056 637.1035 574.8395 572.0674 558.8071 666.607 675.0671 817.7371 775.941 660.8077 624.6093 593.3822 687.7463 660.2964 587.2558
994.9619 1057.616 1113.1522 979.9682 894.4139 972.1543 933.0426 906.1686 767.2727 701.2905 656.4857 551.682 492.3149 418.7316 360.1708 423.8866 546.4833 539.7668 523.1598 629.4894 699.6602 760.7915 771.9963 806.2362 661.9852 708.959 854.3279 844.4738 847.1815 889.9186 945.0833 997.4409 993.1127 867.3657 839.5724 866.8526 803.7546 802.3829 801.4751 823.9321 721.7202 738.136 721.1883 720.351 672.3684 669.0465 677.3325 650.8264 702.9999 733.8116 746.6168 652.6194 617.8018 587.7793 645.799 673.0814 701.9995 759.1077 851.6656 779.8138 724.9407 652.8303 640.6992 618.994
835.9317 918.9182 1105.4099 995.5842 981.9395 812.9884 754.6075 720.1607 741.4907 584.8661 524.6435 452.0214 412.4756 410.9746 382.7046 525.8336 612.4751 453.0559 540.4638 591.2919 641.6976 658.7542 667.699 715.7752 637.0768 707.1777 783.1254 730.4767 788.8422 918.789 935.0502 1034.1844 1045.2903 993.0381 929.5818 900.0847 822.5695 861.2044 739.1801 688.4565 645.1404 716.9257 743.1746 754.1755 707.8282 712.8076 666.2911 635.6869 684.1339 729.9819 767.4079 751.6471 700.0085 616.9651 640.1245 689.2856 740.6321 743.0025 730.3192 806.6227 840.4014 714.3223 661.2198 652.0753
919.2361 961.0681 942.2165 850.3353 813.3826 820.9714 711.9586 583.4189 555.4501 550.4418 559.429 584.6576 552.7689 449.8265 423.6855 386.232 491.5477 451.0371 484.9648 632.8309 729.0382 622.9905 519.2676 544.7889 648.4183 654.3528 617.3654 750.3894 865.5402 866.9349 978.858 1036.5116 1037.6742 998.1796 895.963 802.7926 750.03 774.5993 775.2916 715.6198 645.5302 649.3581 703.466 712.8793 758.1614 732.3805 702.2733 646.7515 621.652 655.1541 696.4089 715.5959 717.5948 670.3909 657.9732 706.2496 798.4529 940.6467 902.2961 781.3734 673.4298 650.7651 722.4571 720.1057
844.1702 850.2281 883.433 912.3722 852.3262 720.3946 668.3434 681.2467 629.6904 669.6219 687.0978 654.412 591.1502 550.8309 508.0233 375.4856 458.4083 508.3602 630.8215 648.5933 586.5231 486.8272 568.9142 601.6476 686.2999 775.5559 709.0524 825.1906 849.0319 857.0511 991.624 1065.1094 918.7125 979.5137 1088.4816 941.0129 870.2625 705.4904 700.5891 774.913 667.853 610.1948 674.4482 676.8655 760.6437 790.3956 726.7517 706.1353 603.0495 663.6519 722.6323 750.9586 712.448 701.4891 659.5591 607.5625 643.269 758.0693 734.101 692.2206 673.3003 591.8282 578.5374 607.3134
837.0268 791.265 893.9851 896.2198 933.4398 905.3433 846.894 739.7318 797.7504 830.1984 705.3464 660.7363 598.0002 485.4979 546.632 526.8358 499.3466 435.1133 506.196 466.8679 573.3525 666.7437 633.3485 724.8909 784.9915 898.9954 955.3609 945.4841 903.0749 825.1562 810.3557 952.9323 956.8837 838.6556 966.1934 857.3124 777.2181 695.0982 628.3139 670.7184 601.0828 573.8284 638.4907 735.5469 737.4123 743.1941 768.3802 763.9106 637.3655 668.9939 720.588 665.7836 629.5817 591.175 562.5937 562.4848 547.7098 606.282 725.2582 693.2759 589.8185 534.7484 522.7927 547.3471
698.2367 807.0656 879.5925 897.7411 821.1134 918.0764 996.8832 943.3759 862.1634 891.6057 860.6387 677.0195 563.6872 605.236 708.6908 700.1551 581.5425 427.349 396.1427 448.7496 640.6313 766.4832 729.9282 829.1346 826.1097 847.7859 939.9628 907.6398 838.6642 825.9348 720.0215 850.8955 881.6233 751.2868 804.8824 691.4247 699.0305 769.2859 686.0507 593.7607 545.7462 553.2677 612.1008 665.2874 751.9053 723.5481 630.7071 643.2217 618.3957 587.4279 602.3167 619.4767 671.8633 710.1557 625.2817 536.364 501.6143 533.8851 591.2672 680.6368 636.9311 509.3368 539.1589 657.3309
798.2205 792.1332 807.3859 866.2826 828.1879 792.3718 818.7413 758.7903 745.6833 740.696 729.3756 671.3535 538.903 623.2563 711.1481 619.281 611.3329 473.0382 413.309 475.0687 585.5338 703.3207 732.3098 746.1501 686.7061 695.9492 733.576 771.9612 718.7823 719.0045 615.5782 641.9128 663.6871 641.6811 641.0524 605.983 595.3975 683.593 662.4262 604.6768 548.7319 539.9718 604.7299 616.6833 646.0643 638.1173 594.2287 578.159 596.5098 608.3381 610.9866 607.829 640.1899 666.795 676.9189 679.1592 592.8935 526.6773 477.8694 491.4206 478.2138 525.511 749.8043 845.6494
900.8611 862.4475 757.0964 760.8995 782.8814 717.9229 813.6843 804.2357 767.0793 705.5765 668.3245 608.6149 610.8917 590.257 719.1844 744.0418 734.3842 655.6899 552.9559 425.0247 570.4874 630.9471 589.5599 605.0936 571.633 561.4669 614.4145 647.4458 640.6165 675.2969 589.6837 547.9452 558.3621 580.2778 559.9786 627.4724 621.8168 537.6802 667.1423 599.4241 505.7488 546.6226 562.3151 626.3156 717.3053 710.3778 594.2225 622.8427 638.0451 671.3423 650.3146 667.2058 651.2019 633.519 643.3373 688.4097 699.72 625.2981 544.8188 488.0204 449.4445 520.8003 613.7345 765.0187
851.9056 849.9562 863.8233 734.0176 664.9313 684.2703 724.7469 816.0155 813.2006 752.1113 702.9203 653.4316 566.6636 597.8271 658.2653 663.8424 699.4463 612.0623 516.4573 434.5633 438.172 446.6636 434.8355 491.3491 611.6508 670.1165 712.0448 636.9637 621.9732 636.8416 588.3853 617.6964 508.3547 511.7474 565.6358 642.0612 636.3766 504.1647 600.062 515.4667 486.9242 526.2233 623.4848 626.1204 628.1736 571.1443 659.6915 730.5084 803.201 787.7379 786.7086 741.8443 688.8053 730.3928 687.8273 715.9839 695.4866 703.1843 622.073 542.752 438.9515 449.6169 520.7808 537.2549
797.802 744.3281 761.5763 674.7635 677.4476 765.3852 739.6161 744.743 760.7258 708.6508 697.3315 733.2235 627.5536 650.3204 647.9877 565.2969 554.5889 540.1608 498.7063 495.3254 525.5103 481.5394 439.063 474.0722 510.4137 593.9961 704.4708 726.7082 573.3515 539.9778 533.8024 605.7158 600.8215 482.3181 550.5598 554.6818 540.3706 503.9848 488.5557 500.0737 561.3436 551.0815 547.3005 588.2187 579.2178 674.3426 639.9415 767.1799 833.3023 846.2699 832.8864 834.2157 760.7953 723.3729 758.517 729.0533 780.4022 763.8797 664.0478 576.8472 507.1491 415.876 410.5508 433.6464
658.7625 685.1431 712.6711 731.3039 641.0323 677.7157 682.6071 735.4401 774.0101 761.3139 687.1832 631.6205 623.0109 671.7629 700.389 703.0689 697.9975 669.7631 596.7527 536.2309 660.8604 648.2126 593.4428 470.6288 436.4098 554.8267 609.3246 596.3056 555.5921 486.3969 561.2527 582.8403 617.8469 491.3456 454.162 527.8671 543.4286 634.2719 672.2909 679.5106 627.7608 674.6876 637.7212 691.2811 645.7992 716.0913 769.602 697.2851 769.5715 759.0852 762.9641 690.3975 633.2017 617.4873 670.0811 637.5815 680.0949 624.8333 613.6721 549.235 510.5167 454.2415 388.2133 389.2088
736.4731 650.8572 627.8011 686.4684 728.7704 617.8705 661.9854 658.3954 662.2066 718.772 769.2796 757.2131 742.8635 736.8833 728.9446 705.2462 742.97 691.4489 602.5071 627.3159 697.5247 726.3054 628.179 504.4072 444.5898 443.6003 501.6303 537.9011 595.0583 450.6717 441.6691 458.8073 468.182 469.103 461.1174 553.0327 646.5273 674.6978 737.059 803.1606 756.3842 705.5529 684.2263 708.9352 737.8149 643.1247 714.3344 726.7103 768.9593 761.0687 671.1835 604.547 615.4363 548.6581 572.3043 605.7836 556.6049 571.1821 532.9604 504.904 434.4977 430.1977 461.1802 409.1925
742.7832 643.9349 610.85 613.1768 596.1803 608.2717 601.9293 605.7259 611.3776 644.7966 724.098 746.1323 828.4752 811.2851 831.9307 787.424 805.272 761.3353 685.9705 684.5587 605.0444 620.7019 550.2946 475.599 506.635 480.361 427.3961 463.8708 447.1143 473.4425 506.752 557.1335 601.7504 560.8429 483.3386 463.8418 557.6484 657.2667 761.0366 837.5952 832.8302 836.4184 827.9985 795.742 758.345 715.5123 725.5383 736.1121 654.3927 677.9958 603.4208 590.373 531.5793 547.1669 477.2281 488.1602 452.1811 454.6138 445.6501 458.5703 454.1127 390.9787 420.7761 373.0378
658.5217 632.3245 606.8832 585.8469 574.0901 573.4402 565.8307 586.2507 580.1986 618.3796 645.5906 676.3879 712.572 724.2919 733.2259 821.0315 766.4288 707.8385 727.7729 711.6733 647.5363 537.5073 503.2209 523.0339 578.3804 607.7116 504.405 512.0638 537.9483 507.9243 587.2693 673.5928 722.4922 700.9272 576.3473 488.0174 504.3226 665.5908 698.2993 748.4302 868.5585 866.5875 762.3355 771.6179 854.7596 769.4093 696.8445 644.6227 643.308 557.2292 504.2722 481.4199 476.1604 470.4634 490.7886 483.9534 425.4145 418.2104 427.0403 414.8329 407.1545 396.786 353.7482 353.1332
600.7135 591.1837 582.512 581.4443 563.6349 561.7317 553.2641 563.698 553.7338 571.4919 595.7233 587.0356 639.2993 653.4846 750.0656 755.8301 749.7969 712.1103 621.1783 674.2684 713.269 548.1169 549.014 646.6273 702.9994 668.5976 551.0557 535.7026 623.6952 633.9243 690.5282 784.6119 788.5537 663.1961 659.8602 479.3695 564.9608 674.8949 753.7341 864.1139 845.6976 791.4059 727.9197 755.8276 778.6313 713.7016 608.801 569.5997 550.9176 493.14 480.083 452.4268 440.2377 431.637 423.204 410.7779 394.4437 383.0325 382.648 371.6567 370.2292 365.3124 436.8699 365.1974
601.723 624.801 643.9749 614.2565 636.4055 553.4344 572.0522 541.7512 543.7263 531.8441 530.3115 543.7726 569.3861 547.7051 598.9208 662.9893 646.1702 688.1259 708.2313 655.7604 606.2764 640.153 629.8091 595.4225 671.4712 699.4659 614.7384 661.9092 633.8144 713.0442 765.1934 784.9402 744.8418 804.9316 686.2311 523.4789 498.3352 655.3892 784.9756 759.1531 683.813 638.8013 620.7927 653.6625 682.9778 701.6274 613.4734 536.5876 490.4243 478.2458 446.2384 471.2634 508.4352 473.5838 394.616 478.9048 583.8607 577.9573 548.6028 463.7946 381.9625 417.3393 441.6935 535.8218
612.324 564.3432 582.5054 549.9264 533.8401 534.8735 533.2125 525.4586 523.2696 527.3399 541.0215 538.1676 530.5154 517.9883 516.2476 578.4096 599.39 630.9703 565.4409 585.3231 587.8275 598.1528 581.1877 587.9326 590.0923 612.5493 637.2122 675.3015 749.4562 754.1351 700.1641 687.8724 633.7039 705.914 731.792 664.9292 585.483 484.7029 586.6948 550.4835 582.9571 678.2018 734.0226 736.0741 680.0656 663.408 581.8602 570.0543 604.0332 528.9159 489.5197 466.8697 432.06 426.6307 408.5151 455.1443 575.7306 641.4102 619.8531 509.8912 408.9558 401.1977 475.2229 514.5503
672.1091 550.6727 567.087 580.7786 570.8863 566.7839 564.3906 567.0049 576.2382 599.169 585.3126 546.1827 567.9482 575.2285 548.4197 514.5823 507.9639 585.0028 511.008 510.9645 496.1713 492.6523 519.8747 531.7526 540.5286 554.4935 557.2679 579.6952 629.9655 629.7928 574.6676 572.4781 520.9313 580.2064 612.2525 507.2812 486.6376 500.1977 547.9384 570.0999 612.2749 728.7946 777.2761 842.0052 777.0292 713.4639 751.8214 662.9649 685.4067 558.809 533.4188 495.872 467.3736 484.1023 433.515 438.5654 526.46 608.3826 640.3129 602.7907 473.7632 431.2189 435.5957 436.2596
567.6553 563.5575 571.9337 719.2355 687.5817 703.5451 707.2964 709.9855 669.2732 661.1543 617.546 555.0152 643.2565 641.0765 622.3177 561.3729 534.6667 508.8732 508.1791 597.2876 573.7454 517.5322 498.4618 489.286 527.2799 570.1038 549.8939 535.2861 574.7863 551.9252 510.7673 488.3376 503.7861 494.5502 483.5196 502.8273 516.6673 505.2621 568.465 589.916 678.1665 775.1048 844.9955 935.3929 866.6942 879.7042 808.2667 692.3539 692.0696 624.5984 586.9443 548.8764 545.9488 545.8065 515.1404 462.6664 515.8212 599.7717 677.7385 710.113 546.1409 456.5082 466.4437 452.5823
667.1858 738.2911 692.8569 816.3892 806.6489 841.7893 715.1262 638.7447 602.5685 577.0905 567.249 572.8262 624.9592 635.8781 589.1759 611.8741 599.3623 555.2574 596.6415 570.7856 602.6532 533.6357 549.7843 498.6111 483.9805 516.4313 579.7825 541.028 513.3895 492.7601 478.5964 501.8105 581.1472 594.7719 555.2538 571.3745 626.129 586.2968 562.2687 628.2443 701.3565 785.1754 916.8297 884.9141 945.1223 929.8534 852.4218 770.8839 807.8945 668.9929 694.546 617.4316 629.7237 613.4485 622.3512 572.7916 471.8369 593.498 565.5958 649.665 715.7295 594.0146 526.5542 474.3085
664.6816 793.978 828.0652 785.7594 695.4595 659.491 670.7939 665.1465 660.9811 647.6483 612.8162 587.1971 668.7549 749.3436 689.4194 665.9383 616.7033 677.689 668.0745 633.4183 564.0519 570.1465 623.0983 572.8303 490.0136 516.4096 509.9102 498.6712 492.1511 480.675 499.0708 511.6506 509.2502 569.7615 587.6624 650.4595 611.7015 661.783 679.8641 640.4978 657.8069 685.8056 758.3055 778.8931 886.6528 980.5684 910.6198 854.9 823.467 821.3015 745.6689 653.8947 755.7658 670.4443 703.6979 627.9319 498.0387 558.2249 647.1699 642.0991 684.2373 763.4284 644.8608 586.3143
697.9375 691.0499 766.4155 811.316 694.9067 774.0063 890.0486 761.6897 864.755 733.2231 693.7642 596.5043 635.9506 700.7726 705.9044 666.2084 677.9224 689.3517 627.303 568.0879 566.5068 638.5706 578.0145 518.1301 588.5506 568.0215 528.0862 491.3824 487.1615 512.6346 541.6922 547.6068 493.9494 551.8298 599.9239 603.5207 625.7986 640.5267 718.9694 819.584 849.726 796.6619 793.371 739.3264 804.2923 916.0481 1018.0023 953.418 880.3431 865.9399 847.2394 779.8806 805.3838 801.071 780.8177 654.9084 519.8881 615.8154 686.5648 689.4406 715.0396 760.108 755.4059 599.372
769.0419 785.8762 832.481 820.0789 759.9921 943.7467 987.5688 860.4705 838.8848 759.8867 694.8785 636.2483 613.5765 703.8486 722.2811 763.0729 689.1962 627.2303 582.8944 657.8343 617.4086 587.3655 569.5116 554.9962 575.4095 604.6 535.2958 577.2814 542.9326 544.6348 585.0049 580.8265 512.6527 522.7119 536.2445 562.996 608.462 642.2291 691.8323 811.396 866.3348 957.1523 955.4917 908.1547 855.4751 836.8772 967.4424 846.8631 846.1557 766.399 739.9308 709.3536 704.5012 626.0334 613.4025 586.7021 612.6639 707.4262 649.6391 715.1791 779.4224 716.713 593.9669 663.4673
