MapLib/Lvl1_5x5/BG/Ele_BG_FD.asc
ncols         557
nrows         557
xllcorner     1670500
yllcorner     3337669.448
cellsize      1000
nodata_value  -9999.0
[rows 0 to 25 of 557, columns 464 to 521 of 557]
-3535.0784 -3524.5864 -3520.8154 -3519.3174 -3516.9771 -3501.0691 -3479.8833 -3456.8979 -3437.5747 -3437.439 -3435.8572 -3421.3604 -3411.2117 -3406.7693 -3403.0063 -3400.5073 -3390.8069 -3378.0171 -3381.7117 -3389.7332 -3376.2798 -3362.7834 -3362.9397 -3359.6436 -3345.4138 -3334.6785 -3328.1587 -3324.0979 -3322.8843 -3323.6333 -3324.7217 -3313.0984 -3298.5574 -3284.9993 -3272.6157 -3268.0015 -3262.9248 -3256.8567 -3251.4385 -3247.186 -3243.8118 -3241.3408 -3228.7122 -3212.8789 -3204.3091 -3195.0488 -3176.1804 -3161.7935 -3164.8113 -3161.4355 -3139.5869 -3121.2397 -3110.2659 -3098.4575 -3087.1929 -3074.5234 -3064.4932 -3065.2178
-3563.2734 -3541.697 -3525.4275 -3515.4578 -3508.509 -3497.5112 -3485.6458 -3470.1499 -3455.3279 -3446.1238 -3435.9746 -3422.1218 -3412.5725 -3411.7053 -3407.1267 -3400.7869 -3393.1655 -3384.3914 -3384.2986 -3386.1914 -3379.4541 -3371.4011 -3367.5608 -3360.8418 -3347.7598 -3339.1694 -3337.2871 -3334.6882 -3331.4658 -3339.6384 -3351.4229 -3326.9929 -3296.4521 -3287.937 -3282.772 -3279.4619 -3277.0596 -3274.5898 -3269.5056 -3260.6143 -3250.2004 -3238.3708 -3224.5508 -3210.4492 -3199.8518 -3188.0537 -3170.3477 -3155.5332 -3151.1316 -3142.6836 -3122.8064 -3106.8047 -3098.5046 -3085.1658 -3069.2051 -3058.2097 -3051.6274 -3055.3916
-3589.2649 -3561.2539 -3531.2979 -3512.9773 -3500.9504 -3493.3772 -3486.9277 -3479.9468 -3471.3044 -3456.2759 -3441.2637 -3426.3933 -3417.803 -3420.0227 -3414.8411 -3403.9426 -3397.3887 -3392.958 -3389.032 -3386.4817 -3382.72 -3378.5959 -3370.8093 -3361.9175 -3348.8445 -3341.8074 -3343.291 -3342.2578 -3339.5559 -3351.9312 -3370.6389 -3339.4045 -3299.7415 -3297.2446 -3296.6938 -3293.5791 -3291.1941 -3290.4775 -3283.8601 -3268.1223 -3252.377 -3236.2195 -3220.7295 -3206.6299 -3197.4253 -3187.6692 -3169.8442 -3152.1985 -3140.9817 -3127.6433 -3110.4753 -3096.7502 -3089.7571 -3075.124 -3056.3738 -3046.46 -3041.8391 -3045.6982
-3610.1953 -3583.8877 -3542.4761 -3515.1575 -3496.6482 -3486.2322 -3479.8535 -3481.3938 -3482.4241 -3469.23 -3454.46 -3437.0264 -3429.032 -3435.9558 -3428.4055 -3410.688 -3403.7678 -3403.8196 -3399.3335 -3393.3076 -3388.0527 -3381.7935 -3372.5483 -3361.5322 -3347.8313 -3341.1167 -3343.5823 -3344.4348 -3344.0471 -3355.3584 -3372.2188 -3347.2383 -3316.8867 -3317.959 -3319.1638 -3311.0991 -3304.9854 -3303.5051 -3290.9458 -3262.9294 -3244.6455 -3233.9954 -3217.1653 -3197.8972 -3199.353 -3200.3108 -3178.0374 -3153.761 -3137.3005 -3122.2974 -3107.8796 -3095.9426 -3086.9585 -3073.9097 -3057.3108 -3045.3491 -3037.1252 -3039.1729
-3614.7329 -3598.7107 -3569.7009 -3535.7366 -3500.999 -3483.1587 -3474.1677 -3481.6431 -3489.9651 -3481.0337 -3469.075 -3450.9578 -3442.9595 -3449.8442 -3441.4592 -3419.2236 -3412.699 -3415.3853 -3409.6282 -3400.9294 -3393.0044 -3385.9924 -3378.146 -3368.0442 -3349.4241 -3339.4814 -3343.5823 -3346.6953 -3348.6882 -3356.3149 -3367.0957 -3351.0369 -3330.6584 -3329.6968 -3327.8542 -3315.7764 -3304.8325 -3300.1257 -3285.8577 -3259.7849 -3242.4453 -3233.0498 -3217.969 -3201.262 -3201.2185 -3200.9399 -3178.7417 -3154.5474 -3137.1177 -3121.5425 -3108.8083 -3097.3416 -3086.9836 -3072.645 -3055.7134 -3045.1221 -3037.7339 -3037.6394
-3600.0066 -3603.8735 -3615.5083 -3577.071 -3514.8909 -3484.0273 -3470.2312 -3480.6284 -3493.0796 -3490.3098 -3482.9785 -3467.0322 -3458.4771 -3462.2102 -3451.4407 -3429.9224 -3424.1353 -3426.832 -3419.4412 -3409.2615 -3399.241 -3390.3884 -3389.8745 -3382.2375 -3352.5635 -3337.3418 -3343.1643 -3348.2839 -3352.3154 -3355.0271 -3356.0852 -3349.4197 -3341.1841 -3331.5364 -3320.6062 -3304.6541 -3289.5156 -3277.2717 -3267.281 -3259.533 -3247.833 -3233.6082 -3224.3008 -3216.9856 -3203.2017 -3187.4988 -3170.7109 -3154.0046 -3139.189 -3125.2329 -3113.6357 -3101.1086 -3088.0928 -3071.4775 -3052.0503 -3044.7717 -3044.0234 -3042.4111
-3608.0278 -3607.698 -3623.291 -3591.1956 -3536.9009 -3504.8101 -3484.9897 -3485.7334 -3491.1382 -3491.2046 -3487.7957 -3474.1926 -3465.6631 -3464.7332 -3458.5935 -3447.6118 -3441.5515 -3438.5276 -3430.4719 -3420.825 -3407.772 -3395.4946 -3396.126 -3390.3911 -3367.0132 -3351.1394 -3346.4543 -3345.5654 -3348.5066 -3352.4883 -3358.1338 -3350.3096 -3339.8806 -3329.48 -3316.3464 -3295.3848 -3277.3044 -3268.3381 -3261.4675 -3257.7905 -3250.6809 -3239.8928 -3231.1907 -3222.9031 -3204.6843 -3185.8015 -3172.6306 -3159.958 -3143.6819 -3128.8948 -3118.0786 -3105.2866 -3087.7791 -3071.6477 -3056.2288 -3051.7339 -3052.6042 -3052.9016
-3632.5647 -3610.6775 -3602.8091 -3586.5325 -3564.7688 -3538.5679 -3512.2271 -3495.9216 -3484.1355 -3485.9097 -3485.4688 -3475.2253 -3467.0918 -3461.4626 -3462.9695 -3470.5642 -3464.1013 -3449.9143 -3441.6782 -3434.6663 -3417.6504 -3401.0085 -3397.6179 -3393.6189 -3388.4885 -3374.9556 -3351.5605 -3340.1646 -3338.4934 -3350.6824 -3368.3586 -3352.5503 -3331.0439 -3324.26 -3314.2268 -3287.1736 -3268.2209 -3268.5273 -3264.8784 -3255.5894 -3250.9897 -3250.2944 -3238.4343 -3220.45 -3206.0752 -3192.6829 -3182.4395 -3170.1011 -3149.3503 -3131.354 -3123.0393 -3108.7571 -3085.9045 -3072.584 -3066.2385 -3063.4382 -3062.6726 -3067.5532
-3667.8467 -3640.3181 -3620.5256 -3602.4316 -3584.7485 -3556.9248 -3525.2451 -3499.3992 -3478.4282 -3475.2251 -3473.1753 -3471.5295 -3467.7813 -3460.9346 -3462.512 -3471.3123 -3465.0457 -3450.8804 -3442.4214 -3435.8804 -3423.5894 -3411.1394 -3404.7915 -3398.7993 -3394.3225 -3386.2466 -3371.0894 -3357.147 -3343.3674 -3346.9619 -3358.3459 -3346.7566 -3331.3701 -3326.6379 -3317.282 -3288.9573 -3268.7197 -3269.2788 -3265.0898 -3253.5789 -3246.1934 -3243.344 -3231.1587 -3214.9155 -3205.3403 -3197.0715 -3189.1326 -3177.5386 -3154.0137 -3137.4331 -3137.801 -3132.6484 -3119.3311 -3112.6006 -3111.1582 -3116.8364 -3125.9736 -3133.606
-3706.9207 -3678.1226 -3651.3723 -3626.5659 -3602.7134 -3569.2053 -3533.1702 -3500.8315 -3473.1614 -3462.0562 -3457.6357 -3465.8225 -3468.4321 -3461.9343 -3460.3835 -3463.3635 -3458.4216 -3448.5889 -3439.9507 -3431.7427 -3427.5447 -3422.4309 -3413.4932 -3405.0564 -3395.8972 -3392.3096 -3395.5608 -3381.2502 -3353.4897 -3343.6348 -3340.3379 -3337.5327 -3335.6921 -3331.5195 -3323.0217 -3294.8472 -3272.8013 -3269.7405 -3263.5286 -3250.6011 -3239.8789 -3230.0674 -3218.8008 -3207.7156 -3203.5356 -3200.8999 -3195.0215 -3183.4541 -3158.7939 -3144.3652 -3156.3359 -3164.207 -3165.061 -3166.5208 -3167.7109 -3185.0894 -3207.6067 -3219.0381
-3726.7676 -3698.3884 -3674.3105 -3649.1013 -3622.4624 -3587.835 -3549.2063 -3510.1997 -3475.3582 -3464.6487 -3460.3289 -3470.1404 -3474.6296 -3470.8059 -3473.0215 -3480.6965 -3473.6694 -3457.8074 -3439.9404 -3422.6951 -3422.4067 -3422.481 -3410.7349 -3400.3862 -3395.2891 -3390.7373 -3387.6934 -3378.1069 -3362.3022 -3351.7397 -3342.8123 -3338.5161 -3335.6262 -3329.6711 -3320.0903 -3295.8682 -3277.4783 -3274.6462 -3266.9395 -3249.9917 -3237.2502 -3227.4387 -3216.1719 -3205.0288 -3199.7993 -3196.1743 -3195.3596 -3191.2212 -3174.8972 -3163.6995 -3165.262 -3169.8496 -3177.3853 -3182.5776 -3185.8384 -3206.0083 -3231.8362 -3242.7227
-3743.8225 -3716.0674 -3695.2527 -3668.9104 -3640.1636 -3605.0593 -3566.8442 -3520.6785 -3479.2017 -3469.0049 -3465.8699 -3475.8926 -3482.0977 -3480.2488 -3486.3027 -3497.2141 -3487.9343 -3467.167 -3440.6655 -3414.1018 -3415.9658 -3419.1868 -3406.5266 -3396.9565 -3394.2451 -3387.9504 -3376.2612 -3370.7888 -3370.3035 -3361.5332 -3348.4512 -3341.2993 -3335.4868 -3327.3105 -3316.9988 -3296.7241 -3281.9988 -3279.1206 -3269.7725 -3249.6838 -3235.3535 -3226.9502 -3215.4846 -3203.8247 -3196.5752 -3191.9919 -3194.9897 -3197.1831 -3189.7402 -3181.115 -3171.9958 -3171.2366 -3182.7361 -3189.9155 -3194.7832 -3220.0969 -3250.6287 -3256.6873
-3760.4978 -3733.6809 -3703.8892 -3675.4934 -3647.0313 -3616.3354 -3582.0959 -3532.3264 -3486.9934 -3475.1904 -3471.7302 -3483.897 -3491.8362 -3493.3308 -3492.095 -3487.4731 -3478.1541 -3466.522 -3441.4282 -3415.1738 -3410.3425 -3408.6787 -3409.5308 -3407.0537 -3396.7065 -3385.2429 -3371.8469 -3368.8733 -3375.0107 -3368.0742 -3355.7512 -3345.9268 -3336.3992 -3328.2229 -3318.5212 -3301.6514 -3287.8123 -3280.5667 -3268.8604 -3250.9082 -3237.7327 -3227.2446 -3216.7258 -3206.4548 -3200.5596 -3196.9587 -3195.0027 -3192.0881 -3187.4397 -3181.4883 -3174.7568 -3170.6731 -3169.0732 -3175.0376 -3186.2881 -3233.1389 -3285.5002 -3265.0811
-3772.947 -3746.4321 -3714.0537 -3682.7947 -3652.9226 -3627.6355 -3599.8684 -3550.4551 -3503.0725 -3489.3665 -3482.6467 -3489.8789 -3495.5671 -3498.1675 -3491.853 -3476.2466 -3467.4526 -3461.9673 -3442.4712 -3420.3748 -3409.0996 -3401.3621 -3412.8928 -3417.126 -3399.3306 -3384.4714 -3373.1433 -3371.0378 -3377.2346 -3370.8718 -3357.6975 -3346.7942 -3335.8442 -3327.668 -3318.4077 -3305.4812 -3293.4893 -3283.3904 -3270.51 -3254.6958 -3241.2485 -3229.3555 -3219.0657 -3209.7332 -3204.6436 -3201.1038 -3194.0171 -3187.5581 -3184.0652 -3181.2817 -3178.9133 -3173.1719 -3162.9861 -3164.512 -3177.2397 -3233.4668 -3296.426 -3255.9421
-3773.5352 -3748.0928 -3729.1252 -3698.8562 -3663.8594 -3643.4585 -3625.6118 -3584.7271 -3543.0269 -3522.5251 -3504.9536 -3492.5916 -3483.5977 -3480.5586 -3476.4404 -3471.2222 -3462.843 -3451.7822 -3442.7922 -3434.6196 -3420.0586 -3408.5815 -3418.0942 -3420.0566 -3400.9526 -3389.2876 -3387.5667 -3383.5811 -3376.2476 -3362.2424 -3346.0955 -3336.9365 -3329.7747 -3321.6274 -3313.5396 -3305.9695 -3299.3826 -3293.032 -3281.1377 -3262.4031 -3246.22 -3232.8389 -3222.0896 -3213.0037 -3207.7815 -3202.739 -3195.2017 -3188.2883 -3184.6494 -3184.2495 -3188.1001 -3187.877 -3181.2573 -3175.1145 -3169.312 -3199.0215 -3234.0688 -3196.4666
-3781.1865 -3755.4946 -3743.0972 -3713.8345 -3677.2004 -3661.2449 -3649.7434 -3617.8787 -3582.7375 -3556.8921 -3529.5605 -3497.7678 -3475.592 -3469.0896 -3466.9104 -3466.8127 -3455.7346 -3439.3962 -3438.4338 -3440.9556 -3429.4431 -3417.9246 -3420.75 -3418.4194 -3400.134 -3390.613 -3392.9429 -3386.3306 -3372.6736 -3356.3596 -3339.5581 -3332.0337 -3325.6875 -3317.5403 -3310.0625 -3305.1582 -3300.9595 -3298.3914 -3287.6763 -3267.6755 -3251.2761 -3238.5635 -3228.2598 -3217.9104 -3210.9077 -3204.0789 -3196.0188 -3189.1055 -3185.6848 -3186.6221 -3193.0647 -3195.5139 -3191.5664 -3182.657 -3170.8726 -3175.45 -3181.9211 -3150.5205
-3803.3298 -3775.0967 -3754.0254 -3725.9075 -3695.0872 -3679.7351 -3668.3921 -3643.9973 -3616.8289 -3588.9751 -3556.9319 -3508.6782 -3477.6211 -3474.7148 -3469.5688 -3462.9214 -3445.1968 -3423.0889 -3424.1553 -3432.9697 -3431.9775 -3428.9067 -3418.6597 -3408.0938 -3395.4736 -3385.0459 -3378.1318 -3371.7354 -3364.9814 -3356.3289 -3346.6665 -3336.0525 -3325.4868 -3317.3105 -3309.6226 -3301.5981 -3295.7048 -3294.614 -3286.3193 -3266.9536 -3254.5964 -3247.8284 -3237.7803 -3226.6826 -3216.1299 -3206.2876 -3196.4761 -3188.8193 -3185.7332 -3185.9021 -3189.915 -3189.2461 -3180.7703 -3181.7832 -3188.8296 -3179.8606 -3162.6494 -3135.6619
-3823.5234 -3797.1831 -3771.7373 -3742.3125 -3712.4739 -3696.0535 -3682.7083 -3659.6675 -3635.0095 -3616.156 -3587.7078 -3531.3369 -3494.6145 -3489.0671 -3476.939 -3459.4683 -3438.7505 -3417.1064 -3418.1667 -3425.9087 -3429.4739 -3430.4458 -3415.1895 -3401.1802 -3390.5886 -3378.3992 -3365.4939 -3358.6162 -3355.9072 -3351.5928 -3345.8103 -3336.9187 -3327.5703 -3318.5107 -3310.2783 -3300.126 -3292.7441 -3291.5193 -3283.583 -3268.7402 -3259.0569 -3255.7144 -3245.04 -3231.2764 -3218.8557 -3207.2271 -3199.3721 -3192.6926 -3189.7971 -3188.1858 -3189.7144 -3187.6062 -3180.6184 -3181.8262 -3190.7061 -3176.5505 -3153.1211 -3130.3977
-3840.2412 -3821.2847 -3798.772 -3765.6321 -3729.1426 -3709.1711 -3692.7729 -3662.9243 -3635.6294 -3636.3945 -3624.571 -3568.7312 -3528.2778 -3512.4763 -3488.1323 -3456.573 -3436.7576 -3424.4119 -3421.1355 -3420.2441 -3421.2373 -3420.905 -3409.6472 -3398.47 -3385.6492 -3371.3835 -3356.8418 -3348.8047 -3345.6892 -3340.146 -3333.605 -3332.1848 -3330.9346 -3322.0203 -3312.4849 -3302.6711 -3294.0508 -3288.3147 -3281.667 -3273.0708 -3266.3411 -3262.2554 -3248.29 -3231.2109 -3217.9958 -3207.8174 -3205.1733 -3203.0798 -3196.4326 -3191.6165 -3192.9849 -3193.0762 -3192.7573 -3185.0139 -3172.5337 -3163.0706 -3153.1968 -3134.3806
-3844.5313 -3827.8435 -3814.1086 -3781.8286 -3742.1609 -3720.9395 -3704.6924 -3676.843 -3650.3953 -3648.261 -3637.0737 -3592.126 -3556.4731 -3535.5564 -3504.7275 -3465.113 -3444.2634 -3434.4385 -3428.1682 -3422.9592 -3417.7112 -3411.6719 -3404.0828 -3396.6145 -3385.948 -3374.1282 -3361.1025 -3351.7871 -3345.7073 -3337.8601 -3330.1985 -3329.2996 -3329.4097 -3320.4956 -3310.5503 -3302.9641 -3295.9124 -3288.5022 -3282.0305 -3277.6262 -3270.7805 -3262.2468 -3249.0569 -3234.4185 -3223.9622 -3216.019 -3212.4417 -3208.8237 -3203.4651 -3198.9912 -3198.0503 -3197.2971 -3196.4199 -3184.5227 -3164.2275 -3161.3535 -3163.9885 -3149.2258
-3840.9736 -3823.0168 -3822.4766 -3794.2698 -3752.6531 -3731.3604 -3717.0972 -3696.8323 -3674.7813 -3654.5845 -3632.854 -3605.7568 -3580.7471 -3558.3965 -3524.8936 -3481.6626 -3457.446 -3444.947 -3437.1309 -3430.5945 -3416.6865 -3402.8032 -3398.7683 -3394.8511 -3389.9268 -3383.0347 -3373.2119 -3362.4807 -3351.0525 -3340.8086 -3331.0063 -3327.541 -3324.5039 -3315.5898 -3306.8955 -3303.9775 -3298.7703 -3290.5999 -3285.1606 -3282.436 -3273.3286 -3258.6345 -3247.7275 -3238.7158 -3234.512 -3229.1516 -3219.9941 -3212.0942 -3209.9783 -3208.1619 -3203.3687 -3199.4731 -3194.5813 -3181.6926 -3162.8481 -3168.1133 -3181.2878 -3172.0779
-3844.7903 -3828.3389 -3830.7268 -3804.0928 -3764.6123 -3745.0295 -3730.5911 -3703.2446 -3676.0425 -3660.2769 -3642.3147 -3612.5125 -3587.7307 -3570.665 -3536.4412 -3488.9253 -3463.7122 -3451.8723 -3440.8191 -3430.0859 -3419.5212 -3409.2881 -3398.6292 -3390.1963 -3388.7126 -3384.5042 -3376.4368 -3366.1453 -3355.052 -3345.2019 -3336.4199 -3330.6597 -3325.0139 -3314.7378 -3304.7839 -3300.7188 -3295.5366 -3287.4377 -3282.1973 -3280.562 -3274.1733 -3263.8777 -3254.2148 -3245.8765 -3241.9653 -3237.7134 -3227.5447 -3217.9924 -3214.8245 -3211.2578 -3206.8188 -3199.9202 -3189.6851 -3178.9609 -3168.0203 -3169.5313 -3174.6536 -3165.2166
-3853.0012 -3838.0334 -3838.6194 -3812.7603 -3775.0574 -3756.8357 -3742.4419 -3705.7197 -3669.6216 -3665.6384 -3654.2771 -3615.0378 -3586.8936 -3575.2915 -3542.9185 -3492.6692 -3467.8984 -3457.7781 -3443.178 -3428.6843 -3425.1487 -3421.0059 -3401.9341 -3387.6497 -3387.0537 -3383.8237 -3375.9463 -3367.6677 -3358.3088 -3349.9548 -3342.9807 -3334.928 -3326.5464 -3314.5571 -3303.7722 -3297.2373 -3290.9521 -3282.9441 -3278.3733 -3277.4507 -3274.6306 -3270.9744 -3262.678 -3252.2583 -3248.0781 -3244.5557 -3234.8198 -3224.8042 -3218.7981 -3213.3533 -3209.1826 -3200.5068 -3186.0034 -3178.0286 -3175.3127 -3169.1628 -3161.1045 -3150.8445
-3870.175 -3853.5066 -3843.1396 -3810.2588 -3768.0215 -3753.6082 -3746.0647 -3709.9268 -3673.3274 -3665.1296 -3650.2109 -3607.0955 -3575.3015 -3559.9094 -3531.9663 -3492.6799 -3472.0691 -3462.3 -3452.0835 -3442.6262 -3440.9009 -3438.5266 -3420.3755 -3404.6899 -3397.106 -3388.075 -3376.6296 -3368.2283 -3363.0032 -3354.3616 -3343.2417 -3335.1838 -3328.2742 -3318.2991 -3308.1077 -3301.5591 -3294.1257 -3288.3848 -3282.8491 -3278.2617 -3274.6306 -3271.4421 -3263.3232 -3253.6472 -3249.3018 -3245.5562 -3237.9194 -3230.1743 -3225.0403 -3220.7944 -3215.8887 -3208.5688 -3199.8198 -3192.1174 -3184.8682 -3171.679 -3158.2212 -3156.2786
-3888.1628 -3868.928 -3847.1689 -3807.2786 -3760.6885 -3748.4417 -3744.1711 -3710.9822 -3675.6565 -3660.627 -3639.7537 -3595.2476 -3560.4121 -3541.2917 -3517.7661 -3491.4724 -3475.4395 -3466.0928 -3461.0908 -3457.0605 -3455.6619 -3453.0547 -3437.926 -3422.5107 -3406.873 -3391.5623 -3376.5361 -3370.105 -3369.345 -3358.3696 -3343.5935 -3336.4514 -3331.1477 -3323.1091 -3314.811 -3307.0994 -3299.8657 -3294.1042 -3287.46 -3279.5083 -3273.9963 -3269.4695 -3261.9773 -3253.2639 -3249.084 -3245.917 -3240.0854 -3235.0049 -3231.5371 -3227.8477 -3223.0322 -3219.0518 -3217.0996 -3208.2642 -3193.311 -3174.5911 -3157.2317 -3162.3459
-3895.4485 -3876.0579 -3850.2349 -3812.3245 -3770.0022 -3749.5168 -3733.7158 -3700.5852 -3666.387 -3646.8879 -3622.5461 -3578.6733 -3546.5227 -3531.7981 -3513.032 -3492.5833 -3477.6113 -3466.4595 -3461.2024 -3457.1409 -3455.1792 -3451.7209 -3437.7378 -3421.9036 -3401.8762 -3385.9211 -3377.4023 -3373.5117 -3374.5117 -3364.9443 -3351.3379 -3344.5417 -3338.5955 -3331.2893 -3323.0942 -3314.8096 -3305.7107 -3296.8516 -3287.3591 -3277.2686 -3269.9026 -3264.1777 -3260.3557 -3256.0698 -3251.7659 -3247.1492 -3243.3486 -3238.8152 -3232.8875 -3228.9275 -3229.6162 -3229.8511 -3228.2158 -3216.4612 -3196.3752 -3174.8889 -3154.0984 -3151.4309
