MapLib/Lvl1_5x5/BG/Ele_BG_EF.asc
ncols         557
nrows         557
xllcorner     2784500
yllcorner     3894669.448
cellsize      1000
nodata_value  -9999.0
[rows 0 to 27 of 557, columns 189 to 251 of 557]
424.5661 448.6461 411.3583 349.9059 375.1427 352.3029 318.2891 337.7845 285.516 285.6162 281.6724 228.7543 223.4993 190.5014 174.1048 154.9633 180.1392 183.859 136.5659 109.6896 124.4752 125.413 130.7065 103.799 101.5916 91.098 88.2264 87.6485 114.1348 129.0944 111.4593 115.4432 104.799 104.8669 95.8874 100.2025 101.4201 105.6829 112.0611 122.3983 130.1461 142.0153 158.162 155.9388 179.96 237.007 225.2608 277.5198 470.9758 486.3311 538.4238 532.775 443.4049 387.1954 434.4861 403.1292 357.3481 303.7655 264.9408 258.5954 267.7263 287.308 337.3029
365.2228 410.1996 373.2832 318.7805 345.0604 320.457 290.584 298.6373 244.1263 250.4056 227.0803 185.4856 177.5751 174.2341 196.3329 198.9597 160.5942 130.7673 132.9624 119.2354 107.23 127.4223 107.3186 125.54 115.2597 101.6131 129.8729 124.8822 153.3712 198.4823 191.3003 192.0245 196.8219 131.1862 108.5466 103.5195 108.5377 124.5133 152.0969 163.8756 201.4607 224.8415 263.5156 210.0549 222.3689 270.9069 249.1123 292.4348 407.9267 457.5284 421.9396 415.5662 408.9807 342.8764 315.1977 340.4351 299.2458 275.4341 264.8408 271.6099 297.3047 350.7271 432.136
359.7666 373.4576 333.4108 273.8483 305.1723 323.212 293.3397 244.8425 237.2418 227.3625 238.9756 254.2987 206.7269 245.8407 215.6385 163.7126 146.8648 143.0717 178.6661 164.4771 156.1038 166.8606 136.941 115.0059 100.7884 115.5423 162.1174 168.2267 193.7801 168.08 205.6729 247.2989 169.1138 125.2891 136.0952 121.4787 131.0659 152.8459 177.4663 204.6201 236.1115 304.6926 395.909 360.1302 285.3248 310.0909 291.5861 313.5035 349.8383 413.6957 387.4948 345.4172 321.4737 294.4966 287.1695 283.6773 274.9394 280.1237 307.795 347.194 365.0428 405.4721 472.6266
375.6588 418.7094 333.8171 258.4337 272.7391 281.1818 302.4216 268.2668 261.7052 268.1952 281.0359 246.5895 227.4337 197.819 174.1104 194.6668 171.9127 159.6607 214.3646 203.5402 197.8216 168.3099 181.4408 126.3899 124.0489 108.0788 154.2289 172.0675 194.6697 201.2984 253.446 186.3478 151.1778 155.729 164.8529 168.6978 185.4444 208.6411 225.2179 313.833 242.0111 393.0421 460.2478 393.8629 325.1122 254.5013 353.1346 405.83 465.7868 403.6179 329.1497 344.0303 322.3624 307.6546 297.8103 322.7629 318.2262 314.5987 306.2728 318.4966 329.1031 378.963 396.9095
436.9739 375.8368 245.9736 257.1318 300.5168 314.6982 376.7718 377.4097 357.6066 301.792 275.6055 275.5289 257.3175 235.2348 290.1658 237.4035 183.3342 204.5726 183.7833 197.2299 209.5709 159.4628 128.327 150.597 159.7041 127.3795 140.4831 184.6153 273.8432 230.7064 210.4827 200.5588 210.6065 229.7706 210.4149 255.3018 290.6204 324.0834 381.315 425.0791 412.7037 360.1932 453.9081 476.0131 424.1067 488.2649 360.1403 385.463 456.2702 384.9421 363.0264 345.8026 318.7267 379.3102 342.7166 322.8557 313.81 334.837 307.4292 294.7811 286.9517 271.3251 268.8034
338.6373 273.8544 226.0405 301.6924 374.558 373.9333 393.1934 379.4499 357.4644 319.859 339.3846 299.0846 289.6324 290.053 284.303 221.8721 226.512 277.4198 258.6536 182.3828 152.7763 147.5421 190.842 193.7934 183.1998 147.2011 169.6464 222.2444 290.9785 235.6862 281.95 268.8308 292.2186 328.6257 336.9271 326.4147 333.3219 316.0532 375.0294 443.892 503.1178 504.6026 466.5267 525.4903 560.2049 558.1279 488.9789 386.6458 437.6811 419.2409 457.0648 385.8091 404.4038 442.8272 402.9005 350.7565 321.6241 292.6722 274.8063 259.6408 251.3059 242.5035 236.5392
234.4763 210.2926 251.9334 273.4771 293.0351 295.5141 272.2917 269.0079 285.7898 295.892 333.716 340.2052 287.2192 244.8333 237.6635 237.6519 279.2428 341.6143 235.3797 192.4586 194.2301 178.0074 248.3702 264.0018 235.6657 180.4283 193.3379 201.0227 284.0399 311.104 323.381 352.1169 362.8158 411.8377 431.8011 479.6931 521.2825 568.4722 522.7762 617.7896 672.462 680.1566 628.1284 692.9866 661.7303 592.4644 483.6201 534.3755 469.8714 508.2179 461.2699 481.7054 492.3192 447.5721 367.8929 341.2552 323.4168 293.2906 285.1896 276.5004 266.3658 256.8292 245.144
189.2955 209.2409 218.6035 215.4688 225.3867 231.4939 260.2227 279.3851 308.2457 308.9782 333.3233 345.4599 299.8154 304.1702 281.5057 244.0981 230.6128 221.3162 206.7086 196.0676 270.813 200.6435 251.415 258.0391 298.7355 328.2468 314.3032 229.5505 186.0977 307.839 329.7267 309.3358 236.5074 304.2886 447.3383 508.2298 539.3073 615.318 678.5804 720.7163 757.8859 778.7513 759.8169 745.3187 721.9155 559.361 568.8833 578.8893 559.0089 517.7132 501.2263 518.2553 440.6986 412.7948 394.2116 346.2422 327.8808 336.3239 321.6494 311.201 300.5973 295.5884 291.8192
177.9753 187.1761 190.6421 236.3664 241.6015 233.0027 247.9169 270.8725 282.9783 347.7285 499.8376 488.9417 410.1972 399.1253 334.235 300.1314 297.7707 263.034 232.1966 283.6273 266.9236 240.641 324.3902 426.14 333.4266 317.7325 302.5878 267.9928 252.7201 211.2841 203.2393 228.7995 263.2179 386.3842 446.8058 491.4061 557.0623 617.0359 645.1237 675.9569 755.8824 824.3138 807.6972 784.6229 771.7514 688.8121 646.4644 583.3799 592.995 538.4772 520.436 505.8399 471.718 426.8736 388.8767 437.4484 470.5186 472.677 455.1313 475.789 438.4974 440.6796 468.2776
203.1243 219.6272 220.8249 217.613 234.065 243.6913 254.0238 281.2576 305.4275 336.022 394.3992 452.9456 518.2833 456.9648 394.3159 361.7939 311.8736 271.3172 254.191 336.0945 427.7424 390.033 367.8022 353.0887 366.84 458.5007 422.6931 409.6174 339.9751 373.9396 339.8045 226.0434 354.1758 450.1087 435.2466 465.8216 560.2925 585.2148 658.2382 668.8506 697.6703 636.1771 713.173 634.6224 644.7504 661.5797 636.1613 612.9327 566.3068 502.1193 453.0566 390.7825 428.9637 464.9182 547.6662 633.6781 687.8358 726.4359 676.6298 753.9103 722.0468 742.9226 688.519
232.6463 254.7262 258.8768 270.9535 246.446 272.9373 285.2664 316.9216 354.4596 343.8688 402.2674 467.1266 566.5984 504.4767 514.7567 510.3826 413.5616 341.1095 345.0746 298.3961 318.9857 439.579 406.1136 412.3145 470.942 459.3056 498.8784 482.8178 543.9415 509.8022 427.7023 282.2281 238.7516 316.1166 414.4895 478.7804 550.2459 472.2971 495.4721 522.6046 510.8889 573.0942 556.3397 584.4351 623.3445 571.4727 541.2915 511.7273 481.0313 465.601 492.2824 523.8074 603.0973 647.8478 734.714 793.4496 856.3644 758.7198 739.0449 750.9175 725.6289 727.3414 683.8798
274.2093 240.5443 245.0802 261.4636 295.0329 295.2916 322.9603 323.1304 372.2513 437.6362 596.1669 573.1105 616.3748 714.7336 678.4492 627.3776 459.2894 365.091 445.5523 438.1462 437.3257 506.9597 468.2366 453.6235 586.3266 652.2246 737.7372 769.276 726.8336 565.7596 508.727 343.2251 244.6683 288.6606 305.8257 451.6143 360.0763 442.9766 447.1063 471.9821 548.7761 588.5408 568.6789 629.3669 634.0502 647.0217 650.2054 644.7908 639.3393 672.0887 639.5613 638.9063 721.6083 658.7478 637.5688 580.1997 663.6711 685.4816 566.3121 722.9485 600.5558 656.3732 710.1899
211.6611 216.5587 262.6252 274.1338 275.1109 288.9731 316.2755 346.6447 408.9491 478.2207 488.4968 552.0753 644.3785 585.4265 600.9084 637.0454 499.0083 525.2834 512.6395 536.0247 552.7498 516.597 489.7505 621.5274 730.6325 882.3748 902.7263 728.272 594.4409 488.863 356.2057 283.1196 267.9306 305.2915 407.479 418.8431 508.7986 595.0887 647.2123 652.3048 588.5231 682.1627 628.4946 733.8474 796.1732 834.8937 796.9233 786.2836 761.5471 809.8069 793.8177 834.4753 773.7489 740.0529 643.4407 508.2593 497.1191 594.1782 502.0992 612.6001 560.244 505.6667 571.2299
221.7333 265.3219 243.6261 260.8119 281.9639 321.8134 369.5932 351.5235 420.7104 500.7901 626.7063 626.3755 550.4704 471.095 591.1009 725.1639 716.6235 635.8308 634.3784 674.9415 634.795 610.9694 575.6815 635.1948 710.0501 843.0385 802.7715 599.9666 464.3039 349.3071 313.4184 290.7291 314.9965 396.3011 433.9321 534.2004 620.3923 678.2982 726.0109 771.4615 767.6807 743.4218 750.1613 874.5853 956.2213 923.3152 779.0901 741.3807 803.9357 768.3712 655.6916 707.0041 786.1971 722.1099 565.5607 495.2776 420.4818 433.4995 424.5639 449.2531 440.984 418.4592 404.2567
263.7539 306.6383 320.8837 324.6546 380.5294 385.7427 407.0053 395.5565 435.5714 539.7909 704.2537 652.0405 491.1057 395.2007 538.9131 685.1537 612.334 557.7198 571.7985 548.2885 522.695 570.0262 553.2791 565.3388 628.9022 646.2279 617.093 525.9404 395.4061 377.2024 350.2628 412.2178 365.4169 406.8084 578.288 591.5396 642.9267 671.5861 693.9429 678.7877 765.046 835.2669 796.3422 863.7521 771.712 671.1558 612.9064 584.7085 590.6408 564.0905 497.6838 479.6723 618.8248 543.1514 456.286 428.083 380.3804 348.4341 345.5812 337.1455 339.002 354.8414 334.1814
307.1601 363.5598 376.843 341.5859 409.2398 408.8025 520.1043 504.85 493.8561 556.421 645.6375 498.0289 457.5432 350.4554 418.008 487.9484 456.8611 423.1136 445.1774 424.1522 420.8709 435.8701 455.1364 446.647 503.5499 516.7827 471.0591 485.9682 494.7948 537.5359 442.9654 462.0478 456.479 411.7786 492.8541 599.0959 793.3088 802.1959 704.0956 611.4647 607.0311 641.287 640.1344 642.1321 589.6683 517.4643 516.7409 421.5709 390.4931 429.638 381.4671 378.1921 379.2993 341.7985 339.95 364.9117 319.6114 275.4504 254.0072 248.932 252.6272 248.7461 249.952
312.311 348.8973 353.0504 420.5132 491.4806 562.3572 633.4645 624.1268 607.3226 581.1965 469.5834 411.4809 368.4796 343.7226 324.7061 357.3253 350.1367 320.5623 338.6626 336.2419 373.378 358.3612 374.7754 397.2691 417.2455 388.1342 470.4015 520.9588 571.2586 522.8234 484.0791 495.9608 535.1824 490.1477 577.7256 752.1911 791.017 698.0739 641.0844 630.4507 498.5312 461.5491 482.954 497.3691 443.2691 418.584 375.205 374.9516 338.2276 300.4227 281.6089 282.5103 268.9719 254.7146 258.0787 279.8607 289.7565 268.6171 235.9005 227.4031 222.1281 221.7545 226.6617
239.143 294.6121 372.924 488.5305 519.0981 570.2903 623.0866 486.2857 440.4913 441.1999 361.455 304.3693 270.6647 267.2106 276.2573 280.9394 276.8291 289.017 308.1471 312.5617 355.1639 347.4112 354.9595 371.1713 388.8223 381.9439 413.4478 498.8341 543.992 609.2305 613.7264 681.727 702.3412 694.8597 774.5253 783.8773 667.0145 603.442 633.5719 530.4956 453.7405 389.7414 391.9894 382.8489 342.6445 321.9509 338.7703 301.2365 278.6399 254.0059 240.2917 238.8527 230.1885 223.6383 220.0292 225.8002 229.6762 227.1385 218.8322 217.2493 234.5596 216.8838 232.4125
275.8683 281.1965 411.8001 439.7775 586.0358 633.5552 535.5789 455.0543 365.2596 316.4877 267.4912 236.5844 234.7157 242.1699 250.1358 263.173 281.353 330.1422 376.62 348.1489 359.2934 365.2106 414.4916 508.0039 469.2495 446.5666 508.188 594.6537 708.1183 725.0098 782.9413 891.5457 914.9711 915.5652 941.7802 785.7946 650.7221 574.2236 527.0847 448.454 421.5762 360.6379 331.9962 317.8637 298.0165 283.1988 285.4812 261.4593 250.8104 249.1 244.8488 240.1368 235.2698 228.781 224.1262 217.5301 216.8209 208.7186 230.1144 208.8428 217.5902 229.3075 197.852
359.0316 299.6685 376.0059 429.3777 505.5924 437.5585 387.2314 330.4605 259.842 232.9223 256.586 324.6239 309.9883 320.3729 289.6022 296.2302 323.1322 435.8338 555.3893 464.1487 409.4273 453.6355 462.0555 552.5221 572.5817 550.2776 658.5947 776.5114 844.3676 900.9647 957.7749 1037.058 1049.6445 1002.0455 829.4164 693.4497 572.0657 521.751 471.0184 445.1891 425.6763 391.598 338.429 319.2664 296.191 274.8555 268.5629 267.1295 262.3649 261.6149 253.6586 252.036 240.6443 237.103 232.4806 227.9241 216.3463 206.9382 227.2436 197.2794 194.0178 192.1496 191.1891
242.4178 326.3791 349.1568 359.7179 342.7816 339.3329 281.5759 236.526 212.1999 279.1575 348.6213 438.0327 401.9317 401.2417 348.9546 332.3245 357.2927 425.8767 527.0631 576.1971 463.6903 612.4355 526.3498 512.8593 562.0504 601.5087 708.3588 859.249 879.0864 921.2638 1028.6178 994.871 906.979 764.7341 694.2368 646.184 572.6375 510.1317 444.4237 401.6389 354.2753 378.2596 406.692 358.2493 307.3331 290.2495 291.8221 282.0536 269.2422 268.3996 263.782 267.6949 266.2269 257.8705 251.3202 240.6416 216.1784 215.4083 206.6912 208.697 203.8472 217.5486 226.5691
229.756 227.4751 255.1145 241.1471 217.8246 223.2242 203.486 238.0982 238.4933 271.3704 271.2763 313.7046 344.9745 405.6364 415.4099 453.1854 422.1888 528.1669 583.2709 644.8796 552.9702 692.4026 766.5776 659.7336 690.6888 815.0673 756.953 811.9166 905.0198 979.5397 1041.6311 1060.4104 966.1805 910.5384 828.5667 709.6265 627.1324 560.4803 527.4513 421.4773 450.9118 564.1207 596.0258 448.8275 364.5328 348.1845 304.2574 284.9482 283.1947 296.7191 288.1281 264.4326 264.5858 270.7354 256.2185 254.4536 230.9404 238.2594 228.418 253.6448 234.9166 284.4512 303.9606
157.7291 181.2547 188.4911 193.1691 206.8516 200.9337 236.4184 303.2998 301.6523 262.4001 325.5941 385.0251 397.4444 336.5428 381.941 481.8927 499.3262 612.3415 774.6415 823.8206 675.6218 595.3837 817.0849 823.6191 881.6715 919.5563 1009.2327 945.929 938.3613 1010.6863 1069.9404 1061.059 838.4463 767.3129 658.6098 615.7203 528.1871 490.8849 441.9464 557.2104 703.8609 684.4222 563.7513 464.4738 404.0114 337.2013 340.8891 416.245 396.6272 473.2594 364.6648 352.1689 345.393 308.7161 248.6739 245.7527 259.184 239.6564 252.6882 247.3662 262.1271 299.7172 316.1055
206.3095 224.395 249.9709 263.7852 283.2998 263.343 223.0772 244.1221 294.2849 328.3255 300.1883 319.0846 356.0984 466.7256 491.7568 600.4142 657.6697 689.5674 855.9841 972.8016 876.1259 634.8364 896.5387 960.4197 1009.9216 1097.3389 1180.3124 1119.8251 1147.4786 1212.4871 1146.7643 968.835 878.9597 827.5327 719.2645 638.3113 644.2737 593.0086 664.4872 662.2106 609.2834 512.1291 485.3289 441.398 431.5467 341.9089 333.2052 460.5535 481.9948 480.9897 474.0982 329.396 284.3532 296.6728 310.7053 381.1105 345.7287 309.0567 257.5922 253.1012 274.6253 256.1541 234.4416
206.115 210.6185 231.2923 316.2074 359.7631 364.4228 320.4097 236.461 295.5911 407.5576 419.0154 440.3116 513.7778 600.2883 597.9124 681.4211 695.653 747.1616 916.4029 975.3307 829.8311 747.2216 828.1698 1020.7689 1096.2903 1193.7979 1291.4962 1335.2405 1337.879 1309.7579 1186.5803 1068.4591 879.7784 831.3533 730.4397 610.1619 622.9688 743.1692 716.2452 651.5014 609.8881 583.6172 537.9261 418.841 417.537 473.4554 345.4515 465.0125 561.7856 519.8479 398.5511 425.5424 366.6456 471.9748 520.1951 511.1353 357.8698 293.2367 321.7622 269.8274 303.929 285.799 266.4908
191.2849 248.2006 235.7277 231.5455 260.8384 295.7857 292.7038 252.674 256.6668 303.8193 378.1693 504.7315 614.0612 731.8265 819.4335 874.5024 827.2829 921.5513 1135.3655 1161.0338 923.1977 935.2108 1070.1559 1136.4554 1267.0757 1289.8868 1338.6587 1339.0109 1395.9657 1302.3434 1101.5027 1041.2777 814.1956 608.7812 581.5995 518.7574 481.3096 485.731 439.8277 397.2656 380.1467 365.7758 353.3156 415.8224 494.4986 399.3996 450.5521 484.864 377.3141 394.2251 469.8576 456.894 468.1401 562.0153 485.7682 366.3269 382.5912 491.1701 462.8032 342.2659 350.3571 305.6566 259.2414
245.4948 219.6766 294.1123 292.1525 293.0239 287.4828 313.4686 320.1331 331.9563 425.4231 350.2477 360.4173 425.5689 518.7488 629.0139 730.1937 881.9136 959.39 1110.322 1164.5023 1005.3311 1081.7935 1213.3843 1348.5253 1358.3521 1231.5466 1245.5807 1334.3727 1352.0494 1230.973 1059.9976 939.6869 849.1443 626.5962 670.9153 707.3245 566.5943 489.8518 467.0646 527.4323 481.9953 525.7793 611.5841 556.8069 551.1785 520.3849 492.4025 611.8504 441.7869 635.2487 562.493 439.7871 610.0433 605.4429 467.4756 392.7367 478.5188 627.8725 491.4963 479.7244 356.2794 302.3506 274.1462
272.9949 243.8582 275.3945 316.144 376.4014 426.4899 437.4735 530.0577 574.6331 619.3761 505.8633 544.24 571.8585 640.8889 611.147 589.4116 747.4403 817.8896 954.0377 1235.4453 1257.2515 1278.449 1338.9491 1311.6903 1380.0708 1227.6525 1204.0205 1254.3688 1346.0157 1315.2811 1233.2662 1030.2754 782.6775 725.1151 875.2886 711.0221 610.8571 727.7238 578.5533 572.4523 565.1646 675.5748 673.36 625.0115 715.5114 536.039 694.2666 656.8534 510.8787 780.4182 642.4245 524.1964 562.5717 421.4251 354.0627 472.0631 570.3495 678.4145 635.9358 489.0678 401.0842 375.653 346.9037
