MapLib/Lvl1_5x5/BG/Ele_BG_DD.asc
ncols         557
nrows         557
xllcorner     1670500
yllcorner     4451669.448
cellsize      1000
nodata_value  -9999.0
[rows 324 to 350 of 557, columns 0 to 61 of 557]
-30.564 -31.2144 -31.8496 -33.4849 -34.1202 -34.7554 -36.3907 -37.59 -39.2252 -40.5412 -42.0598 -43.695 -45.3303 -46.9656 -49.5095 -51.9788 -53.8713 -55.5066 -56.5778 -57.7292 -58.8483 -59.8471 -61.1188 -62.3181 -63.6921 -64.5886 -66.2239 -67.6921 -68.4944 -69.3749 -70.1691 -70.6921 -71.1281 -71.1281 -71.9597 -72.2686 -73.0777 -73.9186 -74.1281 -74.4725 -74.564 -74.564 -74.564 -74.564 -74.564 -74.564 -75.365 -77.0002 -76.1281 -74.3965 -65.6716 -58.4815 -54.6407 -54.7544 -59.8806 -66.6629 -75.2798 -77.564 -77.1891 -76.9122 -76.2562 -76.2562
-28.9299 -29.604 -30.2144 -30.9288 -32.4453 -32.9288 -33.6966 -34.8905 -35.9547 -36.8576 -37.2252 -38.8632 -41.4245 -43.0598 -44.695 -47.8742 -49.9656 -50.7864 -52.2681 -53.9365 -54.8377 -55.1877 -56.7771 -57.4124 -58.805 -59.6902 -61.3181 -62.9534 -63.8435 -65.2239 -65.8592 -66.7864 -67.1764 -67.7864 -68.4277 -68.8041 -69.6789 -70.3772 -71.0124 -71.8576 -71.8576 -71.8576 -71.8576 -71.8576 -71.8576 -71.8576 -72.8032 -72.8576 -72.8576 -71.4499 -67.4441 -63.7292 -62.0974 -62.5323 -64.7576 -68.8659 -74.2027 -74.8416 -73.9264 -72.2911 -70.7771 -70.7151
-27.3086 -28.2935 -28.5791 -29.2935 -29.9799 -30.7223 -31.2935 -32.0489 -32.6842 -33.5871 -34.4014 -35.59 -37.2252 -38.8605 -40.4957 -42.5842 -44.3533 -45.7495 -47.78 -49.9406 -50.7985 -51.1317 -51.8779 -52.5066 -54.1418 -55.5139 -56.7431 -58.0476 -59.6829 -60.7155 -61.6084 -61.8806 -62.8806 -62.8806 -63.8806 -64.6602 -65.5053 -66.7396 -67.6325 -68.4388 -68.5871 -68.5871 -68.5871 -68.5871 -68.5871 -68.5871 -68.6566 -69.4967 -69.2286 -68.4444 -66.5808 -64.8803 -63.9658 -63.9772 -65.6125 -67.5278 -69.6431 -69.4017 -68.3141 -66.6789 -64.4294 -64.1741
-25.6682 -26.5388 -26.8463 -27.6312 -27.6583 -28.3819 -29.2024 -29.6583 -29.7222 -30.5668 -31.6842 -32.6602 -33.9547 -35.3165 -36.2252 -37.5188 -39.154 -40.7893 -42.8742 -46.0598 -46.9748 -46.9748 -46.9748 -47.6008 -49.3253 -51.2131 -52.5066 -53.4836 -55.1188 -56.1243 -56.9748 -57.2168 -57.9748 -58.3092 -58.9748 -60.2239 -61.8592 -62.8361 -63.9748 -64.2448 -64.9748 -65.3166 -65.3166 -64.7569 -64.3166 -64.7126 -65.0558 -65.3166 -65.3166 -65.1739 -63.8045 -63.0446 -62.2847 -62.1083 -62.8682 -62.9905 -63.6331 -62.6331 -61.7731 -59.8119 -57.6331 -57.6331
-23.0608 -24.038 -25.023 -25.0442 -25.5893 -26.2144 -27.023 -27.046 -28.023 -28.7554 -29.3907 -30.0489 -31.0377 -32.3132 -33.0439 -34.0355 -35.2252 -36.8605 -38.5061 -41.071 -41.7957 -42.4164 -43.046 -43.672 -45.5685 -47.9425 -49.0353 -50.2131 -51.8483 -52.0561 -52.1402 -53.0623 -53.4045 -54.0686 -54.6687 -56.2951 -57.9304 -58.5886 -60.046 -60.0642 -60.4846 -61.069 -61.069 -60.7225 -60.069 -60.069 -60.0745 -60.9441 -61.069 -60.9264 -59.309 -59.069 -58.069 -58.069 -58.4037 -58.1148 -57.4932 -56.8495 -56.0723 -54.5738 -52.9185 -52.069
-19.7906 -21.4259 -22.4985 -23.3393 -23.6034 -24.3878 -24.7083 -25.3878 -25.835 -26.3878 -27.0006 -27.7773 -28.6352 -29.4938 -30.3319 -30.7755 -31.9547 -32.7755 -33.9499 -35.2482 -36.8835 -38.131 -39.1597 -40.4015 -42.1381 -44.0598 -45.695 -46.9425 -48.0866 -48.5076 -48.1633 -48.5968 -49.1633 -49.7624 -50.1633 -51.4124 -53.0476 -54.1633 -55.1633 -55.9534 -56.1633 -57.1633 -56.8934 -56.1633 -56.1633 -56.1633 -55.9264 -55.1633 -55.1633 -55.0759 -54.2494 -54.1633 -53.1633 -53.1633 -53.1633 -52.5791 -51.8024 -51.0257 -50.2176 -49.668 -48.1633 -48.1633
-16.2612 -17.1554 -18.7906 -20.4259 -21.171 -21.5524 -22.3745 -23.1001 -23.8256 -24.6863 -25.0292 -25.7554 -26.7525 -27.5727 -27.7525 -28.6396 -29.5494 -30.3654 -30.9547 -31.59 -33.2252 -34.3455 -35.2505 -35.9761 -37.5834 -39.1796 -40.1416 -41.177 -42.8123 -43.2575 -43.2575 -43.9656 -45.3425 -45.505 -45.9669 -47.5066 -49.1418 -49.2575 -50.0483 -51.0476 -51.2575 -51.3031 -51.4864 -51.2575 -51.2575 -51.1086 -50.2575 -50.2575 -49.6282 -49.01 -49.01 -48.6991 -47.9736 -47.2575 -47.2575 -47.0213 -46.1116 -46.2575 -46.2575 -44.8848 -44.2575 -44.2575
-11.3668 -13.5762 -15.5201 -17.1554 -18.2345 -19.1397 -19.2345 -20.6422 -21.3202 -22.2031 -23.1172 -24.1176 -24.7978 -25.3907 -26.1172 -26.6612 -27.1383 -27.2345 -28.17 -28.3195 -29.9547 -30.59 -31.2345 -31.9043 -33.5264 -34.3517 -34.8835 -35.5188 -37.154 -37.8552 -38.416 -39.9425 -41.2747 -41.3517 -41.8936 -43.2637 -44.2361 -44.3517 -44.5066 -45.4444 -46.3517 -46.3517 -46.3517 -46.3517 -46.3517 -45.3984 -45.3517 -45.3517 -43.9038 -42.5949 -43.3517 -43.3517 -42.309 -41.469 -41.469 -41.3571 -40.7623 -40.6674 -41.3517 -40.7973 -39.3517 -40.0277
-3.4859 -9.4332 -11.8795 -13.4078 -14.5201 -15.5451 -16.7906 -17.7046 -19.0143 -19.835 -20.6592 -21.4849 -22.7896 -23.482 -23.92 -24.482 -25.0568 -25.482 -26.1969 -26.5229 -27.3371 -27.964 -28.4772 -29.2883 -30.2252 -31.8605 -31.964 -32.131 -33.3507 -34.4015 -35.0368 -35.964 -37.1294 -37.446 -37.964 -38.695 -39.446 -39.446 -39.5206 -40.3372 -40.446 -40.446 -40.446 -40.446 -40.446 -40.1343 -39.928 -39.928 -38.9386 -38.446 -38.446 -38.446 -37.446 -37.1164 -36.446 -36.446 -36.446 -36.446 -36.0005 -35.446 -35.446 -35.446
-1.0383 -4.8409 -7.8258 -9.4611 -10.6254 -11.8848 -13.5201 -15.1554 -15.929 -17.4259 -18.158 -19.6939 -20.3871 -21.0783 -21.8327 -22.3907 -22.8467 -23.6612 -23.8467 -24.7065 -24.8467 -25.7479 -25.8467 -26.7894 -27.7335 -28.6058 -28.6935 -29.6935 -29.8164 -30.6935 -31.7551 -32.6487 -33.0368 -33.6935 -34.2132 -34.6935 -34.6935 -34.6935 -34.6935 -34.6935 -34.6935 -34.6935 -34.6935 -34.6935 -34.6935 -34.6935 -34.6935 -34.6935 -34.6157 -33.6935 -33.6935 -33.6935 -33.4992 -32.6935 -32.6935 -31.7393 -31.6935 -31.659 -30.812 -30.6935 -30.5402 -30.5402
-1 -1.2751 -3.1452 -5.3438 -6.9791 -8.6143 -10.2496 -11.8848 -13.4996 -14.3664 -15.7129 -16.4259 -17.9262 -18.6386 -19.4036 -20.7554 -21.2115 -22.0259 -22.2115 -22.2294 -22.9909 -23.2867 -24.2042 -24.3439 -25.2667 -25.423 -25.423 -26.423 -27.2252 -27.768 -28.423 -29.131 -29.7663 -30.423 -30.423 -30.8308 -31.423 -30.6344 -30.6344 -31.2574 -31.423 -30.6344 -30.6344 -31.423 -31.423 -30.6344 -30.8212 -31.423 -30.5271 -30.423 -30.423 -30.0971 -29.423 -29.423 -29.423 -28.4687 -27.9581 -27.5869 -27.423 -26.6344 -25.6344 -25.6344
8.5154 6.6371 -1 -1.5306 -2.7086 -5.4249 -7.4028 -9.0381 -10.2496 -11.8848 -12.7881 -14.1537 -14.9439 -16.2683 -17.0998 -18.1524 -19.1524 -19.1524 -20.1524 -20.1524 -20.4577 -20.7811 -21.5723 -21.9369 -22.2632 -23.0928 -23.1524 -23.6725 -24.4924 -25.1524 -25.1833 -25.9842 -26.774 -27.1524 -27.1524 -27.1524 -27.5272 -27.1524 -27.1524 -27.1524 -27.396 -27.1524 -27.1524 -27.4836 -27.1861 -27.1524 -27.1524 -28.0246 -27.1524 -27.1524 -27.1524 -26.9144 -26.5557 -26.1524 -26.1524 -25.1982 -24.3264 -24.1524 -24.1524 -22.8671 -22.1524 -22.1524
9.6973 7.1981 7.004 -1 -1 -2.3124 -5.5352 -6.3756 -7.8877 -8.6734 -10.2869 -10.9439 -12.5415 -13.1982 -14.7906 -14.914 -15.8819 -15.93 -16.8819 -17.0209 -17.8819 -18.2374 -18.8819 -19.5079 -19.8819 -19.9349 -20.8819 -21.0981 -21.8819 -22.3527 -22.8862 -23.6072 -23.9022 -23.941 -23.941 -24.1753 -24.8819 -23.941 -23.941 -24.6844 -24.8819 -23.941 -23.941 -24.8819 -24.8819 -23.941 -24.1639 -24.8819 -24.4045 -23.941 -23.941 -23.941 -23.941 -23.9006 -23.5818 -22.8846 -22.3273 -21.6572 -20.8819 -19.8819 -18.9333 -18.8819
10.9189 8.1532 8.4026 5.6412 5.2851 6 -2.385 -3.9321 -5.4028 -6.5296 -7.8667 -8.6143 -10.0545 -10.8013 -11.5835 -12.1554 -12.6114 -13.4259 -13.6114 -14.6114 -14.6114 -15.4144 -15.6114 -16.2374 -16.6114 -17.5079 -17.6114 -18.0331 -18.6114 -19.2209 -19.6337 -20.4087 -20.7164 -20.9171 -20.9171 -20.9171 -21.5311 -21.6114 -21.6114 -21.6114 -21.6114 -21.6114 -21.6114 -21.6114 -21.6114 -21.6114 -21.6114 -21.6114 -21.6114 -21.6114 -21.6114 -21.6114 -20.9171 -20.7081 -20.39 -19.6254 -19.2022 -18.3867 -17.6114 -16.6114 -16.4809 -15.6114
7.2249 29.6127 56.6394 47.4437 18.5089 7.7184 3.4701 -1.3097 -3.3729 -4.4028 -5.4621 -6.3419 -7.0983 -8.3409 -8.6404 -9.3409 -9.5201 -10.3409 -10.972 -11.3409 -11.3409 -12.3409 -12.3409 -13.3409 -13.5161 -14.3068 -14.3409 -14.3409 -14.8788 -15.3409 -16.0353 -16.3409 -16.3409 -16.3409 -16.3409 -17.0934 -18.2252 -18.3409 -18.3409 -18.3409 -18.3409 -18.3409 -18.3409 -18.45 -18.6705 -18.6705 -18.6705 -18.6705 -18.6705 -18.6234 -18.3409 -17.9277 -17.3409 -17.1156 -16.3409 -16.0264 -15.3409 -14.8607 -14.3409 -13.3409 -13.2104 -12.3409
11.0191 65.0892 63.6166 34.1745 20.7241 18.1021 8.0298 4.7698 -1.0386 -1.0962 -2.438 -3.0733 -4.0704 -5.3342 -6.0672 -6.0704 -7.0415 -7.8562 -8.0704 -8.0704 -8.0704 -9.0704 -9.0704 -10.0704 -10.0704 -10.1019 -10.1056 -10.2667 -11.0704 -11.1056 -11.1784 -12.1056 -12.1056 -12.1056 -12.6978 -13.3195 -14.1015 -14.1056 -14.1056 -14.8679 -15.0704 -15.0704 -15.0704 -15.4015 -16.0704 -16.0704 -16.0704 -16.0704 -15.5808 -15.1006 -15.0704 -14.6572 -14.0704 -13.3867 -13.0704 -12.1162 -12.0704 -11.0704 -11.0704 -10.0704 -9.9399 -9.0704
83.3264 77.9967 50.079 49.3248 35.618 15.4119 14.9805 8.4922 6.9654 5.0344 -1 -1.0012 -1.6552 -2.0733 -2.7999 -2.7999 -3.9791 -4.7999 -5.3999 -5.4339 -5.7999 -5.7999 -5.7999 -6.1998 -6.1998 -6.7378 -6.7999 -6.7999 -6.7999 -6.7999 -7.1998 -7.1998 -7.7999 -8.1912 -8.7999 -9.1998 -9.1998 -9.7999 -9.9547 -10.7999 -11.7999 -11.7999 -11.7999 -12.131 -12.7999 -12.7999 -12.7999 -12.7999 -11.7999 -11.7999 -11.7999 -11.3867 -10.7999 -10.1162 -9.7999 -8.8457 -8.7999 -8.2651 -7.7999 -7.1028 -6.7477 -5.9404
105.4205 84.2421 59.4551 37.8362 30.734 27.1501 17.0217 15.1899 11.6155 7.9327 8.1189 6.3546 6.0919 5.8969 6.6003 -1 -1 -1 -1 -1 -1 -1 -1 -1 -1 -1 -1.7647 -2.5294 -2.5294 -2.9669 -4.7818 -4.8334 -3.5294 -4.5079 -5.6738 -4.2217 -3.294 -4.8136 -6.6842 -7.5294 -8.5294 -8.5294 -8.5294 -9.5294 -9.5294 -8.834 -8.5294 -8.5294 -8.7647 -9.4203 -8.5816 -8.1162 -7.5294 -6.8457 -6.5294 -6.5294 -6.5294 -5.7118 -4.8718 -4.5294 -4.4296 -3.7647
123.4896 95.798 73.528 65.7516 44.3295 32.9032 33.3554 23.3182 17.7382 12.5551 9.1168 10.3696 7.8571 7.7622 8.3101 8.4747 7.3373 5.7284 6.8369 6.0396 5.8357 5.4039 3.4939 3.464 4.0766 4.4722 4.8851 5.8496 4.9573 5.4617 6.4356 7.1021 5.4416 4.0726 -3.2089 -1.1944 -1 -1.1967 -3.4137 -4.2588 -5.2588 -5.2588 -5.2588 -6.2588 -5.4175 -5.2588 -5.2588 -5.2588 -6.2588 -7.0052 -5.4809 -5.2054 -4.2588 -4.1704 -3.2588 -3.2588 -4.1294 -3.2298 -2.3807 -2.1294 -2.1294 -1.4628
115.4881 90.7992 80.1421 65.8759 63.2942 76.143 69.1291 52.1237 31.7412 27.0432 19.5958 25.138 10.6205 7.9633 7.0412 18.0481 23.0318 16.2781 15.2177 16.8063 21.8568 25.8184 21.2955 20.4853 23.0412 19.4586 12.6077 8.5931 8.6484 8.3796 7.3583 7.7624 7.8368 6.7539 8.1699 6.4768 8.8737 10.6638 2 -1.4942 -1.9883 -1.9883 -1.9883 -1.9883 -1.9883 -1.9883 -1.9883 -1.9883 -2.2391 -2.9883 -2.9883 -2.2852 -1.9883 3.1084 6.1318 7.8839 7.8669 -2.3831 -1.565 -1.4942 10.2847 4.9344
125.3938 115.8082 104.3077 96.6208 120.7716 115.9758 85.6945 70.6441 53.3418 39.8981 32.1519 28.3879 16.9202 10.9497 29.6486 35.0808 38.1168 33.4767 40.3806 56.7249 53.0156 54.017 50.1807 55.9277 44.8349 32.485 17.4111 8.3376 10.8903 9.8181 11.5966 10.2541 11.4775 10.0833 7.6095 7.1537 7.7961 6.9377 11.2979 7.0841 6.4736 7.9618 7 6 6.8758 6.855 7 7.7898 6.4034 7.6957 5.5111 3.824 2.7769 2.7611 4 -1.8654 -1 -1 -1 -1 6.0021 6.8678
149.4695 158.1453 129.1087 151.3836 154.7403 120.0151 98.7779 79.1321 57.6463 50.2482 44.2556 41.6466 21.0121 9.641 9.863 42.7804 65.8767 62.596 84.1961 96.835 85.2132 90.4344 77.4399 76.4291 61.1823 30.3886 15.2573 11.9574 11.3828 9.3424 7.2695 11.9366 10.2681 8.2698 9.4461 -1 -1 -1 -1 4 5.4913 1.041 2 -1 -1 -1.4671 -1.7763 -1.7763 -2.9466 -3.5527 -2.9488 -2.2319 -1.7387 -1 -1.0713 -1.0102 -1 7.6209 5.2097 6.0641 8.7998 8.3495
167.6922 203.8532 185.9009 184.2204 157.0153 127.7781 113.2214 87.8251 79.3422 66.1403 51.2215 34.6726 30.2907 14.805 14.4376 31.0777 86.9905 102.6429 114.576 124.2365 111.0894 118.0894 104.4932 94.152 66.0099 33.6218 17.4421 13.0838 14.207 10.1752 13.0197 16.9252 10.9326 6.2017 -1 -1.1466 -1.5884 -2.108 -2.5884 -2.1235 -2 -1.5884 -1.5884 -1 -1.5686 -2.354 -2.8253 -3.5884 -4.887 -6.0341 -4.3989 -3.0051 -2.1483 -1.5884 -1 4.0674 6.6008 7.7319 9.397 7.9492 9.5425 15.1127
252.5648 224.6388 188.0022 167.6986 148.619 139.5658 106.5304 89.3822 78.4892 71.0697 61.8636 45.4599 32.5295 19.3598 18.4787 28.5002 58.438 130.7253 135.6436 113.1566 139.1785 122.0916 124.6519 94.288 59.2568 31.6561 22.0012 13.4053 14.7315 16.6492 38.7871 25.7004 13.5044 11.0437 10.2059 4.2915 -1 -1 -1 -1 -1 -1 5.7175 6.7764 6 5.6031 -1.9531 -2.8253 -2.9294 -2.7703 -1.9531 -1 -1 5.607 6.5486 11.2836 11.2894 17.8149 34.207 44.5528 32.6816 43.4082
209.8571 206.0684 190.9778 177.287 150.551 125.2938 113.0217 93.7158 84.6437 63.1706 51.8262 38.3609 22.3556 36.9014 76.4906 56.7191 96.8423 137.6582 162.6314 147.6417 153.0188 134.665 126.7507 90.8035 45.8619 31.7884 18.7192 14.2036 16.3882 35.8637 44.5253 33.6851 19.0142 13.9457 10.3945 12.5403 8.2226 4.9135 11.7029 7.5985 6.5303 6.6887 7.2986 8.6429 9.124 8.6358 8.6048 10.6245 10.7206 7.2973 8.4736 6.4673 9.425 17.981 25.1686 34.7332 36.305 63.6473 60.3796 76.7818 81.0201 100.5756
228.3374 217.6651 188.1942 148.7363 148.7402 138.2559 116.2043 93.5415 76.3363 61.5296 48.0182 33.425 24.9816 46.4394 75.6972 62.918 108.1458 161.1339 177.2043 169.3448 165.2799 138.4986 93.5031 68.5126 43.8031 31.0217 15.2547 13.6745 13.1879 52.224 49.9383 34.8802 22.3318 15.1395 12.9748 6.758 7.8051 7.8091 9.0428 6.3113 7.8531 9.6756 9.8121 11.5515 11.8154 13.4016 10.9064 11.5117 10.9557 11.1222 24.1846 46.0091 51.4913 81.0416 63.2129 72.1235 74.9815 77.3624 95.0714 110.5703 108.6214 129.712
208.0423 175.5782 179.6984 137.9479 112.6781 103.7394 121.387 105.9093 86.0767 67.3678 42.1932 27.2827 35.2768 86.0623 62.8809 57.5449 150.2088 200.9592 190.1601 193.0108 168.7348 120.3891 89.18 56.0211 38.1879 20.9291 18.3075 17.3307 65.2779 55.7445 47.1106 33.2933 24.8002 22.4641 23.8774 18.5515 12.3273 12.8444 12.2398 13.4054 9.1299 14.9736 17.0894 21.6858 24.746 21.9102 23.0695 17.5459 20.2216 22.2353 29.4672 109.3903 127.6927 115.0712 97.031 102.3001 117.3812 125.3589 141.0963 153.2366 156.1519 185.7809
