MapLib/Lvl1_5x5/BG/Ele_BG_FE.asc
ncols         557
nrows         557
xllcorner     2227500
yllcorner     3337669.448
cellsize      1000
nodata_value  -9999.0
[rows 504 to 531 of 557, columns 183 to 243 of 557]
75.3365 76.7464 76.241 80.5304 78.8365 74.8809 69.5822 71.0446 74.0102 75.5424 75.6703 73.3057 71.01 72.3204 70.5701 68.5216 67.6198 71.0905 70.6161 72.58 70.1582 70.4251 68.5694 71.0963 74.3741 75.8513 75.5609 78.0946 82.4317 81.7269 77.0113 80.632 80.0845 83.5449 82.2454 79.6005 80.7367 80.7559 80.2629 81.2954 80.4934 78.3056 82.021 79.2587 81.7236 81.8497 78.3495 76.2918 79.9276 75.9267 77.9913 77.3155 78.3268 75.9265 77.4371 76.4779 75.382 76.2769 79.335 80.6874 78.7564
79.7752 78.2643 75.2482 74.9899 78.9647 75.77 71.8546 73.3167 72.6948 73.7352 70.4309 71.5047 70.8454 71.5999 68.419 68.0368 71.195 72.6885 70.3449 66.789 70.7586 71.8284 72.902 72.2857 72.7002 76.2542 77.6022 82.5839 80.0396 82.5508 78.9756 71.7656 74.8599 75.9145 81.2345 83.7743 81.5465 82.1674 82.5785 81.0734 79.8261 80.8729 78.6217 78.1647 82.4526 81.224 80.9385 75.6457 78.3972 81.0073 78.606 80.0557 77.9126 80.1486 79.5979 76.1064 79.8781 76.2325 78.4194 77.3029 74.4175
77.2068 76.3314 76.8345 75.3545 75.0602 72.9794 71.7558 72.5851 73.3689 71.4053 70.3867 70.7683 70.0352 70.8814 68.9568 71.0737 70.9791 72.7346 72.0191 69.2046 70.3691 68.8668 68.5685 69.9607 68.5607 72.6964 75.3035 77.7691 75.4128 76.394 70.5383 72.2013 78.4577 84.7018 79.196 75.2051 76.4293 78.361 81.7096 81.0993 79.8584 80.8365 78.7001 76.0658 79.6725 80.3005 83.2525 77.2405 77.3649 76.0425 76.4051 76.86 74.8553 85.3059 79.3808 83.8523 81.1765 75.4317 78.5712 74.8158 69.2549
73.396 76.0231 76.1042 74.3862 75.8112 74.3187 71.5421 69.616 70.8551 70.8947 73.6261 75.3453 71.7041 77.0192 75.4842 71 72.3927 70.9051 68.3622 67.8931 65.3936 67.4601 67.4176 67.1899 71.0856 70.931 68.9367 72.1293 71.0857 75.3564 76.9581 76.6447 76.4295 74.8254 81.2687 74.9266 79.4621 77.5725 82.4922 84.5631 79.3277 79.7661 81.7579 82.1739 77.4844 76.7331 83.8837 75.0837 81.308 81.4068 76.9579 76.0963 82.1772 81.524 76.7375 75.6335 73.9336 70.3623 72.0256 71.8979 80.3639
74.0866 73.6012 75.7494 73.5116 72.5899 70.8363 69.0832 69.9872 69.0079 68.8022 70.3784 69.5975 72.5425 74.6308 73.8149 73.2709 66.5997 69.3038 67.688 64.1388 61.9656 69.1321 65.1659 66.9476 69.18 72.9862 68.5764 70.0504 69.4141 78.367 71.3237 75.8008 78.9148 74.5825 74.5004 83.3168 75.3364 83.5307 81.8853 84.5163 74.2517 78.0955 81.2701 78.2137 79.6906 83.9156 79.7762 78.3833 74.4419 78.861 75.7704 73.6328 79.0425 80.48 80.3323 79.5894 80.2534 70.9926 70.736 70.0311 66.3844
72.673 72.3556 72.7529 71.6553 73.0622 73.3664 70.6742 68.0462 71.1385 70.6399 70.886 70.924 74.3451 78.5863 72.4094 71.8788 66.3273 65.5406 66.5857 66.7038 69.2302 68.4739 67.3372 70.3284 69.1197 70.0647 70.603 74.9869 78.4176 78.4726 74.7558 69.3033 72.6694 74.8242 78.161 78.8895 76.9102 76.7804 77.6389 74.5109 75.6331 79.556 82.2799 79.6448 83.5295 78.6587 76.5827 73.9111 76.5689 76.8714 74.9663 69.9576 73.6135 77.2884 79.6531 72.4485 70.5351 71.9858 75.0074 72.507 70.2382
73.6892 72.12 71.1245 69.4851 72.0315 69.6568 67.1424 71.2726 70.5212 70.0762 74.4773 72.85 71.3046 71.6943 71.6865 68.2211 66.9104 69.6969 65.3472 69.4655 71.4378 68.0334 68.3016 70.0779 72.3111 73.5696 72.6534 78.5562 79.1807 73.4708 76.1948 74.4814 73.5154 73.8646 73.9925 74.582 73.7415 79.5716 77.7746 76.2751 77.6649 81.4946 78.2272 80.2355 85.8342 84.1751 83.1517 74.5192 77.0129 72.5319 73.576 81.0442 76.5208 76.1036 75.2242 70.0919 75.6698 77.557 74.957 69.407 69.7749
72.3078 70.8572 74.7146 72.8952 71.4253 74.0358 72.9619 72.144 71.6649 71.9303 75.0076 79.4953 77.2103 75.8479 79.7687 81.9383 69.9301 64.6657 65.868 68.6575 67.3869 71.3389 70.4671 72.159 71.2501 72.7116 74.3779 72.6051 76.475 74.4901 72.8065 75.9009 75.492 72.814 73.3504 75.372 76.0624 77.3275 76.6222 79.0671 76.1143 76.1098 79.5106 78.1896 81.055 82.8559 81.4181 77.5399 85.701 75.4591 74.2794 76.4653 77.7386 74.0856 70.2714 67.9544 73.6206 73.7292 72.7138 73.977 68.9027
73.5592 71.8011 71.9608 89.7834 77.7521 72.5946 71.2386 70.1286 69.3803 75.9325 72.2269 71.2003 70.0168 73.0256 73.2351 73.2219 74.0242 68.1951 65.8499 67.5343 67.842 67.9657 67.9062 72.3799 69.4208 71.9126 72.146 73.6329 74.2202 75.5366 76.4427 74.3892 75.753 73.5271 75.7937 72.0562 76.4102 80.1525 86.5027 81.5878 75.8309 74.8017 75.2918 75.0156 74.8674 80.802 83.0009 79.4526 72.8204 77.3029 82.4754 74.8973 72.5705 72.1987 61.7416 69.2518 70.6524 72.9199 59.2104 62.1831 65.865
66.1349 67.419 71.5508 74.4889 77.4331 70.6911 70.5618 70.7827 72.5587 73.4226 72.6449 70.4998 72.7761 75.685 72.3838 71.1165 72.7239 71.513 68.295 66.4662 67.3482 69.9529 69.787 67.9202 68.8092 70.6115 71.2014 74.2186 74.4772 76.3342 75.5235 75.5737 72.4675 72.0593 70.8335 71.1319 72.089 77.6644 72.9143 78.5171 77.888 72.8151 73.9052 75.7007 74.1008 72.8852 77.7044 78.857 75.352 71.6732 72.2514 74.4617 72.9858 64.5586 67.0708 79.0639 64.6001 70.5154 70.2693 72.2156 72.231
69.9421 61.7503 65.2436 63.125 69.6695 73.3459 72.2193 80.5848 83.5214 70.0916 73.6095 70.2114 68.4429 70.5834 72.2842 76.2281 68.7008 67.2198 66.4196 68.1465 65.9939 67.0706 67.7977 68.5635 67.496 69.2992 73.1452 73.0759 72.287 71.632 73.9972 74.003 71.6843 69.7427 69.5186 65.0326 67.7964 79.2968 72.6798 75 74.3426 70.2375 73.0277 74.6142 78.5236 72.8097 67.3822 75.4581 69.4575 64.9783 70.2636 64.7891 69.3258 67.1003 75.1133 71.0424 65.501 65.7576 67.3941 70.703 72.5869
68.7877 84.2451 75.4409 59.5859 69.0096 68.2342 74.7759 73.6368 72.0302 73.5905 77.6712 76.0394 70.3083 76.327 69.2912 67.1385 66.2231 66.6835 71.3955 67.784 66.2094 68.4449 70.0182 70.5643 69.9402 68.0199 69.1994 71.529 71.6132 73.4137 73.774 70.3501 72.5688 71.6234 66.8616 57.0109 73.6823 72.2935 74.5642 74.4749 71.6535 79.0804 82.7783 73.9206 69.3268 67.5018 66.7256 66.6621 66.5653 67.2746 65.3271 71.4254 65.4316 66.9424 80.4918 65.3356 69.9695 72.1192 73.128 71.5731 70.5666
63.5727 70.1572 71.7323 69.2522 63.2862 65.2453 67.4768 74.2005 68.9636 74.2951 65.7338 66.5833 69.6774 70.3009 68.1316 68.2823 63.3046 65.4598 66.0839 64.4801 66.805 65.4427 65.3378 68.8593 71.9596 68.7476 69.9374 69.4897 62.3855 59.6445 62.4325 60.827 60.2452 45.5165 52.3215 50.4341 54.4405 57.5393 69.5894 70.4405 71.9714 85.8805 66.2333 65.8206 55.5155 56.9882 64.8639 65.3805 70.7209 70.7932 72.5437 75.1387 69.7671 70.6049 66.1139 67.2191 65.6564 67.0842 68.9662 67.3977 59.1493
70.1308 73.8914 64.5651 73.1241 80.4184 63.7087 62.0367 61.4277 56.029 54.5206 61.0707 56.979 60.3138 59.6529 62.8944 65.0216 58.3102 58.918 66.5925 55.2511 62.1971 66.9757 69.5985 66.6006 67.6081 68.6542 67.3156 57.2301 45.5935 43.7958 37.4579 43.4309 42.905 47.1749 49.3114 56.0702 32.6017 40.6365 46.4051 66.5614 66.2405 70.2887 52.514 49.4946 55.9346 62.9672 71.9287 71.9746 69.0215 68.1294 75.4433 67.8501 64.7114 71.4197 71.1517 70.442 68.2582 75.7753 71.8342 76.0534 67.8131
74.8617 69.1545 70.4943 69.4753 60.2673 62.9818 63.9015 67.8956 63.6426 62.6332 65.8624 72.5007 75.6129 59.8132 57.4164 50.6826 50.1405 62.7561 45.9116 39.4678 40.0965 41.7274 46.9978 44.1451 48.9827 58.9321 63.7048 38.3042 37.7845 40.2157 46.9441 62.9991 62.0298 68.7647 69.2154 71.0882 68.0503 61.5963 47.0072 47.9275 30.5196 37.3636 40.5444 43.9702 46.1217 58.0383 69.7107 61.9915 56.4151 55.0901 70.422 70.2079 67.8166 73.1407 71.4631 68.7179 72.3062 66.3108 62.3844 62.4778 66.3586
83.6889 78.6083 66.8441 75.3877 72.2465 79.0542 90.616 83.344 69.1283 69.2581 66.2133 70.9594 100.1815 85.7722 65.4328 66.6777 62.3632 61.5283 60.0904 48.4948 30.9691 32.7296 35.8493 36.5518 32.6962 46.3193 42.0456 41.7847 44.6854 60.916 63.8473 74.6153 76.0588 71.8143 70.7759 70.2312 71.2138 69.6268 62.9787 59.5525 51.5345 51.6532 50.3316 54.059 50.7434 36.6489 42.6983 43.1066 42.3842 42.5966 51.8387 64.3564 64.4132 66.0356 64.17 66.0127 71.8082 66.3302 61.1067 61.1219 65.5826
69.9082 75.0157 74.8979 80.6198 74.3191 69.8985 69.1026 74.0035 73.3156 68.5748 66.7808 65.5769 68.7236 68.7387 71.2783 66.5376 70.6241 72.1727 66.2384 64.6936 46.1912 28.4766 41.337 61.7214 68.3414 65.92 59.0609 63.9311 52.9629 57.5432 60.8587 68.7296 66.5209 67.4343 74.5741 69.1839 71.3436 72.6419 69.9655 68.6659 65.1989 64.9415 65.4477 69.6392 70.0897 51.8231 44.7993 50.7584 60.95 40.009 46.5588 57.5327 71.604 70.537 70.5982 68.2857 70.2909 62.2222 63.4564 66.4808 59.9221
73.2669 74.8377 71.309 76.474 72.0359 60.0037 64.9266 69.6378 63.7113 70.3458 65.2873 63.9589 65.9702 65.6373 70.1744 70.9897 70.3578 66.8926 65.7611 69.2347 56.4419 32.7678 34.6212 43.7058 61.6156 70.9217 70.4953 68.7358 66.5535 65.257 63.5546 61.7026 62.469 67.2898 70.8124 66.6712 73.3426 72.7689 77.9323 72.9057 66.6537 67.4961 64.6556 68.1944 69.498 61.9039 59.8932 60.226 61.4009 54.4012 37.5902 49.4448 58.1434 66.7827 67.9448 64.2153 64.7799 60.9968 58.7263 49.9247 58.1697
72.7531 75.9023 74.204 73.4334 69.5822 68.1397 70.8603 67.4739 67.6742 67.2093 71.7579 63.8405 63.7095 71.3339 66.9799 69.0252 69.4136 64.4763 59.3366 64.6319 58.1342 59.2841 42.9805 33.7194 45.5126 70.6733 68.7764 69.4617 69.429 67.7892 63.1069 63.6336 60.9061 69.8838 66.7326 68.1027 66.0293 66.1772 63.8305 72.1025 72.3403 71.1471 73.1846 66.8883 69.115 68.5632 66.0626 67.9299 67.1014 63.6532 47.3455 31.9027 36.6799 44.4896 62.2533 48.2382 47.2722 35.1407 51.5382 50.8578 42.4072
64.0358 65.6623 65.5752 69.8489 65.4944 65.073 68.2081 69.5742 63.657 62.6555 63.7552 66.1894 63.7091 64.7742 65.2265 70.8249 67.2537 78.7133 72.5885 68.2812 74.2176 70.5807 45.47 24.6437 39.8789 74.5895 64.3079 70.3525 66.33 64.542 61.5067 63.2288 57.5495 62.6012 70.4827 71.9598 73.4877 69.8331 68.2282 72.0128 72.4672 67.1155 68.3968 67.3304 67.8951 66.2149 66.5505 65.5844 63.4664 65.6293 54.1021 38.2569 33.154 31.0803 33.0481 36.5066 33.9978 38.4008 32.3648 33.3912 43.99
67.4265 63.7237 68.6438 69.4148 72.5589 66.7653 69.2915 66.3178 65.3827 71.6207 76.1416 74.5179 72.037 79.4204 69.1214 67.7236 64.207 66.2692 60.7373 61.6911 65.7515 54.6816 41.7104 37.3614 31.6069 62.4572 70.167 67.3345 64.2411 62.7579 69.4081 67.3961 62.3648 57.6786 61.3374 72.4446 69.3659 65.2888 65.0741 68.711 64.1921 66.1141 70.0908 67.2207 67.9386 66.6308 79.5512 64.8555 65.9427 63.9969 68.6828 61.2057 55.5857 38.0598 45.9761 32.2793 37.5219 41.9204 46.2984 46.8767 54.2801
71.5129 68.3852 72.7032 69.9846 79.7142 82.2835 78.9483 73.5271 62.9272 68.7126 66.9106 72.5328 65.2109 83.5042 78.273 70.303 77.7851 73.1676 65.3288 72.8938 76.7493 66.1581 52.0962 38.1426 31.1461 49.9619 72.2829 67.3227 56.6011 55.9653 58.0377 58.6096 56.256 61.5043 61.6633 60.6592 61.5343 62.598 63.8517 63.0886 64.2064 59.4469 64.6512 64.637 66.4949 66.8856 63.0417 68.2797 61.9283 63.0902 64.1248 64.5105 51.8559 39.001 35.8056 34.7781 38.6857 49.4064 64.8703 57.5517 50.6567
66.6965 75.2725 67.2014 71.3571 65.2597 75.458 68.7667 68.1175 66.0611 78.7518 77.4214 96.1531 88.8265 81.8102 76.1473 71.7895 72.5216 69.1142 72.0257 69.0934 61.2315 65.9966 45.7641 35.0396 25.6061 32.912 46.7272 52.0436 59.1294 55.9943 55.995 56.9098 53.5293 59.8449 64.4363 56.0168 65.7749 71.5174 59.0853 62.3468 64.9949 61.3116 56.2267 63.1469 64.5585 66.6267 63.8171 66.3286 64.2046 49.1965 63.8444 60.9768 46.7379 35.0744 45.5963 48.4568 36.0118 37.884 37.4001 44.9359 50.0991
68.162 78.0212 68.2052 75.0613 76.7356 71.677 74.6533 76.8554 78.0898 67.4724 79.1413 73.9459 68.0652 72.354 88.9604 78.2926 69.7333 60.5261 72.9346 69.1404 64.8238 69.8351 48.6118 25.5826 32.6467 37.1006 45.9866 64.6841 58.0349 50.5195 53.0054 56.6134 60.4903 56.7913 53.5096 58.9617 58.8703 57.8134 59.4443 59.9569 58.5467 55.0753 51.3087 59.3849 57.7671 60.4121 58.8761 48.8289 52.2834 38.5534 38.3861 44.1539 49.0228 50.5096 49.6716 58.8777 45.5446 50.3741 44.0179 46.4084 48.1028
66.7942 64.5652 75.2232 71.5175 77.0978 75.1479 70.5042 81.0484 72.0109 66.6455 72.541 67.8397 77.4156 66.2031 94.4729 68.5113 69.3454 78.4138 73.1255 73.2166 61.6128 43.1508 30.8455 27.8007 33.5756 47.0418 48.7917 53.5693 56.3218 56.8846 57.8557 54.9847 53.939 53.9352 60.2162 54.2496 47.7363 45.6021 40.8307 40.0345 41.402 39.5229 40.4348 47.0622 46.2813 41.3826 37.8331 44.3849 43.7735 41.2703 44.9134 45.3958 39.5948 43.7433 45.0212 47.0657 41.5017 39.0849 40.6316 40.5991 39.4725
68.9361 71.7597 78.7111 71.8693 76.1192 67.3836 68.7903 71.2244 77.2412 63.1026 71.8361 69.1021 77.2458 85.0256 77.3864 69.5767 68.9797 65.4832 67.9094 63.6854 48.2023 25.6269 26.32 29.6999 39.7375 48.5371 48.3764 51.972 55.1327 51.2016 46.303 45.5338 54.2964 55.6101 48.227 46.0039 37.4672 37.4648 39.3297 41.1322 41.5143 38.7851 43.1402 39.5224 40.6181 43.2247 40.7177 41.7852 40.2982 44.583 42.8108 42.9892 51.2783 52.3716 42.4789 45.101 40.8866 50.0321 41.9039 39.3048 43.2514
68.8343 68.8812 71.1913 78.9241 72.8316 65.6073 64.1553 65.5005 67.3085 67.6312 63.6689 73.5569 67.575 67.7336 68.176 64.8733 62.9585 49.7858 43.6844 42.7968 39.6902 26.2867 27.7275 30.8667 23.9095 32.4075 23.6599 34.1188 35.4837 35.1666 35.3821 41.2155 40.5047 42.3718 44.3808 41.9467 41.9852 38.2245 39.0467 40.9293 38.2171 35.9997 40.3689 43.3182 49.6223 46.3692 39.9218 41.4798 44.6029 41.1773 44.2011 43.9483 46.4739 50.236 45.2355 42.5492 45.154 43.8544 45.2582 42.8592 46.8786
69.3954 67.9267 70.1058 68.0953 65.4286 62.4301 65.1541 65.3863 64.9863 62.3119 62.3042 62.7287 60.8161 62.001 59.7668 48.8125 31.068 25.4295 25.2395 20.9535 19.898 23.8953 23.7995 28.6608 28.9846 29.3275 37.9357 38.3526 40.7247 35.9783 38.7479 41.6205 50.3071 45.8915 48.7752 54.6778 52.3315 40.9384 39.7994 45.4491 42.6387 42.7765 39.3297 41.2635 45.6728 45.0564 42.2135 41.0872 39.2286 42.0009 40.8129 41.83 46.7442 43.2132 44.8838 45.2434 42.9384 44.3499 42.1755 43.7863 44.5825
