MapLib/Lvl1_5x5/BG/Ele_BG_AE.asc
ncols         557
nrows         557
xllcorner     2227500
yllcorner     6122669.448
cellsize      1000
nodata_value  -9999.0
[rows 420 to 449 of 557, columns 402 to 468 of 557]
52.8362 54.4439 50.6198 51.5687 61.6528 59.5029 54.5696 51.8241 53.2454 52.5441 55.7751 53.2039 55.0719 50.3643 55.4317 52.4185 53.8171 51.8359 55.2166 57.1518 56.1308 54.0587 54.6789 54.3575 53.3715 50.2158 57.1129 60.9408 54.0248 48.5543 49.6301 54.7769 50.3437 51.9568 50.5289 45.3041 45.4096 50.0545 50.7587 54.2586 53.7502 49.8424 47.6593 45.6078 46.8168 40.6125 42.2603 42.6348 50.5151 47.3401 41.3924 44.4057 44.4193 35.9264 33.1406 34.5792 34.7849 39.7638 37.2206 41.6646 36.7152 35.1922 37.8205 41.3066 44.5022 42.9409 38.8315
64.0101 56.1573 55.4242 55.5158 49.7175 52.6436 52.9648 53.0186 52.1318 54.2011 53.8509 52.6014 54.4776 61.8435 56.2482 54.5614 54.8247 52.7355 53.6266 57.5849 53.6168 60.3174 55.335 48.9426 47.8617 44.8354 49.3684 51.3261 46.5712 50.6602 50.8251 41.7104 51.5984 51.8941 53.1574 46.6597 51.8535 51.8727 53.4395 53.3036 52.8099 51.0801 50.1234 41.2024 44.568 52.7103 47.5447 49.7697 48.3774 49.5537 47.3102 46.2558 43.1351 39.1189 41.1463 40.1627 35.1203 39.4465 38.4296 33.7503 34.7264 33.2647 31.7113 40.3842 42.5553 34.2987 41.446
62.3492 57.3988 56.7011 58.7382 55.1943 53.1391 53.6994 52.2337 49.7204 56.4285 50.3859 51.1971 58.8562 48.6735 58.0437 54.6867 53.4775 54.8254 56.3744 52.4595 53.3406 56.7103 51.4849 49.2992 45.5811 51.1797 49.3697 49.8687 46.0851 48.9085 49.6189 50.1004 51.3446 49.6969 50.1229 47.4862 54.8442 51.7518 51.5983 43.5171 50.5487 50.5055 50.3143 50.7885 51.7065 51.988 56.205 51.2783 49.0681 49.4531 46.8944 49.2698 43.8304 49.3818 39.6381 35.82 40.6196 41.7198 43.3975 38.0681 34.7991 33.8847 35.4839 25.1205 28.037 33.0372 35.9092
59.9135 58.4314 58.2641 55.5725 57.0541 51.8149 50.8423 49.8141 55.8908 54.9039 50.4874 53.7047 52.4679 54.7012 56.1237 58.8884 51.8867 55.5605 52.8556 42.8541 53.6023 49.1931 54.926 54.8175 54.1578 49.7765 46.7097 52.0061 51.4732 48.1011 48.8176 54.2683 55.1641 51.9175 51.1406 56.1783 42.8832 52.6821 48.1161 51.1196 47.8338 55.0295 49.4239 48.5048 50.1559 52.6922 51.5963 58.0707 55.023 48.66 49.3158 52.0563 43.9337 49.5765 41.809 39.1126 36.1246 40.2814 33.5897 34.0104 26.5514 30.2766 36.4151 33.2731 31.801 38.0233 38.6105
56.2729 59.7597 58.2351 57.2529 55.0287 56.5121 60.8571 53.6681 55.5136 50.4802 50.6561 50.2848 47.7417 49.6785 47.4834 54.0216 54.4721 51.86 54.3558 50.7756 46.0722 53.6905 58.1116 50.3209 50.971 51.9501 48.7141 56.6423 51.7127 54.4316 57.2288 47.955 54.6384 50.6605 47.791 54.6697 52.6556 54.6164 50.0463 50.9895 52.859 55.7751 51.3823 45.103 49.5416 55.0093 66.9815 60.0387 69.7184 66.9294 61.4913 45.8098 42.8013 39.5303 38.7048 44.8123 37.1077 37.9525 38.4617 39.9272 37.4143 37.1819 33.3656 30.5676 40.0763 32.6919 38.8162
62.491 59.7548 61.8435 61.302 60.2873 59.0948 60.5032 64.35 56.8797 56.2147 58.8049 53.2871 52.488 47.7638 51.9243 49.2038 54.6551 58.928 48.4359 45.9493 46.092 63.587 51.6717 49.1074 50.0541 48.7151 46.1293 51.5263 51.006 50.4182 48.9375 51.6904 52.2345 50.2574 51.2818 50.1695 54.5528 55.2853 60.1277 53.1205 55.9564 50.6808 55.4149 47.5686 49.811 53.2054 62.5512 63.142 72.3708 71.1725 55.465 52.0496 42.1334 44.9053 41.9146 41.9974 46.6304 47.0229 40.2099 38.8756 32.6371 38.8007 34.5679 41.1395 42.8374 38.098 35.5866
60.2907 63.1237 64.2412 66.0253 63.2441 61.9356 63.5104 61.4572 60.4566 57.9294 53.9053 51.9055 58.1272 55.1101 54.3215 47.2695 54.4142 49.0013 40.1597 54.2029 48.5699 49.2276 49.6416 48.1662 50.1509 49.1508 49.1154 52.3462 52.6365 50.2691 52.4878 50.2093 49.301 48.4581 42.8855 52.5638 51.7091 51.7228 50.2848 53.3555 50.7435 52.5324 50.6455 48.0648 52.1538 52.5136 55.6067 62.3937 61.1182 56.5357 51.3965 52.2298 51.6021 46.3683 47.0629 46.3225 44.3131 42.1345 40.491 42.0477 40.7118 38.9032 42.7323 37.1484 43.0388 42.0163 40.0979
67.5446 71.5101 66.0903 67.6661 66.1079 57.909 62.051 63.0999 64.0856 62.4807 58.5777 54.0574 60.0388 50.3042 51.7687 55.6949 51.0477 54.6809 47.1967 47.2258 50.3582 52.5685 46.5608 57.5273 59.3448 48.774 48.4419 51.7865 51.5507 51.7203 42.8106 53.9468 53.3128 48.5536 53.5428 50.4069 53.6552 42.5267 50.4038 57.9071 47.7497 45.8107 54.2346 50.2032 55.5387 56.0506 55.6852 63.6195 71.8174 52.6263 58.3427 54.6011 50.9754 52.481 50.1528 43.5277 36.1923 46.8778 44.9 46.7779 43.3873 40.5836 42.4664 42.5364 43.8066 44.3897 40.8381
72.5429 66.6523 67.7553 67.1281 65.3053 65.6849 67.0942 69.2829 64.4173 64.0267 65.3255 50.1294 59.1093 52.7829 52.362 52.3841 50.3905 50.8172 51.4581 46.8282 48.3229 50.5603 50.7092 55.457 51.9492 51.221 50.2828 46.3604 56.7476 53.3194 50.5811 46.6371 53.3887 52.05 50.8783 52.6702 51.2654 48.728 47.324 56.6569 45.7363 53.6338 52.0586 49.7599 54.6537 49.7179 53.8147 58.5311 53.1324 59.8046 66.2421 55.6826 51.7884 44.2185 42.7523 43.0834 47.5966 51.3424 49.352 39.7664 49.1669 41.346 24.8726 42.2095 43.6277 42.6981 40.3106
73.8067 70.0943 73.9627 73.4202 70.2744 73.1953 68.4118 65.3935 65.8787 64.6228 59.9477 57.5482 57.7326 61.1282 56.5934 55.1777 54.4918 53.5004 53.5308 52.8752 52 47.4023 50.7355 53.9862 57.8545 51.6389 52.4586 44.7684 51.0094 53.7563 53.8333 49.6864 58.1871 57.2311 45.896 47.816 56.8832 47.8538 51.9772 55.7531 53.9182 52.0153 53.4319 44.8344 56.6063 54.4005 61.8074 67.9278 67.1137 55.263 60.9636 53.2958 59.5041 53.6988 54.4836 43.6303 37.8651 49.3973 45.9506 44.9841 44.4381 49.8409 56.209 51.5009 44.8843 49.7231 42.7203
76.4052 75.0992 73.9914 71.5573 72.6799 71.2494 68.1179 67.2636 64.5371 65.6763 63.3163 63.8422 63.7303 60.1022 60.5085 59.8813 55.8863 55.8583 53.6045 55.6929 52.126 51.0773 54.1883 55.0014 54.9268 54.2366 53.9698 54.8562 53.1439 52.2967 52.5356 54.2597 56.9893 59.8608 51.14 50.704 56.6055 55.9582 53.6623 53.4105 49.9095 51.3181 51.1208 61.2037 54.59 62.4659 47.6041 61.7411 44.8153 51.0045 53.0748 55.7231 49.8229 48.4261 58.1933 50.512 50.5237 45.0184 48.3647 46.9969 43.9735 56.0362 52.5432 59.1019 49.834 48.5476 51.0618
75.2141 77.0716 74.734 76.076 76.1281 76.1673 71.1294 67.2599 72.9569 65.6861 67.1286 62.5399 65.5851 67.7156 61.1852 61.0927 58.3784 56.3196 51.8208 54.405 53.5807 54.3001 55.1584 52.9095 55.9398 52.9611 53.1976 58.1807 54.9944 53.7884 53.2957 61.6302 56.0015 58.7819 55.1264 53.2357 53.93 56.9392 63.1417 50.9682 54.2635 60.2669 59.3169 49.0896 54.4322 68.0713 56.6157 56.4364 53.0625 56.9686 53.5243 52.7534 48.3622 45.2186 40.583 55.0306 52.9091 53.0141 50.0409 55.9041 56.0866 58.5541 50.2799 48.2658 47.5007 50.1812 44.7698
78.1958 79.8684 81.7074 78.8925 79.301 75.7457 70.6378 72.4822 70.3289 67.1927 69.9539 67.2905 69.3215 64.2519 62.365 62.4781 63.7163 58.2425 61.7431 53.6163 54.8069 55.6146 64.5615 55.4086 54.323 58.7435 59.9736 60.0949 56.9465 55.4309 56.5333 57.14 61.3346 59.4462 59.6425 60.6332 56.0767 58.8524 57.3449 55.6414 59.8797 58.275 58.8532 52.8797 57.6092 61.1712 63.9231 65.0947 68.5405 67.0359 63.7934 67.115 57.6412 53.6306 53.8853 50.9788 57.9502 53.1736 55.5187 58.0208 60.9419 59.6964 58.593 67.4612 67.7003 58.2571 66.6603
77.8453 79.6375 85.5121 78.99 75.8439 73.6408 74.0314 73.4287 75.0265 75.7666 75.9319 75.8971 72.5139 70.8959 68.3222 66.3696 62.3559 60.9993 58.4219 58.682 56.8818 53.0309 56.7537 58 57.6202 55.0079 58.4135 58.8367 57.5962 59.4301 59.0357 63.5939 65.4224 61.7783 59.8581 52.6712 53.1245 62.6892 65.4782 64.0762 48.5051 60.5499 61.1241 60.4219 67.019 73.2587 80.135 74.5016 70.6177 64.1372 57.6143 57.0704 62.3774 66.6581 65.5123 61.6079 60.2002 65.3557 62.2838 66.6572 68.1485 65.4308 54.5675 55.0044 62.4975 46.8045 49.2013
70.1385 70.6423 73.0134 76.706 69.8136 72.4304 72.4341 80.5328 79.2204 77.8814 88.7197 76.7126 75.4733 72.1818 69.2447 72.6043 68.5489 66.2049 68.5688 63.4881 62.3488 58.2071 59.8078 58.786 64.6571 56.4179 56.9791 52.9829 57.5645 64.3762 60.7503 56.471 56.2333 61.146 61.2479 53.685 58.3875 61.8119 57.0616 61.7302 61.8954 68.2495 68.7475 75.5836 77.9864 74.0246 65.3204 62.6412 49.144 54.9243 55.1828 59.7326 63.0934 51.9332 60.0181 64.4455 61.5676 58.2628 41.856 44.0552 53.2276 50.0664 39.6665 50.8176 55.3974 54.6538 57.3637
73.2466 66.0123 70.6242 67.8457 68.8711 67.7822 67.5921 77.0332 73.4341 71.7594 77.5685 76.1975 71.194 73.6277 74.8489 72.2059 70.6727 74.2411 69.963 69.1039 65.6626 72.3791 69.0356 64.4275 62.9429 58.1351 61.6912 58.5312 58.045 63.5787 62.1486 62.916 63.0718 58.5942 53.8586 58.2686 56.5705 61.3023 67.9751 71.4414 70.7891 71.7758 73.7561 72.4766 59.0965 54.1341 59.3061 52.4877 50.5577 58.0208 61.0693 62.238 56.7877 44.2399 52.801 51.0876 45.1871 49.5121 48.6682 53.3153 51.6356 43.0407 52.8795 55.3721 62.769 55.5091 55.1588
70.6687 70.2424 67.4922 64.996 70.3516 70.817 67.3632 72.2275 71.8614 69.1168 74.1203 68.7413 66.3596 68.1455 66.7856 60.469 63.5228 66.5094 70.5816 74.0725 76.5362 80.5369 71.5834 68.7145 65.5964 70.0479 67.8932 66.5261 62.4328 62.0282 61.1871 63.9535 61.4779 59.9716 59.6124 65.6176 67.2838 72.6113 77.3243 78.6002 69.7006 62.6508 55.1688 53.5228 48.8413 54.3869 63.1398 44.2205 51.3823 48.5502 46.2242 46.5464 43.762 49.0507 53.772 47.447 49.0672 47.1422 49.1072 42.469 46.2785 48.8819 44.5386 50.9153 49.6773 48.327 52.9201
81.0082 77.7081 81.8335 71.8766 73.0361 77.5881 77.4816 77.942 68.6063 83.9212 84.245 75.159 81.3812 75.3473 66.8996 64.6309 64.2109 60 64.5802 64.5192 62.7331 62.0704 67.0695 70.7214 71.5416 73.224 74.2285 74.9468 73.442 71.67 71.5675 66.9746 67.6576 62.1975 67.5921 68.0512 67.5128 68.2562 64.0296 57.4493 48.9786 54.1737 54.9814 51.2988 56.1211 56 51.0241 50.7538 52.5279 53.583 53.7748 48.0472 47.1036 47.1073 50.9378 46.9253 34.0491 45.5976 46.3149 46.2572 47.4587 49.3446 47.3915 47.6957 42.9589 47.8742 41.805
78.5767 93.5035 91.8448 70.7172 72.5786 71.442 83.3337 83.2908 85.4089 73.8832 75.9959 77.227 83.8131 79.076 72.6235 67.4826 69.5367 72.1728 71.2467 61.5103 60.1091 56.5337 62.3798 56.3292 61.6456 61.7802 72.9966 74.8926 74.6594 73.9048 74.1582 74.6849 62.3923 61.0402 61.7766 60.1764 55.6511 53.4209 57.5077 51.746 53.5438 56.4583 57.1969 56.6895 55.7155 56.0816 59.5436 55.6942 50.4952 49.9328 33.3241 37.6112 41.6703 42.5426 40.4943 40.7862 41.3794 44.4639 45.469 42.9659 41.2193 43.0579 45.0669 48.8834 44.48 47.4577 42.2359
82.2571 78.149 89.833 81.5688 77.2375 86.5971 81.6501 80.5531 84.5102 88.0073 87.3137 87.1049 73.0135 68.042 68.7707 66.5536 65.5183 67.9717 65.0587 66.5973 60.8291 61.0541 60.6217 61.3211 59.1781 68.1199 56.4371 59.6635 59.5243 60.7574 58.9925 54.8914 54.9692 51.9998 50.8561 52.8872 55.3238 55.6593 57.2086 58.3793 65.6735 53.1199 54.909 39.3972 53.803 45.2035 55.5128 51.0494 51.0607 51.5551 47.4003 32.6111 35.1743 44.3136 41.358 54.4651 55.1661 46.6889 46.7347 37.8868 38.9215 38.0973 57.6661 45.104 51.429 48.6486 45.7455
78.2938 75.2865 76.1296 79.076 82.8417 81.979 82.5202 79.951 91.3718 92.5544 69.7751 73.1695 72.5022 73.3108 73.6085 77.2933 78.9863 70.8496 74.8457 79.3086 68.6472 61.0559 65.215 58.1811 59.4354 57.5088 60.8719 58.4624 56.0082 56.6283 60.9941 57.4963 60.2441 55.499 57.7212 57.5824 56.7473 53.7856 56.6406 45.6113 51.4242 56.684 51.1424 48.9624 51.0016 54.8044 54.3494 63.576 50.2348 53.3084 65.6019 51.6483 53.5266 52.6228 51.6249 49.197 47.9752 47.1702 45.1102 48.4747 43.6787 51.7094 47.0368 37.8405 49.7676 47.4039 34.3037
78.3532 78.269 79.0889 74.3801 78.3343 80.5552 76.7379 87.0329 82.6597 75.6833 72.9742 70.4228 67.7088 69.4751 77.48 74.719 77.1014 70.5289 69.7181 74.6576 72.3015 69.617 58.8699 64.9659 56.0144 56.6666 52.3307 57.4897 55.981 58.9625 58.489 53.9622 58.5339 58.4661 59.4844 54.2099 52.7395 57.1778 53.1006 55.6838 57.8081 56.6184 57.6855 55.094 53.0313 53.6104 50.1646 65.8544 49.3228 50.7605 48.588 47.3612 45.7532 49.8876 48.9422 54.892 48.8825 57.3283 55.1171 53.2937 48.3253 56.8065 56.1316 41.8363 38.0044 56.3455 52.5149
90.6797 84.2802 85.425 82.2038 79.9793 81.875 79.0904 80.0727 79.3746 75.1249 77.4925 76.3934 76.1921 78.4571 79.6819 80.4048 81.6286 68.9459 70.4073 72.674 70.586 68.2281 75.3498 57.7946 65.9331 67.4133 53.9114 62.1827 60.1568 55.8784 57.4164 56.3175 53.936 56.3794 52.2327 50.9651 52.3979 57.806 58.3424 57.625 52.7808 53.8134 54.3958 52.1417 50.4301 52.7374 45.607 70.4062 55.3274 54.7271 57.5328 51.8027 51.0826 46.3489 46.6907 71.3051 66.0769 53.4923 51.1171 46.283 45.4868 49.5184 50.6821 52.1607 46.9579 45.5054 49.4797
82.4323 77.3904 71.804 80.6745 86.3667 81.3047 80.8447 84.4742 78.798 85.505 79.1284 74.0224 71.4048 72.9278 67.983 75.193 73.37 66.1545 65.3932 65.9311 63.2922 65.4043 66.7773 70.0852 67.4596 63.4449 57.4822 61.9134 57.1086 53.2027 56.1165 60.1498 56.0037 60.915 58.1208 58.7605 55.849 54.8355 55.5173 51.0641 52.9845 54.7151 56.4214 53.3339 54.8272 54.3821 58.7984 72.5755 64.7598 68.1124 60.9019 63.9271 67.531 65.0902 67.1149 63.71 46.9218 52.9413 49.0954 38.0644 51.25 54.0754 48.0535 49.0535 48.6022 47.6834 48.6153
86.7189 85.5157 72.4032 81.9088 88.0536 83.1163 87.7452 81.0081 75.8575 82.2593 83.8383 75.1153 71.7185 74.9976 71.2643 72.6616 67.5764 67.307 67.3596 66.1055 63.1415 66.6031 63.9659 70.0969 67.0774 61.9151 56.2226 59.8217 56.0805 57.4745 58.9338 63.3922 60.9606 59.2744 58.4423 53.7334 44.7448 55.2147 50.8555 53.8379 51.4265 52.6638 58.1419 56.5081 56.1964 55.0347 58.0071 53.8752 55.8074 56.4772 57.4704 59.0616 48.4772 57.5948 67.7986 60.726 49.8198 41.8511 54.7936 48.0283 50.4771 50.4361 44.6922 46.1581 52.2635 51.9502 49.2813
83.8886 82.5182 75.8945 83.8043 85.9081 81.2703 82.5074 84.6024 78.0615 76.4968 78.281 76.0028 79.1205 73.2098 74.1058 73.8534 72.6827 73.0994 64.2896 71.1033 71.1296 73.2 74.9067 71.7934 66.1003 62.7585 62.4994 61.817 58.7065 58.5385 56.6237 58.5595 55.6308 55.1031 64.093 67.8568 55.5225 55.7053 56.4627 54.4071 54.5612 47.0245 56.9958 54.0188 57.5249 55.367 54.2041 53.6706 55.6121 53.1551 53.9502 55.4818 53.6305 52.6202 52.2596 66.9493 48.0728 52.2219 50.882 50.2573 51.5675 52.4222 54.0138 50.2647 57.0766 50.7344 51.0487
87.0345 82.4351 76.329 80.238 76.4481 87.8943 83.9211 81.7643 82.8605 84.4477 78.3728 82.8287 82.5776 80.6919 80.1834 73.5106 71.6149 79.0429 69.1754 76.1407 79.6457 73.4018 75.5564 74.2478 64.4304 63.771 61.1075 61.2915 58.2669 60.3265 74.3257 62.7722 54.0308 59.2151 64.658 58.4716 59.1015 61.8057 54.2865 59.3745 63.2022 51.9558 52.5325 57.0015 57.0513 51.8908 53.2107 54.9687 57.6136 50.2524 55.2715 55.0399 47.0126 52.0339 57.4188 42.4156 45.7753 47.8086 45.3528 48.3529 67.4323 58.7449 62.7937 66.2772 68.1554 53.4196 60.8939
96.5131 92.7988 87.7468 85.6308 83.7979 79.5267 78.8962 77.9418 80.5149 84.2469 74.8188 81.8495 77.1274 78.8167 80.4704 79.1914 75.4786 76.1901 91.4153 84.5337 71.248 69.454 66.8315 66.3898 63.6785 70.3524 69.4575 64.7113 69.6467 63.0522 69.8766 69.0716 72.1028 64.1939 58.5566 63.283 53.5151 54.0721 61.7289 50.1344 56.3513 50.9587 49.8756 55.8229 61.712 54.1772 56.0043 56.1961 53.0029 47.8002 55.8515 56.8611 53.986 53.3053 59.9343 57.7939 52.4498 51.8118 54.5524 49.3227 58.9475 56.5634 58.6725 68.3031 61.5759 52.4147 64.9963
97.1218 87.1226 97.559 92.8737 85.2071 87.8321 81.9379 83.9571 84.7318 84.5768 78.9794 76.8664 74.4119 76.4987 77.584 74.2536 72.674 68.7785 82.8504 76.9404 72.6519 70.5213 67.6179 71.0615 73.2062 76.1125 72.5475 68.6225 66.0163 66.2489 78.2906 77.3598 76.0187 64.34 60.1728 53.903 60.2753 55.7104 57.8612 60.5305 56.465 63.7222 66.5109 58.1759 61.4886 58.0597 48.2173 55.0625 55.0179 55.2397 56.755 51.585 49.7697 51.0879 51.8546 51.2453 46.6249 53.5623 51.0618 45.7665 55.1953 66.7226 71.464 62.0292 54.1825 47.2896 41.4097
96.2214 89.8852 95.2981 96.6148 92.5445 90.8051 88.0606 94.1902 88.7102 83.59 82.5265 81.9326 81.9419 79.5115 75.4682 65.8398 72.2454 69.8849 73.238 71.487 69.0162 70.0783 67.98 72.7362 71.0052 73.4622 71.8916 71.1101 65.8655 67.8863 66.8899 64.2176 65.6774 61.1755 67.9691 63.9132 59.1391 58.6764 52.8841 62.0509 55.5794 60.9798 71.3608 65.1963 56.1069 56.6546 58.6538 64.4648 59.8207 69.8804 62.9656 58.4286 53 49.4661 52.206 51.8363 50.3613 55.8033 48.8486 50.527 46.1118 53.9671 55.6748 50.6101 45.7037 52.0087 48.7808
