MapLib/Lvl1_5x5/BG/Ele_BG_BD.asc
ncols         557
nrows         557
xllcorner     1670500
yllcorner     5565669.448
cellsize      1000
nodata_value  -9999.0
[rows 87 to 115 of 557, columns 396 to 461 of 557]
77.0018 78.2055 51.5541 37.7473 31.8257 32.8632 33.1981 31.5018 24.0452 18.6757 18.3667 9.7982 8.552 7.0047 6.2665 8.7367 7.0976 7.294 8.982 11.8937 10.7642 10.2915 11.3995 9.4504 10.7038 9.831 8.4145 11.9383 11.9668 15.8822 12.1627 8.574 10.0153 13.0681 10.4801 10.911 9.2327 11.3703 11.9177 4.8244 11.8332 8.1594 11.6277 10.4607 8.9161 10.4383 11.886 12.1303 13.8296 9.0695 10.6471 9.5283 11.5046 13.8647 10.6916 9.043 10.5237 11.8907 9.3005 11.0467 9.0595 9.7808 8.7179 11.7796 14.9449 11.7027
80.784 81.5428 73.7971 60.6284 48.3343 47.0117 42.3321 34.9438 24.4485 26.5836 26.4805 15.1124 9.3911 7.2293 8.2513 8.0389 7.9278 7 9.819 9.6458 10.6325 10.7538 8.8155 8.8428 8.2064 9.1795 8.7436 10.0786 11.9404 9.128 8.0102 7.9502 8.1057 9.1845 8.9375 8.6252 9.9166 10.6338 10.0548 5.7215 9.6376 9.0156 11.5494 10.0352 10.8519 11.4491 11.1157 12.1257 9.778 8.9289 7.5357 7.2657 10.2557 12.9418 9.9431 8.4913 11.9328 11.4401 11.1216 9.3625 7.0754 7.2229 8.1221 8.0959 12.364 11.9209
79.0437 59.4343 52.7348 67.8891 63.0127 69.0095 61.9826 44.0589 36.4293 30.2714 32.364 26.788 11.0343 7.4255 10.9724 8.8599 7.2647 7.8667 10.1975 9.2054 10.0069 9.3008 10.5841 11.3196 8.7958 11.032 11.6117 14.897 11.1278 9.2273 12.5893 9.4217 8.1997 8.5322 9.3379 9 -1.5246 7.3247 11.1756 10.9444 8.3909 9.6706 9.0935 10.0726 10.3963 10.5748 10.6037 9.3032 10.0511 9.006 9.5163 8.9953 15.5728 12.497 11.5481 13.1957 12.5267 11 10.3109 7.8342 10.018 6.9467 11.1957 10.7316 10.904 12.1262
67.0963 62.3005 55.9707 56.1288 64.6241 78.146 70.8749 54.8119 50.5582 39.3654 32.9011 34.6482 16.1725 12.7655 12.9444 14.7178 11.7833 9.4293 13.888 10.1178 10.0622 8.2233 9.2653 10.1958 10.4696 9.9765 11.6372 9.4013 9.7271 9.2571 11.546 13.4259 12.4456 3.4419 -4.2242 7.2475 10.2783 11.5937 10.7328 12.0845 9.1762 10.0148 8.3146 10.4637 9.0066 11.7444 8.5127 12.1045 10.2421 10.5532 9.2427 11.0182 8.8867 11.089 10.3919 11.4887 13.3364 10.4497 11.2289 9.3344 6.4787 7.5903 7.1193 9.2047 9.3949 8.6425
68.5179 65.6949 61.9485 67.4525 70.0616 82.2439 89.4215 68.5619 51.4421 56.0035 31.0038 33.7373 22.3732 13.879 9.6817 13.8314 14.0816 11.1589 9.8233 8.4086 11.5646 13.1319 11.6973 8.5084 10.6902 9.456 9.95 10.3013 9 8.3108 10.0208 10.7152 -1.0485 8.1821 8.454 7.845 7.9384 9.0686 9.8395 10.9466 10.5102 10.51 9.9463 10.9459 10.2761 9.4507 15.3008 9.1043 8.4685 16.7066 11.348 8.6061 9.2786 8.8727 10.4607 12.5041 12.635 12.9701 10.1996 9.5879 8.5417 9.4102 11.4661 11.5449 9.4976 13.946
111.8956 110.982 69.1948 66.2889 65.6405 59.8316 91.3592 93.8812 69.632 62.9572 50.3928 42.6898 29.1988 24.6255 17.3552 13.1608 14.7563 13.3542 10.7289 12.9316 8.2788 14.1695 8.2084 9.6039 9.1403 11.2609 9.2402 15.4876 14.4327 12.2278 12.7659 -1 12.4603 10.4885 11.8969 9.3289 9.7115 9.0272 9.9539 9.596 10.5094 12.884 11.6579 9.0201 8.2808 9.0584 14.9207 12.0792 8.9687 10.1456 10.3621 9.2375 8.4479 13.9209 8.6557 9.6161 10.3768 10.9244 7.7385 9.75 9.1253 10.9569 8.2907 8.2192 9.9839 12.8905
78.5378 79.1443 61.5707 59.4231 54.2863 62.4815 70.6461 69.7532 61.5043 49.1018 48.7313 47.2197 36.098 30.3748 23.2567 16.9841 14.0511 10.3656 8.2435 14.084 9.09 11.8164 10.2308 9.8803 9.7674 12.2772 11.4165 10.4291 10.0778 13.4129 11.743 10.9303 13.8363 10.2851 12.5963 11.3142 11.6337 9.712 8.247 11.5699 12.3685 12.2229 9.035 10.8457 12.0603 10.083 8.1446 9.1072 10.4239 8.2799 7.2385 4.8086 8.2453 9.4795 7.1037 8.7192 6.7296 10.5903 10.6628 8.1327 10.0028 7.8703 11.9112 8.7308 9.7867 11.2948
77.6206 72.8805 63.6508 63.0766 63.3216 54.9351 71.0347 72.9348 80.7829 68.1028 53.3451 43.9392 42.9344 34.7981 30.0079 20.9627 17.096 12.3691 12.166 10.3705 9.0976 12.3873 12.0571 9.7034 10.3392 10.816 8.8045 12.3292 10.9594 10.7449 20.14 15.521 11.0775 10.0593 16.4347 12.956 10.8235 10.598 10.5435 11.7516 12.8917 10.5012 9.5617 8 7.1832 10.4965 8.4553 8.8464 11.116 10.6395 8.7054 7.509 7.2579 6.5614 6.3859 10.1416 7.9262 9.7482 10.9683 11.1209 10.5747 8.9865 7.7559 8.4726 10.6526 7.613
80.5584 70.4123 58.9981 67.3911 62.866 86.0352 69.9835 76.5478 77.6662 65.3076 54.1289 48.1496 49.0487 40.3169 33.7792 24.4517 17.6449 21.1929 15.6464 16.2632 10.9995 10.8399 11.4997 12.0118 10.3354 11.1771 10.392 9.1155 10.0875 -1 10.3514 11.3862 9.949 7.8988 11.0632 10.2333 12.6755 12.9523 15.2956 12.4494 12.7604 10.2522 12.286 10.3618 9.8168 9.6659 8.4777 13.9061 10.0753 10.3679 11.5406 9.3406 7.4908 8.2011 8.8201 10.1924 8.7546 9.9816 8.2888 8.6349 9.3908 6.8631 7.108 10.9086 8.8426 8.0427
73.8493 80.086 64.7822 68.1133 79.9987 90.8927 81.6203 78.3521 69.7156 55.6461 51.8396 49.5157 46.7867 40.3152 30.6855 23.2475 22.3804 21.4531 18.2801 13.8141 9.0952 8.3329 11.0672 13.666 10.5946 10.5245 8.6484 8.1076 9.3154 4.0702 13.598 12.182 9.8532 8.5785 11.5927 10.1486 10.0015 13.0886 10.2244 11.2586 12.0936 8.5287 9.5374 10.6382 10.0444 9.5355 9.0204 9.5033 11.7627 12.4917 10.1095 13.1908 8.6444 9.1299 7.7987 8.841 8.3351 11.1461 8.7079 11.6488 13.1412 10.4196 11.7695 10.5419 9.6276 13.3255
83.4748 68.8318 70.3625 88.748 115.469 99.8747 87.2547 69.2485 70.7977 56.0346 52.9527 48.3068 46.5012 46.0048 29.6031 21.1786 19.0723 17.7102 14.7376 10.4954 9.695 10.2211 9.3057 12.0011 11.0819 10.7792 13.785 7.3191 7.0085 11.9155 13.0151 11.6165 10.4025 9.7564 10.1316 11.7641 11.7163 22.828 15.535 13.0774 8.8443 8.4087 10.1805 10.1517 10.2259 11.3599 11.5735 10.9333 10.9512 8.0055 8.0561 8.1004 7.7233 8.9207 8.8319 11.6259 7.7946 9.0957 8.7856 11.0364 12.8937 11.771 8.9703 11.5215 10.0154 9.3418
76.2514 72.1904 85.3454 83.9708 75.589 71.3577 75.4927 70.0808 66.6214 72.3576 56.8205 54.083 40.8465 44.5121 34.1369 30.5718 23.1023 20.2274 16.9313 16.5944 13.4474 9.7337 10.137 9.404 12.7093 11.171 11.7265 12.0111 -1 9.8588 11.2908 10.4034 10.4529 11.9918 8.4599 11.4189 10.1802 14.72 14.9769 13.0031 9.5601 13.3189 9.4521 12.017 9.3194 14.0655 10.573 12.4264 10.3458 11.6686 10.2497 11.5518 10.6797 10.7137 12.3074 11.1517 11.3212 10.3073 7.6421 9.0518 10.3667 8.3237 9.7829 11.7769 10.0404 11.9744
80.201 94.9284 88.4048 81.6356 71.9319 73.2397 68.9866 73.1159 65.9363 70.5224 62.5342 54.9187 59.3944 43.855 35.6371 24.0445 23.8944 21.8419 23.7594 17.5385 9.6716 9.6302 9.9609 13.6509 12.5142 11.3173 11.1163 11.1411 12.6578 13.5862 14.0223 11.803 11.4737 13.0722 10.4372 15.4242 10.8762 10.2824 10.0916 10.4773 10.4412 7.4323 9.6324 12.113 10.899 13.9424 16.0273 15.1267 14.3149 9.5783 11.1178 13.369 10.9706 11.9034 13.4555 11.1931 10.7266 15.1851 10.064 10.5142 11.9628 9.2999 9.3612 9.0285 11.4785 7.436
85.6226 82.8775 63.3097 68.5115 66.521 66.2908 74.609 75.4075 82.4499 77.8958 69.0483 63.6604 53.9625 42.414 28.5857 27.0839 25.5757 29.1233 21.0388 12.3872 10.5704 17.3963 25.4691 22.669 20.1892 13.9042 13.0133 -1 14.4174 11.1935 11.9777 10.4521 8.8461 15.4106 8.4464 8.2264 8.9154 10.8339 10.8832 9.0969 10.9247 10 12.4359 10.531 10.016 11.118 15.3045 13.2736 8.9506 13.4701 10.341 11.6504 14.2474 10.9815 10.3824 11.1441 8.8755 7.9173 10.6211 8.3543 12.3072 8.6924 8.5265 8.6871 7.7307 6.08
76.9802 75.6985 63.4972 66.2349 63.9881 65.4807 59.0564 61.8964 72.8879 74.944 63.0059 56.7737 51.3928 41.7775 32.9345 23.5223 22.8917 12.7621 13.1077 10.1462 21.7187 26.6342 39.7464 31.2918 27.8493 27.6064 18.1349 8.1434 10.9095 13.5498 13.7716 9.6404 11.5942 10.9228 9.0647 10.7284 14.1723 12.2118 9.073 14.0622 16.5702 12.0254 14.1216 7.5213 13.2393 11.8328 9.6609 14.2294 13.3859 15.8271 11.3867 18.3308 12.7183 11.092 7.8135 9.5853 11.3857 8.948 10.6902 9.2901 11.7102 11.1893 11.5175 9.0977 13.6037 13.6728
84.3384 77.5322 70.3217 69.445 67.4146 57.6098 66.7 66.8749 75.3905 76.7081 67.4595 68.9769 60.5571 58.5859 49.0731 27.7874 8.2253 8.7745 12.9129 26.7016 32.0718 39.0984 47.2663 36.9498 36.0284 24.0467 17.1174 -1 9.3569 9.6077 10.9917 10.7843 11.1541 11.5169 11.7579 11.9063 10 11.7609 10.336 15.8972 15.0057 10.5928 15.469 9.2945 8.2718 10.9159 11.605 15.0756 12.4461 10.7073 12.7224 10.8209 11.7565 11.6784 11.5473 8.3671 11.8309 9.0942 10.2187 8.5008 9.9805 10.9689 14.2166 11.0213 12.8026 10.5833
76.5079 71.3223 69.2915 59.4324 63.1285 54.5291 64.1754 72.2336 71.1109 68.973 69.1364 62.8031 63.1698 80.0216 61.0956 35.6305 14.6838 33.233 45.3381 37.6833 49.1501 61.1487 49.4467 32.7187 29.8084 20.2633 15.0198 9.3891 11.2805 10.9047 9.3567 8.3573 7.5491 11.58 12.5319 19.3135 14.4219 15.8748 13.7355 9.7065 12.0795 11.6152 11.3922 11.143 10.3261 11.9109 12.8772 20.7651 12.2617 15.2768 10.0974 11.3282 10.4458 15.3865 11.6855 13.4523 12.6451 15.4377 9.661 10.75 9.0784 12.4753 10.8252 9.3125 9.556 10.0656
73.2979 84.1865 71.7551 51.867 56.7683 52.7024 57.7828 72.2083 73.5181 55.1145 53.0545 55.1391 60.4049 55.0372 46.3172 29.9112 40.6511 41.79 47.526 50.5153 52.1815 46.4769 37.5156 26.6117 24.9971 17.2542 12.119 16.8758 9.6532 12.5341 11.0333 11.8717 9.9288 8.5384 10.8078 10.8479 15.4309 13.1376 11.7631 12.0602 9.9508 10.4255 12.6643 12.1656 10.8804 11.3917 10.4506 10.7835 10.3283 15.6617 12.7726 12.9496 10.1616 13.006 11.1238 13.0275 11.4704 12.7514 10.0404 9.978 12.6269 8.3889 6.3249 8.1256 10.1112 10.1813
86.2545 67.9073 64.8154 55.933 62.5177 53.636 47.7098 56.8285 69.7086 60.4786 40.2278 40.1651 40.382 46.3893 59.2079 52.6275 56.5886 70.6434 60.0476 57.8476 48.1036 36.806 28.3222 27.0941 25.7769 22.7115 13.8754 17.1296 6.4164 10.7698 9.3695 8.9093 9.0912 10.0939 13.7589 10.8729 12.4309 10.0682 11.7819 10.3223 7.5575 8.1049 14.3187 17.9971 10.645 9.3736 10.8015 9.1548 9.1275 9.9793 11.0608 14.3308 11.9018 10.3192 8.8561 11.37 15.6986 17.1037 10.8228 14.4174 11.5887 14.2327 17.6001 8.3678 9.9083 10.2081
94.221 86.4841 87.1901 91.8419 75.051 77.7942 71.3814 56.0958 47.0776 59.365 59.2377 60.9318 72.6923 88.8831 63.5575 57.4912 70.6656 53.9609 40.9882 42.9433 41.9565 33.8294 26.121 28.5887 24.4329 22.539 14.1492 20.1399 7.7716 12.75 10.9419 17.1864 12.1522 10.7042 13.4775 11.7676 9.2546 10.389 11.0128 9.0632 10.5823 6.0905 15.1361 7.007 10.2743 9.4431 14.5577 8.563 9.0092 9.0031 8.7276 9.9874 15.0163 12.0433 7.0172 7.0064 -1 9.8342 10.4411 13.724 10.9367 16.1673 13.0945 9.9977 8.4948 8.0084
87.4366 72.7166 73.0267 78.2131 87.2065 85.9757 74.8016 70.4274 75.1774 58.2583 51.8112 54.0083 63.9108 59.0615 64.1347 62.2786 58.2472 45.1421 46.0645 37.1957 36.531 26.4713 34.6823 29.1358 17.8557 23.1795 25.7888 25.0931 13.0461 10.8421 12.7558 12.064 12.2947 15.0113 11.0973 13.5617 8.765 11.1391 10.4466 10.5952 7.8647 9.5378 12.9318 13.2676 10.6816 11.7829 17.6064 11.4009 10.1059 9.5878 9.6817 21.391 22.0907 16.0535 14.0658 14.4093 17.0855 14.5027 10.4846 10.7466 12.9955 11.2338 10.7035 12.3803 8.2438 13.098
87.3206 80.9367 85.0862 90.4149 76.9704 80.4625 71.5516 68.3664 58.6762 50.6386 48.8038 51.8408 59.2529 60.0808 70.1246 70.1326 57.2368 44.0864 38.7467 34.9343 40.2296 43.3123 19.9762 20.2628 21.3619 28.1899 35.0081 43.6802 18.638 7.3012 10.5836 10.599 10.1556 10.9822 10.6387 9.8372 8.8582 12.1409 12.6766 11.1162 11.9716 10.5671 12.9238 12.4683 11.1779 12.6671 12.2913 8.9306 11.2147 6.6672 13.3154 15.2178 19.1645 14.6348 11.7281 16.1381 19.9527 16.8175 20.0466 9.3379 8.7488 9.6901 8.6738 11.0763 10.1453 8.5984
83.3262 72.7843 80.8272 85.353 84.3425 73.4207 69.0968 59.0891 56.6197 49.6559 48.7277 60.6435 54.4291 58.5615 73.7085 75.9476 56.5463 50.0416 47.2523 44.8699 33.747 25.4952 23.2223 24.5845 27.1057 35.9211 40.4998 35.1384 19.861 8.7465 7.0133 11.3094 11.2862 11.3804 13.8276 9.2483 13.8138 11.5542 13.8805 15.9915 17.7457 15.382 15.9591 10.4662 11.114 8.9638 8.6088 11.0856 7.8941 16.6477 16.1699 19.7261 24.6819 16.5457 15.7837 22.5718 22.1389 24.3259 17.5826 19.1624 12.0362 12.4998 10.1014 11.9101 13.0541 14.2986
93.7655 89.3953 97.1416 95.313 69.7514 66.5214 59.5772 60.6323 53.4624 46.4309 50.9332 49.1453 69.2929 68.5218 83.3552 78.1998 66.253 53.225 42.4346 50.5526 57.2587 35.528 27.0364 27.1277 31.1094 40.1565 47.1713 28.0471 31.7493 25.0626 3.4281 10.3125 9.888 9.2897 10.333 9.3471 11.4744 11.7822 15.387 11.2597 9.1699 8.7987 11.4877 9.844 12.0396 15.4816 8.5577 10.6522 21.6584 25.3 22.7133 18.2848 27.4903 16.6043 23.444 21.317 22.1843 21.005 14.8397 12.2806 21.2798 15.8989 13.3499 17.1073 12.6785 7.1365
104.2799 84.9345 83.4899 75.1373 66.9521 61 60.3061 59.7019 53.213 49.1723 50.861 52.6998 69.7556 89.088 71.8471 65.7738 60.9181 49.3132 40.4493 36.073 35.4256 32.5187 32.017 33.3327 42.8659 47.8388 36.292 28.9574 34.8621 31.4881 4.1895 11.1007 13.021 8.2727 11.3194 14.8917 11.0231 10.9341 10.2463 12.4473 10.7225 9.0666 8.4574 9.3913 8.6202 9.5191 6.9637 45.5414 48.7489 27.6294 27.8429 42.7691 42.6847 18.8899 21.6299 25.0432 23.6885 15.4901 19.7999 19.3415 18.5696 13.2365 12.3914 12.1181 14.9382 8.39
86.1715 85.0912 88.0259 75.6592 67.6464 65.283 59.1419 59.531 64.3225 56.5858 61.7617 89.3712 75.8069 86.7349 80.3065 65.1445 51.1123 36.6742 37.6946 35.4843 33.3963 32.0066 31.0445 35.175 44.4459 45.7303 33.2749 29.229 30.7013 22.2584 3.8212 10.3822 12.2551 11.7139 13.7977 8.8057 11.8137 9.6827 11.7612 12.4361 13.7089 12.3486 11.2315 9.2496 8.5366 30.1202 39.3943 41.2014 32.5012 29.5346 35.0842 30.8374 25.2878 23.0593 29.0152 31.7042 19.1768 17.0843 34.3113 26.7095 16.6029 18.5161 22.9619 18.5147 15.0026 11.017
80.4452 88.5219 86.0624 88.1434 90.6483 76.7639 57.3534 54.7668 64.8887 46.8897 53.2235 68.735 70.9971 69.1297 57.4061 55.0417 52.6561 44.6591 39.3819 36.5723 33.9661 32.1723 29.216 44.3267 47.0828 40.2098 36.0953 34.8074 26.6076 20.4547 11.0633 5.7327 7.0916 10.8067 13.11 15.1822 10.3336 10.3815 13.4243 12.8168 10.2195 10.1688 9.9196 26.0958 36.7693 37.2927 38.597 38.4859 40.8157 34.7117 42.5133 39.7609 32.6872 39.033 36.1024 30.3014 28.6361 28.577 30.8563 30.6098 27.7719 23.8643 31.2286 19.3087 13.7095 14.1683
85.9573 85.4853 88.0847 86.3652 83.1272 72.5165 63.9341 54.95 52.4259 65.4008 58.6437 48.1222 57.0458 62.9645 65.6416 59.7201 58.0948 48.9283 42.2398 37.7568 39.55 28.6903 37.5885 47.9071 39.6928 37.0624 29.9589 37.5526 20.9106 14.1183 12 12.3398 11.204 5.7306 7.0973 9.3272 11.7833 11.8806 21.7434 8.1383 13.2984 23.4787 52.4837 39.692 42.0225 40.2453 37.8226 37.9358 42.94 47.5897 47.4419 35.0501 30.624 28.2992 28.629 28.9345 31.0773 35.789 35.8718 31.0491 26.5481 33.133 21.4902 14.8857 14.7216 19.0877
68.9914 76.1959 78.4947 75.6015 67.0529 55.7166 58.9974 54.7827 49.5778 52.6015 52.622 52.0408 43.4411 56.8144 64.3658 56.3321 58.1731 54.5292 40.8317 35.2018 34.9348 33.5215 45.9324 39.3919 36.8648 32.5888 25.1322 12.8535 14.4486 9.1828 12.2642 11.6635 9.6789 11.2116 4.578 15.3927 14.1941 12.0664 15.6773 17.9698 33.8638 46.6223 54.2666 56.8272 59.4909 56.1233 64.8055 58.5879 46.9491 41.2287 36.5415 36.5478 37.6224 40.0201 26.7538 27.9408 27.3468 36.163 32.5708 25.7401 30.0284 28.423 29.7988 18.6039 14.7015 14.4486
