MapLib/Lvl1_5x5/BG/Ele_BG_AA.asc
ncols         557
nrows         557
xllcorner     -500
yllcorner     6122669.448
cellsize      1000
nodata_value  -9999.0
[rows 84 to 111 of 557, columns 130 to 194 of 557]
-116.9617 -116.541 -116.3495 -115.0108 -114.3755 -113.8808 -113.0568 -112.541 -112.0821 -112.0821 -112.9771 -114.6123 -116.2476 -117.541 -118.5181 -119.541 -120.134 -120.541 -120.7788 -121 -121 -120.541 -120.541 -120.1654 -119.541 -119.019 -118.541 -117.892 -117.541 -116.7678 -116.4647 -115.6437 -114.8111 -113.9785 -113.1719 -111.8543 -111.0256 -110 -109 -108.606 -108 -108 -108 -107.3249 -106.984 -106.1785 -106 -106 -106 -106.1142 -106.9295 -107.2606 -108.0632 -108.8862 -110 -110.5514 -111.3559 -112.2931 -113 -113.7997 -114.6323 -115.8341 -116.254 -117.0566 -117.8806
-116 -115.9323 -115 -114.9068 -113.9412 -112.7402 -111.9157 -110.95 -109.9844 -109.9058 -111.3418 -112.9771 -114.6123 -115.938 -116.9771 -118.5546 -118.9291 -119.7997 -119.9546 -120 -120 -119.9601 -119.8522 -118.9346 -118.6072 -117.9091 -117.3622 -116.9058 -116.1171 -115.9058 -114.9867 -114.9058 -113.9612 -113 -112.3178 -111.6182 -110.9102 -109.9446 -108.979 -108.1282 -108 -107.9878 -107.2135 -106.9624 -106 -106 -106 -106 -106 -106 -106 -106.9512 -107.1168 -108.6812 -109.3508 -109.9079 -110.6579 -111.9334 -112.8409 -112.9589 -114.1047 -114.9844 -115.95 -116.1046 -117.6702
-115.9391 -115.0761 -114.7418 -114.0029 -113.3755 -112.2003 -111.105 -110.1271 -109.2258 -108.4159 -109.7066 -111.3418 -112.9771 -114.6123 -116.2476 -117.7172 -118.067 -118.9145 -119.1402 -119.2705 -119.2705 -119.1559 -118.9569 -118.0827 -117.7595 -117.0095 -116.2705 -115.8283 -115.2705 -114.631 -114.2323 -114 -113.1592 -112.9658 -112.086 -110.7684 -110.0128 -109.1115 -108.2101 -107.3738 -107.2705 -107.2356 -106.4425 -106.1625 -105.2705 -105.2705 -105.2705 -105.2705 -105.2705 -105.2705 -105.8879 -106.1303 -107.0316 -107.8192 -108.2705 -109.0061 -109.9284 -111.0793 -111.2705 -112.1525 -113.0538 -114.1047 -115.127 -116.0283 -116.8103
-115 -114.7379 -114 -113.6392 -112.7722 -111.7402 -111 -109.4697 -108.8345 -107.1992 -108.436 -110.0713 -111.7066 -113.3418 -114.9771 -116.6123 -117.7256 -118 -118.8242 -118.9441 -118.6353 -118 -118 -117.7467 -116.8798 -116.0223 -115.254 -114.6353 -114.0822 -113.6353 -113 -113 -112.8498 -111.9829 -111.2019 -110.4336 -109.0473 -108.2617 -107.4935 -107 -106.6353 -105.9529 -105.6353 -104.8543 -104.6132 -104 -104 -104 -104.3658 -104.7123 -105 -105.8109 -106.0742 -106.9096 -107.6353 -108.0144 -108.8752 -109.7422 -110.5898 -111 -112.1263 -112.9395 -114.2982 -115.1046 -116.47
-115 -114.2813 -114 -114 -113 -112 -111.105 -110.4697 -109.8344 -109 -109.436 -111.0713 -112 -113.3418 -114.9771 -116 -117 -117.8828 -118 -118 -118 -117 -117 -117 -116 -115.0351 -114.3999 -114 -113.1294 -113 -112 -112 -112 -111 -110.3178 -109.6825 -109 -107.412 -106.7768 -106 -105 -104.871 -104 -103.6005 -103 -103 -103 -103 -103 -104 -104 -105 -105.1168 -106 -106.3874 -107.0226 -108 -109 -109.9284 -110.5636 -111.1989 -112.8341 -113.4694 -115 -115.7399
-115 -114.2813 -114 -114 -113.7722 -113 -112.6735 -112.105 -111.5749 -110.7618 -111.6352 -111.6612 -112.4488 -113.3418 -114.9771 -116 -116.522 -117 -117 -117 -117 -116.7307 -116.3432 -115.5589 -115.2445 -114.3871 -114 -113.2789 -113 -112.1802 -111.9103 -111.3648 -110.7385 -110.3476 -109.5666 -109 -108.0473 -106.7768 -105.1415 -104.3648 -103.3648 -103.2358 -102.3648 -102.3648 -102.3521 -102 -102 -102 -102.21 -102.4988 -103.3087 -103.6707 -104.3648 -104.8425 -105.6108 -106.3791 -107.24 -108.1069 -108.9545 -109.7228 -111.0725 -111.8946 -113.1712 -114.0382 -114.8348
-115 -115 -114.2705 -114.2705 -114.2705 -114.2002 -114 -113.2705 -112.8792 -112.2705 -112.1525 -112 -112.7066 -113.2494 -113.9938 -115.3418 -116 -116 -116 -116 -116 -115.7295 -114.984 -114.7295 -113.9108 -113.7295 -112.8377 -112.5578 -111.7645 -111.7295 -111 -110.79 -110 -109.6953 -109 -108.4979 -107.7423 -106.412 -104.7768 -103.1415 -102.8664 -102 -101.7933 -101.7295 -101.7295 -101.2407 -101 -101 -101 -101.7295 -101.9584 -102.7295 -103.0852 -103.9329 -104.8343 -106.0165 -106.9074 -107.8088 -108.9284 -109.5636 -111 -111.8341 -113.4694 -114.3468 -115
-115 -115 -115 -115 -115 -114.9755 -114.9057 -114 -113.9057 -113.9057 -112.564 -112 -112.0666 -113 -113.0921 -114.0577 -115.0943 -115.0943 -115.0943 -115.0943 -115.0943 -114.0943 -114.0887 -113.3711 -113.0632 -112.1261 -112.0377 -111.0943 -111.0122 -111 -110.8721 -110.0211 -110 -109 -109 -108 -107.0473 -106.0388 -104.7768 -103.1415 -102.5063 -102 -101.2357 -101 -101 -101 -100.0943 -100.0943 -100.0943 -100.2854 -101.0798 -101.5304 -102.2001 -103.7521 -104.3873 -106 -106.6579 -107.9334 -108.9284 -109.9589 -111.1801 -111.9844 -113.4694 -115.0948 -115.9057
-115 -115 -115 -114.4648 -114.459 -114.459 -114.0482 -113.2156 -112.459 -111.6582 -110.7178 -109.4917 -109.918 -110.1029 -110.9075 -111.7401 -112.5726 -112.918 -113.459 -113.376 -112.556 -112.459 -112.459 -111.7646 -111.459 -111.0161 -110.6753 -110.459 -110.459 -110.459 -110 -110 -110 -109.9531 -109 -108 -107.0473 -106.7301 -105.541 -104.6825 -103.7734 -102.9408 -102.541 -102 -101.984 -101.1785 -100.8599 -100.541 -100.541 -101 -101.4579 -102 -103.0632 -103.8862 -105.2095 -106.5636 -107.843 -108.8341 -110.4694 -112.1046 -113.2809 -114.9161 -116.0104 -117.5976 -118.8219
-115 -115 -114.9376 -114.0089 -114 -113.8237 -113.0865 -112.2935 -110.6582 -109.6826 -108.3877 -107.8237 -107.8237 -107.7077 -108.8008 -109.8237 -110.0713 -110.8237 -111.3418 -111.6704 -110.8237 -110.8237 -110.8237 -110.2518 -109.8237 -109.8237 -110 -110 -110 -110 -110 -110 -110 -110 -109.3178 -108.1203 -108 -107.1763 -106.953 -106.1763 -105.1763 -104.1763 -103.412 -103.1763 -102.1763 -102.1763 -101.1763 -101.1763 -101.1763 -102.0372 -102.1763 -103.0849 -103.2931 -104.7958 -105.5636 -107.1989 -108.8341 -110.6456 -112.2809 -113.9161 -115.5514 -117.1867 -118.8219 -119.6334 -121.2687
-115 -114.4167 -114.1218 -114 -113.4932 -113 -112.2737 -111.0885 -109.0229 -107.3877 -106.7524 -106.1885 -105.6151 -105.5303 -107.1656 -108.1885 -108.4361 -109.1885 -109.7066 -110.1596 -110 -110 -109.952 -109.1885 -109 -109 -109.1885 -109.1885 -109.1885 -110 -110 -110.6301 -110.4774 -110 -109.3178 -108.9402 -108.8115 -108.3344 -107.9579 -107.8115 -106.8115 -105.8115 -105.0473 -104.8115 -103.8115 -103.8115 -102.8115 -102.8115 -102.8115 -102.8513 -103.6868 -103.9023 -104.8335 -105.6103 -107.1989 -108.8341 -111.0032 -113.1046 -114.7399 -116.3751 -118.0104 -120.3226 -122.0924 -123.7277 -125.3629
-115 -114.6024 -114 -114 -113.3755 -112.7402 -111.5049 -110.4697 -108.8345 -106.7562 -106.4468 -105.4468 -105.4468 -104.7886 -106.4238 -107.4468 -108.1106 -108.4468 -109.2315 -109.4468 -109.4468 -109.4468 -109.4468 -109.1365 -108.4468 -108.9806 -109.4468 -109.3416 -109.389 -110 -110 -110.7764 -110.3255 -110 -109.3178 -109 -109 -109 -109 -108.6164 -107.7269 -107 -106.5772 -106.4468 -105.4468 -105.4468 -104.8936 -104.8936 -104.8936 -104.8936 -104.8936 -105.4468 -105.9582 -107.1989 -108.4952 -110.4694 -112.4686 -114.7399 -116.3751 -118.0104 -120.6457 -122.2809 -124.9162 -126.9982 -128.6335
-115 -115 -114.675 -114.0009 -114 -113 -112.105 -111.0385 -109.9165 -108.2813 -108.082 -107.082 -107.082 -106.4238 -107.979 -108.6441 -109.082 -109.8924 -110.082 -110.082 -110.082 -110.082 -110.082 -110.082 -110.082 -110.082 -110.082 -110.0627 -110 -110 -110 -110 -110 -109 -109 -109 -109 -109 -108.7768 -108 -108 -108 -107.2984 -107.082 -107.082 -107.082 -107.082 -107.082 -107.082 -107.1641 -107.9409 -108.082 -108.1989 -109.1437 -110.4694 -112.1046 -113.7399 -115.6442 -117.9284 -119.6457 -122.2152 -123.9162 -126.5514 -129.1953 -131.5832
-115 -115 -115 -114.7203 -114 -113.7173 -112.8223 -112.187 -111.5518 -110.4909 -110.1218 -109.4346 -108.9278 -108.7764 -109.4346 -110.1565 -110.7173 -111.3505 -111.7173 -111.7173 -111.7173 -112.4346 -112.4346 -112.4346 -112.1981 -111.7173 -111.7173 -110.9334 -110.7173 -110.3544 -110 -110 -110 -109 -109 -109 -109 -109 -108.7768 -108 -108 -108 -108 -108.2866 -108.7173 -108.7173 -108.9363 -109.4346 -109.4346 -109.7173 -110.3243 -110.4346 -110.4676 -111.4694 -112.1046 -113.7237 -114.6579 -116.2931 -118.5943 -120.5636 -122.3978 -124.8341 -127.4694 -130.2093 -132.7399
-116 -116 -115.7708 -115.0038 -115 -114.8318 -114.3525 -113.6567 -113.3525 -113.3525 -112.5514 -112.3064 -111.7051 -111.7051 -112.3377 -112.3525 -112.8654 -113.3525 -113.3525 -113.5059 -114.3525 -114.3525 -114.3525 -114.3525 -114.3525 -113.3877 -112.6114 -112.2696 -111.4363 -111.1742 -110.9086 -110.0788 -110 -110 -109.5583 -109 -109 -109 -108.7768 -108 -108.6722 -109 -109 -109.1408 -109.3751 -110.2362 -110.9027 -111.3525 -111.3525 -111.5636 -112.3525 -112.3525 -112.3525 -113.1046 -113.6033 -114.3672 -115.6579 -117.2931 -118.9284 -120.5636 -122.3978 -124.8341 -127.2823 -130.2093 -133.4798
-116 -116 -116 -115.9879 -115.9878 -115.9878 -115.9878 -115.4518 -114.9878 -114.9878 -114.9825 -113.9878 -113.9878 -113.9878 -113.9878 -114.5927 -114.9878 -114.9878 -114.9878 -114.9897 -115.779 -115.9878 -115.9878 -115.9878 -115 -114.0351 -113.9878 -112.9971 -112.9878 -111.9938 -111.8484 -110.9905 -110.9878 -110.9878 -110.3139 -109.9878 -109.9878 -109.9878 -108.9973 -108.9878 -109.9878 -109.9878 -109.9878 -109.9927 -110.9878 -110.996 -112 -112 -112 -112.9904 -113 -113 -113 -113.7521 -114 -115 -115.6579 -117.0036 -117.9406 -119.5758 -121.2135 -122.8585 -125.4873 -128.2337 -130.7733
-117 -117 -117 -116.6271 -116.6231 -116.6231 -116.9604 -117.6231 -117.6231 -117.6231 -116.9744 -116.6231 -116.6231 -116.6231 -116.6231 -116.6231 -116.6231 -116.6231 -116.6231 -116.6231 -116.6231 -116.6231 -116.6231 -116.1904 -115.8757 -115.0219 -114.7738 -114 -113.6718 -113.3078 -112.6231 -112.6231 -112.6231 -111.6231 -111.6231 -111.6231 -111.6231 -110.7784 -110.6231 -110.6231 -111.6231 -111.6231 -111.6231 -111.6231 -111.6362 -112 -112.7381 -113 -113 -113 -113 -113 -113 -113.7521 -114 -115 -115.248 -116.1105 -116.3769 -117.3769 -118.5758 -120.5255 -122.2233 -124.8585 -126.7727
-118 -118 -118.0914 -118.2583 -118.2583 -118.2583 -118.2583 -119.2583 -119.2583 -119.2583 -119.2583 -118.5166 -118.3341 -118.2583 -118.2583 -118.2583 -118.1944 -118 -118 -117.8863 -117.2583 -117.2583 -117.243 -117 -116.1732 -116 -115.1033 -114.8254 -114.2583 -114.1276 -114.0365 -114.2583 -114.2583 -113.2583 -113.2583 -113.2583 -113.2583 -112.8222 -112.5166 -112.5166 -113.2583 -113.2583 -113.2583 -113.2583 -113.2493 -113 -113 -113 -113 -112.9455 -112.7417 -113 -113 -113 -113.7417 -114 -114.4879 -114.7417 -114.7417 -115.7417 -116.5347 -117.3603 -118.9528 -120.561 -121.965
-118.8936 -118.8936 -118.9312 -119.884 -119.8936 -119.8936 -119.8936 -120.8936 -120.8936 -120.8936 -120.8936 -120.8936 -120.187 -119.8936 -119.8936 -119.8936 -118.9736 -118.8936 -118.8936 -118.7565 -118 -118 -117.9937 -117.2731 -116.9649 -116.0314 -115.9361 -115 -115 -114.9462 -115.0348 -115.8936 -115.8936 -114.8936 -114.8936 -114.8936 -114.8936 -114.8936 -114.8936 -114.8936 -114.8936 -114.8936 -114.8936 -114.8936 -113.9963 -113.8936 -113 -113 -113 -112.7889 -112 -112.5367 -113 -113 -113 -113.1064 -113.1064 -113.1064 -113.1064 -114.1064 -114.1276 -114.2129 -115.2628 -116.4128 -117.2916
-120.5288 -120.5288 -120.5288 -121.5181 -121.5288 -121.5288 -121.5288 -122.5288 -122.5288 -122.5288 -122.5288 -122.5288 -121.8223 -121.5288 -121.5288 -120.7115 -120.5288 -120.5288 -120.2548 -119.9277 -119.5288 -119.3047 -118.4976 -118 -117.3545 -117 -116.2115 -115.8891 -115.5288 -115.5288 -116 -116.4106 -116.5288 -116 -116 -116 -116 -116 -116 -116 -116 -116 -116 -115.8118 -115.5104 -114.6843 -114.3674 -114 -113.5288 -113 -112.6012 -113 -113 -113 -113 -113 -113 -112.845 -112.4712 -113 -113 -113 -113.7194 -114.5758 -115.4712
-122.1643 -122.1643 -122.1643 -123.1535 -123.1643 -123.1643 -123.1643 -124.0871 -124.1643 -124.1643 -124.1643 -124.1526 -123.4095 -123.1081 -122.1834 -122.1643 -122.1643 -122.0192 -121.1643 -121.1643 -121.1643 -120.6458 -119.1546 -118.4197 -118 -117.1936 -117 -116.1256 -116 -116 -116.1412 -117 -117 -117 -117 -117 -117 -117 -117 -117 -117.0811 -117.1643 -117.1643 -117.0987 -116.1643 -116.1643 -115.1643 -115.0098 -114.1643 -113.8236 -113.1643 -113.0852 -113 -113 -113 -113 -113 -112.1161 -112 -112 -112 -112 -112.4694 -113.1046 -114
-123.7995 -123.7995 -123.7995 -124.7888 -124.7995 -124.7995 -124.7995 -124.9058 -125 -125 -125 -124.9857 -124.7995 -123.9315 -123.7995 -123 -123 -122.823 -122.7995 -122.7995 -122.169 -121.4606 -120.7404 -119.2444 -118.536 -118 -117.3197 -116.9528 -116.7995 -116.7995 -116.8278 -117 -117 -117.7995 -117.7995 -117.7995 -117.7995 -117.7995 -117.7995 -117.7995 -117.8985 -118 -118 -117.9199 -117.7995 -117.7995 -116.7995 -115.859 -115.3392 -114.7995 -114.1229 -113.9035 -113.7995 -113.7995 -113.7995 -113.7995 -113.2736 -112.9412 -112.0573 -112 -112 -112 -112.4694 -113.021 -113.792
-125.4348 -125.4348 -125.4348 -125.9939 -126 -126.4348 -126.4348 -126.4348 -126.4348 -126.4348 -126.2452 -126 -125.6007 -125 -124.4478 -124 -124 -124 -124 -123.8466 -123 -122.2505 -121 -120.3056 -119.2915 -118.4546 -118 -117.4348 -117.4348 -117.4348 -117.4348 -117.4348 -117.6675 -118.0204 -118.4348 -118.4348 -118.4348 -118.4348 -118.4348 -118.4348 -118.7139 -119 -119 -119 -119 -119 -118.3021 -117.4684 -116.4348 -115.8807 -115.4348 -114.7278 -114.4348 -114.4348 -114.4348 -114.4348 -114.1488 -113.3074 -113 -112.1897 -112 -112 -112.7001 -113 -113.7399
-126.0701 -126.0701 -126.0701 -126.99 -127 -127.0701 -127.0701 -127.0701 -127.0701 -127.0701 -127.0395 -126.9337 -126.0206 -125.6821 -125.0016 -125 -125 -124.179 -124 -123.8466 -123 -122.5761 -121.945 -121.0214 -119.6935 -119.0025 -119 -118.0701 -118.0701 -118.0701 -118.0701 -118.0701 -118.4529 -119.0701 -119.7045 -120.0701 -120.0701 -120.0701 -119.7924 -119.0701 -119.5292 -120 -120 -120 -120 -119.3769 -119.0701 -118.1295 -117.4645 -117.0553 -116.213 -116.0701 -116.0701 -115.318 -115.0701 -115.0701 -115.024 -114.0495 -113.1367 -113 -113 -113 -113 -113 -113.7399
-127 -127 -127 -127 -127 -127.4779 -128 -128 -128 -128 -127.1662 -126.2947 -126.0865 -125.2947 -125.0068 -124.2947 -124.2947 -124.2947 -123.6346 -123.2495 -123 -122.1698 -121.9583 -120.6003 -120 -119.0351 -119 -119 -119 -119 -119 -119 -119.2904 -120 -120.4812 -121 -121 -121 -120.7053 -120.7053 -120 -120 -120 -120 -120 -120 -120 -119.7228 -118.7053 -117.9378 -117.7053 -117.7053 -117.6229 -116.7784 -116.7053 -116 -115.8061 -114.9136 -114.0505 -113.7053 -113.565 -113 -113 -113.0738 -113.9234
-126 -126 -126 -126 -126.4118 -127 -127 -127 -127 -127 -126.3719 -125.6124 -124.7594 -124.434 -123.6672 -123.6594 -123.6594 -123.0773 -122.6594 -122.6594 -122.1394 -121.5761 -120.6204 -119.7635 -119.4421 -119 -119 -119.4958 -120 -119 -119.0481 -119.8526 -120 -120 -120.6822 -121.5499 -122 -122 -121.3406 -121.3406 -121 -121 -121 -121 -121 -121 -121 -120.3798 -119.6203 -119.2687 -118.4419 -118.3406 -118.3406 -118.3406 -117.9532 -117.3329 -116.5662 -115.8067 -115.3406 -114.6283 -114.2728 -114 -114 -114 -114
-125.0242 -125.0242 -125.0242 -125.0242 -125.0242 -125.0483 -125.0483 -125.0483 -125.0483 -125.0483 -124.0483 -123.0483 -123.0313 -122.0483 -122.0247 -122.0242 -122.0242 -121.1627 -121.0242 -120.0483 -120.0483 -119.6245 -118.9665 -118.0316 -118.0242 -118.0242 -118.0242 -118.0483 -118.0483 -118.0242 -118.0276 -118.806 -119.0242 -119.0242 -119.7064 -121.0242 -121.0242 -121.0242 -122 -122 -121 -121 -121 -121 -121 -121 -121 -121 -120 -119.9949 -119.15 -119 -119 -119 -118.9906 -117.9774 -117 -116.6898 -116 -115.4258 -114.9952 -114.9758 -114 -114 -114
-122.3889 -122.3889 -122.3889 -122.3889 -121.7778 -121.7778 -121.7778 -121.7778 -121.7778 -121.2885 -120.7778 -119.7778 -119.7778 -118.7778 -118.7778 -118.7778 -118.7778 -118.7778 -118.0723 -117.7182 -116.907 -116.613 -115.7778 -115.7778 -115.6496 -115.3889 -115.6223 -115.7778 -115.7778 -116.3889 -116.3889 -116.3889 -117.0294 -117.3889 -118.0711 -119.3889 -119.9711 -120.3889 -121 -121 -121 -121 -121 -121 -121 -121 -121 -121 -121 -120.4821 -120 -120 -120 -120 -119.6127 -118.5973 -117.7441 -117 -116.6389 -116 -115.6111 -115.6111 -115.3242 -115 -115
