MapLib/Lvl1_5x5/BG/Ele_BG_FD.asc
ncols         557
nrows         557
xllcorner     1670500
yllcorner     3337669.448
cellsize      1000
nodata_value  -9999.0
[rows 286 to 311 of 557, columns 464 to 521 of 557]
-1738.3888 -1739.9553 -1744.1254 -1744.3557 -1743.6401 -1740.0663 -1732.7896 -1712.5459 -1685.4476 -1645.6793 -1600.7712 -1544.4993 -1489.1384 -1434.2458 -1380.2823 -1326.2916 -1274.1797 -1223.4579 -1175.15 -1128.5273 -1087.1475 -1046.9517 -1015.1077 -986.485 -967.8619 -952.8475 -944.6885 -943.9423 -947.8752 -955.3988 -965.2103 -976.0346 -986.6553 -993.2165 -998.2721 -997.2909 -993.7247 -984.9319 -974.9522 -962.9733 -949.9034 -936.8214 -926.6621 -917.9286 -909.7524 -903.2708 -899.3613 -897.0363 -894.998 -893.3183 -893.1612 -891.7638 -889.2571 -884.7133 -879.5325 -869.0131 -855.8787 -837.2316
-1726.7437 -1730.8298 -1736.7299 -1741.6832 -1745.9917 -1744.9227 -1739.9165 -1720.9434 -1694.2882 -1646.5509 -1593.8422 -1532.222 -1471.9214 -1413.962 -1358.8494 -1305.999 -1256.1185 -1207.4471 -1161.8018 -1117.0089 -1077.8427 -1039.7335 -1008.3167 -980.3177 -960.329 -945.6806 -937.5043 -934.8861 -937.4749 -944.7279 -953.7363 -962.9398 -972.4837 -978.4791 -982.5464 -980.2997 -975.5621 -966.638 -955.3564 -942.5234 -929.4332 -915.5358 -905.3642 -895.6785 -888.7413 -882.9814 -880.7072 -879.8398 -880.6898 -881.6841 -884.2156 -885.6727 -885.8593 -883.0629 -878.6086 -868.2917 -855.1161 -837.1891
-1706.6382 -1710.5024 -1717.0994 -1725.6735 -1734.6168 -1734.9357 -1730.0498 -1714.8306 -1689.7808 -1633.2719 -1572.0238 -1506.2157 -1442.9476 -1384.2657 -1330.2642 -1281.1974 -1234.0569 -1188.6676 -1145.9905 -1104.9084 -1067.384 -1031.3868 -1001.2824 -973.8681 -953.5366 -937.8485 -929.0369 -925.7098 -928.1017 -934.5244 -942.7007 -951.7474 -960.6047 -965.69 -969.5506 -966.28 -960.922 -951.3123 -939.7194 -925.9991 -912.5312 -898.6303 -888.1898 -878.6918 -872.1507 -867.4194 -866.2969 -866.1716 -868.6285 -871.5636 -876.5259 -880.4846 -882.5177 -881.4276 -877.3653 -867.222 -854.7761 -836.9457
-1678.8389 -1682.7031 -1689.334 -1700.3407 -1712.8405 -1713.6772 -1709.2349 -1698.4178 -1676.5725 -1609.6138 -1539.8781 -1469.9592 -1404.8809 -1346.7084 -1296.4733 -1251.9609 -1209.3735 -1167.2164 -1128.5027 -1091.4349 -1055.8428 -1022.5408 -993.1061 -966.5234 -946.2208 -930.2484 -920.8607 -916.7197 -918.2902 -924.7129 -932.8892 -941.1222 -949.2481 -955.0319 -958.1038 -954.8259 -948.1096 -938.0191 -925.7692 -912.5761 -898.5931 -884.6917 -874.6955 -865.6097 -859.7062 -854.6105 -853.9715 -855.4815 -858.2621 -862.4346 -869.6347 -875.7093 -879.6895 -879.303 -875.73 -866.1267 -853.94 -836.1891
-1635.7013 -1636.5763 -1640.7086 -1648.2152 -1656.0417 -1654.0514 -1646.8324 -1631.3496 -1606.027 -1542.6342 -1475.6478 -1408.6476 -1347.7384 -1296.0188 -1250.8873 -1212.6548 -1176.0469 -1140.925 -1107.6317 -1074.538 -1042.5173 -1010.882 -982.6523 -957.0953 -936.6702 -920.9821 -911.6844 -907.8813 -909.2056 -914.7045 -922.0776 -930.9802 -939.3276 -945.1307 -948.3625 -944.8962 -938.569 -928.6218 -917.0759 -904.3178 -890.9811 -877.899 -867.7274 -859.0967 -852.9286 -848.0976 -847.4586 -848.9006 -851.992 -856.1645 -863.0937 -868.9484 -873.4615 -873.3295 -869.5914 -860.4362 -848.8057 -831.1338
-1585.6754 -1583.0698 -1583.3599 -1584.2638 -1584.5369 -1578.651 -1568.3856 -1545.0464 -1514.2401 -1458.1697 -1399.6097 -1337.9575 -1282.5479 -1238.6522 -1201.0192 -1169.3033 -1140.5981 -1112.4353 -1084.2726 -1056.9608 -1027.7998 -998.7067 -971.0191 -946.3327 -926.8587 -911.2683 -902.4024 -899.0428 -899.8162 -905.0421 -912.2911 -920.9891 -929.6651 -935.4683 -938.8815 -936.2307 -930.0895 -920.7302 -910.0045 -897.1574 -885.26 -873.1155 -863.358 -854.34 -848.5247 -844.3409 -842.7056 -843.1843 -846.0464 -850.1097 -856.3235 -861.623 -865.7211 -865.6935 -861.6434 -852.9617 -841.3152 -825.2789
-1530.0302 -1522.9274 -1518.682 -1512.3129 -1504.0267 -1493.0192 -1479.083 -1451.1799 -1416.426 -1367.4388 -1315.8427 -1259.5386 -1211.6279 -1177.5776 -1149.5483 -1125.5968 -1102.7861 -1081.6068 -1059.6431 -1037.6794 -1010.22 -983.295 -957.5284 -934.4037 -916.295 -902.2848 -893.6229 -890.0783 -891.64 -896.8657 -903.4068 -911.9974 -921.4888 -927.292 -931.4895 -928.0615 -922.7213 -914.1892 -904.1805 -891.8982 -880.4991 -869.6918 -860.0572 -851.0695 -845.2542 -841.0704 -838.6537 -837.7832 -840.1294 -842.8611 -847.2687 -851.6762 -855.1252 -854.2762 -849.4122 -840.7306 -829.9351 -814.6706
-1475.0229 -1462.9332 -1453.5875 -1440.6486 -1424.8254 -1409.575 -1391.8356 -1359.6339 -1323.5806 -1280.7628 -1235.8401 -1184.7615 -1144.1272 -1119.9485 -1099.1837 -1081.8333 -1065.358 -1049.6917 -1033.3235 -1016.3536 -991.8554 -966.7588 -943.2875 -922.3714 -906.705 -894.0425 -885.6973 -882.6675 -884.8644 -889.446 -895.6501 -903.9297 -912.3126 -918.5439 -923.1093 -920.4573 -914.9078 -907.205 -897.8865 -886.4757 -876.2136 -866.402 -857.0101 -847.9598 -842.1445 -837.4482 -833.9096 -831.6371 -832.4825 -833.908 -836.7178 -839.5687 -842.5003 -840.2892 -835.026 -826.5229 -816.3626 -801.9617
-1426.6777 -1411.0548 -1397.7832 -1381.6158 -1363.2402 -1343.5129 -1322.0396 -1290.4247 -1256.0109 -1216.7316 -1176.7346 -1133.6619 -1099.0857 -1077.2048 -1058.6716 -1043.0092 -1029.2819 -1016.2895 -1003.0332 -988.4519 -968.9673 -948.9768 -929.5331 -911.6096 -898.6172 -888.2122 -881.412 -878.8207 -880.4519 -884.4701 -889.3318 -896.6245 -903.1306 -908.8441 -912.2429 -909.5993 -905.0768 -897.5553 -889.2361 -879.4292 -869.6725 -859.861 -850.4797 -841.4139 -834.8229 -828.984 -824.6823 -822.0048 -820.6014 -820.5612 -822.0142 -823.3967 -824.1602 -820.9885 -815.8999 -807.0607 -797.8646 -784.4836
-1381.6945 -1363.8048 -1347.1969 -1328.8248 -1308.984 -1286.9872 -1262.5415 -1232.2667 -1199.0012 -1163.7068 -1127.3997 -1092.6483 -1062.4463 -1040.4724 -1022.6469 -1008.1587 -995.3184 -984.5617 -972.7402 -960.4657 -945.874 -931.0302 -915.8061 -902.4281 -892.1098 -883.759 -878.4366 -876.3099 -877.1814 -880.3234 -884.426 -888.9516 -894.0964 -897.645 -900.106 -898.1525 -894.2383 -887.7437 -880.2886 -871.2529 -861.7513 -851.9398 -842.8183 -833.4071 -825.9565 -819.0864 -814.1806 -810.2162 -807.5223 -806.1666 -805.7282 -805.2898 -803.6039 -799.8722 -794.7156 -786.7474 -776.9359 -764.8497
-1341.9718 -1323.0947 -1305.6826 -1286.7039 -1266.7653 -1244.5563 -1219.6814 -1191.2096 -1160.6194 -1128.0012 -1095.3199 -1063.9091 -1035.9521 -1014.6938 -995.8902 -980.0649 -967.8578 -957.3516 -946.399 -935.2096 -925.4002 -915.0175 -904.3907 -894.372 -886.9277 -880.5952 -876.8014 -874.6746 -874.3493 -876.2208 -878.6882 -881.4812 -884.5117 -886.4603 -887.3494 -885.3831 -881.7915 -876.6976 -870.0938 -861.3007 -851.9398 -842.395 -833.3167 -823.5662 -815.0939 -807.1612 -801.4084 -796.1773 -792.4515 -788.9424 -787.709 -784.8109 -781.8294 -777.1159 -772.1318 -764.1638 -754.5641 -742.8912
-1306.7203 -1286.7303 -1269.288 -1249.6649 -1230.0294 -1207.5647 -1183.9984 -1157.1915 -1130.0759 -1099.2681 -1069.3827 -1040.7523 -1015.2658 -993.0783 -974.7532 -957.7432 -944.903 -935.03 -925.179 -915.3342 -908.4174 -901.812 -894.4565 -887.9622 -882.0556 -877.7671 -874.4851 -872.1495 -870.5393 -871.315 -872.1837 -873.2153 -874.2757 -874.3047 -873.9813 -872.3066 -869.3841 -864.7463 -858.7048 -851.4892 -842.1282 -832.3489 -822.5445 -812.8199 -803.9106 -794.857 -788.33 -781.814 -776.5936 -771.7234 -768.3981 -764.9551 -760.0811 -755.1829 -749.2383 -741.9556 -732.4449 -721.6223
-1276.2069 -1256.7679 -1239.166 -1220.7922 -1202.0848 -1181.127 -1159.0259 -1134.4714 -1109.2041 -1081.5846 -1054.0339 -1027.7292 -1002.905 -980.8268 -961.7508 -944.9188 -931.6634 -920.9626 -912.1034 -903.6074 -898.7923 -893.7446 -889.0632 -884.0376 -879.7588 -876.0925 -872.822 -869.9258 -866.912 -865.0951 -864.1207 -863.1462 -862.7677 -861.4951 -860.264 -858.6287 -856.0897 -852.3963 -847.1211 -839.6312 -831.7208 -822.3978 -812.6936 -802.2862 -792.4747 -782.809 -774.6545 -767.1112 -760.9743 -754.7978 -749.8336 -744.6664 -739.4262 -733.9246 -727.8939 -719.8018 -711.1609 -700.364
-1248.4136 -1230.0267 -1212.3149 -1195.4393 -1178.3558 -1159.0492 -1138.0713 -1115.9252 -1093.3916 -1067.7457 -1041.9397 -1017.587 -993.6025 -971.8809 -952.4722 -935.274 -921.737 -910.864 -902.7016 -896.1606 -892.21 -888.3347 -885.2687 -881.6129 -877.7072 -873.3056 -869.8883 -865.5276 -860.9238 -857.4506 -854.6276 -852.3242 -850.0483 -848.2425 -846.5467 -845.1426 -842.8636 -839.6576 -834.7254 -828.7338 -820.6472 -811.652 -801.6509 -790.8185 -780.071 -769.9017 -760.7084 -751.5313 -743.8928 -736.6185 -729.8463 -724.114 -718.3853 -711.9921 -705.1417 -696.9654 -688.4403 -677.8708
-1223.7113 -1205.8528 -1188.5939 -1173.6581 -1158.449 -1140.1951 -1121.36 -1102.4144 -1081.8204 -1057.9198 -1033.8734 -1010.8632 -988.2335 -966.1371 -947.0528 -929.7646 -916.8312 -905.9582 -898.5647 -892.7552 -889.3081 -885.9194 -883.4169 -879.9777 -876.0719 -871.1661 -866.1418 -860.6218 -854.288 -849.1038 -844.3054 -840.063 -836.8774 -834.366 -832.6957 -831.2014 -829.7816 -827.4147 -823.2043 -817.287 -809.8272 -800.8356 -790.2817 -778.4357 -766.989 -755.6758 -745.2252 -734.6317 -725.136 -717.0803 -708.9889 -702.07 -695.6395 -688.7147 -680.6806 -673.3029 -664.7778 -654.1124
-1199.5709 -1181.8802 -1166.0743 -1152.0372 -1137.6396 -1121.4979 -1104.5381 -1087.6613 -1069.2076 -1047.3494 -1025.2761 -1003.2029 -982.0255 -961.6038 -943.3167 -926.769 -913.9287 -903.5574 -896.7671 -891.0436 -887.5392 -884.3264 -881.8737 -878.1491 -872.935 -867.0444 -860.8291 -853.8234 -845.9637 -839.2027 -833.0764 -827.8519 -822.8842 -820.8788 -818.6137 -817.481 -816.3432 -814.7079 -811.2443 -805.5646 -797.9714 -788.9775 -777.8005 -765.3083 -752.6796 -740.0958 -727.5103 -715.2432 -704.7444 -694.5651 -685.5196 -677.2837 -670.3375 -662.257 -654.0807 -645.9044 -637.0515 -627.0728
-1175.8965 -1159.1797 -1143.8221 -1129.9158 -1116.8337 -1102.931 -1087.795 -1072.4492 -1055.464 -1036.2084 -1016.5453 -996.273 -976.2169 -957.3705 -940.8511 -925.1753 -913.3689 -903.5574 -896.1925 -890.4885 -887.0409 -883.7704 -880.3972 -876.3218 -869.6439 -862.4471 -854.3851 -845.8943 -837.4306 -829.1943 -821.7362 -815.5756 -809.8364 -807.2028 -804.5828 -804.0405 -803.2611 -801.6259 -798.2874 -793.3934 -785.9336 -776.1221 -764.2632 -751.1688 -737.1372 -722.6445 -708.3912 -695.082 -681.913 -670.4111 -660.5126 -650.8102 -642.5233 -634.3207 -625.9399 -616.8704 -607.3062 -596.5092
-1155.2156 -1139.0471 -1124.1469 -1111.0648 -1097.9828 -1085.6348 -1072.3629 -1057.8319 -1042.9194 -1025.5657 -1007.7135 -989.5268 -971.618 -954.1282 -938.9595 -924.5739 -913.3689 -904.0004 -897.1451 -891.395 -887.813 -883.7704 -879.7498 -874.6866 -867.1297 -858.6702 -849.0034 -839.3533 -829.5417 -820.0029 -811.2065 -804.4976 -799.1618 -795.8913 -792.5949 -792.593 -791.7234 -790.0881 -787.5387 -781.9467 -774.3442 -763.9031 -750.8297 -737.1667 -721.0214 -704.1245 -687.9989 -672.5065 -657.8111 -643.6351 -632.3405 -622.1055 -612.4824 -603.3417 -594.8772 -585.2756 -575.1948 -563.895
-1135.4073 -1119.9983 -1106.5664 -1093.4844 -1081.1252 -1069.6785 -1057.639 -1044.3784 -1030.7888 -1015.4312 -999.6179 -982.748 -966.9648 -951.2979 -937.2485 -924.29 -914.3074 -905.5385 -898.7803 -893.0303 -888.9688 -884.6556 -879.7498 -873.9164 -864.8887 -855.3904 -844.1476 -833.2497 -822.668 -812.1892 -801.5455 -795.2839 -789.6968 -785.5939 -782.5898 -781.9713 -782.3193 -780.5704 -776.813 -771.9072 -762.8553 -751.8944 -737.4585 -721.9309 -703.6474 -685.4008 -666.7467 -649.35 -632.1128 -616.8979 -603.3686 -591.5612 -581.0835 -571.1936 -561.9747 -552.1631 -542.0028 -529.5703
-1121.9242 -1106.424 -1093.3011 -1080.2599 -1068.4933 -1057.0464 -1045.6423 -1033.941 -1020.8923 -1006.3821 -991.6865 -977.0017 -962.3115 -948.6526 -935.6276 -923.8772 -914.3475 -907.1556 -900.4493 -895.5098 -890.6245 -886.5834 -880.7605 -873.7144 -863.8962 -853.7387 -841.9197 -830.473 -819.0261 -808.5367 -797.1254 -790.4926 -784.5685 -780.4074 -776.8987 -775.8716 -775.1857 -772.5385 -769.0441 -762.5463 -752.4434 -740.1418 -724.1105 -706.5267 -686.8339 -666.141 -645.4944 -625.7979 -606.3718 -588.3527 -574.3738 -560.8092 -548.5004 -537.4695 -527.5167 -516.7923 -505.6197 -493.1453
-1110.261 -1095.6552 -1082.2654 -1069.9521 -1057.7244 -1046.9221 -1035.8308 -1024.0619 -1011.7587 -999.3545 -985.8234 -971.8683 -958.0558 -946.0601 -934.314 -923.4048 -915.2459 -908.3828 -902.9835 -897.2506 -893.0717 -888.2188 -881.6777 -874.564 -863.8766 -852.9646 -840.7651 -828.8377 -817.0101 -805.9441 -795.3294 -787.4526 -780.4389 -776.4305 -773.0181 -770.9578 -768.8862 -765.7305 -760.926 -753.0402 -742.3298 -728.695 -711.1143 -691.0449 -669.2946 -646.3608 -623.5607 -601.6219 -579.7715 -560.5533 -544.4248 -529.0614 -515.9794 -503.6624 -492.2408 -481.0909 -469.4076 -456.2167
-1102.9325 -1088.47 -1075.7319 -1063.5188 -1051.8524 -1041.0586 -1030.1423 -1018.512 -1007.0652 -994.1266 -981.3578 -968.037 -955.3182 -943.4576 -932.888 -923.1804 -916.1844 -910.1978 -904.9993 -900.0935 -895.5171 -891.1312 -883.5629 -875.4235 -864.8624 -853.517 -840.5801 -828.2024 -816.3699 -805.622 -795.0073 -786.6631 -779.379 -774.4731 -769.8237 -767.0436 -763.7731 -759.9105 -753.1765 -744.1375 -731.4009 -716.4283 -697.4344 -675.5735 -650.9437 -625.7143 -600.6733 -576.3792 -553.1713 -531.5695 -513.2847 -497.1838 -482.4665 -468.879 -456.4837 -444.1152 -432.1157 -418.9277
-1096.2366 -1083.2659 -1070.8379 -1059.3418 -1047.2457 -1036.4482 -1026.5874 -1014.5547 -1003.1078 -990.1694 -978.0873 -964.9659 -952.6977 -941.8534 -932.0264 -923.4681 -917.1329 -912.2271 -907.3214 -902.4156 -898.4583 -893.3745 -885.1981 -876.2711 -865.8055 -853.7534 -840.3802 -827.5156 -816.0688 -805.622 -795.0073 -786.2199 -777.7437 -772.1381 -766.9837 -763.0784 -758.2569 -753.3695 -745.7684 -734.4917 -720.5141 -704.2038 -682.6596 -659.0731 -632.2676 -605.5009 -577.7859 -551.3203 -525.8755 -502.2951 -482.5327 -464.4786 -448.9952 -434.5386 -420.5081 -408.1396 -395.362 -381.3276
-1093.6373 -1081.5486 -1069.6855 -1058.2388 -1047.1074 -1036.3451 -1026.4843 -1014.4515 -1003.0048 -989.4825 -976.4005 -963.3184 -951.0314 -941.2198 -932.4662 -924.3707 -918.7681 -915.1973 -910.6623 -906.5697 -900.9454 -894.9427 -885.9374 -876.6616 -864.8646 -853.1697 -840.6713 -828.5156 -816.5072 -805.8188 -795.1752 -785.3904 -776.0058 -769.0341 -761.9117 -756.64 -751.0906 -744.3822 -735.0986 -722.5187 -706.268 -688.1437 -664.7514 -639.4579 -611.235 -582.4811 -553.3126 -524.9257 -498.6537 -473.8656 -452.5092 -433.084 -415.4407 -399.7552 -385.4542 -371.4504 -358.6394 -345.2847
-1091.5791 -1080.222 -1068.9495 -1058.4576 -1047.3263 -1037.3066 -1026.575 -1014.6705 -1003.0362 -989.0662 -975.6382 -961.6832 -949.3961 -939.6173 -932.109 -924.568 -919.904 -915.9664 -912.144 -908.0292 -900.8404 -893.2164 -883.9907 -873.9047 -861.5378 -849.3643 -837.6487 -825.4783 -814.193 -803.9861 -794.3505 -784.0715 -773.7274 -764.4922 -756.4127 -749.8716 -743.1897 -735.0728 -723.9538 -709.0846 -691.1907 -670.3932 -645.1964 -618.0876 -588.4941 -558.6384 -528.3466 -498.5427 -470.5244 -444.529 -421.957 -401.1235 -382.9545 -366.2877 -350.9164 -336.9127 -323.5582 -309.9659
-1091.3865 -1081.0463 -1070.5847 -1060.0929 -1048.9615 -1038.1993 -1026.8983 -1015.4515 -1003.8799 -988.6462 -974.1115 -960.251 -947.7609 -937.9821 -930.4738 -922.9327 -917.467 -913.5081 -908.8735 -904.7587 -895.1505 -885.0402 -874.5879 -863.7922 -850.856 -838.4297 -827.8372 -817.1816 -807.2775 -797.5989 -789.3013 -779.1658 -767.9674 -758.1559 -748.2364 -741.6954 -733.9609 -724.2419 -711.0121 -694.2828 -673.7415 -650.2703 -622.7681 -593.5587 -563.3984 -532.4743 -501.4044 -470.2039 -441.9439 -415.1781 -392.1027 -370.6999 -351.1946 -333.9286 -318.2113 -304.2075 -290.5692 -278.0418
