MapLib/Lvl1_5x5/BG/Ele_BG_EC.asc
ncols         557
nrows         557
xllcorner     1113500
yllcorner     3894669.448
cellsize      1000
nodata_value  -9999.0
[rows 308 to 335 of 557, columns 189 to 251 of 557]
-420.717 -382.4104 -342.8333 -303.2041 -267.25 -234.9931 -214.0831 -198.0525 -188.9379 -182.677 -180.2542 -178.3301 -177.4666 -174.28 -168.8181 -163.8276 -157.962 -151.9553 -145.5199 -141.1792 -137.2189 -136.2201 -136.11 -136.11 -134.0537 -127.7311 -122.7287 -118.2153 -115.9724 -114.3371 -112.7347 -111.1767 -106.4042 -101.2945 -94.7535 -88.6868 -82.769 -77.7653 -73.7494 -70.7645 -69.0576 -68.8143 -69.4498 -66.3369 -62.4498 -61.6228 -61.912 -62.7673 -65.1353 -68.0784 -69.7832 -70.8502 -71.89 -71.99 -72 -72 -71.1852 -70.5499 -70 -70 -68.6442 -67.0089 -64.8163
-421.5786 -388.4701 -351.0997 -312.2557 -277.0616 -245.1152 -223.8871 -207.2072 -197.6191 -190.1395 -186.3533 -183.0658 -180.9836 -176.8773 -171.3433 -165.6682 -160.1272 -154.3416 -148.5483 -143.791 -140.3448 -139.0577 -137.5843 -136.3655 -132.9257 -127.7674 -122.5477 -117.9229 -115.9724 -114.3371 -113 -112.0666 -107.7179 -102.9298 -96.3887 -89.9685 -83.5614 -77.2101 -71.8308 -66.7372 -63.2325 -61.0604 -59.8416 -56.67 -53.5282 -53.3176 -54.0802 -56.4436 -60.0304 -63.7743 -67.2579 -68.8932 -70.4587 -71.2315 -72 -72 -71.1852 -70.8854 -70.7453 -70.7453 -69.6547 -68.4995 -66.8643
-419.3348 -392.7801 -358.9653 -322.1229 -287.7377 -256.4135 -235.0405 -217.7405 -206.6064 -198.088 -192.5176 -187.5115 -182.7901 -177.8843 -172.9275 -167.2157 -161.5359 -156.6418 -151.736 -147.9483 -144.2506 -140.9593 -137.8662 -133.9734 -130.1597 -125.9197 -121.3482 -117.2153 -115 -114.3371 -113.7019 -113 -108.5105 -103.6913 -97.9628 -91.3024 -83.9002 -76.7369 -69.0988 -63.1713 -56.6587 -51.7971 -47.9042 -45.8155 -43.5965 -44.4119 -46.1976 -50.0533 -54.3354 -59.4829 -64.2434 -66.8965 -69.2738 -70.909 -71.5443 -72 -72 -72.3806 -72.413 -72.7611 -72.4053 -71.7611 -70.3731
-415.8348 -394.6282 -364.837 -331.1735 -298.4819 -267.8668 -247.555 -230.9416 -218.531 -207.3492 -199.1048 -191.1309 -184.564 -178.5037 -172.598 -167.6922 -162.7928 -158.9369 -155.6816 -152.1057 -148.1563 -143.2892 -138.3642 -132.5813 -127.5163 -123.7386 -119.7091 -116.1995 -115 -114.3476 -114 -113.0814 -109.2941 -104.4009 -98.6434 -92.1107 -84.4517 -76.2754 -68.0833 -59.9071 -52.3712 -45.7998 -39.2216 -37.9297 -37.9526 -38.7795 -40.3477 -45.2608 -50.8993 -57.4462 -61.9939 -66.2612 -68.2738 -70.818 -71.5515 -73.0028 -73.8306 -74.0229 -75.0172 -75.7408 -76.0316 -76.0316 -75.0474
-411.7153 -395.2867 -370.2598 -341.2241 -310.9462 -282.328 -262.5903 -245.5295 -231.0699 -217.881 -205.9253 -195.6634 -186.4225 -178.8301 -172.598 -167.6922 -163.842 -161.2624 -158.9521 -155.6816 -152.411 -146.5597 -140.2972 -132.3945 -126.0268 -122.6345 -118.4858 -115.4708 -115 -115 -114.457 -114 -109.2941 -104.6661 -98.6434 -91.9769 -84.4517 -76.2754 -67.0992 -58.9229 -50.7466 -42.4705 -33.4453 -33.8452 -35.1248 -35.9396 -38.2254 -43.2924 -48.931 -55.84 -61.6587 -65.6927 -68.9248 -70.8773 -72.3544 -73.8306 -75.4659 -76.1011 -77.3319 -78.1202 -79.3021 -79.9474 -79.3021
-408.115 -394.959 -375.7122 -353.1816 -328.8077 -304.7585 -284.3703 -264.279 -246.4539 -229.4392 -213.925 -200.196 -188.5282 -179.649 -172.5596 -167.8464 -164.766 -163.2466 -161.8046 -159.2624 -156.6816 -150.2494 -143.2679 -135.3161 -128.4602 -124.0427 -120.7721 -117.614 -116.5727 -116.3829 -115.7019 -114.0666 -108.602 -102.8981 -96.3571 -89.8161 -83.275 -76.2024 -69.4943 -62.5044 -55.5426 -48.7975 -42.0106 -41.591 -42.4316 -42.4316 -43.6075 -45.9981 -50.2173 -57.8637 -63.5824 -68.3054 -70.8464 -73.1304 -73.9611 -75.4659 -77.1011 -77.7364 -79.3716 -80.4926 -81.9285 -82.5727 -83.5727
-405.3955 -394.7557 -380.203 -365.0333 -347.5146 -328.4525 -306.2573 -283.4919 -261.7519 -240.9551 -220.5851 -204.0173 -191.0029 -180.4669 -172.464 -168.2307 -165.5638 -164.9185 -164.2211 -162.8188 -160.8737 -153.5199 -145.7798 -137.665 -131.3834 -126.4872 -123.1051 -120.4508 -118.9216 -118.2587 -116.3487 -114.0666 -107.7701 -101.9966 -94.7218 -87.6964 -82.6624 -77.6284 -72.6729 -67.6401 -62.6833 -57.9128 -53.6091 -52.4163 -51.5295 -51.5295 -51.5658 -51.6863 -54.6173 -61.6047 -67.7715 -71.1202 -73.8646 -74.8306 -76.4232 -77.1011 -78.7364 -79.3716 -81.0069 -82.6421 -84.2774 -85.8349 -87.4204
-408.2969 -395.5515 -385.6171 -376.3344 -364.7272 -350.0539 -325.8219 -299.739 -274.6177 -249.98 -226.5954 -207.0595 -192.7249 -180.7854 -171.5233 -167.333 -165.5955 -165.5568 -165.5568 -165.7296 -164.2226 -156.2097 -148.4765 -140.3002 -133.0971 -128.1913 -124.7998 -122.7213 -121.5292 -119.894 -117.9606 -115.1037 -107.9657 -100.9806 -93.1762 -86.4944 -83.3375 -80.4818 -78.1219 -75.7705 -73.9589 -72.2013 -70.6472 -67.7021 -65.263 -63.9942 -62.8979 -62.8979 -64.6881 -70.6081 -74.2306 -75.7933 -77.1137 -77.5165 -78.3549 -79.6568 -80.4748 -82.0069 -83.6421 -85.6786 -87.4695 -89.1048 -90.1137
-414.4214 -400.8001 -392.9059 -386.5117 -377.9296 -365.3838 -340.469 -312.0858 -284.9023 -257.8766 -231.8965 -210.058 -193.3913 -181.0075 -171.464 -167.2307 -165.6732 -166 -166.5454 -166.7483 -165.4886 -156.7118 -148.5355 -140.3592 -133.763 -128.5642 -126.0508 -124.6077 -122.9724 -121.3371 -118.4038 -115.1333 -108.7255 -101.3648 -93.3497 -87.294 -85.6587 -84.7684 -84.7684 -84.7589 -84.1526 -84.3836 -85.1375 -81.398 -77.7692 -75.1668 -73.0638 -72.9605 -74.2852 -78.3123 -80.5757 -80.3842 -80.3842 -80.3842 -80.9285 -82.4187 -83.3911 -84.8342 -86.6616 -88.879 -90.74 -92.3753 -93.3842
-426.0671 -415.2137 -405.557 -395.9661 -384.0202 -368.6543 -344.6938 -318.0583 -288.7333 -260.3734 -234.8303 -212.3167 -193.6145 -180.5928 -172.2913 -168.0581 -166.4927 -166 -165.4415 -164.035 -161.4542 -153.4413 -145.265 -137.0887 -130.8856 -126.929 -125.0419 -124.1049 -122.9724 -121.3371 -118.4038 -115.1333 -109.5528 -103.9766 -97.9924 -93.835 -92.1998 -91.3094 -92.1368 -92.1522 -93.1368 -93.9641 -94.1232 -90.8512 -86.912 -84.3102 -81.6746 -81.1368 -81.8695 -83.741 -84.6542 -84.4821 -83.6547 -83.6547 -84.199 -85.8342 -87.4695 -88.9321 -90.8106 -93.2026 -94.5435 -95.6458 -96.6547
-435.8706 -426.059 -415.274 -404.1398 -389.456 -372.8937 -351.5818 -326.8736 -297.1114 -268.4 -245.0057 -222.3731 -200.4653 -186.4752 -178.7023 -173.3439 -169.0717 -166.9068 -165.4753 -162.5462 -158.7007 -150.6334 -142.4571 -133.887 -128.3267 -125.8782 -125 -124.2811 -122.9724 -121.3371 -118.4038 -115.1333 -110.7567 -106.5174 -102.4078 -98.9134 -97.2782 -97.1328 -98.0547 -99.395 -100.2001 -101.0041 -101.3878 -98.2749 -94.467 -90.8139 -88.3878 -87.3878 -87.3878 -88.5856 -88.922 -87.9252 -86.9252 -86.9252 -87.9321 -90.1048 -92.117 -94.0461 -95.9816 -97.3878 -98.579 -99.3837 -99.9252
-443.7533 -433.9417 -422.1083 -409.8801 -394.4578 -377.8894 -360.0769 -338.7378 -309.4994 -283.098 -263.5081 -241.012 -215.5423 -199.9255 -191.576 -183.0797 -174.9295 -170.2102 -166.7796 -162.167 -157.1687 -149.096 -140.7248 -131.7579 -126 -125.0979 -125.0979 -125 -123.9724 -122.3371 -119.4038 -116.1333 -111.9606 -108.894 -106.5017 -104.7213 -103.0861 -102.2686 -103.6366 -104.309 -105.8806 -106.2237 -107.1246 -103.5808 -99.9102 -96.5587 -93.2484 -92.2936 -92.2936 -92.1957 -92.1925 -91.1957 -90.1957 -90.1957 -91.7933 -94.3928 -96.9232 -99.7437 -101.3789 -102.2936 -103.2936 -103.2936 -103.8586
-443.1819 -432.1715 -421.3707 -411.3799 -400.8851 -389.7643 -376.8723 -361.6205 -339.3256 -317.7905 -299.7379 -279.0751 -252.6805 -233.5387 -218.1628 -202.5555 -187.5886 -177.9542 -170.6508 -164.5354 -158.6841 -150.988 -143.1191 -134.7156 -129.3089 -128.1101 -127.4663 -126.1786 -124.6853 -122.3371 -119.4038 -116.1333 -112.8627 -109.7961 -108.1609 -106.5256 -104.9707 -105.478 -106.2787 -107.7372 -108.477 -108.8094 -109 -106.6202 -104.0828 -100.5916 -97.7372 -96.4663 -95.9291 -95.1965 -94.7323 -93.9981 -93.667 -94.1994 -96.2879 -99.2916 -102.5621 -105.3826 -106.9553 -107.7276 -108.4602 -108.9325 -108.9325
-438.1628 -423.8759 -415.4908 -410.6179 -407.8072 -405.3724 -399.1991 -391.1064 -378.5586 -364.6907 -347.3849 -328.0593 -305.2806 -279.6516 -252.6624 -227.6426 -204.1554 -188.8921 -176.6627 -168.864 -161.9746 -154.7819 -148.3205 -142.0683 -136.6895 -133.3068 -131.0692 -128.1999 -125.3306 -122.6743 -119.4038 -116.1333 -112.8627 -109.721 -107.2625 -106 -106 -106.2744 -107.3802 -108.3781 -109.2397 -110 -110 -108.6485 -107.0556 -104.0828 -101.6429 -100.6393 -99.004 -97.3688 -96.3684 -96.3684 -97.0105 -98.6458 -101.1937 -104.4642 -107.7347 -110.5552 -112.1905 -113.8257 -114.2362 -114.4735 -114.4735
-434.8683 -413.5953 -404.9527 -402.2679 -407.9004 -414.4285 -414.9739 -413.3555 -412.7453 -406.3442 -390.159 -372.3529 -352.739 -322.1209 -284.1195 -250.4338 -219.9678 -200.671 -186.6227 -176.4692 -168.2905 -161.695 -155.37 -149.6129 -144.5585 -139.6491 -135.4976 -131.2248 -126.952 -123.0126 -119.4038 -116.1333 -111.8607 -108.5886 -106.1572 -104.9964 -104.9964 -105.7413 -107.3765 -108.0154 -109.6507 -110 -110 -110 -108.8126 -107.1803 -105.5451 -103.9098 -102.2719 -99.6379 -99.0036 -99.006 -100.281 -102.8253 -105.0995 -108.37 -112.4523 -115.461 -117.0962 -118.7315 -120.0109 -120.0145 -121.0132
-434.4557 -404.9882 -393.1794 -389.9281 -401.9203 -415.6436 -422.7904 -428.9344 -439.1418 -441.9341 -425.7173 -408.6422 -392.5041 -357.8978 -311.4231 -271.2514 -235.8491 -213.7134 -197.6046 -186.4123 -176.5015 -169.5002 -162.9074 -157.6942 -151.785 -145.5512 -140.1617 -135.1008 -129.5385 -123.7721 -119.4038 -115.5369 -111.0185 -107.0836 -104.6247 -103.3611 -104 -104.7449 -106.3802 -108.0154 -109.6507 -110 -110 -110.6389 -110.6389 -110.3403 -109.1591 -107.1803 -104.8123 -102.5418 -101.2778 -101.5084 -103.5516 -106.0958 -109.3663 -112.6369 -116.4279 -120.0154 -122.002 -123.6372 -124.9167 -125.9078 -126.7818
-450.9837 -405.9854 -382.1156 -368.528 -373.8926 -385.1423 -400.5521 -416.6849 -432.9341 -440.3435 -426.455 -408.537 -387.0088 -354.474 -314.7539 -280.7957 -250.5381 -229.304 -211.9912 -198.9361 -187.3002 -177.5817 -169.1731 -162.1838 -155.602 -148.7868 -143.0029 -137.0971 -130.8896 -124.3486 -119.0239 -113.9257 -110.02 -106.374 -104.3909 -103.6185 -104.3537 -105.7449 -107.3802 -109.2896 -110.9248 -112.3525 -112.5483 -113.5483 -113.5483 -113.5483 -112.0861 -110.4508 -108.2837 -106.1803 -104.8248 -105.5483 -106.8221 -109.1171 -111.6369 -114.6824 -118.7693 -122.1742 -125.3828 -127.9894 -130.0017 -131.0942 -131.8225
-472.5673 -411.3852 -373.2159 -346.3403 -342.4433 -348.2128 -370.5856 -396.4803 -418.9782 -430.4244 -418.339 -398.4973 -369.5071 -341.2918 -312.201 -287.1405 -264.0338 -244.7471 -227.4343 -212.4202 -197.9366 -185.534 -174.4514 -165.5622 -157.5206 -150.4221 -144.6381 -139.285 -132.7084 -126.1674 -118.8075 -112.3511 -109.4189 -106.7055 -105.1463 -104.9094 -106.0091 -107.5637 -109.199 -110.9248 -112.5601 -114.1954 -115.7472 -115.9094 -115.9094 -115.9094 -115.3566 -113.7213 -112.0861 -110.3602 -109.7282 -109.7282 -110.0926 -111.7278 -114.4124 -117.1942 -120.539 -124.2188 -127.9894 -131.2599 -134.4399 -136.7193 -136.7282
-503.7027 -424.3584 -372.4575 -333.6462 -316.2101 -311.1843 -339.7753 -373.778 -403.0641 -418.9952 -404.7975 -380.8427 -343.8303 -319.1599 -303.5499 -289.1247 -274.4431 -257.3968 -239.9319 -224.5647 -208.8174 -190.7379 -175.1306 -164.4284 -155.9956 -150.1562 -146.8982 -145.063 -140.0833 -134.0719 -125.5257 -116.9671 -114.8064 -112.9748 -111.3395 -110.6531 -111.6937 -112.9236 -114.0142 -115.1048 -116.74 -118.3753 -120.0105 -119.5329 -119.0893 -119.0893 -118.6271 -116.9919 -115.3566 -114.634 -113.634 -113.634 -114.2384 -115.0479 -117.1779 -119.4484 -122.7189 -126.1944 -130.7617 -135.251 -138.3456 -140.6251 -140.0893
-537.701 -445.2374 -381.7434 -331.6559 -302.1971 -288.0624 -318.7009 -357.1546 -390.3914 -409.3941 -395.0565 -369.3096 -328.1252 -306.4346 -299.0109 -291.5872 -282.4554 -267.9294 -250.9109 -235.4368 -217.9686 -194.9442 -174.8728 -161.3433 -152.3023 -149.6422 -150.1465 -152.4712 -149.9013 -144.7462 -135.4857 -126.032 -123.6681 -121.7386 -119.8091 -118.4394 -119.2595 -119.8703 -120.0795 -120.8996 -121.4332 -121.9542 -123.2952 -122.7236 -121.5171 -122.1799 -121.8976 -120.2624 -118.7589 -118.3598 -118.3598 -118.3598 -118.5398 -118.7033 -120.7103 -122.8988 -125.3546 -128.8089 -133.6158 -138.3919 -141.8916 -143.9927 -142.3737
-578.5486 -491.4374 -423.3888 -365.5182 -331.3483 -312.524 -332.2582 -360.5793 -389.6012 -406.939 -399.1145 -381.4292 -350.9453 -328.5167 -313.0708 -298.252 -284.579 -270.4822 -256.3702 -240.3426 -222.099 -195.6296 -171.888 -154.3473 -145.7174 -149.3205 -155.893 -165.523 -167.9343 -165.9968 -158.8668 -150.5608 -144.3482 -138.744 -134.7895 -131.9499 -131.4321 -130.7063 -130.7063 -129.8785 -128.5455 -127.2124 -126.6304 -125.1768 -124.6304 -124.6304 -124.353 -123.5329 -122.6304 -122.1456 -122.4455 -122.4455 -123.4455 -124.3546 -125.9898 -128.4734 -130.9245 -133.3456 -137.6319 -141.0715 -143.5268 -144.8152 -142.3737
-619.9825 -539.9252 -470.3282 -407.7524 -369.1929 -344.3697 -354.4629 -373.5602 -397.4483 -413.5788 -409.7943 -398.6677 -377.2473 -354.5272 -329.8937 -308.0077 -288.6975 -276.0096 -265.0568 -249.5412 -231.5145 -202.2387 -174.0523 -150.5842 -142.3096 -153.4991 -167.4506 -183.5225 -189.123 -189.3588 -182.8507 -175.5035 -166.6573 -158.0401 -151.9603 -147.2667 -144.3947 -143.1688 -142.845 -140.5657 -136.8517 -134.1307 -131.3665 -130.452 -129.7026 -129.7026 -129.7026 -128.7026 -128.3726 -127.0864 -127.2554 -128.6031 -129.5259 -131.1612 -132.5513 -133.9813 -136.0643 -138.2514 -141.5219 -144.4679 -145.8063 -145.4594 -143.1978
-660.9766 -592.1207 -527.1169 -464.8937 -420.3106 -387.9635 -390.355 -402.495 -422.1854 -435.864 -433.6575 -426.356 -411.919 -386.6963 -354.7163 -324.0695 -296.6763 -285.4442 -277.751 -266.7972 -251.7083 -218.4481 -185.7147 -154.2916 -145.3068 -166.4616 -188.7573 -210.7541 -217.4544 -216.7082 -209.8805 -201.6242 -190.2193 -179.0946 -171.6855 -165.5194 -160.7045 -158.7712 -158.4236 -154.7082 -148.0828 -144.0035 -140.6718 -139.5999 -139.6691 -139.5999 -139.1376 -138.5999 -137.8043 -135.1462 -135.4287 -136.1527 -137.7879 -139.3453 -140.4285 -140.5926 -142.1576 -143.7071 -145.4204 -147.8302 -148.4967 -148.0946 -144.2067
-699.1113 -644.2571 -586.644 -528.0918 -481.6834 -445.0703 -437.2018 -438.9618 -449.7137 -457.9429 -456.6658 -451.4956 -440.0488 -415.3412 -380.5386 -347.9317 -317.4766 -306.2997 -300.7188 -291.7809 -279.3661 -248.3621 -217.1237 -185.5173 -176.2915 -196.4715 -217.6748 -237.9462 -243.0458 -239.7537 -232.2249 -222.6093 -210.95 -199.632 -192.0607 -184.6071 -179.2128 -175.1143 -173.2145 -169.4337 -163.3277 -159.7207 -156.915 -157.2154 -157.7607 -157.5352 -157.073 -155.023 -152.9069 -149.739 -147.9314 -148.3877 -148.844 -149.0466 -148.9333 -148.6048 -148.8321 -149.0094 -150.2482 -151.1628 -151.4419 -150.4508 -147.7354
-735.1468 -695.0535 -647.3346 -596.5634 -552.9216 -514.9773 -495.3487 -483.4006 -481.5509 -481.017 -479.3939 -473.5362 -462.8938 -440.3672 -409.5571 -379.3437 -352.2216 -340.307 -332.9894 -325.9289 -315.5896 -291.963 -268.3885 -245.3039 -236.4315 -244.3654 -254.9964 -265.7027 -265.8844 -259.623 -250.0234 -239.0285 -229.5065 -219.8151 -212.7339 -205.7331 -199.1921 -193.1306 -188.1507 -184.5367 -182.0805 -181.5484 -181.6712 -182.8975 -184.0555 -183.7609 -182.4286 -179.1134 -174.7887 -170.5267 -166.9118 -164.0523 -162.1083 -160.6168 -158.7553 -156.6015 -155.4908 -154.4248 -155.0686 -155.5325 -155.7124 -154.7213 -152.4423
-765.0151 -739.6494 -700.9487 -657.0526 -616.9314 -579.3488 -550.8884 -528.2021 -515.2377 -506.0318 -503.279 -497.7269 -488.6739 -468.3633 -440.55 -413.5059 -389.347 -379.6975 -375.7216 -371.7906 -364.9739 -347.2854 -329.0658 -310.2795 -298.1844 -296.5921 -296.5268 -296.8308 -289.6792 -278.266 -265.8364 -254.3896 -249.1856 -245.2415 -241.1537 -236.4357 -229.3736 -221.3554 -212.56 -210.8444 -212.4573 -215.356 -217.6992 -219.3345 -221.5794 -219.9511 -216.4124 -209.4316 -202.9046 -196.3775 -189.8505 -183.3374 -178.3609 -175.0966 -171.295 -167.5742 -164.3176 -161.5111 -160.8813 -159.9744 -159.9744 -158.9833 -157.3481
-791.5994 -779.5681 -749.7356 -712.3566 -676.2332 -640.1768 -605.5969 -574.2014 -550.059 -533.0032 -528.4699 -523.1146 -516.2512 -498.6135 -473.4742 -449.1042 -427.8764 -423.9315 -425.021 -424.9392 -422.0847 -409.6894 -394.8275 -377.331 -361.4161 -349.7672 -339.4802 -330.2349 -314.0902 -295.2725 -280.6954 -268.1069 -270.2334 -272.9098 -274.1204 -272.8902 -266.935 -256.8932 -244.0234 -243.2325 -250.5555 -256.4191 -260.7144 -263.4779 -264.6096 -261.1225 -255.7775 -244.5151 -233.9523 -225.2104 -215.3793 -205.1814 -197.5278 -191.5972 -185.4634 -179.3626 -173.432 -168.9514 -166.4216 -165.0553 -164.6572 -163.8835 -161.6271
-801.6469 -794.5452 -772.3007 -744.2288 -713.2342 -680.7072 -646.9344 -614.1485 -588.1279 -567.2084 -557.2643 -548.2189 -540.386 -526.3366 -508.1328 -492.4009 -478.7286 -478.2487 -481.0211 -482.4312 -480.5401 -468.5227 -453.2578 -433.2064 -412.7725 -391.6978 -371.8753 -353.1739 -333.5505 -314.1011 -302.5532 -294.0138 -303.3602 -313.8406 -322.7145 -328.2565 -324.0265 -317.655 -306.803 -306.5846 -312.6973 -317.7859 -322.5046 -322.1875 -320.5639 -312.3391 -302.0404 -287.1705 -271.8328 -257.3647 -243.692 -231.3456 -221.5608 -213.1464 -204.5417 -195.9841 -188.4091 -181.8897 -176.2936 -171.68 -168.9811 -166.2732 -163.4716
