MapLib/Lvl1_5x5/BG/Ele_BG_AF.asc
ncols         557
nrows         557
xllcorner     2784500
yllcorner     6122669.448
cellsize      1000
nodata_value  -9999.0
[rows 0 to 28 of 557, columns 264 to 329 of 557]
-53.0585 -52.0625 -50.4272 -47.8893 -46.2541 -45.1948 -46.0974 -46.0974 -45.6157 -45.2144 -46.0974 -46.0597 -45.0974 -45.0974 -45.0688 -45 -45 -44.9026 -44.8214 -44.6621 -44.6207 -44.7799 -44.8418 -44.9036 -45.5829 -46.9026 -46.0755 -45.5021 -46.0182 -46.8394 -46.0528 -44.0005 -39.9847 -34.875 -28.5905 -26.1563 -27.7296 -29.2057 -30.2922 -32.255 -33.7311 -34.1637 -34.1187 -26.1714 -16.9285 -6.29 12.1535 12.118 12.3016 12.3296 10.9453 13.6783 10.055 -1 -1 2.8515 12.4972 -1 -4.5647 -12.5309 -17.5452 -19.8643 -18.3118 -16.6766 -15.1387 -13.4361
-54.333 -52.9907 -52.0625 -51.1599 -49.5246 -48.4653 -48.4653 -48.4653 -47.6039 -47.4966 -47.7326 -47.3452 -46.716 -46 -45.9216 -45.0524 -44.587 -43.1215 -41.7004 -38.9885 -37.5183 -40.3517 -42.6427 -44.0106 -45 -45.4733 -46 -46 -46.9195 -47.7326 -47.2753 -46.5905 -43.7422 -41.1072 -37.6664 -35.6643 -35.6632 -35.6632 -35.1979 -34.2093 -31.8132 -29.0307 -25.4592 -22.1793 -17.5024 -9.5379 -3.3985 10.2515 7.837 -1 9.6701 17.8475 7 -1.7326 -1.7326 -1 -1 -1.4464 -6.5742 -13.284 -18.2778 -20 -19.79 -18.6201 -17.6766 -15.35
-54.6321 -53.6321 -53.6321 -53.439 -52.0593 -51.156 -51 -50.465 -49.6955 -49 -49 -48.6125 -47 -47 -46.4467 -45.6584 -43.712 -41.8742 -39.6993 -35.132 -33.0116 -36.848 -40.5134 -43.0106 -44.2376 -45.1034 -45.9471 -46.7166 -48 -48.5196 -48 -48 -48 -47.1384 -45.7374 -44.1022 -42.8348 -41.7711 -40.1964 -36.5797 -31.6739 -26.504 -21.1778 -20.8395 -19.4187 -14.513 -9.7465 -4.1372 -1.1192 -1 -1 -1.2935 -2.1688 -4.3679 -3.6644 -3.2433 -2.3843 -3.2186 -8.2561 -13.6394 -18.3557 -21 -21 -20.2131 -19.3118 -16.9852
-52.5953 -51.9968 -52.667 -52.9968 -52.0591 -52 -52 -51.1562 -50.5198 -50.0028 -49.2478 -48.6125 -47 -46.342 -44.9991 -44.0683 -42.4349 -42.0006 -42.0032 -38.5992 -37.1143 -39.4849 -41.7526 -44.0106 -45.6458 -46.2842 -47.0003 -47 -47.1863 -47.9968 -47.9983 -48.0003 -48.7287 -49.0032 -48.0079 -47.3727 -46.0063 -45.1022 -43.4669 -40.6601 -37.3922 -35.1268 -31.9443 -29.5875 -26.9609 -22.0572 -17.5287 -11.9865 -6.337 -1.4804 -1.0037 -2.6018 -4.4362 -6.0032 -5.2996 -4.6644 -3.0291 -3.2186 -8.7336 -13.6394 -17.5436 -19.9973 -20.7856 -21 -19.9471 -18.3096
-49.7232 -49.7455 -50.6039 -51.3616 -51.3616 -51.7293 -52 -51.4596 -51 -50.3193 -49.2478 -48.2215 -46.9855 -45.7036 -44.0683 -41.8403 -40.7232 -41.5606 -42.3616 -41.022 -40.1048 -41.4725 -42.7741 -44.0106 -45.6458 -46.6427 -47.0303 -46.6479 -46.3616 -46.3616 -47.1654 -47.4542 -48.8263 -49.5934 -50 -49.3664 -48.4667 -47.0958 -45.805 -44.4006 -42.4669 -42.1159 -41.0355 -36.8454 -32.3509 -27.6798 -22.774 -17.3428 -11.0705 -4.5295 -3.3356 -4.7246 -5.795 -6.3616 -6.1072 -5.8775 -4.6644 -4.7448 -9.3721 -13.7161 -17.0301 -19.1503 -20.2841 -21 -20.9439 -18.6173
-46.4527 -46.4876 -48.3062 -49.7263 -50.667 -50.7263 -51 -51 -50.2446 -49.6414 -48.7941 -47.6125 -45.9773 -44.342 -42.6265 -39.8693 -37.572 -38.7061 -40.3323 -40.3853 -40.1048 -41.7401 -43 -43.7263 -44.3722 -44.9305 -45.7034 -45.7263 -45.7263 -45.7263 -45.7263 -45.8189 -47.4542 -48.7263 -48.9996 -49 -48 -47.3433 -46.6082 -46.1468 -45.5473 -44.4255 -43.3644 -39.1266 -34.1248 -29.0414 -23.3057 -18.5035 -12.7057 -6.1647 -4.4362 -6.0714 -6 -5.745 -6 -7.0927 -7.5402 -8.8729 -11.6958 -14.1206 -17.1628 -19.1503 -20 -20.8415 -20.9439 -18.6173
-45 -45.0349 -46.7312 -48.0911 -48.1767 -49.0911 -49.1821 -49.1821 -48.6094 -48.0911 -47.3388 -46.7036 -45.089 -44.342 -42.68 -40.0519 -38.2541 -39.035 -40.6672 -40.9089 -41.8274 -42.649 -43.9089 -43.9089 -43.9677 -44 -44.9163 -45 -45 -45 -45 -45.0926 -46.7279 -47.0911 -48.0895 -48.0911 -47.0911 -47.0911 -46.5097 -46.0911 -46.0911 -44.6459 -43.9229 -39.8529 -36.1431 -31.7682 -26.8279 -22.19 -17.0678 -11.006 -8.6505 -8.7994 -8.3332 -6.8241 -6.9089 -8.2477 -9.883 -11.5182 -13.1535 -14.8689 -17.5151 -19.1503 -20 -20.0383 -20.9439 -18.6173
-45 -45 -45.3055 -45.595 -45.9116 -45.9116 -45.9116 -45.9116 -45.9116 -45.8583 -45.4558 -45.4558 -45 -44.7001 -44.4105 -43.6651 -42.6326 -43.0884 -43.9226 -44.0884 -44.1361 -44.5442 -44.5442 -44.5442 -44.5442 -44.6723 -45 -45 -45 -45 -45 -45 -45.3318 -45.4558 -45.9109 -45.6228 -45.4558 -45.4558 -45.4558 -44.9049 -44.0151 -42.4664 -40.875 -40.1296 -38.7374 -37.6388 -34.8565 -29.4066 -23.6088 -18.3547 -15.5441 -13.8348 -12.1995 -10.5954 -9.7055 -9.5442 -9.9882 -11.6093 -13.2445 -15.7596 -17.5151 -19.1503 -20 -20 -20 -19.6849
-44.8923 -45 -45 -45 -45 -45 -45 -45 -45 -45 -45 -45 -45 -45 -45.0526 -45.1794 -45.1794 -45.1794 -45.1794 -45.1794 -46 -46 -45.1794 -45 -45 -45 -45 -45 -45 -45 -45 -45 -45 -45 -45 -45 -45 -45 -45 -44.1481 -44 -42.7343 -41.3444 -41.1794 -40.712 -40.0025 -38.1356 -33.0192 -27.6636 -23.5977 -19.8253 -16.4045 -13.567 -11.7645 -11 -10.4574 -11.1748 -12.7887 -14.424 -16.9391 -18.6945 -20.3298 -21.3204 -21.7797 -22.3589 -21.6675
-44.0741 -45 -45 -45 -45 -45 -45 -45 -45 -45 -45 -45 -45 -45 -45.869 -46 -46.8147 -46 -46 -46.3825 -46.8147 -46.8147 -46.5089 -45 -45 -45 -45 -45 -45 -45 -45 -45 -45 -45 -45 -45 -45 -45 -45 -44.9676 -44.8147 -44.7322 -44.549 -43.0463 -41.5288 -40.8173 -38.6419 -34.0445 -30.0307 -25.6625 -21.3272 -16.5693 -13.567 -10.9444 -10.7585 -11.276 -12.7887 -14.424 -16.0592 -18.5743 -20.3298 -21.965 -23.6003 -25.0502 -25.6294 -24.938
-37.5704 -37.3352 -39.5735 -42.093 -43.5234 -45 -45 -45 -45 -45 -45 -45 -45 -45.658 -46.6113 -47 -47 -47 -46.5411 -46.497 -46.55 -46.55 -46.3436 -45 -45 -45.6046 -46 -46.45 -46.45 -46.45 -45.2442 -45 -45 -45 -45 -45 -45.121 -45.45 -45.45 -45.45 -45.45 -45 -44.9558 -44.45 -43.2569 -42.4562 -40.3773 -35.7953 -31.7146 -26.8682 -22.5125 -17.9657 -14.134 -10.9317 -10 -9.8888 -11.0858 -12.7094 -15.4547 -18.3097 -21.4801 -23.6003 -25.2355 -26.6814 -27.45 -26.7586
-29.6856 -27.187 -32.6807 -38.0015 -41.8864 -44.5759 -45.2784 -46 -45 -45 -45 -45 -45 -45.658 -47.2683 -47.0654 -47 -47.1821 -47.0805 -46.36 -45.0107 -45.8296 -45.8296 -44.9148 -45.5606 -46.1959 -46.9148 -47.5046 -47.9148 -47.9148 -46.4964 -45 -44.938 -44.9148 -44.9148 -44.9148 -45.9148 -45.9918 -46.9608 -46 -46 -45.5548 -45 -45 -45.679 -45.0012 -43.1356 -38.2298 -33.3241 -27.5035 -22.7602 -18.7599 -14.8231 -11.0963 -9.3817 -8.0852 -8.8932 -9.576 -13.4247 -17.6394 -22.5452 -25.1503 -26.7186 -27.385 -28.8296 -28.8885
-33.1943 -30.2312 -34.8421 -40.1372 -42.6612 -44.8815 -46 -46 -45 -45 -45 -45 -45 -45.1839 -46.2795 -46.2795 -46.2795 -45.5591 -44.7248 -43.81 -42.5591 -42.5591 -42.5591 -42.5591 -43.2049 -43.6376 -44.4988 -46.2795 -46.1449 -45.5591 -45.2795 -44.9333 -43.5517 -43.2795 -42.5602 -43.0156 -43.7528 -45.1837 -45.8189 -46 -45.4165 -45.1551 -45 -45 -45.2795 -45.0039 -43.1356 -38.2298 -33.9667 -29.1388 -25.1159 -21.2707 -17.8869 -15.0249 -11.951 -10.1969 -8.7464 -9.2186 -12.7336 -17.6394 -22.5452 -25.042 -25.8455 -25.9763 -25.5591 -25.7523
-38.2007 -35.0473 -38.1278 -42.5022 -43.6443 -44.6443 -45.6443 -45.6443 -45 -45 -45 -45 -45 -45 -44.6443 -44.6443 -45 -43.801 -42.1657 -41.1747 -39.9627 -39.6443 -39.2886 -39.2954 -39.9328 -39.6771 -41.4395 -43.1287 -43.101 -42.2847 -42.8718 -43.1617 -41.3803 -39.9328 -39.9328 -40.1582 -41.5574 -42.6102 -44.5394 -45 -44.7119 -44.6443 -44.6443 -44.6443 -44.6443 -44.6443 -43.0009 -38.2298 -34.216 -30.9455 -27.5703 -23.4764 -21.134 -18.8635 -15.593 -12.0169 -10.3817 -9.7133 -13.3581 -17.9951 -22.9009 -25.3557 -25.0763 -24.5792 -22.98 -22.6443
-36.6148 -35.0352 -38.0135 -41.0118 -41.9502 -42.5888 -43.2273 -44.009 -45 -45 -45 -45 -45 -45 -44 -44 -45 -43.801 -42.1657 -40.5305 -39.8952 -38.2666 -36.6371 -35.0166 -34.0361 -33.751 -33.9614 -34.0591 -34.0541 -34.0467 -34.0541 -34.0541 -34.0475 -34.0361 -34.0361 -35.6607 -38.5534 -41.8092 -44.083 -44.009 -43.1991 -43.009 -42.018 -42.018 -42.3658 -43.009 -41.7661 -38.2298 -34.216 -30.9455 -27.514 -23.4063 -20.143 -17.8725 -15.2992 -12.9969 -12.0169 -13.1951 -16.4711 -20.6214 -25.5271 -26.991 -26.2054 -24.5792 -22.9439 -22
-35.6262 -35.6612 -37.5469 -39.3054 -40 -40.5759 -42.0789 -43.2202 -44.18 -44.3738 -44.3738 -44.3738 -44.3738 -43.9617 -43.3738 -43.3738 -43.3945 -41.9223 -40.287 -38.6517 -37.0165 -35.1046 -33.1372 -30.737 -29.1017 -28.4664 -27.1737 -26.1959 -26.1213 -26.1213 -25.8349 -25.553 -26.8492 -28.3487 -29.7459 -32.2747 -36.1805 -40.1821 -43.7904 -43.0897 -40.9376 -39.0499 -37.8688 -37.8688 -38.0886 -39.4813 -38.6413 -36.2341 -33.5222 -30.3193 -26.988 -22.9049 -19.134 -15.9317 -15 -14.6262 -15.2362 -16.0895 -19.1153 -22.7147 -26.4039 -27.5972 -25.6683 -23.9529 -22.3738 -21.6824
-39.68 -39.523 -40.0179 -40.7486 -41.2615 -41.2615 -42 -42.6251 -42.7385 -42.7385 -42.7385 -42.477 -41.7326 -41.477 -40.4003 -39.5298 -38.6517 -36.755 -35.1197 -32.3617 -30.6151 -29.954 -28.9383 -27.4692 -26.5696 -25.7385 -25.0618 -25 -24.5517 -23.5235 -22.6189 -22.5696 -24.2049 -26.1966 -28.7357 -31.7352 -35.2763 -38.7833 -42.8173 -40.2978 -35.5739 -31.6857 -27.4904 -28.3567 -28.782 -30.4172 -30.9721 -29.954 -29.2953 -27.4368 -25.1945 -22.143 -19.567 -17.2615 -17.2615 -17.3501 -17.523 -18.4208 -19.6227 -20.7385 -21.8574 -21.954 -21.3739 -20.477 -20.4209 -18.9664
-42.8555 -42.7935 -42.7935 -42.8968 -42.8968 -42.3803 -42 -42 -42 -41.1032 -40.4287 -40.1032 -39.2041 -38.5132 -37.81 -36.2706 -34.6427 -32.9042 -31.269 -28.1642 -26.1032 -26.1032 -26.1032 -25.1032 -24.4574 -24.1032 -24.1032 -24.1032 -22.9164 -22.0184 -21.056 -21.0926 -22.7279 -24.5039 -27.1002 -29.8023 -32.7443 -35.2974 -38.4918 -34.9742 -29.8996 -24.575 -19.413 -20.1287 -20.7639 -21.5148 -23.0735 -24.3097 -25.1096 -25.1032 -23.8375 -22.1199 -20.4637 -18.8968 -19.5276 -20.1323 -20.7935 -21.7532 -20.8968 -20.1078 -19.5381 -18.1032 -17.3988 -17.2065 -16.304 -16.2065
-44 -44.532 -44.532 -44.532 -44.532 -43.9561 -42.7888 -42 -41 -40.351 -38.7158 -37.7546 -36.9253 -36.468 -35.7987 -35.468 -35 -33.801 -32.1657 -30.5945 -29.5403 -27.9303 -26.8244 -25.5264 -24.3542 -22.8505 -22.468 -21.6778 -21.468 -21.0833 -21.2433 -21.5754 -22 -22.8311 -23.9352 -25.0376 -26.1409 -27.2951 -28.0604 -26.4698 -23.683 -20.3053 -16.4252 -15.936 -15.404 -14.8793 -15.2921 -18.9174 -21.7705 -24.2757 -24.4456 -23.6267 -22.099 -21.096 -22.2355 -23.9348 -25.5701 -26.596 -24.8195 -22.7161 -20.5019 -18.3017 -15.7965 -14.0202 -12.3777 -11.936
-43.9332 -43.8327 -43.8327 -44.8327 -44.9901 -44.4241 -42.7888 -42 -40.5183 -38.883 -37.2478 -36 -35 -34.8899 -34.5395 -33.8327 -33.7384 -32.8327 -31.9985 -31.8327 -30.8777 -29.0927 -26.9372 -25.9894 -24.2462 -22.5517 -20.9164 -19.9077 -19.8327 -19.8327 -20.8327 -20.8327 -20.8327 -20.6655 -20.6655 -20.6655 -20.8894 -21.6494 -21.7557 -20.6873 -19.8645 -17.7221 -16.2406 -14.4516 -12.8163 -11.1811 -11.9277 -15.5134 -19.5267 -22.8872 -23.8327 -23.8327 -23.1673 -23.2241 -24.8212 -26.506 -28.9524 -29.558 -26.8818 -24.2404 -20.9699 -18.5321 -15.2616 -12.1583 -9.9439 -9.5757
-43.6003 -41.395 -41.9328 -43.4426 -44.1858 -44.4241 -42.7888 -42 -40.5183 -38.883 -37.2478 -36 -35 -34.342 -32.9042 -32.1975 -31.2836 -31.1975 -30.3632 -30.1975 -30.072 -28.26 -26.6247 -25.1954 -23.7084 -21.7189 -20.0837 -18.6459 -18.1975 -18.1975 -19.1975 -19.1232 -18.395 -17.9061 -17.395 -17.395 -17.395 -18.2991 -19.7369 -19.8598 -18.3876 -18.9121 -18.7062 -16.315 -13.649 -12.0138 -12.5467 -15.3074 -17.9814 -21.252 -23 -23 -24 -24.0548 -25.645 -27.6107 -29.7766 -30.3907 -27.5109 -24.2404 -20.9699 -17.6994 -14.4288 -11.6935 -9.9439 -9
-44.3009 -41.8756 -42.2523 -43 -43.9407 -44.4241 -42.7888 -40.783 -39.0805 -37.4453 -35.81 -34.8304 -33.5523 -32.4664 -30.9596 -29.6337 -28.5607 -28.1244 -28.1244 -28.1244 -28.0655 -26.8222 -26 -25 -24.3542 -22.1567 -21.4378 -20.324 -19.4378 -18.6157 -17.7998 -16.5622 -15.8343 -14.7613 -13.2503 -12.2489 -12.2489 -13.153 -14.3505 -14.8876 -14.7935 -15.937 -16.6062 -14.5686 -12.4086 -11.57 -12.1837 -13.9313 -16.784 -20.0545 -21.6334 -22.4485 -23.2434 -23.6305 -24.9578 -26.3149 -27.6607 -28.0774 -25.3046 -22.75 -19.7576 -16.7839 -13.9911 -11.5792 -9.9439 -9
-46.6442 -44.0705 -43.9511 -42.927 -43.7989 -44.174 -41.6427 -39.2228 -36.9987 -35.883 -35 -33.6125 -30.9773 -29.9519 -28.6337 -26.9985 -25.8858 -25.8539 -25.8539 -25.7809 -25.7809 -25.1489 -24.927 -24.927 -24.3283 -24 -24 -24 -21.8132 -19.3558 -17.5092 -14.9006 -13.1991 -11.2007 -7.9302 -6.8539 -6.8539 -6.8539 -6.7809 -8.0286 -9.6639 -10.8539 -11.7063 -10.1905 -9.927 -9.927 -10.5938 -13.2024 -15.784 -19.0545 -21 -21.7978 -22 -22.0633 -22.927 -22.9022 -22.8539 -23.2161 -21.6094 -20.0384 -18.4119 -15.8387 -13.4132 -11.5792 -9.073 -9.073
-47.4838 -44.9651 -42.8552 -40.1507 -37.8343 -36.042 -36.5465 -37.2277 -36.8595 -36.6742 -35.8838 -34.3208 -32.3938 -30.2925 -27.7067 -26.0715 -23.7279 -22.5834 -21.9925 -20.8751 -20.8751 -21.6152 -22.141 -23.2917 -23.2917 -23.2917 -23.2917 -22.901 -21.1049 -19.2298 -16.7009 -14.8148 -12.2721 -10.2737 -7.0032 -5 -5 -5 -4.7083 -5.4664 -7.1016 -7.5834 -8.2917 -8.2917 -8.2917 -8.9902 -10.2429 -12.5134 -15.784 -19.0545 -21 -21.2327 -22 -21.9516 -21.2917 -20.9529 -20.2917 -19.8602 -19.0472 -17.6685 -16.4332 -15.0975 -12.658 -11.5792 -10.6686 -10
-48.338 -45.9072 -41.773 -37.0837 -31.2373 -27.3781 -31.1514 -34.9837 -37.6472 -39.2266 -38.0851 -36.6125 -34.9545 -31.458 -27.4135 -24.7525 -22.0927 -19.9832 -17.5356 -15.8434 -15.4177 -17.053 -18.6882 -20.973 -21.3129 -21.1284 -20.6565 -20.6565 -19.8132 -18.1779 -16.8862 -15.1583 -12.6157 -10.6173 -7.3468 -5.4694 -5.3435 -5.3435 -5.3435 -5 -5.5317 -5.6565 -5.6841 -6.4698 -7.351 -8.3388 -10.5865 -13.5134 -16.784 -19.7084 -21 -21 -20.6565 -20.6565 -19.9529 -19.0905 -18.3218 -17.7036 -16.1524 -15.3542 -14.4795 -13.5061 -12.1408 -11.6565 -11.6196 -11
-48.6003 -46.909 -44.2802 -40.9989 -36.994 -33.8516 -35.3209 -37.7976 -39.4495 -38.9042 -37.269 -35.6337 -32.9969 -29.7125 -26.4347 -23.1642 -20.4574 -17.8222 -16.1692 -14.5305 -13.126 -14.0369 -14.4389 -15.0953 -16.7169 -18.3175 -19.9181 -20.5399 -20.792 -19.9614 -18.5214 -17.863 -15.4961 -13.5868 -10.9396 -9.3028 -8.6732 -7.9576 -6.9788 -5.9788 -5.186 -5 -5.0804 -6.7005 -8.3298 -9.965 -12.5922 -15.2198 -17.7628 -20.0545 -20.841 -20.0212 -19.0212 -18.0424 -17.3389 -16.0424 -15.0684 -14.4331 -13.0424 -12.1626 -12.0315 -11.0392 -10.2523 -10.0212 -10.0212 -10.0212
-48 -47.9865 -47.3554 -46.5368 -45.4791 -43.7166 -42.3266 -41.3224 -40.3183 -38.883 -37.2478 -34.3746 -31.3405 -28.474 -25.5936 -22.757 -19.4865 -17.801 -16.1657 -13.8562 -12 -12 -11.1555 -10.7719 -12.0635 -15.3981 -18.27 -21.1032 -21.6141 -21.6141 -21.4375 -20.5214 -18.8862 -17.7248 -15.8438 -14.2085 -12.5119 -10.7099 -9.0746 -7.5068 -6.1901 -5.8282 -5.1298 -7.3298 -10.1805 -13.2005 -15.468 -16.8708 -18.506 -19.9132 -19.2862 -17.9741 -16.3389 -14.7719 -14.0684 -12.7719 -11.7978 -10.9227 -10.6775 -9.8457 -9.3859 -9.2356 -8.3859 -8.3859 -7.7719 -7.7719
-46.8503 -48.0087 -48.2493 -49.2493 -48.5432 -47.9227 -46.2348 -43.7674 -41.6475 -38.883 -37.2478 -34.225 -30.9602 -28.5913 -27.2054 -25.8016 -24.4335 -21.4993 -18.8301 -15.912 -13.2493 -12.5093 -11.7183 -11.2493 -12.3799 -15.2811 -17.8327 -20.4398 -21.1868 -22 -22.2493 -22.2493 -21.5214 -20.4081 -19.4998 -17.707 -14.7115 -12.3452 -10.0557 -8.0746 -6.4394 -6.2493 -6.4102 -9.1435 -12.2005 -15.4711 -18.3437 -18.1853 -17.7776 -17.6192 -16.3389 -14.7036 -13.0684 -11.4331 -10.5014 -9.5014 -8.5273 -7.5014 -7.5623 -7.7507 -8 -7.9625 -7.161 -6.7507 -5.7507 -5.7507
-44.6305 -47.1503 -48.7082 -50 -50 -49.9335 -47.7644 -45.2894 -42.0366 -39.7676 -38.1324 -35.1096 -31.8618 -30.8086 -29.8507 -29.7692 -30.09 -26.2557 -22.2472 -18.8301 -16.561 -15.0291 -13.7692 -12.8846 -13.5304 -15.5297 -17.9067 -19.6153 -21.0216 -21.8426 -23.4046 -23.8846 -23.8006 -22.8427 -21.886 -19.9414 -16.3468 -13.1806 -10.868 -8.8253 -7.1901 -7 -7.1609 -10.4314 -14.0124 -17.857 -19.3785 -17.8587 -16.2234 -15.5882 -13.9529 -12.3177 -10.6824 -9.0472 -8.1154 -7.1154 -6.1414 -5.1154 -5.36 -6.1154 -7.1154 -7.0981 -6.3051 -5.1154 -4.1154 -4.1154
