MapLib/Lvl1_5x5/BG/Ele_BG_CD.asc
ncols         557
nrows         557
xllcorner     1670500
yllcorner     5008669.448
cellsize      1000
nodata_value  -9999.0
[rows 280 to 307 of 557, columns 378 to 440 of 557]
364.834 409.4431 411.5903 382.8765 430.4177 369.866 354.0981 395.6404 278.039 241.2054 196.4872 210.2503 200.1371 178.9298 182.9485 178.886 180.2601 162.3503 160.6704 137.9731 151.9235 173.522 183.3621 180.4496 176.1782 175.1853 158.2399 163.1766 149.225 138.1319 167.901 186.9547 177.2256 178.9678 141.3777 161.5834 174.9017 193.5105 171.6004 159.4365 141.9012 137.6333 125.9675 132.4139 143.437 155.5177 176.5483 166.747 190.6234 217.7061 215.4546 189.2435 223.2637 235.1308 198.5714 180.0385 181.1278 187.2885 236.0048 302.2904 360.0742 414.7475 399.706
348.7696 377.3114 369.7041 365.4063 322.011 340.0143 311.8797 278.11 231.3907 224.2335 200.0708 182.4334 192.8284 186.0458 167.8719 152.7578 145.5578 150.1365 153.2048 152.8394 134.9292 149.5833 168.9541 199.5412 196.0961 174.6776 167.3966 157.3046 162.7007 154.9133 152.2392 229.9883 226.9491 206.6512 183.0942 159.1321 171.7528 190.1776 184.2508 187.512 161.8503 161.958 147.5264 126.226 135.6109 153.8349 169.1608 159.4236 168.5228 191.3989 198.9056 172.7824 160.1578 188.1172 185.9485 176.7339 171.9413 242.3484 248.3971 221.6784 247.2607 210.55 215.5974
398.4502 398.7531 377.2107 353.4246 313.0903 313.1078 281.4878 270.9796 203.9475 191.5578 184.2687 176.5969 170.4807 166.522 173.4226 164.2057 142.056 139.0219 141.6162 162.0917 151.1791 142.9008 176.4054 192.3334 197.3047 179.3829 161.9909 173.2652 183.0195 184.3582 154.9963 220.4679 248.9677 235.5842 198.2453 179.7107 167.1756 190.4554 173.8035 165.388 175.9726 167.9295 152.5702 154.6833 132.0994 133.5581 158.711 169.9884 248.7534 220.7194 280.8509 199.7121 175.0585 144.1936 147.5289 151.0948 181.2229 189.014 168.6705 141.8959 143.2867 141.9937 140.9074
401.725 371.938 365.8387 317.7523 340.2124 375.5677 312.287 248.4712 223.5691 200.1164 176.7025 166.1076 179.1723 191.0542 168.5141 164.9725 154.1427 146.3469 138.9278 150.7666 150.0815 161.6117 162.9339 162.3511 198.3199 213.6829 194.5893 185.8389 183.1826 181.1505 161.8272 194.2386 236.1729 239.0394 218.5447 208.6196 192.2737 160.6803 175.4693 167.8679 159.0521 165.4186 155.3154 159.4568 170.1675 152.7222 135.638 183.6653 265.815 285.4113 224.8805 192.0114 191.4624 155.8008 146.1015 150.5531 145.4657 147.9245 146.836 135.9565 132.5547 126.5959 122.1839
356.096 368.3913 359.0057 374.221 403.3824 360.426 296.8997 218.3904 208.3205 205.9148 197.8266 172.4192 153.9875 191.4564 187.6484 173.6245 160.9315 150.7529 146.4691 137.8418 142.5211 164.2996 170.8441 179.5355 208.5302 206.8276 200.5299 194.6809 173.6675 164.937 158.9946 142.4475 212.7979 216.7096 225.7419 239.2231 255.5092 228.1662 182.1644 183.343 194.8351 209.3242 193.5704 192.0527 187.6656 160.0914 171.0511 217.5616 268.4634 307.7069 244.8445 196.2961 179.9877 174.7823 169.1593 173.0134 157.662 164.4813 155.2021 138.735 132.5417 137.9552 129.2015
296.2101 340.8134 376.5814 405.0685 371.2359 270.8484 227.0479 197.4805 190.3515 181.3343 185.4458 188.2567 174.9133 155.2239 164.7155 177.3136 160.3473 167.0454 165.2479 151.9882 124.1624 152.3934 153.8701 200.5691 173.6127 209.6165 205.4355 197.4659 193.2074 172.507 160.3151 148.7424 171.5694 158.6185 235.7904 259.4394 257.4779 233.6084 186.0258 184.936 195.552 195.1433 198.6777 189.6493 191.227 175.168 150.4805 169.4818 231.0354 287.3693 278.8972 269.4756 229.0912 230.7673 201.4495 188.4102 172.6747 164.8353 182.0386 166.927 214.9053 184.7955 194.7885
283.7079 311.2916 321.9861 355.2867 345.0291 227.0695 202.7373 185.9214 161.9304 164.8373 177.2466 180.3149 182.8089 169.3459 154.2208 154.0358 160.7355 152.2104 149.1888 141.3287 141.5908 131.6568 137.7397 157.0286 179.2088 164.3074 172.168 194.8033 188.1701 189.9682 173.8465 157.5747 199.6582 170.7632 207.0001 257.0501 249.656 236.5784 191.1316 189.8028 178.634 172.5159 174.2543 171.1797 160.8712 156.3948 125.3983 145.1203 207.4047 259.3605 266.4774 265.4749 249.4629 236.6391 217.2183 231.6166 244.1066 250.923 234.8033 209.8385 211.0647 211.6103 206.9745
253.0387 258.4005 270.2413 257.9386 217.7948 191.2779 185.0637 168.8713 156.0739 149.7631 157.3871 172.1385 181.1614 182.8517 169.973 142.0064 148.7632 150.6906 191.0437 232.9642 184.1463 153.2678 135.6818 116.0236 149.6858 151.4183 146.9205 173.6287 174.4901 177.6914 184.1663 176.3919 194.5905 166.1823 217.0074 245.5891 227.0075 220.8558 200.022 187.4661 171.4893 157.3865 162.9062 161.9982 158.4564 136.7903 132.9273 140.6878 198.2436 221.8935 248.006 240.8481 238.7614 218.3074 224.0897 206.1949 205.016 206.5485 199.5562 190.5267 173.3314 167.9723 173.215
245.2017 264.8638 319.2502 302.5289 258.2127 185.0132 169.3381 166.329 149.1204 150.9405 156.1506 166.2304 174.0823 179.6039 191.8042 186.7132 154.2517 138.5248 187.3817 229.2313 211.3616 174.3045 153.3333 125.2942 117.6356 138.1289 136.067 153.4155 151.6544 186.4721 177.7456 177.9312 173.3834 162.1046 174.4205 212.0752 196.1415 200.4306 201.5769 213.7348 204.7139 177.7181 159.2261 169.1545 152.2589 142.8246 128.1441 125.1349 152.896 190.0277 218.62 215.7616 217.5714 201.8873 203.6977 199.3993 195.7685 170.3788 181.4588 133.0843 125.3533 134.085 131.635
261.2737 287.2571 316.6379 313.2712 278.7564 182.4376 165.1469 144.7092 144.784 143.8395 155.4669 169.4477 193.0816 203.918 213.0816 215.9585 199.56 166.2188 171.7897 190.5574 213.3343 217.836 173.8698 155.7733 133.7115 114.6864 119.4774 147.8431 164.3854 184.9876 179.2593 186.4653 175.0587 153.0587 162.7295 152.5481 158.0978 164.0126 179.1022 194.7356 202.4901 195.1844 177.9961 140.6211 165.823 160.2589 149.9213 148.0653 113.6021 135.486 169.6245 187.5405 187.5477 171.6293 177.3988 170.4634 161.5478 165.1641 146.5717 122.9982 105.2163 100.3094 99.1681
287.2094 287.6348 248.6447 216.2989 199.1016 157.1125 144.0547 131.5626 131.0218 140.7467 153.057 170.4378 200.8878 215.2003 216.3298 218.5819 197.7811 186.0388 147.8961 189.4453 214.9797 219.852 210.0388 184.4601 162.8939 151.9751 118.8552 122.1097 140.1199 162.392 201.6148 172.7659 164.2454 162.8731 151.256 120.3641 125.164 152.1236 174.5316 183.6895 181.3529 177.1821 178.6211 158.5589 148.4669 143.8988 129.2478 120.2297 116.2366 116.78 123.5202 133.9693 146.7972 133.1065 139.7924 146.4245 136.59 131.3669 129.8071 112.3433 97.9354 97.214 98.5362
232.8517 225.1165 227.0565 214.3188 167.8083 154.2482 134.4398 131.455 131.7209 131.4066 146.3676 169.374 194.8196 210.1263 218.2981 221.5159 212.2378 178.9212 177.5247 168.6134 201.4794 223.6735 218.9334 193.2831 175.1409 144.5494 144.3705 123.3749 110.958 137.7708 170.5762 198.189 170.5817 150.8745 148.7517 153.478 134.0735 119.3115 168.7114 159.6166 187.3146 158.7501 155.0461 153.2602 143.7413 132.7009 125.0615 112.3887 110.7637 106.3485 107.2151 109.7836 108.609 114.1353 117.9423 129.6216 136.3168 123.0205 111.923 97.7657 94.351 95.3662 94.0619
214.4306 218.8995 233.4171 168.4822 149.3303 134.127 129.1986 131.8526 130.7664 132.6873 145.6532 167.8493 186.2188 200.6767 210.7188 216.0937 213.7237 198.7879 173.2113 163.7005 168.7486 198.7101 200.7928 230.7906 221.6731 187.1181 161.6843 135.9274 135.2758 109.134 128.1411 169.9133 193.7096 170.8627 157.4421 149.8403 134.6188 125.9651 133.4591 158.4337 172.1836 178.7984 148.5596 140.3471 136.7502 128.3553 121.9689 103.7181 113.8194 110.3147 105.2562 105.3123 110.0105 108.1656 112.605 128.0342 142.7797 129.3133 97.8933 96.9283 95.6471 98.6421 95.8246
169.2639 165.394 168.6285 151.1344 141.3771 135.7571 124.3009 131.2471 132.7364 137.6645 149.8521 168.6235 182.4583 194.1777 193.2243 204.451 212.691 200.2023 180.6319 171.4886 174.3911 180.3734 198.6976 215.675 233.4001 236.0428 206.2459 173.2138 161.5232 140.7231 111.17 131.8969 169.9784 193.2925 166.9 167.785 137.7412 120.9097 136.2989 152.9249 166.35 164.5044 171.2119 161.5565 143.4177 127.0427 125.0396 117.7945 116.658 108.8435 109.3582 106.8889 103.0549 104.9355 109.0159 118.9121 139.4115 154.6776 112.5831 95.5872 98.3044 94.3273 100.0459
151.6287 152.1441 152.1515 148.6598 151.1112 137.8441 129.3516 134.0229 138.7234 148.5692 155.5406 164.9568 185.2298 184.7981 185.9736 202.8597 206.7912 207.7555 191.9885 171.8359 166.6266 197.2969 190.2408 236.5037 238.9862 247.0975 233.1609 196.8615 184.5417 151.2172 138.8735 104.0709 123.4127 160.3641 181.0622 155.4767 140.6872 113.4525 126.0199 135.7554 156.48 151.1816 148.3155 162.3741 154.4559 137.4963 127.6001 127.1883 120.8148 115.9123 116.7372 108.4081 103.6003 99.8804 106.4338 117.142 127.0313 147.2399 162.8061 121.0306 96.5705 96.3197 98.7008
149.1939 145.4201 142.8598 144.0035 138.4016 132.2776 129.3997 131.7185 149.2631 158.8794 171.8956 169.5578 176.3062 182.3689 177.4312 195.0673 202.1401 199.1066 190.6859 175.0616 179.7309 193.4567 206.2775 212.4354 231.9742 222.7242 230.2752 226.2026 175.9621 161.3954 149.8757 133.3426 110.602 114.4276 145.4495 163.3367 148.8977 129.1421 118.2904 134.0657 133.1671 129.336 135.5555 141.2089 146.3761 141.688 130.3409 126.6145 122.8551 125.4733 121.4497 117.1745 110.9183 110.0745 100.5049 108.7205 114.031 128.4902 147.2365 158.7433 118.6265 93.5477 102.4503
134.4047 136.1775 134.3607 130.7038 128.6826 128.4958 128.28 137.6801 151.194 180.2195 177.2848 171.3607 174.3943 170.1732 166.9102 164.0271 180.1302 189.5594 193.9439 178.0287 182.8544 207.1334 205.2238 206.7263 199.1478 208.8391 197.6918 209.3213 207.2723 167.4439 152.6184 131.9222 128.4475 111.2646 108.7746 147.3721 158.3663 150.5009 128.6018 112.1614 139.4435 122.1282 120.9445 128.8929 135.1549 137.7843 137.6332 136.2864 127.2297 128.3527 129.8042 133.5754 130.5493 131.9822 114.4965 105.0189 99.2654 110.802 125.6658 139.6934 108.1682 97.0147 96.3371
131.0293 130.2706 128.3745 129.1007 124.2131 123 130.0609 140.3716 154.629 174.3389 185.3674 173.9695 156.6198 149.6814 158.4186 156.6963 174.2165 186.0694 183.2249 176.739 178.887 210.7335 195.4458 175.5125 187.8028 174.9496 189.2092 181.8373 200.7649 188.4672 173.0956 149.648 137.0228 125.3882 111.4844 115.6784 145.7178 163.4765 144.5211 130.5097 117.764 122.7576 114.3273 114.2437 123.5852 133.2942 136.1149 140.2273 136.9303 134.9291 139.0857 149.3841 141.2848 143.8563 133.0627 121.0066 101.9237 102.7367 106.1753 98.222 95.5294 94.4484 100.2992
144.7048 146.5666 147.6034 139.5613 133.7342 126.9844 128.0642 146.9051 165.6367 180.3439 188.6995 171.2088 153.7526 146.2996 151.9746 152.6834 156.1358 185.1011 190.6586 172.578 168.1418 201.7172 196.3511 190.5163 164.316 160.4896 164.4675 159.7024 169.8011 187.1295 185.9043 163.2084 144.5064 140.7261 121.8707 109.5157 106.812 138.4987 152.4049 136.923 125.3251 117.6536 113.7505 110.4343 113.5639 116.4165 133.1809 147.5339 147.2208 148.8239 148.1354 148.8826 147.2989 147.6506 134.5539 131.5428 119.6685 99.2185 97.9595 98.6114 94.8679 97.4475 96.7733
157.2571 174.2777 181.5738 177.157 154.3394 135.6999 123.5509 136.4372 166.0219 172.6082 187.5238 179.5054 161.0769 150.279 150.5558 144.1097 149.5247 147.5854 158.5463 166.5943 197.1742 175.9729 208.9061 176.7978 167.9103 148.7127 160.6723 155.9352 140.1637 162.1042 172.5438 172.8138 160.2595 142.5501 126.0097 128.7525 112.0279 102.0105 133.6849 142.4941 133.966 125.3979 113.5532 103.4458 104.6019 110.6767 129.7822 142.4182 152.8479 150.9667 151.9958 155.3438 152.8347 147.9717 139.3873 128.7871 96.9625 97.7714 92.2236 94.2612 101.0914 97.8375 100.0722
204.4996 196.5409 192.8497 197.9001 178.9236 147.8675 127.6257 122.3752 151.3526 157.7741 148.3163 160.0404 169.3917 153.865 145.4284 138.9577 144.5951 152.497 168.8023 218.2806 248.5792 221.9895 195.423 214.8374 190.0672 161.2944 134.7857 148.5925 138.0167 142.2661 149.4365 159.0109 157.1863 143.0649 131.731 125.8401 126.5397 118.4206 100.1819 117.5182 142.9843 137.3221 127.8664 110.6537 108.5521 111.9286 121.5834 138.0246 147.5378 148.9825 149.1725 148.5687 155.866 155.8152 151.6619 146.6027 108.2956 94.6575 95.617 98.8978 98.4675 94.7452 100.1843
214.7748 208.0676 203.9468 195.7544 196.3211 163.5431 136.1939 121.3041 123.7427 146.609 136.95 137.2514 153.0491 158.7547 152.4507 137.129 144.6073 162.5436 175.0048 190.588 244.6541 263.2959 225.2121 197.6629 182.3553 166.8132 160.6387 138.3606 132.3753 128.8218 126.8068 140.9216 147.9686 139.3612 136.5298 129.2412 126.5589 122.8926 112.8973 105.2525 114.765 132.6474 131.1601 125.8568 108.7031 100.5044 114.7681 123.8908 135.5783 144.1671 145.1743 138.5888 147.7184 150.3694 154.9551 156.1595 137.2851 95.1555 98.387 102.2791 97.2067 90.0849 95.5447
200.9723 208.4073 207.3564 192.9782 187.3737 173.5114 157.7943 127.6315 120.2366 130.4405 138.588 130.117 130.7809 144.3785 156.1962 135.9517 155.8397 176.194 207.4431 201.1762 217.9449 273.0497 249.0379 200.5109 175.7643 165.1075 154.9098 140.6117 138.903 127.1811 119.7607 128.6123 133.1539 135.8485 135.9432 130.7929 133.9405 136.589 125.686 114.8846 100.6463 114.9567 134.1949 131.2697 123.9514 106.7492 103.2423 117.7825 121.8817 131.1865 135.4121 142.5498 139.4337 140.0921 153.482 155.4829 146.9848 92.1188 96.1466 93.9185 96.2729 93.6107 98.6616
175.9009 187.9848 199.0071 199.6491 182.1052 165.6722 151.0492 144.9371 119.6353 112.6699 121.5981 128.4025 128.9477 127.2651 149.0714 186.6002 186.5238 212.3068 215.382 251.7796 251.4498 253.3316 280.9146 241.9894 201.1821 175.8897 155.8708 161.1286 180.0119 137.2183 117.3517 120.6884 130.6569 129.029 128.7465 134.9558 136.8095 143.7042 142.7954 129.2295 115.122 99.4221 108.2635 132.8988 140.7705 120.5755 103.3206 107.6592 114.2102 114.111 120.1606 130.2598 136.9684 133.3168 137.5512 143.9803 144.1055 98.8959 96.6473 95.1416 96.5903 96.6054 97.8968
165.5771 171.2289 183.6461 193.3487 199.6284 183.806 150.4085 131.8106 121.8331 112.3567 122.2436 139.0065 129.9468 138.7028 172.9028 208.1454 209.753 217.427 220.731 247.5263 271.9882 296.4178 247.4064 237.2546 159.7201 157.0708 155.3375 140.0503 155.3204 138.2113 118.6734 116.9768 116.9373 122.3323 120.099 120.7459 131.5966 135.651 149.6623 141.5761 123.2677 112.9375 98.1068 112.7268 134.3863 133.9732 119.6067 104.5908 98.8692 104.8726 106.2268 114.1686 123.1009 128.1824 126.5732 134.6258 136.2281 96.2949 89.2951 94.7472 97.7554 94.5871 97.0937
161.2916 150.8678 157.3994 168.1429 190.2307 194.3022 184.6079 159.4296 132.3597 116.5758 140.9854 126.9151 141.1739 157.4005 165.1431 194.1343 172.7654 186.7101 209.0457 254.8853 260.6652 248.7792 241.8747 189.1902 175.7157 133.6638 121.9168 130.7994 123.8807 117.9935 111.4171 110.8091 113.2556 119.2309 122.7756 123.0645 127.0005 134.934 144.8587 151.0188 146.2867 131.6778 113.8571 94.8099 106.519 136.528 136.5388 120.2374 101.2609 97.8632 100.2949 105.8555 113.4357 125.6444 125.4894 120.4385 124.0393 95.7826 98.5794 97.5758 100.0412 95.3114 97.6884
157.7245 159.5582 148.4098 157.8587 178.7753 196.2136 174.6486 176.3016 152.8242 130.0495 135.8335 141.0012 160.1662 181.287 199.0088 188.163 158.5334 151.1545 198.296 206.55 191.6683 154.3768 193.0121 169.9676 143.4768 148.7961 123.9171 117.0463 121.6492 120.5639 112.8492 113.6212 112.8583 115.6845 120.0048 120.7881 124.384 134.6275 146.5052 148.0141 151.8746 144.7279 125.2413 108.7074 100.4752 108.9323 132.5589 137.6983 120.6731 102.1554 98.6678 107.6105 118.5427 118.8242 122.0451 102.6431 92.0955 98.4359 98.7562 98.8769 100.3785 95.6985 94.8996
142.9984 148.6717 150.8226 146.3401 166.562 186.8213 167.1335 150.3804 142.5705 117.2915 118.1343 149.0311 182.7619 197.3536 198.9294 204.9999 142.4715 124.8643 128.2278 140.3007 130.6408 123.9323 132.9974 113.9767 108.5284 99.791 99.3727 100.9921 104.4423 116.4567 112.0782 112.4415 113.3892 116.7902 113.9019 117.3376 123.3778 130.1929 140.924 145.6172 143.0975 148.7437 145.9129 118.4054 99.2816 101.367 103.5479 118.1142 128.7927 103.0511 96.6392 100.8495 104.9715 98.1682 94.9774 97.0069 92.1189 101.2214 98.3749 93.2105 95.483 96.3662 96.5638
