MapLib/Lvl1_5x5/BG/Ele_BG_BE.asc
ncols         557
nrows         557
xllcorner     2227500
yllcorner     5565669.448
cellsize      1000
nodata_value  -9999.0
[rows 28 to 55 of 557, columns 64 to 127 of 557]
30.9076 20.7096 22.8016 15.9853 14.3923 18.6225 14.558 14.6693 17.3758 26.3636 28.9532 20.9655 23.9132 18.4045 17.5143 24.6077 16.1142 14.8177 18.8439 13.2461 17.2753 10.2833 21.2936 26.9802 19.8508 16.0976 17.3106 13.7137 15.1361 14.5759 22.7138 25.8494 24.8207 25.1364 22.401 19.1664 25.1868 23.2389 19.6181 11.1386 17.8176 12.9377 19.2757 16.6604 10.717 5.6292 9.8428 9.1759 19.0804 23.4276 14.1684 11.8698 10.5434 8.0508 7.5382 8.559 10.8676 9.9622 8.6074 8.2645 9.1253 12.847 17.6509 14.9014
21.5767 14.2518 25.9997 20.8015 14.0396 13.9917 18.9061 20.8217 16.4347 28.2286 17.4937 24.8625 21.985 15.0513 14.8382 16.9572 13.0325 11.4776 14.0469 10.1769 10.3815 20.8836 15.6863 27.2858 34.2192 22.0978 17.0958 26.0074 14.3709 25.5072 15.6418 23.6387 20.2927 22.0268 20.0313 28.9555 18.3866 23.7462 21.6503 12.7643 17.2155 20.0113 20.3558 8.5344 11.0762 13.0197 8.9424 11.0072 8.1999 7.37 14.3477 19.6083 10.7468 8.7656 6.2592 9.7588 7.064 9.7265 11.9589 19.6469 15.1734 13.3553 9.2387 17.3591
19.6234 16.6081 18.401 17.3082 10.117 18.7681 18.1309 20.6187 23.0539 26.4692 17.4961 18.437 19.6633 14.7489 15.327 17.7265 11.3614 11.8138 11.0334 12.8795 7.3002 10.3391 28.8453 23.1795 27.5873 27.658 31.8262 19.443 23.5698 18.9841 11.5537 10.3579 16.9483 12.6648 11.5943 7.672 12.6013 10.5972 23.5677 26.4762 25.5537 15.356 16.197 10.6922 12.1985 12.3417 9.6716 11.4608 16.762 19.1154 15.7727 24.7505 20.8699 12.7536 8.4188 9.3046 8.2275 9.3862 12.3513 19.8793 22.3426 16.6635 20.2703 16.9766
19.6599 18.6417 20.3544 13.2196 14.3369 19.4681 20.2132 17.33 16.3581 15.1088 12.3664 13.3839 17.3472 15.1786 17.3344 20.7373 14.0529 15.0327 17.3951 13.1986 17.4162 20.1047 25.1766 35.1337 29.4654 25.7369 21.0042 26.6429 17.4701 16.8571 10.602 11.7135 26.2908 12.0909 14.3305 9.5422 11.9772 6.0122 10.3485 21.3031 20.2989 16.8094 13.9173 13.6154 13.4585 12.4173 10.5844 14.7142 14.3334 14.0833 20.17 24.9218 20.2017 24.1949 13.5883 12.9692 8.4027 10.6249 10.618 11.0682 12.2925 18.8533 13.0425 10.69
13.6275 10.2399 10.3468 9.7135 12.6386 14.2877 27.1817 18.9699 20.162 20.9024 14.4158 14.4674 14.1532 17.6159 21.3332 24.2829 18.7418 8.1586 11.4563 9.4495 13.7304 21.3053 16.8344 11.1095 15.4202 15.8353 9.8907 11.5403 14.1532 13.3394 13.1648 11.533 16.9913 14.7597 7.5936 10.6114 12.975 6.9639 13.1093 13.9614 10.1044 10.9931 14.4632 10.861 12.5403 20.4363 24.7187 22.4948 15.4956 19.1534 18.6905 24.3343 20.9085 14.2791 13.7984 10.867 6.9041 9.5797 8.8169 8.6602 14.2477 13.7495 20.5394 13.8529
8.8733 7.6111 10.4199 9.5147 6.7498 9.3995 8.4843 15.9817 13.7743 15.3096 14.5458 14.1461 9.8184 14.2857 12.9622 13.6346 13.0638 12.5746 7.1835 7.0941 12.7644 12.0625 15.3267 13.9527 17.2269 12.2735 9.2045 16.6172 7.1255 8.6659 13.5512 9.8927 10.3458 15.0827 6.5712 9.6539 11.0643 8.9502 8.7217 15.9886 12.3958 8.9592 9.6228 10.8476 12.0985 19.7225 22.4627 14.9863 24.9179 22.6654 11.3573 11.282 25.5196 30.907 11.5947 10.964 11.9607 8.6253 7.9398 7.5553 11.3441 10.4131 13.0311 9.6636
6.123 5.6019 8.7045 10.0003 10.497 7.8545 9.0516 8.0452 8.8138 8.8288 9.2967 18.6289 8.203 12.0703 14.8591 13.7638 6.7971 5.239 5.2019 8.3985 8.3615 16.1226 14.4946 15.0775 8.9095 6.4391 6.0874 9.8586 9.597 8.017 11.7228 12.1577 10.2069 7.7939 15.4437 6.7007 8.9309 10.5512 7.5711 7.1772 5.6497 9.5248 11.4301 10.1955 6.9331 7.9282 9.9345 8.7033 11.1094 19.6955 8.7612 12.7059 11.0446 12.295 12.1251 11.8523 11.774 8.4998 9.3466 7.7564 8.2035 10.0237 10.5567 9.3327
9.3286 8.8946 9.1988 9.5168 15.7475 9.3319 6.4288 9.4731 10.568 6.8454 8.135 8.9074 12.7453 10.8621 21.7909 11.8574 15.6966 7.2473 10.1223 7.0472 8.7456 5.677 7.3151 7.3027 15.8314 6.9702 8.7189 6.5731 16.5644 16.1558 5.9031 8.9828 9.1156 7.2908 6.2338 9.8096 7.3186 11.8489 9.0794 10.2863 9.0698 6.1286 5.7894 8.5173 6.9805 8.7422 8.6692 9.6035 13.2346 12.946 11.7015 12.6389 9.4241 12.8231 12.9761 12.6556 12.0334 7.0663 6.8663 10.3351 12.075 7.0678 6.6362 8.2806
10.2226 13.9476 9.9018 17.7397 9.5253 9.6871 10.9887 14.6994 8.589 12.9074 10.0406 8.3849 7.6338 6.5837 6.8644 6.162 7.3727 7.0267 9.4727 9.193 9.0407 6.4575 6.7005 7.012 6.9378 8.125 7.2731 5.8927 7.9131 8.5476 4.6111 5.2916 6.5074 8.6075 5.8543 7.1619 7.1505 4.0783 6.5775 9.8038 15.1411 13.2569 12.2622 9.8231 9.588 7.2022 6.3431 7.1727 12.136 9.9927 8.2518 8.6066 15.2275 10.9496 11.9668 13.7694 8.8009 7.2733 7 16.7192 7.1231 7.7836 8.6105 8.4202
14.9243 16.0372 14.6541 11.7784 10.7398 10.666 12.7785 10.5275 11.271 10.2313 8.794 7.7361 7.465 5.6072 7.0175 11.8587 5.4592 5.4529 5.0316 7.3255 7.1515 6.3786 7.8681 6.8965 6.2169 5.8592 5.5474 5.6724 9.2069 10.3097 6.2105 8.4951 6.3497 4.445 5.0275 4.9148 6.2059 7.8484 12.226 16.6823 19.5288 20.1635 21.8881 22.6396 19.1349 14.2655 10.9229 11.1373 6.2674 7.5072 6.2851 6.7535 9.1503 9.5974 11.4896 11.7315 6.029 6.8958 7.0663 9.828 10.3328 9.7132 14.8427 20.1648
17.3965 14.5951 14.295 12.8583 15.5746 15.5785 13.7533 14.9462 14.3621 16.2842 16.5443 13.9873 13.1491 10.8809 11.7602 8.2906 12.488 12.4487 5.2019 5.3568 6.8007 6.0993 6.4899 5.6689 5.7308 6.5011 5.0001 6.2343 5.5082 -1.0755 5 6.0621 5.8597 5.3667 3.4698 5.6958 6.798 6 6 15.0519 21.4986 22.0385 23.7063 15.5569 16.9794 12.7209 10.699 10.1021 6.6902 7.0998 7.6322 7.0289 7.7746 10.3083 11.4023 8.6996 9.9677 7.9473 17.3266 17.2768 11.2907 15.4218 20.0587 27.7233
21.9141 12.6967 18.5554 18.5666 13.7795 17.2271 23.9497 21.021 17.0928 18.393 19.5509 19.8144 15.8084 20.7185 27.9694 15.7366 9.6448 15.7106 -1 5.8941 5.3584 5.9807 4.9365 6.0711 6.4784 5.2976 6.0005 7.5259 7.3478 6.8584 5.2883 5.9683 5.3111 6.6456 10.8203 7.8649 12.3399 8.8911 5.4914 6.3369 6.2674 8.334 18.5635 24.7149 20.7689 17.0952 22.4211 23.6062 15.5657 15.3021 11.0731 6.4808 6.449 8.4571 10.2825 7.2684 8.01 13.0097 13.3662 11.6664 8.2728 9.6016 11.0834 13.5208
16.0578 17.8414 12.2701 14.4889 12.1689 11.9593 14.9585 19.1639 35.6458 22.3419 20.8169 17.5563 18.6321 19.9399 16.8477 15.5315 20.7421 17.9166 9.9209 5.4466 4.2141 9.1399 7.2032 5.0376 13.0142 16.9634 6.0327 7.2679 6.2693 -1 1.0485 1.3718 5.4159 -1 6.0397 6.7341 11.0308 16.0511 17.4573 12.5644 14.4858 12.9669 6.0819 7.5738 7.768 6.0405 9.6668 7.9159 9.048 11.1312 8.164 5.853 5.5593 5.253 7.0042 7.6164 7.0122 7.3458 7.2869 7.9986 9.8164 12.1498 12.9755 14.8806
23.2808 21.069 16.3214 20.8088 28.158 19.9402 21.1291 16.7122 19.1274 20.5533 20.1937 28.0401 24.3991 23.9365 25.8253 23.7476 24.8963 30.6368 24.8151 33.853 26.611 9.6283 11.2226 13.8819 8.1993 7.4058 14.3144 14.5333 16.5071 15.9553 13.4743 15.8022 16.1585 21.7538 23.1336 19.4055 16.8137 21.2846 21.6845 19.5862 13.0419 14.0249 19.1767 15.9452 16.4626 15.2039 7.3088 6 6.6192 8.3978 7.1739 9.6604 10.8363 16.882 13.9407 9.4965 10.3426 11.2739 10.2155 8.5854 9.1112 7.8143 9.7068 10.9585
37.4917 34.6066 27.6585 25.68 16.6049 19.9713 20.7355 20.9714 21.5863 19.8882 25.2958 21.6068 29.4796 39.3268 26.6863 29.1973 43.0324 40.3347 35.4234 24.5221 32.1895 26.6323 28.407 32.7642 35.2966 22.9453 26.7558 24.5186 24.0547 19.7892 24.9605 29.0146 26.7706 22.2366 27.4308 31.0196 20.4162 15.4041 23.3007 19.9903 19.0676 15.9916 21.432 19.0864 14.5857 18.8767 13.0685 17.4542 11.8193 6.5046 8.8272 7.9068 7.791 5.5283 6.7249 7.1386 7.0606 6.3569 7.1608 6.2342 7.1921 8.0635 7.779 9.6182
32.3219 40.096 22.7547 30.0457 37.1775 33.203 31.4401 21.855 23.594 23.3939 21.0295 23.158 23.8549 24.7909 27.0228 24.7268 35.7873 41.0721 38.8749 31.4161 37.3451 39.9506 45.0499 36.9616 23.6658 26.2504 29.5307 35.3102 36.138 27.8626 25.4392 28.8422 28.0612 23.3359 20.3463 21.5102 18.6877 19.8712 17.8759 16.1829 17.2657 15.664 18.1886 13.5112 14.6798 14.2028 16.9701 15.0662 22.3042 13.1889 12.307 12.6041 9.9545 8.3582 8.1683 6.4227 6.9378 5.6247 7.4832 7.3827 6.7096 7.3273 9.2953 9.4276
36.3127 41.1567 27.332 24.5557 22.0017 38.2464 47.5392 38.1762 30.9989 31.4169 20.2894 24.5974 38.3437 44.7977 43.6651 20.4958 17.5365 22.8294 19.6077 25.5403 20.0054 23.9695 26.0517 37.8513 38.6217 35.4277 28.1844 22.4253 34.0337 32.1462 44.2534 27.2663 30.504 28.5613 22.3374 16.9992 18.2851 19.8157 24.5982 20.0606 20.9392 22.0091 20.2464 25.4264 27.8596 21.7345 18.3742 18.0919 20.1152 14.8738 12.4652 13.2675 11.9505 10.3945 11.2198 8.6348 8.1427 7.3278 9.0332 8.3229 9.8689 10.9958 13.68 9.244
26.3558 35.6853 30.1199 32.7245 32.3337 40.4688 42.6816 45.523 38.6012 43.0839 47.0025 22.0803 30.2137 26.7333 51.7251 23.2492 24.0363 25.7651 31.7186 25.8618 26.8244 28.4546 32.1445 35.2723 40.5557 45.7303 39.7882 31.0073 32.2945 32.124 33.3996 37.7926 27.4779 25.7871 20.907 27.5293 20.8191 25.6661 28.1831 25.6772 26.9149 20.834 22.8656 17.8737 31.2389 18.2025 15.8976 15.7572 17.7246 12.5935 14.634 15.0703 11.9768 10.3055 12.6796 8.9739 8.2186 9.9059 11.4974 14.9355 16.1702 16.8364 13.8692 18.0422
25.851 26.2348 36.4285 38.6868 28.165 26.7478 26.5879 30.7613 28.4139 26.0405 23.6564 27.8969 36.4027 42.4035 36.0303 38.3405 33.0684 36.7917 25.9856 24.3192 26.3345 24.7314 28.5393 30.9673 28.857 54.8069 38.0946 49.4991 54.2814 53.0202 50.6067 45.6576 36.7433 34.7017 26.8391 44.5387 30.9809 30.4034 25.1546 26.211 34.818 23.8397 32.4017 26.8443 26.6796 22.8962 20.4408 25.1789 15.8923 22.1831 23.1951 26.3565 18.6493 14.4024 11.0016 13.6121 19.41 15.582 20.4922 24.4139 22.0745 20.6507 19.0696 13.1368
32.1679 41.7028 46.8635 41.6583 42.8449 25.5762 31.37 27.0226 24.5509 26.6512 21.6009 25.1699 24.4721 34.736 42.4375 50.5404 47.4489 37.6534 39.0295 34.1924 41.8621 39.3312 43.4509 38.8579 36.898 49.5966 52.5038 46.5099 40.8619 37.6893 38.6678 33.4872 35.9669 41.1669 38.0374 41.1396 33.7532 37.9009 41.3028 33.7733 26.7889 29.2028 23.7158 27.9508 32.9165 32.3461 31.0981 21.6446 26.8623 24.637 27.6333 25.8778 21.1444 17.3638 16.5239 18.1126 18.474 15.8544 18.9549 13.501 28.2238 25.6339 18.4961 17.457
23.3823 25.9418 24.773 26.364 26.4336 27.376 24.3994 25.493 29.1443 22.3488 35.1122 27.1868 26.3573 20.8668 30.3561 20.651 23.1191 26.4799 38.9162 38.71 40.4675 36.309 27.0056 28.8884 27.4843 27.3525 28.5762 30.0414 31.6091 37.3757 35.533 26.2661 35.9239 44.6194 42.1432 42.8932 45.0707 43.8941 33.0566 36.0115 30.9089 34.5997 24.5888 28.9527 32.1487 27.7388 22.8728 23.6792 21.8683 24.8437 24.6901 22.5753 22.6575 19.8902 21.075 21.7496 14.4682 16.414 16.409 17.9706 17.0443 24.6099 23.7811 18.1542
16.6109 16.5755 16.7906 22.7254 19.7954 21.9762 18.7503 16.6565 21.5496 18.7272 17.231 15.5492 18.6763 24.3688 22.3131 23.1099 31.373 36.5915 24.159 26.2614 29.2465 42.6916 31.3549 24.6429 25.3612 24.8859 23.4347 27.6693 26.3895 27.8212 33.0932 31.4493 26.2515 23.5871 23.6184 30.4953 29.0648 34.3744 34.2584 36.6794 40.9818 32.196 18.3715 29.4223 27.6685 28.9798 33.0374 27.9778 22.2808 26.8128 24.3231 19.3422 23.0828 18.0783 24.3042 24.5823 26.6132 16.2426 18.4275 35.9283 30.1355 18.098 21.8049 19.0308
16.73 21.1539 14.7485 23.7793 25.8941 21.287 21.6708 21.5004 24.5957 13.072 19.4927 20.1507 17.6825 18.1712 20.4493 20.7404 23.8804 26.0877 22.7199 24.0602 27.267 27.4712 24.9248 34.9736 35.4748 33.3772 19.2121 24.015 18.3526 24.833 25.2028 28.0963 27.8341 30.46 23.3984 32.8146 27.7919 22.3809 23.8881 29.3915 30.8019 37.5032 32.6543 21.6958 24.7797 19.5938 19.7141 17.8466 13.7839 13.6964 14.3753 17.118 10.7345 15.6636 24.9925 22.8624 20.337 11.4647 15.626 11.6537 18.4276 17.6509 13.9017 14.1146
11.5231 15.0855 19.9661 21.2173 16.9968 25.9381 23.1766 23.8295 25.214 17.5891 15.0797 14.0266 18.113 20.3386 17.9192 24.8688 26.4044 22.832 21.1671 19.936 19.1311 25.0881 21.0411 20.7327 26.3948 34.2713 27.84 28.964 21.563 20.3959 18.6937 32.0858 30.363 34.0524 27.0955 33.6656 27.8193 26.0435 28.3755 28.6647 24.6661 26.1681 25.8329 19.2322 19.7946 18.9293 18.6637 17.0322 16.0291 14.383 14.4786 9.7613 10.1002 13.8029 11.1991 8.6415 10.0161 15.1539 14.3949 13.3948 10.7561 14.0058 16.0285 21.7302
11.5609 14.0051 24.5285 17.2021 19.9445 24.2043 21.0453 24.2134 17.1774 16.3166 17.3049 15.1298 16.9454 20.7762 19.3877 19.7633 19.4447 21.1362 17.4027 19.8011 17.7111 18.0207 21.1825 18.5964 21.7952 31.9174 29.0812 23.348 20.3481 18.9794 31.4804 37.0451 28.9069 32.1864 30.0537 28.1791 26.4869 28.2669 28.2891 34.4056 28.0875 27.5878 29.6345 23.4462 22.3408 16.7013 19.7708 16.386 14.9526 17.8324 16.0314 13.0119 14.9467 14.7578 15.4896 10.4462 11.8507 12.5416 11.6809 12.5643 12.7581 12.9131 13.1478 12.4305
17.9122 15.9941 15.4159 23.6928 26.0025 19.7891 16.0565 24.8922 18.9054 20.8069 17.5494 24.7046 25.6956 28.9592 30.5394 42.6945 36.9318 28.1797 29.7641 20.6874 25.2352 21.0483 32.9281 37.2475 21.8691 24.2403 23.6359 25.2258 28.0107 35.8511 36.6457 33.9143 37.3905 23.5891 23.2524 31.082 32.0042 32.6742 23.3693 24.1945 27.1714 28.0507 34.1681 19.5636 19.9597 19.1677 18.7808 19.0611 15.4235 15.2247 14.4591 12.5347 14.1561 14.1942 13.4964 14.6611 13.2945 10.6608 12.8305 11.714 12.6814 11.8547 12.9794 13.4176
18.8074 20.5118 25.6633 22.5927 24.3711 21.6867 18.9201 16.4277 22.0484 29.5326 20.8872 23.2429 23.7442 22.3757 33.4864 28.8734 30.1691 29.2041 19.512 21.6948 23.8727 26.4137 33.8962 36.5583 28.0977 23.6434 24.4796 25.0613 24.8487 22.6672 27.8724 22.2094 22.1308 21.3836 25.0249 24.8204 29.372 30.1418 26.3013 29.1453 34.9604 32.1581 29.6138 15.4058 16.2703 16.9841 14.9878 14.5526 16.3347 15.6387 13.7494 14.8217 15.7358 16.6741 14.6468 11.8166 13.9677 12.8616 13.516 11.0123 10.0086 10.0221 11.2385 9.0434
26.6931 21.8339 23.2098 27.5197 17.4477 20.1192 20.6141 29.5619 22.5932 23.9357 31.2063 37.7969 34.019 39.896 29.9304 26.372 25.4905 24.8714 25.3197 27.744 22.7249 26.41 24.6308 27.544 22.3281 31.5352 24.8637 21.2804 24.4815 21.1959 24.5637 25.113 26.108 24.7192 21.8965 26.6773 22.1696 25.8942 25.3162 26.9094 30.3044 22.8584 21.7405 16.794 17.1493 17.3291 14.249 15.3777 14.3908 15.2091 13.4453 15.9425 12.4802 16.34 13.145 13.3987 15.0092 14.3771 11.5222 14.4591 13.3729 9.4462 11.9912 14.4064
