MapLib/Lvl1_5x5/BG/Ele_BG_DF.asc
ncols         557
nrows         557
xllcorner     2784500
yllcorner     4451669.448
cellsize      1000
nodata_value  -9999.0
[rows 135 to 161 of 557, columns 434 to 495 of 557]
-51.6065 -49.581 -46.9191 -45.073 -45.3068 -48.5118 -51.7823 -55.8931 -57.8478 -59.3722 -58.9039 -58.1329 -56.7383 -55.7204 -54.3722 -54.0289 -54 -54.0718 -54.3722 -55.1725 -56.0367 -56.8329 -57.1374 -57.375 -58 -58 -58 -58.7146 -59.1807 -60.5122 -61.2832 -62.66 -64.1748 -66.3417 -69.2429 -71.6492 -75.4088 -79.243 -82.5776 -85.9539 -90.5501 -95.0169 -98.2408 -100.4847 -102.9842 -102.9032 -100.6402 -97.0334 -92.9278 -87.2428 -81.0606 -75.6252 -70.7741 -67.8758 -66 -67.3326 -70.9036 -76.6617 -84.3416 -93.3212 -102.3617 -111.5766
-50.6065 -48.9712 -47.336 -46.0075 -46.942 -50.1471 -53.4191 -57.5296 -59.4905 -61.1258 -61.2689 -60.6337 -58.9984 -57.3631 -56.0128 -55.0851 -55.0075 -55.0089 -55.8369 -56.011 -57.0075 -57.013 -58.0075 -58.0194 -59.0075 -59.0075 -59.0075 -59.0075 -59.0075 -59.8173 -60.4478 -61.0858 -62.7142 -64.3495 -66.9695 -68.6125 -71.2403 -72.8755 -76.044 -78.4818 -82.5776 -86.2871 -91.1192 -94.3966 -97.3249 -97.985 -97.3743 -94.4914 -91.2209 -85.9121 -80.5298 -74.8321 -70.1463 -66.9379 -66 -67.3251 -69.9355 -76.4051 -83.4211 -92.3533 -102.0271 -110.6898
-50.6065 -48.9712 -47.7628 -47 -48.5352 -51.7823 -55.9006 -59.9661 -62.7611 -64.3963 -64.5394 -63.9042 -62.2689 -60.6337 -58.3557 -56.7204 -56.6427 -57.3544 -57.6427 -58.451 -59.2855 -59.5477 -59.88 -60.6427 -60.6427 -60.6427 -60.6427 -60.6427 -60 -60 -59.6473 -60.3573 -61.079 -62.7142 -63.7117 -65.342 -66.9772 -68.0353 -70.7955 -73.3005 -76.0365 -79.1033 -84.6519 -89.3041 -92.7614 -94.7017 -94.7145 -92.8561 -89.5856 -84.794 -79.8324 -74.6252 -70.1463 -67.5407 -66 -66.3326 -69.2815 -74.7698 -81.396 -89.0827 -96.6163 -103.913
-50.8845 -49.2492 -48.278 -48.278 -49.4723 -53.9874 -58.1141 -62.7989 -65.8858 -67.556 -67.556 -67.1747 -65.5275 -63.1822 -61.2689 -59.6337 -59.556 -59.6096 -60.4319 -61.0194 -61.6546 -62.556 -62.556 -62.834 -63.2958 -63.556 -63.556 -62.1622 -61.3753 -60.3292 -59.278 -59 -59.7217 -60.722 -61.7142 -61.8964 -63.1897 -64.62 -66.5333 -68.5682 -70.8038 -73.5951 -79.5751 -85.2094 -89.2165 -91.9801 -93 -91.4989 -89.1142 -84.4368 -79.531 -74.8453 -70.4243 -68.1711 -66.3621 -66.278 -68.2138 -73.0772 -79.0533 -85.1397 -90.0846 -94.8503
-52.5198 -50.8845 -49.9133 -50.1866 -51.8421 -56.0155 -60.5106 -64.58 -67.8644 -70.0145 -70.8265 -70.4452 -68.8099 -67.1747 -65.4527 -63.8174 -63.7398 -63.7565 -64.5828 -64.78 -65.7483 -66.4968 -66.7398 -67.7398 -67.7398 -67.7398 -67.7398 -66.2417 -64.6458 -62.2654 -60.5012 -59.8343 -59.0626 -60 -60.0861 -61.0544 -62.3267 -64.7181 -67.0203 -70.0818 -72.4511 -76.1436 -82.0558 -86.3323 -90.6029 -92.8933 -93 -91.7277 -89.2184 -85.35 -80.4442 -75.6071 -72.0596 -69.8512 -68.2159 -67.9133 -68.9651 -71.6554 -73.7577 -76.3722 -77.6954 -78.7482
-53.155 -52.5198 -51.5485 -52.5485 -54.4176 -57.9453 -62.1636 -66.2291 -70.0241 -72.6593 -73.5485 -73.3764 -72.541 -71.4452 -69.8099 -68.6806 -68.097 -68.097 -68.5513 -69.097 -69.6901 -70.4996 -71.6456 -72.6456 -72.9964 -73.1941 -73.1941 -71.1001 -68.2842 -65.382 -62.6458 -61.0106 -59.7012 -59.5485 -60.5407 -61.7245 -63.6225 -66.4876 -69.7121 -73.5311 -77.2425 -81.0597 -85.4169 -89.6132 -92.6945 -94.6256 -94.9234 -93.1848 -90.3254 -86.2711 -82.0795 -77.1737 -73.6948 -71.4864 -70.5485 -70 -70 -69.1207 -68.6752 -67.7782 -65.9208 -62.7279
-54.7903 -53.1785 -53 -53.483 -55.1183 -59.2443 -63.4478 -67.7047 -71.6593 -74.2946 -75.3209 -76.1838 -75.351 -74.2478 -73.3676 -72.4452 -71.4489 -71.3676 -72.1957 -72.9296 -73.3857 -74.2852 -75.9205 -77.5557 -79.191 -79.6019 -79.7351 -76.6442 -74.0093 -69.9194 -66.5481 -64.1946 -62.3675 -61.3019 -62.3584 -64.995 -68.0768 -71.5124 -76.3349 -81.1031 -85.3302 -89.7969 -93.1417 -96.498 -98.3613 -99.5513 -98.5513 -96.6158 -92.5959 -88.6205 -83.8985 -79.6389 -75.3301 -73.1217 -72.0556 -71.1227 -69.0642 -65.3883 -61.7881 -59.0701 -55.8795 -52.6355
-55.6065 -53.9712 -53 -54.0542 -55.8809 -59.2427 -63.6151 -68.5209 -72.046 -75.1108 -76.7461 -77.3123 -76.997 -76.1672 -75.5839 -74.8331 -73.8991 -73.158 -73.9689 -75.3795 -75.9177 -78.154 -80.3096 -82.4615 -84.0968 -85.3259 -85.4571 -83.1853 -79.7341 -75.6442 -71.8249 -69.1032 -67.2761 -65.9192 -67.2606 -70.4175 -74.8358 -79.6082 -84.9507 -90.2388 -95.1445 -99.2517 -102.0762 -104.6763 -105.1576 -105.2761 -103.7722 -100.7054 -96.6854 -91.8939 -87.1691 -82.2633 -77.7844 -74.7569 -72.5505 -70.5759 -66.6335 -60.8053 -55.8709 -51.1029 -48.1229 -45.3987
-55.6065 -53.9712 -53 -54 -55.4445 -58.6853 -62.522 -67.0666 -70.4968 -73.7069 -75.7461 -77 -77 -76.6443 -76 -75.4967 -74.4424 -74 -74 -75.4634 -77.5529 -79.9221 -83.6469 -86.3717 -89.0025 -90.6378 -91.7764 -89.5198 -86.828 -82.74 -79.369 -76.6835 -74.5497 -73.2714 -75.2559 -79.3231 -84.514 -89.8277 -95.7798 -101.609 -105.6984 -109.8586 -111.8406 -113.2714 -113.2714 -111.8462 -109.1322 -105.6112 -100.7054 -96.5821 -91.8939 -86.9881 -81.628 -76.7279 -71.9079 -66.9425 -61.2938 -54.7703 -49.8144 -46.8898 -44.5825 -42.4802
-55.6065 -53.9712 -52.9405 -52.9105 -53.9287 -57.6583 -61.5256 -65.6663 -68.9511 -72.2117 -74.6565 -76.2918 -76.9105 -76.9105 -75.9743 -75.0707 -74.3528 -73.7349 -72.9258 -74.8372 -78.1973 -81.5335 -85.8609 -90.1879 -93.5157 -95.8834 -98.2603 -96.3162 -94.1025 -90.9054 -88.0861 -85.3721 -83.5622 -82.6268 -85.6035 -89.938 -95.7673 -101.4104 -107.8016 -113.2068 -117.2344 -121.0265 -121.6945 -122.4737 -121.1029 -118.4876 -115.0725 -110.5169 -105.5318 -100.6625 -95.7856 -90.8043 -84.4335 -76.7404 -69.3341 -62.4009 -55.8599 -50.3728 -45.6934 -44.1264 -42.4911 -40.7663
-55.3213 -53.2673 -52.336 -51.7831 -53.1443 -56.4148 -60.4665 -64.7961 -68.2263 -71.4663 -73.7461 -75.1049 -76 -76 -75.1962 -74.3315 -73.1217 -72.2752 -72.0473 -73.5378 -78.2688 -82.9265 -87.8323 -92.74 -98.0934 -101.6486 -104.7196 -103.7491 -102.4433 -99.9921 -97.8976 -95.2624 -94.1502 -94.0736 -97.0503 -102.4109 -108.1246 -114.4185 -120.3982 -125.4106 -129.2637 -132.0736 -132.3488 -131.6393 -129.2792 -125.9536 -121.0533 -115.4227 -109.6311 -104.7546 -99.9376 -94.2259 -86.6966 -75.8575 -65.5581 -57.4951 -51.6556 -46.741 -44.2752 -44.0348 -42.1222 -39.131
-54.6065 -52.9712 -52 -51.8085 -52.2946 -56.1396 -59.6151 -63.6806 -67.591 -70.7906 -72.7461 -74.3813 -75 -75 -74.3528 -73.0497 -72.2831 -72 -72 -73.7502 -78.656 -84.2956 -89.8367 -95.7377 -101.6391 -105.9049 -109.9005 -110.4402 -110.6196 -109.2781 -107.8716 -106.4651 -106.1403 -107.009 -110.2172 -115.5245 -120.9314 -127.4725 -132.1202 -136.7968 -139.7679 -141.8003 -140.8003 -139.8353 -136.3906 -131.5128 -126.0127 -119.7178 -113.1768 -107.7968 -101.6784 -93.757 -85.1382 -71.0008 -58.8218 -52.7091 -47.7247 -44.4337 -42.5541 -42.2799 -40.2621 -37.4958
-54.6065 -52.9712 -52 -52 -52.9345 -56.1396 -59.6151 -63.6806 -66.9511 -70.2216 -72.7461 -74.0018 -74.0047 -74.0047 -73.0033 -72.082 -71.445 -71.1966 -72 -75.3855 -80.2912 -85.9309 -92.0998 -99.0083 -105.5463 -110.5371 -114.7169 -116.5288 -118.1603 -118.9719 -118.9672 -117.9672 -119.4073 -121.3148 -124.9345 -128.845 -134.0135 -139.6607 -144.0315 -147.3081 -149.7747 -150.5349 -148.9766 -146.8513 -141.9485 -137.0458 -130.5247 -123.9837 -116.561 -109.9087 -102.0627 -92.2551 -81.1697 -64.3979 -51.5333 -47.3519 -45.0416 -42.4034 -40.7663 -39.1351 -37.4981 -35.8605
-55.9889 -53.9712 -52.7547 -52.6306 -53.5651 -56.7701 -60.1164 -64.2105 -67.5817 -70.7823 -72.7461 -73.7714 -74 -74 -72.7129 -72 -71.4424 -71.1929 -72.8281 -75.6823 -80.9265 -86.8373 -94.1072 -100.651 -107.8198 -113.6287 -118.9917 -121.9826 -124.703 -126.3382 -127.6041 -128.7834 -130.2269 -133.128 -136.3985 -140.669 -145.5717 -150.4774 -153.8499 -156.8457 -157.9566 -158.0833 -155.79 -151.9462 -146.6399 -140.3409 -132.554 -124.7472 -116.8981 -109.0926 -101.4314 -91.6199 -80.1583 -63.2776 -49.3223 -46.6674 -44.6746 -41.7937 -40 -39.1264 -37.4911 -35
-56.8723 -55.2371 -54.0893 -53.2658 -54.2004 -57.4054 -60.881 -64.9464 -68.602 -71.3766 -73.0119 -74.1014 -74.2614 -74 -72.7892 -72.0206 -71.4424 -71.4587 -73.0939 -76.5133 -81.6604 -88.2014 -95.7424 -103.2835 -109.8245 -116.3655 -122.2383 -126.5017 -129.893 -132.5645 -135.5145 -137.4791 -140.6986 -144.0431 -148.3058 -151.5841 -156.1174 -160.1252 -162.7383 -165.0633 -165.0633 -164.3585 -161.3831 -156.6935 -150.8866 -143.105 -134.0257 -125.2308 -116.0696 -107.8629 -99.4208 -90.6634 -80.0475 -62.7561 -49.0252 -46.6674 -44.7748 -41.7937 -40 -39.7678 -37.8516 -35
-57.6065 -55.9712 -54.9343 -54.9011 -55.8356 -59.0407 -62.5162 -66.5817 -69.8522 -73.0119 -74.6472 -75.2824 -74.9984 -74.9011 -73.6424 -72.0776 -71.9448 -72.1929 -73.8281 -77.3371 -83.2067 -89.5969 -96.8092 -104.0176 -111.135 -118.0008 -123.7216 -128.5374 -133.1636 -137.1693 -140.6599 -143.7897 -146.8684 -150.7389 -154.687 -158.8593 -163.1558 -167.3084 -169.1904 -170.5514 -169.8022 -168.8686 -164.6536 -159.3246 -152.2112 -144.0028 -133.407 -123.5955 -112.9858 -104.1229 -94.3742 -84.7244 -74.0375 -59.6327 -48.2405 -45.7663 -44.0353 -41.4361 -39.7852 -39.0125 -37.0325 -35
-59.1428 -57.5076 -56.1802 -56 -56.9345 -60.1396 -64.0415 -68.1313 -71.4875 -74.1702 -75.8823 -76.5363 -76.5363 -75.8845 -74.2492 -73.0416 -72.5363 -72.8186 -74.8281 -78.3901 -83.878 -89.9356 -97.1841 -104.022 -111.5587 -118.0997 -124.6407 -130.1817 -135.4583 -139.5466 -143.4388 -147.7093 -151.3669 -155.9521 -160.053 -164.6642 -168.5982 -171.8687 -173.6059 -174.9042 -173.6416 -171.6583 -166.7771 -160.8329 -152.7397 -143.5833 -132.7718 -121.5753 -110.1373 -99.5213 -89.4529 -78.8498 -68.403 -57.0622 -48.5846 -45.6674 -43.5834 -41.3969 -39.7616 -38.5949 -37.0274 -35.5363
-59.7781 -58.1379 -57 -57 -57.9345 -61.1396 -64.6151 -69.5209 -72.6472 -75.2824 -76.9177 -78.0654 -77.9863 -77.0597 -75.7129 -74.2359 -73.5381 -73.3645 -74.8576 -78.3901 -84.2959 -89.9356 -97.4766 -104.0176 -111.0885 -117.9281 -123.7151 -129.4647 -134.5421 -139.3078 -143.8082 -148.2594 -152.5673 -157.0709 -161.9767 -166.8825 -170.6971 -173.9676 -175.7048 -176.8604 -175.3678 -172.7792 -167.7029 -160.3305 -151.7596 -141.9481 -130.3496 -118.6523 -106.304 -95.3587 -84.5472 -74.0799 -63.9973 -55.5285 -49.0276 -46.7819 -44.2303 -42.5685 -41.1716 -40.4479 -39.8343 -38.3679
-61.0959 -58.9657 -57.2711 -57 -57.9345 -60.6798 -64.6151 -68.8429 -72.6687 -75.304 -76.9392 -78.0737 -78 -77.3482 -75.9445 -75.0627 -74.3569 -74.1929 -75.6682 -78.3901 -84.2959 -89.9356 -96.6697 -103.2108 -109.7518 -116.2928 -122.0995 -127.4627 -132.9284 -137.6765 -142.5468 -147.4525 -152.3583 -156.2641 -161.9704 -166.8825 -171.5255 -174.796 -176.5333 -176.864 -175.3894 -172.7913 -166.896 -158.9359 -149.5957 -139.522 -127.3895 -115.3817 -102.2997 -91.6462 -81.2551 -70.8049 -61.4033 -54.8017 -49.8495 -47.6031 -45.839 -45.0106 -45.2274 -45.9323 -46.7428 -47.5222
-61.6065 -58.9712 -57.336 -56 -56.5214 -59.1277 -62.0824 -66.6367 -70.0669 -72.7305 -74.8618 -75.9392 -76.5579 -76.5579 -75.7129 -75 -75 -75.1929 -76.3661 -79.3901 -84.2959 -89.6111 -95.6653 -101.5755 -107.8337 -113.0939 -118.8066 -123.7521 -128.6579 -133.5636 -138.4694 -143.4234 -148.8388 -154.1867 -159.0925 -165.0678 -169.3461 -173.3539 -175.0911 -175.3894 -173.7541 -170.3597 -163.8186 -155.8585 -145.8945 -135.2466 -123.8086 -112.3618 -100.4208 -90.4314 -80.062 -71.042 -62.0545 -55.7516 -50.6053 -47.9624 -47.4279 -49.1509 -53.0311 -59.0461 -64.3978 -70.4162
-62.213 -58.9425 -56.2846 -54.6234 -54.7849 -56.415 -59.178 -62.4485 -65.6822 -68.8013 -70.4366 -72.72 -73.6918 -73.7679 -73.8453 -73.9166 -73.9226 -75.053 -76.7508 -79.3128 -83.2185 -88.1243 -93.9813 -99.8585 -104.7643 -109.6488 -114.4984 -119.3268 -123.2326 -128.1384 -132.9668 -138.0297 -143.7783 -149.1184 -154.6672 -161.1519 -166.2363 -170.4619 -172.3011 -173.4439 -170.9793 -167.0892 -160.4738 -152.2427 -141.7765 -131.0607 -120.5381 -109.4966 -99.6851 -89.8735 -80.2957 -72.1806 -64.0535 -56.9015 -51.6826 -48.7447 -49.1201 -54.0108 -61.8725 -72.8697 -84.6089 -96.7124
-62.213 -58.922 -54.9593 -52.7748 -50.9088 -52.4319 -54.2722 -57.5427 -59.625 -62.2603 -63.8956 -66.5308 -67.8669 -68.614 -70.0667 -71.4971 -71.9721 -72.5357 -74.993 -77.6775 -81.5833 -86.4891 -91.5009 -96.588 -101.4937 -105.412 -109.5927 -113.1097 -116.6916 -121.0159 -125.5031 -130.6962 -136.1163 -141.8648 -148.1207 -154.032 -159.9377 -165.4834 -167.3954 -168.6936 -166.8274 -163.8186 -156.5436 -148.3175 -138.506 -128.6944 -117.7061 -108.784 -99.6037 -90.5861 -81.3297 -74.5462 -68.1263 -60.0704 -53.3179 -50.38 -51.6484 -58.5504 -71.0484 -88.719 -107.0785 -126.1114
-62.213 -58.5758 -54.441 -50.8584 -48.3498 -48.3042 -49.0901 -50.9967 -52.2228 -53.0958 -55.3109 -57.5983 -58.5814 -60.2167 -62.9518 -65.1559 -66.8182 -68.8684 -71.6126 -74.5332 -78.6001 -83.5059 -88.4117 -92.9696 -97.2357 -100.5062 -103.4601 -106.6993 -109.622 -112.8925 -116.2663 -121.142 -126.4517 -132.9927 -138.8867 -145.0748 -151.4445 -157.5047 -160.6315 -163.1507 -162.6085 -160.353 -154.355 -146.6417 -137.0512 -127.4676 -117.442 -108.095 -99.9188 -91.7425 -83.0704 -77.321 -71.3621 -63.3447 -56.6489 -53.711 -55.3161 -64.0593 -78.4906 -99.749 -124.252 -150.7256
-62.213 -57.9142 -53.6776 -49.4183 -46.1478 -44.4735 -43.0674 -42.2555 -42.1012 -43.103 -43.8641 -45.4993 -47.1346 -49.4107 -52.6754 -55.9459 -59.1901 -62.4532 -66.5378 -70.4329 -75.3296 -80.2354 -85.1412 -89.0426 -92.3299 -94.6173 -96.9776 -99.6221 -102.2512 -103.914 -106.4548 -110.3759 -115.988 -121.5459 -128.0869 -134.6111 -141.1521 -147.6932 -152.1508 -156.2331 -157.0506 -156.1651 -151.8826 -146.4523 -138.2592 -129.1028 -118.2978 -109.484 -100.5709 -92.9069 -85.5115 -79.8132 -73.2757 -66.7168 -61.5547 -58.6168 -60.8531 -69.5581 -85.0317 -106.29 -136.5601 -169.9788
-62.0628 -57.9315 -53.8797 -49.1022 -44.553 -41.4595 -38.4314 -35.7849 -34.2323 -33.2896 -32.8283 -33.0526 -35.0797 -37.9749 -41.423 -45.4863 -50.3073 -55.4866 -60.5885 -65.535 -71.4407 -76.3465 -81.1114 -84.1536 -87.4241 -89.4197 -91.4023 -92.4535 -93.4703 -94.2896 -96.3642 -99.2258 -103.218 -109.1237 -115.0218 -122.4206 -129.9849 -137.8185 -144.041 -150.4818 -153.9427 -155.8325 -154.1801 -151.0742 -144.3312 -136.4361 -127.0174 -117.5394 -108.8997 -102.1851 -96.0965 -90.8887 -85.7405 -79.616 -75.1415 -72.4697 -73.7381 -82.818 -97.845 -118.923 -151.7124 -192.2957
-62.4666 -58.921 -54.2616 -49.1022 -44.1964 -39.1461 -34.8776 -29.9718 -26.7635 -24.8746 -23.0501 -21.7317 -23.5112 -26.7818 -30.3394 -34.5567 -40.9622 -47.7569 -54.5079 -60.7467 -66.56 -71.6944 -76.6001 -80.2446 -82.6098 -84.239 -85.1492 -84.9854 -84.7317 -85.3407 -85.8148 -87.3754 -90.5973 -95.0417 -101.9319 -109.6399 -118.6048 -127.1959 -136.6685 -145.2095 -152.1653 -157.1691 -159.3614 -158.7533 -154.8469 -148.8849 -140.508 -131.8576 -122.2362 -117.1201 -112.7061 -108.6308 -103.8862 -100.1415 -96.171 -92.9005 -94.4694 -102.5814 -116.366 -135.7959 -171.1816 -216.8925
-64.1019 -60.6947 -55.8969 -49.9911 -44.2546 -39.2273 -33.3849 -27.7322 -23.679 -20.1114 -17.73 -15.8832 -16.3517 -18.748 -22.0504 -26.3225 -33.6748 -41.3873 -48.7378 -56.1868 -62.6167 -68.4239 -73.3296 -76.231 -78.8618 -79.3333 -79.4344 -77.9595 -76.5555 -75.8301 -75.6665 -75.8641 -78.3012 -82.5312 -88.8499 -97.9151 -107.5877 -118.8528 -131.0661 -143.2533 -154.3367 -164.1519 -170.4579 -175.3299 -175.3681 -173.0447 -167.9066 -161.3032 -153.8159 -149.2917 -146.0038 -142.6396 -139.2579 -135.9874 -133.3368 -131.5199 -132.8217 -140.9052 -154.7237 -174.2622 -209.5754 -254.1642
