MapLib/Lvl1_5x5/BG/Ele_BG_DC.asc
ncols         557
nrows         557
xllcorner     1113500
yllcorner     4451669.448
cellsize      1000
nodata_value  -9999.0
[rows 0 to 27 of 557, columns 248 to 309 of 557]
9.7917 5.001 9.5297 10.02 10.8109 10 9.6171 12.6733 10.6337 6.527 4 4.7659 10.8527 10.8076 12.3355 9.0059 8.0595 9.4644 10.1438 9.9237 8.6138 9.4027 6.8884 -3.203 -3.6126 4.3849 1.4472 -2 -1.6985 -2.0554 1.1919 2.04 -4.8236 -6.4589 -9.4134 -12.6839 -15.9545 -18.9999 -20.6352 -22.3874 -23.5183 -24.8567 -25.3874 -26 -26.2603 -26.5756 -27 -27.7413 -28 -28.8481 -29 -29 -29 -29 -29.0244 -30 -30 -30 -30 -30.6903 -31 -31
9.3343 9.3966 -3 9.8549 9.6835 12.4656 12.284 13.297 11.0959 5 4 9.5318 10.1831 12.6356 11.025 9.3854 9.3836 12.1548 10 10.377 9.8232 8.8997 10.217 8.763 3.0333 5.6651 4.3743 -2.2478 -1.6297 -2 -2 -2 -2.7643 -3.5145 -5.9028 -8.4247 -12.6839 -15.9545 -18.5779 -21.1227 -22.883 -23.942 -24.3019 -25.0275 -25.9187 -26.3071 -27 -27.5776 -28 -28.6379 -29 -29 -29 -29 -29.2662 -30 -30 -30 -30.5655 -31 -31 -31
8.828 10.5645 9.882 12.8905 12.1649 13.2629 11.1175 11.2419 11.5014 5.799 13.9192 12.3679 12.0632 14.0782 11.3458 10.173 9.3379 8.9378 8.0897 10.0339 11.6569 11 9.7142 2 -4.113 5.9742 6.7013 6.8504 7.5413 -1.8737 -1.1169 -2 -2.0057 2.0986 -3.4735 -5.1884 -9.4134 -12.6839 -15.9545 -19.1081 -21.2477 -22.883 -24 -25 -25.6719 -26.3071 -27 -27.5776 -28 -28 -28.1169 -29 -29 -29.3437 -30 -30 -30 -30 -30.5655 -31 -31 -31
10.0762 9.3295 10.6724 6.4972 7.7199 9.8553 11.3484 12.0716 11.6627 10.072 10.5096 10.7674 10.1114 11.1744 9.9411 7.997 5.4782 -3 -3 -3.4097 8.6948 9.4562 4.0711 -3.4817 8 1.5084 4.9565 4.6272 6.6273 2.7471 3 -2.2143 -2 -2 2.1509 2.0087 -7.1796 -11.0484 -14.7206 -17.9772 -20.1938 -21.8788 -23.4013 -24.5006 -25.3236 -26.1479 -26.9701 -27.5776 -28 -28 -28 -29 -29 -30 -30 -30 -30 -30 -30.7907 -31 -31 -31
9.1359 8.8067 9.0804 9.5912 9.3012 8.9926 6.6496 -2.8464 -3.649 -4.4379 -4 4.5521 7.2186 7.3123 8.0054 7.2043 8.1843 10.5212 11.0376 9.5522 6.795 6.9117 -2.3038 4.5799 8.8668 7.8278 10.4135 8.2879 12.7063 7.0922 6.1627 -2.9171 -2.9512 -1.316 -2.3193 -3.9545 -7.1796 -10.4501 -13.7206 -16.915 -19.2617 -21.7661 -23.4013 -24.0366 -25 -26 -26.9424 -27.5776 -28 -28 -28 -29 -29 -30 -30 -30 -30.0453 -30.9409 -31 -31 -31 -31
11.0071 10.2789 9.4526 8.1091 8.6434 8.8478 12.5747 7.8073 8.1946 8.9839 8.9718 8.3377 9.2181 9.6973 12.4873 9.7597 11.1478 10.0384 10.4564 9.9116 9.3563 8.9178 6.5964 6.3846 7.7164 8.1163 8.8909 9.1935 4.6986 -1 -1 -2.6247 3.0624 -1.316 -2.3193 -3.9545 -7.1796 -10.4501 -13.7206 -16.4956 -19.2617 -21.7661 -23.0847 -24.0077 -24.7411 -26 -26.9424 -27.5776 -28 -28 -28 -29 -29 -30 -30 -30 -30.2949 -31 -31 -31 -31 -31.3717
9.8515 9.3218 9.1772 7.5109 8.0445 9.1772 8.449 8.9961 6.3531 4.97 7.4167 10.0364 10.1968 9.5886 8.9914 10.515 11.2567 10.3793 10.8501 9.8885 9.5573 10.5886 8.587 7.2756 8 8.5838 9 10.4229 5.4863 -1 -1 -2.2381 -2 -2 -3.3193 -4.9545 -8.1796 -11.3205 -13.7799 -16.7058 -19.2617 -21.7661 -22.4013 -24 -24.6719 -26 -26.9424 -27.5776 -28 -28 -28 -29 -29 -30 -30 -30 -30.2949 -31 -31 -31 -31.3545 -32
9.4624 8.5583 9.5849 8.2863 8.0906 9.7137 9.7137 11.4924 10.1559 9.4973 6.9253 9.0685 9.6789 10.5021 9.994 8.8718 8.1232 8.9554 10.4442 9.4758 9.2274 9.1554 -3.3038 7.7089 7.5419 8 9.1794 10.0206 -3.5516 -1.857 -1 -2 -2.1053 -3.0406 -4.3976 -6.9712 -9.239 -12.2384 -14.78 -17.4956 -19.3133 -21.7661 -22.4607 -24 -24.6719 -26 -26.9424 -27.5776 -28 -28 -28.5141 -29 -29 -30 -30 -30.0392 -31 -31 -31 -31.2482 -32 -32
8.297 9.2303 9.5907 10.0481 8.9504 10.0212 11.8881 10.4287 9.7851 9.8545 12.442 13.7125 10.4693 10.6129 9.9634 9.644 8.2997 8.0928 9.0358 10.0291 10.0293 11.0395 10.4865 5.0044 7.9839 8.9918 9 8.9797 -4.8342 -2.4523 5 -2 -3.0339 -4.3787 -6.3332 -8.6492 -10.8742 -13.1448 -15.8177 -18.1902 -20.1308 -21.7661 -23.4013 -24.0254 -24.8998 -26 -26.9424 -27.5776 -28 -28.5891 -29 -29 -29 -30 -30.017 -30.8961 -31 -31 -31.3928 -32 -32 -32
8.0473 8.8166 10.0088 8.7132 9.1008 11.8377 12.3497 11.5307 10.8511 9.1569 9.1547 9.2803 9 9.5276 9.0066 9.3184 8.7734 8.078 10.2885 12.5848 11.2989 11.6229 13.5579 9.1252 4.4038 6.0333 8.4432 8.3536 -4.1624 1.1678 -1.8514 -2.1364 -3.3787 -5.0139 -7.4246 -9.9241 -11.9197 -14.2993 -17.0505 -19.4956 -20.4607 -21.8433 -23.4013 -24.0366 -25.2216 -26 -26.9424 -27.5776 -28 -28.8481 -29 -29.0391 -29.8351 -30 -30.0244 -31 -31 -31 -31.5655 -32 -32 -32
8.5073 9.0526 9 8.5779 9.4556 12.9342 14.6512 11.9639 12.0232 9.0083 6.7834 9 9 9 9.9663 9.1919 8.2002 7.0591 8.1415 10.6145 9.0655 -3 7.1776 8.9255 7.3984 6.6238 9.2882 11.2433 -3.0172 -2 -2 -2.9796 -4.0488 -5.684 -8.2956 -10.8758 -13.159 -15.4153 -17.8554 -20.4607 -21.1308 -22.7394 -23.4013 -24.9664 -25.6719 -26.2964 -26.998 -27.5776 -28 -28.8481 -29 -29.9693 -30 -30 -30.0244 -31 -31 -31 -31.5655 -32 -32 -32
11.4412 9.9399 8.4289 8.8734 9.921 12.2688 14.9269 12.3576 14.7001 10.5204 8.2059 9.8219 9.7144 8.6129 9.9584 8.6546 8.9453 7.1559 4.9905 -3.6004 -3.6004 -4 -4 8.8886 8.4569 6.1005 7.6911 5.5832 -4.3882 -2.7711 -2.3341 -4.0139 -5.6492 -7.2844 -10.239 -13.1281 -15.1902 -16.8255 -18.8045 -20.7984 -22.1308 -23.46 -24.241 -25 -25.6719 -26.3071 -27 -27.5776 -28 -28.8481 -29 -30 -30 -30 -30.0244 -31 -31 -31.5585 -31.8264 -32 -32 -32.6004
10.2255 10.2255 9.6807 7.8355 10.6751 10.586 13.7856 9.1905 10.7745 9.2624 9.0219 7.8746 9.1354 8.7511 9.7725 9.8882 8.675 7.7822 2.3763 -3.7643 -3.7643 -3.8109 -4.6928 10.1633 13.2029 12.2218 3.4924 1.451 1.0482 -2.7477 -2.6088 -4.9652 -7.2844 -8.9197 -11.8742 -15.1448 -16.8255 -18.4607 -20.096 -21.7312 -23.1308 -24.1805 -25 -25.2636 -26 -26.4704 -27 -27.6772 -28.0502 -28.8839 -29 -30 -30 -30 -30.0244 -31 -31.2949 -32 -32 -32 -32 -33
10.1568 10.5992 10.2758 8.0497 11.0124 8.7842 9.9703 8.6914 8.2184 8.1479 8.5141 7.6678 7.315 5.799 9.044 10.4567 9.2068 3.7559 -2.1291 -2.1291 -2.1291 -2.1291 -2.219 11.6841 12.7007 9.9486 3.4437 2.3674 -4.0635 -2.857 -3.4561 -5.7737 -8.0913 -10.5549 -13.5095 -15.9487 -17.5898 -19.2251 -20.8603 -22.4956 -24.0017 -24.9698 -25.3495 -26 -26.5851 -27 -27.8207 -28 -28.8984 -29 -29 -30 -30 -30.3389 -30.8741 -31 -31.2949 -32 -32 -32 -32 -33
9.3223 11.5535 8.584 8.1163 10.1075 10.9775 9.292 8.1698 8.8673 8.2926 8.5141 8.3684 9.2048 10.3773 2.3794 11.8831 9.9573 8.3369 -1.4276 -1 -1 -1 -1 7.7382 14.3974 13.814 -1.2372 4.4969 -3 -3.0724 -4.2844 -7.129 -9.5796 -12.0342 -14.8255 -17.4153 -19.096 -20.7312 -21.931 -23.4956 -24.1308 -25 -26 -26.5242 -27 -27.3071 -28 -28.5776 -29 -29 -29.2447 -30 -30 -31 -31 -31 -31.2949 -32 -32 -32 -32.836 -33
8.2847 9.0761 8.2967 7.9172 10.2344 10.0484 7.1407 7.4378 7.1605 7.9608 7 7.6471 8.5067 9.0812 8.7787 7.962 9.3826 8.2781 6.5179 -2 -2 -1.1328 -1 9.8204 13 11.279 6.547 -1.8725 -2.5077 -4.0202 -5.698 -9.1099 -12.1971 -14.5542 -16.78 -19.096 -20.6478 -21.3665 -22.8801 -24 -25 -25.1083 -26.4013 -27 -27 -27.3071 -28 -28.5776 -29 -29.12 -30 -30 -30 -31 -31.0035 -31.7078 -32 -32 -32.08 -33 -33 -33
10.6385 9.8034 8.3082 9.8049 7.4954 7.1303 5.2284 8.5847 8.055 7.9181 8.2746 7.4193 11.0713 9.4853 8.9973 9.6096 8.2883 9.5211 7.7243 -2 -2 -1.939 -1 8 9.0581 7.1429 -1.1843 -1.9715 -3.2844 -5.0308 -8.1099 -11.6037 -13.8742 -16.4607 -18.1673 -20.6959 -21.4581 -22.8269 -23.6682 -24.3849 -25 -25.7661 -26.4013 -27 -27 -27.8453 -28 -28.9057 -29 -29.8481 -30 -30 -30 -31 -31.0244 -32 -32 -32 -32.5655 -33 -33 -33
8.703 10.129 11.1823 7.6225 7.6036 5.9166 -2.2752 -2 -2 -2 5.8838 8.849 9.4804 10.2258 9.7372 9.3932 8.5913 8.8397 -2 -2 -3 -1.9642 -1.1251 -2.3315 -3.9667 -2.398 -1.2372 -2.8725 -4.4274 -6.698 -9.9685 -13.239 -15.5095 -18.096 -19.7312 -21.3665 -22.7588 -23.5443 -24.3544 -25 -25.4889 -26 -26.648 -27.0151 -27.807 -28.1265 -28.9661 -29 -29 -29.8481 -30 -30.4817 -31 -31 -31.0244 -32 -32.1215 -32.959 -33 -33 -33 -33
8.891 7.2882 7.3995 9.9248 -1.0123 -2.8409 -3.0693 -3.0472 -3.0472 -3.0472 -2.9269 8.756 6.9604 8.8214 9.9604 9.3577 8.2427 8.0292 -2 -2.8277 -4.0472 2 -1.3038 -3.7258 -6.0611 -3.8904 -2.2956 -4.7982 -7.1099 -9.3737 -12.6037 -15.4802 -18.096 -19.7312 -21.3665 -22.9567 -23.6092 -24.2616 -25 -25.5194 -26.0062 -26.7771 -27.0189 -28 -28.0317 -29 -29 -29 -29.25 -30 -30.0472 -31 -31 -31.0184 -31.0705 -32 -32.2949 -33 -33 -33 -33 -33.0472
8.3419 9.3715 7.7155 6 -1.944 -4.4761 -5.1504 -4.6825 -4.6825 -4.3836 -2.9269 -1.5166 6.3246 7.1513 9.3162 8.8854 7.8103 6.1046 4.5091 -3.5809 -5.973 -4.5605 -1.9862 -5.6769 -9.9687 -6.4785 -4.1569 -7.1504 -10.0339 -12.5079 -14.9214 -17.5095 -19.7312 -21.3665 -22.7838 -23.6514 -24.4025 -25 -25.5871 -26 -26.724 -27 -27.8099 -28.025 -28.8958 -29 -29 -29.3942 -30 -30.5788 -31 -31 -31 -31.806 -32 -32 -32.2949 -33 -33 -33 -33 -34
9.6971 9.4434 7.2078 4.9039 6.4386 4.2429 -4.8513 -5 -4.1974 -3.2444 -1.9768 -1.199 -2.3436 -3 -2.3858 5.8976 7.7947 8 6.4442 3.0129 3 -4.5991 -3.3177 -5.5576 -8.3086 -7.2716 -6.7922 -10.0627 -12.4896 -14.5062 -16.9447 -19.0134 -21.0488 -22.684 -23.5356 -24.3033 -25 -25.4713 -26 -26.6558 -27.0416 -27.8404 -28 -28.0366 -29 -29 -29.2994 -29.7118 -30 -30.8481 -31 -31 -31 -32 -32 -32.2096 -32.5189 -33 -33 -33.3177 -33.8881 -34
7.6771 4.4314 7.6152 5.983 -1 -1.939 -3.5791 -4.8405 -3.2444 -1.6092 -1.0436 -1 -2.3436 -3 -2.3858 -2 3.0857 6.9509 6.8126 1.3295 -3.4727 -4.0581 -4.953 -5.0156 -5.0925 -7.5737 -9.3804 -11.8195 -14.4607 -17.0557 -18.7312 -20.3665 -22.0017 -23.637 -24.3043 -24.9979 -25.5621 -26 -26.8199 -27 -27.9591 -28 -28 -28.0366 -29 -29.2927 -29.9973 -30 -30 -30.8481 -31 -31 -31 -32 -32.0233 -32.984 -33 -33 -33.5389 -34 -34 -34
5.5581 3 7.3264 8.2903 -1.1539 -2.8544 -4.313 -5 -4.1974 -3.4079 1 -3.1764 -3.5882 -3.0124 -2.3858 -2.8376 -4.9933 4.7658 2.2221 -2.465 -3.4257 -5 -5.4095 -6.7832 -8.1432 -10.0263 -11.965 -14.4082 -16.8933 -18.7312 -20.3665 -21.7585 -23.0287 -24.2723 -25 -25.5615 -26 -26.6809 -27 -27 -28 -28 -28.2361 -28.6033 -29 -29.3071 -30 -30 -30.5882 -30.9375 -31 -31.0698 -31.5882 -32 -32.0244 -33 -33 -33 -33.5655 -34 -34 -34
5.8831 6.5477 6.9657 -1.2235 -2.2616 -3.8968 -5 -5 -5 -5 -5 -5 -4.1467 -4 -2.6093 -3.916 -8.4563 -8.3329 -3.7243 -3.0139 -3.6492 -5.2371 -6.1432 -8.629 -11.1644 -12.96 -14.6842 -16.997 -18.7312 -20.3665 -21.8278 -22.637 -24.0109 -24.7546 -25.4714 -26 -26.5898 -27 -27 -27.1108 -28 -28 -29 -29 -29 -29.3071 -30 -30.5776 -31 -31 -31 -32 -32 -32 -32.0244 -33 -33 -33 -33.5655 -34 -34 -34
9.2761 4.6467 7.0855 -2 -3.1203 -4.7556 -5 -5 -5 -5 -5 -5 -4.9515 -4.8587 -3.9132 -4.2846 -6.1509 -6.6892 -4.7036 -4.6492 -5.2844 -6.9197 -8.5549 -11.0958 -13.6556 -15.4045 -17.096 -18.7312 -20.3665 -21.8789 -22.6683 -23.9172 -24.8656 -25.5874 -26 -26 -26.5898 -27 -27 -27.9287 -28 -28 -29 -29 -29.577 -29.9021 -30 -30.5776 -31 -31 -31.8587 -32 -32 -32.3342 -32.8622 -33 -33 -33.7988 -33.9386 -34 -34 -34.8587
9.7233 6.9035 -2 -2.8109 -3.6264 -4.8968 -5 -5 -5 -5 -5 -5 -5 -5 -5 -5 -5 -5.494 -5.494 -6.2844 -7.4137 -9.0798 -11.5341 -13.4872 -15.4607 -17.8946 -19.7312 -20.494 -21.7509 -22.5664 -23.7783 -24.4135 -25.0488 -26 -26 -26 -26.7924 -27 -27.8603 -28 -28 -28 -29 -29.0366 -30 -30 -30 -30.5776 -31 -31.8481 -32 -32 -32 -33 -33 -33 -33.1457 -33.9647 -34 -34 -34.413 -35
-1.2433 8.5534 -1.9911 -3.6263 -4.357 -5 -5 -5 -5 -6 -5.1198 -5 -5.0444 -5.9816 -5.0499 -5.2494 -6 -6.582 -7.1293 -8.0219 -10.61 -12.3195 -13.9547 -15.8786 -18.096 -19.7312 -21.1293 -22.0017 -22.5714 -23.2538 -24 -25 -25.0488 -26 -26.0413 -26.9604 -27 -27 -27.8603 -28 -28.2432 -29 -29 -29.0366 -30 -30.0397 -30.9498 -31 -31 -31.8481 -32 -32 -32 -33 -33 -33 -33.2949 -34 -34 -35 -35 -35
9.4218 5.6935 -1.9911 -3.6263 -5 -5 -5 -5 -5 -6 -5.2183 -5 -5.3436 -6 -5.8554 -5.8232 -6.6763 -7.7645 -8.7645 -10.3454 -12.6159 -14.8255 -16.4607 -18.096 -19.7312 -21.3665 -22.1814 -22.97 -23.3882 -24 -24.595 -25 -25.776 -26 -26.3193 -27 -27 -27 -27.8603 -28 -29 -29 -29 -29.0366 -30 -30.3071 -31 -31 -31 -31.8481 -32 -32 -32 -33 -33 -33 -33.2949 -34 -34.4323 -35 -35 -35
