MapLib/Lvl1_5x5/BG/Ele_BG_CF.asc
ncols         557
nrows         557
xllcorner     2784500
yllcorner     5008669.448
cellsize      1000
nodata_value  -9999.0
[rows 0 to 27 of 557, columns 441 to 503 of 557]
222.8251 218.0186 220.6528 211.6667 208.7989 233.0144 244.2692 235.8463 235.1326 229.745 227.046 235.3109 222.4227 223.527 224.4787 227.1264 227.4964 230.6686 234.551 230.8211 235.2506 237.8818 243.0966 246.0191 234.3342 231.7449 225.4889 221.9132 218.6848 218.0964 212.0863 205.9387 201.0819 210.1936 208.5386 208.5584 198.776 199.5903 197.2983 195.4109 194.8448 198.9307 190.6384 190.6312 189.9431 190.2995 192.8972 190.0798 187.1165 188.8239 188.9942 187.6872 193.9504 186.5385 187.1405 194.8005 196.316 192.0081 190.6457 190.342 185.59 180.432 175.9258
222.6508 214.2594 238.8159 241.6787 214.7343 214.7101 233.7449 240.7259 244.9566 241.9308 234.9867 246.0709 219.103 216.1003 223.8134 228.5919 229.2831 236.1627 233.637 234.9585 237.3649 241.5357 248.9707 243.9764 232.4649 220.6149 212.4967 212.3984 211.4527 218.7867 215.2349 213.0367 216.876 217.0455 216.9667 215.3031 210.31 211.0854 211.5421 207.871 207.8235 204.4832 206.8293 200.3848 206.39 199.2445 193.4179 203.076 202.8048 196.9241 202.0652 204.638 208.4323 215.0627 219.4517 229.8663 215.6415 216.9258 215.2313 214.1588 190.9034 188.8729 172.439
224.0385 247.9535 230.683 236.2321 215.2163 231.2928 246.6414 248.8651 243.9355 245.5915 240.8477 243.9151 239.6952 225.5549 226.3864 238.31 238.4163 230.6023 231.2469 234.9163 238.9598 241.2302 242.1996 233.8348 225.7167 222.0731 224.395 220.85 223.8682 220.8235 219.6265 214.9533 218.7345 217.9979 218.4442 219.0671 217.8059 217.7264 218.8014 213.4109 208.8317 216.1206 216.5932 214.2193 213.0654 205.763 211.8389 219.0698 212.8713 215.8589 202.8995 207.5526 201.7918 206.7648 219.224 225.8851 222.6895 214.9641 211.3646 199.3889 199.5878 198.9323 199.4109
233.2617 248.7215 237.6748 237.9371 217.3619 229.0775 240.6327 246.4354 241.4163 232.5409 223.1422 225.3194 226.7844 219.1408 223.6451 227.3874 229.0782 237.1024 246.7494 247.6349 245.7035 231.125 230.3375 229.3639 230.3945 235.3557 231.6722 234.2859 233.601 233.6887 236.5747 237.0029 231.3635 235.9266 223.5069 229.7416 217.9737 230.6125 228.3237 223.9226 196.855 227.0374 223.9409 216.3537 211.0217 215.5201 209.0784 212.7671 212.2492 216.5736 210.1927 201.1283 206.5667 215.6812 220.5424 224.0881 212.2621 205.9663 205.2049 195.381 199.0333 198.1008 190.2406
252.0687 253.3798 249.5728 222.8773 226.3434 239.6125 243.6825 244.0946 243.699 241.1426 226.7551 225.9826 224.1987 224.9136 227.2374 226.058 230.1927 233.6795 231.639 235.4466 237.7752 234.468 233.8756 232.0594 241.1476 241.4059 244.8599 243.3067 244 248.3206 255.3779 245.4326 240.7698 245.5067 248.3342 235.079 227.8302 229.0995 236.0425 227.268 225.261 221.5013 223.5729 220.9834 215.9417 216.1998 219.1489 218.4122 217.5338 216.0386 215.009 203.6525 209.5032 217.2232 214.9394 217.2744 215.1084 209.2583 203.829 205.7217 193.2026 200.2871 202.3302
235.3105 234.5085 230.1958 220.2507 211.3857 245.2246 241.1953 237.3157 233.9903 231.7651 231.3587 225.5366 228.0914 224.095 225.4099 228.4717 230.9536 232.0785 233.1456 236.4713 238.9528 237.1519 236.4612 234.7576 233.8284 232.5991 234.1686 235.3698 244.5522 243.5989 240.5534 230.6004 240.0125 235.8285 238 233.5941 239.1048 238.5341 224.2908 218.8242 220.5385 225.5201 231.642 233.6332 218.6364 215.288 226.5391 225.7469 223.6313 213.3984 212.2502 212.6025 219.5569 216.4238 215.7385 213.4479 210.9504 209.3523 203.7556 192.7751 175.8631 205.4554 195.5186
234.9883 236.3802 230.7739 222.9213 216.4793 229.6378 250.327 251.2326 234.4587 238.4683 236.5017 232.522 231.847 232.9441 228.6502 236.938 237.9403 242.8224 245.2696 239.7748 236.9863 239.7463 231.8638 230.535 228.2939 231.1962 227.6944 226.9777 228.4675 233.3828 234.5612 228.6626 226.1421 223.0475 229.0561 228.6301 223.1144 212.9914 217.7706 220.9935 218.7141 214.7379 217.5907 224.1787 221.5393 221.47 220.1602 221.7859 217.7121 219.1324 211.4721 211.3167 214.1798 216.4565 213.3913 207.6494 205.8675 196.6186 191.6515 202.4838 197.3201 206.4108 199.8184
228.9481 225.4777 221.3218 227.2982 240.8509 247.0375 233.2011 228.5589 241.1093 244.4723 241.033 239.9326 237.6698 238.6266 235.8052 233.6817 233.9829 233.8467 237.8573 243.495 242.6764 233.9824 232.1932 236.0949 236.1422 235.9545 235.0535 231.0491 220.638 218.9866 216.3748 212.3604 213.2668 215.8025 212.9131 212.0359 211.6719 214.7684 216.2292 207.7595 204.843 203.4342 204.2869 202.5938 203.1929 203.1471 201.5392 202.5115 206.6748 217.7508 215.1785 227.2522 221.5968 207.3511 200.0288 199.9398 207.8689 191.4848 186.5837 184.3406 177.4072 180.9214 191.9398
225.7741 227.5226 221.8787 231.3466 235.4255 250.3437 246.7231 237.563 235.4962 233.3693 233.8133 235.1888 238.5118 232.6849 236.4891 233.5246 236.6496 237.8673 237.8044 242.7868 243.6214 238.7692 231.4506 227.8685 228.5234 226.909 230.3926 228.7317 225.0017 220.779 220.1545 230.821 224.4545 223.4246 225.266 218.5657 221.404 221.6702 216.2069 212.3196 212.661 218.8972 222.1595 218.4493 213.349 221.4211 228.1742 216.1334 214.4555 213.1275 208.8681 201.2507 202.2559 200.6066 200.6684 197.7344 199.658 199.5572 198.1423 198.5407 199.3633 210.5819 220.0747
223.6638 226.4917 234.641 238.9678 231.9657 242.227 250.3647 240.0758 235.8862 235.3055 234.838 238.578 236.5407 232.1055 232.2922 238.342 236.6667 237.4836 239.8606 237.9197 235.3513 234.7535 234.0566 230.6066 230.657 234.3031 227.6834 228.7509 231.7776 230.7815 233.1849 228.0012 233.1521 231.6813 235.2583 230.1502 229.6397 232.7972 219.5696 224.7864 221.5959 233.2884 236.7688 222.6263 236.6229 233.9852 233.636 233.7311 230.1371 228.1647 222.5078 215.5851 211.4899 210.5486 213.1989 219.246 196.0401 217.0527 207.6176 202.4257 205.5171 217.3398 198.8377
224.2382 238.6761 241.7745 247.3602 241.0182 239.0712 235.3305 244.2864 247.1822 245.9604 248.4937 243.6213 236.2486 239.2046 236.1063 237.2884 240.7292 242.1297 247.1228 239.4002 235.8244 232.4217 234.0999 238.0321 232.4982 234.6241 233.5074 231.1151 233.2939 232.1044 235.1755 235.7846 234.2101 235.1875 231.4492 234.4454 229.0894 231.7442 224.4016 230.5491 233.1094 234.2532 231.9145 237.6944 234.3764 230.4619 232.8228 227.5786 219.6598 215.8623 218.4341 217.1397 219.448 220.8069 210.8286 206.1755 214.6374 207.4072 208.4247 207.6547 206.1283 213.6705 218.265
243.6228 243.0559 241.6205 245.4022 247.1727 241.5483 240.2395 247.7878 243.8023 247.0483 250.2656 246.6088 247.6961 246.679 246.5914 247.9169 249.6774 245.6363 246.5918 238.788 239.1224 238.8071 236.9203 237.1737 234.9917 235.7536 234.4159 236.8195 234.6813 235.6673 238.6024 235.827 235.2101 232.7864 232.7879 234.3261 236.1875 233.8614 229.4627 231.5095 232.1869 235.6467 232.9417 231.7099 233.4956 227.2982 233.53 232.2045 219.5114 217.0945 216.457 218.5648 217.14 216.9375 220.2307 209.588 204.4824 208.6709 209.0182 213.3716 213.6063 202.8568 209.9579
242.4886 258.4763 245.6599 248.3876 248.9701 244.7044 243.7578 241.2211 248.706 248.0823 250.162 247.4438 242.6503 247.8294 244.5673 244.6886 239.4832 248.0416 241.8005 239.51 234.6033 234.3869 234.0399 235.8327 235.5224 241.1704 244.3465 233.7431 247.14 244.0796 242.4102 241.4794 237.3552 235.6317 233.1706 227.4918 222.8594 218.2409 229.3071 232.5167 218.0704 230.4325 233.1274 226.5148 236.2565 229.8191 228.039 224.8209 225.9203 211.8144 216.7194 214.3691 216.0912 221.9683 211.3575 202.4718 208.0619 201.0129 212.7808 214.8813 214.3372 210.5725 212.8863
251.597 250.2946 254.0779 252.376 250.4848 248.1362 244.4367 246.2176 245.8455 251.2536 253.0764 243.0418 250.6337 237.4433 238.463 233.0493 235.3783 240.4057 241.6138 244.3381 247.0587 249.4353 240.0194 233.2299 232.4587 237.6481 237.3143 238.338 241.9119 246.3654 243.8878 232.658 232.1515 228.0869 223.8797 220.9305 227.6327 227.0849 234.6154 228.5678 224.1993 221.6895 206.3986 210.6287 212.6476 208.0935 209.3768 206.3102 211.832 215.3884 203.2542 207.3806 213.0041 207.1651 194.253 210.375 200.6103 199.4836 191.4308 209.5811 204.5453 215.2337 218.4109
242.6453 249.0564 255.843 255.8925 259.7473 259.706 257.8522 256.5957 249.48 248.9326 239.6546 238.009 234.1081 230.5143 230.8 228.3849 226.4177 239.592 244.4668 237.9558 242.5297 236.7818 238.2437 234.2134 237.7178 237.0544 236.1694 238.4595 243.1045 239.1164 240.0151 232.5533 233.2291 223.6709 225.0379 241.4192 236.8689 232.1329 234.476 235.1714 234.266 237.1779 230.8137 229.3763 229.7974 227.2719 224.78 236.4859 221.763 209.6911 209.6066 203.5819 193.5385 189.7671 178.9677 179.2181 186.8369 188.3181 180.6588 183.0286 186.9352 215.1153 196.1971
242.3886 250.0117 264.1561 264.8072 260.6152 262.6905 256.4348 257.5352 253.0009 252.7394 248.3056 245.6997 249.0153 249.1719 245.6507 240.3883 231.9259 221.6156 228.5738 225.8794 221.8306 229.6459 230.6068 235.5358 238.8446 227.7663 239.0816 231.5207 240.6811 237.8565 234.0622 242.5367 241.5822 236.5838 235.6204 244.1859 241.8713 235.6994 227.6836 239.4348 242.5163 238.8682 235.2336 231.0249 228.1428 206.1232 222.5144 219.4542 220.0501 216.0352 206.2913 199.6035 189.6949 184.9655 188.1039 208.4137 213.8176 208.8745 207.469 200.4455 181.4497 184.7022 189.5022
246.2634 251.8198 252.4208 265.3614 263.6377 252.7938 251.572 241.8899 245.8378 244.7813 239.5638 245.8784 232.2693 236.3551 245.398 231.0532 231.0219 251.0092 240.3629 243.1441 232.1554 221.6428 223.9649 217.2757 216.403 217.3133 221.3826 218.8634 231.321 228.4563 224.4272 228.0267 237.1693 228.7367 241.4289 242.8205 240.5002 227.6285 222.6794 242.7805 239.7584 244.9316 239.3289 231.0315 221.2139 218.907 217.7368 208.7869 208.7177 198.7737 201.6266 188.6702 185.8894 188.021 191.5647 201.3408 213.7755 210.2778 198.8946 190.7607 202.5021 188.965 214.4177
263.104 256.5291 261.732 254.7507 251.1919 244.7442 240.5308 243.2575 237.3154 238.3284 238.0008 231.8743 240.6178 245.942 243.281 232.4894 235.597 237.5124 236.8678 229.4233 244.6489 235.1029 243.2929 234.8671 240.2287 238.0823 237.1607 235.212 235.415 222.2137 215.3247 216.9141 225.065 220.5793 233.2375 239.712 238.4019 230.2104 225.0902 222.0729 218.7219 229.4478 230.0199 235.7547 225.7847 223.2715 226.9063 216.6524 207.2745 199.2822 200.574 190.4763 185.7603 185.6108 184 209.3906 210.3706 208.8205 199.3723 206.3389 213.5358 223.4592 216.1542
267.8668 263.951 269.772 258.2741 250.4231 253.9013 245.979 238.6059 245.2166 244.7037 244.6718 252.7212 251.4971 249.5648 236.5174 247.2351 240.5195 246.9925 239.4738 234.5749 239.6719 248.7636 246.3868 246.3618 245.7328 251.1932 241.8962 239.9533 239.9733 237.2044 232.9737 221.9362 204.9399 204.8064 222.699 235.0246 237.0632 237.4335 234.673 233.8901 228.5612 212.4216 217.6689 226.3903 228.4815 222.5148 217.9866 205.0175 195.5315 195.3277 189.1642 187.7927 196.2359 195.056 188.9146 191.3249 209.3418 207.8004 214.0043 200.8151 212.4457 211.5267 213.0554
274.0255 269.3943 270.9386 259.2559 262 249.9349 248.4422 250.4918 249.4903 249.7478 257.3934 258.1609 259.7455 255.2027 253.8218 254.5047 257.9336 252.2992 244.9888 240.059 246.6299 245.2006 247.6741 248.5807 241.6291 237.9134 241.0073 241.0818 240.8297 230.5225 228.465 227.1682 216.5373 217.4593 204.8799 209.5116 242.0468 251.052 244.9225 235.4538 218.2619 221.3719 208.5939 217.745 223.7142 226.054 209.3957 199.7259 192.5134 190.956 190.8886 183.4439 198.8866 210.4302 209.7236 219.3105 216.5734 210.233 207.4365 215.1671 216.6832 222.2074 218.2345
273.7986 271.5054 269.8167 262.1729 267.6066 255.2679 248.7308 244.6039 256.8558 263.5111 257.6718 260.154 263.7329 258.1468 263.2404 252.038 255.4411 255.0783 258.5229 253.0993 255.4786 251.3541 253.3696 249.9467 242.5106 246.2916 245.032 241.1069 239.2755 234.6048 237.7972 232.6488 228.3384 234.5891 231.7757 216.3176 218.601 243.3112 234.8402 234.9543 230.8407 220.6041 204.6212 212.8103 207.7212 199.1048 193.8892 193.8487 194.5955 187.6024 196.3233 197.5101 213.7394 216.9374 227.8797 208.9099 214.4611 214.2473 208.1231 209.1362 213.5053 214.0917 215.9603
273.8518 266.278 263.0223 259.4215 254.9507 252.1014 246.9586 245.3566 245.5916 243.4504 239.0325 248.0111 245.1555 253.6544 247.8065 246.8257 245.6357 251.3317 243.2242 247.4149 239.3347 242.3608 252.6756 252.1914 255.4932 252.3876 244.549 244.7754 236.1242 238.2021 236.1801 238.279 231.4879 233.8294 239.1245 235.4124 220.1464 209.7211 227.9859 227.5086 215.1547 218.7034 216.9287 207.2699 194.6951 194.1803 189.0629 190.7443 211.3005 221.1117 216.4262 185.635 201.1217 219.9932 217.316 231.5046 219.287 217.3216 214.335 209.0319 210.6812 213.6583 221.3555
273.4491 270.1163 265.4389 267.0598 269.9454 266.3581 261.7861 257.0871 255.5183 255.4376 249.2586 242.4117 235.7058 237.0072 239.2548 245.1018 248.5449 251.4943 260.6174 250.4413 250.4124 228.6663 239.3477 240.0574 237.5447 246.7174 256.506 249.2106 239.7279 231.8885 225.3413 230.2067 232.8427 229.7677 235.3151 230.1567 230.2533 231.9109 216.3563 211.4571 198.5175 198.5883 198.2673 199.199 195.2927 209.3515 218.9097 212.0003 226.0035 222.6304 211.3851 211.9768 212.5142 217.523 215.2941 210.4731 228.1628 225.353 220.2008 213.101 208.3155 211.8506 214.1891
265.8515 270.1783 268.3039 264.1984 254.6936 254.2854 259.274 249.567 257.4967 252.3237 256.7786 251.1792 250.9363 243.903 235.9301 230.8786 244.0554 250.8348 248.5975 255.4942 254.9277 240.4269 254.456 238.3643 239.3421 228.3759 236.2733 231.8512 245.2555 239.5802 236.828 238.5667 228.9274 236.6768 229.9865 223.7635 227.2313 226.5157 227.3906 219.6055 207.5462 201.4596 195.8123 198.8235 219.2332 226.0802 213.0972 227.3128 229.4332 224.6465 218.491 219.2924 210.9809 225.5748 226.2159 218.6938 223.5755 228.9141 226.4992 216.2371 214.8482 218.7147 216.3539
257.5611 253.6977 252.7258 255.4469 264.0524 257.79 255.0261 251.8545 252.5478 252.776 250.9261 238.8502 251.8366 239.068 246.4465 229.7657 238.3969 241.6135 240.6161 247.528 253.2203 246.7446 244.357 243.7085 242.2686 234.4228 228.0059 223.9286 227.5698 232.7579 220.0385 231.2016 213.6389 228.3608 238.462 239.8319 223.7761 230.0816 216.4538 200.234 198.078 196.5792 194.8535 204.1606 209.2479 225.1403 232.2218 235.091 232.9069 236.1768 227.544 214.1381 220.5475 224.6194 223.1675 222.6354 232.4042 231.6859 230.0062 227.9774 230.179 229.6887 219.5521
257.2621 249.2878 241.5199 245.51 247.785 258.8557 259.1181 258.4033 264.5084 245.8752 243.294 241.9051 241.2083 238.1924 240.6434 238.632 236.5987 231.4549 234.4022 240.1613 248.3602 249.2542 257.466 242.7782 247.6218 246.2015 246.2947 232.6833 235.4207 243.253 237.491 228.8049 219.9943 212.9017 222.0652 221.4496 216.6927 203.5703 209.3321 213.08 208.3947 211.5278 216.488 222.6993 228.1419 215.1176 233.5699 237.3778 239.1472 236.6275 230.9293 222.9774 232.1998 227.5934 233.8826 233.1871 226.3756 224.5583 228.1635 231.415 232.6578 232.2283 224.4633
256.6437 254.389 249.1256 242.9081 233.6584 247.1196 251.3326 261.196 257.1971 259.1238 256.434 261.8528 249.5902 249.1498 245.8034 240.2953 228.3031 227.6159 246.0854 249.4418 241.8517 247.6118 253.4715 254.8163 246.3682 245.7949 246.974 247.1185 241.8085 231.156 231.0585 225.8871 227.6493 218.9974 229.5217 223.8957 208.7946 210.2401 210.5343 227.5383 232.2139 226.8346 237.0332 233.0955 231.3701 229.9577 229.3001 233.5732 240.5054 242.092 234.2756 235.3123 235.3028 229.9921 238.5057 229.429 218.7694 234.616 232.2308 225.6099 226.4731 220.0241 208.691
273.464 268.6597 253.8595 250.0642 240.6565 244.3164 237.5203 241.9899 245.7939 242.9517 244.8651 247.06 243.9873 244.1379 238.0273 234.6773 225.8479 236.1613 248.8136 252.5995 252.3717 249.2061 256.3211 255.9509 247.7626 250.2271 250.4135 247.6428 244.1206 249.0038 242.0835 246.402 245.8068 234.2117 219.9653 213.6454 214.0204 217.2447 215.3138 217.5202 236.6901 238.637 239.6663 240.7276 244.6143 247.9362 239.5688 240.435 238.9344 229.0765 235.3429 233.2343 232.2966 238.6746 233.7087 226.8457 220.8588 213.3593 220.3661 217.4065 223.9169 207.0654 199.9756
