MapLib/Lvl1_5x5/BG/Ele_BG_EB.asc
ncols         557
nrows         557
xllcorner     556500
yllcorner     3894669.448
cellsize      1000
nodata_value  -9999.0
[rows 26 to 51 of 557, columns 116 to 173 of 557]
-2825.0437 -2832.5564 -2838.1626 -2842.8354 -2846.1572 -2848.0066 -2848.0325 -2848.0325 -2848.0325 -2848.0569 -2848.0652 -2848.0977 -2847.4463 -2845.5337 -2843.2083 -2840.6057 -2837.5918 -2833.54 -2829.7891 -2825.0283 -2820.9951 -2816.1013 -2811.2163 -2806.9612 -2802.7114 -2799.4409 -2796.1704 -2791.9326 -2788.6621 -2784.9556 -2781.0647 -2775.4314 -2769.2444 -2764.2854 -2758.6995 -2751.1377 -2745.4409 -2743.5476 -2743.1086 -2744.0183 -2744.821 -2746.7795 -2752.501 -2758.8152 -2760.0581 -2763.5408 -2788.655 -2818.418 -2843.0173 -2860.0225 -2859.1763 -2857.5225 -2855.9675 -2855.9675 -2855.6135 -2854.9675 -2853.3975 -2854
-2829.3354 -2836.0623 -2841.1018 -2844.5105 -2847.1721 -2848 -2848 -2847 -2846.2869 -2845.3972 -2844.5649 -2843.1919 -2841.8892 -2839.0159 -2836.1116 -2832.8723 -2828.6018 -2824.8323 -2819.9951 -2815.0894 -2809.7415 -2804.675 -2799.1665 -2794.2607 -2789.4641 -2784.8467 -2780.3381 -2775.9382 -2771.8506 -2767.0181 -2762.5095 -2757.3174 -2751.698 -2747.3901 -2742.8672 -2737.947 -2734.9243 -2735.3838 -2735.9866 -2736.4707 -2737.4563 -2738.9421 -2742.4944 -2746.7437 -2747.4055 -2751.1387 -2774.4915 -2801.1855 -2822.8257 -2839.7004 -2843.3069 -2848.8826 -2857.2717 -2860.7139 -2860.2107 -2858.2576 -2855.8423 -2855.7461
-2833.8486 -2839.803 -2844.3013 -2847.1721 -2848.8074 -2848.238 -2848.0381 -2846.5249 -2844.8896 -2843.2544 -2841.7625 -2839.4919 -2836.2214 -2833.1011 -2829.502 -2825.3767 -2820.4709 -2815.5652 -2810.5493 -2805.4175 -2799.6099 -2793.6165 -2787.5596 -2781.9297 -2776.511 -2771.3887 -2765.3318 -2759.3176 -2754.218 -2749.0303 -2743.1245 -2738.2188 -2732.6694 -2729.3989 -2726.2776 -2724.2207 -2723.3098 -2725.105 -2728.0581 -2730.2805 -2733.8479 -2736.8792 -2740.3699 -2743.7224 -2747.6152 -2754.3547 -2769.7148 -2786.896 -2801.4102 -2814.1729 -2821.7717 -2833.8499 -2851.3101 -2857.9814 -2856.5771 -2853.5142 -2849.8955 -2853.376
-2837.8596 -2843.0735 -2846.4707 -2848.8074 -2850.4426 -2849.8733 -2849.0334 -2846.9834 -2844.7932 -2842.3811 -2839.365 -2836.2214 -2832.3821 -2828.7708 -2824.6047 -2819.709 -2814.8032 -2809.1748 -2803.6555 -2798.1145 -2791.6665 -2786.0325 -2778.6182 -2772.1582 -2766.571 -2759.3276 -2752.2317 -2745.3162 -2738.8792 -2732.3953 -2725.9348 -2720.231 -2714.6816 -2711.4111 -2708.7676 -2709.1411 -2710.8223 -2714.8855 -2720.4314 -2727.3899 -2735.0103 -2742.8433 -2749.2766 -2754.3193 -2761.6326 -2768.7576 -2776.585 -2783.7246 -2787.4846 -2789.854 -2790.583 -2789.6846 -2786.8901 -2784.5408 -2782.3508 -2774.696 -2768.3103 -2811.7031
-2841.5933 -2845.8354 -2848.9541 -2850.4749 -2851.7883 -2851.304 -2850.0815 -2847.5583 -2845.2317 -2841.5088 -2838.2383 -2833.9597 -2829.8687 -2825.6316 -2820.7258 -2815.5369 -2809.9143 -2805.0085 -2798.6399 -2792.1472 -2786.4224 -2779.8293 -2772.9634 -2765.1013 -2758.2373 -2750.4177 -2741.7329 -2733.0481 -2724.8718 -2716.9077 -2709.5884 -2703.4019 -2698.3542 -2694.4402 -2692.7424 -2694.9651 -2698.6921 -2705.0894 -2713.6509 -2725.1113 -2737.0168 -2749.5349 -2759.2307 -2766.9475 -2776.4368 -2784.7061 -2785.5381 -2784.1899 -2778.1646 -2771.5964 -2762.561 -2747.2546 -2722.5332 -2709.0198 -2704.072 -2693.0222 -2685.2576 -2761.8877
-2842.0847 -2846.3271 -2849.5977 -2851.1343 -2852.0818 -2852 -2851.281 -2848.6687 -2845.9231 -2842.6526 -2839.0012 -2834.9541 -2830.1897 -2825.5293 -2820.4451 -2815.3286 -2810.4229 -2804.8083 -2799.1484 -2792.6074 -2786.1719 -2779.616 -2771.9805 -2763.8042 -2755.4841 -2746.3982 -2736.3645 -2726.3179 -2716.3887 -2706.4333 -2697.564 -2690.7266 -2684.8318 -2681.8596 -2680.6208 -2683.5562 -2688.8567 -2697.6218 -2708.1052 -2722.2544 -2737.3855 -2752.7554 -2765.3945 -2775.834 -2785.5991 -2793.4749 -2793.0747 -2788.9189 -2780.2327 -2768.6738 -2753.2515 -2731.8281 -2703.1956 -2683.6714 -2671.4236 -2662.2759 -2659.9734 -2717.2192
-2842.0847 -2846.3271 -2849.5977 -2851.9341 -2852.9048 -2852.7791 -2852.7791 -2850.7129 -2848.3374 -2845.0669 -2840.9331 -2836.5132 -2831.825 -2827.6982 -2822.7925 -2816.8865 -2811.9807 -2807.7197 -2801.4854 -2794.9443 -2788.5654 -2782.4937 -2774.3174 -2765.6431 -2756.1858 -2746.3911 -2734.1853 -2722.5981 -2710.6929 -2699.3865 -2688.4541 -2680.4373 -2674.1143 -2671.1152 -2670.7322 -2674.6709 -2681.3716 -2691.0808 -2704.1223 -2720.2974 -2737.3855 -2754.5171 -2769.2947 -2782.7471 -2792.2349 -2799.2666 -2798.8369 -2794.6809 -2784.3193 -2770.5664 -2749.6694 -2726.2107 -2698.7793 -2674.9604 -2655.1563 -2647.1377 -2647.0461 -2676.7737
-2842.0847 -2846.3271 -2849.5977 -2851.9341 -2853.9836 -2854.499 -2855.3203 -2854.136 -2852.5432 -2848.7515 -2845.1001 -2840.2039 -2835.8745 -2831.3828 -2826.4771 -2821.8022 -2817.7454 -2813.6589 -2807.9971 -2802.3049 -2796.1377 -2789.4438 -2781.635 -2772.6106 -2762.0103 -2750.9124 -2737.8831 -2724.3123 -2710.8906 -2697.6582 -2684.6555 -2675.9878 -2668.6877 -2664.7737 -2664.2297 -2668.5439 -2675.2449 -2686.7073 -2700.9214 -2718.4219 -2736.5913 -2754.7686 -2770.7959 -2784.8245 -2794.312 -2801.2588 -2801.2678 -2798.1724 -2789.3347 -2776.6309 -2755.0447 -2733.041 -2710.4768 -2686.6975 -2661.6157 -2647.5852 -2640.9846 -2648.4177
-2842.0566 -2845.9905 -2849.9312 -2852.9802 -2855.647 -2857.3035 -2858.1406 -2857.6475 -2856.8838 -2853.6572 -2850.0554 -2845.1504 -2840.9126 -2836.6743 -2832.5276 -2828.6038 -2824.9124 -2821.6418 -2816.9578 -2812.0034 -2806.1958 -2799.571 -2791.3765 -2781.9534 -2771.4749 -2759.1184 -2744.4915 -2729.7246 -2714.967 -2700.1909 -2685.5962 -2674.835 -2666.0613 -2662.1155 -2660.6951 -2665.7869 -2672.4875 -2684.2854 -2698.8484 -2716.8362 -2735.2625 -2754.6885 -2770.332 -2785.3113 -2794.7505 -2800.696 -2800.6013 -2798.0369 -2790.1494 -2777.7341 -2756.5566 -2736.7351 -2717.1584 -2694.1079 -2668.0837 -2650.312 -2637.801 -2629.9375
-2842.0759 -2846.2209 -2850.8022 -2854.5527 -2857.8235 -2860.574 -2862.2092 -2862.0542 -2860.9438 -2859.0737 -2856.1726 -2851.7068 -2848.231 -2844.8506 -2841.5801 -2837.9944 -2834.8555 -2832.1379 -2828.7217 -2824.468 -2819.2778 -2813.4358 -2805.1433 -2795.8901 -2785.2417 -2772.2625 -2757.2004 -2741.0481 -2724.9539 -2708.0586 -2692.0784 -2680.4995 -2670.3843 -2664.707 -2662.6848 -2666.4714 -2673.1724 -2685.0942 -2699.5332 -2716.9709 -2734.9622 -2753.0532 -2768.6968 -2782.0408 -2789.8779 -2795.3691 -2795.011 -2791.605 -2782.3015 -2769.8127 -2751.3093 -2732.1213 -2713.1868 -2692.3513 -2670.2622 -2652.6628 -2638.4509 -2626.9629
-2842.4048 -2847.3105 -2852.2163 -2857.1221 -2860.9609 -2863.9102 -2866.3708 -2866.96 -2866.8496 -2864.7075 -2862.5183 -2859.2368 -2855.2974 -2853.0269 -2850.0513 -2847.6641 -2845.5969 -2843.4124 -2840.4624 -2837.6523 -2832.8611 -2827.4055 -2820.1804 -2811.365 -2800.2791 -2787.0129 -2771.4412 -2754.8979 -2736.9099 -2719.2288 -2702.4663 -2688.4702 -2677.1377 -2670.6274 -2667.28 -2669.9829 -2676.4478 -2687.6895 -2701.3203 -2717.9622 -2734.6836 -2751.3943 -2765.8054 -2777.3401 -2784.6587 -2788.7529 -2786.7498 -2782.2185 -2771.7957 -2759.4553 -2741.9907 -2724.0698 -2705.4021 -2687.1633 -2669.2668 -2654.2505 -2640.6018 -2630.325
-2843.0847 -2848.6245 -2854.137 -2859.7126 -2864.6184 -2868.2749 -2870.7056 -2872.3196 -2872.7107 -2871.0754 -2869.0593 -2865.8042 -2863.4736 -2861.2031 -2858.8545 -2857.1746 -2855.5393 -2853.9041 -2853.1792 -2851.4414 -2847.3972 -2843.0781 -2836.5369 -2828.0623 -2816.6316 -2803.3655 -2788.1033 -2770.5703 -2751.8037 -2733.209 -2714.7861 -2699.917 -2686.6086 -2678.8093 -2674.1775 -2676.095 -2681.3535 -2691.6399 -2704.4304 -2719.1848 -2734.3855 -2749.6384 -2762.053 -2771.8711 -2777.1819 -2780.8384 -2777.4846 -2770.8813 -2759.6689 -2745.7993 -2729.4468 -2712.623 -2694.6941 -2678.9653 -2665.4473 -2654.197 -2644.8882 -2640.0073
-2845.2659 -2850.4434 -2856.6633 -2862.3657 -2867.8889 -2871.5901 -2874.8606 -2876.6563 -2877.6614 -2876.4663 -2875.01 -2872.3364 -2869.8535 -2867.9063 -2866.394 -2864.8049 -2864.2834 -2863.9526 -2862.7632 -2862.3469 -2859.5095 -2855.8767 -2849.7102 -2842.0369 -2831.3938 -2818.1274 -2803.4102 -2786.1523 -2767.0107 -2748.1724 -2730.0454 -2713.9883 -2699.8193 -2690.7622 -2684.4702 -2685.2412 -2688.6033 -2697.8347 -2708.1846 -2721.6074 -2735.0195 -2747.9563 -2758.3643 -2766.4023 -2770.0186 -2771.0938 -2765.9683 -2758.8491 -2746.3242 -2732.7173 -2717.1558 -2701.0894 -2684.877 -2671.1692 -2660.2356 -2652.5339 -2647.3013 -2646.8147
-2847.3105 -2852.8799 -2859.4209 -2865.0278 -2871.0623 -2875.019 -2878.9055 -2880.9268 -2882.6523 -2881.7061 -2880.0708 -2877.6614 -2875.8789 -2873.3906 -2872.4692 -2871.6772 -2871.7207 -2871.9031 -2872.0076 -2872.0308 -2869.8276 -2867.332 -2862.5657 -2855.4661 -2845.1597 -2832.8245 -2817.9016 -2801.0498 -2782.4307 -2764.2998 -2745.3979 -2729.604 -2714.5366 -2704.0815 -2697.5522 -2696.5212 -2698.1497 -2704.7781 -2713.2095 -2725.1189 -2735.4224 -2746.4263 -2754.4504 -2760.5037 -2762.1016 -2761.3433 -2755.3948 -2747.0186 -2733.4805 -2719.8962 -2704.5251 -2689.8079 -2675.3782 -2663.8472 -2654.7368 -2650.7996 -2648.5334 -2652.0349
-2848.9458 -2854.5151 -2860.1951 -2866.6064 -2872.6479 -2877.2703 -2880.5408 -2883.3362 -2885.7507 -2884.1155 -2882.4802 -2880.845 -2879.1191 -2877.1887 -2875.7329 -2875.7222 -2875.9146 -2877.4348 -2878.0461 -2879.3459 -2878.3423 -2877.1116 -2873.1545 -2866.8816 -2857.3806 -2845.7498 -2831.8447 -2815.7671 -2797.7793 -2779.7915 -2762.5376 -2745.3979 -2730.6692 -2719.6599 -2710.9556 -2708.626 -2708.9106 -2713.7646 -2720.1921 -2729.4028 -2737.9758 -2747.1665 -2753.1272 -2756.9666 -2757.2983 -2754.3262 -2747.3054 -2738.2437 -2724.0818 -2710.292 -2695.5747 -2681.2246 -2668.116 -2658.5325 -2651.2354 -2649.1389 -2649 -2654.8127
-2850.5671 -2855.3198 -2860.8965 -2866.7361 -2872.9946 -2877.4092 -2881.1025 -2884.2146 -2886.8896 -2885.2544 -2883.6191 -2881.9839 -2880.6719 -2879.2097 -2878.4963 -2878.4963 -2879.5918 -2880.8203 -2882.6853 -2884.5872 -2885.489 -2885.4309 -2882.4736 -2877.6028 -2869.1018 -2858.1965 -2844.8401 -2830.0776 -2813.312 -2796.0051 -2779.1033 -2762.7507 -2747.1111 -2735.0208 -2725.9587 -2721.812 -2720.4224 -2723.2751 -2727.7346 -2735.0994 -2741.7427 -2748.2512 -2752.5625 -2755.1733 -2753.5444 -2749.1628 -2741.1348 -2731.2559 -2716.8257 -2703.1084 -2688.7837 -2675.3118 -2662.6067 -2654.4131 -2649.6721 -2648.4802 -2649.9019 -2656.804
-2851.0566 -2854.9033 -2859.7256 -2864.5391 -2870.4448 -2875.0413 -2878.4165 -2881.6245 -2883.7224 -2882.9578 -2882.356 -2880.8523 -2879.217 -2878.5818 -2877.9897 -2878.4839 -2880.1924 -2881.9365 -2885.0574 -2888.2297 -2889.9614 -2890.9429 -2888.5222 -2885.6086 -2878.3218 -2869.3311 -2857.1062 -2843.2742 -2827.7375 -2811.2854 -2794.4558 -2778.8245 -2763.4636 -2751.3733 -2741.1804 -2736.3972 -2733.2864 -2734.5151 -2737.5488 -2743.0676 -2747.8418 -2752.5422 -2755.0105 -2756.2178 -2753.1929 -2748.6721 -2740.4995 -2729.8025 -2716.3147 -2701.8848 -2688.6985 -2675.147 -2663.7617 -2656.1326 -2651.5989 -2651.2305 -2652.8657 -2659.6907
-2851.0349 -2853.5603 -2857.293 -2861.3191 -2866.4075 -2870.9231 -2875.0232 -2877.1746 -2879.6738 -2879.4663 -2879.0854 -2878.4502 -2877.3145 -2876.3997 -2876.4482 -2877.2332 -2879.4255 -2881.8884 -2885.9258 -2889.1733 -2892.2336 -2894.5337 -2894.2996 -2892.1497 -2886.7363 -2879.0735 -2868.2041 -2855.7458 -2841.4636 -2825.6272 -2810.0415 -2794.4102 -2779.8162 -2767.7258 -2756.7664 -2751.1145 -2747.3157 -2747.1345 -2747.937 -2751.3948 -2754.8135 -2758.1582 -2759.3005 -2759.1892 -2755.595 -2750.3074 -2741.2664 -2730.5693 -2717.4807 -2704.2869 -2691.0203 -2678.3159 -2666.9307 -2659.3723 -2655.6362 -2654.5261 -2656.5984 -2663.363
-2849.6262 -2851.6582 -2854.7935 -2858.064 -2861.2727 -2865.3252 -2869.4089 -2871.553 -2873.436 -2873.7937 -2873.7937 -2872.7937 -2872.7937 -2872.6223 -2872.7471 -2873.5291 -2876.5806 -2879.8511 -2883.9866 -2888.8337 -2893.2002 -2896.7708 -2897.8081 -2897.1436 -2893.0593 -2887.0598 -2877.9597 -2866.0432 -2853.2908 -2838.4885 -2823.4426 -2808.7253 -2794.7666 -2782.2776 -2771.4836 -2765.1675 -2760.4216 -2759.0024 -2759.083 -2761.2158 -2763.1133 -2765.0842 -2765.7253 -2765.1255 -2761.2676 -2755.1489 -2746.1077 -2735.9402 -2723.4434 -2710.3613 -2697.2793 -2684.6238 -2673.2385 -2665.5176 -2660.9441 -2660.1868 -2660.8088 -2666.7559
-2849 -2849.6636 -2852.2615 -2853.8967 -2857.0801 -2860.3269 -2863.5676 -2865.363 -2867.8506 -2867.8506 -2868.4841 -2867.8506 -2867.8506 -2867.8613 -2868.7754 -2869.4451 -2872.4651 -2876.5742 -2881.314 -2887.2197 -2892.8589 -2897.7 -2900.0078 -2901.3608 -2898.4988 -2893.4358 -2885.9321 -2875.8879 -2863.656 -2850.147 -2835.5361 -2821.7598 -2808.4094 -2796.3191 -2785.5227 -2778.2122 -2773.4329 -2770.7087 -2769.3921 -2770.2239 -2771.6252 -2773.1865 -2773.1602 -2771.4607 -2767.2107 -2761.0981 -2751.9268 -2741.9849 -2730.0413 -2717.9397 -2704.8872 -2692.2393 -2680.8542 -2673.1072 -2667.5349 -2665.218 -2665.7295 -2670.7883
-2849 -2849.6636 -2850.6262 -2852.2615 -2854.2241 -2856.1868 -2858.0969 -2859.7847 -2861.3096 -2861.3096 -2862.3096 -2861.9822 -2861.9822 -2862.0762 -2862.9297 -2864.5393 -2868.1025 -2872.4651 -2878.0435 -2884.0154 -2889.7678 -2895.6401 -2899.3352 -2901.1182 -2900.3982 -2896.6458 -2890.8379 -2882.429 -2871.5305 -2858.7571 -2845.3477 -2832.2656 -2819.4233 -2807.7659 -2797.824 -2790.1553 -2784.0156 -2781.3284 -2779.6501 -2779.3628 -2780.1792 -2780.6904 -2779.9812 -2778.6743 -2774.4243 -2768.9036 -2759.8623 -2750.0508 -2738.7188 -2726.7886 -2713.9656 -2702.051 -2690.6658 -2682.248 -2676.0344 -2672.7122 -2671.6904 -2674.5715
-2849.2991 -2849.2043 -2850 -2850.9341 -2852.2615 -2852.8337 -2853.3843 -2854.7131 -2855.0764 -2855.822 -2856.0764 -2856.0764 -2856.0764 -2857.0764 -2857.9983 -2859.6335 -2863.6536 -2868.3047 -2873.928 -2879.469 -2886.01 -2892.1824 -2897.0881 -2900.2732 -2900.3843 -2898.845 -2894.3652 -2887.2266 -2877.415 -2866.1487 -2854.2356 -2841.3757 -2828.7358 -2818.2808 -2808.2112 -2800.4094 -2793.9175 -2790.4736 -2788.2314 -2787.428 -2787.5349 -2787.9236 -2787.2144 -2785.2349 -2780.9849 -2775.6536 -2766.9041 -2757.6116 -2746.5872 -2735.0325 -2722.7578 -2710.3779 -2699.8 -2690.4438 -2683.595 -2678.9888 -2677.0129 -2678.0183
-2849.9983 -2849.981 -2850 -2850.0532 -2851.0325 -2851.0569 -2850.2649 -2850.1707 -2850.2747 -2851.1563 -2851.1707 -2851.1707 -2851.1707 -2852.1707 -2853.0925 -2854.7278 -2858.5664 -2862.6633 -2868.5857 -2874.5632 -2881.1042 -2887.2766 -2893.1255 -2896.7529 -2897.3726 -2897.1472 -2894.45 -2888.8618 -2879.8193 -2869.7312 -2859.2227 -2847.0435 -2835.2769 -2824.8218 -2815.6016 -2807.7085 -2801.1765 -2797.7068 -2794.7725 -2793.969 -2792.8293 -2793.7029 -2792.1201 -2790.1406 -2785.8906 -2781.3481 -2773.272 -2763.4604 -2753.1282 -2742.4775 -2729.4434 -2717.2141 -2706.3992 -2697.2708 -2689.1306 -2683.8945 -2680.6582 -2680.1809
-2850 -2850 -2850 -2850 -2850 -2849.3354 -2848.5144 -2847.7253 -2847.4216 -2847.8528 -2848.4216 -2848.4216 -2848.4216 -2848.5425 -2849.7651 -2851.1655 -2854.228 -2857.8477 -2862.8489 -2868.0791 -2874.6201 -2880.583 -2886.124 -2890.7473 -2892.3826 -2892.7246 -2891.1416 -2886.364 -2878.6592 -2870.1389 -2860.8696 -2849.9514 -2839.4395 -2829.6279 -2821.0217 -2813.1077 -2806.5667 -2802.783 -2799.4104 -2797.7751 -2796.3247 -2795.9263 -2793.8809 -2791.7329 -2788.4624 -2783.2217 -2774.9211 -2765.9949 -2755.2981 -2744.2649 -2732.0046 -2719.6836 -2709.052 -2699.2402 -2690.761 -2685.4868 -2681.6379 -2680.2839
-2851 -2850.4783 -2850.1499 -2850 -2849.092 -2848.7954 -2847.1602 -2847 -2846.7864 -2846.7864 -2846.7864 -2846.7864 -2846.7864 -2846.7864 -2847.7083 -2848.3435 -2850.7651 -2853.0513 -2857.6489 -2862.4399 -2867.3457 -2873.0378 -2877.9438 -2882.2102 -2884.2063 -2884.9319 -2884.0291 -2880.4631 -2874.9128 -2867.4155 -2859.3564 -2850.613 -2840.9373 -2832.2549 -2823.2124 -2816.1646 -2809.8152 -2804.7151 -2801.0098 -2798.5649 -2796.5615 -2795.7126 -2793.3682 -2790.0977 -2786.6179 -2781.1135 -2773.1257 -2764.1707 -2753.5515 -2742.6621 -2730.4128 -2718.6792 -2708.1545 -2698.1531 -2689.1257 -2683.645 -2679.3674 -2677.335
-2851.8489 -2851.8489 -2851.8037 -2850.9048 -2850.2795 -2849.6443 -2848.7219 -2848.2944 -2847.604 -2846.8489 -2846.8489 -2846.8352 -2846 -2846 -2846.1394 -2847.0842 -2848.3435 -2849.9788 -2853.228 -2856.6646 -2860.8047 -2865.7104 -2869.7673 -2873.4915 -2876.03 -2876.7556 -2875.8245 -2873.3679 -2869.1582 -2863.6506 -2856.8723 -2848.696 -2841.2175 -2833.0413 -2824.8086 -2817.7998 -2811.3945 -2806.321 -2801.6638 -2799.1968 -2796.5615 -2794.0146 -2790.884 -2787.3213 -2782.5146 -2776.9941 -2768.354 -2759.2925 -2748.9604 -2737.6411 -2725.3953 -2713.6843 -2703.1824 -2693.166 -2684.9438 -2678.7024 -2674.3992 -2672.3667
