MapLib/Lvl1_5x5/BG/Ele_BG_DB.asc
ncols         557
nrows         557
xllcorner     556500
yllcorner     4451669.448
cellsize      1000
nodata_value  -9999.0
[rows 468 to 493 of 557, columns 413 to 471 of 557]
262.7036 392.5475 526.2959 498.0964 436.8638 394.0429 360.3137 339.8932 290.655 255.4565 250.8118 283.8747 192.4656 177.4534 200.6834 229.8122 170.3184 157.1531 135.9854 162.951 192.2068 255.757 302.6813 279.3593 410.7327 455.3741 469.5734 474.6907 498.2847 614.7974 565.8903 440.7869 561.9233 434.5958 203.6298 224.5071 318.0383 287.0373 449.9811 443.6831 401.2325 425.0618 343.9484 283.8664 293.2142 266.6282 303.0386 290.7451 352.4324 304.0609 288.0289 254.2657 222.1603 218.5018 225.3557 236.6461 250.871 288.2957 271.7676
180.404 264.0012 445.6139 471.3299 400.2112 362.7014 350.1952 321.5311 323.4642 264.1519 300.157 256.6974 198.1937 176.5752 245.739 278.8539 188.0526 195.291 173.1842 214.4301 247.307 333.1452 373.765 349.782 395.6403 446.9878 489.6191 531.0236 597.7618 680.7253 513.6077 337.8018 382.4756 343.5826 247.6944 219.2617 220.7982 284.606 250.3691 253.5453 269.9656 250.9922 230.3854 216.8186 223.9374 337.605 268.8625 232.7607 237.6755 220.8333 223.4643 223.6481 199.3531 198.25 196.9169 198.397 242.9261 258.0549 241.285
291.2009 232.5637 320.3519 457.5057 436.9049 371.315 331.2984 400.4771 335.1081 309.6054 335.1944 265.1919 253.7486 232.1974 293.1852 249.6839 237.0945 214.9684 247.5505 293.8388 318.5429 337.51 375.714 384.6855 404.9878 457.2664 573.3536 605.7181 651.1451 646.2573 497.4814 284.6432 247.3063 162.8546 156 165.663 203.229 220.3035 193.5473 186.6815 198.6543 223.2713 182.2854 197.8582 219.4353 197.1932 208.2616 189.2822 185.955 215.7234 184.5527 185.7173 184.9372 214.9027 252.9108 242.3112 209.5017 207.2492 202.1566
288.0076 237.5815 305.0529 513.9474 530.5546 442.2424 364.6979 335.8155 330.2076 288.9299 342.5662 299.1255 270.984 299.1376 307.9726 292.3818 281.1893 283.4101 325.9162 347.5651 345.1854 341.5523 385.5743 446.2308 467.6622 531.9755 512.7859 575.368 612.5396 518.3024 459.1169 307.3675 305.9359 197.604 156.5337 156 157.3198 156 156 156.3592 159.4242 171.7057 165.0385 170.6822 164.5938 176.8881 161.1491 167.1043 169.0383 177.0917 182.0168 192.7545 201.016 227.5269 231.2664 209.9551 210.0395 232.8978 240.67
409.3544 429.2141 303.7052 380.3287 443.3877 448.9447 400.9543 361.3633 347.3938 292.4843 357.1808 379.8755 416.6538 380.7013 352.483 352.4388 280.1604 357.8333 362.6777 330.761 342.9975 383.007 430.7982 495.156 517.6146 556.4921 588.5922 591.6389 557.9958 479.5081 330.2352 242.2227 189.2997 169.9678 173.1744 157.5717 156 156 156 158.9607 171.7277 187.9307 204.1396 197.8314 190.4198 170.0461 187.7622 194.0526 178.3249 205.5859 212.0084 205.2653 196.7063 199.3838 196.825 204.4711 213.0414 218.3813 255.5236
452.1902 506.0491 435.4302 400.0941 504.7413 423.48 390.0329 337.8807 348.1513 345.0667 349.7109 407.0319 371.8436 339.8849 359.9251 364.406 351.8669 367.5439 368.7592 386.6238 401.5854 432.1743 484.0621 526.4929 573.2323 592.6189 523.0009 508.3729 420.836 437.8232 293.3944 225.5754 186.0504 238.4032 247.9433 198.4443 165.9275 156.0845 160.4476 171.6482 187.4377 209.3435 223.5697 208.0463 190.7319 183.9709 201.1396 215.3665 181.5976 217.0269 221.8006 230.2276 234.4977 235.1143 245.5394 240.1617 247.0725 241.0618 284.6852
442.3912 499.4771 474.4469 461.9029 541.147 509.8838 499.7899 412.7873 377.4156 395.937 405.0674 377.7804 361.8252 371.2975 393.9672 370.8917 336.5385 367.4745 409.1163 427.6729 452.0047 492.2255 539.2346 575.3988 610.1764 556.0756 372.2605 349.5691 373.1136 313.4242 246.3665 212.9132 210.732 232.3405 227.3535 223.844 184.0321 171.857 179.4999 181.3985 209.7894 216.6706 226.5563 230.7081 241.8578 228.4403 224.1206 191.8713 187.2898 214.6868 212.5417 231.0311 260.6006 282.552 293.4414 268.4182 319.2105 313.2504 314.2249
477.2612 524.2373 544.8326 571.9259 693.7911 654.7141 526.6103 441.4084 396.2965 398.6808 429.9971 385.9759 376.0162 379.3321 382.1496 355.9547 368.2328 420.2303 445.6161 465.6954 509.0029 550.1612 592.9566 570.9403 432.5728 312.8443 262.9156 252.8682 236.9173 225.6309 208.4919 203.8568 191.7026 223.7196 207.72 178.1992 170.8304 196.8086 216.8723 207.8521 180.026 189.6916 204.0771 216.8352 214.0553 226.1716 206.7946 216.6577 222.7582 204.9251 241.8396 282.1509 297.0204 273.4301 319.0523 339.583 494.365 570.4121 437.8057
483.7519 521.0609 571.0602 626.5551 661.875 647.5076 537.8679 438.8376 395.7222 414.8975 427.8259 421.7361 423.3043 422.0179 437.4809 382.3871 403.7886 453.0417 477.8284 490.9732 541.4501 531.7525 428.7104 327.882 261.6739 225.8579 217.8974 217.1175 196.7414 188.9735 191.1514 185.5979 178.5332 186.0494 213.7607 196.7227 175.9349 218.767 238.5568 231.128 219.7187 190.1753 186.8416 209.8281 228.3748 246.2844 245.3869 233.9448 251.3089 232.6228 218.8488 266.4297 293.607 315.0665 365.8559 465.5438 559.6306 552.9016 480.8313
487.5691 519.0355 540.3948 614.8439 639.1201 604.1673 566.9018 461.3148 392.7634 400.7354 362.6734 324.17 307.8197 299.0373 304.1526 316.1914 331.4903 308.8782 330.0366 373.4268 282.6712 269.1541 220.8712 201.2429 185.3291 188.8561 199.5432 200.645 192.5717 174.8605 171.5213 167.2953 167.5544 164.8263 170.1473 157.1485 162.2025 167.7772 199.7703 210.3916 231.0589 232.4597 265.5287 300.9971 279.31 244.8647 227.0385 229.3616 289.1468 262.3972 244.3526 246.8786 307.9988 423.1076 526.5601 591.4692 550.9684 528.9498 568.9602
412.3534 484.7638 489.544 587.4988 595.8434 551.42 505.6811 450.4425 389.2262 391.3918 356.8924 373.0389 340.3971 320.5166 339.3313 363.7422 286.7848 283.132 320.9354 262.7755 198.7801 198.6049 188.3363 181.7618 180.3304 184.8934 183.3124 187.1839 182.9508 172.0426 166.7773 163.3038 159.5197 160.0397 164.44 161.7409 173.3695 189.3606 232.1553 228.6334 245.5605 273.9176 298.0619 307.0305 273.6455 253.9769 222.7675 257.0155 284.4416 318.6278 315.2467 348.699 364.0708 491.9292 593.8573 597.2143 558.6617 634.5648 636.3761
393.0087 446.9713 379.1603 460.7305 561.0319 479.1603 447.9332 431.3795 382.8238 370.4724 371.5857 354.7476 375.8672 381.7138 393.0338 404.9702 342.8277 286.6338 204.6645 195.8528 189.3694 186.3118 181.8628 181.9392 178.7342 185.2717 175.2041 174.6365 176.8085 167.4671 164.9824 164.1014 167.972 172.3005 182.3235 174.8923 193.3874 210.5328 226.5327 258.5377 251.8725 280.3362 287.6431 280.9265 275.2242 254.9407 230.8126 300.4723 343.5096 378.5574 393.1978 446.4808 493.0181 500.3224 603.6525 616.6438 635.35 659.9238 720.4651
280.6547 305.6375 331.7795 422.047 480.4433 438.7532 401.251 395.3356 385.7577 358.6001 365.6306 387.7989 389.9688 403.5643 426.827 446.1572 405.594 296.1344 226.0327 233.2145 224.0831 201.1332 191.8835 201.0764 205.3647 220.6782 223.6569 178.5728 178.825 167.6464 169.4125 167.489 168.5711 176.3594 178.5783 190.6254 210.3218 234.0321 274.8373 248.3471 250.4012 260.7005 273.0031 277.4791 296.407 283.884 245.6876 332.2919 468.2843 522.0168 553.5639 562.4142 611.7139 610.1909 577.2324 631.8266 690.7128 751.1221 765.4519
313.0897 324.77 342.7517 426.3866 439.1815 394.4747 343.983 379.3736 443.1802 403.76 351.7323 392.8263 438.0045 449.1354 465.1438 461.6259 409.0016 315.2715 314.2579 324.0963 319.7575 300.1006 232.7636 240.7832 240.4023 242.7421 223.1161 180.736 172.555 168.7471 168.6553 168.7699 171.3969 178.7314 183.3473 196.866 207.7525 232.3181 259.2994 257.8193 276.3101 304.4287 313.8254 331.4604 377.1159 276.2103 316.3387 500.7812 583.3214 633.7943 694.7433 714.1963 637.9059 723.9404 635.074 665.311 747.256 746.0305 795.3011
293.1313 332.6902 343.1049 382.6998 349.5462 350.5023 321.0661 319.9559 354.5453 401.752 343.3208 390.6798 412.8683 407.4065 416.1261 440.2007 397.1287 342.546 352.8677 348.8197 369.4228 331.2662 272.1625 271.8618 282.2937 226.993 187.8044 178.4748 172.5998 177.9827 176.1086 179.3773 173.58 183.3928 184.8475 201.6946 220.098 246.657 273.3668 298.7995 337.6722 467.9847 448.4583 386.9851 401.5636 423.8527 348.6033 354.9438 492.4987 632.2626 718.9076 753.5095 666.0808 702.6262 689.0319 676.2089 715.1217 718.427 797.7412
313.2135 321.683 352.5926 354.2349 358.1819 388.2323 330.2623 288.5102 273.6857 272.7766 266.945 268.8577 258.8358 259.0098 298.2346 349.4843 311.3131 290.2169 293.5724 290.652 271.2806 298.4425 297.1974 258.0129 222.9215 202.808 190.0184 184.7441 188.2578 181.6156 186.77 184.9959 175.1065 194.2534 205.1614 240.5918 295.5493 317.4496 337.3159 365.5543 410.3365 492.1296 534.0323 502.5413 530.5008 425.0389 333.292 377.1567 530.3776 627.8226 770.6973 819.533 723.1904 765.1612 784.1349 709.1605 751.4741 791.8183 875.0137
337.7731 346.8784 356.6456 358.1392 338.5421 307.925 316.952 313.3148 300.666 292.0019 287.699 285.7551 280.4302 276.3052 264.678 269.491 237.2579 272.1886 277.6502 248.7266 229.4232 250.4747 250.5219 243.1459 229.9469 216.7689 215.6189 194.1486 193.0192 191.0492 182.0677 183.6496 180.0805 192.8378 230.4239 257.2254 280.5434 310.6195 415.1311 450.532 506.2454 649.1971 586.6365 631.9034 583.2811 392.7672 447.4906 508.4204 658.2335 741.4197 815.0696 760.3887 767.4412 748.3069 713.8633 716.1582 763.0834 808.8864 813.9745
351.7519 385.0267 411.5265 366.8308 349.4004 335.9611 322.6262 324.5437 318.2952 285.5812 265.5569 264.9434 241.4019 232.9108 233.457 227.2441 226.1535 223.3384 225.7087 222.2511 220.3882 227.7569 225.0763 222.9848 234.7778 225.9245 210.0386 195.1149 193.2772 187.116 190.6952 204.0281 206.5438 228.2628 229.1576 318.6121 351.9001 371.5989 501.7799 484.1457 542.9836 675.1993 670.4469 638.2698 392.8726 417.6228 600.7888 641.553 629.5861 648.2632 713.3765 775.6528 798.7034 827.7947 823.5085 845.3212 877.3693 845.2156 797.585
334.6685 350.7895 337.2461 338.2637 365.6661 370.6995 341.1952 334.0724 330.5911 320.1065 278.6674 268.5746 258.0696 250.1757 242.5597 236.7488 228.2518 221.7448 220.2985 220.5803 216.0155 215.5895 215.7345 212.0351 210.1928 211.6317 208.9442 203.198 197.9008 194.6272 199.1412 206.3334 223.5341 238.812 268.1334 280.3107 377.79 397.5823 494.2588 530.5088 576.6813 637.7704 739.6905 666.1207 456.9313 455.8502 570.4343 585.1702 539.3551 555.7231 653.595 811.8375 814.3092 857.7354 894.7711 919.3734 873.194 825.4077 755.9502
312.0033 318.5732 337.8228 423.0684 367.9028 313.4018 305.5077 311.7841 329.8153 290.3894 301.5942 302.005 264.8588 252.0997 250.5411 246.2289 233.8725 226.7955 223.2142 217.7415 215.3377 214.0383 218.6816 215.3685 211.7596 216.4878 211.2568 203.9102 198.6565 200.4675 201.0985 216.8553 242.4573 291.124 304.3093 329.4789 420.6735 486.0798 553.6849 581.6099 543.8132 486.385 506.545 465.4031 406.278 382.7962 444.9049 538.7928 658.4969 783.7213 849.54 899.2758 878.8249 925.6764 966.3259 866.1905 844.9852 803.6196 771.993
317.7134 346.9018 330.7181 334.5049 321.7618 329.3066 323.7695 310.1595 308.2281 338.6375 339.3755 290.76 270.0226 258.7168 247.5452 253.7286 248.7585 231.2218 222.347 222.766 221.3654 219.6849 224.8658 221.4611 219.3591 214.0322 215.6814 223.2528 215.0845 215.284 219.7666 236.3677 260.3872 265.8127 335.3135 370.2588 416.4554 541.0977 567.9299 494.4838 436.3256 427.2928 420.2901 422.5549 478.6947 417.8955 552.179 597.5601 766.8983 830.1084 1000.8074 986.9189 962.5013 881.8831 775.0231 688.3293 808.322 774.9211 725.9225
285.7008 270.2605 267.0294 322.358 345.2964 333.1322 323.9879 326.6493 320.7498 316.5099 339.5386 291.2992 269.1915 253.3488 250.6027 263.0988 251.0925 240.1605 230.8748 230.6357 224.7124 223.848 223.3476 211.8566 213.1266 226.9122 229.0325 253.3477 278.5753 282.5112 275.548 299.7237 303.0767 334.2789 378.4637 429.7748 446.7661 496.4086 467.3989 427.2805 456.756 556.6544 503.3156 487.207 494.5161 434.9429 446.8434 516.8657 558.4775 723.9467 834.7607 798.9633 832.463 735.2339 712.9649 614.8405 611.0681 658.3395 629.3065
237.9136 246.9932 262.7791 267.4068 272.4663 305.2784 361.9512 403.1848 398.6153 353.4563 319.3779 309.1447 289.1018 267.7456 259.7106 264.5169 252.3706 249.6162 240.0193 232.7811 229.4631 229.5129 224.1388 222.0781 242.6474 237.2844 245.1884 269.8753 320.2604 407.5337 456.4143 420.9601 350.3906 437.4985 491.3821 456.9518 442.9509 469.9292 466.5441 591.1105 642.4749 639.0837 655.714 576.4737 606.4761 617.9951 582.532 622.2458 553.6207 559.6228 583.0471 616.1298 605.3846 582.0326 578.3466 654.9006 715.6107 624.4485 609.1437
371.0257 330.6056 363.2992 358.7653 302.9533 334.6783 430.5209 604.2898 563.1802 399.0279 342.5596 300.5991 281.9608 279.8849 285.5629 295.3945 271.1853 256.5879 244.7242 235.8826 235.2261 238.2418 228.2831 241.4684 255.0947 266.5502 268.7475 299.3181 332.2122 374.5509 422.6152 423.1441 425.8749 425.306 452.6083 483.7638 521.9247 513.4962 500.2255 674.9633 726.4971 702.0421 723.6832 770.9775 746.4713 684.4346 646.6884 692.5307 617.6313 561.7167 552 554.6267 639.7328 659.3729 661.1241 685.9778 662.2204 649.2373 651.0085
366.5573 376.9919 413.443 504.7854 488.135 366.593 393.5706 431.7577 391.165 357.1398 323.73 315.7524 345.5762 333.8498 345.5062 321.0441 278.4541 261.9081 246.1612 240.0695 245.3096 232.7351 243.1866 237.1901 240.7454 247.7894 263.1822 282.631 341.1947 437.69 463.7067 574.1916 559.6986 508.6494 510.155 546.7596 566.6592 488.1248 565.7991 619.0099 672.3318 745.7969 695.4252 670.8103 631.132 605.1563 592.0358 591.0957 571.3446 592.136 605.5245 648.5288 627.5396 677.0178 639.8789 732.2524 805.6619 782.9261 740.5873
503.0259 432.7685 411.3923 585.0745 522.3142 413.7908 368.0484 342.9519 333.6462 323.0757 318.6397 332.075 369.6161 424.5359 503.9561 378.6875 295.574 261.3994 242.3308 244.7874 253.6196 251.1045 245.3902 253.1391 271.8957 272.3623 260.0999 288.6724 335.2979 404.2684 488.0057 603.0052 706.789 621.3408 609.2499 620.7319 537.3094 539.6479 594.8499 610.637 678.6062 687.5067 684.2792 763.6288 741.1458 654.7043 640.6391 774.3685 657.9973 636.5955 719.3986 744.8469 688.0056 669.4925 669.9774 670.1319 665.2045 701.7691 761.188
