MapLib/Lvl1_5x5/BG/Ele_BG_AC.asc
ncols         557
nrows         557
xllcorner     1113500
yllcorner     6122669.448
cellsize      1000
nodata_value  -9999.0
[rows 174 to 202 of 557, columns 390 to 454 of 557]
126.3103 125.1131 121.9248 118.9195 130.2289 125.8069 119.4434 122.7069 123.0466 129.0921 128.3836 135.3963 130.4876 129.6637 127.0271 130.119 135.3759 134 136.0653 135.3369 147.5908 190.6215 264.3112 276.391 280.3948 281.8207 275.7629 285.8693 288.7369 290.6247 291.5989 291.7809 290.4985 287.9906 297.7115 266.3734 176.9042 130.5896 106.3029 110.9338 108.407 107.5749 105.0117 113.7865 103.61 106.2769 95.5918 100.3382 123.2932 110.7207 101.648 111.1904 118.0244 98.3885 106.7725 108.2327 117.1566 114.8556 115.5885 116.5917 107.7971 111.628 115.2456 124.7885 109.7893
114.5279 115.7315 115.9942 120.5416 131.827 128.8649 133.4622 134.7112 130.2711 138.4418 140.7971 141.8631 131.7254 129.296 129.0152 130.9865 128.853 125.2153 128.5479 146.033 181.4904 262.3549 263.0227 277.648 283.8311 273.3463 270.8951 283.6692 297.8013 288.6043 287.8782 296.7488 286.0637 283.6624 278.0031 236.6936 182.901 147.1034 142.341 139.8264 129.9933 118.1973 111.3852 109.8401 111.6873 108.913 107.8862 100.7721 107.816 112.0921 107.8427 110.8433 111.3117 107.6718 115.2924 115.3525 113.1786 112.7301 113.3082 112.1513 113.6094 116.3576 123.0015 119.8303 121.1848
111.9899 130.6428 117.1836 115.829 129.2263 135.5437 135.0023 141.5682 148.0635 148.8616 150.8362 146.3645 134.7182 128.6317 131.6245 135.429 129.4012 149.4099 145.4516 164.7573 225.7877 279.0533 282.2367 277.9498 271.5755 275.1972 285.6385 287.6534 297.0297 297.985 296.1044 292.1718 280.0954 287.4483 286.0354 231.3724 180.4483 144.6874 136.6822 140.4182 134.4687 134.1556 121.8928 119.0596 116.2379 113.9832 102.2346 98.6698 114.5686 113.2769 110.5035 107.8526 107.9236 106.4807 118.923 103.8712 117.9549 110.5496 111.0052 111.0443 112.0075 114.9125 120.2054 112.6925 115.0033
134.1188 141.5897 130.0035 132.8242 126.2787 129.4185 135.2562 140.2914 142.3508 143.2496 144.0268 129.3534 127.5026 128.6295 132.0219 134.9935 133.9601 142.586 154.722 183.8957 233.9819 265.2245 268.9159 274.2319 282.2903 279.9543 285.7455 274.6396 293.8986 292.3268 291.1394 292.2886 279.9333 284.497 284.7451 238.9391 167.8604 151.5146 134.5233 142.7775 131.4143 127.0658 117.1647 113.8752 109.2439 104.4652 115.1443 119.6333 120.6742 121.5658 117.3153 112.8944 113.0557 112.1802 114.1376 128.4621 127.5724 125.2044 126.2595 114.4386 122.1143 123.5673 117.0031 120.0548 126.7301
128.8652 115.6793 123.8502 123.6153 131.0578 121.4636 118.8535 127.1885 139.8262 133.1214 133.819 132.1473 127.8519 134.7914 137.1942 130.9473 130.0419 146.5174 168.4096 192.3476 221.8995 239.3373 271.8037 274.4165 282.3244 283.638 279.5118 290.7885 283.58 294.2043 297.5016 289.4737 286.1616 276.593 278.9813 222.9845 151.8599 152.4091 150.8296 142.4933 130.308 124.7864 121.7757 109.8469 113.2471 111.268 110.404 113.2564 118.9586 121.283 116.6047 119.6876 126.9571 122.3854 123.0575 128.321 121.3894 123.1842 120.0868 122.6115 131.4654 123.2694 110.7215 114.2363 123.7919
116.1851 121.0153 115.634 128.1104 125.1487 119.5251 130.4194 131.5675 125.9209 118.766 125.1149 132.4772 133.379 131.2792 130.3835 124.6899 142.2634 149.0608 176.8478 192.6042 205.9533 235.9948 246.9796 275.2418 283.9133 277.9499 277.6381 265.6586 259.1312 250.6512 227.7586 220.4799 235.5374 225.7316 193.2492 180.8655 155.1449 146.8685 136.6336 127.8002 119.6624 119.1547 120.5333 111.7404 107.6261 92.5146 109.6762 104.5172 107.2097 113.1807 115.4334 115.114 113.5747 108.4175 118.3584 115.1889 120.1803 123.3124 134.8134 113.4256 125.7876 116.9824 115.3151 131.4001 131.6665
115.7021 122.3013 126.0821 130.3499 125.7165 120.1879 128.2351 119.1921 122.681 121.3825 120.4685 122.4867 124.7144 129.1201 124.361 133.9762 142.7825 161.4782 169.1307 180.0535 197.78 221.6979 255.4366 265.3304 270.1565 267.1548 288.0022 291.9793 286.0624 285.3468 293.4283 291.2216 251.1884 199.402 186.8994 163.5704 160.0142 153.5961 136.9908 124.4544 124.018 120.1419 116.0507 112.2897 108.0613 111.6637 110.3764 98.1324 102.4012 110.0683 109.5525 113.7409 111.3791 110.6872 117.1821 114.6918 125.5384 129.5094 122.7093 120.9878 118.6875 124.606 123.6294 115.8373 131.2357
127.9405 123.8122 116.1686 121.1058 132.6447 129.9331 129.4057 115.0623 115.1202 121.721 122.4753 123.4592 122.2167 129.6125 136.0553 148.7613 176.2471 208.3142 262.343 279.4248 282.1451 283.0848 275.9278 277.8701 263.81 285.6084 287.788 287.0221 282.7468 288.9903 286.8284 297.9819 282.3474 200.3216 172.6136 166.088 144.5823 133.057 132.2512 131.2367 133.4799 122.5849 116.153 113.1938 107.815 116.6564 115.0153 113.4887 111.0663 111.4492 107.2033 113.9099 113.1156 117.0561 122.4983 117.8093 117.5965 129.092 115.0365 123.2064 132.7459 129.597 125.126 118.346 123.0886
121.3623 125.4131 116.4719 121.8899 119.0525 121.658 126.9284 120.526 118.8189 121.8517 121.4169 125.2626 126.6467 130.8804 157.2848 202.9168 254.1479 265.993 277.9219 281.5559 274.025 278.6248 276.718 287.8369 275.8484 283.4605 283.4088 284.6843 285.7992 284.4215 284.5849 272.8553 239.1948 197.0671 183.432 161.5128 168.4276 157.786 130.8765 128.817 128.9645 121.6095 128.6585 120.5557 103.7936 119.8075 112.0778 122.2406 118.6611 113.5238 121.8308 122.8307 126.6358 125.3354 131.9275 137.4696 126.28 130.162 119.957 119.9827 119.2722 128.3628 124.3634 118.059 116.7698
119.1278 116.8517 118.1437 128.0268 123.873 123.246 122.7501 117.8362 116.0272 118.3239 119.0415 120.2583 124.3265 150.2874 240.138 275.4845 280.3381 272.3334 274.1268 274.8094 282.7272 273.1336 285.2609 291.4187 277.7313 286.262 284.3354 285.8571 286.8619 282.7394 275.4817 291.1077 271.2871 219.624 187.903 173.3918 135.0811 134.2353 143.8039 136.6053 124.1349 125.6933 118.0811 120.8659 111.8247 117.7392 116.183 110.7771 119.2681 133.8823 124.4623 127.8526 122.249 129.6109 122.9776 120.9477 131.7881 135.3526 123.7416 121.2062 120.3886 117.0926 114.6391 112.9239 115.1136
114.8371 120.3461 123.9422 119.4573 113.3841 112 112 112 112 112.6708 114.3864 119.9975 141.5866 217.4613 267.9113 276.6012 272.3102 277.8089 273.0836 279.3335 272.6105 280.4797 278.5404 284.1785 283.9321 284.1086 283.4661 283.9285 281.2446 278.8694 271.3054 287.7473 281.199 285.1131 243.719 175.9081 149.3952 144.4959 147.0952 148.4346 136.5824 136.2169 130.9178 130.559 113.364 111.061 112.4233 111.2413 113.8316 123.8288 137.1926 124.0207 114.2421 120.9179 119.5792 128.4663 131.0478 128.6598 121.8835 122.3731 125.2292 113.7007 113.3302 114.443 112.0237
114.5999 108.8192 115.9811 112 112 112 112 112 112 112 115.3692 127.6033 163.469 220.0054 224.0278 258.4525 275.2545 271.4487 279.7704 269.833 254.3393 265.5732 272.7813 278.5904 225.5017 221.0877 221.8213 223.4869 219.4223 217.875 210.4698 213.8235 219.4788 230.9324 201.2493 173.5073 153.22 147.6633 142.0596 145.4372 139.2381 131.0704 127.9502 122.1093 116.2148 120.8985 123.0152 122.3609 125.6238 135.7959 133.2761 121.7021 119.4065 118.8974 125.5613 118.3607 124.8172 128.672 122.5107 119.2551 122.2762 117.8986 114.9141 116.0502 125.2841
108.0531 100.0991 111.2056 108.0249 112 112 112 112 112 108.6891 121.1759 141.4374 176.8855 178.2868 193.8968 226.9755 255.509 271.3217 270.1379 284.7164 269.8272 283.2281 279.7822 224.4017 199.7786 187.0438 195.161 205.0154 198.4188 199.4299 207.6068 212.4449 209.3172 201.3537 193.853 149.933 128.9324 137.7658 145.9106 126.8643 126.3858 128.5783 144.7448 136.0852 121.3172 122.8561 133.0444 135.2282 122.6045 133.2105 125.9092 123.5277 122.651 123.5643 138.4659 136.9228 129.038 122.363 123.5152 120.3191 120.8122 118.2798 122.9743 131.9954 131.9786
113.3129 126.3623 112 112 112 112 112 112 113.8529 123.7067 137.6893 164.5828 164.6589 170.5936 179.244 197.965 223.2015 217.9729 246.6933 220.8992 219.392 206.4436 198.3134 191.1725 177.61 174.1504 177.3327 180.053 186.776 199.5497 200.3539 208.1873 212.3755 187.7356 167.7457 136.3157 122.9617 125.4496 125.3191 129.7486 131.8314 135.3487 128.5119 130.7199 136.3926 131.7885 127.6082 147.1573 134.8177 143.5349 124.7295 128.6931 123.7983 131.9655 134.0418 145.5842 124.9052 122.6667 117.7562 116.4736 123.6859 117.9215 125.7227 127.022 122.7688
119.0594 112.4545 112 112 112 113.6563 110.4322 114.7703 113.7924 133.2819 148.2467 159.2845 156.8694 152.8138 163.383 192.5305 237.0507 277.1979 242.9359 206.4419 204.411 198.2283 190.7193 180.6369 176.187 179.9455 172.5021 175.7135 174.3308 187.0738 207.1411 218.6917 212.9516 179.1693 157.8959 140.039 131.4692 141.4734 147.8934 140.4799 137.4996 127.9978 130.2004 133.3163 137.4403 135.873 131.7809 140.8197 139.119 137.1227 123.7501 127.8387 128.7024 137.3299 137.6508 126.7802 126.1227 123.8024 119.1345 117.0824 123.6509 120.4892 125.0413 126.0404 123.894
119.8893 115.1141 112 112.7479 112 112.2717 111.318 121.7402 119.3919 133.962 135.9933 142.1244 141.9142 149.4303 178.8989 216.3035 282.6436 280.9897 288.0119 251.7471 197.7309 186.3516 171.6185 171.7558 173.6004 175.9064 172.5892 177.7535 172.5953 195.8743 219.6444 283.8098 214.4697 168.9572 150.0754 144.5823 152.8654 144.4806 140.6537 140.236 137.9048 148.8047 126.7936 128.3869 137.2865 139.9133 136.0676 147.2596 141.3778 131.6968 124.6639 135.2045 142.7458 143.5905 145.059 138.0196 139.7725 130.4964 120.4272 120.5364 122.0284 122.4913 117.9258 113.2929 117.1685
112.6821 112.6821 112 112.0549 111.3734 110.566 112.4575 114.1402 120.9439 125.1221 134.3272 132.0815 134.1943 154.7876 195.9186 257.8727 285.7416 281.9682 284.0504 281.2038 203.8139 172.4619 171.0318 169.876 174.4303 174.0462 173.9735 170.3411 183.6856 204.8677 231.3335 217.594 191.0301 155.1069 146.5895 152.013 157.6071 148.9584 144.0194 144.937 141.0177 144.3623 131.2757 129.5082 139.2072 135.395 129.5241 127.8992 129.6116 127.0433 137.737 135.4107 131.0685 128.686 129.4922 132.1428 128.4223 125.9576 122.4816 118.2372 120.4311 119.3972 121.4268 121.3612 115.6682
115.0031 112.7932 112.4928 112 109.9781 115.9916 118.3192 127.5923 131.2863 134.092 137.925 132.8193 137.6026 170.9114 201.0432 230.0982 261.3903 272.4225 232.1374 216.3915 200.1126 170.3324 163.841 169.6936 169.7534 165.4867 173.3505 181.7013 196.094 200.4653 197.1648 182.5834 159.3548 151.5773 153.7954 157.0746 149.4971 138.6829 138.7581 143.6915 138.0781 145.9414 139.1852 147.3849 146.432 133.7098 129.0436 130.1147 130.3402 143.3281 148.3943 140.2613 144.0489 141.8807 137.4241 138.4325 133.6461 130.1443 124.7158 123.5484 118.417 121.0717 134.7202 137.9556 129.3994
115.1253 119.4509 114.7638 111.4782 111.0268 111.0356 127.9385 135.5235 139.2461 138.7127 140.4435 129.0076 154.4318 177.3625 192.9365 213.8933 226.2904 203.3088 201.4928 203.7767 190.8795 182.8753 178.9816 170.2402 165.8889 173.4412 183.472 185.5903 189.2939 189.021 181.9274 167.6857 152.2367 151.4875 162.6981 153.6208 161.0406 149.2081 142.1965 135.6827 147.6922 145.2998 149.4275 146.425 136.3561 131.7268 135.5638 132.6367 141.2553 141.2207 139.2305 142.9058 143.9816 133.4453 128.2064 132.3347 134.564 133.728 128.0209 128.0804 123.7149 126.9981 129.7 134.7801 133.2887
131.335 124.8893 120.0498 120.3713 113.3959 123.0374 129.9263 142.9536 145.6085 149.57 139.4908 146.0742 147.4341 167.6093 183.6054 205.2672 203.4906 195.2293 187.2627 182.9303 183.3655 172.4765 173.9036 166.2509 170.0237 169.706 173.8466 175.2757 172.1834 180.0427 182.4737 166.3792 164.2557 178.7608 158.6208 144.2754 155.8035 152.3011 140.8066 146.8216 144.3214 144.456 140.7427 133.3463 132.3683 130.841 146.7935 156.6485 143.1536 148.5054 143.9745 148.2251 143.0299 129.0998 135.3599 129.4163 124.3307 126.9077 129.2805 126.9752 131.8224 122.4032 133.1679 127.4753 127.1768
131.2384 124.7997 132.1231 124.9128 132.9994 139.3356 140.1281 145.681 149.3734 140.6385 141.7671 146.2487 144.4081 167.3012 177.5143 181.018 182.7256 186.2847 185.1968 178.4883 168.3674 175.765 180.9152 166.8314 163.6455 164.6686 165.4815 178.3443 184.8561 187.667 191.8963 176.5685 161.3987 155.1752 146.793 158.6493 160.2493 155.4549 162.6875 149.5697 138.9653 149.1306 139.9791 139.7701 133.9806 145.2142 149.1576 153.9166 148.3068 152.2595 146.7566 145.5548 133.0277 135.0292 129.7657 132.419 130.6293 125.7715 137.1077 131.1487 127.2442 125.5479 129.6211 136.5971 126.8981
123.7041 136.692 140.8642 150.825 148.4891 154.3557 154.7213 159.4844 152.0244 157.5735 146.9914 136.4796 153.479 162.9579 171.008 171.0399 182.0399 172.826 157.4628 160.4662 162.272 166.4875 156.7621 163.3797 167.6216 183.2128 189.2016 188.8243 193.9097 187.6536 188.8632 169.8667 155.3368 157.2605 158.9479 167.0161 153.0087 151.5036 146.0447 142.8 146.4951 132.9966 135.0763 145.5976 173.6807 165.7325 151.756 148.5209 148.2231 140.4692 142.9039 146.4804 143.299 135.5221 139.4605 137.0044 133.9056 136.3021 131.4659 121.7483 124.9048 122.6185 133.32 133.2925 131.6557
135.5173 148.7006 153.3144 166.7592 168.4764 177.7684 175.0088 176.6693 173.7301 171.6247 162.8929 156.0344 148.7889 164.371 175.4958 167.4176 156.1174 148.4762 154.7538 157.5023 158.0021 158.9365 158.7896 173.3083 182.5605 190.2433 230.9563 249.5892 252.9845 226.8988 210.6135 182.361 161.5528 161.201 166.4402 140.609 145.7554 144.8519 169.4184 153.4493 150.2556 133.9828 139.7028 133.4091 157.0426 149.307 146.4597 144.9511 134.5932 150.5192 137.2953 141.8334 148.0204 134.6074 141.9304 147.7032 138.596 142.4314 131.3634 132.8251 135.5822 135.2395 140.2679 130.2219 125.2559
156.126 160.0792 179.7868 196.9721 196.3218 195.6849 198.7607 193.8428 193.4374 190.9339 196.3176 193.0962 163.6812 154.4206 144.0747 149.3749 149.3926 153.0083 147.2882 151.564 145.8271 155.5589 168.2209 192.717 217.7953 292.9861 295.9131 298.4943 296.2564 287.3741 220.0408 194.0714 176.5527 161.941 156.1864 149.7239 147.9554 145.2898 150.2171 151.8573 139.1695 134.5861 140.7113 133.2249 144.7348 140.2358 134.2657 132.7992 141.8192 124.3182 143.908 137.5482 136.9311 144.5479 146.4846 161.8969 155.6272 139.8321 146.774 145.0487 143.5059 137.0101 137.1452 125.8714 133.0858
196.5762 195.4489 203.7955 211.8895 217.9242 219.2321 216.5476 206.1365 200.7761 207.9642 208.531 190.8807 174.8563 165.3223 156.5693 157.7678 157.2985 149.4372 150.1561 151.2868 156.2829 163.9923 186.6653 201.8343 217.1378 286.869 296.942 298.8502 254.5604 227.3508 223.1932 236.78 258.3064 254.7612 236.2323 199.1274 159.31 165.4572 148.8655 143.2664 134.1858 132.9094 139.0707 145.2224 147.4084 151.2842 150.1659 140.6116 140.1689 141.1583 135.4127 134.3683 134.6714 140.3736 149.5422 137.9641 148.8695 145.567 143.4693 136.1756 146.6286 130.4097 128.2394 140.8251 148.0806
240.8245 240.4795 220.2974 216.9641 218.6204 220.3581 212.5967 204.3632 207.4449 200.8546 199.6121 190.1914 177.8006 175.0398 162.8247 160.9018 151.3849 149.6818 149.411 146.6046 156.6965 175.8278 190.1208 200.5233 222.7786 253.4308 227.6525 225.7982 220.9614 270.9306 298.1856 310.1447 295.7194 305.9184 284.5114 219.3895 196.1579 171.5293 152.2214 149.7663 144.8178 136.7234 142.2153 151.0469 156.1304 153.0311 144.7203 152.022 149.6207 149.3328 149.095 133.4713 138.416 141.9803 149.1894 153.0281 144.8354 131.7724 135.865 139.2944 133.8445 128.2178 143.1772 158.1601 156.0509
300.1747 297.725 258.7766 222.9035 213.8966 213.5542 204.2318 203.3879 202.0288 190.3824 199.8896 197.6372 202.8145 198.6793 194.0791 160.7209 152.6153 146.572 153.6506 150.5451 159.285 173.8645 190.3288 203.9644 214.2062 221.162 213.5121 227.1485 281.1374 284.0897 294.0551 293.916 276.5826 246.8214 218.0188 219.6705 198.1735 177.9745 146.8641 157.4729 131.7226 138.2247 163.5059 159.1639 152.4433 148.7117 151.1342 153.7238 144.0706 137.8291 132.0599 135.137 147.3826 141.4832 143.8378 147.5445 142.2386 137.4983 136.6872 132.2922 139.7034 154.1696 174.5848 177.836 155.2607
320.7675 319.7392 307.2055 278.379 252.5245 213.4729 205.0987 200.1475 198.6497 197.9473 202.9474 203.4034 209.6236 211.3438 199.1626 165.8278 151.0151 148.3859 147.4886 147.654 164.2959 177.7855 180.5159 192.6837 195.9335 199.5973 220.2626 274.551 297.4965 296.7425 297.073 287.0266 247.7248 217.2026 203.8836 200.0917 184.1684 163.9509 147.0657 141.9438 135.5994 141.4822 146.6264 149.6215 167.2562 161.1233 153.9733 156.8061 142.3247 136.5787 139.4681 137.1227 135.1617 141.4236 139.6402 144.1853 148.3776 144.8707 134.85 140.4512 143.2093 140.9007 172.391 158.8165 160.3145
318.4171 319.7327 319.4351 311.8465 262.7889 219.0944 205.5607 198.6835 204.6955 209.726 219.4949 218.032 220.5815 220.5132 208.8526 177.6145 153.3759 164.6842 154.1284 156.827 154.8064 164.638 175.9348 192.1901 221.753 264.2058 275.9918 292.804 278.2074 300.8906 297.2151 294.4568 288.8091 219.9039 198.3708 190.3111 189.4616 175.7459 142.8675 141.9337 137.5258 137.233 141.5878 161.6823 166.2879 156.9543 151.699 146.6784 141.8757 145.062 144.2018 137.546 141.1862 144.8153 168.3844 165.2169 151.1167 140.2674 135.1878 140.7077 151.8431 147.0383 137.9517 143.156 160.6087
