MapLib/Lvl1_5x5/BG/Ele_BG_FE.asc
ncols         557
nrows         557
xllcorner     2227500
yllcorner     3337669.448
cellsize      1000
nodata_value  -9999.0
[rows 196 to 223 of 557, columns 488 to 548 of 557]
-2077.0535 -2064.2549 -2049.4692 -2057.343 -2065.72 -2067.0352 -2069.3411 -2073.6558 -2079.552 -2087.9968 -2091.6433 -2091.9709 -2089.9409 -2087.2256 -2080.7886 -2073.5151 -2071.2065 -2072.8508 -2079.8113 -2087.4739 -2091.3806 -2101.7529 -2121.0486 -2131.6453 -2134.5042 -2136.436 -2138.9517 -2141.4202 -2145.1387 -2154.3142 -2163.9673 -2173.2708 -2180.1755 -2182.9531 -2183.0115 -2178.8511 -2177.3992 -2177.1987 -2175.4014 -2172.2581 -2164.8396 -2157.5281 -2180.1892 -2202.2136 -2211.2122 -2215.9514 -2211.3733 -2207.9402 -2204.8967 -2200.2444 -2194.6836 -2193.2043 -2193.6223 -2196.9597 -2201.1089 -2211.8616 -2222.3623 -2230.6841 -2239.6643 -2251.5095 -2261.0845
-2086.6675 -2065.5273 -2042.3884 -2052.3147 -2065.113 -2069.8057 -2072.6589 -2075.3882 -2076.8098 -2077.561 -2079.7136 -2082.5588 -2082.7781 -2080.5754 -2076.0122 -2071.1738 -2067.8469 -2068.4729 -2077.9226 -2084.7493 -2080.2378 -2087.1096 -2111.6843 -2126.8086 -2133.4705 -2133.8757 -2130.8669 -2128.4678 -2129.3936 -2142.3391 -2157.6621 -2166.3901 -2171.959 -2168.2969 -2165.6428 -2164.1306 -2164.0527 -2165.3291 -2165.4761 -2165.7458 -2160.1953 -2154.7493 -2179.2112 -2202.9829 -2209.6313 -2214.2107 -2212.074 -2209.6914 -2204.9919 -2203.0017 -2202.354 -2200.8843 -2199.4243 -2208.6143 -2219.4514 -2228.4175 -2237.6602 -2247.4473 -2256.1277 -2264.2019 -2271.2024
-2088.9292 -2067.3376 -2042.7395 -2051.4153 -2064.0105 -2075.4573 -2081.54 -2077.2017 -2070.2329 -2058.6746 -2060.3413 -2073.4827 -2075.7551 -2072.7275 -2072.895 -2072.7097 -2072.1174 -2073.1616 -2084.489 -2087.2234 -2062.2397 -2059.5098 -2093.1057 -2115.3379 -2126.957 -2125.0325 -2114.9915 -2104.0913 -2098.1782 -2121.2114 -2146.5408 -2157.4736 -2161.1384 -2147.9417 -2138.4265 -2133.9651 -2133.5437 -2135.9802 -2141.363 -2147.1335 -2156.6396 -2167.8027 -2182.5269 -2196.1272 -2199.2261 -2202.8689 -2210.27 -2211.2764 -2203.7808 -2202.2654 -2205.5947 -2210.1924 -2215.1609 -2228.3098 -2241.7717 -2241.6372 -2243.7476 -2258.978 -2269.5535 -2271.5723 -2275.9695
-2091.2698 -2075.5085 -2057.7876 -2063.9846 -2072.7258 -2078.8528 -2082.686 -2081.0508 -2074.9734 -2062.2747 -2061.4446 -2070.1616 -2070.9651 -2068.4119 -2071.3306 -2074.979 -2074.6987 -2076.1155 -2084.3164 -2085.7942 -2064.9929 -2063.0652 -2091.0488 -2108.7646 -2117.7551 -2110.6831 -2095.3835 -2088.7371 -2088.6599 -2114.8406 -2142.0789 -2149.7327 -2152.7429 -2143.2134 -2133.2986 -2123.23 -2121.073 -2127.0522 -2135.8137 -2145.7783 -2160.2991 -2176.8667 -2185.2686 -2192.3462 -2192.0176 -2196.2397 -2211.1472 -2217.6733 -2214.0415 -2214.4346 -2218.0037 -2220.1653 -2221.873 -2235.4148 -2249.3616 -2249.2354 -2250.9941 -2265.8225 -2276.322 -2275.3665 -2276.2539
-2094.3994 -2087.7493 -2079.9214 -2083.6265 -2086.5984 -2082.2444 -2079.8989 -2085.8071 -2086.8015 -2078.3591 -2072.8281 -2071.1565 -2068.8594 -2067.1946 -2071.6694 -2076.52 -2077.3176 -2076.999 -2080.3401 -2082.2944 -2080.2908 -2084.197 -2098.5938 -2105.6196 -2107.2144 -2093.7378 -2075.4321 -2078.3694 -2091.6816 -2116.2515 -2139.5823 -2142.6604 -2145.147 -2146.8186 -2140.7925 -2123.9158 -2120.5483 -2130.0649 -2141.0127 -2153.3352 -2167.6228 -2181.9175 -2186.5923 -2189.1436 -2187.7844 -2192.9685 -2214.7058 -2228.283 -2230.3164 -2233.3801 -2235.6509 -2231.5222 -2224.7593 -2235.4109 -2248.4365 -2252.8215 -2258.5894 -2270.5928 -2279.0447 -2276.886 -2273.7192
-2099.4841 -2096.4094 -2092.1389 -2096.9021 -2100.2078 -2091.6548 -2086.8401 -2089.8599 -2089.1982 -2081.1565 -2075.5959 -2073.1125 -2069.9995 -2067.9788 -2070.2759 -2073.8477 -2076.0925 -2078.6343 -2079.2937 -2080.929 -2084.1282 -2090.2009 -2100.8462 -2104.5415 -2102.5198 -2088.3811 -2070.7222 -2075.0876 -2088.8945 -2106.3149 -2122.6045 -2129.4431 -2134.5471 -2137.0542 -2133.5347 -2121.4858 -2120.3694 -2129.8347 -2141.0378 -2153.1199 -2167.2085 -2181.1909 -2183.6118 -2186.2146 -2187 -2195.1653 -2218.1616 -2234.792 -2240.3005 -2245.8159 -2250.0513 -2245.7432 -2238.2742 -2244.447 -2251.7383 -2259.0962 -2267.033 -2275.2742 -2279.3059 -2275.3699 -2270.1741
-2106.2649 -2104.5735 -2100.5237 -2107.491 -2112.3118 -2104.0671 -2096.7883 -2095.071 -2089.8833 -2079.5422 -2075 -2075.1885 -2072.6472 -2068.5396 -2067.8325 -2068.9419 -2074.4863 -2079.6719 -2080.6113 -2080.9724 -2082.7834 -2088.9063 -2100.8423 -2105.0603 -2100.8223 -2088.3083 -2073.3442 -2075.6743 -2084.8708 -2093.2258 -2102.3552 -2115.0964 -2124.9438 -2124.4412 -2122.2722 -2117.6484 -2120.0298 -2128.4282 -2138.991 -2150.6843 -2163.6475 -2176.4607 -2179.8569 -2183.0208 -2188.6111 -2199.071 -2222.3533 -2239.2402 -2247.2014 -2255.5972 -2263.146 -2262.3982 -2257.8562 -2257.3052 -2258.259 -2266.9231 -2274.48 -2277.7332 -2277.5508 -2272.1489 -2266.2688
-2115.8792 -2113.9963 -2109.4915 -2114.1028 -2118.3916 -2112.0913 -2106.2209 -2102.3152 -2095.2954 -2084.3862 -2078.2292 -2076.3997 -2074.0359 -2070.9829 -2067.4949 -2065.917 -2075.3962 -2084.3728 -2085.7395 -2084.8105 -2083.5435 -2087.2993 -2099.5552 -2105.1157 -2105.345 -2094.582 -2080.2617 -2080.0242 -2085.9182 -2092.3721 -2099.8298 -2113.0779 -2123.2334 -2125.2717 -2122.6831 -2115.7683 -2118.9634 -2130.6064 -2142.9753 -2156.1479 -2164.1907 -2170.6072 -2177.7991 -2184.3679 -2192.5442 -2204.2231 -2226.8704 -2243.3196 -2251.4094 -2261.8853 -2273.8916 -2283.303 -2291.1868 -2280.0798 -2266.8872 -2271.9817 -2277.1726 -2274.0725 -2269.4094 -2264.2483 -2259.0847
-2126.4443 -2123.3721 -2117.4395 -2118.5908 -2119.6709 -2116.803 -2112.6338 -2108.728 -2101.8289 -2090.4929 -2082.9175 -2078.3052 -2076.2244 -2074.2932 -2069.4766 -2066.927 -2077.948 -2088.9773 -2090.9041 -2090.5981 -2086.0195 -2087.9832 -2098.8228 -2105.8843 -2109.5408 -2100.8943 -2087.2732 -2085.667 -2089.0139 -2094.8892 -2102.3469 -2115.179 -2125.303 -2129.29 -2126.8989 -2117.4736 -2120.5571 -2134.553 -2148.6338 -2163.2012 -2167.8281 -2169.6567 -2178.9382 -2188.5203 -2197.4109 -2209.4897 -2229.9414 -2245.5801 -2252.5234 -2264.8672 -2281.4563 -2299.2839 -2318.3269 -2296.8071 -2270.1375 -2272.6309 -2275.0547 -2269.0723 -2262.5044 -2255.2749 -2251.6199
-2136.6836 -2127.8359 -2115.7642 -2107.821 -2102.2029 -2100.8481 -2102.387 -2106.229 -2105.6953 -2097.6892 -2091.679 -2088.4084 -2087.8682 -2089.1133 -2088.7126 -2088.0376 -2087.0767 -2087.6345 -2095.0049 -2101.4031 -2100.8828 -2102.6582 -2107.0945 -2108.0652 -2106.6506 -2099.9065 -2091.9199 -2092.0955 -2096.8574 -2106.4529 -2117.1099 -2128.5164 -2136.4255 -2134.7346 -2135.2764 -2137.8652 -2140.679 -2143.509 -2153.5403 -2168.2568 -2183.2336 -2198.0032 -2198.7183 -2200.0535 -2204.9241 -2211.1938 -2220.3354 -2228.8931 -2236.5864 -2251.7021 -2272.1641 -2280.1511 -2282.4094 -2261.6963 -2239.2273 -2242.8523 -2251.5693 -2268.7664 -2273.1514 -2251.2178 -2240.9236
-2139.8796 -2128.4827 -2114.1558 -2100.9233 -2090.9702 -2091.4055 -2095.4165 -2103.9529 -2107.5522 -2103.2065 -2099.5769 -2096.1775 -2096.8118 -2100.8135 -2105.5637 -2108.0205 -2098.1697 -2089.5745 -2099.9758 -2109.666 -2113.0422 -2115.0608 -2114.8511 -2112.0339 -2106.509 -2101.4722 -2097.5378 -2100.1001 -2105.8027 -2117.3176 -2129.7339 -2139.532 -2145.5623 -2139.8354 -2140.925 -2152.2185 -2154.958 -2152.0654 -2161.5103 -2177.6086 -2200.7837 -2223.9102 -2219.3757 -2214.1277 -2215.3906 -2215.9761 -2215.8516 -2218.5596 -2225.0061 -2240.6655 -2263.0591 -2262.6533 -2254.0867 -2235.4961 -2218.1174 -2221.7764 -2234.2537 -2268.5942 -2283.1392 -2253.0181 -2238.9224
-2117.9448 -2117.3872 -2116.3164 -2110.3684 -2105.2151 -2106.1228 -2106.8445 -2105.2234 -2103.4839 -2102.1802 -2099.5769 -2095.4597 -2095.2048 -2096.2915 -2108.2583 -2120.4302 -2113.7136 -2105.6982 -2107.2683 -2109.8987 -2111.7766 -2115.7126 -2122.2161 -2122.2156 -2116.4097 -2111.5039 -2107.3494 -2111.5647 -2118.8848 -2125.9702 -2133.2063 -2141.5471 -2147.0388 -2140.6726 -2137.5042 -2138.8323 -2145.177 -2157.46 -2177.8555 -2202.2654 -2220.1016 -2236.592 -2236.6458 -2235.6118 -2232.2144 -2231.3296 -2235.6753 -2236.5459 -2231.6931 -2239.0857 -2256.9072 -2264.7551 -2269.5588 -2254.7473 -2239.1094 -2238.7893 -2245.3147 -2268.0332 -2282.4233 -2275.9968 -2270.0342
-2110.5908 -2116.8362 -2124.0732 -2123.3086 -2121.896 -2123.969 -2122.6594 -2114.5068 -2109.0027 -2108.585 -2105.593 -2101.176 -2099.2278 -2099.9497 -2112.822 -2126.9302 -2123.9006 -2117.9944 -2114.8203 -2113.5776 -2115.1008 -2118.5193 -2125.4419 -2126.0979 -2121.4607 -2117.5593 -2115.0044 -2121.6067 -2131.4634 -2136.3677 -2140.1675 -2145.3628 -2147.8613 -2142.4807 -2137.5952 -2133.9595 -2142.3901 -2161.8958 -2187.9771 -2216.0869 -2231.6165 -2242.6807 -2246.2339 -2248.8032 -2241.9133 -2238.9592 -2247.0547 -2245.4167 -2233.2786 -2237.6069 -2253.9622 -2266.7935 -2278.8069 -2267.2517 -2253.4414 -2256.0217 -2261.248 -2272.4607 -2282.0037 -2287.2354 -2285.5552
-2127.572 -2135.0513 -2143.5879 -2143.6382 -2143.4382 -2146.8269 -2146.8008 -2138.9778 -2131.9346 -2127.5103 -2122.7341 -2116.9907 -2115.5503 -2116.7944 -2119.7803 -2123.7532 -2125.0608 -2125.2122 -2123.9556 -2123.29 -2124.8542 -2124.998 -2123.1265 -2119.917 -2115.7849 -2115.7683 -2118.7566 -2130.4578 -2144.9668 -2150.3083 -2154.1912 -2151.584 -2148.6257 -2145.4028 -2143.6003 -2144.5342 -2152.0894 -2165.345 -2186.9216 -2212.9541 -2226.3833 -2236.1948 -2242.4497 -2246.834 -2237.8325 -2234.0535 -2242.1489 -2240.0977 -2225.3335 -2232.6956 -2256.3271 -2269.2705 -2277.3518 -2267.7827 -2257.3518 -2272.324 -2285.2283 -2284.2598 -2281.5278 -2277.9922 -2275.676
-2136.0679 -2145.1565 -2155.2092 -2155.0195 -2154.7705 -2161.2344 -2164.3845 -2158.8289 -2151.8621 -2145.0981 -2137.4067 -2129.1855 -2127.5894 -2130.2051 -2130.3154 -2130.7451 -2131.5603 -2131.9053 -2129.8762 -2128.7427 -2128.0886 -2126.5374 -2124.2319 -2121.3826 -2118.2327 -2122.614 -2130.7646 -2143.03 -2155.6782 -2158.4504 -2157.978 -2150.6365 -2144.5957 -2143.2813 -2143.8354 -2147.4128 -2154.606 -2166.103 -2183.9036 -2204.8369 -2216.376 -2226.1875 -2233.4592 -2239.1958 -2234.1675 -2231.6875 -2236.4939 -2236.7837 -2230.0894 -2234.3713 -2247.8564 -2258.4705 -2268.4126 -2267.6218 -2267.7239 -2288.106 -2302.1775 -2287.2231 -2274.2412 -2268.9541 -2266.5513
-2134.2483 -2146.939 -2159.9856 -2158.2048 -2156.7886 -2166.9011 -2174.8621 -2174.0801 -2169.8499 -2161.5432 -2150.3372 -2137.2473 -2136.0889 -2140.2444 -2144.5466 -2148.2261 -2143.5593 -2138.4514 -2134.302 -2130.189 -2124.7937 -2123.335 -2128.4919 -2129.6426 -2129.2161 -2136.7258 -2148.9148 -2158.0115 -2164.4851 -2159.207 -2152.074 -2142.3743 -2135.4802 -2136.8369 -2138.8005 -2141.2002 -2149.8076 -2165.062 -2179.0042 -2192.4382 -2201.9871 -2211.5015 -2219.0706 -2226.0476 -2229.8389 -2232.0359 -2231.042 -2236.1138 -2247.1843 -2243.7454 -2228.699 -2236.2815 -2252.6106 -2268.4158 -2284.1858 -2303.2717 -2311.0593 -2281.3384 -2260.2278 -2260.0344 -2258.7371
-2134.6765 -2149.3823 -2166.2295 -2169.4006 -2172.4714 -2182.7434 -2189.9429 -2190.6379 -2187.7808 -2179.6995 -2167.6616 -2152.1282 -2146.262 -2145.6548 -2158.97 -2171.033 -2160.3167 -2144.6113 -2134.0237 -2126.3608 -2126.4619 -2128.5803 -2134.3472 -2136.8552 -2137.0693 -2144.8145 -2155.8691 -2161.1309 -2162.5454 -2156.6914 -2148.4558 -2144.1758 -2140.6877 -2140.7764 -2141.7539 -2145.0583 -2152.9231 -2165.5112 -2176.9912 -2188.4148 -2197.0603 -2203.687 -2214.7393 -2224.2542 -2227.6431 -2228.7881 -2224.9861 -2228.9612 -2242.5491 -2246.0684 -2241.0654 -2266.7905 -2305.3264 -2303.6045 -2295.9683 -2299.7341 -2296.1563 -2267.0549 -2246.8672 -2250.5615 -2250.2932
-2137.1416 -2153.4248 -2173.4834 -2185.9905 -2196.3867 -2203.3296 -2207.7263 -2206.9905 -2204.7312 -2199.4597 -2187.9465 -2170.7822 -2158.115 -2149.2771 -2172.1421 -2196.8303 -2178.1882 -2151.0576 -2130.9375 -2119.8171 -2130.3469 -2138.394 -2141.4993 -2142.7971 -2143.0073 -2148.7959 -2156.7261 -2157.9934 -2156.7549 -2153.2114 -2149.9138 -2153.4065 -2155.1782 -2150.7612 -2150.1848 -2154.8733 -2160.3628 -2165.981 -2176.989 -2190.6709 -2196.6465 -2201.1145 -2215.9646 -2228.9182 -2226.6282 -2223.2673 -2217.7625 -2218.0142 -2225.6963 -2244.7822 -2272.2776 -2328.3059 -2395.6936 -2356.5178 -2303.1504 -2284.2666 -2267.3301 -2246.9055 -2235.1697 -2241.4971 -2241.4827
-2167.3354 -2179.8682 -2193.5642 -2203.2761 -2212.4744 -2218.2498 -2222.7793 -2222.1089 -2220.2268 -2215.5149 -2205.7231 -2191.3889 -2179.019 -2169.3982 -2189.0632 -2211.4968 -2197.7446 -2173.7915 -2144.1831 -2122.1211 -2123.3286 -2125.5752 -2127.6619 -2129.644 -2132.3616 -2148.4587 -2171.116 -2197.6863 -2222.259 -2226.9561 -2226.3762 -2220.4553 -2210.2878 -2188.4197 -2172.4353 -2165.3235 -2160.2661 -2157.4238 -2170.5769 -2190.9509 -2200.906 -2208.2134 -2214.5349 -2219.5596 -2214.4604 -2209.4248 -2204.6677 -2205.8735 -2214.1985 -2245.8491 -2295.3049 -2329.5898 -2357.7048 -2318.0352 -2269.6379 -2254.74 -2243.6238 -2233.7256 -2229.001 -2234.4192 -2233.9114
-2206.6555 -2212.937 -2218.2236 -2221.1638 -2225.2087 -2231.2585 -2236.627 -2236.8262 -2234.9441 -2230.6736 -2222.5017 -2211.5273 -2201.8313 -2193.5432 -2205.9751 -2221.4102 -2217.4348 -2200.7214 -2160.7915 -2125.9734 -2114.1895 -2107.4348 -2107.5437 -2111.2529 -2117.4858 -2146.5825 -2189.2095 -2248.5249 -2306.8027 -2321.748 -2323.5181 -2302.8503 -2275.7935 -2233.2407 -2199.0144 -2176.728 -2159.1985 -2147.2932 -2162.4993 -2190.7905 -2206.6924 -2217.7749 -2212.5227 -2206.1912 -2199.0386 -2193.4133 -2190.8818 -2193.3396 -2203.8904 -2246.4724 -2313.7654 -2311.865 -2281.3577 -2251.3503 -2224.3296 -2221.5835 -2221.1638 -2221.9548 -2224.4497 -2228.158 -2225.7546
-2215.74 -2221.2466 -2226.5881 -2226.6333 -2226.501 -2227.5557 -2230.1465 -2232.5952 -2231.6333 -2224.3848 -2213.6672 -2200.187 -2187.8162 -2177.1755 -2184.9458 -2195.9978 -2193.3142 -2182.0198 -2156.1367 -2134.7744 -2128.0723 -2126.8669 -2133.4236 -2140.6831 -2148.9983 -2167.3022 -2191.3872 -2225.1633 -2258.4888 -2267.3672 -2270.1768 -2267.7632 -2258.1487 -2229.1716 -2212.3054 -2210.9697 -2204.1819 -2193.5171 -2197.6021 -2209.1768 -2211.5164 -2211.0212 -2204.3169 -2198.3909 -2197.188 -2194.2825 -2186.5449 -2180.03 -2176.7148 -2196.0591 -2231.9111 -2236.6062 -2228.4419 -2215.679 -2202.8616 -2202.447 -2203.7512 -2209.7068 -2215.0825 -2219.4932 -2219.0447
-2223.0042 -2226.7693 -2232.0481 -2229.8772 -2226.8918 -2223.9343 -2222.7166 -2227.3687 -2226.3364 -2216.0627 -2203.634 -2187.5105 -2172.729 -2159.0393 -2162.7957 -2170.1401 -2166.9243 -2160.5205 -2151.0684 -2143.3555 -2145.6401 -2150.5535 -2160.8855 -2171.4563 -2181.9607 -2187.9375 -2191.3545 -2198.4668 -2204.7295 -2207.1218 -2210.5906 -2227.0022 -2235.8088 -2222.9558 -2222.7932 -2241.7373 -2245.6509 -2237.0176 -2229.083 -2221.8884 -2211.7407 -2201.7271 -2195.8828 -2191.4341 -2196.6843 -2197.1833 -2183.9287 -2170.6033 -2156.0339 -2151.0313 -2153.6921 -2166.6213 -2183.5439 -2185.6343 -2185.8403 -2186.4485 -2189.6289 -2199.7012 -2207.5952 -2211.4802 -2211.7527
-2227.4746 -2224.3447 -2223.1233 -2222.9514 -2223.7595 -2224.0195 -2223.511 -2221.2 -2216.5706 -2210.4641 -2200.7095 -2187.26 -2173.9189 -2161.5508 -2165.4827 -2172.25 -2166.0913 -2157.8159 -2153.2839 -2155.1907 -2170.2134 -2174.9695 -2163.1912 -2167.5847 -2186.2629 -2192.4924 -2193.5266 -2202.6331 -2213.688 -2216.9333 -2220.4021 -2232.2129 -2238.7554 -2229.2065 -2220.9629 -2216.1443 -2210.8662 -2203.5371 -2183.3115 -2156.7988 -2163.8152 -2179.0632 -2184.696 -2190.2354 -2200.1257 -2206.6853 -2202.3127 -2202.864 -2208.8821 -2209.9329 -2205.915 -2199.8101 -2193.3049 -2192.6289 -2193.7505 -2192.3032 -2195.0254 -2214.0859 -2224.6003 -2216.1084 -2208.5461
-2233.8035 -2225.2837 -2218.1824 -2220.8965 -2224.6741 -2226.5195 -2225.7661 -2218.1135 -2211.8193 -2207.9004 -2201.2434 -2191.8108 -2179.7654 -2167.927 -2172.7515 -2179.679 -2172.6682 -2165.0581 -2163.1438 -2168.5039 -2189.4573 -2191.7883 -2166.8542 -2167.561 -2189.2705 -2196.1531 -2196.2915 -2208.5771 -2223.6626 -2228.5662 -2230.3652 -2233.4883 -2234.6555 -2230.9868 -2221.1213 -2201.1431 -2190.292 -2185.2766 -2157.885 -2121.7163 -2139.4189 -2170.031 -2180.3259 -2189.3245 -2202.5601 -2213.2178 -2215.6702 -2225.1438 -2244.0911 -2245.6931 -2234.4702 -2218.676 -2200.9944 -2199.7593 -2200.906 -2197.3079 -2199.9429 -2225.1785 -2239.5566 -2228.2424 -2221.2358
-2244.1147 -2234.3098 -2225.6177 -2231.3584 -2237.3484 -2236.2366 -2232.5322 -2225.6687 -2219.4063 -2216.0503 -2212.927 -2210.7283 -2200.7175 -2187.6675 -2193.8872 -2204.4709 -2204.896 -2201.4055 -2193.4087 -2188.595 -2190.1506 -2187.6663 -2177.4714 -2178.594 -2189.5161 -2196.2312 -2202.4258 -2218.4065 -2236.166 -2241.9297 -2240.5327 -2219.9863 -2207.4907 -2219.3872 -2223.2493 -2218.1079 -2214.6877 -2213.0691 -2199.2083 -2181.3767 -2189.8621 -2203.2251 -2196.7947 -2191.271 -2202.6807 -2212.3792 -2213.0313 -2216.6411 -2223.1555 -2214.2463 -2193.3413 -2193.5779 -2202.5449 -2205.1375 -2205.8044 -2201.6975 -2202.8386 -2224.9114 -2245.9412 -2263.3875 -2283.4431
-2258.1665 -2249.2256 -2241.1099 -2245.5613 -2249.3677 -2246.0049 -2241.2996 -2234.5447 -2228.3037 -2223.2842 -2220.4604 -2219.6011 -2209.9126 -2197.835 -2205.5793 -2217.0486 -2218.5427 -2216.2139 -2209.0457 -2201.3477 -2195.1736 -2191.7476 -2191.4922 -2194.1143 -2199.532 -2205.6504 -2213.2415 -2230.2717 -2249.1514 -2254.1389 -2251.1277 -2223.6487 -2204.9514 -2216.7458 -2227.467 -2237.2639 -2240.7639 -2238.9246 -2234.2212 -2229.3579 -2228.6096 -2228.772 -2210.1006 -2194.1492 -2203.6719 -2209.4084 -2206.4412 -2208.115 -2214.3669 -2202.6848 -2177.0261 -2184.2856 -2204.0361 -2210.4402 -2213.501 -2209.7356 -2209.873 -2226.5227 -2250.96 -2285.0334 -2319.7817
-2278.437 -2271.9429 -2268.1257 -2264.1738 -2260.2881 -2256.8389 -2252.5325 -2245.4661 -2238.1528 -2230.5181 -2221.2405 -2210.1665 -2201.3506 -2194.2856 -2201.5569 -2211.0706 -2203.9851 -2196.229 -2199.7441 -2204.449 -2206.6814 -2208.7424 -2211.4656 -2216.6108 -2225.094 -2228.3337 -2231.2393 -2245.9746 -2262.7002 -2264.1255 -2262.3547 -2253.7268 -2243.6973 -2229.5254 -2232.7341 -2260.3118 -2268.6372 -2260.8601 -2258.4287 -2257.6284 -2249.511 -2238.592 -2217.3943 -2199.4187 -2204.6174 -2205.4468 -2193.8823 -2198.3242 -2224.9614 -2223.5913 -2201.4336 -2199.2773 -2204.3496 -2215.8264 -2226.6843 -2223.4529 -2223.1731 -2233.7708 -2252.8569 -2285.3306 -2313.0486
-2306.1465 -2297.7053 -2290.7783 -2283.3718 -2276.7905 -2271.3655 -2265.2444 -2256.1472 -2247.1091 -2236.3972 -2225.3435 -2212.8945 -2205.1667 -2200.0708 -2210.2529 -2219.2747 -2203.4131 -2188.9436 -2197.9441 -2208.428 -2215.063 -2220.2051 -2224.27 -2230.1301 -2237.2236 -2239.9158 -2240.0483 -2250.175 -2260.6147 -2262.325 -2263.1182 -2270.5776 -2271.0164 -2249.5601 -2245.4819 -2264.8892 -2265.9221 -2252.3618 -2252.7681 -2260.9453 -2252.3926 -2239.9185 -2218.5403 -2199.4468 -2202.7566 -2203.2336 -2195.3147 -2202.3193 -2229.6089 -2230.2795 -2210.635 -2205.2805 -2206.7576 -2221.6326 -2237.1084 -2238.5454 -2239.7405 -2246.7488 -2260.4868 -2285.4431 -2304.0815
