MapLib/Lvl1_5x5/BG/Ele_BG_ED.asc
ncols         557
nrows         557
xllcorner     1670500
yllcorner     3894669.448
cellsize      1000
nodata_value  -9999.0
[rows 260 to 285 of 557, columns 171 to 227 of 557]
-2098.7261 -2074.0833 -2063.2368 -2106.8047 -2161.2612 -2194.3374 -2218.2031 -2224.8455 -2229.8083 -2236.8743 -2251.2566 -2276.8723 -2300.2791 -2321.4297 -2331.0173 -2335.0859 -2341.7339 -2347.134 -2344.0698 -2339.9338 -2340.3689 -2339.0251 -2330.1367 -2316.0493 -2293.3652 -2280.9839 -2277.4954 -2286.5081 -2301.7554 -2311.3955 -2319.2148 -2328.554 -2338.7749 -2351.5693 -2363.6692 -2374.2632 -2372.1521 -2352.8235 -2336.0027 -2321.4692 -2313.6594 -2308.3276 -2296.9111 -2283.4441 -2261.5376 -2243.0012 -2250.1084 -2256.0757 -2259.3416 -2258.9214 -2254.6409 -2280.0857 -2327.489 -2359.4607 -2385.6475 -2368.6992 -2341.8083
-2154.8833 -2132.4985 -2135.7505 -2178.7288 -2228.4729 -2257.8899 -2280.4761 -2291.3889 -2298.9868 -2303.3477 -2309.8481 -2323.0757 -2337.5396 -2352.8794 -2359.6289 -2362.1694 -2358.9033 -2353.7888 -2347.9385 -2342.1113 -2338.6191 -2334.0349 -2326.9192 -2316.5801 -2300.3899 -2291.853 -2289.6387 -2299.0862 -2313.2202 -2322.103 -2330.2793 -2341.3826 -2353.0752 -2367.9968 -2378.2842 -2377.0632 -2366.03 -2340.8193 -2322.5952 -2310.0876 -2299.9836 -2291.9255 -2275.55 -2258.3701 -2236.4641 -2220.1096 -2233.1775 -2246.7393 -2259.8062 -2264.9624 -2259.4348 -2276.8647 -2310.6006 -2340.8357 -2369.802 -2361.375 -2343.886
-2213.3564 -2195.644 -2211.3679 -2246.9192 -2285.425 -2309.4939 -2329.5703 -2346.6465 -2359.0845 -2364.0344 -2367.4163 -2368.0825 -2374.1733 -2384.2686 -2388.1084 -2387.498 -2375.0193 -2359.4368 -2350.4619 -2342.7327 -2333.0085 -2324.843 -2321.2502 -2316.0901 -2308.0273 -2304.1589 -2304.4761 -2312.6545 -2325.1724 -2333.5498 -2342.3494 -2354.7639 -2368.6353 -2382.9216 -2390.1687 -2376.2671 -2356.4897 -2328.2712 -2309.1904 -2299.2671 -2288.4072 -2276.4534 -2258.1062 -2238.4832 -2219.2107 -2205.9336 -2223.6528 -2241.959 -2261.2629 -2269.1211 -2264.0366 -2273.531 -2293.9922 -2320.4702 -2349.4004 -2349.6438 -2342.2405
-2254.8293 -2248.167 -2265.8113 -2290.4023 -2316.1492 -2334.446 -2350.8372 -2368.1897 -2383.1243 -2394.4456 -2401.4612 -2402.8005 -2408.189 -2416.4114 -2415.5034 -2408.4146 -2391.6382 -2372.2571 -2357.9438 -2342.8748 -2322.811 -2307.8669 -2309.4607 -2311.3064 -2313.9163 -2315.416 -2317.6699 -2325.3428 -2336.6826 -2346.6213 -2357.9907 -2371.1069 -2384.0271 -2391.3552 -2390.2297 -2367.5789 -2343.8691 -2318.1123 -2299.4846 -2287.1816 -2277.0374 -2267.3921 -2255.3684 -2242.4084 -2233.1475 -2227.3906 -2246.2444 -2262.0752 -2271.9941 -2275.5505 -2271.3965 -2277.9712 -2293.4358 -2313.4812 -2335.1145 -2338.8394 -2336.3433
-2283.6072 -2288.1128 -2306.4746 -2325.8093 -2344.0464 -2357.8132 -2371.25 -2386.7161 -2402.9631 -2418.5791 -2429.4116 -2433.2104 -2438.0896 -2444.3711 -2439.4353 -2427.9629 -2407.179 -2383.446 -2362.8606 -2340.5437 -2312.9221 -2293.3313 -2300.199 -2308.7285 -2318.9409 -2326.0115 -2329.9126 -2338.2983 -2349.6057 -2360.7139 -2371.6416 -2383.6226 -2394.5012 -2395.0972 -2388.2773 -2359.999 -2333.4932 -2309.0774 -2289.8333 -2275.6018 -2268.7212 -2265.0039 -2258.1804 -2250.9387 -2251.5061 -2254.2505 -2270.6748 -2283.3296 -2287.5388 -2288.8906 -2286.3313 -2289.7246 -2297.325 -2310.8225 -2326.6558 -2334.4048 -2337.7888
-2283.4854 -2298.616 -2320.9844 -2344.7539 -2367.7813 -2380.8579 -2392.6047 -2404.407 -2417.104 -2431.9651 -2444.9175 -2453.2646 -2458.9111 -2462.5186 -2456.9709 -2445.5227 -2420.0857 -2390.1724 -2361.6335 -2333.0625 -2304.7458 -2285.9365 -2297.6218 -2310.3914 -2325.21 -2335.4888 -2342.4558 -2353.5134 -2365.9583 -2374.3728 -2379.9521 -2386.6011 -2392.1169 -2389.5281 -2381.532 -2357.2676 -2329.7717 -2299.7388 -2278.3865 -2265.3015 -2267.531 -2276.604 -2273.9651 -2268.8616 -2276.5271 -2285.1765 -2293.4973 -2302.5352 -2310.8789 -2316.9297 -2318.4092 -2315.5786 -2310.5823 -2317.4299 -2329.2136 -2345.1118 -2358.1267
-2296.9634 -2315.2981 -2334.8621 -2359.1357 -2383.4878 -2397.7339 -2409.3088 -2418.5105 -2429.384 -2443.2429 -2455.2651 -2464.3096 -2468.75 -2468.9814 -2461.2322 -2448.791 -2421.7507 -2390.6204 -2361.1335 -2332.051 -2305.9485 -2289.8157 -2300.1641 -2313.4075 -2329.76 -2343.8914 -2354.7466 -2368.0266 -2382.4504 -2386.585 -2386.8164 -2387.3845 -2387.3069 -2384.0681 -2375.5569 -2354.1743 -2328.7468 -2297.5903 -2276.9951 -2266.5281 -2271.9084 -2285.7617 -2284.9275 -2280.8193 -2293.0518 -2304.3201 -2308.0847 -2313.938 -2325.8142 -2334.1738 -2338.3342 -2331.4658 -2316.5688 -2320.0183 -2330.2368 -2349.7246 -2366.9319
-2327.4951 -2339.3958 -2348.8318 -2367.8838 -2388.9265 -2404.6174 -2419.0852 -2428.926 -2438.679 -2450.1018 -2458.9866 -2463.0938 -2463.1089 -2458.7249 -2449.0542 -2435.0544 -2410.7214 -2383.1489 -2360.9844 -2339.8943 -2320.8274 -2307.8035 -2309.0159 -2316.9973 -2334.1526 -2350.6106 -2366.1331 -2382.4885 -2398.011 -2397.1104 -2391.2771 -2385.9456 -2381.801 -2378.5916 -2370.8938 -2351.2708 -2328.7256 -2302.9275 -2287.2881 -2281.3501 -2284.8459 -2292.2104 -2290.8018 -2286.6328 -2298.6201 -2308.6328 -2311.1836 -2316.4294 -2329.3413 -2338.459 -2342.2593 -2333.3582 -2313.5676 -2316.8872 -2328.4395 -2346.8062 -2363.1506
-2347.5405 -2351.1555 -2351.2095 -2367.0981 -2386.7952 -2407.6458 -2426.6067 -2436.5532 -2444.4395 -2451.2627 -2454.7993 -2454.1494 -2449.1606 -2440.0601 -2427.427 -2412.8137 -2396.4746 -2379.9985 -2368.0872 -2356.6714 -2341.0054 -2327.2126 -2320.0242 -2323.6594 -2343.9358 -2363.145 -2381.24 -2394.2334 -2403.2507 -2399.5486 -2391.092 -2384.1516 -2378.0918 -2375.0852 -2367.0479 -2345.7505 -2325.0527 -2306.1235 -2297.1772 -2296.6399 -2301.637 -2308.5557 -2308.3015 -2306.6477 -2317.3477 -2327.219 -2332.2397 -2336.8499 -2341.4795 -2342.7417 -2339.2905 -2323.6809 -2299.3723 -2302.9243 -2317.8142 -2338.9263 -2358.0042
-2360.394 -2354.7061 -2347.0693 -2361.083 -2380.8992 -2408.7097 -2433.4719 -2443.0986 -2448.3057 -2447.998 -2445.334 -2439.6709 -2429.4236 -2415.4915 -2400.6262 -2385.8962 -2381.2441 -2380.521 -2381.4243 -2379.2593 -2365.3162 -2350.166 -2333.9514 -2334.5942 -2359.6709 -2380.4844 -2398.5281 -2403.6135 -2401.1355 -2395.0642 -2388.5232 -2382.4302 -2377.0835 -2373.45 -2364.4465 -2338.8662 -2319.0698 -2307.8777 -2305.9546 -2310.8838 -2320.3784 -2331.0547 -2334.1243 -2335.6689 -2345.6646 -2355.9265 -2365.2266 -2369.521 -2359.1948 -2346.542 -2331.3296 -2307.5444 -2277.562 -2281.6506 -2298.7778 -2326.6797 -2352.1663
-2380.6331 -2376.8735 -2372.5212 -2384.2673 -2400.1921 -2425.6626 -2447.8591 -2455.0957 -2457.3237 -2451.4277 -2442.9907 -2430.7039 -2417.4858 -2402.0305 -2389.3079 -2379.5898 -2380.311 -2385.321 -2386.9773 -2386.9958 -2384.3599 -2379.4707 -2369.4473 -2372.3855 -2393.7898 -2407.0178 -2412.7612 -2408.1826 -2398.8867 -2392.7639 -2386.9038 -2381.9893 -2376.1401 -2371.2253 -2361.8826 -2339.6265 -2323.2556 -2315.2271 -2313.4363 -2318.1934 -2329.3994 -2343.3784 -2352.3582 -2361.3206 -2371.7051 -2381.2671 -2386.3186 -2383.3948 -2361.3267 -2343.1865 -2328.7373 -2305.1074 -2273.3801 -2270.9734 -2280.0876 -2306.9329 -2334.1748
-2406.3962 -2408.8975 -2414.418 -2422.9268 -2433.8118 -2452.1045 -2467.6592 -2472.3931 -2470.6035 -2460.239 -2446.0608 -2428.3389 -2412.3635 -2398.0901 -2390.3174 -2386.3435 -2388.7793 -2392.5398 -2388.9111 -2386.9729 -2399.6021 -2411.8057 -2415.1841 -2422.5071 -2436.6343 -2436.813 -2425.0464 -2411.1714 -2396.7207 -2390.8672 -2386.895 -2381.7852 -2375.5056 -2368.5967 -2359.4128 -2343.9373 -2331.7725 -2325.0386 -2321.4678 -2320.9819 -2333.4272 -2351.3425 -2367.8376 -2382.9001 -2394.0745 -2402.6362 -2399.324 -2387.4771 -2355.9553 -2335.6709 -2328.8523 -2309.0388 -2279.3694 -2267.6584 -2262.7073 -2285.7375 -2311.7969
-2448.0127 -2453.3794 -2461.7761 -2470.7634 -2480.9116 -2492.1936 -2501.7954 -2504.3884 -2502.3936 -2492.6116 -2480.2903 -2465.4878 -2450.0874 -2436.103 -2429.1489 -2425.7798 -2417.9072 -2408.3799 -2395.5374 -2389.5203 -2409.019 -2429.9841 -2444.9253 -2456.4106 -2461.5562 -2452.3562 -2430.8777 -2415.0652 -2402.0488 -2394.4407 -2388.0386 -2379.9934 -2371.4233 -2363.2402 -2355.9966 -2348.033 -2340.7878 -2335.2395 -2331.9016 -2330.6855 -2344.3523 -2364.3691 -2380.8511 -2396.0662 -2392.8528 -2388.9365 -2383.8223 -2372.0916 -2347.2617 -2331.5623 -2327.9451 -2316.5168 -2298.5789 -2283.5676 -2269.1387 -2282.1602 -2300.3135
-2492.3418 -2498.4185 -2507.3394 -2518.9155 -2530.0066 -2534.5991 -2537.7854 -2537.6565 -2535.501 -2528.1104 -2519.2944 -2508.5244 -2495.1731 -2479.9045 -2473.4211 -2470.3887 -2450.7207 -2427.2776 -2406.0847 -2396.5957 -2419.9004 -2446.3906 -2470.9958 -2484.2546 -2480.0493 -2463.2656 -2435.5396 -2419.7539 -2409.7932 -2400.0557 -2389.6289 -2377.8071 -2366.563 -2358.3345 -2351.4055 -2350.7976 -2349.3538 -2345.9407 -2343.3484 -2342.4998 -2357.5925 -2379.4551 -2393.6484 -2405.1318 -2385.7517 -2366.9189 -2361.906 -2353.7896 -2338.2207 -2327.8284 -2325.7905 -2323.4358 -2320.7031 -2304.3611 -2282.5925 -2285.8787 -2294.2422
-2521.4836 -2524.5903 -2526.9878 -2542.1956 -2558.7361 -2560.7617 -2557.8933 -2545.2686 -2534.9392 -2533.1582 -2527.5513 -2513.645 -2496.0107 -2474.2539 -2468.207 -2468.5325 -2461.7175 -2452.7451 -2443.2922 -2439.5984 -2457.3137 -2476.0405 -2489.3904 -2492.8911 -2481.7715 -2466.4502 -2446.3865 -2432.8264 -2422.0723 -2408.9912 -2394.3713 -2378.6455 -2363.2283 -2353.6294 -2347.8328 -2349.8752 -2351.5249 -2353.7087 -2355.7639 -2358.8689 -2377.0083 -2402.167 -2405.4209 -2404.0198 -2379.8247 -2357.9819 -2354.731 -2347.9548 -2333.2375 -2321.9844 -2316.0051 -2320.2969 -2332.3228 -2325.4875 -2310.6953 -2312.6553 -2318.0364
-2542.6428 -2541.6179 -2538.6926 -2558.7698 -2582.5706 -2580.9048 -2571.1606 -2546.762 -2529.1501 -2532.5774 -2530.1362 -2515.1519 -2495.5872 -2470.9685 -2466.2429 -2471.0364 -2475.8235 -2480.4563 -2480.6948 -2482.2844 -2493.6914 -2504.0857 -2506.0837 -2499.9626 -2483.0002 -2468.1755 -2455.8284 -2442.8728 -2429.3806 -2413.8894 -2397.5203 -2380.3994 -2364.0164 -2354.9675 -2349.9883 -2355.0051 -2360.5708 -2367.2373 -2372.7546 -2378.283 -2397.4197 -2420.9768 -2414.1958 -2400.1572 -2373.9138 -2350.5889 -2348.5869 -2343.2576 -2329.6848 -2318.002 -2309.7629 -2318.782 -2342.3521 -2344.3262 -2337.5562 -2340.3286 -2345.0962
-2528.2593 -2521.0544 -2522.1335 -2553.4534 -2586.8711 -2576.4746 -2556.2002 -2526.842 -2508.0115 -2516.5532 -2520.3105 -2513.3455 -2505.5496 -2497.7334 -2501.5266 -2510.2825 -2513.7483 -2514.0718 -2511.636 -2509.3845 -2514.3635 -2518.0139 -2515.9883 -2505.6699 -2482.5999 -2466.5403 -2455.4285 -2434.5557 -2409.9827 -2397.0242 -2388.4792 -2385.3408 -2384.1724 -2383.8047 -2385.5791 -2393.207 -2400.5986 -2407.3262 -2411.5007 -2413.3831 -2415.4343 -2416.8596 -2404.1301 -2387.9248 -2367.6853 -2348.9973 -2341.7024 -2335.0852 -2328.6125 -2324.2766 -2323.2063 -2330.8386 -2344.9912 -2350.7664 -2352.7598 -2364.1228 -2376.7771
-2520.8982 -2514.1245 -2523.1226 -2559.8813 -2597.7791 -2580.7148 -2552.957 -2520.4255 -2500.7588 -2510.0264 -2517.7419 -2518.532 -2520.7905 -2524.061 -2529.8398 -2536.8921 -2539.0317 -2537.9736 -2534.0154 -2530.8352 -2532.5601 -2533.1799 -2528.312 -2515.4114 -2490.9224 -2473.938 -2463.2561 -2435.9631 -2401.9124 -2388.22 -2383.2568 -2390.2424 -2398.6953 -2406.605 -2414.449 -2422.8213 -2430.6516 -2438.0352 -2440.1045 -2436.9868 -2425.3789 -2409.6997 -2394.1018 -2379.1133 -2365.4558 -2351.7214 -2340.4182 -2331.2478 -2326.8015 -2326.3628 -2330.9697 -2338.2891 -2348.7871 -2356.3721 -2363.179 -2382.3206 -2401.468
-2531.1462 -2534.9045 -2559.8992 -2593.1311 -2622.708 -2603.7451 -2575.481 -2545.1558 -2525.1692 -2526.2417 -2531.405 -2539.801 -2545.3193 -2548.5898 -2544.7471 -2536.9138 -2537.6584 -2540.1047 -2537.873 -2536.6221 -2545.1145 -2550.4915 -2544.0125 -2533.7073 -2515.9297 -2501.6575 -2489.7405 -2458.0078 -2417.4236 -2396.7722 -2386.2769 -2392.1265 -2401.9888 -2415.1533 -2426.3643 -2431.948 -2438.8279 -2446.6633 -2445.219 -2436.4409 -2418.0225 -2395.6113 -2383.77 -2374.1799 -2370.3906 -2365.3301 -2350.5271 -2336.1729 -2322.7817 -2318.8657 -2326.5137 -2338.4795 -2355.0034 -2361.8186 -2364.105 -2386.9678 -2410.637
-2545.6306 -2561.1206 -2596.2998 -2622.3823 -2642.8936 -2621.6123 -2593.6145 -2565.645 -2545.333 -2541.8271 -2544.4895 -2555.1138 -2561.4133 -2564.1799 -2557.2227 -2547.5391 -2546.9395 -2548.2664 -2543.9143 -2542.5979 -2552.2405 -2558.5994 -2547.9241 -2536.7725 -2524.0244 -2514.3293 -2506.4573 -2474.6995 -2431.8801 -2409.2366 -2396.5234 -2403.8799 -2415.1194 -2426.0901 -2435.1943 -2440.988 -2444.8867 -2446.5432 -2441.2429 -2429.7463 -2412.978 -2393.5605 -2385.5762 -2379.335 -2374.9861 -2369.5718 -2355.468 -2341.2061 -2324.8118 -2319.8289 -2328.5679 -2345.0955 -2368.0918 -2379.2375 -2386.0222 -2406.502 -2426.9304
-2566.7632 -2591.9263 -2630.7859 -2647.1768 -2655.6729 -2633.5801 -2606.8389 -2579.3623 -2559.3149 -2555.5444 -2557.252 -2563.8923 -2566.9685 -2566.6772 -2567.9856 -2570.0801 -2567.3821 -2562.469 -2553.4934 -2547.3472 -2553.9558 -2555.0623 -2536.5891 -2521.6472 -2511.4734 -2509.4199 -2511.5161 -2484.6384 -2445.0984 -2425.74 -2416.2939 -2427.3245 -2439.6482 -2439.0515 -2440.2605 -2448.9648 -2448.5493 -2436.2537 -2425.3208 -2415.7144 -2410.2419 -2406.8687 -2401.7107 -2395.3877 -2378.2937 -2362.3811 -2354.6743 -2346.1211 -2334.9331 -2331.4207 -2339.1638 -2359.3425 -2388.5071 -2411.7571 -2432.3848 -2443.7964 -2451.4126
-2604.4771 -2630.8936 -2659.8931 -2665.1047 -2663.0583 -2643.3218 -2619.8357 -2593.1216 -2572.5825 -2567.9993 -2566.7905 -2569.5437 -2571.428 -2574.5237 -2580.8455 -2588.4155 -2582.0679 -2570.3647 -2557.4497 -2548.2043 -2548.6025 -2544.4543 -2525.4673 -2510.9351 -2501.8684 -2504.2759 -2512.7004 -2496.3562 -2467.658 -2457.7668 -2455.6553 -2462.5684 -2469.0742 -2459.6775 -2454.4468 -2461.9658 -2456.5237 -2433.1802 -2419.8313 -2414.5398 -2416.8782 -2422.6213 -2416.9834 -2408.9041 -2385.4119 -2364.5405 -2362.7683 -2359.9934 -2355.9919 -2354.9568 -2358.178 -2377.2605 -2408.3706 -2436.8018 -2464.5327 -2466.0955 -2462.8325
-2654.9055 -2674.6919 -2685.9434 -2678.4734 -2665.9629 -2650.7305 -2632.5908 -2606.834 -2585.9387 -2579.8552 -2574.9758 -2572.3984 -2575.8391 -2585.5891 -2595.5659 -2604.3125 -2592.1494 -2573.4902 -2558.2925 -2545.5835 -2538.7134 -2529.7627 -2514.4243 -2502.0137 -2494.5823 -2498.4534 -2511.8533 -2508.2654 -2497.2419 -2500.7847 -2508.4536 -2507.0146 -2501.9778 -2485.8992 -2474.7046 -2478.6401 -2467.3972 -2435.6917 -2421.2341 -2421.1072 -2429.106 -2439.6074 -2432.4661 -2420.4395 -2394.8679 -2373.3345 -2376.1018 -2379.6248 -2385.1157 -2386.6377 -2383.6038 -2398.4497 -2426.9141 -2456.6235 -2486.3413 -2478.0493 -2464.282
-2672.1836 -2681.9736 -2685.4109 -2673.6804 -2658.9209 -2643.8296 -2626.8088 -2605.9675 -2590.021 -2584.7346 -2581.6919 -2579.6558 -2581.5325 -2586.0127 -2590.4099 -2593.7542 -2581.7368 -2565.3835 -2553.5532 -2542.6436 -2533.946 -2525.8459 -2517.3062 -2510.1226 -2504.7004 -2507.7239 -2518.175 -2523.0996 -2525.1563 -2532.2549 -2539.374 -2533.1333 -2523.6816 -2513.1252 -2503.5669 -2496.1145 -2476.4441 -2438.4155 -2421.6047 -2422.7427 -2434.0269 -2450.2795 -2447.1021 -2439.1528 -2421.2854 -2405.3794 -2403.4666 -2405.6248 -2418.8503 -2425.6636 -2423.9519 -2432.6655 -2448.4102 -2465.4675 -2482.8474 -2475.3618 -2465.3157
-2677.9199 -2677.167 -2675.8789 -2663.48 -2648.8066 -2631.0415 -2614.8652 -2600.6572 -2590.1331 -2587.4534 -2587.4531 -2588.8652 -2587.3965 -2582.5254 -2578.3606 -2574.7693 -2564.7568 -2553.7515 -2546.4126 -2539.7029 -2531.1775 -2524.1851 -2524.4229 -2523.6216 -2520.8735 -2522.7681 -2527.9866 -2538.8049 -2551.8005 -2559.8943 -2563.0132 -2553.0081 -2542.5334 -2540.7637 -2535.1514 -2515.0061 -2485.396 -2441.1997 -2421 -2422.4192 -2437.4282 -2458.2764 -2461.7783 -2460.281 -2452.9797 -2445.3069 -2436.0452 -2435.0635 -2454.6064 -2466.8384 -2469.9475 -2470.7253 -2470.4258 -2470.575 -2471.0913 -2468.4119 -2465.2988
-2684.0986 -2673.5471 -2662.106 -2647.7864 -2632.4358 -2619.7644 -2607.0874 -2594.7764 -2588.5898 -2597.4812 -2602.9846 -2600.8616 -2589.1606 -2568.7283 -2560.2034 -2557.3171 -2549.5635 -2540.3467 -2531.6155 -2524.1531 -2520.4822 -2519.5027 -2523.8596 -2528.7625 -2533.2197 -2537.543 -2541.7161 -2552.2583 -2566.0115 -2574.2588 -2579.0452 -2573.6414 -2565.6399 -2553.438 -2539.2085 -2520.4016 -2491.3831 -2447.9272 -2423.97 -2417.2456 -2426.5515 -2443.2512 -2449.658 -2453.886 -2448.9204 -2444.3108 -2439.4023 -2443.7664 -2470.3818 -2491.6621 -2504.7385 -2502.6658 -2490.0691 -2480.4302 -2472.7327 -2465.959 -2459.8479
