MapLib/Lvl1_5x5/BG/Ele_BG_FF.asc
ncols         557
nrows         557
xllcorner     2784500
yllcorner     3337669.448
cellsize      1000
nodata_value  -9999.0
[rows 250 to 274 of 557, columns 171 to 227 of 557]
-2853.6589 -2848.6543 -2848.7004 -2851.6116 -2837.2251 -2817.8833 -2820.9736 -2829.1499 -2833.7061 -2835.7063 -2830.4619 -2827.239 -2827.3105 -2827.0969 -2828.7322 -2833.0923 -2838.9216 -2847.0481 -2855.0752 -2857.5623 -2859.436 -2870.2473 -2882.5222 -2897.5781 -2914.0388 -2930.8665 -2931.7542 -2914.8699 -2918.6091 -2933.2041 -2928.1147 -2917.9463 -2932.7026 -2948.5757 -2959.198 -2958.7532 -2930.9861 -2928.3113 -2966.3977 -2986.8967 -2989.0974 -2991.1467 -2993.5195 -2995.4937 -2995.7786 -2983.9731 -2970.2373 -2960.1938 -2955.262 -2961.988 -2968.7029 -2975.7266 -2978.5122 -2977.2156 -2988.0229 -3006.259 -3024.4001
-2857.5322 -2855.2949 -2853.6516 -2851.4937 -2838.9465 -2824.7131 -2822.877 -2825.353 -2831.0674 -2835.5059 -2830.9541 -2828.5698 -2829.2612 -2832.0071 -2835.0088 -2840.1699 -2846.708 -2852.6289 -2857.8816 -2862.05 -2866.4868 -2878.0449 -2890.4272 -2905.9988 -2921.1514 -2936.717 -2935.8916 -2919.0386 -2923.4727 -2939.8984 -2942.5969 -2942.0005 -2942.7874 -2944.1497 -2951.4434 -2954.834 -2949.3376 -2955.4949 -2980.6536 -2991.3809 -2988.7737 -2988.0103 -2987.6602 -2991.3579 -2994.2207 -2986.1721 -2975.9717 -2970.7661 -2968.2651 -2972.0662 -2976.4006 -2981.4104 -2985.481 -2987.8472 -3004.811 -3027.7913 -3045.3896
-2853.9624 -2859.4666 -2854.4868 -2842.8672 -2837.7041 -2833.6873 -2825.9902 -2819.2805 -2820.3743 -2822.3835 -2823.469 -2824.8123 -2827.0383 -2831.6274 -2839.3918 -2843.6541 -2846.0215 -2858.8325 -2875.9822 -2885.9863 -2894.3472 -2901.3 -2908.4417 -2919.5398 -2930.4531 -2939.3064 -2941.3994 -2937.3052 -2940.0972 -2947.2749 -2959.6313 -2973.4983 -2957.8948 -2942.8772 -2941.282 -2948.7393 -2975.1982 -2991.7544 -2990.665 -2986.9983 -2980.4573 -2973.9163 -2967.0076 -2968.281 -2971.1094 -2970.585 -2970.1152 -2970.8811 -2973.4265 -2980.0378 -2988.0366 -2996.4817 -3003.2073 -3007.7087 -3024.8767 -3048.031 -3060.3198
-2857.7488 -2850.1477 -2850.1445 -2853.323 -2854.1399 -2853.1411 -2848.6316 -2843.6563 -2845.6248 -2844.7441 -2825.6267 -2813.916 -2814.8511 -2823.3027 -2839.9187 -2848.7336 -2854 -2867.2458 -2883.5679 -2895.7568 -2907.1147 -2911.3503 -2917.4021 -2930.5081 -2943.6206 -2956.5422 -2963.8396 -2968.1406 -2971.4199 -2973.939 -2966.7542 -2956.759 -2949.6604 -2944.5818 -2948.8394 -2957.0676 -2972.825 -2980.001 -2972.5337 -2967.7661 -2965.4373 -2965.3274 -2966.0405 -2969.9724 -2974.3398 -2975.9734 -2977.6079 -2979.2432 -2983.3176 -2991.3071 -2999.4834 -3007.6528 -3014.115 -3019.0149 -3033.5271 -3053.0745 -3060.7717
-2868.2896 -2843.2981 -2848.0012 -2870.3237 -2875.624 -2872.9836 -2870.9773 -2870.2959 -2875.0098 -2871.876 -2832.3962 -2805.6445 -2805.6445 -2817.8721 -2842.7925 -2857.4583 -2865.8936 -2877.1179 -2889.7129 -2904.4302 -2918.77 -2921.4126 -2927.1138 -2942.7627 -2958.8362 -2977.373 -2989.7292 -2996.321 -2998.0559 -2997.0081 -2968.4543 -2932.5322 -2940.3984 -2951.791 -2963.2378 -2969.3708 -2962.1414 -2955.1909 -2949.9504 -2949.3518 -2952.624 -2961.6702 -2973.2302 -2980.0044 -2985.2363 -2986.8079 -2987.7654 -2989.5154 -2993.5957 -3002.1094 -3010.2317 -3016.635 -3022.2866 -3026.5464 -3037.9995 -3051.9148 -3057.5688
-2904.7703 -2872.0286 -2869.7505 -2885.614 -2881.4019 -2868.3418 -2858.9063 -2851.688 -2851.5806 -2850.5002 -2842.1621 -2836.5225 -2836.7161 -2848.8198 -2872.8232 -2883.5828 -2886.1011 -2899.4998 -2917.0139 -2937.3428 -2957.5815 -2959.8779 -2963.3264 -2967.5796 -2976.7102 -2992.2041 -2995.8059 -2987.8293 -2972.9402 -2955.0198 -2955.0518 -2960.5439 -2974.1167 -2986.0032 -2982.5962 -2977.3455 -2968.3655 -2962.5393 -2961.5955 -2963.9253 -2968.8311 -2975.1458 -2982.6829 -2986.0366 -2987.7478 -2990.1611 -2991.9744 -2995.2449 -3000.3718 -3008.0813 -3015.1506 -3020.7163 -3024.988 -3028.9712 -3037.9275 -3049.8125 -3057.5513
-2940.6504 -2906.2288 -2894.9556 -2898.4915 -2883.0259 -2861.2896 -2846.2922 -2834.1167 -2830.738 -2833.0017 -2857.7773 -2874.0732 -2874.9958 -2885.6741 -2906.6599 -2913.6748 -2911.0691 -2924.1782 -2943.8762 -2968.9106 -2993.5212 -2997.3142 -3000.3779 -2994.8972 -2995.394 -3005.3154 -2998.9019 -2977.6675 -2949.6553 -2918.3218 -2947.0471 -2992.6941 -3007.8037 -3016.2405 -3000.1006 -2985.3093 -2979.9084 -2978.8359 -2980.863 -2984.2686 -2989.1743 -2990.2981 -2990.6592 -2989.8301 -2989.1873 -2992.5601 -2996.3269 -3001.3567 -3007.8279 -3014.407 -3019.9961 -3024.2441 -3027.5383 -3030.8091 -3037.7478 -3046.7292 -3057.2839
-2946.6006 -2929.7014 -2913.4294 -2898.2393 -2881.8176 -2866.4446 -2865.9817 -2870.2236 -2872.9741 -2878.9219 -2896.6482 -2907.9089 -2904.9934 -2914.7822 -2938.0291 -2948.8594 -2951.2437 -2949.5708 -2947.5481 -2965.6033 -2986.4868 -3001.8972 -3014.8921 -3018.1047 -3018.6011 -3015.4983 -3008.4072 -2996.8401 -2985.2874 -2972.864 -2981.2073 -2995.031 -2998.1238 -2999.7749 -2999.0481 -3000.3789 -3005.9683 -3009.3782 -3008.1025 -3005.9006 -3002.2964 -2996.9009 -2990.9985 -2990.9873 -2992.9443 -2999.3301 -3007.3215 -3014.2122 -3021.2056 -3027.1963 -3031.8901 -3033.3442 -3035.106 -3037.186 -3039.4937 -3043.3157 -3055.9883
-2949.7925 -2944.4058 -2928.1558 -2905.1506 -2887.1304 -2874.6775 -2886.6541 -2904.563 -2914.5793 -2924.5498 -2937.0269 -2943.5339 -2937.6333 -2944.761 -2966.3721 -2978.0896 -2982.4421 -2971.2971 -2956.6411 -2969.9368 -2988.699 -3011.2891 -3031.4526 -3039.8984 -3041.4258 -3028.6848 -3019.9307 -3015.9207 -3015.4551 -3017.0718 -3008.9778 -2998.0774 -2993.7788 -2992.1184 -3003.9397 -3017.1934 -3029.0496 -3033.9495 -3028.6331 -3020.2397 -3010.2925 -3002.0742 -2994.4851 -2996.0623 -3000.166 -3008.946 -3017.9114 -3025.7842 -3032.844 -3037.9019 -3041.5723 -3041.8757 -3042.9937 -3044.103 -3045.8789 -3048.3657 -3061.6892
-2947.927 -2937.9724 -2933.9231 -2932.6121 -2912.6765 -2889.8171 -2904.146 -2927.9514 -2945.9902 -2963.0435 -2978.1929 -2985.5461 -2976.9712 -2977.4241 -2989.324 -2991.0894 -2986.5796 -2985.5579 -2986.9463 -3001.5029 -3018.0911 -3038.5498 -3055.2554 -3059.6892 -3059.5264 -3049.458 -3040.634 -3032.3625 -3025.6399 -3020.5769 -3013.9922 -3007.9341 -3009.5161 -3013.0225 -3026.0129 -3037.4546 -3042.0151 -3040.2422 -3029.583 -3018.5256 -3007.241 -3004.4702 -3006.7502 -3011.2983 -3016.8945 -3022.2556 -3028.4709 -3033.6697 -3038.7227 -3042.8076 -3046.6147 -3049.5925 -3051.749 -3053.9146 -3062.7412 -3075.9873 -3087.4673
-2947.0471 -2937.5281 -2941.9231 -2953.7197 -2935.9724 -2911.231 -2925.3547 -2950.4229 -2972.3855 -2992.8923 -3010.8804 -3019.3594 -3011.0396 -3009.4036 -3015.095 -3012.3435 -3004.3162 -3008.7554 -3018.6333 -3033.3069 -3049.3838 -3065.5784 -3078.4116 -3078.5552 -3075.2971 -3065.5413 -3054.1982 -3041.0442 -3031.6079 -3025.6692 -3027.7595 -3031.324 -3032.4138 -3035.0288 -3042.8569 -3049.0596 -3049.001 -3043.9839 -3032.3975 -3021.7056 -3012.988 -3013.3154 -3019.196 -3022.3196 -3025.3198 -3027.1626 -3027.9412 -3029.72 -3033.7954 -3043.5354 -3051.6191 -3055.8062 -3055.5747 -3051.0996 -3066.1592 -3089.0586 -3095.4683
-2947.5999 -2945.4968 -2953.4612 -2966.8162 -2956.9211 -2940.7019 -2952.1172 -2971.4414 -2991.9307 -3012.3328 -3030.3206 -3041.4724 -3038.564 -3039.9998 -3046.0735 -3045.2512 -3041.0847 -3045.48 -3052.6958 -3066.3079 -3080.9104 -3091.9695 -3100.0889 -3094.9485 -3087.104 -3074.9492 -3058.5137 -3038.6497 -3032.4932 -3035.1025 -3052.5337 -3074.7712 -3066.605 -3056.5154 -3052.6472 -3048.9819 -3046.6199 -3042.5996 -3037.3335 -3033.2827 -3031.0422 -3030.8223 -3030.8206 -3027.6128 -3023.4082 -3018.2864 -3013.6328 -3009.9182 -3014.031 -3039.2053 -3056.6086 -3060.7119 -3051.7124 -3031.582 -3049.0684 -3081.7671 -3080.0586
-2961.4478 -2953.8247 -2960.3662 -2975.1887 -2975.4961 -2972.033 -2980.0181 -2992.1753 -3009.5149 -3027.2043 -3044.0039 -3057.3411 -3062.283 -3067.637 -3072.6016 -3073.9407 -3074.2202 -3079.3411 -3086.4873 -3096.353 -3106.04 -3109.1973 -3110.1101 -3101.615 -3094.895 -3090.3328 -3079.136 -3060.7075 -3052.4873 -3049.6155 -3066.7957 -3089.3081 -3080.0183 -3068.2275 -3060.2725 -3053.8472 -3051.1179 -3046.6367 -3039.1936 -3035.0239 -3034.0354 -3039.4099 -3046.9939 -3046.293 -3042.5498 -3035.1506 -3027.2097 -3023.6174 -3027.8911 -3049.5911 -3065.1929 -3067.2751 -3058.6909 -3040.6455 -3047.6384 -3066.0664 -3066.1365
-2985.6367 -2962.7905 -2963.9985 -2979.6182 -2991.9541 -3002.4146 -3006.7295 -3011.9868 -3024.7368 -3038.8623 -3052.9878 -3067.7251 -3082.8325 -3092.0151 -3094.7715 -3098.3494 -3102.5735 -3109.8296 -3118.5671 -3121.8142 -3124.1511 -3117.7092 -3110.5833 -3100.4346 -3098.2708 -3111.4001 -3112.9409 -3102.6931 -3087.4028 -3069.4802 -3072.4978 -3080.53 -3076.1392 -3070.6121 -3066.6309 -3062.9006 -3060.9812 -3054.6223 -3040.0681 -3030.678 -3025.9114 -3041.1531 -3066.3538 -3075.1628 -3077.7961 -3070.4319 -3063.6252 -3065.2681 -3068.2419 -3072.3347 -3074.8628 -3075.4475 -3074.1116 -3071.5334 -3059.9678 -3045.4609 -3054.0862
-2990.8 -2973.4641 -2971.9392 -2980.3613 -2991.0486 -3002.5066 -3013.9326 -3025.3557 -3034.405 -3045.3369 -3060.7212 -3077.3784 -3095.3682 -3104.9873 -3105.2065 -3109.3904 -3116.9268 -3121.3582 -3125.52 -3121.4619 -3117.0366 -3117.6699 -3116.5027 -3107.3901 -3104.9539 -3115.4241 -3122.6807 -3126.9189 -3120.0806 -3106.9729 -3094.2976 -3082.9309 -3076.4001 -3071.0012 -3071.9114 -3071.3218 -3065.2388 -3059.5181 -3054.5806 -3050.6553 -3045.7468 -3060.8098 -3085.9719 -3088.0823 -3083.9275 -3076.4807 -3072.551 -3078.7136 -3082 -3075.219 -3072.2673 -3077.876 -3082.6997 -3086.9568 -3073.2307 -3052.9211 -3059.8198
-2986.8809 -2984.4797 -2981.9375 -2979.6558 -2981.5474 -2987.4202 -3011.0061 -3035.0293 -3041.2285 -3048.0615 -3066.73 -3085.0378 -3103.2798 -3111.3193 -3108 -3112.248 -3121.0569 -3121.1396 -3117.7595 -3107.1028 -3096.9395 -3113.5569 -3125.6086 -3119.3145 -3114.1919 -3112.6907 -3121.6555 -3141.8425 -3149.8081 -3150.4009 -3124.1453 -3090.0623 -3078.8313 -3071.6438 -3077.1863 -3078.8738 -3067.3965 -3064.4348 -3077.2048 -3082.1565 -3078.2849 -3088.2188 -3104.9492 -3093.3186 -3075.5703 -3069.3223 -3068.9954 -3078.812 -3082.4233 -3068.5813 -3064.1614 -3077.4124 -3087.3137 -3093.491 -3086.3379 -3073.8091 -3074.1294
-2986.3208 -2987 -2988.9006 -2990.489 -2991.4458 -2994.4937 -3015.1169 -3037.1299 -3039.3569 -3043.4348 -3065.1309 -3079.4619 -3080.6135 -3081.0393 -3081.1689 -3084.5503 -3091.6536 -3094.0879 -3094.521 -3098.7998 -3104.72 -3124.52 -3139.2231 -3132.6821 -3129.7483 -3132.3794 -3140.6826 -3155.8977 -3159.6084 -3156.6599 -3131.1895 -3099.5308 -3091.8928 -3087.7805 -3092.3977 -3093.4868 -3085.7087 -3084.3628 -3094.7981 -3098.7334 -3096.678 -3103.9736 -3116.3352 -3110.9739 -3101.873 -3096.1914 -3091.9175 -3093.3296 -3090.4036 -3076.6907 -3072.5425 -3085.4321 -3093.6841 -3097.5063 -3090.0029 -3078.2202 -3078.03
-2986.9341 -2987.8633 -2994.2388 -3004.1074 -3006.2644 -3006.7627 -3020.2029 -3035.5222 -3035.4275 -3037.8245 -3060.7183 -3069.8948 -3050.4392 -3042.9548 -3047.3496 -3051.3936 -3055.0557 -3060.5073 -3068.2808 -3091.6646 -3116.7285 -3137.0127 -3151.8669 -3144.6907 -3144.2209 -3155.1914 -3162.5439 -3166.4495 -3161.2756 -3150.9763 -3129.8823 -3106.6787 -3104.3887 -3104.438 -3107.0623 -3108.6147 -3106.6868 -3105.8811 -3107.8181 -3108.6011 -3109.3464 -3114.8923 -3122.7161 -3130.1335 -3135.5847 -3129.6096 -3120.5679 -3109.8533 -3098.8835 -3087.2354 -3083.8384 -3094.5466 -3099.646 -3099.9009 -3090.9058 -3078.2202 -3078.6855
-2994.0249 -2990.188 -2995.3591 -3005.3225 -3005.8125 -3003.4238 -3008.2749 -3015.4463 -3024.2322 -3033.2021 -3044.481 -3048.9697 -3040.0991 -3038.9727 -3045.7585 -3052.394 -3059.8684 -3061.0581 -3061.2148 -3069.5149 -3080.3411 -3096.9246 -3109.2014 -3105.1758 -3106.7473 -3116.8523 -3120.2686 -3116.2991 -3109.0542 -3099.2427 -3083.8953 -3066.98 -3064.6582 -3065.8877 -3079.0381 -3087.9109 -3082.7168 -3078.1375 -3075.4929 -3075.3076 -3077.4294 -3083.53 -3091.7126 -3107.9534 -3123.7214 -3122.999 -3115.7571 -3098.7246 -3083.9265 -3075.6941 -3073.6895 -3081.9021 -3091.4116 -3101.4729 -3097.2898 -3085.8518 -3075.0386
-3000.8542 -2994.0354 -2996.658 -3004.7732 -3005.1213 -3001.7859 -2998.0774 -2997.21 -3015.0774 -3030.7004 -3030.8672 -3031.1758 -3032.6472 -3038.2688 -3047.6736 -3057.3379 -3067.2075 -3065.1636 -3059.0017 -3053.9497 -3049.5149 -3062.835 -3072.6626 -3071.311 -3073.7192 -3082.2869 -3081.7861 -3071.6331 -3063.1426 -3054.7961 -3045.0176 -3034.7473 -3031.5894 -3033.0381 -3054.5688 -3069.7554 -3063.0728 -3055.4736 -3048.6794 -3046.6821 -3050.5432 -3056.8491 -3065.7515 -3086.3049 -3107.6689 -3110.4668 -3104.5835 -3084.885 -3067.325 -3063.4873 -3063.7161 -3068.9324 -3080.3203 -3098.2417 -3098.7764 -3090.7637 -3071.3264
-3004.9146 -3001.3311 -2998.5046 -2997.0352 -3002.468 -3009.135 -3002.5505 -2996.9556 -3017.697 -3037.2729 -3038.7793 -3039.1025 -3038.4714 -3045.8848 -3060.2937 -3069.1521 -3074.9829 -3080.6667 -3085.2012 -3083.7002 -3080.4785 -3087.1106 -3091.7043 -3091.7043 -3091.3799 -3091.9294 -3089.5623 -3085.0618 -3080.7463 -3077.8843 -3070.1655 -3061.7202 -3058.5737 -3057.8076 -3071.3162 -3082.198 -3083.7852 -3081.4966 -3072.8276 -3069.3398 -3070.3838 -3075.3608 -3081.28 -3081.6121 -3079.7251 -3076.2778 -3070.8308 -3061.9541 -3055.7844 -3057.5959 -3059.4146 -3060.0403 -3061.606 -3064.0054 -3069.5432 -3075.7144 -3068.1968
-3010.1702 -3007.083 -3000.865 -2994.2083 -3002.501 -3015.4321 -3009.7131 -3003.3616 -3020.7236 -3037.6494 -3041.4626 -3044.0776 -3044.3132 -3052.655 -3069.4924 -3077.9448 -3080.0818 -3090.584 -3103.7354 -3105.4001 -3105.678 -3106.8809 -3107.7759 -3107.7759 -3106.075 -3101.0571 -3098.198 -3097.8447 -3097.5515 -3097.5515 -3093.0935 -3087.73 -3083.4731 -3081.2119 -3087.6287 -3094.3889 -3101.0012 -3101.7634 -3093.5488 -3088.9956 -3088.6709 -3090.2747 -3092.9912 -3080.8208 -3065.7852 -3058.8354 -3054.4619 -3051.5344 -3051.3438 -3055.3657 -3057.7292 -3056.1011 -3052.0952 -3044.9316 -3053.2 -3068.0786 -3072.2039
-3015.0083 -3008.262 -3005.6284 -3005.7197 -3010.6587 -3018.0674 -3024.0935 -3027.998 -3024.3506 -3021.5569 -3032.5664 -3042.125 -3048.9998 -3058.3247 -3070.5459 -3075.9209 -3077.8523 -3087.9927 -3101.9446 -3108.752 -3114.4731 -3114.396 -3114.3169 -3114.3169 -3113.2278 -3110.0076 -3109.3127 -3111.0645 -3110.7043 -3110.6335 -3109.4734 -3108.9883 -3104.0825 -3100.928 -3101.645 -3104.1309 -3107.6968 -3108.5569 -3105.7063 -3103.6169 -3101.9238 -3098.2893 -3093.9956 -3090.2161 -3087.55 -3085.4316 -3082.1692 -3072.9202 -3065.1594 -3063.3687 -3063.3345 -3065.8906 -3065.9814 -3063.9592 -3068.8955 -3078.3152 -3092.9314
-3020.0542 -3013.4563 -3014.0288 -3018.7595 -3021.9668 -3024.7039 -3035.6687 -3045.1606 -3033.033 -3023.2527 -3034.6714 -3045.8528 -3055.9338 -3064.1064 -3070.051 -3075.8918 -3082.1575 -3091.8765 -3103.4663 -3112.103 -3119.9741 -3118.5276 -3117.2856 -3117.9512 -3117.8381 -3116.2268 -3116.8647 -3120.0889 -3121.0354 -3120.1433 -3121.2515 -3122.4072 -3119.3745 -3116.2056 -3115.7385 -3116.303 -3117.6743 -3119.3052 -3119.759 -3119.8315 -3118.6338 -3113.3279 -3105.4302 -3106.1724 -3108.2625 -3104.8372 -3098.1321 -3087.6384 -3078.8652 -3076.4749 -3077.7419 -3083.8159 -3086.8601 -3087.8496 -3091.1804 -3097.4683 -3113.9851
-3024.0447 -3022.7771 -3027.2268 -3035.1768 -3037.4971 -3037.9678 -3044.7534 -3050.8528 -3048.541 -3046.3582 -3051.1836 -3057.5415 -3066.781 -3070.2881 -3067.7898 -3077.9854 -3095.1406 -3104.3145 -3110.5916 -3114.948 -3118.9651 -3116.989 -3115.2432 -3117.582 -3119.1982 -3119.4204 -3121.3743 -3124.8101 -3125.9412 -3125.0491 -3125.2952 -3126.054 -3126.6257 -3127.0166 -3129.689 -3131.8579 -3132.1475 -3132.9727 -3135.769 -3137.9761 -3140.1833 -3137.1467 -3131.9431 -3130.1499 -3127.6284 -3112.7446 -3098.6367 -3094.7644 -3094.301 -3097.407 -3103.0972 -3112.6926 -3117.2949 -3117.2949 -3121.3872 -3128.281 -3136.959
