MapLib/Lvl1_5x5/BG/Ele_BG_AC.asc
ncols         557
nrows         557
xllcorner     1113500
yllcorner     6122669.448
cellsize      1000
nodata_value  -9999.0
[rows 145 to 173 of 557, columns 65 to 129 of 557]
-124.273 -121.0844 -118.5222 -115.2517 -111.9832 -109.4299 -107.4989 -105.2946 -103.6594 -102.0241 -100.3889 -99.7536 -98.1184 -96.4831 -94.9238 -94.4196 -94.4196 -94.4196 -94.4196 -95.5326 -95.6294 -94.9904 -93.3952 -91.7433 -89.3503 -85.3495 -82.8573 -79.5986 -77.5301 -75.0347 -70.261 -68.2556 -73.2717 -74.3583 -72.4462 -68.4733 -64.1149 -60.8444 -57.7015 -55.3545 -53.1213 -49.9722 -47.7017 -44.4312 -42.3705 -41.0434 -51.308 -74.5804 -89.7069 -100.6517 -104.4405 -106.4188 -98.6753 -88.723 -75.8221 -63.5035 -50.0865 -40.0596 -34.8994 -30.1927 -24.9589 -20.565 -16.7722 -13.128 -9.5406
-125.9083 -122.5502 -118.5222 -115.2517 -111.9906 -110.2555 -107.7201 -106.0848 -104.4496 -102.9712 -102.0241 -101.3889 -99.7536 -98.7325 -97.6901 -97.6901 -97.6901 -97.6901 -98.4532 -99.2284 -100.5352 -101.2187 -99.9362 -97.4436 -95.6657 -93.5257 -89.4228 -86.1397 -83.24 -80.7366 -76.4015 -74.2689 -73.937 -72.3581 -69.964 -65.7963 -61.6346 -59.1863 -56.5468 -54.7566 -53.1213 -49.9722 -47.5756 -43.5861 -41.0899 -40.2014 -48.806 -67.2501 -81.4996 -92.9464 -98.9272 -102.93 -95.8012 -88.0411 -75.8221 -64.4919 -54.272 -46.3462 -41.4405 -37.4832 -34.9028 -29.0431 -20.5192 -13.9627 -7.9053
-128.5042 -124.6995 -120.6083 -116.6927 -113.9512 -111.6713 -109.2004 -107.0896 -105.1458 -104.3911 -103.5734 -102.7629 -101.4803 -100.7536 -99.9607 -99.4817 -99.4803 -100.4803 -100.9496 -101.76 -103 -103.8088 -102.6316 -100.3992 -98.3136 -96.3398 -92.5573 -88.2791 -85.1413 -82.2577 -79.4675 -76.197 -73.7231 -70.656 -67.3855 -63.7499 -60.3248 -58.0271 -56.3919 -54.7566 -53.1213 -50.7196 -48.182 -45.2883 -43.2229 -42.4959 -49.3212 -62.6164 -75.2635 -86.2504 -92.292 -97.1978 -92.3128 -86.1462 -75.4849 -65.7507 -57.246 -49.6403 -43.9491 -39.2064 -35.6701 -28.4287 -19.4026 -12.3556 -6.33
-133.3559 -129.1275 -125.0999 -121.5552 -118.2123 -114.9418 -111.6713 -109.2102 -107.0783 -105.9299 -105.0207 -103.6594 -102.9191 -102.1156 -102.1156 -102.0003 -101.1156 -102.0309 -102.1156 -102.5916 -102.9799 -102.8844 -101.4404 -98.8051 -96.4553 -93.4942 -89.9275 -86.6438 -83.2577 -79.9872 -77.3583 -74.5617 -71.2912 -68.4526 -65.758 -63.2976 -61.3638 -59.0303 -57.3919 -55.7566 -54.1213 -51.5423 -49.1156 -48.4218 -48.2312 -48.3953 -52.6821 -61.8774 -70.5723 -80.1601 -85.0001 -88.2706 -86.1515 -83.0997 -75.0232 -66.9625 -57.9018 -48.9691 -39.9686 -31.8651 -24.5513 -17.3775 -10.2361 -6.8463 -4.774
-137.4482 -133.2686 -129.7747 -125.6602 -122.2266 -118.2123 -114.9418 -111.6713 -109.538 -107.5651 -105.9299 -104.5438 -103.6822 -103 -103 -102.0028 -102 -102.0667 -102.2492 -101.845 -101.4551 -100.6419 -99.0543 -96.419 -94.0692 -90.7987 -87.5282 -84.2577 -80.5461 -77.3855 -74.9722 -72.9265 -69.656 -67.2439 -64.8825 -62.5468 -60.9115 -58.3034 -56.641 -54.823 -52.6197 -50.4705 -48.4983 -48.4983 -48.8134 -50.2904 -53.4145 -58.8049 -66.5215 -74.7273 -79.2099 -83.131 -81.9966 -79.9504 -73.2169 -66.2117 -58.7862 -50.2721 -40.7792 -32.9729 -25.879 -19.0207 5 -8.1462 -5.408
-140.8354 -137.911 -133.8408 -130.41 -126.1395 -122.869 -119.0405 -115.3279 -111.6713 -109.0147 -106.5651 -105.21 -104 -103.5539 -103 -102.0028 -102 -100.8966 -100.6139 -99.6139 -99.0543 -97.419 -95.7838 -93.1485 -90.7987 -87.5282 -84.2577 -81.3733 -78.0041 -74.7901 -73.0878 -70.9674 -68.8173 -66.1821 -63.907 -61.9115 -59.532 -57.641 -55.0058 -52.2765 -49.8098 -47.7139 -45.5563 -45.2278 -46.0672 -49.1099 -52.1139 -54.753 -60.6452 -69.8215 -74.9215 -79.8272 -79.4202 -78.066 -71.5249 -64.6202 -58.829 -52.1335 -45.3268 -39.6789 -36.9883 -30.2214 -21.7153 1 -8.4744
-145.1273 -142.859 -139.6076 -136.3371 -132.0664 -128.1301 -123.5196 -119.3185 -115.9514 -112.6713 -109.4008 -107.1187 -105.0408 -104.2946 -103.638 -103 -102 -100.7323 -100 -98.4617 -97.6316 -95.1699 -93.0692 -89.8977 -87.5282 -84.2652 -81.9726 -78.7299 -75.7231 -73.216 -71.4627 -69.6594 -67.1864 -65.1242 -62.9115 -61.2763 -58.6552 -56.0537 -53.7754 -50.7514 -48.2213 -45.4538 -42.9573 -42.9573 -43.7966 -47.0672 -49.6622 -52.6295 -57.8215 -65.3284 -71.6559 -77.4445 -77.9786 -77.4366 -71.7211 -66.4127 -59.9135 -54.3093 -48.1029 -44.1254 -40.8413 -34.9048 -26.7468 -18.584 -11.6683
-149.684 -147.8662 -145.9772 -142.8781 -138.5982 -133.6924 -129.1301 -124.2243 -120.3185 -116.4765 -112.6713 -109.5575 -107.5051 -105.2733 -103.8757 -103.0018 -102 -100.7323 -99.4071 -97.8051 -95.9964 -93.5346 -90.4553 -87.5282 -84.2577 -81.7639 -78.7167 -76.3158 -74.2556 -72.5243 -70.6367 -68.7327 -66.2733 -64.2846 -61.9329 -59.8365 -57.8898 -55.3883 -53.3919 -50.5132 -46.6658 -43.3156 -40.3434 -40.3434 -40.9072 -43.14 -46.4105 -50.3377 -55.5296 -60.8181 -68.1069 -75.1527 -76.3434 -76.1594 -73.4555 -69.4156 -62.4575 -55.7331 -50.7168 -45.811 -41.2486 -35.0486 -28.2394 -21.355 -14.8568
-154.4072 -152.772 -150.9211 -148.0181 -143.8474 -139.1298 -134.5259 -130.1301 -125.2243 -120.5042 -116.9941 -112.9632 -109.4656 -107.5651 -105.8242 -104.2938 -102.6594 -101.8104 -100.1253 -97.9235 -95.3611 -92.0906 -88.6905 -85.2577 -81.9872 -78.8188 -76.7231 -75.0878 -73.5272 -72.1092 -70.4739 -68.8387 -67.4359 -65.4282 -62.8854 -60.5895 -58.4233 -56.035 -53.5062 -50.2698 -46.2427 -41.1664 -37.2236 -35.111 -32.1732 -30.0104 -31.7517 -39.0618 -44.839 -50.1668 -57.8886 -66.2893 -67.897 -69.4437 -68.8325 -66.0869 -57.576 -50.4765 -47.8812 -43.5857 -38.4945 -33.051 -28.3946 -21.5522 -13.9535
-159.313 -157.6777 -155.3036 -152.0787 -148.7619 -144.8215 -140.2011 -135.963 -130.1301 -125.41 -121.3185 -116.9418 -112.6713 -109.4538 -107.2032 -105.0026 -103.9539 -102.6789 -101.0312 -97.9235 -94.4921 -90.4553 -86.7408 -82.9143 -79.6438 -76.3988 -75.074 -73.4526 -72.0729 -72.008 -70.4739 -68.9882 -68.1886 -66.5367 -63.86 -61.5736 -59.5895 -56.9814 -53.7837 -50.2698 -45.4281 -39.9818 -34.498 -28.9225 -23.2543 -15.4222 -16.7467 -26.512 -33.3922 -37.3709 -45.6831 -54.7187 -57.9756 -60.5643 -62.0803 -60.8033 -50.1078 -43.637 -43.2687 -40.3039 -33.8835 -29.9677 -28.1563 -20.6251 -11.6984
-164.2188 -161.9175 -159.0625 -156.3765 -152.6683 -149.3978 -145.1273 -140.9416 -135.0358 -130.0256 -124.6619 -120.2123 -115.9418 -112.6713 -109.2004 -107.5651 -104.9299 -103.7323 -101.7018 -98.4859 -95.2153 -91.49 -87.4246 -83.7621 -79.5709 -76.3004 -74.0149 -72.3797 -71.1821 -70.4376 -70 -69 -68.2034 -67.3792 -65.4953 -63.1576 -60.5146 -58.5895 -56.3461 -52.638 -48.9829 -44.1454 -39.3235 -36.1218 -33.5873 -30.5448 -28.3238 -27.0436 -25.2544 -21.4955 -27.4075 -35.5838 -39.2549 -42.2248 -46.7926 -47.6485 -35.6152 -28.3762 -28.9386 -26.6264 -21.7496 -19.9675 -19.2519 -14.291 -8.6256
-168.5636 -165.2711 -162.8659 -159.647 -156.3765 -153.1059 -149.8354 -145.6497 -140.1047 -133.8382 -128.2737 -123.5903 -119.139 -114.9958 -111.6713 -109.398 -107.0577 -104.9299 -102.3916 -99.7506 -96.7114 -92.6179 -88.8656 -84.2367 -80.2516 -76.6957 -74.4102 -72.775 -71.1397 -69.5044 -70.3953 -70.2339 -69.2378 -67.9634 -67.1305 -64.9317 -62.0577 -60.4224 -58.6669 -55.759 -52.638 -47.9551 -44.2461 -43.2402 -42.732 -44.1976 -39.3663 -28.9195 -18.4334 -8.4242 -11.9706 -19.3588 -22.0139 -23.9333 -31.8131 -34.6791 -23.6884 -16.8424 -17.5729 -15.7162 -11.4463 -11 -11.8543 -9.2185 -6.0728
-172.6508 -168.4585 -165.3115 -162.9175 -159.647 -156.3765 -152.2731 -148.0874 -143.0145 -137.7869 -132.2029 -127.2972 -123.2396 -119.0909 -115.2433 -112.6709 -109.5065 -107.175 -104.779 -101.7564 -98.4859 -95.0802 -90.8706 -87.4412 -83.2844 -80.2575 -77.6932 -76.0455 -74.4102 -73.5169 -73.2276 -72.8059 -71.8692 -71.2339 -69.5987 -67.9634 -65.3282 -63.6929 -61.1231 -58.2197 -55.8074 -51.638 -48.2253 -45.8814 -44.8329 -45.7871 -40.7435 -30.8258 -20.1014 -8.7608 -12.1561 -20.1876 -14.2442 -9.44 -20.6135 -30.3101 -32.2143 -31.5215 -27.1622 -20.7474 -12.942 -11 -11.8543 -10.4286 -8.437
-176.2823 -171.729 -168.1126 -164.7198 -161.4493 -158.1788 -154.2913 -150.2094 -145.6064 -140.9111 -136.0053 -131.0995 -126.2366 -122.4829 -118.7442 -115.4737 -112.4993 -109.5432 -106.6621 -103.3916 -100.1211 -96.8506 -93.3439 -89.7777 -86.8872 -84.2367 -81.4901 -79.316 -77.6807 -76.9363 -76.1884 -75.8608 -75.0445 -74.0363 -72.401 -70.3922 -68.1305 -65.9778 -63.86 -60.9814 -58.5895 -54.4403 -51.2397 -49.1519 -47.2717 -45.9451 -41.5491 -32.6678 -22.2114 -10.2327 -12.2995 -18.5848 -8.5196 5.5407 -14.248 -28.0662 -38.2165 -41.6645 -35.6633 -27.121 -16.9957 -13.2382 -13.327 -11.9786 -9.8752
-178.8017 -174.8032 -170.6526 -166.3551 -163.0836 -159.1327 -155.5146 -151.3491 -147.0025 -142.5463 -137.7254 -133.7348 -129.0144 -124.9984 -121.4829 -118.2123 -114.9418 -111.6713 -108.4008 -105.1303 -102.7564 -99.4859 -95.8172 -92.0482 -89.4184 -86.8208 -84.2352 -82.5865 -80.9512 -80.2068 -79.1524 -78.1901 -77.3068 -75.775 -74.1397 -72.4318 -70.4631 -68.1333 -65.95 -62.72 -60.2373 -57.0756 -54.0422 -51.5346 -48.7003 -45.8901 -41.2392 -33.8016 -24.4778 -14.6927 -12.0317 -11.614 -6.89 -3.4539 -18.9528 -31.8981 -37.1622 -40.9334 -40.375 -35.8725 -27.1781 -21.1371 -17.6167 -14.1771 -10.6256
-182.0722 -177.1935 -172.522 -167.9904 -163.9787 -160.4493 -156.367 -152.2323 -148.2312 -143.5801 -139.4904 -135.3701 -131.4643 -127.2852 -124.0147 -120.7442 -117.4737 -114.2032 -110.9327 -107.6621 -104.3916 -101.1211 -98.5893 -95.3188 -92.0482 -89.2974 -87.4923 -85.857 -84.2218 -82.8193 -81.9512 -80.5773 -78.9421 -78.3068 -75.9329 -74.1141 -72.401 -69.7929 -67.3919 -64.5132 -61.2427 -58.7108 -55.7017 -53.0106 -49.741 -45.8496 -40.5006 -33.7192 -24.7585 -14.364 -10.4319 -7.5284 -6.3671 -5.805 -18.9024 -29.4895 -31.8833 -35.9492 -42.8434 -42.6452 -36.467 -29.8172 -22.8683 -16.2854 -9.2404
-184.1676 -179.063 -174.1572 -169.6256 -165.3516 -161.3071 -157.1602 -153.1696 -148.5545 -144.4429 -139.8441 -136.2582 -133.1337 -129.2944 -126.0239 -122.7534 -119.4829 -116.9385 -113.9418 -110.2974 -107.0269 -104.0588 -100.8598 -97.5893 -94.7661 -92.2672 -90.3889 -88.7536 -87.1184 -85.8162 -84.2218 -82.5865 -81.45 -79.5102 -77.3068 -75.6716 -73.6987 -71.0373 -68.0111 -65.0395 -62.5712 -59.6679 -57.0198 -53.4312 -49.741 -45.4818 -39.5491 -31.8772 -21.168 -8.4837 -5.9647 -6.5762 -6.1876 -6.9052 -13.5359 -18.7901 -19.4093 -25.9398 -40.7358 -46.7608 -44.1809 -37.7744 -29.2787 -17.4653 -5.2988
-187.1448 -181.7065 -176.7925 -171.8867 -166.981 -162.7198 -158.1694 -153.2636 -149.3487 -144.6361 -140.5372 -137.0876 -133.8171 -130.5532 -127.2852 -124.0147 -121.3709 -118.4737 -115.2032 -111.9327 -108.6621 -106.2004 -103.1211 -99.8513 -97.2973 -94.6686 -93.0243 -91.3889 -89.7536 -87.2275 -85.4831 -83.8478 -82.2053 -80.5681 -77.9415 -76.2976 -74.3187 -71.0542 -68.3919 -65.5132 -63.1213 -59.9722 -56.7017 -53.4312 -49.741 -45.8352 -39.5554 -31.3819 -20.3147 -6.236 -4.2312 -5.8665 -6.5063 -7.5596 -14.8958 -20.4663 -21.107 -27.4759 -41.8383 -48.9485 -49.0092 -42.9323 -34.7639 -21.6262 2
-190.0728 -184.2967 -179.0722 -173.522 -168.6162 -163.9397 -159.1602 -154.8442 -149.9931 -145.4429 -141.0662 -137.3816 -134.4615 -131.4494 -128.5093 -125.65 -122.3795 -119.6371 -116.8384 -113.5679 -110.2974 -107.8357 -104.7564 -102.1585 -99.6758 -97.7136 -95.3091 -93.2688 -91.3889 -88.8628 -87.1184 -84.8387 -82.9202 -80.9343 -78.8658 -76.2976 -73.6624 -71.0542 -68.3919 -65.5132 -63.1213 -59.9722 -56.7017 -53.4312 -49.741 -45.8706 -40.4389 -33.0172 -20.9981 -6.6364 -4.2312 -5.8665 -7 -8.9985 -20.9176 -31.0634 -32.5538 -36.7052 -44.7647 -49.5598 -51.0206 -47.3348 -40.5161 -27.3532 -12.4784
-193.6859 -187.4992 -182.3427 -176.4369 -171.5312 -166.4451 -161.4399 -156.5342 -151.6284 -146.6707 -141.5372 -138.2152 -135.0968 -132.3497 -129.5557 -126.2852 -123.0147 -120.4645 -117.4466 -114.2032 -111.7015 -108.6621 -106.2361 -104.1211 -101.5651 -99.5801 -97.2946 -95.0391 -93.0241 -90.498 -88.2275 -86.0732 -83.6296 -81.2571 -78.8658 -76.2976 -73.3248 -70.755 -67.7837 -65.3016 -62.2427 -59.3424 -56.7017 -53.4312 -49.8584 -46.1545 -41.2392 -33.9779 -23.8628 -11.1251 -10.9902 -14.9331 -16.8796 -19.4378 -30.9835 -40.3792 -42.3985 -44.2429 -48.6036 -50.9629 -51 -47.2816 -41.3031 -29.7309 -16.4297
-197.3849 -191.4153 -185.6132 -179.7074 -174.7931 -168.9261 -163.734 -158.1694 -153.2636 -147.4271 -142.4521 -139.0413 -135.9008 -133.4615 -130.6072 -127.9205 -124.65 -121.3795 -118.1857 -115.416 -112.5827 -110.1224 -107.4709 -105.7564 -103.2004 -101.2153 -98.9299 -96.6743 -94.6594 -92.1333 -89.8628 -86.8249 -84.3895 -81.5681 -78.8658 -75.655 -72.7187 -70.0542 -67.4252 -64.5339 -62.1317 -58.9722 -56.7017 -53.4312 -50.1606 -46.8855 -42.1542 -35.3154 -26.1541 -16.7144 -19.7112 -27.6747 -30.7789 -33.9311 -42.2465 -48.9822 -50.5747 -51.3104 -52.1432 -51.962 -50.4659 -46.2089 -40.4495 -30.9794 -20.4448
-203.3273 -197.2361 -190.695 -184.8725 -179.613 -173.3619 -167.6568 -161.4397 -155.8987 -150.4412 -144.7181 -141.188 -137.4587 -135.0968 -132.1882 -129.5557 -126.2852 -123.0147 -119.7442 -117.4737 -114.8314 -111.9327 -109.4121 -107.4353 -104.9927 -102.8506 -100.5651 -98.3096 -96.0391 -93.6594 -91.0241 -88.3889 -85.957 -83.1184 -80.416 -77.5319 -74.875 -71.6044 -68.3339 -66.0634 -62.7929 -60.2549 -57.2519 -53.9814 -51.7108 -48.4403 -45.2391 -41.4035 -36.4368 -30.6736 -32.6223 -37.3638 -39.7545 -42.2236 -47.8649 -52.5079 -53.5502 -53.5502 -53.5502 -52.6017 -50.4162 -46.1238 -40.4371 -31.0627 -20.6256
-209.8683 -203.3273 -196.7863 -190.2452 -184.7042 -178.1632 -171.4367 -164.8957 -159.1692 -152.9649 -147.9081 -143.4585 -139.2625 -136.8668 -133.9418 -131.191 -128.6211 -125.65 -122.3795 -119.2944 -116.8706 -114.4122 -111.7414 -109.2769 -106.7564 -104.4859 -102.2004 -99.9448 -96.9299 -94.4038 -92.6594 -90.0241 -87.5923 -84.7536 -82.0637 -79.5383 -76.5728 -73.2447 -69.9692 -66.6987 -64.1439 -61.1576 -58.8871 -55.6166 -53.3461 -50.3058 -48.6233 -47.9204 -46.4102 -45.0709 -44.9302 -45.5564 -47.8727 -49.6449 -52.7722 -55 -55.0428 -55.322 -54.5594 -52.8756 -50.7552 -46.3499 -40.808 -31.7099 -21.5529
-216.4093 -209.8683 -203.9337 -197.607 -191.2375 -183.8835 -176.9335 -169.8014 -163.2604 -157.0511 -151.3255 -146.729 -142.4585 -139.3183 -136.9175 -133.647 -130.5557 -128.1059 -124.8354 -121.7442 -118.6472 -116.2032 -113.833 -111.6621 -108.9781 -106.4082 -103.8479 -101.5801 -98.5651 -96.0391 -94.2946 -91.6594 -89.2275 -86.3889 -83.7536 -81.416 -79.0267 -75.7005 -71.6044 -68.3339 -65.0634 -62.394 -60.5224 -57.8957 -55.3258 -52.7108 -50.8207 -49.8207 -49.6485 -49.6414 -50.4622 -50.4622 -51.5521 -52.803 -53.9592 -55 -55.0077 -55.0577 -53.7429 -52.0607 -50.4162 -47.5226 -43.959 -37.4162 -30.5499
-223.4064 -217.4093 -210.8683 -204.9531 -197.7769 -189.6006 -182.4243 -175.1632 -167.8667 -161.6252 -155.4585 -150.9993 -146.185 -142.5831 -139.188 -135.9175 -132.9911 -130.3765 -127.1059 -124.3795 -121.5649 -118.7344 -115.7704 -113.3336 -110.8716 -108.4026 -105.935 -103.2153 -100.5398 -97.6743 -95.9299 -93.2946 -90.8628 -88.0241 -86.3218 -83.4333 -80.7807 -77.0666 -73.4529 -69.9692 -66.6987 -63.9421 -61.7697 -59.6716 -57.352 -54.401 -52.7658 -51.7636 -52.4167 -53.7277 -53.9119 -54.3833 -54.456 -55.3935 -55 -55 -55 -54.322 -52.6867 -51.5675 -50.4162 -48.8808 -47.6017 -43.6665 -39.0504
-230.5341 -224.9504 -218.4093 -211.4942 -204.3187 -196.8187 -188.9653 -181.6207 -174.113 -167.5309 -160.9899 -155.9051 -150.9164 -146.754 -142.4585 -139.188 -135.9175 -133.5557 -130.3676 -127.1059 -124.7442 -121.5475 -118.2944 -115.9399 -113.4027 -110.8008 -108.1211 -105.5056 -102.6034 -100.2104 -97.5651 -94.9299 -92.498 -89.6594 -87.018 -84.5953 -81.3248 -78.0542 -74.7837 -71.292 -67.3339 -65.0634 -62.9285 -60.5027 -58.6716 -56.9864 -55.1195 -54.1825 -55.0555 -55.6872 -56.0912 -56.0912 -56.0912 -56.0912 -56.0208 -55.5925 -54.9572 -53.9381 -52.6867 -51.0515 -50.4162 -49.781 -48.2236 -46.6929 -45.0241
-237.5008 -232.2179 -225.1401 -218.307 -210.8683 -203.6826 -195.5063 -187.3301 -180.1538 -173.1632 -166.6222 -160.8109 -154.9301 -150.8008 -146.4555 -142.4605 -139.188 -135.9175 -132.894 -130.3765 -127.1059 -124.0566 -121.5649 -118.3737 -116.0239 -113.0269 -110.472 -107.4859 -105.0117 -101.9448 -99.5447 -96.5651 -94.1333 -90.9809 -88.5923 -85.3218 -82.0512 -78.7807 -75.5102 -72.2397 -68.9692 -66.6987 -63.81 -61.9421 -59.5803 -58.6716 -57.0363 -56.7265 -56.7265 -57.3224 -57 -57 -57 -57 -56.2278 -55.5925 -54.9572 -53.322 -52.6867 -51.7406 -50.4162 -49.2136 -48.3794 -48.1396 -47.6597
-245.2341 -239.3942 -232.8531 -225.7116 -218.4034 -210.3522 -202.0474 -193.8711 -186.0461 -178.637 -171.8014 -165.7166 -159.8109 -154.9051 -150.7685 -146.73 -142.4585 -139.188 -135.9175 -133.2852 -130.3765 -127.1059 -124.8354 -121.6442 -119.2944 -116.0239 -112.7534 -109.8788 -106.9431 -104.5104 -101.3096 -98.0391 -95.5651 -92.498 -89.2704 -86.5953 -83.3248 -80.0542 -76.7837 -73.5132 -70.2427 -67.6619 -65.1586 -62.7149 -60.9421 -59.3617 -58.6716 -58.3617 -58.3617 -58.3617 -58.2781 -58 -57.1802 -56.863 -56 -55 -54.611 -54 -53 -52.0515 -50.205 -47.7017 -45.784 -45.6383 -45.7321
-253.1115 -247.5704 -241.0294 -233.4884 -225.938 -217.7628 -209.3063 -200.4121 -192.2358 -185.0596 -177.7042 -171.1646 -165.6224 -159.8109 -154.9062 -150.9966 -146.726 -143.4555 -140.185 -136.9145 -133.647 -130.3765 -128.1059 -124.8357 -121.5679 -118.2974 -115.0269 -111.7564 -109.4836 -106.2153 -102.9448 -100.6713 -97.4032 -94.1333 -90.8628 -87.5923 -84.3218 -81.0512 -78.387 -75.5072 -72.2367 -68.9692 -66.6987 -64.2126 -62.5773 -61.9392 -60.9949 -59.997 -59.997 -59.4028 -58.9993 -58.1331 -57.9985 -56.9996 -56.2271 -55 -54 -54 -53 -52.0515 -49.4175 -46.5649 -42.4452 -39.0388 -36.3999
