MapLib/Lvl1_5x5/BG/Ele_BG_FB.asc
ncols         557
nrows         557
xllcorner     556500
yllcorner     3337669.448
cellsize      1000
nodata_value  -9999.0
[rows 504 to 531 of 557, columns 0 to 62 of 557]
199.0001 210.8939 217.4864 210.2894 213.1234 216.8451 213.2762 217.9933 213.9309 212.8216 214.2084 213.7403 215.8293 214.9771 210.1347 210.0479 213.5642 212.0798 211.0483 216.4847 208.9634 210.82 209.9524 205.0866 209.269 209.9608 211.6565 210.9939 216.3401 212.8566 219.4945 210.3755 216.4413 212.5953 214.9459 222.0179 215.9462 211.3722 214.5446 211.9594 214.2527 235.3204 220.2011 213.3145 217.5228 217.405 207.0804 212.6957 213.5176 214.9329 214.9059 224.4689 214.6716 220.9275 207.8474 203.8955 214.8809 230.9932 231.285 238.6294 206.4611 218.8922 215.5019
210.4122 211.284 212.0444 216.2238 214.5783 214.9344 213.308 210.1992 221.2636 210.5763 215.437 211.3698 217.5455 216.6413 213.6269 208.253 213.8436 216.4637 216.3338 213.0702 207.2747 214.4945 216.8689 214.8466 211.2963 215.8744 216.683 215.0541 213.603 216.5514 214.6906 211.6308 215.0554 221.1457 218.5419 227.5683 216.4769 210.8415 209.8929 211.1969 213.4552 224.1468 216.6514 219.9456 215.6095 216.8961 206.3733 215.0783 215.1957 211.6763 216.0004 215.0114 233.526 221.8389 208.0802 208.5954 207.2174 235.7751 217.8255 222.9006 212.1002 219.7685 219.44
208.7766 210.1405 216.6033 213.9388 209.5321 214.6772 212.8865 215.7649 207.5676 212.0581 212.7646 216.8837 212.3671 217.0585 222.7909 212.6289 217.2136 216.0964 216.7107 218.3639 212.6681 211.3233 216.546 212.0126 215.4747 231.5672 221.2492 210.9677 209.4042 214.856 210.4127 220.0026 216.8185 219.2272 223.3967 217.4814 214.4773 214.3998 206.4735 204.2828 219.7897 212.5851 223.3263 222.5219 214.4535 211.4422 214.7658 222.8372 212.0279 205.0028 217.6563 224.5917 238.1504 218.0791 210.5143 215.4697 223.0353 219.2437 217.3242 216.5907 232.272 232.4138 238.5421
203.7376 211.5551 208.808 207.0778 215.6505 206.5025 214.5694 212.2307 224.0939 215.0338 213.8362 220.5622 218.7489 216.8778 218.9048 212.0397 218.2125 224.719 217.7296 215.4941 221.8435 218.423 219.5398 213.9387 216.1738 216.1459 216.4036 223.9081 212.847 219.9248 212.4469 213.4691 215.8233 218.5033 217.659 219.8469 224.6817 209.3359 217.5961 217.7561 213.6203 221.1535 214.6403 216.2843 213.2131 209.2761 218.7142 224.0331 209.6669 220.0707 214.8067 217.1401 216.5091 225.6049 227.5446 217.9242 214.4853 223.5927 214.7676 221.2545 214.6701 211.3186 228.5038
216.8718 214.299 206.5551 219.8526 214.8756 208.881 217.0847 222.1093 219.8248 212.7155 217.8377 203.73 215.3709 216.659 218.8039 216.1874 220.9841 218.4965 220.8745 216.195 218.4245 220.8842 218.8679 212.1631 219.28 211.9358 216.4681 216.3842 216.9056 219.8716 214.1014 218.9665 223.1749 231.3519 219.6096 216.3907 211.8524 215.5847 212.2383 216.8118 210.7397 220.5893 217.1859 215.4897 213.9529 213.2057 218.2967 225.1058 221.7398 217.7728 212.2856 219.7907 217.707 219.8038 227.1256 222.7524 216.9839 218.9647 219.4005 215.1766 220.2036 220.926 217.1289
218.8052 209.3957 205.506 236.1889 213.205 213.344 211.7126 222.8781 216.4544 227.3259 212.6393 223.3243 219.4967 220.8409 218.7107 216.6203 222.3292 215.4188 225.284 227.2498 218.1535 219.885 216.6641 214.4177 219.0611 214.8372 218.2728 219.0145 220.5552 216.4549 219.6372 218.1193 220.1021 225.75 221.211 214.3003 217.8711 216.3582 213.7643 215.8871 212.4718 224.7671 220.3193 217.2994 212.1194 210.0435 208.6697 210.4303 210.6308 219.3482 216.5708 217.1646 222.6528 223.4565 222.7471 234.015 224.1674 227.2882 219.4564 222.2648 220.9401 224.3652 217.269
208.0345 212.3275 206.8682 212.2982 218.5769 213.69 211.1902 213.6112 216.2802 214.1242 218.6924 216.2551 217.653 221.327 218.8305 217.242 227.8052 221.5331 227.0187 219.7433 222.5448 215.0791 219.6022 215.8381 220.791 219.5151 215.9931 220.4118 220.434 214.7762 218.2348 220.5789 225.1151 225.9898 221.349 223.435 216.1405 215.9898 220.3559 214.7373 216.2155 209.7109 215.1904 217.0595 215.0781 214.0259 214.5007 211.881 224.0116 230.5961 215.6059 214.7503 221.8324 218.7963 231.5462 243.0793 242.8385 221.7249 213.6852 215.4985 216.662 215.7582 217.5612
210.1098 208.0278 206.8024 213.2716 213.2548 211.9919 214.4336 211.8086 211.8859 217.5277 220.414 217.1171 211.5678 214.5118 217.165 225.3235 215.8636 221.1575 224.5673 218.2961 218.799 218.8274 223.0412 213.261 214.9808 221.3572 216.3274 217.7669 218.5037 219.5374 219.8084 220.7469 225.09 227.6313 220.6924 218.521 210.1548 214.8269 220.5419 215.7387 213.0283 210.0442 216.5498 217.436 214.5749 215.1452 209.9339 218.3465 214.3233 214.7312 224.735 218.3376 219.4667 224.4307 253.4155 245.2697 225.4597 217.3353 211.6254 209.1694 214.2758 217.0395 219.8865
213.9916 204.0233 206.0463 212.8933 214.6556 208.5741 211.3799 217.4081 214.5051 210.3258 220.2042 215.1152 216.542 219.667 216.9041 217.4462 218.8924 217.6061 215.1475 214.1415 215.2662 213.1708 224.1659 223.9182 217.8821 211.1694 216.1341 214.8142 221.9808 220.2867 220.3267 222.4774 224.1829 225.043 218.1291 214.0468 213.5495 213.2593 212.3736 215.3094 214.4392 211.5811 216.2333 212.7416 219.5018 210.0364 208.1158 230.3551 228.0103 217.3556 224.6599 213.5862 216.8241 217.3177 236.3244 222.9073 222.1736 214.1456 219.1221 220.9599 247.9617 214.5409 216.2935
211.8729 210.3284 207.4083 212.3094 210.8222 216.7751 213.2314 221.8578 211.1086 214.5426 213.6384 211.7821 217.2575 217.8967 217.5194 214.9436 215.8447 216.685 216.9883 212.228 220.3969 217.2513 222.4598 221.2323 219.9838 222.5384 217.8084 216.2209 215.8076 218.2129 219.2963 227.562 222.285 220.203 219.4188 217.7467 218.2941 215.0479 221.5788 216.0477 215.9572 216.9784 214.2142 215.0069 212.8915 215.6754 222.4945 222.3604 225.6422 216.7953 220.3716 218.8793 217.1202 219.0395 228.9126 232.891 225.1001 230.7056 214.7272 226.764 218.3931 220.1732 222.0179
209.9394 217.7692 213.8239 217.1886 210.5761 218.8324 217.7618 218.6413 208.2539 232.3117 215.3298 224.2998 217.1242 211.3562 213.317 220.2233 215.4055 216.4967 217.0876 215.0834 219.2766 222.679 219.9971 215.2509 221.1725 219.1625 222.4447 219.3717 217.8719 220.206 222.6745 226.3705 217.5765 223.9282 221.6921 234.1815 214.0297 218.8731 224.7724 215.7767 214.3801 219.0237 219.4672 211.5873 209.7446 217.0451 219.5096 214.7523 233.8962 220.0104 211.3198 213.059 221.1951 223.6673 220.2089 219.643 220.9674 220.9397 225.4421 222.2508 216.1305 216.7108 235.2536
215.6038 210.9657 212.482 211.9139 210.6806 212.8745 216.6154 217.2062 234.5224 225.1756 222.9612 216.939 215.1544 230.0713 221.8533 221.7195 224.0314 220.2808 221.914 222.0827 217.5624 213.9052 217.1342 221.3222 229.1668 220.907 224.8619 219.0743 226.1611 219.0675 230.6773 228.7369 229.4357 220.664 219.6954 220.525 214.1976 220.8143 215.4732 217.3055 215.9746 214.1619 216.2138 213.3896 214.086 216.247 214.2967 214.4494 215.4956 219.1508 215.0358 216.0663 227.4373 224.1535 220.7856 222.3132 216.5452 222.2358 224.9044 215.229 223.3936 219.8493 234.7699
218.7345 214.9123 215.0777 214.9342 213.884 214.3063 209.8148 217.5663 229.2917 216.6471 216.7669 214.8519 223.717 218.3227 215.0176 218.0448 216.1813 221.4614 218.6077 228.2504 214.0394 220.3438 215.4529 220.426 224.8162 220.452 221.4846 222.1882 220.7243 224.0155 220.6247 229.8884 221.0373 220.5888 218.5749 210.6428 215.8187 214.1811 224.0818 218.6789 214.5529 220.8215 226.4227 215.6983 210.9806 217.8206 210.0133 218.219 218.7649 211.7178 225.3434 215.0608 211.2296 213.9921 215.7422 218.3639 217.4805 215.9454 226.864 222.2753 214.7189 227.7673 225.9573
214.879 214.9472 213.8127 212.2237 214.0707 214.8099 219.4581 214.1927 210.0478 213.8767 213.3698 214.2341 216.044 218.7259 229.0983 224.9276 218.1819 212.3065 215.3825 212.3391 220.6658 222.7889 224.6498 223.6597 222.1885 223.8647 219.9913 222.9771 223.7146 222.8695 225.8642 221.4247 223.9266 230.7178 222.4277 221.2515 216.5247 214.519 219.8514 228.4448 218.689 200.9316 211.5895 208.3407 209.0075 213.131 220.8555 216.3901 220.7064 216.9417 222.9556 218.9592 208.635 214.1048 217.0192 213.0923 226.8682 236.8825 221.2193 222.9544 226.7954 219.0193 223.8671
215.8377 219.6635 210.3563 213.4182 213.5444 216.4697 215.4888 219.2447 221.5978 215.7778 216.9247 225.7502 216.0618 221.3326 217.0898 217.6365 217.246 214.7091 217.0636 215.4624 220.2354 225.2857 221.2592 220.0128 223.8603 222.5073 222.5792 222.8837 222.5599 222.1629 225.5014 226.1604 225.9185 217.3723 224.8287 220.6134 221.7847 222.086 214.5375 212.4038 220.4097 214.6544 211.6632 211.3724 219.3781 212.4983 217.3538 211.9832 215.1323 218.1897 215.6167 221.886 215.9542 226.6884 213.7709 215.3242 226.2539 225.636 228.8004 219.1792 229.6423 227.8539 224.4513
219.7147 220.1271 214.9353 216.1075 218.4614 217.4062 218.5282 219.3737 224.4324 222.0724 218.1921 219.6594 221.2585 227.1514 222.1698 217.94 231.2996 223.2492 220.2441 220.3124 218.1278 218.7785 225.1435 222.2475 231.2652 222.1068 218.5072 221.104 225.0992 228.5591 236.7245 223.2316 226.3591 222.3461 224.5072 221.2899 218.4324 222.1021 216.9359 212.7819 215.7915 214.752 212.5677 217.0739 222.0801 212.4456 215.1831 214.9194 221.9845 214.1839 213.9907 223.9077 213.7999 221.3201 216.835 212.8939 221.902 232.4725 231.5749 226.1622 227.24 226.4716 218.2335
208.7399 215.2536 215.7018 222.7893 218.8701 220.1222 221.3342 212.9763 218.589 228.0704 220.5922 219.6158 219.5427 224.929 218.561 218.4943 220.1662 221.1169 221.653 218.7653 217.8013 218.8578 223.3773 226.3868 232.2526 223.8348 221.375 225.0077 228.094 233.3093 224.0582 230.239 222.2328 225.852 220.0229 220.8522 220.6816 216.9746 217.9067 222.5913 223.3779 218.0926 211.7049 226.2372 217.1663 218.9543 227.5865 223.5206 215.9342 217.326 215.3882 215.193 233.5891 229.713 229.9676 220.1124 220.5764 232.0529 235.9381 224.1951 223.7515 223.2968 217.4313
213.2539 213.4501 219.3475 218.0692 211.6402 221.5326 217.617 216.3534 215.3189 220.0627 217.4234 217.812 220.4469 213.7181 218.8379 218.955 218.3989 220.9918 221.8933 222.5898 220.2323 224.6796 233.6513 221.1509 223.7477 217.5932 221.187 222.5544 220.3699 224.1713 231.1829 222.2637 230.758 221.2738 222.0123 221.6026 213.5689 219.2759 217.1974 217.789 223.1806 215.7687 212.0774 218.3226 224.5839 215.101 216.9652 211.8738 224.4379 225.6091 220.8521 218.8338 227.5647 234.174 240.4557 228.1557 226.0617 234.0454 235.9945 229.3964 232.4854 227.8809 221.2316
222.4535 214.3094 214.4476 221.3114 217.6711 220.6346 218.9065 215.0284 221.2911 217.1622 214.0795 220.5992 214.8065 220.2294 219.4306 229.9304 215.8131 216.4145 223.1846 223.1975 223.0136 229.54 230.7253 233.3796 226.0604 227.1603 222.1517 225.6967 225.9084 231.9336 232.3897 222.0588 227.7612 220.8523 220.3123 223.876 218.1701 219.2682 216.6828 218.8965 220.8714 218.5397 221 218.9567 226.1593 239.1257 223.7433 216.0338 216.1062 221.8976 220.6941 220.4823 230.8331 229.5007 229.3678 223.4031 240.0355 241.877 249.6843 254.359 231.6104 246.5768 219.9259
218.3448 225.3872 219.9357 216.288 223.0653 226.5058 225.1838 222.7994 224.8842 222.2185 222.3861 221.6278 222.5899 218.9874 217.1282 219.5036 223.0473 218.4648 228.126 220.5658 219.8925 219.2255 223.2012 228.0025 228.1237 230.6124 221.6136 228.1962 224.0384 227.202 221.9779 225.0882 229.4077 231.1001 224.1513 222.5007 217.1229 232.4027 218.6084 228.0768 217.4548 211.1984 216.7437 227.0384 232.6243 230.2592 220.3155 213.7056 223.8429 222.6945 213.293 222.8292 223.5476 223.54 233.2177 225.3532 223.9593 218.1007 250.4202 241.0204 220.3565 235.8122 220.1282
217.254 219.5869 218.0172 221.0216 216.4911 221.0191 222.9785 224.3651 225.6956 227.4495 219.5894 225.4675 224.3176 222.4873 224.4797 218.5448 229.5258 228.6484 223.9049 218.4824 219.2905 222.2009 220.7915 232.7103 220.8156 219.0235 218.5359 225.2248 223.528 221.7999 220.0157 228.4719 226.4962 224.0506 225.4116 216.7659 220.0568 224.3982 241.3308 208.9424 224.3669 217.9051 220.0244 231.8109 215.5242 252.7101 247.5244 236.3397 234.5138 222.3121 218.6967 219.7549 219.5607 218.7027 222.0116 227.9509 237.4125 229.7313 226.4865 225.4101 221.9916 235.5012 226.6767
220.575 213.2655 219.0384 215.5734 219.753 224.9662 217.1154 223.0983 217.2363 230.3676 224.06 218.2948 223.7042 223.2092 218.7323 222.5305 223.4239 219.9085 220.8729 217.7034 221.9651 228.6017 232.4864 233.173 221.8489 220.8082 220.912 221.3646 223.3634 225.9653 231.7757 225.7738 223.2036 222.3249 220.2156 222.5958 219.1262 219.3903 218.2675 218.5435 214.4252 219.5743 220.8369 259.437 242.1369 253.7304 219.8246 224.0401 239.9399 234.7632 216.1937 228.3212 224.7484 214.8709 217.6301 241.484 222.7343 224.9788 238.4603 230.4066 234.5347 261.7018 235.9104
219.0602 217.7584 224.0474 220.1837 233.6127 219.8388 220.5966 224.7246 220.4366 224.2196 219.341 217.0428 223.764 225.7027 224.9046 223.9949 226.474 224.5212 224.5913 218.0803 226.6515 227.8005 218.9389 228.2578 224.6062 225.9943 220.5392 227.1875 226.7831 224.5918 226.9779 228.3653 226.8136 224.4892 224.2271 228.2431 220.6369 218.2461 223.5526 212.349 214.9946 228.5742 224.2586 217.2232 224.5273 248.1867 218.9917 254.3239 244.5722 217.9081 237.6907 257.5036 212.7508 234.7523 293.4441 245.6533 217.6435 237.8968 273.928 227.3768 229.4476 241.7622 233.789
220.0244 215.0196 218.7736 226.1252 230.0149 218.3882 221.3962 224.3241 217.7137 219.1201 221.5951 229.3653 227.2255 219.6154 219.5293 220.4621 223.112 219.1565 224.857 218.2162 221.8425 224.9286 220.4307 223.8309 221.9924 222.6108 228.7993 230.2658 225.7255 224.1468 224.7726 226.1631 222.8887 230.2859 217.3483 219.486 221.5378 227.9625 215.3079 215.5096 220.4729 225.3446 220.749 219.7959 221.6872 230.0827 219.4799 223.0716 226.5325 209.9137 220.2713 245.0008 236.4846 231.5189 238.1763 230.964 234.4093 225.345 231.5196 249.4386 236.9491 232.8942 241.6751
232.3487 222.3058 227.9651 230.6369 231.7234 222.22 224.4869 230.4015 226.4998 230.0164 235.0702 226.6671 215.1092 230.2164 225.0583 225.4482 223.4045 222.6528 223.1781 224.5255 225.8899 223.4987 219.3922 226.5323 226.6214 226.484 220.9071 230.0827 222.41 238.09 232.0234 229.505 235.4182 219.131 219.3444 219.3452 220.594 225.0606 220.3002 220.1206 230.5266 224.8553 216.1257 217.2965 235.4134 228.1873 239.9676 251.2332 218.2815 237.3005 239.866 221.7111 238.8751 226.1505 217.4342 271.6731 251.3457 231.6908 249.3595 230.0358 227.1995 234.1504 247.3316
217.7239 219.9032 225.3694 228.5603 233.5974 219.0937 218.6087 224.9441 222.8695 233.3515 234.1138 238.2022 230.6946 225.2139 229.9464 223.8192 229.551 225.6628 224.8909 221.6115 226.1078 226.4502 231.4539 228.0704 224.2636 226.5975 225.2416 226.8017 225.5326 229.5838 224.349 230.2966 234.0517 249.3856 228.7229 231.8773 230.6195 241.3333 256.9845 265.6712 220.1954 235.6441 243.8065 267.8889 231.1466 232.0507 247.5223 221.5714 221.8001 262.8864 240.3638 236.3461 243.6617 228.4475 246.2361 259.7372 226.0983 250.9051 258.5171 246.6681 223.6628 271.2376 248.4875
220.8606 223.6738 220.6311 222.161 227.6146 223.1467 221.1618 223.6564 222.9017 227.8086 227.9442 215.9894 241.5202 226.5877 232.7253 226.4918 227.4727 222.0253 223.0855 230.2789 226.9738 227.0032 229.8451 228.2365 224.5205 224.339 228.0468 224.5184 227.9152 224.2987 220.3438 228.2271 224.1472 221.5393 225.1396 224.7653 237.1793 242.4827 226.3785 233.3139 233.5428 268.9218 241.5176 238.955 214.0887 258.7429 221.0183 221.7129 242.3338 220.9877 229.4021 241.6528 228.216 244.4644 250.243 227.9227 241.4403 230.9326 237.158 245.6322 235.9252 267.2389 233.7937
224.6949 221.0302 223.7159 220.1715 235.7369 225.7418 223.4282 225.218 223.734 220.7743 223.8716 223.7262 232.9998 232.413 242.5536 224.6945 227.7821 223.0352 228.9764 229.7361 222.4931 223.0832 227.5991 228.3116 224.9019 223.4192 231.7965 225.2321 221.9652 226.9261 223.2762 226.7892 221.8429 224.1738 223.5166 225.0213 224.1174 240.0393 225.4141 238.4559 245.3432 225.7705 231.2398 242.1745 226.3218 281.6859 217.2268 231.0262 277.7274 232.9503 271.1265 248.8642 231.6902 259.7348 247.8719 225.3585 256.5872 225.6602 276.7459 278.7752 219.7695 230.4103 240.8113
