MapLib/Lvl1_5x5/BG/Ele_BG_AC.asc
ncols         557
nrows         557
xllcorner     1113500
yllcorner     6122669.448
cellsize      1000
nodata_value  -9999.0
[rows 174 to 202 of 557, columns 65 to 129 of 557]
-260.7561 -255.7467 -249.2057 -242.2905 -234.1083 -225.0686 -216.0265 -207.0068 -198.7769 -190.7863 -183.4243 -176.872 -170.6224 -164.9899 -159.8109 -155.9023 -151.2319 -147.192 -143.4585 -140.188 -136.9175 -133.647 -130.5397 -127.5238 -124.8354 -121.5649 -118.2944 -115.0239 -111.7534 -108.8105 -105.9127 -102.9418 -99.9643 -96.7686 -93.498 -90.2275 -86.957 -83.6865 -80.416 -77.1455 -73.875 -71.4257 -68.4831 -66.5594 -64.9992 -63.6121 -62.8281 -61.6323 -61.0248 -60.6323 -59.915 -59.0844 -58.315 -57.863 -56.716 -55.5925 -54.9572 -53.5713 -52.6867 -51.0515 -49.0471 -44.5721 -38.3183 -28.4624 -17.6707
-268.9324 -263.6555 -257.1145 -249.8251 -241.0136 -231.6743 -222.1979 -213.2493 -204.4999 -196.6563 -188.6978 -181.9777 -175.7712 -170.6224 -164.9841 -160.8088 -155.9051 -151.1954 -147.0676 -143.4585 -140.188 -136.9175 -133.647 -130.3765 -127.1059 -123.8354 -120.5649 -117.0269 -113.7564 -110.7242 -108.2153 -105.2123 -101.9418 -99.4038 -96.4008 -93.1303 -89.8598 -86.5893 -83.0512 -79.7807 -76.5102 -73.3772 -71.0091 -68.5408 -66.8478 -65.2675 -64.5773 -63.448 -62.5638 -61.6716 -60.7688 -59.3653 -59 -58.2309 -57.2278 -55.5925 -54.7012 -53.322 -51.4192 -49.784 -48.4162 -44.1824 -38.3074 -28.148 -17.1058
-276.6859 -271.0993 -263.8912 -256.3662 -247.5546 -237.7431 -227.9588 -218.2173 -209.4057 -200.9655 -193.6036 -187.2953 -181.425 -175.7749 -170.6224 -165.7166 -159.9081 -155.0023 -150.9995 -147.1459 -143.4585 -140.188 -136.9175 -133.5754 -129.4737 -126.7902 -122.9327 -119.5649 -116.2944 -113.1105 -110.3255 -107.5801 -105.0287 -101.9418 -99.6713 -96.4008 -93.1303 -88.9815 -85.5893 -82.099 -78.1455 -75.8277 -72.7536 -71.0421 -68.4831 -67.756 -66.2126 -65.8711 -64.9382 -63.3068 -61.6716 -60.1205 -59.4498 -58.863 -57.2278 -55.5925 -53.9614 -52.4192 -50.4039 -49.005 -47.5134 -45.4434 -42.0969 -35.1157 -27.5948
-282.7406 -276.1438 -268.3816 -260.004 -250.4866 -241.2081 -231.3965 -222.0078 -213.0277 -205.1476 -197.7923 -191.4967 -185.7594 -180.4339 -175.5282 -169.6252 -164.7166 -159.8109 -154.9051 -150.9995 -147.1737 -143.4585 -139.9491 -135.9175 -132.647 -128.8384 -125.5679 -121.8354 -118.5649 -115.2944 -112.7689 -110.3022 -107.4829 -105.2123 -101.9418 -98.6713 -95.4008 -91.6069 -88.0408 -84.0512 -80.7807 -77.7867 -75.32 -72.8696 -71.1184 -69.4831 -67.8478 -67.2126 -65.5773 -64.7247 -63.3068 -61.6716 -60.2681 -58.863 -57.6432 -56.4042 -54.4953 -52.86 -51.2248 -49.5895 -47.4162 -45.1417 -42.2914 -36.7672 -30.4431
-287.5652 -279.8284 -271.6521 -262.411 -253.2901 -243.4786 -233.8985 -224.6822 -215.9661 -208.4305 -201.2108 -194.8989 -189.0722 -184.7672 -180.0874 -174.3572 -168.4491 -163.5433 -158.6376 -154.7318 -150.6828 -146.5889 -142.3816 -138.9492 -134.9175 -131.4737 -128.2032 -124.9327 -121.6621 -118.546 -115.2944 -113.1573 -110.7181 -108.4829 -105.2123 -101.2395 -97.6713 -94.2322 -90.0249 -86.4853 -82.437 -80.1455 -77.0241 -75.3889 -72.7536 -71.1184 -70.0537 -68.6746 -67.0393 -66.07 -64.7688 -63.8499 -61.238 -58.6534 -58.015 -57.3486 -54.784 -53.1487 -51.8267 -49.9297 -47.7603 -44.5619 -41.9977 -36.4465 -30.6256
-290.8453 -283.0989 -274.9226 -265.3722 -255.7521 -245.9406 -236.129 -227.0574 -218.0564 -210.0658 -203.5247 -196.9837 -191.5342 -186.6284 -181.7226 -176.8168 -170.9111 -166.0053 -161.8297 -157.1938 -153.1298 -149.0361 -144.8355 -141.4585 -137.6103 -133.9175 -130.647 -127.3765 -124.1059 -121.7263 -118.5649 -116.2944 -113.8205 -111.7534 -108.4829 -104.51 -100.9418 -96.6984 -92.4758 -88.3218 -84.883 -81.7807 -78.6594 -76.3899 -74.3889 -72.7536 -71.1184 -69.4831 -67.8478 -65.9222 -63.9602 -62.325 -58.3795 -55.3829 -54.7585 -54.0889 -53.1487 -51.5134 -49.6849 -47.4442 -46.2711 -43.7534 -40.4829 -35.6291 -30.6256
-293.1019 -285.9256 -277.7493 -268.8247 -258.378 -247.5758 -238.3205 -228.5089 -219.2478 -211.2572 -204.3519 -198.1752 -192.7256 -187.8198 -182.9141 -178.0083 -173.1025 -168.6406 -163.7348 -159.3673 -155.0968 -151.3764 -147.8025 -143.729 -140.4585 -136.5496 -132.9175 -129.992 -127.3765 -124.6014 -121.8354 -119.1927 -117.091 -114.5801 -111.3096 -107.6484 -103.5808 -99.5101 -94.6194 -90.8216 -86.7404 -83.416 -80.2946 -77.875 -75.5803 -73.9451 -72.3098 -70.6746 -68.0786 -65.6288 -62.65 -59.8614 -55.1634 -50.6686 -51.0113 -51.1487 -50.5562 -49.5011 -47.0687 -45.0515 -43.9724 -41.6743 -38.4038 -34.0875 -30.1264
-294.6951 -286.5609 -278.3262 -269.381 -258.9341 -248.0811 -237.2983 -227.5022 -218.6183 -210.2426 -203.6372 -197.1322 -191.6466 -186.7982 -182.276 -178.0083 -173.7641 -169.5436 -165.3701 -161.4643 -157.5722 -153.4766 -150.191 -146.8475 -142.729 -139.4309 -136.1868 -132.9175 -130.5679 -127.3678 -124.5904 -121.984 -119.4859 -116.2944 -113.0239 -109.6979 -106.0929 -102.1354 -97.3027 -93.3681 -89.3314 -85.5373 -81.9299 -79.5102 -76.6594 -75.0241 -73.3343 -71.3748 -68.0817 -64.761 -60.209 -55.174 -50.218 -45.0368 -47.6572 -49.9209 -49.8816 -49 -47.7115 -45.182 -42.7534 -39.4655 -36.1333 -31.9031 -27.3426
-295.5062 -287.4818 -278.5667 -268.9339 -258.2266 -247.4874 -236.3262 -226.7098 -216.9831 -209.3572 -201.4155 -195.9171 -190.0766 -186.0275 -181.5617 -178.0063 -174.1025 -170.4645 -166.936 -163.0995 -159.3673 -155.8657 -152.5406 -149.2701 -145.4891 -141.9148 -138.7399 -136.188 -132.9175 -129.9015 -127.0379 -124.3916 -121.6901 -118.8506 -115.5801 -112.1089 -108.0391 -103.7957 -99.778 -95.768 -91.0784 -87.5397 -84.1729 -81.1455 -78.7092 -76.6594 -74.3339 -72.1564 -68.8041 -64.6378 -59.0751 -53.153 -47.3515 -42.274 -46.3167 -49 -48.9695 -48.2857 -47.0619 -44.6743 -40.4038 -37.0707 -34.1873 -30.881 -26.9294
-294.9627 -287.3782 -278.0472 -268.381 -257.5846 -246.1378 -234.691 -224.1594 -215.1907 -206.8428 -199.4831 -193.6355 -188.4675 -184.4703 -180.9265 -177.0073 -173.735 -170.5581 -167.5436 -164.2731 -161.0025 -157.732 -154.4615 -151.191 -147.9205 -144.65 -141.3795 -138.3258 -135.188 -131.9175 -129.2974 -126.4814 -123.7564 -120.4859 -117.2153 -113.9448 -109.6743 -105.771 -101.7377 -97.8628 -94.0208 -90.6713 -87.4008 -84.1303 -81.2795 -79.2589 -76.7677 -73.6987 -70.4282 -66.77 -62.0055 -57.4026 -51.8931 -47.1378 -48.2014 -48.5925 -47.6077 -45.7354 -42.8781 -39.7227 -35.1999 -34.3774 -35.2477 -35.0487 -34.0802
-294.6581 -286.4954 -277.5667 -267.7646 -256.9341 -245.4874 -233.7649 -223.4254 -213.7057 -205.2696 -197.9077 -192.6314 -187.727 -183.5507 -180.276 -177.0055 -173.735 -170.7323 -168.194 -165.9083 -162.8087 -160.3521 -157.0816 -153.8111 -150.5406 -147.2701 -143.9995 -140.7384 -137.4737 -134.2032 -130.9327 -128.6621 -125.3916 -122.1211 -118.8506 -115.5801 -111.3096 -108.0391 -104.1545 -100.4829 -97.2123 -93.9418 -90.6713 -87.4008 -85.1215 -82.8454 -79.5893 -77.3036 -74.0331 -70.7626 -66.4885 -62.353 -57.4493 -52.8044 -51.9545 -50.1608 -47.9 -44.644 -41.3735 -38.0886 -33.8236 -34.4196 -37.6782 -39.4518 -39.3437
-294.3285 -286.3782 -276.8474 -267.381 -255.9283 -244.267 -233.3205 -223.5089 -213.6974 -205.2572 -198.7162 -192.6314 -186.8171 -183.5466 -180.276 -177.0055 -173.735 -171.4645 -169.097 -166.7481 -164.4466 -162.504 -159.3521 -156.4615 -153.6341 -150.5406 -146.6592 -142.6149 -139.1089 -135.8384 -132.5679 -129.2974 -126.0269 -122.7564 -119.4859 -116.9177 -114.1542 -110.6911 -107.0239 -103.9968 -101.4829 -98.2123 -95.0343 -93.0758 -90.2811 -87.7504 -85.1701 -82.2094 -78.9388 -75.6683 -72.31 -68.2101 -63.9751 -60.2064 -57.2292 -55.0452 -51.791 -49.3046 -46.428 -43.5833 -39.4709 -39.7826 -41.7145 -41.9366 -41.1208
-293.9135 -285.4818 -276.5667 -266.381 -254.9341 -243.3227 -232.5299 -221.9983 -212.4421 -204.2098 -197.4609 -191.781 -186.4936 -182.5466 -179.276 -177.0028 -173.8965 -171.9876 -170.1218 -167.7171 -165.8265 -164.1912 -161.1119 -157.8617 -155.3584 -152.3004 -148.2964 -145.0147 -140.7442 -137.4737 -134.2032 -130.9327 -127.4587 -124.2466 -121.1211 -118.3736 -115.411 -112.3096 -109.1943 -106.7686 -104.3767 -101.3587 -99.2123 -96.7263 -94.6713 -92.4008 -89.3065 -86.9429 -83.8446 -80.5741 -77.3036 -73.8118 -69.7626 -66.492 -63.2215 -59.951 -56.6805 -53.41 -50.9641 -48.5753 -45.3431 -44.4547 -44.2553 -42.3854 -40.1468
-294.6581 -285.3895 -275.6761 -265.4904 -254.0435 -241.9521 -229.9007 -218.7278 -210.4064 -203.181 -195.0945 -189.7408 -185.8171 -181.8994 -178.7078 -177.0028 -175.2581 -172.7323 -170.9982 -168.873 -166.5625 -164.1912 -161.1119 -158.7407 -155.5709 -152.3004 -149.0299 -146.3118 -143.2701 -139.2062 -135.8384 -132.4242 -128.3197 -125.0741 -122.7564 -119.4859 -116.2523 -113.0542 -111.2825 -108.4038 -105.2294 -104.2673 -102.4829 -99.9968 -97.9418 -95.7202 -93.3669 -91.0565 -88.7154 -85.4799 -82.0034 -77.9534 -74.6683 -71.3978 -68.1273 -64.8568 -61.5863 -58.3158 -55.0795 -51.8841 -49.5042 -47.5621 -46.0204 -41.5849 -36.9692
-295.9619 -286.904 -277.0925 -267.1035 -255.9859 -244.2334 -232.0112 -221.5721 -213.6122 -205.7467 -197.9987 -192.9511 -188.3946 -184.3974 -181.2156 -179.0559 -177.4192 -175.5162 -173.1487 -170.9752 -168.2701 -165.8176 -163.1637 -160.409 -157.6226 -154.3521 -151.5487 -148.8111 -145.5406 -142.2701 -138.9995 -135.17 -131.4585 -128.188 -125.4433 -122.1728 -118.9023 -116.6047 -114.6496 -112.0908 -109.2823 -107.5378 -105.9025 -103.8954 -101.632 -99.4937 -97.3615 -94.7263 -92.1303 -88.8598 -86.1151 -82.8446 -79.5741 -76.3036 -73.0331 -69.7626 -65.9459 -62.2215 -58.7863 -55.1546 -52.3583 -48.9726 -44.8422 -38.2068 -31.1868
-298.3508 -289.5393 -279.7278 -269.7032 -259.2658 -248.9134 -237.9649 -228.1534 -219.2694 -211.7406 -205.1995 -199.2023 -193.3004 -189.3032 -185.7594 -183.3254 -180.7489 -178.7867 -176.4192 -173.784 -170.9752 -168.5134 -165.8067 -163.1637 -159.8931 -157.6226 -154.5108 -152.0816 -149.1866 -146.5406 -142.4312 -138.9995 -135.729 -132.5281 -129.3491 -126.6678 -124.0913 -121.3765 -118.2039 -116.2399 -114.6047 -111.8866 -109.3101 -107.5378 -105.4829 -103.2673 -100.9418 -97.9968 -95.4008 -92.7263 -89.8598 -87.4557 -84.3188 -81.0482 -77.9021 -74.6027 -70.3909 -66.2882 -62.3824 -58.4252 -55.0606 -49.2849 -42.7439 -33.6345 -24.8752
-299.5627 -291.2571 -282.1594 -273.2716 -263.3326 -253.5211 -243.7096 -233.898 -224.9949 -217.4427 -210.2479 -204.5643 -198.9297 -194.2089 -189.8688 -187.3924 -184.3278 -182.0572 -179.6897 -177.0545 -174.2457 -171.784 -168.7047 -166.4342 -163.7327 -161.1717 -158.6196 -155.8461 -153.0816 -149.8111 -146.5406 -143.0664 -139.7959 -136.6133 -133.4585 -130.7473 -127.9175 -125.4217 -122.2967 -120.3493 -118.7141 -115.9742 -113.4132 -110.98 -108.7534 -106.494 -103.9656 -101.0081 -98.64 -95.5222 -93.1303 -90.0362 -87.5893 -84.3188 -81.2055 -77.8984 -73.7021 -69.5587 -65.106 -61.6957 -57.5099 -52.5129 -45.9719 -38.0445 -29.6534
-300.8603 -293.4229 -284.7372 -275.9925 -266.8109 -257.7933 -248.6153 -239.719 -230.9743 -222.9837 -215.6217 -209.667 -204.4126 -199.1147 -194.5709 -191.3004 -188.3894 -185.4433 -183.0021 -180.0927 -177.5162 -174.7054 -171.9752 -169.3073 -166.8403 -164.5134 -161.8931 -159.4587 -156.6077 -154.0816 -150.8111 -147.5406 -144.2701 -140.9995 -137.729 -134.4585 -131.188 -128.8904 -125.647 -123.6199 -121.6053 -119.3493 -116.7141 -115.0788 -112.2624 -109.3455 -106.4829 -103.9212 -100.9418 -98.2397 -95.5322 -93.0727 -90.145 -87.5893 -84.3188 -80.8724 -76.3218 -72.2146 -67.9234 -63.9662 -60.6957 -56.6377 -52.1007 -45.9796 -39.3401
-301.6894 -294.4887 -287.1113 -279.1961 -270.0867 -261.9536 -253.8197 -245.6916 -237.5154 -229.5916 -223.0506 -216.9353 -210.9931 -206.0874 -200.5862 -197.2731 -192.9602 -189.6472 -186.3278 -183.0572 -179.7867 -176.4621 -174.1788 -171.9083 -169.3523 -166.7171 -164.0968 -161.8677 -159.5728 -157.1833 -154.0816 -150.8111 -147.5406 -144.2701 -140.9995 -137.776 -135.4585 -132.188 -128.9175 -126.647 -124.2551 -122.0734 -119.9746 -117.5505 -115.2275 -112.0239 -109.3974 -106.4829 -103.2123 -100.875 -97.8357 -95.3339 -92.5985 -89.7929 -86.5224 -82.8444 -78.9386 -74.7109 -70.4863 -67.1698 -63.8993 -60.4391 -56.492 -52.2884 -48.0262
-301.7976 -294.5854 -288.0444 -280.8314 -273.3572 -265.373 -258.2846 -250.8284 -243.3542 -236.3636 -230.399 -223.9837 -217.5342 -212.6284 -207.7226 -203.1139 -198.2089 -193.789 -189.6664 -186.3278 -182.3551 -178.8437 -176.1259 -173.5992 -171.188 -168.8089 -166.4237 -164.0818 -161.9693 -159.546 -157.0193 -154.0816 -150.8111 -147.5406 -144.2701 -141.2088 -138.729 -135.4585 -132.188 -129.3862 -126.9087 -124.5295 -122.4038 -119.9177 -117.1575 -114.5923 -111.8064 -109.0512 -105.7807 -102.9287 -100.0107 -96.9692 -94.6987 -91.4282 -88.1576 -84.4796 -80.6039 -77.0482 -72.9823 -69.5072 -66.2367 -63.7336 -60.6957 -58.1273 -54.6837
-298.2723 -292.3167 -286.3696 -279.7069 -272.9624 -266.4214 -259.6949 -252.6767 -246.1357 -239.932 -233.391 -227.85 -222.3398 -216.5868 -211.5889 -206.6831 -201.9907 -197.8716 -192.9658 -189.5983 -186.3278 -183.0572 -179.7867 -177.5162 -174.4868 -172.0932 -169.6948 -166.8452 -164.4192 -162.4834 -159.2852 -156.0692 -153.0816 -150.1875 -146.5406 -143.7354 -140.7761 -137.729 -134.4585 -131.8506 -129.4587 -126.8235 -124.1882 -121.7686 -119.498 -116.6013 -113.957 -111.2395 -108.416 -105.4829 -102.3656 -99.6044 -96.3339 -93.0634 -89.7929 -86.5224 -83.2235 -79.3188 -76.0482 -72.7777 -69.7042 -67.3106 -65.1579 -62.5226 -59.8874
-294.6496 -289.741 -284.0718 -277.9049 -272.9624 -267.0484 -259.8803 -254.2294 -248.7436 -243.2025 -236.6615 -231.5642 -226.5546 -220.7453 -214.8594 -210.9236 -206.0378 -201.1421 -196.2363 -192.8688 -189.5983 -186.3278 -183.4891 -180.7867 -177.5358 -175.2553 -172.0025 -169.3354 -166.7171 -164.191 -160.9205 -157.8113 -155.3795 -152.1089 -148.8384 -145.5679 -142.3066 -140.0005 -136.7564 -133.7226 -131.212 -128.4587 -125.8235 -124.1668 -121.5415 -118.8628 -116.2636 -113.3218 -110.9857 -107.7807 -104.5102 -101.2397 -97.9692 -94.6987 -92.1793 -89.1303 -85.8598 -82.5893 -79.3188 -76.0482 -73.3615 -70.7263 -69.091 -66.4557 -64.6717
-290.5627 -286.4733 -281.5675 -276.8776 -271.9718 -267.4579 -262.6584 -257.4703 -252.5645 -247.2666 -242.3609 -236.7857 -230.9056 -225.6436 -220.1257 -214.832 -209.5418 -205.0205 -200.4688 -196.1393 -192.8688 -189.5983 -186.3278 -183.0572 -180.0669 -176.9083 -173.6378 -170.6105 -167.4889 -164.2184 -161.762 -158.6773 -155.4068 -152.3988 -149.4737 -146.2032 -142.9327 -140.0436 -136.7837 -134.6612 -132.1951 -129.7816 -127.4587 -125.8235 -123.7686 -121.1275 -118.2275 -114.957 -111.6865 -108.8081 -105.6781 -102.875 -99.6044 -96.4709 -94.0634 -90.7929 -88.1303 -84.8598 -81.5893 -78.6907 -76.0482 -73.8636 -70.8993 -68.6288 -66.3583
-285.0906 -281.8201 -278.5496 -274.5222 -270.4972 -267.3108 -263.197 -259.0113 -254.7653 -250.2449 -245.5372 -240.1752 -233.9688 -228.8863 -223.9141 -218.2536 -212.6238 -207.4399 -203.4372 -199.1666 -195.1393 -191.8688 -188.5983 -185.3278 -182.0572 -178.7867 -176.2617 -172.5331 -168.9752 -165.7047 -162.9602 -160.1637 -156.8931 -153.6226 -151.1089 -147.3069 -143.8111 -140.5406 -138.1748 -135.8156 -133.394 -131.3403 -129.3009 -127.4587 -125.4038 -123.1333 -119.8628 -116.5923 -113.3218 -110.1962 -107.0239 -104.4092 -101.4829 -99.0025 -95.9418 -93.6713 -90.4332 -87.8871 -84.8598 -81.5893 -78.7606 -76.0482 -73.4243 -70.3831 -67.9935
-278.0826 -276.1575 -272.887 -269.9451 -268.1039 -264.8755 -261.3159 -257.3015 -253.9538 -249.4655 -244.6587 -239.6975 -234.7256 -229.7315 -223.9141 -219.0083 -213.981 -209.0752 -205.0724 -201.6803 -198.4098 -195.1393 -191.4787 -187.7198 -184.4493 -181.1788 -177.9083 -175.5162 -172.2457 -168.9752 -166.2308 -163.4342 -160.1637 -156.8931 -153.6226 -150.3521 -146.2032 -143.7873 -140.6145 -138.2997 -135.1211 -133.3645 -131.5801 -129.094 -126.5293 -124.7686 -121.498 -118.2275 -114.957 -112.6374 -109.6191 -107.0239 -104.3157 -101.4995 -99.0123 -96.9418 -93.6713 -90.4008 -88.1303 -84.8598 -81.5893 -78.4403 -75.1698 -72.8372 -69.6288
-271.459 -270.3553 -268.3607 -266.5985 -264.9632 -262.6833 -259.0703 -256.1696 -252.3855 -248.5332 -244.4452 -239.6314 -235.1675 -229.8198 -224.4277 -220.007 -215.6162 -211.3543 -207.2685 -203.9508 -200.6803 -197.4098 -194.1393 -190.8688 -187.5983 -184.3278 -181.5632 -179.1054 -176.0299 -172.7594 -170.4889 -167.2184 -163.9478 -160.6773 -157.4068 -154.1363 -149.8658 -147.0684 -144.3248 -141.0542 -138.211 -136.0271 -133.8016 -131.3478 -128.3921 -126.4038 -123.1333 -120.3765 -117.5732 -114.6279 -112.0512 -109.2258 -106.5102 -103.82 -101.7414 -98.908 -96.4282 -93.1576 -89.8871 -87.5651 -84.3461 -81.0756 -77.8051 -74.2831 -70.7504
-266.0056 -265.3161 -264.5532 -263.328 -261.5438 -259.9085 -258.184 -255.0207 -251.1328 -247.4797 -244.2092 -239.4825 -234.5903 -229.8198 -225.276 -221.0083 -216.884 -213.6533 -210.4919 -207.0724 -202.9508 -199.5599 -196.4098 -193.2186 -190.8688 -188.0449 -185.4745 -183.2062 -180.3021 -177.6651 -175.473 -173.1241 -169.8536 -166.5831 -162.4515 -158.4443 -154.7715 -151.501 -148.7481 -145.8111 -142.6714 -139.8564 -136.9995 -133.729 -131.3721 -128.2348 -125.7686 -122.498 -119.3706 -116.957 -114.0322 -111.416 -108.7214 -105.8954 -103.4106 -100.7414 -98.0634 -94.7929 -91.5224 -89.2004 -85.9814 -82.7109 -79.4403 -75.1698 -71.8807
-258.7118 -258.079 -258.079 -257.7049 -255.8538 -254.2186 -252.7991 -250.2487 -246.7624 -243.4919 -240.2213 -236.2788 -232.177 -228.0372 -224.4919 -220.2241 -217.4468 -214.7323 -212.194 -208.7077 -205.4372 -201.9921 -199.6803 -197.2733 -194.9235 -192.9273 -190.3792 -188.5984 -186.0418 -184.0537 -181.6107 -178.8141 -175.5436 -172.2731 -168.2039 -164.732 -160.4615 -157.191 -153.9205 -150.65 -147.5691 -144.3248 -141.0542 -137.7837 -134.6038 -131.4585 -128.188 -124.9175 -121.8543 -119.0596 -116.3218 -113.7307 -110.7807 -107.5398 -105.0611 -102.0571 -99.6987 -96.4282 -93.1576 -90.8357 -87.6166 -83.5619 -80.2914 -76.8051 -72.7234
-249.9028 -250.8426 -250.3222 -249.6856 -249.3128 -247.6776 -245.4603 -243.0232 -240.4522 -237.3703 -234.0998 -231.0206 -227.9782 -224.7077 -221.589 -219.5833 -216.5809 -214.7323 -212.194 -209.8812 -207.5926 -205.1411 -203.3949 -201.179 -199.5438 -197.9085 -196.2733 -194.638 -192.4222 -190.787 -188.1517 -185.3551 -182.0846 -178.8141 -174.5436 -171.2731 -167.0025 -163.324 -159.2064 -155.8736 -153.4306 -149.2305 -145.5406 -142.2701 -138.5799 -134.6741 -130.8592 -127.7686 -124.498 -121.2275 -118.5107 -115.6865 -112.416 -109.1455 -105.875 -103.3559 -100.3588 -97.9284 -94.7929 -91.5224 -88.8324 -84.9814 -81.7109 -77.7367 -74.1175
