MapLib/Lvl1_5x5/BG/Ele_BG_DD.asc
ncols         557
nrows         557
xllcorner     1670500
yllcorner     4451669.448
cellsize      1000
nodata_value  -9999.0
[rows 270 to 296 of 557, columns 372 to 433 of 557]
839.7109 866.3228 920.6758 808.1293 703.4494 740.6807 743.6782 769.787 739.0141 730.6251 881.7682 919.5479 934.4442 994.5729 1002.6179 982.0035 989.6397 1039.9878 1198.9393 1431.5245 1566.5261 1698.9014 1573.031 1379.1392 1383.5491 1334.8901 1282.0406 1275.5897 1170.7329 1082.021 1108.434 1085.8872 1072.658 989.7737 950.913 906.9122 893.3757 825.8063 733.8513 645.1277 917.3142 971.7372 785.2137 776.3261 861.3967 851.3697 703.3892 587.9908 699.3865 790.8093 837.1638 751.1666 871.7489 810.7913 702.6181 685.6608 755.6658 811.5367 843.8202 854.479 847.0402 960.612
437.4479 700.4279 867.2396 745.6344 685.4206 727.5669 709.2759 756.9312 621.0882 718.4583 879.3702 860.7865 975.1859 1037.6149 1077.623 1059.6271 1009.6984 1017.7455 1051.3286 1193.8297 1309.4209 1515.0172 1592.1729 1516.5461 1365.7533 1354.9386 1350.9589 1356.1299 1251.5375 1099.9783 962.2494 968.2394 976.4529 901.2075 896.0468 925.5717 965.704 930.1241 972.8505 718.8174 689.5456 791.1565 841.1835 717.0084 787.629 795.9773 870.6978 740.6949 735.2679 817.7585 811.788 764.2612 822.2084 752.913 757.4571 679.3951 700.4707 802.2039 809.2682 785.571 779.5588 835.9396
183.3906 286.876 474.0548 471.3803 608.9095 675.3633 683.3545 668.8358 534.2342 785.1743 945.8987 901.871 885.1965 1005.3568 1057.1132 1075.8976 1068.0565 1004.6519 1143.9261 1137.6816 1149.8179 1174.0562 1315.6511 1451.9164 1457.2717 1329.6199 1245.5762 1189.3956 1171.2511 1026.5106 921.0236 888.4499 847.9289 808.5449 726.7869 669.3561 682.1076 683.2164 695.9431 733.0262 699.4775 844.0762 820.6584 700.8295 624.7438 641.9413 698.1132 801.9765 723.7562 783.2855 783.8835 710.6881 721.4592 793.6386 789.4238 770.2661 737.4238 778.3042 744.2921 662.6925 789.6564 823.3695
57.0177 79.2569 103.2641 108.847 247.3161 305.6338 320.2241 386.6405 483.2939 763.3497 1017.2896 917.4033 847.8463 813.6387 775.9058 755.156 731.8853 923.4357 1110.3607 1133.4564 1181.8892 1351.0179 1455.7858 1376.0426 1285.04 1242.1859 1234.5865 1253.9926 1184.3496 985.1697 961.2486 937.2791 894.109 845.135 731.5364 622.5326 575.7412 574.4269 531.4263 593.2402 745.4553 1144.1594 1150.2168 1000.5245 748.6148 617.7951 698.3823 846.4825 752.9727 758.5048 756.4968 766.7386 654.2498 683.3949 756.868 811.6765 823.2151 766.092 699.655 647.5987 730.2446 777.9705
41.5355 46.4756 48.5094 65.7404 94.8497 120.7252 190.945 314.0693 460.211 760.4611 1009.5226 942.6331 841.5366 697.6321 634.8601 657.5868 818.0204 1007.972 1058.4865 1088.762 1326.9813 1470.7979 1413.6313 1343.0509 1268.796 1214.6077 1181.4822 1144.0524 1123.5348 1118.533 1168.8035 1090.9958 1062.1829 960.1466 760.8831 618.7239 553.6254 480.817 398.9568 500.7607 732.3015 1082.2933 1165.5203 1073.2217 891.6433 682.7965 783.3699 818.1563 860.6302 773.0909 779.0911 822.6628 645.0699 729.8409 768.5889 837.6378 826.5124 748.2428 730.1038 700.3279 725.2294 778.1712
59.1219 55.7099 56.4761 56.8224 71.1313 94.3098 146.6448 257.1194 395.2525 746.8067 952.8615 940.9364 844.6208 822.6456 654.0226 615.1508 907.3354 1076.4965 1125.1746 1198.704 1407.5646 1401.9668 1280.3896 1311.6871 1264.1044 1198.1758 1125.9609 1098.4397 1135.6764 1219.8923 1025.0626 854.6578 818.7062 851.5586 751.521 682.6964 420.4841 219.6428 72.9831 222.0073 671.1288 940.7483 912.5519 907.399 812.0608 815.5159 863.1495 846.0436 888.802 888.3223 810.5543 826.8223 723.0797 647.0099 711.1434 803.6166 811.1007 846.654 765.9714 816.5577 783.1052 785.4594
269.6089 257.8875 228.9194 156.5888 98.2396 80.4413 119.0155 161.1456 279.7338 457.6078 749.6669 856.3802 764.9509 670.4951 616.77 556.2371 658.3843 940.6576 1232.7344 1329.464 1429.5159 1350.3107 1256.6729 1189.2731 1370.2034 1337.7554 1328.3547 1271.4305 957.1725 748.1412 751.0029 763.3319 707.9624 739.5742 609.4003 290.147 122.4736 -1 7.256 207.3774 643.494 739.2598 638.2171 543.8287 504.3916 738.2012 958.7966 862.4592 961.8592 940.4524 904.6605 912.0405 869.1155 688.3892 609.7105 714.5178 884.4136 907.4095 874.7423 823.8607 837.7145 862.0453
255.7671 369.8826 425.8528 467.4393 416.7345 309.4285 178.3067 139.1488 200.8018 364.9411 436.8598 537.3431 660.7447 662.8778 525.0377 469.6666 485.9256 669.4357 875.0486 1067.6575 1060.2273 1032.2877 1067.6599 1232.1417 1271.1438 1213.702 1181.9351 1075.6145 943.8388 963.5217 945.9334 854.6813 711.5518 410.279 130.6192 -1 -1 -1 138.3039 555.627 679.5336 705.3411 607.515 509.9282 486.443 499.1501 799.2423 913.5196 992.8286 930.3824 867.588 952.2336 946.0711 874.4115 820.3781 744.2527 787.9305 829.8999 962.0245 904.9764 882.3391 895.2835
-13.0779 89.6246 245.0097 355.9928 396.9837 444.4457 333.1164 235.7943 254.7821 221.8634 206.4027 271.1719 391.8065 482.4457 395.7797 327.8304 373.2926 503.2079 612.5795 645.5562 645.3087 705.0391 861.4775 1076.4701 1246.8556 1231.116 1139.0167 956.9171 798.5983 568.6161 556.8068 427.5817 248.5172 48.9842 -1 -1 -1 -1 174.9507 459.3385 610.1182 556.5539 570.4041 557.9268 180.9734 52.2771 253.9954 779.3462 968.2859 966.7977 859.2928 936.3431 935.7123 923.0736 850.2678 805.0005 769.9053 775.5876 772.29 849.5293 991.9045 899.7965
-125.9379 -64.2155 -12.5115 63.2332 214.8279 253.4496 307.5469 277.1871 218.9215 261.5175 224.026 98.8601 138.4097 242.0252 187.8654 141.2249 278.5503 405.4066 473.1422 483.0208 511.483 608.6457 781.687 789.9284 758.2766 807.7471 746.3017 659.4362 553.312 469.0647 405.2887 303.541 281.9341 167.4848 151.7261 121.756 40.0322 -1 -1 -1 -1 -1 -1 -1 -1 -1 46.1756 575.546 999.9411 1030.2246 992.8099 984.6302 978.0325 869.9388 927.9863 819.9062 821.6401 848.3665 877.5038 919.8915 930.2874 911.9087
-156.53 -118.32 -75.8845 -31.1146 -6.13 -1 153.1799 258.2975 234.8577 173.5482 185.5035 364.0583 279.1638 69.5054 21.3261 85.7251 140.8551 205.1532 389.9684 383.6092 430.7123 493.3993 590.361 420.8263 332.3045 334.645 456.5731 499.6059 567.1594 576.5344 597.9557 528.6338 517.7983 592.3799 550.3757 402.5477 178.6202 -1 143.6028 10.3951 1 -1 -1 -1 -1 -1 124.073 691.4007 962.7759 1072.603 1024.7623 987.8611 993.7224 1055.8402 899.1724 838.2428 767.0558 920.5635 994.8461 939.2667 942.9963 981.4429
-168.3054 -154.6826 -133.3338 -101.8158 -71.529 -42.5688 -2.9509 -1 114.7078 154.6195 233.0993 253.0675 250.3651 390.3138 134.126 15.8887 22.7384 111.5006 156.009 164.872 187.7926 198.8733 241.5667 159.7915 81.7767 37.376 82.2973 338.1913 536.3354 700.6891 648.9782 458.4037 144.7879 179.1667 278.4837 60.4795 -1 30.758 285.494 432.6734 284.533 216.2985 22.4843 -1 -1 -1 44.8771 556.1351 1040.5557 959.7437 1087.9548 1003.8411 1009.3215 1053.1938 1022.9481 877.9855 839.2786 890.4284 914.5718 919.9718 968.1452 1066.3009
-145.0957 -145.4695 -137.4953 -119.1393 -100.1252 -79.7796 3 49.388 15.9251 54.5892 108.1021 227.6373 267.4785 232.9358 327.1779 190.5202 12.9427 15.5654 -1 25 113.8072 84.4136 66.6039 49.032 93.9994 34.7027 100.247 182.771 353.0621 514.9414 404.136 381.5241 240.7948 82.4763 16.0524 4.5549 -1 55.8176 276.1936 376.3379 525.2163 474.5237 385.9573 89.9507 -1 -1 25.6501 567.4343 827.9205 1054.8928 1049.1631 1066.2181 1096.1719 1065.0594 1042.4941 924.9288 843.6107 820.7589 855.8055 968.8304 992.1843 1026.0535
-130.8973 -139.8095 -140.4712 -131.9359 -121.3168 -108.8729 -78.7369 -41.1855 44 -1.3715 28 13 135.4006 191.0393 166.1068 332.7041 176.078 30.7234 -1 -1 -1 -1 3.6108 -1 -1 23.1703 137.9277 320.3845 415.8951 340.0563 149.1829 188.7542 46.685 3.1058 1 -1.2204 -1.3122 7.6013 112.0007 116.373 290.2808 523.6505 604.5688 347.5718 81.6562 -1 27.6862 411.4571 858.2775 1021.5659 1044.24 1225.9215 1109.7916 1146.7682 1136.9254 939.3558 843.4451 822.4076 895.3836 986.9615 948.6618 965.5353
-134.0604 -138.9245 -140.8026 -137.5899 -130.9155 -122.1363 -101.043 -74.2879 -48.9147 -23.3465 -16.9305 -8.5947 -1.6211 30.7626 130.7132 160.2482 360.0653 158.0885 -1 -1 -1 -1 -1 -1 -1 -1 -1 39.3147 44.3936 26.2488 -1 -1 -1 -1.033 -1.0747 -2.6268 -2.8255 -1.1689 8.5072 114.4507 278.3495 508.4406 392.7278 469.0251 283.5993 6.5258 21.4245 299.0816 855.1706 1058.9766 1188.1008 1033.3275 915.6542 887.9039 980.088 1109.5129 983.1787 1025.299 900.1119 868.5541 864.6753 877.5832
-140.8497 -141.9592 -141.9242 -140.5044 -137.0888 -131.289 -118.1994 -102.3315 -81.5191 -61.163 -61.0598 -58.4839 -45.8521 -21.168 84.7088 160.909 153.9943 291.1724 296.7134 55.2254 -1 -1 -1 26.0942 96.741 105.9651 25 -1 -1 -1 -1 -1 -1 -1.6335 -3.2688 -4.7124 -3.8 -1.3294 -1 18.7352 126.9003 222.5535 207.9914 187.4243 406.0913 76.364 3.4713 166.3773 532.9966 918.1579 943.0024 912.1445 864.9158 865.9017 1044.7729 1097.4618 1132.8291 1005.0713 954.106 906.0444 891.9324 925.28
-151.0165 -147.942 -144.8127 -141.9894 -139.5144 -136.728 -130.4867 -123.5324 -112.9221 -102.2145 -106.1713 -107.5374 -94.657 -70.6643 -27.561 31.2806 203.6394 172.1824 4.3855 7.8778 -1 -1 84.2027 119.2974 169.444 282.4189 313.6706 228.5802 177.375 88.9843 -1 -1 -1 -1.2072 -2.3584 -3.6768 -3.408 -1.6439 -1 -1 7.1635 24.2803 42.2088 141.6982 385.8127 206.4699 9.2685 212.997 562.6722 860.2393 1032.168 1122.4886 1007.7238 976.7794 1158.8218 1166.9303 1148.4089 1047.3567 989.4448 910.7204 889.4841 889.8572
-162.1496 -155.721 -149.8937 -146.0316 -142.1101 -139.8832 -137.5779 -134.978 -131.3206 -127.4808 -131.5471 -133.5852 -122.7074 -103.9571 -72.1599 -28.0013 -1 72.4309 -1 -1 -1 -1 54 63.343 174.5811 189.2315 286.8275 445.3438 491.0062 431.7521 286.9982 150.1821 40.0211 -1 -1 -1.0388 -1.0687 2.1285 -1 -1 4.1081 14.5162 25.001 73.1521 165.7366 350.5942 103.5943 305.8602 708.6868 1046.812 1270.4109 1238.9783 1324.4946 1403.7118 1255.2006 1165.7021 1130.3489 1055.9008 1041.769 946.2343 877.911 851.9889
-174.6908 -165.5881 -157.4274 -150.7533 -146.3338 -142.5524 -141.0713 -140.6995 -140.8875 -141.5802 -143.5117 -143.9865 -136.7366 -124.1858 -102.7734 -75.3017 -40.75 -17.8749 18.2756 -1 -1 -1 -2.1787 -1 139.6231 89.1554 92.9088 170.6828 251.5167 304.5404 371.1686 363.8583 270.5079 133.1713 58.8994 41.5138 37.4077 31.5797 -1 -1 15.8007 8.0866 9.4214 15.3946 51.8286 171.5645 245.6324 439.905 835.902 1228.3975 1380.4803 1595.1681 1485.6781 1415.3331 1457.6448 1280.7991 1179.5752 1136.7256 984.3829 891.3909 768.6378 726.4933
-187.4337 -175.6569 -165.0828 -156.5765 -149.8139 -144.8823 -142.8577 -141.2224 -142.4128 -143.9903 -144.2058 -143.5031 -138.9273 -131.7265 -119.327 -103.194 -83.6975 -64.9134 -45.4803 -37.5025 10 -39.4786 -40.3015 -7.8515 -1.1707 42.3645 85.1761 147.331 198.4016 287.941 252.2881 180.1028 181.7786 255.0645 178.8494 99.6023 62.0238 89.5502 83.4567 37.6502 6.0722 6.7717 8.343 7.0352 30.1645 172.8219 394.2948 681.5243 1040.7329 1298.5736 1353.1675 1375.3574 1445.8541 1312.2822 1353.9459 1389.0981 1218.2832 1119.7972 1027.8938 907.1667 785.9749 719.7097
-200.773 -186.3222 -173.074 -162.7307 -154.0238 -147.7284 -143.5756 -140.5715 -141.5758 -143.1149 -140.9076 -139.1184 -138.015 -134.9446 -129.4023 -123.4168 -117.1785 -110.1244 -104.0279 -95.8596 -86.7355 -93.7026 -96.943 -59.8214 -25.2181 -7.594 44.6985 154.3806 166.5299 177.4891 279.4583 290.3551 169.721 53.3932 -1 -1 16.4925 20.6267 138.1309 142.3229 79.3012 17.3614 8.7516 9.787 20.8657 74.2261 224.6964 526.631 723.346 1003.2186 1255.7026 1425.2705 1451.3131 1287.9697 1220.4042 1236.6152 1170.7427 1140.7415 1096.3466 909.9545 867.0068 821.7882
-210.2097 -194.683 -180.8683 -168.2332 -159.4019 -152.3885 -148.1322 -144.4944 -143.9446 -143.9265 -141.4662 -139.0032 -137.0461 -134.8217 -131.4328 -128.159 -125.6608 -123.0939 -120.1367 -115.0263 -109.7223 -112.9289 -113.1225 -88.5574 -62.3856 -42.5282 -15.2183 99.7231 120.2088 157.7315 169.3521 105.7553 203.5372 63.3894 -1 -1 -1 -1 70.7233 182.2432 184.0422 109.6258 75.4138 29.574 23.0588 48.77 144.3036 284.789 475.6336 603.5774 869.6724 1182.2269 1312.9956 1311.4911 1309.7997 1295.1768 1210.5869 1090.2839 1076.1375 1061.6862 947.8571 869.9632
-219.3373 -202.9848 -187.8348 -174.8563 -165.1648 -157.6169 -153.126 -149.0064 -147.1249 -145.334 -142.6733 -139.6854 -137.1636 -134.3475 -131.312 -129.6774 -130.5166 -130.4623 -130.38 -129.1047 -127.6453 -126.7849 -124.0122 -111.9298 -97.5924 -79.2397 -57.7244 -29.3666 -4.6244 41.0689 63.0599 26.5852 -1 21.0661 -1.2999 -3.1582 -3.5312 -1.271 25 145.1627 195.5982 189.7428 152.2128 118.4419 45.1287 44.4205 118.4261 233.5125 335.8761 442.1686 609.6526 883.548 1273.9277 1349.7881 1388.7983 1312.6412 1264.1855 1255.3571 1092.8628 1051.5118 979.8689 932.4209
-229.646 -212.7963 -196.9035 -182.8215 -173.2267 -166.6857 -162.0664 -157.9588 -154.9945 -152.582 -148.6045 -144.3545 -138.9155 -133.3841 -127.8412 -124.2373 -123.5339 -122.286 -121.5206 -122.3264 -122.7983 -123.0159 -121.9715 -117.4333 -111.984 -103.332 -92.5662 -76.2144 -61.1383 -49.2238 -38.7518 -29.6226 -21.8325 -16.1616 -16.5208 -19.6726 -15.3937 -5.4912 25.2483 -1 98.7117 236.2771 240.1585 203.4765 135.7749 83.9484 91.1156 137.9618 296.2839 579.7061 665.2875 829.0171 1290.402 1404.9814 1348.4957 1278.4705 1239.1548 1230.8923 1241.1195 1124.2584 1012.0478 917.4718
-241.1418 -223.7548 -206.9907 -192.51 -182.9152 -176.6896 -171.9755 -167.5533 -164.0427 -160.4839 -155.2182 -149.4954 -141.3822 -133.5549 -125.3957 -119.9557 -117.2541 -114.7357 -112.8111 -115.2891 -118.5014 -118.8658 -119.6662 -121.9197 -123.3781 -123.1342 -120.3851 -114.898 -110.618 -108.1808 -97.1789 -81.0553 -65.6108 -51.4663 -44.5308 -38.2286 -28.6291 -17.3421 21.9486 69.1729 54.3169 182.15 326.7943 329.1091 264.0028 116.2482 91.2639 133.1239 223.0056 545.8422 878.0298 1018.3339 1187.699 1302.8207 1197.5316 1187.0903 1245.1343 1218.4082 1204.0669 1099.2858 1027.8395 981.0248
-257.1636 -238.4937 -221.7081 -207.2273 -197.6325 -191.0847 -185.6928 -181.5543 -176.8625 -171.8527 -164.3506 -157.1506 -147.3173 -137.4919 -127.4426 -119.4115 -113.9938 -109.6998 -107.1845 -108.7481 -111.9832 -114.3024 -116.9019 -120.8818 -124.5846 -126.2417 -127.0625 -126.61 -125.0018 -124.1198 -115.427 -102.9834 -89.2641 -76.4435 -66.6102 -57.2063 -44.5302 -29.7558 -11.4333 -1 72.9035 134.0561 297.8857 365.1818 328.0903 248.7207 67.7932 69.1423 150.2957 363.5811 750.2246 897.3083 820.8991 975.8287 1192.0342 1310.4858 1337.0958 1257.5679 1329.1429 1220.5621 1170.8514 1095.9388
-273.3016 -253.2445 -236.1668 -221.9446 -212.3498 -205.3017 -200.4101 -195.5043 -189.5372 -183.9168 -175.1232 -166.3097 -154.2442 -142.9745 -131.0236 -121.2961 -113.6451 -107.868 -102.9728 -104.1528 -108.0719 -111.3424 -115.1631 -119.5453 -123.8568 -126.4787 -129.1996 -131.537 -131.9363 -130.5658 -125.0907 -116.5131 -106.5285 -96.0224 -86.239 -76.1808 -62.7608 -46.8918 -24.2207 -1 35.9505 152.6097 209.3013 189.2563 274.0734 293.2289 218.4496 64.8234 84.8766 208.6869 464.8997 605.0662 611.1937 704.1501 817.1394 1019.5172 1211.158 1215.0585 1277.1547 1257.7421 1190.6832 1097.3582
