MapLib/Lvl1_5x5/BG/Ele_BG_ED.asc
ncols         557
nrows         557
xllcorner     1670500
yllcorner     3894669.448
cellsize      1000
nodata_value  -9999.0
[rows 494 to 519 of 557, columns 456 to 512 of 557]
-3597.7578 -3600.6143 -3583.0459 -3564.7249 -3558.676 -3556.2664 -3558.2969 -3547.7107 -3516.2026 -3490.5303 -3469.4397 -3456.5068 -3446.9634 -3437.6614 -3428.3013 -3419.196 -3409.8228 -3397.0662 -3383.2332 -3364.6929 -3342.2432 -3313.5544 -3307.2673 -3322.0518 -3327.9028 -3328.5278 -3320.0767 -3308.2239 -3300.2256 -3293.9404 -3298.1982 -3302.2024 -3303.2815 -3307.6873 -3316.1155 -3338.9131 -3373.1685 -3344.0598 -3286.1318 -3251.9795 -3224.009 -3219.0396 -3212.8274 -3193.6995 -3181.9836 -3188.1128 -3186.2991 -3172.6052 -3163.439 -3157.8765 -3153.6455 -3149.7754 -3149.4302 -3150.6763 -3152.6741 -3150.7202 -3135.9214
-3588.8042 -3600.0505 -3587.1255 -3569.9248 -3559.3374 -3551.6716 -3550.4836 -3537.6716 -3504.189 -3477.4482 -3456.3247 -3442.6929 -3434.1663 -3427.7332 -3421.6125 -3416.2874 -3409.5881 -3396.1631 -3380.1865 -3354.4124 -3324.8438 -3289.0254 -3292.5696 -3331.7761 -3346.7834 -3347.8391 -3341.677 -3332.498 -3321.4319 -3311.2803 -3316.186 -3316.1365 -3304.7485 -3300.666 -3308.5796 -3313.396 -3316.3608 -3298.5432 -3270.6389 -3242.5901 -3215.2686 -3214.0535 -3212.4126 -3198.6326 -3190.1599 -3194.4497 -3197.262 -3198.0259 -3193.3352 -3184.4976 -3180.9529 -3178.9143 -3172.0342 -3165.1294 -3169.0178 -3167.9451 -3144.2292
-3583.2668 -3596.6694 -3588.2344 -3574.261 -3562.4126 -3551.8816 -3544.4028 -3526.2976 -3491.0566 -3463.7305 -3444.3682 -3432.1311 -3424.1228 -3419.4832 -3416.751 -3414.019 -3409.4968 -3397.408 -3381.6121 -3354.4087 -3323.8555 -3287.9954 -3295.2693 -3339.416 -3356.3562 -3356.8459 -3354.8232 -3352.1409 -3340.8069 -3330.2832 -3333.5583 -3330.3464 -3308.4141 -3297.7268 -3303.1418 -3301.0779 -3291.804 -3276.7595 -3258.5898 -3234.1172 -3210.428 -3210.5398 -3211.2986 -3209.5295 -3209.0293 -3211.1047 -3217.3257 -3228.7703 -3227.7937 -3216.7231 -3209.0894 -3202.668 -3189.3088 -3176.21 -3175.7644 -3170.8831 -3143.1726
-3582.5686 -3589.3049 -3583.8623 -3576.2173 -3569.4355 -3558.7688 -3541.0208 -3514.4197 -3474.8894 -3449.301 -3436.0061 -3426.2515 -3418.5325 -3414.7424 -3413.0664 -3412.5081 -3410.4358 -3401.5681 -3390.2844 -3370.5083 -3349.1396 -3325.5396 -3325.4778 -3344.8359 -3350.7139 -3350.3049 -3355.9814 -3363.5125 -3357.3328 -3351.0652 -3351.5313 -3344.2649 -3317.5325 -3301.9492 -3303.0667 -3309.4109 -3320.1379 -3294.0527 -3251.5618 -3228.9402 -3210.9507 -3208.1338 -3210.8376 -3231.3713 -3246.0483 -3245.3218 -3251.7886 -3267.7849 -3268.5193 -3256.2571 -3237.4438 -3216.3638 -3197.9338 -3181.1956 -3165.9917 -3149.4011 -3127.354
-3594.0298 -3591.9561 -3583.8267 -3574.6199 -3567.0681 -3555.71 -3535.3081 -3509.084 -3474.1909 -3451.9189 -3441.6382 -3431.5889 -3422.0154 -3416.3652 -3412.5581 -3411.8513 -3411.1436 -3406.0491 -3397.7607 -3379.3792 -3361.5125 -3344.5798 -3341.6895 -3350.6946 -3352.3474 -3350.2361 -3358.9302 -3369.845 -3365.5613 -3360.1689 -3360 -3351.8733 -3321.6296 -3302.283 -3299.1021 -3309.071 -3330.0647 -3305.2366 -3259.8606 -3241.3032 -3228.5986 -3222.5107 -3222.7783 -3247.804 -3265.3167 -3263.4768 -3266.9731 -3279.4116 -3278.7727 -3267.1702 -3246.335 -3221.2793 -3202.6567 -3184.9255 -3161.0591 -3138.6836 -3119.9641
-3615.5872 -3603.3511 -3585.865 -3568.5293 -3555.7266 -3543.4966 -3528.1873 -3510.6042 -3488.207 -3471.2817 -3459.5527 -3446.6992 -3433.3813 -3423.0674 -3414.2844 -3412.5671 -3412.5239 -3411.342 -3404.9431 -3381.7466 -3361.6277 -3344.7854 -3344.3818 -3357.7314 -3360.3445 -3356.6296 -3363.1428 -3371.7349 -3366.0818 -3359.6067 -3360 -3352.679 -3321.6091 -3300.0852 -3292.2441 -3301.2327 -3324.0852 -3311.3667 -3282.5745 -3271.1638 -3262.6685 -3252.2126 -3246.1519 -3259.1875 -3268.6904 -3266.4546 -3265.5366 -3265.9624 -3261.0049 -3251.1021 -3236.0344 -3219.1968 -3203.791 -3187.3909 -3162.0623 -3136.978 -3120.5696
-3613.7722 -3595.2732 -3574.6873 -3555.8215 -3542.6504 -3531.3418 -3521.6592 -3510.9199 -3498.1665 -3487.6531 -3478.7195 -3463.7637 -3445.8518 -3433.9321 -3424.7532 -3421.6807 -3419.7756 -3414.114 -3405.3374 -3386.0352 -3368.9631 -3355.522 -3353.5908 -3362.324 -3365.2239 -3365.489 -3366.3811 -3367.4961 -3361.2427 -3354.6284 -3353.4829 -3348.8171 -3333.7825 -3320.2397 -3306.5269 -3310.0027 -3327.5208 -3323.2192 -3310.0215 -3296.3477 -3281.6963 -3266.7776 -3257.134 -3268.4656 -3277.1721 -3277.4019 -3272.0063 -3261.1384 -3250.8232 -3241.7622 -3231.7271 -3220.5149 -3206.6494 -3190.1055 -3164.2234 -3137.929 -3119.2107
-3600.6985 -3578.6865 -3557.6199 -3539.469 -3528.1001 -3519.5593 -3515.1309 -3510.8879 -3505.9973 -3502.075 -3499.2629 -3482.5688 -3459.8279 -3446.979 -3439.0894 -3435.1179 -3429.822 -3415.7881 -3401.949 -3390.4893 -3379.7905 -3370.2927 -3365.574 -3364.6025 -3369.1572 -3375.5417 -3369.9197 -3360.3384 -3353.8506 -3348.7144 -3343.3899 -3342.0359 -3352.9893 -3351.0461 -3330.1038 -3326.0544 -3335.292 -3338.9719 -3340.4846 -3319.0247 -3293.8013 -3274.855 -3262.3833 -3276.6555 -3288.0361 -3291.1965 -3283.1594 -3260.4224 -3245.0327 -3235.8074 -3229.5557 -3224.7061 -3210.6912 -3193.1182 -3167.4912 -3140.5061 -3116.7031
-3583.4258 -3565.4976 -3547.9822 -3532.9724 -3526.1482 -3520.1794 -3514.6619 -3507.27 -3495.1689 -3492.5425 -3498.741 -3483.179 -3457.925 -3448.0962 -3446.3794 -3452.135 -3455.344 -3434.8337 -3414.3958 -3400.1689 -3388.9019 -3381.948 -3375.8806 -3371.0376 -3368.3674 -3365.7463 -3361.9331 -3357.1094 -3350.2139 -3343.1807 -3336.9497 -3334.2021 -3338.8591 -3338.4858 -3329.8235 -3334.7336 -3350.0796 -3354.5596 -3354.2178 -3340.7102 -3322.7039 -3295.4617 -3276.2356 -3287.8813 -3296.7744 -3292.3306 -3278.3958 -3252.1089 -3241.0884 -3242.0283 -3238.5713 -3233.3767 -3218.5891 -3199.6968 -3173.8145 -3145.573 -3114.8254
-3565.6172 -3553.4871 -3540.3711 -3529.634 -3526.7598 -3523.3647 -3515.9697 -3502.104 -3479.3066 -3477.2341 -3493.012 -3479.7815 -3452.885 -3446.9661 -3451.4666 -3469.9338 -3484.1677 -3457.9355 -3430.4583 -3411.7434 -3397.7283 -3391.8132 -3386.2349 -3378.4192 -3365.6396 -3351.5317 -3350.7324 -3353.8782 -3346.1592 -3337.6997 -3332.0439 -3326.1458 -3318.0894 -3316.4712 -3324.5032 -3341.8259 -3366.2817 -3370.2683 -3364.5784 -3360.884 -3355.6567 -3320.0698 -3291.6104 -3300.9497 -3305.0637 -3290.5061 -3269.459 -3242.7415 -3237.5107 -3250.4846 -3250.0764 -3243.0991 -3226.9438 -3207.5173 -3181.0054 -3151.0618 -3112.6208
-3562.345 -3557.2129 -3552.6785 -3548.7742 -3546.6892 -3544.2485 -3540.6104 -3531.6731 -3514.5601 -3506.3994 -3507.4224 -3497.2327 -3482.0381 -3475.2808 -3474.5959 -3484.8687 -3490.8418 -3464.3159 -3439.1177 -3426.1406 -3413.3037 -3399.2451 -3391.7341 -3390.075 -3380.1384 -3367.1892 -3366.6238 -3368.5259 -3360.7078 -3352.6841 -3354.843 -3351.3645 -3334.6028 -3326.1809 -3331.8176 -3341.7979 -3355.3323 -3357.7639 -3355.5083 -3353.4299 -3349.5757 -3309.9138 -3274.511 -3270.5796 -3262.4949 -3242.969 -3231.3669 -3230.2166 -3234.1438 -3241.4197 -3248.3853 -3253.4695 -3223.4705 -3187.9148 -3165.8403 -3145.8804 -3121.573
-3566.8284 -3567.7275 -3568.5779 -3568.8667 -3566.521 -3564.9119 -3564.814 -3560.4451 -3547.561 -3534.8154 -3520.7422 -3513.2332 -3508.25 -3501.709 -3495.2957 -3495.2441 -3492.1028 -3467.4756 -3446.1743 -3439.2068 -3426.7927 -3405.1599 -3396.0879 -3398.3806 -3392.8716 -3382.3625 -3380.6138 -3381.1963 -3373.2349 -3367.2827 -3374.6223 -3373.7485 -3350.7151 -3337.0227 -3339.7124 -3342.3831 -3344.9795 -3346.1968 -3347.2129 -3344.792 -3338.7522 -3297.5798 -3258.5188 -3240.6177 -3222.3396 -3199.6567 -3195.8423 -3218.2976 -3230.9092 -3234.6362 -3244.377 -3254.8628 -3214.2068 -3167.7651 -3153.5293 -3144.134 -3133.646
-3612.1907 -3610.1272 -3598.3494 -3586.8325 -3583.6519 -3582.0278 -3581.0198 -3576.0305 -3563.7998 -3547.3018 -3527.1697 -3516.1355 -3509.7383 -3504.0444 -3498.2852 -3484.3889 -3468.8943 -3456.3259 -3445.6191 -3440.6304 -3429.0779 -3409.3457 -3397.2195 -3391.592 -3388.4084 -3387.1299 -3382.1233 -3376.0247 -3373.5249 -3371.7107 -3372.2451 -3369.6375 -3356.5181 -3348.5442 -3347.196 -3345.8398 -3345.343 -3346.3723 -3348.7231 -3333.1907 -3312.8682 -3279.708 -3248.4297 -3226.7715 -3207.1863 -3187.3853 -3185.9668 -3209.2964 -3229.3132 -3247.8677 -3233.1445 -3205.658 -3173.9558 -3148.28 -3157.6353 -3167.7461 -3156.3413
-3651.8381 -3646.0227 -3624.3135 -3602.5845 -3596.6262 -3593.7268 -3591.7573 -3586.0259 -3574.2124 -3556.3174 -3533.656 -3520.0242 -3511.3171 -3507.6284 -3501.4773 -3477.9348 -3454.4221 -3450.3806 -3446.584 -3439.5098 -3429.1499 -3413.7268 -3398.3745 -3384.8086 -3383.1548 -3386.6875 -3380.0151 -3370.2288 -3370.8479 -3371.665 -3368.7893 -3365.5205 -3361.4658 -3356.9221 -3353.4705 -3349.7124 -3345.5813 -3346.2375 -3348.6472 -3321.2241 -3289.0474 -3263.7073 -3238.8145 -3215.7815 -3196.0183 -3181.1777 -3180.9751 -3198.6143 -3222.5347 -3251.5808 -3222.8159 -3170.9031 -3146.9783 -3137.2412 -3164.5522 -3188.0857 -3177.8767
-3672.2195 -3662.6316 -3636.967 -3611.3584 -3600.2424 -3593.2749 -3590.8306 -3584.8643 -3573.4175 -3558.2163 -3540.05 -3526.6169 -3517.3337 -3512.5835 -3507.1306 -3485.5256 -3463.8303 -3459.0681 -3452.583 -3436.8088 -3423.8921 -3417.1372 -3402.7463 -3381.6587 -3375.1404 -3375.9377 -3370.019 -3362.9514 -3362.594 -3363.0676 -3364.2249 -3364.5154 -3363.1443 -3360.3557 -3356.741 -3351.468 -3344.6628 -3342.3184 -3341.2463 -3308.9683 -3271.8022 -3250.03 -3230.24 -3210.2473 -3193.9189 -3186.0637 -3183.1313 -3185.4692 -3203.0686 -3231.6873 -3213.2239 -3176.5708 -3156.874 -3147.6824 -3173.894 -3198.0674 -3193.8215
-3682.0479 -3672.3347 -3645.2991 -3617.3413 -3600.2146 -3587.9805 -3582.8145 -3575.2605 -3563.1968 -3550.4644 -3536.3374 -3527.0837 -3519.626 -3512.7866 -3505.7031 -3487.865 -3470.147 -3466.5103 -3459.5366 -3438.2783 -3425.3425 -3426.0667 -3411.3516 -3383.5586 -3372.6426 -3370.7659 -3365.1638 -3358.7944 -3354.8452 -3352.8347 -3358.1135 -3361.9165 -3362.4063 -3360.9614 -3357.6211 -3350.0952 -3338.0684 -3330.7241 -3325.6506 -3293.8708 -3257.9666 -3239.4871 -3222.6323 -3204.5105 -3190.1072 -3185.2549 -3182.5271 -3181.4619 -3194.1262 -3218.8354 -3207.1414 -3181.7114 -3163.5398 -3154.5547 -3179.7212 -3205.0952 -3210.4436
-3677.0447 -3673.8284 -3647.5908 -3617.6035 -3595.0327 -3576.7644 -3566.156 -3555.2695 -3541.8528 -3530.1016 -3520.5381 -3517.7446 -3517.0103 -3507.6313 -3494.0344 -3480.9141 -3469.7371 -3469.8569 -3466.2046 -3446.478 -3436.7312 -3441.2556 -3424.7156 -3390.7429 -3376.4192 -3373.7166 -3366.387 -3358.3252 -3349.0986 -3342.5337 -3350.9138 -3357.7036 -3357.7036 -3357.3313 -3356.2769 -3344.1772 -3322.8269 -3309.6604 -3300.0708 -3275.3105 -3248.4255 -3233.5173 -3218.2261 -3198.5994 -3183.0532 -3178.0027 -3178.8528 -3188.0115 -3200.9526 -3216.8206 -3205.1953 -3181.9146 -3164.0564 -3154.8877 -3179.9243 -3208.6592 -3229.5283
-3672.7927 -3668.9248 -3643.2988 -3613.5625 -3587.8618 -3565.9822 -3552.4973 -3539.0603 -3522.5454 -3511.6479 -3505.3682 -3503.2104 -3501.3125 -3495.6204 -3488.0261 -3477.4517 -3468.5164 -3470.9834 -3469.282 -3448.6831 -3437.4045 -3440.261 -3426.5723 -3397.4316 -3381.5261 -3372.9478 -3366.3196 -3359.9492 -3349.9448 -3341.658 -3346.9329 -3350.6631 -3350.5959 -3349.1958 -3345.7051 -3332.2739 -3310.7795 -3295.3259 -3282.939 -3261.1201 -3238.8423 -3226.5476 -3213.7437 -3195.9087 -3181.9597 -3177.384 -3179.7788 -3191.3887 -3203.4102 -3215.7275 -3204.0825 -3182.5552 -3175.7158 -3176.1191 -3192.9634 -3212.1023 -3226.48
-3667.761 -3657.2478 -3633.4004 -3606.3188 -3578.5889 -3554.7502 -3541.7532 -3525.7505 -3505.8394 -3494.6179 -3491.5417 -3484.522 -3475.4426 -3480.3845 -3487.2439 -3477.2961 -3467.0151 -3470.6262 -3468.1709 -3444.3879 -3428.3516 -3424.5649 -3416.5405 -3403.8315 -3386.834 -3368.4978 -3364.6174 -3364.2004 -3356.5676 -3349.1904 -3345.1216 -3342.2161 -3341.4724 -3337.2395 -3328.4004 -3316.3315 -3301.6934 -3287.7153 -3273.2454 -3252.2412 -3230.0354 -3219.5781 -3209.7961 -3195.9304 -3186.0325 -3182.7461 -3184.8247 -3190.8411 -3201.7749 -3214.8569 -3204.0825 -3184.3545 -3197.0774 -3214.7749 -3218.2415 -3215.8906 -3204.3179
-3651.9387 -3638.199 -3627.5454 -3613.8638 -3584.1111 -3555.9858 -3537.7881 -3519.9346 -3503.3428 -3491.231 -3483.7314 -3473.0991 -3462.489 -3461.5271 -3464.5542 -3466.1758 -3467.5769 -3466.8259 -3461.1128 -3441.512 -3426.0125 -3418.5313 -3415.1226 -3415.8652 -3403.1501 -3383.9504 -3373.3984 -3365.7302 -3358.7644 -3352.147 -3349.6824 -3345.8186 -3339.2554 -3331.3892 -3321.385 -3312.6565 -3304.3613 -3289.053 -3270.7922 -3252.0452 -3233.3088 -3222.1013 -3212.4001 -3204.3232 -3198.0916 -3195.4832 -3194.0283 -3193.6819 -3203.6475 -3221.3821 -3215.3413 -3200.0002 -3209.7087 -3223.3083 -3224.6658 -3220.5576 -3205.6113
-3630.0513 -3615.3679 -3623.7285 -3627.9788 -3596.4297 -3562.3813 -3536.4685 -3517.2114 -3507.291 -3493.8557 -3477.7493 -3465.373 -3454.9163 -3441.7583 -3431.9561 -3449.8083 -3468.8403 -3461.1431 -3451.1387 -3438.7104 -3426.5989 -3416.896 -3418.2991 -3430.2688 -3424.2671 -3408.8591 -3387.8386 -3366.8518 -3359.0818 -3353.2205 -3356.3792 -3355.3752 -3340.7896 -3328.7571 -3319.2803 -3314.0508 -3312.3125 -3295.1418 -3271.5049 -3256.1821 -3243.0205 -3229.9626 -3218.7732 -3216.7761 -3214.4441 -3210.2004 -3205.1506 -3198.1897 -3207.7017 -3231.3228 -3231.4602 -3222.3623 -3219.1226 -3217.8123 -3223.012 -3225.6494 -3217.2168
-3626.6182 -3613.4905 -3614.6394 -3614.2681 -3594.2175 -3571.4324 -3551.3406 -3533.9048 -3521.8003 -3508.2363 -3492.9685 -3482.5081 -3474.3015 -3463.8938 -3454.2478 -3460.5227 -3467.3586 -3462.748 -3456.4346 -3448.9114 -3438.8179 -3426.075 -3425.5879 -3436.7654 -3430.2366 -3413.5215 -3388.9199 -3362.6052 -3355.2566 -3350.2424 -3356.4897 -3358.3862 -3347.2734 -3337.825 -3332.3743 -3325.2224 -3317.7236 -3306.0066 -3292.6787 -3270.062 -3245.6848 -3231.2563 -3220.2271 -3222.8438 -3223.7546 -3219.3145 -3212.8628 -3202.5286 -3208.7844 -3228.3743 -3227.6821 -3220.0876 -3225.9336 -3233.6616 -3232.8726 -3226.1155 -3206.6543
-3628.1921 -3615.5259 -3605.0127 -3595.4272 -3588.0544 -3579.3362 -3566.0916 -3552.1636 -3537.1936 -3523.6941 -3511.9341 -3503.7158 -3498.0078 -3492.1211 -3484.8767 -3474.4856 -3465.4004 -3465.1199 -3464.8318 -3459.7134 -3451.2188 -3436.7612 -3433.9817 -3441.2151 -3431.7168 -3413.1401 -3386.8521 -3359.9028 -3352.6528 -3348.98 -3355.792 -3359.7961 -3352.6536 -3348.3188 -3346.6836 -3337.6375 -3322.2517 -3316.4861 -3314.4524 -3283.8516 -3248.8706 -3232.5774 -3222.0264 -3227.5232 -3230.469 -3225.6079 -3217.3154 -3206.2878 -3209.1887 -3222.4927 -3220.4585 -3213.5229 -3232.196 -3251.2729 -3243.7866 -3225.4092 -3192.5608
-3633.3682 -3617.9456 -3597.1074 -3579.5012 -3575.9124 -3572.252 -3562.521 -3552.3735 -3542.8467 -3533.2966 -3525.8066 -3518.3105 -3511.5305 -3502.6843 -3492.0911 -3477.6936 -3464.1084 -3465.0449 -3464.5017 -3456.6157 -3449.1724 -3443.4094 -3439.3418 -3436.5637 -3424.2893 -3405.3457 -3384.6326 -3364.4219 -3362.1572 -3362.6086 -3362.4248 -3361.7229 -3357.593 -3354.2834 -3351.2109 -3342.356 -3328.4612 -3318.9661 -3310.6526 -3285.135 -3257.2471 -3242.9294 -3232.3752 -3229.8735 -3226.8235 -3220.3687 -3212.9136 -3205.9114 -3207.968 -3216.5405 -3218.5979 -3219.9592 -3233.2454 -3247.1672 -3238.6357 -3220.7046 -3186.2607
-3636.7205 -3618.2258 -3591.6492 -3568.7122 -3564.8167 -3561.7949 -3556.687 -3550.5825 -3546.075 -3541.01 -3535.877 -3528.2869 -3518.9363 -3506.8521 -3492.6699 -3477.3875 -3464.8855 -3464.239 -3462.0793 -3450.6077 -3443.418 -3443.3672 -3438.3645 -3427.8916 -3414.0139 -3397.5007 -3384.6843 -3374.5813 -3375.854 -3377.5359 -3370.0635 -3364.4558 -3362.512 -3359.0891 -3353.8105 -3346.4966 -3336.4424 -3322.2065 -3306.1978 -3283.9426 -3261.7949 -3252.3523 -3243.7334 -3234.5244 -3225.8384 -3218.1763 -3211.3582 -3205.301 -3206.7439 -3213.7297 -3219.4094 -3224.8916 -3233.3259 -3239.1787 -3228.3767 -3210.0229 -3178.4092
-3633.9817 -3614.6694 -3593.7964 -3574.0784 -3559.6597 -3549.4795 -3551.9827 -3551.5825 -3546.7925 -3543.303 -3540.2168 -3528.7708 -3512.3198 -3497.3979 -3483.354 -3475.5779 -3468.9795 -3464.019 -3457.5359 -3444.4539 -3433.0278 -3424.8792 -3416.469 -3409.6318 -3401.146 -3392.7908 -3392.7539 -3393.9756 -3392.5781 -3389.3574 -3377.4219 -3368.5059 -3368.5977 -3365.9744 -3359.3899 -3353.946 -3348.5288 -3332.7449 -3311.8052 -3282.4575 -3253.0469 -3253.8408 -3254.5532 -3245.145 -3236.7168 -3231.5496 -3221.771 -3206.175 -3207.7725 -3223.467 -3225.5647 -3221.0359 -3228.865 -3232.5437 -3208.1292 -3181.2654 -3162.512
