MapLib/Lvl1_5x5/BG/Ele_BG_CD.asc
ncols         557
nrows         557
xllcorner     1670500
yllcorner     5008669.448
cellsize      1000
nodata_value  -9999.0
[rows 224 to 251 of 557, columns 252 to 314 of 557]
125.2283 134.8996 133.9458 123.9378 133.7681 115.1008 122.2861 122.6918 116.3822 113.2065 125.0603 117.0901 122.5598 122.9879 129.4264 127.8076 118.0279 121.4195 118.0079 116.7871 120.6465 111.1714 113.3542 110.7897 113.5968 108.9667 120.1749 117.9328 121.1061 113.19 117.7056 112.8161 113.7406 114.5507 113.9059 110.7663 110.7816 111.9359 112.6455 111.7299 117.3131 111.6338 114.2518 112.4941 117.2588 111.0802 109.7279 109.804 118.8649 107.2767 105.6789 105.7121 104.0882 108.6067 107.473 109.5147 111.2443 118.7692 110.5445 111.4219 110.2296 104.0382 111.7231
127.4741 125.2942 122.503 119.8461 138.3106 123.9653 126.3989 137.3902 125.4538 119.8666 120.9337 131.951 120.3625 130.424 121.3364 124.1203 125.3598 119.387 116.8186 111.9584 117.605 106.3264 117.5149 115.5606 112.8969 119.2451 113.0238 117.2423 114.5923 114.597 111.9069 105.1394 112.5773 114.3152 111.0742 104.6119 114.5963 113.0926 106.3912 109.1934 113.2727 109.9821 109.7572 118.0751 110.6832 111.7814 114.6056 120.6282 103.1515 105.2725 106.051 105.8449 112.0175 108.1038 108.903 106.5272 105.9171 107.7681 109.4866 109.7183 114.3391 108.46 118.9981
122.6166 119.7251 120.3644 113.3598 124.7111 113.7881 117.6701 117.5911 121.8083 113.2468 132.2083 115.3956 144.7123 113.363 116.5962 115.0218 122.9522 120.5808 125.901 101.1826 107.2258 108.9011 116.0579 102.9628 122.69 117.5025 125.1702 108.1162 112.9305 106.3616 111.1865 106.1949 106.4065 123.4364 110.6601 105.6637 107.6123 113.7023 110.8547 114.4421 116.4746 109.3553 113.8253 119.0735 109.7339 118.8655 114.6126 111.8678 109.486 115.233 106.9278 108.8522 111.0619 105.9287 105.2403 107.7965 106.8435 111.0005 105.5871 107.9072 108.2722 112.6278 111.026
123.0924 118.8366 121.6969 115.7501 125.2817 119.0863 113.6508 119.3088 129.0094 116.7733 139.7796 121.3867 117.8428 117.3135 120.8475 118.1047 117.1138 117.8692 123.2728 121.194 117.6739 116.9572 117.5998 106.9799 115.5523 110.6823 112.0242 119.8599 113.0912 115.6611 117.1352 111.967 111.3134 115.1321 116.9671 106.6265 110.7185 111.4945 116.0261 110.0516 114.5177 111.3345 115.9983 104.4867 113.9277 115.9045 119.0234 111.8246 110.1512 115.5819 110.7741 118.1444 110.3705 112.3347 103.6228 103.8706 115.4283 109.8345 110.2202 107.9662 108.9057 111.9442 113.4374
133.181 125.1456 112.9832 122.1787 130.5562 133.0663 126.008 110.3579 132.8769 115.2926 108.0916 104.6266 110.9337 129.1052 117.1412 125.2137 118.1638 115.6564 113.6375 122.0061 119.0904 117.1497 119.2352 114.3865 116.1932 107.7776 102.4671 106.9384 112.0821 111.4934 109.8003 115.7254 116.8047 114.791 111.4435 112.4535 112.1116 108.6439 120.7995 116.7968 115.5452 110.918 108.7631 109.832 113.234 104.0275 113.5592 116.0681 110.0426 107.5121 107.0619 105.5788 106.1996 106.716 111.551 108.3286 107.3242 105.1438 106.1436 105.5843 112.8727 111.912 107.4161
124.3555 119.6051 113.4661 117.2289 129.8093 121.1202 129.3319 110.0384 124.9159 120.1912 123.8309 113.0041 114.6031 125.989 110.8763 116.4239 125.9185 125.8578 118.7572 112.5824 119.8569 114.3513 117.6115 111.6703 114.9731 117.9604 109.9298 112.6817 109.5094 113.715 113.3813 110.5834 106.2184 110.6529 113.2922 115.1726 112.3719 113.0035 112.0199 112.5819 109.1049 105.6143 107.2829 111.4776 109.95 112.7729 108.4764 109.8672 110.2124 112.1034 104.983 102.5216 111.6917 107.7937 110.0854 106.2284 109.474 107.4851 106.3554 110.624 111.2632 110.7922 109.159
127.0351 115.6584 118.3907 111.8092 109.7257 106.3942 120.7975 114.5583 118.8319 130.2328 115.8798 113.4875 115.9822 107.0178 126.4905 130.1629 114.9324 116.2919 123.2321 115.0514 115.6174 117.0997 118.9198 105.3623 107.6055 116.2503 112.6732 109.7448 115.3124 120.9108 101.801 106.3178 106.9058 112.3941 116.4692 110.1713 108.7361 109.9805 99.4229 107.8653 110.6913 113.8445 107.7331 98.8188 106.6128 112.6595 106.412 108.2998 120.1116 107.3973 106.9101 107.3723 110.1508 112.4655 102.8623 104.4007 109.4686 109.1324 104.1879 117.7763 107.3937 109.4533 112.8029
128.4259 115.948 114.5507 105.9053 104.3898 111.1773 112.5158 116.584 132.8924 127.0272 130.806 113.2346 118.447 119.9217 132.2023 117.8707 123.3732 115.1617 117.7837 128.2109 109.0874 104.2373 112.2418 110.1442 115.1721 114.1458 109.5349 116.5726 109.9334 110.2097 113.6867 109.2765 118.961 113.8571 117.3103 114.4502 117.3892 111.5377 111.199 105.1574 105.3994 112.821 119.6703 110.5566 105.736 112.2216 109.3253 110.8967 110.7822 109.4055 103.7319 107.7671 104.9563 105.7102 103.2652 105.3243 111.1625 108.7397 108.1601 117.0697 108.435 111.5517 106.6146
125.9116 125.9649 114.0294 111.8612 120.8767 110.6565 119.2608 124.2771 115.7313 122.2241 115.9162 117.9778 110.0485 114.6045 121.1645 123.8802 122.066 119.2434 114.0513 121.2559 113.5677 99.8297 113.4906 116.0965 108.8627 116.1885 118.6104 112.5058 112.8396 115.2772 108.6588 113.92 108.8421 107.5397 107.2774 112.9084 107.1757 111.6285 106.9304 107.4085 111.4658 105.0278 113.8208 105.4611 104.2199 100.9903 109.5231 111.5063 109.5513 110.2619 107.1211 108.7567 106.7779 106.7397 104.3427 106.1878 106.4237 107.8939 109.5956 110.6828 111.4562 108.2824 111.0067
119.5354 115.3685 116.7318 121.5995 107.7492 115.1638 103.7306 101.3632 107.1374 117.9842 121.4212 128.694 119.8268 110.1697 117.0834 116.2865 117.1163 108.1372 113.1143 113.9212 113.8911 123.7328 124.3247 119.6672 128.2913 119.0543 110.7839 122.9662 115.3846 110.3063 119.9923 113.765 111.7967 119.9166 112.655 111.4388 112.6716 107.9799 105.3848 107.7419 106.069 109.2423 108.6129 103.0226 103.0172 115.8515 109.3735 108.5324 112.7547 112.3357 112.354 108.4796 116.1975 114.7104 108.8068 105.121 108.8705 106.9059 112.9903 114.0787 112.0109 109.3821 112.4506
109.9373 112.1023 113.9866 121.3789 114.8328 112.8534 115.4617 109.9284 107.9579 106.9474 114.3477 118.3134 110.2227 113.7039 113.2395 119.7355 112.6769 132.432 121.6633 115.1404 106.7469 126.5741 120.1169 120.6076 118.5945 122.1018 120.382 112.7072 122.1698 107.367 110.294 108.213 109.5389 112.7668 113.3758 119.2984 110.3482 115.4344 108.8774 108.031 109.1174 103.945 110.7277 108.9683 105.6742 108.3056 107.3422 112.2691 104.5672 108.7613 111.5638 108.2017 105.3713 103.7874 105.2729 108.1182 107.8422 111.0542 107.4776 114.6388 110.538 110.261 104.4859
123.8492 119.65 114.8584 111.7476 111.9718 111.2117 122.4784 111.0558 85.6089 112.1752 106.8534 115.4019 106.1954 112.9811 106.6256 112.0629 117.8234 112.5209 110.7757 117.1031 113.1663 112.1414 115.1536 124.2334 121.9438 114.6667 117.3995 116.8663 116.534 122.3136 114.1598 109.2247 107.1193 109.1697 105.702 108.1049 113.0067 113.4041 115.1436 124.5967 112.5256 103.2584 110.9434 105.4996 105.6539 107.8971 108.1169 108.9006 102.6274 104.6759 109.1857 108.0253 106.7866 104.9862 108.3564 109.5742 111.0885 108.6756 107.8683 112.3659 108.5944 107.3939 111.9402
116.9686 117.684 124.7686 114.2869 116.1575 109.7274 127.681 114.0302 115.4706 108.94 113.9623 114.6358 119.6241 110.783 111.0441 112.3856 104.5323 110.829 118.3236 114.4955 108.457 108.4269 110.5156 107.654 113.6664 111.8608 114.5393 118.7161 122.0337 109.5517 109.7806 111.9064 108.4396 108.3735 100.0875 100.3513 108.1862 105.2337 111.6041 105.3173 104.6525 109.3606 104.9422 104.6272 104.3997 104.2177 116.2883 106.2696 115.4059 103.9093 103.3129 104.4406 108.1247 107.5378 106.8847 106.4655 111.6639 108.6823 112.4774 111.5567 107.5985 107.81 109.9805
121.5196 116.4315 115.9287 123.5375 112.5387 123.499 114.261 97.4533 107.2104 112.9398 132.4563 108.212 110.5414 112.0619 116.7955 110.1223 112.1826 105.8509 117.5973 107.6586 106.9206 113.8206 105.8965 106.4226 121.9342 112.1117 110.1137 110.8544 110.9995 118.3599 118.0774 109.6593 108.3198 104.9283 106.6398 104.2069 106.1213 113.6923 100.4358 104.2065 101.5435 106.4722 108.2726 104.2342 105.782 107.6107 107.6654 103.506 109.0263 107.2503 102.1105 101.2968 105.7846 103.6186 105.2218 106.5032 108.7615 114.1299 105.8516 103.5902 107.0233 111.5393 111.3314
116.1541 119.3228 112.5319 126.5208 114.3475 109.62 109.6253 112.0395 112.3222 112.2335 116.0223 106.3402 114.0594 107.2072 114.9354 111.6141 108.7128 112.3588 105.1919 110.3887 106.3602 105.4245 109.5626 108.4259 109.1944 119.9566 125.398 121.7593 117.961 111.2682 116.4133 111.5778 110.5222 111.1525 105.2345 110.4375 108.3352 104.1523 104.8806 106.4988 106.2101 108.6904 105.448 103.4519 105.8052 105.9096 105.834 110.6505 111.4743 103.7739 106.3618 109.4255 106.5969 109.921 112.6226 114.4598 115.8204 115.3916 118.458 112.4806 111.935 113.1445 114.0842
107.2434 110.0415 113.8684 119.7909 108.266 107.2601 119.8902 107.8607 110.9968 117.0947 123.1432 113.603 119.2627 109.7971 109.6122 113.8383 101.506 109.8893 114.3743 105.6238 111.0416 109.0464 104.2724 108.3381 112.1848 118.3674 122.4835 117.4441 118.8039 113.2877 111.9517 113.3726 117.7983 108.5317 108.8486 107.7527 107.9967 105.2072 106.1051 107.2348 106.744 110.5732 110.1226 105.6359 108.2489 103.8874 101.0412 102.3261 101.783 102.5308 106.6005 105.6868 105.8986 108.8531 113.7728 115.8357 111.7829 108.7642 111.3985 125.6893 112.4817 109.6265 102.6345
119.3294 116.5736 113.7636 121.367 111.9521 112.5438 117.7727 111.9167 115.011 119.2222 121.0027 120.2851 111.0684 112.1157 107.5203 109.5057 101.041 107.6625 108.4671 108.1801 111.3148 107.641 117.6821 108.7431 104.1495 108.681 116.5283 114.5364 115.7101 118.167 108.4805 112.4225 118.6822 113.5688 112.8312 109.7766 106.9538 107.9889 106.6324 105.6168 107.1134 105.2052 105.3453 105.6322 104.8413 105.0711 107.5984 107.9652 105.958 105.3724 104.9169 108.3508 106.2253 108.2098 112.9788 113.4586 105.6001 108.068 112.0487 114.5599 108.6869 108.8873 110.1691
107.7788 114.319 118.1847 119.0155 115.4079 117.2699 116.8119 109.8362 131.8646 107.3156 112.9385 114.3639 112.2623 111.6784 111.6992 110.4713 109.8826 111.0008 109.0032 106.7003 109.0812 115.2002 111.788 109.679 107.5864 110.4699 109.3821 111.0217 109.5232 123.2803 107.8176 109.9299 114.432 117.9166 115.9114 115.5523 109.1069 106.8285 105.8895 104.7469 106.1813 106.7235 104.0825 105.3652 106.0058 105.5423 105.7218 104.045 103.7776 104.0813 104.2693 111.8576 105.9023 105.7737 108.8125 111.7481 109.0387 104.0912 99.7335 113.9298 108.8521 105.1224 108.9839
109.5471 105.2477 107.3888 123.1991 130.3111 116.4159 112.9522 113.1076 109.5094 108.9205 130.2964 109.5899 108.7649 106.5828 106.3845 107.1518 118.7167 117.8151 110.3835 124.1086 116.7951 113.7762 105.9409 111.2169 104.953 108.1775 117.7558 104.7754 102.5491 109.0094 106.167 111.2496 109.7079 113.526 112.2123 112.0373 119.3141 110.4014 108.4695 110.0177 104.0981 103.825 105.7823 112.3588 104.8424 102.0257 106.5567 105.056 105.2193 102.2103 107.3439 105.4959 113.5107 104.9052 105.6304 109.1673 103.0936 104.8777 100.9979 108.539 108.2448 111.5678 109.1147
119.2862 116.2336 102.1187 114.72 112.5438 116.252 114.7027 127.5765 111.0323 111.9895 109.9634 115.0858 115.1095 110.9908 108.1741 93.7878 108.7429 117.9639 123.5353 111.9091 107.0139 106.7388 116.828 115.3797 114.4116 103.2221 105.802 115.0011 114.1585 117.8234 109.5865 109.4525 111.6553 115.6612 120.8946 113.433 111.6568 115.271 112.2524 110.2835 105.8989 104.0987 105.3455 108.3132 106.0844 108.3429 109.3555 106.92 99.4488 109.6209 106.7528 108.6982 105.1135 110.9262 102.2239 103.7483 108.3372 109.0075 107.4632 112.1298 116.1938 111.8036 115.9593
116.2087 125.515 112.0193 112.2241 113.1143 113.2651 113.5243 116.4823 107.1156 101.9426 101.0271 107.5087 114.1794 114.9306 87.8969 104.5382 104.6285 128.7378 107.6719 101.392 109.6298 105.0322 110.6815 114.726 114.1903 112.0432 105.6574 105.0013 111.3818 103.7104 108.486 99.8325 103.5865 110.0301 111.6395 110.8906 110.4695 113.4279 110.5497 117.2338 109.1287 109.0033 104.6278 111.4879 110.3154 97.8331 100.0692 105.9173 103.4306 106.265 104.3722 116.8487 102.8726 108.0207 111.5958 120.0351 115.9865 113.9617 115.3871 114.202 119.7761 107.3475 112.7455
125.1577 133.5304 123.9436 128.3389 112.6849 105.1332 110.67 109.2431 106.3064 114.354 107.9837 114.963 111.0725 103.2164 112.5986 121.1362 113.0909 114.8176 101.6526 108.6839 113.1142 105.7755 106.4214 102.045 101.9594 107.4596 105.781 99.6178 104.1157 107.3899 105.0618 108.2773 108.0148 104.1503 103.1235 106.0705 108.0262 105.2312 109.0018 111.2725 116.523 115.9585 112.7227 115.6642 115.6998 117.9989 115.3585 107.1254 105.5916 106.2742 108.4511 108.8932 110.3654 109.3392 110.8931 113.6063 110.8315 102.5902 109.6556 113.5058 114.6549 113.6525 108.6082
120.2728 116.3237 132.1702 122.8854 120.1376 111.6116 113.1893 116.5747 119.6486 110.3141 105.558 102.4946 106.2019 112.1336 104.4881 120.0507 101.9444 105.0409 106.8482 115.6923 105.1201 98.0883 113.0717 110.2444 110.3559 113.3647 114.8866 108.893 108.4749 109.6865 108.6199 106.3503 112.3486 109.9695 104.7968 103.1956 105.4435 103.5378 105.2795 108.0054 111.8877 113.2315 112.5226 113.8013 109.3672 111.9787 119.0705 112.1271 108.7015 107.3053 114.1597 114.5528 106.3797 114.8357 114.7778 115.473 117.0492 109.1314 108.3088 100.9729 117.9082 109.1124 115.3673
113.5774 112.6141 110.1637 117.7769 116.3229 114.5505 109.9321 116.2095 109.8808 112.1899 112.4673 112.9578 112.7632 107.197 105.3834 106.1089 106.7485 109.6237 116.4404 114.5386 112.9575 105.5531 106.0477 106.5765 113.3245 103.6023 111.1752 112.7822 108.3575 108.8973 106.2353 111.7444 105.7458 109.528 107.1634 104.649 111.3581 105.4086 109.2345 106.2396 106.1491 105.3628 105.7238 108.1022 111.4975 107.8214 109.8118 111.3686 117.9252 116.2736 109.39 115.4983 113.4699 112.7469 115.6512 111.2617 110.6785 112.4559 112.994 112.4558 105.6455 114.2485 113.19
131.6974 112.306 112.6767 112.6719 114.4718 104.2813 109.9551 113.9365 114.3598 115.1305 110.358 113.2321 110.0327 114.2047 110.8348 114.2917 109.6706 115.9936 113.2582 111.1117 112.453 108.1353 110.5038 109.0669 109.4698 111.1768 114.0383 116.9612 117.0428 111.469 106.0963 105.8594 109.0966 109.2125 104.7871 102.0739 112.248 107.8784 120.0434 105.178 103.0657 105.5725 105.9172 103.076 107.854 106.289 108.3684 113.1524 114.2388 118.3711 115.5829 119.9599 113.7056 109.3676 104.2775 104.5036 109.9181 115.5878 108.8247 106.7654 114.8412 102.4764 107.2208
111.5577 114.7482 112.3636 134.332 125.3765 110.1766 113.127 110.3249 112.0512 116.0148 123.1646 104.1516 101.3066 103.9953 105.1971 117.9812 119.1636 104.3849 105.0096 115.4105 119.2359 107.0307 107.4183 112.9065 111.6371 114.554 116.8591 107.6769 111.6858 111.1716 107.8274 107.1182 112.6286 102.9343 101.0838 104.2677 101.9791 100.575 106.6446 112.2772 106.2919 109.8212 106.3427 105.959 106.1161 105.7585 103.6226 109.1828 112.6338 109.5764 115.762 109.0681 121.3477 117.1768 115.3346 103.9989 109.8804 118.1323 119.299 118.1288 110.9392 107.1892 113.4035
115.0748 112.6954 116.0901 117.7402 125.5154 114.4252 119.7663 109.893 113.5434 114.6676 115.2023 127.3629 122.5936 112.8047 115.9784 122.4822 120.2077 112.6296 105.8615 109.518 103.7108 107.4684 108.5788 107.3633 110.0973 107.0592 108.3887 108.133 110.5553 109.2454 121.4499 118.9617 105.7899 113.1508 116.0568 96.2149 99.5495 103.0161 102.383 105.2171 113.1429 105.4949 108.823 105.2825 106.4982 110.3028 104.9085 113.3114 106.985 107.5689 115.7745 112.6533 110.0614 114.6946 117.1386 117.3973 122.5681 117.835 109.2757 113.0167 114.0092 114.8025 124.7749
115.1746 109.1458 116.1501 113.0565 116.0351 109.4901 113.2417 114.4267 104.7962 104.5568 114.4588 111.1699 114.6307 122.8834 111.4726 118.9536 120.0936 108.0067 116.2112 108.8812 111.1943 108.129 115.7851 113.563 116.1798 110.9793 114.1336 110.667 111.6315 115.4415 115.6086 116.1201 118.1797 110.1263 109.1707 112.6565 109.4236 111.343 109.0778 110.4368 112.9122 110.0473 115.7271 101.6513 105.4481 101.5636 103.093 108.2306 113.062 112.9008 116.1838 113.4419 115.1929 117.5088 114.4459 114.0928 112.4589 109.4052 107.8711 122.5545 120.5546 111.9916 113.521
