MapLib/Lvl1_5x5/BG/Ele_BG_EB.asc
ncols         557
nrows         557
xllcorner     556500
yllcorner     3894669.448
cellsize      1000
nodata_value  -9999.0
[rows 156 to 181 of 557, columns 348 to 405 of 557]
-1947.1149 -1887.1843 -1824.7817 -1759.317 -1692.4384 -1623.1028 -1553.1317 -1478.8109 -1406.0007 -1339.9662 -1278.8662 -1225.0045 -1179.8302 -1143.5554 -1117.8932 -1099.2068 -1080.668 -1062.6365 -1050.7166 -1038.1151 -1016.2427 -998.6029 -997.3096 -992.9363 -979.9611 -967.545 -956.1561 -938.6251 -917.6489 -896.3083 -873.777 -847.8375 -820.0381 -790.6231 -761.0669 -726.8237 -695.7227 -668.0902 -640.4578 -613.5394 -594.4554 -580.2903 -570.1406 -560.004 -544.4925 -530.0637 -538.4523 -558.6213 -623.6266 -686.9657 -749.1055 -784.281 -792.3702 -779.497 -755.3828 -747.0198 -742.114 -725.8911
-1999.8778 -1947.4512 -1892.7664 -1833.3271 -1771.238 -1708.1234 -1643.5598 -1576.7327 -1511.5372 -1451.642 -1394.7883 -1343.6434 -1300.0668 -1265.3085 -1241.2606 -1224.3203 -1208.8993 -1193.6754 -1178.4966 -1160.2592 -1133.3334 -1108.413 -1090.6442 -1069.7605 -1043.5868 -1017.2302 -990.7015 -962.1506 -932.6246 -905.051 -879.2098 -851.8641 -824.8312 -797.4329 -769.002 -740.0534 -713.2188 -689.8873 -667.4134 -644.3801 -626.3947 -611.1865 -598.0505 -584.3593 -569.1876 -555.6502 -564.1781 -583.5129 -640.4311 -698.736 -757.6466 -795.9984 -813.4327 -810.2168 -795.52 -782.2761 -768.6898 -742.8826
-2052.5669 -2008.1671 -1961.5044 -1907.6306 -1852.0121 -1795.0671 -1737.2122 -1679.7439 -1623.5232 -1569.9004 -1518.4889 -1471.3566 -1430.9205 -1397.4951 -1376.4208 -1362.3484 -1351.4098 -1340.5176 -1321.287 -1297.7014 -1268.0612 -1235.5726 -1197.9614 -1158.7173 -1117.8348 -1075.4806 -1032.3308 -990.8361 -950.6375 -917.0543 -885.811 -857.6734 -831.3779 -804.2789 -778.8295 -753.8912 -731.66 -712.4948 -693.7303 -675.7415 -657.7538 -638.6852 -620.6458 -602.2013 -588.5718 -577.7134 -588.0889 -607.3314 -655.6294 -705.9742 -761.3124 -804.2248 -835.0294 -846.0684 -846.0797 -826.3394 -801.5179 -763.6932
-2103.104 -2065.9497 -2026.5037 -1980.35 -1931.4646 -1882.9387 -1834.7703 -1787.8458 -1741.8967 -1696.7152 -1651.5337 -1607.016 -1568.209 -1536.17 -1518.0701 -1508.9246 -1504.2885 -1498.8225 -1473.8326 -1443.5984 -1409.317 -1368.373 -1311.8481 -1255.3082 -1199.6003 -1141.1365 -1079.0959 -1023.6904 -973.0572 -932 -896.6741 -867.0272 -839.6277 -812.6302 -787.1951 -765.6877 -745.8576 -729.4426 -714.595 -700.5488 -680.5493 -656.7141 -634.4591 -612.8471 -599.2254 -588.7732 -598.5198 -615.7428 -657.9117 -705.4633 -760.3529 -811.2741 -857.2691 -885.8212 -904.1321 -880.7574 -846.6148 -796.6398
-2151.6274 -2120.6313 -2088.7808 -2050.0281 -2008.2642 -1970.1066 -1932.0978 -1895.0104 -1858.8059 -1821.5076 -1782.6174 -1740.4689 -1703.3163 -1672.2463 -1656.5504 -1649.7946 -1648.6733 -1646.676 -1616.0543 -1579.1274 -1538.8391 -1489.9994 -1417.0984 -1344.5215 -1275.3289 -1202.4558 -1124.5869 -1056.4152 -995.817 -948.1947 -907.4088 -875.7281 -847.6955 -819.8718 -794.1047 -774.3878 -757.5045 -742.7872 -730.1151 -719.1685 -697.98 -670.3312 -644.8518 -621.1137 -607.7608 -597.3086 -606.2753 -621.0486 -658.3584 -702.0803 -757.2574 -815.5714 -876.77 -921.6503 -957.3047 -933.0052 -894.4516 -835.6874
-2193.5461 -2165.5889 -2135.9692 -2107.0549 -2078.1621 -2051.0869 -2024.0397 -1996.3047 -1967.0562 -1935.4995 -1900.7347 -1861.2169 -1825.9606 -1795.3751 -1776.7928 -1765.3661 -1756.649 -1746.4763 -1712.0364 -1670.3734 -1618.951 -1559.7322 -1482.7896 -1404.0125 -1325.0145 -1244.0265 -1160.8094 -1086.4612 -1018.8 -965.2258 -919.6956 -883.6481 -852.1249 -823.1423 -796.642 -776.023 -757.5045 -742.7872 -728.8904 -715.8979 -696.0477 -671.4028 -648.1869 -625.7689 -612.6666 -602.2144 -608.5159 -620.1815 -652.1432 -691.8471 -747.4459 -811.619 -883.8356 -939.4679 -986.4901 -974.5222 -947.5568 -898.1476
-2238.8254 -2213.2163 -2184.8242 -2164.4675 -2147.4045 -2129.5884 -2111.2681 -2089.748 -2066.4675 -2040.2588 -2009.0891 -1968.7079 -1932.8353 -1902.3832 -1880.2745 -1863.7787 -1848.9945 -1831.9652 -1793.5068 -1746.4033 -1685.6892 -1618.1456 -1539.0802 -1456.3575 -1370.0774 -1282.994 -1195.6146 -1116.2932 -1042.5668 -984.0361 -934.1469 -894.009 -858.3788 -826.4974 -797.5432 -774.6958 -754.4906 -738.3367 -723.5186 -709.3354 -691.1208 -669.4553 -649.0958 -628.5736 -616.5692 -607.4788 -611.3863 -619.783 -645.0278 -680.749 -734.1642 -802.3997 -886.2527 -955.4427 -1017.1617 -1016.2758 -999.4138 -960.5261
-2291.4431 -2266.1545 -2236.72 -2223.04 -2214.1665 -2202.2297 -2188.4839 -2169.6379 -2149.5203 -2127.2571 -2096.8733 -2051.8098 -2011.2771 -1978.5754 -1951.6853 -1928.7988 -1910.199 -1890.9479 -1845.8134 -1791.7867 -1725.316 -1654.533 -1576.5426 -1493.9379 -1405.6361 -1316.6252 -1229.0326 -1146.0909 -1067.5798 -1005.572 -953.0087 -908.4609 -868.3211 -830.8263 -796.8884 -769.7348 -745.6841 -726.0667 -710.0873 -696.37 -680.0143 -663.0186 -646.1158 -629.7576 -620.1982 -613.0151 -613.6268 -618.183 -637.8148 -667.0161 -713.9822 -784.7791 -880.6075 -967.8157 -1050.2625 -1058.8602 -1049.0402 -1021.8002
-2352.9514 -2333.3542 -2308.0605 -2294.2527 -2284.1707 -2269.3391 -2253.4287 -2232.5625 -2210.6509 -2187.2432 -2154.5105 -2106.655 -2063.1633 -2025.9751 -1994.684 -1967.4846 -1945.4208 -1922.2173 -1876.1648 -1822.0386 -1756.5153 -1686.2996 -1609.8406 -1529.0214 -1441.1527 -1353.5741 -1265.8555 -1181.6331 -1100.8789 -1035.6534 -977.8079 -927.5833 -881.0616 -837.8149 -797.1355 -764.5912 -735.2458 -712.8295 -694.6538 -680.8715 -667.7075 -655.3478 -643.7688 -633.2156 -626.728 -620.8167 -619.7985 -622.2817 -637.029 -662.1922 -704.7715 -775.0822 -872.9954 -966.6225 -1058.7969 -1084.7233 -1093.4623 -1086.5782
-2424.1904 -2414.7205 -2398.9841 -2378.7693 -2356.5127 -2330.8079 -2303.8511 -2277.3806 -2249.4958 -2217.7114 -2180.4941 -2132.5508 -2086.668 -2043.0948 -2008.3717 -1978.7496 -1952.4556 -1925.3511 -1883.626 -1835.8923 -1776.9877 -1711.9844 -1639.0243 -1561.4159 -1477.978 -1393.1871 -1306.7092 -1224.1384 -1144.4165 -1074.3198 -1010.3036 -951.8859 -897.3421 -847.0798 -799.6422 -759.0746 -723.8792 -697.9439 -677.3865 -662.5839 -652.6155 -646.4873 -642.5367 -638.7531 -634.3601 -630.3539 -629.61 -631.8569 -643.4026 -665.5873 -707.7111 -773.7627 -863.5574 -952.9921 -1041.8168 -1091.5834 -1130.7505 -1155.6268
-2489.4504 -2488.8049 -2482.6555 -2454.9133 -2419.8174 -2381.3704 -2343.7266 -2312.1089 -2280.2844 -2242.7673 -2200.0344 -2151.3005 -2100.5405 -2048.7786 -2011.738 -1982.2361 -1954.3733 -1924.8016 -1887.6998 -1845.7189 -1793.468 -1735.2904 -1665.0864 -1591.4747 -1514.1447 -1432.9063 -1349.2614 -1269.3777 -1191.1365 -1119.2358 -1050.2583 -985.6879 -923.787 -867.7117 -814.4492 -764.3808 -721.7465 -691.645 -667.2727 -648.9487 -640.7776 -639.3946 -641.3372 -644.3917 -641.8957 -638.5293 -639.9907 -642.6762 -651.0101 -670.5208 -710.0955 -773.6285 -860.3935 -949.0152 -1038.7966 -1108.4617 -1172.6106 -1222.297
-2549.2073 -2556.1277 -2559.728 -2524.4883 -2476.3003 -2425.1133 -2375.4724 -2341.0791 -2305.875 -2263.7512 -2217.3733 -2165.7273 -2109.6399 -2049.7625 -2010.0381 -1982.6151 -1953.2439 -1922.9677 -1889.9127 -1854.0293 -1808.5823 -1756.0492 -1689.6442 -1620.8761 -1549.0518 -1473.2424 -1393.2419 -1315.0802 -1239.3893 -1167.0159 -1096.3575 -1026.7145 -958.5547 -897.1808 -837.3842 -777.9575 -726.9992 -692.9212 -663.2017 -639.1936 -631.0262 -633.9962 -641.5398 -650.3641 -647.8979 -644.6274 -649.0939 -653.6895 -659.3494 -676.7248 -713.6254 -775.8026 -862.4712 -953.4887 -1045.9442 -1132.864 -1218.7067 -1288.1998
-2575.1665 -2582.2898 -2584.4307 -2551.8606 -2507.6594 -2457.9829 -2410.0039 -2374.8831 -2339.6682 -2297.9465 -2251.78 -2199.1216 -2142.2141 -2081.8782 -2038.9435 -2007.718 -1975.869 -1943.6085 -1909.1215 -1872.9337 -1826.7933 -1774.8574 -1712.4409 -1648.0017 -1579.6057 -1508.5663 -1434.9465 -1362.5166 -1291.2191 -1221.1879 -1151.1565 -1081.1251 -1012.3096 -947.6573 -883.4893 -820.125 -762.7725 -718.0786 -680.0915 -649.0738 -635.2896 -634.1902 -638.8175 -644.9478 -643.4734 -641.309 -646.019 -652.1237 -663.681 -687.2504 -730.6509 -796.5974 -886.2966 -983.733 -1084.6224 -1183.1044 -1281.2626 -1361.8054
-2588.2583 -2592.7864 -2590.6885 -2563.4758 -2528.6248 -2486.5398 -2445.1702 -2410.741 -2375.6357 -2337.3972 -2292.6614 -2239.1772 -2183.146 -2125.4731 -2080.2253 -2042.3013 -2007.2854 -1972.8589 -1935.6707 -1895.8555 -1847.0411 -1794.2726 -1735.7628 -1674.1965 -1608.4745 -1542.6857 -1477.0917 -1410.9512 -1343.8663 -1277.181 -1209.9611 -1141.7129 -1073.0321 -1005.6127 -938.2568 -872.5084 -810.3724 -753.0619 -704.3776 -666.1636 -645.033 -635.6103 -634.504 -636.6247 -635.8847 -634.7679 -638.1423 -645.4625 -667.1091 -699.6896 -752.0628 -825.3979 -918.4528 -1023.464 -1135.0497 -1242.8508 -1350.6376 -1437.9222
-2580.8245 -2581.8691 -2577.3401 -2555.6611 -2527.9858 -2495.6328 -2463.4429 -2438.2458 -2412.6736 -2384.7388 -2348.2969 -2296.9656 -2242.8271 -2186.394 -2142.6753 -2106.6221 -2069.3921 -2031.8304 -1991.0148 -1947.0707 -1892.397 -1835.6769 -1779.8553 -1720.1255 -1653.08 -1589.1594 -1528.9872 -1465.2816 -1399.7606 -1334.3503 -1267.9191 -1201.3182 -1133.8639 -1064.6908 -995.7436 -930.0399 -862.934 -793.8084 -735.0245 -686.5059 -658.1721 -644.2911 -639.2944 -638.1652 -638.3339 -639.3284 -642.2437 -650.9291 -680.1747 -720.0226 -778.4172 -858.8046 -960.6288 -1076.4037 -1198.6857 -1312.2422 -1423.8041 -1513.0189
-2570.6465 -2568.0254 -2561.3538 -2544.4631 -2524.0974 -2501.5962 -2479.0186 -2463.9124 -2448.177 -2431.2961 -2404.0508 -2357.0354 -2305.6377 -2251.4358 -2209.6838 -2176.1169 -2137.5396 -2097.2778 -2052.2161 -2004.3904 -1943.4995 -1883.6044 -1829.4104 -1770.8643 -1703.2169 -1640.6025 -1583.5001 -1521.5046 -1456.3026 -1391.3054 -1325.5405 -1259.9489 -1193.5414 -1122.6517 -1052.1735 -985.8239 -914.4517 -834.397 -765.3977 -707.692 -673.2332 -654.3866 -645.788 -642.648 -643.7746 -646.6656 -649.8279 -660.3671 -697.0405 -743.0457 -806.7408 -893.9579 -1004.2508 -1129.681 -1263.1171 -1381.8569 -1496.4034 -1586.6823
-2558.8342 -2551.6023 -2542.2566 -2528.1323 -2511.8049 -2497.0857 -2482.8071 -2476.8926 -2470.5537 -2463.0693 -2446.9587 -2416.084 -2381.1409 -2341.6772 -2306.3796 -2274.1741 -2236.8962 -2197.5955 -2150.5891 -2099.6086 -2040.9806 -1981.7198 -1925.2634 -1865.7225 -1799.3788 -1731.6541 -1663.2013 -1590.5095 -1515.7108 -1442.7096 -1370.5203 -1299.8577 -1229.2714 -1155.3281 -1080.8702 -1009.5589 -935.1932 -856.4949 -787.9679 -731.4682 -694.9186 -673.268 -666.2079 -665.6082 -673.0061 -681.7035 -694.8292 -712.0721 -744.0737 -787.1466 -849.2574 -937.2164 -1049.9541 -1178.0784 -1313.3389 -1433.9666 -1550.3507 -1634.5134
-2548.7092 -2537.2666 -2524.9116 -2512.7024 -2500.9717 -2492.0283 -2485.5298 -2488.4028 -2492.3181 -2493.7378 -2488.8794 -2473.0132 -2452.8433 -2428.3416 -2400.248 -2370.0793 -2335.0681 -2297.6445 -2248.7654 -2196.2986 -2139.0469 -2081.499 -2023.8379 -1964.0767 -1898.6664 -1825.3842 -1744.3036 -1660.1068 -1573.8785 -1491.1523 -1410.723 -1334.8975 -1259.907 -1180.8589 -1102.9995 -1027.9244 -952.041 -873.5486 -806.5615 -751.8553 -714.0094 -690.3649 -685.6284 -689.1147 -702.8439 -718.4096 -742.7245 -767.4669 -794.3403 -833.168 -892.1755 -980.0529 -1095.6669 -1225.5992 -1362.9608 -1484.6846 -1601.5059 -1680.7902
-2544.3699 -2529.6838 -2514.9763 -2503.2 -2493.3787 -2487.2883 -2483.3354 -2494.7859 -2508.2861 -2519.6536 -2524.9231 -2521.3884 -2514.2808 -2503.6716 -2483.4507 -2458.1763 -2429.4482 -2398.5154 -2350.1511 -2296.3596 -2242.3643 -2187.627 -2132.3918 -2074.3069 -2009.8638 -1929.7262 -1831.7618 -1730.1224 -1626.6437 -1527.8645 -1433.1924 -1349.9347 -1269.118 -1183.2936 -1099.7397 -1027.7561 -953.403 -874.1982 -809.4484 -758.995 -723.821 -700.9182 -703.46 -716.2741 -737.7281 -762.5261 -800.9766 -835.5859 -855.2689 -885.6111 -935.9168 -1021.2859 -1141.2623 -1273.0973 -1411.3689 -1529.5619 -1643.3958 -1721.0629
-2543.7844 -2527.4155 -2511.1213 -2500.5364 -2492.9492 -2489.3193 -2488.2666 -2504.989 -2522.9768 -2540.9648 -2554.574 -2559.3542 -2561.9226 -2561.3027 -2549.1931 -2528.5566 -2506.2996 -2480.7388 -2435.9248 -2386.3018 -2336.3984 -2286.1873 -2234.1118 -2177.0349 -2112.2104 -2024.4154 -1913.0919 -1795.5668 -1675.1552 -1559.3254 -1448.1488 -1352.7706 -1262.3419 -1172.2498 -1087.1664 -1017.4586 -945.6163 -868.314 -805.8067 -757.6526 -725.6616 -706.1649 -714.6531 -734.8299 -765.1046 -798.5797 -847.591 -890.1707 -910.7623 -941.5234 -989.2867 -1073.5197 -1193.4969 -1322.8141 -1457.4797 -1571.2407 -1680.0022 -1755.5846
-2549.8418 -2533.6367 -2518.9194 -2509.793 -2502.7415 -2502.6333 -2505.3167 -2520.7437 -2537.5635 -2555.7141 -2571.0791 -2580.2549 -2586.8811 -2588.9353 -2582.6873 -2571.1018 -2553.4556 -2531.9031 -2496.4707 -2457.0605 -2415.0759 -2371.2407 -2323.4263 -2267.292 -2197.7734 -2104.5771 -1985.764 -1854.7817 -1716.3683 -1581.2118 -1450.3937 -1334.6052 -1227.8033 -1140.1316 -1058.3695 -989.8448 -920.9142 -850.8984 -790.713 -741.8622 -714.7025 -702.6497 -715.4996 -739.4883 -779.1446 -822.4414 -873.5289 -921.5175 -957.5132 -1001.7253 -1060.1704 -1144.8364 -1255.7783 -1376.0397 -1500.6979 -1607.4957 -1709.512 -1781.7563
-2559.1172 -2543.782 -2531.127 -2523.551 -2517.01 -2518.9104 -2523.2563 -2536.5901 -2551.9194 -2568.5186 -2582.8625 -2593.874 -2600.7361 -2604.0066 -2601.5959 -2596.4368 -2584.6423 -2568.489 -2542.4492 -2512.1099 -2477.3333 -2440.9636 -2399.1201 -2347.4309 -2277.812 -2181.9758 -2057.9512 -1915.2814 -1762.4938 -1612.8732 -1465.7383 -1331.1818 -1207.778 -1125.4957 -1050.193 -984.4893 -919.6843 -854.0964 -795.1185 -743.3379 -720.1926 -717.4598 -733.1804 -758.2462 -804.781 -855.1188 -908.8933 -960.6698 -1008.4599 -1062.3993 -1127.7339 -1213.2278 -1316.825 -1428.8151 -1544.6278 -1642.2026 -1735.4697 -1804.0885
-2570.823 -2557.9343 -2547.3489 -2541.0178 -2536.4734 -2538.4883 -2542.7402 -2553.3257 -2565.4011 -2578.7471 -2590.6819 -2599.064 -2604.1152 -2606.7195 -2607.0693 -2607.1567 -2600.9109 -2591.7969 -2573.49 -2551.7471 -2525.3589 -2495.7961 -2462.4746 -2417.8982 -2352.8848 -2257.1763 -2128.6145 -1977.2621 -1813.5251 -1652.6835 -1494.0123 -1340.2911 -1202.3146 -1127.1873 -1062.4441 -1001.3774 -940.4561 -878.7457 -818.6769 -761.851 -742.7229 -749.011 -766.2568 -790.4614 -840.8232 -896.5092 -952.4399 -1007.6489 -1062.0867 -1122.7382 -1192.8969 -1277.7245 -1376.179 -1480.9441 -1589.5579 -1675.9076 -1756.9785 -1821.8826
-2581.7749 -2572.0869 -2564.1755 -2559.2048 -2556.0454 -2558.1113 -2561.6233 -2568.7542 -2577.0762 -2587.3582 -2595.2424 -2601.187 -2604.8689 -2606.3965 -2608.0264 -2609.7747 -2607.3767 -2602.1477 -2591.3174 -2577.4346 -2558.2717 -2536.3064 -2509.2671 -2470.5227 -2410.5479 -2319.8369 -2197.4768 -2051.4849 -1891.8867 -1731.6168 -1572.7358 -1419.3663 -1282.1198 -1204.5184 -1137.6128 -1078.0942 -1019.3512 -961.6172 -906.5505 -854.6288 -836.6593 -841.6778 -856.9597 -877.6093 -922.2344 -970.9055 -1021.3293 -1073.1542 -1127.7532 -1187.8209 -1257.4918 -1337.873 -1430.3597 -1526.5972 -1623.5381 -1700.5585 -1772.3683 -1831.8457
-2591.7813 -2585.2739 -2580.7993 -2578.0027 -2575.6277 -2577.2688 -2579.2522 -2583.709 -2588.1494 -2593.5896 -2598.0667 -2601.6687 -2603.2336 -2604.2029 -2605.8057 -2608.8862 -2608.312 -2606.0959 -2601.3196 -2594.9119 -2584.0981 -2569.4119 -2547.3193 -2513.1006 -2457.9526 -2375.6924 -2264.8035 -2131.7297 -1984.7368 -1831.7859 -1678.838 -1537.8486 -1409.0277 -1323.5999 -1247.1749 -1187.6565 -1130.4259 -1077.4344 -1029.9441 -987.8367 -969.8616 -967.3643 -977.8978 -995.453 -1027.5245 -1063.3215 -1104.3801 -1147.9424 -1199.8674 -1256.015 -1321.7916 -1397.5388 -1482.5277 -1567.7134 -1652.6254 -1720.1138 -1783.9014 -1837.2047
-2602.1396 -2598.3921 -2595.8286 -2594.0107 -2592.9141 -2593.656 -2594.679 -2596.7993 -2598.7949 -2600.8008 -2602.4893 -2604.2605 -2604.4324 -2604.1443 -2605.6028 -2608.8733 -2608.8606 -2607.9719 -2607.751 -2606.1616 -2598.3982 -2587.7974 -2571.1367 -2543.8135 -2496.8772 -2424.6748 -2326.1174 -2209.9998 -2083.1545 -1946.2327 -1807.8992 -1683.7609 -1569.52 -1486.9657 -1412.335 -1353.8881 -1299.2349 -1250.761 -1206.9421 -1168.55 -1148.2288 -1140.5453 -1143.5537 -1152.0657 -1170.9719 -1192.2524 -1218.4957 -1248.9379 -1292.2858 -1339.3408 -1393.5773 -1460.4232 -1540.2466 -1616.9417 -1692.0765 -1751.0637 -1805.4691 -1850.6008
