MapLib/Lvl1_5x5/BG/Ele_BG_AB.asc
ncols         557
nrows         557
xllcorner     556500
yllcorner     6122669.448
cellsize      1000
nodata_value  -9999.0
[rows 420 to 447 of 557, columns 448 to 511 of 557]
34.9887 37.5994 44.5565 43.7754 50.9932 52.7357 43.6336 46.9335 46.161 49.7378 50.8988 57.0554 60.0067 57.6092 56.4706 61.2801 67.0468 59.738 47.7891 47.3687 46.1189 62.171 66.3183 80.171 83.7354 81.6696 80.2187 81.0915 74.8747 80.9412 70.6455 69.1217 77.7919 75.9074 74.2817 76.9117 73.5462 76.4269 82.8309 78.9237 81.7195 81.3079 77.3553 74.9251 75.4381 82.7232 90.1245 83.1661 80.2308 87.659 87.4033 74.4581 61.2615 44.534 46.5436 59.0691 54.8896 58.3762 61.3946 61.6893 64.8975 64.5455 64.8349 63.5465
33.825 39.2439 51.6095 49.4738 48.3716 40.7345 51.4485 55.3125 51.7725 48.6689 49.9291 52.2997 52.6652 53.6462 61.5601 62.9142 67.804 61.676 62.3747 59.0338 55.0831 46.8078 53.318 58.574 62.9514 79.2423 79.3604 86.4007 79.8403 84.777 85.1664 90.1406 83.8904 76.2151 83.8554 76.5642 80.4013 77.2589 78.8227 82.6754 81.1514 87.2319 90.491 95.5195 78.5894 79.0853 81.6685 91.9907 82.9262 70.9026 67.2283 57.45 45.1812 43.7443 58.3984 63.9695 64.0389 67.5254 58.5628 59.7472 51.7749 52.8643 53.8713 59.1254
42.1259 44.2387 44.0908 45.2026 38.4774 48.4008 54.7729 57.0365 53.8362 59.7659 44.4031 50.3042 54.958 58.1051 58.59 65.4647 64.6138 59.227 53.5378 67.8656 62.5504 59.812 54.2633 51.6904 60.2784 70.689 75.5288 73.6643 76.969 81.6494 84.1172 84.9503 78.5718 84.4518 84.5045 81.6857 84.1649 78.1739 77.3976 78.1134 85.4179 86.2424 88.8386 96.4564 85.0897 80.5143 75.9183 70.9591 76.402 77.0246 67.3227 68.0869 47.6718 49.131 52.9338 69.4165 71.5037 68.1038 60.5154 59.2638 58.0792 64.5142 64.6265 73.76
38.7082 38.9902 38.9912 42.3352 43.8101 47.7659 53.0017 52.1865 51.5711 52.6757 55.6015 51.4164 60.4441 62.5465 65.8189 61.3724 64.9773 60.1929 57.6841 60.5427 68.892 62.9702 68.4008 69.9688 62.3364 55.0682 68.0449 71.4921 70.8509 78.6215 72.6797 67.2032 70.5557 83.9422 99.8835 98.2309 93.1444 82.9195 74.7268 81.7309 81.8578 85.697 88.6345 86.9283 78.4222 78.5751 71.5728 68.9692 70.88 68.0295 69.6544 65.7493 61.4673 70.2577 67.2013 55.1937 49.3728 54.3546 59.5979 60.4518 63.7101 63.906 67.21 68.1098
37.5233 41.7451 47.152 45.9033 50.694 48.3118 46.2933 49.5057 51.6269 54.4587 56.5642 53.826 44.7963 54.3226 64.1265 59.89 54.4814 58.8902 60.3954 59.9382 64.6422 73.737 76.7117 65.1368 73.5236 66.3763 65.2658 59.7235 59.5784 65.8637 63.0103 67.8496 76.7784 64.2873 71.8343 81.1806 99.6785 82.5144 84.0399 82.915 80.3406 80.3127 79.3627 76.6857 79.4708 82.0169 81.3602 81.9271 79.3522 71.2313 65.2373 58.756 67.3116 72.7207 66.9138 73.9702 65.202 63.4679 47.8053 48.5498 45.2213 54.6194 49.7241 61.4309
42.5593 41.2879 42.3205 54.7481 53.5078 45.714 45.8892 49.3914 50.9928 53.1475 52.425 50.2736 56.0324 52.8649 58.3296 63.6156 55.7612 64.8969 62.1761 69.5406 73.2396 65.7471 65.163 64.8348 64.072 71.8472 65.8275 65.0094 68.6967 71.6027 70.3295 77.5909 81.2916 77.4732 63.0462 70.4719 64.8134 63.7322 59.6925 64.9291 72.4263 77.1147 78.4955 79.9652 87.4213 89.6663 95.2849 90.4136 93.1195 93.6657 73.1723 59.6121 63.2973 71.6388 64.7401 66.4357 37.7184 31.047 25.3611 26.9221 24.0631 24.1271 25.719 48.8392
43.1808 38.1069 33.5219 47.1996 47.672 46.0609 49.4356 49.1127 49.1522 61.1123 54.4187 53.5032 54.3905 55.7909 62.4461 56.7894 56.628 59.0599 65.8977 67.9735 83.6575 89.8384 76.9929 78.2082 80.7402 68.5084 72.6917 72.8014 72.3088 74.6047 79.9325 84.7842 93.9533 101.6838 84.923 76.2681 79.7085 76.0744 65.9573 66.5674 67.57 75.4783 76.6667 88.9974 89.3728 86.9474 91.0588 89.8348 96.4716 92.9585 81.789 64.606 78.2416 65.6885 49.0825 25.6763 15.8476 14.2369 13.2805 20.8526 21.7073 14.0051 13.1356 13.2763
32.7123 41.4766 45.8087 50.9329 45.9532 46.1502 48.581 53.3905 47.0496 49.938 53.8402 54.8778 51.7787 57.8884 59.4307 57.3816 57.302 63.4461 58.1725 62.2093 69.9991 72.4389 68.8587 76.4493 88.1535 69.7882 58.3734 63.379 70.7284 71.4594 81.4828 92.1022 88.2611 95.3517 97.1585 100.7688 82.8587 87.7017 82.4221 53.817 61.1832 85.5167 78.1705 83.2279 86.8411 93.1335 88.0771 90.8959 86.5759 83.3566 62.0393 41.6383 57.5741 42.1955 17.652 34.5033 27.2776 28.9169 23.4735 36.0675 83.1032 72.5782 52.3708 29.9446
53.9641 56.2809 56.4446 56.6315 49.747 47.4779 45.6472 53.598 58.8683 61.1503 50.7263 65.2755 53.8017 59.5367 55.1768 60.0238 56.3045 63.9331 58.0972 66.7085 63.5552 68.5791 78.294 81.4145 85.5944 78.1398 66.8426 61.7686 75.1085 81.4423 87.8983 88.6508 100.461 106.3814 94.9768 87.8471 97.5638 116.6718 119.2143 74.5504 65.8972 77.0688 94.1076 75.3462 88.4083 82.7011 91.5666 94.2057 91.9515 85.4326 86.115 72.3127 28.666 22.8088 21.1083 21.2828 25.0881 24.0993 27.066 33.0421 28.1811 43.2048 74.0797 82.7022
45.4047 61.7694 61.638 64.6505 61.347 55.4693 59.1261 59.0438 65.4874 62.5394 55.7378 60.013 60.093 59.4093 57.8999 53.5482 51.3531 54.2773 57.1477 59.8884 68.4296 68.3845 75.5004 68.7927 74.1606 65.6208 72.4574 74.7638 72.0273 73.2975 87.0231 85.9775 91.496 98.1461 94.7722 96.4302 105.8003 109.4785 106.2003 96.7375 63.9177 85.3293 83.5221 92.34 79.9946 84.1593 89.6323 90.4728 94.0244 89.4634 92.0568 57.666 25.5078 22.0479 21.8024 45.468 71.2129 47.4316 33.5201 30.715 23.2025 20.774 25.7734 37.3954
41.8953 43.8683 50.0173 52.7846 51.1697 53.9691 56.0981 60.9828 63.4409 66.0964 73.4187 74.5481 76.805 73.6344 73.3028 75.9721 73.6564 64.9465 58.6796 62.1819 78.7518 79.0285 72.4262 72.9164 68.4953 73.6633 76.5558 93.7156 86.9632 87.7396 86.8752 85.1246 89.3385 84.5325 93.6545 86.6796 91.4714 91.8259 97.0488 103.5838 122.6128 112.2022 92.9794 67.3907 61.7158 78.5525 93.1844 93.6818 85.9571 48.5072 33.3375 33.1328 29.5733 75.769 104.0299 103.3282 92.4125 73.224 41.0625 36.965 41.7635 47.0618 36.892 23.188
45.957 53.7964 46.4362 52.6796 51.9246 49.7828 55.8613 57.6336 68.2181 65.5485 66.5316 70.1644 61.8688 72.535 59.9973 64.8511 75.2531 75.347 73.5836 59.2813 63.9535 64.8106 70.816 84.6039 76.0802 73.4211 78.6011 80.5246 81.4666 85.6976 96.0106 93.8867 98.9812 92.6577 89.6602 80.9626 88.441 98.0398 88.572 98.3543 105.0696 120.9773 121.5008 104.3321 86.1676 70.261 62.5223 68.3806 66.2594 79.1801 60.1759 41.9615 51.8619 83.0838 96.4427 64.6063 52.7943 32.9622 31.0956 30.6358 28.4379 38.4586 28.8097 32.4853
42.1795 39.7253 40.7563 42.3194 46.4252 52.1938 53.7059 55.8218 60.9277 49.9312 59.5415 75.176 60.7406 58.1592 56.1209 51.8031 59.6483 61.9164 76.0299 84.5785 74.5508 63.7474 63.3785 75.4987 80.7306 81.5513 85.4866 77.6645 86.2912 88.457 82.0766 86.8149 90.7662 87.0953 68.7332 78.8868 84.9454 91.6352 94.49 90.7487 98.7767 99.566 108.9793 101.073 78.0572 99.3189 99.1654 90.9739 88.8555 102.1019 104.4654 100.0078 98.904 85.5875 77.7623 74.7623 77.4914 93.3808 102.308 90.8062 63.0821 52.4741 48.7021 50.4933
42.495 43.726 50.1198 57.721 50.2854 51.7378 55.9514 62.8676 53.7762 52.3261 58.6359 66.7805 58.1019 50.886 51.0773 52.5699 61.1685 68.4665 78.0174 87.8415 92.3573 79.0021 69.9649 59.4618 57.8847 72.4697 78.1458 89.1071 86.3813 96.5008 86.6056 78.3556 75.8701 77.1767 77.1744 88.1887 87.3506 87.483 93.4089 88.7933 100.0432 95.3656 112.8042 104.3476 106.1356 102.3892 94.9984 95.7528 84.2637 99.383 101.8301 100.3016 105.3132 104.1747 96.2826 94.5421 95.5296 90.8436 83.825 78.2604 83.7833 86.6077 80.0777 83.6547
47.6856 45.3567 46.1606 48.0877 51.5571 57.5443 58.2066 61.8859 55.9398 58.3945 45.4874 56.541 54.0787 52.2828 53.5728 56.5931 58.4366 53.7278 58.9123 59.7287 63.9813 69.3011 67.2918 64.9715 67.1126 69.5149 69.1055 67.3391 73.9328 80.3681 87.5993 75.0618 84.6362 91.8146 93.0879 94.4838 96.87 88.8995 93.9593 94.7138 98.087 89.9237 97.5196 97.4837 103.5359 104.5182 108.1586 115.5435 112.6922 97.0301 117.1324 99.1915 98.2466 91.3336 103.0497 110.244 98.5753 103.966 100.122 100.2255 108.184 97.2872 86 86.4869
53.2935 38.6084 41.2207 46.7893 52.3646 75.1173 59.0521 55.07 51.6073 53.6849 51.1259 53.1837 60.122 54.3761 55.1821 47.239 51.2239 53.9617 52.7558 51.6169 66.9581 65.9866 67.7246 69.6099 77.7478 77.6888 77.8849 88.1137 80.0812 74.0968 71.6076 77.0822 78.0706 83.4792 88.0781 83.1181 99.0644 88.904 84.6746 93.8573 92.3331 92.3275 92.5901 98.8257 102.8969 94.4044 108.0352 109.7291 106.2955 110.27 116.3651 125.2169 121.6888 122.5566 108.679 98.5481 103.5674 99.2274 108.3395 104.7551 109.9884 89.3705 89.8886 73.8825
47.8135 42.4191 47.6278 46.7111 46.6833 49.9011 46.8876 46.8503 52.5154 51.6827 60.6348 44.857 41.4025 48.3754 64.0532 55.7424 64.1542 55.0854 54.5939 71.4354 65.0257 64.9825 59.4661 63.221 75.0622 80.4123 75.3323 88.4961 84.5725 86.1109 84.1673 82.0059 94.1605 80.4001 92.1509 85.7884 77.2745 79.1917 87.3918 95.9566 103.9667 93.972 77.6004 79.8309 80.2083 90.5093 85.8976 96.1398 96.1218 106.777 110.2449 120.0934 122.709 133.17 128.3494 111.8914 109.2004 105.46 99.9592 93.1661 95.3571 91.1797 84.7829 92.9328
42.6284 42.547 38.0651 43.3362 37.4083 39.4412 40.5897 43.5182 49.3539 51.7118 50.8067 50.7761 47.4225 49.8991 47.3511 51.4418 59.8644 68.0716 65.397 80.9952 89.2323 78.3426 60.7968 60.2277 57.0038 68.4015 82.805 75.1762 73.5291 79.9793 96.7578 88.3368 82.0575 86.1091 86.4931 84.636 82.1172 85.9125 90.3796 95.6812 97.5148 94.7289 103.3056 85.549 71.556 86.9867 77.144 66.8953 101.7305 106.5303 115.521 123.1817 125.6925 118.6161 112.6089 95.4278 91.7608 93.8085 96.0859 90.6271 72.2525 81.7105 69.7661 33.8978
40.0615 38.6525 39.8274 45.718 40.189 33.1861 38.1157 41.9786 47.1575 39.5884 41.5628 44.6053 47.0864 46.0419 49.2299 54.3911 48.9016 76.1159 81.0963 76.7447 69.5674 76.8237 91.3448 67.9668 59.585 74.9201 69.132 74.1577 69.6054 82.6644 84.577 85.1974 80.1306 84.1806 93.3576 88.2293 78.7187 83.1519 81.6397 89.4863 88.504 88.7947 93.0944 100.9823 90.1769 74.1402 65.1617 57.3038 96.4201 109.9403 118.5014 102.199 90.1044 88.6684 90.1239 87.6115 81.1257 66.306 75.956 89.0527 65.9209 26.2364 28.6415 25.2781
50.0895 35.1777 34.1456 38.9581 38.1412 39.7206 36.9131 38.2849 45.8368 40.368 44.2221 44.5918 46.8706 46.1316 51.6408 52.3853 59.4335 66.5125 66.5404 72.8497 71.6554 75.7579 81.2053 83.8454 62.8656 63.2911 69.2353 68.9696 76.3857 86.9204 76.0378 74.5811 89.3089 82.8038 83.4034 83.1976 75.0846 83.3046 83.0544 81.5058 102.8632 79.824 85.6101 87.6857 98.5566 92.4459 75.9513 37.9752 48.0417 65.9678 85.1843 89.6102 81.4454 56.4808 56.4846 61.7177 30.6218 45.7452 34.3111 19.1501 22.5782 25.8651 36.5001 41.5265
39.0853 46.8949 38.2589 36.647 38.5208 38.3461 38.0167 34.0865 34.904 44.9069 49.0695 46.2968 49.9018 49.8055 51.7507 48.6166 58.4312 57.434 60.2674 73.3534 65.0222 77.4512 67.705 76.2059 68.5638 72.5305 71.9573 58.8019 67.116 66.1012 69.5659 78.4464 79.6803 76.7019 74.6231 78.6025 79.9556 84.807 83.0491 82.4462 92.3896 107.6902 102.2724 117.2167 113.5455 100.4273 80.3247 80.6651 79.3934 49.6587 37.4228 47.6436 41.6313 30.201 33.2817 39.8526 33.9906 35.2475 52.01 80.2568 93.4403 93.9765 82.2457 94.815
34.1613 33.1212 36.5657 57.1121 40.1155 35.5137 40.9796 41.3854 34.9158 34.5233 26.2423 40.3903 53.4206 63.6573 59.1721 59.524 56.0853 60.9935 56.1803 62.2846 64.5609 79.3391 78.7517 62.8438 72.7867 70.0606 68.7699 67.2426 68.4349 69.4564 70.6639 68.9939 74.9902 78.9574 80.936 76.1023 79.5564 74.2005 88.9939 86.3241 87.0607 94.2692 108.4783 104.145 98.9454 112.7981 114.0648 106.1039 106.5353 60.7452 87.847 99.2743 114.2209 115.7624 110.8552 101.402 89.0741 85.4696 108.0982 113.0282 119.9237 119.4805 100.1955 96.2142
34.3247 44.843 46.0605 45.2891 44.5676 45.838 43.2107 43.1489 36.7979 35.9382 40.1093 45.6225 58.4019 61.0527 57.7996 64.3745 60.1239 65.336 66.7511 62.548 74.9058 73.3679 65.7507 53.9737 55.8509 62.9251 62.0909 60.0192 65.6794 63.8898 67.0326 65.8969 63.7631 65.7196 57.1911 37.9577 70.7538 77.235 72.9852 81.3832 84.6493 91.8377 92.6899 86.8409 93.3553 91.9017 97.409 107.7764 106.2711 104.3505 62.4502 63.5324 71.8727 93.6042 93.8112 96.6381 103.3698 109.8334 119.4557 123.4706 124.217 129.0007 129.2315 109.3031
33.2695 35.0675 36.8732 43.4044 50.3418 45.7177 47.7108 48.1164 47.9996 39.5625 37.3074 45.3155 52.1764 47.2599 53.5541 60.866 48.4394 54.1054 54.998 55.3086 56.442 55.8863 56.1346 57.0705 51.4561 55.4844 54.5256 61.5502 68.1788 62.9314 61.643 65.0362 56.7374 54.0952 63.6208 70.8418 74.0704 72.6519 87.1156 83.6697 80.0819 82.5915 85.9085 86.362 85.1114 87.5817 98.48 84.0597 98.353 92.6817 90.7155 83.1667 84.341 62.3048 56.2321 57.053 65.5493 90.2216 99.9343 101.0676 107.3817 101.2252 101.5657 107.9058
31.6946 34.9437 36.132 38.1505 47.372 61.2339 45.677 46.1443 47.0327 36.1006 31.1156 40.083 42.7821 40.2664 52.1982 56.7027 47.0052 43.5766 48.4554 46.4621 49.1873 50.3545 50.107 55.5822 57.2948 61.1635 59.2072 56.382 61.4382 63.9042 55.806 62.6852 54.5548 59.1796 59.7171 52.1706 74.4841 75.8445 73.5377 70.5382 102.1892 85.4973 83.6744 86.5068 93.1573 86.2259 84.2089 72.0284 85.1859 80.9545 83.6451 81.5221 78.4211 84.8008 86.1336 85.0588 79.3917 54.2115 85.933 93.6032 97.2817 104.5255 112.7966 105.3913
34.6445 34.6477 30.1151 35.0741 36.3695 34.3244 34.2301 34.5307 35.6987 34.4366 39.1236 36.5473 41.7263 41.6447 44.9254 44.8291 58.3292 45.9017 45.2 48.401 47.6588 42.3782 49.2918 49.0685 54.8256 59.1295 55.5462 61.0793 61.3349 51.2711 58.6066 44.8534 55.9784 57.1415 54.2905 71.5594 66.04 72.1637 74.6783 73.6359 91.2249 100.6941 105.5383 96.2119 97.4642 92.5747 77.4645 78.6878 80.019 75.5424 88.211 87.6169 86.9844 92.8684 106.3453 97.3849 82.3766 61.1912 96.0509 112.1802 115.4956 116.4382 118.9435 117.6597
35.2257 34.3582 32.3348 34.4363 32.599 31.919 39.8499 36.8853 38.1625 35.3524 35.0859 39.1476 35.5549 53.2047 42.189 45.7507 50.011 48.7059 48.7452 49.5591 53.4051 54.3176 54.6894 55.9717 60.3321 63.1727 62.9767 50.6377 47.1513 60.9181 63.3486 51.6566 54.1971 61.7115 58.4318 61.2954 64.9788 66.2084 68.3872 71.8781 67.1951 84.2084 95.4434 83.9376 87.5345 94.2961 100.7303 86.3608 75.0806 89.5665 96.556 83.1649 80.8315 96.3508 106.1554 99.1828 84.9868 63.6233 85.364 96.2939 108.3384 110.2526 112.68 118.0165
34.3528 32.0423 30.2483 29.2238 33.0749 30.2225 34.6877 31.9651 35.306 33.0655 38.5894 36.3506 40.7225 56.6127 44.3553 40.063 36.8527 47.5358 49.202 51.2012 51.8015 50.5441 47.9125 54.3564 66.8849 67.3949 63.1778 64.5917 62.6245 63.8142 61.0035 66.9381 61.1615 45.7575 61.7145 61.584 68.5564 63.4852 67.1887 77.1314 80.8152 76.4951 88.2637 85.4158 84.6404 88.921 91.0779 97.2126 100.1244 91.2029 68.1444 77.9636 83.0085 88.6528 92.5929 91.3999 92.0439 99.6022 76.0265 95.6738 98.2782 97.8834 104.9113 112.6049
