MapLib/Lvl1_5x5/BG/Ele_BG_EA.asc
ncols         557
nrows         557
xllcorner     -500
yllcorner     3894669.448
cellsize      1000
nodata_value  -9999.0
[rows 200 to 224 of 557, columns 290 to 347 of 557]
-2749.781 -2747.8303 -2748.5066 -2749.6396 -2754.1702 -2758.2546 -2754.6538 -2753.7004 -2770.0605 -2781.3403 -2779.4011 -2775.167 -2768.6155 -2766.9829 -2769.7339 -2767.2339 -2762.7671 -2769.115 -2776.5022 -2776.1033 -2775.2158 -2776.5723 -2778.2085 -2779.1699 -2779.981 -2781.2925 -2779.6292 -2776.3035 -2777.762 -2779.9907 -2779.2083 -2777.9907 -2777.4885 -2777.4885 -2776.4885 -2775.5298 -2774.1011 -2773.8364 -2775.4209 -2776.4885 -2776.9482 -2766.1689 -2751.9456 -2741.228 -2730.9421 -2720.4856 -2712.2322 -2710.2312 -2711.5654 -2716.502 -2722.9541 -2731.6282 -2740.1816 -2747.9741 -2755.6357 -2762.6602 -2765.8 -2767.4321
-2755.3127 -2755.5999 -2756.8198 -2758.6802 -2760.0181 -2761.2034 -2752.521 -2748.123 -2766.4866 -2780.8362 -2786.0378 -2784.0593 -2774.2126 -2769.6902 -2770.3276 -2768.0322 -2764.6899 -2772.375 -2781.5068 -2778.167 -2776.1345 -2780.3325 -2782.4373 -2780.4666 -2778.3003 -2778.4128 -2778.1382 -2776.3984 -2776.7871 -2778.1482 -2777.3052 -2775.9951 -2774.3599 -2773.3181 -2772.2307 -2772.1377 -2772.2751 -2772.2751 -2772.2751 -2772.1377 -2771.5974 -2762.1873 -2749.8232 -2741.8054 -2736.0725 -2731.3899 -2727.7505 -2727.6509 -2728.2722 -2732.1008 -2736.8171 -2743.7126 -2750.1331 -2756.1431 -2761.9114 -2767.2983 -2768.9458 -2769.679
-2762.6514 -2762.9458 -2766.6194 -2771.1577 -2768.9609 -2764.7981 -2754.9148 -2748.4097 -2762.6699 -2775.3591 -2784.6548 -2787.4739 -2781.8904 -2777.8945 -2774.9954 -2777.4517 -2782.1316 -2786.2415 -2790.0725 -2784.094 -2779.8457 -2782.6902 -2784.0728 -2781.5884 -2780.7729 -2783.0142 -2782.2495 -2780.4419 -2780.4348 -2781.5457 -2781.3679 -2780.4507 -2778.4927 -2776.8574 -2775.2222 -2774.5457 -2775.5457 -2775.5457 -2774.8774 -2774.1594 -2772.6687 -2766.5193 -2758.1499 -2752.5461 -2748.9041 -2747.6577 -2746.5547 -2746.5012 -2747.5403 -2749.3535 -2753.1912 -2757.5513 -2762.6292 -2768.0588 -2772.4736 -2775.4517 -2776.8643 -2777.0764
-2765.6121 -2768.0615 -2772.7983 -2778.0417 -2775.1279 -2770.3562 -2759.6609 -2751.2839 -2760.9185 -2770.835 -2780.8445 -2787.002 -2787.6279 -2785.0918 -2780.7778 -2785.8994 -2794.4382 -2797.7781 -2798.8118 -2791.1521 -2785.4702 -2788.5784 -2790.0342 -2787.9146 -2787.4314 -2787.7439 -2787.6323 -2787.1135 -2788.1694 -2789.2046 -2787.7549 -2786.2146 -2784.6011 -2783.3523 -2781.125 -2780.0574 -2780.1497 -2779.9951 -2779.2244 -2777.5205 -2775.4663 -2771.2278 -2767.3975 -2764.7917 -2762.8645 -2764.3921 -2765.4673 -2765.2515 -2765.2095 -2765.6729 -2767.9365 -2771.5105 -2775.2297 -2779.6433 -2782.4771 -2784.1123 -2785.0405 -2785.0405
-2765.1616 -2771.4827 -2776.0334 -2779.2607 -2779.0549 -2778.1858 -2765.8877 -2755.8872 -2761.5498 -2767.7917 -2774.2185 -2782.175 -2791.116 -2792.1379 -2788.2322 -2793.3538 -2802.3801 -2806.0911 -2808.3633 -2800.2678 -2793.4917 -2797.2383 -2800.0435 -2798.7224 -2796.1448 -2792.8311 -2793.252 -2794.9199 -2798.0894 -2801.749 -2796.9136 -2791.6003 -2792.0022 -2791.385 -2790.7632 -2789.1279 -2785.873 -2784.0435 -2783.2163 -2781.5652 -2778.9517 -2778.1201 -2777.2168 -2777.26 -2777.9653 -2780.9395 -2783.2932 -2782.365 -2781.3374 -2780.4512 -2781.2576 -2783.5059 -2787.5015 -2791.0034 -2792.2441 -2793.1733 -2793.4595 -2794.1301
-2764.7112 -2772.6833 -2776.3181 -2778.1543 -2779.5869 -2780.6431 -2772.5469 -2765.6553 -2768.0752 -2770.4402 -2772.8577 -2779.5032 -2790.188 -2793.3496 -2790.3059 -2794.2444 -2800.8044 -2802.6206 -2803.0425 -2796.8167 -2791.8533 -2794.0791 -2796.2498 -2795.7007 -2793.9668 -2791.4846 -2791.2832 -2792.5674 -2795.1167 -2797.2769 -2792.9724 -2788.6069 -2790.0171 -2790.9641 -2790.6406 -2789.0054 -2785.9883 -2784.1658 -2783.6428 -2783.0002 -2782.3137 -2782.2834 -2783.6323 -2785.0635 -2787.0664 -2790.6484 -2794.3032 -2793.1326 -2792.176 -2790.5408 -2790.2019 -2791.8767 -2794.552 -2797.1438 -2798.3572 -2798.3572 -2798.3572 -2798.3572
-2765.2505 -2773 -2776.3123 -2777 -2778.3645 -2779.9905 -2777.9504 -2775.9417 -2776.1948 -2776.1167 -2775.5747 -2778.7686 -2786.7585 -2790.3669 -2790.8801 -2792.3477 -2793.9819 -2793.0562 -2791.1123 -2788.0913 -2785.9236 -2785.7446 -2785.7446 -2785.6392 -2785.7354 -2786.2488 -2785.8928 -2785.0972 -2785.4097 -2785.3296 -2783.1797 -2781.1895 -2784.1643 -2786.7466 -2786.3723 -2785.4136 -2783.092 -2781.7581 -2782 -2783.3135 -2785.7627 -2786.6277 -2787.3472 -2790.0232 -2793.2937 -2797.6619 -2800.8516 -2800.3599 -2799.2617 -2797.0894 -2796.6277 -2797.3523 -2798.906 -2800.7073 -2801.314 -2801.314 -2801.314 -2801.314
-2771.2036 -2775.6035 -2777.9441 -2780.4456 -2776.2947 -2771.6384 -2771.3562 -2772.0066 -2778.2559 -2782.2441 -2782.7678 -2784.4648 -2786.6621 -2788.9829 -2791.2048 -2791.0508 -2790.2075 -2788.5513 -2785.9346 -2784.2563 -2783.0291 -2782.0508 -2782.0508 -2781.0847 -2782.0217 -2783.657 -2783.7708 -2782.1743 -2782.5369 -2782.9492 -2782.127 -2780.9194 -2782.0054 -2782.79 -2783.1018 -2783.053 -2782.406 -2783.1274 -2783.8982 -2786.3726 -2789.0332 -2789.8982 -2791.3037 -2793.9797 -2797.2502 -2800.8831 -2803.8958 -2802.4182 -2800.5769 -2798.1985 -2797.0508 -2797.1738 -2798.8091 -2800.4443 -2801.0508 -2801.0508 -2801.0508 -2801.0508
-2779.8074 -2779.2769 -2781.7405 -2785.3835 -2775.5701 -2764.0686 -2762.8313 -2764.6465 -2778.1406 -2788.4795 -2792.0439 -2792.3777 -2788.9993 -2789.55 -2792.7664 -2791.7673 -2788.8071 -2787.0605 -2785.4253 -2783.79 -2782.8213 -2782.5195 -2781.5845 -2780.249 -2780.5552 -2782.9604 -2783.343 -2782.072 -2783.0962 -2784.5845 -2784.2593 -2782.9246 -2781.5535 -2780.5979 -2781.3235 -2782.5603 -2783.3472 -2785.3979 -2787.8977 -2790.1682 -2792.7195 -2793.5845 -2793.7529 -2796.0815 -2799.3521 -2802.752 -2804.8091 -2801.6677 -2799.3972 -2796.1267 -2794.8313 -2794.9541 -2796.5894 -2798.8091 -2799.3989 -2798.8313 -2799.0061 -2799.4155
-2788.0981 -2787.0981 -2788.0933 -2789.6589 -2783.9453 -2775.9456 -2771.1328 -2769.8115 -2785.5347 -2797.7595 -2799.1584 -2799.1663 -2796.5557 -2797.2874 -2800.3345 -2798.5356 -2794.4077 -2792.5742 -2790.939 -2789.3037 -2787.8784 -2786.8784 -2786.1782 -2785.6167 -2785.8557 -2786.6589 -2786.6589 -2786.6589 -2786.5464 -2786.2197 -2787.1738 -2787.6589 -2785.606 -2783.9707 -2784.9824 -2785.6589 -2787.1223 -2788.8977 -2791.4937 -2792.7195 -2792.9705 -2792.7803 -2792.7803 -2793.5925 -2794.8687 -2796.6758 -2797.6938 -2794.7383 -2791.6848 -2790.0496 -2789.1216 -2790.1484 -2791.6909 -2793.6013 -2794.3696 -2795.4868 -2796.6265 -2797.7148
-2793.7097 -2794.4194 -2793.7134 -2793.1709 -2792.3425 -2791.7371 -2783.3037 -2778.6963 -2794.3406 -2805.4836 -2805.4988 -2804.6064 -2804.4194 -2805.4023 -2806.2725 -2803.9495 -2799.9324 -2798.1858 -2797.4055 -2795.7703 -2794.4194 -2793.4194 -2793.3179 -2792.9875 -2792.4194 -2792.4194 -2792.4194 -2792.4194 -2791.0527 -2788.8357 -2791.1296 -2792.5647 -2791.3213 -2789.4648 -2789.8882 -2790.5647 -2791.2175 -2791.7764 -2792.99 -2792.6453 -2791.1553 -2790.2903 -2789.4353 -2789.4004 -2788.5806 -2788.5046 -2787.8784 -2785.3496 -2782.8391 -2781.8733 -2782.1423 -2783.7034 -2785.3386 -2787.8857 -2789.4639 -2791.6667 -2793.5894 -2796.0234
-2789.8438 -2792.5559 -2792.5149 -2791.2009 -2794.7915 -2799.2058 -2795.322 -2792.5935 -2799.199 -2803.6782 -2806.115 -2806.7778 -2805.1494 -2803.5269 -2802.4138 -2798.2793 -2793.3735 -2794.553 -2796.6658 -2797.8796 -2799.1108 -2801.5476 -2802.5977 -2801.1152 -2800.4507 -2800.4507 -2799.3323 -2797.6543 -2797.2095 -2797.4507 -2797.4661 -2797.4705 -2797.9866 -2797.7625 -2796.4785 -2795.4705 -2794.9802 -2790.7458 -2782.2412 -2779.8337 -2780.6353 -2781.4368 -2781.3506 -2778.9983 -2776.8931 -2775.7676 -2774.1323 -2772.4971 -2771.1853 -2771.5691 -2772.2957 -2774.7349 -2777.5603 -2780.8262 -2784.5869 -2787.5188 -2790.6179 -2793.8884
-2786.1736 -2791.1597 -2791.1348 -2789.6995 -2796.3867 -2803.478 -2803.0205 -2802.2231 -2800.6919 -2800.894 -2804.5176 -2805.6245 -2803.7649 -2800.7813 -2798.5903 -2793.8928 -2788.4456 -2791.5718 -2795.3184 -2798.4893 -2802.1099 -2806.6282 -2807.7981 -2805.5767 -2803.2766 -2804.1982 -2802.7949 -2799.7295 -2800.9492 -2802.3696 -2801.6238 -2800.8015 -2802.8022 -2803.1472 -2800.5105 -2798.0723 -2797.4805 -2790.3992 -2776.2971 -2772.4404 -2774.3254 -2772.8433 -2771.084 -2767.4983 -2763.2686 -2761.4348 -2759.9182 -2759.3625 -2759.3394 -2760.229 -2762.2839 -2765.634 -2769.7727 -2774.7278 -2778.835 -2783.7407 -2787.772 -2791.8606
-2786.9343 -2791.7197 -2792.7617 -2793.5212 -2797.3555 -2801.2329 -2797.238 -2794.1968 -2794.6172 -2795.2656 -2796.2151 -2796.978 -2796.9573 -2796.7222 -2796.3308 -2793.4326 -2789.3074 -2791.9338 -2794.5576 -2797.0337 -2799.772 -2800.7986 -2800.7246 -2796.0154 -2793.4431 -2793.5811 -2793.3782 -2792.3201 -2793.9812 -2796.0693 -2797.3132 -2798.657 -2800.2922 -2800.7158 -2798.5923 -2797.2393 -2798 -2795.8433 -2790.3496 -2784.7061 -2778.4661 -2768.2161 -2757.4363 -2750.271 -2745.5271 -2744.5583 -2745.1135 -2745.5967 -2747.2969 -2749.5278 -2752.8989 -2757.5652 -2763.0476 -2768.9922 -2774.8257 -2780.9753 -2786.1367 -2791.7532
-2788.1318 -2792.1155 -2794.3909 -2796.0261 -2797.1604 -2797.7915 -2793.4883 -2789.5671 -2791.522 -2792.6169 -2791.9534 -2791.8262 -2792.9517 -2793.604 -2793.2083 -2792.3506 -2790.1787 -2792.2363 -2794.4922 -2795.7944 -2797.604 -2797.604 -2795.7808 -2790.9238 -2787.8208 -2787.7917 -2788.3003 -2788 -2790.0239 -2792.2361 -2794.0767 -2795.0647 -2796.4482 -2796.6047 -2795.6169 -2795.2083 -2796.8022 -2798.2083 -2798.5505 -2792.8975 -2783.3149 -2764.4197 -2743.1067 -2733.8777 -2728.9565 -2729.9561 -2731.5498 -2734.1841 -2737.4546 -2740.7251 -2745.0723 -2751.2295 -2757.2405 -2764.415 -2771.7185 -2778.9233 -2785.1965 -2790.8032
-2790.2446 -2793.782 -2796.0574 -2797.0313 -2795.7261 -2794.0681 -2792.4807 -2791.3997 -2793.8379 -2794.6204 -2792.9541 -2792.0313 -2791.9893 -2790.9858 -2790.3506 -2790.0078 -2790.9199 -2793.0791 -2795.1853 -2796 -2795.9688 -2795.9688 -2795.2905 -2792.6958 -2791.0906 -2791.0623 -2789.8135 -2788.1272 -2789.5278 -2792.0266 -2791.1931 -2788.9558 -2789.9065 -2790.5947 -2790.9478 -2791.9275 -2794.1382 -2795.9448 -2796.8333 -2795.0317 -2790.4734 -2762.281 -2728.7173 -2716.6594 -2713.7607 -2717.7253 -2721.7651 -2726.0259 -2729.551 -2733.6064 -2739.3445 -2746.429 -2753.7283 -2761.5234 -2769.1128 -2777.3193 -2784.4863 -2790.801
-2795.7813 -2799.0518 -2800.6641 -2800.2456 -2797.645 -2795.1646 -2795.6658 -2796.3894 -2797.4724 -2798.2629 -2795.8708 -2793.8582 -2792.3188 -2791.3386 -2791.1267 -2792.2527 -2793.8879 -2795.0315 -2796.6665 -2796.6665 -2796.3328 -2796.3328 -2795.8662 -2794.5544 -2794.3328 -2794.3328 -2793.5164 -2790.8301 -2792.3484 -2794.2837 -2792.9558 -2790.9143 -2789.5952 -2788.5625 -2789.1079 -2790.2922 -2792.594 -2794.2292 -2795.2883 -2796 -2794.0461 -2763.3823 -2724.907 -2710.5168 -2705.8735 -2710.5789 -2716.489 -2721.0791 -2726.4341 -2730.5569 -2736.7795 -2744.4915 -2751.7905 -2759.9668 -2768.8191 -2777.3193 -2784.1965 -2790.7375
-2803.9314 -2806.2649 -2806.905 -2805.2747 -2803.0723 -2800.0735 -2801.6028 -2803.2068 -2802.9634 -2802.3298 -2799.4724 -2796.9778 -2793.8491 -2794.2793 -2796.7097 -2797.3838 -2798.5256 -2798.6033 -2799.3018 -2798.7468 -2798.3018 -2798.3018 -2797.8127 -2796.9663 -2796.5945 -2797.4846 -2797.4348 -2797.1694 -2796.905 -2797.6477 -2798.6875 -2798.9646 -2794.7302 -2790.7075 -2789.7742 -2789.9712 -2792.594 -2794.2292 -2795 -2795.4998 -2794.8164 -2766.8149 -2729.7092 -2713.0447 -2704.9719 -2708.7261 -2714.5007 -2720.3271 -2725.9529 -2731.4539 -2737.252 -2744.5283 -2752.0923 -2760.2686 -2769.1516 -2777.6211 -2785.1965 -2791.085
-2804.8506 -2806.4858 -2807.1262 -2806.0864 -2803.532 -2801.1621 -2804.0723 -2806.937 -2806.1304 -2805.4673 -2803.6614 -2800.4492 -2797.1155 -2797.7766 -2802.6262 -2802.5735 -2801.0413 -2801.4277 -2801.7249 -2800.937 -2799.937 -2800.9348 -2801.1548 -2798.2871 -2797.9709 -2800.48 -2801.8108 -2801.8662 -2801.8108 -2801.958 -2802.8601 -2802.7102 -2797.7251 -2792.5605 -2791.5708 -2791.8352 -2794.0874 -2794.9514 -2795 -2795.0315 -2794.5779 -2765.8547 -2728.675 -2713.791 -2708.1125 -2712.9299 -2719.4111 -2725.012 -2730.3989 -2735.3047 -2741.218 -2748.2468 -2754.8911 -2762.8406 -2771.0457 -2780.1931 -2787.0703 -2792.7358
-2800.5801 -2802.2153 -2803.8506 -2804.4277 -2801.8967 -2798.6262 -2803.6082 -2808 -2807.655 -2807.5723 -2807.1113 -2804.8843 -2801.1016 -2802.6555 -2808.3525 -2806.3843 -2801.3501 -2802.8237 -2804.4131 -2801.9834 -2800.6755 -2803.6743 -2804.0435 -2799.7092 -2798.9709 -2802.5591 -2804.8137 -2805.5723 -2806.8652 -2807.1443 -2805.9143 -2803.9858 -2798.4133 -2794.1958 -2793.5723 -2794.1208 -2796.1663 -2796.4409 -2795.1355 -2794.4998 -2793.4375 -2763.8413 -2725.9392 -2714.4966 -2713.4902 -2720.5957 -2728.2195 -2733.6064 -2738.2952 -2742.418 -2747.239 -2753.7803 -2759.8875 -2766.4583 -2774.8718 -2783.4639 -2790.0417 -2795.3472
-2798.5742 -2800.1523 -2801.5813 -2802.292 -2800.5269 -2798.1777 -2800.6423 -2803.1702 -2803.3374 -2803.3777 -2803.4548 -2803.1006 -2800.1694 -2801.5408 -2804.9756 -2802.8708 -2799.0803 -2800.7317 -2802.426 -2800.7908 -2799.2222 -2801.7014 -2802.1226 -2799.1912 -2798 -2799.5459 -2798.6211 -2795.4307 -2799.0886 -2804.2007 -2803.7576 -2802.3748 -2800.1235 -2797.9341 -2796.488 -2796.2075 -2797.6782 -2797.9783 -2796.5222 -2796.4148 -2795.9133 -2771.3154 -2740.1782 -2729.3994 -2727.1418 -2733.3591 -2740.2495 -2745.405 -2750.0938 -2753.3643 -2758.5088 -2763.9436 -2769.7266 -2774.8181 -2782.1743 -2789.4854 -2794.5198 -2799.2317
-2797.1572 -2798.5171 -2799.1572 -2799.8457 -2798.8916 -2798.0156 -2797.3147 -2796.7734 -2797.5986 -2798.4719 -2799.3267 -2799.3599 -2798.26 -2798.3118 -2798.5691 -2797.5496 -2796.426 -2797.8384 -2799.1555 -2797.5203 -2797.2249 -2798.3796 -2799.2043 -2798.1045 -2797.1819 -2795.6465 -2790.498 -2782.6982 -2788.5234 -2798.7432 -2800.3147 -2800.6008 -2801.8875 -2801.9973 -2799.4683 -2797.8774 -2798.8428 -2798.9639 -2798.8428 -2799.2639 -2798.719 -2781.2595 -2759.1506 -2748.9558 -2744.0242 -2747.5674 -2752.5813 -2758.1348 -2763.1758 -2766.4463 -2771.2043 -2776.0261 -2780.3306 -2784.8093 -2790.3281 -2796.3096 -2800.0161 -2802.6094
-2792.1589 -2795.4038 -2796.0439 -2796.0439 -2796.0439 -2796.4746 -2795.7437 -2795.522 -2795.522 -2795.9639 -2797.5991 -2797.0972 -2794.1826 -2794.0188 -2796.1401 -2795.1475 -2792.7307 -2794.8184 -2797.1277 -2792.6958 -2789.4695 -2793.7581 -2796.522 -2795.2014 -2795.4941 -2797.3738 -2795.0615 -2789.7598 -2793.4602 -2799.6252 -2800.104 -2800 -2801.0276 -2801.1628 -2799.0298 -2798 -2799.594 -2800.478 -2800.478 -2800.239 -2799.2544 -2785.9709 -2769.3394 -2761.7209 -2758.9487 -2763.2356 -2768.1414 -2772.0471 -2776.3616 -2780.4514 -2784.5315 -2788.1335 -2791.8621 -2795.3379 -2798.4619 -2802.2395 -2804.7329 -2806.3682
-2788.8843 -2793.2449 -2794.4529 -2792.894 -2793.8318 -2795.467 -2795.4529 -2795.4336 -2794.6245 -2794.2866 -2797.3035 -2796.1699 -2791.0278 -2791.4036 -2795.124 -2793.7483 -2790.6631 -2792.906 -2795.4766 -2787.5266 -2783.123 -2790.5437 -2795.1133 -2792.8911 -2794.0583 -2799.4006 -2800.4312 -2798.1233 -2798.9658 -2800.7734 -2800.0796 -2798.9341 -2800.0469 -2800.2764 -2798.7131 -2798.1133 -2800.7073 -2802.1133 -2802.1133 -2801.5002 -2798.46 -2789.6953 -2778.3579 -2773.5254 -2773.2422 -2777.5 -2782.4058 -2785.7297 -2789.3059 -2794.123 -2797.5413 -2799.8118 -2802.3242 -2804.8462 -2806.3682 -2807.9285 -2809.1133 -2809.8359
-2799.1462 -2800.833 -2800.9939 -2800.7424 -2801.2595 -2802.8948 -2802.3411 -2801.8225 -2800.3901 -2800.105 -2801.2649 -2800.6055 -2797.5588 -2797.2368 -2798.5564 -2797.9919 -2797.022 -2797.3772 -2796.6016 -2791.9138 -2788.9614 -2793.708 -2796.7485 -2796.1616 -2796.4678 -2799.2124 -2799.7585 -2798.7795 -2798.1287 -2797.5029 -2797.5029 -2798.105 -2799.2913 -2800 -2799.7485 -2800.4661 -2802.3425 -2803.7485 -2803.7485 -2801.8748 -2797.8125 -2790.9548 -2783.9268 -2781.7017 -2781.4185 -2785.6763 -2789.8735 -2793.906 -2798.1765 -2802.2993 -2805.7175 -2807.8962 -2809.752 -2811.0928 -2811.2527 -2811 -2810.5247 -2809.0657
