MapLib/Lvl1_5x5/BG/Ele_BG_AD.asc
ncols         557
nrows         557
xllcorner     1670500
yllcorner     6122669.448
cellsize      1000
nodata_value  -9999.0
[rows 493 to 521 of 557, columns 65 to 129 of 557]
-73.5004 -74 -74 -74.0594 -74.8903 -75 -75 -75.7536 -76 -76 -76 -76 -76 -76 -76 -76 -76 -77 -77 -78 -78.724 -79 -79.7206 -79.7206 -80 -80.1356 -80.7206 -80.7206 -80.7206 -80.7206 -80.7206 -80.7206 -81 -81 -81 -81 -80.8732 -80.0527 -80 -80 -79.4833 -79 -78.2883 -78 -78 -78 -78 -78 -78 -78 -77.2794 -77.2794 -77.2794 -77.2794 -77.2794 -77.2107 -76.365 -76.2794 -76.2794 -76.0595 -75.2794 -75.2794 -75.2794 -74.7637 -74.2794
-74 -74 -74 -74.2125 -75 -75 -75 -75.7536 -76 -76 -76 -76 -76 -76 -76 -76 -76 -77 -77 -78 -78.0119 -79 -79 -79 -79.5911 -80 -80 -80 -80 -80 -80 -80 -81 -81 -81 -81 -81 -80.9307 -80 -80 -80 -79 -79 -78.345 -78 -78 -78 -78 -78 -78 -78 -78 -78 -78 -78 -77.979 -77.1087 -77 -77 -76.9328 -76 -76 -76 -75.6147 -75
-75 -75 -75 -75 -75 -75.2656 -76 -76 -76 -76 -76 -76 -76 -76 -76 -76 -76 -76.0478 -76.8578 -77.1695 -78 -78 -78.6054 -79 -79 -79.0847 -79.9029 -80 -80 -80 -80 -80 -80 -80.5987 -81 -81 -81 -81 -80.799 -80 -80 -79 -79 -79 -79 -79 -79 -79 -79 -79 -79 -79 -79 -78.561 -78 -78 -78 -78 -77.9317 -77.1172 -77 -77 -76.6882 -76 -76
-75.1851 -75.1851 -75.6555 -76 -76 -76 -76.1851 -76.1851 -76.1851 -76.1851 -76.1851 -76.1851 -76.1851 -76.1851 -76.1851 -76.8661 -77 -77 -77.1373 -77.4921 -78.0022 -78.1851 -79 -79.1699 -79.1851 -79.3385 -80 -80 -80.0174 -80.1851 -80.1851 -80.1851 -80.1851 -81 -81.1676 -81.1851 -81.1525 -81 -81 -80.9333 -80.0524 -79.7129 -79.1851 -79.1851 -79 -79 -79 -79 -79 -79 -79 -79 -79 -79 -78.5024 -78.1851 -78.1851 -78 -78 -78 -77.107 -77 -77 -76.7328 -76.0068
-76 -76 -76.4736 -76.8204 -76.8204 -76.8204 -77 -77 -77 -77 -77 -77 -77 -77 -77 -77.6855 -77.8204 -77.8204 -77.9536 -78.8204 -78.8225 -79 -79.2317 -79.9852 -80 -80 -80 -80 -80.8373 -81 -81 -81 -81 -81.2217 -81.983 -82 -81.9684 -81.1548 -81 -81 -80.8712 -80 -80 -80 -79.6087 -79 -79 -79 -79 -79 -79 -79 -79 -79 -79 -79 -79 -78.3967 -78 -78 -77.9242 -77 -77 -77 -76.827
-77 -77 -77.263 -77.4556 -77.4556 -77.4556 -77.4556 -77.4556 -77.4556 -77.4556 -77.8146 -78 -78 -78 -78.0913 -78.4556 -79 -79 -79.3378 -79.6607 -80 -80 -80.4556 -80.9552 -81 -81 -81 -81 -81.0428 -81.4556 -81.4556 -81.4556 -81.8013 -82 -82 -82 -82 -81.5584 -81.4556 -81.4556 -81.1289 -80.8082 -80.0057 -80 -80 -79.5137 -79.4556 -79.4556 -79.4556 -79.4556 -79.4556 -79.4556 -79.4556 -79.4556 -79.4556 -79 -79 -79 -78.3865 -78 -78 -77.9687 -77.14 -77 -77
-78 -78 -78 -78.0909 -78.0909 -78.0909 -78.0909 -78.0909 -78.0909 -78.1128 -79 -79 -79.0845 -79.0909 -79.0909 -79.8506 -80 -80.0097 -80.0909 -81.0342 -81.0909 -81.0909 -81.3476 -82 -82 -82 -82 -82 -82 -82 -82 -82.0909 -83 -82.7298 -82 -82 -82 -82 -82 -82 -81.9348 -81 -81 -80.0343 -80 -80 -80 -80 -80 -80 -80 -80 -80 -80 -80 -79.7765 -79.0108 -79 -79 -78.2846 -78 -78 -78 -77 -77
-78.7262 -78.7262 -78.7262 -79 -79 -79 -79 -79 -79 -79.0175 -79.7262 -79.7262 -79.9808 -80 -80 -80.6068 -80.7262 -80.7552 -81.5384 -81.8293 -82 -82 -82 -82.6664 -82.7262 -82.7262 -82.7262 -82.7262 -82.7262 -82.7262 -82.7262 -82.9999 -83 -82.926 -82.7262 -82 -82 -82 -82 -81.9406 -81.0775 -81 -81 -80.8294 -80 -80 -80 -80 -80 -80 -80 -80 -80 -80 -80 -80 -79.7587 -79 -79 -79 -78.4196 -78 -78 -77 -77
-79 -79.3405 -79.7301 -80 -80 -80 -80 -80 -80 -80 -80.2383 -80.5495 -81 -81 -81 -81 -81.3614 -82.0384 -82.3614 -83 -83 -83 -83 -83 -83 -83 -83 -83.3614 -84 -83.5343 -83.2297 -83 -83 -83 -83 -82.4592 -82 -82 -82 -81 -81 -81 -81 -81 -80.8352 -80.0386 -80 -80 -80 -80 -80 -80 -80 -80 -80 -80 -80 -79.6702 -79 -79 -79 -78.3407 -78 -77.2429 -77
-79.9967 -79.9998 -80.5754 -80.9967 -80.9967 -80.9967 -80.9967 -80.9967 -80.9967 -80.9967 -80.9989 -81.2936 -81.9967 -81.9967 -81.9967 -81.9967 -82.4693 -82.997 -83 -83.3754 -83.9967 -83.9967 -83.9967 -83.9967 -83.9967 -83.9967 -83.9967 -84 -84 -84 -83.9988 -83.9967 -83.9967 -83 -83 -82.4592 -82 -82 -82 -81 -81 -81 -81 -81 -81 -80.997 -80 -80 -80 -80 -80 -80 -80 -80 -80 -80 -80 -80 -79.8455 -79 -79 -78.9998 -78.3063 -77.9989 -77.0367
-81 -81 -81 -81 -81 -81.6319 -82 -82 -82 -82 -82 -82 -82.5876 -82.8399 -83 -83 -83.6319 -84 -84 -84.238 -84.6363 -85 -85 -85 -85 -85 -85 -85 -85 -84.7316 -84.4016 -84 -84 -83.9005 -83.0597 -82.801 -82 -82 -82 -81 -81 -81 -81 -81 -81 -81 -80.8054 -80 -80 -80 -80 -80 -80 -80 -80 -80 -80 -80 -80 -79.2131 -79 -79 -79 -78 -78
-82.2672 -82.2672 -82.2672 -82.2672 -82.2672 -82.6212 -83.2672 -83.2672 -83.2672 -83.2672 -83.2672 -83.2672 -83.2672 -84.151 -84.2672 -84.2672 -84.2672 -84.345 -85 -85.2672 -85.2672 -85.7414 -86 -86 -86 -86 -86 -86 -86 -85.4656 -85.2672 -85.0001 -85 -84.195 -84 -83.1227 -82.871 -82.0504 -82 -82 -81.4745 -81 -81 -81 -81 -81 -81 -80.8799 -80.0537 -80 -80 -80 -80 -80 -80 -80 -80 -80 -80 -79.2131 -79 -79 -79 -78 -78
-83 -83 -83 -83.1918 -83.9024 -83.9024 -84 -84 -84 -84 -84 -84 -84.8391 -84.9576 -85 -85 -85 -85.0958 -85.9024 -86 -86 -86 -86 -86 -86 -86 -86 -86 -86 -86 -86 -85.9025 -85 -84.7298 -84 -83.4592 -83 -82.1887 -82 -82 -82 -81 -81 -81 -81 -81 -81 -81 -80.922 -80 -80 -80 -80 -80 -80 -80 -80 -80 -80 -79.2131 -79 -79 -79 -78 -78
-84.5377 -84.5377 -84.5377 -84.5377 -85.3855 -85.5377 -85.5377 -85.5377 -85.5377 -85.5377 -85.5377 -85.5377 -85.5377 -85.5377 -86 -86.4493 -86.5377 -86.5377 -86.5377 -86.7118 -87 -87 -87 -87 -87 -87 -87 -87 -87 -86.6629 -86 -86 -85 -84.7298 -84 -83.4592 -83 -83 -82.7936 -82 -82 -82 -82 -82 -82 -82 -81.2535 -81 -81 -81 -81 -81 -81 -81 -81 -80.4055 -80 -80 -80 -79.2131 -79 -79 -79 -78 -78
-86.0531 -86.173 -86.173 -86.173 -86.173 -86.173 -86.173 -86.173 -86.173 -86.173 -86.173 -86.173 -86.173 -86.173 -87 -87 -87.173 -87.173 -87.173 -87.173 -87.173 -87.173 -87.173 -87.173 -87.173 -87.173 -87.173 -87 -87 -87 -86.1099 -86 -85.0631 -84.7765 -84.173 -84 -83.173 -83.173 -83.0957 -82.9324 -82.173 -82.173 -82.173 -82.173 -82.173 -82.173 -82 -81.173 -81.173 -81.173 -81.173 -81.051 -81 -81 -81 -80.7541 -80 -80 -80 -79.2131 -79 -79 -79 -78 -78
-87.115 -87.8082 -87.8082 -87.8082 -87.8082 -87.8082 -87.8082 -87.8082 -87.8082 -87.8082 -87.8082 -87.8082 -87.8082 -87.8082 -87.8082 -87.8082 -88 -88.8082 -88.209 -88 -88 -88 -88 -88 -88 -88 -88 -87.8082 -87 -87 -86.9301 -86.0002 -85.8782 -85 -85 -84.8082 -84.6659 -84 -83.9144 -83.8082 -83.8082 -83.8082 -83.8082 -83.8082 -83 -83 -82.8082 -82.6758 -82 -82 -82 -81.8648 -81 -81 -81 -80.7541 -80 -80 -80 -79.2131 -79 -79 -79 -78 -78
-88 -88.4178 -88.4435 -88.4435 -88.4435 -88.4435 -88.4435 -88.4435 -88.4435 -88.4435 -88.4435 -88.4435 -88.4435 -88.4435 -88.4435 -88.4435 -89 -89 -89 -88.4435 -88.4435 -88.4435 -88.4435 -88.4435 -88.4435 -88 -88 -88 -87.4018 -87 -87 -87 -86.1619 -85.8496 -85.4435 -85.4435 -85.3654 -85 -84.4435 -84.4435 -84.4435 -84.4435 -84.4435 -84.4435 -84 -83.5028 -83.4435 -83.3708 -83 -82.4435 -82.4435 -82.1309 -81.8107 -81.0109 -81 -81 -80.5096 -80 -80 -80 -79.2562 -79 -79 -78 -78
-89 -89.0742 -89.6106 -90 -90 -90 -90 -90 -90 -90 -90 -90 -90 -90 -90 -90 -90 -90 -89.317 -89 -89 -89 -89 -89 -89 -88.8266 -88.0787 -88 -88 -88 -87.05 -87 -87 -86.0787 -86.0074 -86 -86 -86 -86 -86 -85.3394 -85.051 -85 -85 -84.7622 -84.0084 -84 -84 -83.2638 -83 -83 -83 -82.0519 -82 -81.0306 -81 -81 -80.5242 -80 -80 -80 -79 -79 -78.0529 -78
-89.714 -89.9834 -90 -90 -90 -90 -90 -90 -90 -90 -90 -90 -90 -90 -90 -90 -90 -90 -90 -89.714 -89.714 -89.714 -89.714 -89.714 -89.714 -89 -89 -88.714 -88.6469 -88 -87.8958 -87.714 -87.714 -87.521 -86.741 -86.714 -86.714 -86.714 -86.714 -86.714 -86.202 -85.8992 -85.714 -85.714 -85 -84.7445 -84.714 -84.597 -84 -83.714 -83.714 -83.2107 -82.9027 -82.0176 -81.8253 -81.714 -81.714 -81 -80.6057 -80 -80 -79 -79 -78.9062 -78.0263
-90.5489 -91 -90.1476 -90.3492 -90.901 -90.6856 -90.3492 -90.3492 -91 -90.3492 -90.3492 -90.5409 -91 -90.1519 -90.07 -90.893 -90.6936 -90.3122 -90 -90 -90 -90 -90 -90 -90 -90 -90 -89.7015 -89 -89 -89 -89 -89 -88.2549 -88 -88 -87.8855 -87.0659 -87 -87 -87 -86.2262 -86 -86 -85.8321 -85.0373 -85 -85 -84.48 -84 -84 -84 -83 -83 -82 -82 -82 -81.4836 -81 -80.2131 -80 -79.3292 -79 -79 -79
-91 -91 -90.991 -91 -91 -91.9845 -91.9845 -91.9845 -91.9845 -91.9845 -91.9845 -91.9845 -91.0691 -90.9912 -90.9876 -91 -91 -90.9984 -90.9845 -90.9845 -90.9845 -90.9845 -90.9845 -90.9845 -90.9845 -90.9845 -90.9845 -90 -89.9845 -89.9845 -89.9845 -89.9845 -89.3593 -88.9958 -88.9845 -88.9845 -88 -87.9874 -87.9845 -87.904 -87 -86.9945 -86.9845 -86.9845 -86 -85.9861 -85.9845 -85.8232 -85 -84.9845 -84.9845 -84.2906 -83.6496 -83 -82 -82 -82 -81.4836 -81 -80.2131 -80 -79.9991 -79.3025 -79 -79
-91.7364 -92 -92 -92 -92 -92.6197 -92.6197 -92.6197 -92 -92.6197 -92.6197 -92.4372 -92 -92 -92 -92 -92 -92 -92 -92 -92 -92 -91.6197 -91.051 -91 -91 -91 -90.8256 -90 -90 -90 -90 -90 -89.4523 -89 -89 -88.9331 -88.117 -88 -88 -87.7273 -87 -87 -87 -86.7419 -86 -86 -86 -85.2009 -85 -85 -84.2951 -83.6599 -83 -82 -82 -82 -81.4836 -81 -80.7008 -80 -80 -80 -79 -79
-92.255 -92.9568 -93.1472 -93.255 -93.255 -93.255 -93.255 -93.255 -93.255 -93 -93 -93 -92.3073 -92.255 -92.255 -92.255 -92.255 -92.255 -92.255 -92.255 -92.255 -92.255 -92.255 -92.255 -92 -91.255 -91.255 -91.138 -90.93 -90.255 -90.255 -90.0001 -90 -90 -89.3254 -89.1171 -89 -89 -88.255 -88 -88 -87.7375 -87.255 -87 -87 -87 -86.1202 -86 -85.2009 -85 -85 -84.2951 -83.6599 -83 -82 -82 -82 -81.4836 -81 -81 -80.6855 -80 -80 -79 -79
-93 -93 -93.9536 -94 -94 -94 -94 -94 -94 -93.8688 -93 -93 -93 -93 -93 -93 -93 -93 -93 -93 -93 -93 -93 -93 -92.398 -92 -92 -91.9497 -91 -91 -91 -90.8903 -90 -90 -90 -89.4592 -89 -89 -89 -88 -88 -88 -88 -87 -87 -87 -86.4714 -86 -85.2009 -85 -85 -84.2951 -83.6599 -83 -82.3466 -82 -82 -81.9433 -81 -81 -81 -80.8391 -80 -79.5983 -79
-93.5255 -93.9725 -94.3034 -94.5255 -94.5255 -94.2717 -94 -94 -94 -94 -93.6871 -93.5255 -93.5255 -93.5255 -93.5255 -93.5255 -93.5255 -93.5255 -93.5255 -93.5255 -93.5255 -93.5255 -93.5255 -93.5255 -93 -92.5255 -92.5255 -92.2845 -91.9554 -91.1423 -91 -91 -90.6987 -90.3835 -90 -90 -89.5255 -89.0992 -89 -88.9612 -88.5255 -88 -88 -87.7045 -87.3899 -87 -86.4714 -86 -85.2009 -85 -84.9634 -84.14 -84 -83.5372 -83 -82.3963 -82 -82 -81.928 -81.112 -81 -81 -80.6713 -80 -79.543
-94 -94 -94.4845 -95 -95 -94.4338 -94 -94 -94 -94 -94 -94 -94 -94 -94 -94 -94 -94 -94 -94 -94 -94 -94 -93.8525 -93 -93 -93 -93 -92 -92 -91.1022 -91 -91 -90.7732 -90.0152 -90 -90 -89.3192 -89 -89 -89 -88.1041 -88 -88 -87.7834 -87.0172 -87 -86.1344 -86 -85.0909 -84.9416 -84.0474 -84 -84 -83.4875 -83 -82.2605 -82 -82 -82 -81.0929 -81 -81 -80 -80
-94 -94 -94 -94.204 -94.204 -94 -94 -94 -94 -94 -94 -94 -94 -94 -94 -94 -94 -94 -94 -94 -93.9905 -93.204 -93.204 -93.0168 -93 -93 -93 -93 -92 -92 -91.9257 -91.0002 -91 -91 -90.8153 -90.3656 -90 -90 -89.796 -89 -89 -88.9281 -88.796 -88 -88 -87.8178 -87 -86.9666 -86.1599 -85.9114 -85 -84.8562 -84.796 -84.796 -84 -83.6003 -83 -82.3849 -82 -82 -81.9139 -81 -81 -80 -80
-94 -94 -94 -94 -94 -94 -94 -94 -94 -94 -94 -94 -94 -94 -94 -94 -94 -94 -94 -94 -93.9932 -93.1522 -93 -93 -93 -93 -93 -93 -92 -92 -92 -92 -91 -91 -91 -90.4592 -90 -90 -90 -89 -89 -89 -89 -88 -88 -88 -87.4714 -87 -86.5455 -86 -85.9604 -85.1273 -85 -85 -84 -83.7541 -83 -83 -82.3659 -82 -82 -81 -81 -80 -80
-94 -94 -94 -94 -94 -94 -94 -94 -94 -94 -94 -94 -94 -94 -94 -94 -94 -94 -94 -94 -94 -94 -94 -94 -93.0297 -93 -93 -93 -92 -92 -92 -92 -91 -91 -91 -90.4592 -90 -90 -90 -89 -89 -89 -89 -88 -88 -88 -87.4714 -87 -87 -87 -86 -86 -85 -85 -84.0259 -83.7705 -83.0079 -83 -83 -82.2654 -82 -81.0627 -81 -80.0447 -80
