MapLib/Lvl1_5x5/BG/Ele_BG_BE.asc
ncols         557
nrows         557
xllcorner     2227500
yllcorner     5565669.448
cellsize      1000
nodata_value  -9999.0
[rows 112 to 139 of 557, columns 448 to 511 of 557]
115.1104 114.5682 119.6754 101.5097 114.0168 126.4694 121.364 145.2126 87.1947 133.9337 130.491 126.5887 126.5029 126.2055 130.5592 135.8542 144.5493 153.7263 158.3005 135.7951 134.7249 120.7417 127.1493 143.0424 134.9485 143.0624 147.8228 133.0616 136.7872 144.1017 135.5539 141.9205 154.4764 133.3752 125.6143 128.1247 120.1319 121.7228 122.6912 139.0376 146.9586 149.6521 149.8759 141.1538 147.8618 134.7227 127.6421 129.179 128.8516 128.0223 127.8593 134.1605 149.8861 139.3138 145.7773 140.1193 143.4828 151.7276 145.0289 141.4314 144.0643 140.0952 141.6145 146.9481
108.4992 105.9032 116.5883 141.5774 99.864 136.2131 134.9749 113.2856 132.9424 128.4515 133.7048 150.9584 137.4388 148.0724 141.9909 160.5881 146.0259 156.2174 159.501 162.1361 139.1085 142.9688 134.1694 133.6982 126.4679 143.5805 143.6497 152.4509 143.8713 144.8203 139.1901 140.4308 143.2514 132.3416 131.1674 135.8675 124.9263 120.4584 124.7614 145.9604 143.7942 146.8465 143.4526 149.0339 150.4017 144.6848 142.1632 141.4688 136.9813 136.8302 141.4177 147.3299 152.7985 139.8331 140.3951 137.5895 141.1481 152.5558 143.4714 146.047 149.9479 152.6922 154.6879 149.8
115.1293 117.6895 100.9006 120.1399 132.9633 140.5665 148.3467 141.2108 114.9948 132.2954 150.7077 151.9094 144.8512 128.1361 149.2868 137.3174 127.573 148.8953 148.0067 141.1057 133.315 129.9362 131.4708 136.699 136.3431 140.3719 147.4051 147.0694 150.5569 141.7117 147.121 140.432 144.8304 142.5447 137.2665 119.0208 124.4447 124.4652 142.503 144.4066 148.0656 145.149 144.6665 149.4437 146.5966 141.6397 147.0766 139.312 138.7305 135.7728 145.6228 149.6127 140.8662 142.7731 136.4082 147.346 136.7271 137.2961 147.7898 152.9945 155.5022 151.4099 155.9002 156.6226
134.006 149.1857 155.567 136.6832 150.3085 146.355 150.1453 154.6685 88.768 147.7487 144.6872 137.0505 113.7735 156.1803 143.675 134.5282 139.3692 135.3249 150.6459 132.179 134.0274 142.0455 141.978 148.5588 147.0657 143.7865 132.5608 129.123 141.7159 145.1265 137.8792 127.7371 120.4508 118.9623 127.6815 117.1954 126.8535 144.0292 153.0126 142.2761 144.6118 147.9385 140.0165 142.1732 145.2395 151.4672 142.5664 147.2396 144.1889 147.694 144.363 144.7017 148.0222 143.1357 135.9439 141.1128 151.8613 138.4854 135.8244 146.4986 148.825 155.477 146.4525 149.0923
139.9905 91.2478 119.747 148.8402 163.4603 142.6346 162.7093 166.7858 136.8946 117.033 139.4054 135.6386 132.6005 158.0583 133.6592 120.705 151.0581 141.0637 144.7627 137.0358 131.7573 147.803 137.9368 143.5033 147.0471 150.7724 144.1117 147.3087 129.7134 129.832 130.5085 123.6438 123.6377 116.8759 124.1976 132.3166 128.5395 123.8711 126.6321 145.2041 129.586 140.3684 146.9076 147.18 141.7044 148.7822 138.0579 145.5127 152.8485 153.555 143.6946 152.2626 137.8498 139.0456 145.0633 143.4487 142.4441 141.5456 148.3434 145.6234 142.0033 149.2107 147.7017 138.1672
152.3326 138.8318 89.4515 132.2961 124.218 155.9193 146.921 141.9217 103.4577 145.1711 160.8927 132.052 143.5768 153.0393 146.9645 132.7773 111.3933 146.9942 135.9522 131.9534 125.9469 140.7474 137.1047 141.2716 145.4919 143.2699 146.0645 140.0695 121.3727 119.7211 120.2816 117.8026 117.0386 124.4768 127.102 139.1131 133.0531 136.2269 129.4092 139.7076 135.8409 142.5517 141.9221 134.2715 133.6105 139.1234 139.3452 143.3668 147.548 147.2923 150.0186 139.6035 146.3367 151.2003 148.2308 141.6093 142.3831 144.7182 146.1117 143.3788 147.1531 149.2444 153.4338 145.1367
128.5707 133.7482 126.2909 107.3529 106.2759 124.4277 128.88 135.0729 104.5282 134.4795 131.1712 105.7775 151.625 149.3507 140.5965 122.9585 125.9246 124.8706 123.6233 139.4743 128.3359 130.7688 131.2834 140.5826 142.1069 138.5726 135.901 134.9587 136.1543 126.1855 132.1649 125.8386 123.3252 138.751 135.1339 148.638 142.0506 142.9922 122.4574 131.8392 135.6868 146.0298 143.5392 140.3549 137.9132 149.8745 141.6986 144.8827 145.6909 138.787 133.6763 149.3928 148.8264 152.6596 148.0307 148.8717 142.6118 142.1559 146.2846 142.9843 150.2678 149.2782 145.4311 141.375
136.7367 140.9631 134.631 128.4662 119.6339 118.6978 116.5813 142.7824 144.564 139.3196 114.2995 136.7867 126.4128 128.4509 128.5015 130.1167 116.4384 127.3257 132.8729 130.567 129.2431 132.4709 138.9765 146.4563 139.1828 137.217 137.322 143.1815 134.2836 131.4472 129.6354 126.7847 136.012 141.3219 145.4534 134.5148 134.2512 138.7337 142.6493 132.8729 134.8209 136.4296 145.8749 142.29 142.3461 142.6247 145.2505 143.9251 132.216 138.6907 148.5205 150.701 146.1314 151.014 142.7981 146.7333 141.0013 147.9998 137.5517 144.4045 151.3656 146.7069 151.4299 146.1162
147.7872 131.583 146.2833 150.5126 133.5568 130.165 127.9896 124.9585 138.672 149.5768 113.8391 118.7143 133.788 120.6533 118.6524 124.7904 137.0782 134.0938 146.6121 136.1154 139.3521 129.2168 138.1437 147.2124 133.6316 136.2654 143.6519 141.9243 134.2275 140.6034 139.5678 127.1233 120.8856 129.3892 125.3174 132.3723 128.5163 127.2364 128.5969 129.9952 133.4275 133.5278 140.7942 151.644 142.4781 142.8629 141.2645 129.3565 141.9754 141.0164 130.4364 144.1748 147.246 149.0631 137.8942 143.3302 142.1405 126.0832 133.1621 133.3421 131.0944 132.0557 137.7203 135.6059
144.8348 144.22 128.8735 119.85 137 137.7813 132.1505 134.8132 137.0326 118.7525 136.4131 152.9222 167.2034 171.0948 147.4361 113.94 116.799 141.0976 137.7377 140.1646 136.1486 136.4385 123.5751 122.5066 127.1832 125.9717 121.9944 128.0753 131.458 135.6234 134.4924 131.8307 132.477 127.3356 137.6513 127.4116 133.2833 127.2928 137.7911 135.2798 126.6352 123.9216 131.6977 142.971 145.4104 140.4621 128.4052 144.4731 142.1804 147.762 146.0417 144.3616 138.7076 143.2567 145.453 142.0743 139.6025 131.5207 131.3971 130.5363 129.176 132.9069 134.6998 139.0302
136.1393 135.893 133.0603 124.8897 115.6265 132.5175 132.8033 137.1441 145.841 146.342 113.6508 154.1885 161.4093 155.9939 152.3706 156.832 132.157 125.08 137.4073 144.4484 133.6379 131.9572 127.664 128.7816 126.8364 128.5914 121.9592 119.7807 122.1436 119.663 124.4038 121.9831 123.024 125.1628 124.6168 123.2411 120.3992 121.1987 125.0474 126.3683 122.8154 127.216 130.0579 140.1508 131.3714 136.5279 136.2753 146.2982 148.678 143.6694 146.9724 150.4536 145.92 141.5262 140.3845 140.5132 134.5832 129.774 141.9334 143.0474 130.4129 135.5809 136.7906 136.4959
125.9959 127.3853 131.448 123.4217 119.3 120.3476 126.552 137.4233 141.6476 133.0447 131.9437 126.8524 124.751 142.0191 136.0532 153.5145 127.4178 121.0894 122.9787 129.1934 129.5666 131.5639 131.0762 125.6756 127.7777 125.1474 124.6398 119.7311 119.3201 124.442 118.9007 119.1586 117.7196 116.7983 122.3176 127.453 128.6082 126.628 130.5286 125.5275 127.451 133.4627 138.1171 132.1163 139.5509 130.0891 134.2159 142.6763 149.5657 148.5078 147.2388 140.8879 148.6345 148.3012 146.8858 135.6792 139.5884 147.361 143.6319 130.9604 135.3691 135.5608 134.5058 134.9124
126.0956 113.0782 119.7886 130.2509 126.5262 120.0948 127.0135 134.004 127.9489 114.7284 124.9362 118.2898 119.4092 122.0291 136.5168 139.1393 118.0048 127.9337 125.2002 123.6583 137.0917 131.8494 117.8933 121.3046 130.0002 128.1494 131.503 125.8353 128.0945 119.1523 118.5352 118.4494 118.2178 122.814 121.549 122.8497 122.2836 127.0188 135.1205 138.3901 136.3911 137.3243 130.3669 133.7127 143.7388 141.7894 145.3396 145.9781 135.3201 145.4342 146.5419 149.1294 134.9877 139.0555 129.3859 132.6099 129.7538 139.75 135.8956 134.3537 134.6681 132.898 137.4322 134.8969
120.4338 139.8403 132.5649 128.7161 141.4323 131.5775 145.9868 129.7479 134.1268 146.671 124.332 137.4014 134.3976 113.7165 124.6072 127.3264 137.7505 125.525 130.512 131.1471 129.9278 130.92 122.7539 119.8153 128.7248 127.6255 121.3416 123.2437 121.6665 118.9512 118.3531 119.5002 117.408 129.4095 122.9053 145.0541 132.9568 115.5031 127.7405 126.8169 146.1689 129.3302 127.3396 134.444 132.2261 137.6337 141.6319 139.5266 143.0358 142.8639 132.7959 145.873 144.0271 135.9722 142.9497 138.5809 121.9945 132.4007 137.4971 131.3595 133.3235 126.7835 126.3411 128.4327
136.2527 142.2863 129.9993 120.0079 142.3281 138.8462 133.977 135.922 155.166 127.6455 133.25 121.5169 113.9638 111.2372 107.7731 121.4935 124.7289 138.9396 124.6752 131.2617 138.3121 123.7686 121.1465 126.2226 138.3676 125.7481 123.3648 135.2128 132.3214 128.6956 121.7896 120.5897 121.2327 134.7877 137.0916 134.5426 127.2855 125.7145 134.8388 125.092 127.9758 118.9777 139.2675 124.7892 129.0159 133.5193 141.8882 143.0884 141.956 139.0095 140.9364 142.9871 144.6186 132.2645 141.0732 142.2887 136.8726 128.3174 128.9911 126.7266 127.501 135.9051 130.5614 130.5262
125.188 133.9416 133.824 142.1312 138.1783 138.9573 133.084 138.0143 124.6306 127.2793 127.0918 131.4397 135.1125 138.3986 120.1886 118.512 133.0784 143.1061 143.8034 124.7578 136.6428 137.0282 130.3201 125.551 133.5709 118.8405 121.5662 125.7721 131.214 137.1457 127.7145 125.2521 117.8291 128.69 138.7596 130.5657 134.2018 127.9382 122.0849 123.0629 117.8296 120.2122 125.4201 122.9728 125.5524 134.241 134.7059 127.7579 135.1172 135.4707 131.5999 125.7946 130.9407 132.518 128.0386 137.669 132.825 130.1621 130.2814 125.4065 130.038 129.0033 128.5038 136.3117
130.8405 128.6979 127.2482 132.8875 139.2981 142.6622 139.7185 117.5846 108.0487 119.2463 121.9615 105.6925 135.0845 114.9221 128.562 134.6919 116.7849 137.1702 136.1178 128.9737 142.4459 133.879 127.1149 135.426 126.5494 113.9761 125.2208 126.4066 137.7019 144.3779 131.6505 134.1966 138.0048 133.5357 134.3909 129.6131 127.5371 129.315 122.6463 115.6807 122.8033 141.6069 140.1166 135.2246 132.8943 140.0412 132.1507 128.3119 139.7648 142.7527 135.6382 133.1398 138.1541 133 128.8213 126.8599 123.6046 118.7136 122.6253 120.52 120.5701 123.737 138.3227 127.2755
124.2267 120.4405 135.488 142.0942 142.4293 135.4191 111.8045 123.1755 122.6079 125.1923 121.4818 123.1395 129.0558 131.931 135.3594 145.535 122.113 114.951 132.2091 133.8354 132.2322 140.9962 133.3189 128.9312 120.3749 123.4958 132.0278 137.6297 136.3468 138.2789 132.1241 123.274 130.0914 144.3554 136.5041 123.9089 137.9641 123.299 114.4609 123.2701 125.9294 131.3713 129.5094 135.2875 132.0258 140.7191 142.5823 126.1526 142.9127 132.0002 138.9808 134.8825 132.9011 125.3683 135.1209 129.4643 129.5638 139.8028 131.8519 122.572 151.0315 136.3451 141.0878 134.5055
128.5345 124.2087 132.3541 131.6837 130.5285 127.9839 130.2165 131.779 127.2878 124.853 119.3753 117.3824 132.4126 142.7822 132.9034 133.5109 129.1297 129.3432 126.0254 139.4445 147.921 140.4641 129.7063 122.3027 123.5582 125.6652 141.0334 144.7552 131.3556 129.2922 117.8873 120.3367 142.6476 131.8378 126.5875 126.6002 138.0706 130.3774 120.3703 124.1043 117.1845 120.1451 135.0275 119.861 128.9308 132.5492 129.4914 143.7254 144.4428 136.3505 136.3383 134.7895 133.9574 131.6658 134.9312 132.446 134.8036 129.9227 130.0437 120.3327 138.5012 130.3601 129.0369 146.5276
128.3553 133.3496 134.1983 93.406 103.1096 93.3629 110.1354 119.9757 131.9721 126.7437 135.027 124.1557 137.4042 138.8887 138.5973 111.8348 112.965 125.4595 144.9443 143.5493 136.0708 140.3767 126.8616 122.3274 137.3591 129.4134 143.4141 128.7978 130.8637 124.7943 128.4028 138.0692 143.2952 134.6846 131.2924 126.8253 132.9144 128.7051 141.5652 120.9775 118.9374 128.3096 131.3047 149.072 140.2112 140.0916 130.6059 132.6598 136.9411 131.297 133.0481 150.9865 147.2742 141.902 139.6618 139.9483 136.5036 134.8994 132.3775 128.8512 132.0281 133.6572 137.4061 148.4532
145.6275 120.7486 125.9868 119.1696 106.611 106.3616 93.1937 102.9751 125.1059 135.2297 138.5919 135.7734 143.3862 110.346 115.423 124.5884 124.7554 128.966 150.097 145.2775 149.9491 119.5833 120.1747 130.8554 146.5962 135.6991 131.2067 123.9218 126.0675 124.7773 132.8801 141.8287 134.0093 136.9967 122.7833 139.6398 135.4118 133.4915 131.8434 118.2792 133.3373 143.0994 141.5193 134.9207 123.9443 130.179 138.35 134.4942 134.601 126.5843 132.9424 139.411 149.5917 154.2222 148.4388 158.2775 142.3046 137.5614 143.529 146.092 137.5997 137.5189 142.6985 146.2417
147.9845 148.7485 115.7538 127.8644 117.7471 96.9382 107.474 106.9995 108.7944 120.0371 136.0255 136.4519 139.9556 150.8468 118.2313 120.4468 108.7367 121.6271 129.2516 145.5585 129.3202 145.3134 126.023 140.5612 140.2193 147.3728 127.6046 113.1511 139.9642 141.1635 135.361 136.6939 119.3257 131.6177 149.1406 137.1426 123.6019 120.3304 135.2566 142.8111 130.0766 145.1021 134.0979 151.3582 128.4828 134.3125 132.018 121.249 124.5933 129.3296 140.7789 144.934 146.5786 147.5968 145.702 139.1833 135.3313 134.1521 152.9735 160.9627 150.116 140.7 146.6311 148.9108
130.4986 139.3689 163.2225 119.0073 125.8917 104.4562 99.3817 109.5546 96.2108 101.3698 136.849 127.0313 137.5249 138.1553 135.4892 133.2101 125.9999 121.1954 139.1008 142.9284 144.3905 140.0692 138.6203 146.3455 126.4765 114.9148 112.1202 127.6814 130.9104 135.8912 127.7351 128.3664 131.4259 137.2651 141.2869 132.0683 127.3023 127.7042 134.7747 129.3559 131.4547 147.9477 142.0053 139.129 131.0025 131.5123 122.819 135.8707 131.879 134.3267 137.7856 136.4749 135.3131 150.1153 157.9089 146.8031 143.7549 132.5258 150.3101 155.5765 168.6084 150.9441 156.9875 147.5313
132.4234 144.0861 138.621 139.5391 140.3263 145.0286 132.7265 105.3361 92.3433 98.0246 105.3519 128.7521 138.4083 146.9435 143.5274 145.2181 153.6957 121 141.5038 146.8022 147.0282 134.3377 122.9626 134.8863 128.1813 122.1372 114.0278 116.687 134.1884 139.5587 142.1255 115.5805 111.9804 127.857 128.2465 105.6877 108.5798 124.031 146.8317 138.7714 133.9808 132.6245 127.4964 139.924 136.7963 128.3925 125.1208 129.1203 126.9838 130.4191 138.352 131.5756 142.7897 148.3205 144.4581 141.5197 148.3602 136.4386 138.0658 146.584 153.3082 160.1835 160.6492 158.961
130.1548 143.8685 141.5733 128.3996 138.5124 144.6685 132.4307 130.3629 94.0591 117.38 122.4827 121.0631 132.2723 146.0264 136.3121 129.5556 131.4906 122.5721 128.1357 138.5288 132.1683 131.2085 150.926 134.0067 127.9182 122.0133 125.6545 117.7531 124.6411 122.7963 135.079 128.1627 115.4789 119.6684 116.0724 111.6444 121.862 131.874 148.2176 123.2595 130.9008 132.3988 124.112 121.0622 133.3586 136.6303 127.439 143.0693 144.7137 129.0037 145.1832 142.6091 126.2157 141.7156 141.7151 149.8943 146.7188 138.768 148.7001 140.6655 154.0497 162.3533 160.1763 151.9037
125.6941 124.2946 136.0007 146.0061 120.1195 129.0788 130.7917 113.5286 111.8851 112.9325 115.6005 137.9171 135.7165 115.9684 149.1186 142.2464 137.9083 128.8424 121.6251 125.7003 141.7769 135.9776 125.3782 132.1758 136.1283 146.2978 132.7285 121.0631 136.3823 130.3556 136.1755 119.0725 115.7054 115.5878 117.3921 116.6972 120.6809 144.5296 143.0162 124.3756 115.8288 149.1524 135.5354 127.6102 125.6971 127.9618 125.163 127.4075 152.9952 137.6657 142.1926 151.7961 136.8794 134.2578 147.2521 144.6832 149.6796 141.0592 143.1741 141.1769 143.987 154.6829 171.9163 158.1043
132.1929 118.4857 144.5531 134.6058 129.0076 132.7448 128.9909 122.4751 133.5838 122.0573 111.7907 109.6807 116.1453 126.1989 107.5001 132.0399 137.1537 145.2617 121 134.1184 136.2772 130.7054 132.5536 128.5868 132.9638 126.191 123.6098 122.2069 137.4279 129.9923 126.4565 109.9426 113.2151 114.1541 109.4187 125.1534 133.2521 144.0181 122.6197 128.242 124.033 129.9121 130.5705 126.4363 124.0572 131.2358 137.0805 130.5854 153.3055 159.4743 158.7517 149.5894 146.6826 139.0265 144.4083 137.4991 148.448 151.4745 148.3462 145.6735 155.7019 150.8963 158.6659 146.6608
134.0539 119.8809 126.7673 109.5053 119.1152 132.2233 123.3973 155.6176 144.5263 134.8123 133.3932 114.6447 111.373 114.0734 118.1309 132.8705 151.7616 132.8048 139.6966 125.4487 135.0308 131.2163 132.4895 131.3142 125.8354 128.1113 129.3831 129.3145 124.2261 117.7405 124.9763 113.5001 111.3054 115.6247 129.7795 124.7982 133.2608 143.0492 135.5157 133.8736 131.0481 121.9533 129.4074 141.0619 137.7331 134.0109 150.8074 148.1667 154.1165 146.81 147.069 145.2107 156.8309 143.5017 133.0267 139.1465 142.5273 147.4123 155.5335 155.2146 154.1859 151.09 153.7499 151.6801
