MapLib/Lvl1_5x5/BG/Ele_BG_FA.asc
ncols         557
nrows         557
xllcorner     -500
yllcorner     3337669.448
cellsize      1000
nodata_value  -9999.0
[rows 56 to 83 of 557, columns 252 to 314 of 557]
991.5726 999.2056 1020.5256 1040.9037 1039.7266 1043.3412 1051.632 1064.3634 1069.5675 1073.889 1070.6992 1071.2303 1075.1799 1081.8275 1081.4961 1078.6998 1077.569 1097.2111 1092.3063 1107.8749 1112.7206 1105.4727 1110.9469 1117.5381 1124.6285 1127.0215 1113.7916 1072.5853 1053.3262 1038.4797 1069.4155 1106.2278 1168.7468 1164.5298 1124.7872 1118.4158 1118.979 1122.0441 1126.1648 1132.0879 1145.3809 1155.5487 1167.5852 1164.9307 1178.114 1184.9574 1193.0117 1210.962 1231.7623 1253.4065 1264.0273 1254.781 1282.6324 1298.2592 1303.1394 1307.2598 1332.1692 1314.4459 1304.4342 1317.7666 1353.1182 1397.8811 1437.4852
1000.3187 999.1714 1011.3569 1039.0375 1053.4972 1057.5463 1062.1525 1068.0455 1072.6664 1079.9149 1085.8792 1081.8104 1087.4719 1096.6201 1108.1669 1099.0625 1098.1052 1100.6837 1114.4812 1131.6831 1136.1298 1135.588 1127.5333 1124.8336 1107.0514 1097.3771 1081.5419 1062.2991 1047.209 1052.4204 1078.7216 1089.6488 1098.9392 1095.2859 1097.8032 1104.5543 1108.6932 1116.4495 1121.6108 1130.3411 1140.2422 1145.0707 1149.3546 1163.266 1172.9685 1194.3757 1199.2039 1223.4348 1225.324 1234.5701 1242.1627 1256.4144 1268.0894 1284.7308 1273.1935 1280.2937 1295.359 1292.7789 1307.4119 1355.8597 1417.0151 1484.1292 1489.9141
1010.9515 1007.5117 1016.9063 1031.2745 1045.4344 1059.6569 1075.2693 1081.431 1084.9928 1093.5607 1093.0195 1106.7654 1099.1453 1106.6068 1117.5588 1131.0045 1131.1274 1121.3097 1121.5374 1139.0923 1111.7328 1107.0668 1100.5262 1093.3046 1081.725 1079.3358 1065.9189 1057.3265 1055.1451 1059.4973 1071.2788 1087.3723 1081.9072 1092.007 1098.7988 1105.38 1112.5989 1116.203 1123.1108 1126.2367 1132.1537 1144.4797 1160.7628 1174.181 1196.897 1225.6423 1209.3135 1210.3351 1230.0881 1227.15 1243.5752 1258.353 1257.9606 1263.8167 1258.1188 1263.4493 1273.251 1282.8525 1309.8477 1331.3754 1343.1295 1364.4624 1361.4677
1019.5411 1016.6207 1020.6269 1037.6105 1053.0267 1068.6646 1083.5247 1083.8396 1094.4851 1106.1 1109.4856 1120.9216 1122.1736 1124.174 1145.7311 1155.4982 1139.8208 1119.6038 1099.1912 1085.7369 1083.7068 1084.4467 1071.6216 1071.5813 1064.5909 1059.301 1055.4978 1053.3606 1056.3595 1072.5403 1083.1263 1075.0203 1073.5151 1091.5631 1095.1375 1103.1028 1104.8066 1111.3606 1116.421 1116.7664 1123.1575 1129.6923 1142.2971 1158.3877 1192.2357 1224.5955 1225.4625 1225.4926 1251.1782 1259.0182 1268.1147 1255.3567 1247.3047 1255.7889 1266.2816 1288.4098 1310.4545 1291.1431 1293.7479 1311.9679 1361.4213 1352.2646 1314.7583
1034.4717 1029.879 1023.5504 1047.5101 1063.0824 1068.5732 1095.001 1097.6278 1099.9683 1112.6544 1135.9968 1132.8337 1148.3384 1163.4586 1150.7 1138.5585 1119.9092 1102.5576 1092.0464 1085.6539 1072.322 1067.2102 1063.3734 1057.8969 1056.4066 1053.5889 1048.1324 1052.3407 1054.5376 1069.4246 1066.2544 1066.1835 1070.4523 1073.866 1080.5472 1088.2681 1090.6343 1097.5929 1103.3165 1109.4797 1116.1263 1128.3903 1140.2075 1158.0559 1166.0479 1191.4297 1218.5009 1240.1849 1247.1697 1251.7301 1239.1998 1235.6106 1245.3108 1279.3929 1293.8799 1283.7109 1289.743 1292.403 1292.1481 1283.5682 1295.1842 1285.1025 1287.0076
1051.5879 1048.5912 1037.4401 1051.4926 1071.8579 1078.4503 1095.2688 1112.3976 1112.2965 1117.9243 1137.2567 1165.1849 1166.9921 1144.7687 1132.7607 1118.5709 1101.6456 1089.9066 1081.5931 1080.0262 1077.6003 1059.1693 1050.8318 1052.1639 1048.142 1050.2477 1051.2157 1051.9333 1055.2056 1057.0114 1060.434 1065.807 1072.6754 1074.7096 1077.2837 1081.3793 1088.5808 1093.9805 1099.1498 1107.6113 1113.1573 1125.4457 1140.0171 1158.1974 1189.0587 1189.6508 1192.4363 1209.201 1225.9635 1253.6179 1226.1998 1220.9866 1241.2345 1270.209 1289.1392 1292.7004 1301.7997 1308.2839 1296.9497 1261.2104 1260.0431 1262.1156 1267.0168
1066.6304 1062.0026 1048.3695 1043.7676 1065.876 1087.9814 1093.3496 1101.8984 1109.0031 1131.7953 1155.9012 1146.9237 1136.8685 1129.1117 1117.6882 1112.0519 1093.7227 1086.0769 1082.8112 1078.1432 1077.8694 1066.667 1049.2437 1048.0553 1051.26 1052.4048 1053.9312 1059.2896 1056.5242 1057.8535 1061.4106 1066.7125 1068.9972 1072.8945 1073.6659 1081.1002 1084.0687 1090.2755 1097.3503 1109.2955 1114.6949 1127.5393 1158.5635 1198.1344 1199.748 1195.5941 1187.0645 1214.7701 1221.3593 1240.5037 1228.6746 1211.5757 1232.0872 1244.0096 1262.9628 1258.5682 1278.0945 1311.701 1280.6964 1250.6204 1246.8823 1249.0094 1290.3458
1080.4457 1068.6523 1064.0033 1055.0023 1059.3311 1079.3193 1102.3502 1101.0712 1123.6066 1112.9608 1118.9127 1111.2909 1108.9526 1112.7286 1106.7007 1102.4103 1097.9734 1091.6864 1085.6127 1084.5708 1076.4912 1073.6475 1053.8207 1050.2542 1051.8234 1054.4292 1054.7456 1054.3947 1056.6909 1059.7905 1062.5066 1062.3165 1068.9202 1071.4211 1071 1075.0555 1082.0959 1093.0333 1108.6042 1116.2743 1127.8536 1138.9399 1152.3801 1159.8436 1167.3202 1169.2449 1185.7113 1211.0889 1216.4509 1221.0674 1207.6019 1202.1696 1226.2445 1245.6953 1231.224 1238.2922 1260.1759 1271.5432 1272.8533 1259.5536 1239.4249 1239.6758 1267.7463
1097.8839 1080.3264 1079.7308 1070.375 1062.9885 1061.3527 1066.6763 1070.7131 1076.9556 1089.0219 1089.3008 1094.2749 1096.5613 1092.0222 1089.9235 1093.4128 1089.6703 1084.4554 1075.3575 1080.8779 1083.5277 1075.0385 1058.6672 1061.0132 1058.9789 1059.2922 1059.3044 1066.4834 1057.0941 1057.1023 1061.4542 1065.7535 1066.7767 1074.2838 1075.521 1078.2549 1087.4086 1100.3683 1123.2069 1136.4833 1177.636 1182.838 1172.2797 1174.9075 1176.3788 1181.6376 1185.5645 1212.707 1209.3834 1206.5873 1197.4126 1237.8564 1228.2532 1231.3049 1219.1495 1235.2706 1241.3633 1254.0254 1250.4672 1247.03 1232.5863 1235.0055 1248.7686
1121.4156 1110.1866 1099.6954 1090.3986 1079.5022 1088.8042 1087.865 1076.6718 1074.3988 1085.6499 1085.9614 1091.1982 1091.7566 1093.2117 1101.8308 1100.7319 1093.3043 1089.584 1085.0337 1082.36 1086.1248 1081.6166 1073.2833 1072.4629 1069.9158 1064.7467 1067.4501 1070.0715 1059.1992 1058.0261 1062.5696 1064.339 1070.5206 1076.2307 1081.2426 1085.567 1091.9886 1102.4087 1119.2908 1145.1698 1194.9382 1233.6864 1196.0266 1219.3765 1210.5643 1216.0895 1207.2146 1204.9705 1209.782 1195.0547 1192.6799 1225.749 1212.3335 1210.6324 1224.0082 1222.1005 1225.2168 1241.433 1237.7648 1240.0333 1221.1549 1236.8278 1268.676
1173.3184 1142.7499 1118.262 1096.4474 1093.2427 1105.1384 1100.2644 1086.8999 1088.6029 1092.9967 1114.2255 1096.5 1099.2837 1100.6688 1106.4326 1113.4421 1102.7217 1102.2395 1102.9305 1100.1071 1098.4274 1094.2378 1082.5759 1079.3979 1080.1899 1072.0383 1075.2578 1076.0438 1066.5211 1068.1486 1066.0018 1071.1312 1082.8992 1086.1602 1087.7648 1089.0013 1100.7968 1111.5032 1130.4528 1180.174 1205.7512 1257.8967 1240.7001 1206.8173 1209.4326 1221.3967 1206.8687 1194.6229 1198.8755 1186.9275 1191.4509 1209.2018 1198.5181 1203.402 1198.1694 1198.5835 1209.663 1224.8425 1226.6783 1230.9332 1214.153 1243.5571 1239.7223
1240.8715 1165.1888 1140.8047 1125.5573 1114.0059 1122.5001 1098.2284 1101.868 1106.0165 1110.2944 1123.981 1104.2482 1100.4366 1108.1107 1113.3624 1131.4163 1118.2601 1112.0995 1114.6002 1110.9384 1112.3993 1110.4667 1093.3013 1091.5654 1099.3899 1098.3495 1081.3438 1078.8781 1072.5955 1071.2264 1070.515 1080.3761 1093.5728 1105.0078 1099.7653 1094.5967 1105.4318 1119.8884 1152.9574 1209.8424 1217.2969 1230.9819 1238.6771 1220.7085 1206.9375 1198.7122 1197.2336 1182.5647 1194.979 1177.499 1181.5779 1200.7891 1188.2655 1186.2408 1180.0737 1183.7135 1200.5753 1201.2906 1215.553 1227.3054 1206.6245 1231.4539 1239.046
1282.2919 1203.5868 1168.9191 1142.6305 1135.2451 1119.5638 1109.3564 1118.533 1127.3981 1123.1792 1134.4731 1109.3972 1108.9204 1110.785 1114.5918 1116.636 1125.3192 1126.6122 1130.1127 1124.2977 1122.9354 1125.9998 1114.0049 1105.323 1142.6622 1105.9532 1094.9684 1100.9468 1088.3147 1081.0699 1079.6598 1094.6556 1108.2313 1107.4691 1104.7224 1098.746 1113.326 1124.4958 1167.9713 1174.3707 1204.5449 1215.9708 1213.5812 1206.9771 1190.2815 1191.2297 1180.6019 1171.3328 1179.1514 1165.0911 1176.1581 1178.7997 1184.6041 1203.2095 1177.5369 1175.0093 1188.4652 1192.2286 1201.3323 1212.1564 1195.0883 1210.4708 1219.3049
1267.4127 1208.4175 1186.5 1168.7104 1146.9927 1125.4993 1122.7725 1129.3083 1146.8197 1150.8711 1136.7274 1121.4634 1124.186 1123.6071 1124.5499 1122.8859 1129.488 1129.3444 1149.8049 1145.9003 1138.7593 1139.8232 1139.1951 1122.7797 1111.0066 1102.5562 1105.3949 1107.6838 1108.1835 1104.7455 1098.0193 1106.2777 1133.9617 1122.3104 1129.4316 1112.9387 1115.4441 1124.7463 1138.4939 1150.5995 1173.7191 1191.8542 1202.594 1192.6871 1179.9945 1171.2152 1166.3365 1178.6346 1166.9463 1157.8243 1177.4253 1159.9865 1160.097 1172.5536 1187.3171 1163.032 1164.7745 1168.6741 1177.4243 1203.8446 1188.4658 1187.7916 1204.1218
1245.6353 1214.8839 1192.6798 1166.353 1149.8732 1135.5376 1136.748 1149.3262 1155.8107 1158.2914 1131.2538 1141.4253 1125.2025 1137.7028 1133.6083 1140.3149 1154.0776 1164.1188 1160.8665 1168.4429 1159.5898 1154.4739 1156.803 1143.4816 1120.912 1116.788 1119.1577 1122.2345 1120.8381 1135.6649 1125.4077 1123.5707 1135.8561 1133.8179 1139.8545 1125.5035 1121.2913 1121.4553 1136.3057 1150.4703 1165.3529 1169.728 1178.022 1177.1696 1173.0039 1165.1267 1164.057 1175.4785 1164.8976 1152.3063 1153.1318 1139.5865 1144.9127 1145.6019 1154.9785 1147.0618 1160.6694 1179.381 1181.5106 1175.7136 1168.7312 1193.2361 1207.249
1232.1107 1201.0121 1180.675 1163.3634 1165.037 1153.3901 1151.6615 1154.7164 1167.9841 1163.9404 1154.5071 1149.0961 1137.8082 1155.4391 1155.9957 1161.3193 1171.0261 1183.652 1183.5115 1187.3477 1183.5464 1175.3235 1170.6093 1161.6733 1155.9395 1142.6224 1142.9188 1144.801 1147.0787 1148.8081 1144.6451 1144.3291 1139.2186 1146.0096 1154.8833 1146.0591 1142.9944 1137.1793 1138.4913 1131.2391 1139.6635 1149.2548 1158.6654 1164.0651 1157.7667 1155.7036 1160.8322 1163.4166 1167.1718 1154.3364 1141.1241 1134.5748 1139.4568 1137.0638 1134.5201 1136.5164 1139.8319 1151.5284 1158.2072 1161.8251 1165.0134 1185.1279 1188.1665
1250.9658 1209.349 1211.9276 1188.8605 1178.7292 1175.7262 1174.6534 1185.5847 1177.4404 1163.3442 1155.4052 1149.728 1151.7704 1177.0238 1180.3918 1184.0729 1195.4365 1204.7338 1193.9873 1204.7601 1199.8875 1192.6735 1185.5237 1183.9728 1182.736 1180.4878 1160.2549 1167.994 1165.2129 1154.8306 1172.3292 1170.9922 1171.9385 1158.0455 1156.5238 1159.3014 1164.4852 1160.3446 1156.3053 1148.2081 1145.4509 1154.6058 1158.9916 1162.8773 1168.2947 1162.2915 1150.0265 1147.912 1144.9258 1148.9736 1143.6383 1133.9517 1130.0941 1131.6333 1128.3658 1132.2095 1129.3652 1129.4169 1137.6428 1141.9933 1147.9954 1170.7267 1175.1917
1264.8059 1228.0608 1217.9708 1199.3744 1196.642 1189.5306 1186.7766 1184.0801 1175.8928 1172.976 1162.7418 1170.2631 1162.1897 1158.3602 1178.9863 1192.8773 1196.6094 1195.865 1206.7666 1221.0107 1216.1956 1221.2207 1211.5782 1202.7747 1218.4056 1216.0912 1200.475 1197.9904 1194.8314 1192.9414 1188.3086 1185.2527 1186.6993 1171.6488 1177.1869 1187.6908 1192.8724 1194.1853 1192.3167 1184.514 1169.8438 1182.8708 1179.7377 1172.0378 1163.3745 1152.1376 1145.6223 1139.4993 1137.2783 1135.3008 1139.2637 1135.3289 1135.3795 1126.4604 1124.2147 1121.2355 1125.5443 1126.7939 1132.6216 1134.8798 1137.0037 1147.9048 1163.0122
1272.3817 1238.3831 1218.7961 1211.8668 1221.1033 1200.1951 1186.6331 1193.6702 1199.7548 1188.1678 1178.8091 1178.49 1183.8384 1208.0593 1186.7109 1192.4949 1202.6698 1207.123 1215.9851 1232.9911 1246.4309 1244.6693 1269.1776 1241.3197 1249.6377 1270.1619 1266.3727 1270.9028 1254.1287 1221.2211 1189.7153 1198.9351 1192.5518 1191.2155 1194.1672 1203.5822 1199.7593 1191.0735 1187.1309 1184.4626 1177.4071 1174.0149 1169.1158 1163.7382 1156.2683 1147.5153 1143.1467 1137.7712 1132.7161 1130.8132 1129.9188 1130.7316 1130.2386 1130.1938 1122.1235 1120.1552 1118.7086 1121.8689 1127.4792 1130.2723 1131.8883 1146.2903 1158.7074
1268.4419 1248.8156 1231.5891 1223.4517 1223.5226 1210.288 1201.6832 1209.9114 1208.5955 1222.8434 1209.178 1214.1636 1233.3528 1259.6251 1207.8301 1197.9467 1207.2579 1214.9128 1238.8368 1283.6563 1297.5601 1293.8494 1288.7107 1283.3619 1278.3645 1272.953 1272.208 1269.6863 1268.9481 1229.2324 1211.7501 1206.2692 1199.6471 1203.9918 1199.8271 1196.1223 1187.7518 1183.7399 1175.0396 1172.9087 1169.7815 1166.3967 1164.5068 1158.1893 1154.9325 1152.8824 1142.6176 1134.391 1133.364 1134.5262 1131.3746 1126.0621 1123.3636 1122.9088 1117.8162 1116.3312 1114.6605 1118.4431 1119.8922 1123.7789 1124.5748 1134.0234 1138.0149
1280.6262 1279.3833 1264.0156 1233.9357 1233.506 1214.9598 1220.4614 1227.129 1220.7764 1224.0917 1209.9038 1203.548 1222.2697 1214.4945 1221.7163 1213.0399 1204.077 1216.0856 1235.7681 1248.5959 1282.5927 1296.3137 1290.9558 1285.416 1283.4631 1267.8673 1256.3494 1246.4053 1249.8868 1240.9397 1240.5121 1230.1716 1218.2784 1216.7091 1223.9907 1224.277 1197.675 1186.7572 1177.3074 1173.3413 1170.1547 1161.5439 1159.9396 1155.6897 1149.9952 1150.1587 1149.9243 1149.275 1143.549 1142.1929 1140.5018 1129.9948 1127.8698 1121.2147 1119.498 1113.585 1114.6625 1112.8741 1115.7861 1119.1846 1117.7504 1119.0403 1131.7816
1286.8287 1290.6794 1263.5966 1247.7043 1238.6698 1231.0669 1239.7275 1238.7761 1247.3193 1258.7278 1224.7418 1218.3909 1218.1489 1218.5171 1229.8109 1235.0475 1224.5409 1222.0515 1235.7838 1238.2937 1259.3214 1286.7632 1275.5837 1278.5271 1270.9302 1267.7856 1260.6261 1257.382 1247.6364 1241.762 1235.4088 1238.2286 1227.9204 1217.0398 1234.7927 1238.2272 1209.856 1193.6016 1185.3408 1178.1475 1171.3225 1169.0869 1166.6963 1159.0402 1158.8518 1154.025 1158.0844 1163.7834 1161.9711 1158.1647 1153.1411 1143.4646 1134.8835 1133.0771 1125.1986 1118.5212 1112.2524 1110.0634 1110.0887 1107.6973 1110.2542 1107.8652 1105.6901
1284.5485 1277.1467 1260.6339 1253.5874 1252.6333 1256.8921 1261.297 1255.4095 1248.019 1245.3716 1251.3184 1254.2344 1258.5935 1290.0012 1244.4619 1239.0786 1242.1249 1238.47 1234.2584 1255.0046 1271.5499 1285.771 1265.5496 1255.385 1248.2823 1242.7015 1238.9073 1238.319 1235.2151 1237.6713 1242.4017 1241.4305 1235.8536 1222.4211 1218.0717 1223.0874 1213.1932 1200.1163 1197.074 1182.8228 1180.8588 1187.4374 1176.4821 1171.4801 1167.3873 1173.2402 1176.1854 1177.6277 1178.5776 1179.0299 1172.6818 1164.6313 1151.1475 1133.2566 1146.4648 1130.0513 1123.9034 1128.5525 1115.5963 1116.3087 1106.4973 1102.5896 1103.9899
1292.5616 1284.9497 1285.9171 1287.1139 1284.0598 1283.2512 1282.8823 1257.8729 1271.6184 1308.9845 1279.1439 1372.943 1334.0803 1273.7311 1256.396 1248.5022 1258.3264 1257.0618 1258.3104 1259.766 1263.8383 1270.7429 1269.0503 1276.1047 1282.6073 1247.5769 1243.7434 1252.3872 1257.1508 1259.4492 1227.2186 1225.1884 1225.624 1216.2532 1206.7295 1202.0791 1198.6998 1194.204 1190.7025 1187.877 1194.1934 1190.4054 1186.5707 1180.3524 1183.0371 1186.902 1181.3868 1186.9458 1199.8967 1182.5265 1166.3369 1155.9213 1142.8406 1143.0282 1174.9205 1145.6134 1134.2656 1131.7175 1132.6459 1128.9336 1130.2827 1113.1125 1123.1085
1308.9895 1310.559 1304.4629 1301.177 1301.3181 1290.9708 1284.9373 1267.1371 1285.3599 1306.6426 1299.828 1325.9712 1302.5636 1293.2478 1255.974 1277.2805 1287.5076 1287.3263 1283.1997 1268.6469 1266.4331 1257.7769 1262.0422 1263.4479 1242.3833 1241.1493 1271.2755 1249.2458 1231.8411 1226.4039 1220.9941 1233.9042 1231.1079 1223.9653 1212.8187 1204.6536 1209.0049 1195.241 1192.8916 1190.34 1189.7396 1204.7107 1200.5216 1198.1989 1194.5129 1186.0934 1184.4434 1186.3757 1198.8776 1174.4368 1170.2539 1167.0355 1160.0962 1156.5779 1146.6547 1146.983 1140.3767 1141.0079 1135.2574 1143.9271 1134.59 1135.2356 1143.1354
1345.4481 1367.6504 1333.3879 1324.6808 1316.6021 1321.5684 1308.1781 1277.7549 1273.8606 1294.2949 1313.855 1306.0649 1302.0541 1278.2953 1271.1323 1294.0801 1308.924 1291.1837 1275.6617 1267.438 1252.6141 1235.9496 1230.3711 1230.4192 1222.4561 1228.6702 1232.947 1227.8186 1219.6678 1213.5203 1215.48 1220.4503 1227.9695 1244.4258 1219.9863 1213.9568 1214.4047 1203.2384 1198.1841 1199.6416 1204.0205 1205.9691 1209.9742 1203.4839 1201.8094 1200.9634 1188.823 1186.5226 1182.1821 1177.4808 1190.8412 1189.8269 1178.6776 1163.635 1158.8882 1151.2538 1154.0907 1138.6079 1143.8132 1145.6693 1149.969 1157.0896 1157.0786
1420.7469 1423.2343 1373.4998 1330.2433 1319.6481 1331.2316 1311.3759 1306.3674 1296.1942 1287.9797 1290.5231 1303.9972 1311.1967 1292.8818 1289.7448 1297.3573 1286.3153 1264.4589 1257.1495 1247.9255 1239.3243 1234.0127 1228.3683 1230.0348 1237.3452 1221.9902 1219.7693 1214.1154 1207.4994 1204.0453 1209.7424 1219.4651 1217.4633 1235.9594 1246.8417 1229.5394 1244.2501 1240.2406 1213.9458 1222.0986 1219.3252 1227.2832 1214.8497 1221.4447 1209.7937 1204.6664 1197.7916 1195.713 1183.0089 1188.1208 1200.7087 1202.7584 1180.9476 1169.8378 1161.2871 1147.4536 1152.9233 1160.1118 1156.3826 1173.1023 1168.8873 1156.9392 1144.2933
1420.2284 1403.5171 1377.4009 1354.4679 1350.1284 1340.0986 1347.8146 1370.7834 1339.318 1310.8195 1312.5598 1322.2806 1326.5846 1310.2297 1299.2972 1288.6689 1279.672 1285.3933 1279.8232 1264.1847 1245.8026 1230.4514 1224.7482 1222.1891 1218.2977 1220.4803 1212.8146 1202.3705 1198.0265 1188.2076 1200.3938 1208.7511 1209.2159 1214.854 1215.9749 1225.3201 1231.4249 1244.22 1235.2874 1241.854 1249.4072 1228.3687 1228.2246 1218.2228 1213.3878 1210.5701 1210.488 1194.2506 1193.3088 1200.778 1211.1124 1201.2196 1186.7296 1170.771 1164.7582 1164.6488 1162.4374 1175.7388 1172.4155 1150.5928 1141.6128 1135.0743 1129.207
