MapLib/Lvl1_5x5/BG/Ele_BG_FA.asc
ncols         557
nrows         557
xllcorner     -500
yllcorner     3337669.448
cellsize      1000
nodata_value  -9999.0
[rows 476 to 503 of 557, columns 378 to 440 of 557]
395.9062 392.4421 388.5552 364.6418 348.3969 374.2909 377.8496 372.2962 365.0413 362.9196 363.7705 368.137 364.1024 365.007 361.0507 358.0452 354.6998 347.0554 338.8894 339.6927 345.1942 339.8438 336.174 343.6637 349.8152 350.9229 347.7877 348.5443 344.6991 344.9142 345.1898 348.2972 345.6866 334.6537 337.3961 338.9584 335.4803 327.5194 325.4874 318.1995 311.047 305.198 304.8594 306.2008 306.3582 312.9301 310.3371 312.2279 305.609 298.5985 299.944 306.5904 296.8709 292.518 296.6529 293.4191 291.2942 289.6351 292.4536 290.8274 291.7881 293.3144 283.8358
389.3532 384.6042 376.7118 366.6235 351.7174 366.557 375.2755 374.337 366.0841 362.8596 345.5282 359.567 357.7582 358.2299 356.0833 352.4391 360.2263 353.2207 349.3146 350.3514 348.2117 350.2984 349.3528 328.5626 334.0306 343.3071 348.0223 347.3409 350.3727 342.5515 348.6771 344.5386 349.9205 344.6742 342.2892 340.0099 336.8169 329.4638 329.8918 325.6454 315.4042 305.5284 313.0382 310.2575 303.5634 301.7677 309.5454 307.498 304.9986 306.1508 306.3323 302.1386 303.8254 294.7538 286.9446 295.0852 296.6303 288.7363 289.9593 291.8398 289.4764 285.1184 277.578
377.3525 360.7528 363.7488 377.0841 351.2655 348.7291 369.1739 355.3671 355.1271 353.2186 357.705 351.3858 349.8803 352.3155 345.9312 342.9728 358.1893 342.3339 343.9127 342.3182 350.1342 350.4398 351.3959 343.7389 332.3285 346.606 349.7956 345.5451 347.6438 346.3966 349.2808 347.8229 342.7538 339.8711 339.9422 337.9248 329.8548 329.5861 330.7414 316.5793 316.0361 308.8368 309.6341 308.0673 302.1677 306.8319 306.0276 300.0958 303.5805 297.7099 298.804 315.7043 292.1913 285.5113 300.0117 296.0133 281.5779 290.8099 294.5346 280.9102 285.8061 294.4995 285.9117
363.2708 355.2727 347.2794 350.979 350.3832 345.7413 348.444 341.7245 347.0014 346.0048 344.8196 350.3401 344.9469 344.0755 339.2551 345.6325 344.5376 346.4216 348.5602 345.7295 341.7741 348.7408 345.6918 344.1753 345.2314 323.6181 348.8259 338.5526 345.8452 349.5897 347.7633 344.1557 343.1635 336.1368 331.563 325.7518 325.916 324.9215 315.2754 316.8716 312.8285 309.5418 313.9688 308.3101 299.9945 294.2947 297.7156 304.2278 303.7907 303.2475 303.4919 303.4817 296.0194 287.8292 298.2312 295.0051 291.0064 300.4318 291.9352 286.4183 283.9836 288.7503 285.8255
367.0061 368.1995 356.0101 352.3142 348.8399 345.2597 340.8375 343.6628 337.0128 344.5772 338.9858 341.7553 341.0832 338.0524 336.0725 333.5959 336.5964 335.6674 337.4759 332.2216 329.6782 334.9268 344.548 339.4005 343.7808 339.4789 345.481 341.0876 349.6437 342.7863 340.6046 344.2904 338.2338 339.46 341.2055 337.3765 325.772 315.6634 313.9209 313.1074 305.5378 307.1381 306.7118 299.3501 304.9721 298.7852 287.9447 295.5477 299.6727 296.3624 305.298 295.265 297.0801 300.1647 289.7774 285.0399 291.1686 285.5065 287.1242 278.4425 288.0952 283.0557 285.573
362.6837 361.445 360.4219 357.7466 353.3923 346.9851 342.1981 338.6933 342.1335 344.8642 359.4636 354.8268 349.5316 346.5241 344.3389 341.4416 339.1317 348.3804 348.2064 344.519 337.9011 335.6826 328.3181 328.3995 334.9217 342.5535 347.6047 344.7994 344.6844 348.5017 337.4554 342.4859 335.2997 336.0139 338.1817 334.5841 332.3965 325.1731 325.002 320.1856 316.0964 308.1505 309.1342 301.6814 303.8138 301.353 302.6784 284.7744 295.8804 294.0251 304.9774 302.3346 296.3255 293.2206 293.5694 290.8576 279.3806 278.9769 284.1405 290.1839 286.5972 281.8357 285.4502
385.0626 367.4763 354.4067 349.4177 349.9947 344.6849 350.9459 359.7462 361.1934 364.0796 362.1074 355.5509 348.9576 347.4478 352.659 359.6154 361.9627 357.4911 347.2725 340.6765 342.825 346.1971 336.7326 331.7293 328.1881 336.8388 337.0931 337.2336 340.6816 346.0682 335.827 334.963 335.2186 332.3983 328.2609 330.0954 322.85 330.1606 329.3716 317.0331 316.3021 311.8788 308.7097 300.639 299.1144 298.5667 297.6864 292.5334 289.0836 302.9132 294.1549 297.0126 295.202 295.6783 300.42 295.602 292.275 289.4565 288.3073 288.4991 284.5562 286.5868 289.9795
381.9516 376.2989 375.2975 359.1577 348.4105 358.6457 374.5414 371.6856 374.2417 366.8202 363.1069 357.5345 359.1365 355.8002 357.9665 354.7057 358.8887 353.5219 347.084 351.3892 346.2968 344.822 339.8618 340.159 327.4502 330.5176 335.2806 344.4189 337.0402 348.1508 341.76 336.9141 328.0815 328.3016 325.5728 316.9586 320.4364 314.7285 325.2686 320.3766 314.7137 307.0226 308.7127 300.2859 302.6385 304.3106 298.5623 304.0221 305.1038 308.671 303.0649 296.6316 293.3803 294.4299 298.3321 295.6226 289.5722 292.2202 295.0367 290.2523 286.836 290.8568 284.004
391.3617 388.5207 381.5048 370.9264 361.5056 376.9715 378.9684 363.9826 365.6461 362.9727 359.4021 353.4565 351.2507 347.8161 349.0916 353.2632 356.7795 349.9497 338.486 345.9135 335.5519 334.6436 333.9794 333.6709 328.3333 325.7746 335.1524 338.0643 342.4423 346.8253 336.8136 326.3039 329.4224 325.4862 323.7244 320.8136 317.5144 316.4843 319.3209 312.1689 315.1196 307.2589 304.3704 307.5738 299.9133 291.9578 291.9219 299.2996 309.7828 316.6014 305.5569 296.7154 284.6881 290.5702 291.3292 288.4263 291.5818 291.9393 289.1162 289.2006 291.3882 289.0254 284.6992
397.4596 389.08 379.4297 382.4608 376.3298 372.146 374.8935 371.6752 358.8492 367.1263 360.9327 358.552 353.0585 349.8058 347.1219 346.4439 348.824 345.4977 337.748 337.8711 339.9129 342.4363 349.1572 349.1937 342.5512 322.9036 334.3524 344.1194 337.654 335.3051 336.8929 333.612 328.3352 319.5596 322.7352 321.4228 317.9389 314.6571 316.6939 316.688 319.7703 311.7369 308.067 302.8416 300.8482 292.361 287.5238 294.797 302.2553 310.0708 306.2594 298.112 284.8425 289.1756 284.2831 283.7433 284.3375 291.0469 290.937 292.4083 292.2483 286.9172 286.2261
395.0342 394.5081 385.3263 383.748 375.9853 368.0552 369.0616 368.0208 364.6691 358.5457 357.2143 357.8465 354.2895 351.7839 348.9017 345.8908 345.8765 346.4151 339.0244 339.7501 349.0616 356.2819 357.5525 352.8067 345.1754 333.5824 322.784 333.7712 334.2286 334.5278 335.4039 330.4265 330.657 326.3286 327.8904 321.7859 316.9456 321.5375 314.7438 315.8369 316.3607 316.5824 307.427 307.4852 298.0666 295.1447 282.925 296.0839 305.8342 305.2988 299.6719 287.1119 284.9606 277.8733 282.9191 281.0817 278.8457 288.9893 292.4451 288.5208 291.3109 287.8158 285.7605
388.8982 390.9607 384.9328 385.9114 380.8784 374.3057 360.9949 366.7392 359.1075 355.8005 363.005 356.13 356.8411 358.3364 353.7666 356.5429 352.8868 351.9088 346.6435 347.603 351.8345 356.7258 353.1132 345.2784 335.8235 339.2291 334.4727 318.7485 331.109 327.629 335.673 338.9247 327.2493 325.9971 318.8568 326.2424 326.3036 320.195 311.8687 312.9556 310.5352 310.3199 311.8163 302.3752 303.2456 305.6889 293.5894 298.4023 299.98 293.962 291.3442 289.7372 285.4867 285.0052 281.1855 279.9481 283.6071 293.4107 294.1007 286.1366 286.5991 285.4521 283.3924
383.9837 384.8358 372.4169 367.5084 370.4373 378.1877 364.2477 360.8214 355.2729 353.3908 353.5419 351.8376 355.2743 360.9376 360.6667 358.0828 353.5779 345.8709 352.1652 353.8259 343.8039 351.3622 353.8525 351.0476 340.1374 341.4613 340.9345 331.4084 327.705 341.6731 334.7385 331.5001 326.2764 326.4663 318.6461 321.1815 318.1308 320.594 313.6878 306.8138 303.1982 305.9127 311.9226 307.4336 299.5613 299.8417 294.6251 286.0325 293.0654 292.6035 287.8764 286.9323 292.168 301.6989 286.0636 287.4258 288.8333 289.8652 289.1157 287.9971 284.9304 282.3029 284.7653
390.4693 376.5758 382.2255 381.6814 365.4473 370.5233 358.138 359.0653 359.9114 364.1895 353.6443 349.4742 346.0939 353.5395 347.7131 351.4766 346.0679 341.7086 346.6558 347.3799 348.5853 349.0179 348.4173 356.6521 347.9745 338.7921 338.0262 334.6977 321.8777 331.0766 336.5804 338.7721 333.9824 332.9886 319.5305 312.0891 315.3384 316.9753 311.0048 314.238 312.2792 298.0389 308.433 292.1772 293.3822 295.9127 297.0973 292.3479 295.9012 288.222 294.9198 299.2644 300.9891 299.0095 298.2094 288.5925 284.1126 284.6599 286.3038 278.5435 283.5945 285.6424 287.1362
388.0754 393.4904 388.6461 384.9813 382.9402 370.2777 371.7008 366.1234 356.7339 350.6826 353.3918 347.0897 349.3854 344.9503 348.195 346.7623 342.5531 338.1317 333.4298 347.8574 351.3493 347.4359 343.5084 349.3285 338.9892 336.8018 343.3023 344.9631 338.3428 338.4353 312.6878 320.4937 341.8011 332.8244 321.969 315.2328 312.9993 309.2772 313.0059 313.1585 306.0536 306.147 293.7945 292.0089 287.3935 291.8786 292.8976 292.2032 289.2755 288.5681 296.3146 297.8587 299.6184 295.691 290.9363 291.8992 289.0172 284.5696 278.7205 287.9358 285.707 285.835 286.1741
380.6031 386.8362 381.5373 381.0646 372.018 368.8137 362.6154 359.8053 355.3124 360.3675 367.1125 357.028 361.3659 353.325 352.7762 350.506 352.3658 342.6479 336.1874 333.6755 334.1376 337.7823 346.558 348.8133 335.5907 332.3978 332.4035 341.7495 337.8826 340.5959 328.5362 302.6486 320.8095 329.7065 321.8362 318.6191 321.6547 314.25 310.2498 306.3253 298.3119 296.2128 299.1284 297.993 298.1422 283.4309 288.2242 286.7928 288.3617 288.9304 290.306 293.7346 296.896 293.7471 284.5409 290.8591 291.0847 285.3881 285.1794 286.53 285.3156 287.5779 285.5218
376.6413 376.4549 373.3985 370.0567 373.8547 364.7658 358.3257 358.4168 363.1879 363.6791 362.0937 362.4803 356.0858 358.038 355.8748 347.1578 344.0999 346.578 350.6639 338.0499 345.2804 347.128 335.1491 334.7693 337.9437 335.0953 338.0988 331.4253 331.1225 334.4683 330.1017 324.0317 309.1499 319.3233 328.9694 322.5238 322.8253 315.1309 310.4081 307.1339 302.5313 300.0407 299.5948 296.04 287.9976 288.655 291.1726 293.7825 284.5798 289.8954 304.4984 300.8935 294.2094 285.1375 289.7041 290.7147 285.9883 287.067 285.8444 289.2103 286.4872 283.4017 280.5071
372.6124 365.5565 356.7654 357.9826 362.7179 364.3477 365.4633 361.9497 366.6882 369.4279 363.8659 361.3948 363.818 361.6355 356.8674 350.2406 353.7616 347.0683 346.8973 346.7491 345.0543 339.7073 332.2119 333.8774 333.2575 326.9562 329.5909 329.7485 333.6931 334.5541 335.2086 329.2402 317.8674 310.3307 314.1643 314.0131 317.0873 305.2395 311.5188 303.7591 295.6644 300.6185 299.4032 291.132 290.2427 285.0334 291.8521 295.3144 295.817 300.1475 294.9518 289.5583 293.2065 293.5992 284.9916 291.8902 288.3821 287.7995 288.1011 283.8692 286.1787 283.7973 280.3757
379.0407 378.5176 377.3082 372.7438 372.5531 374.3796 375.9143 369.112 374.1371 373.6192 368.3793 370.5249 364.5236 361.9404 356.4705 354.6701 350.7425 349.3145 342.3801 340.058 339.5637 342.667 346.5138 343.965 340.5194 334.7267 341.4662 334.6013 330.4337 333.7639 333.8516 326.1943 325.0007 318.0916 314.9427 310.9621 308.5847 304.9991 303.0195 306.7102 298.9099 296.5572 295.4139 299.0179 293.397 294.6467 295.771 302.9973 300.1274 295.1608 294.5703 295.5754 290.7427 285.3547 285.3659 283.9114 289.7285 292.6995 294.3008 291.4779 285.4402 285.2558 278.2812
376.4089 375.5739 379.975 372.4745 368.2823 370.4314 379.1628 381.3848 379.4297 372.0928 370.1865 372.4082 362.8124 356.1869 352.2455 348.3526 347.7346 354.6953 347.5685 347.5609 345.3833 350.9467 345.8394 342.4383 344.0585 334.4534 338.8016 337.8403 323.9501 340.2421 331.7182 322.4174 328.4671 318.2442 308.32 296.5334 303.6998 302.9919 299.9565 304.5342 300.7491 305.9747 300.0207 300.1605 289.6365 293.2206 302.381 305.8254 293.0084 292.0348 293.6053 293.5295 292.1942 291.1238 287.6158 289.4413 289.6674 292.1406 294.4615 291.6762 288.2459 288.9365 282.383
373.6724 369.548 370.4169 366.2133 364.1868 367.6778 370.9646 373.6482 375.4244 370.3711 364.074 364.3772 358.5541 358.5182 356.9336 353.5073 353.8533 350.0131 352.6468 350.338 341.9542 340.4507 337.301 337.5298 339.9082 332.8615 339.4424 338.6786 327.5546 328.1548 329.8688 329.3267 327.7382 321.1072 320.6694 309.1806 304.3671 303.553 302.9294 303.2076 298.5972 302.7106 299.186 300.7898 293.9518 288.3741 299.5826 296.252 293.5189 291.9047 289.0259 291.0925 293.3815 292.7471 290.935 290.3819 292.779 290.134 293.8398 290.5962 287.4797 287 285.0683
375.9225 375.3483 372.2311 370.3747 368.7111 366.1464 362.4753 370.3883 373.3852 361.9741 362.239 354.7106 354.278 354.1797 350.2968 351.9301 347.5251 345.568 344.5678 343.4766 345.1072 345.4901 343.2088 341.2924 335.139 334.8672 338.7564 335.6205 332.5719 327.9157 324.1647 328.751 317.8053 316.5069 309.088 309.2109 304.3433 300.4598 298.326 300.8189 304.7745 298.3298 294.7903 296.8589 301.6172 296.5516 288.9193 302.5923 293.5234 294.0027 290.3461 292.9769 295.3912 294.9355 295.8589 290.0162 288.053 290.3427 290.627 288.2862 288.4735 287.7034 286.7112
380.5422 380.7339 374.1334 380.102 371.619 364.8976 363.0127 371.6644 376.2849 375.3608 368.1024 362.8869 355.4618 359.6527 357.2253 359.0005 355.199 350.6624 355.4463 352.7201 358.292 350.1325 352.4252 346.7201 348.1372 342.2921 331.1313 336.0509 329.2833 329.1508 318.1606 323.2807 316.2546 320.2463 310.279 305.9141 301.2192 303.5792 302.9885 301.6808 301.8386 300.981 298.1424 295.7043 292.5454 286.9898 281.0999 294.7558 294.004 292.1369 296.0228 298.2646 291.5859 292.9605 293.9111 290.541 288.5654 289.182 289.3422 288.75 287.7778 284.6265 283.216
372.3653 382.9221 372.4579 372.926 364.0399 371.8618 355.9379 368.8256 366.9678 377.0396 368.3902 368.2246 360.4476 365.0067 355.1534 353.4311 355.6222 358.0064 356.5807 354.0136 344.2482 344.688 346.7143 341.178 336.7802 340.6262 336.4234 341.4789 327.1819 329.9188 325.1423 320.4217 316.1391 319.54 312.6146 306.4285 306.2902 305.6815 304.9373 303.3665 301.0944 302.8048 294.4684 288.1537 290.4143 283.677 281.9109 289.2642 286.3463 294.4434 290.8941 295.7261 293.4859 293.2037 293.9646 291.035 290.3923 295.0199 290.2111 289.0592 285.5758 286.9719 282.3867
367.4651 367.9664 368.2825 370.498 362.9673 359.7794 351.2657 365.0598 364.7073 372.5048 372.2988 367.1303 365.7884 359.8927 365.7062 359.5173 356.8553 365.0403 352.7596 347.1233 346.126 339.7445 346.801 340.6312 338.0197 335.3918 337.7051 325.3234 328.8743 332.1565 320.1179 317.6234 303.8779 312.9841 317.6838 307.014 303.3938 299.6429 303.5166 302.6662 301.6658 302.7027 290.8392 282.3504 283.1684 288.9917 288.66 292.8365 290.4152 295.2152 294.7846 295.5071 293.3114 290.9516 292.6154 290.6531 291.9233 289.474 288.3448 286.3643 287.216 286.7347 289.2962
364.044 363.7606 360.5354 359.897 368.5824 363.5086 359.7659 351.0302 347.1359 359.8427 371.1274 369.9867 377.3017 368.3943 367.7319 374.9311 369.8637 358.0169 349.8347 343.9593 343.5934 337.6776 337.3917 341.2833 336.3581 333.3029 330.6494 322.0191 329.7959 324.815 322.4374 314.8701 313.1475 309.8833 312.2034 310.0446 305.0128 308.2194 299.9496 302.347 304.0825 297.3163 293.6223 291.0175 286.4082 284.5299 293.0712 295.7008 295.1019 299.2379 294.7188 291.932 290.735 290.9541 289.9368 289.2545 286.4031 285.4117 283.5502 283.9004 282.522 287.4009 289.1834
373.2737 368.9015 364.3884 363.4695 371.6201 368.1343 363.5305 360.1742 355.7668 342.2079 347.1367 363.1017 370.3573 361.106 360.4418 361.8202 360.7813 356.618 349.1035 351.2163 352.2404 348.964 346.8557 350.6468 340.9397 338.0634 332.1072 324.2247 318.3603 315.5487 322.7986 315.2024 314.324 307.7993 297.1692 295.003 299.7502 309.7848 297.9027 289.2395 296.1673 295.8952 299.6634 285.8805 295.1315 289.8086 292.8057 292.2475 296.2203 299.356 297.5606 294.8413 290.778 293.6169 294.0155 291.7575 292.4353 285.8334 285.558 284.7609 289.2408 288.3818 285.0064
376.94 374.3311 371.6951 369.4193 377.4627 368.7808 366.9851 368.9662 357.7856 343.1092 339.3466 358.8499 364.3268 356.8477 355.1373 352.0089 354.719 358.1959 351.9243 346.7265 353.0502 352.136 348.6264 346.9073 345.1586 338.4394 334.2466 329.9268 322.6258 312.1826 316.2852 315.1687 310.3752 307.3008 294.7022 294.5493 293.8101 303.0443 304.7022 297.5048 300.3652 291.4082 289.0733 289.7054 294.6365 291.7048 295.9038 295.0278 292.9838 295.9009 298.4775 297.974 294.7574 295.477 293.6847 290.5837 287.7735 291.1562 285.4127 288.3044 284.6482 284.4388 288.1794
