MapLib/Lvl1_5x5/BG/Ele_BG_CC.asc
ncols         557
nrows         557
xllcorner     1113500
yllcorner     5008669.448
cellsize      1000
nodata_value  -9999.0
[rows 27 to 53 of 557, columns 305 to 365 of 557]
483.8322 485.1749 485.7693 486.5538 489.6446 503.4172 536.0332 529.0367 519.3897 499.4932 495.1913 476.9847 459.4405 476.3542 505.0019 486.8812 458.9265 440.9005 429.0988 378.627 385.3109 386.2406 396.0745 408.0399 422.7255 446.3797 428.2194 417.3188 367.3106 388.9123 432.8018 438.3802 424.7086 401.1065 420.999 447.1078 454.3008 460.6141 464.089 469.7938 469.1682 483.4111 499.1878 498.9602 455.5871 444.5009 449.8896 453.3145 419.1949 403.1028 396.1877 380.9292 361.4029 359.0234 368.7453 370.2511 368.7728 365.8913 364.7083 360.074 357.8492
498.5528 492.6511 481.9227 481.8109 489.6856 491.1643 539.5583 570.15 543.5556 514.884 501.3568 498.0759 515.8199 519.7695 498.3727 462.0555 434.8265 442.8584 432.4258 449.6909 443.6339 416.142 408.8603 381.0103 396.3035 412.3674 391.9058 376.9249 382.0148 421.3859 456.5134 450.644 421.3563 412.3292 427.2155 448.9986 470.8403 488.1501 495.8767 487.6479 496.218 498.9014 466.882 451.2802 452.4821 451.287 464.022 465.1723 426.8011 419.9863 416.4214 411.9655 393.4866 393.7255 395.8788 397.1456 395.381 378.2093 366.8666 362.3177 361.1996
488.1111 472.5508 470.018 468.9051 471.0707 484.5357 514.1227 555.6304 558.7641 556.7478 550.5428 521.7491 516.001 508.6631 501.8006 481.6653 477.2533 466.3246 486.8846 488.9438 496.9781 480.5755 474.6378 454.041 430.1032 406.2211 398.0755 396.7056 417.9299 464.9881 471.301 469.3361 443.5707 444.4216 460.7301 473.3844 488.6602 471.3701 454.03 439.5183 446.4674 434.9544 405.4882 390.0146 382.1353 399.6605 427.0452 419.0023 414.9807 427.026 415.816 400.0256 389.6938 392.9862 373.8034 369.51 371.0105 361.8691 346.6099 345.2532 335.4388
488.0177 480.0757 474.0603 468.1475 465.4036 458.5053 465.3112 491.6862 525.4617 530.3096 518.1449 502.8821 488.8654 485.8199 479.7497 486.0951 492.4699 500.4158 507.2989 492.0002 489.1463 471.9496 462.4453 453.3931 441.7891 440.414 413.2679 390.6527 383.8 457.5151 474.7515 463.5531 468.1628 469.8406 466.0799 462.1059 442.4969 419.0339 408.8557 403.225 386.0736 384.7432 376.2802 370.8028 363.4799 359.7115 358.4959 357.6896 369.9563 375.4904 372.8967 360.1223 354.989 346.5822 336.0175 335.5724 331.1219 349.4028 366.5846 348.0302 348.9931
470.0479 467.3041 464.3349 468.8097 463.0006 458.5711 461.9307 462.7706 476.599 462.9757 461.6221 454.6835 460.2243 475.868 502.8888 478.4594 474.4343 472.4698 484.4644 462.6113 475.1267 471.277 463.9214 462.3052 445.421 418.5348 407.8261 387.9866 419.1987 430.847 439.722 474.5974 490.0987 490.4362 474.6578 430.0225 403.7594 386.1116 371.3898 360.1849 359.5781 357.4222 356.4759 348.9332 346.9066 342.2941 341.0684 338.3702 340.1627 342.3073 346.0197 334.7082 338.7134 343.4182 351.764 347.9995 338.7721 342.1706 332.6234 344.1653 360.3287
488.1635 474.7378 468.5909 464.3752 465.0333 465.3876 471.204 468.0187 498.6719 533.563 508.3717 490.5223 476.3488 454.6856 446.6112 451.6953 442.5194 433.9311 442.8461 426.7891 448.9205 449.6939 434.1161 432.0627 418.5463 405.4205 401.1802 423.7295 438.6866 468.3452 463.8543 457.7282 468.6558 476.7999 440.4507 419.7805 398.2592 380.6064 367.6738 360.4582 356.5462 358.7298 360.1406 356.5862 362.5435 364.6774 349.4985 335.4193 334.852 336.3632 336.1156 343.1885 349.3081 342.4896 337.4429 342.1994 350.5635 341.2913 331.3228 334.2031 328.9786
489.9857 473.502 473.3757 478.4041 474.7963 476.1219 468.0294 490.3273 520.0903 552.3707 521.5248 486.8269 495.6657 496.0606 485.7112 469.0187 457.4452 468.3654 429.5026 420.4015 439.8005 436.2454 423.06 414.9158 405.8505 414.0506 417.016 440.4205 486.9192 495.5956 489.4814 475.2452 474.6714 458.548 448.3347 439.1405 430.3357 401.7302 400.3831 392.9235 382.7733 377.8503 374.0462 366.0883 364.3795 356.3431 358.5446 345.1324 345.08 341.8956 338.6525 333.5421 328.3411 326.7713 322.1972 325.6855 326.6512 325.632 324.8987 343.8452 353.8795
482.4571 492.6491 491.653 487.7133 479.108 480.5521 483.2412 486.1111 473.982 524.2786 523.2468 519.2515 513.7591 489.6524 479.3762 475.7992 476.1567 482.3185 452.4146 439.4351 422.0876 410.8775 431.3264 445.5953 426.388 437.3033 448.5977 460.2367 471.1853 486.2353 479.7629 458.0665 443.8278 438.5453 434.6353 436.9789 435.3482 421.3722 426.8176 414.0993 400.541 397.2888 388.6125 392.0428 387.4374 381.1145 380.9958 355.4912 353.6387 339.0277 347.8047 343.9806 331.5327 326.9424 331.6858 331.2227 331.7796 335.1088 335.9114 349.8107 355.0638
475.6614 464.9124 496.0667 472.0981 469.4432 481.2731 464.3058 469.4004 462.8691 464.6908 475.6341 491.2451 517.0243 496.9739 478.5818 487.2222 476.2394 458.5927 452.0341 439.6855 399.6176 455.2831 459.363 472.2639 494.6763 478.652 499.7505 507.0022 485.2795 501.3487 487.1794 459.4161 460.439 432.7796 417.2774 406.6581 403.9235 397.2535 400.9395 394.0585 392.615 390.9402 380.222 372.9128 368.0058 364.846 367.6916 369.8765 363.8504 361.6183 372.6559 361.0734 345.7457 345.7453 343.0081 364.2766 374.5185 371.4187 366.5703 353.3257 362.4826
505.0744 504.9028 459.2355 446.5066 442.0986 438.1101 445.0465 443.9751 442.7984 442.3176 434.2772 431.6726 430.7839 450.3961 446.7667 472.8984 474.1607 459.8253 445.9586 432.6364 410.2952 450.5309 468.852 503.6513 507.837 509.3919 517.5833 522.8854 499.8921 481.8544 470.0768 473.4896 457.8867 447.0593 449.887 444.9409 421.2549 413.853 405.3468 389.0793 381.1143 385.3174 390.2238 389.9243 386.4561 370.5256 366.6855 361.7236 355.9979 351.5779 349.2916 352.2829 358.0885 363.3765 368.5457 367.9726 374.8168 360.6305 349.4482 355.3784 352.9958
535.0717 550.6936 475.2722 447.4271 447.489 444.3776 475.6013 455.3028 437.5514 440.334 443.191 439.1231 427.6013 427.1502 419.3409 416.2987 448.4004 442.7708 432.345 412.5516 416.6521 451.2693 484.8394 521.8245 513.7974 501.2146 498.3735 501.3195 479.7646 468.7621 455.3641 430.2745 432.945 435.7466 433.7487 430.4977 426.0614 407.1565 417.1494 403.2389 388.3394 382.0182 375.2558 384.9845 393.8839 391.8312 388.2993 389.1672 368.9789 356.2563 346.649 341.8067 333.619 344.8164 361.3742 362.5437 339.1498 332.1215 341.2192 358.504 328.103
493.4133 502.6873 473.1801 449.5397 462.7556 464.5192 466.3558 473.6748 461.5388 456.7281 467.9536 451.2589 440.6941 437.2985 441.8436 435.2332 423.8583 414.1442 433.934 436.8002 459.1964 453.3844 470.3826 492.1363 504.0003 501.2304 477.2371 460.7794 458.8977 449.6141 451.3659 437.4141 417.0075 408.1177 413.5517 419.6562 417.5407 403.0335 392.7964 386.2873 390.5674 375.2413 381.3427 399.7095 388.0564 379.4251 372.3456 364.5685 361.0409 364.1483 358.5696 328.1229 325.402 322.9051 322.6331 323.5741 319.8701 317.2914 317.4956 318.946 322.1269
479.7391 480.8798 460.5777 454.9856 467.7397 493.6147 545.6049 511.3124 477.3305 491.2928 476.2054 458.2096 473.1054 462.8139 447.5533 429.3014 427.4715 452.0647 460.3528 454.4404 455.3008 467.6725 489.2857 502.8422 511.4581 503.2599 480.7011 446.7733 434.2344 432.5526 456.3097 450.1249 453.2677 422.0688 407.7762 395.7966 402.3888 405.5051 398.3012 388.8605 381.0292 390.5732 391.629 379.0681 371.3997 360.011 352.5547 329.2139 335.9553 339.569 342.7475 337.2074 326.0214 324.24 324.4346 331.8876 329.463 326.5493 324.4334 331.8268 348.4043
479.0634 473.9977 458.0306 457.3612 471.7295 499.4269 514.3346 524.5878 506.122 505.8843 500.4931 480.0724 483.0523 489.0977 528.2927 483.7537 460.7441 439.0185 438.7581 440.7654 452.2426 473.4373 500.2754 501.7701 493.3406 472.9529 454.2556 429.4185 431.2205 427.4004 415.7363 416.6277 412.2637 418.5894 417.3682 403.3668 383.4113 388.138 394.6829 395.6598 381.8714 355.0775 343.5371 344.0469 350.1726 336.6145 339.1761 343.498 349.4748 346.5379 351.0107 355.4755 347.8736 350.2954 347.768 339.6432 342.3253 343.6239 349.6984 356.0905 357.7718
486.223 479.0128 468.9531 475.3451 504.872 535.9442 513.0463 553.8732 546.696 552.7274 556.7743 544.263 536.1362 500.7467 471.2439 461.64 437.5455 428.8839 434.8847 441.1044 470.4695 504.6852 505.4423 501.8172 496.4764 477.2762 476.2127 457.1822 462.773 461.6418 434.3533 424.5757 422.727 406.8873 397.5546 406.8222 405.925 386.3828 384.0369 386.9118 359.7007 363.0133 381.7198 369.8089 362.2699 362.9653 360.6325 356.3128 358.5405 375.7463 409.1484 423.8804 418.6515 384.7612 364.5557 349.6579 360.2031 364.6417 381.3069 372.0738 365.1292
493.3747 491.1693 495.2209 529.8604 532.9541 535.5647 542.6112 564.3544 542.3084 516.2813 507.6068 508.2549 557.6607 497.3163 486.9959 491.5276 455.3385 441.1596 450.9613 462.7034 474.3045 485.6875 508.8415 507.9796 490.0103 468.6065 452.6987 442.382 436.1129 428.4664 446.9609 457.5279 442.7885 434.4614 440.9641 439.7969 427.8539 411.2225 398.3191 390.0215 355.9072 383.0184 392.6788 385.2944 389.7368 381.2951 362.0227 353.2113 399.3894 420.2431 442.9626 446.9819 424.694 383.044 360.8323 364.8764 379.9165 372.212 371.7525 370.7759 370.7023
520.9896 518.668 537.2032 499.5748 504.1816 510.0146 518.5358 525.2951 542.6024 594.1799 479.0586 490.5663 526.6789 545.5628 533.0948 498.7361 484.8504 528.8085 477.919 464.14 482.2997 498.0884 478.4842 476.2444 476.0092 478.4254 480.8784 478.171 479.9109 489.5396 478.3624 481.4712 453.0775 453.1215 433.5652 416.9731 408.1438 398.578 400.0742 350.2354 367.1396 397.2249 457.1369 431.2857 406.5901 384.4554 370.683 355.4649 365.1942 389.611 403.4366 432.1255 450.852 402.9772 394.2087 373.7077 359.7884 355.808 403.9263 380.443 375.3086
499.5236 614.8511 591.4127 517.8183 477.5068 494.2848 487.2519 487.0045 507.2478 501.7082 463.1032 473.6903 506.8463 501.2372 468.749 452.2628 445.0444 433.8938 443.8185 453.5377 479.373 486.6455 473.1758 454.3915 443.5433 457.1547 457.3185 453.9523 449.5645 467.4405 451.7104 443.1333 445.2256 425.833 408.1039 393.547 385.1844 381.2795 359.8663 351.2386 363.8481 395.3731 443.8643 446.6716 422.2143 396.2265 370.4495 357.6639 384.9539 405.6534 429.958 402.9889 397.3548 384.343 376.9542 372.7506 365.6203 363.2203 368.1386 382.7793 379.1306
471.0213 495.794 525.2949 480.683 449.5219 469.2967 484.8949 468.0453 491.5371 451.5183 457.8239 482.5561 486.3637 475.9763 476.543 453.0108 439.0442 427.0563 422.6352 443.5263 480.5588 490.0957 500.4654 488.9753 469.4655 450.6543 431.0257 420.1429 416.7409 419.5056 417.3137 417.5404 418.5623 411.3485 397.8543 378.2307 371.6608 367.3253 351.2818 357.4125 401.8625 435.4883 458.8947 439.4255 421.55 401.9224 386.2604 376.3927 389.7799 406.2603 413.9953 429.2351 409.1599 408.4383 420.3965 387.9648 372.5214 374.9206 379.8926 392.2686 388.3531
434.7639 446.1063 457.178 435.0999 459.7421 446.6149 427.3759 469.4268 450.6726 427.1734 441.7149 465.856 444.5375 492.2276 490.3099 487.1912 446.9182 423.4773 423.3548 436.3974 460.6679 466.019 482.6473 490.9921 502.1211 500.0638 500.8727 469.8381 449.9186 446.8328 431.4437 409.7331 397.0812 395.2639 419.3766 413.7894 380.9902 365.6685 349.1997 397.5138 450.7525 457.2833 454.8062 474.769 464.3212 414.1453 423.8677 376.8234 366.4176 373.8715 393.6959 405.8956 429.6917 437.4232 424.8615 396.2485 385.3108 399.1673 409.4273 409.6594 405.5811
482.8387 548.3625 456.194 414.9981 414.3736 421.5296 411.7214 431.5875 403.9032 448.4591 427.6417 411.7076 424.2669 446.3347 465.4993 457.7449 434.451 428.3318 411.5072 424.1953 444.8677 452.954 492.3197 495.1161 489.3143 494.2416 476.9373 451.2356 435.7763 438.0436 445.5994 446.7805 436.1852 424.0997 429.1785 403.1198 380.3539 348.3223 378.9626 382.648 389.5843 430.1851 457.6172 478.4462 465.7396 443.4773 435.8876 405.4997 382.1349 377.5468 412.3284 447.1991 433.7219 452.4563 423.0594 404.8114 406.2614 438.4253 468.716 450.2475 430.2816
500.3275 480.4396 461.3707 444.9392 429.4333 463.4305 453.3672 409.8646 405.489 403.528 402.8448 393.4473 427.9607 449.8711 449.5063 436.1301 422.5527 418.8609 408.4163 407.0679 452.8603 453.1715 474.325 472.593 448.6512 480.9273 454.6654 437.2318 437.4493 414.8271 422.3861 404.0741 402.5868 403.1919 398.8586 393.7454 357.6886 358.4996 394.4925 381.3477 446.88 475.076 488.5259 481.8399 481.509 478.6609 456.5612 418.6481 391.4908 377.7963 375.2238 426.6156 413.0022 447.6393 453.5711 458.0129 460.3391 477.4929 476.7664 439.9784 406.4524
480.1838 474.8415 468.864 449.2098 463.9316 470.1436 438.2739 434.5214 463.9428 424.8651 402.0905 393.1917 415.9783 419.7274 409.7534 398.2667 408.6239 413.8692 412.4534 401.9946 412.2234 442.0531 448.037 439.0069 413.946 449.607 453.6967 419.4576 423.7597 419.4478 404.3465 392.93 382.9924 373.6509 363.9938 357.8051 353.1201 377.6088 397.7769 394.4271 444.5243 457.7576 460.3579 461.4366 465.4951 457.2502 437.1216 418.1928 401.0801 390.2086 385.6822 391.8264 386.4571 394.0482 427.2135 447.4751 457.6688 489.0128 476.0122 443.6968 410.8342
471.9708 468.9245 454.013 456.5876 473.2312 442.0921 438.9442 508.7181 491.0991 472.008 435.1185 394.5323 385.4658 396.1216 402.8916 378.335 385.0897 387.1794 390.0412 386.2889 392.007 431.4143 445.4024 438.8179 428.2078 399.4864 413.5889 419.0592 413.8457 408.3091 395.443 380.7962 373.1492 365.79 350.5262 355.4676 380.6228 403.8448 421.948 398.9476 435.4162 455.8669 457.1684 457.1849 431.9143 418.7011 414.0525 395.4014 400.9102 436.3163 438.7023 424.5561 399.7111 397.5753 398.6152 405.5708 424.8047 431.5887 465.5728 419.5271 384.5555
530.4303 514.7705 496.4833 458.5119 453.264 441.0518 440.7327 459.0215 456.6139 435.5866 414.6784 401.1124 399.9462 387.2748 384.0932 375.6522 381.4451 382.6779 381.2968 378.7344 382.2465 398.4133 412.2036 384.3582 376.2412 367.316 365.2504 362.3191 363.1262 362.1382 363.9002 368.3224 359.8582 359.3578 360.1882 389.2715 411.4798 407.2784 414.7651 402.3393 412.5185 438.0241 452.468 463.7869 454.15 439.6266 419.1647 400.6494 464.0721 445.5205 442.1778 434.1356 427.6567 402.9938 442.4808 444.2865 437.341 449.9244 440.3155 411.1112 400.9115
520.1838 487.2172 471.5869 452.9589 456.2764 446.1602 465.5012 445.0891 430.9579 422.2675 422.9724 423.0087 422.6682 397.2802 390.3173 386.1686 380.6375 385.5123 373.3359 368.8318 369.9684 371.3572 371.3969 400.5819 412.7773 390.6186 426.083 417.8546 392.5969 417.4591 417.662 434.0421 415.0971 380.3752 368.7783 404.5132 408.5267 432.1013 428.3499 418.3685 407.1553 426.3853 430.7112 441.3535 458.7376 442.9657 422.2538 392.925 399.0157 407.8216 424.5934 441.4146 439.1005 416.5854 421.4202 445.2109 463.3682 436.9121 411.6733 398.5511 383.1258
533.4041 511.2525 494.7206 489.8595 476.7376 455.3183 441.141 433.7813 425.3877 412.1245 412.4972 420.1981 412.4568 405.983 400.5348 402.0362 387.3155 373.955 373.0524 398.4852 404.7728 405.9581 396.943 422.069 445.3482 455.8562 451.919 456.0074 445.5919 447.2928 428.3918 405.7642 374.2454 359.1193 379.1869 395.9748 422.0226 428.0991 431.585 426.9933 420.0291 415.917 417.8049 425.3941 436.6703 436.8211 417.9933 428.0353 473.0845 429.6797 398.3041 443.113 448.9314 428.0344 419.9851 456.8311 475.075 469.6178 454.0657 406.9449 396.6122
