MapLib/Lvl1_5x5/BG/Ele_BG_DB.asc
ncols         557
nrows         557
xllcorner     556500
yllcorner     4451669.448
cellsize      1000
nodata_value  -9999.0
[rows 234 to 259 of 557, columns 177 to 235 of 557]
-2455.2881 -2453.8247 -2455.4211 -2459.8142 -2468.0295 -2474.2844 -2479.4153 -2488.1892 -2498.7771 -2507.8958 -2516.1689 -2525.551 -2534.8274 -2543.0427 -2549.6582 -2552.0957 -2554.6741 -2557.5181 -2558.9453 -2559.5254 -2558.7786 -2557.2627 -2557.2627 -2559.0422 -2562.594 -2566.0964 -2568.8984 -2569.7878 -2568.2219 -2567.3767 -2566.7878 -2568.6079 -2570.6326 -2571.3303 -2569.6064 -2566.2239 -2561.4883 -2558.7703 -2556.6067 -2556.9333 -2558.2397 -2559.875 -2562.2476 -2563.908 -2565.7808 -2568.519 -2571.052 -2573.8538 -2576.8557 -2579.8882 -2580.855 -2582.4048 -2585.6753 -2588.2356 -2589.6082 -2590.7139 -2592.1414 -2593.5168 -2594.9854
-2490.7017 -2496.1138 -2500.2822 -2503.5527 -2505.7905 -2506.126 -2504.4907 -2509.2097 -2516.613 -2524.6646 -2531.8247 -2538.5327 -2544.8386 -2550.8093 -2554.5371 -2555.8271 -2557.7839 -2560.5352 -2561.8979 -2561.8979 -2560.4138 -2559.0051 -2559.7959 -2561.5754 -2566.7664 -2570.9124 -2573.0195 -2572.96 -2570.8235 -2569.8979 -2569.8979 -2571.3699 -2573.0051 -2573.1555 -2571.1812 -2567.8708 -2564.4995 -2562.6648 -2561.6729 -2562.6482 -2564.0527 -2566.416 -2568.4641 -2570.5942 -2572.3218 -2574.8923 -2577.5925 -2579.9658 -2583.2363 -2586.4143 -2587.2356 -2588.7866 -2590.5889 -2592.2434 -2592.8787 -2594.5139 -2597.0471 -2597.6936 -2597.7959
-2502.1868 -2506.6624 -2511.8806 -2516.1016 -2519.9053 -2520.8193 -2520.5227 -2524.4756 -2529.7834 -2536.9817 -2544.5195 -2547.7324 -2550.9368 -2554.6914 -2557.3804 -2558.21 -2559.4763 -2561.6897 -2563.1138 -2563.5332 -2563.0491 -2562.1855 -2563.0664 -2565.2358 -2571.7 -2576.6118 -2576.5798 -2575.6023 -2572.4009 -2570.7346 -2571.5332 -2573.0051 -2574.5332 -2573.7908 -2572.1555 -2570.0535 -2568.4182 -2568.1326 -2568.1326 -2569.1326 -2570.511 -2573.3967 -2575.8374 -2578.2275 -2579.8628 -2581.498 -2584.1333 -2586.0657 -2589.0154 -2591.4624 -2593.1414 -2594.5996 -2595.4119 -2596.0664 -2596.105 -2597.634 -2600.6079 -2601.5996 -2601.0664
-2512.4744 -2515.0847 -2520.822 -2525.843 -2529.9705 -2532.0105 -2531.9111 -2534.4812 -2538.3958 -2544.5752 -2550.4683 -2552.1035 -2554.6382 -2557.405 -2559.8411 -2560.6445 -2562.2798 -2564.915 -2566.3728 -2567.2112 -2567.5867 -2567.793 -2569.5554 -2571.5562 -2576.5764 -2579.886 -2579.2871 -2578.2375 -2575.7708 -2574.7065 -2575.5054 -2576.8977 -2578.3369 -2577.7195 -2576.1912 -2575.6606 -2574.6736 -2574.7214 -2575.7607 -2576.396 -2578.1887 -2580.637 -2583.1333 -2584.6003 -2586.2356 -2588.0391 -2590.6743 -2592.3096 -2594.9448 -2597.334 -2598.1243 -2599.3667 -2600.3176 -2600.5806 -2601.5193 -2602.2708 -2604.6306 -2605.335 -2605.4419
-2521.9998 -2523.261 -2528.1667 -2533.7573 -2539.2354 -2541.822 -2540.9023 -2543.092 -2545.7405 -2549.8997 -2554.5425 -2555.5615 -2557.0884 -2559.8708 -2562.2798 -2563.915 -2565.5503 -2568.6504 -2569.8208 -2571.2896 -2572.895 -2575.1377 -2576.9211 -2578.918 -2581.4412 -2582.6074 -2581.5081 -2580.6208 -2579.4961 -2579.6123 -2581.0835 -2581.4111 -2581.6074 -2581.6074 -2582.2146 -2581.4084 -2581.2146 -2582.3018 -2583.1987 -2584.5723 -2586.2075 -2588.0046 -2589.3049 -2590.2334 -2591.728 -2594.5803 -2597.2156 -2598.8508 -2601.4861 -2603.1213 -2603.4111 -2603.5881 -2604.5706 -2605.8586 -2607.2976 -2608.2146 -2607.6074 -2608.5959 -2610.0349
-2536.9504 -2537.854 -2539.5669 -2542.3872 -2546.5752 -2548.7361 -2548.7559 -2549.5425 -2550.7998 -2554.5876 -2558.6375 -2562.2893 -2565.2612 -2567.2693 -2569.572 -2570.5024 -2572.6667 -2574.334 -2576.063 -2578.5198 -2579.9683 -2580.875 -2582.1792 -2583.2678 -2583.8918 -2584.439 -2585.0076 -2585.3169 -2585.7559 -2586.3076 -2586.7559 -2586.3169 -2586.3169 -2586.3169 -2586.3169 -2587.3225 -2588.4038 -2589.478 -2591.1133 -2592.7485 -2594.3008 -2594.7559 -2595.5186 -2595.8508 -2598.2163 -2601.4868 -2603.7566 -2605.3918 -2607.0271 -2608.2644 -2608.3169 -2607.9556 -2609.1292 -2610.0742 -2610.9243 -2611.7542 -2612.033 -2613.3054 -2614.9407
-2551.8367 -2552.1484 -2551.2227 -2551.958 -2553.7146 -2554.4451 -2555.9614 -2555.4451 -2555.509 -2558.9712 -2563.7556 -2569.3069 -2573.9968 -2576.1116 -2577.124 -2578.3821 -2579.144 -2580.7266 -2582.5754 -2585.783 -2587.0742 -2587.0742 -2587.0183 -2587.0288 -2586.1484 -2586.8088 -2588.4441 -2590.1482 -2591.7888 -2592.9619 -2592.1604 -2591.7114 -2591.2227 -2590.5352 -2590.6743 -2592.3225 -2594.9448 -2597.5803 -2599.2156 -2600.8096 -2602.0334 -2601.2227 -2601.2969 -2602.3918 -2604.7573 -2608.9536 -2611.2227 -2611.8855 -2613.2227 -2614.1292 -2612.7952 -2612.5349 -2613.2366 -2614.1484 -2614.1484 -2614.8665 -2616.5759 -2618.2844 -2619.9207
-2553.2673 -2555.4189 -2555.4189 -2557.2742 -2561.9316 -2564.2566 -2564.4282 -2565.2566 -2566.1177 -2569.2493 -2571.8103 -2574.7595 -2577.5356 -2578.4297 -2579.3821 -2580.5083 -2582.3215 -2583.9973 -2585.6946 -2587.5583 -2588 -2588 -2587.7808 -2587.8228 -2589.4368 -2590.7888 -2592.2144 -2594.2805 -2595.9851 -2596.4189 -2596.1758 -2596.1284 -2596.8379 -2597.3645 -2597.9248 -2599.564 -2601.4861 -2604.1213 -2605.7566 -2606.1284 -2606.498 -2606.8379 -2607.4546 -2608.9329 -2611.2983 -2613.8594 -2616.1292 -2617.5796 -2618.1284 -2619.0349 -2620.2222 -2620.4216 -2618.4492 -2617.4189 -2616.7095 -2618.4463 -2621.7324 -2624.1135 -2626.4617
-2554.592 -2558.1035 -2558.7388 -2562.4282 -2568.6245 -2571.3447 -2571.5483 -2573.063 -2575.5024 -2577.1855 -2578.8208 -2579.9536 -2580.8279 -2581.416 -2582.3789 -2583.6865 -2585.3218 -2588.1565 -2589.4524 -2590.2798 -2590.7236 -2590.7236 -2590.229 -2590.458 -2593.4631 -2596.0732 -2597.3638 -2598.6782 -2600.6343 -2601.6609 -2601.4128 -2601.7222 -2602.8306 -2604.21 -2604.9709 -2606.3918 -2608.0271 -2610.3176 -2611.6362 -2611.0342 -2611.2234 -2612.3184 -2613.8386 -2615.4739 -2617.1091 -2619.3997 -2621.0349 -2622.6702 -2623.1277 -2624.2854 -2626.5759 -2627.3354 -2623.8125 -2621.0854 -2620.7236 -2622.6301 -2627.3169 -2630.0227 -2632.4114
-2559.4978 -2561.374 -2561.9609 -2564.7188 -2570.2598 -2572.98 -2573.9717 -2575.2058 -2576.8582 -2579.4763 -2582.0913 -2583.7266 -2584.7559 -2587.0137 -2589.5789 -2590.2275 -2592.7871 -2595.0764 -2597.1133 -2597.8999 -2598.8999 -2599.8799 -2599.8799 -2601.2495 -2604.9099 -2607.52 -2607.8657 -2608.792 -2609.4658 -2611.0811 -2612.6997 -2612.3972 -2610.9019 -2611.6475 -2611.9199 -2612.9329 -2613.9329 -2615.2234 -2615.9399 -2615.9399 -2616.9236 -2617.7644 -2619.3997 -2621.0349 -2622.6702 -2624.3054 -2625.9407 -2626.9526 -2628.4771 -2630.8264 -2630.9507 -2630.7793 -2629.1277 -2628.3584 -2628.8999 -2630.3359 -2633.6265 -2635.9084 -2637.5637
-2562.9243 -2565.2305 -2565.8457 -2567.8997 -2572.8057 -2575.2131 -2576.8208 -2577.4561 -2578.5618 -2581.6077 -2584.7468 -2586.3821 -2588.4192 -2591.6897 -2594.2878 -2595.8047 -2597.5364 -2600.0313 -2602.4441 -2604.6016 -2606.032 -2606.9651 -2607.8457 -2609.6252 -2613.8958 -2616.5061 -2616.1167 -2616.7766 -2618.9905 -2621.7092 -2624.658 -2625.1738 -2623.4485 -2623.9978 -2624.7583 -2625.6211 -2626.4778 -2626.4387 -2626.3513 -2626.3826 -2626.2251 -2626.8542 -2627.7664 -2628.7278 -2629.3572 -2629.9863 -2630.8457 -2631.4817 -2633.5017 -2635.137 -2634.4067 -2634.2305 -2634.7302 -2635.4609 -2635.8457 -2636.8401 -2639.335 -2640.8386 -2642.4695
-2567.0588 -2569.1655 -2570.8132 -2573.3713 -2577.7114 -2579.7515 -2580.6489 -2580.4443 -2580.2505 -2583.2429 -2586.3821 -2588.7839 -2590.9031 -2593.2878 -2595.427 -2597.5583 -2600.1365 -2602.407 -2604.928 -2608.1985 -2609.6223 -2610.6501 -2612.5061 -2614.531 -2617.551 -2620.1614 -2620.2793 -2621.6133 -2627.9839 -2633.3574 -2637.6362 -2641.4346 -2644.4973 -2646.6926 -2648.5125 -2651.0205 -2652.0076 -2650.1191 -2647.3579 -2646.1174 -2644.3293 -2641.4739 -2639.8887 -2639.408 -2637.5896 -2634.5449 -2634.5017 -2635.6602 -2635.7043 -2636.2505 -2636.907 -2637.7224 -2639.7671 -2640.8899 -2639.7307 -2640.937 -2643.458 -2645.74 -2648.3752
-2567.6721 -2570.5286 -2572.1694 -2574.5979 -2577.905 -2579.3428 -2579.9333 -2580.2026 -2580.877 -2583.9924 -2587.1316 -2589.5334 -2591.5164 -2593.1516 -2594.7869 -2596.8088 -2599.165 -2600.8728 -2602.8843 -2606.1548 -2607.9412 -2609.4758 -2611.2117 -2612.3511 -2614.6216 -2617.2317 -2617.5713 -2619.4331 -2626.9006 -2632.4041 -2637.3098 -2642.2695 -2647.1406 -2649.7708 -2651.7837 -2655.0527 -2657.4883 -2657.2231 -2656.1328 -2657.313 -2657.1963 -2654.5513 -2653.0332 -2651.8767 -2648.8643 -2644.355 -2643.0852 -2642.387 -2641.1885 -2639.74 -2640.6572 -2641.8545 -2644.396 -2645.324 -2643.762 -2645.0933 -2647.478 -2650.6357 -2652.3953
-2565.6311 -2567.3723 -2568.9817 -2570.4785 -2572.7571 -2573.437 -2573.916 -2576.0061 -2579.7161 -2582.9924 -2586.1946 -2588.6453 -2590.6885 -2591.5164 -2593.1516 -2594.1055 -2594.437 -2595.437 -2596.3433 -2598.7649 -2600.4001 -2601.9731 -2602.002 -2602.2639 -2604.3914 -2606.5344 -2607.1697 -2609.7358 -2614.0276 -2617.7139 -2620.5486 -2623.967 -2626.9067 -2628.9695 -2630.9824 -2634.7869 -2639.3821 -2644.0376 -2649.1089 -2657.0396 -2663.3718 -2666.2886 -2667.689 -2667.0654 -2663.4983 -2659.2886 -2656.1665 -2652.8691 -2649.0625 -2645.7539 -2646.3435 -2646.74 -2647.9521 -2648.042 -2648.0852 -2649.281 -2652.2695 -2654.0366 -2655.6658
-2563.6228 -2564.8438 -2565.6875 -2566.3723 -2568.0076 -2568.6875 -2569.7798 -2572.3293 -2576.2532 -2579.5237 -2582.6628 -2584.1782 -2585.7141 -2586.2561 -2587.2188 -2588.2188 -2588.3662 -2589.4653 -2590.7449 -2592.3801 -2594.5801 -2596.6875 -2596.6875 -2596.0774 -2597.7339 -2599.6345 -2600.937 -2602.6077 -2606.6636 -2609.7642 -2612.3608 -2615.2332 -2617.9675 -2620.4849 -2622.7554 -2626.0369 -2630.687 -2635.7327 -2641.9063 -2649.6592 -2657.0051 -2661.9109 -2665.041 -2667.1873 -2667.9871 -2668.0613 -2665.6235 -2662.5093 -2659.4373 -2656.4224 -2654.311 -2652.5974 -2652.4688 -2652.5386 -2653.625 -2654.343 -2656.6658 -2657.467 -2659.0925
-2561.9875 -2562.417 -2562.417 -2563.1018 -2564.4836 -2565.3816 -2567.0076 -2568.8684 -2571.4575 -2574.6179 -2577.6528 -2577.834 -2578.0425 -2578.8418 -2579.0425 -2580.0425 -2580.9856 -2583.4124 -2585.8391 -2587.4744 -2590.4927 -2593.417 -2592.8198 -2592.4983 -2594.4421 -2596.0774 -2596.6255 -2598.4873 -2602.2058 -2605.8198 -2609.0903 -2613.1523 -2617.2144 -2620.4849 -2623.5469 -2626.0156 -2628.5049 -2631.1924 -2634.6545 -2637.6829 -2641.2944 -2645.5583 -2650.9834 -2658.4026 -2665.0283 -2672.0249 -2672.9568 -2671.189 -2670.4839 -2669.4255 -2663.5994 -2658.3376 -2658.166 -2657.822 -2659.4399 -2660.3157 -2660.4482 -2661.5715 -2663.2068
-2561.3325 -2562 -2562 -2562.2922 -2563.7468 -2565.3821 -2567.0173 -2568.2258 -2569.4937 -2571.5657 -2574.1465 -2574.1465 -2573.5486 -2574.6106 -2576.2458 -2577.8359 -2579.9104 -2582.1565 -2584.2136 -2585.8489 -2588.0574 -2590.1975 -2590.5732 -2590.9631 -2593.0251 -2594.6604 -2596 -2596.9309 -2599.8906 -2602.9761 -2606.2466 -2610.0903 -2614.3608 -2618.6904 -2622.9719 -2626.4526 -2629.7231 -2631.8311 -2634.2988 -2636.217 -2638.7244 -2641.6489 -2645.6426 -2651.6323 -2658.2058 -2664.3186 -2668.8677 -2671.8987 -2675.085 -2677.6272 -2672.198 -2667.5605 -2666.7483 -2666.5605 -2666.6716 -2665.2559 -2663.3494 -2663.4153 -2666.0505
-2561.8411 -2562.0876 -2563.0652 -2563.8088 -2564.4441 -2566.0793 -2567.7766 -2568.4119 -2569.186 -2570.124 -2571.062 -2571.1096 -2571.124 -2572.1614 -2574.4275 -2577.6775 -2580.948 -2582.6404 -2584.2756 -2585.9109 -2586.5461 -2587.1814 -2588.8167 -2590.4519 -2593.0886 -2594.7844 -2596.4014 -2597.1196 -2598.655 -2600.4648 -2603.6833 -2606.9438 -2610.3767 -2615.9697 -2622.0945 -2627.0388 -2631.3367 -2634.5669 -2636.9756 -2638.554 -2640.1892 -2641.8245 -2643.9194 -2646.1841 -2649.3984 -2652.9724 -2660.8176 -2669.6526 -2677.2942 -2683.7139 -2680.074 -2677.186 -2677.186 -2675.7385 -2673.1602 -2670.0764 -2665.6035 -2665.2986 -2668.519
-2563.6304 -2564.8088 -2566.1414 -2567.2991 -2568.4119 -2570.7131 -2573.094 -2574.0149 -2574.7891 -2574.4431 -2574.1836 -2575.0212 -2575.3721 -2576.1292 -2577.7644 -2579.7954 -2582.5833 -2585.376 -2586.6082 -2588.2434 -2588.541 -2589.5139 -2591.1492 -2592.7844 -2595.4448 -2598.0549 -2599.3945 -2600.3254 -2601.7893 -2603.2136 -2604.5339 -2607.6411 -2611.9116 -2616.1492 -2621.2473 -2626.3506 -2631.9446 -2635.0664 -2637.8374 -2638.554 -2640.1892 -2641.8245 -2643.9194 -2646.1611 -2648.6487 -2651.5388 -2657.3062 -2664.6448 -2674.4536 -2682.8635 -2682.8359 -2681.3945 -2681.3945 -2679.947 -2678.9839 -2676.8538 -2674.7234 -2674.8694 -2676.3726
-2566.1116 -2567.7468 -2569.7146 -2571.5774 -2573.3176 -2575.5903 -2578.8459 -2580.1482 -2580.665 -2579.9976 -2579.1292 -2579.9976 -2580.9976 -2581.3301 -2581.7791 -2582.3054 -2584.5701 -2588.3999 -2590.4036 -2590.665 -2591.665 -2591.7844 -2593.4197 -2595.3152 -2598.3828 -2600.9929 -2602.3325 -2603.2634 -2604.8987 -2606.3325 -2606.6108 -2609.2764 -2613.2144 -2616.4849 -2620.0073 -2625.7148 -2631.4951 -2635.2344 -2637.8916 -2638.7024 -2640.1892 -2641.8245 -2644.4597 -2647.1265 -2649.793 -2652.698 -2656.0015 -2660.3325 -2670.2336 -2680.7739 -2683.2092 -2684.3325 -2684.0625 -2683.3325 -2682.665 -2682.665 -2683.665 -2683.665 -2683.665
-2567.7468 -2569.7827 -2572.9851 -2575.3049 -2577.2556 -2579.8152 -2582.1165 -2583.1863 -2583.9355 -2584.4158 -2584.8755 -2585.6455 -2586.2925 -2586.9395 -2587.8711 -2587.8811 -2588.8464 -2591.5188 -2592.9424 -2593.7893 -2594.4363 -2595.9072 -2596.6902 -2597.7349 -2600.9858 -2602.9568 -2603.9678 -2604.8987 -2606.5339 -2607.1948 -2607.9946 -2610.9116 -2614.1821 -2616.7341 -2618.7876 -2624.071 -2628.9976 -2633.8733 -2637.8374 -2639.5361 -2641.157 -2642.7922 -2644.9045 -2647.1899 -2650.4604 -2654.687 -2656.9685 -2659.908 -2667.6685 -2676.6262 -2681.6548 -2685 -2684.9739 -2684.9678 -2684.9678 -2684.9678 -2685 -2685 -2685
-2569.3821 -2571.4314 -2575.3049 -2578.1626 -2580.719 -2583.1436 -2584.7966 -2586.2957 -2587.1223 -2588.5054 -2589.2854 -2590.1135 -2590.6082 -2592.2434 -2593.2061 -2593.2061 -2594.1492 -2595.0386 -2596.2061 -2596.2061 -2597.6902 -2599.2061 -2599.2061 -2599.9929 -2602.6533 -2604.8652 -2605.603 -2605.603 -2607.1692 -2608.8044 -2610.1077 -2613.1499 -2615.7749 -2617.5007 -2618.9807 -2622.634 -2626.9446 -2632.3599 -2636.6313 -2638.9509 -2640.7002 -2642.8245 -2645.2454 -2648.1899 -2651.4604 -2655.731 -2658.0007 -2660.272 -2665.9214 -2672.3828 -2678.9609 -2683.9006 -2684.8867 -2685 -2685.636 -2685.7148 -2685.603 -2685.603 -2685.603
-2571.0173 -2573.3049 -2577.3372 -2580.6077 -2584.1165 -2586.4319 -2587.0671 -2588.4641 -2590.0994 -2591.3564 -2592.4766 -2592.4766 -2592.7827 -2594.2756 -2595.9109 -2596.4766 -2597.4197 -2599.0549 -2599.4766 -2599.4766 -2600.9607 -2602.4766 -2602.4766 -2602.8665 -2604.5149 -2606.1575 -2606.5339 -2607.2383 -2609.8044 -2611.678 -2614.1499 -2616.5461 -2618.9036 -2620.4766 -2621.8542 -2624.5024 -2627.6184 -2630.261 -2633.1418 -2635.6313 -2639.1401 -2642.6072 -2645.9194 -2648.4055 -2651.6345 -2655.731 -2658.0015 -2661.272 -2665.749 -2670.4812 -2675.1487 -2679.6814 -2683.3416 -2686 -2685 -2685.718 -2686.5916 -2687.2383 -2687.387
-2573.5261 -2576.0637 -2579.8459 -2583.7146 -2587.6665 -2589.7415 -2589.8218 -2590.9729 -2592.6082 -2593.8098 -2594.8735 -2594.8735 -2595.2249 -2596.7844 -2597.832 -2599.1423 -2600.6902 -2602.3254 -2602.7471 -2602.7471 -2604.2312 -2605.7471 -2605.7471 -2606.137 -2607.769 -2608.7041 -2608.7844 -2609.6868 -2612.3132 -2615.1245 -2617.563 -2620.219 -2622.8542 -2623.7471 -2625.1248 -2626.8994 -2629.5217 -2629.9094 -2630.9187 -2634.1079 -2637.6702 -2642.4734 -2646.3914 -2649.178 -2652.4263 -2655.731 -2658.875 -2661.5901 -2665.5425 -2668.9277 -2672.2786 -2676.8123 -2682.4368 -2686 -2685.8735 -2686.5916 -2688.2268 -2688.8735 -2688.9524
-2576.7966 -2579.2603 -2584.1667 -2588.741 -2592.1663 -2593.5264 -2594.0176 -2594.1284 -2594.5088 -2595.5088 -2596.5088 -2596.8989 -2597.7134 -2599.0359 -2600.1814 -2601.1687 -2602.4519 -2604.5959 -2606.0176 -2606.8665 -2607.5017 -2608.5696 -2609.0176 -2610.2161 -2611.5515 -2613.1868 -2612.7219 -2613.4221 -2617.2249 -2619.7278 -2621.7739 -2623.4895 -2626.1248 -2627.0176 -2628.2031 -2629.5151 -2630.3298 -2632.301 -2633.9363 -2635.781 -2638.3784 -2642.4734 -2646.4597 -2649.1899 -2652.832 -2656.917 -2659.51 -2661.636 -2664.5425 -2667.813 -2671.3496 -2675.2893 -2682.6624 -2687.5088 -2687.551 -2688.3704 -2689.8621 -2690.5088 -2690.5088
-2581.7522 -2583.9033 -2588.7598 -2592.9729 -2595.3201 -2596.1377 -2597.085 -2597.2881 -2597.4121 -2598.2881 -2598.4006 -2599.2546 -2600.6902 -2602.2935 -2603.0078 -2603.6956 -2605.2312 -2607.8665 -2609.1748 -2610.0146 -2610.7722 -2612.3054 -2613.1868 -2614.7659 -2616.3132 -2617.2881 -2617.0352 -2617.4971 -2621.5645 -2624.6045 -2625.4087 -2626.8362 -2628.3953 -2629.9236 -2630.4673 -2631.157 -2632.7922 -2634.855 -2637.2068 -2637.7622 -2639.5225 -2643.4988 -2646.5259 -2649.1899 -2652.4604 -2656.5869 -2659.7126 -2661.5835 -2664.5425 -2667.813 -2670.5417 -2674.5896 -2682.0615 -2688.4475 -2689.2268 -2690.144 -2691.144 -2691.144 -2692.0898
