MapLib/Lvl1_5x5/BG/Ele_BG_CC.asc
ncols         557
nrows         557
xllcorner     1113500
yllcorner     5008669.448
cellsize      1000
nodata_value  -9999.0
[rows 216 to 242 of 557, columns 0 to 60 of 557]
615.8362 613.9075 605.3314 605.6375 577.955 569.0067 585.8729 593.5892 557.5381 556.7962 557.4295 556.8518 557.782 546.5539 551.0125 554.5754 564.0081 569.4619 569.2076 576.2997 580.9136 619.1128 651.4306 650.7315 656.1211 646.1752 639.1868 630.9213 606.4796 591.891 593.5727 590.7016 577.7709 576.5917 581.1767 578.942 586.8044 589.5732 602.6315 610.1107 637.9578 660.0992 674.788 638.0289 615.8954 596.5806 595.2972 597.399 598.5704 600.6534 590.4948 621.1955 668.2532 590.4111 596.7027 600.5052 597.4009 615.6321 646.9385 660.15 660.6387
625.1866 625.6542 600.9158 615.2185 587.4576 589.241 602.0352 577.3724 566.3079 562.3005 561.111 560.9811 556.4891 554.0974 554.4612 555.6191 563.3427 572.3044 578.3815 582.0928 591.2864 645.2868 674.6802 676.7817 654.8151 652.5226 622.6718 627.252 598.9124 595.6373 590.1025 586.1779 589.2743 598.6025 628.4214 594.9207 589.376 589.5865 595.8078 614.5341 625.6296 637.9876 683.3704 624.3386 609.4739 598.978 605.4927 602.8171 604.0413 605.206 595.8815 599.2264 653.4034 610.3386 601.6278 605.6938 602.5569 605.0375 641.0216 656.2281 636.4857
640.0208 614.7759 614.5853 617.8284 585.8893 597.3234 595.7823 581.1652 585.317 566.3553 569.1722 564.6797 562.6667 557.6174 559.1455 558.1255 565.8345 570.9373 582.2932 590.0569 600.2831 620.5541 664.4246 675.4773 667.8928 646.5235 628.0479 606.1967 600.9104 602.5896 593.7388 588.9667 585.5152 652.6512 633.4054 606.3982 593.9774 597.6259 594.9113 611.3533 625.5858 648.4423 662.1487 622.6946 612.4523 595.539 604.5888 607.6198 613.2165 599.9686 613.2061 603.7929 616.9878 635.9793 599.3384 602.9467 606.9576 608.2275 614.9922 661.4875 662.5963
632.5387 630.3616 620.7812 589.1631 598.2148 614.4832 614.7718 598.4043 584.4277 571.2888 565.4252 566.2776 565.0385 562.4797 557.7953 572.9341 571.1897 568.0543 578.2704 597.4459 608.166 643.6578 669.0803 674.1027 647.9111 639.1488 632.6408 603.4684 598.7075 601.5562 606.8869 597.5283 586.7376 596.1151 601.8791 614.1649 596.9415 599.0374 613.0052 613.0867 620.4458 648.3027 679.4229 623.4537 612.1583 600.9061 596.2459 613.8699 613.2045 626.5892 641.5054 609.2303 603.1097 606.618 607.6081 609.876 611.5425 613.9307 616.2532 664.3217 661.1705
629.1345 630.039 599.7942 589.9038 622.4198 625.7236 624.995 608.0892 599.3845 574.2856 571.6088 571.5997 568.3071 566.0408 567.1005 578.8191 576.6332 577.6144 574.4336 578.5901 609.5733 631.304 652.3819 635.9724 621.429 612.3674 611.7455 600.455 599.9349 606.8203 609.803 609.8317 599.001 594.8561 597.4648 601.0882 603.4248 601.1729 602.436 624.6621 641.4088 647.3784 663.7505 623.2076 622.6844 610.1849 617.4849 626.1216 613.7458 635.868 678.2889 616.7648 613.4781 608.4782 606.5333 618.1933 618.1321 615.5864 618.5375 666.8454 676.2454
650.7602 608.3704 622.4437 597.1942 639.8146 642.8341 630.3903 634.4255 601.5078 574.1996 573.2383 571.3597 578.0032 570.1374 569.85 584.68 582.7162 585.9061 588.5125 583.0773 587.5815 589.6541 606.0994 608.7589 621.2043 616.842 615.0486 614.6135 613.0903 605.1334 632.8253 637.9246 611.0363 597.0643 613.486 603.9336 605.6709 608.1187 612.1738 609.7061 609.2526 619.0413 625.1053 618.6647 621.2391 626.6982 621.1628 627.5534 622.1036 637.9764 666.4523 626.8785 623.6023 627.8434 611.8436 614.6424 619.7567 623.5473 621.8425 640.2421 669.8757
620.6867 640.5299 637.9636 627.5272 624.8332 646.7862 635.5245 623.8762 588.476 580.0775 576.7593 574.3401 564.8491 570.0939 583.069 585.4716 591.7108 591.1129 589.5092 590.5667 586.9479 589.4337 611.29 613.564 623.2426 619.3632 618.9212 628.4053 613.8489 612.8022 624.1231 628.9707 605.6359 606.886 622.188 610.8481 613.4466 617.3257 615.3251 616.1135 614.2449 625.8738 648.3169 663.236 665.9849 651.0922 643.2496 640.6384 631.9788 653.9866 681.6509 639.394 649.1752 632.5287 621.2897 620.5068 621.5453 647.8428 632.3217 630.4077 683.3702
662.3214 654.5503 650.8685 639.643 636.7095 653.0464 644.7698 637.592 583.0703 579.364 596.7385 585.2796 572.657 592.8716 591.389 594.6525 598.7057 596.956 593.2903 599.136 595.0779 597.0327 597.0049 617.2818 626.4379 623.7238 627.4457 628.3573 620.1786 621.7568 631.8759 622.2044 617.4705 646.8854 668.9616 635.5721 623.7933 621.2355 623.4885 623.366 620.0339 620.2783 631.9436 649.2928 665.7881 674.2424 662.3693 641.2234 641.5743 670.5552 675.1694 645.5792 687.1855 653.761 631.735 618.3643 626.9881 645.6314 644.9055 634.9799 692.509
668.9575 665.0302 642.6534 649.3307 636.5762 657.0002 663.6433 632.9851 586.6364 580.9432 587.9404 591.8369 589.1736 613.9222 609.2514 599.1596 604.9419 604.7908 600.3635 605.8372 596.5646 593.5794 593.8459 609.9173 624.5219 633.676 625.884 621.2298 627.7756 633.8218 637.1754 629.9005 630.5395 658.5363 679.083 638.0715 637.5624 635.9958 630.5439 625.8721 630.1854 632.9052 638.5089 643.136 642.959 666.254 665.988 641.1659 651.8759 700.9333 670.3983 660.5456 696.4771 691.3345 638.6267 628.0665 637.7841 683.0994 664.9365 640.1106 651.3752
665.8532 679.1625 662.1199 651.8661 642.4767 636.564 647.4874 652.5576 601.3487 585.2349 581.9496 578.3218 587.7748 617.3057 617.4824 621.0784 609.5599 604.4124 616.2859 609.1136 599.6443 597.1328 597.695 604.6622 627.7708 630.9669 631.2101 637.0336 635.8488 636.9274 637.2844 619.6954 633.1102 679.011 694.1605 669.256 661.2836 636.162 641.9265 640.297 634.3369 636.012 632.9471 636.7144 654.9415 683.6931 652.027 652.9593 669.7734 703.2139 680.0759 686.5575 662.2804 640.2264 638.5162 653.1275 676.9926 706.5703 694.8138 650.2163 647.8358
689.3582 687.2078 682.4774 661.2237 663.9969 658.3193 651.8421 654.1755 601.5899 584.4437 590.5109 594.9857 606.4799 620.7122 617.8967 624.9761 622.5995 613.9725 606.3402 618.7083 600.8583 598.2759 604.2728 601.7305 618.7862 634.8716 634.9677 643.3455 637.3292 637.1088 633.8628 641.5327 636.9213 697.5045 711.618 694.7389 664.1649 693.9272 666.4222 662.282 636.7382 646.5847 636.4267 644.5574 670.2291 662.0484 668.7197 680.7055 715.6503 696.5899 715.0554 703.3235 660.0827 645.5594 647.5466 689.7479 709.496 709.2098 684.8809 655.3428 657.0964
699.29 697.0814 695.0491 673.4291 666.7755 654.8264 669.6055 667.028 604.2383 581.8231 588.8469 594.5089 612.2927 623.4629 625.9765 626.3511 621.6515 621.0952 619.011 628.9252 614.437 604.9384 606.8022 611.5327 619.2453 644.4191 643.8079 646.1064 652.657 660.2385 668.5779 665.5549 643.3738 642.0005 681.5596 700.2099 676.5818 704.8621 679.7374 666.5076 649.4243 659.7624 642.7396 656.4562 671.2535 674.7856 705.2784 696.2175 717.7916 724.9676 720.1191 707.8372 666.7912 654.0891 658.1128 702.5096 721.5072 720.0588 720.5255 694.2602 664.4395
714.024 694.0256 674.3266 686.7369 659.6235 653.2155 693.9843 674.6544 612.7894 581.4849 584.772 590.4291 615.0821 628.1282 629.7365 631.3159 630.4769 629.1375 619.3463 643.5292 618.4014 613.2191 613.5695 614.518 632.5864 647.3862 653.6674 677.5295 657.2065 666.9017 694.1447 664.3999 666.181 652.8978 660.599 712.014 708.5143 706.2842 710.2197 670.9126 656.8088 660.3033 647.1796 661.4943 684.3835 699.9125 706.3765 731.5003 723.1746 729.4167 733.6634 685.1498 664.0935 662.0354 657.9418 690.0481 722.7436 737.84 728.2758 676.3395 670.518
720.2294 700.5504 702.6598 695.4383 679.2634 687.0735 694.1711 680.3146 609.2931 593.6903 594.749 600.1329 644.2151 651.1033 638.577 635.6461 633.1111 630.3582 621.5552 629.5419 631.6741 626.6439 619.2003 623.4806 631.3083 639.626 651.3552 683.0967 677.271 717.3427 686.5773 711.8982 661.2458 646.7564 658.7819 711.7034 726.4445 732.6964 715.4301 673.0275 719.0226 711.9462 698.1982 669.1719 708.3708 735.0849 720.8766 742.5809 742.2749 748.2206 714.1046 682.0318 675.6517 679.9741 688.2299 704.5588 735.5846 685.7766 680.8787 679.2689 679.2999
731.0176 732.4122 713.0403 709.4645 698.508 698.2289 695.3361 693.3211 638.882 599.526 599.8466 598.0895 602.4812 638.2504 641.0698 647.4268 649.3372 650.3947 630.4953 636.3345 691.1237 654.5623 626.619 630.8593 634.2902 639.0941 663.9091 708.6391 720.7413 710.1258 735.1732 715.7201 707.9349 654.2953 669.4669 694.4066 714.0188 727.8491 727.6638 690.4576 714.1722 744.8886 741.2129 679.022 669.1399 762.9534 756.2034 748.9701 752.7974 715.9659 701.9054 703.0077 685.5752 695.3105 731.1903 723.0743 719.2958 689.7413 733.9556 725.3676 740.5085
738.1942 736.212 718.7778 706.6059 697.4164 704.5494 689.8041 650.2063 606.7935 609.3243 616.6708 622.5869 599.6555 622.4345 643.0461 646.5523 653.3559 641.3544 637.1443 647.0495 683.9292 674.741 635.2589 632.5611 640.1561 641.4941 648.3429 647.8592 723.6542 727.4666 756.0291 738.6078 705.8558 665.5577 671.196 679.5219 701.0845 746.0421 717.8351 701.2656 748.5903 737.2709 755.5953 729.5116 677.7167 747.7274 778.5744 769.8275 768.8629 715.0837 749.276 743.8866 755.2333 733.3862 758.0595 756.3656 706.7729 698.0807 737.8818 740.8434 758.7835
731.8538 736.4476 719.378 709.2302 705.6691 701.5856 642.6304 609.111 607.9919 612.0644 613.2905 657.7378 603.6733 612.5986 644.2928 652.5938 662.9839 662.285 655.1705 655.885 702.6195 684.5374 645.6089 639.9702 645.0065 650.042 650.4652 648.0186 672.8453 737.3062 749.5649 751.3959 697.2628 677.7416 684.2206 694.6652 718.5151 725.644 737.7175 753.9214 725.4521 770.1179 773.6774 770.2429 697.3884 739.5218 799.5387 793.3866 760.489 732.8602 774.7859 770.1823 772.4306 773.4991 766.2473 717.4226 721.5392 701.4196 753.4383 778.7125 773.8942
741.4482 743.9775 726.8474 731.9623 717.0659 632.4797 621.4688 615.0474 609.3116 612.4717 622.4044 665.0085 621.8806 612.4525 612.8795 647.5582 667.8112 677.2829 679.0955 673.4885 686.4515 697.0757 648.3544 653.7476 650.1531 648.1644 658.4584 653.2646 664.2559 700.2489 755.0607 754.1548 710.3652 702.4704 692.1367 693.6819 711.5847 760.0038 768.8348 767.1381 760.1356 769.4063 779.4369 795.5226 783.2873 713.281 716.6902 797.7752 768.395 762.7419 794.0473 799.688 796.6824 758.9503 725.7571 755.2817 747.4662 711.1575 750.4112 804.3958 781.4178
727.6132 725.5179 712.8385 707.5883 665.019 633.5533 614.7224 618.3661 619.1172 621.11 658.2701 636.5786 641.3541 656.9097 646.7707 627.6741 617.1445 636.4624 679.3306 721.9879 707.8269 707.6788 662.7438 665.3872 672.2315 670.1458 671.9409 664.6213 672.2365 682.1032 734.9348 767.6996 764.8706 739.0231 707.8753 696.7462 721.9995 728.0905 752.7914 795.434 805.1019 792.0447 787.9876 815.3153 808.0383 725.5593 756.4534 788.3018 800.6299 810.1272 799.4526 796.1835 773.5332 756.7448 794.1508 775.9044 761.329 715.9384 729.6913 767.8608 799.3493
759.5729 742.6265 696.4285 645.575 623.2609 659.5121 632.3654 626.82 618.4475 634.4639 671.1289 626.9998 644.4477 653.2589 661.0223 667.7737 661.1218 628.3096 646.9203 654.1085 672.1277 714.3251 676.4918 690.0624 684.5439 684.5327 680.1378 672.3883 686.0267 695.3192 706.8868 748.5062 782.0652 747.173 745.6166 724.0548 715.5101 787.6881 780.9961 762.0925 795.3229 821.6549 833.8032 814.9532 813.017 723.1065 808.2878 814.9222 814.7022 805.2194 811.1676 794.7122 758.8661 779.5017 793.2493 792.1647 765.7358 727.0218 760.386 771.1467 776.6351
719.9998 709.4142 670.847 626.7885 621.4492 638.418 673.8937 648.7496 651.1125 680.1172 672.4539 638.5435 660.8284 656.1942 673.0447 674.4151 682.9606 654.4897 626.5301 638.8191 667.3259 690.2 726.468 727.5087 710.8035 714.5434 697.5412 683.2887 691.1672 710.1918 776.1443 761.4542 760.1714 794.75 802.7644 800.1378 734.7003 740.217 783.1148 828.1956 819.4696 833.3906 844.8934 825.2097 767.4785 744.9604 836.123 834.672 837.5635 834.7579 826.8672 799.9587 781.2836 807.9171 800.6848 778.7396 783.6707 758.7341 746.2648 744.6356 751.6508
631.5782 630.447 627.8621 635.642 638.72 697.2227 716.9464 718.2814 690.2338 679.2526 666.2646 668.675 674.717 663.9931 661.0555 681.011 685.3377 688.8487 675.4736 660.7038 650.4986 695.8381 699.3478 749.3756 750.2023 764.2066 712.1799 730.9858 699.2559 719.8939 755.4241 801.366 775.9803 786.2648 807.0793 833.7214 823.6489 748.0574 730.847 780.4841 834.819 834.6147 847.7761 850.3587 759.8407 750.1326 829.5355 828.8343 850.6095 864.0618 830.7862 822.274 824.0838 817.6333 788.9465 807.7234 755.1994 791.749 774.0729 759.4818 820.7817
636.015 634.0138 635.5449 678.3891 649.8442 676.759 719.4729 713.7907 692.1948 687.7808 666.2985 666.1021 685.1083 677.6913 665.7853 669.6875 676.5141 685.6799 681.2561 628.2581 672.5394 732.2169 747.1091 759.725 761.9251 738.4445 722.7465 702.2211 703.1144 714.957 725.0456 780.8853 841.0767 824.3558 818.2952 835.5424 829.8904 817.66 759.7435 772.9136 836.1803 833.0436 859.1724 811.5807 784.1367 727.6155 745.4287 782.5914 806.6384 822.1342 840.8004 853.5388 830.0768 825.7988 812.5916 790.2707 781.9973 778.5453 768.3732 759.6165 792.1058
635.4092 642.0551 702.6421 704.3367 723.5391 736.2875 713.4913 701.7568 701.6345 685.1482 671.6402 693.7687 695.3612 681.1556 679.4197 680.0161 685.8493 685.2267 686.4141 661.9837 640.7536 731.8406 764.5115 763.1126 754.876 728.6035 713.9373 702.5295 711.4917 709.7026 708.1928 717.7601 756.082 835.0278 838.0841 863.1513 865.3598 828.9434 766.2948 806.4996 848.3204 874.9659 853.8861 820.2594 774.4736 746.0056 742.8229 760.4987 801.909 847.6542 870.6158 875.7838 857.5994 833.7717 810.3802 802.7917 793.0693 802.1602 760.6021 750.2347 759.8775
640.3726 649.5135 688.099 691.9899 696.8942 689.4932 675.5079 686.7782 690.1557 684.4988 675.2173 695.1147 706.2637 689.3667 688.4515 688.244 693.6107 695.1069 693.9029 685.8399 666.5424 659.8115 725.4642 758.8564 748.8119 712.816 718.3212 724.7391 708.9262 700.4041 706.2665 709.7445 721.9868 740.5439 805.5751 848.0545 827.4437 821.054 811.413 786.1635 828.4521 853.306 857.5518 850.8539 824.1638 767.282 748.4413 771.4423 806.5692 835.2816 853.7571 879.9756 859.3102 839.9133 843.0233 800.1022 794.6743 785.3027 756.7383 759.07 758.1226
642.5424 653.7914 672.9371 671.7012 666.0657 662.9014 669.0606 674.6871 685.5255 691.8726 681.2382 702.6381 712.211 706.0573 708.5837 700.0406 705.5107 715.1749 714.7384 687.157 722.7274 689.8839 640.7485 653.7244 670.15 712.661 710.9424 723.3297 704.7592 692.7534 698.7107 700.8575 708.4064 715.602 736.9047 772.131 819.6472 830.576 787.9071 809.9313 819.76 804.7653 830.8912 839.303 794.5988 768.8424 768.7175 762.9517 796.2469 856.4115 873.4563 871.7599 843.3162 815.175 803.7085 794.4989 799.2764 770.1721 756.0909 760.0918 758.3644
649.0107 652.6797 653.0667 655.7029 675.8508 689.9246 674.4123 682.014 723.4726 703.3467 687.8893 692.5239 706.1722 707.749 715.6603 710.593 725.6883 728.949 740.1366 692.1597 751.3082 716.6695 714.6668 703.9247 661.6973 683.4687 708.4155 713.6715 690.5012 693.1953 697.1851 693.1769 708.4172 702.4765 721.5973 728.6776 750.9784 764.0778 776.589 800.3253 830.2866 826.7624 845.6182 873.6179 808.0477 761.8742 799.622 815.0405 798.024 809.0809 817.9968 820.9447 798.7098 790.5601 796.0377 780.5894 768.5142 766.1006 746.1215 737.6076 735.8706
