MapLib/Lvl1_5x5/BG/Ele_BG_CE.asc
ncols         557
nrows         557
xllcorner     2227500
yllcorner     5008669.448
cellsize      1000
nodata_value  -9999.0
[rows 504 to 531 of 557, columns 64 to 127 of 557]
67.7987 63.1794 59.1356 59.0259 62.2653 64.6279 65.8571 64.7029 61.5746 64.7905 72.6831 71.698 71.4928 76.7052 70.8204 73.361 72.506 60.6232 72.8314 72.1417 67.7657 68.0973 68.1794 68.5199 75.2396 45.5381 33.9019 61.8477 75.5032 75.0713 71.6765 71.8442 72.7499 71.6138 73.9895 74.988 76.0534 79.9761 77.4153 73.1632 78.8154 74.3111 73.0681 74.1806 79.5427 78.3561 74.2044 76.4524 79.4055 78.0841 77.8197 78.3079 77.8395 77.8242 81.9739 82.8644 79.1415 81.3414 77.8457 79.4105 80.7473 79.3348 80.1575 81.275
65.9278 63.7507 57.5472 65.1533 61.5636 67.5532 65.7529 63.416 67.1041 68.4665 70.0081 65.9436 69.6129 71.4675 66.0694 75.6753 75.1209 67.0823 68.8773 69.298 69.7441 69.9184 69.0081 69 68.6778 68.4323 61.7224 71.7057 73.0494 74.0299 67.5757 70.8881 70.5821 69.673 70.8444 72.5511 70.5441 74.1907 71.6202 77.5521 75.7054 75.2606 72.6063 62.4226 70.9194 73.4532 78.1536 77.0621 80.0707 78.3866 73.6185 78.8222 77.7921 78.1627 78.0821 82.5628 82.8585 82.1552 80.1702 78.3694 77.7061 78.6591 81.0215 86.1057
60.175 62.5337 68.5118 68.2671 63.9512 65.6978 65.4985 68.3516 68.8821 69.385 70.1044 69.5812 62.861 67.2026 69.1712 73.2671 70.7475 64.0437 53.9844 47.145 67.4833 68.3324 67.7791 63.3391 64.4049 63.7609 67.1368 71.344 69.3028 74.057 71.4614 71.8153 73.5227 72.9282 65.6388 73.4198 68.2485 71.676 71.3595 71.9506 77.2022 71.2708 71.4329 74.6769 73.9994 73.2417 78.509 76.9105 75.636 77.7463 77.7243 75.0542 75.6248 74.1917 76.0777 81.0362 78.0229 77.8873 79.5406 77.662 79.4605 80.6625 77.6593 81.479
60.1186 69.2292 72.5923 67.9469 65.3797 68.3205 74.4696 66.8219 73.0083 68.5926 69.1566 70.6442 73.4318 72.0282 70.3938 59.1629 51.6668 69.6946 55.4171 45.2164 56.6066 59.2797 61.7357 59.2152 37.2318 41.3759 70.6306 67.0413 71.9457 73.3271 71.2778 75.5847 77.2262 71.0752 66.2961 70.6146 71.5039 72.973 70.2978 70.7346 73.0388 70.3194 71.5548 74.3959 78.1406 74.6706 73.692 77.8292 71.7346 77.8906 75.4116 77.8147 77.4632 74.8683 76.1376 75.4577 72.4546 76.8693 79.369 79.5774 78.6868 81.965 79.5103 82.0217
66.7088 63.0144 60.3141 57.4372 70.7947 70.9413 68.1599 68.8877 69.9037 64.7314 72.5147 72.9709 64.0575 53.1297 49.3894 56.0576 60.9493 70.2384 45.7776 67.9346 70.695 71.9939 71.3028 70.2331 67.1679 66.3396 68.3302 71.7955 73.7044 73.4223 73.9752 69.0224 71.4285 69.2819 66.2303 64.121 75.8478 66.6845 76.735 73.316 70.4568 71.5052 76.1649 81.6144 75.7645 70.7053 77.6635 78.9067 77.8301 73.3842 73.9077 75.5303 76.4817 82.6078 81.9044 73.8427 78.999 79.2434 77.8756 79.7666 78.4273 78.4972 76.943 77.3673
70.2511 70.8756 69.7765 60.7799 62.8418 66.0782 70.5699 73.5857 70.6976 69.9285 65.2792 72.4853 68.5464 72.0649 63.3776 68.0894 71.8395 70.6347 75.5608 70.1631 65.5875 66.9618 72.9065 74.5069 60.2585 71.3909 78.0591 73.9942 71.8223 74.4855 74.635 80.0655 70.3691 70.4371 71.6766 71.9622 69.7549 66.5713 66.8569 73.033 73.2622 67.4646 66.6483 75.5255 77.9223 76.1007 74.4478 70.6461 76.3138 79.1887 76.4681 81.6511 76.9803 79.3248 68.9175 81.0811 80.3887 76.6055 77.7621 81.3989 74.7647 77.4486 77.3048 75.0618
68.8038 73.0845 68.2629 71.9491 64.6249 74.4313 70.7899 78.7365 74.1408 72.4253 73.2144 75.0388 76.5456 74.4895 70.9342 66.321 66.4728 73.1552 70.691 72.4078 68.442 70.2804 75.672 79.1187 76.8839 74.8727 74.1353 72.7248 71.0462 74.3508 72.3605 77.8411 70.8294 72.042 79.5528 75.6168 69.2241 64.7978 70.7615 73.7297 71.7277 73.7796 69.1131 80.1354 76.4068 76.9775 75.0297 74.6662 78.9122 73.4386 73.6465 72.0882 75.4393 81.2751 79.2555 76.9747 77.9062 80.012 81.6441 74.2713 74.6268 80.3677 78.575 71.9322
72.5149 74.801 73.2044 67.5429 74.4035 71.3636 72.0071 65.6023 72.0507 68.6548 71.9445 77.3708 73.5302 70.6702 68.794 71.107 65.9927 66.5862 68.6969 65.6688 65.8087 61.21 76.563 83.462 69.6235 75.3031 67.0005 69.6503 73.4802 66.9064 83.8442 70.7791 83.5214 67.7344 72.1684 71.7999 70.5898 71.2212 72.2983 72.4784 73.3532 77.6903 72.6348 75.3176 72.9643 74.4977 73.7052 71.5966 71.3869 79.1736 71.5694 73.2669 74.0521 78.5035 76.2556 76.8384 76.0053 78.7356 81.3082 71.3283 72.424 78.9638 76.3767 70.2074
76.6536 72.9373 74.9718 79.9951 78.1995 73.4391 72.9312 68.5001 65.4187 69.1598 75.5256 73.7085 71.5921 64.2909 68.4821 65.2161 68.4948 75.6006 73.3588 76.479 82.3198 77.9052 71.1082 70.7166 74.1461 64.0538 56.8386 67.3037 71.2991 73.9595 64.8514 73.7966 72.1661 72.0451 76.0701 75.8995 69.6596 75.9556 71.807 64.4084 75.3279 72.0964 68.8115 73.2838 74.8707 76.5794 76.4181 70.1505 74.7862 81.0963 75.1269 79.3859 74.9237 75.6769 74.0336 74.9726 82.2078 81.3845 75.8491 79.1726 80.2827 78.7818 81.2999 80.8404
71.358 67.251 70.9979 66.3816 70.9605 72.0323 67.3959 73.0783 73.8865 73.8735 58.7466 66.2807 73.4774 72.3302 70.7328 69.8753 74.3293 63.5382 74.9449 69.2678 69.0978 63.8755 66.1905 68.6512 71.3346 76.4291 65.4592 78.0658 72.7683 75.3983 68.8749 72.8199 67.9841 69.8007 70.3282 66.5618 71.5379 69.7555 70.7329 74.3495 69.8424 74.9857 71.2737 75.1271 73.8814 75.0867 76.3195 70.3476 69.2384 74.2441 73.2606 74.5325 77.6625 76.2426 83.6121 83.1114 74.8397 81.9341 81.6869 75.474 78.0828 80.9492 78.9804 85.3287
71.2872 69.0451 70.6685 74.6651 70.1676 74.5442 78.9936 80.2662 78.1961 69.8735 71.0346 72.4596 69.6113 70.6369 61.0514 68.4368 67.8746 69.9872 72.5037 67.7922 71.458 73.2212 64.7639 66.7632 68.8544 74.7425 73.3923 68.1693 74.4017 80.0838 71.0239 67.9383 73.5813 69.3627 68.5682 67.5637 74.3969 73.3003 80.66 76.5818 65.5856 76.6813 75.8744 75.4082 77.9318 76.2357 71.8373 75.5494 74.1977 77.3332 72.4723 77.2966 73.1572 72.3646 76.2009 76.1878 78.8241 81.1992 83.0772 88.9202 81.5899 82.3337 77.7169 80.2666
73.2189 78.5547 72.1985 64.5905 79.5483 79.4689 70.2942 77.5244 75.893 71.4141 73.0001 70.4786 67.8919 41.7788 69.9304 71.3889 69.4678 77.6429 68.2516 71.1562 72.5571 72.4376 69.8988 66.7316 69.381 75.517 79.0306 74.0505 75.4495 73.7173 67.263 71.2814 73.042 71.6853 70.9696 74.3692 76.6804 73.3085 71.2371 75.1272 74.1546 73.4824 75.9393 72.6096 71.1292 77.302 74.7331 70.086 74.2786 77.6827 79.0734 75.309 72.5862 72.9992 80.9953 82.7436 76.7981 74.3837 87.0879 83.808 76.5809 70.429 78.4741 83.1437
79.4252 74.1015 71.7404 80.1172 82.0214 79.0205 66.6452 64.7327 71.8394 70.4619 70.7309 72.6248 71.4996 69.9884 66.3103 68.605 73.3121 75.9468 78.3785 72.5615 70.7702 73.3931 72.5154 71.3845 68.3536 69.8752 74.1893 74.6059 75.2896 74.1742 70.4833 68.3243 69.6206 70.7524 73.3441 71.6728 73.6114 75.4422 70.5174 76.3463 80.5783 76.1732 74.0228 70.9665 76.348 70.8418 80.1024 77.0328 71.8548 76.2519 73.3978 74.9422 73.9832 76.3051 76.358 76.6787 74.9823 76.8844 76.921 77.3018 80.5053 79.8248 79.7871 88.1357
92.687 81.1231 73.2018 76.6299 69.4135 81.9421 67.1958 65.7281 70.9645 67.9306 67.8886 71.5788 70.5902 72.4269 66.5382 65.2579 63.8636 67.4201 62.9207 66.5115 67.1327 67.0548 68.9975 72.1613 75.0483 70.736 71.2488 73.2822 74.932 71.0028 68.7005 62.9586 66.1896 76.7735 66.4875 74.7725 76.7408 73.4133 76.6742 85.0027 78.7034 77.8092 78.4726 74.7435 71.627 79.7077 74.3153 69.4792 71.0739 73.8107 75.5135 75.086 72.2686 73.1546 72.2678 75.7016 74.6529 74.4159 70.2066 71.3941 76.0701 76.1309 79.8934 82.3773
83.6933 65.1468 74.3379 83.6726 81.8245 73.6133 68.3255 72.3498 71.405 78.0834 72.6364 65.9747 56.8332 72.9901 73.5745 49.4647 61.2096 58.0691 61.3393 76.4867 72.6113 68.83 82.9229 60.6578 74.0508 74.4794 72.8306 70.2565 69.3122 67.0552 67.733 59.5315 71.4747 77.6727 70.4668 70.2851 75.3115 69.0035 75.1443 73.8783 72.1275 76.4148 78.0405 74.5385 68.5617 68.6415 68.9854 71.2961 72.6575 74.2434 73.3708 71.9609 72.0585 72.0667 72.8454 74.3241 73.6933 75.2187 73.779 72.957 75.8271 76.3447 75.0002 76.755
64.1944 85.8558 78.4037 82.4299 84.5349 67.1712 64.333 68.8048 76.9536 70.896 66.9873 72.5031 64.0191 72.1658 78.0423 77.5547 51.3944 60.1569 74.083 69.7738 72.9055 70.3887 75.3201 78.1296 75.003 73.1285 72.0115 73.9889 75.4915 73.0483 70.1161 71.3171 71.6095 75.5491 75.872 70.1777 77.8006 77.4317 71.8521 71.4637 76.7169 77.968 74.8758 73.6706 75.09 69.5255 70.0039 67.2348 71.9338 74.8444 73.2853 76.4816 75.4544 76.789 73.8815 71.0686 69.5708 75.8869 75.8473 76.6349 74.1772 76.7578 79.6656 77.6929
80.3008 64.6511 75.316 88.3749 70.9193 71.4093 67.8256 68.5121 62.9129 65.6391 70 76.7399 61.8092 66.221 72.7701 76.0479 69.5406 73.3954 81.4345 78.3121 78.9415 70.74 74.5416 82.1512 72.7714 74.0057 74.0002 71.9969 73.3218 70.682 73.4022 77.0781 70.998 75.0118 71.9219 72.1048 81.2553 67.0667 70.8563 68.9909 70.0419 73.6168 70.2678 75.4805 78.1782 74.944 78.7951 76.9964 71.376 72.236 67.4446 59.3703 69.155 75.0292 72.1226 72.2207 71.7159 73.9203 80.1393 77.2941 75.6698 79.4953 81.6574 80.5385
74.8877 67.0282 70.8855 75.5769 74.584 80.7286 79.4554 69.4001 62.1531 65.2017 64.7423 65.3448 64.9453 65.0625 75.2562 77.7509 80.6715 80.2723 78.5774 79.1381 67.8888 71.8802 73.014 75.1284 77.1595 77.4287 70.58 73.0538 72.3586 78.7333 75.0683 74.7668 72.9927 74.5219 72.474 74.6115 81.7719 70.6973 72.6076 76.5937 72.9086 70.9783 71.1091 74.6423 76.3704 77.5284 75.9801 76.792 75.7681 74.4928 67.0094 68.7958 72.8677 70.5393 69.3282 71.3515 72.578 76.4439 77.8651 81.5061 76.5504 78.839 76.5159 74.0953
72.1089 71.1976 69.2676 75.2539 79.9868 82.8551 68.4054 72.552 69.17 69.5061 65.8241 65.5597 39.7813 45.1597 81.5022 84.7988 73.5886 77.4588 74.3314 73.2808 75.3869 72.9919 70.287 74.225 75.1801 70.3074 72.4713 77.5484 74.222 72.4629 72.2049 71.467 72.3383 74.8191 77.7323 75.949 75.0596 72.3354 73.2602 67.8263 76.3055 73.5385 70.5216 74.6557 74.0111 76.4943 76.7833 76.9634 71.8 75.5228 73.5726 71.4748 74.5715 75.3189 70.1212 69.7934 73.1214 76.4256 78.6068 80.5325 75.1233 74.8918 85.3561 76.356
73.0639 70.8076 74.0618 71.2892 75.0936 73.0308 77.7573 62.7786 74.1693 79.6922 82.7796 70.3454 64.1441 66.5375 47.4716 63.7835 84.0511 80.2246 78.4359 78.4233 111.402 68.5291 77.6343 71.0611 77.954 96.7359 95.6727 85.0216 74.583 78.0854 73.0256 71.7023 73.8803 76.8615 77.2704 83.0935 80.1415 76.9994 70.9769 78.7223 77.6367 75.9756 78.6006 74.5717 79.7898 77.886 76.9811 74.0573 73.2847 71.1394 69.8143 73.82 70.3736 69.5033 68.6949 71.6595 73.8295 78.1626 76.652 75.2144 79.624 78.4153 74.0045 71.7554
79.9279 81.7859 72.9516 76.585 81.8782 82.5398 61.7486 68.5684 93.0254 83.7371 77.7291 100.0524 93.649 82.2466 72.3731 65.0507 74.4671 62.9442 63.939 66.7599 82.6794 71.7403 72.9948 83.6527 79.3949 83.2488 81.155 69.2896 70.7618 77.3338 72.8829 69.9962 76.2017 75.4657 78.9663 73.364 74.9922 79.6351 76.3527 73.9391 74.6536 74.9566 77.721 72.6435 76.4735 72.7 71.908 83.7291 76.8939 68.8678 70.7736 71.5225 70.4429 69.4268 74.2933 74.7896 75.5836 78.3555 75.1876 74.827 75.7879 74.7409 79.0008 77.0497
90.7741 93.9757 84.813 78.9733 76.3726 76.326 74.8545 89.3093 89.4667 83.4707 77.0347 74.8554 76.8115 76.0156 74.8967 82.9772 84.4681 67.1564 69.7946 71.128 76.2671 77.4534 80.325 74.1384 90.9288 74.1888 65.3484 72.33 76.097 74.4487 73.3784 76.0091 77.0361 72.3217 78.204 74.6038 77.5988 74.4863 75.1754 76.3755 72.1847 74.3456 76.1288 75.3141 73.4168 76.5815 79.6177 75.5276 74.6926 75.3537 72.9469 70.3654 69.8191 71.8373 74.7148 72.9653 72.7506 71.2878 72.9893 74.9229 75.3467 74.5318 76.1713 80.7288
95.6466 92.6562 66.0318 69.2679 80.6331 77.1701 76.9402 91.7088 100.1929 81.5686 75.6997 69.3221 71.8956 72.8367 73.5288 72.5866 87.0674 75.2757 75.8431 75.1077 73.8612 70.3565 73.3812 77.2264 70.5061 74.9302 73.4589 73.6929 72.1787 87.0874 80.0332 76.2508 77.0802 76.1896 100.1973 83.743 79.5415 74.4289 77.293 75.4643 68.644 70.9936 70.177 71.2295 76.5329 75.7261 73.1833 77.9607 74.1237 72.1778 73.7238 71.1925 72.432 72.6199 73.9348 75.3228 71.5187 71.7329 72.6097 71.6244 73.0058 75.0747 75.9512 78.0309
94.7721 71.1886 66.4594 72.5223 68.4563 94.9359 89.7925 124.9522 98.4434 83.047 87.6657 107.4868 87.1515 75.3662 71.942 72.2176 82.948 81.9364 71.2389 71.6532 74.1158 76.587 72.0664 82.032 88.2511 84.5286 84.3408 69.3818 79.77 65.2637 72.6268 75.2349 75.9395 70.034 77.8787 80.0475 75.0926 75.1218 74.4991 69.7518 73.8177 71.8715 62.1248 75.8361 72.9132 67.0791 75.2395 74.9262 71.7103 75.3463 69.9846 80.8285 75.0213 68.4443 70.5818 68.7995 71.2449 75.3701 72.8626 78.0501 87.5525 76.7513 77.7921 83.1812
71.18 70.8664 74.1116 78.2823 70.4188 69.2022 72.356 72.4619 89.1409 83.8079 94.0599 92.4975 78.027 72.0986 76.0578 92.5765 78.5634 72.6705 73.879 73.3389 74.741 73.0443 77.8106 91.2193 95.4054 96.4962 73.9999 72.2775 70.4265 77.5247 80.9834 75.9759 75.1738 81.9535 77.1578 74.9722 84.0843 69.9755 77.067 70.3558 72.6788 78.1159 79.399 76.6975 76.4931 77.4597 77.7036 76.46 67.9856 69.1318 71.9076 81.5993 74.4845 68.2921 74.4794 73.2246 75.9165 74.2029 70.6539 102.5436 75.0529 74.5013 77.3987 80.2447
77.5691 72.4525 57.3839 65.0021 73.1012 61.773 72.9114 72.0511 72.1118 71.8763 76.8125 74.8992 78.3291 79.4724 78.0055 75.5431 76.7313 80.7803 72.2944 71.846 74.6459 73.2212 89.0346 84.2987 86.6259 82.5829 76.7469 76.4786 76.8176 87.3386 75.9119 78.5872 74.5244 79.2752 82.3453 77.5837 65.4833 72.9298 74.317 79.6485 77.8893 87.0766 84.1545 76.5109 75.1879 76.645 70.442 75.6603 73.2578 75.6419 74.264 69.6938 71.0711 74.1806 75.1749 72.5722 69.2901 69.7133 70.2286 72.0593 73.7436 71.1504 72.8325 68.2002
71.1693 65.0716 61.4354 63.9499 62.9332 75.5451 91.9727 76.0496 76 73.6276 75.3686 78.2589 76.6769 85.6832 84.8771 84.3081 83.4105 84.4503 89.0466 87.5624 76.4515 78.703 94.017 89.2787 79.2701 94.1941 95.065 71.2049 78.3286 77.4396 73.4745 72.8235 73.7293 79.8909 87.1828 108.9887 84.5508 84.2638 88.0065 82.9394 74.6753 79.4594 75.0485 77.941 75.7643 74.8991 79.035 72.008 66.4485 67.7793 68.0608 68.5318 77.1169 74.3413 68.5081 70.8571 70.9329 69.2554 74.2253 80.6423 81.6751 71.6755 69.3143 69.7101
65.2543 62.8352 70.2125 71.8634 66.6001 82.7109 86.8699 82.7434 74.972 78.9161 76.2002 76.6067 85.3767 92.2613 92.1018 90.6327 87.0185 85.9228 84.6982 85.7059 85.325 85.6399 86.6468 97.7195 82.2387 91.0852 70.0009 74.4011 75.4175 74.862 73.0346 73.0937 70.6832 80.6263 82.5372 86.5055 85.2275 77.1528 74.8099 76.6109 75.0919 82.1002 91.505 77.9678 76.2918 77.601 80.2434 78.6482 69.2025 70.7111 68.7734 66.7083 72.9831 75.3047 78.8949 72.6257 70.8474 74.4163 77.1828 79.2222 74.7336 75.8873 75.4029 74.6138
