MapLib/Lvl1_5x5/BG/Ele_BG_DA.asc
ncols         557
nrows         557
xllcorner     -500
yllcorner     4451669.448
cellsize      1000
nodata_value  -9999.0
[rows 270 to 296 of 557, columns 0 to 59 of 557]
1383.3824 1397.3667 1398.0209 1221.8973 1055.5575 1031.2952 1099.2687 1492.1567 1893.8312 1443.8586 1122.5044 1061.5344 1224.0262 1203.1832 1215.2687 1280.8505 1073.6912 857.4181 837.3524 982.0972 1022.2888 1226.1586 1111.0144 924.4635 1200.1263 1266.3582 1271.8326 1043.8146 1011.9442 1078.9771 948.4894 1061.0122 1274.7914 1486.0548 1651.6173 1471.9838 1697.7201 1789.3516 1710.9003 1622.1582 1805.6694 1663.8837 1681.8939 1769.6693 1954.7719 2172.033 2070.6067 1858.412 1781.8511 1553.3213 1285.7797 1105.3118 1141.8696 1328.0365 1657.9733 1678.7349 1742.1383 1767.1921 1930.8925 2138.1226
1372.4133 1303.7239 1468.6893 1369.3611 1349.2701 1250.2197 1013.1663 1000.7181 1271.2563 1450.7513 1121.7246 1002.9621 1099.6499 971.0225 999.6146 1116.651 1040.2509 921.8547 811.0481 831.7617 982.5137 1010.1225 900.4473 840.1027 1253.0337 1597.1888 1502.1135 1278.1667 1054.3168 982.2875 1103.0159 1393.7203 1404.2578 1620.2297 1804.6698 1905.2654 1963.6624 2272.8708 2073.5847 2117.5352 2045.7368 1842.5941 1715.379 1741.5797 1854.6211 2025.8615 2227.3518 2185.2524 1875.1031 1598.9888 1378.3306 1159.2507 965.875 1214.8607 1494.3547 1652.1888 1709.7542 1821.9941 2015.4221 2085.3752
1228.0214 1120.9205 1281.7366 1316.7943 1267.9766 1226.8521 1223.1085 1342.4928 1084.9392 1024.9823 1314.3527 1021.8389 830.7379 999.9012 1072.7638 1047.548 998.2643 797.5069 675.6422 719.037 762.3571 841.6529 747.3129 964.1105 1416.5935 2074.2217 2045.2091 1736.7365 1325.4171 1391.1093 1697.5531 2059.4546 1927.2786 2106.5806 2174.074 2409.8181 1976.4563 2042.0204 2330.3621 2379.7034 2196.1663 1936.8365 1658.1526 1508.5035 1559.9634 1745.1998 2046.1104 2372.8701 2116.2759 1744.8497 1401.8549 1144.5796 944.5874 1112.5494 1291.1827 1480.4183 1487.0548 1685.108 1699.6138 1847.6631
1380.0438 1166.2477 1052.4202 1187.7683 1121.9457 1092.4373 1140.8282 1156.5868 1063.2805 1072.8547 1119.2849 1095.0687 812.9042 843.9139 917.5073 902.3597 875.6593 763.8716 756.5861 838.1713 886.2012 788.277 793.2832 968.9027 1580.0043 1860.5989 2061.9207 1772.9778 1482.6847 1690.098 1927.6837 2328.0884 2324.4883 2200.8564 2323.9956 2440.3364 2213.0625 2359.8477 2493.2261 2302.2964 2205.0142 1994.5117 1685.2792 1529.4644 1346.0322 1509.6644 1716.4192 2164.7891 2135.8362 1723.7716 1399.7523 1250.3956 957.4427 1007.6544 1141.9829 1265.3334 1342.4124 1375.7395 1627.9347 1844.952
1505.4851 1210.0104 1084.5278 1120.2836 968.3182 1004.1021 1042.2562 1085.2566 1375.9803 1053.7268 934.09 1041.2847 884.4889 750.5311 850.9561 791.6768 691.2053 689.8712 798.5062 850.4872 896.5801 951.1335 1027.9414 858.3926 942.4021 1333.4866 1439.2106 1213.88 1368.9277 1872.1082 2168.1726 2283.5256 2362.9739 2426.2168 2515.3459 2513.7239 2414.6868 2533.1411 2182.7517 2008.7878 2032.6095 1949.3215 1583.2969 1517.3252 1286.2598 1423.2128 1646.1182 2106.4995 2172.2876 1753.036 1437.4424 1224.4792 1213.3192 949.152 929.4825 1092.6053 1216.0394 1353.7042 1571.3927 1829.9012
1445.7964 1422.5784 1140.9395 998.5275 1104.7715 974.521 927.4855 1006.4822 1105.3617 1122.1727 860.5508 885.7513 752.8552 772.5962 714.8992 738.3568 625.3837 694.1086 733.0839 778.9771 921.4578 1156.4412 1206.2633 1215.1428 971.7808 1099.6504 1261.2662 1436.3495 1571.0607 1899.8405 2086.7043 2225.6277 2205.9343 2256.2104 2383.7368 2519.6155 2576.4543 2273.8169 2031.5338 1867.9293 1630.5159 1610.6862 1504.606 1475.2317 1166.6947 1370.6593 1558.683 1921.2104 2152.7375 1893.6771 1563.5842 1302.3928 1187.1611 1103.4208 905.2687 977.1483 1130.4692 1290.7489 1424.0034 1572.6294
1215.2715 1328.709 1236.9805 1195.0192 1316.59 1241.3698 1003.7133 846.5655 966.2219 965.231 983.6987 868.5187 744.4839 703.8068 643.3415 703.7241 634.0952 701.4952 750.131 804.1017 941.3223 1173.4993 1608.2076 1559.571 1195.2156 1118.9071 1681.4828 1958.9049 2078.4697 2030.1375 2086.3149 2260.334 2417.2673 2545.408 2633.384 2701.7317 2594.2563 2358.4294 2210.6436 2268.375 1933.5972 1496.401 1306.7761 1210.0568 1134.5289 1114.3173 1372.0205 1591.2196 1743.9874 1911.6216 1761.4613 1488.2266 1222.2933 1007.575 903.1508 982.974 990.0021 1049.2748 1120.9524 1160.5605
1193.6173 1102.7561 1246.6769 1448.9084 1575.2242 1396.3196 1195.9543 958.2159 745.0437 762.5921 800.3795 836.3998 711.1625 638.7076 639.9749 613.0533 639.1743 667.5156 785.8845 952.6158 1039.4847 1209.2943 1340.0494 1552.1891 1376.421 1068.381 1315.4274 1591.7452 1632.0565 1662.4314 1725.0869 1927.759 2206.9915 2205.3191 2232.5659 2342.4312 2408.8667 2490.9976 2300.3125 2275.446 1999.9227 1700.292 1518.832 1264.3234 1104.1815 986.1138 1061.8737 1294.6863 1409.9 1584.4156 1696.9222 1476.5599 1089.9768 889.6937 1079.91 1266.6154 1154.913 1118.1636 1250.1549 1389.3274
976.7294 1118.3676 1456.2419 1682.1909 1450.8647 1331.0505 1211.7499 1093.051 980.8271 895.9472 801.5548 790.0121 822.8177 855.0882 867.5219 799.6619 653.2379 624.4821 846.8822 1128.7205 1323.7428 1600.004 1921.51 1741.1766 1453.9034 1209.9991 1111.1449 1173.4713 1247.8053 1272.0737 1391.2102 1553.2239 1845.1151 1945.1426 1846.86 1936.4766 2217.1392 2305.4612 1999.2505 1857.0365 2027.1079 1929.7698 1733.3749 1373.2334 1225.5485 1025.542 880.6436 929.6519 1064.4609 1144.054 1316.4496 1209.6659 946.4301 1097.3903 1146.4049 1223.0906 1167.3512 1144.0798 1260.6909 1388.5502
865.2171 1129.1816 1451.9686 1474.4966 1287.7087 1062.4338 1039.6237 1019.7581 1080.2717 1133.7756 1156.5212 1082.8026 1068.3772 1004.2955 971.1015 822.7589 724.3358 596.4667 730.8836 920.6263 1179.39 1522.1072 1829.692 2074.4568 1851.0505 1519.1826 1290.6298 1308.9956 1291.5677 1326.5466 1367.6819 1382.8508 1427.0643 1619.52 1696.7675 1908.8353 2019.1533 2161.0203 1867.1909 1594.6986 1742.3206 2044.7811 1792.4901 1668.6194 1490.3521 1303.5261 1082.424 850.5649 904.1423 945.9975 951.2015 1029.9033 1216.8875 1329.6906 1240.1586 1174.2347 1260.9133 1286.7571 1285.5698 1328.1422
794.7376 1051.15 986.7392 1021.1229 1052.0912 851.7521 835.3594 986.8674 892.6195 1008.0952 1167.4703 976.6973 877.2869 876.571 881.2285 784.3655 660.4973 630.0053 721.6282 810.908 991.3928 1153.0547 1297.1428 1575.5195 1588.64 1787.5575 1708.4512 1632.0309 1808.3317 1970.5785 2042.5057 1941.65 1803.3376 1655.2183 1453.3346 1313.7679 1398.5721 1593.4814 1783.1538 1557.4783 1469.0758 1788.504 1748.0873 1399.3036 1423.3212 1208.6505 1068.5647 816.3575 861.9849 883.149 1085.6129 1345.0087 1569.1782 1663.6851 1447.9061 1328.9905 1269.7783 1404.1539 1410.9022 1414.9899
647.0029 716.6303 720.8977 632.7708 734.384 643.5002 804.3115 873.7719 843.0756 900.1989 979.2956 829.7294 720.7036 692.7958 689.2843 646.9624 602.2103 810.6497 802.7523 793.231 872.5903 947.2311 1040.5701 1048.314 1120.0437 1256.0338 1394.4774 1534.8257 1534.7325 1585.0607 1677.6803 1633.248 1691.2305 1549.0747 1636.3145 1621.7499 1234.4261 1078.9615 1187.4957 1377.5361 1280.9607 1588.2887 1651.5206 1246.7258 931.8982 870.618 802.6738 932.7601 1124.4425 1252.4713 1367.751 1487.5648 1695.0707 1804.8062 1671.2999 1556.0829 1460.593 1320.8518 1346.5411 1407.8224
863.03 1166.9249 1216.9377 926.3738 845.8788 698.7676 686.121 749.7233 741.3824 731.7604 803.1215 817.6307 811.0804 670.8979 599.9147 581.2308 643.5452 667.8406 755.4213 824.9334 890.804 866.0168 860.1346 923.2169 984.3638 1047.1257 1027.8689 979.4543 1065.833 991.433 1005.7191 1042.9954 1022.6574 1065.4142 1189.6273 1513.2073 1622.8182 1226.267 1019.4265 974.5978 1247.4004 1500.8856 1183.3461 953.7941 820.5002 1021.6718 1189.9763 1294.8242 1549.8859 1690.8231 1892.6678 1978.7853 1859.1161 1699.1556 1603.5554 1572.8983 1593.8394 1616.3842 1422.866 1389.8745
922.5916 1234.9362 1090.6975 938.2542 804.9726 758.0421 667.1019 623.6887 649.6978 787.8754 802.8724 758.4004 724.1085 718.8959 628.0667 566.5216 647.1005 713.946 677.6162 739.8826 847.2225 799.277 786.0756 784.5869 842.0555 882.6729 969.521 835.7081 869.65 851.2888 869.321 857.1647 879.778 891.8345 959.657 1191.7827 1585.4119 1348.7001 1064.7078 946.7376 901.0704 1203.1559 935.8534 843.1211 1201.7885 1255.2804 1173.3306 1147.2087 1341.5609 1521.6294 1538.8191 1492.9473 1405.017 1332.8674 1317.2223 1267.812 1421.1273 1644.373 1688.5118 1550.8741
941.1177 952.1869 906.2404 1005.1877 900.202 800.9252 837.1547 627.3828 581.9282 667.3703 657.5359 670.7215 649.1656 634.8513 659.4514 544.4978 572.9503 635.9847 642.2321 673.3244 778.215 899.8411 808.0671 730.2886 712.5651 803.7108 886.2867 802.916 749.3399 748.0189 764.3804 781.2239 734.4933 776.4683 880.6238 1042.1366 1389.1602 1647.6014 1266.2565 1042.1791 967.6402 861.868 991.345 815.6242 1186.6322 1447.6757 1479.8274 1508.7158 1435.4666 1374.9095 1315.264 1140.3809 1091.0968 1066.7832 1166.7985 1419.5577 1650.7614 1892.0963 1914.3517 1739.5839
918.1609 1072.4587 1035.2177 974.3519 1024.5974 969.0539 750.4379 661.4971 641.8452 585.2007 566.0455 557.6782 559.3969 569.288 598.0845 567.3462 542.0672 583.8963 586.2461 621.4418 685.4042 848.517 964.6372 917.5274 734.7158 685.3893 682.0927 729.9538 730.3032 715.4287 702.4505 728.2654 714.5771 760.5286 824.0366 927.7864 1120.5468 1480.126 1719.8268 1278.5247 1073.2107 963.1314 785.9145 743.9719 893.962 1010.091 1033.6591 1205.353 1368.7252 1545.3842 1307.0348 1045.6422 935.0007 1122.0198 1383.6473 1669.423 2113.551 2012.7185 2114.6184 1943.6594
987.3098 1042.5323 1053.8201 1052.8817 873.1302 909.6098 680.9312 776.9051 656.6074 678.958 672.8747 622.4349 590.5139 547.1243 535.6636 585.4396 527.7607 580.8916 680.984 608.525 680.0837 768.5285 869.6719 794.6268 717.1882 701.717 705.1212 635.931 670.9262 653.8368 701.6064 678.5184 704.545 726.052 793.2243 850.1796 933.314 1124.9657 1420.3257 1394.2579 1341.7198 1058.5918 879.821 739.5948 745.1224 802.0897 835.6441 882.6092 944.7356 1139.4733 981.8103 900.1423 1189.9021 1575.5006 1862.5155 2000.0955 2291.5891 2130.7915 2029.8114 1772.5679
1056.8127 945.0833 945.0912 917.1221 773.421 748.7402 699.8574 774.7367 797.6826 683.2581 656.8265 669.0287 611.576 657.082 552.0091 534.3044 532.4761 544.4409 633.7484 668.9035 719.436 786.0704 785.8839 749.1843 669.407 605.6337 684.1024 609.5764 633.8164 657.908 655.3055 701.4206 811.8961 844.3293 864.1299 879.2124 844.6937 962.7546 1020.9488 1016.186 1103.4752 1279.1414 955.7542 768.7737 691.8528 714.8421 740.2795 749.0057 803.4351 826.6401 821.0717 970.2458 1190.2517 1575.7183 1850.4259 1941.9982 2262.6575 2293.7341 1916.0708 1630.1166
989.5615 906.5307 923.8441 938.0815 885.8655 774.7449 760.7088 871.7242 727.2367 652.0995 623.6737 592.7857 612.4464 742.9388 756.097 638.1945 599.3973 524.9811 562.694 617.5009 648.5203 659.737 754.0314 630.3534 577.1475 582.6619 610.5248 625.5626 644.8177 666.1772 729.8188 740.9279 750.1086 793.4404 845.4285 887.2859 1015.4874 1014.0974 978.2056 868.7058 876.9941 961.7712 1109.9047 852.816 681.6109 709.7265 748.2233 760.2711 743.8701 756.36 836.4635 1011.1854 1459.5516 1528.3455 1423.5723 1708.7936 2173.3813 2086.4849 1693.5669 1439.5859
1048.0626 1013.5409 1082.8223 998.502 823.1748 744.1458 707.7325 683.1823 646.4923 615.1343 597.2956 619.4478 622.3021 645.558 743.4134 724.5629 675.4531 527.7713 534.0927 560.6013 584.4267 552.7722 608.4446 633.2278 621.4955 587.727 621.6445 774.2574 839.2833 735.802 671.9478 690.0974 720.7642 753.441 770.761 804.8397 882.2648 1023.5854 1054.4209 956.4176 830.3548 778.39 807.7014 899.3185 740.1556 1009.7464 1129.073 988.4557 910.4986 833.6605 798.4328 980.7347 1349.0227 1264.4642 1226.6681 1438.0779 1707.0386 1609.8785 1370.5001 1295.2811
1102.1411 1170.7627 1146.3461 1067.91 854.6876 735.0985 687.639 741.4465 666.9653 715.9081 700.6411 649.9487 676.0161 632.4005 618.8807 667.9453 668.0043 599.7037 517.6037 532.3137 552.1013 566.4232 739.2856 840.28 867.7896 696.5187 648.988 758.471 854.0284 718.8099 661.8267 686.3377 708.1041 751.7758 789.6605 840.9296 924.4402 957.4589 1029.7181 1033.7722 994.3474 976.3674 795.8175 658.074 654.8744 785.529 949.1249 1139.6366 1196.2467 952.2743 878.4196 881.3646 1055.3503 1085.4915 1090.9939 1147.7983 1203.6421 1214.3173 1168.0277 1267.3132
1132.8601 1137.6808 1245.1415 1076.8083 809.8461 716.7938 740.6605 691.8028 725.1389 777.1013 789.7048 778.4398 682.4977 667.7941 651.8671 571.7009 564.6544 546.7821 516 516 516 593.7083 729.7717 875.7868 904.7111 745.4167 704.631 722.7208 689.6628 671.6155 641.1811 653.2594 681.3512 707.6314 756.6301 826.8138 939.5782 1042.9103 1177.3282 1456.6317 1262.9836 930.4186 822.1598 658.7392 659.7957 683.837 747.2705 1000.6881 1211.6184 1054.0293 1013.0479 1007.29 975.6854 1003.905 1017.9495 1051.7532 1043.4895 1104.6151 1188.0802 1128.5785
1142.111 1069.6139 1162.8101 1067.7689 781.2391 774.1978 847.051 776.6103 732.2199 831.3809 875.1749 863.8882 891.5355 770.0413 662.3378 610.7178 628.0723 612.2785 572.3148 517.5283 516 541.3306 686.4213 710.3674 746.0297 804.5586 799.5305 750.8801 652.5426 637.5204 623.2354 647.1795 684.6574 784.8776 893.1238 1034.6079 1122.1211 1219.012 1253.8442 1384.5432 1317.0829 1009.8772 724.5621 746.636 869.3788 839.9371 754.1101 810.1027 1013.0804 1221.6926 1317.4821 1262.4652 1197.5166 1129.0146 1080.4812 1055.642 1034.9286 1010.5503 988.7641 984.9653
1239.7207 1033.5693 1159.5874 1073.3112 829.9001 896.4539 848.0226 783.8369 726.3696 817.6852 847.9225 868.7958 845.3501 823.4267 734.4979 672.8497 600.8139 607.6043 613.4609 643.5842 529.3095 518.7963 577.1575 648.0645 689.1442 797.3309 915.3267 754.2927 648.9735 616.1829 606.7731 632.2623 717.0746 800.5317 857.4898 952.5424 1039.3557 1088.0865 1209.4369 1324.835 1276.9569 1114.7018 717.5699 844.5919 1130.2871 1096.4441 922.8281 831.6691 824.6312 980.5627 1077.3157 1237.8524 1341.5712 1332.1603 1183.0782 1176.1262 1193.856 1152.6544 1046.4635 940.2742
1244.5192 1004.6841 1059.8435 1137.8097 932.2567 1014.1703 901.9761 790.3176 759.3167 907.8732 884.2713 866.3038 824.8597 753.1853 759.4846 711.8885 632.6707 581.2907 566.0938 525.1566 529.7482 519.9653 539.2343 638.5483 839.7008 897.5314 892.1227 733.8412 624.5396 590.7117 607.8574 653.2404 674.0112 732.4563 784.6265 884.9192 947.8399 1085.3589 1226.7561 1204.7544 1148.6569 953.1008 735.1047 812.5068 1155.1754 1269.467 1193.1337 1007.6977 903.1975 883.1405 935.6252 1037.7792 1094.795 1260.3376 1413.0104 1459.5751 1453.6646 1414.6812 1266.3502 1070.4572
1054.4807 979.3693 1072.7324 1174.9995 1017.2103 991.2623 911.3798 831.5389 802.4598 938.1641 911.4177 804.321 780.1997 724.8585 712.1639 693.0314 660.009 602.4845 559.3838 590.8777 546.0864 517.3289 516.1844 634.0686 827.9268 704.1008 723.9395 636.089 591.0951 596.8776 611.1206 661.9725 715.1203 712.8199 755.7788 872.7799 973.5089 1113.4115 1141.4998 1055.9438 1048.7714 816.6316 680.5883 865.3086 1053.5398 1182.6666 1324.6399 1238.7134 1133.0222 1023.8827 982.198 936.2707 989.0991 1059.4995 1240.1504 1446.1235 1446.2515 1323.7948 1272.8821 1243.0776
1160.8785 954.5368 1011.1346 1196.1399 1039.741 934.959 968.469 903.5699 822.4161 888.4859 974.8903 846.4059 723.9819 726.8435 635.1591 675.3741 704.6735 696.89 647.0416 534.1943 529.4592 516 540.877 605.2122 559.5966 671.055 725.1272 591.5243 609.658 632.8192 717.4091 698.0543 681.0724 710.8749 759.6844 876.6226 1030.0985 1095.3105 1096.7141 899.7411 816.037 596.9198 845.8476 1010.6364 1180.8499 1177.7854 1160.1306 1171.027 1152.7288 1196.9774 1194.3104 1219.4034 1056.6866 1093.2511 1089.9396 1111.181 1234.0333 1153.3851 1086.1088 1126.9346
