MapLib/Lvl1_5x5/BG/Ele_BG_FC.asc
ncols         557
nrows         557
xllcorner     1113500
yllcorner     3337669.448
cellsize      1000
nodata_value  -9999.0
[rows 308 to 335 of 557, columns 192 to 255 of 557]
114.7709 115.3911 114.6198 109.8418 123.7626 131.6294 120.2906 115.1031 115.4966 117.1163 115.188 120.9984 122.8917 123.176 117.6585 121.1909 114.7286 111.2694 111.9382 110.4607 114.532 110.4278 110.5452 107.8954 117.2034 108.3133 113.0575 110.3555 111.227 108.1205 112.1847 105.9405 103.7382 115.0293 111.7456 106.8318 112.2116 103.9014 101.5764 113.4666 116.3959 98.7466 94.6111 104.1404 99.3545 105.7828 117.3877 111.046 97.5364 106.5255 105.5012 106.5906 108.7505 101.9943 108.945 113.917 118.7426 113.1468 119.6616 121.3786 131.0254 128.3883 130.7754 136.3671
117.1259 112.7543 114.7294 113.4851 118.5293 133.332 135.2475 125.866 117.3323 121.917 123.2603 119.3989 122.8014 115.9377 122.4632 126.0079 120.9838 112.1654 116.5056 112.7874 106.6462 108.9821 112.3508 114.4492 111.7476 110.026 117.9987 109.4286 111.1598 108.2537 105.5697 111.8535 102.6003 116.7039 112.3962 118.188 109.3956 116.0178 102.2482 103.2412 110.771 101.1548 103.5684 109.7557 100.594 101.8886 111.8175 114.588 108.2749 101.4402 104.1084 108.2832 108.3066 106.8336 113.3947 117.534 121.1144 123.7316 122.0917 124.5711 123.0173 128.4954 144.1212 137.0785
118.9816 119.6632 127.4581 113.8562 128.0289 126.8757 137.3817 123.5661 123.0866 121.6691 121.1954 122.0849 128.47 125.8851 124.566 122.754 120.4381 122.8958 112.8233 115.6817 118.0707 117.9344 117.5246 114.3094 114.5212 112.4007 115.8184 109.9757 111.876 109.6522 112.6733 111.2592 113.5219 115.2398 120.7767 111.4675 108.3656 113.7158 98.5285 101.9189 104.4815 106.1588 103.6692 101.7204 106.1658 99.0424 111.2254 112.793 108.6252 106.9867 106.9295 117.4949 110.1593 110.6527 105.2399 112.9367 123.3288 119.0514 124.4901 130.4575 126.7487 133.9911 133.5907 137.1125
122.8455 113.8394 113.4535 120.4994 110.2819 123.4419 127.7456 129.332 131.4105 132.2677 117.5051 130.9514 127.3591 129.8306 127.9962 121.9891 129.6826 124.7053 121.4926 119.0681 115.6163 114.4397 112.6613 118.9917 107.7772 110.6803 111.1395 111.2225 110.8335 109.4431 112.4041 112.1249 110.162 116.08 120.0223 117.3077 107.4885 103.4751 107.9925 111.0089 108.6726 105.6707 113.2203 111.0578 106.9739 105.7301 106.194 107.1253 107.7062 108.9874 105.4317 110.808 115.7169 114.597 112.7863 112.6955 117.0341 120.5127 123.2441 121.3699 129.3664 134.5463 147.6514 136.9217
123.5553 117.7602 118.7729 117.2847 117.8145 121.4945 125.8354 133.1098 131.8097 130.021 123.5019 122.38 126.9782 127.1022 129.0903 121.18 128.5476 128.4137 126.9906 116.5658 125.9771 111.4094 116.2124 103.8012 107.3295 113.1616 111.2506 105.4888 112.9653 113.6478 119.2567 111.8104 124.9675 120.5781 126.3174 119.3262 133.6929 106.5173 108.543 115.7145 110.6613 105.9366 112.7193 103.0181 111.554 108.0372 114.6586 113.5645 108.5706 113.7617 114.2444 108.9602 114.1098 114.2 117.8084 120.7982 117.5387 118.4866 130.8255 126.6698 128.3166 132.4231 139.173 137.6713
129.4276 125.6541 123.5869 117.086 119.6004 120.4984 131.4515 128.8055 129.7113 129.9646 128.5803 133.8568 131.5054 128.5187 129.244 132.8155 131.2491 126.1498 118.9886 120.1323 117.7945 117.6899 114.1027 115.0234 119.5926 118.7274 115.6417 115.4333 114.4931 115.3239 116.4665 116.8935 120.4903 121.9389 133.629 115.2151 118.5134 112.0031 110.1779 109.6076 104.5765 106.6193 106.3488 109.1275 119.0678 115.9946 122.3074 119.7177 117.6513 121.1224 117.6103 118.8276 124.6909 129.1969 122.0873 121.4062 117.2339 125.3955 123.6996 124.2184 128.6927 132.0898 133.7533 131.1336
125.4547 120.5455 123.158 122.9257 121.4111 122.9303 122.6667 132.6628 136.1908 132.2054 128.0375 140.0056 134.9252 133.2994 133.9055 124.8796 124.5649 126.9657 127.5544 121.961 105.3532 121.0978 113.7845 109.7757 110.0239 111.2902 110.4613 115.0988 119.1178 123.6845 116.7255 120.4658 125.6347 126.2436 117.8443 114.4427 106.6384 123.402 118.5473 109.2886 103.4371 111.2652 111.8633 109.681 111.9096 115.5095 114.5142 128.8682 124.4124 120.7524 121.1003 134.7446 128.3863 133.1086 120.5372 121.8079 131.814 124.6416 130.4967 128.1104 133.8761 134.0687 127.2665 128.9409
137.9299 125.5671 131.5047 128.5305 119.2851 117.5002 135.2369 130.2812 136.515 142.0457 144.3516 132.388 134.6567 130.0518 137.3805 129.7679 128.5863 124.5692 123.9684 115.0175 112.8594 116.4868 115.335 115.1547 110.0265 111.9027 123.9911 121.2828 123.6162 127.9907 129.8518 117.1942 122.0034 120.7269 117.43 116.7377 111.0316 121.8874 111.6445 117.4686 114.1214 123.0442 125.0906 117.3009 120.4877 130.3116 126.9066 128.9297 125.0673 121.7668 135.1809 128.0708 117.8107 134.5753 133.5988 123.7555 120.9796 129.776 132.401 126.3037 135.0901 143.5197 131.098 144.1489
129.9631 137.4271 127.5113 131.2941 132.3654 128.2733 132.7073 132.8491 145.2701 142.18 143.6525 135.7792 140.6793 143.7947 136.2949 131.787 126.5733 126.1649 118.6128 122.9661 123.0781 125.6732 124.3596 123.8379 120.9073 119.1047 128.047 127.0581 128.7237 128.3014 113.4629 124.4596 124.7793 130.516 139.4888 131.3238 122.4556 125.2353 112.487 114.5758 123.0028 120.8888 119.1292 125.6969 127.3003 127.9728 125.8796 128.0943 126.0404 132.4548 121.8729 132.8034 119.0722 130.1708 135.5642 125.0798 125.3646 125.1322 146.3564 122.1755 126.3976 146.7101 152.4806 148.7599
138.9432 135.3141 137.3865 134.5054 129.703 128.1529 134.7221 143.4085 143.369 146.405 148.2235 143.8951 139.644 139.6198 140.9594 129.6122 121.34 126.2949 133.1743 129.8373 125.6465 128.0293 114.3098 130.0029 127.1107 119.7255 116.5754 121.7888 124.3779 121.2517 128.9626 127.7333 122.9434 135.49 132.0913 138.3998 128.7229 112.7593 127.6116 129.5437 135.3591 128.7712 121.8626 126.5249 131.5379 125.481 125.2515 130.6639 133.0212 137.4221 130.9586 130.67 130.5983 127.1324 140.3369 134.5933 123.227 144.3266 130.4915 148.0734 128.8574 131.5391 142.0081 142.2337
141.6011 136.0814 143.2478 147.8497 136.3886 137.2104 136.6015 150.6423 151.7347 140.6962 155.1249 148.9574 142.4971 145.0607 136.2122 134.1272 127.9034 125.72 130.6769 133.9146 132.3956 126.2236 123.3796 127.4776 124.5642 123.0385 123.4139 126.4464 123.4253 126.9976 128.6261 134.1617 134.5383 149.9176 138.0921 136.6246 133.4937 116.372 128.6386 134.778 128.894 131.6693 124.333 129.5608 128.9044 132.1778 132.5109 129.5734 142.5406 148.3372 142.1135 133.3632 130.5143 155.693 147.0477 145.121 137.9044 152.2958 148.2318 162.8826 135.6806 149.8869 148.2891 144.3721
146.8108 138.1633 141.9276 144.1882 138.5507 135.6081 142.3795 142.3561 149.9021 156.953 140.7012 149.7437 148.7869 140.8909 138.1225 134.5429 128.1245 128.1033 124.0273 124.0723 125.9763 123.0944 127.2128 129.335 122.8215 131.9032 125.5055 125.0699 131.0991 134.2793 132.968 130.8673 136.3825 141.0121 136.9661 127.6759 124.9247 117.5723 117.8396 123.1897 126.8063 124.9662 131.1077 132.1766 129.9904 138.166 139.4203 137.3059 141.3591 136.0023 135.9494 142.4952 151.3374 150.3006 144.3317 146.1835 150.7163 160.4826 151.4824 147.8118 137.9463 141.8493 144.6064 145.9593
153.4667 153.2564 156.4582 147.7479 138.5443 137.9495 142.8841 145.6301 138.7386 168.2981 152.446 153.1891 155.7657 143.3395 137.976 132.7009 135.1962 135.807 127.9731 131.3256 125.1245 124.216 127.9502 130.0929 131.4619 133.5876 122.7459 128.3869 134.4504 127.8125 133.4531 129.9529 134.7382 131.5331 130.7822 129 128.5824 123.6365 125.42 121.2658 129.1922 128.7512 129.6459 130.8156 136.2108 136.0649 137.7875 142.3502 140.9497 146.3015 143.1669 143.2387 152.1483 152.343 162.2391 156.0883 157.1219 153.1108 153.92 153.2507 144.0506 144.2952 148.1343 143.8057
149.4437 150.8277 153.2747 155.3173 147.8914 145.4026 147.3003 151.1465 164.4337 153.4073 150.7263 153.0752 149.7624 145.2048 141.2094 136.9637 141.97 130.2172 134.8353 134.4219 133.9614 130.9427 129.9699 131.9635 133.5614 141.238 131.729 130.3126 133.0249 133.6359 132.7178 142.7998 138.553 142.1091 142.8087 133.6995 128.9855 130.8264 122.4497 135.1645 131.4583 133.4092 130.3401 138.784 141.3127 143.0595 148.3937 144.9246 142.3786 149.2114 154.5731 156.1201 159.2073 164.9701 174.9978 155.2479 160.4145 162.9967 160.373 149.1046 150.0783 156.1066 157.5214 154.0812
155.1632 150.5974 164.128 155.5058 137.1088 158.9267 141.5852 157.3547 149.557 153.7908 178.1387 153.8503 147.8176 149.6307 146.4411 140.0204 145.2681 143.1234 146.7735 137.6972 134.628 132.7932 136.7647 137.0293 135.4105 133.3395 141.3659 140.3765 131.917 139.3232 144.6495 136.296 146.7932 156.2205 139.7413 135.7406 141.4942 134.0479 137.3407 143.4359 137.9269 136.0116 143.0784 144.427 138.413 143.0459 139.0363 148.0673 148.5916 158.7836 156.8727 175.1233 170.6607 188.8413 165.1198 164.8865 164.16 174.7314 174.3264 168.6062 160.1716 161.0587 155.7502 174.5819
171.3749 165.4154 171.8595 165.3776 143.8086 159.0931 153.0937 145.9619 139.9978 148.4614 152.8324 153.1881 150.4214 147.0281 151.431 140.4018 144.5837 154.9992 140.4139 152.998 139.209 139.1624 139.9662 136.3132 141.7599 134.0952 137.9173 148.4385 137.2807 143.0819 142.0246 154.9684 142.2275 154.4191 155.1811 151.6044 138.1035 141.3085 141.7898 139.1413 143.2516 145.0622 148.0065 146.2925 147.2397 151.6261 148.7924 156.9377 157.0593 155.5824 169.6988 175.0018 177.9991 198.0166 153.2288 183.4201 164.566 182.9408 175.1658 174.5634 161.9241 165.7445 172.3761 191.0584
164.867 168.9116 167.0544 178.0241 167.3345 166.8772 163.58 156.716 157.9099 157.1094 169.1645 158.3655 155.0329 161.6885 152.2319 159.17 157.3079 150.2867 156.6196 151.4327 151.7481 136.8218 154.0469 134.1765 142.4888 138.6845 139.6165 136.2365 154.9704 150.9139 152.251 160.0819 155.8492 162.0882 163.2024 150.5994 140.1508 147.9462 146.7483 159.5056 156.2077 152.0464 154.2656 165.6588 159.3093 159.4359 163.0997 165.3258 161.9491 168.1773 175.9689 182.7632 188.3911 186.5707 183.1659 191.2287 185.3346 205.7123 188.9357 184.7968 158.0274 172.2064 177.4483 194.8132
174.7233 170.2938 180.1814 177.991 170.3878 163.1994 168.1931 167.9639 150.5325 168.7397 159.8603 155.5637 161.5931 161.5798 159.0536 144.5913 157.7144 158.7491 159.0248 166.6066 164.0924 155.8001 162.2036 145.3843 140.7304 147.2972 151.1814 158.2912 156.2746 156.013 154.5692 162.4372 162.2874 161.5432 161.7933 168.1665 157.8601 162.067 148.8613 163.3924 163.768 169.7788 180.8206 194.8267 186.8204 175.7494 172.636 181.748 158.8642 174.7649 192.4491 186.1048 205.8237 190.4127 199.3402 198.6513 200.7512 208.0231 201.3296 190.1022 196.1396 209.2479 208.6211 213.5004
182.1322 173.6105 182.8507 192.905 179.9867 169.7192 165.3957 169.7147 162.8393 158.3082 149.1765 160.833 163.4477 163.8637 166.4386 160.3359 167.4138 163.1522 183.0943 172.401 167.783 167.4642 165.8498 158.0007 160.6518 155.7761 163.915 161.7453 166.196 177.4957 171.2715 184.3286 187.4319 173.0949 166.9748 175.7473 171.7706 191.7239 173.6403 172.2558 177.4551 178.374 180.4575 211.0162 186.6149 189.971 193.1875 189.0073 175.0034 183.793 196.1672 197.0686 214.9076 197.9135 221.4955 203.513 232.3278 221.887 215.3543 219.7338 232.9418 230.1051 217.8405 222.9685
181.6833 192.0238 195.9805 182.0693 182.2168 173.9637 173.6451 182.2822 167.9508 169.4412 163.0822 173.3532 169.3516 166.0853 168.3985 162.7778 174.5929 166.9705 183.9017 175.6369 195.0795 172.0113 166.991 164.7133 167.3397 166.9281 168.0607 179.998 180.4693 182.7093 193.2027 189.8792 180.338 176.7906 181.5157 182.323 184.7378 206.1577 195.0304 183.9675 199.9394 192.3324 188.171 214.6383 198.4171 195.3866 233.2341 206.0355 201.4725 215.5131 207.6312 208.9962 208.7841 223.4853 209.5483 211.8484 215.4648 236.9022 230.6111 254.0199 284.5645 307.0489 291.6321 265.2805
183.486 193.5254 201.2355 193.7919 187.456 178.4516 169.8719 177.5139 173.1932 178.3111 171.3874 171.8674 164.1178 170.7136 172.5023 167.8978 188.7854 175.3431 168.4159 191.5768 177.9071 170.6036 184.8426 187.9746 165.3777 162.4238 178.0164 183.6974 193.1109 199.7126 193.6895 201.5453 196.2144 199.0464 188.2192 193.461 207.0083 227.9543 207.2025 211.4931 208.9989 220.5551 209.3436 212.7235 228.8396 218.7738 221.0128 216.5803 215.6456 221.9215 230.5155 227.9158 220.0154 221.1917 228.1983 227.4797 235.6425 243.3751 259.5621 320.9207 411.5363 412.1627 380.4283 330.9561
192.4954 210.3648 204.4711 198.8873 192.2168 186.5457 184.2401 174.3697 176.3978 180.311 186.9613 174.224 186.9846 176.7404 180.5166 183.6469 174.736 186.4754 188.7528 193.2627 182.6434 182.1233 208.8736 183.1624 180.3252 187.9531 187.4718 193.3694 210.821 204.2372 206.6239 218.0995 203.5694 211.0425 203.3246 218.1916 223.238 236.4144 240.8913 242.4989 252.7468 263.7009 282.7185 271.0744 255.3797 254.9222 238.5546 228.9388 232.2072 241.4942 244.5647 233.7864 238.5866 236.0995 228.4417 245.4261 247.33 270.6974 294.4323 379.7176 508.0446 590.0865 674.1113 500.5331
233.8284 219.6151 203.8611 198.5675 191.9625 194.8212 188.5818 180.7183 187.1423 193.0344 184.9167 189.3726 188.5922 194.5516 193.518 201.3891 201.2494 201.8993 202.7647 196.7098 192.0572 197.3691 205.1685 197.7794 190.463 217.4297 225.1174 219.0501 223.1408 231.2707 226.8702 224.78 232.2962 233.8102 245.0862 247.8884 263.265 270.1591 285.1426 348.495 347.478 333.4948 343.9812 322.6894 296.9397 267.4276 265.9231 280.6092 263.7703 273.2352 279.8389 278.0023 270.3584 270.9827 250.2102 247.0998 246.4018 270.2946 298.771 369.3851 441.4385 527.7532 601.3271 681.4255
229.2821 215.7239 213.6862 203.502 206.4902 204.3407 204.2076 193.9981 190.9969 199.1991 185.7371 191.2585 200.5292 197.1526 190.4012 194.8398 206.1122 211.9863 218.2925 208.0411 203.8169 245.6262 195.9304 191.3258 204.0742 212.6017 219.4316 240.8416 239.5224 260.7582 253.6067 238.2354 257.3346 261.8008 264.8328 292.9805 319.7415 320.3735 408.0776 621.0874 554.1558 625.997 617.132 367.7823 302.1767 308.763 324.5118 339.7122 333.7876 325.76 300.9342 281.8319 295.6703 269.52 262.5786 267.1977 274.9684 296.6708 335.0043 459.2037 460.8537 399.9906 482.1877 658.8343
221.403 229.9402 222.2424 211.038 217.5203 215.1203 213.5551 207.0782 207.1353 200.0996 201.029 196.3916 201.5591 206.4824 196.6014 197.3035 223.0744 224.3389 230.1521 210.776 226.1022 224.8888 208.4028 215.5144 220.9657 246.6268 254.1709 268.329 255.6065 286.6132 263.99 264.1334 285.3426 308.0265 350.2039 409.6455 519.1951 506.6646 621.1138 694.5078 677.7368 635.9559 441.6678 342.8405 474.9658 492.7331 599.4153 494.4272 353.2519 330.1282 325.1729 319.3242 304.4147 271.8752 261.3882 274.4951 281.7701 309.4954 348.0727 373.7263 366.1521 419.4879 586.0297 690.2122
226.6378 230.0264 229.3449 223.1076 223.7492 236.299 230.8652 223.1853 206.1452 213.8425 198.5369 212.6617 206.5056 218.5364 226.1856 221.8901 228.4807 225.1171 222.652 237.3048 240.2652 264.6757 235.6654 241.8636 247.8635 283.6191 329.3313 355.9462 318.7792 291.7646 281.8545 298.3898 326.1379 374.2158 385.978 638.7017 680.9227 679.3019 677.5747 697.4894 678.6606 493.3433 503.7353 622.2846 642.4221 586.4706 499.5734 390.5873 482.4952 546.756 482.5055 377.9383 306.5774 280.1761 280.6726 291.0216 298.1847 298.2907 321.4254 332.4512 383.8849 508.0125 645.6742 692.2234
239.2121 230.3503 240.2975 231.118 240.1128 244.9865 233.7237 219.6359 222.8628 228.9302 222.427 224.5431 237.6024 231.6488 241.7025 237.7206 227.1931 244.4372 252.5806 246.7992 252.5695 269.5205 276.1631 268.552 291.2957 338.6758 430.9957 590.2518 425.9162 333.5738 302.8911 352.8225 461.0835 599.1953 505.9169 648.5493 683.7947 685.8815 681.9034 668.9204 664.0422 652.9428 673.9395 653.9878 568.0055 547.5666 560.0311 606.1836 589.2035 450.8208 414.4617 346.2653 303.883 295.0847 307.795 311.7312 326.6536 323.4299 329.7346 360.8647 521.0128 671.8904 686.4517 685.2928
246.7544 242.3662 240.6564 245.6266 252.5621 249.5024 231.6997 239.7735 233.0884 237.766 237.1643 235.0792 240.7875 258.173 264.7661 262.7548 243.9555 249.2627 264.3966 263.2678 292.8419 317.8142 350.5711 352.9864 345.798 391.7429 593.9569 671.9139 494.783 346.3391 329.8863 433.7263 638.6962 660.2087 623.6649 680.0172 697.71 678.9891 677.9515 685.7907 701.4961 694.3133 653.0164 634.9216 641.8844 640.4907 632.9841 603.388 491.2251 433.7705 394.9773 327.2597 325.8744 328.9897 351.7798 438.6549 470.3637 407.4847 413.2863 526.4993 548.9214 668.7529 685.7352 673.5173
