MapLib/Lvl1_5x5/BG/Ele_BG_EE.asc
ncols         557
nrows         557
xllcorner     2227500
yllcorner     3894669.448
cellsize      1000
nodata_value  -9999.0
[rows 81 to 107 of 557, columns 122 to 182 of 557]
383.1579 274.5208 309.7368 342.1913 411.6512 243.1372 233.3656 281.2201 319.5644 336.9003 387.0057 470.6053 524.5665 594.5162 769.2509 818.223 1025.2334 1172.4624 1258.111 1307.5903 979.3416 719.423 545.9886 646.8049 620.6187 566.2792 559.3517 583.4741 536.2422 580.8524 497.8052 460.6954 392.076 362.825 429.4724 500.798 677.3785 872.9033 1076.087 1558.2909 1406.6263 1079.9285 944.8795 799.6475 989.3906 1315.5142 1315.7617 1045.0361 980.1545 1328.47 1466.2323 1517.483 1420.1489 1311.8279 1373.5209 1198.9636 1342.9556 1610.9567 1555.8583 1459.0454 1293.9388
236.2533 178.8036 240.1219 339.7401 388.9525 237.8089 335.6302 384.1469 462.1015 544.026 426.3057 524.2501 524.9706 633.3748 827.4391 842.7944 1017.1683 1290.8469 1445.4608 1593.1029 1158.1791 799.0351 594.0609 534.8058 578.145 533.2799 563.9933 503.923 517.2102 441.1365 413.0636 435.4461 384.4708 455.4713 440.5173 559.5994 758.1039 998.9118 1154.8131 1357.8694 1556.439 1184.4225 1134.2954 1044.7603 1007.595 1381.5544 1530.4406 1094.3197 963.1191 1109.5352 1227.1573 1525.9235 1616.9174 1610.1328 1600.554 1346.9448 1426.0887 1402.4382 1325.4319 1588.7058 1442.6768
216.9547 218.8249 218.0789 167.3602 234.8197 237.2204 271.0764 339.7812 494.8902 583.8067 602.5732 692.1046 675.5197 711.0297 885.2903 1011.7412 1024.4723 1250.2427 1577.8846 1708.5985 1285.5588 853.6299 625.5928 442.8423 474.2505 448.7785 487.6505 465.2542 396.2395 351.1097 386.9956 485.5252 598.9124 684.3752 623.2898 540.4774 636.8196 792.0573 1173.792 1396.847 1666.7511 1485.3041 1376.356 1354.9413 1339.476 1584.2959 1705.5771 1403.8905 1110.3002 1338.5085 1479.9609 1631.3314 1775.6193 1713.4767 1626.3428 1516.7509 1494.6997 1209.7046 1256.6493 1454.287 1578.5482
352.2804 338.5757 295.3293 287.5761 174.1666 194.1976 317.7138 317.9875 405.3484 495.8532 593.1008 663.0106 698.079 700.6741 894.3669 1099.8157 1225.4463 1221.0824 1407.6849 1644.6105 1194.3395 848.2692 636.2628 505.3755 407.6581 416.7212 427.8879 407.463 342.5965 357.5035 621.666 788.5812 876.9601 1059.1465 927.2159 723.9 680.0642 817.812 1044.4489 1354.9559 1726.9166 1573.2101 1539.5499 1357.4338 1307.9366 1495.7809 1647.1783 1504.9681 1323.3092 1489.4949 1760.8875 1814.2426 1563.7943 1448.6049 1262.1188 1195.0804 1446.3055 1178.0173 1126.6176 1451.3214 1591.4329
420.372 376.5598 358.7426 324.2221 310.3816 195.2453 216.9176 431.0817 352.3725 401.3557 557.3359 634.592 712.214 751.4702 794.6129 1002.2234 1347.2421 1457.0195 1582.547 1513.3904 1073.1713 789.4585 635.2183 539.4112 405.4455 367.0738 380.7947 381.5363 334.6001 437.3758 635.0959 930.3697 1152.9124 1371.798 1308.7301 1100.1541 873.1865 810.2183 1077.3403 1511.0807 1425.198 1224.7805 1095.6552 1151.2515 1391.1953 1633.3176 1672.8619 1761.6 1749.0015 1700.6848 2043.2651 1687.3029 1398.8971 1177.696 1065.6938 991.5938 1218.0059 1181.6733 1022.3706 1312.9386 1668.9119
400.7492 449.9163 414.5335 275.8293 256.0473 346.5307 280.821 290.4558 436.7837 399.7794 526.7693 711.171 829.5224 822.5984 774.788 921.5059 1026.6808 1278.6692 1524.1353 1615.7429 1117.6591 911.0999 699.2574 629.0936 621.1399 459.2426 357.5127 326.114 448.8924 468.7338 596.5886 790.1047 1070.2776 1055.6857 1258.9342 1297.6381 1030.741 885.6855 997.192 1091.0992 1027.4286 1197.1074 1517.5426 1401.8892 1147.522 1301.5985 1628.9056 1850.6122 1851.7961 1748.1002 1912.6163 1805.4861 1489.7253 1348.5011 1189.7089 1035.23 902.2789 964.7385 1031.3467 1196.2772 1252.5831
497.721 471.8227 397.9181 387.8564 337.292 324.1739 393.6602 299.709 276.8201 407.0599 449.0756 589.4802 605.0564 640.7042 770.049 852.7253 881.0728 959.5629 1297.3051 1532.7623 1254.229 982.7322 918.6447 950.3804 724.6301 479.1199 360.884 358.5115 461.739 531.228 658.0485 724.5693 802.9772 813.7581 1049.5569 1243.0005 1139.0652 1030.5927 1089.8041 944.1022 1270.7943 1500.3192 1679.6479 1676.6628 1476.1237 1391.1353 1533.1167 1743.5154 1741.2791 1376.6976 1627.457 1508.8094 1725.2487 1694.9978 1474.9535 1311.0919 1100.2084 934.0712 1072.4014 986.0451 1064.4802
539.2191 544.105 527.0389 441.6684 470.1367 428.9818 352.619 334.4994 303.305 444.2109 433.7019 502.2947 725.7793 856.1852 844.1194 981.4532 993.3401 1134.4581 1174.2094 1380.0656 1379.4363 1134.3604 952.8984 1069.0342 896.6816 666.022 513.5534 355.7517 482.5033 571.8115 608.7969 685.1141 611.209 680.7202 892.7444 1077.3859 1073.6431 965.1389 937.5275 1038.0757 1042.9344 975.6654 1066.4012 1223.2314 1441.7888 1700.3845 1731.0444 1901.1068 1512.4835 1221.2317 1179.6943 1406.6304 1464.6371 1650.0122 1408.0953 1169.6112 1012.8455 820.5876 1168.5693 1221.0511 1256.5679
470.1612 431.3018 471.5933 541.09 516.1508 473.0329 427.2191 377.2887 309.7398 351.4563 461.9306 533.0829 568.2811 725.103 884.0304 974.9978 862.6481 1078.0405 1260.3616 1288.4791 1264.938 1195.6118 1106.4774 1308.0032 1063.7489 773.9744 609.5092 441.3305 326.453 472.1647 524.2863 669.6013 581.3583 586.6885 603.6728 673.9594 763.77 946.2739 945.751 974.2877 823.5181 779.0471 742.126 992.2986 1084.9507 1389.6169 1692.8407 1533.1503 1616.0433 1391.0964 1083.9376 1072.7926 1192.9606 1335.8889 1488.3745 1308.0411 1041.5385 864.7249 928.4528 1116.8074 1048.5023
363.0946 469.2017 573.1807 586.3597 559.4181 578.7647 536.6229 425.9737 360.5169 422.5564 488.2315 536.2564 621.9059 703.09 846.785 937.3275 804.0684 913.3481 1175.0499 1287.0125 1221.6199 1190.0077 1173.2067 1283.4902 1123.8521 912.3188 714.8179 536.9926 439.0202 366.7894 469.8651 512.5002 479.0995 461.4703 398.1409 433.0372 592.2798 621.1013 645.2455 663.3938 613.4074 681.8348 767.0457 757.0933 837.8941 944.6812 1122.2098 1284.9047 1292.5952 1548.5029 1599.8998 1267.0276 961.6147 1088.0702 1354.2001 1423.7681 1248.7803 911.2544 785.6192 993.0256 966.1918
461.2091 562.1526 589.8505 513.3533 430.7003 522.4637 626.7227 520.822 465.3307 391.6893 420.1306 526.252 506.7051 602.8113 659.5174 710.4488 796.7342 840.4002 1022.9478 1225.328 1146.9398 1139.9912 1208.7168 1415.6316 1499.1681 1297.72 1021.0167 752.8599 519.6476 386.1568 330.7588 359.437 372.2814 387.0898 415.3065 447.5601 431.7338 530.2708 518.2236 563.1304 803.0659 918.6497 1029.7213 1080.4531 1031.8151 904.5675 999.0707 1240.6215 1377.2112 1343.2943 1520.3542 1265.4431 1084.533 944.2609 1080.5629 1275.3016 1111.9868 876.0665 755.5725 1207.4468 1305.1952
480.1917 543.778 519.0651 395.7274 412.982 552.9589 531.1379 592.7675 582.0403 529.2144 437.8486 407.9093 424.641 535.783 653.6179 810.676 909.1253 781.8009 904.2184 1127.1223 1204.0861 1145.8984 1226.2792 1441.0665 1548.2411 1483.756 1267.6487 1049.7439 788.5123 567.8835 432.6662 360.0554 335.1398 388.5296 495.4266 606.298 581.5308 879.3767 877.0379 729.0103 702.3412 919.2649 1145.094 1332.2015 1227.1873 1194.0862 1178.2139 1180.6322 1571.0852 1628.8477 1749.799 1500.5165 1373.908 1069.8557 780.1984 884.2018 998.0366 778.8693 883.8354 1207.4548 1570.95
374.715 506.5343 415.8176 306.9056 489.9445 512.5762 413.0162 502.2925 602.9416 568.8572 569.3354 574.6591 558.4373 512.5805 470.7146 533.4174 740.8831 849.4785 923.2134 1061.0227 1322.5135 1243.197 1284.9696 1467.0636 1673.0077 1599.7648 1454.6437 1239.1829 955.89 831.296 616.1772 402.7166 353.8561 530.1716 747.5489 721.7062 722.6732 922.0526 1194.1169 1148.817 869.8935 827.2072 971.0232 1183.9254 1243.1945 1232.3843 1462.5571 1492.1832 1754.0994 1635.5962 1274.4623 1194.1305 1122.3398 1293.2262 1142.7129 946.9634 745.2336 785.7711 1134.6077 1259.5034 1344.4216
466.6964 475.6443 294.5529 350.4875 496.9098 385.499 401.8746 535.9088 511.6296 435.0932 495.7666 548.1765 600.7892 638.4991 594.4131 576.0302 701.3115 1004.2935 1065.3357 1083.0737 1495.1697 1267.2668 1373.4818 1410.9408 1543.2482 1731.0255 1573.8955 1453.4539 1186.0177 1037.3823 720.6606 493.935 348.4551 462.1214 580.7502 689.4008 655.1339 693.4185 829.8785 1255.3983 1103.8685 891.3007 851.6357 977.2773 954.6921 1128.3517 1388.4535 1723.5966 1958.8417 1732.2048 1253.3376 1128.8782 1092.7643 924.1085 1318.3516 1237.6595 919.5982 700.7775 1007.4247 800.1041 918.3713
472.8626 306.4958 259.5113 376.211 388.8394 315.9713 363.1357 440.1577 322.772 366.0382 451.0812 567.1389 528.6689 555.8571 638.7328 657.5986 699.0148 930.4407 1130.3018 1080.2314 1281.3293 1416.2206 1393.2391 1399.1016 1427.4723 1520.3339 1612.7549 1543.2128 1356.5963 1148.3429 950.4351 651.3846 407.5168 406.1465 464.0629 509.4432 686.2977 606.3134 802.5309 1174.1483 1165.1221 824.9422 717.1533 810.7112 941.3083 1057.8083 1285.4506 1483.1681 1583.1295 1763.3176 1395.2119 1101.2844 885.9091 699.1494 961.4233 1311.9751 1057.4572 707.0392 631.6428 852.7372 739.4546
315.7361 204.0336 182.5358 208.493 213.0821 296.0685 332.226 308.7878 406.6713 475.5163 421.8267 462.0813 529.5421 576.8082 620.0358 732.2943 941.5259 1304.3351 1337.2151 1353.1293 1258.7098 1172.7081 1094.3387 1380.7836 1358.2634 1389.9156 1483.4403 1568.2048 1420.1642 1263.5259 1016.3763 836.3179 565.449 340.4225 424.0695 423.7613 445.7628 534.9331 665.3853 861.0366 765.9024 627.9017 582.5419 690.3541 847.2528 1024.8878 980.0508 1180.889 1533.9198 1837.9941 1671.291 1275.0137 1286.7325 1078.8385 738.5446 973.94 920.0572 622.5925 899.4736 1107.3456 883.838
151.16 249.8666 410.7662 383.4212 368.9424 440.3759 445.264 481.9039 563.0264 586.6686 565.1634 560.7524 574.5812 631.2338 554.3163 693.5758 943.962 1202.5028 1353.9723 1248.2843 1079.0863 983.1157 1011.4306 1020.5975 1335.4233 1359.9048 1379.0836 1458.1573 1478.0557 1336.704 1156.8712 1023.6224 751.1996 516.3048 375.0815 372.8119 338.1944 501.2152 573.8882 580.9558 542.9536 513.8277 541.1394 694.6531 860.9807 904.6512 841.2175 987.5776 1309.4506 1680.3296 1876.3638 1619.0732 1443.3153 991.0226 685.7219 677.0156 660.354 781.519 997.3674 1299.795 1103.4385
158.001 312.9356 421.6917 483.6914 468.054 520.1951 535.1073 650.5728 717.8462 737.4871 707.6946 689.5545 696.1415 600.6963 505.053 579.3578 743.6435 837.6561 939.0373 1036.7577 1036.762 976.1431 990.7369 1124.9016 1266.4005 1240.0193 1226.3905 1303.9006 1370.431 1265.5112 1140.9294 1032.2788 840.077 590.9968 402.1971 328.2876 273.3685 499.0594 451.2755 435.3596 478.8175 557.1682 690.6041 726.4088 885.5223 740.1974 724.3994 766.9667 932.5579 1201.7451 1619.2833 1510.1805 1497.1089 1312.7546 895.0401 528.0059 916.322 1112.5439 1248.4152 1320.3452 1436.0123
215.1878 241.12 239.3137 246.0151 381.36 512.3637 586.0894 652.9187 659.0163 631.5798 751.799 745.6993 736.5873 674.5515 579.4376 460.924 522.4316 536.2795 563.7416 695.7657 1018.2216 1095.2753 1192.7185 1247.3203 1111.5778 952.141 973.0629 1124.86 1353.9811 1272.6182 1128.1198 1014.0869 892.7976 698.8175 445.8741 321.3005 277.7932 399.6825 410.3658 557.5443 542.6367 562.9266 566.222 641.1082 654.4932 623.6036 683.9306 752.9642 960.0076 1250.2366 1583.4718 1234.5236 1161.4606 974.6879 730.1473 506.6458 992.0721 1159.551 1077.7783 1109.1084 1239.3275
66.0002 133.0974 166.0237 212.5866 283.327 403.5696 578.6199 533.0621 531.3716 612.7191 715.5908 639.834 573.6239 547.3511 497.7072 477.5006 418.4795 450.0804 504.9133 662.8092 1063.6737 1223.7344 1354.1473 1500.9614 1168.9238 913.8683 1128.8762 1313.286 1445.8781 1239.391 1070.9546 950.9168 861.0963 718.4859 560.056 353.0418 361.7118 400.3565 439.0388 531.7803 502.4438 567.1827 477.3786 530.5666 558.903 744.0316 775.0075 811.1357 991.1254 1327.8573 1139.9288 922.9122 890.5339 806.8786 550.0144 571.8833 625.9276 736.0776 769.4388 809.1407 890.2209
61.702 124.9014 164.7005 204.2242 292.4161 329.5893 425.1761 386.2128 515.9534 627.667 753.6672 725.5375 634.2219 534.4148 579.2949 567.8191 480.8576 383.2752 468.3868 575.5338 856.1337 1166.3246 1326.4001 1504.2803 1218.5796 962.8101 1179.6445 1290.3339 1330.5564 1210.1182 973.6499 840.9579 760.8901 644.7117 377.1091 445.5897 484.1212 543.7004 636.9164 684.4762 560.722 444.1418 421.6766 452.3712 559.447 711.7101 884.9792 939.5171 985.8571 1322.5115 1238.8922 1050.0067 824.444 661.5574 529.8776 714.748 914.1107 1008.1342 938.2032 1019.9019 1134.1285
134.2363 137.0199 244.9923 222.9321 201.0623 323.9139 310.2967 394.1086 510.7233 591.4464 745.4779 708.6764 606.9763 631.3344 761.772 710.0236 580.7846 474.1768 356.9329 464.6081 560.2238 872.86 1246.3145 1440.4388 1215.3695 1182.5604 987.9789 1067.7241 1187.8746 1183.3662 897.7372 715.4808 669.1935 530.6825 376.0255 463.2384 456.83 472.6367 475.7864 602.5986 598.9352 401.6309 440.127 554.6701 584.0958 768.894 719.9653 783.4293 996.3759 1300.076 1400.1876 1288.8157 1090.4982 921.7396 694.1846 496.7792 754.8236 1075.8059 1197.4222 1175.6686 1407.936
99.5407 153.6499 187.5778 382.1776 353.7958 321.972 273.6735 338.0898 441.7807 478.4431 576.0143 667.5824 659.7722 757.8622 671.0099 577.941 505.8026 382.1264 381.325 361.1111 531.9254 863.0698 1292.3876 1408.4464 1391.7074 1275.5391 825.3217 786.2592 824.933 1071.2112 889.4492 659.3614 568.8682 453.4204 376.9984 451.7132 407.1839 364.2846 381.7694 453.6681 459.0914 445.9719 426.278 464.0435 530.6881 575.2243 660.2155 751.9057 935.1504 1081.934 1097.7928 1044.5496 877.8856 820.9778 720.3001 526.0272 560.1915 861.9235 1022.9331 1074.2882 1358.7388
59.7481 248.4751 200.335 256.6313 448.5732 436.8647 369.2318 310.7071 358.6292 459.1046 582.7084 594.1339 769.5287 829.9868 662.1981 539.3283 478.2976 547.3333 404.388 327.2895 436.3801 776.2806 1043.8666 1108.941 1358.4167 1350.7186 995.3117 838.1189 797.3979 806.4482 869.0278 526.0739 285.0944 277.7799 274.3629 387.2136 421.6336 352.6948 310.7587 352.7408 370.5484 413.281 414.5535 451.4401 539.3511 659.5284 698.2628 798.9755 710.845 837.3003 937.3035 924.6434 706.5199 578.9156 524.2651 532.1152 926.0021 1125.6215 1096.5793 1407.83 1499.6036
-1 36.2722 244.1069 355.9471 363.5728 459.9792 511.9648 444.3317 392.3388 398.7369 432.6742 497.9075 650.7055 808.7915 696.1559 719.6622 620.2274 539.662 428.1964 366.101 307.9463 427.9966 588.1753 712.9132 977.1986 1341.088 1155.3085 859.1169 912.6821 754.0459 453.244 275.0997 428.1242 458.5868 467.6594 501.637 525.183 460.4898 397.3731 377.0209 498.7845 552.2504 428.916 469.8075 535.4443 611.5098 567.4311 638.665 630.4683 602.046 832.1531 958.9443 951.6017 653.6142 484.2469 674.732 710.6414 953.3021 1020.3406 1335.873 1257.6016
-1 28 86.4649 298.3308 303.2359 312.3768 423.3551 587.3463 603.0825 476.0396 518.6401 590.4753 705.932 851.6742 766.9042 642.8025 582.1711 453.4942 425.3314 455.6185 376.8358 309.856 401.9487 449.7657 649.4598 976.053 1203.6377 978.5386 754.4583 474.4194 320.3697 437.8318 555.612 482.3361 447.1459 481.8597 519.5934 547.3372 550.1537 569.4805 662.9382 666.3164 575.215 563.0808 532.1554 546.9589 596.0662 615.4495 556.0634 524.6526 628.304 848.6782 858.8027 649.2364 433.7252 718.1871 1027.6161 1171.0402 1128.5157 1363.8055 1221.6237
-3.6423 -1.0226 16.4876 155.9311 310.3686 283.4255 279.1959 459.368 619.2652 633.354 581.3328 657.4575 765.9757 829.8632 769.8856 664.1796 592.8938 609.7019 585.7431 472.6027 367.8381 371.1834 301.0153 303.1884 328.7502 492.8218 818.047 742.5592 812.6913 455.5078 526.3124 551.8851 334.8396 374.5605 394.2873 414.7749 523.5238 574.0058 586.3116 455.4708 512.9761 675.4303 627.139 617.7006 448.1042 494.0477 503.3183 486.5558 465.7964 450.9042 592.8671 605.8905 542.1622 493.0399 373.4658 527.3041 756.6511 842.3992 1053.046 1325.6282 1634.2286
