MapLib/Lvl1_5x5/BG/Ele_BG_BF.asc
ncols         557
nrows         557
xllcorner     2784500
yllcorner     5565669.448
cellsize      1000
nodata_value  -9999.0
[rows 420 to 447 of 557, columns 315 to 377 of 557]
181.0128 188.3623 182.2903 181.6614 178.0586 178.3484 188.6775 185.6768 181.2746 179.0909 176.5125 175.4059 175.9733 182.1301 181.9341 183.0738 184.1375 181.007 179.5619 188.6292 198.9043 186.6568 178.6771 180.0297 179.3826 183.1117 200.9396 206.5101 196.3969 192.1785 194.3679 173.76 175.3306 173.9267 176.153 172.9205 180.869 190.4911 190.1431 187.8047 179.4949 178.3241 177.5124 182.9233 185.1418 191.0815 188.6992 193.9768 192.7137 196.2098 196.0796 191.8025 187.8253 195.6013 186.3604 183.8683 185.2065 197.0371 186.9023 200.3082 198.8601 194.6574 192.6337
187.4676 186.5728 184.5225 178.7736 169.8062 172.9508 173.8619 170.8657 180.5771 181.4299 182.404 179.9584 180.8718 178.2749 181.9174 191.7504 185.5346 188.1972 193.5784 182.1437 177.6885 178.9915 177.278 184.074 176.4949 193.9217 191.3836 184.6945 181.1401 178.8432 177.9827 174.7477 177.3167 177.2242 176.5168 173.7484 181.703 173.7871 184.4301 176.5297 176.6369 182.7639 185.2969 189.4647 178.9037 177.9941 185.6911 187.5991 197.4049 188.4896 188.1057 187.3069 192.9843 186.476 189.9976 192.5223 202.2465 193.2307 191.5966 184.3666 193.5001 198.5697 198.0709
194.4084 180.0525 177.9678 178.3209 173.7938 174.128 173.0085 184.5511 185.6433 191.3314 189.8117 187.8816 186.2562 184.8872 184.312 182.4229 197.606 185.5603 191.9828 187.485 185.6815 178.8977 179.2969 188.487 187.2091 202.8775 193.2684 174.5005 178.9654 177.219 176.5847 176.2758 180.7787 178.386 178.1116 181.2314 179.7588 171.6721 174.0237 175.4181 176.2375 177.777 190.6674 177.6959 179.0767 180.9137 182.059 191.0113 196.831 191.2697 183.2331 179.4871 184.5751 192.841 199.5372 184.9793 189.701 186.4762 185.0047 188.23 188.9171 188.7187 183.0191
195.5004 188.2531 184.9344 176.6161 177.2675 180.7126 186.971 182.4904 186.2558 190.3468 197.2009 188.8304 191.3955 192.6813 195.1897 188.6814 196.1193 182.126 183.2035 182.9759 178.8715 181.7862 187.5091 195.1109 196.3465 195.9862 185.3776 170.2939 176.4304 174.2358 170.5543 171.0807 175.9644 170.2547 175.1235 177.5932 183.0796 172.7865 179.073 183.2795 193.8694 182.2711 191.6234 185.3503 189.1772 192.4765 190.0494 187.6922 196.7112 188.2041 185.9084 187.2002 181.2852 187.1591 196.343 192.3855 195.4759 182.3319 184.1102 183.7083 187.6111 193.6086 191.5806
190.7754 202.8336 194.9872 189.386 172.9187 175.9051 193.1587 199.4612 192.984 185.6806 189.8081 188.5117 188.3757 193.7938 210.3273 208.8361 204.5202 184.8086 177.9178 176.4149 180.4796 180.5914 195.7427 205.6781 211.1704 192.5729 170.7908 170.1266 170.9361 170.4701 173.0719 169.3721 169.2831 163.8238 169.7811 179.9496 188.4695 181.3081 183.7771 194.8427 186.7114 181.7095 196.7955 191.6511 192.4269 193.1088 200.7799 185.3822 206.3632 199.5843 194.1472 195.4622 198.0501 193.3642 189.7905 192.8396 201.2569 184.223 181.1571 178.8442 186.8365 190.8285 181.6507
193.6479 190.6585 186.555 185.3631 177.2577 178.476 180.8045 186.7651 194.7066 189.7637 187.3136 195.5434 196.6561 203.4623 223.3926 202.1859 200.2606 186.1242 183.6283 180.5971 187.4224 189.9469 202.9294 208.096 198.4732 182.5059 172.1987 190.1926 188.8319 181.7016 171.6821 172.5643 172.8015 171.804 176.1489 178.9949 179.2796 192.4976 185.3842 184.7806 189.7705 196.2787 192.6299 195.4729 195.4534 192.2741 195.7937 190.7316 190.6571 193.651 199.6237 193.6032 192.956 194.8915 183.5488 194.9675 186.5114 183.1374 183.8878 184.9981 186.3488 186.7201 184.4159
196.2408 184.2524 180.2169 175.7538 178.2333 178.7505 181.7677 182.9144 178.9804 181.9183 194.4263 194.3555 196.8025 199.2657 201.4383 218.0252 220.0426 214.3948 192.6845 186.6192 186.1481 194.6604 208.1045 196.5732 188.6327 189.2218 190.1454 178.9567 170.9126 183.2234 174.4285 170.6721 164.4832 177.3813 185.332 182.7451 179.913 176.121 190.7693 192.6357 186.8526 193.7963 176.5315 177.8324 184.7406 189.7512 193.353 187.9232 190.0004 190.4973 189.352 192.6671 196.4163 187.7927 183.4819 175.3143 177.0174 178.7169 178.646 174.2446 172.3595 182.6669 181.8126
182.5553 183.6544 180.368 179.137 176.9615 180.2163 179.8914 190.7546 189.3498 193.8783 190.7003 194.1635 193.695 203.8907 211.2004 224.7871 226.0465 209.1521 196.6709 183.8311 201.9896 208.0485 205.8498 191.8646 187.3312 177.4885 177.3423 173.2541 173.4703 172.9662 170.8894 170.3671 174.5913 170.4692 165.3734 171.0592 173.1981 180.2128 180.4881 190.6129 186.8489 188.6961 179.4368 178.9118 186.9921 189.785 181.8851 185.3001 180.7938 181.1379 186.9378 190.7445 185.6291 191.3534 188.4822 182.3124 186.7206 186.7354 184.7482 185.7532 177.7077 172.6593 174.1884
180.8197 180.4801 179.1893 181.0163 178.6965 179.1317 180.834 184.7535 190.0016 193.1718 199.0337 196.2969 192.2036 200.12 205.8636 215.3232 219.8341 205.49 205.7058 202.1828 200.4031 215.8448 201.3282 191.9016 182.8685 175.3912 178.3064 175.6948 175.9866 179.0478 173.4211 170.0911 175.8105 173.8634 168.7781 170.8799 177.3517 176.5645 179.2005 179.2187 184.8813 178.5574 171.4482 176.6074 172.2772 179.4633 182.3241 188.3518 196.2012 200.1588 194.6127 201.1276 191.2163 190.7559 183.9769 191.3836 186.659 189.6322 179.5323 185.1885 175.7943 184.6134 189.8682
183.4919 181.2656 181.9867 182.4502 179 178.7783 178.7211 179.8904 189.5038 193.9927 185.5588 192.7002 204.2089 199.5212 202.1049 217.4685 228.8629 218.7617 226.5427 211.9691 217.3761 209.0914 195.0614 180.5533 180.3517 181.7112 186.6394 186.6483 183.332 195.3927 178.4822 188.5323 185.6772 178.4754 186.2644 179.0703 172.677 171.1102 168.4466 163.718 169.1686 170.9681 178.0056 191.2154 177.1423 179.7002 182.799 186.0821 198.5408 182.6824 200.3217 202.3391 203.7229 199.2687 192.9355 196.8689 198.6358 192.2219 190.6298 185.6251 174.3889 180.407 185.8695
183.2542 182.2888 180.4339 181.7197 187.3 182.9332 185.3723 178.4695 182.4307 181.5193 191.3242 193.6794 195.5947 193.6783 197.2043 212.8656 213.1922 217.8421 219.3358 205.6365 206.9253 203.6218 181.9716 182.2981 176.5765 177.5166 176.3398 176.3686 175.6603 173.8206 177.4181 170.7929 186.2067 196.3826 191.7563 199.0615 187.6165 174.6887 173.4366 168.9324 171.9446 170.0137 167.1818 171.6152 184.1335 189.4563 188.8558 190.3635 181.3439 178.9398 180.2696 179.1831 199.5799 198.8612 201.2705 202.0617 199.82 195.8584 193.7707 198.1901 198.0692 190.9682 193.9007
183.9503 182.6891 183.2294 184.8918 190.0787 192.4127 193.8686 187.2269 179.8881 179.583 183.6378 191.2156 189.0609 204.9234 203.8462 214.0389 195.973 203.5129 193.8367 193.7423 190.9324 178.5995 180.6832 177.1699 176.9557 178.6259 178.3708 175.481 175.1342 181.3361 181.3946 190.8733 193.0602 189.0172 188.8914 198.4332 186.4937 174.7697 174.5046 172.4236 171.1524 168.468 170.5092 168.3896 166.9711 169.303 168.1823 178.7147 188.4794 192.3864 193.5122 186.0673 199.5864 200.2905 194.8555 195.8746 197.4464 205.0749 202.619 199.7972 190.2013 193.7797 189.5312
198.2286 188.6047 185.0146 193.1042 193.6645 194.0432 194.5477 192.8147 183.0792 187.65 182.654 185.4252 190.9003 189.8308 203.3313 209.5907 218.8248 198.6101 197.4956 194.3888 176.5668 177.9159 181.5535 179.3297 176.9506 175.0928 189.4354 186.6857 193.8259 189.8626 181.5902 194.0053 200.505 191.7036 188.3204 195.0713 183.7215 186.578 179.693 184.861 184.7874 177.7028 168.0752 169.2345 170.7357 178.2794 188.8985 179.8425 174.3554 179.8794 193.9185 182.5958 175.7526 178.684 191.2429 197.82 210.6512 206.6294 199.5256 193.9987 201.157 203.9009 187.9255
208.2547 205.3586 199.0447 198.0669 199.2208 187.2866 187.9404 187.171 185.1726 181.903 182.038 181.7925 182.9503 185.7547 191.0017 190.4659 192.1672 187.9169 189.0396 183.9543 179.724 174.9092 181.0667 174.8652 176.9628 181.063 183.2756 186.6189 185.7164 181.1382 178.9521 184.1281 194.0511 192.5302 188.9881 192.715 192.2833 188.9924 189.9338 193.5975 195.3578 186.5251 164.2918 171.1821 173.6884 171.0194 176.5434 184.438 178.6437 176.0139 174.81 175.4666 177.7402 183.7548 197.1696 205.071 202.897 199.5117 193.2483 201.0822 194.3074 188.3397 176.5619
207.2912 208.4306 193.691 191.1489 188.9207 184.5948 188.9397 195.7657 184.0058 178.6355 183.6502 181.7749 182.2583 185.3201 182.94 182.9479 181.508 174.9154 181.1347 180.4502 179.5754 181.2138 178.3489 180.8938 180.1652 183.7601 183.9458 186.23 182.3343 178.0654 180.3611 187.8015 187.4381 194.7079 186.9223 188.0304 182.2827 184.5259 186.6554 182.1382 180.1365 180.1531 168.3443 171.3243 183.6283 171.4162 178.9874 178.4225 175.4902 176.2528 183.3983 177.7496 177.967 173.4435 169.0699 193.3285 190.3492 185.2303 163.9236 157.9372 182.7433 177.6592 189.8556
200.4547 197.9969 192.4498 195.1608 193.4777 188.1225 188.9922 187.2999 187.1003 189.0412 184.3738 183.789 183.4402 190.4622 188.8953 184.0322 181.7864 178.3677 182.9168 181.8396 184.8159 184.67 182.0313 184.6647 178.5704 184.1361 185.0311 184.3256 182.7457 179.6374 181.9751 185.4137 183.1137 184.8039 184.9817 185.4587 184.3355 182.7297 182.0023 185.7933 182.4521 179.4948 173.2705 171.4949 170.8513 175.6695 175.6291 175.6086 170.056 172.3718 176.7257 182.2879 179.6723 180.8546 185.3205 183.8513 181.5334 178.9044 181.6533 176.0272 172.2463 167.3898 159.0324
197.7483 194.9948 198.5726 196.0281 193.8713 192.656 188.9401 183.0292 187.6792 184.6651 186.7157 184.806 181.9038 183.0115 185.9153 191.756 183.2006 180.5264 178.9955 178.004 181.2246 183.4424 182.572 181.41 181.668 186.5492 192.1173 188.0156 182.5503 187.4182 186.2078 187.5201 189.6691 190.4663 189.6023 187.0331 187.9871 187.4946 181.6165 184.3714 177.3993 183.9218 177.4251 174.759 173.316 172.7761 173.2128 178.4784 175.903 176.1037 175.4851 176.9027 176.2648 179.2059 176.6461 181.7633 178.8254 176.9135 174.8108 169.8217 171.0774 173.4329 166.2654
201.1707 194.7079 193.5667 195.4748 194.465 193.8936 190.303 189.2716 193.6782 188.5047 184.1658 184.1007 183.515 182.7148 185.1879 184.7095 175.8021 180.6904 181.0094 190.2167 191.1406 181.5887 191.9833 190.8737 188.1953 201.0483 209.9242 191.4516 184.0912 179.3787 188.7306 188.2035 189.3574 186.8539 186.783 185.86 197.2697 187.7083 189.2712 187.9118 190.1431 181.114 177.0548 172.4068 175.5819 176.8156 177.4183 175.4548 171.1166 188.9013 194.6985 193.3776 187.7424 189.5386 183.8725 185.3484 174.5175 171.5343 177.9985 185.4088 181.6891 170.6759 176.5559
212.4551 219.3502 205.0533 197.5352 193.0151 194.3924 199.7271 197.7573 194.1367 189.6223 189.152 194.7314 189.5877 186.3893 184.6622 183.3763 186.4173 183.9974 180.5753 179.9978 183.492 186.1948 178.6588 202.5474 214.6184 216.7028 208.9486 208.7827 194.7077 196.097 191.721 201.575 192.2426 207.5531 200.6677 206.2559 203.5922 195.8744 194.6191 184.8309 183.0311 179.9327 179.2101 177.2665 184.2257 182.5594 178.9602 178.852 180.9274 195.9444 197.7387 193.7088 192.701 187.4979 186.9275 191.723 183.9507 178.5185 173.2115 174.7592 167.5355 174.9777 167.3042
215.6293 205.2101 209.6113 210.2092 215.5698 206.3783 207.2226 195.9536 193.2214 195.7313 190.4795 191.0935 184.5351 184.941 185.6185 178.2275 184.4846 183.7346 184.1205 185.197 184.8342 179.4706 179.7157 195.9528 210.9179 214.624 217.7653 212.2166 206.1735 214.4046 202.5352 198.8891 187.7646 192.4229 183.7156 205.6308 196.3968 201.9985 188.7947 190.3404 185.2187 181.6513 181.2321 183.8328 188.1558 187.3047 189.216 189.2358 186.3317 185.5234 189.0585 191.497 187.4727 194.2717 191.4944 184.0074 191.1508 189.2598 187.399 173.921 169.8815 168.1266 163.7829
210.201 205.7976 212.9678 204.3771 203.5783 204.3001 202.8471 201.252 201.6075 209.5803 196.1217 192.5111 187.5812 185.2469 183.8777 182.169 182.7471 184.725 189.6312 183.4784 183.602 177.5088 179.6307 182.3484 199.6342 208.9477 216.1784 214.839 214.6752 214.6299 204.0669 207.4901 207.0972 195.81 186.3111 186.2518 185.4875 196.3711 198.3916 189.624 178.5267 177.1624 183.1653 186.5604 188.0242 185.9134 189.142 197.0016 184.2242 180.3212 183.5241 186.4189 183.5204 184.7112 184.7808 184.2241 181.01 179.1816 176.0225 179.4937 180.3898 177.0669 192.9972
198.039 203.4799 198.5125 198.298 201.2476 195.9197 203.6889 214.7554 212.9596 210.7999 212.1105 196.8052 191.9978 188.6734 186.8336 181.1232 181.5728 184.7336 186.9317 189.0504 188.3196 183.194 182.8948 184.9197 200.0428 211.4037 213.3774 208.054 206.2308 195.8705 204.9601 195.607 207.8778 192.4016 180.9369 179.8333 187.8996 184.2141 183.6778 181.8877 182.4942 186.0918 183.2663 188.3523 191.678 194.9141 200.1892 198.6175 196.2899 183.9163 187.8669 179.97 185.3586 181.8861 187.0266 187.0222 182.5067 181.6272 184.3073 183.7742 184.0321 190.6721 199.4487
197.731 196.8494 205.938 198.1913 212.6338 208.2594 212.6158 207.9868 212.9483 204.2333 198.3531 194.5593 192.0081 194.4626 187.4882 185.3835 186.1577 186.6552 185.019 185.4855 183.3189 185.7497 189.8336 194.1526 195.4905 208.6945 201.3406 198.191 208.5689 192.6507 201.5092 189.9408 198.7041 202.9981 197.8545 197.1146 181.7954 182.1334 182.3697 179.7023 182.7213 193.0367 185.5668 187.9702 193.459 201.6247 205.2953 199.4861 212.9 202.7258 189.6039 181.245 185.9823 185.7156 186.6304 183.7791 186.5571 196.0769 204.8787 184.5248 200.7975 194.9396 194.6183
200.131 201.7013 214.3498 214.4766 217.2127 215.4063 211.3859 214.2114 201.3229 199.7425 198.4964 196.4475 191.2672 189.0049 189.0199 188.4697 187.4686 184.9238 186.4023 189.513 194.5008 196.9353 186.5044 188.8642 197.4307 196.8552 195.625 191.8305 191.3178 190.1116 194.356 194.8364 191.233 187.1977 187.0588 182.0279 184.0257 176.0068 187.1139 180.21 183.7327 188.6346 187.8679 203.359 209.0139 205.3579 203.6908 202.3786 201.7994 195.1558 193.758 194.0295 196.0246 199.3707 195.379 187.0633 182.4813 196.8211 206.2085 183.4828 199.744 209.2256 197.3107
200.026 222.0454 225.7162 212.3363 214.2265 209.2379 208.1983 208.1573 205.8807 201.3535 210.2872 197.0585 195.4153 192.4734 190.4971 190.6835 187.156 186.0096 186.1116 203.1102 210.0525 205.9592 196.183 194.632 196.022 203.1185 204.3595 206.0267 198.3649 189.9131 201.7541 198.7126 205.2863 196.3453 187.9309 189.7632 185.169 183.6862 179.8277 184.8524 184.8424 186.073 183.6028 187.2817 199.1273 196.8913 203.8679 195.3366 201.2541 202.1841 200.5419 202.4842 210.4121 196.3269 204.7265 194.4866 186.3804 185.3405 194.8383 195.4878 181.6614 192.5193 196.88
210.5959 212.836 210.0778 203.8247 216.2525 217.8302 213.9278 216.3376 202.1265 199.5526 202.7213 206.373 202.4691 190.8833 190.0519 191.2489 189.5475 186.2132 184.9247 194.8265 194.8072 198.9039 200.3978 206.1085 200.9268 202.724 189.4599 198.5458 200.8644 203.1161 195.4608 201.2977 209.0765 206.1382 201.6588 193.8999 203.1215 196.8388 184.7995 184.7968 185.0979 191.19 194.14 189.7078 189.4662 196.7059 191.7445 199.2075 190.069 203.513 213.1909 220.5096 207.3371 204.7021 209.7661 200.987 192.6943 197.8747 199.9788 188.7536 202.4008 206.4589 196.3735
199.6094 202.0508 206.9966 212.2134 204.4551 202.6104 210.2899 206.306 210.0538 207.9686 222.0587 213.8315 203.2177 192.4844 194.3763 189.8161 190.179 185.1985 184.9228 202.0184 208.8721 201.6992 209.0975 209.1858 204.6321 201.7457 201.053 204.9062 198.3086 207.1416 210.5892 196.4071 206.266 205.1751 204.0766 189.2952 198.0294 185.5599 185.6972 181.5614 179.8158 182.9211 182.8626 187.4822 188.5118 186.5288 186.5069 189.7384 190.8129 191.2462 191.3175 197.3366 202.1063 199.7643 189.9197 191.7941 188.4972 189.2424 191.7936 192.3951 203.4926 193.1951 197.9771
205.9804 207.7546 205.6904 199.7022 209.0887 203.3411 204.4209 207.3547 201.5936 200.5815 202.2252 201.6965 196.2575 196.9564 195.6874 196.1186 194.8081 206.4264 198.0866 206.8521 193.9724 204.064 215.0138 213.1998 220.3809 209.9001 209.1152 197.5856 195.7449 214.1956 212.3256 200.4126 206.0567 205.0997 200.3614 206.5498 196.3488 192.9102 192.6851 192.933 190.3447 200.9146 181.9143 186.3757 188.1076 197.4648 192.8575 190.8258 184.3401 207.1284 197.7218 197.196 190.9845 194.6076 192.8723 194.4524 190.9069 188.8894 195.522 192.9942 193.1878 198.0898 194.7548
