MapLib/Lvl1_5x5/BG/Ele_BG_CB.asc
ncols         557
nrows         557
xllcorner     556500
yllcorner     5008669.448
cellsize      1000
nodata_value  -9999.0
[rows 140 to 167 of 557, columns 189 to 251 of 557]
222.2897 231.5036 224.9501 256.4927 234.0722 220.1068 223.9406 214.6969 219.3944 229.924 234.8933 237.4108 237.2081 228.1751 253.2485 272.5176 273.3588 287.8863 283.3521 279.657 286.347 283.6067 284.2455 280.2464 267.808 260.4188 264.8595 269.2998 271.7827 276.9888 280.2029 299.3463 316.5856 318.5311 322.5635 313.2728 294.4156 260.4197 261.6376 255.5677 278.4131 259.2455 250.0486 250.1703 249.4459 276.3042 280.4999 269.4677 273.3632 273.0388 278.5549 299.7612 328.7032 335.8693 330.7021 315.3596 335.9313 342.1733 335.1407 317.5569 279.7081 265.9589 252.8961
232.2482 234.6289 237.3869 231.1055 237.3164 223.5209 227.8981 218.5249 223.7062 234.1936 258.5369 251.3158 243.6587 255.5923 293.8301 293.0725 279.1501 282.4494 303.9833 281.6726 278.2307 284.3997 278.8676 282.2059 268.6819 264.6366 276.7617 271.9103 269.3505 298.3177 304.1402 313.1621 296.9649 299.2827 328.8737 282.8261 258.7887 245.3142 250.4337 284.8351 281.2587 260.5955 248.0487 259.664 255.0501 264.6787 283.3814 298.3033 288.9368 288.3645 309.5529 321.9852 313.0498 315.4638 275.5328 294.1017 337.8203 350.8086 335.5336 230.0373 232.8378 283.7679 392.4243
213.2688 215.405 236.2858 235.7246 245.0388 248.4973 240.4097 237.1588 247.6359 263.5263 269.1983 267.7664 265.4076 289.0081 292.189 285.6801 288.3492 273.7667 278.3573 279.9146 284.8091 291.1257 279.4211 281.0161 267.6237 270.0667 284.6059 296.9533 301.6141 299.6181 306.9897 307.7712 291.497 286.557 295.2519 252.0782 255.4103 262.3405 280.1091 280.64 261.1572 257.486 256.5719 263.748 262.1867 261.4774 263.1389 288.8969 312.4485 315.7288 340.2162 324.7427 307.7604 329.0519 341.4447 361.7027 365.7711 324.7079 234.9194 313.4193 351.4053 324.5409 381.2303
236.8965 248.1435 265.8488 244.9885 256.5209 252.5429 254.3068 253.9061 261.0263 273.035 259.0651 273.1278 262.4465 270.1149 297.2513 289.9781 271.3037 287.7982 295.2069 273.8174 272.4706 267.027 267.0226 267 291.3544 281.3287 295.4456 297.2462 294.5905 283.3661 294.254 282.0889 283.272 272.0237 264.1268 254.4405 248.0095 276.1079 304.5699 296.7835 276.5211 267.7301 269.8057 260.281 270.7823 272.5424 313.4138 316.6285 348.6771 357.5896 349.1791 318.8569 344.4505 345.611 343.8893 277.9652 285.6051 228.3298 377.8012 400.8648 381.7691 324.5581 376.7585
238.7223 260.4071 261.0096 230.0055 239.8288 258.0801 261.7878 259.9222 263.5939 263.069 275.2379 244.5218 250.8453 254.095 290.87 289.053 299.4821 294.8476 294.0483 283.0045 282.8767 267.2132 284.3449 269.4968 273.2377 282.6928 296.2263 286.5633 290.5887 294.648 281.6075 295.1311 282.4308 256.9211 261.8779 281.8208 250.0966 269.3544 299.6361 282.6761 273.3301 262.9835 263.5773 282.9324 290.6637 288.845 288.8135 315.8317 331.8766 344.1543 363.3075 359.0244 372.8094 377.3405 375.0017 375.9538 290.7837 293.0656 309.8238 397.4286 426.8367 451.3025 444.8335
235.2628 233.585 232.1487 229.4232 233.5369 229.1442 233.2955 240.3453 263.4692 248.5184 240.5395 254.2782 264.9768 269.0361 275.2717 271.863 270.8733 271.0213 278.2058 287.6089 291.7001 281.6837 273.3961 277.0403 272.3692 266.511 284.9423 279.7176 271.9317 271.5842 265.4392 266.5803 279.4032 299.3863 314.9874 278.7369 250.7282 255.4351 262.6432 272.8379 275.2457 264.4395 270.0931 311.7069 320.3671 340.1652 336.2323 319.1713 340.3842 359.0199 369.4957 360.8537 323.3064 385.8724 404.4118 280.9213 336.2666 414.9266 336.0925 412.0605 311.4011 433.0363 440.0427
237.1428 230.0252 250.3841 261.2075 253.5071 252.2668 240.2214 241.0388 235.0626 234.5154 245.1565 266.7348 250.7459 254.4201 255.1348 261.7609 262.1405 281.3149 293.4013 294.1111 291.3359 289.7347 290.017 280.6988 282.5536 281.3664 263.8871 274.6465 290.4794 286.3942 275.1727 280.3859 293.066 321.8076 292.5233 259.1145 269.0774 272.6288 273.0655 286.8015 286.9729 278.0999 299.0187 332.8112 331.3988 329.4321 341.882 348.115 331.4843 371.1978 394.5045 399.4867 343.3422 341.8992 365.8609 299.1604 347.926 405.5729 420.1739 447.6143 487.8523 393.7455 433.584
244.2441 251.7197 221.8668 261.7695 270.9055 254.8989 268.2954 260.3347 248.8002 242.1112 236.0575 237.4799 242.828 242.3623 260.9136 285.6502 291.1492 292.1457 301.2922 309.6858 316.6596 297.237 290.7478 281.0568 291.5633 299.8872 291.4471 294.9539 283.6761 307.8186 304.4855 320.5564 327.1378 299.0815 265.3392 261.6027 271.0666 286.6588 291.4124 311.2889 312.0549 301.133 276.9357 302.6089 294.3835 331.5142 333.52 339.3425 320.9273 315.832 332.9541 378.9677 376.7004 419.1924 317.5791 293.4461 327.8778 299.4557 308.545 329.212 350.3037 438.7087 514.4123
253.3119 240.2544 237.2821 230.4558 243.1003 250.7934 250.5241 245.0863 256.1709 250.2577 245.4232 250.9822 244.2319 254.2471 255.4555 269.5788 287.5633 302.2234 312.3451 330.8557 318.0654 296.1377 291.8217 286.9053 282.0566 286.356 295.4327 292.579 287.0295 311.608 330.7415 327.357 297.4284 302.5298 270.0505 264.8202 272.9499 272.0923 286.9362 314.436 326.0813 315.7957 319.31 335.1246 349.0569 364.2441 342.5561 356.6903 395.6974 345.3699 401.0831 361.3695 403.9162 425.368 446.9059 321.4382 406.746 480.372 393.794 403.5093 466.8107 451.6627 484.6294
267.1627 244.678 236.943 253.1981 243.0742 247.0279 269.1732 251.649 266.7703 259.6639 270.6259 257.424 273.2869 287.1443 280.1198 304.4756 311.9823 326.6647 325.0444 309.7928 313.917 311.4715 305.1504 316.8224 304.8252 304.4767 311.7473 300.6083 296.8843 315.4088 332.8739 339.63 305.7117 315.5234 270.7775 273.3994 283.7184 296.9365 268.9435 314.5592 321.6289 293.9223 306.9155 342.2984 375.9546 399.6194 403.0603 357.2307 414.0666 376.9753 341.7255 431.3725 475.0504 465.1349 387.1133 402.0548 349.7556 352.9992 412.2379 450.9133 472.8503 485.8886 453.9863
276.3969 274.8652 267.5276 262.1293 259.9745 261.01 269.6686 263.2328 281.4009 274.2227 286.3869 275.1128 288.6618 276.2985 285.2539 298.3421 311.8968 331.4013 325.9762 307.442 317.9067 305.993 299.531 322.4153 329.6522 329.4473 325.9494 315.6008 295.5201 307.3033 335.3151 349.0346 322.8159 338.5616 275.4391 283.554 288.5816 318.3925 326.0932 287.5012 322.4201 329.9999 322.8004 327.9396 370.5865 379.091 406.7402 421.2934 420.0872 399.7103 341.772 357.5978 402.3872 472.0741 522.8854 382.9556 356.8055 439.1002 459.3883 509.417 523.5447 571.8977 565.6737
252.7478 255.2464 278.9781 282.771 278.077 267.8643 289.861 305.1973 284.9355 292.7531 309.1729 306.9358 321.8694 333.7097 342.5844 331.507 334.4299 318.098 305.5193 325.5171 325.3029 312.2362 309.9638 310.4567 320.2399 311.4874 335.2703 334.6696 314.0177 297.95 298.0132 324.3434 289.0507 281.4425 281.9634 282.892 289.0168 297.6804 335.1208 355.7622 325.8409 313.7104 309.4237 316.8774 312.0067 354.619 416.372 357.2817 357.8052 451.6692 445.8263 361.4837 502.8528 506.4431 448.7272 372.8719 447.3902 414.6839 394.2143 449.6458 511.2109 593.532 630.6361
247.1831 258.8905 286.924 259.4331 261.3283 275.1633 308.5037 295.9094 274.692 266.948 294.0613 327.1028 339.3886 303.2897 337.0267 314.7157 316.2829 311.7767 309.4771 338.0657 308.1615 298.3465 316.5219 333.0687 336.3612 346.2554 318.4433 328.5534 327.8103 306.8886 299.7233 296.1456 301.0775 312.5002 295.6241 308.2191 339.7484 366.1022 331.3359 349.5397 336.0129 321.7037 347.5992 396.852 376.7542 311.161 321.8383 354.5789 411.4303 385.0981 435.9473 495.5018 435.4177 523.9253 466.7974 414.6898 481.958 523.7934 454.9894 511.5791 606.2343 661.1166 738.2374
286.9523 286.6795 287.0552 271.7274 257.3754 267.1226 285.5808 292.3631 276.0071 264.0986 276.1306 323.5753 326.7266 338.6699 314.8055 320.1235 294.3903 290.9403 307.7171 308.6921 303.9333 338.1793 322.8977 325.5981 351.5547 356.6649 350.5312 340.2493 325.4109 320.0867 310.6077 325.9274 340.8429 341.7076 323.7276 312.7478 365.5247 379.8517 391.7017 361.5226 347.4998 376.0531 398.9969 433.2248 361.78 409.3888 457.3378 350.4206 377.4515 360.6086 452.7607 508.0453 499.4158 493.5061 420.303 474.3897 481.9262 564.4492 543.5599 530.2261 503.1268 618.6658 727.1596
287.5234 273.1073 263.3976 248.9895 251.2074 279.7561 283.1 272.8855 281.5497 257.1908 265.583 277.0903 322.5093 339.1151 301.4522 308.0958 317.1202 280.3259 298.342 286.6332 338.8574 351.069 337.7614 347.4642 365.774 344.5027 339.0999 347.7558 348.0891 345.2394 325.4643 343.3661 358.4413 355.5381 311.7268 289.6786 295.6357 300.3404 310.9413 338.1391 320.0557 348.1654 392.5244 355.6291 406.4389 468.2915 459.8431 388.7039 403.919 487.5329 442.8683 415.5132 483.861 542.0157 499.4709 503.2322 609.2833 574.801 577.7729 640.8981 627.6617 689.4408 792.2845
269.7953 260.0013 257.922 242.1438 253.7796 276.7198 278.176 271.2466 261.2833 255.6456 278.9706 300.909 293.0885 312.2131 317.3877 319.6272 280.8259 292.4449 321.6975 315.2337 297.7901 300.3896 338.6538 316.279 326.9768 301.056 296.4061 304.7354 324.5243 323.1509 348.5887 354.2982 358.8917 384.2621 348.0555 316.1343 334.7474 378.7245 336.3792 329.0982 415.8156 344.2946 409.7166 476.597 425.8434 450.0909 462.0573 380.9345 378.8835 428.7951 520.3349 526.5023 522.8937 551.3917 609.7607 546.894 492.3253 656.1166 686.9565 636.1997 682.9394 781.4185 790.1007
282.8412 273.7307 261.4245 253.8466 257.5013 261.9168 278.8994 265.7053 258.1171 254.9749 261.1807 295.8871 289.3788 307.4158 292.7791 281.3574 289.0326 283.9548 263.8392 271.3744 279.155 283.9251 279.767 279.2375 270.6802 285.3093 309.03 300.6231 314.1685 339.4372 342.9749 367.0891 362.4705 368.3861 378.0223 341.0587 394.5133 401.1754 385.336 333.4028 371.3878 420.6995 396.3609 391.8396 400.6584 447.0267 459.4925 417.3643 546.7117 513.3431 441.0774 470.4044 551.25 537.1913 639.143 680.4442 584.3511 644.5267 774.9921 741.1134 810.7891 885.0706 886.2053
266.8349 278.7156 260.3905 244.5777 255.4775 262.7612 267.8396 272.7734 265.944 263.8087 280.3728 297.5713 274.9115 292.1529 293.1816 306.2382 297.0562 294.2238 304.25 283.3893 288.5542 277.827 291.4247 294.8088 274.0013 296.1788 303.0969 294.3838 327.4756 356.601 368.2723 397.1057 398.3945 369.6422 398.5287 387.4514 373.9639 411.4202 397.3586 353.3643 361.2385 415.041 399.7621 410.503 501.1012 440.3726 532.9664 473.8038 418.006 530.3096 542.548 526.8015 504.2032 527.3732 691.339 665.6081 727.8206 649.9695 637.29 726.5206 782.4358 846.9855 657.8084
234.2698 253.2732 245.2104 251.1436 264.7226 275.7906 284.1156 296.413 277.6313 270.9379 292.8905 286.1732 276.0511 239.3477 272.4798 269.3796 272.1804 259.0014 249.8472 270.7317 274.9373 304.1177 302.9656 293.4698 289.4777 300.8025 308.6846 315.6725 306.8651 321.6461 317.0648 316.9392 322.1549 329.9812 363.3952 385.0831 358.085 391.4748 403.4246 426.846 411.2886 362.7411 406.3867 493.5063 487.7037 537.4808 520.1971 533.5556 570.653 487.5522 625.921 705.2903 653.3697 546.2536 530.2683 568.7897 635.3859 723.8495 808.8348 726.8132 793.8295 585.1295 533.2653
240.9778 239.8204 232.8582 244.2858 253.6228 252.3594 236.0149 239.5443 245.952 248.0505 244.071 261.5741 266.7477 285.0196 296.3525 306.6196 305.2527 273.7486 264.9537 268.1261 285.6569 278.6935 294.8863 300.2242 304.5804 317.8321 321.3878 332.2424 348.5204 335.0178 349.0798 352.3947 380.9661 395.0622 418.7749 369.1561 395.5627 406.3705 462.8296 504.9965 401.9009 448.9131 477.8598 351.4987 422.6827 447.1181 561.6118 573.7689 570.3354 539.1041 481.0654 541.9046 653.3553 717.7399 732.9957 703.2739 812.0426 869.2435 879.4069 826.2431 628.1433 578.8505 519.7668
248.1895 261.9476 260.2701 238.6982 249.2832 250.377 242.6435 237.21 234.3329 259.5446 268.8434 258.6598 264.4773 289.5397 301.0782 314.8156 327.3342 289.2104 277.6465 273.1583 261.0998 268.5288 269.1269 300.0892 309.113 309.4674 322.1894 328.4574 367.9312 350.3325 328.854 409.6019 426.0654 417.4775 459.6546 406.8955 404.6998 495.1898 511.7513 504.9455 505.6318 465.0235 505.2416 503.8681 583.3411 434.5704 500.7436 618.0297 664.5027 660.6158 575.4824 547.005 548.3644 656.2952 747.1931 828.7062 841.5362 889.3751 918.0089 774.426 903.2947 728.9861 613.0185
258.3515 280.8849 272.4863 247.1836 263.3513 263.8667 275.7108 260.2548 266.0142 277.8288 288.8726 297.0919 280.6457 287.0524 299.1963 297.6705 311.0779 326.6435 318.5539 298.0835 276.6809 265.808 294.3104 308.7661 305.4306 310.5187 334.4822 349.9318 355.116 353.9039 346.5466 402.3606 367.8344 399.934 431.7272 512.9622 436.8457 423.5911 467.2496 478.0815 498.1565 567.5751 597.8694 595.2936 590.1083 599.9485 593.4901 472.0408 512.9088 692.055 717.9269 756.5295 640.4271 592.1672 721.8868 736.6646 832.605 923.7146 918.5318 831.8046 861.1559 806.8967 663.1339
260.1356 262.7136 277.9214 247.0292 283.0844 281.0229 267.9198 277.4174 265.8516 259.0005 288.6511 305.0734 295.7333 271.6417 298.1929 297.1024 291.9771 314.9795 329.3778 325.4992 288.5677 275.9088 294.0778 297.3066 310.9799 337.4476 382.094 422.6884 425.7053 368.8686 372.003 401.5946 333.5652 423.1828 479.2221 427.0067 509.6958 486.9919 516.0787 501.0933 493.534 507.2275 582.6191 683.5269 628.165 711.8839 731.184 644.7057 528.22 584.8254 597.3064 773.3659 724.4863 730.3813 782.9105 585.2041 601.4548 644.7997 583.7161 603.0622 676.9164 703.8884 486.9184
280.8885 278.1895 289.7056 277.0602 254.8228 260.3578 282.7107 301.8745 281.9747 255.794 273.7947 282.0042 288.1863 297.6747 284.8992 283.7849 304.1172 321.4492 330.7505 309.2364 309.1862 327.0794 334.6273 334.4908 360.3652 357.9389 368.6382 393.3763 419.6999 403.8888 447.4923 417.3679 364.9868 432.1955 405.7883 452.4459 503.2006 542.4294 524.2687 577.1039 613.196 605.9736 662.7587 614.6448 694.5849 676.9712 715.2893 750.5547 806.9863 655.3627 602.1416 642.9515 760.3186 654.1754 568.1435 540.8472 468.4695 489.1241 525.7349 481.0792 518.7646 579.1656 474.7576
310.1796 312.5762 314.0414 300.9765 295.3392 273.4641 266.0101 266.4724 290.3455 295.2489 286.2442 275.8081 304.9007 297.6231 283.662 302.3904 325.399 331.7356 301.3022 292.8075 309.2256 333.7228 337.0644 319.3613 327.6035 351.3011 368.8342 403.6105 466.1456 507.7871 486.8921 416.2589 395.3285 452.4871 431.7225 498.7034 521.6036 532.2037 491.8474 525.9995 562.4114 600.1719 671.9648 722.6949 654.4036 529.1729 761.3977 636.4807 634.0405 653.1487 667.9735 711.1348 803.7524 786.5124 608.1119 564.1597 532.6078 489.5317 400.6176 390.8883 418.754 416.5986 387.2213
336.2455 331.8325 330.3308 327.299 311.5214 286.0936 266.467 259.9873 282.5615 290.3315 299.9875 299.4662 281.7679 277.8151 275.6501 289.5582 284.422 287.1468 291.3319 313.0105 309.3036 302.6537 328.2268 362.8616 400.3394 362.8573 381.6237 401.1314 418.0816 492.7328 446.0167 428.5363 444.5401 479.1188 494.1578 545.6328 541.3516 605.804 649.6084 640.343 675.8808 646.4378 483.1354 456.4795 438.084 480.1923 507.9998 546.2555 633.5673 700.8585 733.8062 869.6762 829.2134 769.7895 858.1166 669.8298 563.007 559.8215 508.1304 432.4375 429.4739 389.7035 319.9019
327.5099 306.95 318.1303 333.0106 306.6144 280.5332 269.8237 254.8609 269.5794 297.2904 292.3192 285.606 291.2599 301.6996 305.1584 284.4605 283.4373 300.0037 305.9052 306.7046 300.1771 313.2364 343.366 355.46 396.46 419.618 405.4144 413.3367 434.9051 414.1308 472.3726 466.0571 479.8621 533.6944 585.2065 578.2505 654.2681 597.7755 534.4672 440.3348 447.2253 408.7776 458.6735 591.9178 525.8082 527.0522 598.2216 673.4996 735.2559 752.2753 639.5936 678.0696 706.1137 626.0667 673.6396 677.8876 576.5168 514.1785 580.0475 524.162 457.4797 359.0727 264.9182
281.2779 296.0469 302.7874 313.416 293.1445 271.8705 263.8595 267.2366 264.7476 260.8573 283.2258 289.5482 294.2113 290.9023 297.5872 292.0958 303.61 305.4191 301.505 316.0479 309.1706 334.5854 337.1886 379.8563 408.1639 399.9618 445.2412 405.5151 436.4497 480.0073 472.7223 549.4241 580.1627 563.3789 597.158 503.4922 392.4861 389.6526 377.998 420.0496 537.3625 545.2693 555.4295 621.7892 664.6215 594.2632 679.0682 735.8305 738.0269 647.0251 600.8512 481.6522 568.2518 557.0726 488.803 548.2085 528.9504 537.1346 475.6444 400.4451 354.8758 297.7943 327.5782
