MapLib/Lvl1_5x5/BG/Ele_BG_CD.asc
ncols         557
nrows         557
xllcorner     1670500
yllcorner     5008669.448
cellsize      1000
nodata_value  -9999.0
[rows 0 to 27 of 557, columns 315 to 377 of 557]
259.6298 267.0396 270.8551 276.1642 282.0246 287.7666 294.1802 286.4202 273.8357 283.6001 299.9865 300.2103 295.6962 283.1774 279.6762 282.3459 297.5569 290.1761 297.2131 287.2733 274.1437 261.8586 262.5142 248.6561 244.424 265.5089 263.1139 248.1333 267.9911 270.2509 266.1637 253.8456 235.3157 247.2198 253.5906 247.9685 239.7712 244.3443 246.2667 237.1699 226.6645 210.5352 237.0042 224.3821 217.17 211.887 202.6853 196.9385 188.2627 190.3613 190.4882 196.1582 192.5196 188.7364 197.2932 227.0827 233.2548 255.5191 262.1756 286.7112 277.1603 278.1726 281.6079
254.1836 255.426 255.2735 267.5013 283.8818 286.2535 280.1864 272.4638 277.4487 293.5241 291.3618 288.3686 289.6603 290.1343 274.9294 268.7803 266.0819 272.2153 288.8044 272.507 268.2872 264.2461 264.0236 261.3223 252.2435 266.4422 278.9028 260.067 287.5229 274.7542 254.8102 258.1703 277.5997 268.4309 271.7831 278.7166 274.484 259.7843 247.5136 239.1858 230.5128 221.1552 214.625 239.5947 228.563 232.3143 213.7847 201.375 201.9469 189.5792 187.6042 192.6916 189.5159 193.5942 192.8103 193.7137 196.8171 225.8578 246.5649 254.9576 293.5152 265.6932 267.0189
276.7026 267.0475 256.9945 251.7241 269.0389 283.6627 266.7365 255.3277 273.2402 288.3207 287.3378 289.8438 292.8243 292.4413 284.3545 287.5292 272.6842 269.763 279.1267 268.1841 268.021 251.0089 261.241 267.2227 257.3024 293.263 304.8019 306.4721 300.9561 301.1924 292.6956 295.2525 271.0434 263.3184 252.1578 267.3504 260.2758 221.1039 237.38 226.2799 227.9668 245.3233 233.1136 234.9067 238.6333 228.2457 222.5223 210.7722 196.7673 201.6031 193.9749 190.4426 190.3608 193.7864 191.5763 194.6744 190.7954 194.1372 199.7951 205.6414 210.2679 229.6156 268.7325
290.9304 282.3546 262.9695 255.8564 251.1757 270.5912 271.2294 269.9713 275.5272 278.6732 274.7879 290.4423 290.2682 283.4407 293.3623 286.4148 289.4988 279.8361 266.6331 264.3241 268.4241 273.8757 278.4619 275.8354 266.4386 278.5279 286.6378 284.1254 286.6003 292.1696 278.5274 273.8491 288.0657 278.9438 279.5463 246.517 235.3463 239.2595 262.5748 277.0549 246.4111 274.694 277.8854 254.5208 263.2999 237.2622 239.0918 213.5096 201.7247 201.6 196.0195 197.3901 191.4138 192.4687 194.0118 191.318 196.1423 193.2322 193.8205 200.4333 207.7227 224.259 253.0726
286.7202 284.7496 267.9537 252.3378 251.125 253.7913 257.8612 249.4201 271.6654 266.3514 276.2768 276.8968 277.7602 284.666 277.467 267.8458 273.0139 269.5354 274.3047 273.994 274.0582 271.7988 271.2212 274.7 267.3161 275.4574 266.9955 267.9296 267.4073 269.3866 273.8982 272.1031 284.5396 284.2543 277.3595 267.9748 255.3344 261.7841 263.2099 273.1091 278.4455 263.4758 278.5779 269.3008 264.8688 253.8417 241.6442 215.5208 195.3384 202.7529 198.29 193.9568 197.8871 189.8331 193.414 191.0583 196.6907 198.8861 195.4276 200.9225 203.3927 217.0667 246.0287
276.2868 273.1035 268.1133 263.2208 255.1991 256.5671 245.4967 244.5758 251.3545 255.8977 253.5532 266.7004 277.0918 271.2758 273.6369 264.569 258.5569 267.1123 260.4185 259.867 262.6299 266.5023 271.0807 286.4129 277.5567 264.509 257.1671 252.1976 259.9688 252.8428 249.4762 266.9416 263.8517 270.0116 259.9155 272.3735 268.3354 273.8481 256.3325 249.1919 241.5595 244.0679 229.0065 229.562 222.3158 228.9234 226.5158 206.0014 203.0767 169.1661 182.4642 200.9886 195.5278 185.2263 188.6788 186.4511 190.756 199.3777 201.8709 193.1507 203.1496 224.0654 243.3047
276.3516 278.7617 281.5338 272.7808 271.7273 265.0443 268.0912 266.2303 248.734 243.0751 238.4048 249.7742 248.1442 255.181 251.4571 265.0591 255.9831 251.4532 253.2211 243.6644 247.1778 240.8159 265.9692 269.1296 273.3866 277.5742 272.7915 265.7583 256.6921 256.9562 237.4568 237.4453 245.5915 259.382 267.1101 279.5526 271.0024 261.6796 273.1922 269.8245 274.1241 260.9343 234.4296 242.6712 238.2524 242.9362 233.889 231.7855 213.2245 202.1608 201.7662 200.6904 200.4691 200.2336 191.1877 186.2972 194.8497 192.8131 195.4797 201.0482 202.2607 206.8471 225.1424
302.5364 294.3145 274.3203 264.6275 257.727 280.8998 282.4025 272.1501 259.8073 249.9496 246.9651 235.5938 233.7835 234.1829 237.5467 234.4358 231.7147 237.2481 240.0763 233.6352 233.5202 243.5546 240.6161 240.3447 235.5866 240.3 241.7416 240.853 245.0716 241.3214 244.1342 234.2913 243.4676 257.2905 256.0384 268.592 272.4764 288.0742 275.0699 265.9776 273.3914 266.9994 274.0245 258.1803 276.5844 265.9912 254.6049 245.4121 228.2301 220.0077 207.8012 202.2159 196.4018 202.8525 194.9381 195.2605 198.1477 192.7494 194.652 185.1606 202.8338 203.9491 200.5657
293.9112 269.6246 260.2252 254.5234 264.8873 266.5732 260.2428 249.9787 251.6863 243.7884 244.3801 239.5019 239.4725 236.8008 239.0374 234.5989 234.3836 236.8816 229.2363 231.3491 232.2427 231.5585 230.1089 231.2027 231.4622 233.3002 227.0361 233.9648 229.6955 230.5417 230.9911 237.8289 235.2461 234.9864 243.175 249.2368 265.0077 286.4016 274.5147 256.7662 248.8822 262.1646 275.9977 267.9666 277.0685 271.2531 253.5207 239.7826 235.3037 229.5065 212.1923 208.4706 199.8716 201.0331 204.9638 197.0529 192.7488 192.5941 195.9615 193.2204 197.1476 199.9 196.7782
277.2011 292.2886 300.8694 265.4273 260.8481 260.6627 260.403 262.421 252.7265 245.0163 243.68 240.7174 239.8334 243.3508 249.8737 243.5484 241.1302 240.2689 238.07 240.8809 237.4465 235.6579 231.9487 228.772 229.0516 227.3328 226.8078 225.464 225.5978 230.1062 227.6844 227.0397 223.7722 230.8749 231.9149 243.5413 259.9517 253.6244 249.8726 256.7526 242.1334 256.1987 272.9907 270.4143 248.8672 260.0338 276.2101 268.4742 241.6177 216.6367 214.6359 205.6408 203.5674 200.623 195.7438 195.3828 192.8333 198.655 198.2436 198.3382 202.8762 206.6385 217.4665
285.6191 287.6603 279.5954 263.9226 261.9845 260.7556 253.7406 253.9754 248.298 254.4803 254.5426 260.3472 256.2336 257.095 251.2119 257.8071 263.6469 264.0887 261.9267 271.7274 270.6307 262.5794 246.765 247.3899 238.8712 234.1043 229.2992 224.179 226.2619 226.9373 223.6036 224.3214 220.9069 222.4314 222.3758 243.2242 247.0217 242.0097 241.3332 254.6976 241.8947 257.9267 267.8837 257.278 240.5341 258.3651 264.8523 250.3885 257.8302 220.704 216.9836 209.4855 201.3687 200.6919 199.1457 196.7402 197.856 198.9207 210.5134 199.1556 208.4497 215.8936 221.055
296.3163 291.9636 274.6313 267.8822 265.635 260.7624 256.232 260.8483 263.91 270.7733 271.9713 277.0032 287.9669 308.4964 305.3591 299.744 314.0153 299.1469 352.1051 369.9814 338.5508 303.0611 320.286 340.4976 346.3281 342.1702 322.2991 306.953 273.1189 264.8285 253.7417 246.415 258.8993 256.4597 233.72 220.7384 221.2497 222.7018 231.3802 250.1958 240.7726 244.143 262.2796 250.5303 234.7487 253.3316 256.5239 245.0348 238.4461 217.9581 213.1312 204.6814 200.7017 201.5495 196.7803 197.944 205.6958 204.9382 206.6379 214.4113 232.6397 234.0417 237.7704
310.3941 306.4225 315.9669 319.2138 263.3141 298.3067 305.4295 295.2697 299.3135 302.0011 314.72 339.3087 326.5618 387.3866 351.2437 364.7716 342.2789 323.9718 345.9059 368.604 376.3469 363.403 350.2718 381.9705 378.9727 355.8954 329.354 312.003 334.2554 325.3917 357.7169 325.3732 328.5915 325.7619 312.8645 289.7447 254.856 222.086 250.0868 248.3483 240.6678 251.8293 262.3298 268.9105 249.0384 228.0954 238.5923 261.7252 247.3531 209.5522 200.0543 202.465 199.4497 198.246 195.2656 198.2784 200.61 208.5932 203.9615 242.7829 247.0553 241.1556 244.0211
384.0952 407.6185 409.6914 323.088 276.3253 336.3879 374.8406 360.407 384.2145 368.8789 379.6452 389.3169 353.9682 382.5067 393.8779 392.5393 345.4319 389.2115 409.499 397.5892 411.2397 403.2424 363.6042 392.566 374.8295 373.8771 372.0534 327.2056 340.3906 341.9147 324.2008 312.1867 300.98 316.9024 323.4823 291.7616 272.5378 219.4374 237.2514 233.5683 277.4962 295.1152 285.8013 261.8609 242.3392 233.887 225.7762 227.8043 247.1595 217.2051 205.9727 205.9254 203.2192 202.0729 200 201.3243 206.1665 212.1506 237.9323 245.2474 241.409 234.0222 238.2523
400.8479 370.9827 357.4506 282.6493 307.7663 346.5971 386.7948 386.0983 414.157 464.4815 437.9449 420.9101 420.1346 399.9547 413.0041 388.5304 399.7761 395.2402 434.8989 437.0977 430.2509 414.6595 391.8069 412.604 407.5225 372.1321 369.2526 334.3088 359.5445 349.9453 329.1292 328.6202 314.6815 280.3567 307.5298 293.4725 291.3006 269.2371 249.7896 212.4734 291.7934 304.3264 309.0428 300.2982 291.1003 260.9931 213.2276 234.4217 241.7212 206.1719 199.1541 210.0494 228.542 255.3837 208.2308 210.6883 200.7909 209.8504 219.44 226.1774 231.4306 222.8794 224.6735
331.1447 296.4435 329.9541 364.254 327.2393 404.5665 396.2621 411.6583 474.5934 513.8113 512.1582 473.0508 418.1249 468.3641 460.0303 452.3793 454.7964 427.9441 434.0291 441.9114 424.5523 394.4746 376.2923 377.0794 337.0457 376.1791 361.4394 334.9291 312.9039 289.3503 315.7265 301.302 316.439 294.8589 278.391 254.6507 276.1742 256.1466 227.596 220.5478 223.6254 268.0756 253.3351 218.247 211.1581 200.7976 206.3892 206.8368 205.7253 214.0532 208.864 220.6676 229.6 225.2248 224.0587 232.75 228.1565 227.8166 214.179 220.3957 224.4837 222.5254 215.7816
306.2746 434.6404 487.1795 444.8347 419.8412 374.7042 454.7365 438.057 483.7208 509.7279 462.0009 428.8988 444.2853 513.5151 505.3553 479.4334 452.0907 441.0415 437.8301 443.622 427.5388 378.0025 349.7213 329.4071 359.2192 382.0477 350.5171 325.5633 295.9494 286.7496 288.6396 305.7807 316.2612 286.1068 288.5742 264.14 241.0326 230.218 212.3911 201.3036 231.7055 252.1299 233.8847 211.7562 209.1788 215.8385 209.9773 209.8618 223.9434 204.9507 210.6898 251.5375 252.2091 254.589 240.8333 260.4281 271.0566 243.3555 215.4069 225.4478 251.9576 229.1741 237.651
375.6334 408.9628 466.6486 461.2444 434.1154 412.6779 453.0157 493.6489 507.1484 485.7453 484.3707 471.7591 474.1917 471.8651 455.1974 452.4449 460.3644 455.8978 445.4596 432.9197 411.6288 386.6512 370.7082 368.1333 349.6271 333.2053 314.0679 304.0277 301.0942 285.3192 281.1164 312.4492 287.2369 271.7187 277.4507 275.1666 254.9756 246.7092 230.6347 213.7727 211.9839 220.056 204.7629 209.5634 212.7994 214.58 211.5018 214.8231 215.9798 211.4026 214.8587 243.3147 266.4758 275.9157 261.1589 267.4193 244.4313 230.8432 258.1563 256.6803 273.2643 272.6793 259.4693
358.2692 485.3358 410.9079 476.7659 462.4651 394.7177 462.5713 484.2569 475.9305 475.5908 449.0473 457.6648 464.3927 432.4051 427.8167 442.2207 406.9434 427.2935 447.1325 412.8841 395.2592 397.4735 385.0989 381.4098 349.0049 363.0321 346.7915 313.5576 275.9508 258.2668 252.9515 252.6895 271.924 269.4231 251.0327 261.6544 263.8297 250.7748 242.8522 234.7756 218.7182 216.0851 205.7319 207.4749 207.3427 215.8561 225.7574 225.7166 227.2018 220.0074 216.122 216.5013 255.4233 238.7256 243.236 268.0191 274.8347 250.7893 281.7173 262.7625 260.616 258.5828 247.27
430.1538 473.334 487.814 495.6682 455.3986 436.2327 460.6832 496.4876 496.3906 485.5769 464.8028 447.4836 449.4355 430.0038 418.565 395.977 407.0442 421.7236 388.9681 391.9471 384.3242 380.8313 350.4625 381.291 379.4792 354.0204 332.6094 317.7752 323.6946 338.7588 308.8527 277.3081 273.1231 257.5065 238.7509 235.722 235.3393 239.4463 234.4748 241.7048 226.6092 216.7749 199.0857 216.7144 225.2213 237.5342 238.2201 233.0507 226.0035 216.2747 204.5247 215.3569 215.17 215.5531 232.4083 247.6963 274.5342 277.0881 279.3022 271.481 270.3632 266.6064 278.222
465.5822 473.1302 500.8521 496.1674 480.4558 487.6982 492.5717 499.6708 469.0786 452.0227 444.0705 453.2922 456.7593 443.2424 437.6245 414.5259 450.2279 466.6867 467.4615 450.4812 442.1146 408.6741 379.4427 331.4453 309.644 352.8163 338.5329 339.9617 384.8477 358.4369 317.7024 284.0201 278.1942 307.0122 281.1483 265.9117 261.1598 240.1557 229.823 222.6511 212.476 211.8529 190.3791 208.4148 230.1552 236.8602 237.64 234.3785 231.3752 215.7665 199.0285 215.1688 229.1304 237.1396 215.4214 225.9548 242.6717 268.5844 278.1983 258.8413 289.0238 303.2564 295.1422
502.5812 509.906 517.5486 500.3624 490.2902 509.8171 514.9116 506.7996 487.5859 457.7293 423.8796 433.0434 426.4006 404.4285 433.6394 435.2753 461.2082 437.8639 416.749 395.2912 388.5375 381.4166 384.3375 379.6122 351.6174 319.3927 340.509 363.5204 328.3036 362.209 305.967 287.5493 292.792 276.9638 266.1867 267.1052 262.3441 243.8802 237.3072 233.5284 221.5944 222.2479 217.7453 222.9042 232.3911 229.2489 234.8237 236.1534 231.6286 225.9358 219.8726 231.2878 231.6131 231.4556 219.3747 243.9792 268.9446 267.5269 279.4895 269.1378 291.1903 290.5475 293.2421
514.2737 521.3919 528.7857 496.5545 489.0458 493.5443 492.3682 495.3318 512.4354 491.4171 472.4474 403.1037 430.8447 428.8109 389.8227 386.3684 424.1929 423.6518 425.4999 427.6433 425.2511 391.98 341.5234 335.6522 353.6736 324.0004 291.9956 351.804 324.7906 325.26 305.4225 301.5211 260.3561 263.3484 254.6326 264.7534 266.1851 254.4937 235.8258 222.7244 214.9717 226.8379 223.0412 232.1369 236.3182 242.3422 238.4848 236.799 229.1046 229.3473 231.3412 233.441 232.2192 238.0891 229.8834 229.9856 274.9662 259.0353 255.7495 282.2094 277.807 264.7167 269.8361
512.2922 521.9767 515.3982 511.2841 491.2346 469.4028 491.203 491.979 499.9276 496.4813 458.5226 410.2393 366.4487 369.539 353.0652 403.7855 378.0736 399.0133 409.9333 416.1378 397.0339 375.7258 335.6897 330.8278 321.8681 299.7482 296.107 314.6901 303.7019 292.0792 269.9822 261.1219 258.2757 256.9236 241.0007 237.9983 241.1193 239.3252 241.0943 217.0467 231.3179 226.2515 218.6455 242.396 249.3785 247.3022 234.5341 247.4901 226.2484 225.3637 230.8007 233.024 239.5497 224.1349 226.6716 224.2183 245.5625 247.1614 235.7404 261.375 249.1079 245.958 244.2298
522.1035 527.6873 523.0483 509.8263 499.0462 492.8096 471.7806 449.0944 505.1039 493.5818 453.7064 419.5673 382.8731 327.761 320.9097 345.1426 372.9131 366.6088 357.1867 369.4857 330.9678 304.7977 334.2555 340.8936 306.6291 270.4353 299.1454 276.5168 290.0797 295.5003 279.9373 270.0182 276.9077 260.7676 266.0197 248.9169 225.4859 234.2992 222.8578 216.6881 212.1317 216.9985 244.1833 257.6781 276.9338 259.8974 251.5003 247.7896 234.6514 237.5973 222.896 237.9733 240.4507 238.9746 261.677 249.4493 235.3331 234.5293 230.2643 230.2914 237.6781 246.1916 262.5252
520.8517 515.5416 500.5617 514.1255 500.3086 503.4177 477.1339 416.7828 472.0879 454.6378 457.0779 435.3923 402.551 390.8615 355.1874 309.5071 317.3181 328.0001 381.5864 352.2952 302.9479 297.1739 294.484 300.5933 279.0491 275.8149 260.2797 267.8249 285.2701 277.2129 264.3 268.2903 261.8475 257.3049 265.0085 255.0736 235.7078 225.9837 225.1559 218.5397 207.5857 235.2285 255.8116 259.6031 272.3451 258.3748 259.2259 240.7743 229.9659 241.6641 242.2075 233.3565 247.6583 275.8605 273.7842 263.7498 259.6447 244.8515 243.2234 251.9919 256.6691 269.0699 289.7624
513.7859 489.4764 524.3162 519.9268 494.138 473.0617 452.7989 462.1738 396.1528 392.6759 412.9849 426.447 420.5682 389.9839 367.6536 359.8108 322.8083 294.9288 303.0265 298.2512 301.6483 283.9653 265.4446 260.7834 262.5501 259.7678 259.8737 247.2202 266.6353 268.0777 266.725 257.5983 264.5786 247.8703 236.0312 233.2952 245.4456 226.3256 237.9792 217.9224 217.7725 251.0529 246.821 248.026 259.5137 272.4538 276.6696 256.3807 250.6356 249.2668 242.3703 244.5916 254.0143 282.7533 269.7987 266.3401 262.4642 274.1645 273.4652 260.8051 291.269 303.6693 288.309
440.6602 478.5109 514.5724 495.9971 483.0793 467.1182 462.3884 407.88 385.2279 368.1317 433.8699 416.0583 382.7039 387.1157 373.8723 366.1104 365.245 366.3361 297.8455 289.7675 287.3283 262.8112 256.478 251.3005 249.5588 245.3389 250.9074 239.425 257.0866 257.3032 270.8672 269.4263 240.9736 236.3939 238.2441 222.4948 230.146 232.8914 218.3019 220.7787 254.069 272.15 264.5047 274.4035 266.9644 255.8185 264.604 257.2137 247.7366 249.6232 259.683 258.356 277.7891 278.0332 283.9488 283.9367 289.2167 301.3335 296.7733 268.5213 301.4849 292.3851 301.5077
