MapLib/Lvl1_5x5/BG/Ele_BG_DF.asc
ncols         557
nrows         557
xllcorner     2784500
yllcorner     4451669.448
cellsize      1000
nodata_value  -9999.0
[rows 378 to 404 of 557, columns 248 to 309 of 557]
151.0793 137.25 152.378 155.2187 166.6425 165.2075 166.0096 160.7118 141.4208 168.1359 174.1468 158.8575 182.6118 174.0707 182.9809 164.6664 144.7013 170.9776 195.5867 198.6097 197.702 190.718 157.9926 173.8923 201.9044 217.7915 217.1764 213.5667 215.3619 221.4039 224.1209 230.0747 233.8644 240.1679 234.4856 217.4053 208.9398 235.1198 249.4164 260.8884 268.8141 252.5088 240.0531 271.6955 278.5406 289.0174 286.5627 282.356 286.4117 275.991 246.8587 226.4308 188.7526 185.3148 185.0882 212.4581 258.6895 293.1445 293.1543 287.8682 323.4751 338.0224
146.0184 139.3957 149.4298 156.1002 159.951 159.2056 148.4333 144.5623 153.0425 171.3825 153.3495 164.905 168.7939 165.3785 178.1651 146.4454 159.7293 184.9041 195.2569 192.3544 191.8927 161.3942 148.3901 181.5917 196.3385 204.9809 197.0502 204.5749 218.5336 216.8317 215.3434 221.326 220.5762 222.306 214.2165 202.7689 215.529 239.0421 243.6211 257.5623 250.9271 224.4212 255.0121 256.3558 266.8573 266.8777 267.9933 264.38 285.0899 278.9233 283.1949 238.2978 187.204 177.6687 180.0312 178.9486 182.9616 204.1763 216.2762 287.1203 338.3251 333.3011
126.1427 145.5496 150.241 156.027 153.6147 156.9943 146.4603 136.6097 156.6003 154.8824 150.8132 170.0539 156.5996 172.41 170.4029 136.2584 169.0207 179.2213 191.8152 188.1546 186.8257 141.3443 174.4357 190.8131 191.5286 196.5247 187.7917 200.7464 205.6349 200.8804 213.2896 211.1866 210.8299 206.0436 193.4139 209.5907 232.8128 238.5305 244.1135 246.5307 222.2849 237.9205 249.5518 245.0411 246.2639 246.4335 261.4486 256.2918 262.8228 272.2934 274.9893 267.6961 221.978 175.6185 168.0697 159.3474 156.5103 170.94 213.7848 221.89 258.2108 280.4879
134.509 141.1255 147.844 149.8942 144.4035 143.2118 128.4992 136.7157 156.5388 133.0581 155.1056 156.1376 157.2982 168.4198 152.9352 137.1616 167.7591 175.5572 180.6271 175.3761 163.1857 139.8646 164.2296 184.9391 178.5871 179.1163 187.8221 192.4729 193.1787 200.7676 195.9961 197.7541 197.5174 181.7981 203.481 223.9541 228.4585 233.2456 238.2831 218.0077 215.6727 240.3124 235.3659 232.8419 229.6818 233.9335 243.6521 242.8085 248.9169 246.659 259.5704 258.7566 228.9987 187.6372 165.573 154.1584 153.9758 154.5577 144.3624 149.8365 167.5698 191.8248
136.2451 143.7894 143.3276 145.1496 144.061 122.6022 125.9514 144.9409 140.5419 140.6207 160.467 136.54 160.8731 159.8999 131.452 144.1077 163.7649 169.0729 166.7546 168.0043 148.2576 135.9312 159.8253 171.6864 170.274 174.1185 189.3267 178.4911 189.05 191.0578 187.0675 187.7125 175.7366 206.0644 213.6669 216.6607 223.8408 229.2925 220.0584 199.5128 224.5051 234.3783 221.6769 224.9523 218.8581 228.6425 226.3676 225.7665 229.4054 230.1825 239.1946 238.438 238.8709 238.0282 203.1541 168.3319 153.4055 147.0176 142.1362 139.0452 137.5764 138.4518
132.0576 148.9101 139.4423 126.8598 128.4185 119.4914 133.8724 143.8437 124.5695 142.0374 142.514 143.5982 160.4709 143.3733 120.0627 150.7462 162.8616 166.3857 161.7809 153.3931 127.748 135.324 155.8002 156.1768 173.0911 179.9958 175.158 178.3741 185.0694 178.0516 174.7019 167.9162 192.4256 210.9959 210.1495 212.8604 220.2456 220.6191 188.941 204.7782 220.1638 214.903 212.7293 212.2828 219.2905 212.2616 214.5928 215.3722 215.247 225.4249 221.8925 228.2471 230.0055 235.5738 230.2313 192.9499 163.2184 149.4055 144.832 138.9559 134.8333 129.6683
141.1893 144.697 132.7612 129.7601 113.4058 117.7733 146.0572 125.1444 133.3406 147.6896 131.4281 152.2587 154.431 128.6642 122.7265 152.0952 154.0725 159.1245 151.5707 126.7928 119.9518 132.3313 143.1971 160.4245 173.8055 167.009 171.4553 171.3706 170.7354 164.6534 160.0843 193.092 202.668 196.5683 207.596 210.473 213.7299 192.9861 185.7505 206.6856 208.8367 198.8819 206.2024 203.9695 211.2164 203.9782 208.1529 209.4626 207.7426 216.5336 212.7721 216.0192 220.6234 226.6579 229.0367 207.7948 176.6564 152.7098 145.5439 140.2189 133.5887 130.6349
139.4622 138.9079 119.8651 120.3298 105.2729 133.3376 125.5028 117.765 132.6971 124.3309 142.3741 155.5371 147.7596 114.3219 134.5082 145.822 145.4204 146.7149 150.0934 110.5738 127.2724 139.2719 143.2941 153.0658 156.2659 166.3549 158.1884 158.9769 152.4342 158.1122 182.4948 193.6385 187.6018 192.395 198.6402 206.5948 205.4745 174.5953 184.2552 197.5801 201.1778 187.9682 194.3988 197.5299 205.5564 193.311 200.7886 200.4656 205.3286 205.2619 202.6245 204.9627 214.1541 212.2447 215.7588 209.9479 185.691 170.8967 152.9796 145.3157 135.8801 131.9937
129.5622 130.4377 105.6471 95.1348 116.0154 129.1465 104.8096 115.479 115.5952 137.5522 148.7447 145.2689 134.9002 108.9605 135.8757 138.3186 144.7692 151.445 126.6452 107.2973 117.9669 126.3151 132.2164 143.9845 146.0389 144.2967 143.3128 139.5583 151.4054 174.9058 185.0893 171.5694 187.4492 193.9277 196.1317 196.9955 166.2511 171.0013 181.1512 192.4421 192.9093 179.9555 187.6347 196.9622 201.4848 187.1155 189.8618 192.1587 194.2458 194.3153 193.9622 201.5656 200.6887 201.5217 200.7317 205.9706 198.6287 181.8789 167.7981 155.9353 148.6224 135.0998
136.0114 117.2634 90.0491 105.0745 118.0872 101.5733 110.6137 130.7579 141.1398 144.6741 139.7941 144.2698 114.799 111.7909 126.9814 123.8167 144.2373 134.3752 99.08 116.9334 138.1665 140.6439 137.2054 137.4628 137.8271 127.5234 126.5885 156.0013 175.4599 167.6549 169.4616 182.4569 177.4368 182.5175 189.2427 186.0358 159.78 160.7308 169.7191 176.867 181.7984 185.2056 183.4508 184.8006 175.0218 180.5638 186.4966 185.7581 188.1018 179.3892 186.564 191.4772 191.2908 185.2557 186.0282 187.5079 192.8017 192.5139 179.3028 170.6378 163.9237 153.2388
121.4768 106.4141 88.8374 103.7863 96.4241 109.3474 132.4614 134.4108 139.7234 134.9065 139.2236 135.0014 99.2239 109.075 116.9821 127.2081 136.383 101.9028 101.079 125.371 126.781 123.8137 127.0169 124.6937 119.4921 140.6028 155.834 164.109 165.2791 159.4849 167.7375 171.6933 170.6772 178.1996 181.24 181.2092 182.1077 155.1153 157.3582 164.088 172.9101 171.9992 176.4907 173.7784 178.9008 178.7457 188.7215 181.2285 173.5908 171.8552 184.7654 179.7139 178.9381 173.83 174.906 175.2327 181.9707 187.1006 186.5858 184.5592 173.8845 164.5329
116.5729 82.1812 86.4091 93.6928 127.6232 132.9289 126.9198 137.8217 138.9593 133.5127 138.7881 126.3529 88.0207 104.0592 108.1096 122.6566 123.8292 88.3216 110.8788 112.5091 111.5827 111.6206 111.1139 108.6952 139.7055 157.2455 158.5301 161.6713 154.5417 153.3467 164.4051 160.7559 164.1412 173.6729 170.936 174.4955 178.5856 160.0133 147.3353 152.848 163.8548 163.9669 168.7354 157.5459 167.1673 182.8768 178.145 173.7879 167.4573 173.1487 167.267 177.0886 165.8831 163.0771 166.871 166.3303 168.9855 173.5477 185.1404 187.9023 181.1714 179.5191
88.2692 72.7802 98.7458 131.1588 132.4877 129.7728 130.007 133.7708 130.1673 134.4576 139.5618 107.6099 88.1775 93.7776 111.913 123.9707 98.2418 90.9371 100.2644 101.1763 97.1374 102.7567 110.5628 135.6758 149.3146 147.4546 153.1579 146.7583 139.0163 157.1 150.6704 156.4245 169.0008 162.9117 164.0625 167.4068 173.4814 165.1705 135.676 143.8404 158.7807 162.8881 149.4232 160.6898 178.5522 171.2836 164.256 155.0731 167.0984 162.6832 160.365 168.5527 158.2674 161.7077 159.0668 158.5014 159.9321 163.3755 171.2168 179.1146 178.5249 179.9361
66.9445 84.8879 122.0935 133.4161 128.444 116.6373 123.9376 131.265 126.7416 131.5777 136.6902 92.5276 83.4556 91.6717 109.6951 116.9781 79.4396 91.7861 89.0277 91.9838 105.6362 118.6078 124.2647 142.7445 146.2178 148.3833 146.8076 123.708 146.8376 142.4075 136.259 156.5752 160.7507 146.1727 156.5757 166.1016 164.8009 143.4625 132.8772 142.2812 148.3838 141.0713 151.7907 166.7652 164.7572 152.7847 148.4851 159.5576 159.4276 150.0157 160.1958 151.138 153.303 156.547 148.1575 152.7018 160 158.8124 160.1477 160.4723 161.7374 166.7716
67.9459 98.0924 122.2685 125.0634 114.6961 117.5527 133.3514 117.0785 129.8089 129.4266 130.8501 78.395 79.348 92.1532 112.177 88.8116 79.0057 81.3906 82.6877 118.3627 128.9541 137.5726 140.0558 140.9366 133.7791 145.5895 124.2924 126.0931 135.756 130.4693 153.0367 147.6943 139.7342 153.009 157.0596 156.1034 154.5152 133.904 126.1054 133.0586 127.523 146.7651 160.0736 156.7514 149.2784 139.6778 141.6307 155.0143 140.9131 148.629 144.4535 144.7439 149.2087 146.3971 147.5931 153.1086 153.8531 154.0581 153.534 153.5638 153.937 152.8083
76.7629 116.9282 120.7622 113.865 100.4081 120.3213 128.4376 114.9973 112.1015 127.8052 114.2018 69.9719 78.2636 89.1449 104.6783 70.5351 77.3285 78.2442 111.7153 118.2276 131.6637 138.4265 135.9521 128.3555 136.5685 128.1409 107.1297 124.1298 120.6809 142.7583 146.7521 128.475 142.5635 147.0264 145.4072 146.4427 143.8484 146.8647 119.7552 121.0254 134.9174 151.4093 152.1357 148.566 136.1331 139.418 148.9871 140.4298 140.9194 141.799 140.6393 148.1805 141.615 143.0639 147.9469 146.828 148.1014 150.8664 149.7941 149.0531 145.5812 139.0183
74.8771 111.809 100.4508 103.5298 107.3739 123.1295 113.4429 108.2065 110.8833 113.0409 105.2923 69.1412 75.2156 85.2259 75.7508 65.46 73.356 97.9165 113.603 128.5856 125.6132 130.6319 117.8484 126.1354 127.7108 98.7608 103.8474 111.0427 132.1263 136.441 127.2246 122.2711 142.7625 146.2035 142.8002 137.2798 138.3221 127.5844 113.7205 127.7181 139.435 148.0792 144.3652 135.4224 127.1416 146.9446 137.6648 131.6363 139.9242 130.7385 141.8814 134.8389 139.1916 143.2396 144.3105 144.6922 147.4271 145.9836 147.6972 149.2327 141.2867 126.3915
80.8869 114.0524 93.1169 82.0823 116.3459 110.4276 90.493 99.8044 112.0006 117.9274 103.2766 62.3822 68.9868 72.7863 65.844 67.8045 91.5932 103.0512 118.3995 120.5318 122.9212 114.6954 104.8002 120.9859 102.6657 88.8526 103.8086 113.2391 128.0536 125.9614 105.9034 123.3551 136.7101 131.6197 138.8129 128.8412 122.6257 109.2399 121.2341 128.8725 140.5003 140.3397 131.1771 124.6636 136.4911 136.308 124.0383 136.6028 128.164 135.1645 133.836 130.5343 134.6124 137.4082 137.2605 142.9596 141.9457 140.9874 152.8806 152.1295 134.9647 110.9755
94.2891 114.1977 76.521 87.6061 107.5727 103.2499 95.6694 86.3317 87.0865 108.5024 108.0642 62.2572 63.0409 64.4104 57.117 75.0432 94.8199 102.1487 109.3914 117.4035 120.0177 95.5887 110.0561 96.9354 81.2041 92.8925 116.5003 130.1949 130.7565 109.294 101.6585 126.4008 124.9702 124.7612 121.2454 105.8478 103.1851 113.2494 124.7276 132.3692 135.4725 128.0733 118.7985 126.3829 135.0614 124.9349 124.6985 127.508 127.0961 131.8876 130.1592 133.7821 133.5641 131.5958 133.3583 136.0854 135.6133 143.4619 144.3876 144.2876 136.8036 112.6239
101.6586 76.9144 70.2389 87.977 97.0556 79.8425 84.4059 73.5645 91.9537 111.5906 115.5851 68.7902 57.5827 57.7888 61.6145 76.0947 83.0335 105.1975 106.4779 104.6957 89.4223 98.8416 88.2017 76.2535 86.4824 101.7282 125.2691 117.6348 113.0189 92.9243 110.5344 117.0287 111.4206 116.2113 97.676 101.0508 104.246 116.1383 124.274 129.5061 129.0647 120.5871 122.529 125.691 123.1649 118.3892 121.801 129.2665 125.3389 124.0566 128.263 126.7084 125.0331 128.4452 130.7554 129.73 132.9596 140.5529 135.2628 143.5719 124.2722 111.0525
86.6309 57.0495 70.1351 102.6818 82.5204 63.4037 62.5543 82.599 103.1964 101.9363 96.711 53.1277 55.8738 61.9606 73.8714 85.0576 98.6029 85.2004 92.2666 86.3156 83.13 94.725 71.17 81.3335 98.2861 105.063 98.1957 108.992 88.3134 88.5295 110.0832 102.3742 103.6401 91.1784 93.0055 100.6985 109.8065 117.2849 126.1945 125.1618 111.7704 119.1147 119.5449 113.2421 112.003 115.4663 124.5044 121.5422 121.6824 123.466 120.2263 124.516 126.0941 122.7752 121.0656 125.9631 128.8556 131.0131 133.1612 135.4532 103.9947 111.9382
63.1066 67.3144 74.8021 80.9353 66.2382 62.632 67.5597 83.2932 78.1997 107.8972 70.6745 52.5353 66.6649 73.6137 84.5821 88.4299 90.6742 77.8664 73.5363 72.9742 89.5616 71.3841 70.5283 90.5322 101.2298 91.5272 92.3274 73.3316 81.0254 90.6526 103.9514 94.3932 86.7698 88.7316 93.2327 98.9355 111.8378 125.3016 121.4975 110.6882 110.4569 112.7448 112.8672 107.8597 106.5258 115.9372 112.8187 116.1448 119.8011 116.2999 122.68 121.5676 121.0398 120.3163 122.0607 125.5788 125.3621 124.553 128.9843 115.4099 113.3863 124.4016
51.4966 68.8506 84.0446 70.2958 55.4256 60.8956 72.531 75.2769 78.7006 70.2722 49.7488 54.3114 67.9193 77.7288 97.256 76.3949 70.7125 79.5567 68.1437 74.581 63.3358 68.8286 80.5317 96.0274 92.8938 84.5078 71.5659 74.4149 85.5389 93.7675 83.2197 82.6687 85.9975 90.7567 95.3521 108.7959 115.8325 113.706 110.9634 106.2862 109.8465 108.3972 106.0391 103.7302 111.9803 106.7438 110.452 111.3481 111.5736 119.7122 119.4379 112.1878 116.2265 118.0558 121.5049 128.2697 115.0163 111.0477 110.0638 104.8092 123.7156 136.0015
61.6238 70.7821 76.9862 60.173 50.8184 66.3218 72.6196 68.3839 76.7286 52.3722 44.3623 52.4795 69.3478 82.4645 71.4147 66.5986 78.5315 73.3696 63.4449 59.911 66.8601 76.8271 88.1612 86.231 72.2557 65.7932 71.4291 84.281 75.2848 76.9896 78.7719 82.8344 87.8104 93.5444 100.165 106.4111 111.2458 115.4834 109.7547 107.1431 99.0874 93.8569 99.8852 104.5453 105.5102 105.15 105.0943 108.2128 113.8151 109.0028 106.6346 112.9277 115.6236 118.9293 124.0291 122.0507 107.9205 97.8858 100.6062 115.8532 124.8609 135.5872
61.2593 66.2732 66.2005 48.3652 50.9226 63.6372 79.908 66.1027 68.8808 45.9331 45.6361 55.6906 70.5876 66.4438 65.8474 69.5205 69.8711 60.1033 56.6446 61.9512 73.0203 92.6647 99.9169 74.6255 67.2681 71.9015 78.823 82.5808 68.9767 73.8415 79.4081 85.2764 95.8266 101.3381 102.0074 117.628 118.0749 118.2611 117.9495 106.5386 96.634 93.6114 93.6735 97.2391 103.9941 102.2935 101.2223 108.7877 108.0428 101.2529 106.7055 107.7389 116.7563 117.3741 116.7606 110.911 94.4608 100.7913 108.4431 119.1191 132.0904 145.1223
31.1319 35.5346 40.353 41.7957 54.9458 63.0104 61.6041 60.033 64.3149 44.1351 46.1134 59.2228 65.7333 50.2716 55.8593 64.2435 54.8514 61.5114 52.6142 61.9258 72.8877 82.43 84.2488 61.4798 64.0711 77.3877 69.3136 66.7911 71.7141 80.9286 85.3817 91.9161 98.2026 105.6728 106.6096 113.7645 118.1334 112.7335 112.0471 100.7878 87.7688 88.8005 93.3718 95.8759 92.299 97.7634 104.9768 104.719 96 102.8729 105.9018 111.883 110.4065 105.4844 109.3125 91.7391 95.6566 104.5498 117.8252 130.8929 141.5129 151.6439
31.5853 34.953 34.3259 35.0967 41.1047 48.2652 46.7281 58.9444 41.4816 41.5289 45.9685 55.7368 38.8359 41.2622 50.7126 57.2363 48.6485 44.6513 62.0704 64.0884 76.9793 82.4932 62.3946 54.1145 64.6271 63.813 62.0564 73.8012 78.6025 82.6256 90.8949 99.449 101.1588 92.3599 105.4534 111.9857 98.1358 97.1846 95.1949 79.4789 81.9486 90.329 92.0888 88.1167 96.2859 103.7662 99.9821 89.9589 95.8132 102.8284 108.2719 105.7056 101.2935 101.304 92.5136 98.2479 119.2683 125.386 130.5524 141.163 148.9088 147.0492
