MapLib/Lvl1_5x5/BG/Ele_BG_AF.asc
ncols         557
nrows         557
xllcorner     2784500
yllcorner     6122669.448
cellsize      1000
nodata_value  -9999.0
[rows 435 to 463 of 557, columns 264 to 329 of 557]
184.3607 172.3481 172.809 175.0509 181.1966 174.4161 160.0921 177.5245 167.9156 189.5883 171.2694 175.7167 186.8344 179.574 174.1115 174.1304 168.798 162.2511 157.0483 158.5687 163.3591 156.3214 164.1863 159.2479 164.2056 163.7152 165.0183 171.3981 166.315 165.3424 163.9683 165.9747 172.937 174.6944 173.938 179.724 182.9095 183.8637 188.4658 180.0244 176.6401 176.5488 172.0493 175.9671 175.5242 173.1 169.9045 166.0164 164.7954 166.7195 163.0771 154.8547 155.6292 148.8333 148.8559 156.7516 155.0816 152.2716 162.8448 152.1873 160.706 155.6522 168.7628 180.2704 176.5824 160.9026
188.7277 185.2494 180.001 179.1203 172.0554 165.8382 167.5661 163.2355 166.2453 166.3591 172.36 183.08 184.4395 182.5808 175.3126 166.6659 155.4556 153.017 154.3053 155.858 155.5129 155.199 155.0456 153.0796 159.0014 157.8246 164.1343 163.2215 166.0164 167.4348 168.8525 159.0785 172.8166 174.0385 178.611 177.3647 182.001 182.4148 181.474 180.4774 183.7322 178.0642 167.2375 166.3868 164.4934 171.7583 171.9933 166.4987 159.7375 166.5143 163.4571 164.5603 149.4648 148.7952 148.0276 145.5222 144.2887 153.6108 151.9815 149.3291 149.5664 166.0763 175.7914 172.1485 157.8253 147.8484
169.4566 170.1659 182.3949 181.2834 176.505 175.9477 166.7417 155.3076 157.9501 158.0669 173.0646 172.2376 171.4903 169.0748 173.93 177.3674 167.0421 164.273 165.2223 176.4651 175.5606 168.6609 163.1198 169.1783 165.0444 159.1294 154.2712 156.9663 164.1566 158.2978 159.3051 160.5871 167.6963 171.5542 172.496 181.8797 163.8822 169.9876 167.2026 178.4809 168.8624 164.9791 173.5147 179.2285 185.3855 162.699 175.9 170.9001 165.6164 162.7427 166.4796 153.2107 154.7135 149.2474 146.7516 160.9855 147.2431 143.4559 143.3439 151.2635 141.858 160.5186 178.2591 160.4935 144.4205 134.6435
174.3378 168.6512 172.5749 173.7341 173.6139 162.1675 165.7691 151.0797 165.8913 160.5009 171.5763 172.5904 172.3347 171.5426 169.7964 171.6828 169.8538 171.7399 167.5159 166.3564 163.0978 171.5259 165.3087 165.2783 157.2357 157.7676 162.7812 167.1895 161.0419 161.874 160.9966 169.3549 167.7419 174.5213 177.465 171.8863 163.9693 158.4 161.071 160.2911 161.8427 166.8798 182.7472 173.7621 169.2651 156.0437 165.0218 167.8922 163.0163 163.4099 157.0045 159.828 144.1346 140.2836 148.5838 140.5605 136.4959 133.0974 123.0268 137.5309 157.0485 172.3365 155.3147 150.4688 131.9825 132.43
157.7543 156.178 163.99 164.8022 166.0869 170.0542 154.8479 159.7753 155.3362 157.0142 168.3619 155.4933 159.6306 172.4649 174.2055 172.1802 167.3698 167.0069 167.0075 167.9805 170.6175 154.6621 172.6416 174.4234 171.4804 168.6904 167.493 176.0252 162.0447 162.6674 160.4884 159.7094 165.4036 169.1004 163.267 167.6557 159.4971 160.3659 157.1855 143.2325 150.6815 160.0648 155.3796 153.6343 167.736 174.105 164.3986 148.2818 166.4853 163.0346 151.12 150.3941 146.832 150.9989 140.4532 135.0014 135.7281 129.6626 131.5636 163.9818 156.1535 159.3252 144.9859 134.8223 129.0875 128.5825
169.1438 168.2475 159.3359 164.6058 174.4631 177.5522 163.9603 158.999 159.0638 154.9996 172.5812 166.0007 165.607 171.2856 182.5882 170.8494 167.8708 171.2751 166.2245 154.5112 151.9844 160.2896 162.4507 158.8544 167.3172 169.3343 162.5734 168.4915 173.1905 169.4229 173.3503 162.9597 165.8428 159.7988 171.7602 171.3151 158.8134 153.572 148.6201 151.0172 155.2981 162.03 148.4922 143.8412 151.8544 155.9541 146.7364 152.4697 154.987 159.8553 155.4391 142.9911 158.9766 144.6748 134.1065 130.9055 134.5007 125.5892 139.3247 161.968 154.0862 131.0404 136.6822 125.9835 138.5492 131.7432
150.2415 160.4056 173.0223 154.0319 158.6339 156.8802 159.9119 162.6075 163.1715 161.9917 173.9423 170.5196 179.0223 173.7036 170.1033 172.1699 181.1062 176.6947 171.6186 150.3902 147.1645 163.3746 162.1302 156.9688 155.3224 154.0809 153.53 166.7909 163.3649 165.0079 157.2707 166.0929 172.7966 172.7308 166.0702 166.6404 173.2217 166.9188 152.6593 148.465 151.0409 152.2121 142.7596 142.3851 146.0609 151.4667 154.024 144.9256 155.0525 154.1523 149.1232 153.8317 151.223 143.9407 151.741 137.0447 128.8753 135.1637 144.4136 147.8577 133.7105 135.0942 132.5332 131.0502 127.9843 128.5874
157.6723 152.625 164.0591 171.4041 171.2453 161.7708 161.7722 157.1774 157.6808 168.9761 168.6077 171.8603 166.326 165.837 182.3263 178.1698 182.8481 159.8798 162.7193 155.5711 149.022 154.7959 156.0207 151.2628 157.5175 154.0985 154.2817 157.9274 158.9548 150.8539 159.9804 172.1471 186.8547 172.5807 165.6662 166.3745 172.2264 165.2955 157.5697 141.5148 147.2159 151.4887 144.6532 145.9022 148.1609 157.121 150.2899 152.5138 153.7476 145.6026 154.9816 148.4058 148.3911 155.7055 141.5824 137.5313 133.1778 154.9714 139.0661 134.6605 138.2067 138.5983 139.0481 136.0758 128.8079 127.6992
159.6046 161.5297 164.3968 168.5544 170.4456 173.1643 169.8381 164.5335 160.0193 158.4699 164.5511 164.6093 171.7828 163.4208 166.0212 170.4108 172.7673 177.8928 166.3376 163.0246 155.143 148.2976 151.1686 151.1329 155.3125 147.9756 144.7576 147.0948 146.2632 155.0446 152.7248 159.1802 163.5347 159.3643 160.5332 157.7725 155.9017 156.3262 158.3022 157.275 157.0711 146.6438 141.104 143.57 147.3615 145.8567 148.5573 145.6779 153.3387 157.4248 152.6378 152.1965 144.9503 137.2548 140.1119 143.9823 135.9333 138.8023 131.5961 140.9427 145.9635 152.5988 156.5534 152.3203 147.0166 154.2373
156.4748 180.9186 180.8293 175.307 178.9657 174.428 176.0693 167.0707 154.4043 158.1698 159.0358 161.0475 159.529 164.7775 162.5012 170.8812 171.5785 162.8487 171.5656 155.879 159.3367 151.2469 154.4548 163.6716 161.1154 140.6228 163.8235 162.603 152.881 154.2352 164.2455 161.3473 155.6577 162.1556 152.0199 160.246 161.8616 156.8543 153.8859 152.213 155.3064 147.8556 151.7126 154.8076 138.949 146.8205 141.9779 154.8668 148.0491 163.1472 152.2321 142.7433 147.3038 126.8606 133.8624 135.264 150.7473 143.3989 149.0033 146.8215 154.7229 160.7818 151.4393 150.7252 158.6335 159.3734
163.1328 168.677 177.0346 173.7623 181.6409 179.4586 192.658 170.5247 155.8712 154 158.8438 157.8569 156.8526 156.8674 159.1771 165.7358 158.8135 156.5285 160.9329 163.2594 174.508 159.4687 152.2091 148.4268 151.3414 153.4527 159.3046 148.1283 151.7298 146.5261 143.8913 148.597 154.0217 150.8427 155.8371 148.6002 160.395 154.2065 159.9733 145.0466 148.7351 152.0317 150.5006 150.1608 149.937 145.3506 140.4053 149.0407 150.0882 155.3278 157.407 135.7443 132.9201 141.8647 148.0231 150.2999 159.8044 154.8317 152.5652 147.8186 152.135 152.1023 153.1723 150.0287 150.0501 156.9013
176.5731 180.4595 172.1113 180.9486 189.9198 184.8434 183.9036 178.0481 154 155.9298 157.9732 165.4234 175.0919 163.7733 162.2493 165.0208 164.796 164.4505 163.885 160.6317 157.7055 155.5737 155.6104 156.3237 152.881 149.3443 159.4743 161.0117 148.0381 154.7316 146.1623 141.7987 142.7686 141.6856 141.1473 154.1033 160.644 155.7686 149.792 150.6634 148.5724 156.759 151.2228 147.6043 154.3628 128.7273 137.9851 137.9253 134.412 128.533 142.3547 132.3012 131.8309 155.04 156.0353 157.3687 154.5444 152.7582 160.2697 153.1393 160.3633 157.8738 152.0057 148.8505 147.1983 148.1051
188.1701 177.3191 178.6837 188.5952 198.5936 194.5176 188.9319 170.9868 159.3668 168.1435 160.3615 155.937 159.5454 169.8706 172.8188 167.8236 174.9851 177.0983 164.6505 157.635 160.1973 155.7671 155.6639 158.7489 159.9683 150.6727 151.0989 148.4601 155.3559 158.3244 156.7724 161.3242 163.8286 150.1407 137.3844 143.3087 141.168 148.4923 145.5481 150.0986 153.1401 145.4913 147.1258 142.5469 144.0304 132.4211 133.4629 147.8878 139.5177 138.263 151.8882 138.8426 133.5064 123.0704 150.9355 152.1068 157.4695 160.0862 163.2771 155.2639 146.4463 151.5687 145.1848 151.6306 144.1848 148.3858
185.9615 190.9489 200.8296 200.6881 199.1377 188.8119 176.3996 161.844 163.1063 156.1103 155.7623 153.7768 155.2186 156.9828 169.6428 166.2116 168.1902 166.2627 170.0457 168.0146 166.9661 166.2804 164.013 164.279 167.2278 170.0924 158.3131 160.2081 171.2862 171.2132 172.3274 157.1489 148.4089 152.8884 161.7727 155.7547 146.1435 143.8996 151.3863 140.0888 143.6276 145.1388 140.7567 140.2222 143.5201 147.0735 149.3475 167.3504 149.4368 147.729 154.3291 140.4074 141.1622 120.6076 150.8123 153.8901 154.9284 157.8053 150.5081 139.9932 151.5454 152.9852 151.2898 146.1523 149.8483 155.2791
179.6949 189.3565 190.6709 196.1915 195.6888 194.8526 185.0033 168.8787 164.7793 165.7873 158.4719 153.3833 171.961 160.8029 163.2941 155.859 160.3928 165.7033 164.4315 167.8401 185.2704 167.9198 167.2317 161.8335 159.771 157.8829 153.633 160.1263 174.7398 166.8175 164.0853 156.1759 167.8598 169.3648 171.1799 163.1317 149.3523 158.6384 153.2711 168.1582 164.0588 161.1776 161.8656 157.9689 157.3467 150.2118 152.6527 162.336 151.2442 150.3732 149.9085 143.2749 136.4913 118.6977 137.6853 142.1185 151.6084 150.7224 142.3756 139.9982 152.8916 148.6239 147.7328 146.581 140.5178 131.8482
177.5328 185.8875 189.0389 197.4869 194.6717 191.7859 181.8209 183.1694 184.8685 165.2195 164.7514 157.9954 154.3998 156.7911 167.4773 162.2826 155.0696 162.3451 167.3615 171.7554 162.6872 161.6709 163.6271 157.6279 177.7779 168.7386 159.7808 163.7711 155.8074 169.4799 161.7306 165.9604 163.1131 162.0797 172.2083 167.8122 167.2198 149.9355 163.035 150.5257 151.5177 143.9815 150.4834 157.4185 151.6938 163.6658 151.1694 159.8702 142.0006 140.0557 145.178 154.3357 132.3631 119.5607 146.4153 155.5621 143.553 152.6511 147.4541 148.2122 142.8967 149.2294 146.545 148.5132 146.4909 134.3815
171.5493 185.1199 184.3119 191.0225 187.4786 176.2724 197.2404 193.957 187.041 168.4605 170.3539 163.1669 154.6165 156.4305 155.3803 159.8362 153.7011 160.128 166.2621 174.0631 170.6676 175.7641 161.0699 162.7065 162.1922 160.9044 170.1657 170.1264 166.8306 174.2194 160.4363 170.3186 157.5634 160.0713 169.8895 161.1573 154.5793 158.0528 159.7085 161.9332 151.0069 157.7334 151.1307 155.068 147.5497 149.6257 149.1292 160.0676 151.0186 142.5221 135.0803 134.3583 132.3793 119.9797 122.4289 150.0553 137.7629 150.1352 147.2862 144.7629 144.4532 148.9518 143.4585 133.1364 121.0394 131.1609
178.8503 175.5432 173.4857 169.9819 187.033 192.0304 197.7324 194.6674 172.7396 166.8573 160.7118 145.0716 151.038 151.5289 156.5589 157.8952 158.7919 155.381 168.3872 173.1763 168.0675 163.5781 167.6044 161.7792 163.9541 175.5718 170.4462 175.4004 172.6807 164.0851 168.5454 165.0499 170.0162 162.3291 171.171 161.3743 185.3616 169.0426 170.6831 180.6004 174.4034 148.7108 138.8718 143.9286 145.8889 143.6261 141.1479 146.4523 136.5659 143.1608 142.6593 137.2267 134.5567 132.0938 117.0857 128.6624 129.2779 132.181 136.2213 142.6628 144.3234 128.4582 126.8175 130.4903 124.0972 122.5106
150.0842 157.1785 158.2545 154.0266 186.6917 189.054 177.2023 175.6823 165.9643 144.7574 148.4524 144.1098 152.5391 158.8636 148.7412 164.4044 156.2608 167.5235 170.8047 164.406 167.0338 162.8373 176.1084 167.481 168.9227 162.3148 157.8782 162.2976 161.318 162.5902 172.3046 166.698 178.6329 158.0435 169.1332 158.0202 154.7523 151.1857 155.9209 146.4349 148.5974 145.4303 150.7716 166.2016 145.5973 148.1881 142.169 140.0814 136.4035 139.4182 136.8542 141.9377 138.9482 131.3906 120.4238 113.9928 129.5472 144.2351 139.9025 144.8403 144.5605 126.7129 124.6405 126.4401 123.6617 127.578
149.2564 145 156.9901 168.154 174.5783 177.2755 165.5212 161.6718 159.8824 160.9909 153.5004 159.3158 149.9983 158.4716 159.4578 156.454 158.7573 171.2422 168.2039 163.8474 164.8781 167.8749 159.7113 163.11 160.1796 156.0193 157.3783 161.3632 166.949 160.327 174.9404 160.7484 162.5496 164.6297 155.4601 164.0208 169.1657 156.6534 155.4034 151.8949 147.8435 140.7868 139.5226 143.8076 149.9551 138.1062 150.2246 144.5987 153.7175 157.5307 146.2121 147.5454 147.9915 135.8603 124.64 115.0478 128.728 135.7147 125.3364 147.4961 139.3526 129.6723 126.3503 125.2797 135.8714 133.4615
139.1751 145.227 156.0956 171.5793 172.6921 177.1961 172.6571 169.3043 156.1935 159.8954 155.3153 153.1078 160.2522 156.4762 160.9461 162.0775 173.6862 167.7487 164.2444 158.6108 155.9972 155.947 165.201 164.0609 164.2148 164.3408 165.2123 156.3475 158.712 162.944 159.2318 162.6627 163.8279 149.6176 157.8801 170.3247 162.7048 152.4805 145.8274 145.1825 141.2592 136.2684 139.168 136.137 133.8593 141.0623 144.8453 143.1647 150.2452 148.7588 139.7106 132.7504 128.0863 130.9729 126.5181 119.0993 120.7909 142.5487 119.2212 126.8101 133.0664 118.6441 113.6212 113.9147 119.205 122.4117
133.4638 133.091 151.4914 162.2228 158.8294 167.1236 172.175 167.4599 150.1349 144.9302 143.5367 142.5148 145.0464 150.4961 157.8393 160.5004 154.8877 158.1995 161.0036 161.1983 150.0786 171.4265 178.9996 164.2812 165.8707 166.6621 171.8511 170.4715 170.9803 173.1983 164.4769 176.7205 177.1169 148.49 150.2349 158.5842 151.2649 152.4439 148.4721 145.776 148.0751 146.4541 141.2112 135.0864 134.4622 136.8558 149.1902 146.2725 150.8868 140.3302 139.4765 135.6172 131.7144 129.2615 131.4425 118.0005 111.7493 116.7308 133.0451 140.764 128.3814 121.7348 125.326 128.4081 122.6748 118.9038
135.3945 141.3637 154.321 161.194 141.9238 145.2636 164.603 154.7645 151.7264 157.0233 154.9993 145.9206 157.7778 163.4134 159.5422 163.0061 155.7789 156.9605 157.2018 159.6186 159.0868 160.605 163.3093 163.7541 164.749 165.321 162.6384 168.0108 184.6174 175.9475 171.5513 182.6039 169.6234 163.0833 182.7562 158.3378 156.8765 153.3461 149.9565 140.6387 145.6795 146.1328 147.917 133.8684 138.8746 127.4495 141.2794 153.6304 147.3206 139.5472 145.165 143.9424 138.2781 135.0476 132.3367 118.9157 111.3222 120.5618 133.8006 138.8538 138.4602 130.289 137.5123 133.8489 142.9185 137.7102
143.9487 140.7027 144.9409 159.3139 159.6134 135.714 155.899 148.1558 151.614 154.7797 150.3591 157.5029 164.1899 160.2759 164.3109 158.461 162.9576 173.7076 179.5805 181.6583 187.1398 177.5802 170.106 172.0217 174.2254 173.6327 168.4999 168.358 170.0177 169.138 166.3824 173.2194 162.8054 164.4816 163.7881 158.7233 147.5926 150.6016 144.0962 139.5615 141.8048 148.2339 147.8363 139.9342 126.6778 136.8258 141.4528 160.612 143.4368 140.6969 148.0401 141.5099 150.2815 139.1011 130.7515 129.5845 117.1864 126.5246 127.6418 131.7854 127.1167 132.2449 127.8687 127.1588 141.526 136.5768
144.2148 142.8486 146.9293 146.3061 145.2003 151.8954 135.7168 146.9818 155.8482 156.3619 161.029 165.6366 159.4662 159.072 157.7242 160.5968 166.3947 168.5451 168.2865 165.1411 165.6067 172.6977 173.11 173.704 178.1815 176.6525 172.9536 170.7947 179.4502 176.6424 179.8608 179.4164 160.3013 160.2047 159.7578 155.5115 155.4998 150.3372 146.331 144.3905 135.046 144.2885 143.3906 144.122 126.8146 127.9035 131.83 128.7111 130.1888 127.5095 126.1162 137.2196 144.4961 144.6932 131.0658 126.1824 119.5071 115.0498 140.1364 128.4567 117.428 118.6421 118.2994 123.1029 126.2294 126.9601
130.1748 128.1495 148.0507 140.0955 139.6262 151.3558 151.1105 140.7733 147.0338 149.7374 148.4825 143.2039 149.5883 158.5728 159.4792 151.4089 150.9939 154.7781 159.3849 159.6093 159.8429 169.0158 161.0666 167.139 161.4635 158.4313 163.5248 171.9582 190.5471 187.0667 173.8922 153.7133 157.0751 157.4107 151.0617 151.1201 149.1767 146.6508 135.3152 140.9969 141.2506 142.9772 129.2647 125.2554 130.5629 129.8508 129.7298 128.9864 133.8076 133.9966 130.771 121.8232 138.0804 144.4272 132.4132 111.64 111.7422 116.4854 125.5626 119.6711 122.5007 126.765 118.2303 117.7204 128.3205 134.3877
135.7613 134.8864 135.2298 145.7477 139.082 131.2312 158.901 149.1961 152.046 148.1469 142.6384 141.5302 146.6094 142.8384 148.4165 150.9237 144.8288 146.4659 156.5349 153.1498 157.0212 159.1957 157.0298 158.1947 152.568 152.8334 168.8471 176.608 173.0448 152.7107 152.7334 142.6221 148.9082 161.0427 145.7843 142.3001 142.3338 146.7885 141.032 143.6331 137.7406 135.3771 134.3672 128.6398 122.5811 127.4638 118.7757 126.9875 125.7055 135.143 135.3312 144.0179 130.8122 126.32 119.1139 111.4091 107.371 114.6441 127.8365 124.5452 121.3585 125.8427 118.7933 119.7603 120.7516 117.0917
126.726 119.981 126.6807 125.1379 129.2589 134.5626 132.3206 140.8841 147.6064 151.8812 140.624 140.2454 128.1481 133.1701 135.6108 132.3023 136.5913 132.2465 141.4002 135.0059 147.0559 158.108 157.1809 151.9305 178.0854 155.6635 163.3855 150.7551 162.666 151.2422 136.3932 138.2416 139.9629 142.6002 141.9638 138.2758 138.3096 135.4008 141.5217 136.3077 133.2178 126.007 131.9667 121.7427 121.9446 127.4192 120.2726 134.6732 124.0006 134.675 144.5099 138.989 130.7114 124.1198 112.3607 106.2723 114.0547 124.8485 116.0562 122.7439 116.1582 122.1882 118.403 116.5973 113.3437 109.2023
117.19 116.9794 120.7771 134.4892 145.2666 146.011 148.2107 147.4595 147.1062 145.8697 140.8738 149.7132 151.8776 147.276 135.1596 144.449 132.5262 136.325 134.0611 140.3624 142.591 150.0229 147.1459 147.6351 151.8057 152.628 158.737 155.5468 147.2765 133.6129 132.0278 139.1875 138.1169 133.9223 134.8739 134.8891 137.0951 131.9643 128.1916 124.665 125.7015 119.2977 126.4315 124.0291 111.4993 130.6689 142.7151 139.6051 129.5781 125.0302 128.4981 126.5308 123.7357 114.8343 107.0898 111.0401 119.5363 121.2763 117.0447 113.5574 117.6721 111.1627 104.0027 106.3546 119.0834 119.8164
