MapLib/Lvl1_5x5/BG/Ele_BG_EF.asc
ncols         557
nrows         557
xllcorner     2784500
yllcorner     3894669.448
cellsize      1000
nodata_value  -9999.0
[rows 196 to 223 of 557, columns 441 to 503 of 557]
846.7397 816.85 823.5507 808.073 789.33 785.4063 768.5911 752.9442 734.3866 728.9345 715.8528 703.2189 696.1468 696.8716 695.4485 684.5956 668.0687 562.7267 569.7121 586.7227 602.3537 502.9082 471.8083 591.338 538.5411 431.7519 449.6103 543.0156 510.0276 628.3682 600.0791 603.9432 556.8567 607.0793 514.6682 445.0106 465.394 577.1534 614.222 551.8539 659.5354 743.5459 767.73 789.9383 831.1884 811.0397 847.7791 876.3342 850.1736 813.1492 818.6003 829.9922 873.436 979.2152 1086.0126 975.996 982.8312 1027.1682 1066.2574 1185.5679 1209.4312 1135.024 1091.5688
880.981 877.6954 868.3134 841.5537 807.1238 793.0151 774.463 757.4335 742.6762 730.6335 727.1608 719.7494 707.8883 707.2581 697.7729 685.8906 688.9604 663.2275 673.6021 573.1165 532.9133 490.5428 447.0083 447.3765 614.2271 482.5165 462.3513 456.8 518.7975 458.1221 431 432.1608 443.6171 469.1712 507.4503 531.1126 589.1723 656.8205 715.9078 756.8998 598.6331 683.9191 759.5421 792.6413 775.1125 788.7133 808.7018 856.5926 805.0776 814.1285 901.2255 834.2207 858.8365 964.3754 994.0004 937.2476 1009.8209 1038.324 1132.5645 1178.8723 1215.1012 1161.8113 1096.6449
898.0283 889.7296 898.5032 872.3797 850.452 813.6196 789.5157 770.851 755.9146 746.614 735.2232 726.8431 719.5334 712.7029 708.9233 693.6089 664.3604 608.892 622.6696 620.7847 564.3184 516.504 459.8889 480.1656 638.0909 619.4916 463.4684 438.3925 483.765 545.5135 541.0134 645.3134 554.8945 601.1393 658.9587 660.418 670.2269 692.7072 745.5239 789.2401 821.9712 662.0448 639.2729 668.8113 739.7928 783.163 796.6088 770.9875 766.3995 799.5524 873.0134 826.3015 845.5123 900.3357 892.0377 922.7818 967.1307 1034.1941 1128.3207 1303.5349 1286.0455 1184.3319 1115.9102
872.4197 889.1388 924.7365 899.9224 874.8242 837.5068 806.3295 784.77 772.421 762.1113 751.7029 742.0192 730.3248 729.6037 720.9741 711.7297 693.624 642.9929 668.2513 639.4193 679.5849 659.2645 498.1419 485.4843 625.9799 638.8785 451.2213 432.2491 453.0346 509.0561 611.1481 667.2467 687.1145 677.9766 669.3727 711.4597 729.7285 750.9619 788.96 850.8691 971.9066 914.5719 801.0303 630.8426 677.219 714.6117 734.4485 733.7611 762.5925 783.9458 804.7468 818.7544 833.7159 852.0932 892.6501 923.4615 996.3488 1074.1924 1217.6677 1245.9719 1231.0828 1207.9191 1163.0187
852.9108 936.5963 921.8726 909.8237 882.8879 869.5155 858.0388 823.6916 803.6974 782.3181 767.9647 758.0482 737.2966 725.8572 720.1003 711.9855 709.2824 699.764 667.017 588.8023 535.3619 501.5824 457.6162 447.9268 625.3145 605.6419 442.3292 431 561.8748 599.8023 572.3258 597.0377 673.7953 695.8201 715.2742 723.6618 741.2146 779.8098 845.0528 964.3965 965.4829 946.0606 900.8316 792.326 751.4247 708.0763 677.2188 674.9718 724.3487 765.3213 787.0509 801.1707 815.6747 842.5866 870.3413 923.6635 993.4288 1180.2128 1306.126 1264.2784 1255.142 1197.1685 1206.0643
855.4045 873.0609 888.6539 879.48 872.7308 868.7079 860.3741 846.6612 844.1085 822.5409 795.5256 776.4327 761.6523 752.9351 737.5391 725.6889 725.6541 713.2734 707.2179 679.9045 680.6915 597.7061 495.404 431.4306 541.9677 547.2658 431.4118 508.0975 553.9796 669.9709 697.8448 692.4836 682.0472 677.5993 722.3754 735.251 757.1607 780.6203 844.9493 970.4235 905.6232 868.5383 831.4697 800.7473 783.4798 752.5099 688.7957 653.8559 676.3437 719.0599 767.0446 782.0637 805.6119 829.1674 858.4974 921.4821 1026.1133 1118.2531 1174.847 1191.9272 1233.3702 1224.943 1204.5219
831.1785 841.0459 847.8403 858.9893 858.8354 864.137 862.1702 864.8115 877.0591 858.7817 821.7811 797.7089 788.6254 779.0816 768.0058 753.2136 743.8704 737.2398 730.1019 708.6601 686.1338 601.9257 533.8956 478.5817 431.2769 445.7088 431.4114 613.2699 664.7939 694.5557 693.317 658.1597 674.6268 708.1943 737.94 759.4121 784.4083 816.2786 845.5765 905.4913 936.7569 932.0407 925.4521 885.0114 892.5721 849.7028 742.6315 671.753 661.6475 693.2189 723.1738 757.3447 786.1143 802.1494 834.5041 913.6171 1028.5382 1073.9071 1068.5892 1135.3224 1168.4666 1176.2925 1193.5498
813.4785 820.734 835.6641 833.8054 830.951 844.094 856.6653 864.6362 871.9741 858.0922 848.5906 841.2027 836.3438 818.738 811.8267 808.2048 779.1203 768.5515 765.3469 758.1516 751.9473 741.3912 664.5419 702.0923 546.1045 442.1011 431.7748 435.9227 520.8327 527.2299 532.6398 556.8218 592.5856 695.8511 744.0885 763.7766 830.4094 848.0318 898.8361 997.5835 959.4835 943.0319 892.0784 891.0235 879.6216 833.2811 788.2256 739.9962 670.7361 663.4474 695.0926 749.8558 767.8039 784.7937 814.9702 851.8087 945.5695 1002.8367 979.7086 1059.9036 1041.0032 1135.006 1138.5867
786.5917 822.6556 820.2964 823.7713 839.6557 860.5249 874.2435 884.3949 853.6524 775.5496 771.0637 845.2603 857.7445 872.6714 867.9753 852.0766 822.9789 792.1808 771.1729 715.2291 673.8937 743.9006 749.7716 757.6111 598.6481 408.0639 479.746 596.4467 554.9196 610.6038 617.8861 560.6649 643.5918 712.0878 771.3654 777.2582 818.1491 872.2031 921.1048 957.0898 926.7624 938.3721 912.465 861.2325 851.4567 814.2488 786.5771 757.5054 707.6652 668.5652 685.7307 749.7629 762.361 783.1308 800.7081 826.3459 863.9644 901.4362 920.3228 944.7451 986.8974 1034.2549 1091.0313
823.6337 836.244 825.1867 836.3337 851.7192 856.5917 826.4954 740.2861 652.4425 631.5555 662.4377 743.8139 730.5051 781.0986 821.3317 719.3951 810.5621 753.499 665.9625 659.3737 558.2094 549.061 679.2344 742.1089 558.2821 358.4033 597.474 729.2 728.6754 770.2542 704.7392 708.8604 659.3715 747.2456 766.2711 802.6872 834.7315 864.7731 922.9042 942.7125 925.7571 917.7294 913.6618 858.2866 824.5413 799.7084 776.0396 764.9758 744.1536 682.2635 677.4733 740.1141 765.4589 784.2043 802.9254 831.7499 869.188 918.3531 956.136 1049.7134 1034.4457 1032.8322 940.3996
720.2581 825.11 853.7892 851.4976 851.6533 758.2266 626.715 570.9567 518.0746 521.0317 546.8062 522.116 585.9495 596.7142 580.4519 586.4164 515.0282 485.6595 392.9916 451.2034 362.5952 483.2711 480.7887 474.5766 381.9555 435.6873 596.6486 732.8439 771.201 766.4963 747.7862 734.8214 780.6324 769.2452 790.4623 817.4212 856.6526 907.6568 916.3732 956.2222 956.095 887.1802 867.1054 837.5748 809.8976 786.5447 754.1356 751.8199 710.7908 689.1702 675.536 692.0276 744.0599 768.3387 852.4197 891.9574 948.1483 986.2441 1091.3314 1179.901 1027.771 903.9249 868.8577
848.3232 853.6657 851.5328 757.5424 658.7413 552.6043 470.8031 413.106 365.4746 320.6565 298.5096 272.2699 285.4183 299.922 302.5894 291.7696 415.7656 407.2782 483.361 502.9625 702.2373 536.6772 567.6071 473.5159 476.9615 547.6923 631.4561 719.7107 645.7056 701.244 691.3797 760.1674 799.9302 821.7976 799.0539 832.4568 851.8651 864.5405 911.8459 944.3204 935.9726 897.5363 867.5039 833.3569 802.7724 777.5561 765.2655 752.6216 725.2407 697.9008 676.8636 681.0774 711.8702 783.04 892.1663 1038.306 1137.8259 1118.8826 1222.5947 1126.915 981.53 866.7769 843.657
802.8944 805.7682 631.7932 579.2604 518.368 422.8418 309.6116 271.173 276.7582 402.9223 538.5212 608.4167 632.9539 772.3292 775.1808 771.9896 877.1127 840.8395 845.8334 743.7925 725.7747 678.1749 795.4571 740.5754 712.8216 710.3673 526.3599 663.5282 752.7148 735.1797 721.0882 720.8965 777.9831 820.2443 867.6239 884.4265 857.3771 885.661 907.5533 929.5726 947.1668 888.9823 831.1249 810.7753 788.2064 769.8751 746.0507 738.8412 735.6608 701.0101 682.2873 704.6633 759.9482 796.7612 876.7798 1025.5126 1031.0533 1067.1591 1028.1814 940.9243 947.8083 844.3664 828.0237
739.7862 695.8036 581.5108 461.0548 398.747 253.9579 357.2476 530.3898 580.8887 705.2615 813.2314 898.8038 860.5917 899.5084 907.2484 919.2118 923.5284 918.6319 917.7197 931.879 857.6724 848.5549 866.2828 864.2595 857.492 837.817 694.9559 645.0233 821.5782 798.6485 785.4156 784.9871 780.2547 823.3137 851.1266 881.8795 905.9818 875.6545 904.6395 932.8602 925.6934 877.2094 838.7286 805.1033 784.3245 770.0557 756.8442 760.2109 743.3202 707.7682 690.2449 747.6895 779.6483 805.2217 851.2036 914.7635 956.4904 927.1307 912.0305 865.9734 852.4379 830.1196 823.5358
649.9059 642.8276 564.7239 357.2885 284.154 303.5343 473.6653 517.6717 608.0695 659.5423 807.7668 911.2053 920.9347 906.8798 904.9943 903.2662 910.1486 931.6395 941.3427 918.5507 904.658 914.3842 925.4894 913.2086 897.5938 873.1766 714.6329 600.6061 631.4813 701.0321 724.2471 779.1375 844.5209 855.5153 866.3592 898.9129 930.6259 950.6609 931.4936 946.6093 956.4243 886.4489 829.5413 809.167 807.5706 787.6494 775.092 774.3253 725.7375 694.3041 690.4191 758.3921 791.9562 814.1847 844.4555 897.9294 951.8774 850.501 818.3558 810.7203 821.9359 821.3119 818.5278
571.0294 593.3354 390.1818 294.3362 202.9277 240.2948 343.4271 440.6153 535.7006 649.9814 742.9035 871.5191 898.0487 900.1104 909.3338 919.9917 923.1279 925.339 931.8132 920.9252 920.4866 932.1848 954.186 946.1601 933.4179 906.6995 792.5447 695.2281 655.2743 765.4044 766.191 839.5952 834.9357 882.0556 909.0765 922.7261 922.7347 933.2527 967.34 1016.7333 1008.6256 901.4711 846.3961 878.2094 883.4499 881.0696 821.7849 798.222 778.4416 740.71 701.1308 785.3831 821.9883 851.5776 908.8158 845.2499 825.093 807.1451 803.0639 808.053 803.309 810.8254 805.4866
396.8204 275.1264 257.0163 190.9108 203.9147 289.2138 393.0799 517.6368 674.7736 827.0067 879.0888 927.6651 896.2385 896.3165 907.5765 917.2496 923.3376 928.7356 929.2488 935.3074 939.883 940.7736 943.3878 949.3752 949.029 936.8831 843.4575 742.6295 686.6807 796.5674 775.1361 824.6373 864.5552 909.538 914.5643 943.5557 953.6883 955.551 973.4346 988.1937 975.4661 991.0873 991.8515 980.8417 930.4329 879.6841 848.852 823.7854 797.7758 771.1046 752.7555 788.1112 863.0278 920.8272 898.3113 829.6353 812.4694 799.3325 828.7873 824.2094 808.9547 801.2995 810.4756
244.3633 224.8429 273.7051 377.9606 308.647 354.3982 477.9661 694.5979 791.4042 874.3525 907.3703 953.6533 985.8959 1007.3755 1017.6463 1005.1835 959.8619 956.7378 980.293 996.0766 974.0255 975.5034 978.713 977.7253 963.2897 932.5639 822.5447 767.268 708.6011 791.4114 768.803 784.9203 822.7811 854.0146 945.8722 980.8772 986.2416 997.3831 1018.682 1041.6958 1075.7743 1168.318 1214.4521 1077.0076 975.308 917.8317 878.9719 852.1711 825.3853 836.2544 864.6957 826.8823 864.0757 890.0854 856.0624 808.2101 798.3844 820.9806 830.1327 827.6959 822.3177 812.5131 813.6682
168.215 227.2412 367.2894 542.8444 684.3757 531.0563 636.3448 724.1262 803.5731 843.3921 895.2936 939.5505 998.3527 1005.1415 1045.3984 1050.9056 1068.051 1047.6295 1056.5475 1048.0228 1081.8217 1050.0167 1035.6892 1023.1385 1009.3973 936.8516 846.4124 820.5965 817.7698 791.0422 847.1348 849.5434 883.2343 921.1772 927.2761 983.3427 1023.8724 1044.2404 1081.1951 1139.3582 1170.3008 1265.1124 1395.4746 1308.0725 1100.3649 994.1858 926.48 900.546 860.2336 851.9749 834.0355 791.4081 848.9356 845.1772 823.7449 795.813 792.9036 827.9907 825.5373 822.5644 818.9722 815.7205 812.0847
236.5312 211.9414 420.3785 512.0986 566.5788 709.1125 794.8336 832.9706 874.6272 893.2325 941.9285 985.3613 1041.3206 1067.192 1066.4598 1044.0219 1046.5503 1077.7114 1109.0101 1139.9287 1106.5131 1122.4877 1113.0148 1091.3345 1057.0385 1024.8702 918.1016 919.6431 963.6949 872.1643 800.2983 850.0635 948.9465 972.304 995.8687 987.4649 1047.7771 1099.1398 1126.5291 1177.8256 1280.6947 1396.6338 1415.022 1419.9767 1301.5087 1124.3741 1011.4917 960.2617 915.1622 876.5255 826.2578 785.2549 813.4345 810.9562 803.0336 791.8809 820.8183 819.9636 815.7311 814.873 811.4017 811.4364 809.4497
345.2891 438.375 464.7263 417.8696 533.3862 633.748 754.1263 805.0944 779.03 884.197 940.4147 976.8797 1015.1819 1071.5706 1047.1252 1092.9031 1115.9963 1088.8051 1098.5187 1158.0239 1198.1121 1182.4777 1141.15 1092.5887 1089.2856 1050.5896 969.5649 984.2413 985.1107 926.1673 850.4412 850.6927 945.5537 1014.7446 1037.1119 1011.2311 1044.9053 1112.9117 1188.157 1212.4128 1272.1453 1339.5671 1419.292 1495.2284 1358.4677 1156.014 1091.6659 1015.6133 929.7249 874.6807 810.4011 811.6528 820.0058 808.1557 825.9816 823.2532 815.6299 812.6559 809.6338 812.0511 810.5414 810.3036 811.4858
319.4856 332.7045 363.2723 382.5602 470.1298 657.7309 688.2276 599.7718 676.9179 772.533 800.8499 801.3093 923.9083 963.2383 994.8078 1068.8441 1070.4834 1119.2548 1118.2664 1137.778 1199.3176 1175.2031 1167.8108 1158.4042 1116.8151 1093.625 1074.4745 1014.6182 1023.928 993.5036 882.3908 848.2623 934.0031 1037.9254 1073.8303 1088.7655 1114.1602 1169.3145 1162.9418 1227.2238 1323.9165 1415.1658 1484.4678 1375.5236 1413.103 1289.9695 1175.6589 1062.0392 958.0661 886.6606 860.8097 848.0613 835.3497 830.1719 831.9449 822.61 812.7755 812.9935 808.4357 811.4792 810.7922 812.1599 811.8055
204.4904 268.6024 280.3373 338.844 401.0038 543.379 568.515 502.3519 546.1476 625.5241 620.1259 692.973 754.1274 765.5939 835.6431 874.7609 1039.9427 1111.4967 1111.9806 1111.5808 1114.3326 1136.549 1152.6526 1178.1527 1175.0435 1129.4244 1085.8046 1106.1475 1079.4795 999.8029 999.4881 893.7468 930.2804 1080.4274 1102.6514 1124.9545 1140.7568 1170.1255 1193.496 1242.7792 1340.5046 1418.8685 1540.0605 1481.0802 1303.6237 1211.0392 1150.5927 1050.4027 986.9139 908.9023 874.5132 854.2349 836.3727 827.9558 822.3137 819.5401 812.3297 812.0807 810.8381 814.9158 812.9293 815.0851 816.7221
152.5676 183.5582 236.9986 264.7408 315.5071 342.1395 391.9421 437.7852 483.4258 501.4011 505.737 552.3617 598.2585 665.0756 747.1317 842.7044 964.4212 1057.1163 1116.5841 1077.5818 1095.5168 1111.6904 1116.511 1125.3285 1189.1466 1196.317 1152.3414 1146.2449 1136.4624 1090.3289 1062.7102 1012.3103 1030.7063 1090.5951 1119.4746 1136.9158 1173.4708 1211.5167 1239.6559 1293.8291 1401.5138 1536.3542 1732.3287 1529.2825 1361.3905 1247.7275 1178.4229 1089.6238 1013.1159 942.1965 879.2906 852.9883 840.9144 830.5126 822.6948 818.0234 813.5642 811.1661 812.5308 814.4639 816.3785 816.5715 815.494
150.799 163.3608 189.4206 236.8038 234.863 277.9821 273.9876 308.6708 331.6551 381.6385 461.9473 469.7097 499.585 583.4626 674.718 767.3124 844.7943 975.2755 1073.0593 1080.3201 1001.8165 1066.4203 1089.0573 1127.459 1195.0421 1248.0156 1232.5464 1215.1613 1186.4701 1183.7473 1143.2285 1105.15 1093.6306 1125.7917 1136.7896 1165.9253 1194.2258 1243.5502 1314.4763 1385.5045 1539.5662 1737.3652 1685.8857 1463.4752 1348.2805 1275.3339 1188.7988 1100.0498 1008.1547 956.7025 914.3478 866.0999 843.6549 829.6127 825.6608 818.2852 817.0878 816 813.3594 815.497 818.2098 819.9099 822.1271
142.8899 143.3262 150.9219 153.9466 180.4752 213.4115 216.1322 224.2886 247.5975 362.0703 342.3516 426.8526 482.3759 534.9107 596.2231 675.4393 772.8482 806.8088 934.6954 972.1194 1094.6188 1118.499 1144.8851 1154.5873 1185.3254 1226.0942 1312.7017 1283.8347 1259.4796 1257.1837 1244.172 1187.2668 1183.246 1208.0612 1186.9839 1218.0968 1277.7578 1300.0396 1446.1515 1527.1377 1632.1462 1629.7682 1467.6582 1283.744 1227.8077 1270.6023 1218.6398 1160.0637 1099.6536 1020.3048 937.2357 866.4606 842.5947 834.1833 826.4336 820.3953 817.4286 818.1987 817.5657 818.5831 821.1949 822.6647 823.3555
141.1796 137.646 136.8656 137.6638 143.1093 147.1489 164.0152 185.7401 203.2188 244.2774 308.1707 331.397 431.6917 497.429 522.293 589.0519 630.9391 754.3419 913.952 1062.7703 1138.6095 1159.3749 1163.8243 1150.8467 1180.481 1196.6967 1255.4352 1331.6251 1319.0883 1347.0592 1330.8698 1299.1121 1262.5858 1278.4675 1335.9572 1353.0378 1357.7406 1376.692 1408.244 1394.2286 1415.376 1334.0073 1272.4763 1188.5814 1144.1284 1144.7344 1151.4324 1190.1633 1110.7899 1026.0654 925.3472 865.9306 849.2011 836.5537 828.6119 824.5465 820.2473 820.8098 821.587 822.6614 823.4572 825.5664 828.4736
139.94 142.7847 142.2543 137.3332 138.1492 142.8694 148.8235 162.2939 178.3203 201.9773 290.9243 358.7267 444.6077 494.925 439.5904 528.0661 685.2544 833.673 965.176 1132.4292 1162.8947 1148.6115 1157.2269 1159.4113 1160.0707 1168.3695 1186.8671 1248.2792 1343.5515 1438.0959 1469.6793 1440.1553 1419.0442 1393.7599 1344.7162 1344.9449 1355.7399 1372.4343 1259.6559 1226.9132 1217.7294 1190.3689 1138.4076 1125.2122 1082.054 1069.2235 1100.5273 1149.3414 1060.1254 997.7655 906.2859 878.483 856.0382 838.8683 828.5462 822.4779 820.1281 823.8181 825.2274 828.033 829.5378 829.3704 833.9202
