MapLib/Lvl1_5x5/BG/Ele_BG_BB.asc
ncols         557
nrows         557
xllcorner     556500
yllcorner     5565669.448
cellsize      1000
nodata_value  -9999.0
[rows 0 to 29 of 557, columns 414 to 482 of 557]
8.255 7.0085 7.623 7 7.3544 8.8359 9.4429 8.9182 11.0306 9.6517 10.8161 10.8514 11.5952 10.2038 10.397 10.232 10.603 11.9078 12.162 10.2004 9.0844 12.0047 11.4323 11.8923 12.1097 11.1213 10.9276 10.5443 10.4796 9.397 10.2174 12.7884 13.2491 11.5006 14.4859 14.3316 14.0355 14.526 16.3177 18.3223 16.9103 18.3096 15.2213 14.9549 16.7385 19.2333 19.7046 19.167 22.6426 15.7094 22.7589 22.995 22.0746 25.238 30.3165 25.5166 31.0211 29.6726 24.3366 30.015 28.9665 29.1934 30.7366 33.4688 28.4812 30.6153 32.5368 45.2837 44.8172
8.318 7.4604 7.7963 8.678 9.5545 10.7667 8.7907 10.4494 10.4774 13.6531 12.5236 10.0871 9.5639 10.0528 11.5944 9 9.8627 7.9957 9.3751 8.6591 10.5464 10.9347 11.6786 8.0966 9.6916 9.6926 8.5071 9.5722 11.8195 9.8639 10.7123 10.3706 9.5121 12.9415 11.5765 13.5084 13.7092 14.455 16.4112 13.9179 17.4204 14.7103 14.9245 14.3575 16.4354 20.4251 15.2168 14.6071 14.29 20.1612 24.0153 24.6963 21.0624 22.8165 21.7203 27.6466 31.8835 31.0839 28.4504 22.2551 27.4359 29.6493 32.4775 32.2095 31.8047 38.0602 40.0782 43.2587 45.5398
8.6901 7.0144 7.9688 10.1095 11.9886 8.5676 7.5206 7.246 8.3277 9.0994 11.4125 8.9298 10.2582 11.0078 10.6026 8.9108 9.499 7.8688 6.9463 8.8484 11.2898 9.8174 7.98 8.7359 10.1645 8.5734 12.5833 9 9.1763 8.6715 11.1694 16.0928 12.6782 12.6771 11.9003 13.7561 14.7057 15.036 14.6127 12.3243 13.9109 13.286 19.2928 18.4969 18.7507 14.0395 16.9132 16.0631 20.0769 20.3531 15.3344 20.7502 18.8327 25.0294 20.9605 21.8174 21.8773 25.6052 22.9638 21.856 24.3556 29.1479 28.8794 28.9201 27.3385 31.2414 33.2745 35.4325 27.0105
8 7.838 6.8498 9.0109 12.6428 9.18 6.8366 7.6305 8.3065 8.8974 8.1355 11.0963 12.8053 12.1774 10.2892 10.728 9.257 10.1912 6.485 7.6273 9.528 8.2197 9.686 7.4577 7.2761 8.3974 8.6447 12.3165 12.2412 8.6662 10.4668 10.669 9.3861 11.8999 11.7352 11.5385 11.1441 13.9911 14.0932 15.066 15.482 13.9162 14.5456 19.5746 21.4528 13.1922 18.9009 16.9733 15.0443 16.7886 17.5616 17.2058 18.8488 23.0102 19.2331 20.7262 26.1322 25.8314 25.7618 22.6648 29.3106 27.959 30.0134 22.6387 23.631 29.1807 25.6088 28.7512 31.7372
8.4 7.0348 9.9831 8.7242 6.2279 8.9392 6.1743 6.2061 6.8721 7.9555 12.4719 8.7 14.8265 9.3969 11.5192 14.1976 7.501 7.8541 7.7908 10.1894 7.9995 8.6381 8.9831 8.0652 6.4326 8.5776 7.0337 12.1066 17.6893 13.8042 11.4817 14.9221 10.0821 10.2496 14.5242 10.7248 12.7168 13.5821 12.907 14.255 21.3868 20.8706 13.001 14.4027 15.7067 15.8463 22.063 21.1818 19.7174 17.2583 16.334 22.2541 18.6753 23.5964 19.4357 19.179 22.7705 22.9239 20.8895 28.0992 19.9847 19.0619 26.8733 29.298 23.5724 22.1407 24.7726 26.4664 28.2648
9.1297 10.2497 8.1297 9.2564 7.9861 7.1297 7.8496 8.6375 7.9258 10.1602 9.406 6.9152 8.982 7.7801 6.9001 6.4677 7.3238 8.0972 8.9391 7.8606 8.1255 9.7394 8.8962 7.6341 7.5499 8.1429 7.7773 9.0224 11.3844 10.4675 9.9183 8.9965 8 9.7407 9.4225 16.9544 17.6173 13.8526 16.3177 12.1604 19.2771 13.6444 13.288 13.9863 17.0692 15.4703 16.5799 16.2348 20.8918 17.4108 23.1224 21.5371 21.6184 25.0753 16.898 23.7478 24.953 24.823 16.9178 14.9104 17.3748 26.7726 20.4979 25.7368 22.7584 23.5042 24.3312 25.0324 28.1425
8.1072 8.2653 8.7238 8.4649 8.2169 8.4598 8.1603 9.7147 9.1914 9.0888 8.9383 7.9092 7.293 7.2509 7.6603 7.9247 6.9175 7.1812 7.871 7.2762 6.5125 8.5174 6.9351 7.9886 8.4326 7.3662 9.9978 9.2306 7.8028 9.4672 12.3123 12.6104 11.8647 13.7124 12.9673 12.6132 13.018 13.4655 9.5865 13.9917 15.9668 13.8513 11.1755 15.2761 12.4478 14.3171 14.1463 20.141 18.0558 16.6798 12.5298 15.3039 23.996 28.2871 31.1966 25.0442 20.6868 22.1277 17.7279 24.0439 20.8687 22.7258 18.8582 23.5825 19.8828 25.2705 26.1586 30.3913 26.2998
7.6635 8.0049 8.731 7.5916 7.6927 8.2225 7.9753 7.1743 7.0661 7.1451 7.4013 7.4383 7.9683 6.2331 8.5773 7.2149 7.6301 8.9269 8.5741 9.024 9.7081 8.3338 8.4188 10.0794 9.2299 12.1366 14.2104 15.6135 14.1864 13.6995 11.3638 11.2754 13.8218 12.9924 9.9662 8.7455 10.7052 10.2036 11.046 11.0036 14.5236 14.3013 11.8401 10.8773 10.9536 14.2874 11.71 13.4177 9.7722 11.5472 13.4361 23.7187 22.4524 26.7215 23.4028 22.5179 20.7792 22.0044 23.4495 25.5464 20.698 18.3801 18.2145 18.143 18.7846 23.108 23.3163 24.9872 25.4271
8.3082 8.0074 7.9251 8.9756 10.0149 8.5719 6.9778 7.3134 7.2434 8.3621 8.4363 8.4276 8.8344 7.1739 8.0319 7.7664 7.4997 9.2588 8.5971 8.741 10.3659 8.81 8.9585 7.655 7.8137 9.5414 7.5171 10.1763 9.5105 11.3755 9.4558 7.4348 7.2947 8.8574 7.0506 7.1656 5.8156 9.765 10.8353 9.2741 10.0817 11.0531 11.13 11.3134 9.5191 15.896 12.5291 11.2155 16.1392 12.4659 8.8964 16.5191 16.4859 14.8387 18.8785 22.9548 19.8834 24.0014 20.3222 17.8664 17.3953 16.2786 15.7051 16.7983 20.9133 20.9223 21.9029 23.1984 26.0359
7 7.5636 10.4942 8.2715 7.8927 8.7706 7.3078 7.8828 7.4509 7.0878 9.8217 8.5793 6.7639 6.8074 7.0993 7.3043 8.0022 8.4348 8.5539 9.1145 8.2934 8.8559 8.5841 6.4833 8.4455 9.0299 9.668 8.5493 7.9355 8.3833 9.6497 6.5745 7.8281 7.3374 7.8777 7.3498 10.9357 11.403 9.526 11.2113 9.1387 11.5849 11.1871 10.0139 9.4575 10.1199 10.1532 17.7003 16.8138 30.6863 20.943 14.716 17.1731 17.6664 17.5294 16.7525 17.182 18.5625 17.3392 16.7053 15.2085 15.5596 17.5974 19.8955 18.7727 18.4307 21.5827 20.9891 23.0524
8.0061 8.1303 8.0516 9.1212 8.9373 7.6641 7.1597 7.3847 5.2625 7.1461 7.1797 6.4665 7.8352 6.9444 7.9077 7.4945 8.2062 9.2508 10.1053 9.6048 10.0235 9.0013 9.8485 8.1418 8.041 7.3111 8.8349 8 8.5976 7.3421 6.283 8.4456 6.8635 7.4953 6.2623 7.1967 6.3444 8.9169 9.9932 9.5195 8.8382 8.1103 8.3121 11.2105 9.0394 11.9512 14.6737 12.5705 15.0886 16.6083 14.0771 12.4915 15.6109 14.9701 16.643 17.927 16.9944 20.4295 16.3418 12.4531 24.8055 19.3954 14.8566 15.509 19.7993 21.0592 18.5149 18.3232 19.6852
13.1585 12.9398 8.7496 5.4779 7.2562 6.0219 8.0205 7.2134 9.4099 9.9309 10.3744 8.9912 10.8992 9.2181 8.7181 -1.0104 4.5179 9.0077 9.765 11.381 10.0236 10.3309 8.7001 7.0664 6.9988 6.6137 6.6712 6.478 6.0009 6.0023 10.5578 8.0053 7.6348 9.7201 7.1897 6 7.0162 7.8077 8.1146 9.1144 10.7072 9.6848 12.9409 10.2094 10.9887 13.6596 14.4439 12.9931 15.8672 9.4362 10.114 14.0679 12.6621 13.0567 12.2849 22.1507 18.8253 18.5304 20.7722 21.207 16.8405 16.0858 19.036 17.5587 21.732 19.5665 18.3942 20.8003 23.1142
9.4869 9.682 7.7885 6.8919 8.246 7.3628 7.8695 8.7939 8.8552 9.2781 10.5683 10.2892 9.0058 8.6291 8.0061 9.3843 9.3429 9.0204 9.8015 9.4607 10.8172 8.6677 11.272 9.4146 9.7774 8.4965 8.5754 8.4093 8.2472 7.4107 7.0979 7.1589 8.7926 8.6578 7.3912 9.2397 6.4295 7.5555 8.205 9.4569 10.1152 10.06 22.6045 13.6589 10.8128 10.2059 9.5066 18.4607 13.6492 13.0362 16.3765 13.3621 11.7321 11.7337 14.9789 17.822 14.6957 19.0002 13.4417 16.2538 17.9558 19.6959 16.7967 19.9532 20.9685 24.4344 24.4758 28.9871 39.9683
8.4099 10.2874 9.7357 8.2584 8.5158 7.4449 8.7464 8.7603 8.8955 10.3876 10.0326 9.1303 9.0148 9.2001 8.7812 9.9294 9.499 7.9604 8.4631 9.1414 9.643 9.7974 8.8361 9.5808 9.208 10.8614 14.8656 9.8772 11.4596 10.8969 8.9214 8.6077 9.0007 9.3806 10.2947 10.2947 9.4576 9.6705 11.8408 11.1841 8.9909 12.4601 10.9335 10.7751 9.0731 10.7892 14.4077 14.2797 11.5862 12.9984 11.5459 11.0441 14.7529 15.8915 15.8101 23.9887 23.901 16.6761 19.2293 20.6377 19.9858 30.3954 22.6143 23.3244 26.0797 22.7914 25.6392 25.7389 28.5872
8.712 9.3424 9.289 8.0734 8.7853 8.314 8.6234 8.644 10.661 9.9032 10.3117 8.3627 9.1031 8.5516 8.6547 9 8.2253 8.1177 7.8678 9.5018 10.0819 9.8846 6.9691 12.0801 16.5815 13.7448 14.2822 13.0572 11.7365 20.7671 18.4043 11.1403 15.7518 15.0269 8.7205 11.4757 12.56 10.9535 14.4776 17.7169 11.715 10.8403 12.1346 12.192 12.6069 12.5297 18.8809 15.307 16.8751 16.9275 16.3234 15.255 16.1655 16.8893 15.2448 19.719 12.8653 16.7349 21.0441 23.3331 24.2419 25.7118 29.1754 24.4675 22.7582 24.8262 25.523 26.225 27.2419
9.5499 10.4249 8.4554 8.1049 7.8739 9 8.1607 9.2061 7.8326 8.405 8.5371 8.7336 9.9322 8.454 8.77 8.5139 8.9105 7.7038 8.5299 9.4151 11.0464 13.6192 15.5707 15.0057 21.6013 28.3342 19.6255 21.4018 11.693 9.5963 8.3346 10.1878 8.9577 10.0243 12.2298 12.6447 9.1395 14.6255 11.3199 11.4866 8.1122 13.3544 12.8459 10.2888 15.0449 17.7578 12.3927 12.6917 17.218 16.2409 13.5166 13.707 18.1825 21.8746 17.2313 16.9159 17.7402 20.9658 22.5212 18.9231 21.4866 20.4456 23.3863 23.2689 26.1786 30.0187 25.652 28.1358 28.7382
9.4313 10.9892 9.1376 8.5844 9.0555 8.688 9.4939 8.1415 8.148 9.696 9.1797 8.7709 7.2779 7.8572 8.7105 7.7415 8.8738 11.5164 10.6129 9.6065 13.734 12.1265 15.38 17.4642 20.5507 20.0634 26.988 19.9645 11.8394 14.6355 14.1032 11.7424 14.3627 8.5387 12.2713 10.8419 12.3506 16.2771 9.4061 20.6196 15.2038 14.1489 11.9664 10.6974 11.921 12.2864 14.5373 16.9478 17.8675 13.5553 16.6194 14.0231 15.0664 18.8781 19.0143 24.1211 19.2874 20.2418 24.0544 21.5548 23.8082 25.0522 27.594 27.7511 30.9688 35.7415 35.4417 34.4103 27.6098
9.0801 9.9934 10.5972 9.3419 8.4146 8.6445 8.6987 9.5722 11 10.1695 9.2581 10.888 9.9255 9.8428 9 7.4659 7.9398 8.7375 7.6793 9.2472 6.2596 9.7793 7.7142 9.6805 11.445 13.8107 17.0868 12.9408 10.9904 10.7456 11.6716 9.339 11.4271 11.9623 17.3865 14.8186 13.9766 12.6385 11.2833 27.6809 11.364 15.7393 13.9598 11.0557 12.6424 13.9756 22.6101 17.3465 22.9514 17.8242 17.6935 17.4479 16.002 29.9274 18.6088 20.9489 21.6802 22.55 21.8973 24.6074 25.4153 19.6317 39.6528 37.0699 30.5346 37.6356 52.9596 36.3351 33.6224
10.3435 10.0477 10.3748 11.4526 10 10.021 9.8399 9.7623 10.0341 10.9171 8.3171 9.9733 10.9242 9.3639 9.5276 7.9765 8.9604 8.7428 7.7743 8.5375 7.0013 8.9588 8.9602 9.0717 9.714 8.6616 11.1341 9.9608 8.134 8.2827 8.9853 9.076 8.0398 7.9292 10.1081 6.4952 6.4969 10.6657 8.0669 7.7559 14.7606 12.5895 12.0109 12.7056 16.3154 14.2538 18.9617 22.3047 32.3326 40.8056 49.7291 31.7364 31.9981 32.9225 32.2833 24.9882 18.6218 20.6224 24.8066 30.5804 25.2819 25.0704 25.753 39.2339 40.4949 39.4208 31.8932 33.2202 46.0184
10 8.8874 11.1922 10.9037 9.3032 11.6715 11.4603 9.9548 9.8744 9.4868 10.2195 9.401 10.2195 10.4108 9.141 7.1896 7.8897 7.5126 8.1679 7.9083 6.2266 6.0652 5.7001 11.7636 9.0272 10.663 9.305 15.7551 11.8684 18.2255 23.9148 18.7644 13.5143 10.0357 8.3718 6.6624 10.0189 8.7203 8.1689 10.2615 14.7514 11.3925 8.9824 12.7835 17.5689 16.3047 17.7997 14.7897 18.957 28.6431 22.7549 34.284 49.556 38.8198 41.4245 26.4435 22.0008 17.8694 22.2681 21.8247 26.1992 29.8607 29.6356 41.9149 34.9923 45.3751 47.3091 41.7257 37.7273
10.7542 8.4093 10.7505 10.5641 10.1718 10.7154 10.7436 10.3532 9.2284 10 10 8.9433 8.7534 8.762 9.6782 9.116 7.7 7.2944 7.0606 6.9248 6.4315 6.4671 6.301 7.4682 10.487 9.9603 12.3073 11.9898 26.0546 31.3158 28.7759 16.954 8.1811 9.019 7.6088 7.923 9.657 10.2902 9.4153 14.2942 12.9967 10.2963 10.4601 14.5107 14.2398 14.2975 15.8803 15.7038 15.9461 17.6196 26.2447 26.2498 22.8258 34.028 28.7475 23.1158 25.8517 20.2215 20.8861 22.3457 24.1524 27.8358 33.7064 34.7524 41.7755 38.587 39.8869 29.4182 32.549
11.3362 9.8403 11.2043 10.8502 11.3139 10.6958 10.8399 11.2533 9.7297 8.4309 9.2738 9.0789 8.0907 10 9.2544 10.4425 8.9209 7.4268 6.2195 8.2082 8.4349 9.5087 7.6628 8.2029 10.2035 11.0728 12.143 15.779 31.0429 17.7593 10.8971 8.3138 9.7437 10.1161 9.2999 7.239 8.8278 10.4591 7.7552 10.8735 10.0722 10.5784 10.6909 11.1984 13.1342 12.0155 12.9763 12.6968 9.6793 15.5857 15.8749 15.7234 21.252 16.3679 32.9397 34.7265 26.2608 23.1141 18.241 22.1534 23.0809 23.1748 23.4431 25.188 28.35 32.5591 29.9742 26.869 35.7863
11.4442 11.0106 10.6164 11.0799 12 10.3864 9.7584 11.5379 10.159 9.5001 9.0633 10.018 9.2326 9.3877 9.4535 9.0329 8.7672 7.2099 6.8152 6.662 6.0078 7.0688 10.2828 9.1883 8.7054 9.9838 11.1657 9.9848 9.4639 8.0861 7.2804 8.9586 10.3945 12.1089 8.9889 9.4724 11.1666 9.5586 12.1578 11.795 11.5715 8.8232 10.1789 9.035 8.4262 8.5241 9.9928 12.8217 10.2413 13.2312 12.5938 17.4199 13.0026 14.2602 18.9546 34.6622 36.0119 23.4067 19.1234 20.4776 25.0571 26.3377 23.2846 20.9555 24.3543 29.3071 37.7244 28.6574 28.739
9 12.8429 12.5477 11.5142 12.5806 11.9798 12.0099 11.2189 11.0738 10.7571 7.7202 8.9584 10.9251 10.5843 9 8.1898 7.5648 8.6909 6.5358 6.812 6.0944 8.2705 6.7807 9.6271 7.1675 8.3845 7.7522 7.0628 7.2009 7.2312 6.6302 6.0071 8 8.3278 9.1564 8.2504 6.1936 6.2181 5.0306 6.0849 8.0257 9.7945 10.8967 10.6361 7.8523 11.6897 11.4024 12.3665 11.7124 13.8293 14.8545 12.2996 12.374 11.3464 14.1698 16.3189 30.2923 34.2207 16.6723 21.9688 26.3625 29.9568 25.492 27.504 32.377 32.7658 29.9069 29.7994 33.6393
8.9244 12.9658 11.5955 11.8892 10.3426 12.8853 11.6186 10.0485 11.832 10.7106 8.6557 7.9597 9.9295 9.7388 8.1812 9.6259 8.9415 7.1176 7.7026 7.7562 7.7971 8.3337 8.8532 6.8902 6.6341 8.0835 9.7172 9.1853 5.5368 5.5548 6.6664 7.9919 8.1425 7.1396 12.843 9.7648 7.4608 7.3275 5.7642 8.7464 9.5424 11.6016 13.8248 9.221 8.2638 11.3411 10.1776 10.3115 11.1049 11.9507 15.3777 13.5299 14.5106 13.0037 12.7466 14.7414 19.6302 26.5791 23.8305 20.6009 20.0664 19.6084 21.8373 23.3359 23.9303 21.6728 26.216 31.9683 27.8041
9.1668 11.9829 12.5607 10.4792 10.7346 11.6829 12.1775 12.4644 11.1448 9.9751 10.1582 9 9.9626 8.0572 7.9316 8.2163 7.6504 7.8339 8.1652 8.2007 7.0228 8.1708 7.7919 8.3785 7 8.5614 8.3385 6.3228 8.1742 8.2306 6.6302 6.7034 7.667 11.1426 9.7362 13.705 6.3356 6.3268 8.9846 7.4862 9.436 8.0964 8.346 8.1302 10.6108 12.2309 9.7141 10.4109 12.3375 14.3503 11.3143 13.6701 12.2038 16.0102 18.8329 32.6237 33.4704 31.128 14.9507 17.91 19.5419 22.5008 22.4226 26.0063 24.4937 25.6143 25.8715 30.0415 31.3058
8.6126 10.0287 11.4769 12.8095 12.9339 11.9538 11.7596 13.0366 11.8454 10.9527 9.5231 10 9.5409 7.9268 7 7.8638 8.7424 6.5796 6.6243 8.2961 8.9708 9.5384 7.6137 8.1125 8.2906 7.059 7.5155 8.1116 6.691 6.7121 7.9067 6.9998 6.0421 9.2754 7.9839 7.0059 9.0095 6.6591 6.9886 9.5601 9.362 12.0235 9.4464 13.3484 11.2499 9.4234 9.0083 9.5914 10.8129 12.6908 14.5006 11.6931 13.3611 17.5185 16.3401 13.9545 18.2457 32.1922 22.8312 20.3509 21.1442 19.1047 26.3876 24.8376 25.3606 28.0963 31.9921 34.8333 39.9679
8.1566 8.6595 10.1958 10.6879 12.3771 13.2176 12 12.2726 10.0951 10.4048 10.1709 9.7695 10 8.7471 8.4265 7.9532 7.6734 7.0451 7.3434 8.7853 7.3221 9.143 8.7872 7.9412 7.9571 7.951 7.3303 11.3283 15.1081 19.1159 9.1558 12.057 11.8671 9.3952 6.1881 6.6605 5.8827 7.5233 7.9356 6.7603 8.6369 9.4727 12.3178 11.1171 9.1013 9.7943 9.3243 13.6879 11.3335 10.8455 11.9568 10.7768 11.4926 14.7202 13.0625 17.1861 16.6915 16.0519 14.0356 19.1914 22.6639 23.847 22.7397 21.372 26.3271 21.339 25.1877 29.7838 49.6137
9.6423 9.829 9.2504 11.4821 11.6391 12.4402 11.2977 13.3277 11.5961 9.0513 10.6451 9.835 9.9687 9.6624 8.5177 7.8585 9.0815 8.8362 8.7109 8.3655 10.8702 11.0085 8.1708 7.7807 9.4377 8.8374 22.8945 16.1533 21.0903 31.412 38.144 34.8355 37.4581 37.7214 20.3521 11.228 11.0312 7.6793 8.5112 8.2132 9.5434 9.9764 10.7107 9.8075 8.3276 11.2571 8.9388 10.7428 10.6547 10.7835 10.1182 11.5326 13.0839 10.772 13.7342 14.536 20.004 20.6312 23.0386 19.3609 19.3481 17.5605 19.655 20.7188 21.753 23.4122 31.9416 27.5593 37.2638
8.2902 8.983 8.3689 8.0434 8.9102 11.4894 12.8424 12.8097 12.8461 10.9861 11.0048 11.3288 9.1123 9.5996 8.2435 8.9799 7.5104 8.7534 7.0279 8.0063 8.0615 8.3285 9.0939 6.097 9.4369 8.6255 12.6407 13.0465 15.205 13.8351 13.3809 22.0238 22.2473 21.4872 20.2069 10.9766 9.0453 8.996 6.5831 8.0892 8.0382 12.5681 9.9525 7.8692 8.0437 9.7279 10.0114 8.0226 7.9806 11.5669 10.337 15.5434 9.3229 13.7081 14.1656 16.5679 20.0597 13.0849 14.6019 18.3032 22.3088 19.9527 18.6588 20.8833 21.1809 22.6036 24.2024 30.8749 22.9337
