MapLib/Lvl1_5x5/BG/Ele_BG_DA.asc
ncols         557
nrows         557
xllcorner     -500
yllcorner     4451669.448
cellsize      1000
nodata_value  -9999.0
[rows 243 to 269 of 557, columns 300 to 359 of 557]
132.3059 159.8328 116.4112 106.7104 149.0409 173.7094 244.3629 370.6775 350.033 264.3845 219.9641 185.3655 156.4277 120.1801 88.9815 81.099 54.7519 46.0136 44.4141 40.8665 34.0464 27.8302 20.6472 15.1764 11.4294 8.06 7.8699 8.167 7.0871 6.9995 7.3237 2.4757 1 1 1 1.8158 3.7052 5.459 6.7741 -7.4093 -13.4628 -18.3685 -23.2743 -27.7746 -31.0572 -34.3277 -38.5983 -41.8688 -43.5696 -45.189 -46.8402 -48.4754 -50.1085 -51.7408 -54.3688 -56.9964 -58.6447 -61.5539 -63.9207 -66.5486
107.9177 104.4839 125.7976 104.1522 213.0803 261.0589 291.9302 239.388 205.4332 152.0448 125.4925 97.1568 94.833 90.48 73.2898 49.6936 38.8741 29.392 33.2239 28.5913 26.6404 23.9951 15.3686 12.1137 10.5217 9.8261 7.3664 7.068 6.9234 6.5452 7.8789 7.1565 8.4578 8.3468 8.0262 8.4871 7.9819 6.4417 8 -8.4093 -14.4628 -19.3685 -23.5162 -27.7867 -31.6724 -34.943 -38.5983 -41.8688 -43.5696 -45.2049 -46.8402 -48.4754 -50.1107 -52.4918 -55.1431 -57.638 -59.6517 -62.287 -64.8444 -67.7301
142.0308 121.1224 128.51 140.0013 169.6256 193.1108 171.3466 128.5529 107.1136 99.6775 86.0168 47.4179 43.0284 44.8848 51.9364 38.8467 29.5298 25.5404 23.0158 22.6764 19.1757 17.2983 14.8589 15.3367 10.2447 10.1466 9.7739 7.458 6.8852 6.5008 7.9805 7.8534 8 7.8534 7.9513 7.6403 7.9448 7.0287 9 -8.4093 -14.7132 -19.619 -24.3349 -27.8852 -32.0572 -35.3277 -39.0729 -42.8688 -44.5696 -46.2049 -47.8402 -49.1191 -50.1107 -52.4918 -55.7624 -58.0164 -59.6517 -62.5739 -65.8444 -68.3654
96.207 94.0317 82.8417 83.4084 84.2195 95.8597 118.4605 93.6844 52.2631 47.2374 40.5453 46.8317 42.2553 29.4789 25.0647 26.3105 24.3434 21.5635 18.6105 17.3749 14.5329 14.3241 15.2711 14.257 11 9.6677 8.0203 8.9981 7.0025 6.6183 8.0215 7.4962 7.011 6.4109 7.4915 7.1151 8.674 7.2665 5.6957 -9.1643 -15.4628 -20.3685 -24.5162 -27.8317 -31.1968 -35.3277 -38.9775 -42.8688 -44.5696 -46.2049 -47.8402 -49.4754 -50.8984 -52.4918 -55.7624 -58.0164 -59.6517 -62.5739 -65.8444 -69.1149
74.8656 102.9497 141.7553 205.1489 190.7808 138.7797 138.685 146.0874 150.6427 173.5887 136.852 119.5823 103.8656 78.8199 53.6795 38.2054 24.8917 19.7135 17.5066 18.235 16.5529 12.2106 12.282 12.3033 11.2087 9.1442 7.9061 7.8485 7.5492 7.3089 7.2658 8.5271 8 8.0972 6.6168 6.1156 6.6017 6.7019 6.6109 -9.2617 -16.4628 -21.3685 -25.5162 -28.3934 -31.0423 -33.8068 -38.3764 -42.8346 -44.5696 -46.2049 -48.6803 -50.2477 -51.1107 -53.1345 -55.7624 -58.025 -60.4849 -63.5739 -67.3249 -70.6359
105.078 126.4188 161.4333 261.1074 283.1752 262.5215 228.4548 232.0834 227.0774 210.6239 180.5847 178.5856 138.6832 102.7016 64.5174 50.3393 41.8954 40.91 20.8179 19.7041 17.9166 11.7188 11.8833 10.4322 10.7184 8.3623 9.2729 8.6546 8.7373 10.6329 8.37 8.0853 8.1995 6.9608 6.6187 6.6397 8.954 7.0539 6 -10.4179 -17.0304 -22.2649 -25.6724 -28.943 -31.2135 -33.8201 -38.8974 -43.0148 -44.7259 -46.534 -48.8402 -50.5574 -52.0173 -53.6481 -56.7624 -59.1727 -61.3578 -64.6187 -68.0007 -71.2712
147.8698 169.9145 152.1516 188.8992 214.6696 246.3271 233.8904 203.5887 167.3909 160.5361 144.3403 129.397 96.7322 70.8711 56.8376 51.9045 44.5939 36.3049 30.2155 30.5041 25.1174 22.1758 14.8219 10.448 9.2332 8.1198 8.2279 7.1073 7.9642 9.0436 8.1737 8.0388 8.731 8.0563 7.8807 5.0871 5.941 6.2627 8 -12.0532 -17.8683 -22.3685 -26.5162 -29.7867 -32.8261 -35.1893 -39.6889 -43.8551 -45.5696 -47.2049 -49.5051 -51.3763 -52.1107 -54.4918 -57.5539 -60.0294 -62.4432 -65.4252 -69.5743 -72.9064
168.844 219.8065 215.8589 198.6954 211.2348 214.207 198.9364 182.5694 149.6377 124.8337 112.6698 94.2588 81.5125 80.6688 71.8318 65.8084 61.6343 62.0641 42.728 27.6111 23.1207 22.0547 20.6943 15.9477 17.115 17.9685 9.0132 10.5781 8.25 8.6778 8.7342 6.753 7.6778 7.6888 7.5696 6.4295 6.0438 7.2476 9.4862 -11.8349 -17.9752 -22.3685 -26.5162 -29.7867 -32.6141 -35.3277 -39.2992 -43.4044 -45.1429 -47.2049 -49.6803 -51.4754 -53.0472 -54.6003 -57.7624 -60.4526 -62.9298 -66.5739 -69.8444 -73.5417
364.2674 314.2692 279.6212 216.9876 180.0697 193.0877 192.1651 174.1101 150.7872 122.1577 99.8043 97.9913 90.4278 84.0431 77.8645 70.7153 54.8488 45.2171 39.516 35.9972 31.0121 25.694 23.3816 20.4253 14.274 11.5779 11.3757 10.5769 8.6658 10.9566 9.002 8.1067 7.8682 7.1635 8.5127 7.0258 7.4332 7.5648 7.3645 -11.2525 -17.9434 -22.3685 -26.4692 -29.3557 -32.0572 -35.2866 -38.5983 -41.8688 -44.5696 -46.4098 -49.6803 -51.4754 -53.1107 -55.4918 -57.8007 -61.0175 -63.325 -66.6359 -70.7714 -74.1769
359.9716 289.9701 222.93 215.6419 164.3091 149.6826 128.3463 107.1518 115.4865 105.5102 101.1875 84.313 81.518 77.8056 65.6805 54.2733 52.0384 44.8758 38.9727 36.1096 28.3489 26.52 23.9059 17.2434 16.6111 13.7472 11.4998 11.0063 11.2141 9.8803 9.5782 9.2334 9.7504 7.7817 7.3313 6.1699 6 7.9658 6.3878 -10.5197 -17.4628 -22.3685 -25.7581 -28.7867 -32.0572 -34.6639 -38.5983 -42.5203 -44.5696 -46.9642 -49.6803 -51.8412 -53.1107 -55.4918 -58.647 -61.0329 -64.1061 -67.774 -71.5417 -75.5036
192.337 160.797 153.4471 140.3208 129.726 116.0229 119.9098 93.9699 85.4546 104.2052 86.0214 80.5711 68.2808 63.0302 58.1374 55.6229 55.1467 52.4974 46.1918 32.2248 27.2628 22.1499 22.0218 18.4694 17.6112 15.9494 14.1478 12.3014 13.8677 12.4701 11.487 10.3438 10.0233 8.0272 7.303 8.8404 8.1301 7.5856 7.9535 -9.2617 -16.4628 -22.3685 -26.0102 -29.1192 -32.0572 -34.6639 -38.8974 -42.8688 -45.2824 -47.4098 -49.8402 -52.4754 -53.4064 -55.4918 -58.7624 -62.0219 -64.4192 -68.1934 -72.7925 -76.4475
130.2686 127.8433 135.552 105.049 97.8563 99.2165 98.0503 85.4519 82.405 72.8402 67.12 59.3603 50.7522 46.5964 47.4941 39.9126 39.9241 35.4316 29.6049 27.703 23.0169 22.9777 24.6688 18.4776 15.893 22.6315 14.5811 15.9448 30.2294 26.5567 20.2754 18.4803 21.1864 9.7244 9.9117 8.7139 7.5427 6.9416 7.4104 -10.0865 -16.9346 -22.3685 -26.5162 -29.7867 -32.0572 -34.6639 -38.8974 -42.8688 -45.5696 -47.4098 -49.8402 -52.4754 -54.1071 -56.4596 -59.7301 -62.0329 -65.2824 -69.5509 -73.7369 -77.6544
95.0814 88.2341 83.7406 82.5409 77.4282 74.8405 70.3348 63.9382 64.3518 60.1188 56 50.1466 45.8603 44.0084 41.6079 38.7463 34.0871 33.0261 30.2333 29.6416 26.9492 31.7432 35.1201 35.7315 26.52 38.2913 36.9958 32.1669 25.0725 21.6957 19.6771 20.1952 17.9169 13.2708 10.7375 9.9406 7.6527 8.6539 8.3639 -10.203 -17.4628 -22.3685 -26.5162 -29.7867 -33.0286 -35.0642 -38.8974 -42.8688 -45.5696 -47.4098 -50.3468 -52.4754 -54.1107 -56.4918 -59.7624 -63.0329 -66.3034 -70.4639 -74.8135 -78.718
94.6414 91.7682 83.65 81.8773 73.0405 72.9202 64.9621 59.9118 58.8227 54.9137 51.5418 47.6023 44.0902 41.4173 44.0519 43.8677 44.7121 40.8243 38.658 35.0634 31.575 34.358 39.1963 46.2975 39.9853 36.4324 33.5054 38.2469 35.3988 27.2287 24.7612 21.8583 17.0694 11.2561 7.7929 9.0551 8.5813 8 6.3085 -10.2617 -17.4628 -22.3685 -26.5162 -29.7867 -33.0354 -35.4078 -39.6695 -43.8188 -45.7054 -48.2537 -50.7184 -53.4754 -55.1107 -57.4918 -60.7624 -64.0329 -67.3034 -71.0992 -76.0049 -79.3532
101.1414 100.6389 97.4649 94.1891 89.3557 84.6473 80.6512 72.5399 71.3653 69.2049 64.2716 62.0944 59.2913 56.6757 53.4949 49.0549 46.2279 41.7168 40.3239 39.226 33.5388 38.5752 49.0079 56.4945 38.3033 29.6623 36.6908 32.6817 35.824 28.0894 16.7057 15.3635 11.364 7.9659 3.8015 1 1 5.034 1.4137 -11.1352 -17.4628 -22.3685 -26.5162 -30.1303 -33.0572 -35.6639 -39.8974 -43.8688 -46.1393 -48.4098 -51.5741 -53.4754 -55.1107 -57.4918 -60.7624 -64.0329 -67.3034 -71.8609 -76.7666 -80.1149
111.3425 108.4853 101.089 95.2039 96.2223 88.4448 82.4281 81 73.1995 73 63.7284 62.0881 63.7144 59.1166 55.9871 54.5534 51.5002 47.3624 41.1485 39.4688 71.7483 64.4504 37.5989 33.2918 36.3494 27.0406 19.5243 17.0125 15.9457 13.357 11.6164 7.6809 7.0329 6.275 5.7739 7.8341 1.3987 3.892 -5.3771 -11.9181 -17.7235 -22.3685 -26.5162 -30.7867 -33.5515 -35.6639 -39.5983 -43.3277 -46.1393 -49.3092 -51.7616 -54.4754 -56.1107 -58.4918 -61.7624 -65.0329 -68.3034 -72.2237 -76.7666 -80.6724
119.8792 114.1031 107.0455 105.6501 97.727 91.4012 85.5622 82.4812 77.1652 73.4622 69.6706 66.5864 63.0287 61.2027 56.2791 56.229 55.4284 47.9841 46.2687 47.8663 52.2816 46.5375 52.7551 36.4172 27.6584 23.8971 19.9444 17.8865 14.0663 12.7556 11.4301 8.9392 9.1452 9.0087 10.0797 8.6091 1.4336 6.5453 -6.7242 -12.5357 -17.9752 -22.2457 -26.2743 -30.6993 -33.0531 -35.6154 -39.5983 -43.0034 -46.2013 -49.4098 -52.6803 -54.6195 -56.2547 -58.6359 -61.9064 -65.191 -69.3973 -72.9636 -76.9773 -81.1149
127.9984 125.567 120.5332 108.7918 100.5595 92.4783 92.1147 84.3755 80.1127 74.6189 73.4244 75.6498 72.6819 67.1994 65.8228 62.64 51.95 52.7697 60.6157 62.2085 53.2213 41.8671 35.7532 28.2516 23.6875 19.571 18.2557 14.598 13.5225 11.9726 9.8753 9.8283 8.9753 7.4713 7.4897 7.6032 1.5175 4.6813 -5.8683 -12.4093 -17.9752 -21.5621 -25.6835 -29.8735 -33.0286 -35.3277 -39.5983 -43.8032 -47.0136 -49.4098 -52.6803 -55.4754 -57.1107 -59.4918 -63.5417 -66.8122 -70.7344 -74.3532 -78.546 -81.1149
171.2024 143.4814 131.4131 120.4477 103.5425 93.0932 90.4523 85.2208 79.8495 79.8244 74.8275 73.9578 74.537 76.8857 71.2654 68.0576 63.2333 59.1264 49.7041 49.841 44.9949 33.2982 25.9268 30.8565 22.1435 23.4529 19.4776 17.0882 13.5796 12.5263 9.8671 9.5238 8.6739 8.4006 7.786 7.3469 6.933 8.1164 1 -11.9083 -17.4628 -21.3685 -25.5162 -29.7867 -32.0572 -35.3277 -38.8974 -43.8032 -46.3912 -49.4098 -52.6803 -55.4754 -57.1107 -59.8011 -63.9204 -68.0397 -71.718 -75.6929 -79.259 -82.2984
187.5204 241.4881 243.3401 205.9071 133.6448 104.8063 93.2685 89.9951 81.3813 82.4316 81.8972 85.3106 82.616 79.3172 76.483 66.9403 74.1518 54.8927 46.2628 43.0973 35.574 43.7596 22.3484 10.9186 21.1899 24.4345 11.2467 11.6501 11.2373 10.2571 11.566 8.4428 9.5072 7.1027 7.6334 8.2534 7.7432 8.4221 3.8362 -11.402 -16.9752 -21.3624 -25.5041 -29.1605 -32.0558 -35.2779 -38.8974 -42.8688 -46.1109 -48.6045 -52.6723 -55.4754 -57.1107 -60.2378 -64.1744 -68.0992 -72.9724 -76.8964 -80.8904 -83.5853
268.115 216.9837 277.5716 252.0274 173.8667 137.0496 110.0161 96.7273 87.4562 84.9417 83.0178 91.241 91.3216 95.677 65.7407 65.8374 64.192 51.0939 49.0518 48.2745 51.4431 25.773 15.161 11.7848 14.2302 9.338 9.1741 8.2059 11.1959 11.2799 9.7854 7.8341 8.4893 9.9735 10.2609 7.0778 11.2601 9.2831 8.1775 -10.6777 -16.6241 -21.2457 -24.7549 -28.7867 -32.0286 -34.3277 -38.6925 -42.8238 -45.2748 -48.4098 -52.5205 -55.4754 -57.1865 -60.4118 -65.0235 -69.7231 -73.7499 -77.7705 -81.8199 -84.4181
316.5648 303.6673 348.8487 293.7169 225.5023 193.9558 133.6242 113.0916 102.2143 96.4451 97.6965 102.7695 100.6698 90.1491 78.7617 70.3699 69.9443 58.2764 57.6963 45.7876 32.1403 15.317 17.2007 16.5092 10.4493 9.2791 9.5727 9.2866 9.4286 12.6894 11.0897 9.6242 8.5348 9.673 8.959 9.2106 7.4337 8.5815 6 -9.9886 -16.1424 -20.0482 -24.1958 -28.0541 -31.0481 -34.0074 -37.8974 -41.8688 -45.1393 -47.6147 -52.5205 -55.4754 -58.1107 -61.2378 -66.1435 -70.3644 -74.9551 -78.6658 -82.7915 -84.7361
352.502 324.158 300.5929 269.4882 218.2543 166.4249 145.8214 133.6553 126.317 117.0978 110.7724 106.3954 96.3529 88.6024 90.773 86.0781 82.9459 65.9103 58.4946 64.0768 32.8007 15.1327 14.2298 12.3598 15.5655 16.0503 11.0632 10.0421 12.3029 13.7318 12.2741 9.8271 11.493 13.7243 9.8719 7.7535 7.9353 9.1052 7.6093 -8.4537 -14.5072 -18.4129 -23.285 -26.8311 -30.1003 -33.3277 -37.6115 -41.8061 -44.5949 -47.6147 -52.5205 -55.4754 -58.1107 -61.2378 -66.5078 -71.0486 -75.2879 -79.5423 -83.7257 -85.5378
288.985 281.6359 254.0816 217.103 171.3802 137.431 117.4153 129.2655 119.6573 116.5977 122.1788 108.3769 113.8695 110.307 99.5515 82.6153 76.6904 60.2603 67.7469 63.5286 36.3778 25.547 29.9541 23.5692 18.2437 18.6948 17.9739 14.5428 23.9757 15.3864 18.2636 18.0557 11.8563 10.2213 9.5069 11.1574 8.6918 8.4331 8 -6.8185 -12.0815 -17.3685 -21.8264 -25.9477 -29.4664 -32.7369 -36.7206 -40.83 -44.1393 -47.6147 -52.024 -55.4754 -58.1107 -61.6785 -67.1435 -72.0329 -75.9551 -80.2822 -84.7666 -85.8189
239.5373 235.5719 213.9349 186.2364 198.2745 165.709 149.5851 136.0353 129.6952 124.1721 130.0934 116.1267 103.7811 94.2157 84.0555 84.6928 72.0318 68.1361 74.9065 87.9857 70.885 57.8652 41.6444 33.6472 29.0899 43.6945 50.6553 43.8239 29.2024 16.2911 14.9718 12.7499 12.405 10.0022 10.6243 9.8133 8.8748 7.653 7.0325 -5.3309 -10.7242 -16.1702 -21.1029 -25.1801 -28.8025 -31.1016 -35.6713 -39.8539 -43.1393 -46.6147 -51.5205 -55.4754 -58.1107 -61.9837 -67.5247 -72.2717 -76.4508 -80.6388 -84.7842 -86
282.2564 266.4321 228.5784 239.7901 197.1852 176.4783 156.2378 136.271 131.3751 124.4492 120.0144 111.4061 107.3603 108.7082 87.5394 93.8205 86.7212 80.029 70.895 63.137 72.9895 69.1427 61.6251 53.8517 50.4242 40.0472 27.4584 22.8173 15.6304 16.1354 17.2018 19.1043 16.4715 10.3352 9.1809 7.88 6.7557 7.9565 6.6526 -3.6956 -9.089 -15.3856 -20.3078 -24.8412 -27.1919 -29.7559 -34.036 -38.9418 -42.2779 -45.7533 -51.3828 -55.4754 -58.1107 -61.9837 -68.0578 -73.047 -77.2551 -81.4751 -84.8444 -86
277.3034 271.9602 243.3705 206.0072 265.4401 227.7679 165.0744 165.1208 150.5438 139.9067 135.1242 133.427 124.4612 112.0322 104.2332 113.5527 106.6055 92.5776 83.9292 65.7995 68.1592 68.3762 64.5384 48.4159 31.1725 22.3149 23.5781 25.9058 21.4318 19.9091 18.079 15.4998 12.9175 14.482 10.6598 10.5779 10.4142 7.3439 7.2407 -3.557 -8.2083 -14.4304 -19.3961 -23.4854 -26.532 -28.8311 -32.7488 -37.3065 -40.6426 -44.1181 -49.864 -54.4542 -58.2213 -62.6082 -69.0214 -74.041 -78.4517 -82.215 -85.8444 -86.7772
