MapLib/Lvl1_5x5/BG/Ele_BG_AE.asc
ncols         557
nrows         557
xllcorner     2227500
yllcorner     6122669.448
cellsize      1000
nodata_value  -9999.0
[rows 330 to 359 of 557, columns 67 to 133 of 557]
-80.2677 -80.2677 -80.2677 -78.9462 -76.6104 -73.0838 -69.586 -64.6802 -60.5399 -57.3668 -54.9368 -52.8642 -52.2289 -51.2677 -50.2677 -49.3232 -47.2633 -45.6929 -46.2677 -44.941 -41.2937 -40.2915 -42.5543 -41.9663 -40.0705 -39.7323 -39.7323 -39.5804 -39.1132 -36.8942 -35.6056 -34.7032 -33.1759 -30.8078 -29.7284 -29.4646 -28.656 -27.7908 -28.1391 -29.0573 -28.4646 -28.4646 -28.803 -28.9288 -28.3653 -26.9978 -25.3625 -25.2728 -26 -25.4567 -25 -25.8138 -26 -25 -25 -25 -25 -25 -25 -25 -25 -25 -24.7854 -24 -24.0528 -24.0249 -23.3897
-77.2649 -77.2836 -77.6324 -76.5143 -74.7031 -71.4485 -67.9508 -63.045 -59.1347 -56.3664 -53.8642 -51.5965 -50.9858 -50.6324 -50 -49.0555 -46.8404 -45 -45.5378 -43.5433 -39.27 -38.4225 -41.6388 -41.9734 -40.3382 -40 -40.3427 -40 -39.7971 -37.3237 -36 -35 -33.5122 -31.0135 -28.9947 -28.3936 -27.6324 -27.0505 -27.6324 -28.1443 -27.6324 -27.6324 -27.6934 -27.8021 -27.6324 -26.631 -25.3625 -25.2728 -26 -25.4567 -25 -25 -25.6324 -25 -25 -25 -25 -25 -24.9042 -24.6324 -23.8048 -23.6324 -23.6324 -22.6324 -22.6324 -22.3724 -21.5065
-73.41 -74.0453 -74.9944 -74.6738 -73.0405 -69.8149 -66.3183 -61.4125 -58.0045 -54.867 -52.4635 -50.5965 -50 -50 -50 -50 -46.8404 -45 -45 -42.5461 -37.7612 -37.515 -40.7827 -40.9999 -40.3353 -40.2963 -40.9972 -40.4296 -39.7937 -37.3205 -35.9972 -34.9972 -33.5094 -30.2399 -27.9828 -25.6997 -25.998 -26 -25.9984 -25.1902 -25.9995 -26 -25.901 -25 -25.9972 -25.9949 -24.9982 -25.2692 -25.9969 -25.4539 -24.9972 -24.9972 -24.9972 -24.9972 -24.9972 -24.9972 -24.9972 -24.9972 -24.7366 -23.1039 -22.9985 -22 -22 -21 -20 -19.2946 -19
-70.1395 -70.7748 -71.7238 -71.929 -71.4052 -69.0303 -65.8252 -61.4125 -58.0045 -54.867 -52.4635 -50.5965 -50 -50 -50 -50 -46.8404 -45 -45 -43.8531 -39.3964 -39.1502 -41.171 -40.9734 -39.3382 -39.3619 -39.3619 -38.5184 -37.4475 -35.5238 -34.0599 -33.2926 -31.7107 -28.9828 -26.9856 -25.3503 -25.2849 -26 -25.4446 -25 -25.826 -26 -25 -25 -25 -24.3619 -23.7244 -23.3619 -23.6906 -23.5272 -23.3619 -23.3619 -24 -23.3619 -23.3619 -23.3619 -23.3619 -23.3619 -23.1013 -22.3619 -22.1697 -22 -22 -21 -20.5921 -20 -19.6381
-66.869 -67.7776 -69.2253 -69.7267 -69.7267 -68.1347 -65.5455 -61.6483 -58.2779 -55.104 -52.6735 -50.5965 -50 -50 -50 -50 -47.1137 -45.3321 -46.1646 -44.8088 -41.3928 -41.0294 -41.831 -41.2274 -38.8848 -38.2733 -38.0185 -36.4324 -34.9445 -34.1176 -32.5266 -30.8914 -29.2561 -27.7245 -26.2733 -25.6237 -25.4804 -26 -25.4446 -25 -25.826 -26 -25 -25 -24.46 -22.9994 -22.0892 -21.2728 -22 -21.8515 -21.1297 -21.9491 -22.7267 -22.6654 -22 -22 -22 -21.2723 -21.1894 -21.9715 -22 -22 -21.7809 -21 -21 -21 -20.1797
-63.5985 -65.2338 -66.8063 -67.4749 -68.0914 -67.0373 -65.5455 -62.275 -59.0045 -55.8548 -53.4423 -51.5051 -50.9086 -50.9086 -50.9086 -50.9086 -49.2758 -47.8368 -47.9086 -46.423 -43.7767 -43.5733 -44.2642 -43.7906 -42.1553 -40.5472 -38.9762 -36.8252 -34.7971 -34 -32.5266 -30.8914 -29.2561 -28.5641 -27.9086 -27.8492 -27.5583 -26.9086 -25.9492 -25 -25.826 -26 -25 -25 -24 -22.9978 -21.3625 -21.2728 -22 -21.4567 -21 -21.0744 -22 -21.9234 -21.0914 -21.0914 -21.0914 -21 -21 -21.0819 -21.0914 -21.0914 -21.0181 -21 -21 -21 -20.6574
-60.5541 -62.5303 -64.5985 -65.7776 -66.4562 -66.1861 -64.7728 -63.1375 -60.5484 -57.2779 -54.7756 -52.1403 -51.5228 -51 -51.3093 -52 -50.7355 -49.9019 -49.5438 -48.2929 -46.423 -45.5438 -46.7224 -45.9879 -44.882 -42.5674 -40.1044 -37.4324 -34.7971 -34 -32.5266 -30.8914 -30 -29.3376 -29.0078 -29.8402 -28.7151 -27.0798 -26 -25 -25.826 -26 -25 -25 -24 -22.9978 -21.3625 -21.1244 -21.4562 -21.2083 -20.4562 -20.8987 -21 -21 -21 -21 -21 -21 -20.4562 -20.4562 -20.4562 -20.4562 -20.4562 -20.4562 -20.4562 -20.4562 -19.756
-58.2366 -60.7019 -62.5071 -64.1423 -64.8209 -65 -64.7728 -63.1375 -61.0937 -58.9131 -56.2733 -53.7756 -52.1722 -52 -51.6907 -51 -51 -50.8235 -50.0268 -49.0921 -48.0799 -47.2228 -47.6788 -46.9734 -45.3382 -42.7029 -40.1353 -37.4324 -34.7971 -34 -32.5266 -30.8914 -30 -30 -30 -30 -28.7151 -26.915 -25.9005 -25 -25.826 -26 -25 -25 -24 -22.9978 -21.3625 -21 -20.8374 -20.2776 -19 -19.668 -20.3686 -21 -21 -20.9365 -20.0082 -19.888 -19.8209 -19.8209 -19.8209 -18.8209 -18.8209 -18.8209 -18.5826 -17.6942 -17.6418
-56.6013 -59.0604 -60.8718 -62.5071 -63.9647 -64.1856 -64.1435 -63.1375 -61.9113 -59.8423 -57.2779 -55.0822 -53.7756 -52.2655 -51.6907 -51 -51 -50.8249 -50.0278 -49.9099 -49 -48.8596 -48 -46.9734 -45.3382 -42.7029 -40.1353 -37.4324 -34.7971 -34 -32.5266 -30.8914 -30 -30 -30 -30 -28.7151 -26.1596 -25.4446 -25 -25.1533 -26 -25 -25 -24 -22.9978 -21.3625 -20.7779 -20.0171 -19.4567 -19 -19.6627 -20 -21 -21 -20.1198 -20 -19.3747 -19 -19 -18.5675 -18 -18 -17.1856 -16.1856 -15.4783 -15.1856
-56.153 -58.0509 -59.6862 -61.3215 -62.5266 -63.3258 -63.4253 -63 -62.2283 -60.3166 -58.3359 -56.3744 -54.4109 -52.7756 -51.6907 -51 -50.7393 -50 -50 -50 -49.9335 -49.1097 -48.2737 -46.9734 -45.3382 -42.7029 -40.1353 -37.4324 -34.7971 -34 -32.5266 -30.8914 -30 -30 -30 -30 -28.7151 -27.0798 -26 -25 -25 -25 -25 -25 -23.835 -22.5481 -20.9129 -20 -20 -20 -20.4496 -20.4496 -20.6968 -21 -21 -20 -20 -19.3747 -19 -18.5972 -18 -17.4588 -16.6396 -16.1135 -15.4783 -14.5504 -14.3618
-55.3308 -56.9661 -58.6013 -60.2366 -61.8718 -61.9654 -62.9151 -62.9151 -62 -60.867 -59.2317 -57.5965 -55.9258 -53.4109 -52.6907 -51.0555 -50.4694 -50.0666 -50 -50 -50 -49.2439 -47.9668 -46.9734 -45.3382 -42.7029 -40.1353 -37.4324 -34.7971 -34 -32.5266 -30.8914 -30 -30 -30 -30 -28.7393 -28.0068 -27.0849 -26.1536 -26.0849 -25.5779 -25 -25 -23.6642 -22.9978 -21.3625 -20 -20 -20 -20.9151 -20.9151 -20.9151 -19.9928 -19.9151 -19.9151 -19.9151 -19 -18.6767 -18 -17.4291 -16.7629 -15.932 -14.9629 -13.9151 -13.2078 -12.9151
-54.4157 -56.0509 -57.6862 -59.3215 -60.2678 -61.1657 -61.4435 -62 -62 -60.9628 -59.9519 -58.3166 -56.6814 -55.0461 -53.4109 -51.7756 -51 -50.9398 -50.1078 -50 -50 -49.2439 -47.6087 -46.2724 -45.3382 -42.7029 -40.1353 -37.4324 -34.7971 -34 -32.5266 -30.8914 -30 -30 -30 -30 -29.5149 -28.7425 -28.7201 -28.6668 -27.8455 -26.388 -25.6507 -25 -24 -22.9978 -21.3625 -20.5237 -20 -20 -20 -20 -19.2799 -19.1956 -18.2799 -19 -19 -18.5497 -18 -17.3549 -16.6175 -15.8802 -15.0555 -14.1576 -12.9481 -11.5725 -11.2799
-53.4157 -55.0509 -56.6862 -58.2072 -59.6013 -59.855 -60.6446 -60.9511 -61 -60.867 -60 -58.5965 -56.9612 -55.326 -53.6907 -52.0555 -51.4202 -51 -50.1497 -50 -49.9571 -49.1572 -47.6087 -46 -45.3382 -42.7029 -40.1353 -37.4324 -34.7971 -34 -32.5266 -30.8914 -30 -30 -30 -30 -29.4609 -28.673 -28.6446 -28.1663 -26.8187 -25.4807 -24.5481 -23.6446 -23.6446 -22.6432 -21.3625 -20.7272 -20 -20 -19.9366 -19.12 -18.8404 -17.6446 -16.9251 -17.6446 -17.6446 -17.0193 -16.6446 -16.6446 -16 -14.9409 -14.1279 -13.363 -11.9279 -10.2926 -9.6446
-52.8368 -55.0509 -56.0064 -57.3278 -58.0089 -59.0055 -59.2345 -60.0081 -60.0094 -60.0081 -60 -58.9962 -57.9519 -56.3166 -54.6814 -53.0461 -51.4202 -51 -50.1497 -50 -49.0082 -48.251 -47.6087 -46 -45.3382 -42.7029 -40.1353 -37.4324 -34.7971 -34 -32.5266 -30.8914 -30 -30 -30 -30 -28.7177 -27.0892 -26.4591 -25.8204 -24.1928 -23.5481 -22.9129 -22.0094 -22.0094 -22 -21.3625 -20.7272 -20 -20 -19.0077 -19 -18.0052 -16.9165 -15.2898 -15.0187 -15.0187 -15.0129 -15.2675 -16 -15.4739 -14.8337 -13.2059 -12.5672 -10.9372 -9.302 -7.6699
-51.7898 -53.425 -55.0603 -56.5753 -57.3579 -58.2215 -59 -59.8625 -60 -59.9168 -59.0867 -58.5965 -57.3596 -56.326 -54.8843 -53.6814 -52.263 -51 -50.1497 -49.5144 -48.2533 -47.3741 -46.3741 -45.9734 -45 -42.7029 -40.1353 -37.4324 -34.9241 -34.1013 -33.6259 -32.5853 -31.7862 -31.2467 -30.6169 -30 -28.7151 -27.0798 -26 -25 -24.174 -23.3372 -22.5655 -22 -22 -21.9978 -21 -20.7272 -20 -19.4567 -18.8883 -18.0697 -16.9251 -15.2898 -14.3741 -14.3741 -14.3741 -13.3741 -13.3741 -13.7092 -12.7482 -11.5819 -10.2465 -8.6854 -5.3791 -2.8985 -1.8659
-50.7228 -52.7898 -54.425 -55.2375 -56.6956 -57.4374 -58.1679 -59.6013 -59.7388 -58.9653 -58.7388 -57.8946 -56.9899 -56.0648 -54.9192 -54.041 -52.159 -50.6827 -49.8494 -48.5066 -46.0642 -44.5942 -44.4777 -44.4777 -44.4777 -42.4417 -39.8741 -37.2841 -35 -35 -34.8764 -34 -33.8057 -32.3597 -30.7388 -30.0892 -28.4539 -26.1388 -25.3285 -24.7388 -24.1286 -23.5388 -22.9035 -22 -22 -21.7372 -21 -20.5373 -19.7629 -19.1956 -17.7388 -16.9251 -16.1459 -14.6545 -13.0193 -12.7388 -12.7388 -11.5755 -10.4777 -10.2437 -9.5467 -7.789 -6.1538 -4.0487 -1 2 22.9989
-50.4157 -52.0509 -53.0711 -54.3917 -55.0991 -56.6342 -57.3073 -58.0893 -58.1036 -58.0898 -57.3113 -56.7001 -56.0648 -54.4296 -53.7943 -52.2569 -50.0041 -47.9921 -46.4449 -43.9044 -39.2763 -38.274 -39.7651 -40.3108 -40.3108 -39.28 -38.1782 -36.4772 -35 -34.2487 -33.6302 -33.0062 -31.4633 -29.828 -29.0907 -27.5575 -26.8187 -25.1834 -23.6057 -23.1036 -23.1036 -23.0558 -22.0936 -22 -21.1036 -20.998 -20.1036 -18.8591 -18.1131 -16.6639 -15.2072 -14.3934 -13.7011 -13.0193 -11.384 -11.1036 -10.2161 -8.5819 -6.9736 -6.218 -3.3522 -1.3971 2 7.9198 9.6369 20.434 24.1298
-49.6104 -51.0239 -52.1545 -53.3215 -54.4481 -55.2772 -56.1064 -56.4683 -57 -56.4683 -56.1085 -55.0648 -54.4296 -52.7943 -51.3235 -49.5533 -47.617 -45.1526 -43.1497 -39.7842 -34.6375 -33.5122 -35.8597 -36.4542 -35.6267 -36.4683 -36.964 -36.2025 -34.7971 -33.5544 -32.2749 -30.828 -29.1928 -27.7591 -26.4539 -25.1229 -24.1834 -23.4683 -21.9129 -20.5697 -21.3868 -22 -21.4683 -21.4683 -20.1013 -19.4661 -18.1294 -16.6639 -15.0286 -13.6822 -12.3734 -11.9367 -11.7264 -10.4235 -9.2171 -8.748 -6.8885 -3.6227 -2.283 -1.9367 -1 8.6396 13.46 16.1656 9.8537 13.0506 16.6107
-48.4157 -50.0509 -51.6862 -53.2678 -53.9928 -55 -55.8331 -55.8331 -55.8331 -55.7001 -54.8331 -53.9326 -52.8008 -51.8875 -50.5754 -49.0555 -47.4202 -45.9519 -44.4586 -41.9582 -37.2591 -36.1306 -36.6599 -36.1625 -35.3382 -36 -36.9324 -36 -34.7971 -33.1619 -31.3597 -28.7063 -26.9222 -25.8331 -24.8187 -23.1834 -22.8331 -22.8331 -21.4446 -21 -21 -21 -20.7366 -19.1013 -18.3604 -16.8305 -15.0286 -13.3934 -12.6661 -11.2136 -9.8033 -9.6661 -9.2171 -7.5819 -5.9466 -3.7411 -1.0166 7 12.8765 21.9962 23.6378 21.0298 19.7847 17.052 11.4894 12.2376 13.001
-48.4157 -50.0509 -51.6862 -53 -53.9567 -54.6727 -55 -55 -54.6007 -54.1715 -53.3837 -52.7943 -51.9689 -51.0645 -50 -49.0555 -47.8853 -46.9575 -46.1201 -44.0289 -40.5605 -38.8022 -38 -36.9734 -35.8691 -36.2383 -36.9866 -36 -34.7971 -32.4895 -30.1469 -26.9805 -25.0507 -24.1978 -23.1834 -21.5481 -21.4264 -22 -21.4446 -21 -21 -20.63 -19.1013 -17.4661 -16.1978 -14.3929 -12.0489 -10.3417 -10.1978 -8.762 -7.3603 -6.545 -5.9466 -4.2437 -1.8739 -1 15.4118 16.2707 29.3281 25.6656 28.3777 30.439 19.124 22.0562 28.6194 15.4772 11.3642
-48.4157 -50.0509 -51.6862 -53.3215 -54 -54.592 -55 -55 -54.5023 -53.867 -52.6639 -51.159 -50.5626 -50.1834 -50 -49.4686 -48.6738 -47.785 -46.1497 -43.5433 -38.8835 -37.4559 -37.7337 -37.4374 -37.1479 -37 -37 -36 -34.7971 -32.3237 -30.0532 -26.7827 -25 -24 -22.9856 -21.3503 -21.2849 -22 -21.4446 -21 -21 -19.8419 -17.4661 -15.8308 -15.1956 -13.5591 -11.0836 -9.2898 -8.5626 -6.7816 -4.4845 -3.3113 -2.1825 -1 6.9075 15.4178 22.6154 20.4283 22.8081 18.1551 20.8237 21.9328 19.1617 23.2953 24.3029 18.4418 9.0961
-48.4884 -50.0509 -51.6862 -53.3215 -54.0695 -55 -55 -55 -54.5023 -52.9903 -52.159 -50.5965 -50 -50 -50 -50 -49.4202 -48.785 -46.3612 -43.6513 -38.9765 -37.2181 -38.5083 -39.0727 -39.0727 -38.0511 -37.0676 -36.0314 -34.7824 -32.312 -30.0532 -26.7827 -25 -24.0727 -22.9856 -21.3503 -21.2642 -21.9273 -20.9596 -19.9273 -19.9273 -19.0049 -16.7344 -14.2488 -13.9273 -12.9228 -9.6987 -7.6545 -6.8613 -3.7681 -1 3 7.4687 16.0065 17.1817 19.0217 14.5421 16.7269 15.099 16.9559 21.3666 16.911 22.6331 16.6355 25.6896 15.2656 13.7777
-49.4157 -50.7589 -51.9084 -53.3215 -54.9567 -55 -55 -55 -54.5023 -52.867 -51.2317 -50.1742 -50 -50 -50 -50 -49.4202 -48.785 -47.7517 -46.0806 -43.2598 -42.1239 -41.4159 -41.4159 -40.9473 -39.4109 -37.7756 -36.4324 -34.5942 -32.1619 -29.6804 -26.7827 -25 -25 -23.6833 -21.3503 -21 -21 -19.7366 -18.292 -18.292 -17.3696 -15.1674 -13.482 -12.7402 -11.2892 -8.9112 -6.5342 -4.384 -1.2668 12.3831 13.2837 14.6584 12.533 16.0526 19.3352 21.5756 19.5572 20.5756 18.0083 22.317 18 20.7554 19.5469 17.6162 21.159 14.486
-49.4157 -50.6743 -51.4507 -52.9782 -53.6568 -53.6568 -53.884 -54.6568 -53.5023 -51.9544 -51.1522 -50 -50 -49.7687 -49.6568 -49.6568 -48.6568 -47.6568 -47.6568 -46.6568 -45.5774 -44.2439 -43.6087 -43 -42.5653 -40.749 -38.0909 -36.4324 -34.5942 -32.1619 -29.7073 -27.2346 -26.3432 -25.9641 -24.3288 -22.6935 -22.0583 -21.3432 -19.5971 -17.2778 -17 -16.5388 -14.497 -12.7489 -12 -10.9963 -8.4869 -5.9768 -3.184 6.2069 16.1039 15.9231 14.8622 23.1663 17.1095 16.7249 16.9149 18.5718 16.2143 18.8009 14.1108 21.7034 16.8365 18.9901 25.2606 26.7188 17.9345
-49.0089 -50.0011 -50.693 -51.343 -52.0215 -52.0215 -52.2488 -53.0215 -52.5238 -50.8885 -50.0215 -50 -49.9621 -49.007 -49 -48.0758 -46.4542 -46.0215 -46.0215 -45.5249 -45 -44.9837 -43.9916 -43.9785 -43.9785 -41.6965 -39.1137 -36.4324 -34.7928 -32.3203 -30.5164 -29.8483 -28.9569 -27.5993 -25.9641 -24.3288 -23.6935 -22.9785 -20.4326 -17.9959 -17.1703 -16.5388 -13.9035 -12.2683 -12 -10.9978 -9.3488 -6.4545 -3.184 9.16 10.0707 11.8259 16.0551 16.4602 17.4043 12.8156 16.0843 16.7101 17.3589 16.009 16.8277 18.0237 19.8214 22.0968 25.5398 21.7013 26.3025
-47.5468 -47.8038 -48.3863 -48.7725 -49.3597 -48.7725 -48.9998 -50.635 -50.2748 -48.7212 -48.3863 -48.3863 -48.3625 -47.5122 -47.3863 -46.4417 -44.8065 -43.2543 -42.7725 -41.8608 -40.4709 -39.9314 -40.5451 -40.5288 -39.9314 -38.1332 -36.2265 -33.5912 -31.2639 -29.8351 -28.482 -27.0921 -26.2577 -26.6261 -25.3774 -24.1229 -23.1013 -22.3863 -19.8308 -17.883 -17.0672 -15.7469 -13.1933 -11.3863 -11.3863 -10.3854 -9.3625 -6.4545 -3.184 11.3634 12.0885 13.4447 21.6462 21.8749 18.3694 25.2106 17.0053 15.8456 19.6056 17.0856 18.7061 20.4142 21.4525 21.7453 23.1908 27.6251 27.9644
-45.751 -45.751 -45.751 -46.5821 -46.751 -46.159 -45.9782 -47.6135 -47.2533 -45.751 -45.9423 -46.751 -45.9903 -45.751 -45.751 -44.8065 -42.4868 -40.3405 -39.5393 -37.659 -34.2604 -33.2581 -34.8934 -34.4688 -32.5912 -32.0299 -31.502 -28.9344 -26.3497 -25.5423 -24.2776 -22.3934 -22.2459 -23.1302 -22.7474 -21.8524 -20.751 -20.751 -19.1956 -16.9525 -15.9251 -14.9434 -11.9035 -10.2683 -10 -9.9978 -8.3625 -6.4545 -3.4101 6.3604 15.3536 15.3142 16.9916 16.5999 16.039 20.6853 13.9123 19.6459 14.0341 24.666 20.8855 25.7806 25.0702 21.1577 26.4391 21.4632 21.5778
-45 -45 -45 -45.3215 -46 -45.408 -45.2272 -46.8625 -46.5023 -45 -45.7683 -46 -45.9612 -45 -44.1158 -43.1712 -40.0233 -38.1158 -38.0173 -36.9727 -33.6426 -32.6403 -33.9295 -32.9468 -30.3382 -30 -29.1756 -26.9305 -25 -24.1619 -23.108 -20.8914 -20.7439 -21.4949 -21.1013 -19.4661 -18.8638 -18.2315 -16.6761 -15.2094 -14.2898 -13.6545 -11.9035 -10.2683 -10 -9.9997 -9.2467 -7.3387 -4.1733 -1 23.7824 18.3663 16.667 11.8516 23.661 22.2133 18.8695 16.5367 20.3658 17.2948 21.4234 23.4785 26.8976 25 19.5995 15.2498 22.3767
-45 -45 -45 -45.3215 -46 -45.1961 -45.1092 -46.343 -46.2413 -45 -45.7683 -46.7134 -45.9612 -45 -43.6907 -41.5648 -38.3209 -35.6956 -36.9222 -37.2811 -35.3987 -34.5195 -35 -32.9606 -30.5138 -29.7029 -29 -26.8648 -24.7971 -24 -22.5266 -20.8914 -20 -20.1822 -19.4592 -17.0128 -16.4805 -16.4805 -14.9251 -12.4805 -12.9096 -12.7604 -11.9035 -11 -11 -10.9978 -10 -7.5962 -4.7035 -1 22.1799 13.9171 13.963 10.3305 15.8922 18.5865 20.8873 23.2951 24.2436 21.7529 23.3319 20.493 23.7877 18.4998 16.4027 20.3116 18.1243
-45.1548 -45 -45 -45 -44.8519 -43.2533 -43.0725 -44.7077 -45.4245 -45 -45.7683 -47 -45.9612 -45 -43.2745 -41.0555 -37.8404 -35.215 -36.8503 -36.9249 -35.8792 -35 -35 -32.9734 -30.6763 -29.7029 -29 -26.8648 -25 -24.2916 -23.6814 -22.0461 -21.0396 -20.6795 -18.9856 -16.7007 -16 -16 -14.5305 -13.1252 -13 -12.5388 -11.9035 -11 -11 -10.8434 -9.3625 -7.342 -4.184 -1 12.2495 9.2629 15.9699 16.5543 17.2487 17.508 16.4528 15.2977 15.831 15.5507 15.2307 18.6681 17.6737 18.4495 19.5624 20.8847 17.9837
