MapLib/Lvl1_5x5/BG/Ele_BG_FF.asc
ncols         557
nrows         557
xllcorner     2784500
yllcorner     3337669.448
cellsize      1000
nodata_value  -9999.0
[rows 50 to 74 of 557, columns 57 to 113 of 557]
-1173.0581 -1163.0425 -1152.548 -1138.4907 -1124.4164 -1118.1667 -1114.6021 -1114.6484 -1105.6179 -1061.4734 -1026.6353 -1008.2223 -970.4346 -913.9279 -894.3491 -898.1273 -918.5684 -945.5818 -967.6525 -989.7971 -1019.0323 -1046.6058 -1071.5867 -1084.3423 -1078.4994 -1105.0199 -1162.3536 -1263.7195 -1389.5603 -1458.5719 -1515.5508 -1575.382 -1636.017 -1700.7773 -1764.8335 -1829.7856 -1896.8186 -1969.5217 -2026.9647 -2071.407 -2120.0195 -2169.7935 -2212.9834 -2255.8789 -2306.6421 -2357.6343 -2403.3511 -2464.4526 -2556.9023 -2636.531 -2693.9856 -2750.1597 -2805.8232 -2842.1614 -2871.0696 -2910.167 -2953.2048
-1224.7667 -1219.2704 -1213.6216 -1194.2695 -1172.0267 -1161.5576 -1155.9526 -1155.9778 -1151.3245 -1129.8114 -1103.5629 -1070.6556 -1026.8912 -973.7451 -950.0583 -947.0047 -964.2482 -988.5876 -1007.9842 -1026.7872 -1053.3286 -1076.812 -1088.9435 -1096.6676 -1099.3313 -1124.2784 -1172.1488 -1250.2391 -1343.814 -1402.5546 -1451.9758 -1524.9225 -1598.6281 -1671.2749 -1743.2325 -1814.0978 -1886.1025 -1959.1471 -2022.2898 -2076.0544 -2141.2195 -2212.5652 -2257.5313 -2297.8577 -2349.7449 -2404.5161 -2462.4243 -2528.1011 -2609.2808 -2684.0762 -2748.2559 -2821.1333 -2901.345 -2951.25 -2989.7339 -3045.7043 -3105.4861
-1276.1998 -1273.0068 -1270.4592 -1247.6624 -1218.4897 -1203.2836 -1193.9407 -1191.0184 -1188.3495 -1184.0848 -1166.4269 -1124.6472 -1079.1871 -1030.8855 -1006.7079 -999.2867 -1012.4659 -1034.0034 -1053.376 -1073.4519 -1094.4717 -1111.084 -1111.6644 -1115.3026 -1123.6266 -1148.0613 -1187.8727 -1245.3037 -1311.8749 -1359.3687 -1401.9384 -1484.9127 -1568.8528 -1648.121 -1726.6404 -1803.7024 -1880.291 -1956.1182 -2025.3531 -2088.4255 -2170.0254 -2259.9727 -2305.4077 -2343.8433 -2399.7742 -2460.8909 -2529.9727 -2602.2422 -2677.8564 -2750.6372 -2818.9209 -2905.4871 -3006.3455 -3068.4202 -3114.5 -3179.9146 -3247.6184
-1326.1876 -1318.6737 -1311.0593 -1288.2286 -1259.8589 -1237.115 -1217.559 -1201.5862 -1190.0543 -1186.6779 -1174.7122 -1148.1653 -1116.5037 -1080.1841 -1064.907 -1063.7655 -1071.9082 -1085.6746 -1119.0415 -1153.365 -1158.1581 -1160.754 -1155.2604 -1155.0157 -1162.8727 -1186.7771 -1225.0831 -1275.0662 -1330.9412 -1368.5487 -1402.1775 -1484.9127 -1568.4866 -1650.2129 -1731.4064 -1811.293 -1893.5089 -1980.8762 -2059.9241 -2131.6682 -2223.9268 -2325.9436 -2367.2839 -2401.2207 -2474.7058 -2553.5552 -2630.2102 -2712.8696 -2807.8689 -2889.4912 -2950.8391 -3039.9026 -3150.824 -3215.5933 -3260.1907 -3308.0667 -3353.6909
-1368.5175 -1356.3566 -1345.3271 -1329.7382 -1310.8491 -1286.674 -1261.0566 -1235.1904 -1213.9052 -1209.9307 -1202.1451 -1187.2897 -1167.1086 -1141.923 -1133.6328 -1135.1855 -1143.2211 -1156.3142 -1191.9069 -1226.9844 -1222.3083 -1214.9596 -1200.6561 -1192.6825 -1195.7506 -1216.8091 -1255.5599 -1300.512 -1348.3677 -1380.6298 -1409.3989 -1489.896 -1572.4589 -1653.4606 -1734.4189 -1814.4535 -1901.2042 -1997.6234 -2088.1072 -2174.0823 -2280.0352 -2395.6975 -2444.5835 -2485.6716 -2577.0916 -2672.7737 -2753.2502 -2840.1394 -2944.6782 -3030.1707 -3085.0713 -3171.0557 -3282.2754 -3350.479 -3398.5825 -3443.2673 -3484.459
-1398.7974 -1380.0076 -1368.6481 -1372.3656 -1378.8403 -1363.7538 -1340.7773 -1308.2965 -1280.5974 -1272.6678 -1264.2665 -1255.2017 -1241.6334 -1225.2086 -1218.8711 -1220.6908 -1237.9406 -1259.8845 -1276.8989 -1290.6915 -1287.2218 -1277.6879 -1247.6486 -1225.6161 -1216.3899 -1232.8066 -1273.9659 -1318.049 -1364.5667 -1397.6665 -1427.9961 -1504.682 -1583.0608 -1657.3385 -1732.8976 -1811.0475 -1898.9648 -1999.9523 -2105.041 -2213.7971 -2339.6719 -2473.6367 -2549.6658 -2618.1489 -2729.8074 -2838.1531 -2916.3506 -2997.5618 -3096.0752 -3174.1707 -3222.2603 -3296.6011 -3392.4766 -3462.6401 -3522.2783 -3592.3293 -3660.2554
-1442.0886 -1428.4921 -1424.9912 -1445.8171 -1469.5674 -1455.0753 -1426.4615 -1380.6064 -1339.1464 -1322.0674 -1309.9663 -1305.4816 -1304.6917 -1307.459 -1308.2222 -1310.1226 -1323.1215 -1338.8591 -1342.3342 -1343.4445 -1337.9879 -1325.9884 -1291.2018 -1268.244 -1263.9915 -1280.1531 -1314.6886 -1356.7207 -1402.5078 -1438.666 -1471.7318 -1542.3514 -1614.4114 -1689.0688 -1767.0546 -1852.403 -1947.3101 -2055.5212 -2166.4102 -2279.5513 -2404.8311 -2536.6191 -2618.5847 -2695.7212 -2815.4832 -2930.2629 -3003.4695 -3085.2173 -3196.3606 -3288.855 -3349.4695 -3431.6501 -3531.251 -3600.4211 -3657.9941 -3728.6729 -3797.2014
-1498.2958 -1501.2045 -1513.7728 -1548.8176 -1582.4083 -1560.1344 -1516.8286 -1451.3191 -1391.0132 -1359.5243 -1339.8511 -1339.0315 -1355.4791 -1388.8376 -1402.2269 -1402.7169 -1398.2147 -1392.5073 -1388.6261 -1384.5415 -1374.0303 -1359.7418 -1331.1211 -1320.355 -1338.5704 -1357.3386 -1377.182 -1414.5068 -1461.5841 -1502.066 -1540.9711 -1602.0461 -1666.8337 -1748.6381 -1836.214 -1937.3379 -2045.6508 -2163.6533 -2271.9194 -2371.2012 -2476.0254 -2583.4971 -2651.7297 -2718.3425 -2835.6521 -2948.1467 -3015.1782 -3103.4849 -3246.6052 -3372.126 -3466.2832 -3574.7158 -3696.9934 -3763.2041 -3806.0388 -3852.2881 -3896.1592
-1562.8772 -1575.7013 -1602.1295 -1662.6484 -1723.9921 -1716.7083 -1681.2118 -1614.3762 -1550.6874 -1513.318 -1484.3427 -1471.0421 -1476.4281 -1499.975 -1503.4302 -1492.7947 -1467.2273 -1437.797 -1421.8799 -1410.5276 -1403.0875 -1391.1279 -1361.2549 -1351.7793 -1374.2146 -1388.5162 -1394.4645 -1437.1155 -1498.3348 -1543.3781 -1584.2595 -1652.6636 -1723.3851 -1804.8256 -1891.335 -1988.9718 -2092.135 -2203.0361 -2302.1396 -2390.3716 -2487.9414 -2590.3618 -2658.9189 -2726.7102 -2844.9148 -2958.978 -3032.6301 -3131.1309 -3292.3403 -3435.2432 -3544.5383 -3663.1555 -3791.2959 -3852.9756 -3887.1104 -3923.8201 -3959.655
-1630.531 -1651.5765 -1690.5607 -1783.0668 -1881.4845 -1901.002 -1886.6915 -1829.5342 -1771.4075 -1731.7605 -1693.3821 -1657.3589 -1635.3854 -1626.5463 -1608.4615 -1581.4091 -1532.4808 -1478.1749 -1449.1158 -1427.8146 -1428.6547 -1421.4066 -1386.8602 -1371.3617 -1388.321 -1392.7712 -1386.8234 -1438.7218 -1521.4655 -1571.1774 -1612.7968 -1698.1997 -1783.3151 -1860.0835 -1938.3226 -2022.087 -2109.9453 -2203.6067 -2289.6243 -2368.728 -2467.4329 -2574.6052 -2651.6023 -2727.9109 -2848.0579 -2966.2598 -3052.5024 -3163.8923 -3335.4949 -3486.8945 -3602.0193 -3721.3042 -3844.7031 -3902.1348 -3930.9265 -3966.3369 -4003.325
-1674.8585 -1684.192 -1710.3173 -1829.4806 -1967.9889 -2011.0942 -2018.9771 -1988.2708 -1955.5941 -1937.9608 -1918.7937 -1898.3561 -1866.9562 -1822.9712 -1766.3151 -1700.1097 -1620.0889 -1539.3251 -1492.7354 -1454.9185 -1436.9403 -1418.3822 -1395.3586 -1388.4851 -1407.0466 -1418.4767 -1423.9442 -1478.1594 -1558.1183 -1608.8613 -1652.8302 -1742.2141 -1830.7208 -1907.0629 -1983.1375 -2060.5088 -2145.0913 -2240.0413 -2324.6558 -2400.4482 -2493.3784 -2594.9788 -2670.512 -2746.7634 -2868.7859 -2991.416 -3090.7979 -3213.252 -3390.801 -3541.6052 -3645.8313 -3758.4373 -3877.7061 -3937.6328 -3974.3242 -4031.3538 -4090.4695
-1714.3789 -1706.3633 -1713.1802 -1856.9701 -2034.1819 -2101.6362 -2131.5603 -2131.8535 -2131.5588 -2140.3333 -2148.6531 -2154.24 -2116.8059 -2037.0653 -1937.7184 -1827.2827 -1714.833 -1606.2738 -1541.5635 -1486.3943 -1444.1047 -1410.2104 -1402.5015 -1406.7813 -1428.4736 -1451.2626 -1474.5996 -1528.6041 -1599.4786 -1650.4402 -1696.7732 -1786.3929 -1876.2792 -1952.9801 -2028.6619 -2102.2429 -2186.2173 -2285.6321 -2371.1675 -2445.3489 -2531.5078 -2623.678 -2695.9402 -2770.842 -2895.4414 -3022.7212 -3134.7061 -3268.7007 -3450.6873 -3597.729 -3687.0349 -3790.5896 -3905.9272 -3971.9026 -4018.553 -4102.7866 -4188.8799
-1773.0295 -1769.0906 -1781.1672 -1912.1544 -2077.2693 -2180.0862 -2256.0295 -2293.0215 -2320.0735 -2329.6052 -2347.9326 -2381.5767 -2338.7041 -2221.3315 -2092.196 -1955.5582 -1812.3988 -1677.7056 -1625.3848 -1591.1603 -1570.9009 -1550.6514 -1529.3104 -1520.5637 -1532.6589 -1550.0961 -1573.6143 -1626.0468 -1693.316 -1738.0272 -1777.4517 -1875.4077 -1972.2679 -2046.3857 -2120.0034 -2193.2085 -2260.7712 -2320.7314 -2379.509 -2438.2957 -2517.5117 -2605.7075 -2697.1311 -2796.3074 -2954.4995 -3111.688 -3234.0049 -3369.114 -3542.0889 -3689.0383 -3794.2168 -3903.6294 -4016.1348 -4080.6147 -4125.7778 -4193.1919 -4261.2744
-1839.1827 -1843.2338 -1864.9722 -1984.0208 -2135.8447 -2269.427 -2385.8699 -2456.113 -2506.5393 -2514.9478 -2537.7493 -2585.8484 -2531.7693 -2379.5391 -2223.4355 -2064.3064 -1897.4713 -1741.4464 -1703.7533 -1690.5037 -1697.0111 -1696.715 -1672.7444 -1659.3208 -1664.0879 -1674.8744 -1691.6038 -1735.8698 -1795.1902 -1833.5962 -1867.275 -1971.1542 -2074.0344 -2148.01 -2220.9421 -2295.3464 -2349.1084 -2374.7517 -2410.4402 -2455.2124 -2529.2893 -2616.6467 -2724.0073 -2843.4822 -3031.9973 -3215.5542 -3344.8242 -3480.542 -3645.6731 -3791.8103 -3907.7883 -4017.9473 -4123.0547 -4183.2783 -4223.7114 -4270.9297 -4316.8633
-1933.8247 -1950.6558 -1995.0219 -2126.573 -2287.8921 -2421.8 -2538.7546 -2614.7173 -2672.0688 -2689.4297 -2695.8186 -2684.9604 -2592.3479 -2421.2339 -2249.2273 -2078.0945 -1914.3411 -1768.5424 -1736.0762 -1730.8909 -1761.5759 -1796.5894 -1840.7563 -1874.7188 -1893.4943 -1893.7697 -1876.4454 -1886.6715 -1911.7056 -1945.6622 -1983.0952 -2083.6543 -2184.2512 -2267.1987 -2347.7141 -2426.2112 -2489.7183 -2530.6426 -2572.2134 -2613.1836 -2694.0044 -2793.3618 -2890.739 -2996.6021 -3184.5647 -3367.7502 -3489.4626 -3620.574 -3791.7322 -3931.8289 -4022.0654 -4100.9287 -4170.855 -4215.5708 -4248.1543 -4277.3301 -4302.9058
-2053.9814 -2087.5537 -2153.1711 -2293.1733 -2456.1843 -2587.5676 -2700.8267 -2776.2739 -2830.8303 -2832.6731 -2807.7517 -2735.741 -2606.0671 -2420.7664 -2240.5935 -2064.2861 -1905.8604 -1768.4397 -1746.3429 -1753.3861 -1819.7716 -1895.9675 -2000.2576 -2081.4763 -2123.2607 -2119.7249 -2072.2083 -2038.4078 -2011.812 -2037.4053 -2074.1946 -2176.4153 -2279.2227 -2375.4482 -2467.2354 -2549.4478 -2621.9421 -2680.5828 -2731.627 -2777.1292 -2869.9312 -2984.5071 -3076.8354 -3174.2974 -3346.8303 -3515.5317 -3627.5088 -3751.2019 -3913.3528 -4036.873 -4097.9902 -4149.2563 -4191.9004 -4221.9858 -4246.4473 -4260.6719 -4269.4868
-2229.8396 -2283.8474 -2369.2615 -2498.1099 -2640.7646 -2768.1174 -2880.6799 -2945.4192 -2974.7039 -2902.791 -2812.967 -2694.1265 -2537.6704 -2346.5068 -2172.3401 -2009.3391 -1852.239 -1713.5404 -1712.2611 -1748.1587 -1876.9677 -2007.119 -2135.0771 -2247.4414 -2331.8113 -2340.4424 -2275.7205 -2181.3882 -2071.0173 -2072.9436 -2101.1106 -2216.9971 -2336.178 -2453.4731 -2561.6155 -2646.4451 -2723.2395 -2790.1189 -2855.6321 -2920.5991 -3033.7566 -3168.835 -3277.1187 -3382.3203 -3513.0417 -3640.394 -3744.9636 -3850.856 -3966.917 -4049.2192 -4081.3076 -4118.5845 -4160.7539 -4184.3608 -4199.4438 -4206.6855 -4208.6406
-2401.293 -2470.7725 -2566.1152 -2689.3228 -2821.6299 -2941.5037 -3040.3455 -3070.5564 -3052.7969 -2909.7344 -2766.6614 -2624.637 -2462.1729 -2281.0898 -2123.1545 -1979.8741 -1836.2708 -1709.2339 -1731.2129 -1794.8088 -1968.8192 -2135.5103 -2269.5547 -2392.0569 -2495.8704 -2504.0027 -2421.502 -2280.7444 -2109.2769 -2101.1577 -2131.6882 -2267.0193 -2406.3169 -2540.0916 -2660.8525 -2747.365 -2827.4163 -2900.7458 -2977.0054 -3055.8279 -3186.5593 -3341.116 -3455.0476 -3559.5691 -3655.6887 -3750.4033 -3843.4177 -3931.9941 -4009.689 -4061.4375 -4074.4221 -4102.2373 -4142.7051 -4160.1294 -4167.8359 -4171.894 -4172.144
-2558.7686 -2637.3247 -2726.2449 -2855.5938 -2995.0005 -3100.8391 -3169.863 -3126.5254 -3034.3396 -2831.009 -2654.4871 -2526.4426 -2387.1169 -2238.1702 -2109.6548 -1993.7517 -1882.6711 -1789.188 -1837.0748 -1923.7607 -2113.7793 -2288.1528 -2406.0461 -2511.1719 -2594.0769 -2581.5769 -2477.6797 -2315.3779 -2121.646 -2124.6899 -2173.9199 -2337.1565 -2501.4285 -2644.4016 -2771.1042 -2858.6929 -2941.8372 -3020.0017 -3099.5396 -3180.1335 -3323.9277 -3497.1084 -3598.9082 -3684.6614 -3764.0674 -3841.7146 -3917.521 -3987.1375 -4045.6973 -4084.489 -4095.4631 -4118.2075 -4150.1606 -4161.8359 -4164.2349 -4170.7759 -4176.4238
-2709.0276 -2797.3047 -2883.2939 -3006.0178 -3135.3831 -3222.1531 -3260.2419 -3149.4221 -2989.7883 -2734.8813 -2538.9893 -2444.9685 -2344.5342 -2237.981 -2149.7813 -2073.3813 -2013.0314 -1969.3391 -2022.8787 -2105.6221 -2278.7856 -2435.6101 -2535.5083 -2620.5886 -2680.2227 -2640.7827 -2507.6318 -2337.6714 -2148.6228 -2172.564 -2246.5908 -2437.959 -2629.2197 -2783.1594 -2916.9822 -3006.7273 -3087.5422 -3159.1125 -3242.4128 -3334.8708 -3474.7561 -3637.1267 -3727.2976 -3800.5635 -3868.6799 -3932.2529 -3981.0005 -4027.1821 -4068.9749 -4096.2603 -4104.7021 -4120.3174 -4142.2993 -4148.9976 -4149.666 -4156.1504 -4163.6362
-2853.0415 -2951.4897 -3039.0024 -3143.0911 -3247.0305 -3308.5547 -3314.9548 -3143.6648 -2923.3215 -2624.6772 -2420.8196 -2381.6257 -2333.8545 -2278.166 -2240.0754 -2214.9531 -2221.1506 -2241.925 -2282.8765 -2336.7078 -2462.0657 -2577.5925 -2658.6807 -2722.2212 -2757.29 -2686.0408 -2514.7271 -2350.8369 -2191.8076 -2244.0681 -2345.6438 -2567.197 -2785.7712 -2953.1025 -3097.6785 -3188.4624 -3263.1287 -3317.9907 -3404.0811 -3518.4097 -3639.3201 -3763.5369 -3842.2534 -3910.1011 -3972.1824 -4021.9587 -4037.0464 -4053.2339 -4079.594 -4097.8003 -4100.894 -4108.3188 -4118.2539 -4122.0244 -4123.3462 -4127.8545 -4132.2056
-3016.2988 -3109.7957 -3199.0376 -3273.0313 -3335.5161 -3368.0823 -3344.1919 -3132.0742 -2881.5293 -2592.5959 -2400.699 -2375.6328 -2350.1538 -2323.0283 -2311.9087 -2313.2617 -2351.7449 -2404.2444 -2449.3989 -2500.4089 -2615.9868 -2720.6089 -2785.7371 -2822.1653 -2810.884 -2703.1199 -2504.7839 -2357.9189 -2239.6421 -2309.8425 -2424.6348 -2662.9788 -2904.2673 -3127.5647 -3320.1816 -3435.9353 -3505.853 -3517.8438 -3564.4438 -3642.8359 -3744.7117 -3857.1924 -3914.1565 -3955.8386 -3972.3335 -3982.0583 -3986.7627 -3994.4424 -4011.2097 -4013.6714 -3994.9055 -3977.1228 -3960.3298 -3956.8503 -3962.8015 -3999.8147 -4042.2329
-3189.0276 -3268.0847 -3359.2058 -3397.5313 -3412.0872 -3411.6345 -3359.3135 -3117.4258 -2853.3501 -2601.9785 -2430.8848 -2399.9507 -2380.8086 -2371.5801 -2374.606 -2389.3682 -2441.8093 -2507.7891 -2566.3008 -2630.0874 -2755.0962 -2864.0398 -2914.8159 -2919.8823 -2850.8574 -2704.3665 -2485.5471 -2362.4253 -2290.4216 -2374.0903 -2494.6377 -2742.6941 -3002.8616 -3304.3877 -3563.5522 -3714.6038 -3781.1343 -3736.8616 -3722.6807 -3735.5632 -3817.9441 -3933.614 -3962.8943 -3967.009 -3916.9648 -3873.8174 -3880.3687 -3892.0935 -3900.5806 -3885.4827 -3835.0554 -3783.7495 -3732.3108 -3720.0317 -3732.9443 -3819.4619 -3920.165
-3293.0403 -3335.04 -3396.4421 -3417.1074 -3417.7856 -3393.2146 -3320.9285 -3087.5107 -2839.4602 -2620.2354 -2474.3494 -2455.1838 -2443.5942 -2438.4592 -2435.469 -2438.5906 -2502.0481 -2588.9766 -2675.9006 -2767.3525 -2896.5986 -2997.6685 -3004.0342 -2961.6719 -2837.8171 -2651.9741 -2409.9375 -2348.1516 -2381.6646 -2513.4087 -2668.3428 -2953.053 -3240.4551 -3508.4622 -3727.6897 -3826.5242 -3858.3987 -3804.8655 -3785.5762 -3798.3933 -3859.5964 -3943.3186 -3937.8438 -3907.9282 -3832.104 -3771.7827 -3786.8474 -3809.1904 -3824.6978 -3795.5139 -3701.4233 -3633.8301 -3587.1501 -3579.1619 -3593.4319 -3664.0698 -3750.1047
-3373.9548 -3376.2124 -3401.3735 -3409.8923 -3403.2703 -3354.5979 -3262.4431 -3042.9011 -2817.1814 -2632.2185 -2513.885 -2511.2805 -2509.7471 -2508.4712 -2496.5398 -2485.2375 -2557.1267 -2663.3198 -2784.2236 -2908.0652 -3030.627 -3115.3591 -3074.9954 -2983.4155 -2807.8279 -2589.7866 -2334.8 -2342.2849 -2487.9011 -2672.5732 -2867.1387 -3188.7178 -3499.2869 -3703.5703 -3855.1875 -3884.915 -3879.4758 -3831.0137 -3822.3545 -3849.1914 -3886.3569 -3927.6133 -3889.5342 -3831.5344 -3743.5686 -3677.2097 -3699.2908 -3730.2371 -3753.7109 -3713.9199 -3580.0012 -3502.6685 -3471.4221 -3470.2524 -3485.1299 -3522.9033 -3575.8452
