MapLib/Lvl1_5x5/BG/Ele_BG_BB.asc
ncols         557
nrows         557
xllcorner     556500
yllcorner     5565669.448
cellsize      1000
nodata_value  -9999.0
[rows 210 to 239 of 557, columns 276 to 344 of 557]
7.1894 8.552 8.1573 7.501 7.6457 7.1282 9.3817 7.7378 8.9947 7.4923 7.8512 9.6677 8.096 10.3444 8.2617 8.6985 9.5612 8.3174 8.3202 7.8321 10.8704 10.8193 8.2229 9.1178 7.8106 7.3475 7.5027 8.0056 7.3833 8.2574 9.2976 8.0753 11.1009 12.2602 11.3229 11.1659 9.3915 8.5965 8.0159 8.9723 8.7008 11.7341 10.9508 10.5533 10.2845 9.709 9.9767 11.6679 9.5109 8.0981 7.4889 7.8153 9.3058 8.8069 9.8761 9.9011 9.9259 8.2098 9.1248 9.8968 9.014 10.6749 8.7707 12.6877 11.8833 9.9236 10.5473 9.5519 10.1894
8.0619 8.5749 9.1554 9.8485 9.9109 7.9219 7.2954 7.4211 7.1073 7.084 7.5228 7.3162 7.6324 7.9278 8.6443 6.9846 8.7658 7.8142 7.168 8.975 7.4587 8.7231 9.5468 8.3725 7.2794 6.7206 7.0319 8.0699 7.0543 8.0377 5.1626 9.2977 8.9923 12.0497 12.0171 9.2242 8.916 8.3755 7.2785 9.0998 7.3356 7.9353 7.6031 11.0712 11.7205 10.3363 9.8801 9.7664 10.057 9.8395 8.753 8.9347 9.0719 8.9176 8.1551 9.1884 11.0426 11.8888 9.7911 10.5886 9.1515 10.67 10 8.8316 10.084 10.8861 10.3962 11.2215 11.1636
8 8 9.1762 9.9621 10.045 9.506 7.463 8.2174 9.3374 8.2533 7.7282 8 8.502 8.8593 8.056 7.7885 9.628 7.4499 8.8875 8.3371 6.6293 7.568 10.0461 7.6928 8.1733 8.0307 7.2907 7.0167 8.3319 7.1569 5.4677 5.548 9.5453 10.5474 10.2064 7.7787 9.5413 11.0872 8.7194 7.6277 8.2357 8.4818 7.8765 9.3574 10.7062 10.2072 8.9807 9.1342 11.1276 10.984 8.4321 9.2929 8.6226 8.8546 9.6869 10.4868 9.972 10 10.471 10.7074 10.3311 10.4028 8.9086 8.2958 9.1038 9.5815 9 10.1857 9.7222
9.569 9.1978 9.5205 9.3344 9.5134 8.2722 7.1844 7.9543 6.0176 7.279 8.9743 8.9864 6.9949 8.2295 7.8793 7.0348 11.5735 9.2324 6.8737 8.6963 7.3262 10.992 8.779 8.7383 9.6721 10.1951 6.4807 6.7287 6.4775 8.0887 8.6209 8.2247 9.2976 12.2995 10.2033 11.3665 10.4245 9 7.3951 9.0076 7.538 7.5885 8.2192 8.6873 9 10.8925 10.8721 10.8419 10.9869 11.7383 10.6513 10.4693 10.3026 8.8666 8.4924 10.9352 10.3692 10.0093 9.9535 9.1531 8.3884 9 11.4902 8.3251 8.7033 10.4664 9.1807 9.7867 8.6423
13.3474 15.7547 9.0056 11.2322 8.8983 8.2736 7.3912 6.9676 7.1834 8.3942 6.9272 8.6629 9.0126 9.7636 9.7529 11.3613 9.9343 9.0133 6.6496 9.3223 7.7536 7.5713 9.1918 8.4201 8.7181 8.5314 6.6207 6.0143 7.0957 8.5616 7.8431 8.4088 9.1545 8.5788 10.9178 8.9201 9.0957 12.3009 13.3098 8.1409 7.5748 8.9152 7.745 7.3004 7.9796 9.4508 18.1918 12.4275 12.2935 9.8681 9.4932 12.5546 11.9384 9.8573 10.0788 12.4047 13.2748 13.9677 11.5844 9.7206 8.4871 11.4393 9.1729 12.1681 11.4841 11.541 10.633 9.9737 8.1033
8 10.6204 8.7738 10.4472 9.9447 8.0126 8.7571 8.201 8.0361 7.4981 7.3631 8.5188 8.4816 10.3355 9.2579 7.2562 5.4513 8.9206 6.2876 6.1979 7.6446 6.3509 7 8.7424 8.0721 7.551 6.4896 6.0061 7.9903 6.7694 6.3401 8.5494 8.5638 7.6589 10.8302 9.2578 10.5349 11.4638 8.3628 10.4927 11.601 8.616 8.6113 9.7929 8.1376 9.7937 10.2221 11.2444 13.1379 12.9498 10.3382 10.5043 11.0926 10.719 13.7839 10.4902 10.5314 12.6491 12.3976 11.896 10.8829 7.5395 9.9817 10.4053 9.6288 10 11.4574 10.0233 10.8292
8.2301 9.6336 9.105 9.2944 9.9432 11.3164 7.8219 7.2835 7.9901 6.8222 8.714 9.0696 8.8195 8.0978 7.7484 8.6752 8.507 8.2245 8.6839 9.5842 7.1215 7.6738 10.2919 10.7261 9.6503 8.5659 8.4756 7.517 4.6795 7.4499 8.0303 5.7952 9.0178 8.2026 11.1068 9.0918 10.2644 9.9769 8.4614 9.1724 8.9514 8.9247 9.5489 9.4661 7.9758 9.1896 10.3395 9.9633 9.8396 8.8864 9.7795 9.3209 9.1625 9.5207 9.9441 10.5001 10.4511 10.574 10.1668 9.9308 9.5821 9.5059 10.2726 9.0526 11.5316 10.2676 9.9223 9.9731 10.4498
10.4579 10.7245 10.0084 10.4937 12.5976 8.039 8.3063 7.7919 7.7245 9.3315 10.0661 10.4462 9.1397 8.7101 7.2256 7.7245 13.0231 13.2272 13.2161 12.3303 6.9689 6.979 8.3093 9.2389 9.9922 9.4259 8.0013 6.7564 7.7678 6.7195 6.5037 7.8921 7.138 7.5938 12.0178 11.1259 7.2291 10.3949 10.2941 7.7231 8.2953 8.1346 10.1496 9.698 11.4772 9.5079 7.8325 8.728 9.2497 8.3852 9.0333 8.3282 8.6433 9.135 10.2695 11.0642 12.607 11.3428 9.5227 9.7629 10.0203 10.2952 11.8559 12.2862 11.0013 10.8624 11.3356 10.0241 12.7163
-1 -1 14.9806 11.61 15.4297 8.9273 10.8125 7.3383 10.9161 8.8161 8.2416 7.2566 10.491 10.8584 8.4509 12.3706 15.0855 11.5955 12.7061 12.517 10.0049 9.5797 7.9989 8.0031 7.0039 8.4916 8.755 7.9631 5.6542 8.437 8.8245 7.0009 7.3675 8.1887 11.1959 7.0019 8.4303 8.649 8.0041 8.3826 8.7547 10.114 8.48 8.9983 10.5714 9.1595 8.0006 8.0074 8.998 8.9999 9.4102 10.2213 11.0009 9.9969 9.001 11.2702 10.7827 12.9999 10.3673 10.0041 11.8529 11.4441 13.805 11.3439 11.0828 14.802 9.3607 11 11.0041
7.9047 -1 10.659 12.5277 13.6784 11.7465 10.318 9.8272 9.5811 9.8827 8.521 6.1268 11.6763 14.2332 12.6613 12.2944 13.7608 11.6837 8.5929 12.8225 9.5797 10.0005 8.2726 8.2275 7.9185 7.0691 7.9345 5.5487 8.4115 7.6434 6.3106 8.4952 6.9596 7.7787 8.1421 7.9775 7.9231 8.3782 8.4457 6.6535 8.2714 8.2714 8.1305 8.7417 10.7468 10.4932 7.3647 10.1888 10.7286 10.7286 9.2231 8.7699 12.6193 9.9052 10.5322 9.5588 9.7621 11.7354 12 12.1315 11.5765 12.6181 13.9661 12.4278 12.5786 11.8616 11.9379 11.4572 8.2835
8.6246 9.9174 11.1076 11.1967 12.067 10.7043 10.1137 4.9718 6.9739 9.2914 7.4143 6.5243 9.246 12.9359 13.1805 10.7612 9.4399 9.3972 8.5911 9.5656 8.3005 9.3593 9.92 7.872 7.5677 10.0081 8.3152 5.4753 6.7056 7.5841 7.9533 7.5043 9.7099 8.4442 7.8983 6 6.3262 6.9418 7.448 8.2911 7.7293 8.8685 8.524 7.9304 8.6894 8.4027 8.5448 8.5448 10.2679 11.6741 12.8257 12.7554 10.7797 9.5081 9.0453 8.8116 9.1184 10.101 9.2271 7.8777 11.514 13.2029 10.8094 11.2312 12.2796 12.3927 11.2153 13.9826 15.7209
8.0356 9.6207 10.479 8.3069 7.2841 9.8762 8.7789 9.071 8.2454 9.0701 8.484 8.9528 9.6364 8.6423 12.0883 9.0649 9 10.9041 9.3119 13.5836 8.7586 8.6604 11.2221 12.8315 8.1615 7.051 9.2696 8.974 7.4116 8.1119 9.1608 8.8219 9.4548 9.4491 8.3691 8.6675 7.8469 7.8407 9.5136 10.7302 7.7271 7.0834 7.7308 8.721 7.5382 9.2069 9.1818 10.4322 12.5196 11.8289 14.4418 13.0907 12.9217 10.526 9.0322 10.1322 11.2846 9.0593 10.3454 7.4345 9.3376 11.5819 11.3051 9.4861 10.9162 12.6105 12.9598 14.0659 13.6385
9.9883 9.9119 9.0466 8.2507 8.6682 9.7783 9.8503 3.0202 1.7306 7.0016 8.8645 7.2987 9.3224 10.8206 9.1635 9.3165 13.8295 43.5037 24.8379 8.0155 7.289 8.7507 8.1271 10.6333 9.8167 9.2761 7.3445 9.8859 8.0055 11.295 8.2436 12.1238 8.075 7.334 11.5497 10.6521 8.0794 10.36 11.4754 12.413 10.4173 11.4978 8.05 7.9835 8.9084 9.8166 10.9509 10.0286 11.3804 14.7863 9.7023 11.8271 13.5037 11.4792 10.8988 10.3221 10.0199 10.9977 9.0526 10.9814 8.257 12.4216 11.8983 8.3065 10.824 13.9271 12.7534 12.7581 13.0954
10.9021 9.3664 9.2154 10.3463 8.1258 8.7043 7.4033 8.3596 10.1962 10.4231 9.5968 9.4429 8.493 10.3726 8.3939 13.7599 18.4028 13.6974 7.8871 9.4314 12.0956 10.5532 14.9504 12.0473 12.2558 9.2545 7.9994 7.6397 8.4722 9.8308 15.5216 15.4081 17.0256 9.0041 9.0799 9.813 11.572 9 10.0778 11.8198 10.3577 9.2922 8.3512 8.3468 9.2711 10.8866 10.3796 10.1983 10.0176 10.9922 11.7939 14.3454 15.3436 16.8438 15.0114 11.9152 9.5659 14.7299 9.6584 10.5049 12.0827 12.0438 14.1965 12.6334 13.1715 14.7213 16.4369 13.2327 18.9615
8.2311 10.2395 10.1919 11.1907 12.2341 11.2003 10.8839 9.568 9.3437 12.285 12.3058 12.4776 10.8685 10.9491 9.6495 8.5876 9.8655 10.1315 10.4993 9.3978 9.3615 8.6469 10.0502 13.06 14.689 9.1879 9.9127 10.2687 9.6932 11.1218 12.4388 10.1634 11.8337 8.8641 9.2261 8.9172 11.2834 7.7874 8.9638 10.1911 9.133 9.3518 10.1194 9.6958 13.3177 11.2743 14.4011 10.7867 13.2552 11.4101 10.1782 11.7002 11.6783 11.3327 12.5009 10.99 11.1089 10.1305 11.1298 11.5925 11.6902 13.0395 13.679 16.8842 12.968 14.8364 18.1675 13.5632 15.4659
12.4146 12.4397 12.4947 12.8411 10.9042 13.247 13.5337 10.4567 11.1927 12.9653 12.8238 11.2312 12.493 11.0757 9.5193 13.2938 9.1258 16.4915 12.4217 11.1456 10.2405 8.6855 9.2712 10.5163 10.1078 15.3517 10.2339 18.1015 10.7918 14.0634 13.9195 13.0235 8.3899 11.3677 8.9864 8.171 9.025 11.3387 12.8484 9.1942 9.0659 10.6926 9.9467 20.2031 15.886 15.2316 9.4214 16.3896 12.945 11.5472 12.0553 10.9247 12.3018 11.4452 12.672 11.7341 14.4067 11.0229 11.9119 10.5701 12.8252 12.1694 13.6892 13.097 16.1437 16.2716 12.6073 13.693 15.0874
23.5737 13.0409 17.8762 30.4524 35.9541 31.7027 29.7196 20.0309 14.8934 13.4596 14.541 16.1946 15.1534 12.3178 14.0583 13.216 9.3043 14.383 12.1252 10.0569 9.8748 16.971 10.8202 10.1909 11.8882 13.0985 11.6541 11.613 9.197 12.0772 11.4384 13.8485 8.219 12.8697 8.5508 8.8147 9.9823 9.3504 13.9364 16.1576 17.6458 13.3506 10.8147 13.8265 26.0727 17.2127 10.2733 14.0053 13.5746 15.7106 14.1477 12.1238 16.3619 12.7362 13.9963 14.5988 15.1574 13.9656 13.044 12.8461 12.1801 13.3747 16.122 16.1086 15.3116 17.446 16.3224 13.6659 13.0045
13.7297 15.6848 23.2418 27.7747 37.2297 39.1501 34.5778 24.6369 17.7667 20.9064 20.4262 20.0447 16.6987 15.146 14.154 11.3221 12.6959 10.7975 11.5933 11.6973 13.4772 9.6693 13.7664 13.5658 12.6903 14.3659 14.5677 14.8654 11.4276 10.0231 12.5235 12.1225 11.0675 11.0673 10.5879 15.2684 10.5515 15.1824 10.1554 19.7436 16.5805 15.751 11.1206 12.1402 13.1485 12.7725 15.0248 17.4652 12.0192 12.4998 13.5024 15.3186 15.7905 14.8683 14.8561 17.02 15.6526 12.8527 14.1457 15.5557 17.4392 15.6956 16.0825 14.3592 14.2166 14.8739 16.3106 18.1262 15.8415
19.0479 26.1012 31.783 25.533 17.6009 22.3677 21.1389 23.5578 23.8003 23.9234 21.1894 16.6651 19.8712 13.7001 10.7886 12.4023 13.9814 17.0812 22.9255 37.1493 31.7203 12.7744 16.0657 18.576 14.2003 13.3849 14.0686 15.043 20.2963 22.0709 18.2404 14.4221 23.5053 18.4161 14.5785 16.8032 20.4149 14.7406 11.7496 13.9927 14.196 14.6618 11.6888 19.5363 15.0302 12.7799 14.2513 28.1119 21.4063 14.4146 16.4841 19.0582 16.7871 19.6498 21.7848 16.7392 14.6733 14.3357 15.5065 14.411 17.0563 18.6416 17.1601 14.8991 17.8466 17.3724 22.8327 16.9871 16.4918
19.0541 20.9823 21.5145 23.0958 29.2158 22.1773 27.8742 43.4109 41.5132 35.2024 31.348 16.3263 16.0935 11.893 12.1622 14.9826 21.074 41.7525 45.5392 31.0164 39.785 34.3797 35.0403 17.4779 17.9632 18.9016 18.6735 26.5405 39.4271 33.4053 19.5795 35.521 36.9292 20.3027 27.9826 26.848 18.3403 20.0224 11.2633 12.7939 18.2939 15.6064 18.6451 28.4879 15.6124 16.6478 22.6939 28.7955 28.1854 26.4165 23.6746 24.5716 28.5126 29.1204 39.8436 31.209 26.1975 19.714 17.2454 14.2388 14.2547 17.1168 18.7676 16.5431 19.5648 21.0372 18.5627 20.2014 16.9191
22.8574 27.4612 20.8161 33.3573 48.0067 35.7171 43.6661 35.5909 27.251 17.2237 16.5989 16.2994 15.4588 15.2827 13.0631 27.25 35.959 32.6042 28.3822 26.4054 23.762 23.5183 19.7624 21.556 28.9314 17.0314 39.728 42.1939 28.3018 15.0559 28.1402 37.9574 33.9159 37.7291 40.1676 33.7136 30.4014 31.1073 19.8168 19.2829 20.259 28.7479 28.4695 31.2335 18.6713 15.6492 18.8473 30.9105 27.4555 21.2758 21 18.6701 16.5448 17.0138 16.4539 16.8679 14.0611 17.1215 20.432 17.1899 17.9741 18.7614 19.3245 22.7646 20.4381 19.5025 21.6762 25.347 20.5959
28.1119 23.3959 44.0833 41.6364 32.9063 35.5475 29.7635 32.9366 16.9118 15.3754 18.61 16.214 15.6348 17.915 24.9063 26.8891 30.9113 35.8746 31.1149 24.5045 29.4107 14.5429 25.0051 18.0334 21.639 24.8617 28.964 25.2675 16.9074 23.4333 20.9296 32.6206 42.702 44.4354 37.1511 37.9946 33.51 30.1307 25.7186 16.9546 18.6621 22.5766 15.9433 18.6533 17.2149 24.5607 24.2156 28.3864 31.5068 17.4979 19.7575 22.5761 22.6412 24.1697 21.8639 21.2387 19.2495 21.9913 18.2231 19.6061 24.5323 23.0479 23.8368 20.6381 23.8518 20.3815 25.3658 19.1607 18.7332
20.751 31.1623 26.2283 25.1444 28.2782 29.4566 36.4076 27.6905 19.2008 17.2352 16.4156 14.0871 15.5941 28.2822 28.7054 40.1953 29.1955 27.5528 25.3255 23.5228 21.8449 18.7131 20.6705 33.1511 20.1608 27.9515 30.2376 22.9516 19.2338 21.2432 23.8584 25.8477 38.4889 43.2633 40.4546 29.0238 43.3026 34.5863 15.0082 18.167 17.9108 23.1887 31.6004 33.6345 40.4654 34.5547 42.9851 22.1602 34.0726 26.4016 22.9679 21.7464 26.824 36.842 35.0569 26.2814 22.8891 24.8779 23.7414 24.9362 25.6442 28.0052 28.9903 29.7425 25.6595 27.9019 30.8219 25.4785 23.2941
21.535 34.5489 48.5988 49.5826 47.8916 54.0947 39.4183 46.2992 30.4025 18.8834 15.5598 33.7443 29.2843 44.6253 36.3321 41.1869 46.0677 46.8747 44.3149 43.2182 31.8339 32.2487 32.0598 31.55 31.124 29.2005 23.1995 26.5056 24.0001 22.0399 16.4914 25.6083 29.1566 44.5079 42.3867 38.7298 31.2929 23.3531 25.2061 21.1084 20.3853 23.6853 34.9194 29.2402 27.2811 27.7689 21.9559 30.655 39.2714 46.9803 43.1089 32.0297 28.8638 33.2003 34.4711 31.5872 25.0052 26.0836 29.8402 27.8207 29.1944 32.7194 35.1197 29.2168 30.3399 30.8939 27.7393 29.691 24.8263
31.9328 52.3575 61.3933 56.8112 63.8676 61.2782 42.4578 42.8976 30.3886 18.5275 19.3901 28.926 39.4448 36.5008 46.0366 41.3115 50.1189 47.7419 38.1409 21.8968 24.759 31.665 27.3632 26.81 22.0897 21.2779 22.9024 26.0594 30.0764 31.7848 28.0727 39.408 28.972 30.2792 24.6223 29.2381 19.5609 16.4311 16.9393 23.9075 22.8702 22.6495 27.7118 30.6893 24.7605 30.1871 39.6612 44.4384 43.6207 43.542 41.0437 40.6581 39.431 24.6159 36.3087 32.1559 31.0779 31.2804 31.9841 35.1847 34.5899 39.8338 43.3722 43.4934 44.4326 40.2543 29.7861 31.7074 34.3588
40.8062 45.5338 39.0324 50.4843 62.2386 73.7279 61.2682 53.4681 36.8438 27.4928 29.2239 31.5999 39.9794 31.7375 29.2099 42.6285 35.7342 32.2372 28.0621 26.2328 24.4897 31.4115 34.5637 42.8986 23.5467 28.3456 30.9808 34.8674 36.0355 32.0127 22.2423 25.7366 24.8822 27.806 22.8202 17.4555 21.1118 19.6386 22.9927 23.0478 33.9941 25.2368 28.0212 28.6372 32.3545 29.043 30.5864 28.9353 34.6117 39.4587 32.0995 19.6034 33.7422 27.5668 42.2627 30.1368 34.4907 32.7122 33.5063 30.8738 34.6472 43.2051 54.7397 38.1673 37.2523 31.624 28.9548 29.2292 37.8543
34.2256 34.9153 44.0514 45.3747 53.739 59.0789 50.4854 51.7618 43.5179 26.2467 28.9662 28.6202 32.4711 40.5318 34.7193 32.6221 27.5472 37.2903 24.5565 22.5324 26.1329 30.7499 25.8774 25.3468 30.9455 41.0414 32.9506 29.4743 28.0477 24.2352 22.613 23.2085 22.4947 23.8757 20.6282 19.1266 22.6003 22.7757 22.7832 26.2312 27.2895 28.8024 26.8863 24.8288 28.5577 24.0059 27.4803 25.5301 23.9634 21.2436 22.6629 19.9511 23.9306 29.9867 32.0884 36.0742 35.953 30.9889 32.8209 45.6943 55.3543 52.8983 50.4417 37.9957 37.2385 37.5693 40.6329 40.8755 45.618
28.7291 37.424 38.2315 43.4401 43.7533 44.4115 35.651 48.0193 44.3862 26.7718 32.5717 34.2362 33.2928 26.7963 26.8525 28.955 28.4763 30.2553 28.7435 28.9528 31.4191 25.8845 25.4133 25.2496 25.0923 29.8329 27.4909 22.4045 23.204 24.194 24.0484 21.2771 20.3197 16.0765 19.9335 17.9434 24.5342 22 26.5686 28.1162 24.7564 25.4836 24.6906 27.5549 29.1239 25.3907 27.6537 22.222 25.5066 32.0639 29.1443 28.9136 23.0027 27.7946 35.0001 33.9868 33.6329 34.5259 35.2227 44.0732 53.9552 51.9155 38.5816 37.7364 36.3325 41.6871 41.0243 36.9894 34.5964
44.0023 37.7807 45.7115 31.6038 42.0832 35.3041 47.5552 45.9568 27.2928 27.4432 36.258 27.827 23.2898 28.9993 25.671 24.7311 26.2101 28.2512 27.551 34.2089 32.2246 23.6701 24.1237 26.4342 22.274 18.896 18.3022 18.8984 18.8688 23.6035 23.1145 30.0291 26.8133 29.2053 21.7985 24.8969 34.3543 31.9287 34.2758 27.9626 25.9673 25.752 27.1085 25.0009 27.3764 28.0875 31.784 27.6225 31.3193 30.7185 38.5787 37.0477 28.0567 35.9531 25.411 29.0641 31.7633 37.8967 37.5446 35.8205 29.7927 33.8424 35.8419 39.6295 40.4268 32.8704 40.3367 35.5388 35.6842
47.4283 46.9548 39.6085 46.0033 44.3725 40.058 52.3817 49.0669 26.7849 33.6913 34.019 27.8378 22.8691 28.2378 28.6532 22.4965 40.8294 30.7824 30.3569 28.8888 26.4619 29.5721 24.5473 20.4647 17.9657 13.1111 15.2628 26.8129 19.1502 27.5046 24.332 38.9803 28.6362 26.9371 23.7384 16.2294 32.2681 34.9079 31.3281 29.5009 28.1167 27.1786 29.4449 27.3706 28.5417 30.6702 31.2168 30.189 31.5316 39.8572 30.6898 31.1023 38.0612 44.0196 52.8645 29.2806 28.2326 28.1317 28.2949 28.2726 38.2558 36.3654 42.6317 35.3647 34.3659 34.4263 33.0058 37.3869 40.1597
