MapLib/Lvl1_5x5/BG/Ele_BG_FD.asc
ncols         557
nrows         557
xllcorner     1670500
yllcorner     3337669.448
cellsize      1000
nodata_value  -9999.0
[rows 234 to 259 of 557, columns 232 to 289 of 557]
-2075.906 -2083.4231 -2090.5894 -2096.1865 -2101.0498 -2105.324 -2107.3879 -2107.3401 -2106.1963 -2102.9573 -2099.6416 -2094.0337 -2088.1885 -2083.2827 -2077.4375 -2071.6638 -2066.7202 -2062.853 -2058.8254 -2055.6155 -2052.345 -2049.0745 -2044.804 -2041.4672 -2037.1636 -2033.8546 -2030.5403 -2027.7834 -2025.1207 -2024.3027 -2023.3027 -2024.3853 -2025.9653 -2028.9806 -2033.2234 -2039.7576 -2046.8268 -2056.5837 -2066.3894 -2076.2009 -2084.4021 -2092.2964 -2097.2119 -2101.1501 -2102 -2101.0186 -2097.1499 -2093.1836 -2089.165 -2084.4038 -2079.5269 -2074.6211 -2069.7153 -2064.873 -2060.9463 -2057.7871 -2056.1519 -2053.9487
-2065.5261 -2073.1147 -2080.8787 -2087.6265 -2092.9341 -2097.5969 -2100.9075 -2101.7012 -2100.2244 -2097.4768 -2093.459 -2087.3333 -2081.0547 -2074.1384 -2067.3979 -2060.3262 -2054.3003 -2048.9023 -2044.3392 -2039.8982 -2036.6277 -2033.3572 -2030.2997 -2027.8195 -2025.1204 -2022.7008 -2020.6779 -2019.5797 -2017.0491 -2016.7012 -2016.3866 -2017.7891 -2019.4243 -2022.4178 -2026.6819 -2033.2166 -2040.2858 -2050.0974 -2060.2161 -2070.4648 -2080.3015 -2089.0525 -2095.6201 -2100.1326 -2102 -2102.564 -2099.3413 -2096.3936 -2090.978 -2086.0073 -2080.46 -2074.7402 -2069.2871 -2063.8367 -2059.3291 -2055.8994 -2052.9121 -2050.6416
-2053.2117 -2061.261 -2068.9116 -2076.0754 -2082.064 -2087.0337 -2091.5266 -2091.4788 -2090.8435 -2088.0959 -2084.0781 -2076.7896 -2070.0208 -2061.8445 -2054.4583 -2046.282 -2039.572 -2033.277 -2028.3762 -2023.9709 -2020.7214 -2018.3751 -2016.8176 -2015.5258 -2014.2339 -2013.7319 -2013.1602 -2012.7281 -2011.5801 -2011.5801 -2011.79 -2012.8778 -2014.5131 -2018.3719 -2021.7772 -2029.0955 -2035.9547 -2045.7662 -2055.6899 -2066.425 -2076.4109 -2085.782 -2092.8984 -2099.072 -2101.3462 -2102.9814 -2100.8962 -2098.4014 -2092.6377 -2086.9104 -2080.1592 -2073.6182 -2067.8672 -2061.3896 -2056.4839 -2052.7021 -2049.4316 -2046.1611
-2039.8177 -2046.5436 -2054.72 -2061.5955 -2068.1365 -2073.9517 -2078.4446 -2078.3967 -2077.7615 -2075.0139 -2070.3643 -2063.384 -2055.3035 -2046.5751 -2038.1056 -2029.9293 -2022.3986 -2016.09 -2011.1879 -2007.2256 -2004.4479 -2003.4341 -2003.2383 -2004.0884 -2004.9287 -2006.0074 -2007.3895 -2007.4644 -2008.3096 -2009.0004 -2010.1548 -2011.2426 -2012.8778 -2015.9269 -2020.1365 -2025.825 -2031.8942 -2041.7057 -2051.5999 -2062.4985 -2073.1404 -2082.0383 -2090.469 -2097.7539 -2100.7935 -2102.9814 -2101.9045 -2099.8376 -2093.4338 -2086.4688 -2079.2361 -2071.9829 -2064.5967 -2058.1191 -2052.6228 -2047.7964 -2044.5259 -2041.2554
-2023.7747 -2030.3314 -2037.3762 -2043.9291 -2050.4973 -2055.4673 -2059.4797 -2059.8362 -2059.2769 -2056.5295 -2051.7642 -2044.2231 -2036.1361 -2027.4879 -2019.3116 -2010.6555 -2003.9985 -1997.745 -1994.0559 -1990.9878 -1990.1563 -1990.1563 -1992.1852 -1994.6091 -1997.8546 -2000.9677 -2003.3885 -2006.0449 -2007.6625 -2009.6904 -2011.4135 -2013.0487 -2014.684 -2017.6776 -2020.9481 -2026.1742 -2031.9381 -2040.4967 -2049.9841 -2060.5388 -2069.9634 -2079.241 -2087.3416 -2094.252 -2097.5649 -2099.54 -2098.7578 -2096.551 -2090.01 -2082.717 -2074.2898 -2066.5254 -2058.4565 -2051.3767 -2045.6581 -2040.7693 -2036.6752 -2033.7028
-2006.9816 -2012.7317 -2018.6074 -2024.3975 -2030.1307 -2034.5221 -2037.5862 -2038.3798 -2037.903 -2034.9406 -2030.1376 -2022.8491 -2015.2743 -2006.2296 -1998.0533 -1990.8008 -1984.3243 -1979.0511 -1975.9935 -1975.4318 -1976.1742 -1977.8945 -1982.0895 -1986.5551 -1992.2169 -1997.353 -2001.7244 -2006.0935 -2009.5009 -2012.0487 -2013.7997 -2016.3295 -2018.0702 -2021.0223 -2024.2186 -2028.1179 -2033.4362 -2040.7131 -2049.2615 -2058.7336 -2067.6218 -2075.9705 -2083.9553 -2090.4963 -2092.959 -2094.5186 -2092.9204 -2091.4138 -2084.0881 -2076.8645 -2067.6328 -2059.365 -2050.7859 -2043.0518 -2036.5107 -2031.599 -2027.2822 -2023.981
-1989.5289 -1993.8143 -1998.2333 -2002.9133 -2007.2938 -2010.8776 -2013.9417 -2014.7352 -2013.5073 -2010.5109 -2006.493 -1999.2046 -1992.3966 -1984.2203 -1976.2606 -1969.5424 -1964.3113 -1960.3507 -1959.3621 -1959.8391 -1963.1672 -1966.7657 -1972.8838 -1980.0234 -1987.7925 -1994.5343 -2000.8951 -2006.9148 -2012.0481 -2015.933 -2018.2944 -2020.4286 -2022.9761 -2025.1294 -2027.4939 -2031.6672 -2035.6241 -2042.3484 -2050.0225 -2057.8494 -2065.4209 -2073.1201 -2079.0496 -2085.0566 -2086.9961 -2087.9775 -2085.9163 -2083.2373 -2076.03 -2068.3596 -2059.3381 -2049.7363 -2041.0315 -2033.1926 -2025.9482 -2020.241 -2015.8354 -2012.5342
-1971.7748 -1974.4253 -1977.4388 -1980.5801 -1984.0636 -1986.7775 -1989.333 -1989.3036 -1988.3433 -1985.5958 -1981.5779 -1975.6757 -1968.5099 -1961.1139 -1954.1135 -1948.6409 -1944.4631 -1942.0184 -1942.3533 -1944.8395 -1949.6963 -1956.0699 -1964.0643 -1973.4861 -1982.9349 -1992.6089 -2000.2257 -2008.1871 -2014.6165 -2019.3365 -2022.6776 -2024.9481 -2027.4956 -2029.7369 -2031.7661 -2035.0302 -2038.8289 -2045.0225 -2051.1384 -2057.6794 -2063.9094 -2069.989 -2075.0391 -2079.1514 -2080.4551 -2081.0574 -2077.8354 -2074.6748 -2067.2466 -2059.0703 -2049.7363 -2039.9249 -2030.7272 -2021.979 -2014.2316 -2008.2944 -2003.3887 -1999.701
-1954.7765 -1955.7721 -1957.3931 -1959.0211 -1960.6362 -1963.2487 -1963.8795 -1963.8143 -1962.7125 -1960.4318 -1956.4298 -1951.155 -1945.6062 -1939.1003 -1933.8615 -1929.8947 -1927.2166 -1926.7892 -1928.4833 -1932.2437 -1939.2516 -1946.563 -1956.1234 -1966.9545 -1978.4226 -1989.6146 -1998.5342 -2007.7124 -2014.7321 -2020.4734 -2024.9363 -2028.2167 -2030.7601 -2033.4014 -2035.0366 -2038.3007 -2041.8353 -2046.7217 -2051.6252 -2057.5095 -2062.3979 -2067.2903 -2071.0112 -2073.3572 -2073.9065 -2072.9111 -2069.646 -2064.8633 -2057.4351 -2048.7363 -2038.9249 -2029.0963 -2019.2803 -2010.5322 -2002.356 -1995.8405 -1990.9203 -1986.619
-1938.6943 -1937.4427 -1937.3387 -1937.7628 -1938.4622 -1939.6582 -1939.8054 -1938.9637 -1938.0154 -1935.5812 -1932.3105 -1927.6575 -1923.0652 -1918.1594 -1914.3883 -1911.5851 -1911.0892 -1911.9402 -1915.7792 -1921.1022 -1928.6251 -1937.6448 -1948.9664 -1960.4191 -1973.281 -1985.8688 -1996.1556 -2006.0771 -2014.2534 -2020.7952 -2025.9982 -2030.1455 -2033.1029 -2035.5936 -2037.6504 -2040.9144 -2044.449 -2048.4556 -2052.6038 -2057.5095 -2061.0815 -2064.5671 -2066.7622 -2068.1746 -2067.0269 -2065.3916 -2060.8662 -2055.5432 -2047.6237 -2038.9249 -2029.0098 -2018.3729 -2008.4902 -1999.0854 -1990.9092 -1984.0669 -1978.495 -1973.7968
-1924.0385 -1921.041 -1919.1226 -1918.4958 -1918.2225 -1918.2039 -1917.2039 -1917.2039 -1916.7269 -1913.9795 -1910.9272 -1907.7305 -1903.7521 -1900.019 -1897.5836 -1896.4259 -1897.2229 -1899.3444 -1904.2738 -1910.9506 -1919.7771 -1928.9514 -1941.2416 -1953.8796 -1967.7059 -1980.8466 -1992.5046 -2002.0176 -2011.0873 -2018.1066 -2023.9058 -2028.9093 -2032.958 -2035.7167 -2038.9872 -2042.2577 -2045.5282 -2049.0613 -2053.0691 -2056.46 -2059.5132 -2062.1484 -2063.124 -2063.124 -2061.1396 -2058.564 -2052.802 -2046.9884 -2038.812 -2029.4054 -2019.1902 -2008.5508 -1998.6787 -1988.9307 -1980.5503 -1973.1486 -1967.3621 -1962.1425
-1910.3973 -1906.4938 -1902.3723 -1900.4486 -1899.7319 -1898.8 -1897.8 -1897.8 -1897.3231 -1894.6797 -1892.2869 -1889.9619 -1887.6188 -1884.3483 -1882.8494 -1883.5092 -1885.5864 -1889.0049 -1894.6815 -1901.6873 -1910.9636 -1921.4569 -1934.2549 -1947.3428 -1961.4191 -1974.5011 -1986.6716 -1996.9918 -2006.1416 -2013.5601 -2020.0284 -2025.4816 -2030.3348 -2034.1943 -2038.0599 -2041.3304 -2044.8458 -2048.864 -2052.1418 -2055.4124 -2057.8779 -2059.5859 -2059.1455 -2058.4863 -2055.5259 -2052.2554 -2045.8243 -2039.0314 -2030.0325 -2021.2291 -2010.4176 -1999.8131 -1989.7944 -1980.0464 -1971.1714 -1964.0278 -1957.5573 -1951.9897
-1898.8778 -1894.4264 -1890.3573 -1887.1992 -1885.9734 -1884.6874 -1884.3837 -1883.5691 -1882.4603 -1881.3877 -1879.7524 -1877.6797 -1876.0444 -1874.4908 -1873.9133 -1875.1444 -1877.8678 -1881.3325 -1887.4307 -1894.8121 -1904.3499 -1914.8966 -1927.7139 -1940.7959 -1953.8781 -1966.1212 -1977.9668 -1988.468 -1997.6375 -2005.4565 -2012.7581 -2019.0133 -2023.9191 -2028.6681 -2033.2932 -2037.7615 -2042.5516 -2046.6296 -2050.2061 -2053.1404 -2055.2427 -2056.3154 -2055.7993 -2054.1641 -2050.2739 -2045.7976 -2039.2833 -2032.4904 -2023.4269 -2014.6154 -2004.6461 -1993.9922 -1984.1807 -1974.9316 -1965.4258 -1957.9766 -1951.4355 -1945.3319
-1887.431 -1882.5253 -1878.2848 -1875.3149 -1872.9288 -1872.6155 -1871.8134 -1871.1382 -1870.4308 -1869.9211 -1869.2089 -1868.2089 -1867.4031 -1866.6849 -1866.8358 -1868.3303 -1871.5245 -1874.9893 -1880.7245 -1888.1597 -1897.8088 -1907.6204 -1919.9751 -1932.8547 -1945.0125 -1957.5494 -1968.0847 -1978.2598 -1987.3639 -1995.5404 -2002.7888 -2009.6985 -2015.5078 -2021.2466 -2026.9906 -2032.5999 -2038.0011 -2043.0848 -2047.047 -2049.9441 -2052.4097 -2053.0449 -2052.2703 -2049.8936 -2045.566 -2040.6603 -2033.9401 -2026.9449 -2018.1686 -2009.4698 -1999.6583 -1989.8468 -1980.1199 -1970.485 -1961.61 -1954.0006 -1946.9253 -1940.1865
-1875.6553 -1871.0784 -1866.838 -1863.8682 -1862.2329 -1862.0018 -1862.0018 -1862.0018 -1861.8348 -1861.8348 -1861.8348 -1861.6678 -1861.6648 -1861.5009 -1862.7412 -1863.4882 -1866.6188 -1869.9218 -1874.9857 -1881.9915 -1891.2677 -1901.0793 -1911.4901 -1923.0479 -1935.4889 -1946.7056 -1956.6379 -1965.9939 -1975.1094 -1982.6049 -1990.1459 -1997.52 -2004.061 -2011.4351 -2017.9761 -2025.2451 -2031.6802 -2037.3491 -2042.5701 -2046.6737 -2049.1392 -2049.4075 -2048.2583 -2046.0309 -2041.4624 -2036.5566 -2029.8673 -2022.2413 -2014.0651 -2005.8015 -1996.3878 -1987.2368 -1977.6693 -1968.8497 -1959.9747 -1951.8311 -1944.4827 -1937.749
-1861.9226 -1857.7251 -1854.1008 -1852.4213 -1851.7219 -1851.9894 -1852.7683 -1853.5844 -1854.6038 -1855.6548 -1856.4768 -1856.7743 -1857.073 -1857.901 -1858.3518 -1859.9871 -1862.1813 -1865.0745 -1869.9928 -1875.9857 -1884.1584 -1892.7257 -1902.2397 -1912.2939 -1923.4406 -1933.3136 -1942.3015 -1951.0509 -1960.2273 -1968.4036 -1975.5798 -1983.2244 -1991.4006 -2000.0453 -2007.6932 -2016.1606 -2024.3702 -2031.256 -2036.7306 -2042.1047 -2044.5951 -2045.8014 -2044.4792 -2042.3525 -2037.8629 -2032.1292 -2025.5968 -2018.8038 -2011.043 -2002.9196 -1994.6594 -1986.0353 -1977.3273 -1969.1173 -1960.443 -1952.4443 -1945.076 -1938.0504
-1845.8208 -1843.038 -1840.8062 -1840.2028 -1840.2751 -1841.9498 -1843.6886 -1846.1655 -1848.1121 -1849.8131 -1851.5403 -1852.729 -1853.7948 -1854.4821 -1855.7928 -1856.7166 -1858.3518 -1861.0778 -1865.0919 -1869.98 -1875.8822 -1883.0823 -1891.5634 -1900.2056 -1909.2731 -1918.3458 -1926.5221 -1934.6984 -1942.8746 -1951.0509 -1960.1705 -1968.4126 -1977.4064 -1986.8967 -1996.1331 -2006.0481 -2015.6991 -2023.9685 -2030.7242 -2036.3512 -2040.4742 -2041.735 -2040.7095 -2038.9785 -2033.7545 -2028.8486 -2022.3263 -2015.7853 -2008.4489 -2001.3384 -1994.2115 -1986.1174 -1978.45 -1970.8898 -1962.7859 -1955.5372 -1948.3302 -1940.7892
-1829.8223 -1828.3207 -1827.1769 -1828.1289 -1829.5198 -1832.5603 -1835.6648 -1838.728 -1842.7374 -1845.7467 -1848.2698 -1849.6439 -1851.2792 -1852.2612 -1853.2612 -1854.1849 -1855.0813 -1856.172 -1858.8297 -1862.7002 -1867.6321 -1873.5081 -1880.4071 -1887.1183 -1894.821 -1902.528 -1910.1696 -1917.6071 -1925.7833 -1933.9596 -1942.9929 -1952.1388 -1961.9503 -1972.7654 -1983.785 -1994.3271 -2005.3439 -2014.9633 -2023.4443 -2030.6798 -2034.799 -2036.4851 -2035.9493 -2034.0726 -2030.4839 -2025.5781 -2019.0558 -2013.2535 -2006.7125 -2000.9103 -1994.4446 -1988.3058 -1980.9142 -1974.2073 -1966.9054 -1959.7933 -1952.3623 -1945.0907
-1813.0122 -1813.0264 -1813.8823 -1816.0952 -1819.6273 -1823.843 -1828.1229 -1833.0287 -1838.01 -1842.4762 -1845.7467 -1848.0087 -1849.6439 -1850.626 -1851.626 -1851.2804 -1851.2518 -1851.8778 -1853.2264 -1855.2594 -1858.9556 -1862.9613 -1868.493 -1874.0305 -1880.3318 -1886.7385 -1893.8501 -1900.4465 -1908.1696 -1916.8574 -1925.9746 -1935.8191 -1946.6948 -1958.5157 -1970.9561 -1982.7834 -1995.0649 -2006.051 -2015.8027 -2023.8727 -2029.114 -2031.1089 -2030.8778 -2030.1669 -2026.2134 -2022.2891 -2016.776 -2010.9645 -2006.3385 -2001.1057 -1995.901 -1990.4989 -1984.6774 -1978.4546 -1971.5887 -1964.7863 -1957.6387 -1950.8522
-1797.9105 -1798.986 -1802.2655 -1805.8459 -1810.7604 -1816.2472 -1822.5857 -1828.3479 -1834.4165 -1840.3188 -1844.4855 -1846.7618 -1848.9908 -1849.6471 -1849.7023 -1848.9907 -1848.4224 -1846.9795 -1846.972 -1847.9534 -1850.0533 -1852.417 -1856.6758 -1860.9427 -1866.4835 -1872.0211 -1877.6506 -1884.65 -1891.8263 -1900.8198 -1910.6315 -1921.5308 -1932.9843 -1945.792 -1958.8833 -1971.9655 -1984.7927 -1996.2395 -2007.156 -2015.8027 -2021.5636 -2024.8383 -2024.972 -2024.972 -2022.2891 -2019.0186 -2014.7573 -2010.4962 -2006.3468 -2002.4469 -1998.7032 -1994.6398 -1988.7473 -1983.7748 -1977.2424 -1970.7014 -1964.1604 -1957.0205
-1782.8481 -1786.5588 -1790.603 -1796.2281 -1802.5206 -1809.7062 -1817.0983 -1824.9753 -1832.2631 -1837.8041 -1843.332 -1845.9847 -1848.0063 -1848.7765 -1848.067 -1846.76 -1844.7916 -1842.8721 -1841.5316 -1840.4216 -1841.2325 -1842.3938 -1845.229 -1847.8606 -1852.7664 -1857.3038 -1863.5209 -1869.9327 -1877.109 -1886.1025 -1896.2058 -1907.458 -1919.6279 -1932.9409 -1947.4302 -1960.924 -1974.9812 -1987.0077 -1998.1501 -2007.6265 -2013.9063 -2017.459 -2019.4216 -2019.8799 -2018.597 -2016.3806 -2013.1221 -2010.0139 -2007.2257 -2004.5997 -2001.9738 -1998.4214 -1994.0774 -1989.347 -1983.5892 -1977.2424 -1970.0767 -1963.5157
-1770.8308 -1775.1399 -1780.5033 -1787.6918 -1795.5601 -1803.8961 -1813.2502 -1821.884 -1830.1047 -1837.2002 -1843.2423 -1845.7654 -1848 -1848 -1846.6309 -1844.538 -1841.3224 -1837.7721 -1835.0989 -1833.4159 -1832.5729 -1832.321 -1834.4116 -1836.0568 -1840.0433 -1844.069 -1850.4075 -1856.6221 -1863.9513 -1873.5336 -1883.7565 -1895.6558 -1907.8257 -1922.3663 -1937.2632 -1951.9805 -1965.7136 -1978.7957 -1990.2738 -1999.4502 -2006.0162 -2010.6049 -2012.9563 -2014.5916 -2014.1605 -2013.4537 -2011.6594 -2009.748 -2008.3611 -2006.7574 -2005.0527 -2002.2537 -1998.8633 -1994.6034 -1989.0232 -1982.6901 -1975.9626 -1969.4216
-1759.7454 -1765.5449 -1772.0859 -1780.1433 -1789.019 -1799.2042 -1809.4082 -1819.2197 -1828.4695 -1836.5608 -1843.2423 -1845.7654 -1847.9836 -1847.085 -1845.5081 -1842.2375 -1837.5404 -1832.6886 -1829.4397 -1826.4496 -1824.3246 -1822.7517 -1823.88 -1825.5157 -1827.8763 -1831.7609 -1837.4064 -1844.3667 -1852.5045 -1861.4982 -1872.7238 -1884.2894 -1897.2939 -1912.6798 -1928.3608 -1943.0841 -1957.5372 -1970.6194 -1982.0975 -1991.4293 -1998.755 -2003.6608 -2006.4845 -2008.9656 -2009.5715 -2010.1698 -2010.1174 -2009.9786 -2009.915 -2008.8707 -2007.8302 -2006.2443 -2002.9374 -1998.6398 -1993.734 -1987.4659 -1980.8684 -1974.3274
-1752.9832 -1758.9355 -1766.6758 -1775.1527 -1784.9642 -1795.8972 -1807.2512 -1817.4995 -1827.599 -1835.96 -1842.2423 -1845.5547 -1846.9901 -1845.7965 -1843.0339 -1838.5436 -1833.4208 -1827.7664 -1823.2335 -1819.3188 -1816.1483 -1814.5131 -1814.4148 -1814.7095 -1817.6272 -1821.803 -1827.4325 -1834.9822 -1843.3405 -1853.9694 -1865.4161 -1877.5494 -1891.1334 -1906.2207 -1921.7379 -1936.4581 -1950.9114 -1963.094 -1974.4559 -1983.7242 -1991.1067 -1996.1198 -1999.9498 -2003.2203 -2005.5394 -2006.8807 -2008.2386 -2009.5883 -2010 -2010.5503 -2010.0139 -2007.9645 -2005.2443 -2000.8754 -1995.4542 -1989.2145 -1982.6735 -1975.1324
-1747.7401 -1753.5938 -1761.77 -1770.6774 -1781.2322 -1792.7328 -1805.0735 -1815.8348 -1826.199 -1834.3752 -1841.6653 -1844.5087 -1845.6108 -1843.9756 -1840.3429 -1834.6863 -1829.0217 -1822.2952 -1816.5836 -1811.4922 -1807.6864 -1805.0146 -1804.3303 -1804.522 -1806.9828 -1810.8571 -1817.5325 -1825.6377 -1835.1642 -1845.9447 -1858.5094 -1871.9763 -1885.3619 -1901.1455 -1916.3854 -1931.1027 -1945.2919 -1956.7386 -1967.4652 -1976.2452 -1983.6367 -1988.9374 -1993.4229 -1997.4438 -2000.8536 -2003.5916 -2006.3599 -2009.0663 -2010.7015 -2012 -2011.1564 -2010.207 -2006.1436 -2001.7979 -1996.7183 -1989.959 -1982.572 -1975.0253
-1744.1479 -1749.5088 -1757.1389 -1766.5879 -1777.9094 -1789.9274 -1802.6239 -1814.0707 -1824.5636 -1832.74 -1839.4214 -1842.5618 -1843.1465 -1840.7051 -1836.2562 -1829.0844 -1822.0219 -1814.7803 -1807.7264 -1801.6807 -1797.054 -1793.7834 -1792.3667 -1792.2655 -1795.536 -1799.6353 -1806.9 -1815.9023 -1826.3165 -1839.105 -1852.3369 -1866.3998 -1881.8658 -1896.7623 -1912.2952 -1926.1969 -1940.1693 -1951.012 -1961.3062 -1969.5659 -1976.937 -1982.0377 -1986.9435 -1991.7219 -1995.693 -2000.3058 -2004.4125 -2007.6378 -2009.8872 -2012 -2011.9718 -2010.3771 -2006.1436 -2000.9774 -1995.3303 -1987.2351 -1978.5121 -1970.4441
