MapLib/Lvl1_5x5/BG/Ele_BG_FF.asc
ncols         557
nrows         557
xllcorner     2784500
yllcorner     3337669.448
cellsize      1000
nodata_value  -9999.0
[rows 275 to 299 of 557, columns 0 to 56 of 557]
-2110.4749 -2129.1438 -2147.78 -2162.5874 -2178.7737 -2195.9182 -2206.2534 -2212.0842 -2222.645 -2235.7183 -2259.9626 -2289.8108 -2328.1887 -2363.4539 -2378.6821 -2393.4058 -2407.28 -2422.3687 -2438.6196 -2451.8384 -2462.3098 -2476.8147 -2491.532 -2503.6443 -2515.0911 -2534.27 -2553.5806 -2571.593 -2604.1082 -2668.1628 -2730.7678 -2791.626 -2862.5867 -2938.0635 -2972.2085 -2992.4485 -2953.9785 -2908.1873 -2859.7383 -2820.0173 -2808.301 -2791.9944 -2766.5562 -2748.5996 -2739.7898 -2732.7026 -2726.4211 -2725.0654 -2725.708 -2733.7773 -2739.865 -2733.3411 -2723.7388 -2709.9507 -2704.8496 -2715.6453 -2724.219
-2082.802 -2105.4766 -2126.4978 -2140.6938 -2155.4995 -2170.5083 -2179.7771 -2185.7688 -2196.7461 -2211.6045 -2236.449 -2264.5063 -2293.2295 -2319.5161 -2334.1584 -2347.2612 -2359.3289 -2372.5081 -2386.085 -2395.8679 -2403.8066 -2416.9927 -2432.6777 -2444.0549 -2456.1746 -2491.1973 -2523.9194 -2541.1157 -2562.4819 -2592.8005 -2617.7922 -2636.4448 -2670.9619 -2714.3953 -2766.8899 -2822.5916 -2932.8091 -3032.8235 -3006.9592 -2968.4153 -2918.5979 -2868.2207 -2819.5422 -2789.4612 -2780.0264 -2753.6748 -2716.6282 -2717.5566 -2729.665 -2749.4573 -2764.5854 -2757.7078 -2745.4314 -2729.9746 -2722.8267 -2731.3572 -2736.1641
-2058.1106 -2080.4895 -2100.2505 -2112.4309 -2124.4004 -2135.8796 -2144.5132 -2152.2456 -2164.5984 -2180.6472 -2205.6426 -2233.2683 -2258.0205 -2279.5242 -2292.4011 -2304.6243 -2314.0181 -2322.7954 -2331.0068 -2339.9995 -2350.4082 -2366.9602 -2385.1162 -2398.8857 -2413.5024 -2447.6729 -2479.4253 -2498.459 -2518.5508 -2540.9844 -2557.7427 -2568.041 -2586.6304 -2609.561 -2649.894 -2694.5925 -2799.7805 -2900.2104 -2917.8694 -2932.7168 -2955.1233 -2948.8384 -2895.6145 -2853.1023 -2824.3955 -2788.313 -2747.5869 -2741.3328 -2746.4861 -2763.8352 -2778.8713 -2773.2715 -2762.6125 -2748.75 -2742.071 -2746.7563 -2752.104
-2034.8303 -2054.9248 -2072.5129 -2082.0193 -2090.2507 -2097.0652 -2105.6416 -2116.4963 -2130.2581 -2147.1377 -2172.0862 -2199.4521 -2221.53 -2241.0669 -2252.1978 -2261.7471 -2268.4668 -2273.3296 -2274.9951 -2284.2993 -2299.3777 -2319.614 -2342.2561 -2359.615 -2376.7268 -2403.6621 -2429.9636 -2450.292 -2472.7258 -2498.6543 -2519.3123 -2533.7815 -2544.8242 -2552.4382 -2567.4363 -2584.6733 -2621.7095 -2664.2502 -2733.5693 -2822.1001 -2961.0049 -3030.4365 -2980.6479 -2924.9238 -2869.4766 -2827.8271 -2794.5859 -2778.1274 -2769.0833 -2778.533 -2788.3445 -2784.9456 -2778.3113 -2768.1655 -2761.6973 -2761.936 -2769.2166
-2011.9167 -2033.5842 -2050.3357 -2056.1855 -2062.9924 -2072.4324 -2083.4753 -2096.3218 -2109.7708 -2125.187 -2146.7715 -2170.571 -2191.624 -2210.9822 -2221.0437 -2230.0776 -2234.1233 -2237.2124 -2238.9255 -2249.6216 -2266.1829 -2289.5562 -2314.9451 -2333.2952 -2350.9524 -2375.7065 -2399.5583 -2418.7378 -2440.668 -2466.832 -2487.7505 -2502.2656 -2515.7444 -2528.947 -2540.6213 -2552.134 -2575.585 -2603.9915 -2655.4568 -2725.0093 -2840.7534 -2935.4094 -2990.2004 -3004.6421 -2977.7761 -2937.8577 -2890.6133 -2869.6941 -2855.7219 -2838.4705 -2821.6804 -2811.9233 -2803.5149 -2796.0447 -2791.5283 -2791.52 -2797.1917
-1987.8997 -2010.3318 -2026.3816 -2028.5012 -2036.1041 -2049.9773 -2063.3645 -2077.0664 -2090.4121 -2104.5759 -2122.9509 -2142.574 -2162.6626 -2180.9187 -2190.9641 -2198.5474 -2200.3081 -2203.5928 -2207.5171 -2218.5515 -2235.5264 -2260.8413 -2289.7646 -2309.5383 -2327.4138 -2349.9597 -2372.0669 -2389.9187 -2410.4302 -2436.103 -2457.0435 -2470.4971 -2489.5071 -2510.5791 -2523.2249 -2532.6379 -2552.353 -2573.1782 -2597.1968 -2633.7395 -2706.2188 -2813.3845 -2974.1692 -3062.8621 -3073.1357 -3043.8667 -2991.1667 -2970.7664 -2955.9233 -2911.4678 -2868.4194 -2848.9536 -2835.791 -2829.5286 -2825.844 -2825.9988 -2828.3225
-1948.1448 -1965.1667 -1979.0436 -1985.0479 -1997.9996 -2019.8949 -2035.5811 -2045.2058 -2061.0857 -2078.7549 -2097.5481 -2115.8687 -2131.6238 -2145.1067 -2153.7258 -2160.3247 -2164.1028 -2169.6287 -2178.395 -2190.9199 -2206.905 -2233.0942 -2263.6003 -2281.2441 -2297.2322 -2318.4333 -2339.3618 -2356.5059 -2378.0708 -2408.5813 -2429.8538 -2440.9238 -2461.8054 -2490.3784 -2508.3877 -2523.3213 -2538.7029 -2553.7329 -2567.0098 -2588.7058 -2635.6985 -2708.4258 -2821.7644 -2899.1763 -2936.7302 -2995.9309 -3067.9917 -3085.231 -3083.6428 -3047.79 -3005.5566 -2964.2168 -2925.5686 -2895.2935 -2877.312 -2878.7874 -2872.8782
-1903.8403 -1916.6578 -1927.6561 -1934.0642 -1951.5868 -1981.7275 -1998.0403 -2006.6051 -2024.4784 -2047.4041 -2067.3052 -2085.2756 -2096.8416 -2106.6323 -2113.1355 -2118.4673 -2124.7852 -2133.9146 -2146.7026 -2160.9233 -2175.8662 -2202.697 -2233.3613 -2249.0642 -2262.3779 -2284.2876 -2305.7212 -2322.438 -2344.3506 -2377.9851 -2399.9526 -2408.1292 -2431.1633 -2463.1665 -2485.2725 -2503.6633 -2518.2393 -2531.3198 -2539.2729 -2551.3892 -2578.2656 -2619.5669 -2681.6868 -2742.1172 -2798.6453 -2921.925 -3084.8584 -3133.1072 -3145.1345 -3136.9653 -3117.1011 -3072.1191 -3023.8093 -2978.2063 -2947.575 -2942.1938 -2924.2207
-1850.7051 -1862.7047 -1869.4813 -1867.5614 -1880.6382 -1912.5917 -1932.7413 -1945.0664 -1969.6029 -1999.521 -2021.5903 -2039.9185 -2050.6301 -2057.7927 -2061.0537 -2067.1558 -2078.0945 -2091.135 -2106.4026 -2121.991 -2138.783 -2162.9324 -2189.8452 -2202.8516 -2214.4292 -2240.3027 -2265.6304 -2284.5713 -2307.5598 -2337.3635 -2356.9373 -2365.1807 -2385.4788 -2414.0425 -2433.6943 -2450.8486 -2473.9285 -2496.5156 -2511.5356 -2527.2019 -2545.9988 -2577.8291 -2629.0408 -2680.0242 -2728.71 -2811.1418 -2912.6682 -2952.448 -2978.7678 -3046.6663 -3110.9819 -3129.7622 -3130.8884 -3107.3169 -3076.6492 -3038.5618 -2992.4021
-1801.3883 -1813.0293 -1818.4165 -1813.119 -1823.416 -1852.9343 -1875.0687 -1892.1813 -1921.6394 -1955.4967 -1979.8274 -1999.0472 -2009.047 -2016.4717 -2019.7662 -2025.5934 -2039.1624 -2053.0762 -2068.8311 -2084.7966 -2101.033 -2124.3286 -2148.6589 -2160.2754 -2171.4756 -2200.9724 -2229.8591 -2250.3259 -2273.4998 -2301.1851 -2319.106 -2327.3098 -2345.2588 -2370.5427 -2387.9541 -2402.8826 -2431.6501 -2460.6179 -2484.2703 -2505.7283 -2522.04 -2548.4829 -2591.2263 -2635.1628 -2677.9749 -2726.5911 -2778.2979 -2808.9209 -2840.1917 -2945.8391 -3055.093 -3118.9417 -3164.6145 -3185.991 -3179.3423 -3126.9954 -3067.4951
-1761.6115 -1773.1877 -1781.76 -1785.3285 -1795.9855 -1815.036 -1836.4474 -1858.9409 -1889.8352 -1922.6111 -1946.8395 -1967.2908 -1979.9192 -1990.2827 -1998.0107 -2005.7245 -2014.1691 -2024.853 -2039.356 -2052.5027 -2064.2744 -2087.1194 -2113.8093 -2128.4695 -2141.7227 -2173.1509 -2202.3081 -2223.5664 -2246.7402 -2274.4255 -2291.5969 -2298.6707 -2316.2229 -2340.7546 -2357.5398 -2372.2571 -2397.0378 -2423.6992 -2455.8926 -2485.6213 -2509.0342 -2535.5627 -2568.645 -2606.4705 -2649.9653 -2698.1404 -2748.9072 -2773.082 -2793.1819 -2855.2185 -2924.0208 -2986.301 -3059.4431 -3162.3557 -3221.6877 -3193.9861 -3149.6724
-1717.2474 -1729.3956 -1742.407 -1753.7754 -1769.0369 -1786.9357 -1806.9502 -1828.7091 -1858.0127 -1889.5082 -1915.1365 -1936.671 -1950.9993 -1963.1127 -1973.947 -1983.7405 -1992.6094 -2002.75 -2013.1729 -2023.0319 -2032.6371 -2056.0391 -2084.1125 -2100.1504 -2115.7866 -2146.3242 -2176.3467 -2199.1958 -2223.0286 -2249.123 -2265.4329 -2271.9634 -2289.7065 -2314.2385 -2331.9963 -2347.6145 -2371.7434 -2397.2375 -2430.0317 -2463.7351 -2495.3013 -2524.9746 -2550.8381 -2584.5054 -2627.0667 -2679.2654 -2737.9568 -2758.3779 -2770.2976 -2802.4834 -2841.4988 -2891.9253 -2973.3274 -3124.6855 -3225.1614 -3220.1228 -3196.4392
-1666.4214 -1680.8998 -1697.1964 -1715.4999 -1738.7365 -1769.4055 -1788.5305 -1800.4335 -1825.6776 -1855.9521 -1882.5297 -1906.6938 -1921.8879 -1935.2828 -1945.4042 -1957.9637 -1975.3585 -1986.4036 -1989.8389 -1996.8406 -2007.687 -2031.4761 -2060.832 -2077.2107 -2092.8657 -2121.6792 -2150.042 -2176.0464 -2200.9873 -2224.5217 -2240.7244 -2247.8025 -2266.7979 -2292.1826 -2311.1782 -2328.8879 -2355.7998 -2383.2354 -2408.8662 -2438.2534 -2480.1655 -2515.1501 -2538.353 -2569.1128 -2608.9998 -2669.2888 -2741.0232 -2761.686 -2768.5391 -2795.1765 -2825.0886 -2855.3093 -2921.8098 -3075.666 -3185.2109 -3197.2502 -3197.999
-1559.5608 -1575.4513 -1598.9114 -1634.496 -1678.2894 -1730.2751 -1760.2954 -1774.9073 -1795.4468 -1819.2404 -1844.0945 -1867.7784 -1884.3402 -1899.2242 -1909.5714 -1922.6461 -1941.2838 -1953.8951 -1960.4879 -1970.1367 -1982.775 -2008.4785 -2039.344 -2054.6382 -2067.3347 -2094.3633 -2121.97 -2150.3723 -2178.5232 -2204.0911 -2221.7395 -2230.3613 -2253.1609 -2284.1909 -2307.6021 -2328.7214 -2354.1648 -2380.0161 -2409.6094 -2439.9026 -2471.7803 -2504.116 -2534.7268 -2571.3997 -2614.2253 -2672.9316 -2739.7712 -2756.3708 -2759.7917 -2781.2795 -2804.2856 -2816.4839 -2857.1223 -2970.4348 -3054.8877 -3074.8618 -3115.5825
-1412.3877 -1429.4042 -1462.0861 -1523.5614 -1595.0217 -1677.0912 -1725.6002 -1751.3618 -1766.8124 -1779.6229 -1799.9037 -1822.2338 -1840.4264 -1856.6636 -1869.1328 -1881.8269 -1894.4596 -1909.6847 -1926.8782 -1942.1569 -1957.2598 -1986.3698 -2019.1769 -2030.9839 -2039.684 -2064.8 -2092.1194 -2123.093 -2154.3459 -2186.4766 -2207.5891 -2217.2793 -2245.9758 -2286.2666 -2315.0935 -2340.8604 -2362.1411 -2384.5713 -2426.2207 -2460.7222 -2469.3408 -2490.5024 -2537.0298 -2586.1497 -2636.2471 -2686.0969 -2735.7122 -2745.6426 -2744.7732 -2762.9668 -2779.3096 -2775.4512 -2781.9539 -2823.9092 -2860.3723 -2881.5774 -2973.5078
-1349.6958 -1365.152 -1393.2983 -1443.7341 -1511.9884 -1601.0873 -1658.4077 -1693.6152 -1714.056 -1728.8302 -1748.0383 -1767.8499 -1787.8021 -1807.4705 -1825.5535 -1842.993 -1859.3752 -1877.1576 -1896.7158 -1913.9966 -1930.834 -1959.9542 -1993.4305 -2006.1447 -2015.4016 -2040.6975 -2067.6958 -2101.626 -2136.3752 -2174.4897 -2200.4536 -2213.3762 -2246.0613 -2290.7402 -2324.9575 -2355.252 -2372.9946 -2392.675 -2436.4277 -2473.75 -2486.4309 -2508.2351 -2546.3459 -2585.6519 -2625.8879 -2664.3906 -2702.6328 -2712.4241 -2715.5889 -2729.8679 -2742.6091 -2738.8987 -2739.73 -2755.6414 -2773.5664 -2790.3643 -2868.7622
-1319.5664 -1332.8066 -1351.1289 -1378.3843 -1432.9641 -1519.9197 -1581.4443 -1625.1582 -1653.4371 -1674.7836 -1693.1259 -1711.0812 -1733.3816 -1756.2751 -1780.9904 -1805.2386 -1827.829 -1848.7155 -1868.1908 -1886.4392 -1904.3105 -1932.8846 -1965.7909 -1981.3292 -1993.7139 -2018.9133 -2046.6895 -2082.7908 -2121.5537 -2165.2646 -2197.0527 -2213.5 -2249.3193 -2296.6016 -2335.512 -2371.0713 -2385.6353 -2401.4153 -2444.4475 -2484.2888 -2510.4832 -2534.3313 -2555.5479 -2578.332 -2602.634 -2630.1555 -2658.7324 -2671.5508 -2679.8606 -2691.3074 -2701.9219 -2705.2979 -2709.4075 -2717.7134 -2727.3936 -2738.5959 -2781.1184
-1302.2502 -1313.3 -1329.703 -1357.5375 -1404.668 -1474.3477 -1531.3079 -1578.3296 -1606.0591 -1625.6987 -1647.4486 -1670.3269 -1692.1201 -1714.4763 -1739.297 -1765.0931 -1791.6841 -1818.8384 -1845.7428 -1867.5338 -1885.9185 -1914.8302 -1947.692 -1963.2748 -1975.6594 -2006.8165 -2039.5577 -2078.2805 -2120.5352 -2170.4104 -2205.7336 -2223.5056 -2258.2476 -2302.8989 -2352.9949 -2404.4895 -2404.4961 -2406.179 -2456.5164 -2500.3687 -2513.9829 -2526.9426 -2542.8066 -2555.5068 -2566.9429 -2589.5591 -2619.3577 -2632.7051 -2641.4653 -2653.5549 -2665.7314 -2675.3125 -2681.842 -2685.3979 -2690.511 -2699.0356 -2730.0842
-1287.2806 -1296.7657 -1313.8711 -1345.0829 -1386.3253 -1438.9977 -1488.9735 -1534.8427 -1559.8613 -1577.4812 -1604.479 -1632.6926 -1654.4126 -1675.9585 -1700.1417 -1726.0657 -1754.6765 -1787.8232 -1824.6844 -1851.0812 -1869.8019 -1899.755 -1933.3225 -1948.054 -1960.5396 -1997.152 -2035.618 -2076.6958 -2122.8252 -2179.0078 -2217.5999 -2236.3914 -2268.1592 -2307.7786 -2367.3269 -2432.8857 -2421.5254 -2410.0017 -2463.6694 -2507.1541 -2506.9644 -2509.6604 -2521.5356 -2527.6162 -2528.9814 -2550.8301 -2584.9075 -2597.6401 -2605.4509 -2616.4763 -2628.9924 -2642.2678 -2652.7141 -2654.282 -2657.0168 -2663.2336 -2688.5813
-1269.4338 -1280.0302 -1296.9451 -1321.7152 -1357.7064 -1405.9493 -1446.6714 -1481.4741 -1505.3528 -1525.8336 -1559.5442 -1596.0278 -1623.0287 -1647.472 -1669.644 -1692.6948 -1720.4045 -1756.7052 -1802.4105 -1835.1003 -1857.557 -1888.3766 -1922.3502 -1937.8057 -1951.1664 -1987.9071 -2027.5392 -2074.3928 -2126.3308 -2189.7334 -2230.9463 -2247.2092 -2272.5581 -2304.2891 -2359.6116 -2421.533 -2420.6111 -2417.0039 -2441.1338 -2462.9436 -2475.4927 -2484.2942 -2488.5527 -2492.7551 -2496.2405 -2524.4624 -2567.2983 -2579.5989 -2582.3462 -2581.0332 -2583.0879 -2597.3142 -2611.6602 -2622.0903 -2629.0549 -2630.5198 -2651.45
-1248.4574 -1258.2239 -1272.1442 -1290.8848 -1321.4847 -1366.0511 -1397.3549 -1419.3071 -1444.3638 -1473.3373 -1514.8887 -1558.0928 -1590.7007 -1620.0194 -1643.1934 -1667.4753 -1692.5109 -1730.0934 -1780.478 -1816.2875 -1841.7745 -1875.1145 -1909.5487 -1926.8999 -1942.2142 -1982.2975 -2025.0757 -2075.2224 -2131.394 -2199.3254 -2242.5391 -2258.5579 -2278.7278 -2301.509 -2343.8665 -2392.8489 -2401.947 -2405.6685 -2403.0193 -2406.2136 -2428.9668 -2445.1577 -2448.7585 -2455.8713 -2467.5696 -2499.4565 -2543.146 -2552.6785 -2550.9387 -2539.4297 -2531.3552 -2545.084 -2562.219 -2580.6389 -2591.5911 -2590.6658 -2610.1372
-1223.2861 -1222.2894 -1227.6876 -1244.9421 -1270.481 -1305.446 -1326.3804 -1338.5288 -1372.8375 -1418.1283 -1468.2904 -1517.1084 -1553.1267 -1587.4445 -1625.8783 -1659.1884 -1682.3542 -1715.3179 -1759.7605 -1791.3728 -1815.818 -1850.9103 -1889.6687 -1910.8707 -1930.874 -1985.1327 -2039.2281 -2086.6877 -2139.147 -2202.0273 -2247.4666 -2272.4885 -2290.4373 -2303.5601 -2320.9363 -2340.7156 -2343.1577 -2343.8096 -2339.4358 -2340.8838 -2356.1262 -2375.283 -2397.4775 -2421.2913 -2446.845 -2469.6218 -2491.4841 -2492.4856 -2487.7393 -2478.4573 -2471.8711 -2479.6174 -2493.2617 -2513.8132 -2528.6333 -2531.1472 -2555.241
-1197.752 -1187.5112 -1182.1331 -1191.9391 -1210.7339 -1240.2329 -1255.1836 -1261.2539 -1304.426 -1363.0538 -1423.6936 -1480.543 -1518.7001 -1556.5114 -1602.0736 -1641.172 -1667.1766 -1698.2771 -1737.335 -1767.2225 -1791.2816 -1829.3682 -1873.0245 -1899.7274 -1925.9482 -1989.8002 -2050.6372 -2096.4243 -2146.5403 -2205.9949 -2249.9705 -2276.2634 -2288.3186 -2291.8472 -2291.5149 -2290.2017 -2284.6604 -2279.6697 -2281.9106 -2285.9224 -2296.8611 -2316.4258 -2348.5559 -2380.2532 -2411.323 -2426.1001 -2430.3857 -2427.3794 -2422.0081 -2417.7607 -2415.7329 -2420.5767 -2430.6306 -2452.0396 -2470.2183 -2479.8286 -2508.9329
-1176.6754 -1157.0164 -1139.8693 -1127.86 -1136.3827 -1170.2286 -1188.3787 -1197.3361 -1243.2198 -1307.2352 -1382.2526 -1454.4856 -1493.6719 -1528.2141 -1563.1383 -1598.7163 -1634.5088 -1672.2511 -1711.9669 -1745.1544 -1773.7015 -1816.1823 -1863.6421 -1899.3916 -1934.184 -1994.8198 -2053.7625 -2101.8184 -2153.144 -2210.7141 -2246.4529 -2257.7417 -2256.9753 -2248.1709 -2247.6619 -2249.0591 -2236.3845 -2225.3074 -2240.8506 -2257.2483 -2273.0007 -2289.8198 -2308.1484 -2326.4233 -2344.4451 -2353.9084 -2358.5227 -2360.0786 -2360.686 -2364.4287 -2369.3547 -2375.2712 -2386.1638 -2407.2168 -2429.0471 -2449.6768 -2482.6248
-1213.8678 -1157.8792 -1110.8186 -1090.6298 -1099.0112 -1141.983 -1167.6105 -1182.0067 -1222.1182 -1275.5168 -1350.1907 -1424.3176 -1465.1438 -1500.0365 -1533.2903 -1569.2073 -1613.2594 -1656.532 -1699.5812 -1736.5629 -1770.7625 -1816.5762 -1867.9478 -1908.1969 -1947.2819 -2002.7413 -2056.5432 -2101.8052 -2148.9214 -2199.3599 -2227.4333 -2229.9265 -2221.2646 -2205.437 -2202.23 -2202.3499 -2193.0486 -2185.5938 -2209.7249 -2233.4856 -2249.7385 -2263.2932 -2273.5933 -2284.1184 -2294.573 -2303.7754 -2311.2837 -2319.7385 -2328.0105 -2335.1807 -2342.1255 -2348.6665 -2359.7266 -2381.8989 -2405.9363 -2432.6338 -2467.7268
