MapLib/Lvl1_5x5/BG/Ele_BG_AA.asc
ncols         557
nrows         557
xllcorner     -500
yllcorner     6122669.448
cellsize      1000
nodata_value  -9999.0
[rows 196 to 223 of 557, columns 260 to 324 of 557]
-86.5946 -85.8163 -85.0246 -83.4274 -81.7921 -80.1569 -78.5216 -76.8864 -75.2511 -72.6158 -69.9806 -67.6907 -65.7101 -63.1496 -62.4396 -60.8043 -59.169 -58.5338 -57.9602 -57.16 -56.8541 -57 -57.3906 -57.7168 -58.555 -59.3333 -59.7914 -60.6079 -60.6079 -60.6079 -60.6079 -60.6079 -60.6079 -60.6079 -61 -61.5476 -62 -62.1713 -63 -64.4419 -65.0771 -66.2793 -67.1363 -68.375 -69.2424 -70.5461 -71.3484 -72.2054 -73.1592 -74 -74.6533 -75 -75.2745 -76 -76.9709 -77.2377 -78.0947 -78.3921 -78.3921 -78.3921 -78.3921 -78.3921 -78.3921 -78.3921 -77.8034
-85.7568 -84.9265 -84.0474 -82.4274 -80.7921 -79.1569 -77.5216 -75.8864 -74.2511 -72.6158 -70.219 -67.8498 -65.8827 -64.0748 -62.4396 -61.0475 -60.0411 -59.1298 -58.2432 -58.2432 -57.2432 -58.2432 -58.2432 -59.2432 -60.1562 -60.9013 -62.2432 -62.4423 -62.4863 -62.4863 -62.4863 -62.2432 -62.2432 -61.6128 -62 -62 -62 -62.1713 -63.1961 -64.4419 -65.0771 -66 -66.8414 -67.7439 -68.4678 -69.1918 -70.6455 -71.3965 -72.7568 -72.95 -73.7568 -74.0491 -74.7568 -75.2539 -75.7568 -76.4588 -76.8155 -77.6635 -77.7568 -77.7568 -77.7568 -77.7568 -77 -76.8326 -76.7568
-84.4142 -84.0849 -83.1766 -81.549 -80.7921 -79.1569 -77.5216 -75.8864 -74.2511 -72.6158 -70.9612 -68.3453 -66.6748 -64.9532 -63.318 -61.9762 -61.0475 -59.9433 -59.7893 -59 -58.8784 -59.8784 -59.8784 -61.1224 -61.8678 -63.36 -64.0396 -64.8564 -65.358 -64.8784 -64.8784 -63.8784 -63.8784 -63.2481 -62.8784 -62.8784 -62.8784 -62.8993 -63.8066 -64.0537 -65.0094 -65.7473 -66.0423 -66.985 -67.1216 -68.3442 -69.108 -70.1216 -71.1216 -71.916 -72.499 -73.1216 -73.7366 -74.1216 -74.9744 -75.1216 -76.0294 -76.1216 -76.1216 -76.1216 -76.1216 -76.1216 -76.1216 -76.0379 -76
-83.4863 -82.8448 -82.0305 -81.2078 -79.7921 -78.1569 -76.7543 -75.8864 -74.2511 -72.6158 -70.9806 -69.3453 -67.7101 -66.0748 -64.9532 -63.318 -62.5137 -61.7879 -61.4643 -61.0274 -61.2083 -62.0274 -62.3398 -63.1624 -64.4267 -65.0619 -65.6972 -66.9119 -67.5137 -66.9566 -66.5137 -66.1539 -65.5137 -64.5137 -64.3773 -63.5619 -63.5137 -63.597 -64 -64.227 -65 -65 -65.6649 -66 -66.3006 -66.7397 -67.9185 -68.4863 -69.0544 -70.2808 -71.1934 -71.5513 -72.4863 -73.1631 -73.9851 -74.2948 -75 -75.4264 -76 -76 -76 -76 -76 -75.6465 -75
-82.2835 -81.8511 -81.0533 -80.3637 -79.6432 -78.0079 -76.5216 -75.7543 -74.2511 -73 -71.9806 -70.4428 -68.859 -67.2237 -66.1489 -65.1489 -64.318 -64.1489 -64.1489 -64.1489 -64.2043 -64.304 -65.1489 -65.5342 -66.1489 -67.1489 -67.3325 -68.1489 -68.1489 -68.1489 -68.1489 -67.6938 -67.0007 -65.5186 -65.1489 -65.1489 -65.0691 -65 -65 -65 -65 -65 -65 -65 -64.8511 -65.0667 -65.8345 -66.297 -66.9865 -67.8204 -68.8511 -69.916 -70.8511 -71.901 -72.8263 -73.9413 -74.2414 -75 -75.5119 -76 -75.8835 -75 -75 -75 -74.5758
-81.2158 -81 -80.2649 -80 -78.7921 -77.1569 -76.5216 -75 -74.2511 -73 -71.9958 -71.2708 -69.9374 -68.859 -67.7842 -66.7842 -66.6049 -66.5684 -66.5684 -66.5684 -66.6487 -66.7899 -67.5684 -67.7842 -67.7842 -68.7842 -68.8238 -69.6421 -69.7842 -69.7842 -69.216 -68.7842 -67.7891 -67.1539 -66.7842 -66.7842 -65.8843 -65.7842 -65.7842 -65 -65 -65 -65 -64.2292 -64 -63.8013 -63.4076 -64.2158 -65.2158 -66.0102 -67.2158 -68.2808 -69.7649 -71.0724 -71.9772 -73.1308 -74.0521 -74.9033 -75.1105 -75.8846 -75.047 -75 -75 -74.4603 -74
-80.1934 -80 -80 -79.2481 -78.4599 -77.1569 -76.5216 -75 -74.2511 -73 -72.4113 -71.6199 -71.1295 -70.4194 -69.859 -69.3058 -68.4903 -68.4194 -68.4194 -68.7285 -69.4194 -69.4194 -69.4194 -69.4194 -69.4194 -70.4194 -70.4194 -70.4194 -70.4194 -70.4194 -70.4194 -69.7911 -69.4194 -68.6341 -68.3081 -67.477 -67.1946 -66.4194 -66.0811 -65.7435 -65 -65 -64.3787 -64 -63.2217 -62.4334 -61.6273 -62.5806 -63.6473 -64.4612 -66.0102 -67.0649 -68.7002 -70.3355 -71.5637 -72.6062 -73.6818 -74.8767 -75 -75 -75 -75 -74.5498 -74 -74
-80 -79.9835 -79.0592 -78.9687 -78 -77.1569 -76.5216 -75 -74.2511 -73.6369 -73 -72.3811 -72 -71.1254 -71.024 -70.815 -70.0547 -70.0547 -70.0547 -70.0547 -71 -71 -71.0351 -71.0547 -71.0547 -71.573 -72 -72 -72 -71.9156 -71.0547 -71.035 -70.0594 -70.0202 -69.0547 -69.0054 -68.0254 -67.0453 -67 -66.0305 -65.9271 -65.0157 -64.6714 -64.0009 -63.0209 -62.7605 -62.0061 -62.55 -63.2052 -64.7944 -65.4609 -67.0649 -68.7002 -70.3355 -71 -72 -73.2282 -73.9453 -74 -74.9453 -74.9453 -74.5504 -74 -74 -74
-80 -79.2164 -79 -78.1325 -77.8566 -77.0486 -76.5216 -75 -74.2511 -74 -73 -73 -72.4899 -72 -71.8262 -71.69 -71.1166 -71.3217 -71.69 -71.69 -71.69 -71.69 -71.8892 -72.69 -72.69 -72.69 -72.69 -72.69 -72.69 -72 -72 -71.8884 -71.69 -70.8046 -70.5067 -69.7207 -68.8338 -67.9469 -67.1334 -66.863 -66 -65.7791 -65 -64.0171 -63.3819 -63 -62.7245 -63.3615 -64.1098 -64.9363 -66.2965 -67.0649 -68.7002 -70.3355 -71 -72 -72.4766 -73 -73.6633 -74 -74 -74 -74 -74 -74
-80 -79 -79 -78 -77.7921 -77 -76.5216 -75 -74.2511 -74 -73 -73 -72.8044 -72.3252 -72 -72 -71.4393 -71.6398 -72 -72 -72.3252 -73 -73 -73.3252 -73.3252 -73.3252 -73.3252 -73.3252 -73.3252 -73.2962 -73 -72.3252 -72.0016 -71.5747 -71 -70.3921 -69.6383 -68.8844 -68.0629 -67.1815 -66.948 -66.0935 -65.7654 -65.3252 -64.5829 -64.3252 -64.3252 -64.6787 -65.0518 -66.1196 -67.1397 -68.0211 -68.7977 -70.3355 -71 -72 -72 -72.5916 -73 -73.6748 -73.6748 -73.6748 -73.6748 -73.6748 -74
-80 -79 -79 -78 -77.7921 -77 -76.5216 -75 -74.9704 -74 -73.9418 -73 -73 -73 -72.4222 -72 -72 -72 -72 -72 -73 -73.007 -73.9605 -74 -74 -74 -74 -74 -74 -73.9965 -73.9605 -73 -72.9607 -72 -71.7054 -71 -70.4456 -69.7959 -68.9681 -67.9825 -67 -66.9718 -66 -66 -65.9605 -65.9605 -65.9605 -65.9605 -66.1196 -66.9919 -67.9775 -68.963 -69.6725 -70.3355 -71 -72 -72 -72 -72.5312 -73 -73 -73 -73 -73 -74
-80 -79 -79 -78 -77.7921 -77 -76.5216 -75.9541 -75.1496 -74.8447 -74 -73.7353 -73.5957 -73.5957 -73 -72.4791 -72 -72 -72 -72 -73 -73 -73.2597 -74 -74 -74 -74 -74 -74 -74 -74 -73.8545 -73.0029 -72.7452 -72 -71.6358 -70.7833 -69.9307 -69.1152 -68.3325 -67.9688 -67.1713 -66.8595 -66.5957 -66.5957 -66.5957 -66.5957 -66.8075 -67.0948 -67.9169 -68.7694 -69.0387 -69.8788 -70.3355 -71 -72 -72 -72 -72 -72.4043 -72.4043 -72.4043 -73 -73 -73.1308
-80 -79 -79 -78 -77.6092 -77 -76.4011 -76 -75.2511 -75 -74 -74 -74 -74 -73.4396 -73 -72.169 -72 -72 -72 -73 -73 -73 -73.2778 -74 -74 -74 -74 -74 -74 -74 -74 -74 -73 -72.7344 -72 -71 -70 -69.3797 -69 -68.2132 -68 -67.1507 -67 -67 -67 -67 -67.6339 -68.0368 -68.8419 -69.0993 -70 -70 -71 -71 -72 -72 -72 -72 -72 -72 -72 -73 -73 -73
-80 -79 -79 -77.504 -77 -76.2696 -76 -75.1338 -75.0336 -75 -74 -74 -74 -74 -73.4396 -73 -72.169 -72 -72 -72 -72.1338 -73 -73 -73.2778 -74 -74 -74 -74 -74 -74 -74 -74 -74 -73 -72.7344 -72 -71.4019 -70.7178 -70 -69.4835 -68.9897 -68.2492 -67.9535 -67.8662 -67.8662 -67.8662 -67.8662 -68 -68.8875 -69 -69.9237 -70 -70 -71 -71 -72 -72 -72 -72 -72 -72 -72 -73 -73 -73
-80 -79 -78.5299 -77.4274 -76.7921 -76 -75.5216 -75 -75 -75 -74 -74 -74 -73.536 -73 -72.9019 -72.0843 -72 -72 -72 -72 -72.0072 -73 -73.2778 -74 -74 -74 -74 -74 -74 -74 -74 -74 -73.1854 -72.8676 -72.0497 -71.4639 -71 -70.1934 -70 -69 -69 -68 -68 -68 -68 -68 -68.5239 -69 -69.396 -70 -70 -70 -71 -71 -71.8025 -72 -72 -72 -72 -72 -72 -73 -73 -73
-79.9088 -78.6979 -78 -77.3689 -76.7921 -76 -75.5216 -75 -74.8976 -74 -74 -74 -73.613 -73 -72.3794 -72 -72 -72 -72 -72 -72 -72.0072 -73 -73 -73 -73.9382 -74 -74 -74 -74 -74 -74 -74 -74 -73.1004 -73 -72 -71 -70.1934 -70 -69 -69 -68 -68 -68 -68 -68 -68.5239 -69 -69 -69.3709 -70 -70 -71 -71 -71 -71.2414 -72 -72 -72 -72.107 -73 -73 -73 -73.416
-79.3332 -78.6979 -77.2763 -77 -76.1806 -76 -75.5216 -75 -74.2511 -74 -74 -73.4946 -73 -73 -72 -72 -72 -72 -72 -72 -72 -72.7737 -73 -73 -73 -73.5483 -74 -74 -74 -74 -74 -74 -74 -74 -73.7344 -73 -72 -71 -70.1934 -70 -69 -69 -68 -68 -68 -68 -68 -68.1194 -69 -69 -69 -69.2781 -70 -70.487 -71 -71 -71.2414 -72 -72 -72 -72.7825 -73 -73 -73.5313 -74
-79 -77.877 -77.0371 -76.2533 -75.9153 -75.093 -75 -75 -74.2511 -74 -73.5812 -73 -72.4209 -72 -72 -72 -72 -72 -72 -72 -73 -73 -73 -73 -73 -73 -73 -73 -73 -73 -73.4295 -74 -74 -74 -73.7344 -73 -72.4639 -71.8287 -71 -70 -69 -69 -68 -68 -68 -68 -68 -68 -68 -68 -68.2547 -69 -69.415 -70 -70 -71 -71.2414 -72 -72 -72 -72.7825 -73 -73.4387 -74 -74.599
-78.3332 -77.6979 -77 -76 -75.7921 -75 -75 -75 -74.2511 -74 -73.9814 -73.0147 -72.7224 -72.0425 -72 -72 -72 -72 -72 -72 -73 -73 -73 -72.9882 -72.9575 -72.9575 -72.9575 -72.9575 -72.9575 -72.9575 -72.9883 -73.3445 -73.9575 -73.9575 -73 -72.9617 -72 -71.7934 -70.9657 -69.9812 -68.9967 -68.2754 -68 -68 -67.9737 -67.7149 -67 -67 -67 -67 -67.4114 -67.9602 -68.6704 -68.9717 -69.9296 -70.5804 -71 -71.8394 -71.9792 -72 -72.7825 -73 -74 -74 -74.3097
-78.1073 -77.2249 -77 -76 -75.7921 -75 -75 -75 -74.2511 -74 -74 -73.7891 -73 -73 -72 -72 -72 -72 -72 -72 -73 -73 -73 -72.7222 -72 -72 -72 -72 -72 -72 -72.2335 -73 -73 -73 -72.82 -72.032 -71.6367 -71 -70.1934 -69.5581 -68.9229 -68 -68 -68 -67.123 -66.8282 -66.3222 -66.3222 -66.3222 -66.3222 -66.3222 -67.0209 -67.3222 -68.1081 -68.9803 -69.7331 -70.4858 -71 -71.5119 -72 -72.7825 -73 -74 -74 -74
-77.3332 -76.9054 -76.043 -75.8207 -75.5442 -75 -75 -75 -75 -74.313 -74 -74 -73.8008 -73.0234 -72.615 -72.2518 -72 -72 -72 -72 -72.687 -72.687 -72.687 -72 -72 -72 -71.687 -71.687 -71.8291 -72 -72 -72.2472 -72.687 -72.687 -72 -71.718 -71 -70.5693 -70 -69.3834 -68.634 -68 -67.8912 -67.0118 -66.2623 -65.687 -65.0765 -65 -65 -65.5457 -65.8215 -66.0446 -66.9062 -67.2304 -67.9909 -69.4164 -70 -70.6022 -71 -71.733 -72 -72.8177 -73.0364 -73.687 -74
-77.0172 -76.0361 -76 -75.0221 -75 -75 -75 -75 -75 -75 -74 -74 -74 -73.9522 -73 -72.9899 -72.1603 -72 -72 -72 -72 -72 -72 -72 -72 -71.4801 -71 -71 -71.0235 -72 -72 -72 -72 -72 -71.7482 -71.0051 -70.4916 -70 -69.2351 -69 -68 -68 -67.0337 -66.0679 -65.4138 -64.7597 -64.0517 -64.0517 -64.0517 -64.8051 -65.0222 -66 -66.0362 -67 -67.9709 -68.6265 -69.2806 -70 -70.5372 -71.0076 -71.7937 -72.0216 -73 -73 -74
-76.1387 -75.8237 -75.4164 -75 -75 -74.508 -74.6956 -75 -75 -75 -74 -74 -74 -74 -73.4396 -73 -72.654 -72.3115 -72 -72 -72 -72 -72 -72 -71.4672 -71 -71 -71 -71 -71.4164 -71.4164 -71.4164 -71.4164 -71.4164 -71 -70.4743 -70 -69.3451 -69 -68.2324 -67.955 -67.1198 -66.7971 -66.0071 -65.159 -64.7466 -64 -64 -64 -64 -64.6672 -65.027 -65.8251 -66.1397 -66.983 -68.2524 -69 -69.8767 -70.5119 -71.1472 -72 -72.7575 -73.0309 -73.8702 -74
-75 -75 -75 -75 -74.7921 -74 -74.3737 -75 -75 -75 -74 -74 -74 -74 -73.3434 -73 -73 -73 -72 -72 -72 -72 -72 -71.5642 -71 -71 -71 -71 -71 -71 -71 -71 -71 -71 -70.5737 -70 -69.4639 -69 -68.1934 -68 -67 -67 -66 -66 -65.0836 -64.802 -64.0244 -64 -64 -64 -64 -65 -65 -66 -66.9709 -67.6062 -68.834 -69.8767 -70.5119 -72 -72.6112 -73 -74 -74 -74.4715
-74.1459 -74.1459 -74.1459 -74.1459 -74.1156 -74 -74 -74.1459 -74.1459 -74.1459 -74 -74 -73.7524 -73.1459 -73 -73 -73 -73 -72 -72 -72 -72 -71.4513 -71 -71 -71 -71 -71 -71 -71 -71 -70.6927 -70.1459 -70.1459 -70 -70 -69.4639 -69 -68.1934 -68 -67 -67 -66 -66 -65.9098 -65 -64.8703 -64.8541 -64.8541 -64.8541 -64.8541 -65 -65 -66 -66.9709 -67.6062 -68.2414 -69.8767 -70.5119 -71.2716 -72 -73 -74 -74 -75
-74 -74 -74 -74 -74 -74 -74 -74 -74 -74 -74 -74 -73.3626 -73 -73 -73 -73 -72.7719 -72 -72 -72 -71.507 -71 -71 -71 -71 -71 -71 -71 -71 -70.6455 -70 -70 -70 -70 -70 -69.7262 -69 -68.5881 -68.2731 -67.4893 -67.1407 -66.4893 -66.4893 -66.4893 -65.8706 -65.4893 -65.4893 -65.4893 -65.4893 -65.2791 -65 -65.3426 -66 -66.9709 -67.6062 -68.2414 -69.8767 -70.2614 -71 -71.3996 -72.5107 -73.5107 -73.8474 -74.5107
-74 -74 -74 -74 -74 -74 -74 -74 -73.9067 -73 -73 -73 -73 -73 -72.4396 -72 -72 -72 -72 -72 -71.5498 -71 -71 -71 -71 -71 -71 -71 -71 -70.7972 -70 -70 -70 -70 -70.0331 -70.9132 -70.0578 -69.85 -69.1246 -69.1246 -68.9325 -68.1246 -67.6957 -67.1246 -67.1246 -67.093 -66.2221 -66.1246 -66.1246 -66.1246 -66.1246 -66 -66 -66.4182 -67 -67.6552 -68.2414 -69 -69.9392 -70.1289 -70.8754 -70.9275 -71.9284 -72.8754 -73.2832
-74 -74 -74 -74 -74 -74 -74 -74 -73.2511 -73 -73 -73 -73 -73 -72.1056 -72 -72 -72 -71.9229 -71.2402 -71 -71 -71 -71 -71 -71 -71 -71 -70.655 -70 -70 -70 -70 -70 -70.2656 -71 -70.4639 -70 -70 -70 -69.7012 -69 -68.7598 -68.013 -68 -67.9391 -67.7598 -67 -67 -67 -67 -66.7105 -66 -67 -67 -67.7008 -68.058 -68.2402 -69.1229 -69.2402 -69.2402 -69.6579 -70.2931 -71.2402 -71.7261
