MapLib/Lvl1_5x5/BG/Ele_BG_CA.asc
ncols         557
nrows         557
xllcorner     -500
yllcorner     5008669.448
cellsize      1000
nodata_value  -9999.0
[rows 280 to 307 of 557, columns 0 to 63 of 557]
120.1041 104.7027 94.678 108.1261 91.3176 89.1988 87.8132 101.3875 94.1283 85.2879 87.7507 84.0708 77.483 75.1659 80.1301 78.5499 75.4235 79.019 82.7112 74.0184 78.7296 71.6562 86.0544 80.1288 78.1468 85.0522 81.6032 81.014 85.308 83.7858 90.0678 90.9585 85.7167 84.7796 87.5569 90.6292 87.544 91.1172 91.4806 105.4563 111.0628 101.5326 102.1325 116.2222 110.5485 113.9202 109.7504 107.4044 102.7676 109.4103 108.0088 108.4447 102.7827 116.8796 117.5678 110.9601 99.1304 93.6145 108.3231 116.3635 103.9903 113.462 115.7524 112.7868
95.2067 84.1594 88.5917 100.0601 89.4139 92.8926 84.5763 74.7024 72.0031 73.8361 63.3709 71.2325 75.1896 78.7413 80.9947 74.5621 72.6107 75.5664 77.447 76.4098 77.4924 94.3141 83.5048 81.2877 78.8149 78.7628 89.7012 85.7335 83.3856 87.7184 81.7812 85.3339 83.2317 83.4288 86.7909 90.215 86.0964 89.9017 94.0684 104.4876 96.133 100.0335 106.6555 107.2555 117.2741 116.5817 104.5132 98.795 88.8638 98.5297 98.7343 90.7537 87.6485 93.9015 96.0718 86.785 90.4803 94.3965 101.6822 108.8919 104.3175 111.3498 116.567 111.634
85.0412 69.1845 83.0519 89.7982 84.9687 83.439 56.1601 61.6335 46.9988 55.6775 61.7401 67.969 73.954 87.5608 86.3333 94.7365 105.676 106.5677 102.7449 107.3712 99.8064 107.5842 103.815 102.6923 96.9926 81.5929 94.3419 91.2056 82.7508 82.1924 77.2835 81.4121 83.2502 83.2233 84.0338 89.6915 93.681 95.0664 89.839 91.2545 98.7874 102.0405 108.8023 108.2429 116.2534 117.4782 115.7261 108.3547 100.1196 82.9961 93.2056 87.2346 85.0223 84.5537 82.8355 76.3347 96.6104 87.8708 98.5446 102.0726 104.347 107.4638 103.6958 94.119
62.2005 58.5184 48.3073 55.089 54.3258 73.3562 62.1386 62.7451 64.952 72.5347 59.1243 67.1219 74.482 78.4727 73.5052 78.9147 81.2849 88.7664 107.1187 123.3077 134.6464 124.6806 116.966 107.6996 101.7542 96.8222 88.2587 85.3132 79.8735 78 83.5434 79.4454 84.0551 80.5472 90.0701 88.9563 91.2675 93.2479 94.8526 90.7136 91.5494 98.098 100.8445 100.9013 109.7571 114.649 113.2081 104.9285 104.7612 88.5097 95.098 90.29 88.1084 83.2133 72.266 81.7512 91.1962 93.3464 102.2683 96.3465 96.8777 95.4206 95.3426 89.094
54.7164 46.9413 42.9425 33.7399 52.3489 55.004 54.4411 63.4377 86.3647 63.341 64.6463 60.3193 58.0206 54.4323 65.3303 78.8429 85.5768 85.1376 89.3356 137.2727 130.9232 117.9816 122.0185 104.3885 94.0269 89.4517 86.8113 71.334 81.0416 82.362 81.9874 89.5342 94.1382 85.6811 81.6736 88.4623 86.7622 84.1342 89.4262 92.9926 91.7241 100.2837 93.4942 95.5629 99.1153 106.7426 108.9503 91.8868 102.4007 104.5768 94.3869 91.9687 89.0172 81.4274 71.9831 71.9558 60.6055 79.4734 100.5231 106.448 109.5457 99.8577 86.531 86.7711
71.6502 43.823 57.5845 62.7118 61.1285 55.6753 63.7852 65.1138 69.2708 59.3052 64.961 55.2585 58.0186 66.0638 63.9059 73.3594 79.801 75.0625 90.9447 126.0108 123.1105 122.2034 112.4593 102.9514 76.4212 86.1121 82.5779 76.2229 79.5836 83.7325 85.2881 81.6874 85.9927 82.9399 87.232 86.0213 88.3829 93.783 96.0946 96.773 86.65 101.6604 100.0208 110.0184 113.3945 115.8607 112.358 99.4475 100.0754 101.2004 98.0111 97.463 102.5451 108.9223 101.2529 90.8018 72.7175 74.4429 98.2973 109.2084 101.7026 102.9423 99.9329 87.3264
50.312 52.2437 43.7053 41.6428 45.7953 51.3254 70.6999 68.4522 65.7043 56.0594 70.3034 70.6019 76.0976 71.6744 71.2286 67.9202 71.3361 72.9944 83.1654 83.1511 104.5347 124.9021 121.3188 107.6931 82.1156 88.6045 95.2369 94.6454 79.1642 81.7847 77.7855 93.907 83.5466 87.314 85.8459 77.883 87.6779 88.93 83.3769 85.5667 89.9685 99.6637 100.8094 94.1541 102.6923 106.2716 115.3652 109.1626 112.1171 110.1507 121.5721 117.8965 117.4258 110.7984 91.955 90.0406 88.7579 74.9027 99.5062 101.678 97.6213 98.5165 94.4303 90.703
46.1643 46.7926 53.3171 43.0067 55.3209 43.9541 51.8613 44.1879 54.335 47.46 59.3553 44.0896 55.3299 81.1686 50.172 68.2382 71.5759 70.1778 72.0954 79.5397 76.8115 108.1006 100.4793 97.7963 84.2749 98.2785 97.9382 85.8409 85.5898 85.4193 80.6072 91.7256 94.5825 82.2359 84.163 78.7157 86.0252 84.5718 99.1701 84.6522 86.0044 89.1301 88.1046 101.5265 96.3657 102.6236 99.7879 113.6763 108.5395 112.5422 115.3585 115.4538 113.8312 100.2441 96.6063 97.333 105.345 92.4201 71.5139 88.2315 85.1951 85.4383 82.7623 102.665
43.4883 51.1857 46.2661 59.6488 60.5716 70.8742 57.5598 57.7717 56.8619 49.867 59.1962 56.0615 69.9581 68.1931 72.718 72.2488 71.2786 74.3645 86.2223 86.0529 82.5993 78.6878 74.9209 88.1403 95.8251 93.1851 95.9369 93.7691 92.963 95.1402 92.9276 79.2932 84.4017 83.9567 88.5392 88.0991 81.9109 79.0244 85.315 81.9359 86.697 88.5734 97.9458 94.4056 103.2097 99.6488 106.5548 112.4994 98.7897 109.828 103.642 106.9538 97.9993 97.909 93.0775 106.655 106.5136 100.272 66.6801 76.3337 80.537 82.8333 92.9523 87.9948
45.1713 53.0784 53.2066 60.3788 55.3361 61.0239 49.537 56.4175 54.0159 53.0416 61.7686 64.908 68.7196 69.9312 71.7335 76.0205 76.8992 70.9087 77.7292 70.0465 80.7186 64.8014 69.5735 80.3197 94.8275 83.1583 90.8457 94.7927 100.0035 95.5192 83.9226 95.1857 73.1608 91.8014 90.7223 88.4742 98.0097 95.0035 81.1628 79.6245 81.6201 100.9375 86.5171 96.2284 95.1111 99.0222 90.5057 93.8787 87.7173 78.8493 107.6507 100.7021 87.008 99.0061 96.9243 102.3294 103.4694 94.4516 77.9704 69.613 86.5636 84.8086 84.9781 72.6672
37.2175 59.7406 58.2634 85.5935 101.2182 72.8012 64.3661 58.3714 60.7403 70.7443 67.5831 70.0567 71.5839 81.3979 104.0439 94.5523 83.1056 76.6794 82.3568 73.7365 71.7815 70.892 72.172 76.082 75.8958 78.0425 86.4379 98.2176 96.4032 95.4716 86.3292 84.7724 75.1605 82.3899 89.701 90.6083 83.479 104.1891 95.6143 89.3976 97.8781 97.488 95.5903 98.0574 86.0758 92.6707 92.6153 88.3325 85.0165 75.2732 79.2718 83.0039 85.55 93.9924 101.8173 101.8253 92.3911 94.739 71.221 62.2064 83.1464 75.8408 71.8831 57.2822
50.4925 56.9294 61.3061 85.4136 103.395 99.0012 88.4335 99.2105 114.7842 109.7249 92.5042 132.3663 111.3496 82.429 109.8208 125.8931 110.0586 105.6299 88.7241 83.8517 72.9783 57.5644 42.156 79.8148 101.2409 96.5683 108.9994 110.4056 102.7078 104.6184 91.8415 86.0527 90.5137 78.7717 86.2057 88.8697 97.4709 103.4285 101.5811 100.9757 102.4593 111.5485 97.2039 102.8141 84.6621 90.3406 104.5539 97.4566 95.168 84.1723 73.3719 86.0762 91.6427 86.9807 92.1923 94.9448 95.0842 97.3685 83.9199 48.76 47.1801 36.6751 35.5031 37.6344
63.9907 61.3018 71.5951 90.4311 114.3343 113.3047 109.1717 121.0239 111.8362 117.4206 121.5745 136.9807 114.2774 116.8937 119.4003 129.0044 112.7051 103.7916 83.8375 81.3929 80.9012 74.8668 52.134 73.6715 90.7705 95.0304 94.7821 106.3391 118.907 109.6758 101.0753 104.3367 105.522 95.1818 82.8124 94.1649 107.49 107.0383 105.9466 106.2576 94.8601 103.6584 105.9686 89.7114 88.9211 97.9421 107.8297 101.2839 95.8551 98.2558 89.8643 78.0523 94.8432 91.5875 90.5159 88.7839 82.3445 57.8307 38.4519 41.2357 40.409 39.0639 38.1512 35.8366
119.2153 106.9914 111.1885 118.2743 97.3803 86.6055 90.6 111.559 108.4237 112.9577 127.5964 130.356 113.4781 115.7049 126.7063 124.6098 113.7432 116.7938 97.8123 100.1302 96.7204 87.0793 76.0614 66.2437 88.3828 90.8536 99.809 96.7961 94.7755 101.5674 108.9503 104.6371 98.6084 70.2593 87.7621 104.3816 105.3666 99.3117 102.2123 101.6607 102.0196 101.7825 105.5044 105.0908 92.8601 88.9453 95.2717 98.0933 92.3073 88.842 75.1928 92.1062 92.1771 80.9953 79.1958 61.7695 40.2728 30.6591 33.0921 37.4541 38.4202 37.5061 36.1033 31.5167
60.2558 87.1151 94.3273 111.8678 105.7435 81.5255 77.4215 89.2699 117.2389 126.8641 119.3714 99.4949 104.5413 125.0239 129.3159 115.9222 116.4538 110.9381 105.9648 115.6733 100.5106 77.7745 49.2332 86.5238 96.1114 92.5137 93.8411 86.9389 89.901 95.9325 122.2955 103.3879 98.4816 92.2251 84.8758 104.4461 110.7222 99.363 87.0415 86.288 104.5797 103.7205 114.444 115.0748 108.1765 105.826 93.5296 80.7258 94.1782 87.9595 51.6273 74.9803 71.5638 51.1748 65.4562 40.4082 28.3512 35.7812 35.3993 32.038 31.9962 31.7061 34.0158 38.8014
105.7967 86.3664 100.5694 97.9611 96.0534 92.8151 89.8147 101.9136 112.4885 124.8623 113.5021 101.187 101.1204 95.8601 112.4092 112.4598 103.1801 111.6946 124.0168 105.2376 107.2859 73.614 96.0136 93.0186 84.2017 99.5868 99.681 102.5898 108.8875 101.4988 106.2187 102.6152 102.0191 93.3177 72.9347 90.5778 98.3631 83.6653 77.9695 91.6999 103.1548 106.6611 99.2909 98.4568 93.8648 100.0152 94.0874 81.6978 67.5932 67.018 52.4682 40.4854 55.8606 38.7962 34.7506 46.0163 35.0029 40.2103 64.5529 72.4758 80.1285 74.3698 76.9153 81.0929
107.7887 69.9324 50.3823 63.277 76.8806 90.9343 102.8077 113.4657 120.129 117.629 113.014 112.0825 100.0524 66.165 112.8731 118.8694 116.2883 111.0151 111.6636 111.8847 100.1487 66.7551 93.872 93.2749 108.6948 95.2545 111.2966 108.3563 107.31 112.9629 106.9419 110.3301 109.7461 102.3152 101.7795 92.253 62.8475 62.8146 64.748 89.714 87.4369 87.995 71.6905 82.0117 82.8139 85.4127 87.7402 63.8293 50.7599 37.629 35.293 39.4291 49.1889 39.7218 36.2061 61.3464 74.712 74.7976 80.8581 82.6572 80.1698 80.2965 82.9356 92.1898
100.2907 64.0113 43.3838 54.6389 76.7377 107.168 111.462 118.6206 91.95 98.4378 99.1716 116.149 103.8589 76.3693 97.4968 119.6754 119.1525 105.312 67.8802 89.9661 105.5676 77.2023 94.2207 91.84 87.0919 104.6858 112.8233 110.468 102.2523 115.9884 120.2361 130.3085 108.6167 117.504 108.7806 91.0325 74.2796 73.9281 85.1576 92.7824 90.9657 93.0683 90.5303 79.7084 69.5926 45.6477 35.854 38.5433 37.8781 41.9585 39.2018 41.3796 40.7361 57.3372 77.0057 74.3828 72.5125 83.879 85.9924 87.0101 85.6096 84.5726 84.1001 101.533
43.1 44.5632 55.8477 104.9482 119.3281 113.1783 106.8004 104.1116 73.6169 84.9629 112.7242 97.7591 77.2911 99.6166 118.7766 114.7775 108.1605 101.5431 110.0008 115.1044 79.2393 48.8656 46.0894 84.5746 110.6087 127.5108 112.7797 119.2942 117.4634 128.1293 129.3887 116.3514 115.6237 117.106 103.533 82.6456 98.181 96.75 78.877 82.0311 86.3639 81.9134 66.1226 48.3726 36.6339 35.4227 39.4404 36.0441 36.477 34.4873 33.4222 55.4659 72.6649 68.4247 63.6931 79.7646 77.753 83.0609 82.8613 83.392 84.3792 88.2723 88.747 95.1509
37.3965 33.211 38.412 45.3816 53.862 72.773 65.3604 52.9666 53.9613 59.064 55.0232 85.2317 118.8408 109.1995 115.2214 126.9472 129.1135 129.4769 129.947 121.6396 113.8822 55.1808 41.2656 53.395 74.8609 97.4037 106.9114 115.2265 108.3585 113.9208 106.629 104.5501 123.0289 123.6436 99.0333 97.5442 87.9467 95.268 80.7071 65.8624 41.7833 26.6336 41.3228 39.4692 27.5867 30.6982 33.6567 35.6516 33.7302 42.3264 73.7276 73.3962 78.2648 79.8164 64.9125 75.9053 74.885 77.2367 79.5112 86.7909 92.4694 87.5903 87.95 94.5431
23.4471 30.6901 32.8236 35.7518 36.6406 35.0086 51.8211 59.52 40.8612 42.1453 44.9422 41.5061 44.4863 56.6074 59.066 66.7762 65.2568 62.5175 77.1821 64.1758 68.5406 42.9956 33.6005 49.7742 56.8181 55.2706 67.7633 67.1287 64.2542 85.4853 68.8894 114.2142 124.0627 115.8547 90.6722 98.2956 95.9316 74.9144 37.032 39.6122 40.1808 34.2975 32.4891 35.8847 36.012 36.6461 41.9273 52.597 78.0063 77.8966 88.1364 91.5485 84.9693 81.7566 73.6688 77.3054 83.4202 80.6852 81.9624 84.9596 82.9301 80.1214 86.1106 88.1632
25.921 28.4612 30.0209 18.1565 30.8993 36.8554 27.3983 36.8054 42.666 38.273 39.9962 36.2855 30.8625 33.891 33.3253 42.84 47.6951 40.0407 52.3237 43.1296 38.0763 39.2687 31.4663 35.5832 38.5471 44.8053 42.4081 48.6734 46.0139 45.0092 60.3576 103.1226 92.5369 79.3475 81.0141 43.5143 28.95 44.8077 35.6566 30.7446 33.9504 44.4441 34.7554 26.7138 39.6606 67.3138 87.9256 87.2548 102.8619 80.7261 80.7183 84.4079 75.123 90.0732 98.25 102.3162 98.7365 101.6311 103.1898 101.9765 76.3007 79.1669 79.39 86.0687
25 24.7787 33.0837 29.3103 30.1564 23.2498 24.3802 32.1827 34.8694 29.8952 32.1296 36.2352 34.3385 30.4253 35.3675 37.2234 39.3614 34.8184 40.9342 46.7402 39.2814 33.667 32.7522 33.958 36.4498 37.4497 38.0784 36.9126 36.4305 40.7001 34.6118 34.1182 31.2872 30.3736 34.0788 34.8301 40.4055 36.0788 30.9233 37.7797 27.9786 32.2657 31.8232 32.3843 43.2276 71.0085 71.5414 73.9041 80.531 89.777 82.4065 75.4082 75.8587 86.0183 87.9505 97.5393 108.425 105.1626 106.309 101.3848 92.6357 85.1472 70.8207 78.2605
25.6287 26.6966 25.6343 31.4996 25.9783 21.0158 22.8873 25.1241 27.2396 38.7323 29.2689 31.5109 27.6487 32.6225 29.0479 30.9829 30.308 31.5236 26.4399 28.2466 31.4208 28.892 27.3681 26.4185 30.3375 29.6263 28.558 30.4084 32.0895 26.3752 32.6222 34.4995 33.3057 35.2916 36.3887 38.3436 33.7364 36.2236 36.6893 36.8414 33.5929 35.7983 40.5022 37.0738 35.4414 43.0246 38.3614 38.6262 45.6624 60.9113 73.2923 85.6315 89.364 86.7436 86.7268 95.9608 82.7885 100.3009 95.0073 98.8177 100.7712 85.5949 66.0638 65.6964
27.6276 32.2429 25.7667 27.7491 33.6082 27.2261 23.0009 26.2119 22.1252 26.6136 22.8994 34.2797 29.4356 29.454 29.4532 32.9735 25.0787 33.3493 37.7736 20.6629 24.1564 26.1272 30.7413 24.3289 26.8451 30.5405 28.6075 31.7906 31.1866 31.0619 34.3823 33.8188 35.8195 35.3528 35.6158 37.2228 46.2502 62.834 81.3304 69.3608 76.8322 86.7007 86.98 90.2008 78.9749 55.2902 72.6504 55.8755 52.7061 38.6355 45.2568 45.5402 63.4382 72.1699 71.8242 75.1843 76.6676 89.4621 90.2973 91.1306 91.5404 85.969 44.6554 41.6263
28.164 27.8099 27.4368 33.2578 25.5235 25.6895 29.237 32.1808 27.6834 30.5872 29.0857 27.7176 32.2386 26.3088 32.4869 31.6567 31.6823 31.0043 25.0623 24.1199 27.6506 26.6578 20.614 22.3418 29.4442 25.6099 31.5588 36.6985 37.5172 34.9521 40.0511 36.9784 38.6001 41.2366 60.2105 84.1764 112.7064 105.2661 110.8432 98.9094 101.3125 109.8285 119.8607 120.3222 92.3501 90.0592 90.6686 88.2707 81.1772 75.7873 73.3196 61.8938 56.2584 37.5156 36.7404 36.9584 36.5351 39.8452 42.9272 45.3348 45.1552 43.1824 47.4048 52.6275
27.0222 25.2457 30.4881 19.7491 32.8783 25.7926 29.8605 27.8623 31.8682 28.8891 30.9784 36.6993 33.3669 28.7432 26.6635 25.1112 33.375 35.3643 33.588 35.8454 20.278 24.5532 27.3739 32.4011 41.8594 45.7093 33.2716 37.8695 34.1553 53.7345 111.3708 102.9368 106.0556 110.8156 118.6611 99.5622 110.5197 135.6159 133.6195 101.1404 114.7259 126.9088 113.6161 115.9393 118.7748 109.7266 112.7863 113.31 106.307 107.4994 90.6063 88.748 83.8857 87.1302 86.9359 78.2145 61.4021 47.6502 58.1008 66.2892 71.9762 71.137 87.1792 89.259
32.4945 30.5405 27 28.6935 33.8209 34.6721 33.6298 30.0545 26.0948 27.3323 29.4165 31.1946 35.3745 36.3365 35.316 37.8074 31.662 31.5967 32.4882 34.4417 39.803 32.4237 43.1684 31.8878 33.2097 38.8658 44.7153 61.6623 88.1746 108.3022 114.8437 113.4279 111.9609 113.3921 120.1023 120.4743 121.0527 127.1879 105.0172 112.9286 125.2057 125.7559 118.452 114.0953 118.2548 114.0279 104.6232 96.8298 117.1483 114.842 109.0861 100.5688 82.053 77.0135 85.3251 83.87 62.7445 84.9673 84.0709 92.2256 71.9836 95.5173 93.4125 98.2901
