MapLib/Lvl1_5x5/BG/Ele_BG_DA.asc
ncols         557
nrows         557
xllcorner     -500
yllcorner     4451669.448
cellsize      1000
nodata_value  -9999.0
[rows 27 to 53 of 557, columns 60 to 119 of 557]
126.4909 115.1707 112.5199 113.0943 99.6576 93.5749 111.366 109.6037 119.4721 124.0481 125.5145 120.6556 120.2548 115.1867 127.7055 130.7033 137.8234 129.5924 124.8697 139.2518 146.3625 137.5624 143.0996 153.2744 140.9818 117.2389 169.1571 179.9479 135.6808 144.6612 126.3588 108.2024 145.78 108.1557 135.9581 148.9627 150.1024 158.6867 179.2339 180.8487 209.6911 209.9688 207.4863 178.3959 186.8127 185.8473 186.7257 181.0831 187.985 170.0289 148.5811 167.8457 137.726 138.8068 138.2462 154.8197 199.19 227.7411 250.9079 219.4147
158.9791 144.9192 147.7836 141.827 106.8616 112.2894 108.801 109.777 106.1424 102.1971 107.7467 106.9579 112.15 125.5699 123.6126 137.2567 152.4508 149.5378 135.5028 149.2748 141.1839 140.4993 141.3275 155.9545 144.3106 144.996 155.157 190.8882 179.4624 186.2765 161.9647 144.2726 148.6717 137.9628 141.1726 177.0798 183.1949 164.3135 188.876 178.4413 166.1616 148.6425 206.0451 220.5191 204.8957 213.9866 207.1461 202.7887 191.0334 199.9771 174.8596 184.8416 130.6513 204.4717 203.4116 166.4597 143.2757 229.1738 210.1719 250.4668
139.9433 140.9786 125.8423 110.7004 126.2321 119.4007 107.7012 105.2432 107.737 106.239 117.8739 115.6304 131.6876 143.1598 143.8369 148.3624 156.3517 144.7669 140.5127 133.288 123.5618 138.3183 144.5098 154.1889 155.0748 169.2577 173.6913 201.3056 209.2764 194.9801 154.258 151.1683 149.3947 154.692 131.4332 152.4098 178.458 192.7279 208.7259 191.4019 201.5492 204.1627 200.9933 201.783 219.5795 243.3495 235.6162 226.2719 220.6905 227.6904 189.1143 178.2275 181.287 229.1895 221.1765 242.3489 193.7628 185.8169 195.2718 236.362
109.5195 122.3217 97.5123 111.446 101.382 100.2231 96.4132 115.1827 129.8083 127.6063 126.7509 135.9341 149.5201 166.3941 170.9505 132.7785 137.2322 137.0531 133.4247 119.2894 126.3573 127.6674 142.1406 138.7698 142.2746 163.857 168.8661 200.5245 200.1154 187.4376 161.9333 165.2607 155.367 160.6569 164.2475 133.9262 160.4803 182.2512 199.5088 212.7874 211.3331 214.3875 224.4269 215.1749 206.7012 245.9512 252.4516 233.4193 233.0706 214.1834 207.7832 209.202 222.2067 265.2549 255.7728 269.0821 228.5764 212.3219 252.3398 211.4861
133.322 111.7375 90.6548 104.5857 85.7222 100.3598 119.7336 131.2861 151.7044 126.584 116.7404 115.1708 123.0348 131.2475 145.192 128.9325 119.2746 116.4785 108.6067 134.0307 119.5786 114.9567 119.927 123.9124 145.6572 164.1679 191.9656 191.9023 189.6482 185.7253 191.6428 196.9619 203.2565 164.3335 159.3331 159.326 169.9616 151.9953 178.6021 191.0737 218.5554 225.0693 222.4008 228.8537 226.8297 239.1149 253.822 267.3252 255.0291 271.4061 215.0717 213.5717 207.2604 261.8765 276.9082 256.0172 266.3438 282.7474 260.2879 258.4455
123.1262 114.1116 95.5358 84.893 108.7902 113.1636 120.8788 124.0644 110.2363 104.1882 108.9481 123.4139 128.0926 119.5529 118.9264 112.6453 92.3997 102.446 113.027 114.6693 121.7043 126.6701 121.7359 117.1297 122.1487 141.5645 177.4303 181.9455 167.9821 171.6467 184.9541 216.2202 200.708 182.5566 181.3355 173.6799 170.7348 174.7707 174.1393 196.8245 205.9155 217.3954 221.8506 222.5619 224.5363 238.6862 246.1749 261.0227 266.635 276.8745 260.3168 211.1238 208.4491 244.0603 288.8295 285.4453 273.6694 266.4452 266.9294 277.1297
103.8143 82.2564 82.7948 99.714 87.1697 95.7937 95.8805 102.3787 99.2807 91.0908 96.3072 102.7906 113.9643 104.9647 106.0962 91.5075 79.735 84.8828 106.6978 117.1867 119.0134 122.0637 115.5766 105.8166 120.6224 141.8172 179.0792 160.9256 168.7504 181.0289 195.8155 189.4078 163.8117 156.279 160.2048 195.5655 196.917 191.9376 185.4051 191.6993 208.3637 206.0739 214.8259 214.048 222.6755 227.4323 213.1183 229.2774 225.8362 233.8868 245.8905 236.7742 236.7418 246.2652 264.0025 258.0045 271.2952 248.1914 242.6838 224.2734
84.4681 73.1573 103.2918 78.9224 70.9458 85.1641 77.957 100.2238 100.0863 83.0619 78.6691 98.0019 76.7401 94.5349 88.8381 73.0923 85.8448 88.2975 89.5353 96.3127 111.9236 112.8235 106.9156 110.3912 96.4954 107.6977 146.3765 126.9908 125.0912 151.5868 159.7768 169.8838 148.2277 149.9353 167.8902 178.536 184.3557 215.1394 205.1753 188.3627 196.7186 178.509 203.5651 201.1837 203.8833 180.1952 197.1044 209.9121 214.2369 237.9371 224.2704 250.0815 262.7304 228.7513 235.0142 267.2592 273.5673 262.6363 232.6862 219.3406
68.3724 54.4073 62.0073 59.4928 55.9063 71.359 58.2448 69.4941 77.1814 88.5814 69.5578 71.0357 73.506 73.889 66.7948 85.5878 82.3598 79.5405 81.5475 82.1898 94.7387 103.6672 94.1093 97.8889 90.5023 90.9855 113.5652 119.4833 130.7991 126.9118 115.2218 144.203 137.0433 178.9232 194.0872 196.0624 215.786 194.1301 163.3354 152.0379 155.6491 169.3278 159.5765 162.7962 199.0054 203.0657 216.9238 235.4466 221.445 242.6187 256.1549 253.8439 237.362 230.5166 242.7873 247.2203 278.7255 262.3984 244.4671 214.3359
74.0789 58.2842 70.7855 73.7011 70.8753 61.6672 60.4796 62.1354 66.2754 64.9607 65.6589 65.0954 67.0143 80.9713 85.053 87.47 100.8031 90.0746 74.5232 81.65 92.8413 97.4131 101.4935 92.6358 92.2978 83.3979 96.2907 106.5514 110.1856 132.2834 131.1203 134.6708 161.7725 179.5113 193.9783 182.7965 166.9289 159.1824 147.4704 178.024 196.1793 204.2072 200.4675 199.1086 204.7131 219.5796 231.6658 238.0476 239.571 252.0097 253.289 255.9742 246.9614 204.4814 236.9753 261.9946 248.7841 265.9913 249.8799 256.0675
121.5201 120.7826 118.6906 94.8806 73.7629 66.0774 88.0371 76.8739 82.5412 66.2112 73.6293 76.8949 64.9965 64.8068 60.9393 72.0602 75.2318 78.3989 93.7482 91.0217 103.6118 104.2312 84.0672 95.2014 89.1584 96.7843 95.9784 104.7229 111.8267 116.4854 105.4193 133.223 139.405 145.5534 143.8738 135.4335 143.3377 173.1833 181.5988 176.2548 191.8073 202.2891 220.4234 227.0594 241.1494 235.993 241.2022 245.9298 260.1523 253.2492 245.241 247.9493 212.6055 203.3927 197.6649 227.5458 227.8522 271.4644 246.0714 227.019
123.41 95.5788 78.6666 73.0531 70.8872 85.6893 101.1284 91.2971 90.3834 75.878 75.6343 87.4724 90.848 93.5904 91.0136 72.6501 70.5581 77.578 93.4539 91.0069 89.2462 85.4005 86.3438 81.4695 84.4623 84.2994 87.746 89.8369 93.4267 104.9067 127.1015 103.7259 114.0893 124.0972 146.021 181.6817 177.8427 172 180.6327 201.7544 217.866 223.9893 236.18 236.3469 256.8017 245.4182 264.894 261.7279 259.5706 266.4154 245.4268 210.7109 237.2109 248.0981 201.9969 174.8934 234.7536 279.1472 241.1011 193.5231
117.5024 112.8579 105.7244 109.5554 78.3428 72.9448 101.2869 116.4132 94.9229 88.6111 78.9412 84.9156 92.5865 100.3103 90.4366 96.3493 94.4065 72.4032 75.7174 82.5673 84.3924 81.1655 81.5193 90.4664 94.9121 88.0814 97.878 97.4171 95.1273 110.6409 125.8449 140.5734 167.0297 167.4187 173.0151 171.0345 185.0852 192.5181 196.2045 217.2344 219.7076 219.9529 221.3976 245.6394 271.8541 258.128 259.5769 232.5987 227.9691 256.387 261.0641 244.7448 214.7414 211.1414 214.4392 185.5119 211.2346 238.5188 170.0094 244.9917
96.4916 127.9377 125.9319 100.444 82.6617 87.8688 118.1628 129.1225 107.3594 80.9022 82.6819 80.0075 84.2462 97.0628 95.049 106.3681 95.3459 92.3722 89.3126 83.8744 87.4626 90.5504 97.4052 84.1597 94.1182 101.2313 99.7012 131.5655 113.2554 126.0384 139.5489 147.6491 157.9267 146.243 154.2148 182.4313 177.608 183.5123 191.0967 192.2817 198.7539 216.1379 234.6254 247.5103 263.9418 248.679 236.246 208.8777 224.9283 260.5411 243.843 267.2216 244.7454 238.9527 233.0683 228.4544 176.0303 170.0076 212.6003 179.147
96.1757 100.0273 97.4869 78.8113 83.0192 82.7876 105.8502 125.4455 92.4184 92.0126 83.7535 84.9488 91.3042 107.1423 128.9832 93.7575 96.611 120.147 113.2265 83.3183 82.8383 82.6565 91.6709 87.575 101.6985 110.0544 132.9751 142.4203 145.9674 151.5523 154.3234 144.9551 120.8491 142.4515 132.9791 146.4077 176.9217 187.5733 175.3312 194.389 220.5454 237.8687 231.5489 235.1391 215.5474 214.9573 227.0435 213.0692 230.8146 227.2298 196.9085 236.5536 254.5887 248.5607 242.098 248.5497 214.8618 183.6462 232.8457 248.6649
120.0277 124.5957 103.1552 86.1825 83.246 72.4646 89.7922 103.4652 88.2435 79.3392 105.3393 137.4673 110.8997 102.6387 136.9427 118.7789 133.5262 95.4047 85.9998 83.849 84.4579 82.0543 86.9962 115.2744 143.4317 138.2947 161.8856 165.5066 172.5883 162.3824 125.1246 124.0546 110.4133 134.485 148.8288 168.9508 184.563 172.2074 179.295 195.9177 206.04 202.3054 195.1038 203.9012 221.8589 236.4304 230.584 209.3322 190.3503 206.2307 176.7761 213.8647 252.992 246.7525 230.6394 192.1849 159.6045 194.6967 198.5358 224.2048
117.6692 125.4093 122.7969 113.0352 94.246 78.7808 89.1757 98.7753 100.8636 86.3027 90.1628 131.0343 131.066 131.575 138.5356 148.2961 155.1469 140.0554 117.0972 109.9916 103.2939 104.8446 98.5355 119.879 151.9368 145.6389 177.4201 151.0883 130.0129 141.1128 137.5245 112.8285 112.3324 123.3177 137.4823 163.4837 177.9265 165.0822 199.1418 171.4714 168.2354 168.6113 209.3854 245.7502 252.2641 221.0381 206.9817 200.0215 177.5978 174.3334 217.7648 227.7029 245.4334 213.0446 170.5305 159.0186 190.1376 220.7433 208.014 226.0975
108.3359 117.8223 98.2848 96.7507 98.637 89.027 84.403 86.4603 100.8961 109.0865 103.8011 127.2664 151.8337 170.1549 175.5645 155.0544 140.8165 134.4187 145.6974 127.2568 127.6651 126.6568 123.49 124.0543 129.4442 140.9616 171.3464 142.3723 142.3117 116.3382 111.6179 102.8579 126.286 136.9231 144.8275 165.9438 156.3169 172.0449 177.1022 158.8757 193.2173 210.0148 222.4182 228.4437 232.0971 223.1987 191.6316 133.5235 171.1609 227.3719 208.7945 191.3246 184.2712 138.7317 157.6186 204.0141 217.7091 237.4794 251.2879 265.1459
109.3429 119.3756 119.7605 108.6808 114.5322 108.0151 91.3819 99.6508 95.9231 120.3182 148.7346 142.5694 138.2103 132.7528 148.15 162.5002 139.4199 125.6762 117.3965 116.3764 124.9533 129.1674 135.3078 143.2505 155.9779 139.4974 134.64 134.9469 127.8361 116.5566 97.1538 117.3477 141.6181 131.0715 157.0532 179.2373 182.999 172.3427 155.8881 189.4933 207.8169 191.2525 227.9277 231.5175 201.0138 211.4948 215.7167 192.0089 129.969 165.0795 160.5138 146.9891 125.1175 143.3695 172.8131 205.6736 224.6598 207.0225 224.5582 230.0636
87.695 103.9339 111.8248 121.4709 135.286 120.2309 102.3158 117.5652 107.9364 124.103 147.9146 133.6514 133.0564 111.2641 154.1377 141.1914 128.8173 131.8539 118.6541 107.0102 126.3681 143.7658 161.4129 147.6627 154.7928 142.0147 124.8844 108.0211 101.786 93.1237 101.5441 118.866 131.9353 152.807 162.2276 179.4536 194.6751 177.5089 176.7647 190.9317 209.7292 218.0552 230.8898 240.4064 214.9016 190.5148 166.108 119.1097 119.8181 115.3291 133.3117 147.9794 168.2058 158.4826 196.6902 204.8672 230.4263 252.3629 251.9795 252.8773
91.7438 99.4125 122.3989 139.667 144.503 135.3071 119.9881 129.868 130.4692 140.8107 142.7267 121.5524 118.7557 106.3375 146.8717 139.3598 121.1473 104.3273 98.9679 117.2991 137.274 128.1789 122.4194 136.8394 145.9669 134.4697 126.2934 101.1864 91.8082 90.1254 124.6664 135.1295 138.2491 149.7468 151.395 166.652 174.1165 193.1562 169.9375 164.0039 201.4011 210.1663 212.7701 212.9256 223.1138 195.9474 147.4058 126.1923 160.4187 183.8976 175.4863 169.0297 211.8896 225.4687 216.9061 232.7776 248.9031 244.9003 236.7757 253.5338
103.1237 119.7692 136.8815 121.8819 118.9835 134.8559 140.472 106.2537 113.8323 132.7956 132.0897 140.4964 110.929 106.158 138.0749 122.2715 99.3876 96.5882 99.9444 117.3801 132.538 115.6367 112.5701 125.5796 129.1201 112.241 112.1364 95.8238 82.5822 100.7157 116.0011 136.8611 117.7652 127.8046 139.9289 157.3222 154.3278 165.6476 148.7688 170.2995 187.749 178.0376 182.5482 197.6035 198.7859 127.4384 117.0558 186.91 182.6326 191.8866 216.067 203.9669 197.6661 211.3276 225.9792 235.8153 250.3612 230.7619 221.9879 221.0773
119.226 137.0865 126.5782 115.5491 113.8756 125.5209 108.912 94.9593 113.6047 135.7457 138.7292 135.0935 114.7646 99.359 109.6959 106.5796 111.0367 89.7906 108.7268 110.3875 134.6594 117.829 95.8716 96.3802 92.7508 92.0441 88.8439 84.0668 90.0749 100.4918 102.8379 100.8083 93.0744 103.9508 103.5158 118.1427 113.4226 104.5312 109.4667 145.4831 158.5324 165.6333 150.3435 130.1889 138.8557 123.5829 143.2901 165.9232 171.2611 193.7799 198.1676 206.5006 173.3288 189.086 198.4955 199.6482 223.8732 220.1217 197.0507 170.7249
103.6144 127.6922 143.7776 116.6207 100.5462 99.6893 95.4953 102.3223 123.1555 143.8709 131.2949 118.0536 114.2776 111.7314 100.8483 92.5904 92.6348 86.061 82.1489 90.672 107.1714 131.1632 101.6681 76.3143 93.6347 103.5885 105.0055 91.0266 99.5392 83.8541 89.1136 84.9178 95.8998 113.2375 111.0652 114.9914 119.1358 114.2777 129.6804 137.0471 135.7094 146.7967 144.9179 149.4812 112.6328 111.1329 133.9576 152.569 165.9027 171.6975 177.8775 209.3627 182.8925 159.9377 214.5515 197.9977 187.0525 169.3668 136.5985 157.2323
131.5434 112.4877 131.3679 110.5525 92.6365 94.7602 111.5063 119.0585 117.84 143.7205 144.9988 123.5322 110.2295 101.4745 100.6207 117.3062 106.7401 112.6041 102.796 94.8408 76.758 82.967 87.2725 85.5685 107.0951 123.7211 127.6072 110.875 126.0661 130.0609 116.565 109.8254 130.3148 145.0247 140.4673 143.9471 129.6527 137.0901 132.7606 135.9127 124.8603 112.7803 118.1301 140.7709 109.662 80.7555 111.9899 131.6255 178.0048 153.3452 132.0002 154.1366 115.5929 179.9835 172.1781 135.2806 109.4042 114.3811 166.882 204.9523
122.0916 94.7649 117.4131 107.307 84.2149 96.4395 110.8905 120.7954 142.9885 196.1679 145.4296 128.1295 127.2702 122.1041 125.7069 149.5198 142.0614 145.5275 132.5541 138.0991 114.6029 96.7608 68.1302 91.8076 105.8071 94.6672 90.217 102.4699 106.826 119.9892 155.9056 144.1103 132.403 161.6229 173.5956 184.2111 160.2525 176.1674 168.6978 154.9908 133.5355 126.0691 113.9277 96.1249 86.7643 78.8456 109.2698 125.4472 149.2975 149.9775 129.9456 157.0574 150.0443 110.9767 105.5627 102.6889 110.2159 173.1115 220.5583 216.687
121.7491 127.5371 91.6859 91.3635 95.9576 110.5047 111.2159 122.1914 154.8453 151.3329 199.7154 190.5272 159.3141 150.8453 203.4335 175.2015 147.6267 136.3211 153.0798 179.9134 156.8158 120.5936 105.2602 78.7439 93.7567 76.5456 91.1246 98.792 117.2175 129.5972 135.1189 135.9648 115.6592 124.0186 145.9415 136.6607 135.4004 158.6193 148.9582 146.8323 158.925 116.9705 104.6059 119.6153 84.3507 73.8548 109.0751 125.7988 146.3525 165.8884 164.4556 121.9934 83.7317 135.157 137.4496 172.1199 180.9585 178.427 113.5684 91.716
