MapLib/Lvl1_5x5/BG/Ele_BG_AF.asc
ncols         557
nrows         557
xllcorner     2784500
yllcorner     6122669.448
cellsize      1000
nodata_value  -9999.0
[rows 261 to 289 of 557, columns 396 to 461 of 557]
42.7432 41.2409 50.6174 45.7653 45.4466 50.4486 50.7072 53.715 52.0626 44.0871 48.5312 50.3707 42.0908 44.1168 57.8169 58.7272 67.0226 69.7024 64.4506 54.4882 61.9151 57.3439 59.4285 51.0747 61.8129 60.8171 75.0969 56.4313 60.1191 58.1427 54.2231 56.2571 61.2095 66.6624 70.1202 65.5997 63.2 54.0847 62.8333 56.3387 57.7873 63.8486 54.7967 60.1015 45.8431 48.5725 53.9994 40.7466 49.3396 56.2137 52.0132 56.4907 48.1008 40.617 41.6928 48.2573 50.7853 59.719 56.3469 55.1351 50.0368 52.3741 59.3109 63.7087 57.7796 61.8861
51.7323 54.1883 48.5449 41.7141 54.5349 56.7537 56.9223 54.8373 44.7792 56.007 52.4965 58.7053 59.0782 58.5258 63.9571 67.8909 66.9591 66.6307 58.8696 63.259 67.6013 62.0083 65.8374 61.8653 53.9849 61.7073 63.0487 54.9045 61.1699 54.1961 68.0725 62.8569 66.0263 71.2336 57.3031 63.82 60.8532 57.5457 60.2925 53.2426 58.392 56.9144 57.4856 59.2174 49.6759 41.4031 46.3162 46.3163 46.4993 48.2062 61.3159 46.2072 40.3281 48.1434 47.1263 58.7991 55.0394 51.1944 53.6166 54.7999 45.2103 58.1967 58.2187 66.1668 60.3101 65.0941
61.64 46.4667 47.1124 52.8708 56.3828 52.9104 57.6362 63.295 54.1814 61.7247 55.4236 50.4004 54.1081 64.0068 62.941 61.1371 73.1252 70.4727 77.2072 63.6881 59.9527 63.3554 68.9847 70.01 70.0825 64.4028 60.9355 64.4254 64.653 61.4674 68.7636 61.9933 70.7963 57.9623 62.567 55.9899 61.6714 54.2043 55.1273 53.0474 64.7424 57.8866 53.2557 48.8099 45.0453 58.6108 49.2258 61.2144 67.5753 51.5598 49.8597 51.7424 59.9085 63.6472 66.2775 57.4218 48.4473 52.9577 54.6443 52.8076 52.3221 51.6592 61.1803 66.4917 79.0519 78.4021
64.9451 58.6764 58.7099 62.1653 63.4892 59.5324 64.2523 58.0882 62.948 63.7694 63.074 63.3421 65.3025 72.496 70.1312 69.1678 65.6476 64.3635 69.7076 65.2394 67.1448 72.7292 69.4795 69.5442 65.7001 65.5952 64.2325 54.7481 69.4413 63.7795 65.1357 60.5089 61.1893 58.5535 54.6615 53.4018 56.0743 56.6187 53.1637 59.1177 60.3461 55.0084 59.4953 67.8778 52.8326 49.8993 34.0871 53.8054 52.331 59.6048 55.796 55.5294 61.0756 71.9955 67.7055 64.7067 62.1957 65.4825 56.6521 57.6511 59.6921 71.5232 68.1236 69.6588 81.9989 80.38
65.6998 68.0256 72.2363 63.0624 64.412 70.001 59.2051 64.7035 72.1469 61.0074 57.028 65.7438 72.1722 68.6051 73.1651 68.4542 67.163 70.868 67.4376 67.6659 64.6599 68.4889 76.0314 73.2993 68.6829 78.9937 70.8288 69.0754 70.5196 67.3372 63.5706 64.2252 62.2208 54.5382 58.1151 60.8179 59.4105 68.6294 62.2798 67.9926 47.3946 54.4799 51.4282 54.487 56.0893 49.7459 63.5038 76.7165 94.0224 92.6561 68.4061 61.5464 75.093 82.3666 74.3956 68.5755 73.6923 81.1475 76.2451 59.805 64.7186 61.1824 66.8084 67.8478 63.2985 64.4741
57.0249 63.2715 60.0204 64.0082 62.5991 59.9326 51.3178 63.9594 70.6531 63.5195 74.8985 69.0576 68.1066 64.5257 71.1388 71.2486 66.8925 63.6119 78.6052 81.5389 72.8805 74.1281 79.1091 86.1918 74.146 78.8444 76.2055 55.4999 65.3563 68.711 71.1926 71.2387 60.5264 68.3405 64.5119 63.0041 64.9454 63.444 57.7403 56.8975 53.0189 56.7544 52.503 56.5864 55.3422 64.6981 74.1887 98.1014 102.6956 106.2707 84.6611 90.7325 81.2647 90.0527 77.1154 77.9401 72.1126 72.7703 66.1659 69.9803 78.4203 75.1024 75.8243 72.1451 72.5659 70.2632
64.8695 59.7297 61.0024 59.1138 63.8415 68.0491 71.6403 70.1152 62.5837 65.3225 64.0441 74.4807 66.5156 66.5336 68.239 61.9561 65.2183 65.2945 71.6 70.8134 73.2025 79.2639 70.4114 70.6645 71.5799 72.9198 73.6832 62.133 66.8287 68.8479 73.6807 73.0835 69.0601 59.76 72.1542 75.5176 67.9846 73.5499 73.3774 56.4226 55.1677 64.7946 58.4582 67.8355 73.0016 76.9037 89.2906 81.6987 83.6029 77.2945 80.45 75.4477 80.3796 75.2874 70.9648 69.1829 68.8675 74.1095 76.8237 73.964 61.8022 74.8864 69.8796 71.3219 72.3873 73.4369
72.4218 74.0202 72.3033 79.3366 82.0173 68.2492 68.3787 67.308 76.3443 68.6463 68.004 65.0353 66.5611 72.3755 72.3719 58.8273 67.2992 75.5448 70.7358 76.8465 70.0363 64.8916 71.5227 69.9932 70.6827 68.6773 61.0582 72.5599 77.1839 61.4541 65.7039 63.2954 61.0709 65.1495 60.7238 73.763 71.829 68.3716 59.7742 55.8289 50.1391 51.765 60.6193 76.1998 76.0752 83.0463 75.8111 72.4262 69.4909 72.8996 78.9473 78.6737 73.9237 75.1286 79.4925 75.6866 78.4343 72.2801 68.7065 66.5245 68.7459 69.7079 73.7551 72.2029 80.752 80.7068
66.5189 63.4054 71.8522 78.0229 83.6826 78.6367 70.4385 64.0831 67.934 69.1025 69.5967 77.465 69.8233 70.9245 62.1208 61.224 57.5001 70.3267 68.1078 67.0379 81.8468 74.2934 76.5954 71.59 80.2748 61.6982 60.6232 68.8901 65.2732 74.1808 72.3177 59.2362 58.7281 65.7682 68.9411 80.7236 88.8858 77.1097 68.0536 56.2647 52.6638 62.3314 64.5509 62.882 63.297 64.5188 65.5653 74.0183 83.5913 77.1647 80.4089 79.5937 70.8974 74.2067 78.8558 74.746 77.0696 91.7535 73.814 68.4354 71.1624 76.9086 76.2919 81.3646 88.6695 87.5172
62.8498 66.2724 70.814 74.0208 75.8553 69.1029 73.8258 78.4797 73.2477 64.0933 71.3215 74.9163 71.5139 74.6385 72.5149 66.2182 65.0973 61.8298 62.5467 67.6032 72.4296 71.342 69.1102 68.8316 69.6466 70.4135 61.8573 63.49 69.7802 49.7588 66.7714 67.5407 69.1945 84.6939 68.2816 76.6439 74.4031 63.5957 62.8848 62.4053 58.3428 54.9917 56.0849 61.5196 65.5997 69.8075 75.6499 81.226 68.1184 76.2892 73.4809 73.7833 70.9917 72.5629 76.1499 79.1036 75.9308 83.3324 74.7999 74.4958 73.3357 76.9233 81.3971 84.2455 87.3256 91.1814
71.5994 70.5169 76.4863 70.6817 74.5986 68.9166 66.2066 78.2578 77.5126 80.4436 78.3222 77.6092 82.8556 77.7298 78.0378 83.8088 77.9215 77.4432 76.9749 75.7347 72.2166 77.2872 71.9547 71.8156 64.5862 70.6314 68.2255 65.1828 67.4083 58.9286 64.5505 78.8852 74.1122 75.5124 72.356 70.3828 68.0284 53.2962 56.379 50.3188 56.7748 59.9393 57.7969 75.7764 76.6985 74.6212 77.2489 73.1389 74.1336 70.536 72.324 77.7338 75.7441 77.27 78.9482 83.7552 79.6414 80.4338 75.2745 73.9935 85.9302 88.2868 83.8279 82.3082 86.1243 94.5228
73.2067 69.2596 69.6973 63.9608 79.2976 66.8028 64.1129 81.6565 66.2369 66.3382 92.8898 80.458 83.1691 86.812 71.6149 77.1726 74.0463 81.4846 74.636 70.7636 66.9471 68.035 74.9384 67.8947 67.6197 76.3094 70.403 68.9637 75.5677 73.1872 71.9986 72.7855 73.9699 68.184 75.9372 61.8463 64.4978 56.7968 52.3457 46.9813 66.369 53.5768 59.6539 74.6136 74.5229 69.4792 78.4385 72.1319 73.7878 71.9628 83.9977 84.9527 81.9747 81.5022 76.8182 82.6322 84.3035 78.7566 83.0042 85.9503 80.9406 81.8731 79.2325 86.5761 94.7145 98.3163
87.4387 77.448 67.17 77.6384 68.6244 72.0115 72.4193 67.4492 68.2924 64.7313 67.0918 66.8533 65.2622 69.7607 67.348 67.0822 65.823 79.9896 70.5516 62.9907 72.0368 76.2952 78.6914 60.3435 72.1128 69.5641 74.2463 76.5104 59.9846 75.7756 77.5385 70.3255 79.0455 69.798 64.6738 57.9464 66.3959 68.869 57.3417 57.9209 65.5504 73.2704 69.5558 74.4316 70.7283 73.8511 80.6971 77.3576 78.4372 84.1798 84.0391 82.9517 93.5955 92.8326 88.3588 89.4321 77.4468 76.8185 82.3874 86.9236 87.5705 84.1915 88.5555 93.2481 98.2634 92.4683
79.3052 81.4612 79.1592 72.6153 80.8386 74.8403 66.9115 72.806 66.3709 76.8165 71.4454 67.2454 71.3622 69.3883 70.9249 69.3931 78.714 67.2891 69.4601 59.7766 81.9862 88.0043 70.5167 70.2511 66.7394 52.1171 71.5156 82.8229 69.7361 67.3618 75.8708 66.2108 70.7264 61.9072 68.1455 62.9743 65.9628 78.0802 63.4912 58.6127 68.0099 65.3665 78.6449 82.3282 73.7219 74.2523 75.1646 79.8626 80.5351 77.9189 82.8294 74.7739 74.9747 86.2057 84.1579 84.0889 88.7255 92.8031 86.8141 86.9916 93.1464 97.9823 98.5223 100.0218 92.1283 95.938
70.3914 73.6773 71.803 75.4352 68.1485 82.5039 72.5871 66.7622 59.4623 76.0905 75.9299 74.2437 68.7607 79.6664 70.4615 62.8532 72.8221 74.5505 73.9257 84.9496 64.6423 74.0946 64.0677 74.1594 68.3887 80.6414 77.3956 61.8505 83.2499 81.5027 74.8878 60.1772 75.9307 62.5988 60.8444 65.6684 74.2543 67.4125 81.7923 63.2921 59.1105 66.8926 61.1173 84.5471 70.8615 76.0883 75.0757 80.8023 81.315 65.3037 75.5312 73.1425 69.9417 71.4563 82.6525 71.0871 80.8558 82.2548 85.447 90.753 96.5444 102.1808 106.2022 111.401 106.8494 100.1579
76.9805 74.2034 66.7323 72.2517 70.0111 68.5385 72.1009 71.8048 80.3378 71.9835 70.8212 69.7424 69.6358 63.4787 70.9488 85.1577 76.6088 65.1577 71.3031 79.4268 77.5478 71.3653 76.1605 73.0608 71.6417 73.3795 73.7284 81.2168 69.911 81.8049 65.3959 77.9494 57.9644 61.7926 66.6802 62.6219 60.661 61.9701 74.5197 87.8087 83.7061 64.8348 71.2324 73.1916 74.2185 74.6613 71.3775 68.0642 76.4931 72.7112 80.1386 79.1573 84.2129 81.7869 68.1012 73.825 90.2246 89.5632 93.3835 99.8434 101.0869 102.0584 107.5068 114.6579 112.7205 113.5237
75.1035 71.2929 73.1367 70.5878 67.3184 68.7928 71.6907 74.0844 89.0233 75.7956 68.0069 69.9095 91.4717 78.5361 70.919 81.335 61.0846 76.6345 71.9345 83.8297 73.7234 61.5498 74.2756 67.9269 65.503 64.7081 67.213 75.0619 68.0091 69.3438 77.3583 63.4143 65.7859 60.5016 51.4278 52.0919 57.6414 66.2948 49.4571 70.8834 87.2956 75.3559 76.218 70.465 65.2294 70.1589 71.8711 79.0963 72.2792 79.5585 81.4443 79.5688 76.2164 77.975 80.0409 80.7806 85.9275 85.3533 89.3679 101.4311 92.7036 103.9034 96.3947 115.2802 121.1749 122.8296
66.2879 77.6974 69.5463 74.3792 70.5502 65.9432 71.6633 70.6566 74.8466 80.9075 83.1074 60.4262 69.5089 73.5605 69.1044 75.4728 74.7259 78.1599 71.1519 66.2129 71.2153 72.9432 69.8919 75.3245 72.1364 65.5019 71.5982 81.7238 75.2806 72.2938 67.0946 66.6299 69.653 77.5155 63.5111 58.9294 66.0209 66.5802 62.9861 60.872 64.0978 67.0651 71.8661 78.4794 71.2193 68.9519 82.2081 75.478 55.4248 77.5174 78.5465 80.6419 78.2303 80.4967 85.0479 88.9462 91.3627 94.2318 100.6736 104.7109 101.0377 98.1348 94.686 99.3295 100.9621 104.3026
66.811 63.6055 62.596 80.6002 74.0918 77.0226 78.1186 83.742 69.8597 74.1449 71.3473 77.61 78.8501 74.5187 74.8614 73.4513 81.5142 67.6138 63.3532 69.8466 76.2713 78.2741 75.9563 87.1215 70.5865 62.9211 68.65 62.6969 66.5637 71.2388 63.591 69.0592 76.5434 69.4555 54.7662 55.0047 68.402 74.5704 78.7705 70.4205 88.9595 80.4424 83.9392 90.8248 75.4377 69.4667 69.2125 79.205 76.6424 59.8827 74.4089 80.9801 83.5318 82.4751 87.0643 87.2885 92.82 93.2316 93.2538 96.0631 96.4253 93.3283 98.9551 105.2837 109.2465 109.2299
70.8603 71.4877 75.6557 73.9597 73.9918 49.8483 69.6977 70.0021 66.1111 72.4381 72.2486 73.2899 68.9377 88.2514 70.0267 80.5954 96.3472 75.7084 74.5182 81.9954 80.7612 62.4983 73.3844 78.0379 65.7007 75.5378 69.3283 75.4529 80.1876 73.6118 54.5623 68.2994 66.5141 80.1736 63.2448 62.2764 52.3328 61.3606 62.1849 71.369 79.0684 67.7816 78.6826 70.0086 71.0393 68.994 71.2041 75.9286 76.7199 79.8361 74.8719 84.756 83.6465 88.8853 89.2165 89.6906 92.2291 94.4022 94.4059 93.2628 92.7483 100.2476 110.1395 107.2711 113.9738 126.0703
65.4316 69.0431 73.2961 81.6852 71.5192 49.2591 63.8353 74.556 65.9905 65.6799 66.4491 77.4496 78.5758 84.446 62.8182 81.3939 73.272 75.2235 68.6167 69.9036 69.3538 69.675 88.4925 76.5289 66.3553 68.2574 73.0128 70.764 73.2349 70.9156 75.9697 63.9374 66.4182 67.6948 63.8041 49.5795 63.9538 74.8138 60.7701 64.7851 65.294 76.4409 67.402 64.1178 66.8496 72.0584 67.275 70.323 67.4732 61.8711 73.4895 77.1082 77.3477 75.5934 80.8925 80.8217 86.5608 93.1146 88.9852 90.5041 108.8643 108.7355 105.4593 112.5667 125.7485 130.3491
71.6037 70.6559 73.0311 72.6468 80.5408 63.7119 69.677 80.6252 65.146 73.9954 82.7672 86.6583 68.3549 66.1484 66.3874 72.2523 68.2908 61.2948 64.0442 55.102 67.9181 84.4536 69.9842 70.0612 62.8224 68.1751 68.0176 66.51 68.4777 64.5918 65.9897 66.0942 73.9643 74.1062 70.3169 68.3266 72.2907 61.4852 62.4 78.12 82.8827 68.8778 67.5163 69.334 65.7894 66.9603 56.5581 66.9009 70.0414 91.2629 73.485 79.1819 81.921 83.6986 77.5867 89.4206 90.7896 92.1572 100.7804 109.5612 116.1143 109.6893 111.8262 135.8532 144.3473 145.3531
74.5417 74.033 76.5359 72.9975 77.8771 84.3274 84.1622 63.3912 70.6082 74.678 80.9455 72.4911 69.1647 69.7185 65.5431 63.6663 62.4917 62.0428 73.6168 67.732 84.5639 73.993 83.1094 74.0783 65.8985 59.9236 65.2271 57.7836 56.6933 70.9815 76.9679 77.2862 79.1876 63.3234 64.4768 57.9241 75.6236 73.6994 83.6262 63.6103 61.6967 73.715 69.0238 73.9266 66.81 74.4739 77.982 68.255 60.0048 72.8446 72.4856 80.1302 79.3003 84.6704 106.0191 107.1015 109.9455 106.2016 119.4589 111.4984 114.5855 118.573 114.3502 127.0071 124.8318 124.2301
62.905 60.9455 47.3866 66.6501 64.803 66.2809 77.9556 69.4495 66.7843 78.6413 73.2079 77.0943 66.3236 73.1618 69.1152 73.9196 61.4134 64.4066 66.9182 78.9777 64.6536 68.4634 67.2116 71.2325 66.0391 65.2584 65.7851 68.3739 63.208 69.8135 69.7888 79.8051 86.8823 67.971 72.3486 84.2233 76.089 67.3767 57.5534 64.8738 65.371 64.454 71.682 72.0263 73.378 73.7846 71.6942 75.1751 65.0358 73.3281 80.4879 90.0233 90.7478 96.3828 97.6366 107.4648 109.738 119.5043 107.3964 119.7461 116.5137 125.403 134.2045 124.0611 129.6795 127.1364
61.5838 69.8658 48.9965 62.3423 71.5477 69.3581 69.9914 75.9266 50.2884 72.2549 68.63 67.7564 72.9071 67.4751 74.9208 68.8923 82.1749 73.6425 67.0789 66.6609 69.6911 68.6413 72.3926 79.8706 65.5539 70.1533 71.4232 65.5099 66.7192 74.5742 84.1286 72.396 75.2285 78.4661 56.7282 60.8853 67.812 66.6475 72.0034 74.9036 72.6905 66.0158 72.307 77.9185 78.9049 75.9207 74.5162 80.4707 83.4023 81.6836 77.9139 79.6163 90.5185 88.6058 109.5411 113.1333 118.9178 121.7655 119.8838 110.8573 114.4072 124.2207 131.343 141.1577 141.5586 148.6474
62.0265 76.1384 59.6149 73.7948 68.2128 62.826 65.815 79.5642 64.674 70.5987 75.8008 62.1794 72.2154 68.956 73.2939 72.1447 75.5469 77.4619 74.9387 72.1665 66.6177 64.1549 64.8945 75.1294 72.0484 66.7456 68.3771 66.9877 63.5087 69.5718 79.9754 58.5467 66.8604 51.9112 59.6355 59.575 67.0828 77.9758 81.0665 77.1739 85.447 82.9271 80.3679 60.9267 79.6049 70.1199 87.1158 79.8438 88.0712 98.3247 96.3448 95.1486 104.4483 107.0075 92.3268 110.4288 118.1712 117.9671 117.73 123.8385 138.1422 137.1017 144.6328 141.2886 143.115 139.2529
65.4706 64.2429 56.8372 78.1103 73.8658 63.3742 72.3244 79.8425 82.804 62.2662 68.9502 76.3694 80.5325 69.3046 80.2196 72.858 68.3008 73.147 65.1719 62.2512 58.4795 69.72 66.6584 74.8865 64.0044 67.4245 69.7695 62.5212 61.8768 75.2984 67.1979 57.7049 53.7998 64.5346 71.1374 70.4647 67.6416 69.4687 70.8119 75.7719 75.006 79.995 64.0526 57.8483 66.249 73.8295 74.0163 83.7375 84.8592 100.645 101.5013 100.311 112.2626 111.1222 111.9344 95.2983 106.7568 119.1041 131.1984 140.106 149.8133 154.5285 142.035 148.0294 148.5034 150.278
60.5104 62.3338 57.4205 76.3498 85.6189 84.3961 78.2713 76.0913 97.7906 84.0976 67.2718 70.8886 75.0857 70.4746 67.8702 74.8781 92.7906 67.1964 64.9796 66.2314 72.0453 73.4887 73.9091 72.0287 72.5731 73.7899 68.2992 71.778 73.9351 61.4353 57.7474 58.7391 56.8303 56.5144 77.2098 75.3358 81.4929 70.2143 70.8706 77.9998 70.0411 71.2901 68.9213 68.5598 82.2766 75.758 75.7359 89.6286 95.8879 102.3491 108.906 105.891 112.4075 107.7305 107.0455 111.3541 113.6316 118.4702 125.357 146.5241 155.881 155.5917 147.467 131.7103 141.6406 147.416
64.5239 66.6969 62.0793 77.7378 66.1519 77.2012 98.0363 80.747 74.5431 71.9293 72.4078 72.2194 79.4588 67.1658 78.4857 73.7567 70.3825 70.5734 72.677 70.3999 78.8197 79.936 82.9983 73.8929 69.6427 67.6141 71.6973 58.1341 62.5617 68.5144 62.8011 67.2439 74.6026 57.5117 75.3817 67.2461 79.4224 84.3695 83.4933 80.0023 80.4463 84.3708 83.4519 80.0364 86.1293 89.8123 87.8766 82.9022 94.2476 98.7944 102.1569 102.195 104.1433 120.692 134.4924 127.1123 142.4269 140.7795 123.5627 129.4725 139.3928 143.8233 139.9292 138.52 138.5079 145.4745
