MapLib/Lvl1_5x5/BG/Ele_BG_ED.asc
ncols         557
nrows         557
xllcorner     1670500
yllcorner     3894669.448
cellsize      1000
nodata_value  -9999.0
[rows 234 to 259 of 557, columns 456 to 512 of 557]
-3253.0403 -3258.2896 -3268.8296 -3275.3496 -3263.5293 -3252.2764 -3249.0415 -3249.5339 -3255.3184 -3278.2529 -3317.0059 -3328.3689 -3325.6277 -3327.9824 -3331.1086 -3330.116 -3328.928 -3334.4634 -3333.4138 -3310.5974 -3298.0876 -3302.1233 -3299.7505 -3291.4026 -3280.8179 -3269.5364 -3265.408 -3263.8525 -3263.4636 -3265.27 -3281.1575 -3298.6069 -3319.4609 -3319.4971 -3287.5171 -3286.6655 -3312.0767 -3312.4795 -3302.1924 -3304.5098 -3307.2881 -3278.6682 -3257.4204 -3274.8071 -3296.7747 -3322.8589 -3313.3284 -3256.4077 -3251.3669 -3288.1516 -3313.1362 -3332.2991 -3330.3691 -3326.0464 -3333.5742 -3350.2314 -3383.0759
-3281.7593 -3286.4902 -3287.8237 -3285.6558 -3275.1953 -3263.1357 -3250.2053 -3255.9836 -3291.6907 -3313.8782 -3323.7764 -3324.2515 -3321.0752 -3330.0679 -3340.6072 -3335.7346 -3328.4985 -3326.3264 -3320.4253 -3299.498 -3287.0845 -3288.094 -3284.7888 -3278.0803 -3270.8606 -3262.7207 -3260.5273 -3260.3047 -3264.0486 -3269.8401 -3293.0754 -3308.905 -3304.5732 -3295.5632 -3279.6667 -3284.8135 -3306.2725 -3310.1748 -3306.4138 -3306.2517 -3305.4199 -3286.4521 -3272.7114 -3288.4553 -3306.0046 -3323.8196 -3316.8733 -3277.5674 -3272.1533 -3293.7632 -3300.9609 -3302.5051 -3313.7434 -3325.9878 -3326.3237 -3334.644 -3372.1677
-3305.1409 -3310.3447 -3303.1123 -3292.1089 -3281.9121 -3269.8552 -3252.8296 -3264.3264 -3323.9355 -3343.0757 -3326.1128 -3320.1836 -3321.4126 -3334.3337 -3348.3914 -3338.3333 -3324.0242 -3319.2256 -3310.2048 -3290.1111 -3276.8994 -3275.8525 -3271.9651 -3266.1196 -3261.3037 -3256.9509 -3257.7358 -3260.5864 -3269.5247 -3281.469 -3306.5593 -3318.4644 -3292.908 -3278.5005 -3280.4863 -3289.1074 -3303.7996 -3307.5833 -3306.6853 -3305.4937 -3303.832 -3294.4978 -3289.98 -3304.8027 -3317.0359 -3319.2822 -3312.0525 -3292.127 -3288.0195 -3296.4988 -3290.0122 -3278.1045 -3300.4167 -3326.1138 -3323.3645 -3326.6125 -3360.9077
-3302.751 -3306.6667 -3295.2937 -3279.561 -3266.0615 -3256.4614 -3255.0105 -3274.3518 -3325.7751 -3337.4058 -3312.6694 -3313.7751 -3328.8774 -3342.6338 -3349.4185 -3326.9697 -3304.3486 -3313.9131 -3315.6104 -3284.49 -3266.7527 -3270.98 -3266.9761 -3258.4475 -3254.0334 -3253.5601 -3260.2708 -3270.9546 -3292.8118 -3313.834 -3323.5737 -3326.0193 -3305.7876 -3295.7051 -3301.2598 -3307.7881 -3315.3 -3304.6216 -3284.9204 -3294.1541 -3306.7073 -3301.0757 -3299.1438 -3320.179 -3326.3118 -3298.8867 -3277.6218 -3269.1453 -3271.2122 -3282.6702 -3282.606 -3279.9182 -3300.615 -3325.3279 -3341.0513 -3351.6475 -3354.2463
-3291.7302 -3293.7307 -3280.3955 -3265.762 -3258.4487 -3257.625 -3268.0847 -3287.1711 -3319.5845 -3325.2673 -3307.1011 -3313.478 -3333.8623 -3344.2168 -3346.594 -3318.4121 -3292.2725 -3309.2949 -3315.9053 -3279.0317 -3259.948 -3266.7603 -3262.3008 -3249.1333 -3244.8413 -3245.1531 -3254.8333 -3268.0117 -3297.1724 -3324.1584 -3324.9399 -3321.1577 -3304.7993 -3298.1924 -3307.1912 -3312.7898 -3316.0603 -3298.3972 -3272.0427 -3287.1853 -3309.0291 -3307.7539 -3308.5498 -3325.8809 -3323.5496 -3280.1123 -3253.0081 -3252.23 -3262.7571 -3281.6125 -3287.5017 -3288.3252 -3307.5806 -3331.3748 -3356.1521 -3369.0308 -3347.5415
-3266.6479 -3265.7883 -3255.8494 -3250.6406 -3271.2412 -3292.0142 -3301.9849 -3306.6206 -3303.542 -3308.2688 -3319.7256 -3326.0056 -3329.5471 -3334.8752 -3336.4634 -3316.1514 -3297.3215 -3305.252 -3305.7517 -3275.8311 -3259.1924 -3263.7373 -3256.6348 -3238.4385 -3229.644 -3226.0574 -3230.7112 -3238.6055 -3262.3054 -3285.3123 -3292.2183 -3292.2773 -3273.2156 -3266.8533 -3280.0105 -3288.3418 -3291.8416 -3287.7856 -3279.5132 -3291.8616 -3307.8669 -3314.3823 -3318.2949 -3312.4639 -3297.9678 -3268.6672 -3252.2957 -3253.104 -3275.1782 -3311.873 -3315.8918 -3307.3943 -3327.1406 -3351.4529 -3363.0891 -3363.3245 -3337.2576
-3247.375 -3245.1028 -3241.3528 -3245.4397 -3274.9241 -3302.6855 -3314.7888 -3316.6238 -3301.4775 -3307.1077 -3330.8813 -3335.6099 -3331.0471 -3330.8547 -3329.4683 -3313.5203 -3298.1797 -3300.2886 -3296.4055 -3270.1746 -3254.4539 -3255.6367 -3247.5996 -3232.3923 -3223.1843 -3218.1912 -3217.0205 -3217.5027 -3240.6758 -3263.7415 -3270.5684 -3272.5359 -3259.7578 -3257.0935 -3267.9392 -3272.4849 -3270.8215 -3275.5054 -3282.2339 -3295.9907 -3311.2813 -3322.6636 -3328.1172 -3310.4622 -3289.6082 -3266.833 -3257.4121 -3265.6809 -3291.2793 -3329.5334 -3327.6968 -3311.4956 -3337.5728 -3367.1687 -3364.1987 -3355.2981 -3344.489
-3237.2566 -3233.8516 -3241.7498 -3253.2351 -3265.4585 -3279.4812 -3299.5691 -3314.2988 -3319.3589 -3326.9678 -3337.3423 -3340.3054 -3339.2813 -3334.8232 -3326.8423 -3308.7019 -3292.0356 -3292.7524 -3288.1597 -3261.1726 -3243.7002 -3239.4561 -3235.6453 -3231.7375 -3228.7329 -3225.7844 -3217.8015 -3210.2908 -3239.8037 -3269.0027 -3266.6543 -3266.1907 -3273.0095 -3277.2959 -3278.6182 -3270.5884 -3254.6956 -3261.1646 -3277.7375 -3299.3765 -3321.0618 -3332.5959 -3338.5361 -3325.856 -3306.3752 -3277.7878 -3269.8984 -3291.6707 -3310.6306 -3327.5432 -3315.2937 -3293.9399 -3333.3218 -3375.9744 -3359.4238 -3346.0044 -3376.1694
-3229.3174 -3228.3918 -3243.7307 -3260.2476 -3265.6157 -3273.9961 -3294.3271 -3314.4934 -3332.6763 -3342.7996 -3345.074 -3342.0105 -3336.4663 -3328.5986 -3318.3262 -3299.6594 -3281.8269 -3278.8989 -3271.5552 -3247.4653 -3232.356 -3231.5862 -3229.0259 -3225.1282 -3218.9106 -3212.199 -3210.9507 -3211.8989 -3231.5828 -3250.5073 -3246.9751 -3248.4258 -3264.2593 -3274.3896 -3278.0928 -3273.2273 -3261.7825 -3267.3379 -3280.7107 -3297.4446 -3314.2166 -3323.7288 -3328.3901 -3315.4424 -3296.092 -3268.2031 -3261.6841 -3283.3601 -3301.9844 -3316.7139 -3317.2468 -3312.9478 -3346.1699 -3378.3899 -3360.7964 -3349.2349 -3383.981
-3223.9084 -3226.1929 -3246.0933 -3266.6208 -3274.6104 -3282.9907 -3297.1731 -3316.1082 -3342.3826 -3354.7285 -3354.665 -3341.9106 -3324.5471 -3313.8813 -3304.7656 -3286.7585 -3268.8623 -3259.3157 -3248.2588 -3228.8945 -3220.731 -3228.4497 -3226.02 -3213.8291 -3198.0544 -3181.7061 -3197.0283 -3219.9282 -3217.2 -3213.3657 -3215.292 -3220.9412 -3238.1121 -3253.3323 -3267.9709 -3278.925 -3286.6575 -3289.6001 -3290.9392 -3291.6062 -3292.7905 -3299.6287 -3302.1289 -3284.3452 -3263.8569 -3243.4075 -3236.6877 -3249.5146 -3270.9404 -3299.7061 -3330.4934 -3360.5957 -3372.4424 -3376.1643 -3368.1155 -3362.7905 -3372.8599
-3247.0007 -3241.823 -3262.7397 -3284.916 -3289.6985 -3294.0913 -3305.7026 -3319.791 -3336.9502 -3345.3328 -3343.7407 -3328.1792 -3306.2593 -3295.3003 -3286.4551 -3269.3557 -3252.6907 -3248.4724 -3242.9031 -3228.4299 -3221.1367 -3224.6274 -3219.2373 -3207.0474 -3190.6819 -3174.8909 -3192.478 -3217.5376 -3207.1799 -3196.0605 -3207.2041 -3216.9849 -3222.3457 -3232.7708 -3251.3713 -3267.3875 -3281.7578 -3284.2671 -3282.177 -3278.5291 -3274.7251 -3279.627 -3283.1338 -3282.717 -3274.793 -3252.7988 -3247.7588 -3267.72 -3282.2832 -3292.1851 -3325.2061 -3365.0947 -3371.2488 -3367.3433 -3354.6843 -3347.0393 -3360.5105
-3280.8198 -3264.3171 -3285.1899 -3307.7915 -3306.8472 -3306.8379 -3316.3347 -3323.3943 -3325.8694 -3326.6492 -3325.8008 -3308.937 -3285.6414 -3274.4775 -3266.9143 -3251.1421 -3236.7253 -3241.5239 -3243.8389 -3235.3032 -3226.8374 -3218.9492 -3211.4229 -3201.7981 -3190.3811 -3178.5886 -3191.9282 -3211.062 -3198.9434 -3188.1523 -3208.6841 -3221.2234 -3211.7932 -3213.9895 -3233.2019 -3250.0164 -3265.1606 -3268.4827 -3267.1379 -3263.7698 -3260.2849 -3261.9202 -3268.5688 -3293.0425 -3301.647 -3275.2566 -3273.5845 -3306.3376 -3310.6423 -3290.7124 -3313.5857 -3352.2407 -3359.2322 -3355.2104 -3333.4368 -3321.0918 -3348.4236
-3284.7957 -3282.3538 -3300.2693 -3316.312 -3310.2837 -3307.0493 -3321.3459 -3326.1504 -3313.926 -3309.3313 -3310.2134 -3294.0925 -3270.2415 -3261.9939 -3259.0225 -3246.3843 -3234.5854 -3233.3867 -3233.7805 -3237.615 -3234.5503 -3221.8958 -3208.2649 -3194.0369 -3188.2993 -3188.2527 -3196.9541 -3207.5315 -3206.5823 -3205.0322 -3206.9138 -3209.2771 -3213.2148 -3221.5056 -3237.1252 -3249.0393 -3258.5486 -3264.9004 -3270.0881 -3271.2783 -3271.2449 -3275.6997 -3280.5347 -3287.6951 -3288.6631 -3275.8884 -3281.9944 -3315.262 -3328.4683 -3326.186 -3332.929 -3343.0068 -3339.0066 -3331.8477 -3324.8418 -3326.137 -3353.2932
-3286.3298 -3298.9475 -3312.8354 -3321.7969 -3312.9001 -3309.019 -3324.76 -3326.4644 -3302.0859 -3292.3728 -3295.5732 -3281.0903 -3258.083 -3252.1892 -3251.8367 -3243.9553 -3234.4236 -3225.0759 -3221.1765 -3234.9924 -3237.2146 -3221.8093 -3204.5205 -3186.7698 -3185.9565 -3194.5928 -3199.6963 -3204.0952 -3214.9827 -3223.4883 -3205.2102 -3196.8528 -3218.4253 -3235.5896 -3245.9846 -3252.5508 -3255.2808 -3263.5178 -3274.0881 -3279.833 -3285.051 -3291.592 -3294.2539 -3279.8433 -3269.7378 -3271.4795 -3286.7598 -3318.074 -3344.2903 -3365.6765 -3357.1282 -3336.4478 -3320.489 -3309.5657 -3318.8914 -3334.8499 -3359.8125
-3308.6057 -3312.2676 -3321.7131 -3330.7634 -3330.6973 -3329.0549 -3328.4829 -3316.5334 -3287.1118 -3276.6899 -3281.9529 -3273.2212 -3256.1611 -3245.2668 -3237.7075 -3232.3823 -3225.7505 -3215.0845 -3207.3003 -3210.6187 -3209.7266 -3200.9214 -3193.3708 -3186.782 -3182.137 -3180.0605 -3186.3098 -3196.095 -3209.3428 -3219.8774 -3203.5034 -3199.3042 -3229.353 -3249.2668 -3253.5601 -3255.9155 -3257.5508 -3258.217 -3259.0642 -3267.8582 -3276.5554 -3283.2551 -3286.5476 -3277.9412 -3270.9839 -3273.5486 -3291.4399 -3328.0493 -3357.3599 -3379.4514 -3367.6902 -3341.7979 -3321.2778 -3305.9985 -3312.9949 -3328.2415 -3353.2983
-3328.0891 -3318.6125 -3326.1006 -3337.374 -3346.377 -3347.5776 -3329.8252 -3306.9241 -3276.8843 -3265.2725 -3270.2207 -3266.0645 -3256.0454 -3241.2461 -3225.8564 -3220.6294 -3216.9641 -3205.4084 -3195.1628 -3189.4539 -3185.9263 -3185.3665 -3186.5957 -3189.2598 -3180.5693 -3166.936 -3176.3057 -3191.7603 -3204.1643 -3213.5664 -3202.1196 -3201.9763 -3234.8865 -3254.6338 -3255.4805 -3255.4805 -3255.8506 -3251.9902 -3245.1519 -3251.6848 -3259.9619 -3265.7651 -3270.0186 -3270.0703 -3271.5825 -3276.0728 -3293.8696 -3330.0591 -3356.842 -3377.2805 -3367.2781 -3344.958 -3324.1245 -3308.395 -3312.5007 -3323.9041 -3344.2781
-3326.0815 -3307.2063 -3319.4915 -3337.2766 -3348.4004 -3348.6567 -3325.5125 -3301.3672 -3279.2051 -3266.6501 -3262.5725 -3258.7292 -3253.9258 -3239.2903 -3222.0471 -3215.9685 -3210.5515 -3197.2488 -3186.8088 -3188.3411 -3191.5693 -3197.4607 -3197.7842 -3193.2129 -3183.3162 -3171.77 -3182.8904 -3200.2576 -3210.6934 -3217.5867 -3201.1169 -3195.5757 -3218.3853 -3235.2466 -3241.6672 -3243.9524 -3243.052 -3243.6179 -3245.1316 -3238.0613 -3230.1401 -3233.7148 -3237.749 -3244.522 -3254.8396 -3274.5112 -3291.4197 -3303.5903 -3320.772 -3342.0303 -3341.9695 -3333.01 -3322.6292 -3315.9739 -3325.3569 -3334.6055 -3333.96
-3324.8538 -3307.6306 -3319.2781 -3334.8271 -3341.467 -3338.8706 -3315.2876 -3294.1921 -3276.9795 -3262.7119 -3251.6216 -3247.2161 -3244.4187 -3230.4436 -3213.7363 -3210.6311 -3208.3596 -3190.4453 -3177.2051 -3182.9839 -3193.5728 -3210.519 -3210.5571 -3195.0188 -3185.209 -3179.8989 -3191.6133 -3208.1287 -3213.5342 -3215.5337 -3201.1997 -3194.7993 -3208.3699 -3219.8423 -3227.281 -3232.4722 -3236.6602 -3240.5105 -3244.7471 -3228.7834 -3210.5154 -3210.6082 -3213.6331 -3225.7617 -3243.6328 -3271.0403 -3291.071 -3298.7764 -3308.2739 -3318.4912 -3320.4412 -3317.8059 -3313.7192 -3313.2156 -3330.1511 -3341.6008 -3326.1777
-3331.6155 -3338.7134 -3334.9656 -3327.8386 -3318.7112 -3308.6809 -3296.0417 -3280.9702 -3260.8308 -3245.24 -3233.8589 -3225.8027 -3219.0498 -3204.436 -3191.4412 -3203.8022 -3213.9121 -3184.7881 -3161.4238 -3164.2239 -3181.2537 -3220.7275 -3222.3894 -3190.4065 -3182.6741 -3188.9839 -3199.1267 -3209.6125 -3205.886 -3200.8442 -3203.3035 -3207.9265 -3217.3359 -3220.7302 -3215.7153 -3224.9182 -3246.7671 -3249.0256 -3242.6243 -3229.2913 -3215.2441 -3210.1477 -3210.4868 -3228.1726 -3247.177 -3264.9568 -3297.3701 -3347.8752 -3356.2515 -3330.4692 -3314.2131 -3302.0457 -3291.6304 -3287.7224 -3315.1008 -3337.3364 -3323.8708
-3333.1162 -3345.2092 -3337.7451 -3323.4541 -3303.3735 -3286.9165 -3282.5657 -3274.783 -3258.9819 -3243.2549 -3227.5249 -3217.3445 -3209.4116 -3198.5828 -3189.5334 -3197.2527 -3201.8042 -3174.1033 -3150.9343 -3151.7883 -3171.7766 -3221.4529 -3225.9536 -3191.01 -3184.2954 -3193.7952 -3201.4966 -3207.7048 -3199.7739 -3192.6299 -3201.7312 -3210.625 -3218.0808 -3219.5466 -3210.3323 -3221.8955 -3250.3081 -3247.4258 -3231.062 -3225.7898 -3222.9412 -3218.7478 -3217.1853 -3227.5483 -3238.8435 -3248.3782 -3286.4058 -3362.3105 -3376.2878 -3339.6975 -3316.0183 -3297.3823 -3283.2668 -3277.1406 -3312.6091 -3343.3613 -3334.4709
-3328.3354 -3318.2314 -3322.572 -3322.969 -3298.1343 -3277.2139 -3278.0837 -3278.4775 -3276.1184 -3261.3577 -3235.5903 -3224.7324 -3221.3381 -3220.2849 -3215.7502 -3190.1917 -3163.7256 -3154.3718 -3148.49 -3149.3416 -3166.8765 -3209.9526 -3218.8872 -3198.957 -3191.9951 -3192.1399 -3196.249 -3200.4639 -3196.856 -3192.873 -3194.5737 -3198.1731 -3208.303 -3214.5876 -3213.637 -3223.9531 -3243.0007 -3231.906 -3207.4958 -3217.6282 -3234.0852 -3237.3022 -3236.313 -3222.5054 -3213.8938 -3217.4336 -3252.9636 -3328.7866 -3355.2832 -3342.7781 -3326.6362 -3308.7563 -3293.3057 -3287.5425 -3328.1399 -3364.7441 -3362.5347
-3325.0107 -3313.2903 -3314.9883 -3314.261 -3296.5457 -3280.4663 -3277.4346 -3273.905 -3269.093 -3253.6323 -3228.2483 -3217.9055 -3216.168 -3212.2122 -3204.1318 -3176.585 -3151.4753 -3156.0994 -3159.1484 -3151.1208 -3160.689 -3196.5222 -3204.8372 -3189.0906 -3181.8813 -3179.9409 -3188.4165 -3199.3577 -3202.2837 -3203.5249 -3198.0605 -3197.6331 -3209.8018 -3217.4563 -3217.9282 -3220.6111 -3223.6477 -3211.1511 -3191.7727 -3200.3083 -3214.4319 -3221.062 -3222.7795 -3208.6279 -3205.7771 -3227.3809 -3264.8408 -3321.0042 -3340.2051 -3330.0547 -3312.1062 -3291.1023 -3289.7212 -3298.2266 -3334.9021 -3364.2893 -3355.4236
-3322.9541 -3323.511 -3311.8826 -3299.365 -3296.5134 -3291.6467 -3278.2729 -3263.0752 -3244.9026 -3227.051 -3209.6123 -3202.2156 -3198.2209 -3183.1392 -3165.9595 -3158.0208 -3156.9111 -3172.0317 -3178.5989 -3156.8291 -3154.5088 -3181.9995 -3185.4473 -3167.0872 -3160.0569 -3160.1475 -3179.1355 -3202.8201 -3213.9141 -3221.2732 -3209.8262 -3205.0825 -3219.0862 -3226.1404 -3223.4565 -3212.3613 -3195.0029 -3186.8713 -3182.5288 -3178.3369 -3174.6177 -3180.2612 -3186.1418 -3189.7112 -3210.1157 -3266.5652 -3308.8647 -3331.2014 -3328.585 -3305.8796 -3279.1929 -3253.124 -3275.8909 -3309.9553 -3335.5603 -3346.8403 -3322.7549
-3310.595 -3312.1064 -3298.5613 -3286.3376 -3286.8931 -3285.0244 -3271.6948 -3257.1045 -3240.1379 -3226.5776 -3216.562 -3207.8225 -3199.8391 -3181.927 -3162.4221 -3156.439 -3155.74 -3167.3867 -3175.478 -3169.5347 -3169.0381 -3177.0989 -3177.8091 -3172.7961 -3170.0549 -3169.7063 -3183.2263 -3200.5266 -3209.0608 -3214.5283 -3205.4099 -3200.9741 -3211.0098 -3215.8569 -3212.5864 -3201.1045 -3182.7773 -3182.238 -3189.354 -3182.3152 -3172.7886 -3179.071 -3185.9001 -3190.2935 -3210.4224 -3263.4575 -3298.9695 -3309.6335 -3308.2598 -3297.1353 -3276.6626 -3254.126 -3272.0249 -3298.718 -3323.1113 -3335.7634 -3316.7622
-3294.4617 -3290.6147 -3281.4148 -3273.2883 -3271.5991 -3269.5291 -3261.3767 -3252.3865 -3242.5808 -3236.3398 -3233.2214 -3222.864 -3208.7458 -3191.9292 -3174.7744 -3162.1108 -3152.9272 -3155.7864 -3163.9668 -3184.8638 -3191.853 -3176.5066 -3176.5623 -3189.1157 -3191.2063 -3188.6157 -3190.4819 -3193.959 -3197.2231 -3198.9194 -3194.2742 -3192.1143 -3197.0334 -3199.0718 -3196.3345 -3189.0757 -3178.7449 -3186.95 -3203.0918 -3197.321 -3188.0498 -3194.0891 -3200.083 -3200.781 -3212.502 -3246.6252 -3270.4653 -3279.4846 -3286.4292 -3292.1548 -3284.0471 -3270.5828 -3271.1584 -3278.6643 -3304.46 -3325.9521 -3321.4338
-3275.7432 -3266.9526 -3262.2866 -3257.979 -3253.501 -3249.4907 -3246.6714 -3241.3079 -3231.5249 -3232.5449 -3241.7942 -3228.7693 -3205.606 -3195.1355 -3187.9238 -3173.6379 -3159.897 -3160.3865 -3169.1782 -3198.5842 -3207.4963 -3182.5532 -3177.3267 -3188.5796 -3188.3665 -3181.4465 -3181.5723 -3184.7993 -3191.9539 -3197.6206 -3191.991 -3189.9307 -3198.0496 -3200.9448 -3194.7932 -3188.2607 -3183.2429 -3194.0776 -3212.0801 -3208.5498 -3200.5608 -3195.8113 -3196.21 -3216.9231 -3240.9014 -3267.104 -3282.3877 -3283.3855 -3278.9211 -3269.3821 -3267.7148 -3269.9766 -3267.5964 -3268.3315 -3288.1221 -3308.8892 -3319.6426
