MapLib/Lvl1_5x5/BG/Ele_BG_DE.asc
ncols         557
nrows         557
xllcorner     2227500
yllcorner     4451669.448
cellsize      1000
nodata_value  -9999.0
[rows 364 to 391 of 557, columns 63 to 125 of 557]
1156.7953 1090.8197 1079.3514 1113.5938 1189.6631 1178.7213 994.442 1146.7133 1181.8385 1018.6358 994.5881 1119.8286 1326.9932 1405.1119 1460.3134 1468.9152 1275.8849 1335.099 1448.6281 1679.2319 1546.3014 1333.9736 1245.3563 1293.5752 1287.0543 1263.1774 1254.431 1072.4081 1050.6913 919.2001 850.8316 801.1954 778.6842 743.0289 722.3697 744.1178 728.0862 837.6365 807.3458 650.4675 736.1202 800.9949 949.3327 885.9031 806.4025 795.8795 936.6763 969.2748 1108.5916 1337.3354 1571.7382 1752.2738 1629.2092 1503.71 1386.3145 1242.6989 1113.6826 989.833 869.579 908.9615 809.8896 707.9445 799.6064
1291.5211 1334.2267 1288.3917 1216.8971 1142.1813 1188.5909 1163.1627 1005.7564 1001.652 1138.7424 1288.6853 1129.5322 1040.1711 1085.3568 1128.9714 1157.937 1191.2809 1400.132 1583.9716 1569.78 1369.127 1239.9692 1239.0109 1250.0388 1252.3525 1288.5837 1337.6876 1237.7473 1259.1779 1022.6415 938.5966 950.9694 776.0413 837.0776 815.3044 818.2717 789.9206 702.2664 818.3801 706.6401 707.9512 820.6594 757.6782 736.4785 741.2538 754.2609 837.0311 1118.2529 1228.3632 1279.6606 1337.2126 1617.8726 1429.3538 1275.5848 1176.0796 1091.6085 1004.8266 1108.7245 1173.1158 1191.198 1026.3081 881.4687 715.6402
1633.7292 1647.5693 1611.2091 1509.6467 1486.8325 1484.1296 1451.5333 1111.3999 1108.3018 1368.2904 1578.1754 1440.9399 1288.9805 1447.1563 1431.5079 1409.5646 1396.1692 1286.2399 1360.8422 1344.4969 1244.6929 1239 1239 1239 1243.377 1346.6483 1442.834 1469.5774 1393.8381 1090.4301 938.8009 884.9594 1060.9976 1170.2574 1207.7256 1171.5988 1045.7245 909.6174 853.4964 870.3995 768.8381 702.3747 732.605 882.8683 928.8311 939.591 916.9429 871.3251 949.3841 1176.9884 1446.49 1658.6888 1584.6364 1441.3492 1362.1027 1215.8862 1194.7925 1380.649 1407.3981 1321.1393 1132.2362 889.2006 674.2352
1516.9502 1593.0511 1713.4137 1729.9515 1784.9545 1693.9174 1415.9706 1049.442 1203.7245 1440.6917 1615.4592 1567.3158 1495.1637 1420.928 1582.2827 1565.3146 1465.7777 1458.2786 1340.2909 1239.8021 1239 1241.2239 1261.9741 1270.3375 1304.9626 1314.5348 1407.804 1573.7289 1455.1869 1248.0028 946.4209 952.348 1103.7881 1207.48 1240.4163 1217.0165 1205.463 1155.1355 1056.0863 1000.4035 971.6356 878.8034 755.0088 931.1747 1041.943 1129.1104 1153.1187 1135.1678 1010.653 1095.2501 1306.116 1372.5065 1510.3052 1560.3456 1450.9208 1372.9675 1250.0026 1205.9777 1103.8945 1124.0889 1106.9645 884.0096 674.7291
1165.3306 1280.1974 1444.6387 1450.1659 1566.5813 1524.3475 1291.5685 989.4063 1014.8508 1246.754 1580.3864 1636.353 1589.835 1408.5968 1466.2374 1594.2802 1541.4971 1361.3944 1240.3601 1239.4806 1265.7979 1245.2422 1364.5106 1406.6848 1488.9814 1467.2321 1381.8777 1553.3416 1551.9432 1358.4938 1076.9893 1049.7764 1191.7849 1365.3285 1301.2974 1354.4862 1412.5938 1431.1095 1264.3062 1258.8396 1231.1757 967.7259 810.9633 797.0915 868.65 970.5684 1121.9835 1287.9926 1189.4963 1100.7677 1207.1909 1320.6265 1583.2906 1665.8893 1513.3612 1332.9263 1173.734 1037.1678 1017.0038 922.0112 880.1005 814.1039 687.8367
1036.7893 955.0756 1041.6837 1135.6754 1280.0836 1295.2732 1196.6561 929.6071 1212.4996 1419.5289 1608.8475 1715.6105 1635.3458 1477.7185 1559.4655 1655.7 1473.7755 1258.3722 1239.4213 1312.54 1467.2725 1377.8387 1329.8362 1525.0657 1641.7356 1601.7988 1451.1746 1557.1517 1589.1526 1458.7589 1199.0547 1209.7622 1314.5385 1347.2568 1352.3616 1424.7618 1459.8967 1458.9441 1330.426 1345.8461 1208.3513 1104.2023 1069.2765 1122.3958 932.0378 925.1707 1027.8043 1129.7197 1305.696 1375.9612 1429.5066 1511.1077 1611.1786 1735.3135 1569.859 1417.7573 1308.1721 1259.146 1182.9435 1029.9624 926.1252 754.306 746.1001
1151.6929 1014.96 796.1921 970.3388 877.0071 901.1415 903.905 1076.3267 1560.7305 1709.3907 1899.4877 1832.3004 1750.9757 1528.9003 1489.5557 1548.3599 1351.8921 1265.5673 1274.8412 1393.4186 1569.8281 1571.5302 1515.928 1596.6472 1753.7922 1669.611 1697.2428 1594.793 1578.9314 1398.2701 1150.4065 1257.8188 1209.5569 1279.4255 1243.1277 1395.7848 1426.4915 1422.9338 1369.8872 1291.7076 1215.6018 1298.205 1167.1545 1302.7251 1146.0833 1065.5465 1018.085 1168.0116 1251.6362 1376.1591 1552.608 1784.175 1884.2605 1879.951 1733.9312 1552.9515 1347.2622 1214.2168 1072.6782 1102.7823 1129.0924 1066.7634 925.6594
1312.3833 1068.85 795.8519 1176.8854 1297.681 1424.3988 1232.7749 1293.5748 1469.2858 1755.9965 1922.5098 1882.9551 1734.9833 1632.9714 1497.2494 1503.1335 1340.6614 1268.4288 1402.3014 1387.7278 1554.4838 1630.3934 1633.2191 1726.6919 1771.4951 1836.7562 1757.7853 1715.798 1576.1425 1419.0602 1179.1935 1032.1187 1045.1179 1081.069 1077.9718 1277.6377 1393.6538 1362.3297 1296.9789 1212.8873 1210.5321 1192.7838 1263.3483 1448.7717 1329.9211 1182.1873 1227.103 1272.3068 1246.5416 1299.5288 1421.4436 1549.3057 1816.3469 1913.6836 1729.8422 1485.0828 1315.1517 1265.5815 1306.6133 1317.1588 1121.4307 986.8154 790.8705
1094.3037 926.3177 788.8307 1203.4631 1624.2773 1911.8673 1633.5557 1580.0013 1694.9484 1867.0721 1924.296 1780.3374 1740.3666 1707.7045 1661.5988 1676.3373 1547.3616 1357.3258 1333.8306 1422.5118 1624.7343 1642.5867 1668.2511 1792.7985 1910.8999 1829.5574 1808.8484 1675.9749 1488.3214 1273.4714 1188.5723 1040.3585 965.3491 982.7874 952.1732 1108.6141 1266.1868 1272.4281 1198.476 1144.3142 1109.6847 1153.5563 1357.3719 1409.8953 1345.9807 1324.923 1351.5354 1202.9296 1151.4994 1063.2992 1198.0326 1418.849 1679.2046 1603.7604 1727.1095 1649.4806 1539.9274 1522.7495 1502.0385 1349.3206 1235.1266 1152.6096 1021.1475
1412.981 1170.2369 843.0936 1002.2888 1573.2981 2009.9309 1941.2975 1872.1638 1903.8164 1955.8999 1901.6694 1714.8951 1698.3185 1731.7971 1711.6183 1687.6404 1657.9802 1618.4122 1454.6534 1534.9291 1639.9276 1740.7244 1844.7777 1878.3374 1799.5569 1689.7644 1681.7322 1721.7968 1591.9545 1406.8374 1206.2322 1048.3843 1108.9941 1210.7351 1028.5216 907.9728 909.8303 933.0341 921.8829 1047.1805 1096.406 1220.8568 1268.5443 1279.2115 1255.6871 1222.1758 1063.6396 929.3717 901.6287 923.9655 1101.1438 1347.4202 1384.9376 1331.0753 1403.7152 1649.9557 1625.4735 1728.1934 1644.5314 1611.8617 1436.0701 1276.3585 1078.8151
1316.5533 1023.2372 897.0162 811.7025 1356.5021 1877.1433 1904.1458 1949.2401 1973.7985 1981.2618 1841.1377 1683.031 1703.1359 1842.6321 1763.2472 1687.431 1703.2058 1671.6605 1663.0767 1663.6345 1736.1913 1787.0771 1939.9218 1903.2324 1775.9348 1763.4921 1629.7899 1514.0383 1475.4177 1359.1123 1232.6416 1243.2161 1278.8645 1264.2682 1064.0448 976.6019 971.3243 840.3845 819.2162 860.7698 948.2993 1047.1031 1000.0665 978.902 941.3204 966.0278 909.8886 817.2946 822.5639 890.2963 1072.3804 1038.9496 1093.3284 1090.8296 1212.2561 1276.0992 1270.5143 1492.5377 1710.9598 1560.1597 1271.1342 1066.2036 936.3691
1125.8097 947.3801 834.4003 762.3068 1211.4263 1541.2976 1496.1421 1826.1504 2096.2456 2004.3401 1863.5531 1625.696 1608.2971 1758.6201 1753.7319 1695.2181 1683.6876 1688.7319 1698.4218 1676.0013 1721.5387 1781.6094 1834.3817 1881.4956 1816.9336 1870.6311 1740.9489 1634.6709 1469.4437 1392.0953 1410.272 1448.0054 1463.8666 1306.6932 1186.6854 1233.9244 1090.2808 930.8668 906.017 757.4077 777.5779 839.8939 831.5685 833.1609 837.0161 830.6584 763.053 747.972 758.6807 818.1918 821.5176 803.0506 819.9698 854.397 907.321 995.2789 1204.1559 1429.2316 1637.7185 1465.5237 1241.5179 1188.5996 1045.3875
1129.6619 1035.8099 820.0551 756.6758 993.3733 1159.3774 1656.5964 1857.3456 1834.4021 1848.254 1857.691 1560.3939 1643.457 1655.9723 1832.3613 1792.2799 1737.1443 1733.5721 1708.8483 1714.0352 1705.2123 1722.5978 1752.6113 1756.3733 1777.9053 1767.2618 1594.8499 1445.2751 1446.9984 1462.8348 1323.0953 1337.8824 1235.4772 1059.313 973.9244 985.6226 959.6047 997.8355 963.8134 866.6641 728.6985 764.6967 793.3375 759.5084 839.106 838.3783 737.5121 703.9657 712.9249 727.0477 750.3923 749.8442 880.6191 1025.9185 1182.9807 1019.7162 1138.1277 1379.6964 1572.8859 1434.1862 1257.8937 1043.0315 1005.1949
1296.5919 1031.6547 867.2167 696.6006 897.7523 1331.9285 1632.9099 1758.964 1765.4385 1849.3755 1748.0541 1566.5587 1540.9471 1657.8069 1717.6558 1643.4308 1763.4436 1617.0758 1646.6969 1778.2667 1722.9641 1740.8999 1802.7499 1799.4209 1848.7141 1742.4147 1627.257 1661.7874 1598.921 1568.6111 1411.1053 1417.6191 1377.6576 1323.1603 1185.6885 1086.8013 900.7721 862.8167 970.2354 844.8625 749.8519 733.0151 757.1393 722.118 782.3915 884.579 784.483 703.9883 693.134 713.498 716.1924 785.9879 904.499 1196.9689 1434.6383 1357.5979 1295.5265 1288.1761 1497.2118 1359.6403 1184.3036 1256.6329 1242.8256
1325.5952 1274.9312 1171.8253 860.6472 728.1719 971.6047 1213.868 1440.7295 1393.1105 1475.9615 1530.3843 1597.7979 1715.611 1815.319 1637.2391 1638.6586 1697.4474 1587.2755 1920.0865 1926.9004 1799.0916 1922.4282 1869.0867 1840.4312 1854.5273 1854.3676 1773.5845 1795.0562 1677.5968 1625.4354 1548.5171 1632.0939 1595.4485 1511.7748 1386.5436 1219.4709 1015.6346 854.5804 932.0773 881.687 757.0184 715.9149 701.9927 710.6793 786.1541 876.1302 769.9325 699.5186 676.1899 688.7919 773.2502 884.175 1011.5987 1159.9713 1370.718 1639.9288 1575.5535 1578.8513 1629.6033 1587.8013 1536.0983 1411.4425 1176.8585
1666.3145 1477.8279 1307.7627 1002.4367 753.7839 667.0674 847.5333 1098.0419 1452.3467 1630.3826 1591.5758 1544.8444 1604.1418 1569.0109 1588.8639 1576.3763 1384.0122 1652.9344 1905.7183 1921.3754 1930.7854 1892.8909 1906.7377 1872.8705 1804.3158 1823.4211 1791.4391 1801.2701 1661.7056 1704.6322 1671.2347 1714.7645 1639.8608 1442.79 1234.8755 1088.7089 1003.3555 821.4239 908.6663 874.33 729.3969 697.2749 706.0585 812.3024 905.3533 839.1976 800.3589 700.0543 668.8365 690.1566 727.5525 796.0101 927.5231 1145.8291 1438.057 1615.0856 1606.2882 1675.7886 1793.478 1628.5632 1372.4363 1204.6876 1034.9156
1558.5083 1239.0314 999.0375 810.3034 680.0629 887.2266 970.7256 1272.1713 1498.9456 1640.2621 1505.8766 1330.4822 1409.9606 1424.4105 1355.1193 1162.2814 1275.0282 1718.7325 1754.3665 1738.7963 1852.7203 1798.2426 1785.5454 1739.0806 1812.4022 1821.0511 1778.9679 1620.2146 1696.2137 1498.6735 1583.7164 1649.9575 1588.678 1423.9044 1281.3846 1139.3505 993.2441 819.2013 751.0055 708.335 687.8428 689.7584 705.6805 721.8392 786.7923 769.2318 689.7755 665.814 660.9628 687.8121 772.6257 810.0826 899.4602 1148.3281 1455.7946 1313.6825 1207.3706 1504.6553 1667.7627 1499.4727 1312.7037 1189.8795 1219.7037
1760.2285 1553.301 1249.9442 960.3964 716.8711 831.3272 1187.8903 1310.0883 1467.3151 1552.5919 1505.587 1396.564 1200.2668 998.506 1060.7534 1026.7839 1189.6516 1197.089 1153.967 1248.1432 1501.8368 1775.5126 1714.5547 1713.2544 1814.3481 1856.9116 1856.7063 1735.026 1654.9014 1489.1743 1430.1451 1621.5647 1532.4918 1340.0768 1144.4993 1003.5192 930.6351 890.7112 857.6766 779.499 788.619 733.0055 662.3069 652.3315 676.6485 700.2349 636.674 647.4009 671.1719 672.7404 777.5402 1019.6644 1161.8827 1211.7357 1052.3146 1036.8229 1228.226 1496.6605 1704.9581 1740.4111 1584.8923 1322.0476 1111.4355
1450.8329 1369.36 1193.6667 944.122 691.473 943.6025 1242.082 1252.3669 1468.0824 1504.4226 1343.8058 1117.3085 960.6248 1157.8043 1194.6141 1161.8864 1152.5443 1182.8577 1315.1393 1670.1637 1728.7141 1640.3378 1663.8955 1741.2579 1816.2471 1992.0448 1960.8016 1911.7527 1825.4484 1488.5602 1306.276 1413.5514 1570.9891 1478.6067 1361.6299 1209.3773 1043.6855 1019.8992 983.7652 862.2652 778.1848 761.1011 686.813 635.3746 644.5893 640.8122 641.5408 640.4141 644.5258 661.2772 727.8958 824.5508 922.7448 1068.2916 895.36 1075.9244 1224.6748 1433.5486 1687.0366 1611.4773 1595.1188 1493.8751 1428.8334
1006.8361 937.434 769.905 673.2971 680.9644 922.7502 1097.3793 1336.3434 1422.5604 1288.1328 1172.2939 1004.7667 998.1566 1362.175 1366.2972 1399.5669 1437.3843 1531.4812 1541.8379 1676.365 1771.9551 1743.4053 1806.7531 1830.381 1910.0728 1932.642 1978.5598 1859.3041 1864.4725 1619.2998 1158.3033 1247.7224 1412.6649 1472.6609 1450.5483 1331.5529 1251.1538 1081.0083 1093.5052 951.0949 848.4078 709.8043 663.8083 630.0051 630.7174 625.891 635.375 630.623 653.2064 710.4995 787.9132 841.2838 918.7771 994.9521 795.1445 982.8538 1165.3813 1359.3804 1329.0699 1286.166 1424.7806 1645.2946 1504.8094
680.8186 619.9612 778.8865 946.4786 986.1027 813.9979 754.8258 907.0959 965.8583 886.2661 955.8285 1120.0304 1253.5908 1343.9211 1305.8494 1347.9337 1372.9031 1558.6897 1627.0911 1736.4177 1766.7983 1769.0433 1779.86 1875.0238 1984.5344 1937.1962 2006.347 1875.3717 1837.0173 1548.9637 1222.6021 1165.15 1344.6194 1432.903 1463.892 1378.3478 1091.2468 938.849 925.4721 876.2471 750.9009 688.2674 639.8425 625.0792 621.4875 621.361 631.1722 664.5126 719.0602 833.2773 951.5401 1016.4372 1105.1833 963.2884 796.6736 798.8567 934.4543 979.5594 1030.9247 1011.1254 1185.2001 1529.5638 1737.3162
660.9111 858.8397 1134.533 1367.0144 1193.8986 1033.3374 902.4128 923.2275 846.9775 1003.3226 1202.7905 1408.5233 1395.7502 1340.9257 1399.8491 1501.3958 1445.8123 1541.9373 1561.2639 1648.1838 1645.0735 1596.9989 1569.4633 1733.1549 1745.9028 1899.5601 1933.3232 1867.7694 1866.8156 1650.3167 1397.2549 1059.504 1264.9526 1157.7118 1316.7269 1229.871 1005.3274 890.3563 821.879 753.2111 674.9699 650.1021 629.6183 616.6781 619.8867 656.7863 755.3994 837.9255 768.7067 875.9243 1069.3868 1183.0583 1060.8914 878.2909 758.1739 747.037 876.5321 894.1608 1014.1874 1119.4485 1393.1724 1652.5533 1584.9998
797.2231 1074.415 1326.0577 1600.7162 1505.224 1173.4924 1157.616 1264.4882 1136.5431 1041.7964 946.4135 1103.0575 1155.7759 1465.4238 1525.7478 1497.8682 1479.6139 1614.0238 1626.2118 1620.9436 1483.4022 1430.5861 1486.0488 1626.698 1609.2733 1661.502 1750.9623 1793.7926 1848.0281 1605.2854 1254.646 995.2321 1073.4437 1004.6719 1187.007 1271.2384 1163.0609 1015.4261 952.2233 829.2803 722.0093 638.0421 626.8881 618.5673 733.4781 817.7268 923.4303 1039.5808 976.2878 1014.4376 1136.1759 1044.6409 899.5655 828.0042 744.7108 804.5454 1000.5464 1134.4222 1246.5156 1386.2782 1523.307 1421.2411 1295.9685
922.4255 1002.9615 1174.2609 1559.7782 1729.5394 1468.4817 1548.8187 1485.0565 1342.7903 1375.6915 1298.412 1171.6006 1038.4175 1268.9033 1443.0718 1379.9053 1511.8043 1578.4574 1432.3363 1449.1583 1475.6362 1475.7273 1408.9521 1369.6971 1385.7499 1586.5543 1564.375 1389.1348 1452.0159 1585.8174 1575.2311 1241.985 1027.401 858.0732 855.6089 1008.7909 1151.9196 1066.9672 973.2228 919.4562 778.7136 636.8124 613.7811 647.2804 781.0184 945.3296 1162.7639 1108.1069 1111.2112 1047.7852 967.0715 868.5447 813.257 715.4263 671.5872 795.1831 1042.0551 1280.0201 1480.2968 1450.8639 1238.0568 1360.8842 1293.7769
1377.1421 1502.8672 1639.8127 1747.7405 1879.6349 1716.6583 1857.5811 1703.9891 1628.1379 1606.0543 1444.4436 1281.3077 1114.1503 1211.776 1277.4651 1337.2534 1565.9375 1633.2155 1559.3617 1382.5199 1524.9336 1342.21 1206.5846 1223.2306 1450.4043 1519.4449 1520.62 1346.2538 1157.4802 1323.6809 1564.2422 1412.6102 1225.0129 1071.6753 866.1643 808.3542 972.8758 1043.5007 973.2332 793.5546 673.445 624.7122 607.2651 649.1475 835.617 927.4513 1011.6218 903.6854 971.7974 900.4221 817.0702 722.7802 685.7863 653.9383 687.7592 770.6479 898.7871 1098.9626 1206.4214 1236.7277 964.668 943.7198 1014.36
1310.9669 1477.3809 1620.916 1749.8595 2020.3149 1972.6539 1984.2964 1899.384 1950.4215 1750.8357 1465.3834 1272.5916 1370.5946 1552.4923 1670.4357 1580.6346 1435.6208 1542.2853 1582.8284 1443.391 1319.1378 1264.8395 1116.8257 1256.7467 1322.533 1244.1084 1085.9323 1208.1855 1001.7161 1158.4648 1304.4763 1322.2437 1325.4426 1224.0822 1013.1227 766.1756 858.1105 971.5114 832.7717 732.3783 634.3758 615.696 601.131 598.8988 598.523 705.9005 745.0625 888.6139 1010.3181 1089.377 860.2313 692.0294 628.3319 658.5042 912.3274 950.2962 838.6404 822.5604 877.0894 884.5361 904.7074 690.9914 643.7234
1058.5286 1185.4869 1383.0192 1606.1256 1841.0839 2073.6931 1961.6255 1895.5332 1872.639 1751.4629 1534.8346 1552.3628 1738.0835 1843.0601 1750.7062 1707.84 1676.0479 1619.0978 1540.1108 1576.9843 1462.7262 1387.8434 1267.0654 1010.065 989.8018 942.8075 909.994 892.9272 826.0496 998.9252 916.2265 1056.9087 949.9764 1025.7694 896.9194 731.5825 792.9304 761.4347 673.9785 629.7051 625.5108 638.3019 651.5975 600.829 596.8595 594.8779 640.0037 913.5527 1124.8682 973.9888 735.4619 644.3009 604.5378 649.3802 779.5195 889.3231 669.623 642.3618 654.984 620.0237 621.7642 574.8167 662.9568
1023.8416 1208.8724 1418.4087 1644.166 1822.692 1901.1814 1778.1299 1839.2915 1844.8938 1739.8457 1593.736 1597.5869 1796.8496 1911.5096 1805.5857 1693.2495 1566.8009 1554.9554 1499.8778 1620.7974 1356.5415 1208.2479 1173.4795 948.3394 932.5511 908.1317 804.3627 840.5655 882.7752 795.7897 805.4286 766.5425 711.6927 741.4103 677.5212 761.2641 688.4391 667.3607 723.687 717.8429 699.822 754.4093 816.9367 693.3486 612.3007 595.7027 590.2632 650.6392 809.5755 778.2905 623.2079 589.5647 587.4703 602.3395 608.5121 655.9565 620.7286 574.1901 572.1508 574.1869 594.1041 709.8448 966.0613
