MapLib/Lvl1_5x5/BG/Ele_BG_FD.asc
ncols         557
nrows         557
xllcorner     1670500
yllcorner     3337669.448
cellsize      1000
nodata_value  -9999.0
[rows 0 to 25 of 557, columns 406 to 463 of 557]
-3803.8811 -3781.437 -3786.6458 -3796.0093 -3806.2244 -3814.0854 -3817.6145 -3821.6594 -3827.0579 -3836.5278 -3847.6108 -3853.2803 -3856.2378 -3861.8057 -3868.2346 -3873.4358 -3877.3274 -3873.8855 -3873.3337 -3876.1313 -3882.8972 -3892.7041 -3898.9963 -3902.2126 -3910.6272 -3921.2632 -3919.0244 -3914.8501 -3917.1384 -3918.4844 -3920.5359 -3919.8401 -3915.675 -3913.4595 -3912.8027 -3903.7312 -3890.1907 -3874.7471 -3859.478 -3854.8188 -3846.1777 -3806.9622 -3776.0413 -3772.3135 -3754.835 -3711.4067 -3681.03 -3663.8467 -3644.5225 -3624.3911 -3616.6199 -3614.5427 -3625.7876 -3632.7209 -3615.5742 -3594.4705 -3572.9568 -3552.8494
-3779.4673 -3757.8318 -3767.8618 -3783.1348 -3797.1824 -3807.6196 -3812.4695 -3819.0044 -3827.0579 -3836.5278 -3846.4861 -3850.145 -3851.332 -3861.5359 -3871.9644 -3871.6108 -3870.2952 -3870.1716 -3870.7664 -3870.3022 -3870.5698 -3871.238 -3876.5911 -3885.4927 -3895.7476 -3905.6213 -3910.2783 -3914.0061 -3914.1296 -3913.8523 -3912.3896 -3909.5859 -3903.8313 -3898.9932 -3894.2864 -3887.9136 -3880.2888 -3874.7178 -3869.4028 -3867.4177 -3859.2598 -3820.0442 -3789.1233 -3785.3955 -3772.8643 -3741.7905 -3718.7485 -3703.0637 -3677.0281 -3646.1069 -3624.9656 -3610.5034 -3619.9653 -3631.5139 -3632.2544 -3626.3164 -3609.7563 -3589.0669
-3763.5906 -3743.9846 -3756.384 -3773.6936 -3786.7344 -3796.4226 -3800.8279 -3809.686 -3824.4099 -3836.1658 -3845.5686 -3847.0095 -3846.6765 -3859.0945 -3872.0625 -3869.0005 -3865.4292 -3865.9629 -3866.1174 -3864.2021 -3860.3733 -3856.0515 -3861.228 -3873.104 -3883.4524 -3893.627 -3902.7483 -3911.2395 -3910.321 -3908.6169 -3905.3464 -3900.4827 -3892.4668 -3884.6172 -3877.4409 -3873.4978 -3872.4097 -3873.3147 -3874.4016 -3873.8806 -3866.7559 -3829.7402 -3801.2095 -3798.4775 -3790.1624 -3769.5093 -3750.9138 -3736.543 -3705.356 -3665.48 -3634.8796 -3611.4165 -3616.2878 -3627.8767 -3638.3352 -3642.4609 -3632.0129 -3614.5024
-3762.7908 -3749.7603 -3758.9512 -3769.5554 -3772.2097 -3773.356 -3774.6726 -3789.0349 -3818.5725 -3835.8811 -3844.6514 -3844.7915 -3842.0549 -3852.7231 -3864.8215 -3865.0461 -3863.5813 -3859.6733 -3856.5371 -3856.0254 -3855.344 -3855.27 -3860.3494 -3868.8369 -3878.1328 -3887.2808 -3897.0923 -3906.1548 -3905.4153 -3903.7112 -3900.4407 -3894.4375 -3882.9258 -3873.1497 -3865.9021 -3865.0256 -3867.1355 -3869.3936 -3871.5408 -3869.7683 -3862.1111 -3832.8743 -3811.1611 -3811.658 -3805.8564 -3788.5681 -3771.8259 -3755.3201 -3722.5981 -3681.7393 -3649.157 -3622.0747 -3617.1868 -3618.4685 -3621.4263 -3623.5293 -3623.3296 -3619.5786
-3754.9751 -3747.6238 -3752.5964 -3757.845 -3754.7058 -3753.0435 -3756.374 -3776.0652 -3815.3645 -3835.344 -3842.782 -3839.3027 -3832.8997 -3844.1594 -3858.9846 -3860.8899 -3860.0571 -3851.5535 -3846.7932 -3848.6787 -3850.144 -3850.8948 -3854.6394 -3860.52 -3869.2427 -3879.0542 -3889.2363 -3899.7468 -3900.5095 -3899.8816 -3893.8958 -3885.7256 -3872.9131 -3864.0183 -3857.835 -3857.8364 -3860.5793 -3863.6433 -3866.6675 -3865.1003 -3858.5825 -3832.7639 -3813.6785 -3813.9666 -3811.7578 -3801.2134 -3787.1724 -3769.9817 -3738.0955 -3697.3577 -3666.9573 -3642.1091 -3632.2556 -3626.0938 -3619.6968 -3615.8562 -3616.4265 -3616.8796
-3739.5618 -3735.7117 -3736.5593 -3737.0259 -3734.2271 -3735.5569 -3746.4126 -3772.1868 -3813.7429 -3834.1218 -3840.272 -3830.0667 -3816.4304 -3833.634 -3855.1355 -3857.0691 -3854.9048 -3842.3574 -3836.8333 -3843.136 -3844.8438 -3841.8118 -3843.4573 -3847.8977 -3856.4124 -3867.041 -3879.5383 -3891.8735 -3896.2388 -3898.0952 -3885.7742 -3874.2087 -3863.5232 -3857.3025 -3853.793 -3853.0803 -3853.5652 -3856.7427 -3861.1011 -3860.2271 -3854.4937 -3828.5066 -3807.8784 -3805.093 -3805.0911 -3805.394 -3797.2795 -3780.9268 -3750.3303 -3712.2715 -3689.0862 -3670.9097 -3661.5439 -3652.6345 -3636.1753 -3621.4292 -3612.8154 -3605.6604
-3721.855 -3720.3843 -3719.9929 -3719.1577 -3716.0518 -3718.6221 -3729.9043 -3755.8972 -3797.4963 -3817.8752 -3823.3447 -3816.7048 -3809.3679 -3830.2942 -3854.8013 -3858.2937 -3856.457 -3840.5955 -3831.5542 -3835.394 -3836.7515 -3835.4824 -3836.7097 -3839.825 -3845.0454 -3851.0107 -3860.6235 -3870.4233 -3875.1646 -3876.8796 -3867.5623 -3859.4648 -3852.2153 -3849.3958 -3849.6504 -3849.5674 -3848.8992 -3850.5791 -3852.4651 -3853.4668 -3850.2698 -3831.9136 -3816.157 -3810.2209 -3806.6587 -3805.8928 -3801.0522 -3791.9788 -3765.769 -3730.4778 -3713.0803 -3702.3745 -3697.6777 -3692.1553 -3673.1116 -3654.5364 -3641.0908 -3626.2295
-3702.1685 -3703.3201 -3703.6404 -3702.8049 -3700.0457 -3701.1194 -3709.0693 -3731.5505 -3770.4158 -3789.8159 -3796.468 -3801.1765 -3808.4834 -3831.9294 -3857.0422 -3862.7261 -3862.7761 -3842.9177 -3829.196 -3825.5854 -3826.5847 -3831.4592 -3834.4082 -3835.6707 -3834.2427 -3831.4468 -3835.9424 -3840.8555 -3842.9226 -3844.2659 -3842.9707 -3842.2173 -3839.7864 -3840.1626 -3843.9731 -3845.6917 -3847.116 -3845.1533 -3842.6536 -3844.2888 -3845.3574 -3840.7627 -3835.0442 -3825.9512 -3815.5073 -3803.7727 -3799.8936 -3803.4729 -3782.8115 -3750.2456 -3738.6345 -3735.0515 -3739.2429 -3739.8987 -3724.186 -3706.8645 -3692.1489 -3668.7886
-3695.2576 -3694.8862 -3694.3152 -3693.2051 -3691.0447 -3691.9775 -3699.5916 -3718.8589 -3750.4644 -3769.0195 -3777.6982 -3784.957 -3793.927 -3815.551 -3837.521 -3842.0645 -3841.1147 -3826.5833 -3815.9592 -3812.6599 -3812.457 -3814.8848 -3817.9492 -3821.4871 -3820.3728 -3817.7095 -3821.2939 -3825.4316 -3826.4893 -3828.6072 -3832.8513 -3835.4885 -3836.0957 -3837.8257 -3840.6853 -3844.0166 -3847.894 -3847.4695 -3845.8997 -3846.4849 -3846.9875 -3844.7922 -3840.9299 -3833.9771 -3822.2305 -3804.1985 -3799.8689 -3809.7539 -3800.895 -3782.1597 -3772.8828 -3767.7522 -3773.2388 -3775.8828 -3761.0039 -3743.4983 -3727.6431 -3703.9561
-3692.0835 -3689.4482 -3687.813 -3686.1724 -3684.5425 -3686.5349 -3694.7004 -3709.6382 -3734.1323 -3750.5212 -3760.699 -3767.7705 -3774.3445 -3792.4297 -3810.353 -3811.9512 -3810.5801 -3804.0391 -3798.9546 -3797.9617 -3796.3289 -3793.6978 -3797.4875 -3804.1194 -3805.9536 -3806.7539 -3810.2839 -3814.1116 -3816.676 -3819.7317 -3826.9229 -3833.219 -3835.4878 -3837.8606 -3838.5024 -3843.4592 -3849.1641 -3851.4146 -3852.9871 -3852.9871 -3851.314 -3847.0811 -3842.7964 -3839.5364 -3828.3547 -3805.8562 -3801.2854 -3814.3306 -3818.4846 -3818.876 -3810.2747 -3801.1189 -3804.9368 -3807.6594 -3792.5022 -3775.4036 -3757.551 -3735.5916
-3695.354 -3693.3604 -3691.7251 -3689.7908 -3688.1526 -3688.5708 -3693.4888 -3708.2446 -3733.1462 -3750.9998 -3763.9797 -3774.384 -3783.897 -3791.7048 -3797.9006 -3801.1963 -3801.6401 -3794.0498 -3788.7913 -3788.7913 -3787.9292 -3786.978 -3789.1755 -3794.4126 -3794.2195 -3792.3457 -3796.4031 -3801.1628 -3806.4011 -3812.425 -3820.3691 -3826.2786 -3827.4072 -3829.0425 -3831.6584 -3835.3403 -3840.5459 -3845.1406 -3849.0747 -3849.0747 -3848.8313 -3848.009 -3847.7065 -3846.479 -3840.5422 -3827.9905 -3822.5388 -3825.1863 -3833.6843 -3844.5852 -3840.1997 -3830.907 -3825.1782 -3818.4324 -3808.7161 -3796.7988 -3780.9453 -3758.6094
-3700.436 -3698.9766 -3697.6619 -3696.4541 -3694.4053 -3693.5986 -3695.7698 -3708.6472 -3734.1523 -3752.8113 -3766.7986 -3781.3171 -3793.5005 -3792.3804 -3789.3459 -3793.1401 -3795.147 -3786.4436 -3780.0544 -3780.3381 -3779.7095 -3778.9988 -3780.6816 -3783.3855 -3780.9692 -3776.9695 -3781.6921 -3786.9368 -3796.2827 -3805.0979 -3813.2742 -3818.3381 -3818.1516 -3819.4011 -3823.2483 -3826.4609 -3829.8833 -3836.3633 -3843.3572 -3843.615 -3844.3887 -3848.3823 -3852.061 -3853.345 -3852.9172 -3850.6387 -3845.1824 -3837.5747 -3848.2349 -3868.1453 -3866.3081 -3857.9629 -3842.9785 -3828.6775 -3823.3215 -3815.4866 -3800.7102 -3777.8169
-3708.5613 -3708.4734 -3708.5681 -3709.2981 -3709.1689 -3710.1406 -3711.7759 -3719.386 -3733.1833 -3744.7554 -3754.4441 -3766.2966 -3778.8242 -3783.7527 -3785.7805 -3786.3438 -3785.2314 -3778.5471 -3773.2346 -3769.6152 -3763.7834 -3756.95 -3754.397 -3755.2078 -3757.8694 -3761.4614 -3766.1675 -3772.3528 -3784.3728 -3795.2864 -3803.4626 -3808.5266 -3808.5266 -3810.3125 -3812.6245 -3812.8042 -3812.9475 -3821.8394 -3832.7468 -3835.1692 -3836.7681 -3845.0303 -3851.3083 -3854.2456 -3855.8035 -3857.2954 -3854.0305 -3848.0635 -3861.5886 -3884.2673 -3880.4854 -3869.8657 -3863.9531 -3857.1458 -3840.4822 -3823.1355 -3805.3259 -3785.6006
-3717.667 -3718.8499 -3721.0515 -3722.7629 -3725.2034 -3728.1284 -3730.1694 -3732.4976 -3734.1045 -3736.4299 -3740.1145 -3749.3613 -3760.543 -3770.1045 -3778.2698 -3776.0608 -3772.5427 -3764.9509 -3757.5933 -3751.0522 -3742.3201 -3730.3777 -3723.7009 -3721.5127 -3730.9578 -3744.873 -3753.239 -3761.512 -3773.6987 -3785.8296 -3793.1106 -3797.79 -3798.1675 -3799.9534 -3802.5325 -3801.4829 -3798.6497 -3808.4971 -3821.3752 -3825.6436 -3830.2424 -3840.1965 -3848.3066 -3851.6191 -3854.9587 -3859.2197 -3859.2449 -3855.6184 -3871.3921 -3897.2471 -3892.0247 -3880.3567 -3882.7959 -3883.0176 -3859.0771 -3833.481 -3813.4753 -3793.6208
-3726.0132 -3729.3293 -3733.7161 -3738.1206 -3741.8547 -3746.2219 -3749.6279 -3746.8538 -3737.4937 -3731.1689 -3727.4348 -3732.5088 -3741.2041 -3750.5635 -3757.7661 -3756.1658 -3750.4365 -3732.1597 -3718.1558 -3712.4331 -3705.6724 -3697.9951 -3687.5122 -3676.0669 -3696.1514 -3726.7166 -3744.6101 -3760.6416 -3769.8555 -3777.5481 -3782.6846 -3785.6516 -3786.5378 -3789.3801 -3793.7676 -3796.4817 -3796.9265 -3802.1326 -3808.9097 -3817.6836 -3826.9937 -3834.1533 -3839.585 -3839.4929 -3843.9202 -3855.0701 -3859.5422 -3857.2134 -3874.354 -3900.5474 -3899.6472 -3892.0117 -3895.1377 -3896.3979 -3878.1045 -3856.7153 -3834.5042 -3807.8921
-3734.0735 -3738.4285 -3743.8538 -3749.5659 -3755.3198 -3759.3018 -3762.707 -3756.7593 -3740.7161 -3727.7075 -3717.751 -3720.3147 -3729.3088 -3735.5417 -3740.0698 -3736.6116 -3729.8442 -3709.4932 -3694.4536 -3689.5479 -3684.6421 -3680.2351 -3668.8708 -3654.7546 -3677.929 -3713.8364 -3734.7095 -3753.2122 -3760.5046 -3767.4478 -3772.0559 -3775.5325 -3776.9387 -3780.3875 -3786.0229 -3791.2927 -3797.0864 -3800.252 -3802.4282 -3813.1138 -3823.7231 -3829.2891 -3833.0452 -3832.1372 -3837.2849 -3851.8267 -3858.9724 -3858.0315 -3876.8074 -3904.7292 -3907.6355 -3905.3623 -3906.6755 -3906.3689 -3894.592 -3878.467 -3854.5315 -3823.5623
-3739.0459 -3745.0723 -3750.9758 -3757.1543 -3762.2249 -3765.3118 -3765.3118 -3757.4075 -3741.3438 -3726.239 -3713.1194 -3717.4773 -3728.7629 -3731.667 -3730.9907 -3721.4585 -3712.2959 -3708.0715 -3703.6272 -3698.7214 -3693.8157 -3689.0322 -3683.3831 -3677.9192 -3691.1599 -3710.875 -3721.8386 -3731.1797 -3742.0574 -3752.5461 -3762.6523 -3770.0916 -3773.0146 -3775.4746 -3778.0039 -3786.7695 -3798.4255 -3804.2278 -3808.0588 -3813.9246 -3819.8135 -3825.9937 -3831.8674 -3835.3748 -3841.6987 -3852.3333 -3858.6838 -3860.5964 -3880.4998 -3909.7854 -3917.7546 -3919.752 -3916.8074 -3912.7476 -3905.7644 -3893.8586 -3869.0171 -3839.0681
-3742.8247 -3750.4861 -3756.7949 -3762.5327 -3767.1182 -3769.062 -3767.3474 -3759.2 -3745.3521 -3731.9128 -3718.9092 -3720.9907 -3727.4622 -3725.9771 -3720.9265 -3711.0173 -3703.2676 -3707.1221 -3708.127 -3705.0012 -3701.2407 -3697.7258 -3695.3604 -3694.2656 -3700.2 -3708.9829 -3713.804 -3718.4744 -3729.8398 -3742.4617 -3754.6438 -3764.6018 -3769.6189 -3773.7766 -3776.3689 -3785.7083 -3799.3372 -3806.7744 -3813.3157 -3815.8816 -3818.4478 -3824.9888 -3831.4758 -3836.9822 -3844.4822 -3854.365 -3862.835 -3868.0303 -3887.8049 -3914.9465 -3925.2815 -3928.8494 -3924.4109 -3918.4712 -3914.5654 -3903.5791 -3877.5222 -3849.9617
-3746.0952 -3754.9954 -3760.8267 -3765.9534 -3770.3887 -3772.2361 -3769.1702 -3763.0857 -3753.5579 -3745.2195 -3737.7554 -3730.7017 -3724.5713 -3716.7698 -3709.6411 -3706.3933 -3704.7498 -3705.4026 -3706.1755 -3705.7239 -3704.3733 -3702.8269 -3700.99 -3699.5039 -3702.896 -3707.6567 -3712.1687 -3716.7649 -3726.7744 -3736.6443 -3749.012 -3759.4229 -3766.5833 -3774.1704 -3782.1794 -3789.9609 -3798.2144 -3807.4841 -3817.2598 -3818.6421 -3820.5608 -3825.9182 -3831.8308 -3836.8044 -3845.1987 -3858.9497 -3870.5947 -3880.5688 -3899.0889 -3922.2534 -3929.5562 -3932.1199 -3928.5591 -3924.1008 -3919.4712 -3907.8562 -3879.5166 -3855.9043
-3750.988 -3761.26 -3767.6672 -3773.3604 -3776.7363 -3777.5457 -3773.9541 -3768.5547 -3761.3784 -3753.8489 -3747.2063 -3736.9377 -3725.4026 -3717.6318 -3711.1575 -3709.6306 -3708.5298 -3709.9597 -3711.0234 -3710.7952 -3710.5674 -3709.6982 -3707.9509 -3705.8958 -3707.6118 -3709.7668 -3714.2556 -3719.1252 -3727.3018 -3736.5339 -3748.6287 -3759.6948 -3768.4583 -3778.6873 -3789.6826 -3797.2856 -3802.1914 -3810.5254 -3819.4036 -3820 -3820.5576 -3823.866 -3827.7844 -3831.9414 -3841.5676 -3859.144 -3873.7002 -3884.8647 -3903.2764 -3925.7222 -3933.3513 -3936.0771 -3933.1885 -3929.2827 -3924.377 -3914.0144 -3889.1719 -3865.1812
-3757.4138 -3768.3625 -3776.7671 -3782.4727 -3784.4448 -3784.6599 -3780.4951 -3775.0957 -3767.9194 -3759.7468 -3750.2961 -3739.5671 -3729.2224 -3724.6003 -3722.1389 -3717.5959 -3715.1638 -3718.4292 -3719.9695 -3718.9722 -3718.3369 -3716.7073 -3715.072 -3712.4368 -3713.3333 -3715.7881 -3718.8752 -3722.3958 -3730.5723 -3739.4543 -3751.8865 -3763.3425 -3773.7856 -3786.116 -3799.1919 -3806.2937 -3809.5735 -3814.7214 -3820 -3820 -3819.0076 -3819.0168 -3820.6365 -3823.7651 -3834.8315 -3857.2305 -3872.9089 -3882.7251 -3902.3311 -3926.5132 -3937.0657 -3940.9829 -3938.0942 -3933.7891 -3929.5149 -3921.8918 -3903.4087 -3877.7537
-3762.2805 -3775.4717 -3784.6443 -3791.6536 -3793.6184 -3793.46 -3788.8286 -3782.4055 -3775.0828 -3764.8228 -3753.1069 -3740.6306 -3729.0549 -3722.499 -3717.6877 -3717.5186 -3718.2695 -3718.6404 -3718.7109 -3718.7412 -3720.1694 -3721.5989 -3721.613 -3720.3181 -3721.4341 -3724.3992 -3727.9507 -3732.3926 -3739.5393 -3747.593 -3760.3093 -3772.1418 -3782.4192 -3793.3987 -3804.5864 -3810.4832 -3812.4282 -3815.2385 -3817.6973 -3815.9631 -3814.9097 -3817.9436 -3821.864 -3825.5344 -3834.6628 -3851.959 -3867.1021 -3879.8213 -3902.437 -3930.3455 -3939.094 -3941.1643 -3937.8523 -3933.5762 -3930.5332 -3923.7881 -3907.2734 -3882.4651
-3766.2952 -3781.0479 -3792.0476 -3800.4004 -3802.5298 -3802.0066 -3797.1008 -3791.0662 -3781.9783 -3769.7134 -3755.7278 -3742.2129 -3728.5151 -3717.0879 -3709.3127 -3715.0271 -3720.4543 -3716.0845 -3714.1958 -3715.9995 -3720.3369 -3726.2124 -3728.5386 -3728.2617 -3730.7346 -3734.3867 -3739.0742 -3743.8547 -3749.9104 -3757.4578 -3770.7549 -3782.4365 -3791.5374 -3800.6794 -3808.5015 -3812.6338 -3813.4705 -3812.5959 -3811.2825 -3809.1294 -3808.4207 -3817.061 -3825.1541 -3830.5313 -3836.9653 -3846.1567 -3859.7256 -3878.2261 -3904.1228 -3933.4417 -3940.5518 -3939.8152 -3935.8367 -3932.5388 -3929.7666 -3923.7881 -3908.3594 -3886.2476
-3765.3318 -3783.0266 -3795.3003 -3804.9932 -3808.5942 -3809.283 -3805.0442 -3798.6812 -3789.4194 -3776.679 -3762.0615 -3747.3442 -3732.6821 -3720.3853 -3710.667 -3713.9543 -3717.1033 -3714.3252 -3714.0562 -3717.7991 -3723.01 -3731.0227 -3738.8547 -3745.0005 -3747.094 -3748.0818 -3749.7913 -3752.146 -3763.1743 -3773.6663 -3782.2341 -3790.0525 -3795.8569 -3801.6682 -3805.8374 -3807.416 -3806.7808 -3799.4253 -3790.4919 -3790.9626 -3794.9556 -3811.1326 -3826.25 -3834.9788 -3840.5378 -3840.3545 -3854.9631 -3882.9578 -3908.5747 -3932.3967 -3937.2307 -3935.9395 -3933.2742 -3930.542 -3928.8665 -3924.4517 -3912.6187 -3895.2715
-3763.0459 -3782.5771 -3796.1721 -3807.6235 -3812.1931 -3814.4436 -3811.9854 -3805.8833 -3796.5313 -3784.3198 -3769.6025 -3753.9678 -3738.168 -3725.291 -3715.0498 -3712.7546 -3712.4441 -3712.9294 -3714.752 -3720.0688 -3727.4138 -3737.4407 -3748.9688 -3760.9949 -3762.501 -3760.8657 -3760.2119 -3760.9888 -3776.5813 -3789.3086 -3791.5881 -3794.2449 -3797.9802 -3798.9236 -3798.9326 -3796.8604 -3794.3496 -3782.7004 -3768.7866 -3772.208 -3780.8655 -3802.3699 -3822.5369 -3836.0596 -3841.9277 -3838.0237 -3854.4812 -3890.938 -3914.3708 -3929.6626 -3932.5586 -3931.7539 -3929.9836 -3928.8665 -3927.696 -3924.3235 -3916.5161 -3904.7595
-3757.3311 -3777.6265 -3793.3228 -3805.813 -3812.3213 -3816.1707 -3815.5559 -3810.6301 -3802.4326 -3790.5078 -3777.1436 -3761.5088 -3744.6147 -3730.9768 -3718.5793 -3712.6392 -3708.6589 -3709.2634 -3712.9058 -3722.3379 -3733.8679 -3746.959 -3756.4111 -3764.3186 -3765.8542 -3765.1707 -3768.5564 -3772.9272 -3787.5222 -3797.677 -3792.0449 -3789.9402 -3792.5754 -3788.3958 -3778.5132 -3771.5537 -3765.5637 -3763.188 -3761.8667 -3767.4771 -3774.1453 -3786.9202 -3802.0881 -3821.1958 -3837.4021 -3846.1924 -3869.0093 -3904.7061 -3921.4951 -3927.8767 -3928.6589 -3928.2166 -3926.696 -3925.4626 -3922.9817 -3919.5803 -3915.3191 -3908.2517
