MapLib/Lvl1_5x5/BG/Ele_BG_DB.asc
ncols         557
nrows         557
xllcorner     556500
yllcorner     4451669.448
cellsize      1000
nodata_value  -9999.0
[rows 78 to 103 of 557, columns 59 to 117 of 557]
1072.2689 1278.1178 1229.3265 1114.5532 1040.3436 952.263 912.578 856.0457 850.3833 805.0255 799.3237 785.3355 835.8983 907.4385 869.0636 874.2481 1010.8665 1125.9889 1092.0441 1041.6125 1051.597 1111.5992 1111.0176 1046.9265 974.0588 971.3842 926.5108 865.3893 811.6791 777.1721 797.165 706.1368 582.3987 537.2704 600.145 613.2383 669.8486 652.0076 664.5522 659.3845 580.2487 557.3517 509.8172 509.6223 526.851 546.0412 614.7958 631.1157 685.262 778.8909 826.4424 774.8028 756.9833 669.3013 646.6652 616.8546 699.7861 780.3889 833.0252
907.8271 1056.7983 1285.6281 1189.4271 1075.9894 1089.2244 1018.527 938.6175 917.7296 860.3261 899.9529 846.0884 933.3495 1025.6831 1080.6947 1010.0657 1104.9121 1261.8319 1211.4412 1068.0768 928.9027 860.0825 808.2705 804.018 757.4825 784.7375 780.4679 722.0094 597.3811 688.0048 740.0757 594.684 540.4414 554.8941 666.9141 611.0835 615.4427 635.504 650.0388 579.813 551.6384 526.747 495.8937 523.7918 527.8813 542.2612 602.1027 627.486 678.946 763.2016 1032.7893 925.6827 713.6913 653.1644 583.7068 612.7778 750.6201 762.4107 949.3589
857.6363 1001.0861 1228.5083 1336.8815 1228.4448 1227.1389 1288.3837 1205.5057 1103.653 1028.9249 982.7582 981.9456 1100.734 1196.054 1227.6578 1094.4535 946.5409 932.7036 881.3325 937.1033 1026.8907 768.7893 723.2509 785.933 673.3359 728.3691 820.4661 696.3815 753.3715 762.8763 583.1249 538.3324 519.2635 537.0873 670.251 608.3514 611.0771 616.6158 614.265 549.4194 538.0176 519.481 475.0029 508.0497 519.1143 557.3459 564.3122 603.6003 663.5423 660.2194 744.1003 830.482 721.192 594.8489 635.9513 728.5266 875.7264 931.4263 1156.2422
977.2592 1122.8507 1299.4764 1396.4801 1495.3074 1260.0134 1159.0653 1074.4133 1206.8448 1204.0167 1148.9504 1188.1412 1175.134 987.6306 864.7342 809.2465 890.4243 988.2025 840.1459 828.6285 900.9468 745.8671 665.0598 639.632 647.934 686.9714 718.5761 892.9716 1052.8035 927.6528 703.4944 634.0513 527.897 531.1107 600.594 592.3771 602.3182 604.9619 582.8107 532.8976 534.1715 529.0592 527.8578 492.3691 524.4124 545.8075 570.3656 576.9332 581.6887 555.6346 555.9031 603.114 642.4839 710.1076 776.8261 806.9776 901.9872 988.4854 1133.3802
1181.6603 1215.5127 1215.5656 1215.141 1272.7638 1187.873 1072.2908 1005.9644 1195.9725 1057.7792 931.3839 843.9291 807.2019 905.5107 878.4026 794.952 812.8116 804.9869 807.8895 741.5066 706.114 699.1766 757.5805 782.4899 741.9644 806.0182 787.3433 929.0727 1081.698 1070.6274 875.864 783.4232 693.4941 557.5152 508.8062 512.7995 584.846 570.3811 570.5215 542.2046 531.9485 530.9882 510.8561 490.2143 498.1842 515.3074 519.6207 530.4963 560.1654 639.3865 681.8484 739.6737 765.7463 816.6317 903.6783 999.935 1152.3654 1102.9626 1201.0452
933.2105 897.2738 874.588 942.6425 1001.2314 1071.1125 991.4932 845.9579 849.1681 922.4661 788.9763 752.1744 787.5209 740.0596 710.9711 774.6525 694.7145 712.8884 756.933 679.2973 766.6439 845.6223 906.5897 939.9025 985.8766 973.8456 1014.4425 1078.947 1130.464 1172.3483 973.9119 809.5805 720.1128 627.8265 558.7862 517.5031 501.843 531.3547 562.9404 568.8896 525.2094 520.4323 503.0697 482.4759 490.5632 530.6365 542.1221 585.7419 720.1784 804.1324 837.1691 918.244 970.8747 1024.5604 1174.9283 1259.9092 1133.8721 1106.1517 1111.4196
891.6665 811.4104 920.8138 879.7012 839.0592 864.0239 832.1484 809.3629 789.8141 848.5481 913.5783 713.762 777.1015 888.9173 948.1163 958.843 837.4857 761.8245 747.397 806.5524 909.3317 1052.4567 1154.8287 1159.1511 1206.6733 1301.6603 1320.8154 1357.2697 1380.1869 1353.8601 1167.5533 1062.917 869.4727 684.6569 565.1525 523.0776 494.7526 496.6752 545.4531 568.6368 542.3668 507.0524 502.2966 491.1424 480.6248 518.5604 546.3016 632.8931 750.2593 853.8151 1022.2308 1260.5695 1199.2479 1080.5861 1044.0552 1075.9668 1096.3052 1216.3988 1128.3151
851.1494 791.0473 858.7496 831.5416 785.2415 784.5874 786.2902 805.0694 793.5327 810.1865 784.2495 720.0605 730.3112 776.0657 845.3336 838.5087 850.4109 873.0992 997.9753 1111.7927 1232.4852 1365.8313 1453.7922 1493.7073 1392.6184 1387.3798 1247.6549 1140.2212 1110.609 1105.5371 950.0772 867.6158 753.1464 646.1411 580.3649 557.3986 517.9355 489.2753 512.2747 561.8335 561.1824 554.7357 498.6218 499.2629 484.4705 521.2102 573.132 665.329 783.0732 941.5228 1095.6115 987.4802 910.1124 1120.6563 1180.0609 1195.1395 1223.7925 1169.0842 1052.8535
818.2792 783.6871 814.9107 794.1601 770.957 760.7576 759.4582 836.2327 792.1492 767.3529 850.8908 775.2383 806.42 860.9279 834.7738 899.5559 930.9906 883.2527 875.7686 992.5181 976.8825 1091.5122 1216.0992 1289.9224 1342.8705 1357.9862 1306.5913 1226.3608 1175.1459 1236.5016 957.8752 788.6403 708.4964 695.8632 656.1348 609.4577 535.432 495.184 493.0197 559.6749 579.4037 574.4136 553.0189 494.1534 465.58 482.5702 544.3921 634.8069 779.2721 942.326 907.8282 776.541 785.9007 885.9228 991.3802 1073.4104 1054.7762 1018.0023 922.7544
856.4844 848.2466 1017.7526 1063.4529 1025.824 1000.394 1006.3555 1070.2566 1059.1024 1051.9174 1109.2279 1071.5726 1093.5352 1112.1217 1001.5005 1103.6196 1208.9912 1111.9099 1031.3615 1156.9395 1314.1548 1332.7457 1352.3115 1317.2737 1376.1401 1309.0702 1456.4249 1458.3164 1327.9608 1112.2877 954.9113 919.1917 879.8184 871.7031 831.0069 738.1299 632.2186 514.861 486.4917 472.3033 476.0089 485.5722 548.2177 553.4312 492.8096 462.4706 505.6023 580.354 652.7441 788.946 761.7438 698.2112 783.6169 913.5854 1067.9061 1006.438 853.7605 766.6162 701.3573
843.0099 818.1382 884.728 985.5765 1097.8973 1116.4375 1200.298 1251.3821 1233.0992 1230.6182 1290.7446 1337.1804 1271.8657 1092.9911 1038.525 1080.4185 1197.694 1317.5719 1369.1238 1320.9631 1492.1737 1479.3082 1509.4847 1416.5156 1223.7488 1097.2142 1254.6659 1321.8085 1170.4845 1192.4308 1225.6987 1150.5684 1082.8616 1113.3467 1082.8517 1014.8358 785.1666 587.5578 548.2387 531.0226 542.1363 540.027 510.918 542.4991 511.8293 497.133 537.5196 770.3257 916.6848 964.6199 807.6606 676.6539 867.7599 920.8517 812.6494 723.234 736.5906 676.1116 655.1632
873.8763 897.8804 899.8937 969.5327 1060.9034 1170.6359 1222.8785 1351.5714 1398.9116 1278.0787 1140.3079 1109.2715 1182.1965 1317.501 1252.6475 1302.214 1358.1211 1262.2102 1233.2603 1243.7476 1276.5162 1147.6204 1153.8215 1102.3545 965.3543 1009.1356 1119.7119 1180.5172 1035.1141 990.1351 980.7158 979.2983 868.7571 827.3643 878.2565 911.0845 902.4838 787.0815 762.1805 771.968 832.1163 814.6083 750.0525 690.7241 665.5508 612.8804 482.1306 511.5075 646.3752 722.2354 666.8995 571.3394 601.4442 641.5466 648.5565 643.8712 762.7017 654.7126 706.2411
920.668 997.5608 939.173 934.2772 1020.468 1014.3703 1048.1902 1143.0552 1044.8049 986.2725 879.1654 860.8291 935.1609 935.4277 904.1575 905.3248 934.0279 987.8947 926.7473 973.4527 1046.4418 909.6187 885.5685 870.254 782.5353 903.3792 851.9658 888.7208 927.2337 793.6536 774.8701 806.8029 709.3783 740.3025 679.9967 684.0111 719.9232 740.3089 626.2291 627.8613 571.497 601.876 643.9836 541.0516 562.2595 543.2757 479.2519 468.5535 527.3206 584.3746 574.3563 539.9834 541.9799 584.6187 582.5592 628.1478 680.7516 695.5782 685.0641
1129.9481 1306.6157 1211.7693 1214.1761 1167.2524 971.4489 887.6162 865.6088 828.4166 812.6252 806.2713 827.444 738.9763 810.6198 838.9465 805.0596 726.4854 720.0851 695.6252 673.9813 674.2249 683.318 668.2583 668.5093 644.3314 653.9324 672.4798 727.1302 790.4073 631.258 690.9744 719.821 599.9099 607.3866 558.056 560.1916 618.8386 657.8025 579.9999 528.3456 500.2593 490.8506 480.8264 481.8152 505.3344 640.3516 521.9642 504.7308 577.8411 538.6121 539.6316 538.1682 524.5838 562.4557 617.5668 721.3936 607.3319 665.2371 684.6536
1308.8979 1369.2635 1289.1952 1224.2216 1325.0796 1191.8688 1029.812 953.5961 936.462 900.0244 872.9636 841.6265 809.9798 883.2047 937.997 964.1029 982.9683 1058.6931 908.6309 728.65 740.4691 709.877 692.5149 670.4106 690.4541 642.4688 615.9017 618.3844 601.3372 640.9391 635.2778 610.7898 614.3112 564.989 540.9837 531.2379 516.5206 512.2858 527.135 563.3164 630.8054 666.2242 687.7958 631.125 526.4183 557.3358 476.2202 457.5811 517.9874 519.9531 552.8257 547.5007 508.0192 553.8693 701.2994 596.1335 628.7548 680.0094 720.2129
1243.0232 1244.3956 1320.4143 1185.4723 1214.0432 1287.882 1308.6558 1281.371 1241.0924 1075.7465 1087.359 1094.3483 1063.0793 1029.2263 992.2767 1038.5315 1012.7786 922.2056 858.3815 795.0774 898.1747 779.9482 836.3399 891.4222 913.5245 848.1711 696.5201 670.9742 741.8251 802.9097 858.2052 803.0038 758.9249 691.9452 657.7326 741.8021 717.4295 609.6358 591.9086 703.9512 822.3777 891.9771 870.2913 876.1975 764.9973 705.564 551.5542 444.6998 464.0426 518.2339 506.2487 520.0352 504.7338 674.1916 539.8914 538.0835 595.9885 670.7676 822.2864
1192.781 1261.0529 1319.1385 1170.748 1129.4232 1190.2683 1267.1461 1226.7424 1264.2405 1233.054 1345.7881 1332.4735 1390.495 1393.0687 1349.3058 1347.9958 1477.0686 1335.3165 1226.0242 1118.4697 978.7455 1011.7959 1025.8455 1008.0591 1034.0131 1109.3134 887.1146 753.1595 952.3626 1197.5641 1209.9442 1182.4885 1185.8152 980.8366 853.6522 1017.7332 963.4271 740.967 586.152 582.6456 595.4736 638.3887 760.6134 974.7212 927.0927 782.4673 647.2637 509.7872 447.6769 475.0712 505.3791 473.7514 578.6552 488.832 524.3469 642.5008 668.8192 787.3935 849.3834
1136.6976 1237.3171 1212.2715 1173.7648 1109.4513 1201.0984 1151.5798 1174.8955 1219.8834 1323.856 1305.2839 1334.16 1352.2864 1345.0583 1273.6718 1272.7932 1331.1282 1294.9399 1272.0657 1317.1499 1449.8998 1425.7642 1208.4431 1142.1499 1309.6376 1173.6368 1020.6027 941.393 1028.4985 1108.7416 1121.2784 1157.7321 1157.6504 1137.6224 1171.1111 1302.3479 1276.6111 1118.9685 867.9066 752.3008 730.3701 666.8458 779.475 1027.592 918.5933 713.215 564.9258 485.492 464.0431 444.2325 468.4142 478.3983 477.456 497.8903 560.0695 657.8146 677.1266 807.3497 898.4989
1095.7177 1130.0527 1122.8217 1132.5559 1089.0859 1093.4281 1118.7258 1225.6639 1225.4451 1262.3959 1291.5282 1287.9669 1331.2355 1337.4858 1199.1021 1148.0933 1204.0601 1204.2072 1155.1459 1242.0859 1304.4288 1496.6328 1538.6244 1361.5242 1513.5732 1567.0145 1468.7949 1358.2723 1321.214 1487.5729 1512.6123 1425.7422 1247.2565 1103.2568 1015.6893 990.5413 933.8536 903.8568 885.2609 842.9117 791.1515 784.2902 835.2438 1064.2539 926.6536 708.4834 547.4718 482.726 533.6086 475.2024 437.7373 450.2696 474.7311 538.8124 612.8086 661.512 652.8256 691.281 743.296
1023.9481 1056.2085 1074.8763 1102.9104 1108.8903 1084.2079 1132.1986 1169.9042 1165.576 1170.5052 1215.9565 1267.4684 1311.2515 1341.9203 1233.3872 1145.1771 1152.0762 1156.6157 1186.5118 1097.5553 1214.1825 1563.83 1472.0031 1363.053 1321.2764 1553.3291 1609.3809 1559.8828 1639.2178 1692.4111 1710.209 1649.7566 1653.7543 1427.9851 1310.8392 1216.3798 1148.7806 1129.4961 1098.2166 1053.7701 1101.3179 1171.2745 1275.1525 1123.1771 929.4728 718.0241 549.0692 513.8626 560.6657 497.3159 496.2231 443.3984 437.0093 543.9749 625.1913 558.2298 612.1971 709.9887 824.0119
960.482 994.061 1020.1744 1032.2119 1064.6558 1045.4674 1101.0457 1098.6497 1112.692 1169.0634 1164.5352 1206.3086 1220.1956 1243.5026 1152.9283 1030.0681 1103.4779 1111.5156 1039.1993 1035.895 1258.433 1474.8149 1392.5947 1325.3884 1290.3013 1427.1139 1474.4478 1460.7473 1520.2854 1500.7073 1568.4015 1594.3772 1566.1951 1509.9629 1513.6952 1497.1411 1540.9783 1481.3291 1462.7628 1362.7346 1273.9868 1188.9298 1106.2588 972.63 840.2111 708.6982 571.6474 559.7904 575.3797 601.1266 589.5219 506.4681 447.2219 430.5725 507.8085 621.7272 658.9513 664.0457 830.1412
942.2416 967.3806 976.8411 983.5685 1026.2328 1024.8251 1069.618 1087.5159 1103.1621 1148.8654 1166.7722 1158.2872 1193.9219 1135.9601 1041.2412 998.9609 1117.0259 986.5674 978.1523 980.532 1285.6775 1320.0942 1239.5232 1232.7576 1261.7269 1423.8019 1387.7219 1340.8929 1408.1008 1381.4961 1368.4337 1339.6748 1385.3701 1380.0807 1296.0652 1368.4813 1341.4982 1295.7552 1263.2124 1172.8733 1061.7258 975.088 899.8382 823.3544 756.8311 662.3856 579.3585 638.8022 648.1194 676.9556 600.4471 529.0941 482.4555 437.2216 429.2017 520.6655 606.3521 723.3829 851.166
912.6246 933.3141 948.7098 959.1992 982.3804 1008.9269 1044.625 1048.4283 1109.8723 1111.2863 1117.0557 1105.8296 1163.4072 1111.4912 960.7224 980.8388 1057.0132 890.0322 872.2446 949.0744 1103.5166 1118.5248 1116.1475 1048.9716 1280.2969 1344.2725 1334.1346 1233.9983 1290.1202 1207.5944 1221.837 1224.7955 1215.6884 1213.4723 1157.1823 1204.9554 1172.5472 1151.4198 1114.3999 1061.7202 983.5745 905.7582 819.0569 755.806 703.8189 638.5548 574.4484 552.6269 584.666 624.5291 574.3339 544.4475 560.0201 442.8117 429.2111 549.6149 643.2209 733.6105 811.2961
887.95 917.6095 927.9046 955.6129 971.711 995.6163 1000.1829 1068.5754 1062.1945 1098.4922 1045.9146 1147.7319 1168.4697 1037.559 868.4144 971.3078 847.5766 831.0624 884.6754 885.355 983.8537 1006.7919 1040.2184 1027.1385 1221.5034 1268.7697 1175.916 1149.5826 1147.6632 1125.4542 1095.9711 1054.4917 1060.1929 1050.7888 1021.264 1025.5785 1002.4146 1006.2833 963.4431 915.3989 875.0344 841.642 807.2664 726.1738 670.6188 633.6833 574.9307 558.6511 539.5138 550.4052 558.9407 510.4635 494.7398 413.4993 431.0061 511.158 576.984 672.1712 871.2194
893.6 904.4829 918.261 933.0134 950.6605 966.9653 982.0753 977.9766 1016.3193 1037.7694 1003.1398 1098.673 1076.8632 849.319 803.2494 795.9912 812.993 932.0533 845.7236 873.585 930.7798 896.5011 969.3922 1096.3267 1128.16 1122.8323 1077.0227 1061.5469 1003.429 1012.8315 963.2606 940.3113 909.6606 874.3684 905.4803 868.4883 841.5195 831.8196 827.722 820.467 804.4278 732.5264 664.8569 638.1233 648.384 603.3369 561.0827 607.9843 517.0988 492.1645 529.4125 481.3239 445.35 415.7727 423.4709 512.9949 616.1258 728.712 793.0959
884.1904 884.7943 910.4984 928.5351 947.8281 946.3279 972.3771 944.8386 982.8207 988.8588 997.9847 1084.8606 977.83 783.3536 771.6676 755.26 840.1465 921.1382 806.3052 843.5049 816.1219 840.2955 899.2498 1009.151 1027.2791 1066.0349 988.7264 946.1514 930.8593 875.9634 824.3961 783.7959 771.3448 736.2498 728.8464 722.672 691.4314 689.2416 700.6135 717.7012 684.9901 681.1218 668.5721 626.6956 564.9373 543.7847 581.6459 591.8541 541.8566 492.6726 453.2334 456.2698 417.4908 417.3407 406.1531 555.6614 708.9813 752.1385 621.1245
