MapLib/Lvl1_5x5/BG/Ele_BG_AB.asc
ncols         557
nrows         557
xllcorner     556500
yllcorner     6122669.448
cellsize      1000
nodata_value  -9999.0
[rows 84 to 111 of 557, columns 192 to 255 of 557]
1076.2765 1063.4299 1084.5433 1074.3582 1086.4104 1039.1149 1135.0051 1140.636 1001.5012 962.6832 956.915 1087.3458 1173.1672 1188.7208 1172.976 1119.597 1146.4923 1068.3073 976.3688 956.3857 944.3541 994.8407 1083.6335 1041.0229 930.7788 900.7831 936.4117 971.5595 981.3074 1037.4069 1090.1841 1138.105 1197.4896 1061.6855 957.1464 946.1895 1005.6819 1120.8662 1081.9248 1080.4253 1035.2595 1018.9555 940.8899 886.4773 954.4534 907.181 779.3996 832.8392 1019.8704 1093.0176 1100.2106 1134.5365 1155.8982 1115.2263 1009.5706 1060.426 1120.4719 1245.6672 1263.0948 1222.9095 1136.5582 1030.4668 920.5372 889.3586
1054.0361 1025.1356 1001.4316 925.0369 805.9948 813.3345 890.3927 989.6422 1082.4554 1057.2506 1173.1616 1196.056 1173.7977 1193.0952 1193.5925 1212.3119 1214.8553 1191.0156 1181.1423 1085.097 1091.9891 1218.3418 1205.0767 1205.0719 957.6087 894.0914 895.3593 906.4884 955.1719 1053.4734 1167.8226 1231.127 1100.3649 959.9722 949.5496 1056.7014 1116.9154 1091.8896 1076.8568 1009.1377 936.079 877.4081 890.1227 930.752 1070.2491 1246.8203 1291.2385 1306.4918 1304.9634 1292.1101 1291.3198 1283.4674 1281.5376 1284.9216 1266.7539 1255.2438 1249.4767 1274.3258 1313.9156 1326.9572 1282.3479 1231.7858 1138.9701 969.474
972.791 1006.2095 946.4614 806.097 904.2155 1087.6654 1142.5103 1114.1804 1126.7354 1138.2601 1152.0409 1190.127 1191.2689 1178.2959 1204.0212 1236.3179 1221.8024 1254.9327 1231.2069 1200.5726 1194.2509 1208.3761 1204.6915 1147.2955 908.2522 943.4406 963.501 917.2358 922.3271 1011.6936 1161.2235 1123.9515 1040.6222 960.9771 934.0449 1096.8573 1180.6254 1142.4478 1081.9144 961.4319 932.1188 954.0437 985.6057 1063.6411 1146.6057 1244.0181 1293.6426 1291.7971 1297.5801 1321.9369 1319.0634 1270.401 1342.6005 1336.95 1347.8125 1317.4772 1370.5806 1381.4523 1392.0725 1361.6392 1338.4628 1339.5941 1225.4767 1125.0198
792.5957 942.9012 1060.4619 1063.6504 1034.7528 1056.8849 1068.1617 1108.8571 1113.2802 1132.1136 1161.9452 1174.4053 1171.9677 1199.5161 1216.5072 1217.3654 1238.5139 1234.2775 1236.4235 1256.8749 1251.0685 1265.7871 1256.7272 1192.0219 900.368 996.9196 1060.615 930.3401 911.8118 960.3818 1001.7217 1007.4366 967.6009 917.371 886 897.0089 1005.3203 1020.8293 1001.1215 960.7147 945.2217 959.9774 1014.0015 1138.3732 1171.8127 1199.6449 1268.2301 1301.2303 1319.0387 1334.5448 1336.0785 1202.2367 1250.799 1235.2008 1332.842 1311.1097 1290.8293 1195.548 1135.2272 1125.7656 1221.3352 1288.3798 1363.8469 1353.1471
1044.2296 1034.2639 1049.4974 1040.2354 1021.8925 1028.3721 1065.9995 1100.8062 1105.2797 1120.196 1152.4028 1148.9965 1152.885 1178.5177 1187.7533 1197.0315 1222.8743 1233.8696 1240.0303 1234.1945 1243.4968 1201.0682 1197.3018 1027.5857 886.122 1022.3134 1136.7539 1018.7679 938.6659 889.0051 886 898.5569 886.4557 886.7165 895.9244 932.416 948.5304 926.9278 928.7576 958.9824 972.9972 1014.571 1104.8253 1220.6486 1295.2734 1319.153 1309.5822 1350.3766 1246.6727 1181.4598 1147.3645 1169.533 1210.3561 1262.0446 1299.9618 1250.1123 1142.8579 1089.1659 1108.2034 1167.6619 1234.7542 1120.0507 1135.434 1208.2162
979.0097 928.4086 956.6446 973.1627 952.5016 1005.1015 1080.4902 1102.4108 1132.0752 1143.9877 1142.3779 1128.0563 1161.2898 1178.9597 1172.2053 1187.9854 1187.8159 1208.0906 1199.3787 1139.243 1090.667 1084.6039 1049.9561 896.3329 887.2103 969.5569 1001.6453 1003.0938 981.2919 890.0896 886.121 886.5093 966.6049 1053.9277 1026.9489 981.3007 947.2891 972.5105 1053.5554 1051.4023 1050.9358 1132.3522 1254.1486 1252.1667 1300.4679 1316.1228 1299.2804 1329.5929 1224.9148 1158.4426 1160.23 1273.4362 1288.2815 1260.0895 1233.9208 1194.8245 1097.3031 1067.462 1079.3613 1062.8099 1060.1934 1043.6184 1071.4056 1094.7217
930.9795 1031.049 1029.1945 1006.8489 976.0476 1018.048 1018.8904 1019.0245 1097.959 1094.1818 1089.7084 1120.8934 1138.8948 1157.2568 1196.6635 1129.2596 1066.1765 1049.4155 1019.8085 1021.9504 949.1921 896.0972 886.2149 886 886 886 895.1931 941.6505 901.5872 886.5228 889.8866 925.7339 1037.6604 1046.0718 1016.9437 978.4254 997.3011 1094.0967 1090.4387 1078.5072 1205.8407 1253.7977 1277.2867 1271.6239 1277.1108 1326.2247 1352.8672 1364.5507 1307.8385 1155.4564 1124.761 1177.6578 1202.4893 1047.5424 1031.4557 1030 1030.9297 1030 1034.7899 1051.8918 1072.7877 1052.5594 1052.1661 1130.6019
884.7801 934.136 1016.9582 1014.3067 972.7228 1026.5653 1012.0611 1036.0015 1039.7296 1071.8557 1129.5959 1166.6859 1142.0708 1162.6656 1098.8647 1059.0144 1081.6058 1068.1943 1031.7286 1122.058 1108.7747 1052.8516 985.5057 886 886 906.5197 918.8965 917.4062 886 886.4083 910.671 954.5079 978.5754 982.4258 986.6254 1005.3759 1049.3397 1145.6381 1141.8278 1145.8954 1145.4087 1240.6675 1240.3933 1262.8812 1304.1975 1311.1232 1259.7351 1256.2502 1167.9208 1110.8538 1075.764 1050.844 1031.1888 1034.3232 1058.4625 1084.8761 1073.5048 1032.4409 1039.243 1039.3484 1026.3804 1039.1371 1041.1835 1033.2401
925.6028 941.6602 977.3118 988.5641 986.5158 1052.6283 1075.7203 1076.5549 1086.1373 1083.2112 1102.4498 1085.9379 1064.0182 1097.8588 1151.9575 1173.8176 1077.7269 969.0816 922.8237 896.8389 945.3624 887.4495 887.645 889.6134 886.1096 886.4972 891.2236 952.6212 1013.2993 1016.6919 1023.8523 1035.5601 1026.2927 1066.2449 1119.6377 1134.2056 1131.6803 1178.7788 1220.981 1256.6046 1251.345 1273.2581 1300.436 1366.296 1332.9913 1296.8959 1248.2258 1296.6415 1293.9226 1205.465 1075.7151 1041.9938 1026.8317 1034.2198 1029.4656 1026.7671 1026 1036.4332 1054.7385 1026.0527 1030.0785 1043.5171 1072.9559 1061.557
959.2758 986.9868 1011.1587 1026.127 1053.3552 1013.7986 1040.2079 1026.5253 1030.309 1042.6738 1015.2863 1014.247 1080.8193 1145.1869 1134.4634 1164.34 1076.6543 912.6363 886 886 888.7588 886.0215 891.9023 899.4997 928.9673 1005.8351 1034.9647 1054.9993 1052.7355 1036.285 1030.5649 1050.6061 1065.3423 1107.3594 1162.7833 1108.6744 1198.4075 1247.9611 1256.1265 1273.4855 1281.6774 1307.5286 1314.5273 1319.3907 1320.5319 1311.1786 1360.3485 1397.1176 1386.8517 1294.1912 1231.1687 1161.7791 1121.1545 1124.7078 1134.6132 1085.5444 1130.88 1037.839 1033.678 1120.9344 1093.3489 1093.7291 1071.0542 1041
1041.0717 996.2047 962.1451 1031.8047 1141.9935 1090.2888 1075.6892 1065.8291 1115.512 1094.5072 1041.0889 1036.0161 1024.6588 972.4108 996.0371 934.7832 912.6713 903.5001 886 889.123 960.175 1018.6392 983.7127 951.9882 991.1368 1011.9763 1028.9731 1064.5566 962.3984 885.6425 925.9777 982.1212 1013.6863 1046.9685 1078.1791 1178.3735 1260.2598 1279.4254 1260.9183 1269.7222 1287.1842 1311.3544 1340.8424 1340.6403 1314.1381 1203.7172 1284.0525 1328.7935 1291.6906 1252.4365 1285.7994 1253.7328 1192.4548 1103.7759 966.3848 957 996.9478 1106.1549 1172.6405 1118.0463 1057.3173 1044.8092 1041.0303 1041.3722
1080.7878 1064.4425 1059.0764 1034.7344 1098.8323 1098.4261 1108.1218 1125.7825 1102.7581 1084.271 1122.3451 1020.8582 951.4549 904.0812 886.2675 886 886 886 888.8153 937.299 999.6447 892.8551 871.2754 865.6623 882.784 881.7509 860.3213 886.6954 865.0236 824.3947 850.5595 934.3411 984.6552 973.9722 1017.156 1164.738 1222.0995 1213.1901 1222.1952 1239.0179 1286.6644 1312.0928 1298.3148 1188.189 1100.9293 1131.3047 1169.3175 1190.2244 1112.8357 1062.9008 1148.2754 1159.255 1111.3264 1074.6924 991.3207 961.6354 1021.5974 1056.3434 1089.6458 1087.8535 1102.2639 1079.2721 1052.8369 1014.5499
1151.0782 1121.5911 1106.4781 1086.3405 1155.1531 1154.7087 1159.1547 1096.3751 1035.0503 992.5007 902.1411 886.2131 885.8386 932.1199 951.9771 911.1041 901.9674 893.519 886 928.7546 909.9305 791.4835 804.6086 785.6526 826.9639 860.0594 879.2128 874.2936 821.3419 870.5436 967.6519 1053.4242 990.7051 962.7952 986.7445 1158.0898 1211.4896 1269.3977 1240.4857 1235.2673 1305.0323 1297.3978 1243.1523 1178.4496 1037.422 1041.543 1130.0364 1013.6356 982.9451 941.553 933.9454 940.4208 959.5161 982.2431 1001.135 1028.1409 998.7347 1001.0948 1038.3618 1009.174 1008.6835 1033.5201 1016.3632 1010.655
1207.6051 1204.6775 1199.2887 1139.2668 1088.808 1163.3348 1074.0536 1065.3893 1057.4628 1039.459 1053.7157 996.9396 919.2564 970.0331 963.0492 932.3322 1001.1053 1001.1954 941.3414 822.4862 858.4825 773.4521 848.3841 872.6099 879.744 860.732 886.4808 856.7136 825.1484 785.8925 921.8932 988.4459 961.8032 972.3879 1063.0267 1142.2183 1118.4548 1113.4573 1139.2074 1177.9175 1323.8685 1284.1335 1200.6152 1110.735 1056.1213 952.3819 932.0668 928 928 929.1904 929.0642 929.6882 1036.8774 1039.8331 946.384 943.1109 964.376 982.23 991.2401 991.9896 1002.0885 1029.3521 1057.2692 1074.1971
1244.4276 1205.3827 1207.1382 1128.9225 1011.7708 878.4812 1030.0474 1164.168 1092.6449 1047.5897 1004.2227 947.9098 911.4612 919.3297 908.1253 866.6827 813.5797 862.4227 787.1929 757.8298 751.8426 810.6967 932.9423 911.9976 912.687 894.2058 890.236 867.9771 801.5502 785.2385 808.9843 851.9016 945.3102 977.8063 1049.7842 1099.4414 1123.8337 1136.9319 1248.3043 1282.5844 1239.7435 1207.4231 1169.3474 1176.4769 1178.9218 1102.8551 1075.903 947.9471 974.9262 930.3508 928 928 928 928.1426 928.0413 1020.6916 1069.0886 1027.2904 1000.0659 1037.7913 1095.2703 1170.1128 1168.4609 1220.3188
1189.1975 1115.1117 1042.3627 874.8241 952.6075 1108.1956 1104.1893 1024.9231 986.6729 959.4127 956.4279 943.4446 910.7222 911.4333 890.9845 846.9496 812.8602 796.1341 785.5074 785.3577 774.761 878.8269 907.1389 908.2879 891.2287 868.0302 860.158 820.9651 808.2751 788.3655 813.968 871.8429 968.7002 1109.5631 1137.0684 1122.6541 1138.3228 1213.324 1234.3607 1234.5413 1172.2468 1209.3208 1221.7104 1209.9486 1054.6023 968.5297 1017.1096 928 928 928.0798 935.6775 928.3635 928 955.1854 991.4618 995.2018 1035.6406 1110.5607 1131.6667 1150.2456 1166.9755 1206.3782 1242.894 1232.8867
927.7649 892.413 890.7593 971.7836 980.3892 982.124 1044.4398 1022.0034 985.4557 1038.0892 945.727 901.1685 874.9523 896.5665 932.2745 841.7234 819.3065 916.0521 958.4924 828.2477 810.46 910.6868 882.3116 877.5477 766.3354 768.4739 748.177 780.0162 791.1156 818.6941 913.1344 985.5695 1073.6138 1127.9387 1165.5123 1199.5627 1238.7577 1170.3972 1112.6537 1103.7764 1120.3751 1144.0165 1198.3326 1198.4116 1193.3475 1124.0378 1042.636 944.2139 928 928 928 928.5615 930.0445 1012.1463 1003.7811 986.808 999.1379 1038.6124 1090.1346 1128.5294 1150.5844 1183.4174 1216.822 1246.1754
858.1815 871.8792 997.5872 1037.8423 1029.0024 1048.7699 1028.7222 1062.1409 1025.9835 1034.0636 988.0084 859.1047 777.6844 779.4601 836.6592 936.5677 925.6451 936.6907 910.8479 760.8399 711.903 775.836 731.3878 706 706 717.0196 763.3993 795.6924 844.5019 882.5455 1012.4171 1030.6874 1066.9192 1131.183 1133.0352 1143.5588 1184.1033 1185.8564 1128.7798 1033.374 1020.5429 1025.4944 1082.1907 1136.1104 1104.0674 1097.1316 970.3795 928 928 928 928 933.4243 952.2927 944.3619 943.3361 968.1204 991.7582 1029.2006 1052.9666 1059.9633 1119.0624 1159.167 1192.6436 1177.0859
806.3612 924.8011 1036.8309 1035.1975 1002.1908 1020.0552 1038.2823 1022.941 925.834 847.8908 708.2411 658.892 843.416 967.7559 959.8724 860.4678 813.6572 799.8156 735.4322 715.218 720.1454 757.2249 789.6137 752.4466 771.0209 856.6531 836.4646 793.5013 822.0067 924.8076 963.541 1024.4883 1069.3525 1112.0997 1119.2753 1140.5542 1157.5994 1175.3595 1132.1934 1134.8881 1109.124 1031.4232 1036.1462 1101.3519 1047.7949 1008.3802 939.5065 928 928 928 942.2571 969.5063 950.0994 937.3445 931.4222 953.6816 976.0743 963.1053 996.5145 1060.9841 1071.7416 1125.6919 1135.3839 1143.8937
765.5323 794.0968 777.2993 803.8 964.0853 937.3102 804.7654 604.9697 591.5003 749.2312 841.7897 863.5454 918.8996 946.7241 890.514 832.9058 725.9116 718.6676 779.2391 781.3563 847.9044 904.4025 863.9817 805.6196 730.6802 845.1866 884.4802 788.0908 807.8397 903.5334 980.7731 1026.5573 998.7315 1068.3486 1105.5127 1122.4845 1108.4425 1147.1119 1069.125 1052.5994 1104.0638 995.5526 953.2139 1024.688 1007.3024 931.5306 928 928 928 928 928 942.8328 929.0514 928 928 963.5244 1000.2515 1019.0575 988.9089 1058.6738 1036.9858 1085.7463 1102.5814 1073.9626
382.9483 492.3167 472.8606 527.012 573.3006 731.8016 826.621 889.9153 965.1797 932.9066 971.7358 986.6012 930.3901 908.5571 892.6235 875.6104 850.1335 751.0467 677.0215 677.0824 719.3396 782.7171 809.4532 788.4963 714.8879 826.2383 840.4552 754.4517 744.7411 931.854 901.0126 899.6193 925.0444 1076.2273 1077.5969 1124.7748 1088.9875 1138.5875 1133.8804 1079.4084 1051.8184 1080.8578 1073.0326 949.8337 952.9152 928.2457 928 928 928.8055 927.7278 928 928 947.5317 965.6716 979.6803 1033.2114 1090.3689 1113.7012 1085.1018 1088.2611 1079.0939 1079.7909 1076.6195 1075.6854
717.856 762.3503 862.0926 866.9783 889.3348 1000.592 1067.9349 1017.0709 1016.5224 956.9014 962.6799 942.9308 925.0901 861.9937 814.4509 836.6355 871.7712 719.9736 701.9449 711.9622 869.1972 909.2028 903.3856 856.3498 655.9458 694.1226 698.1136 711.7152 773.4812 838.5682 961.6291 1062.9586 1023.497 1049.0754 1057.2448 1034.7949 1055.9879 1091.6733 1036.1116 1079.2502 1111.9716 1047.5121 1022.4825 974.7521 937.1696 928 928 928 928 928 929.5446 939.7164 940.0302 960.1841 985.2683 1003.5215 1051.3031 1031.0669 1066.2164 1115.6028 1128.0258 1107.9644 1114.9202 1085.6899
860.4581 875.0414 830.2332 899.4044 895.3226 923.14 969.9651 1015.7088 987.1155 965.2101 915.4461 840.4395 881.0541 865.2025 814.0737 736.8072 696.2465 732.4214 816.1597 862.6882 847.3594 845.8627 802.8558 746.4288 629.957 610.0627 649.2847 734.823 818.6235 918.8123 962.9067 1008.1539 990.8361 981.4603 1017.2441 1060.4706 1031.2903 994.4341 1013.5667 1062.2505 1050.9541 1052.8812 1039.9775 1019.882 977.6637 936.8033 928.1217 937.2007 928 929.7198 980.6891 1015.8605 988.1227 984.8255 998.9454 993.1827 1010.2739 1041.3102 1108.3746 1120.7772 1127.5552 1116.0895 1087.6075 1096.6813
925.8976 912.6198 910.467 888.121 882.2408 894.9664 881.6131 888.4174 870.4891 880.2686 855.8785 768.2267 749.9847 734.1016 732.9577 704.3008 682.1198 777.6898 859.8718 924.4656 898.1865 918.7014 861.5941 848.6945 751.2245 632.6599 699.2792 741.2913 800.0225 869.8173 893.3273 939.029 990.1389 1033.7452 1034.1307 1007.2496 1022.8098 1005.5409 959.326 956.2413 959.473 961.7169 968.4367 957.3906 991.1857 959.7324 877.1843 900.1151 900.8018 931.713 964.4315 978.3655 1019.8586 1065.6797 1075.8969 1051.7291 1113.463 1076.6154 1008.6423 1042.6693 1069.0857 1043.6836 1037.5466 945.197
909.7401 921.6108 920.8707 912.1793 912.2342 893.403 907.4749 919.5435 874.5013 873.8214 898.5355 847.9808 814.222 748.3687 687.2205 682.4147 670.5336 769.1238 874.447 851.7448 786.0466 796.1078 725.7342 671.1681 683.0555 652.1902 756.0172 858.7078 873.2923 889.5778 917.6242 930.1545 906.7931 934.6091 952.4611 873.7704 853.3911 850.8527 874.6665 902.0229 932.7419 985.0374 967.1318 980.518 928.1285 909.8475 896.3516 876.0538 892.1096 934.2241 946.5619 959.9367 1024.7842 1056.223 1102.7947 1047.4358 1049.978 1024.0684 978.3202 973.8037 1020.7888 1023.9402 1013.7628 988.6822
938.9253 960.1655 952.7117 976.1462 1002.4163 962.3711 925.4042 904.537 848.9254 836.7681 831.5112 789.5563 773.5222 792.2701 717.8959 684.777 704.3623 666.5258 714.0863 779.0582 705.8779 651.5388 581.2929 608.4233 630.894 714.6893 739.3279 768.9779 864.2876 919.6049 914.1479 870.4366 864.226 937.6899 932.7676 925.6972 951.6802 917.969 858.2579 836.2657 834.2753 906.1711 941.4035 943.933 947.7512 928.2084 944.2588 941.3492 926.4341 880.0176 895.8786 974.0511 973.2228 956.0187 948.7552 953.1885 944.2147 967.165 987.6646 967.4119 967.5245 975.5367 986.382 1046.2041
959.1368 981.0249 979.2958 970.0784 1025.465 983.1412 969.6009 1015.3365 940.1904 828.2252 804.1551 808.7011 766.6856 755.2072 773.9288 745.3463 728.1611 663.444 659.1382 710.9643 706.0268 680.8296 641.3765 555.6202 597.4433 698.9371 743.8826 783.4003 951.2545 1030.3473 1045.5071 982.8149 956.7458 937.2941 893.6216 866.3812 858.1066 838.0216 860.6636 835.8183 834.3494 910.7302 903.165 898.9824 905.4745 917.995 907.3995 898.9304 921.3012 904.3995 882.686 872.724 940.6779 970.9498 1014.3309 960.4374 941.6597 1002.7208 980.5832 1002.3513 1053.3132 1047.9927 1049.1802 1062.2699
1014.2848 1015.5596 1020.1317 980.4926 983.4445 1015.7278 1007.3444 937.9286 905.9004 903.97 906.0864 859.2374 832.8859 806.6543 804.729 780.5569 778.9569 694.0408 652.8946 656.4754 628.7917 647.1547 560.2671 677.5602 774.5309 878.2667 931.758 928.8644 968.6612 1049.9147 1043.4937 1056.9617 1022.594 1038.9364 1009.5122 969.5889 935.4383 898.0491 870.2388 839.8963 835.6732 834 835.2176 834 850.7614 893.3777 872.9659 854.6755 843.553 836.9348 871.7305 940.7174 976.5567 991.5323 949.3296 906.0638 921.0838 961.1575 974.4495 1030.2808 1048.5811 1010.9496 1005.4858 993.4913
