MapLib/Lvl1_5x5/BG/Ele_BG_AE.asc
ncols         557
nrows         557
xllcorner     2227500
yllcorner     6122669.448
cellsize      1000
nodata_value  -9999.0
[rows 210 to 239 of 557, columns 134 to 200 of 557]
-48.5015 -46.3899 -45.1268 -45.9447 -45.7428 -45.5015 -45.5015 -45.5015 -46.0301 -46.8481 -47.1647 -47.9828 -48 -47.8815 -47.0641 -47 -46 -45.2227 -44.5875 -44.0478 -45 -44.8404 -44.4985 -44.4985 -44.4985 -43.6392 -43.4985 -44.5636 -44.2349 -41.9016 -40.9852 -40.1671 -39.3489 -38.0616 -37.2141 -36.3982 -36.003 -35.7611 -35.5015 -35.1262 -34.1133 -32.4898 -31.3443 -31.003 -31.003 -31.003 -31.003 -31.003 -31.003 -31.003 -31.003 -31.003 -31.003 -31.003 -31.003 -31.003 -31.003 -31.003 -31.003 -31.003 -31.003 -31.003 -31.003 -31.003 -31.003 -30.5015 -30.5015
-50.2926 -49.6075 -48.2735 -48.2735 -48.2025 -47.2524 -47.1368 -46.6334 -47 -47 -47 -47 -47 -47 -47 -47 -46 -46 -45 -44.9522 -44 -43.9565 -43.8632 -43.8632 -43.6392 -42.8632 -42.3578 -43.1298 -44 -43.7912 -43.2735 -43.2735 -41.9674 -40.2034 -40.2156 -40.0616 -39.1577 -38.1368 -37.2574 -37.1368 -35.7486 -34.2735 -34.1834 -33.2735 -33.2735 -33.2735 -33.2735 -33.2735 -33.2735 -33.2735 -33.2735 -33.2735 -33.2735 -33.2735 -33.2735 -33.2735 -33.2735 -33.2735 -33.2735 -33.2735 -33.2735 -33.2735 -33.2735 -33.2735 -33.1868 -32.904 -32.1498
-52.772 -51.2987 -50.772 -50.772 -49.8817 -48.8458 -48 -47 -47 -47 -47 -47 -47 -47 -46.3272 -46.228 -46 -45.4 -45 -44.9522 -44 -43.9274 -43.772 -43.3175 -42.9489 -42.772 -42.2666 -43.1298 -44 -44.228 -44.2555 -45 -43.6939 -41.844 -41.9035 -42.5601 -41.5789 -40.544 -40.4264 -39.544 -38.1559 -37.526 -36.6218 -36.544 -36.544 -36.544 -36.544 -36.544 -36.544 -36.544 -36.544 -36.2538 -35.772 -35.772 -35.772 -35.772 -35.772 -35.772 -35.772 -35.772 -35.7 -35 -35 -35 -34.3657 -34 -33.0952
-53.4204 -52.7941 -52.1589 -51.4073 -50.4811 -49.3445 -48.2106 -47.2343 -46.9756 -46.1807 -46 -46 -46 -46 -45.6451 -45.5927 -45 -45 -44.3482 -44.0478 -45 -44.8113 -44.4073 -44.1675 -43.8672 -43.4073 -43.4073 -44 -44 -43.5927 -43.6072 -44 -43.6939 -43 -43.2348 -43.4073 -43.7523 -43.8145 -43.8145 -43.0616 -41.4264 -39.805 -39.4073 -38.8145 -38.8145 -38.8145 -38.8145 -38.8145 -38.8145 -38.8145 -38.8145 -38.6614 -38.4006 -37.5512 -37.4073 -36.4903 -36.4073 -36.4073 -36.4073 -36.4073 -36.3693 -36 -35.2591 -35 -34.3657 -34 -33.0952
-55.0646 -54.4294 -53.7941 -52.1589 -51.5236 -50.036 -49.2106 -47.5934 -47 -46.3344 -46 -46 -46 -46 -46 -45.0425 -45.0425 -45.0425 -45 -45.002 -45.0425 -45.3473 -46 -45.0425 -45.0425 -45.0425 -45 -45 -44.2675 -44.0255 -44.0015 -44.0425 -44.0295 -44 -44.0245 -44.2454 -45 -45.0425 -45 -44.2791 -42.6544 -42.0425 -42.0425 -41.7611 -41.0851 -41.0851 -42.0425 -41.2431 -41.0851 -41.186 -41.3333 -41.0691 -40.0846 -40.0425 -39.0731 -39.0425 -38.0616 -38.0425 -38.0425 -38 -37.0425 -37.0115 -36.0425 -36 -35.0425 -34.7419 -34.004
-57.3627 -56.0646 -55.4294 -53.7941 -53.1589 -51.5236 -49.8884 -48.3899 -47.6372 -47 -46.4538 -46 -46 -46 -46 -46 -46 -46 -45.6778 -45.6932 -46 -46.2157 -46.6778 -46.6778 -46.6778 -46.0954 -45.6778 -45.6778 -45.6778 -44.871 -44.6893 -45 -44.9014 -44.6778 -44.8636 -45 -45.5742 -46 -45 -45 -43.8749 -43.6778 -44.1242 -44.1563 -43.6778 -43.6778 -44.3556 -43.7896 -43.6778 -43.7493 -44.3556 -43.3018 -42.6742 -41.9174 -41.587 -40.734 -40.4998 -39.6778 -39.6778 -38.6778 -38.6146 -37.7653 -37.4312 -36.6781 -36.2479 -35.4951 -34.7084
-59.313 -58.313 -57.1424 -56.3495 -54.7941 -53.1589 -51.5236 -50.0213 -49.2531 -48.313 -47.9826 -47.313 -47.313 -47.313 -47.313 -47.313 -47.313 -47.313 -47.313 -47.313 -47.313 -47.313 -47.9681 -48.1843 -48.313 -47.4537 -47.313 -47.313 -47.313 -46.313 -46.313 -46.103 -45.7897 -45.313 -45.1325 -45 -45 -45.687 -45 -45 -44.7334 -44.3291 -45 -45 -44.3617 -44.7008 -45 -45 -44.313 -45 -45 -43.624 -43 -42.3535 -42 -41.083 -41 -40 -40 -39 -38.9067 -38 -37.6362 -37 -36.2512 -35.5018 -34.0952
-60.9483 -59.9483 -59.661 -58.0646 -57.3777 -55.7424 -54.1072 -52.4939 -50.8884 -49.9483 -49.6178 -48.9483 -48.9483 -48.9483 -48.9483 -48.9483 -48.9483 -48.9483 -48.9483 -48.9483 -48.9483 -48.9483 -48.9483 -49.5371 -49.9483 -49.089 -48.9483 -48.9483 -48.9483 -47.9483 -47.9145 -46.9653 -46.658 -46 -45.4234 -45 -45 -45 -45 -45 -45 -45 -45 -45 -45 -45 -45 -45 -45 -45 -45 -43.624 -43 -42.3535 -42 -41.083 -41 -40 -40 -39 -38.9067 -38 -37.6362 -37 -36 -34.7444 -34.0049
-62.5836 -61.5836 -61.3352 -60.5836 -59.0646 -57.4294 -56.2548 -54.7424 -53.5586 -52.4719 -51.9743 -51.5836 -51.1671 -51.1671 -51.1671 -51.1671 -51.1671 -51.1671 -51.1671 -51.1671 -51.1671 -51.1671 -51.5642 -51.5836 -51.5836 -51.2257 -50.8785 -50.5836 -50.5836 -49.5836 -49.548 -48.5836 -47.8725 -46.6422 -46 -45 -45 -45.5836 -45 -45 -45.2265 -45.5699 -45 -45 -45 -45 -45 -45 -45 -45 -45 -43.624 -42.9888 -42 -41.2991 -41 -40.1865 -39.8906 -39.0738 -38.7327 -38 -37.5749 -37 -36.417 -35.3657 -34.7304 -34
-64.2188 -63.2188 -62.9704 -62.2188 -61.6999 -60.0646 -58.6021 -57.4376 -56.3908 -55.5043 -54.5841 -54.4376 -53.4376 -53.4376 -53.2469 -53.2188 -53.2188 -53.2188 -53.2188 -53.2188 -53.2188 -53.4376 -54.1825 -53.7589 -53.2188 -53.2188 -53.2188 -52.4092 -52.2188 -51.35 -51.1832 -50.2188 -48.9127 -47.2775 -46.4234 -45 -45.8471 -46 -45.1931 -45 -46 -45.9766 -45 -45 -45 -45 -45 -45 -45 -45 -45 -43.624 -42.7724 -41.3535 -40.7812 -39.8642 -39.7812 -38.7812 -38.7812 -37.7812 -37.7083 -36.8406 -36.497 -36 -35.2857 -34.7304 -33.802
-65 -64.8541 -64.6057 -63.8541 -63.3352 -62.554 -61.7081 -60.7081 -59.7081 -59.0129 -58.3777 -57.7081 -56.7081 -56.5064 -55.7269 -55.7081 -55.7081 -55.7081 -55.7081 -55.7081 -55.7081 -55.8541 -55.8541 -55.8541 -55.7081 -55.7081 -55.2857 -54.8351 -54.0547 -53.7956 -52.8489 -52.1352 -50.548 -48.9127 -46.785 -45 -45.8471 -46 -45.8824 -45 -46 -45.9766 -45 -45 -45.7936 -45.372 -45 -45 -45 -45 -45 -43.624 -41.9904 -40.4994 -39.7594 -39.0121 -37.6743 -36.9858 -36.2919 -36.1459 -36.1459 -36.0396 -35.6893 -35.1459 -35 -34.7304 -33.0952
-66.4893 -66.4893 -66.2409 -65.4893 -65.2243 -64.4893 -64.0862 -63.4893 -62.9786 -62.6385 -61.6482 -60.5061 -59.9786 -59.3687 -58.1072 -57.9786 -58.0512 -58.4893 -58.4893 -58.4893 -58.4893 -58.4893 -58.4893 -57.6993 -57.4893 -57.4893 -57.4893 -56.4893 -56.4893 -55.4893 -54.4893 -53.8185 -52.1832 -50.0672 -47.9127 -45.9786 -46.4113 -47.2533 -46.3717 -45.4893 -46 -45.988 -45.4893 -45.4893 -45.9638 -45.7118 -45 -45 -45 -45 -45 -43.624 -41.9888 -40.3535 -39.2076 -38.0406 -36.9371 -35.9042 -35.4893 -35.4893 -35 -35 -34.822 -34.5107 -34.5107 -33.8837 -32.6058
-67.1246 -67.1246 -67.1246 -67.1246 -67.1246 -66.9896 -66.1508 -65.7528 -65.2492 -65.2492 -64.208 -63.2792 -62.5985 -62.2197 -61.3617 -61.2492 -61.2492 -61.1523 -60.7635 -60.1246 -60.1246 -59.8063 -59.1246 -59.1246 -59.1246 -59.1246 -59.1246 -58.1246 -58.1246 -57.1246 -56.1246 -55.4537 -53.8185 -52.1832 -50.548 -48.2492 -48.2492 -48.6422 -48.0069 -47.1246 -47.1246 -47.1217 -46.4234 -46.3819 -47.1158 -46.4356 -45.0997 -45 -45 -45 -45 -44 -43.1133 -41.4781 -40.8428 -39.2076 -38.5723 -37.1246 -37.0221 -36.1246 -35.9183 -35.0338 -33.9547 -32.8764 -32.1955 -31.7508 -30.9587
-68.7598 -68.7598 -68.7598 -68.7598 -68.7598 -68.7598 -68.5702 -67.7598 -67.7598 -67.7598 -66.6805 -65.7859 -65.5197 -65.2834 -64.5197 -63.7598 -63.7598 -63.5732 -62.7598 -61.7598 -61.7598 -60.9236 -60.7598 -60.7598 -60.7598 -60.7598 -60.3841 -59.7598 -59.1785 -58.4557 -57.7328 -56.8389 -55.4537 -53.8185 -52.6214 -51.3587 -50.7598 -50.644 -49.6422 -48.7598 -48.7598 -47.9944 -47.7598 -47.7598 -47.983 -46.4356 -45.1922 -45 -45 -45 -45 -44 -43.9888 -42.3535 -41.7183 -40.7798 -39.8674 -38.7598 -37.9371 -37.4118 -36 -35.2715 -33.6362 -32.0009 -31.7598 -30.7598 -30.7598
-70.3951 -70.3951 -70.3951 -70.3951 -70.3951 -70.456 -70.4783 -69.3951 -69.3951 -69.6698 -69.0646 -67.8109 -68.1537 -68.554 -67.4459 -66.59 -66.3092 -65.4831 -64.3951 -63.3951 -62.7121 -62.2693 -61.4232 -61.3951 -61.3951 -61.3951 -61.3951 -60.9215 -60.0928 -59.2369 -58.381 -57.5942 -57.089 -56.3951 -55.0463 -53.7065 -53.3951 -52.5996 -51.7437 -50.6422 -50.0069 -49.3858 -48.6016 -48.279 -47.6329 -46.4356 -45 -45 -45 -45 -45 -43.8515 -43 -42.3535 -41.8296 -41.0328 -41 -40.7161 -39.5723 -37.542 -36 -35.2715 -34.2514 -33.3957 -33.3951 -33.5206 -32.4327
-72.0303 -72.0303 -72.0303 -72.0303 -72.0303 -72.0303 -72.0303 -71.6186 -71.1188 -72.0303 -71.0303 -70.0646 -70.0303 -70.0303 -70.0303 -69.0303 -68.026 -67.2463 -66.0178 -64.9537 -63.3473 -63 -62.0754 -62 -62 -62 -62 -61 -60.2349 -59.5997 -59 -58.3495 -58 -58 -56.4537 -55.7946 -55.0046 -54.0157 -53.0268 -52.2471 -51.0186 -50 -49.3413 -48.7061 -47.0708 -46.4356 -45 -45 -45 -45 -45 -43.624 -43 -42.3535 -41.7183 -41 -40.9697 -40.964 -39.3187 -37.0675 -35.8764 -34.2632 -33.9697 -33.0009 -33.9504 -33.6697 -32.0345
-73.6656 -73.6656 -73.6656 -73.6656 -73.6656 -73.6656 -73.6656 -73.9483 -73.6656 -73.6656 -72.6656 -72.3427 -71.6656 -71.6656 -71.6656 -70.9939 -69.5236 -68.1483 -67.2531 -65.6338 -64.317 -63.4538 -63 -62.2737 -62 -62 -62 -61 -60.2349 -59.5997 -59 -59 -58.6656 -58.6656 -57.8072 -56.5246 -55.7167 -54.8387 -53.8824 -52.7482 -51.6118 -50.65 -49.3413 -48.7061 -47.0708 -46.4356 -45 -45 -45 -45 -45 -43.624 -43 -42.3535 -41.7183 -41 -39.6324 -39.1469 -37.5116 -35.8764 -34.3032 -33.5151 -32.7579 -32.3344 -31.4567 -30.5786 -29.4296
-73 -73 -73 -73 -72.8439 -72.3983 -72.6358 -73.6991 -72.6811 -71.7031 -71.3983 -71.6888 -70.5183 -70.3983 -70.6605 -70.0399 -68.1143 -66.3983 -66.6991 -65.6514 -64.0161 -63 -62.7131 -62.2875 -62 -62 -62 -61 -60.2349 -59.5997 -59 -59 -59 -59 -58.4234 -57.2371 -56.1529 -55 -53.8824 -53 -51.6118 -50.9766 -49.3413 -48.7061 -48 -46.6054 -46 -46 -45.6713 -45.2691 -45 -43.624 -43 -42.3535 -41.7183 -40.083 -39.1469 -37.5116 -35.8764 -34.2411 -32.6991 -31.9706 -31.6991 -30.7001 -30.2557 -29.7304 -29
-72.0639 -72.0639 -72.0639 -72.0639 -71.545 -69.1278 -69.9172 -71.5253 -70.0678 -68.4326 -68.4371 -69.1256 -67.5268 -67.1278 -67.9992 -68.0504 -64.8438 -63.1278 -64.5139 -64.9522 -63.317 -62.7021 -62.003 -62 -62 -62 -62 -61 -60.2349 -59.5997 -59 -59 -59 -59 -58.4234 -57.7881 -56.1529 -55 -53.8824 -53 -51.6118 -50.9766 -49.3413 -48.7061 -48 -47.4077 -46.9361 -46.9361 -46.9361 -45.8945 -45 -43.624 -43 -42.3535 -41.7183 -40.083 -37.9308 -35.8764 -34.2411 -32.6058 -31.0639 -30.3353 -30.0639 -29.0648 -30 -29.7304 -29
-68.2859 -67.4517 -66.5726 -65.2595 -62.7563 -59.7581 -59.6695 -62.425 -60.8805 -58.3052 -59.5196 -61.5374 -58.9708 -57.3716 -59.4432 -60.3411 -56.2877 -55.7931 -58.7913 -60.3132 -61.2475 -62 -62 -62 -62 -62 -61.2166 -60.9258 -60.1007 -59.8284 -59.5714 -59.5714 -59.5714 -59.5714 -59 -57.7881 -56.1529 -55 -53.8824 -53 -51.6118 -49.9866 -49.1463 -48.3026 -48 -47.4356 -46.4286 -46.4286 -46.2271 -45.3834 -45 -43.624 -41.9936 -40.7821 -39.5755 -37.9402 -35.5608 -33.6697 -32.0345 -30.3992 -28.8173 -28.0123 -27.7013 -27.4286 -27.7005 -27.7417 -27.4286
-63.1735 -61.4336 -59.47 -56.3821 -52.7161 -48.4519 -48.5022 -51.9351 -50.0412 -46.5764 -49.4894 -52.1321 -48.6407 -46.2815 -49.8899 -51.3666 -48.3027 -48.1412 -51.6184 -55.8889 -59.3005 -61 -61.9535 -62 -62 -61.1407 -61 -60 -60 -60 -60 -60 -60 -60 -59.0875 -57.7881 -56.1529 -55 -53.8824 -52.2471 -50.9198 -49.7748 -48.3413 -47.7934 -47.7934 -47.2289 -45.4283 -44.7934 -44.6962 -44.5867 -44.4337 -42.2108 -40.5755 -38.9402 -37.305 -34.9422 -33.0345 -30.6058 -28.9706 -27.3353 -26.4934 -25.0087 -24.7182 -24.5867 -24.5867 -24.5867 -24.5867
-56.6324 -53.5643 -50.8701 -50.4927 -47.3987 -40.1943 -40.8234 -45.4147 -43.4526 -38.6568 -41.3456 -44.722 -39.4817 -36.2132 -43.1387 -47.7294 -45.9937 -46.5545 -50.825 -55.0955 -59.0491 -61.268 -61.9927 -62 -62 -61.1407 -60.5836 -60 -60 -60 -60 -60 -60 -60 -59.4234 -57.7881 -56.1529 -54.5939 -53.8824 -52.2471 -50.6118 -48.9803 -47.4994 -46.1581 -46.1581 -44.7518 -42.99 -42.3162 -41.846 -41.2274 -39.7336 -38.4149 -37.305 -35.1254 -33.4298 -32.3992 -30.6058 -28.1287 -26.4934 -25.2438 -24.0648 -22.5448 -21.9524 -20.4751 -19.9403 -19.6324 -20.3942
-50.0809 -44.4823 -41.7524 -44.9196 -42.7027 -34.5026 -35.0933 -41.5749 -38.7602 -32.9144 -35.9914 -40.3922 -33.7591 -30.2589 -39.706 -46.2122 -46.022 -47.9859 -52.2565 -56.0498 -59.6775 -61.7954 -62.9757 -62.6922 -61.776 -61 -60 -60 -60 -60 -60 -60 -59.8539 -59.5229 -58.9462 -57.7881 -56.1529 -54.5176 -52.9439 -51.77 -50.1347 -47.9654 -45.8642 -44.5229 -44.5229 -42.6891 -40.3232 -39.5229 -39.0526 -37.4174 -35.7821 -34.8491 -33.5116 -31.8764 -30.2411 -29.5229 -27.9706 -26.2373 -24.6074 -23.0648 -21.4296 -19.7943 -18.8555 -17.5238 -15.8885 -14.7924 -16.4277
-42.4159 -35.2599 -32.3471 -39.0719 -39.1849 -32.6917 -34.1577 -41.2741 -38.9326 -34.105 -38.5838 -44.3429 -40.3601 -37.9148 -44.95 -49.9009 -51.5916 -54.7814 -58.7532 -61.3796 -62.8311 -63.4307 -64.1124 -63.0462 -61.776 -61 -60 -59.7724 -59 -59 -59 -58.9246 -58.8876 -57.9462 -57.8876 -56.6995 -55.9048 -54.4594 -52.8824 -51.1625 -49.1549 -46.8642 -44.5703 -42.8876 -42.8876 -41.3232 -39.6879 -38.1465 -37.8876 -36.7821 -35.2301 -34 -32.9888 -31.3535 -29.7183 -29 -27.4477 -25.8125 -24.0847 -22.4296 -20.7943 -19.159 -17.5647 -16.0009 -15.3657 -15 -15.9048
-37.9779 -29.9343 -27.4277 -36.166 -38.9386 -34.3022 -36.4007 -43.517 -42.8556 -39.8677 -45.1382 -52.3488 -49.7334 -48.7657 -52.4488 -55.6253 -58.1326 -60.7413 -64.3203 -65.4953 -64.9847 -64.828 -65 -63.4112 -61.776 -61 -60 -59 -59 -59 -58.2523 -58.0831 -57.2523 -57.0148 -56.2523 -55.8416 -55.0386 -53.6393 -52.1347 -50.3095 -47.8642 -45.9591 -42.935 -41.2523 -41.2523 -39.6879 -38.0526 -37.2523 -36.6484 -35.1469 -34.2523 -33.2523 -32.2411 -31.0892 -29.7183 -28.3144 -27.4477 -25.8125 -23.3544 -21.542 -19.9067 -18.2715 -17 -16.0009 -15.8399 -15.7477 -15.976
-42.5011 -35.3178 -33.3099 -41.95 -44.4938 -41.4365 -44.0723 -49.9683 -52.2835 -52.3295 -58.3852 -63.9605 -62.0795 -60.3549 -62.169 -63.2273 -63.6193 -64.6284 -65.7954 -66.3646 -66 -64.8781 -63.6635 -62.4112 -61.4788 -60.1407 -59.3119 -58.9503 -58.145 -57.8467 -57.5951 -56.7431 -56.4282 -55.6395 -55.0405 -54.4052 -53.6171 -53.1347 -51.4268 -48.9588 -47.2289 -44.5792 -42.0891 -40.3232 -39.6171 -38.0526 -36.4174 -35.6171 -35.1469 -33.4712 -31.7771 -31.6171 -31.6101 -30.3535 -29.7183 -28.083 -27.4477 -25.8125 -23.3544 -21.542 -19.9067 -18.2715 -17.2436 -17 -17 -16.7304 -15.0952
-46.9921 -41.2151 -39.292 -46.571 -50.5181 -49.0755 -51.4592 -57.3468 -60.1926 -63.4631 -68.0399 -72.9159 -70.4354 -69.0363 -69.0205 -68.5206 -68.0182 -67.2409 -67.0182 -67 -66.3294 -64.6999 -63.0646 -62.4112 -61.0141 -60.1407 -59 -58 -58 -57 -56.9469 -55.9878 -54.9944 -54.9818 -53.4052 -52.77 -51.9818 -51.4813 -49.846 -48.2108 -45.6118 -43.9532 -41.3413 -39.7061 -38.0708 -36.4356 -35.7858 -35 -34.0096 -32.9127 -31.2909 -31.0182 -31.018 -30.3535 -29.7183 -29 -27.4578 -25.8307 -24.1954 -22.1021 -19.9249 -18.2896 -17.6362 -16.9818 -16.9703 -16.6941 -14.1704
-50.2626 -45.4674 -43.9539 -49.9175 -54.1649 -56.5221 -59.773 -63.8878 -66.7336 -69.5499 -72.4053 -74.6073 -73.7059 -72.3069 -71.4354 -70.6534 -69.6534 -68.8762 -68 -67.6222 -67 -65.6817 -64.0465 -62.7959 -61.776 -60.1407 -59 -58 -58 -56.7384 -55.9767 -54.6757 -54.0405 -53.3466 -51.77 -51.1347 -49.793 -48.2108 -47.2289 -45.5937 -44.9584 -43.315 -41.3413 -39.7061 -38.0708 -36.4356 -35 -35 -34.837 -34.548 -33.6534 -33.0612 -31.9961 -31.0069 -29.9024 -29.0542 -28.2926 -27.4659 -25.8307 -23.7374 -21.5601 -19.4488 -17.6362 -16.0009 -14.7123 -13.4236 -12.3796
-52.5774 -50.9938 -51.4773 -56.6382 -60.9088 -63.8169 -66.8834 -69.5928 -71.62 -72.9839 -74.3305 -75.6869 -74.2838 -73.5433 -72.1285 -71.3509 -70.6103 -69.4471 -68.7066 -68.2749 -67.5142 -65.9704 -64.3352 -63.4112 -61.776 -60.1407 -59 -58 -57.2349 -56.5997 -55 -54.3292 -53 -52.0586 -50.4234 -49.4994 -47.8642 -46.0795 -44.6773 -43.6697 -41.9224 -41.1173 -39.9541 -38.7061 -38 -36.4356 -35 -35 -35 -35.3942 -36.2887 -34.8042 -32.9888 -31.3535 -29.7183 -28.7353 -27.7113 -27.5238 -25.8885 -23.2533 -21.645 -20.2715 -18.2724 -16.0009 -14.3657 -12.8082 -12.0275
-55.8479 -57.3383 -60.5944 -67.0783 -70.5831 -71.6314 -72.5452 -73.2726 -73.9239 -74.6191 -74.6438 -74.0761 -74 -72.7817 -71.2046 -70.0761 -70 -70 -69.9239 -68.9522 -68 -66.6817 -65.0465 -63.4112 -61.776 -60.1407 -59 -58 -57.2349 -56.5997 -55 -54.3292 -52.7172 -51.1347 -49.4994 -47.8642 -45.4462 -43.6304 -42.9584 -40.6275 -37.4519 -36.2498 -38.3693 -38.7061 -38 -36.4356 -35.7394 -35 -35.4344 -37.0294 -38.6083 -36.172 -32.9888 -31.3535 -29.4579 -27.159 -26.0761 -25.8885 -24.2533 -22.1188 -20.9138 -20.0206 -18.6085 -16.9249 -15.2896 -13.9239 -13.0191
