MapLib/Lvl1_5x5/BG/Ele_BG_AD.asc
ncols         557
nrows         557
xllcorner     1670500
yllcorner     6122669.448
cellsize      1000
nodata_value  -9999.0
[rows 58 to 86 of 557, columns 325 to 389 of 557]
8.0642 18.1947 51.1676 59.8509 49.7254 14.1095 20.1841 12.1252 10.4074 16.0779 20.9956 14.9927 19.1787 16.3211 17.5618 19.4539 18.364 24.56 40.7463 19.5436 43.2559 45.3319 18.3576 21 21.2637 27.0975 38.4016 60.4047 67.4486 59.8389 66.2993 66.1878 37.7508 26.3357 33.54 24.7708 33.1328 18.3303 13.3856 8.6884 10.6019 10.8489 9.3758 25.5212 30.658 41.1126 30.7258 34.2366 50.1318 30.306 26.3668 15.4403 30.1245 17.7168 -1 8.7618 4.2346 -1 -1 1 2.2949 15.0189 -1 -1 -1
8.0204 55.8312 50.3208 41.1449 44.7311 48.1323 19.7229 25.2641 21.5165 20.2856 13.0774 21.8818 20.4666 20.8737 23.7638 45.911 42.524 37.7095 27.2397 22.2597 53.1485 25.0926 29.8618 47.6496 39.313 24.0986 41.0586 49.2702 57.3163 56.7592 40.2373 47.9998 27.0996 27.3624 31.5528 28.0832 16.886 23.4988 38.0037 19.0346 4.7436 10.528 16.3382 19.4715 21.904 19.3778 18.3836 26.3855 29.0963 8.0048 30.4292 34.9791 17.956 -1 -1 5.1043 -1 -1 18.1956 -1 5.644 -1 -1 -1 -1
8.2768 42.5756 54.1357 61.4688 50.3731 38.8726 17.5834 16.8867 34.1252 29.6103 28.9091 43.699 38.0383 48.8665 36.4641 42.3998 53.33 40.361 34.8651 24.0883 34.6312 36.7186 21.0093 22.1515 20.1909 24.7661 49.7605 60.5558 55.596 45.9809 34.1555 29.8996 35.3702 48.563 42.3572 50.8499 38.9249 29.4236 -1 1.7616 7.5557 9.7187 16.1479 8.0634 13.472 9.371 16.9509 19.5079 15.8213 13.741 17.4217 19.6983 -1 -1 4.8907 17.89 -1 2 -1 -1 -1 -1 -1 -1 -1
10.2322 10.9237 35.6675 25.5175 42.5563 50.2849 23.2529 19.9113 30.0065 31.1098 32.9387 29.8235 41.2251 35.5283 35.5741 38.1749 41.6065 39.4535 27.5751 25.9137 23.999 24.416 29.2872 11.74 20.8568 37.9771 43.1297 31.6939 35.3155 19.7975 21.0486 23.2469 21.8635 22.884 32.8353 34.3071 42.3687 29.8615 20.3867 25.6126 22.8509 5.7558 -1 -1 -1 -1 -1 -1 -1 -1 -1 -1 8 13.084 -1 -1 -1 -1 -1 -1 -1 -1 -1 -1 -1.848
21.3316 27.1996 26.6257 19.1652 32.286 43.5601 43.845 32.0896 48.8008 38.5688 37.8974 22.2692 18.9645 22.8628 22.1436 16.0918 19.8952 17.4959 30.5503 16.1986 25.7309 32.3769 13.2641 -1 -1 20.2805 39.3237 31.8513 19.5796 10.0278 -1 10.7975 30.3244 11.1261 30.8391 19.9139 21.0192 13.9651 13.5941 20.5108 22.4923 13.7703 4.2193 2.9729 7.2641 -1 -1 -1 -1 -1 -1 -1 -1 -1 -1 -1 -1 -1 -1 -1 -1 -1 6.6122 -1 -1.1302
16.1843 20.4864 23.9186 -1 -1 37.4828 42.5542 31.3803 35.7306 23.6628 46.773 20.5001 18.9926 21.3554 23.7903 17.5532 29.9686 20.3238 39.4738 26.6827 8.4196 -1 -1 -1 -1 18.524 -1 2.4182 -1 -1 15 24.0349 14.1617 -1 -1 10.3507 9.5958 6.37 12.9589 12.6487 9.2656 3.7877 8.0161 10.3356 25.1716 12.2498 5 2.7548 -1 -1 -1 -1 -1 4.958 9.9371 2.98 4.1758 9.2151 -1 -1 -1 -1 -1 -1 -1
31.7487 25.8552 22.5629 21.7359 16.1646 -1 2 18.7612 38.4718 46.2847 50.008 39.5293 37.8754 41.6312 32.7884 33.5718 15.61 13.251 15.2546 21.4711 -1 -1 -1 -1 -1 -1 -1 44.487 17.9644 -1 13.5916 11.4982 10.876 22.0816 33.6209 29.7032 14.0362 7.5889 10.0778 13.8326 5.0923 17.3636 39.0889 32.7009 30.8246 10.8939 2.1494 12.4417 -1 -1 -1 -1 -1 -1 -1 -1 3.6092 -1 -1 5.9239 8.0973 5.6357 6.1508 -1 -1
32.569 36.6932 29.6005 28.5145 37.4412 18.5068 8.0009 -1 14.5361 38.6891 48.8037 51.3014 37.0339 33.9296 35.1321 27.647 22.4743 21.9678 -1 -1 -1 -1.8141 -1.5506 -1 -1.7199 -1 24.1095 22.7318 37.7398 36.2748 13.2987 20.956 29.2119 24.1289 32.2455 47.0832 43.4396 41.6335 30.3057 12.4323 7.4324 8.4369 11.2832 3.9723 4.6601 6.6882 11.6279 9.711 4.978 4.281 -1 -1 -1 -1 -1 17 16.3348 17.6855 11.2025 17.7228 20.5048 28.2269 -1 -1 -1
53.461 32.1193 28.643 36.1601 42.8685 30.7006 29.0463 18.135 8.0077 19.2849 21.0737 13.0958 10.0992 13.3775 14.5081 20.7459 18.2913 25.6431 15.1149 -1 15 -1.8141 -1 -1 -1 18.6523 24.4968 28.4938 25.0099 17.0045 28.3288 39.5133 32.6398 11.351 11.5005 21.4525 16.9068 19.505 18.0058 13.0258 6.7884 2.2309 14.3498 8.0733 16.3767 14.4459 11.5787 2.1298 -1 7.7117 12.6148 -1 -1 -1 1 -1 -1 13.0801 21.4797 20.9185 21.318 32.7234 25.8062 12.099 8.8984
9.1938 14.7501 18.6035 32.3506 34.7351 30.9316 32.5523 31.3931 15.1258 -1 20.896 35.1509 34.9608 30.3371 25.2932 18.6939 8.3888 11.8265 14.9416 -1 -1 -1.2771 2 9.1423 -1 9.7998 13.9924 17.8146 32.1156 33.1174 48.5425 40.1551 44.937 41.5406 27.3029 29.5035 36.5103 32.3763 33.6601 31.3737 15.492 6.8389 -1 -1 -1 -1 -1 -1 -1 -1 21.6124 22.0783 22.4805 8.9478 7.8389 12.091 6.7809 6.6111 28.5988 33.5272 17.0321 30.1343 24.9855 26.2834 25.5259
34.753 20.8521 18.8394 20.1493 29.3883 36.1439 42.145 24.8768 15.0078 10.927 4.0467 -1 14.1394 26.6985 29.2187 21.731 10.0901 -1 -1 10.0064 19.5411 18.467 27.1646 14.2681 -1 -1 -1 -1 -1 -1 -1 7.4928 8.5901 23.8788 11.5666 7.5967 9.0452 14.8023 18.8304 14.5944 13.422 9.2285 5.2357 15.4044 11.2012 5.9086 4.0186 -1 -1 25.6979 4.3017 -1 6.9927 -1 -1 -1 -1 -1 12.9954 2.0111 22.1345 14.0468 10.6529 11.7418 15.4872
27.5766 22.0123 17.6393 20.0618 13.5152 28.9617 32.3837 29.1181 11.2881 25.6502 23.217 34.0738 25.3674 7.8685 28.4339 30.2495 35.4841 -1 -1 34.496 43.5942 48.7189 20.6398 43.4252 42.7527 13.3358 -1 19.1566 16.3956 16.2436 1 -1 -1 -1 -1 -1 -1 -1 -1 -1.2314 -1.1079 -1 -1 1 -1 -1 -1 -1 2.0427 7.9603 9.7139 18.334 5.8706 4.5723 7.5396 -1 -1 -1 -1 12.2175 26.696 19.9454 17.6862 33.2364 20.564
9.5917 17.3635 19.5889 21.64 17.6836 20.5445 13.9196 7.6393 8.8507 19.2967 12.4319 -1 4.1501 9.5219 18.7732 24.061 -1 -1 -1 -1 7 23.3959 28.0806 23.0741 23.8778 13.0867 14.1001 23.6637 17.6423 17.5216 18.445 24.67 29.5578 30.6255 26.0143 28.8575 7.7499 1 -1 -2 -1.116 -1 -1 -1 8.6919 -1 -1 -1 -1 -1 -1 7.6282 19.6186 17.1846 6.9036 8.6988 21.1799 -1 -1 14.7097 14.3201 21.9963 21.8227 21.5997 21.9662
11.0146 12.3302 15.6503 11.5769 25.9503 27.2306 29.7782 16.5312 25.1195 31.0931 26.0481 33.7743 11.2597 -1 13.5177 13.0639 9.9267 11.978 13.6742 -1 4 31.2564 43.6791 36.3043 26.0139 16.4947 18.3566 19.2675 16.3591 6.1908 7.3562 9.6508 10.182 3.6639 -1 -1 -1 -1 -1 -1 -1 12.4943 4.8675 10.5504 14.9064 -1 10.2163 9.2278 -1 -1 -1 -1 -1 -1 -1 15.3261 4.0939 -1 16.467 27.7352 19.7426 24.0218 15.6151 21.3267 13.1332
18.4643 10.6721 11.3232 9.8509 5.8152 29.2431 20.7777 29.0796 35.6515 16.8395 15.5996 34.1316 24.759 13.1629 33.6116 30.7649 14.5696 14.5809 21.1804 26.1561 -1 -1 -1 31.3891 30.0312 25.0558 21.9031 15.3065 19.6695 24.8757 32.233 29.3544 20.8114 20.5797 2.7969 -1 -1 9.7708 26.6465 20.7663 33.1086 19.981 47.2392 9.8236 15.4047 30.7388 21.0992 14.9797 22.5617 9.9096 21.4994 12.1384 14.9104 12.6255 8.3281 -1 -1 -1 -1.5695 -1 36.2419 21.3122 13.4491 -1 9.8478
23.3804 14.6508 16.9615 16.7747 14.309 10.1244 2.3556 8.7083 35.775 15.5473 23.4823 31.8136 38.6325 35.8221 31.0879 33.1757 30.9878 27.0483 33.5989 39.7679 33.7535 2.938 6.6832 -1 6.3565 9.8996 24.5969 31.436 21.829 35.3816 18.7309 7.5575 10 -1 22.9772 37.0127 24.1973 20.6141 18.768 14.4562 15.2522 16.9999 25.7457 18.7269 3.7333 17.9618 36.9819 28.3858 20.5875 16.6066 27.3214 19.8244 20.0241 19.3202 16.1455 11.1034 7.46 -1 -3.3652 -1 12.4611 19.625 18.3031 22.8658 20.1121
13.8623 23.9961 26.3149 25.0889 18.0665 30.2867 34.4872 12.1931 24.9962 22.9083 35.5082 35.8398 21.2937 15.4011 22.0764 28.1778 24.6627 36.8169 23.0266 24.9263 11.2519 12.4182 26.0795 12.3252 -1 -1 -1 -1 -1 -1 -1 -1 -1 40.8563 53.7785 49.7769 42.6889 31.3216 32.3554 15.0883 18.7046 16.9259 36.1007 27.613 27.2295 3.5496 12.9722 24.2256 24.789 21.3279 25.9021 28.0634 31.8393 31.6998 36.6577 25.0839 25.0345 11.8212 -5.2564 -1.1335 4 4.9808 19.6761 15.0455 16.2932
36.3929 27.8908 29.4846 30.0011 31.41 22.2703 12.9481 9.3367 20.5462 27.2526 17.1702 12.3178 15.1716 18.5829 8.7638 15.1352 15.0857 8.4378 7.1897 24.5146 36.1848 19.3837 17.484 11.2832 13.4561 -1 -1 7 -1 -1 45.5946 47.0705 25.0938 22.0022 50.0718 45.9981 44.855 48.1895 35.5326 30.7221 34.8521 24.2164 14.9352 9.8806 17.7656 19.1759 31.6906 16.0772 36.6952 13.0918 20.5677 17.5117 19.2154 13.9349 17.3745 16.972 11.8586 8.3507 -1.8688 6 2 11.9588 16.4954 10.0804 12.717
9.8737 3.5349 7.7886 21.6905 25.1396 3.4298 16.1632 14.8437 21.1104 14.8534 12.8552 28.8879 31.1159 42.1539 35.7575 36.619 40.9974 27.6028 12.5538 3.3369 2.2223 7.4521 17.4133 25.9585 6.798 21.9821 34.0362 59.1528 41.8258 52.4144 37.8082 26.6147 30.2014 29.5312 42.7028 39.7116 34.5627 32.4356 26.5738 31.7412 27.4516 19.5195 -1 2.0145 -1.8103 -1 11.6882 15.3101 17.1172 22.1486 18.8988 18.3727 24.8511 26.1928 17.1616 22.9138 22.9654 20.0217 16.3912 10.8791 25.3883 32.6348 33.3397 22.1736 14.4114
20.9432 10.2493 3 4.5062 13.0312 4.311 21.3847 31.3181 44.0869 56.2581 51.5297 12.7818 10.8781 15.2423 52.5996 40.2618 35.7356 33.0083 18.139 6.4432 21.7296 21.4087 15.8315 29.9781 37.5115 40.6196 41.3699 34.6044 32.7979 23.7191 24.0393 12.5946 7.6114 27.4728 35.7871 43.1769 34.9815 14.4193 14.7923 13.3806 11.0129 -1 -1.0019 -4.961 -4.5923 -1.9626 -1 8.1551 14.9982 27.6681 30.1763 38.7431 29.9307 28.959 33.5096 17.9443 15.7282 3.1473 4.8588 10.2256 13.7036 15.1622 26.4064 37.8523 33.5301
33.5756 43.8362 57.2068 42.4499 36.4755 44.2996 58.3501 53.1943 48.052 44.9547 26.7546 24.5428 24.5493 26.8789 49.1456 51.1488 44.2286 40.0961 50.4363 54.6863 44.6103 22.2897 35.7326 47.4208 41.9804 22.1552 25.2209 28.2735 28.7595 25.9849 16.9376 -1 -1 1 1.5685 1.4204 -1 -1 10 13.7042 11.1549 3.2466 -1.1545 -5.9488 -5.0774 -2.6024 3.6833 12.591 24.445 37.1038 33.3935 22.2673 8.5886 10.7933 8.9085 3.2934 -1 -1 5.3475 18.0329 39.8327 23.8485 21.3841 39.6433 24.4992
42.3333 54.5041 42.1039 34.7876 42.3599 40.5812 40.3146 42.6877 47.8552 37.6402 35.9222 38.7244 25.633 18.1666 25.3234 33.0151 50.3995 47.2815 46.3384 51.9045 42.1529 35.2467 48.7707 43.5054 31.0257 27.7429 32.546 47.8648 54.6774 55.527 57.7521 48.749 24.6558 19.161 27.219 32.1128 28.3487 27.5628 21.0077 13.334 11.0712 14.0245 -1 -2.6996 -1 -1 13.4567 14.3052 18.8465 4.1585 20.5475 18.7009 28.2722 25.2994 15.0246 11.524 15.4968 7.8384 9.8501 7.7033 10.4686 13.6814 8.1054 14.9804 13.794
43.4282 37.7726 42.8383 45.2887 44.1464 40.7258 42.9806 31.8128 33.8449 37.2521 32.026 33.1342 33.4045 36.7418 28.4691 26.8722 18.5315 30.3217 38.5895 34.9762 36.1226 38.2288 44.6338 49.3468 38.1744 47.6715 61.1451 51.8201 38.5196 40.0197 45.5723 46.9254 35.6403 43.2811 41.0964 37.3617 37.1152 21.2596 24.2671 20.0207 16.6647 6.5674 10.6165 -1 -1 -1 26.104 25.8316 17.9158 26.4818 28.1671 27.9341 38.5516 41.0481 27.9597 18.1767 10.7394 46.2991 37.4391 32.4736 31.5307 32.7057 31.3163 31.2846 10.6558
34.0598 44.556 40.5297 37.3076 50.2306 44.3139 35.3405 42.1986 33.9703 31.5643 28.9659 39.1916 41.3362 38.0008 40.8404 44.2129 25.5623 35.0431 40.3359 41.3468 33.8632 43.1445 43.7685 44.5346 39.1554 41.8348 57.9265 39.2227 46.1721 47.3378 33.6816 25.4922 21.0487 17.8741 17.3716 28.0299 25.3781 26.4531 24.4913 30.2785 26.2447 17.2516 16.1712 9 -1 11.1116 4 -1 -1 3.5342 -1 -1 34.1113 34.9112 39.8822 35.8793 34.6676 35.8227 31.655 22.915 18.3036 15.5187 14.7065 19.496 26.9677
37.8256 52.2792 54.9322 50.5593 57.0681 40.2892 56.6905 58.5118 41.5504 54.9829 45.0767 38.4898 48.2896 48.4117 50.0142 42.8293 60.1916 47.7333 39.1347 39.8243 43.818 33.7896 25.0394 31.8073 38.4435 27.4849 26 27.1267 43.6345 40.3245 42.303 49.3308 45.4774 56.293 33.212 25.8138 16.6602 6 5.2562 7.0636 11.8611 1.6698 4.9729 7.2926 -1 14.9587 20.5155 13.7658 3.1328 -1 -1.0446 -1.0242 1.2182 17.6996 27.9925 32.9598 37.9733 33.4489 33.9351 38.0044 29.4369 24.6547 20.7302 8.4538 12.8942
59.4135 47.2039 39.9212 52.6346 50.6011 45.477 49.4256 48.0823 41.1805 37.07 37.8012 61.5996 42.2693 43.8732 53.374 70.5099 44.4943 50.5952 43.5987 34.5493 41.6491 50.2065 31.1937 32.8872 26.0122 26.619 54.5116 40.298 36.3616 42.8749 53.4697 45.6682 33.4201 29.6515 22.2028 23.9146 27.7802 31.0018 11.778 5.9935 -1 -1 -1 -1 -1 -1 -1 17.2109 7.6557 8.0638 -1.2366 -1.1282 1.0175 -1 12.8865 41.0209 37.5274 43.5564 47.3616 35.931 35.7677 21.1553 23.2586 14.34 13.8927
61.939 57.0242 68.6739 55.988 52.1523 42.1758 49.0168 40.3062 42.8615 41.9234 44.653 40.9581 48.4778 33.3209 34.9294 41.3783 58.0538 49.9336 44.4575 43.1694 26.8943 23.5615 23 32.449 42.743 30.0892 45.3567 44.223 56.8043 65.7255 58.941 45.7482 38.2997 32.355 33.7863 22.8592 27.0924 28.6481 27.8027 22.6595 30.9878 20.0908 15.3197 -1 -1 -1 -1 -1 -1 1 -1.8862 -1.2564 13.1237 -1 -1 27.5604 37.445 30.3038 44.2548 29.486 24.4685 27.9627 26.8209 24.7453 15.4284
41.5572 41.8153 42.5487 54.2445 37.935 39.6781 42.9068 40.3071 34.8316 41.4442 33.7837 34.0413 53.6345 61.522 54.2892 41.4784 31.7036 27.7659 43.0155 38.7938 46.2629 38.4944 40.0597 34.5493 32.0665 26.7456 23.6916 22.9599 30.8621 56.1851 45.9454 52.9582 51.4447 52.0365 36.078 51.7367 36.681 27.8908 17.1985 34.2648 25.9323 11.6163 11.663 19.7056 29.3501 20.5259 26.0661 -1 -1 -1 -1.4286 -1.2322 13.0377 22.0158 -1.1465 8 -1 -1 -1 -1 19.2722 28.9106 20.7235 22.3329 23.0915
58.2347 50.686 47.3257 41.3668 51.0673 57.599 61.3819 40.2043 40.8205 32.7444 33.1338 55.5221 38.6284 41.5225 39.4766 33.7535 28.7465 33.3047 26.9288 26.0173 26.1265 30.9187 39.7412 44.9308 32.9499 34.1044 37.7916 23.7933 25.9566 32.8702 30.1299 34.258 31.2906 39.1328 47.8813 35.4581 45.226 42.7019 22.5857 12.4781 15.6808 16.4449 30.469 9.5801 -1 13.8469 27.3061 23.0184 40.83 11.3144 -1 -1 -1 6.4596 -2.5552 -1.5872 -1 -1.4985 -1.497 -1 -1 21.6656 32.6069 22.3379 26.4178
