MapLib/Lvl1_5x5/BG/Ele_BG_AE.asc
ncols         557
nrows         557
xllcorner     2227500
yllcorner     6122669.448
cellsize      1000
nodata_value  -9999.0
[rows 30 to 59 of 557, columns 469 to 535 of 557]
-54.1224 -54.2209 -54.3605 -55.2629 -56.5891 -57.3048 -57.8177 -58.1917 -58.3102 -58.3102 -58.1685 -56.5333 -54.1376 -50.3778 -45.9955 -40.9767 -41.7901 -48.1931 -54.5152 -60.923 -63.9595 -66.6148 -69.0312 -71.8653 -72.5005 -73.4653 -73.6762 -73.36 -73.1551 -72.2774 -72.1551 -72.1551 -72.1551 -72.7909 -74 -75.0036 -75.8134 -76.4487 -77.1551 -77.1551 -77.3544 -78.8603 -79 -79 -79.1148 -80 -79.9908 -79.1551 -80 -80 -78.4481 -76.7838 -74.2 -70.7171 -64.6688 -56.1642 -45.2652 -46.1336 -53.7732 -55.4909 -55.7445 -65.0193 -73.2221 -77.4308 -80.1551 -80.0743 -79.1551
-55.5794 -56.2147 -56.7903 -57.4852 -59.0513 -59.7831 -60.5807 -60.6301 -60.7903 -60.7903 -60.6487 -59.6275 -58.0821 -56.0765 -53.4021 -50.5005 -51.6387 -56.7171 -61.6698 -66.0594 -69.2559 -71.63 -74.1358 -76.4549 -77.4063 -77.8411 -77.2749 -75.837 -75.1252 -74.5788 -73.1211 -73 -73.7903 -73.7903 -74.3065 -75.8134 -77.4487 -77.8519 -78.7341 -78.7903 -78.8321 -79.6596 -79.7903 -79.7903 -80.5307 -80.7903 -80.7903 -80.2797 -80 -80 -78.4481 -75.8353 -72.5648 -65.9496 -54.5533 -40.7005 -25.5509 -26.5085 -35.9772 -39.5786 -42.5062 -57.8557 -72.525 -77.4308 -81.4382 -80.9831 -80.7903
-57.3045 -58.6062 -59.311 -60.5461 -62.0408 -62.4256 -62.8512 -62.9867 -63.4256 -63.4256 -63.3442 -62.4049 -61.8646 -61.2496 -60.3103 -59.5198 -61.0344 -64.6429 -68.1498 -71.9137 -74.2653 -76.9807 -78.6159 -80.081 -80.4459 -80.6149 -78.6942 -77.059 -75.9981 -74.3629 -72.7276 -72.5744 -73.0989 -72.7232 -72.111 -74.1851 -76.6617 -77.1488 -77.1488 -78.1488 -77.6383 -76.9424 -77.2719 -78.8127 -79.9997 -80.3087 -80.5744 -80.8494 -80.4128 -80 -78.4481 -76.5181 -73.1308 -66.0048 -54.3147 -40.44 -24.7798 -25.9508 -35.4925 -39.5311 -43.0102 -58.457 -73.3762 -78.7474 -82.4256 -82 -81.284
-59.9108 -61.5202 -63.0645 -63.8166 -64.4317 -65.0609 -65.0609 -65.3433 -66.0609 -66.1217 -66.1217 -66.1217 -66.1826 -66.1855 -66.8846 -67.2628 -69.1527 -71.4203 -74.4063 -76.8482 -78.646 -81.2433 -82.1074 -83.0365 -82.0587 -81.3295 -78.6756 -76.1144 -73.7866 -71.9391 -71.0923 -69.9098 -68.761 -67.7867 -67.1444 -69.865 -73.1549 -73.8353 -73.8783 -74.7566 -73.297 -69.9757 -71.0445 -74.9668 -76.8016 -78.2539 -78.95 -79.9785 -80 -80 -79.0609 -77.8737 -75.466 -72.3745 -66.9174 -57.5389 -46.9572 -48.7849 -56.8616 -58.6086 -58.5535 -68.538 -76.697 -80.6929 -83.5816 -82.9192 -81.284
-62.4852 -63.9915 -65.4103 -66.391 -66.6961 -66.6961 -67.3922 -67.8603 -68.3922 -69.0486 -69.3922 -69.9331 -70.6792 -71.1358 -72.0883 -73.4063 -75.0415 -76.8556 -78.6159 -80.2512 -82.0366 -83.6961 -83.9285 -83.6 -82.2686 -80.6334 -77.9052 -75.4039 -72.8474 -70.8527 -69.4571 -67.4863 -65.3271 -61.7104 -59.2111 -63.6047 -68.3321 -69.0009 -68.569 -66.0379 -62.0587 -56.8389 -58.0794 -65.0184 -69.2022 -73.1566 -75.9301 -78.2539 -79.4998 -80 -80.3842 -80.205 -79.1423 -77.6307 -76.2947 -71.8534 -65.4277 -67.2608 -72.6635 -72.8728 -71.9683 -76.96 -81.3165 -83.2025 -84.386 -83.6153 -81.9801
-64.5929 -65.7557 -67.3314 -68.0262 -68.3314 -69.2967 -69.3314 -70.4095 -71.2452 -72.1691 -72.8044 -73.6627 -74.0749 -75.7102 -76.889 -77.9807 -79.6159 -81.2512 -82.3314 -83.1903 -83.6618 -84.2885 -83.7466 -82.8675 -81.6334 -79.3276 -77.0571 -74.7276 -72.0923 -70.4571 -68.8218 -65.7045 -61.868 -55.327 -50.3937 -56.7975 -63.3225 -63.4782 -60.8404 -54.277 -47.0208 -38.568 -40.6612 -50.5781 -58.5559 -65.3876 -71.0386 -75.7264 -78.0433 -79.9167 -81.7348 -83.2062 -82.6627 -82.8144 -83.3255 -82.1104 -80.0766 -81.3175 -84.0461 -83.4768 -82.6885 -84.6864 -86.6048 -86.3314 -85.5545 -84 -82.5679
-65.7891 -66.9808 -68 -68.6949 -69.9666 -70.932 -71.5472 -72.9411 -73.8087 -74.9502 -75.938 -76.7176 -77.3454 -78.0141 -78.9894 -80.2846 -80.9984 -82.0196 -82.2496 -83.0287 -83.0334 -82.9373 -81.302 -79.7001 -79.0315 -76.7257 -74.4552 -72.1257 -70.4571 -68.8218 -66.368 -64.0693 -60.6442 -54.9564 -50.3211 -55.0605 -59.7137 -58.7829 -55.3136 -46.313 -36.7513 -26.1925 -27.5227 -39.7976 -48.8688 -56.0784 -64.2101 -70.7181 -75.6296 -78.8695 -81.1372 -83.0334 -83.8284 -84.9819 -86 -85.9757 -86.318 -86.9666 -87.9878 -87.9666 -87.0621 -87 -87.825 -86.2168 -85.5545 -83.9219 -81.6013
-65.7891 -67.4243 -68.6256 -69.6949 -70.932 -72.5673 -73.4429 -74.8378 -76.473 -77.4054 -77.7435 -79.0695 -79.6019 -79.6019 -80.2846 -81.1914 -81.6019 -81.3981 -81.3981 -81.3981 -80.5995 -79.6667 -78.0315 -76.0351 -74.775 -73.5238 -71.3064 -69.8197 -68.2199 -66.3732 -63.9494 -61.6043 -60.1874 -57.0968 -54.2038 -55.6341 -56.8658 -55.5026 -51.0808 -41.4116 -30.2807 -17.8497 -18.8816 -31.2232 -39.8488 -47.1174 -56.0516 -65.2122 -71.8098 -77.1481 -79.7717 -81.5853 -83.7156 -85.4577 -86.093 -87.4383 -88.6019 -88.9995 -89 -88.8928 -88.6019 -87.6751 -86.8947 -86.0755 -84.5545 -82.3173 -80.6821
-68.0262 -69.3378 -70.2967 -71.932 -73.5673 -74.4661 -75.8378 -77.473 -79.1083 -79.8606 -80.4743 -81.067 -81.2371 -81.5105 -82.2371 -82 -81.774 -80.8605 -79.7098 -78.8704 -77.0315 -75.1284 -72.5219 -70.2514 -67.7707 -65.9066 -64.581 -63.1104 -61.3385 -59.3912 -56.9675 -56.6478 -57.5535 -57.1888 -56.092 -57.0055 -57.2371 -54.8739 -51.4337 -45.0551 -37.0746 -26.0156 -25.7865 -33.0821 -37.1912 -39.4649 -49.3784 -62.0488 -69.8885 -76.4295 -78.4457 -80.33 -82.5853 -83.7629 -84.7629 -85.3184 -86.5257 -86.5257 -86.5257 -86.5257 -86.5257 -85.6349 -84.7629 -84.7629 -84.3173 -82.1564 -81.0673
-69.6615 -71.2967 -72.7524 -73.5673 -75.2025 -76.8378 -77.8214 -79.1083 -80.7435 -81.8724 -82.8724 -82.8724 -82.8724 -83.8724 -83.2768 -82.595 -81.0468 -80.0525 -78.5811 -76.3782 -73.3298 -70.1238 -66.8533 -63.7104 -60.4091 -56.9675 -56.638 -55.697 -53.4854 -50.5271 -48.0525 -50.0226 -54.3725 -55.2552 -56.3878 -57.0231 -57.4257 -54.5404 -52.0802 -50.1087 -46.3398 -37.9548 -35.6966 -38.4247 -36.4861 -33.7267 -44.4904 -59.9057 -68.4988 -74.867 -77.6224 -79.3148 -80.95 -82.1276 -82.2552 -82.2552 -82.0657 -82.3817 -82.3828 -83.2552 -83.2552 -83.1863 -83.1276 -83.1276 -83.5545 -82.9192 -81.284
-72.4038 -73.7231 -74.5673 -76.2025 -76.8378 -78.473 -78.8034 -80.2359 -81.4422 -82.2571 -83 -83 -83 -82.4923 -81.8097 -81.1744 -79.5391 -77.9039 -75.761 -74.1257 -71.2471 -68.1676 -64.0787 -60.1847 -55.8963 -52.4764 -51.1713 -48.5806 -42.9327 -38.3041 -33.8153 -37.1117 -43.7406 -47.0887 -49.0464 -50.9925 -51.311 -49.0344 -47.0405 -47.4857 -45.9955 -41.5089 -40.7237 -42.523 -41.4181 -40.597 -49.6046 -61.2104 -68.629 -74.7077 -76.8237 -78.4923 -78.8973 -78.527 -76.8764 -73.7736 -69.8984 -70.9362 -74.5439 -75.9694 -76.8739 -78.0168 -79.1597 -79.9847 -80.9847 -81.5333 -82
-74.9621 -75.6495 -77.1429 -77.8378 -79.0472 -79.1429 -80 -81 -81.8711 -82.434 -83 -83 -82.5878 -81.9526 -80.4149 -79.6821 -78.0468 -75.9072 -73.8872 -72.141 -69.0116 -65.7225 -61.5629 -57.5999 -52.5732 -47.852 -44.6302 -40.3195 -32.8374 -26.4695 -20.888 -24.6268 -33.3348 -37.3618 -40.2999 -42.8831 -43.9055 -41.6641 -40.8567 -42.5637 -42.9996 -42.165 -42.6795 -45.4434 -45.6771 -46.4655 -52.9209 -61.945 -68.5986 -73.6071 -76.4879 -77.8128 -76.7649 -74.525 -70.5513 -63.7217 -55.4415 -56.9937 -63.7687 -66.6972 -68.4617 -70.8704 -74.0317 -74.9725 -76.9543 -79.6014 -81.6736
-76.7782 -77.7782 -78.7782 -79.473 -79.8514 -80.7512 -80.7782 -81 -81.1932 -82 -82.2218 -82.2218 -82.1304 -81.9895 -81.2469 -79.6821 -78.0468 -76.8695 -74.7267 -72.2508 -69.0116 -65.6116 -60.7058 -55.6218 -49.3027 -42.9104 -36.4941 -29.7756 -23.804 -18.6392 -14.3469 -16.4404 -21.1005 -24.4723 -27.5503 -29.8208 -31.6286 -29.9656 -28.5528 -30.7777 -31.5528 -31.3677 -34.4145 -39.0743 -41.4059 -43.4873 -50.5066 -59.4526 -66.3475 -71.9718 -76.1039 -77.6672 -73.937 -68.1224 -57.9434 -45.199 -31.3591 -33.3188 -43.547 -48.9189 -52.7311 -56.6157 -61.0858 -63.3631 -67.0142 -73.9707 -78.1597
-78.8763 -79.4134 -80 -80.2873 -81 -81 -81 -81 -81 -81.297 -81.5866 -81.9078 -82 -81.5866 -81.1861 -79.6821 -78.0468 -77.4115 -75.5526 -72.6372 -69.2206 -65.5356 -59.803 -54.2346 -46.8444 -39.234 -29.9313 -21.8571 -16.4443 -11.7501 -8.1295 -8.4149 -10.2718 -13.3357 -16.8944 -19.8154 -22.4453 -21.8278 -21.4134 -21.9175 -22.2639 -21.5878 -24.7912 -30.5946 -34.3256 -37.8195 -45.5848 -55.0174 -62.5883 -69.4264 -74.1873 -76.1982 -70.81 -62.5116 -49.375 -32.848 -14.3154 -15.3377 -25.171 -30.8314 -35.7918 -40.8813 -46.3889 -49.3244 -54.2214 -63.9704 -71.8899
-80.0384 -80.4524 -81 -81 -81 -81 -80.3799 -80 -80 -80.4818 -80.9513 -80.9891 -81 -80.9513 -80.3019 -79.6489 -78.0468 -77.4115 -75.5635 -73.1479 -70.0116 -66.4884 -59.9525 -53.3805 -45.7751 -36.9283 -27.068 -19.0927 -13.1738 -8.2577 -3.3548 2 5 -4.815 -10.9389 -15.9012 -19.2513 -22.2735 -23.0487 -19.8443 -16.4358 -12.2121 -12.0946 -16.8208 -20.0913 -25.1131 -34.7847 -46.2797 -56.4937 -64.5166 -68.9578 -70.4796 -67.2091 -59.6988 -47.2077 -31.2128 -12.3166 -8.8016 -11.9141 -14.0741 -16.369 -22.0613 -27.6395 -29.2747 -34.0287 -47.1594 -58.1282
-80.9333 -81 -81 -81 -81 -81 -80.2731 -80 -80 -80 -80 -80.2456 -80.7181 -80 -80 -79 -78.0468 -77.4115 -75.6233 -73.1856 -70.0116 -65.9276 -59.4924 -52.3161 -44.1398 -34.8344 -23.5884 -14.8867 -9.9033 -3.7075 -1.0968 14.3992 8.6874 -1 -3.0198 -9.6969 -17.0574 -21.1968 -23.3161 -19.0096 -14.0229 -8.0294 -6.9863 -9.1384 -11.2905 -14.7668 -24.9836 -37.4195 -48.5848 -58.1067 -63.0616 -65.7018 -63.5497 -58.1092 -47.0039 -31.6294 -12.7332 -5.0017 -2.7649 -2.2642 -2.5501 -7.4245 -13.7553 -15.3906 -19.8398 -32.1195 -43.6305
-81.2519 -82 -82 -81.5269 -81 -81 -81 -80.2439 -80 -80 -80 -80 -80 -80 -80 -79 -78.0468 -76.4115 -74.7763 -72.8669 -68.8538 -64.5702 -58.6218 -51.4085 -42.4693 -31.7732 -19.6939 -10.2971 -5.6328 -1 13.7651 22.0325 20.1375 12.9153 -1 -2.5388 -13.5442 -19.2424 -21.6581 -19.0519 -15.7211 -11.0818 -8.4884 -8.9664 -8.4445 -8.6738 -16.796 -27.7209 -38.8631 -48.904 -55.9309 -61.1022 -61.3616 -57.7115 -49.6982 -34.8999 -15.6403 -4.0059 -1 9.5409 7.3092 -1.7349 4.969 -7.2748 -10.9349 -20.2245 -29.7426
-81.9904 -82 -82 -81.3368 -80.6849 -80.0455 -80.0455 -79.8097 -79.0455 -79.0455 -79.0455 -79.7871 -80 -80 -80 -79 -78.0468 -76.4115 -73.8218 -72.1475 -68.0346 -63.5276 -57.7165 -51 -41.7885 -30.6359 -18.5223 -8.2949 -2.7667 13.8489 22.3558 27.5153 18.6421 19.6179 11.0702 -1.0955 -9.715 -16.9263 -20.8609 -19.4359 -17.5467 -15.0363 -12.842 -11.8586 -11.0774 -11.1479 -15.9535 -22.6435 -29.6604 -37.9439 -47.5801 -56.3238 -57.9216 -56.6763 -50.531 -38.606 -22.121 -10.6876 15.7522 17.5702 18.0724 -1 1 -2.2722 -2.9846 -9.6772 -17.8861
-82 -82 -81.3858 -80.5902 -79.8053 -79.0142 -78.4103 -78.1744 -77.4103 -77.7089 -78.4103 -78.8684 -79.1691 -80 -80 -79 -78.0468 -75.5804 -73.5526 -70.6345 -66.7201 -62.5352 -56.8023 -51 -41.7885 -31.0313 -18.7342 -8.3297 8.8066 17.9311 15.6411 21.4239 34.1595 28.7888 25.4178 14.6054 -5.9005 -14.1681 -20.1968 -20.3327 -20.4261 -18.9345 -18.5763 -18.3588 -18.3588 -18.1027 -19.1775 -19.5302 -21.4483 -25.5879 -39.2026 -50.6052 -54.3608 -54.7174 -50.683 -42.6229 -30.8798 -20.5459 -11.3684 -5.2513 -1.7587 -2.7192 -4.0333 -1.0778 -1 -2.4111 -6.1876
-82 -81.3507 -79.9866 -79.0802 -77.4449 -76.5579 -75.6399 -75.5501 -74.8749 -75.664 -76.5819 -76.775 -77.6428 -78.5607 -78.775 -77.775 -76.8218 -74.5981 -71.5513 -69.0571 -65.1786 -61.3866 -56.6529 -51.49 -44.5418 -37.0277 -26.809 -17.8829 -9.1171 8.5335 14.3822 20.82 26.6503 24.384 25.9872 23.4834 -2.0205 -8.502 -14.8707 -18.143 -21.5333 -25.7197 -26.655 -24.7947 -23.7333 -22.3654 -21.4475 -20.7242 -21.2883 -23.9937 -35.6385 -45.8867 -50.155 -52.0924 -49.61 -44.6866 -37.9393 -30.1309 -22.3225 -15.7065 -9.7318 -7.1173 -4.3 -1 8.7508 12.5261 13.0191
-81.3212 -80.5757 -79.0802 -77.4449 -74.9494 -73.3142 -72.6789 -72.2796 -72.2796 -73.2106 -74.1596 -74.9479 -75.5519 -76.1872 -77.1398 -76.1398 -75.1866 -72.9629 -69.7236 -66.5616 -63.1513 -59.7513 -55.6103 -52.1441 -48.6753 -44.6651 -37.8955 -30.1849 -20.5639 -7.4349 8.3031 16.6684 18.8797 16.9499 21.7188 18.4237 5.4923 -2.3411 -8.2745 -15.0821 -23.0285 -32.4948 -35.2873 -31.2453 -28.2034 -25.3448 -23.8493 -22.8602 -24.0019 -25.7652 -33.9139 -41.6801 -45.8867 -48.3554 -48.987 -47.302 -43.7521 -39.1653 -33.4856 -26.713 -19.5434 -11.893 -5.0096 -1 8.0639 15.4363 11.7805
-79.7154 -78.3706 -76.4449 -74.4654 -71.6789 -70.0437 -68.4084 -68.009 -68.009 -69.02 -69.6552 -70.8985 -71.7178 -72.5371 -73.009 -72.8515 -71.5604 -69.4206 -66.6725 -64.2199 -60.7712 -57.2456 -53.975 -51.1045 -48.9647 -46.3207 -42.2252 -37.1886 -29.8815 -20.586 -9.5074 -5.4949 4.5413 10.3464 12.2527 12.3067 14.1146 -2.7263 -7.2904 -12.2019 -17.3128 -23.034 -26.2647 -27.0171 -27.3759 -27.306 -25.9747 -24.1753 -23.2231 -23.8837 -29.4478 -34.5796 -39.0779 -42.7026 -45.148 -46.1371 -45.132 -41.9942 -37.089 -30.7782 -23.4203 -15.5596 -7.7659 4.929 6.7508 10.6551 13.5506
-77.9494 -76.3142 -73.6789 -71.3488 -69.0783 -66.6469 -64.0594 -63.6078 -63.4939 -64.048 -64.7309 -66.254 -67.4771 -68.4771 -68.4771 -68.4771 -67.5239 -65.3771 -63.3841 -61.0022 -57.7501 -54.609 -52.209 -49.817 -48.7033 -47.068 -45.4727 -42.9872 -38.3465 -33.8661 -30.8093 -24.3065 -16.4459 -10.6575 -5.6581 -5.066 -5.9152 -6.1704 -7.5918 -10.1608 -11.7223 -13.2484 -16.7404 -21.4461 -25.5147 -28.2449 -27.7182 -24.577 -22.2125 -20.7494 -23.7702 -27.8514 -31.9444 -36.7792 -41.6751 -44.4312 -46.102 -44.0035 -40.2638 -34.1845 -27.6435 -19.6935 -11.015 3.2224 11.0938 10.0501 13.3563
-75.4449 -73.4846 -70.4084 -68.0783 -65.8078 -62.5373 -59.9608 -58.5213 -57.0649 -57.936 -58.936 -59.7129 -60.936 -61.936 -61.936 -61.936 -61.713 -60.1136 -58.4783 -56.8431 -54.0921 -51.3385 -48.9385 -47.068 -45.4328 -43.7975 -42.9998 -41.3068 -38.8474 -37.3205 -36.3338 -32.505 -26.5405 -22.6807 -19.2091 -18.1103 -17.362 -17.1371 -16.596 -17.86 -18.8766 -19.064 -21.2377 -23.6863 -25.7404 -26.3219 -25.2148 -22.6707 -19.737 -17.5513 -19.2539 -21.3104 -24.7734 -29.0008 -35.2861 -40.1584 -42.8315 -43.2343 -42.132 -37.455 -31.6068 -24.5992 -16.7049 -4.6261 6.1077 9.1558 12.1765
-72.5347 -70.3488 -68.0783 -64.8078 -62.5373 -59.2668 -55.9962 -53.4657 -50.6527 -51.9014 -52.8811 -53.395 -53.4059 -54.5925 -54.5925 -54.9937 -54.9937 -55.0427 -53.5725 -51.5926 -49.6049 -47.9905 -45.834 -44.0383 -42.1481 -40.1257 -39.4905 -38.7962 -37.7962 -37.8811 -38.7045 -36.4268 -33.8827 -32.0988 -30.4147 -28.7794 -27.4083 -26.2038 -25.6476 -24.9774 -24.8025 -24.8025 -25.8025 -26.4013 -26.4013 -25.6518 -23.7872 -21.3682 -18.8384 -15.9357 -16 -16.3096 -17.6187 -21.4998 -28.9643 -34.0489 -37.7207 -40.3932 -42.4302 -39.6059 -35.1079 -29.6435 -22.3799 -10.9332 -2.2912 -1 7.0255
-69.1014 -66.5026 -63.8674 -62.2321 -59.5969 -56.0661 -52.7257 -48.4466 -44.2452 -46.3604 -47.7123 -46.0771 -45.4053 -44.7335 -44.4636 -45.7926 -46.8055 -49.4639 -48.4065 -45.1047 -44.3847 -44.7975 -43.1622 -41.127 -37.8565 -35.2565 -34.5847 -32.9495 -32.8694 -32.8905 -33.7064 -33.9081 -33 -33.0275 -33.0589 -32.0499 -31.073 -31.1095 -31.1095 -29.5248 -28.1022 -28.073 -28.0559 -28.0365 -28.0365 -28.0593 -26.0621 -24.4033 -21.7916 -19.2397 -15.9125 -13.7626 -12.038 -13.1906 -19.1494 -24.254 -28.9079 -32.8514 -37.1451 -37.9466 -38.066 -33.4735 -28.0659 -18.2844 -8.3842 -1.1007 8.8017
-64.7257 -63.2321 -60.5969 -58.9616 -56.7764 -53.7257 -50.127 -45.6206 -40.4289 -41.8346 -42.9963 -39.6859 -36.9521 -34.8901 -33.5217 -34.2721 -36.2202 -38.7875 -37.1632 -33.0337 -34.4368 -36.2399 -35.1894 -32.7511 -30.5791 -28.6271 -26.9919 -25.9888 -26.452 -27.455 -28.5536 -30.1385 -31.6565 -32.409 -32.8574 -31.9616 -30.5425 -30.6412 -30.6412 -29.5637 -29.0532 -29.8889 -29.5301 -28.3282 -27.8309 -27.8614 -25.9738 -24.1265 -21.7033 -19.1514 -14.3289 -10.5489 -7.0116 -6.7221 -11.2011 -15.2474 -20.0598 -24.9656 -29.8714 -33.3605 -37.1219 -34.2678 -31.2425 -23.8988 -15.8319 -6.3362 5.0898
-60.0789 -58.9616 -57.3264 -55.6911 -54.0558 -51.4552 -48.4917 -44.0577 -39.3866 -39.693 -39.9175 -33.7327 -28.514 -24.0485 -21.1682 -19.9189 -19.6047 -20.0306 -17.8683 -14.5978 -16.6112 -19.4933 -17.858 -15.7456 -16.2476 -16.0792 -15.8509 -16.1398 -19.2181 -22.1133 -25.0795 -26.868 -27.4672 -28.0789 -27.6911 -25.7488 -24.1136 -22.0812 -21.1579 -22.6381 -25.4007 -28.3622 -28.8975 -26.5878 -24.7253 -22.895 -21.0647 -18.678 -16.2091 -12.9386 -9.2856 -5.762 -3.311 -2.8437 -5.2363 -7.5001 -9.8848 -14.8461 -20.6938 -25.0034 -29.1784 -29.9376 -29.4504 -27.184 -23.0005 -14.0504 -4.6786
-56.1154 -55.6911 -54.9981 -53.3629 -51.7276 -49.127 -45.9142 -41.4214 -36.5597 -36.1732 -34.7977 -29.0207 -22.4906 -16.9862 -11.2616 -6.4869 -4.4645 -3.5195 -1.4937 -1.3049 -1.4611 -3.268 -1.5331 -1.4271 -1.5548 -2.5195 -2.5195 -5.2339 -11.5849 -15.6662 -18.9822 -21.7129 -23.1732 -23.1732 -23.7276 -21.0924 -18.2164 -14.6437 -12.3557 -15.3843 -17.9444 -22.0156 -23.3192 -23.068 -22.0877 -21.2487 -17.0834 -12.9182 -9.6681 -7.2613 -4.5894 8.1036 8.7878 6.3362 6.6973 -1.9014 -3.8424 -9.0527 -14.6514 -19.9076 -23.9189 -25.6552 -27.1154 -27.1154 -24.8301 -15.7069 -7.5189
-52.634 -52.8449 -52.3629 -50.7276 -49.0924 -46.4917 -42.6437 -38.001 -32.2859 -30.1835 -28.3467 -24.3853 -18.9582 -11.0503 -3.9591 6.7497 12.8827 9.2759 10.0643 8.123 5.5642 8.3183 8.624 10.6401 4.1024 -1 -1 -1 -4.0607 -8.7792 -10.3169 -13.0764 -16.8749 -19.4546 -20.6811 -17.7988 -14.1481 -8.8091 -5.2246 -6.6764 -8.619 -9.3099 -12.1684 -16.3996 -20.0129 -22.2019 -15.3617 -6.7869 -3.2896 -1.8801 -1.6118 -1 -1 7.1677 6.4838 -1 -2.3593 -7.4181 -12.3244 -17.2302 -22.1359 -23.6505 -23.8449 -23.8449 -20.8516 -12.441 -3.8512
