MapLib/Lvl1_5x5/BG/Ele_BG_EA.asc
ncols         557
nrows         557
xllcorner     -500
yllcorner     3894669.448
cellsize      1000
nodata_value  -9999.0
[rows 300 to 324 of 557, columns 116 to 173 of 557]
-2788.5144 -2790.135 -2788.6924 -2787.0696 -2784.6985 -2782.4458 -2780.1665 -2779.1782 -2778.196 -2780.0103 -2783.2808 -2787.729 -2792.6348 -2799.9609 -2806.5852 -2814.7415 -2821.5559 -2828.0969 -2834.6204 -2839.8914 -2842.9819 -2843.6274 -2841.7576 -2839.2888 -2829.0317 -2817.6543 -2807.1101 -2796.375 -2788.2261 -2781.3201 -2777.7078 -2777.9895 -2781.3027 -2785.9214 -2792.4844 -2798.5676 -2802.5427 -2808.363 -2813.2595 -2817.1816 -2822.0076 -2825.9021 -2829.9128 -2831.1399 -2831.9749 -2831.1399 -2826.0701 -2817.8772 -2809.7009 -2800.5437 -2792.3218 -2784.676 -2781.5256 -2779.948 -2780.4658 -2781.9756 -2782.7642 -2783.0168
-2795.9688 -2798.1414 -2797.3162 -2796.1885 -2794.2485 -2791.9502 -2790.6418 -2789.7651 -2789.1599 -2791.457 -2794.0645 -2798.5127 -2803.4185 -2809.4751 -2815.6782 -2822.5278 -2828.8342 -2834.2905 -2839.5369 -2843.7793 -2846 -2846.3367 -2844.0615 -2841.072 -2830.6211 -2819.885 -2809.5227 -2800.1809 -2794.0662 -2790.2405 -2789.5593 -2791.0718 -2795.8604 -2802.5825 -2809.3892 -2814.1538 -2817.8201 -2822.2654 -2826.6387 -2829.2693 -2831.8533 -2835.0469 -2837.1973 -2836.991 -2836.5696 -2835.4851 -2830.1396 -2821.7654 -2813.5889 -2805.7585 -2795.947 -2785.9214 -2781.0688 -2778.1416 -2780.157 -2781.7068 -2782.7642 -2783.2021
-2803.4407 -2805.8965 -2805.4924 -2804.6953 -2803.0601 -2801.4248 -2799.791 -2799.791 -2799.8723 -2801.6331 -2804.0125 -2808.271 -2812.1184 -2816.7034 -2821.5029 -2827.0518 -2831.5532 -2835.9709 -2839.0625 -2842.1436 -2842.5081 -2841.416 -2838.3093 -2833.9653 -2825.1897 -2815.748 -2807.7827 -2800.9822 -2798.6199 -2797.989 -2800.1865 -2804.0366 -2808.9424 -2814.9556 -2821.2439 -2824.9373 -2827.9092 -2830.9724 -2833.5237 -2834.8708 -2836.3164 -2837.4636 -2837.74 -2836.1956 -2834.2197 -2831.5515 -2826.4578 -2819.1824 -2811.769 -2804.1143 -2795.2695 -2786.9465 -2782.8521 -2780.4399 -2781.7922 -2783 -2782.2358 -2782.8208
-2809.3584 -2812.5603 -2812.7351 -2812.6394 -2811.0042 -2809.7107 -2808.6687 -2808.6687 -2808.9407 -2810.5759 -2812.7839 -2816.0903 -2819.3611 -2822.6978 -2826.04 -2829.4189 -2832.3774 -2834.1211 -2835.8232 -2837.2822 -2835.6003 -2833.3369 -2828.967 -2824.0613 -2816.2546 -2809.0413 -2803.0984 -2799.4517 -2800.0015 -2803.302 -2808.709 -2814.3174 -2819.2231 -2824.1951 -2829.1531 -2832.2532 -2833.9307 -2835.6282 -2836.9556 -2837 -2837.0662 -2836.1326 -2835.2617 -2832.2205 -2828.9827 -2824.9871 -2820.0688 -2814.1211 -2808.4248 -2801.8416 -2795.1924 -2789.1309 -2785.4211 -2783.009 -2784.3613 -2784.8674 -2784.1033 -2784.2671
-2815.6558 -2818.9263 -2819.2761 -2819.1804 -2818.2761 -2817.1182 -2816.2761 -2816.2761 -2816.2761 -2817.1833 -2818.8186 -2820.8848 -2822.8704 -2824.7795 -2826.6409 -2828.1497 -2829.3821 -2828.73 -2828.3687 -2827.5859 -2825.2866 -2820.6545 -2815.9512 -2811.0454 -2805.2727 -2798.4434 -2795.5747 -2794.1711 -2798.3721 -2805.1462 -2813.5168 -2820.3555 -2823.9666 -2828.0798 -2831.7153 -2833 -2833.49 -2834.4309 -2835.4309 -2834.4661 -2832.6929 -2830.9236 -2827.9827 -2824.4243 -2820.1624 -2815.2566 -2811.3315 -2807.6099 -2803.6345 -2799.0903 -2795.115 -2791.9622 -2789.2605 -2787.2185 -2788.6318 -2789.707 -2789.707 -2789.707
-2820.105 -2823.198 -2823.7749 -2824.1282 -2823.2593 -2822.3337 -2821.4084 -2821.2786 -2821.2043 -2821.2043 -2822.1108 -2823.1414 -2823.7957 -2824.5 -2824.3701 -2824.0361 -2823.0664 -2820.583 -2817.6904 -2815.4377 -2811.2722 -2806.1621 -2801.4607 -2796.5549 -2791.9424 -2787.5701 -2787.1521 -2788.074 -2795.0684 -2802.7317 -2812.4641 -2819.4468 -2823.0149 -2825.2539 -2828.1904 -2828.2329 -2827.7744 -2828.3269 -2828.5027 -2827.5979 -2825.4924 -2823.1475 -2819.8552 -2815.2566 -2811.3508 -2805.8271 -2803.6511 -2802.1455 -2800.3015 -2798.9517 -2797.6504 -2797.3491 -2796.0481 -2795.4299 -2795.8228 -2796.1992 -2795.8652 -2795.1316
-2823.8689 -2825.6367 -2825.8396 -2825.8396 -2825.7222 -2825.313 -2824.678 -2823.7373 -2823.4507 -2822.8396 -2822.9265 -2822.1604 -2821.478 -2820.8728 -2819.3279 -2816.3198 -2813.2549 -2809.1538 -2804.4102 -2799.7065 -2794.1682 -2789.0139 -2784.4075 -2780.8745 -2777.9382 -2776.1831 -2778.2625 -2781.009 -2788.5271 -2795.7036 -2804.0801 -2810.4697 -2814.4338 -2816.1162 -2817.0894 -2817.1233 -2817.1233 -2817.1233 -2816.231 -2816.1233 -2814.5232 -2812.5298 -2809.2422 -2805.4451 -2801.5393 -2797.2854 -2796.1479 -2796.5208 -2798.4663 -2800.533 -2803.2788 -2804.8518 -2806.2246 -2806.8767 -2806.4622 -2804.9604 -2802.5938 -2799.3843
-2823.7151 -2824.9585 -2825.0505 -2824.6211 -2825.0505 -2824.6843 -2823.0498 -2822.2412 -2822.0505 -2821.1433 -2820.0332 -2818.4912 -2817.2878 -2814.9424 -2812.3757 -2807.8474 -2803.0894 -2797.7139 -2791.8821 -2785.0393 -2779.4668 -2774.8625 -2771.3455 -2767.2742 -2767.1514 -2767.2434 -2770.1785 -2773.6477 -2780.9983 -2788.8718 -2795.7463 -2800.917 -2804.7126 -2805.6038 -2804.8274 -2805.2017 -2805.6765 -2804.9822 -2804.2017 -2804.6599 -2804.3613 -2801.9158 -2799.4099 -2795.6335 -2791.936 -2789.0732 -2789.2332 -2791.6919 -2796.4209 -2801.7856 -2806.333 -2810.1255 -2813.8596 -2815.8247 -2813.4368 -2810.1052 -2806.4211 -2801.687
-2820.6396 -2822.2749 -2821.04 -2820.5598 -2821.2102 -2821.0835 -2819.4485 -2818.5598 -2818.5298 -2817.5425 -2815.0173 -2813.272 -2810.9133 -2807.5532 -2804.1995 -2799.2937 -2793.6086 -2786.4927 -2779.3271 -2771.261 -2765.7698 -2763.0295 -2760.0815 -2756.1565 -2758.1538 -2759.9226 -2763.1931 -2767.1472 -2774.5576 -2781.0518 -2786.3025 -2790.3254 -2793.429 -2793.2964 -2791.6611 -2792.8735 -2794.5598 -2793.8655 -2792.5962 -2793.5286 -2793.9597 -2792.2986 -2789.8042 -2786.438 -2783.1829 -2780.7834 -2782.7949 -2787.8577 -2794.4736 -2802.0498 -2807.6379 -2813.1318 -2818.6729 -2822.6384 -2818.2986 -2813.3928 -2808.4871 -2802.7822
-2810.9727 -2811.9932 -2811.783 -2811.783 -2811.783 -2811.4167 -2810.5271 -2809.783 -2809.511 -2807.8757 -2806.2405 -2804.3506 -2802.7153 -2799.377 -2796.0229 -2791.1172 -2785.8667 -2779.8071 -2773.8523 -2766.9558 -2762.1318 -2759.4697 -2756.7922 -2754.9446 -2756.6174 -2758.8879 -2761.6318 -2765.3672 -2771.1802 -2776.3464 -2780.5068 -2783.8718 -2785.5369 -2785.9797 -2785.5632 -2786.9333 -2789.5535 -2790.0779 -2789.084 -2789.2546 -2788.4619 -2786.2932 -2783.2446 -2779.3752 -2776.6228 -2774.9875 -2777.4377 -2782.2065 -2788.9214 -2796.5432 -2802.1316 -2807.1873 -2812.0884 -2814.896 -2811.6697 -2807.8865 -2803.5503 -2798.3191
-2798.4536 -2798.9556 -2799.3362 -2800.3362 -2800.0579 -2799.9556 -2799.7161 -2799.3362 -2798.1677 -2797.3713 -2796.1743 -2794.5391 -2792.9038 -2790.2007 -2787.3108 -2783.595 -2779.7964 -2775.2671 -2770.603 -2765.3196 -2761.5906 -2759.3201 -2758.2781 -2757.2651 -2758.4119 -2760.479 -2762.9053 -2766.0642 -2769.9399 -2773.6111 -2775.7341 -2777.7856 -2779.1792 -2780.0117 -2781.1584 -2783.824 -2787.0591 -2788.6943 -2790.051 -2788.0486 -2785.1907 -2780.6785 -2777.1169 -2773.8464 -2771.771 -2770.9434 -2772.8384 -2776.9812 -2782.2065 -2788.0496 -2792.9553 -2797.4805 -2800.6975 -2802.814 -2801.3438 -2799.3787 -2795.5686 -2791.4312
-2785.8735 -2786.6987 -2787.3496 -2788.7937 -2787.8894 -2787.8792 -2788.8735 -2788.2527 -2786.8894 -2786.8894 -2785.905 -2784.7302 -2783.908 -2782.4727 -2780.771 -2778.2339 -2775.2661 -2772.0056 -2769.3755 -2766.7603 -2764.2417 -2761.9795 -2762.0342 -2762.0601 -2763.0474 -2764.1187 -2765.7539 -2768.3679 -2769.9929 -2771.6025 -2773.2278 -2773.9683 -2774.4783 -2776.1084 -2778.5457 -2782.2625 -2787.1191 -2790.4155 -2792.7126 -2789.1216 -2784.1899 -2778.0388 -2772.3564 -2769.9565 -2767.9683 -2767.9683 -2769.3801 -2772.0615 -2775.9883 -2779.5559 -2783.7639 -2787.0718 -2788.1055 -2788.8577 -2789.3831 -2789.6333 -2787.1409 -2784.5371
-2774.7446 -2775.0325 -2776.8538 -2778.0603 -2777.2688 -2777.1108 -2777.7461 -2778.1079 -2776.7446 -2776.7446 -2777.3958 -2776.3958 -2775.5828 -2775.2393 -2775.0176 -2773.979 -2772.3438 -2770.3635 -2769.1311 -2768.4819 -2766.7927 -2765.1208 -2765.4678 -2767.103 -2767.3022 -2768.3735 -2770.0088 -2771.0796 -2770.9919 -2771 -2770.6978 -2770.123 -2770.0469 -2771.4534 -2775.2751 -2780.7683 -2786.5647 -2792.0833 -2795.3408 -2790.1404 -2783.5994 -2776.1719 -2769.7371 -2767.0154 -2765.3489 -2765.3489 -2766.7605 -2768.7449 -2770.6182 -2772.6816 -2775.332 -2777.9836 -2777.5215 -2776.7446 -2779.2383 -2780.2666 -2779.1292 -2778.9075
-2769.1411 -2769.3772 -2770.6013 -2771.8547 -2771.333 -2771.6887 -2772.1423 -2772.6865 -2772.1411 -2772.4009 -2772.8145 -2772.4272 -2772.4272 -2772.5557 -2772.6897 -2771.9143 -2770.646 -2769.0107 -2767.8213 -2767.4539 -2765.8186 -2764.8481 -2765.761 -2766.8008 -2768.7224 -2770.644 -2772.2793 -2773.4749 -2772.0295 -2769.489 -2767.1089 -2765.2581 -2764.6228 -2766.6011 -2770.7183 -2776.9578 -2783.9333 -2789.5105 -2793.0977 -2788.844 -2782.8848 -2775.604 -2769.3879 -2765.9883 -2764.7542 -2765 -2766.4116 -2768.0469 -2769.6821 -2771.3174 -2773.6326 -2774.5957 -2774.7136 -2774.7136 -2776.2075 -2776.7136 -2776.7136 -2776.7136
-2765.3318 -2766.1431 -2766.1929 -2767.1567 -2767.8303 -2768.1567 -2768.157 -2768.822 -2769.0784 -2769.1497 -2770.0784 -2770.0784 -2770.0784 -2771.0352 -2771.0718 -2771 -2770.0505 -2769.0107 -2767.3755 -2765.8186 -2765.0083 -2764.4697 -2765.1655 -2766.8008 -2769.8379 -2772.9929 -2775.2793 -2776.1863 -2772.9675 -2768.7754 -2764.355 -2761.2739 -2759.717 -2761.6953 -2765.8125 -2772.7451 -2781.3342 -2786.24 -2790.7488 -2787.1838 -2782.5994 -2775.0583 -2769.3879 -2765.9883 -2764.1411 -2765 -2766.4116 -2768.0469 -2769.6821 -2771.3174 -2772.9526 -2773.5879 -2774.2058 -2774.9216 -2775.0388 -2775.0784 -2775.0784 -2776
-2764.4431 -2764.4431 -2765 -2765.4963 -2766.731 -2767 -2766.4431 -2766.7253 -2767.5945 -2768.4021 -2769.5425 -2771.0989 -2771.5569 -2772.8064 -2773.5198 -2772.7134 -2771.5569 -2771.1184 -2769.3079 -2766.4805 -2765 -2765.2952 -2765.5381 -2765.4431 -2770.115 -2774.6995 -2777.6567 -2779.2397 -2774.6257 -2768.5508 -2761.3149 -2757.0034 -2756.3682 -2757.6362 -2760.9067 -2767.8726 -2777.1228 -2783.6638 -2788.4431 -2785.5486 -2781.0425 -2774.0583 -2768.7739 -2766.4941 -2765.698 -2766.5569 -2767.9685 -2769.6038 -2771.239 -2773.2544 -2774.5095 -2775.7017 -2776.6812 -2777.4941 -2776.8389 -2776.5569 -2776.5569 -2776.7339
-2763.8079 -2763.8079 -2763.8079 -2763.9036 -2765.3984 -2765.6157 -2764.8079 -2765.4446 -2766.0798 -2767.8894 -2770.2771 -2772.4041 -2774.3533 -2776.0244 -2776.7683 -2776.1877 -2775.4824 -2774.9604 -2773.1348 -2769.6331 -2768.1526 -2768.9604 -2768.6348 -2767.9604 -2771.9927 -2776.5132 -2779.4695 -2780.7825 -2775.0874 -2769.0559 -2761.1938 -2756.6934 -2755.9656 -2756.7297 -2759.002 -2765.7646 -2774.0444 -2780.4521 -2785.4236 -2783.6792 -2779.0076 -2773.2937 -2769.2588 -2767.6863 -2767.1921 -2767.9685 -2769.4116 -2771.0559 -2772.8743 -2774.5095 -2775.9619 -2777 -2778.2231 -2779 -2777.9053 -2777.1289 -2778.2937 -2778.3074
-2762.1726 -2762.1726 -2762.1726 -2762.1892 -2762.3452 -2762.3452 -2763.1726 -2763.8093 -2765.272 -2767.8145 -2771.9124 -2775.01 -2778.9531 -2780.9302 -2783.3093 -2783.3093 -2783.1367 -2782.3184 -2781.5122 -2778.8323 -2777.9641 -2777.1367 -2776.1367 -2776.1367 -2777.46 -2778.8396 -2779.1221 -2778.6025 -2775.0498 -2770.8848 -2765.4917 -2761.5991 -2760.0535 -2760.8081 -2762.4434 -2767.1721 -2773.1387 -2777.4285 -2780.5178 -2779.553 -2777.0413 -2773.2937 -2769.979 -2768.9126 -2768.8274 -2768.9614 -2770.239 -2771.8823 -2773.6821 -2775.3174 -2776 -2777 -2778.0386 -2778.1726 -2777.5063 -2777.9563 -2780.356 -2780.4277
-2762 -2762.3818 -2762.6755 -2762.8809 -2762.4626 -2762.1221 -2762.9268 -2764.2673 -2765.7346 -2769.1841 -2773.5525 -2778.4583 -2782.9272 -2785.5808 -2788.3879 -2789.1067 -2789.6868 -2788.3987 -2787.7634 -2786.8503 -2785.9553 -2784.075 -2783.3879 -2782.9575 -2781.7234 -2780.3584 -2777.9666 -2776.0374 -2773.5728 -2771.5959 -2768.949 -2766.5049 -2764.8696 -2765.4702 -2766.7139 -2769.7729 -2773.0864 -2775.53 -2777.2273 -2777.0911 -2775.9373 -2773.5293 -2771.5322 -2770.4626 -2770.4626 -2770.4626 -2771.6838 -2773.0469 -2774.6821 -2776 -2776 -2776.5374 -2776.7605 -2777.5374 -2777 -2778.1982 -2780.3018 -2780.4604
-2763.0979 -2763.1787 -2764.7012 -2766.198 -2764.5627 -2764.6597 -2766.2949 -2767.2312 -2767.1958 -2770.8245 -2776.3125 -2781.7288 -2786.6345 -2790.0483 -2792.2793 -2794.5627 -2794.8418 -2793.1096 -2792.7224 -2793.4302 -2792.3955 -2789.6135 -2789.0979 -2789.0979 -2785.1831 -2780.8503 -2776.7825 -2773.4624 -2771.8271 -2770.8643 -2771.2717 -2771.3015 -2769.6777 -2770.1958 -2770.9844 -2772.5781 -2774.1511 -2775 -2774.9021 -2774.9966 -2775 -2773.7876 -2772.2273 -2772.0979 -2772.0979 -2772.0979 -2773.0403 -2774 -2774.6821 -2776 -2775.0474 -2774.9021 -2775.9021 -2776.7605 -2777.4453 -2778 -2778.6895 -2778.5027
-2766.3386 -2767.7576 -2770.5864 -2772.7102 -2772.9368 -2772.9626 -2774.1323 -2773.762 -2772.6655 -2774.9641 -2779.429 -2784.2664 -2789.1721 -2791.4482 -2793.2891 -2794.2524 -2794.4465 -2791.822 -2790.9673 -2791.3345 -2790.4395 -2788.3958 -2787.8005 -2788.3877 -2784.2256 -2779.3198 -2774.4141 -2769.9414 -2767.1072 -2766.3955 -2769.2959 -2771.4478 -2771.1287 -2772.1123 -2773.5217 -2774.7332 -2775.7332 -2775.2241 -2774.7332 -2774.9907 -2775.7332 -2774.5605 -2773.7676 -2774.4663 -2774.3628 -2773.7332 -2773.843 -2774 -2774.6821 -2775.2668 -2775.0127 -2774 -2774.4304 -2775.229 -2776.2668 -2776.6284 -2777.2668 -2777.1602
-2771.4849 -2774.2341 -2778.564 -2782.4016 -2785.2104 -2786.446 -2784.2083 -2782.2053 -2780.6416 -2781.0125 -2782.6218 -2785.8359 -2789.626 -2790.6316 -2791.2324 -2790.176 -2789.1868 -2786.5413 -2784.4348 -2783.0625 -2783.1194 -2782.7219 -2783.0603 -2783.8948 -2780.908 -2777.4177 -2772.512 -2767.4802 -2761.6121 -2759.6084 -2764.2041 -2768.3542 -2770.5181 -2773.1533 -2774.7886 -2776.1563 -2777 -2776.3057 -2775 -2775.9648 -2776.3684 -2775.8513 -2775.3684 -2776.1863 -2775.9109 -2775.0823 -2774.2168 -2773.0295 -2773.8828 -2775 -2774.0474 -2773.2603 -2774 -2774.5422 -2774.6316 -2774.7605 -2775.9131 -2776
-2775.1941 -2777.6575 -2783.8506 -2789.3975 -2795.9446 -2796.9255 -2792.0103 -2787.7375 -2784.7344 -2783.0933 -2781.998 -2784.3518 -2787.6194 -2786.9895 -2785.9019 -2784.2666 -2782.2751 -2779.9927 -2776.7329 -2773.7175 -2773.8728 -2776.0422 -2777.1509 -2778.7861 -2777.5547 -2774.854 -2771.5869 -2766.9502 -2756.1497 -2751.4333 -2760.4763 -2766.7651 -2770.0361 -2773.1497 -2774.7849 -2775.4224 -2775.9963 -2775.9963 -2775 -2775.9648 -2776 -2775.7617 -2775 -2775.9963 -2775.8557 -2774.9971 -2774 -2774.0002 -2774.0037 -2775 -2774.0474 -2774 -2774.0007 -2774.0037 -2775 -2775.0037 -2775.7651 -2775.9985
-2776.8975 -2780.1775 -2786.9409 -2794.7561 -2803.3994 -2805.218 -2797.2712 -2790.9587 -2785.6436 -2781.9077 -2779.5408 -2781.4387 -2783.8962 -2781.5481 -2779.3076 -2777.0867 -2775.0903 -2772.4658 -2769.4353 -2764.9248 -2765.2344 -2769.1438 -2771.3545 -2773.5229 -2773.7222 -2773.2898 -2771.8508 -2767.686 -2752.582 -2746.175 -2757.9807 -2766.6484 -2770.0361 -2772.1533 -2773.7886 -2774.3611 -2774.3611 -2774.8047 -2775 -2775.3484 -2775.3611 -2774.2107 -2773.7222 -2774.3611 -2774.3611 -2774.0808 -2774 -2773.9871 -2773.7222 -2773.7222 -2773.9868 -2774 -2774.2231 -2775 -2775.3154 -2776 -2776 -2775.2168
-2772.5051 -2775.5537 -2781.6187 -2788.0813 -2795.8093 -2797.0764 -2789.3494 -2782.6338 -2774.9165 -2771.874 -2771.355 -2772.4841 -2773.8938 -2772.7556 -2771.5686 -2770.3816 -2769.9207 -2768.7336 -2767.6479 -2765.2886 -2766.093 -2768.8044 -2770.1655 -2771.5813 -2772 -2772.6741 -2772 -2769.5044 -2760.77 -2756.7488 -2763.9268 -2769.3462 -2771.3005 -2772.3855 -2773.7886 -2774 -2774 -2774 -2774.3962 -2773.4614 -2771.687 -2769.8777 -2768.9033 -2769.5447 -2770.7341 -2773.4409 -2771.6768 -2767.5225 -2765.168 -2764.4854 -2768.7356 -2773.063 -2774 -2773.7646 -2773.7258 -2773.7258 -2773.7258 -2773.6162
