MapLib/Lvl1_5x5/BG/Ele_BG_BA.asc
ncols         557
nrows         557
xllcorner     -500
yllcorner     5565669.448
cellsize      1000
nodata_value  -9999.0
[rows 330 to 362 of 557, columns 375 to 449 of 557]
-22 -22 -22 -22 -22 -22 -21.7711 -21 -21 -21 -21 -21 -21 -21 -21 -21 -21 -21 -21 -21 -21 -21 -21 -21 -21 -21 -21 -21 -21 -21 -21 -21 -21 -21 -21 -21 -21 -21 -21 -21 -21 -21 -21 -21 -21 -21 -21 -21 -21 -21 -21 -21 -21 -21 -21 -21 -21 -21 -21 -21 -21 -21 -21 -21 -21 -21 -21 -21 -21 -21 -21 -20.1752 -19.2318 -17.2931 -15.2694
-22 -22.0735 -22.206 -22 -22 -22.1849 -22.0962 -21 -21 -21.206 -21 -21 -21.071 -21.206 -21 -21 -21.1824 -21.0987 -21 -21 -21 -21 -21 -21 -21 -21 -21 -21 -21 -21 -21 -21 -21 -21 -21 -21 -21 -21 -21 -21 -21 -21 -21 -21 -21 -21 -21 -21 -21 -21 -21 -21 -21 -21 -21 -21 -21 -21 -21 -21 -21 -21 -21 -21 -21 -21 -21 -21 -21 -21 -20.6435 -20 -19 -17.1106 -15.4754
-22 -22.3568 -23 -22 -22 -22.1426 -22.0741 -21 -21 -22 -21 -21 -21.3447 -22 -21 -21 -21.8857 -21.4791 -21 -21 -21 -21 -21 -21 -21 -21 -21 -21 -21 -21 -21 -21 -21 -21 -21 -21 -21 -21 -21 -21 -21 -21 -21 -21 -21 -21 -21 -21 -21 -21 -21 -21 -21 -21 -21 -21 -21 -21 -21 -21 -21 -21 -21 -21 -21 -21 -21 -21 -21 -21 -20 -20 -19.4542 -17.9849 -17.1106
-22 -22 -22 -22 -22 -21.5722 -21.2444 -21 -21 -21 -21 -21 -21 -21 -21 -21 -21 -21 -21 -21 -21 -21 -21 -21 -21 -21 -21 -21 -21 -21 -21 -21 -21 -21 -21 -21 -21 -21 -21 -21 -21 -21 -21 -21 -21 -21 -21 -21 -21 -21 -21 -21 -21 -21 -21 -21 -21 -21 -21 -21 -21 -21 -21 -21 -21 -21 -21 -21 -21 -21 -20.9008 -20.4765 -20.4765 -20.4266 -19.9529
-22 -22 -22 -22 -21.655 -21 -21 -21 -21 -21 -21 -21 -21 -21 -21 -21 -21 -21 -21 -21 -21 -21 -21 -21 -21 -21 -21 -21 -21 -21 -21 -21 -21 -21 -21 -21 -21 -21 -21 -21 -21 -21 -21 -21 -21 -21 -21 -21 -21 -21 -21 -21 -21 -21 -20.8883 -20.8883 -20.8883 -20.8883 -20.8883 -20.8883 -20.8883 -20.8883 -20.8883 -20.8883 -19.9578 -19.8883 -19.8883 -19.8566 -19.7765 -19.7146 -18.7554 -18.5727 -17.5017 -17.319 -16.4873
-22 -22 -22 -21.5314 -21 -21 -21 -21 -21 -21 -21 -21 -21 -21 -21 -21 -21 -21 -21 -21 -21 -21 -21 -21 -21 -21 -21 -21 -21 -21 -21 -21 -21 -21 -21 -21 -21 -21 -21 -21 -21 -21 -21 -21 -21 -21 -21 -21 -21 -21 -21 -21 -21 -20.7085 -20 -20 -20 -20 -20 -19.253 -19.253 -19.253 -19.253 -19.253 -19.1574 -18.253 -18.253 -17.4342 -16.5665 -15.9517 -14.5695 -12.3181 -9.805 -7.4228 4.0173
-21.7242 -21.6178 -21.6178 -21 -21 -21 -21 -21 -21 -21 -21 -21 -21 -21 -21 -21 -21 -21 -21 -21 -21 -21 -21 -21 -21 -21 -21 -21 -21 -21 -21 -21 -21 -21 -21 -21 -21 -21 -21 -21 -21 -21 -21 -21 -21 -21 -21 -21 -21 -21 -21 -21 -20.7114 -20 -19.6178 -19.6178 -19.6178 -19.6178 -19 -18.9229 -18.6178 -18.6178 -18.6178 -18.1589 -17.6178 -16.6178 -15.9692 -15.334 -13.6987 -12.6812 -10.9735 -7.3789 3.9967 7.1838 8.0591
-21 -21 -21 -21 -21 -21 -21 -21 -21 -21 -21 -21 -21 -21 -21 -21 -21 -21 -21 -21 -21 -21 -21 -21 -21 -21 -21 -21 -21 -21 -21 -21 -21 -21 -21 -21 -21 -21 -21 -21 -21 -21 -21 -21 -21 -21 -21 -21 -21 -21 -21 -20.8649 -20 -19.5991 -19 -19 -18.9948 -18.0676 -18 -17.9965 -17.9825 -17 -17 -16.987 -15.9934 -14.9825 -14.334 -12.6987 -11.0635 -9.4185 -6.6034 5 12.2287 9.0286 8.4206
-21 -21 -21 -21 -21 -21 -21 -21 -21 -21 -21 -21 -21 -21 -21 -21 -21 -21 -21 -21 -21 -21 -21 -21 -21 -21 -21 -21 -21 -21 -21 -21 -21 -21 -21 -21 -21 -21 -21 -21 -21 -21 -21 -21 -21 -21.6528 -21.6528 -21 -21 -21 -20.6838 -20 -19.5072 -19 -18.3472 -18.3472 -18.2445 -18 -17.3472 -17.2772 -17 -16.6917 -16.3472 -16.0893 -14.9692 -13.9913 -12.6987 -11.7162 -10.081 -7.6005 -4.9682 -1.9496 8.4081 9.093 -1
-21 -21 -21 -21 -21 -21 -21 -21 -21 -21 -21 -21 -21 -21 -21 -21 -21 -21 -21 -21 -21 -21 -21 -21 -21 -21 -21 -21 -21 -21 -21 -21 -21 -21 -21 -21 -21 -21 -21 -21 -21 -21 -21 -21.0376 -22 -22 -22 -21.4214 -21 -20.7554 -20 -19.6268 -19 -18.4342 -18 -18 -17.712 -17.049 -16.712 -16 -16 -15.864 -15.6355 -14.7861 -13.8911 -12.9867 -11.8132 -10.4282 -8.793 -6.6034 -3.7559 -2.1247 10.9644 8.7889 9.8652
-21 -21 -21 -21 -21 -21 -21 -21 -21 -21 -21 -21 -21 -21 -21 -21 -21 -21 -21 -21 -21 -21 -21 -21 -21 -21 -21 -21 -21 -21 -21 -21 -21 -21 -21 -21 -21 -21 -21 -21 -21 -21 -21 -21.9262 -22 -22 -22 -21.4214 -21 -20.1508 -20 -19 -18.303 -18 -17.0767 -17.0767 -16.7268 -16.0767 -16 -15.8138 -15.0767 -15.0405 -14.9008 -14.0197 -13.0477 -12.0635 -10.4282 -9.4542 -7.1577 -5.4799 -2.8726 10.4883 10.2393 10.9875 6.7585
-21 -21 -21 -21 -21 -21 -21 -21 -21 -21 -21 -21 -21 -21 -21 -21 -21 -21 -21 -21 -21 -21 -21 -21 -21 -21 -21 -21 -21 -21 -21 -21 -21 -21 -21 -21 -21 -21 -21 -21 -21 -21 -22 -22 -22 -22 -22 -21.4214 -21 -20.1508 -19.7294 -18.3886 -17.5784 -17.2692 -16.4415 -16.1498 -15.4415 -15.0304 -15 -14.8873 -14.4415 -14 -13.4415 -12.6987 -12.2746 -11.4282 -9.793 -8.1577 -5.6034 -3.8872 12.5585 10.0074 8.0577 8.0751 -1
-21 -21 -21 -21 -21 -21 -21 -21 -21 -21 -21 -21 -21 -21 -21 -21 -21 -21 -21 -21 -21 -21 -21 -21 -21 -21 -21 -21 -21 -21 -21 -21 -21 -21 -21 -21 -21 -21 -21 -21 -21 -21 -22 -22 -22 -22 -22 -21.4214 -20.9586 -19.9571 -18.5156 -17.6866 -16.0513 -15.8062 -14.8062 -14.8062 -13.9426 -13.8062 -13.8062 -13.6436 -12.8378 -12.8062 -12.7196 -11.8561 -10.4282 -9.5992 -7.9639 -6.0999 -3.8872 6.4212 -1.6534 -1 4.4084 10.1056 8.6824
-21 -21 -21 -21 -21 -21 -21 -21 -21 -21 -21 -21 -21 -21 -21 -21 -21 -21 -21 -21 -21 -21 -21 -21 -21 -21 -21 -21 -21 -21 -21 -21 -21 -21 -21 -21 -21 -21 -21 -21 -21 -21 -21.5045 -22 -22 -22 -21.2179 -21.072 -19.9571 -18.3218 -16.8575 -16.0513 -14.416 -14.171 -13.171 -13.171 -13.1204 -13 -12.171 -12.171 -12.0279 -11.6085 -11.171 -10.4282 -8.793 -7.1577 -5.5224 -3.8872 -2.2519 -1.5405 5.9917 5.7662 -1 -1 6
-21 -21 -21 -21 -21 -21 -21 -21 -21 -21 -21 -21 -21 -21 -21 -21 -21 -21 -21 -21 -21 -21 -21 -21 -21 -21 -21 -21 -21 -21 -21 -21 -21 -21 -21 -21 -21 -21 -21 -21 -19.9388 -19.8919 -20.5357 -21 -21 -20.8569 -19.5923 -18.4928 -16.8575 -15.2223 -14.0714 -13.0073 -12.5357 -12.5357 -11.9882 -11.5357 -11.5357 -11.5357 -10.737 -10.5357 -10.5357 -10.0635 -9.4282 -8.1908 -7.1577 -5.5224 -3.8872 -2.5357 -1.6167 -1 -1 -1 -1 -1 -1
-21 -21 -21 -21 -21 -21 -21 -21 -21 -21 -21 -21 -21 -21 -21 -21 -21 -21 -21 -21 -21 -21 -21 -21 -21 -21 -21 -21 -21 -21 -21 -21 -21 -21 -21 -21 -21 -21 -20.9143 -20.4039 -18.7686 -18.5912 -18.8009 -18.8348 -19.7013 -18.4239 -16.8575 -15.8009 -14.6083 -13.0513 -11.9518 -11 -11 -11 -10.9004 -10.9004 -10.634 -9.9073 -9.9004 -9.6987 -8.9004 -8.4282 -7.793 -6.2316 -5.5224 -3.9867 -2.3515 -1.6449 -1 -1 -1 -1 -1 -1 9.3076
-21 -21 -21 -21 -21 -21 -21 -21 -21 -21 -21 -21 -21 -21 -21 -21 -21 -21 -21 -21 -21 -21 -21 -21 -21 -21 -21 -21 -21 -21 -21 -21 -21 -21 -21.2354 -21.7348 -21.3007 -20.8339 -20.0368 -18.7686 -17.0365 -15.5304 -15.2347 -14.7956 -14.7956 -13.7956 -13.5454 -12.5304 -12.2652 -11.416 -11.1367 -11 -11 -10.7133 -10 -10 -9.2652 -9.0182 -8.2652 -8.0635 -7.2652 -6.793 -6.2367 -5.4542 -4.1649 -3.2519 -2.0932 -1 -1 -1 -1 -1 -1 -1 8.9085
-21 -21 -21 -21 -21 -21 -21 -21 -21 -21 -21 -21 -21 -21 -21 -21 -21 -21 -21 -21 -21 -20.6299 -20.6299 -20.6299 -20.9881 -21 -21 -21 -21 -21 -21 -21 -21 -21 -21.2018 -21.6299 -20.6299 -20.0338 -18.3985 -16.7633 -14.4981 -12.8628 -12.6299 -12.6062 -12 -11.4358 -11 -11 -11 -11 -11 -11 -10.7206 -9.8556 -9.6139 -8.7555 -8.4435 -7.6554 -7.2731 -6.6299 -6.1027 -5.6299 -4.9602 -4.1621 -3.2519 -2 -1.3515 -1 -1 -1 -1 -1 -1 -1 2.3063
-21 -21 -21 -21 -21 -21 -21 -21 -21 -21 -21 -21 -21 -21 -21 -21 -21 -21 -21 -20.9958 -20 -19.9947 -19.3012 -19.9947 -19.9998 -20.9979 -21 -21 -21 -21 -21 -21 -21 -21 -20.9983 -20.0442 -19.4039 -17.5437 -15.1387 -13.4981 -12 -11.9959 -11.5945 -11 -11 -11 -11 -11 -11 -11 -11 -10.8756 -9.996 -8.9979 -7.9999 -7.9947 -6.9984 -6.9947 -5.997 -5.794 -4.9955 -4.525 -3.9947 -3.2519 -1.998 -1 -1 -1 -1 -1 -1 -1 -1 -1 -1
-21 -21 -21 -21 -21 -21 -21 -21 -21 -21 -21 -21 -21 -21 -21 -21 -21 -21 -20.8999 -20.075 -19.3594 -18.9603 -18.3594 -18.5724 -19.3478 -20.2167 -21 -21 -21 -21 -21 -21 -21 -21 -20.8849 -20.0285 -19.0498 -18.0551 -16.4198 -14.4252 -13.1967 -12.3649 -11.6406 -11.6406 -11.2096 -11 -11 -11 -10.863 -10.3594 -10.3594 -9.3594 -8.6045 -7.9692 -7.3503 -6.5768 -6.253 -5.4035 -5.1558 -4.3594 -4.0586 -3.3594 -2.9311 -2.0925 -1.622 -1 -1 -1 -1 -1 -1 -1 -1 -1 -1
-22 -22 -22 -22 -22 -22 -21.4669 -21 -21 -21 -21 -21 -21 -21 -21 -21 -21 -21 -20 -19.2085 -18.4152 -17.6622 -16.7242 -17.0566 -18.6919 -19.4367 -20.1725 -20.9651 -21 -21 -21 -21 -21 -21 -21 -21 -20.5722 -20.1121 -19.3141 -18.0551 -16.144 -14.5087 -13.1649 -12.2655 -12 -11.501 -11 -10.7242 -9.941 -9.7242 -9.2398 -7.967 -6.9692 -6.7242 -5.993 -5.7242 -4.9184 -4.7242 -3.8437 -3.5781 -2.7691 -2.3822 -1.7242 -1.1863 -1 -1 -1 -1 -1 -1 -1 1 -1 -1 -1
-22 -22 -22 -22 -22 -22 -21.0415 -20.0889 -20.0889 -20.0889 -20.0889 -20.0889 -21 -21 -21 -21 -21 -20.5254 -19.8577 -18.2975 -16.7001 -16.0269 -14.4537 -15.4214 -17.0566 -18.6383 -20 -20.8735 -21 -21 -21 -21 -21 -21 -21 -21 -21 -20.794 -20.0123 -18.5923 -16.8682 -15.2329 -13.5976 -12.0856 -11.387 -10.7193 -10.0889 -9.0889 -8.1588 -8.0889 -7.1347 -6.1672 -6.0218 -5.0889 -5.0866 -4.398 -4.0626 -3.1516 -3.0385 -2.0889 -2.0145 -1.5698 -1 -1 -1 -1 -1 5.811 6.3112 7.0782 6.9875 6 -1 -1 -1
-23 -23 -23 -22 -21.8565 -21.0463 -20.4669 -19.3773 -19 -19 -19 -19.3218 -20.3447 -21 -21 -21 -21 -20.4791 -19.8438 -18.2085 -15.8334 -14.3917 -13.1374 -14.4833 -16.4214 -17.7831 -19.2382 -20.4772 -21 -21 -21 -22 -21.5191 -21 -21.1453 -21.9757 -20.6772 -19.8765 -18.5923 -17.7318 -15.8682 -14.2329 -12.5976 -11.416 -10.4536 -9.1455 -8.4536 -7.1375 -6.3368 -5.5221 -5.4536 -4.4536 -4.4536 -4.4536 -3.9861 -3.4536 -2.4536 -2.4536 -1.6905 -1.3621 -1 -1 -1 8.3102 9.777 8.4029 8.1065 8.029 7.7086 8.3507 7.0618 8.1092 7.3086 -1 -1
-23 -23 -23 -22 -21.7374 -21 -19.3701 -17.65 -17.622 -17.8184 -17.7443 -17.5278 -19.2256 -20.9799 -21 -21 -21 -21 -20.1816 -19.3902 -17.4057 -15.1196 -14.1816 -15.5141 -17.1493 -18.7846 -20.1816 -20.8965 -21.1816 -21.1816 -21.8194 -22 -21 -20.8756 -19.9418 -19.6449 -18.7111 -17.7773 -16.7755 -15.2304 -13.6866 -12.0513 -10.416 -9.606 -8.1455 -7.3846 -5.875 -5.1632 -3.8184 -3.8184 -3.8184 -3 -3 -3 -2.793 -1.8184 -1 5.1959 7.0043 5.8343 5.5578 8.031 9.5649 7.2439 7.7722 9.0873 7.3398 9.7452 8.8865 9.8208 9.7063 9.7483 8.55 -1 3.3995
-23 -23 -23 -22 -21.135 -21 -18.5524 -16.0148 -15.9868 -16.5416 -16.1696 -16.1299 -18.6893 -20.9799 -21 -21 -21 -21 -21.8169 -21.0254 -19.3902 -17.5212 -15.8169 -17.1493 -18.7846 -20.4199 -21 -21.7135 -22 -22 -22 -22 -20.9593 -20.0577 -18.8628 -17.2276 -16.2581 -15.9571 -14.3218 -12.7775 -11.3421 -10.416 -8.7808 -7.1831 -6.5103 -5.1831 -4.2398 -3.1831 -2.1831 -2.1831 -2.1831 -2.1831 -2.1831 -2.1831 -1.1785 8.1721 7.8338 9.5295 7.7345 7.9855 7.6512 7.5833 6.98 7.5499 8.2022 7.396 7.696 7.145 6.8122 8.1033 7.714 9.2254 9.3842 -1 8.2164
-23 -22.8387 -21.5558 -19.4684 -17.977 -17.1517 -16.2706 -14.9239 -14.9112 -15.7463 -17.067 -18.6136 -20.7968 -21.989 -21.663 -21.4521 -21.4521 -21.7375 -22 -21.2085 -20.2592 -19.3902 -18.0701 -18.7846 -20.4199 -20.7825 -21.5827 -22 -21.77 -20.9349 -20.5479 -19.8686 -19.046 -17.4107 -16.2276 -14.5923 -13.7721 -12.8697 -11.2344 -9.8237 -8.9639 -7.6755 -6.1455 -5.5103 -4.5479 -3.5479 -2.6045 -1.7384 -1.5479 -1.5479 -1.5479 -1.5479 -1.5479 -1.5479 7.9148 7.9929 8.1383 8.2229 8.1737 7.1218 8.3158 8.6814 6.1278 6.9941 8.7818 7.9904 8.4201 7.1207 10.215 8.2251 7.9866 8.6471 9.2839 9.9757 8.0063
-22.191 -21.7941 -19.8404 -16.6579 -14.673 -14 -14.0466 -14.1895 -14.9955 -15.6136 -18.2357 -20.7968 -22.3447 -23 -22.3848 -22 -22 -21.9545 -21.9126 -21.1903 -20.9126 -19.9946 -19.9126 -20.2451 -20.9126 -21.5156 -21.8918 -21.8252 -21.3165 -19.8252 -19.046 -17.4107 -16.6924 -15.1402 -13.5329 -12.8291 -11.2861 -10.5992 -8.9639 -7.372 -5.9011 -5.1252 -4.458 -3.875 -2.9126 -1.9731 5 -1 -1 -1 -1 -1 -1 -1 -1 8.4886 8.3956 8.0655 7 7.3352 5.9558 7.0804 3.1344 -1.1523 -4.3961 -7.1603 -5.3822 -5.1716 -5.9055 -5.8642 5.7941 9.4869 9.0721 8.8487 10.0946
-19.8332 -18.1979 -16.5626 -14.7534 -14 -14 -15.641 -17.6136 -18.4453 -19.2896 -20.54 -22.432 -22.8182 -23 -22.3848 -22 -21.36 -21.1329 -20.8871 -20.2774 -19.6916 -19.2602 -19 -19.0922 -19.2774 -19.8804 -20.0391 -18.6461 -18.046 -17.1733 -15.7755 -14.1402 -12.5547 -11.8697 -11.0459 -9.5992 -9.2774 -8.0513 -6.416 -4.9185 -4.1455 -3.2774 -2.2774 -2.2669 -2 -1.1919 -1 -1 -1 -1 -1 -1 -1 -1 -1 10.5279 9.991 7.5723 6.3086 -1 -1 -1.3413 -2.5528 -4.7248 -8.5793 -10.4092 -5.4883 -2.7598 -3.5323 -3.401 -2.8287 5.0469 8.5324 11.8545 11.0928
-18.6363 -17.0011 -15.3658 -14.7158 -14.7158 -14.7158 -16.9335 -20.1684 -21 -22 -22.0476 -22.6421 -22.6421 -22.6421 -21.7798 -21.3917 -20.6421 -20.1212 -19.6421 -18.8507 -18.6421 -17.6421 -17.3926 -17.1652 -16.9263 -17.2842 -17.046 -15.4107 -14.7755 -14.2842 -13.0046 -11.2276 -9.6421 -9.3969 -8.3218 -7.6421 -6.7886 -6.416 -4.7808 -3.5034 -2.8682 -2 -1 -1 -1 -1 -1 -1 -1 -1 -1 -1 -1 -1 -1 12.0518 -1 6.774 1.7531 -1 -1 -2.3032 6.0449 4.5847 4.6499 -10.5201 -4.7965 -1 -1.5901 -1.8016 -1.3113 -6.1757 -12.3239 8.9314 9.6497
-19.2784 -18.6363 -17.9864 -17.9863 -17.7255 -16.9931 -18.5263 -20.1684 -21 -22 -22 -22 -22 -21.0268 -20.3917 -19.7564 -19.0069 -18.4859 -18.0069 -17.2154 -17.0069 -15.9453 -14.3165 -13.6812 -13.0137 -13.0206 -13.0189 -12.1402 -11.5049 -11.0137 -10.2344 -9.0109 -8.0069 -7.3218 -6.6866 -6.0069 -5.416 -4.7808 -4.001 -3.0034 -2.0059 -2 -1 -1 -1 -1 -1 -1 -1 -1 -1 -1 -1 -1 -1 -1 -1 -1 -1 -1 3.0819 -1.0069 -2.0076 -2.7564 -4.4011 -4.014 -2.3607 -1 -1 -1.0031 -1.1895 -2.8361 -5.4875 9.6487 10.5666
-20 -19 -18.3766 -18.6047 -17.7432 -16.8453 -17.9047 -20.0626 -20.8766 -21.3716 -20.9534 -20.3716 -20.3716 -20.3716 -19.143 -18.2785 -17.4434 -16.8507 -16.3716 -15.5801 -15.1034 -13.7202 -12.6744 -11.0391 -10.3716 -10.3716 -9.6547 -9.3716 -8.5541 -8.2811 -7.4536 -7.3716 -6.3716 -5.6866 -5.2526 -4.3995 -4.1521 -3.3716 -3.0515 -2.6879 -2 -1.518 -1 -1 -1 -1 -1 -1 -1 -1 -1 -1 -1 6.5505 13.2565 -1 -1 -1 -1 -1 -1 -1 -1 -1 -1 -1 -1 -1.8067 -3.4119 -3.3309 -2.2568 -1.7385 -1.6284 6.6969 10.11
-20.2784 -18.9059 -17.7443 -16.109 -15.2101 -14.4727 -15.8026 -18.9047 -19.7363 -20 -19.7363 -19.214 -18.7363 -18.7363 -17.7363 -16.934 -15.8507 -15.2154 -14.7363 -13.9449 -13.1585 -11.6744 -10.7363 -9.4039 -8.7363 -8.1333 -7.7363 -6.8628 -6.7363 -5.7363 -5.7363 -5.7363 -4.9869 -4.7363 -3.9155 -3.7363 -2.8442 -2.5699 -2 -1.8691 -1.6393 -1 -1 -1 -1 -1 -1 -1 -1 -1 -1 4 2.8671 -1.3902 6.1905 7.9432 6.3188 -1.9493 -1.4335 -1 -1.2207 -2 -1 -1 -1.378 -1.9902 -1.0927 -3.115 5 6.4307 -5.8846 -3.4389 -2.1424 5.0698 9.738
-20.2784 -18.6432 -17.0079 -15.3727 -13.7374 -13 -14.1673 -16.3705 -17.2022 -18.2022 -18.1011 -17.4634 -17.1011 -16.2202 -16.1011 -15.1768 -14.2154 -13.5801 -12.9607 -12.1222 -11.1011 -10.0948 -9.3733 -8.0675 -7.1301 -7.0401 -6.1011 -6.0128 -5.1011 -4.8705 -4.1011 -4.1011 -4.0513 -3.1011 -3.0687 -2.141 -2.0414 -1.7968 -1.1011 -1.0509 -1 -1 -1 -1 -1 -1 -1 -1 -1 -1 -1 -1 -1 -1.0394 -1.9746 -1 -1.2959 -2 -1.9427 -1 -1.837 -2 -1 2.515 4.1976 3.2756 4 -2.9524 -7.1249 -7.794 5.8824 -3.4338 -2.0546 5.4083 7.7598
