MapLib/Lvl1_5x5/BG/Ele_BG_DD.asc
ncols         557
nrows         557
xllcorner     1670500
yllcorner     4451669.448
cellsize      1000
nodata_value  -9999.0
[rows 81 to 107 of 557, columns 372 to 433 of 557]
898.2617 860.4825 846.1213 827.0093 732.4431 651.8848 543.896 497.0078 414.3425 512.5016 589.4267 719.3536 717.0273 649.1929 649.8178 754.0986 826.9357 941.2319 972.0268 1057.1969 1165.2496 1094.5961 919.9197 891.6865 868.3324 811.9783 899.2333 953.5999 999.6732 886.1467 813.2781 771.6337 779.7366 866.5366 691.4091 610.9532 658.4246 808.4382 787.6384 838.2427 706.4808 616.1091 602.0252 583.5898 647.2748 688.845 675.1533 775.61 823.3043 839.8287 841.1076 801.9557 636.4116 536.7432 405.6907 391.9629 468.1406 639.6588 717.8502 601.0291 578.8467 752.3554
940.3788 937.2775 893.462 820.4673 783.1068 707.5522 618.2866 462.6938 410.9025 526.277 633.8711 723.9178 862.7212 939.0104 928.5016 855.9064 859.0864 823.9076 918.7213 1125.7845 1122.3719 1127.1593 1065.8949 1004.2467 957.2522 821.486 794.5443 962.4693 1006.9211 897.6089 781.2692 788.9991 909.6655 913.7218 800.7921 743.2003 758.7617 859.3942 719.3511 785.9303 752.9303 750.6263 699.3203 681.3236 674.4031 619.7161 601.0752 661.9072 747.3079 758.3503 772.0649 740.571 619.98 588.9872 449.3779 523.8162 471.1272 423.3931 474.5566 495.8846 627.947 719.6225
913.8856 779.1852 750.6837 663.5096 576.5421 560.683 607.0622 720.2634 618.3154 481.19 600.6675 724.9775 859.6693 1109.6997 1163.9512 1130.5637 1047.7823 1008.4279 1005.6559 992.8369 1083.9408 1088.8842 1044.0543 975.3351 962.2874 936.4758 775.7194 882.7299 988.8488 982.6288 990.2437 850.903 725.0609 825.6764 907.1434 925.3242 854.2636 749.2709 634.8774 580.3878 623.1676 775.8837 740.3434 697.2921 653.092 619.6516 588.1487 596.5032 667.6851 711.0143 714.5045 697.7853 613.8117 511.8369 562.4683 705.8841 712.4211 468.845 437.9138 574.2132 611.3193 682.9769
671.6284 650.3912 751.0759 684.5018 836.2298 924.2461 833.5114 608.1934 541.6832 494.4363 519.6021 618.429 678.8242 812.2993 813.8412 795.4612 769.0085 785.8307 995.3983 1073.5037 1160.1642 1089.5042 1046.0341 985.7775 845.0939 833.7741 792.3949 775.0533 801.7889 804.1854 962.5455 813.86 702.6372 678.6279 846.585 757.873 784.2718 740.3579 640.1806 600.2891 616.3819 578.0123 576.6149 542.4906 516.7494 545.3776 541.0864 623.8293 689.4097 727.761 728.0099 736.3778 654.201 618.1001 585.221 603.5605 672.0074 503.5757 439.1018 423.5216 496.8185 558.2239
900.0925 853.2417 948.4404 969.7433 903.0668 790.6429 705.752 657.4503 655.611 514.0889 564.0268 649.472 516.7973 514.2953 599.4269 546.9676 644.4999 784.1869 894.0788 994.3857 1157.8014 1149.62 1085.98 964.77 951.3488 918.2612 779.3922 820.7294 758.4767 700.8482 848.3472 717.3843 678.8305 748.4455 728.304 819.882 615.8408 587.2943 571.1913 643.8444 746.678 845.5866 894.4499 699.115 648.0929 568.6188 549.1544 545.0728 651.9296 722.3741 643.7596 555.2245 514.3502 491.7565 530.5213 555.3326 499.478 414.0511 447.9973 461.791 467.8857 512.2097
805.5618 736.2471 733.4242 755.1249 708.9935 682.8949 647.1646 623.3034 636.6152 661.6662 618.8132 693.5746 686.0149 658.9028 692.5353 622.4606 518.1668 675.8613 872.8245 936.9211 1116.7423 1124.4929 1111.4877 1115.5968 1058.2998 927.4799 1004.334 936.3309 771.4854 782.62 813.063 829.4282 794.2403 873.114 831.2498 776.8716 768.6667 726.4932 602.4728 670.5913 782.9689 1043.0702 1089.5759 822.5833 792.0471 750.8409 716.3011 725.088 634.7556 531.3448 590.9077 491.0351 538.2429 572.7686 442.991 431.5865 485.3824 489.4214 544.9846 530.3949 534.1647 457.1632
939.6693 888.8629 775.5386 770.4695 803.7411 794.7032 808.8422 797.8395 782.785 698.3116 671.9977 846.28 836.7363 912.0511 780.1949 691.5622 555.1331 483.1487 582.4252 714.2947 934.5233 930.8142 1053.7635 1013.9388 946.9448 1019.799 1062.045 871.5151 779.9601 895.0376 913.767 963.2039 805.1404 973.873 953.6262 893.7996 928.0125 872.6014 796.2035 732.8955 755.0054 884.0012 957.4639 945.1593 1008.9487 875.0698 927.8874 910.1292 676.4301 637.1791 587.9255 681.0656 698.4362 681.9563 627.7512 555.7659 594.2649 488.0005 550.8422 584.8262 548.3785 543.149
1130.0156 1029.3942 1017.8106 908.8085 861.6497 938.9395 906.0844 829.8754 826.1913 781.7806 727.8716 811.5088 937.9116 956.9516 906.9425 808.608 634.7167 565.0869 490.183 631.1201 684.5504 646.7001 743.8992 854.7352 958.4447 1095.2609 1109.342 1015.006 911.6436 851.8007 981.4042 961.8984 917.7805 993.8254 999.3138 949.8893 923.2083 858.9822 733.0344 901.8898 1006.1636 921.4895 972.0351 1075.2147 1091.4485 990.0668 915.9193 971.37 1084.0614 828.3002 681.6198 726.2706 821.8678 800.0691 731.2869 698.015 597.7313 548.9492 626.2827 605.8632 561.0286 550.8767
1100.0616 1178.8673 1147.5231 1118.1082 1072.6727 1009.6046 1048.1243 969.7072 900.4937 925.696 795.6915 921.524 975.1075 1074.3689 1004.553 794.4119 773.0695 787.9116 635.6671 562.1066 546.0101 511.1496 693.1672 774.3137 937.7801 1139.8308 1159.2397 1182.7537 1085.8882 1021.3298 993.4373 1008.5742 1054.7834 1037.7609 1027.6508 1012.2021 876.9496 858.9346 794.4484 874.5295 982.1511 996.3896 1040.6563 1080.608 1018.0096 982.4606 1055.5847 1122.3551 1241.8313 1155.7969 825.1546 1056.4508 1135.8231 1099.9063 974.3044 831.1154 627.8082 620.1672 704.1998 705.4427 677.7425 592.1544
1050.7603 1075.6022 1045.3597 1192.547 1100.2284 1139.3446 1123.0243 1105.3308 1092.2872 921.4401 994.4824 1006.9908 955.2054 1031.656 1005.3181 925.9432 948.9944 1060.6707 929.3546 727.3613 702.6229 567.5145 582.2883 758.3092 886.012 1097.145 1108.613 916.7905 956.9813 1110.2357 938.8339 932.4734 1066.2939 1039.1619 964.9863 996.1963 985.0873 902.8751 814.8267 812.5828 815.2211 854.4863 951.0722 1092.802 1104.9465 1097.6523 1104.7391 1142.3274 1101.994 962.5143 1074.9595 1140.6281 1142.699 1045.1693 917.7014 941.7365 926.951 973.4615 871.1036 934.4581 756.6713 652.8198
1122.0359 1038.6735 1018.179 1018.0496 1059.7236 1068.2411 1086.731 1083.0131 1100.5398 1096.6582 1097.0027 976.9333 868.2416 846.2401 937.9913 878.4989 811.4208 941.6725 831.4896 796.7794 641.7908 542.0279 586.352 657.6395 790.0649 971.3777 1101.7566 918.9142 825.0894 924.9897 843.5113 816.4831 915.3795 880.5582 864.837 942.4904 1053.2976 1060.392 1012.6778 975.2855 1024.6587 1030.4131 1031.7236 1118.0518 1088.5642 1134.0896 1207.3376 1176.6575 1184.653 1121.6549 1168.9413 1283.6661 1206.7688 1152.6919 1257.4362 1253.9091 1185.9631 1128.3062 1106.9066 1174.1683 1030.036 1004.6122
1189.6725 1204.6465 1212.1012 1167.5559 1104.8524 1093.3477 1131.1969 1119.1422 1143.13 1056.2583 1041.6384 998.0755 958.0309 858.2092 801.4299 762.5531 814.5652 755.734 783.6509 683.0306 623.6166 584.6628 522.0751 607.3518 661.8402 770.6714 862.9283 852.9681 812.9261 823.4204 828.5705 785.6802 780.0895 790.0474 807.46 850.2488 922.7827 993.0172 1086.4198 1097.1573 1061.276 1096.8407 1104.0997 1056.6484 1026.6644 1118.5396 1147.5122 1122.1929 1110.7402 1067.0604 1127.8999 1137.3815 1108.1112 1177.8125 1288.179 1275.9905 1263.441 1211.0546 1167.4324 1184.172 1221.4819 1214.0093
1138.0203 1181.993 1138.3943 1152.9757 1233.0078 1317.2159 1270.7521 1238.5244 1176.0823 1252.3719 1246.1639 1225.153 1198.6935 994.0121 907.1237 860.033 821.2861 695.1506 674.1574 749.9984 736.7788 559.5593 582.9301 661.8297 624.2819 709.2927 819.7104 782.273 803.6216 695.0538 762.7808 688.5 711.4965 868.1066 790.5493 887.3129 1006.0159 996.2354 923.97 931.4669 895.8809 899.2498 903.7664 971.3641 933.8776 1020.2058 1070.7852 1108.9976 1107.095 1076.7747 1082.9669 1051.2341 1040.4867 1115.8326 1126.0995 1211.2274 1234.4084 1220.5007 1231.3229 1268.5659 1243.4602 1249.4852
1052.2933 1037.0798 1128.177 1062.155 1052.5852 1091.6036 1186.4679 1244.7706 1291.8306 1285.7664 1309.5338 1268.851 1256.4388 1172.0454 1021.4995 888.9228 878.6118 866.9653 731.6244 562.1698 538.4525 544.2598 579.714 755.0519 793.3642 735.3842 742.3289 719.7261 766.5931 658.8869 733.1264 655.5731 717.5959 716.9764 690.1293 785.6011 873.7791 751.6884 778.6277 719.085 782.1495 775.407 796.3455 852.9908 876.7476 893.5665 898.5907 938.3494 990.6339 1007.287 1069.6893 1065.6434 1072.6932 1091.3459 1144.389 1142.6166 1161.108 1154.1611 1198.6305 1230.3673 1256.6405 1322.7882
945.9338 1047.5353 1072.7814 969.1345 1008.1093 1078.0134 1118.3938 1103.0533 1170.7639 1216.6553 1221.2552 1239.292 1137.4364 1201.8575 1122.2622 1001.0245 981.5383 897.1909 708.5547 772.1982 743.2747 692.7321 556.3547 660.7083 693.4937 718.24 709.3517 730.1437 721.4092 687.213 597.7313 632.3155 703.3352 707.9312 821.3937 847.2388 885.1696 837.1704 739.6285 767.3561 854.5981 1033.5579 997.3121 951.768 916.0576 840.6266 825.1194 921.6799 899.9277 996.2843 1080.9353 1075.7733 1100.3221 1082.2281 1059.0537 1081.9579 1039.5938 1091.7692 1154.3721 1166.3177 1189.3171 1278.0045
970.0931 984.0086 983.3706 928.8995 1009.5865 981.1902 1035.3027 1038.6044 1076.7433 1091.1659 1098.5671 1077.7576 1121.5458 1100.3892 968.6966 946.1862 886.4944 789.1556 782.3744 885.3571 838.2069 743.3732 723.605 625.1256 605.6501 559.5729 585.8625 583.6417 574.4662 560.0945 577.5842 618.808 683.8247 762.7014 894.4232 792.2374 804.7299 847.7715 862.134 855.0206 943.0931 1071.5153 1062.2079 1073.7693 1008.1538 997.4633 927.8021 873.7914 884.1319 1055.2913 1072.1511 1050.3721 1079.8093 1086.3899 1042.8312 1092.9094 1063.9684 1036.449 1066.0874 1144.2339 1108.0842 1135.9592
886.1117 952.7322 995.3043 952.2639 1029.0447 967.6249 984.2861 1003.6775 975.6484 1012.3478 1000.626 1001.1957 1033.5771 1042.8383 905.1464 893.0754 952.0583 784.3046 824.701 903.5056 853.055 831.0662 782.0519 754.8394 741.1237 665.4535 554.8079 650.3679 709.9713 626.686 602.2753 634.9537 674.6409 740.9219 728.6656 725.3086 794.1248 768.3635 781.3761 813.4342 964.955 1008.4235 1109.0846 1114.8121 1014.9083 1024.3907 1044.4915 1012.5498 933.4121 968.3469 1036.3319 1123.3394 1092.5814 1081.1356 1066.9034 1009.8787 1061.9669 1029.1241 1035.5826 1090.4635 1116.6707 1086.5062
1041.5223 1065.1133 1105.382 1062.0636 962.7261 946.6973 964.1646 974.235 975.898 976.148 981.6702 1043.6833 1052.5443 1085.8925 1034.5132 948.0975 986.6556 930.3903 866.6596 923.0815 897.6544 852.2012 845.9798 810.845 759.5415 725.3596 699.8075 605.0046 623.0993 740.5304 687.0294 619.2657 666.7841 683.6748 735.5874 785.7237 858.6796 889.4718 1045.1537 932.8815 957.9761 989.2266 1074.4124 1135.3762 1129.225 1042.2921 1082.738 1080.1027 1076.6864 1053.8887 1012.073 1026.5675 1128.6672 1067.4366 1031.4052 1028.1411 1010.3058 1059.9031 1078.3896 1087.3032 1089.9867 1070.2438
1074.016 1045.3719 1096.723 986.7908 994.015 988.1273 1008.102 1081.8959 1059.3435 1011.9394 980.7715 997.4286 1044.2921 1062.8245 1047.6293 986.0593 1020.5372 989.2856 1052.6655 965.3563 944.4357 921.128 830.2728 804.8781 783.3563 788.428 749.53 773.7583 696.5981 753.8405 738.4554 740.4589 716.3633 716.7861 851.3552 911.2325 843.2444 927.8407 1046.0542 1115.7915 1047.1729 1007.005 1044.3458 1112.7336 1104.3286 1207.5225 1192.2212 1188.2723 1160.7729 1156.0533 1141.5741 1124.5499 1053.647 1051.9619 1031.8529 1006.76 1047.5061 1058.347 1052.7118 1057.1697 1057.5292 1066.3123
986.7926 1062.6355 1038.2885 969.1198 923.2104 1019.6451 1027.7617 1039.8173 1002.2761 1026.642 1049.1602 1006.85 988.0132 977.6201 1070.1028 1020.1041 966.5664 991.2289 1034.5012 1013.335 958.8683 960.0223 895.7322 854.4351 843.4144 829.598 809.3517 810.7911 716.6574 718.799 774.2421 735.6625 749.5104 800.8452 867.8403 928.3409 951.3845 911.3862 921.0634 983.9103 985.3566 981.4585 1031.3468 1124.7565 1083.4332 1092.0067 1199.5649 1260.8729 1229.9063 1210.4954 1155.5117 1157.5127 1111.1456 1044.7733 1005.919 995.3945 1032.1619 1061.4034 1054.8086 1021.7734 1063.0857 1027.6779
946.7523 971.8279 1023.0028 1030.2682 979.3478 894.2145 912.9833 923.2097 1032.3157 1078.0793 1021.1903 971.333 964.955 942.1639 955.5138 963.0458 960.3661 940.6171 981.2974 995.2122 981.0534 952.2382 941.1247 869.0614 852.22 843.5002 834.5723 838.931 811.8779 739.728 790.7249 816.9599 847.5707 809.0505 854.8948 864.2285 865.0742 933.6448 988.3522 903.1088 965.8993 1022.6957 1061.5472 1136.7977 1142.0876 1114.1494 1103.8466 1244.3568 1224.561 1211.6687 1204.7632 1171.8676 1125.3304 1118.496 1121.6592 1076.8817 1078.9781 1005.1286 1018.9585 1018.5052 1058.1362 1067.5325
1006.7228 1099.5999 1204.7495 1087.3717 937.1751 965.1147 976.2426 1014.2598 1025.1953 1055.7771 1012.803 989.5354 954.4617 967.9004 949.7349 968.9883 982.9966 986.1282 995.9951 992.1464 1000.4589 970.1889 953.8561 885.8298 877.9227 858.7872 867.3954 854.3223 834.9578 828.8852 708.6023 791.8643 847.3804 832.7898 834.824 777.8036 773.1318 827.8269 898.376 921.9138 901.2128 929.5323 968.34 1006.8988 1009.5145 1066.2557 1021.1207 1192.5328 1256.4995 1240.6021 1241.0625 1199.1566 1176.394 1156.0978 1212.1768 1171.2499 1142.4054 1094.7246 1038.2261 1074.8663 1134.6102 1138.9916
1021.1207 1128.4111 1031.9302 982.8657 999.3876 963.4312 1008.9031 993.2722 1029.1465 1078.6688 1007.2203 971.8781 994.2354 987.7634 976.5757 1033.1162 1034.3313 1039.7565 975.7012 1045.1832 1045.4702 1007.8334 995.6544 930.2266 909.6328 899.8763 874.9224 869.6401 874.5978 901.666 843.5815 738.9848 715.0853 787.3275 819.7021 826.7398 804.5469 781.9549 903.4155 969.5342 939.7407 881.395 844.387 860.5046 908.2667 949.7466 983.1176 1063.5461 1204.1769 1283.3759 1271.9604 1228.2932 1230.858 1205.6296 1198.0798 1210.558 1191.5386 1142.0217 1116.5167 1176.9659 1182.3899 1184.9943
989.5988 864.6046 1056.6527 1191.1019 1120.2444 1051.9161 1065.4462 1063.9585 1063.3727 1059.9357 989.877 990.6779 1029.379 964.3992 994.2911 1032.0928 1032.2295 1036.0123 982.0713 1033.4419 1060.3253 982.2494 951.628 976.2725 963.8931 935.8848 903.6372 901.296 884.8881 880.5795 861.1601 770.9709 772.0269 715.3361 740.6271 785.2274 812.162 818.2722 850.2743 969.9428 1104.0001 940.5732 801.929 837.2228 873.2987 970.9861 1014.7646 1066.9441 1095.6953 1085.0118 1113.0891 1169.3173 1260.8107 1238.2412 1183.1659 1193.0461 1193.4658 1185.3656 1172.9211 1146.9351 1133.7926 1100.9558
760.9686 1051.564 1268.8671 1322.2852 1154.4261 1130.2687 1116.2067 1148.2714 1152.9707 1074.6942 1019.9147 841.8591 895.524 861.116 909.69 1009.1505 1098.3467 1095.2797 1084.6603 1004.3981 976.3987 921.6923 913.8495 919.2798 956.4579 941.507 900.8144 875.4966 868.0146 868.3954 811.2438 785.382 834.1069 802.9693 838.2344 881.041 792.1716 803.8553 814.6246 830.5554 857.5426 822.682 774.0425 785.4567 807.0992 860.2173 907.4669 984.9523 982.2378 997.3184 992.6996 1020.4801 1153.3413 1168.9375 1128.4729 1149.0273 1175.6685 1147.3702 1143.8218 1146.9492 1128.405 1114.4176
765.2501 1016.6569 1243.6089 1379.5747 1335.4866 1152.604 1187.7694 1225.2732 1131.0011 952.1347 870.7313 800.5105 822.9659 957.6576 1003.2872 972.9084 1014.8378 1038.4136 1074.0071 995.2954 959.9236 932.6703 863.8369 893.2385 894.2274 886.4307 865.3461 866.4103 846.8586 877.6649 800.0515 768.3489 825.0724 830.4352 845.7593 863.9014 887.1006 878.9138 785.2259 745.6774 761.5673 753.3868 784.9404 756.9604 775.3647 789.5906 830.1857 865.8747 943.9133 968.3654 1104.4534 1157.6868 1138.1654 1116.6296 1095.8029 1071.2214 1042.2283 1073.8228 1116.845 1096.3556 1098.9957 1093.665
772.7228 1062.031 1258.3879 1399.1283 1382.0527 1221.3795 1125.9413 1101.8414 1054.1125 887.7726 752.0208 800.6758 911.7094 1038.2573 1141.0571 1129.7565 1037.5386 1068.1157 1047.9783 1049.6157 1013.1924 970.9213 934.6859 865.032 860.257 877.4401 852.1858 887.8364 866.7364 814.6172 785.0684 759.2704 817.3364 860.7445 817.834 847.5836 918.6116 941.4648 888.593 823.3746 779.4332 729.8079 758.7211 747.1759 759.825 792.234 935.2524 866.1755 856.8499 1017.2969 1109.4557 1170.7722 1189.3021 1251.8502 1196.6907 1098.5621 1022.0984 1028.6926 1060.8945 1104.6661 1116.1561 1091.6622
