MapLib/Lvl1_5x5/BG/Ele_BG_FF.asc
ncols         557
nrows         557
xllcorner     2784500
yllcorner     3337669.448
cellsize      1000
nodata_value  -9999.0
[rows 450 to 474 of 557, columns 0 to 56 of 557]
196.0115 196.2195 197.2311 191.4486 193.725 198.3077 197.2989 203.7778 201.3511 198.0691 200.0152 202.325 200.3863 200.5753 199.2478 199.3332 199.0484 200.0688 197.6194 202.2462 198.5068 199.0649 199.41 197.0214 198.8605 201.5601 200.8458 199.9856 195.1217 193.9075 196.7861 194.4378 199.3933 206.2208 201.7612 200.4096 200.093 203.74 199.1438 199.4303 199.6367 201.8065 208.8836 201.8043 201.7355 206.3899 207.8851 205.9724 202.0956 206.9993 204.2416 204.1608 205.8934 205.585 206.945 207.1855 217.4662
194.162 196.8409 195.1378 193.1887 194.2712 197.3043 197.3312 202.6128 198.3177 199.1716 198.4901 197.3311 199.4407 200.4801 198.952 199.4858 198.233 197.5833 199.2544 201.9906 199.2064 199.6921 199.5153 198.9234 201.071 202.0437 201.825 199.6941 194.3684 190.8195 195.8277 197.3694 199.3227 209.5903 206.444 200.6528 202.2901 199.6225 203.438 205.8743 207.6168 202.5801 202.4137 206.8436 203.4594 207.1443 205.8132 202.8708 207.8589 203.0769 207.646 207.169 206.6557 209.2133 205.036 208.47 212.2106
195.0747 196.4047 194.2984 193.3368 195.9215 195.3286 202.8799 201.411 200.4757 197.8112 197.8384 198.983 198.9422 202.1057 202.0182 199.2842 197.3374 197.865 201.9989 198.7946 198.1639 196.6946 200.8213 198.7341 202.0393 198.8459 200.8929 198.9017 194.1855 197.3335 194.2576 196.9137 203.4769 198.6882 209.9262 202.0805 200.2253 200.8406 202.9281 206.1428 205.0534 206.101 200.7992 205.1262 201.0549 206.8518 202.8691 204.6453 204.8781 205.583 209.4005 209.3073 210.2123 210.4773 209.3066 207.1048 210.5632
189.9858 193.4869 195.0946 195.0751 196.5523 195.8009 199.3285 200.9113 194.6516 202.0365 201.2141 198.5361 199.2494 202.1912 202.0374 200.4953 199.6713 196.8147 198.4875 198.5412 197.6525 195.886 200.6747 199.1808 199.2457 197.3029 199.3685 199.0831 198.896 194.1523 201.315 200.4998 200.0882 199.3701 200.9904 200.2803 198.0955 200.4042 206.1775 204.5944 202.2055 202.151 201.8482 203.2365 201.8128 203.2815 203.8147 206.2331 209.3686 208.483 215.5105 211.7088 210.7355 210.4272 210.2824 211.05 210.6929
191.7471 194.3952 192.6418 196.9508 196.0831 196.5457 200.3798 195.6045 195.9666 200.1304 201.629 198.9081 198.0764 199.3577 200.735 201.7057 198.5476 193.6154 196.3633 196.9199 196.2273 198.8437 196.2715 198.4473 199.0733 198.4391 196.0333 200.3045 195.5559 194.7498 197.7721 198.5116 204.8665 200.0114 201.9633 200.6746 198.5582 199.3405 203.558 202.5912 200.9192 201.6734 204.0809 202.7601 206.1365 204.7071 204.1167 209.6227 209.2693 211.4821 214.733 209.3814 209.9395 209.1678 210.8203 211.12 210.9975
191.9183 192.6887 193.5183 199.2581 197.624 195.5019 198.7591 196.5393 200.1208 200.2124 201.97 199.8261 199.4992 198.866 196.9061 197.8041 196.1453 195.3422 194.2463 191.4866 193.9383 195.7349 193.9406 191.8624 194.6211 197.3216 195.2439 190.8128 195.0723 193.9799 196.1984 194.8226 201.5947 203.0313 195.5575 197.1646 198.016 197.4227 202.7919 198.665 203.4843 199.4191 204.7695 202.7944 202.3943 204.0935 204.5995 209.4624 209.6493 209.9993 212.7858 209.0916 213.3246 212.1135 212.1874 215.3447 212.4341
194.0638 194.571 196.0509 195.5087 195.6289 195.6522 190.2452 193.8445 196.4622 205.3758 198.2737 196.7719 198.8329 199.9646 199.5812 200.1044 194.1796 192.1796 190.6991 191.3337 194.2319 197.243 194.0556 191.2101 196.0743 195.6391 193.6516 193.3691 193.4985 193.3437 205.9634 201.2883 200.0216 203.1793 194.3225 197.9334 196.36 195.2178 200.6002 200.4548 200.4455 203.4559 205.2125 203.2689 205.2339 207.0346 207.276 206.0729 210.46 209.365 213.3033 212.5534 210.5831 212.5575 212.6297 213.6096 212.6921
190.2166 193.2247 193.3808 197.115 195.0906 199.1186 196.6681 197.5356 196.2544 199.5076 199.4866 198.0557 202.6188 196.5091 199.8534 202.6344 194.0236 193.3365 192.7048 196.6872 194.3435 195.4815 187.8514 190.1077 192.8163 193.7398 192.4737 192.2713 193.4616 197.2841 197.6418 193.9272 197.3527 190.2739 190.6416 202.4845 190.7481 199.5999 196.7477 202.9156 202.0383 200.2107 198.63 203.077 203.5677 203.6896 210.5543 210.8168 209.2789 211.9813 212.9457 211.5771 215.1466 215.6292 212.7202 208.3691 211.8036
193.8443 196.0062 192 195.9174 196.4784 204.0444 198.1325 189.9799 199.807 197.9365 202.2141 200.2311 200.8 198.1116 195.8763 199.5268 194.8536 194.3972 193.5513 193.9653 196.385 196.006 193.3109 190.371 191.4833 194.5525 193.4301 190.0456 194.7025 198.6216 199.0733 199.2368 191.5156 194.7139 194.9513 193.0099 193.8693 195.2607 204.8962 201.9883 199.2073 200.2715 203.2809 199.4065 205.174 211.5208 214.268 209.7974 206.0819 216.8412 211.6984 213.663 221.5321 214.029 215.0502 208.7238 209.6136
192.5594 194.9021 189.741 190.9156 198.9262 200.9869 195.4916 193.0014 193.3525 194.398 196.6638 199.5216 195.1043 199.1117 195.6046 192.2635 194.9762 195.7089 193.077 193.0144 195.4783 193.4692 194.803 189.4825 191.6764 191.8461 192.0847 192.5281 195.9491 198.1803 199.2548 198.5539 206.0593 202.2275 196.2615 206.2838 195.1644 201.5144 205.919 200.4584 199.2896 200.7431 199.8681 202.1115 205.518 206.0146 205.8913 205.8744 211.0639 212.5058 208.2269 211.8936 208.7079 209.9628 210.883 210.5201 211.9273
192.3612 193.8021 190.6909 192.2028 198.8661 194.7263 196.0853 196.3545 197.8465 195.0194 195.9091 201.5036 201.1548 193.8527 194.8089 195.1645 194.4335 194.7179 194.7058 195.4294 191.7784 193.4881 194.5873 192.5947 193.0843 195.048 192.8096 195.1927 194.231 199.4764 202.5299 194.5971 198.7755 199.8326 195.9176 194.8974 196.5888 195.5146 196.1775 197.2746 200.6773 201.8431 200.6938 200.3378 202.0622 204.7158 207.8137 206.8043 206.0215 209.1316 208.4273 205.5672 207.8707 212.1327 211.6721 214.5737 210.5957
190.5724 192.5017 193.042 194.4547 195.1503 194.8133 196.6297 200.4405 195.9138 192.8568 194.4939 197.3184 199.5264 197.6864 197.349 195.0968 192.9879 193.7872 192.9577 193.6265 190.6004 189.6554 187.3105 190.5605 192.9384 196.0659 194.8455 194.9209 196.2895 199.4477 204.6874 193.7371 200.1189 200.9624 196.2001 199.3233 190.6206 192.0929 195.5353 196.201 202.2774 202.5528 199.2995 201.5301 202.3794 197.4902 201.1869 205.1153 208.78 205.3844 205.1148 205.4122 206.2097 211.2859 214.1235 209.6892 208.8701
188.1791 190.9846 190.6186 193.6641 194.0519 192.3748 195.7118 201.1074 192.8667 193.0243 195.1595 198.0832 194.3091 194.0727 193.7746 192.922 190.9822 191.3816 190.4414 190.5963 190.8694 188.9594 190.2744 193.711 193.0022 193.0931 193.0866 193.2443 198.6973 202.3023 198.3329 201.0177 195.156 199.6825 195.322 192.8417 192.8004 193.6479 196.6895 201.1153 199.5651 198.4138 198.4501 198.9175 203.3971 200.26 197.1268 205.1302 203.5557 205.7979 203.4986 205.2599 206.2076 214.6071 217.1749 208.8036 211.6091
186.0224 188.5887 190.8835 194.8543 193.2703 193.8109 195.2458 195.8071 191.494 192.1566 195.5033 190.8723 192.6909 190.1832 192.1665 192.0437 187.7824 191.5902 191.8589 191.9978 192.4406 191.8411 192.2489 193.235 191.8285 189.5113 189.5679 195.5505 204.539 196.6679 190.3004 195.9075 196.0344 195.3802 192.9983 191.2815 191.8523 197.7959 203.8091 198.164 195.547 196.3823 199.3025 201.3958 201.9352 202.4289 201.1562 201.3918 201.0016 204.4821 204.2474 202.4626 208.1765 210.9977 207.7655 206.578 208.8326
188.1152 191.3751 194.4072 192.4909 193.5242 191.4445 196.8292 192.3035 193.95 192.6391 188.4042 190.1334 188.5223 195.0584 193.2422 190.6187 187.8159 189.2256 190.9482 189.9893 189.1489 190.5569 191.1748 192.3248 189.493 190.695 190.4488 200.276 194.2829 196.8522 196.2726 196.2238 192.7918 191.3152 192.9071 194.1084 198.2396 197.0743 198.6596 197.0095 194.5524 193.2458 198.2259 198.0714 197.1481 201.0264 205.466 202.1908 203.6257 204.3828 203.9252 207.5282 212.3953 211.7263 206.3503 207.6192 212.564
187.6885 192.0956 195.528 189.8115 193.2255 194.7906 194.4191 193.9019 190.6767 189.7446 191.5029 191.0662 190.5019 191.1201 193.1657 192.588 191.3628 193.6498 192.3945 190.3262 189.4905 187.6304 189.9891 190.4579 189.5521 188.3617 196.2473 193.7637 194.4268 191.8436 193.4241 195.0003 194.5271 191.9961 192.3507 198.1605 201.3906 195.5365 194.8977 195.6044 196.6441 194.0799 199.4355 202.1386 200.5312 201.2269 203.745 199.9044 203.0258 200.7006 202.4211 204.4299 208.5033 209.4889 208.2256 207.2708 213.4533
191.2235 190.5124 191.0539 192.7292 195.1926 194.2767 192.9537 192.7529 191.4074 188.5986 189.4874 191.5061 190.3934 192.5954 189.4116 191.7805 193.4696 197.5591 192.7319 196.4636 186.9186 183.5293 193.5277 186.4085 185.7812 191.9303 194.7297 198.093 193.9584 192.4904 196.6109 194.4706 194.1983 190.0527 191.8191 192.1559 201.5096 194.8884 198.2008 193.7443 198.0806 199.6909 205.1213 201.2089 199.3123 200.2784 201.2382 198.7002 200.1629 201.3716 206.8993 203.7323 205.2914 208.1459 204.6288 208.6237 214.5034
190.2237 187.4339 189.5557 191.6145 189.6579 194.4336 190.4712 191.6876 190.1981 188.3414 186.5037 191.7041 194.4234 189.917 190.3618 190.2573 190.5177 191.0377 192.4568 186.3591 190.7112 191.4426 191.7953 187.923 191.3833 184.9542 190.1458 185.8599 190.8815 192.8475 194.8537 193.1436 191.5649 188.9032 190.7932 196.0313 197.1964 196.3782 195.8941 195.2137 200.2223 204.5356 203.8135 199.0908 199.7434 202.1364 196.4008 196.653 199.5399 202.2153 201.2865 202.2169 203.6003 206.457 206.9101 214.3231 213.6113
193.5467 188.4604 186.1651 190.0603 192.9426 189.8533 193.5341 192.5682 185.0501 184.4083 186.8845 190.7827 188.1357 189.0439 193.9001 189.0326 191.6992 188.9866 190.0383 186.0898 192.5911 189.5278 191.8533 193.7601 186.9423 189.5687 190.2752 191.0414 194.7008 195.3941 194.2235 185.8205 190.9636 188.9639 203.2726 196.6075 190.423 193.8135 195.0907 196.6151 197.188 207.3636 204.4859 201.7378 196.981 198.4612 196.9797 195.523 197.9576 196.0918 203.5735 205.703 202.7276 205.4042 201.2232 206.8651 208.6206
189.5376 186.1595 191.4589 189.8562 192.9069 191.8518 195.0959 188.5872 185.9053 187.5605 189.4069 188.1329 188.7795 194.0059 184.0947 186.9326 186.373 187.5201 192.4354 189.075 189.3942 195.1605 190.695 186.4145 192.1021 191.76 190.8878 188.9357 191.7108 192.5168 196.5262 189.2286 188.8017 192.2327 193.3168 190.933 192.5389 192.3487 196.1862 193.0281 198.0954 202.5247 203.0891 203.7058 198.7315 195.968 200.3085 200.5573 203.7512 201.7047 200.7242 199.6419 200.2952 200.0552 202.7843 204.5824 207.9566
187.0755 188.2686 189.9947 192.0986 192.592 197.9972 195.5882 192.4054 190.6948 187.8119 186.0794 188.6303 187.1876 186.3602 186.3189 186.8788 184.8326 192.7161 189.2425 185.1858 185.3937 186.9286 185.0722 186.0283 185.1399 189.0418 185.8258 188.1948 190.5593 199.337 193.7283 191.3848 190.3994 187.9075 189.8442 195.8651 195.6217 194.64 190.0817 190.6129 190.2072 191.4361 197.8464 197.3797 194.4112 195.9813 199.9267 201.7463 202.299 197.9192 199.5167 202.3054 207.0811 200.6161 199.2236 204.3392 203.0581
186.9214 185.6342 190.4788 189.4794 190.3579 193.8447 193.2558 193.2134 188.8549 186.2429 185.4829 190.203 189.6994 188.0805 190.925 190.3164 189.8197 189.528 188.3032 185.9986 189.1409 189.9385 184.9851 184.5751 190.1245 184.6074 189.8933 198.8135 192.1975 195.9482 189.6499 190.3179 191.3956 189.1519 191.2668 189.8706 192.6372 194.8525 201.3176 196.3345 195.4896 190.3443 194.4716 197.6503 196.7431 201.0604 196.9148 200.9696 199.8743 205.3277 195.2612 193.7422 195.7976 200.6982 200.1577 202.8861 204.7214
184.8284 184.981 186.308 188.4134 189.2914 190.5168 193.5076 194.1217 191.8849 185.8076 186.3313 191.319 189.729 189.5599 188.8275 187.1378 189.4373 187.8256 183.3501 186.085 187.0831 185.824 182.1601 183.6915 187.1074 194.6705 195.5084 194.9094 197.9145 196.5511 192.2155 192.4704 188.5411 190.1203 187.2755 196.2657 193.0517 194.5406 201.4133 197.2733 194.6007 191.7864 194.1344 194.4112 197.3066 200.1882 203.7914 197.3091 197.9301 196.6297 194.0247 194.9894 196.2769 195.243 202.1028 199.2325 201.875
185.8753 186.6221 188.2638 188.1406 188.1174 191.4945 195.7574 192.1634 189.0395 185.4608 188.3587 191.3646 186.4037 190.8295 189.1124 187.8783 187.9416 182.6683 185.2091 183.5577 186.7608 186.9162 185.9199 189.489 187.4147 193.6668 190.8554 197.042 199.4712 194.6929 193.9762 193.1222 192.6387 193.3357 191.6095 198.6326 189.9355 193.0997 197.5245 196.0175 197.3213 194.8257 195.8473 196.1554 198.4168 197.4118 197.1206 199.707 196.1431 199.6639 195.9437 196.1159 193.7316 197.1199 201.9136 199.126 200.4766
181.2901 185.3442 186.4274 188.9725 186.6756 192.1928 190.5573 188.1069 190.0066 186.5101 186.0943 189.3119 192.5157 191.8043 190.7143 186.4038 183.5151 184.1652 185.6488 186.5453 186.9424 183.4343 190.268 186.1686 184.4866 189.984 196.218 196.8459 194.1178 194.0044 192.9653 196.8522 193.2077 193.985 190.9503 193.1877 197.8212 194.0574 194.2516 192.336 193.9465 194.7179 199.206 195.2372 197.0403 195.9397 195.1614 194.1505 195.5656 193.9716 195.8913 195.8465 194.5337 193.9884 200.1006 198.9053 200.0483
