MapLib/Lvl1_5x5/BG/Ele_BG_BA.asc
ncols         557
nrows         557
xllcorner     -500
yllcorner     5565669.448
cellsize      1000
nodata_value  -9999.0
[rows 462 to 494 of 557, columns 150 to 224 of 557]
-31.4556 -33.4239 -34.6005 -35 -35.3857 -35 -34 -34.2354 -34.6303 -34 -34.1412 -35.4468 -35 -34 -34 -34 -33.0473 -31.412 -29.7768 -28.6355 -27.0817 -24.871 -22.9112 -20.201 -16.8409 -5.3388 22.3593 45.0135 52.9571 73.1753 57.6364 90.7833 79.7298 72.5938 83.5162 60.6526 30.0295 25.5224 36.5346 55.0518 66.4803 78.2509 89.2817 69.5194 82.4892 88.2785 90.7238 98.7576 112.7051 104.6849 109.737 113.8405 102.675 93.6685 93.3435 95.2047 82.0796 72.3659 59.1211 47.9127 38.1934 38.0626 38.0449 35.0704 21.543 16.3932 14.6686 20.2632 16.4795 13.7504 17.0194 26.4036 14.9607 19.5321 11.1886
-31.5772 -33.3985 -34 -34.6528 -35 -34.9423 -34 -34 -34 -34 -34 -34 -34 -34 -34 -33.981 -32.9874 -31.3522 -29.7169 -28.0817 -26.4464 -24.6899 -22.2357 -20.1411 -16.8032 -8.39 -1.0832 42.2812 50.0384 61.2583 80.2421 93.6932 110.7338 117.9968 78.7739 46.0271 32.1099 19.1386 23.7863 30.752 52.4297 50.9461 35.2808 61.0135 88.3074 99.9704 106.9957 115.8997 114.098 87.2809 96.5167 105.4376 112.7679 109.6232 133.6558 127.6464 111.9017 94.4514 86.6245 75.9497 57.4158 48.424 43.9338 33.5304 28.7226 35.327 33.8041 33.0393 28.1014 29.7685 29.9048 28.4696 25.4057 31.4923 23.1968
-31.5772 -33 -33.346 -34 -34.3049 -34.0107 -34 -34 -34 -33.6483 -33.403 -34 -33.7138 -33.3049 -33.3049 -32.513 -31.3522 -29.7169 -28.0817 -26.4464 -24.8112 -23.1759 -21.5406 -18.5059 -15.2248 -10.1156 -2.8723 11.4996 35.4146 39.1527 79.7317 65.6203 94.3866 103.8799 78.1613 76.6917 31.5115 15.1071 23.7483 37.6413 35.6755 44.911 52.8281 38.18 74.4566 81.5977 93.7858 98.1161 94.6573 92.5563 118.3924 105.036 96.9864 91.2029 106.728 129.1345 149.4757 146.0965 119.2078 104.8817 92.3694 69.4224 63.4812 62.3547 58.2159 54.0566 47.7237 42.7232 36.934 51.6841 62.2976 37.7365 37.8611 27.3796 16.7531
-31.7886 -32.6696 -33 -33.465 -34 -33.6812 -33.4019 -34.2354 -34.1293 -33.1637 -32.7163 -33.5199 -33.2579 -31.6696 -30.9874 -30.5648 -29.7013 -28.0817 -26.4464 -24.8112 -23.1759 -21.5406 -19.9054 -17.0026 -14.5768 -10.2113 -5.0057 -1.0589 15.3043 21.3204 30.6474 53.9145 75.12 76.8852 36.0842 35.4111 16.7619 14.0677 17.3838 34.0803 40.7669 46.0511 58.0665 62.4957 92.8934 60.9049 38.8031 73.5229 79.9481 74.493 79.4269 86.3676 104.8224 99.163 91.6414 115.1366 136.6971 154.4534 160.9412 162.9983 142.5409 95.8959 90.7543 110.9303 93.6713 76.1845 74.1487 69.6125 67.7164 66.2278 69.6367 57.5024 61.0034 58.7232 47.3052
-30.823 -31.4437 -32.0344 -32.7049 -33.0344 -33.0012 -33 -33.0425 -33.0388 -32.017 -31.1756 -32.0344 -31.6227 -30.0344 -29.3522 -28.7169 -28.0344 -26.4464 -24.8112 -23.1759 -21.5406 -19.9054 -18.2701 -16.2147 -13.9305 -10.6599 -7.0498 -1.2358 15.6203 32.313 34.0933 47.4756 33.8029 32.0166 18.921 14.1546 10.0603 13.3091 13.2197 14.5534 20.5968 25.3523 28.5955 34.0829 42.5806 44.0395 69.289 79.7041 75.5993 71.3441 80.5077 102.708 114.686 116.2281 104.2944 106.9192 147.631 158.6528 164.2598 163.1118 140.1101 169.5253 165.5971 117.9542 138.0382 153.5486 150.1297 120.3515 102.9621 84.661 95.9581 124.9316 122.8899 118.5537 100.544
-30 -30.6538 -31.0236 -31.8164 -32 -32 -32 -31.3991 -31.3991 -30.3991 -30.2579 -29.3991 -29.1518 -28.3991 -27.7169 -27.3991 -26.4464 -24.8112 -23.1759 -21.5406 -19.9054 -18.871 -17.2357 -14.9996 -12.9652 -11.0625 -8.9903 -4.969 -1.5098 17.0203 16.6048 16.1156 13.6033 13.1084 15.1171 17.7582 19.1422 30.126 28.2605 22.1398 14.4282 43.789 17.5124 30.7471 52.8209 72.8895 63.4915 56.4446 64.0012 75.1282 61.6778 72.9968 82.7516 106.4698 111.6851 109.2979 115.0317 119.0413 139.0788 180.723 186.4531 179.5625 172.7271 178.9167 160.8644 140.177 176.7405 164.7113 155.6357 138.3277 150.7418 163.5418 150.6436 128.6971 59.3059
-30.1862 -31 -31 -31.6944 -32.1583 -32 -31 -31 -31 -30 -29 -29 -28.5883 -27.7169 -26.7639 -25.925 -24.8112 -23.1759 -21.5406 -20.1081 -19.2701 -17.6349 -15.9996 -14.3644 -12.9652 -11.33 -9.3894 -5.1784 -1.7482 19.1512 34.9703 12.84 19.3564 39.6646 48.7376 31.2885 54.4641 56.4 40.5959 20.891 27.2619 36.9458 17.8383 20.8528 19.4999 28.532 32.1528 41.6908 45.55 43.3736 58.4665 65.3462 69.8036 67.3182 71.7941 93.1917 126.507 172.188 185.1287 179.9799 169.5665 155.8032 154.848 132.7267 123.332 92.8776 82.5192 64.5218 77.3348 129.5934 113.2636 72.1602 48.5419 36.3115 41.2854
-30.7886 -31 -31 -31.6944 -32.6704 -31.1592 -30.1286 -30.3337 -31 -29.5591 -29 -29 -27.7169 -26.1226 -25.4055 -24.8112 -23.1759 -21.5406 -19.9054 -19.1286 -17.6349 -16.871 -15.2357 -13.6005 -12.1241 -11.33 -9.3894 -5.1784 -1.4242 20.8398 26.559 37.4755 20.9726 33.409 52.6569 42.6389 61.3563 87.749 52.7598 36.4259 37.6156 53.0741 51.0838 31.3511 23.457 29.1946 39.4676 38.2777 40.5333 44.6007 65.1261 68.9566 79.0061 71.6542 100.2972 145.0204 166.6429 163.1881 142.5264 117.2915 106.5139 94.7542 89.3203 88.2573 78.7782 75.5949 72.8477 64.9819 51.1303 52.1784 46.3242 40.0152 64.6098 71.7782 110.8001
-29.8929 -30.4934 -30.4934 -30.8452 -31.3307 -30.5111 -30 -30 -29.5589 -28.7437 -27.4934 -27.1 -26.0817 -24.4934 -23.8112 -22.8301 -21.5406 -20.2033 -19.2701 -17.6349 -16.7498 -15.4297 -14.2357 -12.7976 -11.9652 -10.33 -9.3894 -5.6549 -1.8484 22.5971 44.3454 48.6955 62.9773 75.4232 65.0261 79.2313 79.5102 68.2235 67.0495 54.5296 71.7523 56.3012 55.5506 52.478 29.6618 43.4573 39.6771 27.3723 45.555 42.2284 55.8865 94.9649 94.083 88.6887 100.0971 156.7347 183.0242 178.8688 138.085 132.1728 123.6585 95.7231 91.7515 95.1358 85.4984 88.5655 76.9877 62.1434 69.953 62.1073 64.0446 59.1352 111.6883 130.1346 133.3432
-29.9305 -30.1419 -30.0084 -30.1419 -30.1419 -30.005 -30 -29 -29 -27.4941 -26.737 -25.3337 -24.5883 -22.9933 -22.1759 -20.955 -19.9054 -18.8581 -17.6349 -16.8581 -15.4344 -14.7291 -13.2023 -12.5153 -10.9951 -10.2831 -8.6514 -4.7695 -1.364 26.4323 12.931 12.4826 45.3013 74.4753 61.7878 54.8916 82.8367 90.7836 61.6617 79.7553 72.5884 62.4786 68.0184 64.1723 60.3919 47.6241 83.2994 67.4717 40.9217 44.8006 51.2151 67.1012 87.9355 84.7613 117.1273 184.8291 198.0696 171.0054 168.1196 136.0236 126.9319 126.4262 106.8417 118.0755 83.7708 77.2854 75.0219 89.5056 75.4986 64.088 59.4316 65.2991 91.3852 175.0296 157.9034
-31.5658 -31.4477 -30.7903 -31 -31.7772 -30.8123 -30 -29 -28.3234 -27.4941 -26 -26 -24.5883 -22.1759 -21.0708 -19.9054 -18.2701 -17.2228 -15.9996 -15.2228 -14.2228 -13.1941 -12.4061 -11.2228 -10.9652 -10 -8.3894 -1.5663 9.749 26.5961 43.7493 45.137 38.4729 32.8121 49.0479 33.6063 37.7172 26.0701 38.8545 54.1162 57.205 39.7004 61.5396 62.0185 59.2134 52.4271 34.6989 32.1658 48.2552 58.0986 62.2894 64.8287 72.6547 88.5956 122.1367 190.9669 203.0344 203.2376 181.0419 185.9218 149.683 156.269 139.7522 99.3535 90.6483 88.2641 77.5944 88.4863 85.6806 84.5696 75.0312 82.305 83.7291 115.143 172.705
-32.7886 -32.7509 -31.4472 -32.2864 -32.6704 -31.0351 -30 -29 -28.1293 -26.4941 -25.9418 -25.5876 -23.934 -21.5406 -19.9054 -18.2701 -16.6349 -15.5876 -14.3644 -13.5876 -12.7964 -12.5118 -11.2357 -10.3528 -9.5732 -8.7815 -7.1334 -1.2237 47.5822 43.0818 65.6059 63.1299 47.2767 77.833 80.3814 86.71 64.7551 79.21 64.6524 40.608 41.7809 38.2536 27.3107 24.7954 34.0478 29.5703 37.1708 34.6948 42.852 50.8342 49.731 49.9667 63.4883 74.3894 93.9162 113.2892 148.1763 181.0036 189.0895 183.5242 181.9592 138.0605 116.5244 115.782 114.9496 85.4839 76.8077 89.72 112.9756 96.0571 90.7368 82.8371 94.6531 150.4192 170.9116
-33.0376 -33.5963 -33.0477 -33.0146 -32.6704 -31.0351 -30 -28.9888 -28.1232 -26.4941 -25.8112 -24.1759 -22.5406 -19.9508 -18.2701 -16.6825 -15.0473 -14.3644 -12.7291 -11.9523 -11.9523 -11 -10.9636 -9.5528 -6.9176 -5.9204 -3.6795 -1 30.0922 76.8921 97.7591 85.6625 62.2498 58.7782 83.3402 96.0509 97.6263 100.866 69.5073 77.1876 71.596 107.5675 62.3664 35.4222 68.4049 49.9536 47.4322 56.3265 56.2989 51.6827 45.3779 59.3235 63.9564 66.158 95.2409 94.0102 98.1922 105.6231 104.0593 155.9006 177.6918 179.2874 167.4774 120.7339 100.1544 93.1506 99.3441 159.3044 124.5464 102.9743 100.561 101.5507 110.0827 175.1571 178.706
-35.1545 -35.3659 -34.6829 -34.4628 -33.3533 -31.718 -30.2731 -29.4475 -28.0883 -26.4941 -24.9552 -23.9065 -21.9901 -19.9061 -17.3178 -15.9996 -14.3644 -12.7291 -11.2463 -11 -10.3171 -10.3171 -10.0747 -8.3276 -5.2348 -2.2812 6.9548 5.3076 41.6637 53.7872 65.4788 99.3371 105.5635 94.6399 86.0234 83.8152 91.1189 91.252 94.793 86.7031 95.4355 79.5633 88.7078 77.1889 85.28 58.3711 74.0952 67.9999 93.222 94.2446 88.0513 89.2312 80.5673 87.7484 83.5278 77.2734 78.4111 76.5918 76.382 94.376 110.7813 134.4773 134.4363 118.9292 112.7002 114.3241 125.4831 182.1676 166.809 157.723 153.0537 133.9214 163.1068 182.6916 166.6917
-38.425 -38.2125 -37.2779 -36.4154 -34.9885 -33.3533 -31.5908 -30.2433 -29.1293 -27.1491 -25.8588 -24.2236 -22.1766 -19.9061 -17.3178 -15.5815 -13.0795 -11.0938 -10.5296 -10 -9.8429 -9.6818 -9.1607 -7.4833 -3.5886 -1 23.5865 15.8973 17.1721 21.155 35.2387 55.9851 87.4182 128.3484 136.3919 109.8999 85.4631 68.5715 70.8483 79.2737 79.5983 98.2758 94.824 90.8337 84.2553 79.7996 87.3818 100.0796 82.3858 85.1496 70.7786 96.8211 98.6931 92.8651 99.4276 99.9515 67.0303 79.7665 78.1847 91.9918 87.2457 92.0956 132.7055 155.1871 129.7358 128.5985 155.7553 201.6999 216.136 215.4136 198.9443 180.3629 193.0496 189.8195 194.2298
-41.6955 -41.483 -39.8505 -38.2591 -36.6238 -34.0686 -32.3812 -30.7646 -29.1293 -27.4941 -25.8588 -24.9639 -23.1301 -20.8595 -18.2712 -15.6678 -14.0007 -11.3655 -10.9534 -10.9534 -9.977 -9.9534 -9.2248 -5.0862 -1.0899 19.8707 48.3471 60.0906 22.9795 14.9395 40.5909 72.6564 108.1994 159.1825 98.4494 98.6878 47.3706 47.1474 72.0945 54.3784 64.2515 92.1153 94.9974 99.7174 94.6661 97.4721 78.5858 78.005 76.1655 66.8303 48.5099 59.1238 72.5049 71.883 85.6934 55.2104 87.1326 113.824 119.0176 93.5512 96.0855 78.6077 89.6237 95.5634 96.1272 145.0252 177.2078 173.411 200.1891 199.7109 196.722 180.7178 193.3725 180.6986 176.5265
-45.4303 -44.7535 -43.1183 -41.0742 -38.2591 -35.6589 -32.6352 -30.7646 -29.1293 -27.4941 -26.5056 -25.2236 -23.5883 -21.9337 -19.5049 -17.2712 -15.636 -13.5894 -12.4573 -11.6469 -11.298 -10.5887 -10.1388 -4.2494 -1 28.1937 50.4298 62.501 30.84 17.7719 40.8995 86.3992 67.238 25.7315 19.7196 25.9682 54.4707 72.5151 63.2261 66.3834 90.6916 111.4458 109.5633 101.906 82.2568 63.4232 72.4759 69.6626 49.1906 32.9505 41.2864 56.7288 71.1697 69.7571 59.0657 44.1432 38.58 42.5405 50.2871 50.506 50.5348 67.0328 64.1498 72.7472 87.9489 96.876 116.3282 188.8086 198.2432 195.4689 192.215 168.7016 123.7937 125.7381 126.1656
-45.612 -44.776 -43.9409 -42.3056 -39.8943 -37.2942 -34.0237 -31.9886 -30.3533 -28.718 -27.1923 -26.3975 -24.8123 -23.177 -21.5418 -18.9065 -17.2712 -15.636 -14.0007 -13.224 -12.224 -11.1951 -10.2357 -4.0024 22.8758 53.1774 43.6936 75.5627 43.9939 15.0984 25.5036 15.2445 35.044 60.2852 94.54 50.2867 43.3892 45.9767 67.2556 73.413 104.9684 131.6909 98.3701 82.1658 58.8513 54.3101 58.4742 65.0813 38.5308 35.7879 72.1351 91.7792 68.3411 87.4189 118.1973 101.286 67.0292 52.3747 58.7572 61.8788 81.0548 67.7143 72.8881 88.3303 86.5391 96.6255 119.9124 148.9191 191.9537 186.9651 179.0054 195.978 178.3817 170.3124 173.018
-43.6448 -43.505 -43.9917 -43.1648 -41.5296 -38.9294 -35.6589 -33.4215 -31.1293 -29.4941 -28.718 -27.1921 -26.4475 -24.8123 -23.177 -21.1282 -18.9065 -17.2712 -15.636 -14.8592 -13.435 -12.7302 -11.095 -4.0024 19.517 63.1229 74.7943 84.0363 51.6457 32.9798 21.2768 19.3376 31.1329 63.7413 95.9226 72.3501 109.1288 84.0173 86.155 96.0526 127.4697 100.88 96.4983 80.7774 64.1518 38.1385 32.0769 25.3965 34.7971 37.5672 32.3364 52.7766 86.8633 110.4621 114.7805 102.4397 87.1266 79.2671 71.9374 98.6173 85.1875 82.0417 76.3406 94.8253 104.8858 102.0221 114.3349 121.1369 155.0579 189.8318 200.3613 190.2111 173.2418 162.8669 141.1324
-44.6013 -44.2849 -43.9409 -42.6567 -41.0093 -38.0702 -35.3998 -33.1511 -31.1293 -29.4941 -27.8588 -26.6161 -25.2974 -24.4586 -22.8233 -20.6825 -19.0473 -17.412 -16.3841 -15.1415 -14.2503 -12.9348 -11.7302 -5.1968 -1 71.1423 80.8449 66.4507 76.1846 97.4908 98.4136 45.3877 14.8452 17.05 31.9914 47.8356 51.6931 62.48 74.625 72.9746 80.1306 115.6184 101.5512 68.7591 49.3993 50.8124 21.7036 30.8272 40.966 51.7903 80.886 79.004 67.0052 61.1146 73.1967 75.7633 98.8466 85.8867 89.1568 101.3002 99.0443 96.859 105.2028 98.056 103.9381 120.9197 141.4947 180.5963 188.6282 188.9707 168.4523 193.4604 177.6208 131.0346 113.1903
-45.2155 -44.6856 -43.6814 -42.0462 -39.4979 -36.9359 -34.6181 -32.6349 -30.1289 -28.3644 -26.7291 -25.8703 -24.4586 -22.8703 -22.1881 -20.5528 -19.0411 -18 -16.8057 -16.0184 -14.5703 -13.8877 -13.1297 -8.7845 -1.2504 50.7254 72.7178 92.8337 87.0739 93.3563 78.1177 74.0042 58.0838 24.0993 12.6748 16.5398 28.5119 39.9181 32.5123 62.5992 77.423 72.1197 78.3106 64.0514 52.8176 29.0317 22.4599 41.8365 45.01 54.7311 68.5958 71.6495 79.9955 89.2191 89.8891 104.1168 131.44 142.2839 167.4218 163.4971 192.7947 189.4904 198.3589 155.3798 150.1198 195.0616 200.7888 196.0247 175.7316 159.2011 135.6646 120.3264 153.897 155.6923 143.9399
-40.4937 -40.6054 -40.4109 -38.7757 -36.8108 -34.5051 -32.6349 -30.9996 -28.4937 -26.7291 -25.0938 -23.6411 -22.8233 -21.235 -20.5528 -18.9176 -18.235 -18 -17 -16.1415 -15.3873 -14.6663 -14 -10.3081 -4.4072 12.9108 80.1014 89.9229 80.3822 80.594 95.5136 82.1863 70.8273 43.0241 37.9993 17.5984 13.5925 9.1723 14.1348 20.6677 34.6041 33.6013 51.8768 46.5664 15.9268 29.0246 31.3772 54.0943 40.4121 52.4649 67.9357 91.045 77.1747 83.6151 95.319 124.0508 195.8768 211.0962 197.3916 187.8505 176.4075 174.2269 180.0087 166.8519 192.1165 193.4442 198.655 182.3358 153.8868 138.0144 140.1432 129.0997 115.4467 104.0317 108.8015
-35.1995 -36.1995 -36.1995 -35.5051 -33.8699 -32.2346 -30.5994 -28.9641 -26.8067 -24.8914 -23.1148 -21.8233 -20.9526 -19.581 -18.7904 -17.4094 -17.5714 -17.5998 -17.4659 -17 -15.7039 -15 -14.2357 -11.9614 -7.5919 7.8272 33.0154 56.8197 51.646 46.7653 28.7244 31.8507 32.8658 25.0491 22.4495 19.9867 20.8636 31.4334 30.5465 28.3821 15.4321 13.7184 19.3598 17.1904 36.6908 39.204 43.2303 53.1559 66.8968 83.6135 84.578 89.9793 139.4855 168.886 178.379 156.4891 179.6956 200.3557 193.8225 195.3454 197.4337 181.7237 162.2981 180.1889 185.0529 188.2884 179.6658 189.589 180.9686 162.2191 146.5904 153.8782 150.6429 145.3363 161.8268
-31.929 -32.929 -32.929 -32.2593 -31.6111 -29.9996 -28.3644 -26.7291 -25.0629 -22.4586 -20.8233 -19.1881 -18.5173 -16.9628 -16.271 -15.9645 -15.9983 -16.9645 -17 -17 -16.018 -15.0309 -14.2357 -12.636 -9.9331 6.8821 20.6935 34.1666 33.4979 41.3064 48.2874 54.1604 45.2046 32.6075 35.6729 39.2383 41.2981 43.4478 53.6116 56.8034 56.7457 51.4165 22.6401 49.0795 57.0529 59.0574 59.6938 69.4437 78.9567 106.2827 165.7904 191.7016 205.8396 197.762 165.5602 116.9783 179.2957 179.5954 177.1085 165.1385 158.8237 167.3956 163.5612 151.7476 162.2504 163.4617 164.3547 167.5737 176.1318 171.6023 176.4746 176.9524 173.0563 179.7512 184.2354
-29.1872 -29.9425 -30.329 -30.329 -29.329 -28.3642 -26.7289 -25.0936 -22.5877 -20.4837 -18.5169 -16.8817 -15.5226 -14.6426 -14.329 -14.329 -15.2818 -15.329 -16.329 -16.329 -16.1666 -15.2866 -14.2357 -13.6005 -11.8957 5.262 23.5605 24.8949 34.1998 53.1646 57.7623 61.3178 52.35 34.0223 32.3083 40.3022 59.9731 50.523 56.0746 49.9982 36.3351 47.5526 36.9918 30.9662 42.2229 52.8582 63.4026 91.4059 170.7187 185.6175 165.7824 156.6473 153.678 148.9609 140.2632 114.5238 159.2596 158.1484 164.0133 162.0525 154.873 153.6734 155.0487 147.3708 141.5258 146.7545 162.3825 157.8359 158.2895 166.6876 168.2126 161.5844 156.9826 152.157 163.1111
-26.6291 -27.9879 -28.6938 -28.6938 -27.6938 -26.7289 -25.0936 -23.4584 -20.9525 -18.682 -16.5526 -14.9174 -13.2821 -11.6794 -11.5965 -12.0113 -12.6938 -13.6938 -14.6938 -14.6938 -14.6938 -14.6043 -13.766 -13 -11.8957 2.4765 14.7613 26.8101 44.925 67.2731 98.181 55.5853 41.5048 53.2876 67.6575 112.2385 146.8642 130.238 90.5612 63.8857 62.4582 41.2886 49.6813 42.3322 30.0047 51.138 91.3202 161.4667 167.3162 164.412 154.1323 136.4666 136.8076 113.1099 109.4785 112.8484 146.6665 161.0396 146.3342 156.3257 148.7743 147.6059 153.9043 152.2375 143.9369 132.5905 144.4851 145.1553 151.5136 150.0756 156.3866 161.2994 153.685 140.1725 134.5038
-25.7886 -26.4576 -28 -27.3463 -26.6897 -25.0936 -23.4584 -21.8231 -20.1369 -17.0467 -14.9174 -13.2821 -11.6468 -10.0558 -10.0399 -11.0186 -11.9555 -12.6121 -13.2687 -14 -14 -13.8786 -13.0138 -12.6239 -11.8957 2 19.1136 34.6743 61.5834 117.31 101.5321 81.0421 45.3605 50.8692 58.4162 92.4668 138.3784 157.6538 156.4996 148.1375 143.671 141.7577 87.4758 63.9068 47.1957 68.4718 149.6102 111.1732 139.9251 163.0031 173.3354 148.6206 157.3684 112.2026 110.2378 163.8599 139.4687 121.8791 153.9636 154.816 153.4642 153.3292 137.1251 128.0959 128.9328 123.1577 136.1482 143.7136 139.7237 134.747 131.9891 159.3171 161.1881 156.3808 157.4467
-25.5772 -26.4239 -27 -27 -26.0936 -24.4584 -22.8231 -20.7646 -18.6272 -16.4941 -14.2821 -12.3182 -11 -10 -10 -10.1344 -10.9727 -12.2489 -13 -13 -13 -13 -12.5592 -12 -11.339 -3.6398 18.0523 27.9261 37.0552 59.8215 92.0043 68.2295 70.709 120.7474 109.4688 130.874 123.0953 121.9537 113.6511 121.4699 126.0888 118.0399 127.6156 127.6541 114.7007 109.5409 103.2056 129.2734 156.0879 156.415 142.3385 94.2004 101.1369 88.8423 102.5516 117.2123 128.9222 163.2527 159.8998 153.3101 139.7094 141.8533 143.7428 135.6362 130.2244 122.3765 136.5008 135.6833 138.9459 131.8981 145.9174 155.0215 157.2768 151.1424 156.0918
-26.834 -27.758 -28.212 -27.5176 -26.6704 -25.0351 -23.4846 -20.9267 -18.4432 -16.4941 -13.8588 -11.4471 -10.5509 -10.212 -10.7496 -11.212 -11.212 -12 -12.2232 -13 -13 -12.6864 -12 -12 -10.9305 1 18.197 23.3895 24.2178 44.6613 46.1642 52.046 83.2543 157.3853 140.815 121.8076 118.8202 92.0654 72.5249 98.6313 114.8296 107.7155 111.363 112.7239 123.1906 112.1569 80.6284 105.4183 138.816 148.3808 143.7094 114.5301 74.3981 88.822 90.5346 136.3682 133.7906 168.5261 146.9504 130.6824 153.8873 132.1673 126.1834 135.6218 124.9393 110.5652 127.4093 124.6603 138.7608 117.3161 130.4775 144.6122 140.4673 135.9216 148.3975
-29.304 -30.6945 -30.6444 -29.1529 -27.5176 -25.8823 -24.3082 -21.7286 -19.2389 -16.4941 -13.7392 -11.2577 -10.4117 -11 -11.578 -12.269 -12.0401 -12 -12.2232 -13 -12.5817 -12 -12 -12 -10.9305 3 14.6271 22.958 23.0492 33.6035 44.6703 73.1311 138.9346 127.5391 115.2292 109.524 98.0667 92.0481 85.8771 68.7364 98.2822 105.8774 104.1993 113.637 102.0174 82.8469 91.5136 113.3342 119.0919 123.0059 122.3443 85.8431 79.8903 66.8857 101.3727 131.0389 108.4236 115.6093 127.8573 137.396 144.1051 148.0576 143.423 132.3969 132.6568 130.1026 121.8623 111.6344 126.9061 118.9728 112.3136 112.963 118.3712 131.5354 146.1283
-32.9227 -33.965 -32.9059 -31.2706 -29.1529 -27.5176 -25.2822 -23.0117 -20.6118 -18.4591 -16.7507 -14.671 -13.4475 -13.965 -13.965 -14.4825 -13.5298 -13.4825 -13.4825 -13.0683 -12.7445 -12 -12 -12 -10.9305 7.6612 16.2681 16.9731 25.2968 25.7907 31.4576 66.3556 146.6325 146.8895 125.6998 112.0451 90.393 91.3906 82.1513 60.3625 63.803 106.2982 94.5853 85.6776 81.0312 97.1042 110.4754 113.883 116.3079 117.2479 97.8255 100.0473 93.9423 64.3338 80.4062 114.586 81.2904 104.2588 118.7188 114.6942 110.132 126.5055 143.7979 139.4197 142.9528 134.1449 129.5471 118.8174 108.2334 112.4968 108.168 125.7357 109.3297 117.8822 100.7513
-36.5523 -37.4584 -35.771 -33.3056 -30.6704 -28.9215 -26.3999 -24.5292 -22.2319 -21.1178 -20.0943 -18.5505 -18.2355 -17.2355 -17.1552 -16.0804 -15.1595 -15.0485 -14.0915 -14 -13.0596 -12.8862 -12.0278 -12 -10.9305 -5.0587 12.1763 16.8234 17.816 23.5257 37.2783 86.6627 119.8137 116.1007 124.1559 102.4268 89.2607 69.0725 66.6415 48.879 69.0236 91.8953 96.872 82.6875 50.0987 80.8716 53.4951 100.1935 109.796 110.1635 117.0844 127.795 115.1021 54.5907 51.9447 70.452 72.9293 75.9506 94.6074 89.3132 81.206 101.0606 102.8381 108.8621 139.0204 138.7479 157.6337 140.0701 129.3526 115.8287 125.3777 111.5099 124.6003 118.9547 125.957
-35.019 -35.0701 -34.1879 -32.5526 -29.9174 -28.0438 -26.3999 -24.5292 -23 -22.753 -22.7181 -21.9214 -21.506 -20.4707 -19.0708 -17.4355 -16.753 -15.8548 -14.9449 -14.1066 -13.5063 -13 -12.2357 -12 -10.9566 -6.4029 1 15.5433 22.7451 32.8526 39.8029 94.0643 102.4988 98.9096 108.1077 152.2056 91.2777 81.1592 44.9711 40.3792 64.4561 87.5124 82.1362 47.3608 86.7493 88.3328 93.1212 66.0796 96.8028 92.3711 106.7895 65.7366 44.777 76.5358 129.3943 119.4664 106.334 116.1935 128.1284 118.8974 107.2318 116.1522 131.5343 132.8644 140.2147 143.653 155.6474 157.6687 159.5821 144.0133 143.4209 124.5477 129.698 133.3974 134.5015
