MapLib/Lvl1_5x5/BG/Ele_BG_CB.asc
ncols         557
nrows         557
xllcorner     556500
yllcorner     5008669.448
cellsize      1000
nodata_value  -9999.0
[rows 112 to 139 of 557, columns 315 to 377 of 557]
480.0463 420.6369 307.736 257.4393 228.1084 230.789 212.8945 176.1115 181.9003 176.4881 177.8051 175.4072 171.2627 168.0506 153.765 167.0727 172.2741 166.0261 168.3481 176.5143 178.2583 166.7359 163.2234 166.718 150.6811 146.7121 133.9778 136.7035 139.9336 138.7936 130.5267 132.1986 134.0905 134.1303 143.8754 142.7814 134.1951 132.1652 129.9003 131.0533 131.0007 117.5238 104.7597 100.0884 103.619 104.3056 106.3554 105.8409 107.3572 110.393 114.5825 110.3118 118.5718 120.6171 108.6366 110.4379 111.3415 117.1443 128.9923 117.9607 118.3872 120.4689 118.335
355.705 257.142 250.6495 245.0575 229.0069 191.8631 176.2284 177.075 178.3372 180.8876 168.9415 150.4274 171.1611 162.2919 160.8864 164.467 171.8457 169.6019 180.8285 160.8471 174.0485 172.4449 174.1903 171.7839 156.2965 147.6586 131.2839 132.679 130.0113 137.5028 123.4458 122.6441 116.623 125.7228 124.7093 119.3237 124.2832 117.4743 120.8805 114.7306 111.5969 108.8887 98.5274 106.8574 102.9182 104.2845 107.5607 108.5239 110.6335 110.167 105.9651 102.2729 106.6931 114.2577 118.6818 112.8781 112.4901 119.7958 118.739 116.7461 112.9513 122.0118 122.2779
226.4158 216.8571 200.323 215.6198 210.981 191.9056 169.9843 158.5537 182.2805 207.1759 186.8405 174.6132 158.9829 150.1915 158.4901 164.3584 167.7814 160.9017 173.2382 169.0208 160.7529 169.3646 164.7763 156.4801 163.8643 159.6533 142.7352 158.7432 142.2701 137.2151 139.9087 132.7405 137.1899 135.6107 130.3481 130.5188 116.4106 103.7958 109.6629 107.1594 110.4169 108.1094 103.2447 105.8295 107.7117 109.9966 111.0624 110.6031 108.1094 104.9488 101.6227 103.693 111.0652 113.7683 113.9677 113.5817 113.4067 121.3843 115.7491 120.506 126.737 119.738 105.3897
203.6179 197.6093 166.8128 209.4532 200.7453 170.5879 154.8265 154.3842 184.9621 188.7191 182.1808 178.5443 177.226 158.6756 149.4616 168.4657 170.483 158.3388 175.5171 167.8274 161.1741 150.3284 170.1228 147.2834 166.2189 163.8507 168.1371 166.414 153.3602 162.9575 161.297 151.3381 164.7579 166.4878 164.1545 142.5989 109.2209 103 103.9469 105.1386 110.5835 112.7156 110.3432 112.4178 109.0278 103.8312 106.9468 106.268 110.084 103.0683 109.4483 116.3799 115.3752 111.5431 109.4192 116.1977 121.0251 118.5331 124.5351 116.3909 126.5017 114.9083 115.4837
205.3365 209.985 201.9186 178.3924 180.999 189.2767 179.4103 153.457 155.2603 166.5026 168.9317 169.254 153.4657 153.1677 137.0245 167.9883 160.4268 165.5474 143.8968 157.7669 164.7177 147.0315 156.1402 169.7822 149.1767 156.8191 168.9895 159.2464 158.9821 168.0341 158.3561 146.0386 146.8712 134.0906 144.8913 133.0862 127.1106 104.7616 106.2945 113.5613 109.9194 111.7051 111.1803 108.6545 108.98 107.971 105.3482 106.815 105.8617 105.9146 115.3927 113.032 114.4801 115.9265 117.8486 117.7082 123.2788 126.5477 123.8454 121.2332 125.0129 119.8915 120.0463
163.2027 164.7062 188.638 176.515 169.6963 147.6849 168.9312 166.7005 146.1386 147.317 137.0997 146.0965 152.4772 137.1516 159.5593 161.1893 163.3034 165.051 163.1193 155.5112 155.7666 147.3255 163.4428 153.3208 143.6071 162.4208 170.9231 173.3012 166.0605 161.8359 156.2111 153.6108 146.4497 144.5064 139.4146 124.4513 129.1984 112.3137 119.1454 112.2898 116.6159 106.4458 102.9823 103.3103 104.1219 108.708 107.4475 109.1371 109.356 115.7814 118.1439 115.517 118.6637 119.8697 122.7878 123.1683 123.7677 118.9008 125.0857 121.1747 119.4598 121.6587 122.7284
165.5688 154.6187 151.4786 148.3732 161.2858 160.5831 147.6004 146.0425 142.4626 141.5904 142.7008 149.4172 147.8111 145.847 154.5116 168.4782 152.966 137.6922 147.8323 165.4937 152.9932 145.8567 141.3983 162.8562 173.6232 171.1912 165.8066 169.3547 165.7069 162.1407 145.5693 147.7468 157.4611 148.1752 138.5722 125.2997 103.8177 102.6568 110.1598 106.9993 105.4271 112.9031 110.7089 99.3166 106.3913 105.624 109.0865 108.1596 113.8888 118.9051 111.2852 114.0527 121.4177 120.6953 126.7883 127.4877 124.3388 122.7282 122.8394 113.2217 116.0155 120.7292 127.2651
177.1882 165.3472 153.4055 174.1975 195.55 199.643 194.3816 180.2968 162.4492 157.0053 150.5858 153.9573 140.755 131.0675 147.074 161.2209 157.1271 146.3558 147.1879 154.448 169.8627 157.502 148.2815 168.4751 169.6342 159.8526 146.1342 145.7944 157.2183 162.5872 146.8762 136.3651 130.4779 122.8758 118.212 108.4313 108.1775 111.6664 109.1502 111.5497 114.1779 108.5055 106.6958 108.3518 107.6566 115.7771 116.4932 108.2304 117.5348 118.0697 115.981 113.9951 123.0543 125.054 125.6453 124.457 128.215 125.8072 128.9368 118.5817 118.5882 121.5439 150.6321
158.4113 189.5156 202.071 198.0336 188.8368 178.6227 178.7402 190.622 184.3297 167.4841 164.1585 159.7745 143.3163 154.9724 133.0088 130.1421 128.6996 130.0524 131.3524 135.0464 139.3236 135.0065 131.3043 165.0523 156.024 151.5305 137.6402 151.4854 133.3546 117.0494 121.1413 119.1013 117.0079 114.5262 103.0312 114.3745 112.3438 101.7019 108.3111 108.4269 107.7527 105.6384 119.3193 117.5096 116.1318 106.4038 107.2894 117.6991 117.391 114.918 119.7196 124.4833 131.0884 127.3519 117.8594 117.0106 123.9118 124.3111 124.7319 124.1577 113.8437 138.2767 203.7711
151.2887 150.4969 162.7498 168.2863 169.4917 163.1259 163.4543 171.1203 165.1226 161.4486 163.5448 152.0056 171.1754 165.981 158.1105 143.4524 147.4922 152.4251 133.9093 134.8991 136.633 130.9966 129.3342 124.5554 121.4839 117.9003 123.2249 117.0146 116.2605 116.6322 123.3908 124.1983 112.78 109.7024 109.4073 111.8032 110.4466 108.0181 104.3067 101.3465 105.3625 102.7835 106.024 114.5532 118.101 112.2835 117.2369 117.1824 117.9862 118.549 123.074 127.4861 119.4516 116.3501 116.2399 118.6104 123.8087 125.2623 118.0238 119.5012 156.0151 212.4347 344.7626
152.831 151.3705 141.4806 130.9708 136.6005 142.988 146.3634 145.8294 140.7219 147.4088 150.6338 145.1275 142.4823 141.7684 137.9106 138.9625 137.3887 133.0393 130.5387 140.254 133.9065 128.7265 129.5376 131.1882 135.5039 127.5146 129.4001 124.8388 118.4636 114.5868 113.6953 116.5378 118.8621 107.5311 112.0548 111.7905 114.9359 109.1201 105.544 104.3335 113.3206 106.0656 110.1542 116.2942 113.9479 113.7836 119.606 118.0332 118.8586 117.2535 123.9782 126.4578 116.1782 127.5967 119.89 114.5044 115.6415 119.1434 118.6479 147.8263 206.6647 349.156 374.7253
152.6719 148.8008 151.0053 156.1841 153.4126 144.3793 146.8651 152.0852 135.7479 131.9278 144.106 145.1567 134.3836 142.719 145.8329 143.6299 144.5717 135.4528 125.3676 133.5744 132.3404 142.9387 138.8865 139.6155 126.2807 122.8909 127.1531 128.4554 126.1054 107.6073 100.6195 106.0887 113.0269 113.3992 109.4645 105.2201 109.4467 103.5538 104.5228 110.3601 103.1695 112.7688 111.1722 118.0462 112.634 120.6548 116.093 118.2832 120.9169 118.9376 121.5541 119.7404 118.0421 121.0612 122.5506 120.9977 118.6101 133.2244 167.4167 223.0934 361.3743 404.0479 425.5504
156.3178 161.4576 160.5871 156.808 144.9529 151.8351 147.6039 139.5325 145.2713 141.0316 139.0447 141.091 147.8608 139.2511 140.8492 140.0704 133.2683 135.8323 133.1031 137.9093 128.447 124.3801 131.1851 120.4341 126.8019 126.6143 127.1963 110.1123 113.0491 101.1181 104.2926 108.9436 104.3141 113.0487 110.6739 105.8584 107.3914 107.0537 109.4249 110.4024 115.8387 113.1098 116.0041 118.5381 117.5121 114.6248 119.5156 117.7406 122.8761 121.9783 121.4863 118.985 118.5818 115.4914 118.6292 123.9246 146.2355 169.5529 223.8641 340.56 406.8009 446.281 413.9918
157.5421 155.867 143.3414 150.4351 159.6044 149.5415 145.6049 145.7282 142.7334 146.312 138.059 137.4995 147.4072 136.132 138.4256 133.2025 136.7653 133.0316 128.5734 129.4495 127.152 141.893 136.3992 124.9161 114.6768 121.0232 114.4509 105.0666 107.3484 108.5155 110.5772 112.4814 114 110.7749 118.5646 109.9814 110.7961 109.4088 119.5763 112.5055 112.5463 106.8366 116.5339 116.9729 119.9223 119.8598 116.907 120.8478 112.5948 116.816 119.1269 122.1776 124.8743 116.5421 145.4162 175.8027 166.3488 217.939 260.7216 397.2785 464.8601 438.4833 414.8336
146.6427 149.0652 145.2272 143.4232 146.4589 146.4093 152.5809 136.6928 136.2151 137.2398 145.3115 136.2841 139.6297 142.9794 140.9307 147.9062 130.3033 136.1734 130.7714 128.9005 116.2861 113.7123 114.3168 109.5631 107.1074 108.2358 102.3026 108.4646 112.7144 106.0891 114.862 114.2637 114.1026 111.6876 110.4482 107.9831 112.3702 113.0948 118.1979 121.7978 121.2604 122.6831 122.9332 120.7848 122.3231 116.5128 116.2926 113.0395 116.892 120.4302 115.0824 120.6324 141.8193 180.3394 198.0127 200.7467 230.6395 306.6627 412.8852 455.2566 471.2361 474.0054 418.674
159.9769 147.6418 150.4114 147.7101 146.8532 145.1353 139.295 147.091 138.4645 135.7254 133.8675 137.4065 136.1471 139.7726 138.0615 132.1827 130.9256 127.1495 124.1643 118.1434 111.9708 120.2006 107.0176 115.0181 112.5908 109.9705 118.383 108.1953 109.1378 109.8644 113.9123 115.6445 112.874 114.9255 107.7825 106.9294 112.1885 119.0247 110.7359 106.8456 107.2421 116.6044 122.0079 113.9513 117.3488 120.1687 118.82 118.4573 118.3841 123.481 135.1619 144.3122 163.9975 188.4752 244.6771 285.398 296.2063 347.9967 425.4764 486.5813 485.1311 453.9564 434.4192
149.7132 154.9492 153.3699 151.1777 143.9287 148.0346 140.5108 137.7387 137.7979 130.5792 128.6932 130.0175 138.1107 141.9042 129.6078 133.8673 141.287 128.9819 128.4109 127.8081 110.3664 110.4693 114.7488 116.8445 112.7135 110.6497 113.7773 109.3093 110.7868 119.1841 121.3147 115 111.7577 114.1006 113.8394 113.5676 120.7556 115.1232 118.6877 110.5611 120.1982 124.1979 118.3724 119.2021 119.0463 116 114.684 124.7724 133.2771 126.4635 141.9091 160.0179 171.7279 189.9361 308.9127 466.6082 488.6875 375.8452 341.5519 370.0576 466.6847 501.4427 451.5623
147.6053 148.8833 141.814 150.3573 140.657 150.2171 144.1032 138.0875 142.8179 138.18 139.8983 136.051 131.8425 132.9152 134.176 126.9017 123.87 127.6634 123.5898 119.4704 119.1888 112.6525 116.081 113.7813 113.276 111.9699 112.8587 110.9634 111.4468 111.3719 117.407 115.1884 104.923 111.6945 119.1918 114.4882 111.8209 123.4602 128.0542 126.5753 117.9266 123.3369 124.461 126.6848 119.8163 121.5759 118.9798 122.3916 120.9395 126.1016 130.8323 150.7932 161.2832 176.5941 262.5199 283.9021 283.1314 329.6476 384.0859 429.0563 505.7617 527.4421 459.6297
145.0338 142.5634 139.3451 143.7327 138.506 135.3865 144.6348 143.8521 141.1227 130.2846 131.0807 131.4778 120.6211 143.3014 123.8714 118.3792 112.6982 121.2586 131.4016 124.2652 120.3863 114.1152 111.7185 114.0783 109.1946 107.585 107.9093 113.3684 113.8211 117.293 114.8524 115.8523 107.2018 108.7279 111.8596 110.3195 118.9435 125.6694 131.7135 132.666 126.3845 115.648 122.5784 120.1637 121.7293 128.2868 125.1133 136.7744 142.3079 148.0721 138.847 131.4924 142.573 167.116 198.601 232.0314 270.3157 278.6627 285.5066 281.6479 358.7608 434.2927 494.529
146.9011 140.4159 141.2262 138.5323 137.367 143.3596 138.4401 137.1756 138.5781 135.3118 136.893 139.6519 137.6901 117.1621 115.1516 110.9598 119.4788 123.2662 117.2304 111.4626 116.2969 106.697 115.2128 112.7303 114.3162 115.2035 118.4639 115.5801 115.9249 114.6755 116.2509 118.0616 120.5995 109.793 113.2294 119.1214 118.2925 119.8011 116.639 117.6793 121.924 118.5688 121.9867 123.6278 122.1866 130.1852 161.4579 186.0459 224.7635 225.133 230.3003 163.6744 135.0602 138.4713 168.4144 210.2862 244.9411 217.0211 228.1319 247.8346 286.6918 344.1692 469.5888
138.1048 143.2855 135.6392 136.3625 133.8885 140.3444 136.1483 141.2963 138.5397 137.7893 131.7316 129.0477 127.3871 126.6243 113.7696 112.8193 123.2361 115.8688 115.4941 125.3463 111.0202 110.1705 114.3092 112.188 112.5765 117.953 109.4118 114.6977 116.1884 116.8034 117.1461 112.8168 108.6924 122.325 119.1946 121.8956 115.0311 121.904 129.1869 123.5446 124.95 119.1294 120.6143 131.6747 147.3519 177.8674 203.8702 214.3831 216.7809 289.7496 268.1134 219.0507 179.1835 139.0146 141.2071 182.4785 183.0152 210.8206 232.3857 257.6261 300.2181 389.3065 560.5912
126.9821 138.0567 138.8317 143.5726 137.7771 134.7812 126.4118 127.1649 118.1141 119.2857 114.694 114.2319 128.3537 133.413 108.7503 118.9241 110.693 116.1891 111.0208 117.6867 110.4234 111.9907 116.3574 116.8442 111.5716 113.1417 120.1119 119.4155 116.5933 112.4717 118.9837 119.1416 115.1277 125.9623 128.4318 125.5588 127.0114 131.9274 128.4112 117.9595 121.4425 122.7663 137.1003 161.0273 180.1226 229.7318 266.1634 272.6886 227.4058 217.0123 261.0178 197.619 175.7444 168.0293 158.2405 151.7938 200.4187 215.3461 259.0211 261.1729 374.7665 488.4079 700.2285
141.1355 125.9444 132.6898 131.4781 139.3498 132.2864 129.1329 132.0684 123.9411 118.566 119.8258 125.3079 120.9677 119.8243 124.8402 126.9035 120.8613 117.4888 100.7332 110.2357 118.7453 120.4867 118.895 120.2649 119.9929 118.1158 119.5041 117.7313 118.7634 115.999 118.0966 117.1129 123.7999 128.1013 126.3325 124.8098 125.6547 119.7154 120.9252 125.0266 133.7746 161.046 173.4474 188.6906 223.4542 261.6195 263.5687 283.0662 289.2917 301.0472 246.6265 270.61 248.4021 223.678 192.3483 149.195 149.3999 185.5379 263.2223 276.8959 337.9677 469.0185 583.2854
139.9369 137.8176 130.1935 121.0088 127.0971 122.4181 116.5387 117.2037 118.6048 115.5281 121.279 122.8214 114.9602 123.2958 126.3724 127.9372 122.4797 121.5451 124.2548 134.2803 120.2175 120.1052 120.3712 121.2342 113.3213 116.3775 118.0012 126.4885 117.8049 121.5531 129.4887 129.2685 126.2479 128.5389 118.6344 123.1325 124.2505 127.5495 122.1184 135.5451 146.0732 142.6448 157.1622 237.2864 311.9391 312.3632 400.4214 466.3481 422.8747 449.6777 394.1177 290.2714 247.9981 214.9216 210.2831 214.6974 179.6393 168.0259 189.8378 250.4724 279.651 324.0192 431.0788
136.912 138.1125 136.3012 123.5251 121.8824 120.5858 123.9183 119.6421 119.3655 125.5662 122.4132 122.3989 109.4192 119.8201 120.9793 118.2294 118.8097 116.5561 117.952 124.8678 123.4006 120.2444 125.5234 122.8944 117.7439 117.7988 126.221 120.2007 123.1138 132.274 120.5993 121.511 118.511 132.8898 133.4918 119.6022 121.2366 124.9551 139.6745 170.8645 223.1447 232.4681 235.4754 162.7864 175.7795 243.2631 345.3433 329.2423 314.1782 386.6653 416.1135 315.9776 309.1969 282.8182 267.3081 213.4529 167.4471 184.7269 235.1716 257.9034 288.1693 316.2079 361.9485
136.4623 128.9497 132.0319 127.3001 114.9411 117.2127 118.6129 114.2855 120.4785 130.821 125.0561 125.1094 117.738 121.8939 121.7043 124.2249 124.5576 120.2916 121.7439 122.5406 124.6155 120.6338 115.9995 112.4417 120.5486 117.2697 120.8969 123.6315 124.0884 116.3386 120.708 125.6761 132.7144 133.5308 122.937 123.2683 124.1833 128.5901 176.9381 208.0139 281.7465 368.8176 336.7835 234.6617 227.8133 174.8859 210.4807 264.9679 309.7878 455.793 567.152 380.999 314.8946 286.439 262.6304 212.9636 174.6945 210.7892 269.2449 349.6539 355.578 418.326 543.7623
138.8725 131.7727 127.3858 119.2275 118.6955 120.452 120.4896 119.2387 119.0923 121.0937 149.909 123.1832 117.569 116.3127 118.7847 125.5801 116.301 123.4336 119.8617 122.4698 119.9226 117.6146 119.3757 117.9144 129.1833 120.3774 121.8439 121.4743 120.8998 117.2753 120.1239 128.6411 130.9568 128.8725 118.9663 124.1025 128.218 124.8942 152.6779 223.9091 364.6207 482.9136 348.6473 237.9767 217.165 193.851 197.0257 242.9751 281.3336 363.5415 490.8315 495.3132 411.1309 331.5907 302.6512 379.921 288.6949 193.6047 286.0132 334.747 401.2542 523.079 645.5413
125.252 117.2062 120.9788 112.0842 116.5739 122.7192 120.753 129.1396 141.8624 120.9119 121.7738 120.6057 122.3832 113.7078 122.4538 119.7915 133.3046 120.4748 118.4939 118.2381 115.984 118.6874 117.3559 118.2038 121.5449 115.9508 118.1921 118.1662 127.3791 119.8129 124.4172 131.022 127.1169 126.0073 125.472 124.3156 126.2437 147.7353 183.583 224.8039 255.4269 301.7845 310.5153 354.2505 318.8336 259.0642 272.7522 227.6203 217.3188 251.1926 312.2188 358.5621 385.1652 465.5769 480.2726 327.6503 259.0362 189.6915 289.4955 459.4783 612.843 675.1195 698.4747
