MapLib/Lvl1_5x5/BG/Ele_BG_FE.asc
ncols         557
nrows         557
xllcorner     2227500
yllcorner     3337669.448
cellsize      1000
nodata_value  -9999.0
[rows 336 to 363 of 557, columns 0 to 60 of 557]
13.4699 12.7765 10.8526 13.6173 15.9569 21.036 24.5076 32.7516 36.7854 39.0544 40.7113 43.512 49.0746 53.371 52.0489 56.0634 60.6758 63.0931 70.2872 73.9357 79.8857 86.2956 94.427 97.0352 107.5535 112.5948 122 128.1936 134.0762 137.7861 143.6081 148.1171 147.6465 150.2441 153.1361 156.0138 203.5161 253.9419 241.9055 251.6111 252.7372 246.6922 250.1894 253.4769 261.3697 248.1478 236.8743 234.6441 244.942 237.4497 231.6777 230.6917 228.0364 235.3379 236.5806 236.6009 252.8743 268.3182 267.906 284.4464 295.6173
12.5237 14.6342 14.1098 15.7501 20.4469 25.2653 27.4052 33.4341 36.6621 39.4189 42.7153 45.4908 49.2099 52.5772 56.9922 59.1705 61.9648 64.9013 69.9375 75.3927 80.4672 87.0292 92.3396 98.3686 108.7862 111.5623 123.5002 130.2165 134.6427 137.8148 143.4309 144.7107 146.1666 146.9418 148.9937 156.1152 173.7789 234.8544 244.7443 241.6104 237.5549 238.3016 240.7637 243.2428 250.2666 238.0398 227.2871 236.6926 246.094 239.6492 226.4686 228.2442 230.7778 230.5214 239.3721 250.9292 251.8167 275.4217 274.1188 285.0992 294.7926
13.1921 14.2428 16.4059 20.0036 21.4919 26.7285 32.9612 34.7549 39.3965 40.7317 44.0624 47.9472 50.7411 56.8922 57.6223 59.2278 65.8539 69.0345 72.3754 76.389 82.1187 87.3931 90.2088 100.3184 104.6153 112.0065 124.2744 130.4018 133.8 138.5497 139.9715 145.7785 148.3266 143.0073 146.6254 153.9952 164.7835 227.9641 233.4133 224.7159 233.8753 229.8145 234.3831 236.5242 238.9961 230.4878 226.2983 229.1022 248.8145 241.821 228.1535 222.4893 241.5519 247.7862 245.3199 257.5774 258.9594 271.4867 282.9854 293.355 308.4344
15.3168 16.1006 18.861 23.9553 26.9685 30.7483 33.0211 36.6105 34.1738 39.185 45.7575 46.5433 51.4523 53.2331 56.5694 61.7354 63.455 71.065 74.6295 79.3653 81.7091 90.0829 92.3184 96.0458 99.443 106.7983 117.3487 127.5586 131.5449 133.3516 139.2366 143.2396 143.0707 142.0671 144.8448 154.1549 156.5862 204.6486 233.9237 223.9775 227.9936 208.6269 223.9798 215.0592 233.1929 239.1638 219.4159 234.9704 233.1787 233.4329 220.0251 221.6224 238.0714 249.6167 258.3592 257.5959 267.2112 280.0013 286.6295 298.8262 312.8067
18.445 19.4766 24.5198 25.8326 29.4332 31.7081 34.2447 35.9941 37.2611 41.024 45.8372 49.2409 51.8344 55.2426 60.8017 65.6114 69.5353 72.1306 75.8391 80.0736 84.5752 87.0141 91.8253 96.4198 100.8192 100.6368 111.6995 119.1147 131.7655 134.664 135.6695 140.4821 138.2759 139.1311 145.6637 146.7671 154.4147 180.6261 235.1993 223.6611 200.8139 183.7332 192.8816 206.1415 224.1867 221.4792 201.9778 233.4166 223.2095 214.8194 224.0443 236.1481 237.7217 246.0751 254.9348 258.9149 270.9138 281.2239 294.6509 306.2861 322.0259
19.5527 21.0202 24.3466 26.5236 31.5014 35.7287 33.7332 36.0303 38.7257 41.1472 44.7455 50.3684 53.8023 56.7282 60.6725 64.9379 70.4149 74.1116 76.9339 81.8986 83.5045 87.2749 85.6558 94.1233 98.1959 101.097 105.1179 113.4126 123.2805 131.1702 134.3854 133.9954 134.4945 140.0318 141.8202 144.0527 145.5338 152.2102 200.9438 198.0579 189.9359 166.4619 168.5464 205.1409 218.1504 194.918 209.8568 217.8324 207.1896 221.7302 232.89 224.7189 242.4516 248.3952 255.1483 251.3832 263.4963 289.9243 301.8697 309.7055 308.2343
20.2631 24.8221 25.6876 29.7533 30.6703 35.4039 35.5343 36.0093 42.5992 42.5197 48.7008 49.1075 55.2247 54.8796 63.5744 64.5544 72.9576 68.7236 80.1139 79.5071 85.0377 86.1952 86.6946 93.2457 96.6677 100.2614 106.2582 105.6211 112.5966 126.8811 130.0133 128.301 128.5245 134.169 137.9198 129.2023 141.7039 142.6602 169.1265 187.3735 158.3888 171.706 178.5162 182.0375 201.8202 188.914 184.2405 195.1252 193.6776 208.7757 214.1726 221.7507 246.2741 248.6296 260.3029 263.7488 265.8466 290.8456 297.0683 293.018 300.6918
21.9267 22.5977 29.1515 26.1493 33.4905 28.861 37.1104 41.7631 40.2017 44.0147 46.3767 51.5331 53.1548 55.61 63.8048 66.9442 71.3821 70.5932 79.6162 80.0775 81.0101 86.454 85.0168 95.526 97.2111 103.0347 103.6293 110.3565 112.8322 115.4343 115.264 123.6166 124.5937 123.6035 127.5343 132.0869 130.4959 134.476 140.9521 198.6318 209.5172 202.7132 209.1719 198.2605 177.5317 186.7746 215.6522 201.1073 225.4774 226.1519 232.2351 220.3277 225.3417 237.2685 251.3796 253.0982 262.1321 267.8452 281.1376 290.7976 296.9535
26.6094 26.4304 30.5132 35.9039 36.264 43.3466 39.7351 37.9073 42.6645 43.8749 44.9888 50.495 53.9351 57.5695 64.594 67.5153 71.1685 75.6434 79.9122 76.6679 87.5056 93.8204 91.6951 93.6534 97.9032 98.8141 99.3933 109.8202 106.9549 105.2225 108.4301 115.5601 118.9184 118.0909 121.8611 125.6852 118.9814 123.4588 135.3417 133.2735 177.3952 211.5006 209.8014 200.8466 216.6567 188.662 198.3453 208.1853 221.2582 241.5309 245.9139 245.3695 249.6873 250.5796 262.9955 262.3857 265.3507 272.288 275.5656 282.1022 284.3705
25.3467 27.7537 28.4347 33.5962 49.7221 42.9998 38.0818 41.7924 37.1834 42.845 44.638 48.9314 53.375 58.1171 62.4119 69.1517 78.8032 71.5718 79.8788 75.4259 86.7273 91.2504 88.8877 93.2393 94.9352 97.2602 101.2009 99.8765 96.4434 109.0316 109.2805 109.4401 110.754 114.6721 113.2633 114.5016 118.2436 118.332 121.054 123.164 126.6281 172.2776 213.8899 205.8094 197.9856 188.414 195.1687 201.4996 222.0891 223.8203 231.4929 242.1983 253.357 255.5922 255.6474 261.385 265.1239 253.8098 275.635 281.5701 287.5774
26.8016 29.5357 30.809 33.7965 40.5999 41.1157 43.0179 41.2574 45.202 48.148 54.1657 49.3396 54.2486 59.4155 62.8177 65.4118 69.335 74.3616 76.0587 78.2416 82.3259 90.5002 93.0401 91.9818 93.4816 96.5549 96.6507 98.2437 98.3812 98.0291 106.218 102.6092 103.9571 104.4188 107.3364 107.6265 104.9959 111.5548 113.0164 110.9188 118.4653 125.5083 210.839 221.5384 211.9237 206.1653 224.8347 204.4086 221.9891 233.9436 234.3486 241.7613 247.7286 246.8353 252.0345 251.2923 256.4939 260.2239 265.7337 276.9821 278.7926
27.5811 26.1896 35.5889 35.1892 39.849 44.0299 41.3004 45.4813 46.7956 46.1968 50.1091 54.3627 58.7518 63.4361 63.646 63.2709 70.025 75.5726 74.8683 81.321 81.5374 82.2306 88.2366 89.0532 89.0811 92.1621 91.0169 94.792 95.8751 92.8859 94.3024 98.5939 95.335 96.337 100.5565 96.4839 103.4008 103.5743 100.6181 104.6811 105.3029 112.7752 143.5852 217.8103 221.1991 218.1441 209.8267 203.2486 214.0723 215.2341 228.8557 233.2692 232.2967 236.3822 244.6428 244.931 251.6102 254.0535 257.0618 272.6469 264.2106
27.869 31.5168 33.2793 37.9878 41.3095 42.8049 45.5978 42.6318 49.1226 46.1017 45.639 52.3592 57.7864 61.41 59.5096 66.3972 70.3876 72.1943 75.7313 72.0689 76.6861 79.7442 80.9955 83.0537 82.7076 86.7263 90.6855 89.1006 96.6238 88.3225 91.7383 89.2157 86.687 88.3443 91.2784 89.5601 97.5065 96.5195 93.8056 98.1994 100.259 105.679 112.202 141.7599 225.8091 213.6791 211.7803 209.0692 208.99 218.0968 222.3853 222.8324 226.054 235.3691 239.0255 232.8694 241.5827 243.5756 247.5936 265.7838 266.1813
27.0545 29.0977 39.8146 40.3284 41.2351 39.1319 42.2939 45.9935 50.8643 48.6672 49.9559 52.3949 57.7086 60.0053 63.2531 65.9431 71.1272 70.9353 72.6872 75.503 74.2059 78.5957 74.6408 78.0882 81.0034 83.0321 86.2582 87.4643 86.7697 85.4505 82.9589 81.1982 78.7371 78.7994 81.3252 88.0859 90.7282 90.1827 91.7809 91.7609 94.4902 101.2011 102.475 109.0497 161.601 223.6788 214.5511 226.6127 218.152 220.0175 224.2783 224.4796 232.9796 234.0175 231.4501 229.8761 239.273 238.0494 242.8143 260.1772 265.0704
26.8619 29.9667 33.6526 38.8202 44.6641 43.3685 45.0533 48.5715 45.5984 48.2802 53.2963 54.3534 55.314 61.3043 64.8086 63.859 66.7809 70.3289 72.2683 73.2946 66.3131 72.4357 77.078 76.1723 78.3728 80.5177 78.755 82.387 81.7579 79.2904 76.4477 74.2883 76.3569 77.6101 80.2159 86.1014 85.6527 88.7269 87.3584 87.6959 90.6381 92.2447 98.1368 99.338 117.1459 185.8983 228.489 229.2763 220.575 223.4399 224.2437 223.0893 220.2017 219.9136 224.0019 225.245 233.5071 231.0096 237.8071 255.1588 264.9585
22.0704 33.1186 32.7459 37.7736 40.8289 42.114 44.4962 48.2674 48.9211 50.0115 50.5049 52.6012 53.5184 59.0655 65.1842 67.3132 63.7908 66.9194 64.3656 70.6543 66.5665 67.9373 73.446 76.2267 70.7954 74.6133 74.5985 76.5243 73.7364 70.3866 77.3832 72.8765 70.8196 76.1297 78.4671 77.5387 83.6275 81.5264 82.5788 84.2695 90.2845 94.3084 93.5574 97.7837 104.6213 140.3306 198.77 237.6445 221.5029 218.3594 224.4517 215.3556 201.4176 214.8498 222.1005 232.4359 231.6677 230.518 238.3654 244.3686 257.2728
22.325 31.2354 33.6229 38.4181 37.1313 37.2388 43.7478 41.0109 51.1084 49.9225 53.121 49.9186 55.0752 59.784 56.5471 58.0641 56.5379 59.7795 64.5439 58.2694 58.56 55.3565 64.7092 65.2596 65.923 70.1825 71.8412 67.0297 70.1476 72.0907 68.855 68.426 71.6011 77.7737 70.7917 76 75.0253 75.1121 84.4928 84.2522 85.7592 86.9429 91.1479 93.8589 96.781 114.498 176.019 210.5784 214.483 198.4423 227.7438 199.6135 212.3036 222.2075 230.5091 232.3335 238.6717 224.7769 229.4969 238.9387 245.9622
20.2794 32.4862 34.4323 35.5646 42.408 41.6469 40.1387 41.8574 45.7276 51.0045 52.9203 52.9695 56.0806 57.9151 56.9345 57.7501 61.9481 61.8664 59.9664 57.6617 57.9527 61.022 62.2916 65.1329 66.3717 63.9015 62.8447 67.8708 68.363 65.2511 67.1443 67.9862 71.1362 68.2766 67.5877 72.6784 72.0912 71.3409 77.525 87.3845 84.0933 86.0258 91.452 88.8218 92.3887 103.2565 147.4836 199.8686 185.3257 218.6911 223.1138 199.9048 197.8012 214.8814 229.8623 230.5543 232.108 228.3643 222.5419 227.788 243.7071
21.029 36.1185 38.4403 37.3136 39.6144 36.5344 43.7871 44.3729 49.9271 48.4194 52.8931 47.6155 53.1636 53.555 58.8115 60.0579 57.6151 57.896 56.6914 55.6979 52.5176 55.6739 63.0215 59.4521 58.8681 62.121 63.4411 61.924 64.2803 61.037 61.2014 65.1174 70.6203 67.3368 65.2617 69.0562 68.305 70.4521 74.2448 82.3233 84.616 88.3263 81.8757 87.7585 88.2887 94.7062 124.0877 179.0676 158.6686 158.2789 198.8656 209.8613 197.6285 223.7412 230.8807 222.8781 226.7777 223.5556 219.6894 225.4909 231.4189
24.0957 34.7835 37.0631 37.4394 39.5015 43.1211 43.2239 47.9917 44.0674 46.0302 52.076 50.9294 51.4451 52.8073 55.3484 52.5896 51.1239 52.0139 54.6262 52.9832 49.7493 55.9911 59.6359 59.9026 57.9519 55.4173 59.4442 61.9107 61.6877 61.9745 61.0371 62.1792 62.4748 61.3552 68.4708 69.3558 66.8148 69.1994 74.1042 83.7896 80.368 81.8553 87.1276 85.2464 90.2448 98.9605 111.0588 121.1738 175.0846 208.2377 215.0561 221.9757 229.4227 227.8534 228.3112 219.3148 220.0209 224.4987 219.1837 222.9303 224.9182
27.5756 32.8502 33.964 38.334 37.7256 41.5922 38.5027 43.2843 46.166 50.0179 48.4699 51.9804 50.2566 57.8918 53.5151 55.796 56.4263 57.3079 54.9726 47.4101 53.1192 53.043 54.0511 57.7323 57.485 57.3653 57.8417 58.8559 54.8914 58.9757 57.5302 64.9472 61.6798 57.6406 64.657 62.1202 68.9196 70.1935 72.8524 85.3119 78.467 86.2746 86.3461 87.2083 91.9858 96.0834 104.1007 107.0299 118.5853 167.9722 194.3655 193.5707 223.5098 215.9563 215.6763 206.3091 220.311 224.8812 219.677 218.0881 220.0128
30.8774 34.3379 33.5247 37.1171 37.7372 37.7221 40.1427 42.063 44.0853 47.5574 46.9769 48.5424 50.8683 50.5007 51.5721 53.0875 59.4791 59.183 55.3142 53.6302 55.9857 55.5184 55.2267 55.7119 53.9361 55.4264 55.2916 58.0935 55.9754 54.9322 66.2843 56.1546 59.9905 56.2305 62.5514 62.7785 66.1876 68.8627 69.567 75.8837 80.9019 78.3809 81.5297 86.5834 87.8483 95.8092 102.7114 100.5318 104.8252 120.8641 189.4624 204.9957 208.0292 197.7148 191.9872 194.9124 219.5098 225.0148 213.2837 219.3602 223.7852
30.2057 34.9715 35.7187 39.9594 39.2454 41.2507 41.6974 45.5226 44.1273 45.2191 46.4121 46.8521 46.2383 49.6819 54.1485 52.6077 52.9631 54.5199 53.1241 49.9655 51.6857 59.5082 49.9726 56.243 53.5098 53.1827 54.7588 56.1863 55.5286 60.6632 57.1029 57.1418 58.8823 49.2003 59.3856 60.4012 64.6644 65.1964 70.8482 73.1548 75.6307 83.4338 83.0506 84.0953 84.982 95.3445 93.8372 95.594 99.2395 104.9959 165.6445 203.5911 180.8137 184.629 197.3922 216.4161 212.1431 226.1444 211.2016 216.9744 223.9757
27.0335 32.6243 38.5339 35.4221 35.3564 42.5042 43.6595 41.6717 41.6908 47.394 49.699 45.0365 46.6254 50.5874 42.1846 49.2736 51.0118 52.1668 49.6303 52.6648 50.3153 53.9421 56.3321 55.7516 52.8525 57.3013 54.7834 55.1872 56.1941 54.8619 54.1527 56.5239 59.2709 58.0702 54.8594 62.2414 66.6965 61.574 66.2326 70.2939 82.2791 72.8328 82.4003 87.15 88.2829 89.1197 89.5368 89.298 94.7819 101.5113 124.0651 183.2905 173.5764 192.9114 207.6787 211.2234 216.872 215.612 209.2828 215.841 227.7262
31.0203 28.5873 30.4785 35.3096 36.8981 41.1791 38.8602 38.3285 44.5763 44.7271 48.1494 43.8923 48.715 46.2899 46.1967 49.3181 47.4135 49.5037 50.4236 49.3961 50.6418 51.1454 48.0841 54.1838 56.8834 56.3661 52.9869 52.8569 50.2792 49.2833 49.2292 54.6783 54.5444 56.6555 61.3626 65.3624 66.936 70.5911 73.5731 68.9374 75.2835 80.1062 83.5773 83.6695 85.6595 83.4894 88.2126 91.8419 98.9303 104.8883 116.5551 152.9525 170.7717 187.467 202.5786 208.1471 208.8077 209.0344 208.6161 211.8394 209.9014
28.0877 29.9266 29.8014 34.8744 34.9979 38.5078 39.2168 41.2808 42.4534 44.54 44.4173 42.1261 48.8955 48.0132 45.9008 49.4193 46.4479 47.8224 53.0392 49.9415 50.185 46.2647 49.832 55.9813 49.5837 56.0077 55.9439 50.9663 53.337 54.16 55.0287 55.3004 61.5523 60.0805 62.7194 63.6508 67.2628 67.4196 64.4831 73.2225 72.6544 79.2174 83.6804 83.2641 77.1797 85.8038 89.5905 94.3872 103.8299 106.9523 112.55 130.3414 174.708 179.8192 199.4943 205.6552 201.4877 197.437 195.7544 210.332 215.4363
30.1812 24.5114 29.4317 30.9379 34.6924 35.6171 39.2886 36.287 41.0588 40.5333 43.4019 43.5405 46.692 39.0285 50.0674 46.2656 44.8821 51.0345 50.7644 52.8717 51.2218 49.8376 48.9106 52.2518 44.635 46.2832 50.2932 50.7305 72.3275 48.0672 48.4506 61.8961 61.2139 58.7033 59.7314 64.3776 64.3411 67.0912 62.3154 70.9676 69.8993 75.6581 77.5541 74.5938 81.1098 78.867 86.9721 87.2375 97.1925 98.5147 106.6671 116.0004 173.0231 184.0215 207.6772 198.8774 200.6738 195.6027 201.3172 210.8544 214.1335
24.127 25.4638 28.0025 29.6464 31.1508 34.6301 35.7455 40.0352 36.481 39.2318 38.9436 43.0624 42.3612 45.5534 43.2485 48.1151 46.7967 49.301 49.1962 51.9704 49.3055 50.2288 46.9311 55.6244 42.5829 44.7722 44.3804 40.4069 52.9563 53.3989 53.4348 55.802 58.3407 58.2723 56.4019 59.7221 61.6603 71.5474 68.2701 68.6757 67.5679 66.4106 79.2732 77.618 81.6331 75.248 83.3607 85.9704 93.007 95.043 98.4476 106.9074 139.2959 187.4387 209.3522 200.7347 193.7883 194.723 206.6006 202.8522 206.5619
