MapLib/Lvl1_5x5/BG/Ele_BG_BC.asc
ncols         557
nrows         557
xllcorner     1113500
yllcorner     5565669.448
cellsize      1000
nodata_value  -9999.0
[rows 210 to 239 of 557, columns 67 to 133 of 557]
66.5058 60.4942 65.9701 62.7561 53.8049 51.8418 61.0075 65.0901 65.2518 66.6747 73.2522 77.6951 74.283 86.0717 83.9724 84.2052 101.6585 94.9895 113.1163 100.8057 82.5339 82.7766 83.2633 90.6591 88.6199 87.129 76.5787 82.3463 76.9336 81.2948 86.6855 91.8917 92.6169 109.8432 117.634 108.0302 99.1311 86.6215 76.167 89.9556 88.2282 73.2787 73.4605 79.1199 70.0095 47.9931 32.4209 30.098 25.0641 43.6717 16.1273 12.1892 12.2074 11.9618 12.1802 12.4273 12.0098 9.7824 16.7296 12.8108 12.7331 25.411 10.895 10.3231 10.896 12.6034 13.5522
62.3384 75.9069 65.9686 60.0519 52.2591 53.3322 62.795 72.4019 69.364 69.7547 77.9917 81.3808 63.9891 58.1628 62.9892 63.3047 92.8365 99.7398 106.2427 102.5464 81.3094 71.187 87.7222 98.9997 88.667 97.1698 90.985 90.7829 84.1289 96.066 99.7291 87.3909 101.4452 106.2512 123.0865 113.8851 119.1121 106.3762 93.2982 98.2823 73.6796 65.5802 64.0324 59.223 57.4198 45.2709 47.8174 41.799 38.8411 32.3322 17.5266 10.9265 11.3808 9.2034 13.2657 11.7272 10.8492 12.8319 12.449 10.7388 12.788 12.497 22.1176 28.1251 9.9187 15.3812 31.9212
72.0377 78.4379 68.5818 55.522 56.7856 46.1766 54.8576 66.6598 73.0557 73.3488 70.5813 55.8907 58.2978 55.1223 53.5449 57.759 59.8368 85.0754 85.0027 74.0841 79.8279 80.7609 69.3226 75.2058 80.8808 94.0934 101.5395 103.2715 102.0499 100.7546 100.4699 87.5188 95.028 91.4815 111.255 115.9568 119.8704 96.4633 111.0133 92.6802 83.1329 75.5311 47.8364 38.2736 31.4098 29.7869 21.6577 26.8812 22.7432 33.8594 28.8443 21.1811 11.2725 14.0187 15.1743 10.7186 9.1087 14.8221 11.7311 10.4778 14.8096 20.0417 27.8099 26.2187 11.2875 15.5839 28.8765
74.3955 65.1392 52.1763 39.0353 44.8932 51.5274 62.6953 57.9328 56.9555 74.9946 56.7247 49.4409 53.6637 59.983 47.1821 54.6151 49.625 55.7772 57.8452 57.3321 86.7626 86.7837 88.9139 71.3481 67.4583 87.4485 94.0878 105.556 114.2042 99.7953 103.4719 98.1097 91.6889 92.2093 79.4438 99.2727 93.6838 90.3916 86.8215 93.52 69.3049 63.9955 42.7505 46.875 31.0315 27.7204 25.8873 33.5222 37.5146 26.4847 20.5416 16.7625 26.0352 15.4022 10.8594 16.028 8.2487 10.7299 16.2457 12.1612 10.2447 9.3376 15.4969 12.7213 17.0415 13.0272 20.9066
62.3733 53.2228 39.2377 36.3458 46.2357 57.0089 57.662 43.935 55.8616 43.9137 55.945 51.1878 57.5555 62.5248 59.9632 53.0769 52.0325 55.908 54.963 61.3331 77.2852 86.8869 84.9848 100.9759 83.1741 74.6686 71.6768 96.0993 110.1756 100.4951 97.3938 85.0895 74.32 82.648 93.0922 87.1254 81.0933 75.4349 97.1095 81.7132 79.108 72.4729 85.1667 73.1653 69.4146 64.6253 62.5973 51.8071 46.6725 28.4506 27.5508 22.7516 12.0198 10.5594 7.639 11.4607 10.0013 10.653 11.3594 10.6136 15.6624 18.0396 11.1987 14.7982 9.9579 13.2546 10.6317
42.9245 26.7305 30.372 40.692 48.8809 42.2122 37.8934 49.9607 61.3621 79.7066 53.0266 51.0843 56.4638 63.2715 57.8489 52.4771 68.3059 60.5369 54.8325 63.4391 67.8425 91.904 78.8646 83.5636 85.8499 84.1683 70.212 69.312 68.4254 85.4711 78.7152 92.2427 98.1491 79.5039 96.1606 77.9155 72.102 72.4175 75.1424 62.908 63.001 73.1409 83.6813 83.7849 76.8985 59.7566 43.3912 23.6147 32.8839 29.4733 34.4354 35.629 16.3999 12.8396 17.6288 13.453 8.0738 10.0725 8.092 15.8394 12.9723 14.0871 12.5084 13.5368 13.4657 8.337 12.1107
29.1617 37.1298 32.65 39.6634 50.6123 60.1545 49.5149 52.3581 57.7068 56.1146 56.7752 66.383 54.8519 52.868 53.4282 55.8914 55.4357 60.8597 59.0157 63.4952 69.5479 82.1064 89.8609 86.5442 80.6296 70.1676 69.918 66.7705 75.6242 118.4721 116.0729 118.7486 111.8772 103.065 93.9001 72.3833 54.6364 62.3135 65.6502 56.8411 51.6 41.3846 41.4583 41.7818 35.191 73.6103 63.4931 57.8883 54.5118 41.1299 48.0249 29.3557 20.3116 22.5039 15.0472 9.5254 11.1612 13.7478 9.5186 12.3757 12.3226 13.9165 29.2738 12.9588 22.9988 27.211 16.8852
34.7374 37.83 44.1314 56.2804 53.7698 65.8477 66.1904 76.68 81.992 81.8435 84.3539 68.2133 56.2431 60.5689 52.0559 48.8099 69.7967 61.5413 59.6439 61.4121 80.0868 72.5774 69.7899 72.6533 80.5432 83.0224 74.0222 70.597 78.6875 97.1228 93.048 110.5539 121.3161 130.845 108.2379 83.535 54.76 60.2071 79.6462 72.8959 70.4488 72.5473 45.2604 25.1881 26.1866 30.8971 34.6651 24.4895 22.1256 37.2039 39.9391 37.439 22.7551 32.8775 13.7417 15.9779 14.834 12.3547 14.1156 9.7466 10.257 13.4146 12.9981 12.8834 12.5849 24.6576 25.1304
46.6731 55.4813 77.1989 70.2717 80.6182 82.7075 58.4606 59.8369 85.8978 78.0171 73.313 68.9808 52.3534 64.4384 72.4352 55.0494 62.1933 61.2141 55.211 78.0137 57.4267 58.2588 73.2905 79.9334 77.355 70.0023 76.4444 80.5496 77.7084 81.8523 92.5361 121.9673 110.4222 112.718 95.137 81.01 63.7464 53.7747 46.1349 47.8356 59.9272 65.867 59.3814 54.2108 37.6439 36.1972 25.9622 20.1458 21.4101 16.5324 14.0593 21.7548 12.2089 9.0365 11.9881 13.3985 9.2409 10.2639 13.6102 18.6529 9.0721 12.2949 23.0876 27.0472 26.9987 30.8947 30.0422
69.5588 67.0399 83.6995 85.868 93.4614 79.631 76.1172 54.8437 57.6559 72.1223 66.4287 58.0694 62.2446 60.9553 61.1577 60.6945 55.8156 54.0651 62.3077 68.9928 69.1828 65.0348 59.306 59.8672 63.9114 71.814 84.6686 90.6361 86.7782 82.5098 95.3237 94.1934 101.3046 122.2667 103.2828 96.4237 88.1602 96.9829 90.7759 92.4212 77.1348 77.8898 43.4869 36.6427 37.7321 28.8929 23.2681 27.6656 22.7216 17.4547 20.3652 23.6684 12.5042 11.7453 10.15 18.0768 10.6973 13.1857 13.868 10.6646 9.8704 11.5233 17.0155 27.1437 31.0923 26.6909 31.3544
53.1038 47.1175 56.8592 56.2105 51.6529 48.7433 43.2115 47.4707 53.6522 42.4998 48.8693 48.1363 50.2621 54.3819 63.5445 59.4482 50.7495 50.3966 64.6907 69.1133 79.878 89.4065 60.6628 75.3997 74.8942 79.4212 99.302 96.6273 88.9849 90.5913 87.9682 87.4821 100.1965 106.8706 95.7163 93.0351 84.0995 76.7792 64.1045 52.9694 63.4771 67.7824 54.7454 47.6939 46.1526 27.4678 26.7039 24.8048 23.4965 20.8798 19.0679 18.3535 15.2793 16.6177 17.2915 17.6246 11.3744 10.5857 11.3076 9.4575 15.8364 22.3476 19.0887 17.5733 18.3525 22.8448 29.673
48.3794 48.3556 47.1151 46.7405 48.8348 52.3364 48.1934 48.3164 51.286 45.8314 52.1878 61.4776 58.5818 52.5803 50.477 51.9939 55.6173 52.4 64.7686 67.8189 59.0625 67.4617 67.1939 78.0464 75.399 75.662 93.6139 100.5382 90.3125 94.5684 89.0165 83.2435 81.0158 85.5776 82.6681 80.8089 66.0648 49.1701 44.4156 47.3783 76.8931 94.1946 88.1197 70.6429 67.0165 45.6198 37.5035 31.7596 26.1713 26.8163 27.7566 19.0442 20.5927 18.2508 18.0884 17.5784 18.9817 16.4235 13.9759 15.4569 17.377 12.6384 15.7825 25.6446 18.4558 18.9837 15.3021
38.3076 45.9455 41.4929 48.911 48.432 53.0906 52.7487 56.2694 53.9792 59.8663 58.7389 69.7896 57.1795 50.7234 67.3257 51.9011 50.7638 57.2551 62.5141 62.0843 60.7349 70.4732 59.9486 68.5307 68.213 77.0104 74.2608 84.2337 74.6072 84.9331 79.4107 72.6875 85.5102 84.5959 99.3972 85.2572 69.0028 61.3148 55.8323 43.0027 42.8881 54.57 74.8723 68.0593 52.6124 35.0017 25.0931 19.4388 22.5991 23.8745 19.1283 22.3682 13.9384 11.4451 15.9014 11.3674 25.7491 16.9163 10.4781 10.982 12.4396 9.5706 9.7184 14.5709 26.4178 23.6946 18.5989
40.053 45.7894 49.6505 57.0603 45.7817 53.976 55.4449 58.7481 59.1017 63.2915 67.8108 70.9492 67.8862 57.5833 55.7269 53.0771 50.4527 57.1495 55.6581 68.9781 60.3238 83.4855 86.6872 80.8984 79.66 81.1224 68.3531 74.6459 86.6397 97.1791 78.8382 95.4518 100.8179 106.1357 98.4057 83.9495 70.4363 65.5817 52.6648 45.1947 42.9825 44.2774 40.2527 31.5978 28.1474 24.9595 22.5269 36.5164 28.7204 24.5987 22.4364 14.3151 15.7915 15.0274 16.1472 15.1481 18.1548 12.3121 16.497 8.9426 9.3587 13.8175 20.0635 9.7339 8.903 10.7601 12.955
41.8684 42.917 45.0149 48.3894 59.9424 54.0931 55.9898 55.5033 55.9515 65.9034 68.2409 68.7249 74.2424 66.6486 53.6227 60.2623 51.0737 57.1607 68.3514 49.7276 58.2743 81.4065 83.9598 82.6807 92.7304 89.7601 93.7105 91.2223 98.7083 83.381 85.2715 81.6264 103.889 116.8071 109.1509 94.8067 87.961 69.4611 54.603 40.5601 33.2405 33.9431 27.5997 30.6172 25.6695 30.3175 46.8418 43.7979 45.2645 34.8511 24.7042 14.54 22.0418 18.5657 11.6101 17.6637 17.6443 16.7595 19.2862 10.3246 8.2944 10.6591 11.225 12.6561 10.4464 11.4119 10.7611
45.2153 46.6614 52.0147 51.8302 52.1929 51.8077 51.0239 55.983 63.9951 68.0615 71.4566 67.7141 75.7707 79.0869 66.8385 69.9566 46.1506 52.1031 49.1727 48.7084 51.8057 61.896 63.441 72.8535 83.0865 80.0284 91.993 95.6954 85.5602 104.1041 112.6957 92.0281 95.364 101.8502 101.3569 96.9245 109.5153 90.9554 78.4907 49.0591 39.3045 29.3054 28.3644 26.5281 24.0288 21.0925 37.2794 45.1194 43.4028 18.9544 20.196 14.0363 15.5992 13.8816 18.3618 13.7359 11.3883 11.4616 10.4709 11.0068 13.6684 10.4482 15.6749 11.1376 8.3534 10.2465 13.764
33.1643 40.4817 44.367 50.1806 44.2579 46.466 43.7341 51.1723 55.2364 59.0117 68.361 65.0306 66.4829 62.3093 61.679 48.0193 61.9746 62.1255 56.0422 46.1255 61.3933 43.4983 56.1819 63.3926 69.4393 60.6188 72.4023 88.0261 86.1587 78.2621 97.9982 84.2265 95.6522 99.3397 110.8316 99.8556 76.5323 69.992 59.1248 42.5073 31.9829 30.8994 22.9836 26.2289 29.6459 46.7531 26.1656 29.1842 45.2666 24.3074 20.3306 16.4361 17.821 14.6054 16.8981 14.3456 27.2206 13.9202 11.4167 13.6085 15.1798 15.7481 20.0224 14.4299 18.8448 13.8029 11.3685
48.484 46.0127 51.9366 46.583 47.7648 53.1454 50.9453 54.7103 53.8039 58.9791 61.1566 63.7538 55.5601 52.6632 64.9152 72.2095 52.5683 50.223 54.2966 53.5399 61.3053 57.0088 53.3806 53.2608 65.6457 68.4435 69.0729 77.4794 68.7098 83.3509 94.6498 76.6519 94.8343 75.6287 63.936 78.3663 66.1021 67.4929 42.0326 34.3014 31.5744 33.0505 31.6234 22.3992 21.1111 21 20.4587 22.9978 20.2044 18.6868 17.2949 18.3506 16.5286 21.977 15.2113 15.7642 11.7497 14.6848 17.2842 19.3171 15.7971 14.8652 13.2269 16.5426 16.9127 11.5533 13.2253
50.436 47.7948 50.3786 48.202 50.5345 58.7605 54.1046 52.3383 53.1323 55.9994 56.0241 59.7018 49.8484 55.1359 66.0717 53.4823 45.8869 58.2347 53.123 59.9379 56.0849 54.0118 57.9823 54.7788 59.5882 61.6147 65.7665 75.4485 85.4465 76.7376 80.114 93.5545 90.758 95.6182 54.331 38.7662 41.2796 32.9891 42.507 53.9383 40.6389 32.4974 24.4518 24.123 22.5418 26.6848 18.5109 15.8837 15.7271 19.2722 24.2736 20.0629 13.6686 12.7782 14.4899 24.1057 14.332 14.6913 15.3489 14.9463 20.354 21.3984 10.4389 12.8327 13.2537 14.8213 12.998
55.6699 52.6698 52.5503 50.2492 55.8862 54.3416 43.0398 54.8164 53.4355 58.9768 55.6237 53.2983 48.777 67.9975 61.6145 51.8888 56.5069 61.7229 54.9608 58.0876 60.52 49.4467 58.8891 53.6915 62.7563 60.4569 80.9952 84.7542 84.7774 75.7075 89.5679 96.3576 88.0247 95.2928 63.1287 52.2786 37.2763 24.1141 23.4323 34.3966 56.5887 50.2328 37.8509 36.3229 36.374 26.8539 18.0882 16.9164 18.7235 18.1124 18.5667 19.0812 13.6069 12.1794 14.9835 16.6566 10.6667 13.0192 9.4842 21.3149 10.0095 12.0578 8.7951 15.7859 11.2528 22.0483 26.0443
57.8849 51.7736 48.418 46.7469 50.6266 51.1561 53.7062 56.3601 55.7874 54.7324 52.9177 49.5557 56.7854 51.0239 64.9131 72.4038 65.8718 61.1486 62.5381 55.7023 58.4371 52.1075 56.0675 69.475 60.5649 62.6764 76.8924 86.896 95.3107 93.1586 82.717 85.4808 100.2679 106.5422 77.483 49.8627 40.5653 33.676 25.0753 19.2219 17.9663 23.5093 32.6534 29.5516 28.0871 18.6707 21.0592 23.0453 24.5783 17.3973 13.7089 13.3232 13.8817 18.5502 18.5829 21.6367 23.2807 14.2433 12.8165 15.528 17.4895 12.5368 13.4679 16.8365 21.0692 31.9526 24.8271
55.5244 56.0205 49.9426 43.9218 45.2548 50.1121 53.203 51.6585 55.6506 51.4009 48.7734 46.3586 43.8336 48.8848 58.0545 73.2066 70.7544 61.1654 45.1094 56.4125 52.2862 56.0888 57.0535 73.3022 80.4636 109.5276 108.3803 76.7477 83.5803 72.858 70.3995 87.661 96.5025 88.7411 66.3152 67.9343 52.2198 32.3907 21.0543 23.0245 20.646 19.7869 24.8505 24.6518 19.3112 17.9731 19.0837 16.6056 11.6171 17.6338 13.3003 17.6651 12.0678 17.1412 10.8785 14.5832 12.7793 13.5934 11.57 11.6216 16.236 35.5709 23.5385 24.2177 22.9991 22.5802 21.3953
45.8166 46.3846 49.513 51.6505 47.2034 45.9362 47.765 54.1578 53.8847 41.6928 50.0982 57.309 47.7672 56.0775 57.5892 56.3112 61.3304 60.8069 54.8565 57.5413 53.2418 55.5506 75.4157 95.4081 69.1432 56.5089 52.9588 56.5516 94.7009 98.3218 92.7633 62.0524 51.1387 53.4885 56.5181 52.9608 45.7921 33.5427 22.2653 19.8924 22.3733 23.8434 31.9661 20.5262 13.429 15.2495 13.9144 14.1277 11.628 18.3199 21.9974 18.4136 14.2432 16.0164 18.2507 13.5638 7.7864 15.4599 6.666 14.0613 10.0689 16.0023 23.9498 28.0386 21.0343 27.9347 20.2403
48.0195 54.0165 44.8477 48.3372 52.5507 50.8214 58.8188 44.3796 55.4133 50.2428 58.5548 53.3462 52.1757 59.8187 57.7619 64.9737 75.2747 76.9192 59.7254 55.4204 57.4878 51.5551 77.3742 84.9036 79.8476 50.9572 75.0497 55.1845 57.005 52.2709 47.3716 65.4607 44.7958 39.0956 28.3456 28.2627 28.2689 35.8675 38.3349 24.873 22.439 18.995 19.4441 18.3688 13.11 30.6968 26.3735 24.6737 15.8549 13.5022 14.3219 29.0471 31.9434 33.7602 22.7434 24.5393 22.4776 14.5986 21.8303 13.3521 13.8745 8.1595 9.4615 10.3695 9.0784 9.2178 10.0196
53.2237 53.0109 52.1181 55.2247 48.6451 48.6681 49.8592 43.2418 49.673 53.1249 47.8329 52.8618 53.7945 61.1166 70.5409 84.8064 82.1316 87.8496 82.0883 75.9698 62.0395 59.3402 69.631 71.0583 65.6563 54.9086 48.0117 47.1823 40.1208 34.7157 33.9548 35.1725 33.8267 32.0517 35.9393 34.7999 39.938 38.713 40.4606 22.6218 17.2658 19.8618 16.8204 33.3234 18.3148 15.8747 26.6553 27.9504 14.5882 14.6685 16.9623 20.8618 23.4226 28.4569 19.3189 20.3231 24.7735 19.8348 16.1548 25.8275 18.2388 10.4937 9.0488 13.0807 19.3786 24.752 25.6448
80.9189 69.4023 65.9072 59.263 51.6386 48.1017 62.4662 43.9577 49.8565 48.3205 49.3419 54.4596 55.3156 60.2397 70.8594 92.0698 70.3565 69.6223 69.7357 59.7135 63.64 68.2523 67.5057 59.4112 75.9211 71.0909 63.2275 41.2268 39.4237 43.0342 32.478 37.8056 38.0666 35.6975 36.238 52.505 52.648 51.4198 41.954 29.022 21.3337 23.3241 20.4966 27.4284 38.2866 34.8565 28.3221 24.3879 16.2334 21.3906 15.327 13.5578 12.4786 14.6899 20.5601 21.8053 30.5939 26.0838 29.4876 21.2512 19.4428 11.0391 12.2574 13.544 27.5178 27.5915 31.0068
113.6638 116.1486 103.1371 87.4752 62.0908 50.8129 61.3543 52.3657 55.0732 60.3757 56.0361 55.5547 54.4188 52.9027 57.8674 61.3882 61.7831 70.5953 62.2737 64.2041 62.4389 66.1615 62.0296 80.5084 107.3107 102.1865 73.7538 50.8841 44.2775 44.2413 35.8359 33.1399 41.1317 54.4671 54.3467 52.7904 44.7579 37.3114 27.7027 18.4102 17.2777 19.2417 29.0436 56.6022 63.6274 55.729 62.0299 33.7811 27.6574 34.3379 20.8978 20.9833 12.2937 8.0705 8.0054 10.8181 11.4925 10.7069 9.1015 7.9987 9.0342 31.4494 13.0162 11.6943 14.6664 15.4731 13.6263
108.4014 107.3383 114.3085 115.0779 101.569 63.1 52.743 61.2217 70.2476 66.9468 61.0904 56.7351 50.0319 47.1515 63.2209 60.443 53.7797 55.8041 62.3109 70.3219 85.5697 78.9906 79.4938 70.6411 66.7896 55.4436 52.7624 42.8196 28.7002 27.9616 40.4117 38.5487 45.5482 58.0541 59.4226 59.2233 49.2314 25.1079 25.3894 21.4724 24.9115 18.3066 22.6458 31.5945 40.2392 37.8482 37.0067 32.5668 47.354 42.1044 43.7163 32.79 29.6878 32.2563 15.4074 18.7782 16.5246 12.8649 9.3842 11.3534 9.4665 11.5776 17.6346 14.3375 15.9981 17.9005 17.651
116.0504 115.6881 118.8061 120.2888 97.3169 75.5046 50.2762 52.6194 54.513 63.7479 64.6456 59.6064 61.7755 58.7579 70.1287 61.0756 60.6437 60.1941 60.781 74.7466 87.5628 87.4649 93.8137 82.2844 73.1328 58.1882 55.5103 41.4519 30.8517 29.5713 26.0524 41.1208 37.5321 31.7681 37.342 30.3856 31.143 25.4395 18.7325 25.0808 31.2053 21.1625 20.1026 19.3072 18.5192 16.8203 37.7357 53.8461 38.865 45.5392 40.8589 38.8234 31.8113 31.3932 33.3432 16.2431 18.0658 23.0685 20.6676 26.4347 19.4284 16.1083 12.2958 15.5289 15.5448 12.8463 15.9279
108.21 119.3483 118.2184 113.8449 118.993 88.9166 79.7954 60.9797 51.6062 60.827 59.8485 62.8163 65.2495 58.1367 66.2123 90.9315 87.9133 72.3889 69.3516 69.8708 74.4421 98.6842 96.512 87.7302 95.8204 97.5461 62.9677 61.4337 45.271 38.1098 30.3724 30.2264 26.1606 26.1113 28.9037 24.1692 23.1815 33.8068 33.317 36.1254 33.5284 24.7701 27.8179 25.8329 25.3183 24.449 33.458 49.0247 45.4249 47.3524 37.7127 33.6589 29.5049 26.8487 21.4454 15.2933 14.8904 15.6974 18.5725 16.2125 25.5769 18.1685 16.1804 16.5738 12.9985 14.3672 22.5242
