MapLib/Lvl1_5x5/BG/Ele_BG_CF.asc
ncols         557
nrows         557
xllcorner     2784500
yllcorner     5008669.448
cellsize      1000
nodata_value  -9999.0
[rows 252 to 279 of 557, columns 189 to 251 of 557]
173.0009 130.876 119.0882 120.5102 79.7116 81.186 134.6194 174.7841 181.3476 167.7393 173.0841 156.699 136.8511 101.5365 104.5332 114.1148 90.8797 133.5618 131.3299 178.9722 195.9945 195.9258 223.1469 189.8273 160.9189 126.0435 179.3431 227.9063 201.7246 226.3399 208.0735 182.5162 174.257 131.942 71.5945 66.676 65.7398 97.6164 148.2442 138.4258 190.4436 196.9575 151.2628 117.2573 151.2392 141.6321 153.617 159.119 124.1746 129.0609 145.3215 91.878 114.1589 105.1049 149.0898 142.9997 120.208 116.2014 86.2248 54.197 55.7475 58.5707 66.2663
126.7801 158.7294 160.8694 133.7845 87.6171 80.8236 98.1567 154.9135 178.8841 160.7284 161.9674 157.8385 151.9224 129.8775 111.7282 94.6634 85.9325 137.9227 155.2715 155.5764 144.3865 158.5379 178.41 157.947 182.79 136.7932 133.7007 169.6273 137.8592 213.6208 229.9086 192.5614 154.5353 127.7059 100.5117 62.5909 64.5664 61.3708 83.6669 119.5329 161.9827 159.7835 160.6247 173.2189 130.1223 105.6428 110.03 118.8961 128.789 89.6476 111.4342 104.5485 84.2675 91.6028 124.0612 137.5632 139.1396 125.5153 118.5045 91.5243 58.8255 61.2224 65.3722
147.5382 114.2484 114.8132 131.5222 154.7716 102.6498 79.6468 112.2433 146.2921 172.7394 129.7072 118.7236 151.2412 143.3432 130.7181 156.4426 115.8331 88.029 124.1698 99.7998 130.0121 160.5198 171.9003 166.2952 140.9923 143.1116 158.9532 116.3973 120.7983 163.9719 212.446 210.707 210.9892 204.6323 156.6645 94.8594 82.0824 68.7942 64.5952 77.9898 127.1764 140.2404 169.633 171.3685 166.4332 153.6295 115.1997 92.5827 100.7308 85.9579 88.0961 95.0526 72.4897 94.2815 119.4978 119.5646 156.7686 133.5871 115.6207 101.4914 74.3158 54.4414 54.0248
109.3534 101.3569 94.6654 103.8348 105.9168 124.2682 109.3624 83.8061 93.4641 135.7301 148.8985 116.4998 158.3581 182.1237 157.6769 155.6165 168.4262 123.2914 83.9978 106.0579 141.9979 169.0187 139.4015 147.0768 194.119 248.8099 225.7947 161.6748 132.4756 100.063 135.9327 191.4934 141.6329 185.4053 149.0853 133.2539 137.7227 72.3625 62.6469 68.5097 100.538 114.9519 159.3625 173.3513 149.7849 129.0226 127.996 114.2242 165.1875 179.5373 163.3781 127.698 117.5492 86.2964 80.8595 85.9269 136.2037 129.86 127.3656 122.0044 109.3736 78.9455 61.8924
137.5121 171.3265 135.9496 152.39 141.8082 88.534 104.9992 94.0652 73.9629 72.0866 136.461 105.3095 132.4003 167.13 120.3497 115.0743 152.7786 134.8015 110.6135 79.9908 108.8977 164.5816 176.9115 117.1601 156.6773 228.3892 245.8647 206.4092 178.5821 133.1633 100.2705 145.9114 143.0932 134.3161 210.6963 206.6392 167.9608 106.4406 59.4427 67.2377 74.7882 94.2811 139.1334 171.8158 156.915 154.0571 186.2764 151.7218 160.9079 174.1556 160.7217 153.3925 139.7405 134.4458 129.4423 81.2107 67.4202 78.2928 129.4872 128.099 105.512 76.7298 51.0913
191.8953 175.943 127.7071 105.4665 102.2443 93.6824 98.7126 85.8896 84.5707 72.166 70.442 76.4769 79.3226 128.6227 128.5386 95.3872 161.0327 158.2279 131.1068 120.8446 83.879 126.1398 153.6245 120.4829 169.3776 192.0778 197.1612 199.9168 177.4328 135.0499 116.7727 103.1841 111.8239 116.8376 179.872 207.1341 175.2883 157.5522 82.7985 61.8387 62.1413 101.5898 156.0741 180.6142 154.2368 162.1962 188.6298 178.1423 177.2017 197.612 158.0165 133.4674 117.7955 146.7875 135.5367 109.0498 161.8855 125.4344 72.9521 100.4454 126.6628 122.0423 77.3221
150.0518 149.6133 126.4312 126.3987 151.259 152.9613 169.4427 157.9288 156.2845 122.3453 96.6664 87.5793 74.756 71.6359 77.8108 76.7593 100.0614 112.1176 144.697 151.0539 135.416 79.7755 125.1459 115.5938 143.3845 122.5152 168.7137 197.54 220.3501 212.4187 222.2286 183.9581 151.366 112.0202 106.5914 172.4253 193.5891 139.0996 99.2029 71.7062 51.6679 66.0911 105.0596 161.5913 163.5412 135.9963 155.0109 161.4651 147.0157 164.2067 170.1151 144.9301 113.4354 116.2326 166.8035 133.8865 146.9433 158.563 130.8075 73.7392 74.6513 74.3876 73.2492
153.2715 143.0247 150.4789 170.0149 189.2696 167.4495 162.3131 159.591 129.8959 107.5301 107.6869 150.3337 147.2826 97.5399 86.705 74.6134 73 76.8734 114.2251 127.0531 145.7747 132.4187 85.4096 87.3513 127.9329 131.1088 155.353 140.8621 153.8179 189.1877 198.4476 211.2111 193.4617 142.5829 87.2073 111.5146 182.3629 199.6697 160.8758 109.7242 57.5133 56.2363 58.5296 83.8207 147.3991 122.4994 141.4005 166.4283 157.7928 136.2297 132.4644 160.6412 152.1449 93.0877 93.0591 99.1038 94.8306 98.278 102.4905 104.1824 65.3287 60.9979 107.2299
134.2082 159.469 146.6308 150.548 175.5025 158.0088 137.2134 117.9251 112.302 156.6531 152.7789 148.5373 142.6232 101.5098 149.3735 131.1249 81.954 76.6011 73.6229 74.7116 93.3159 116.5274 92.637 91.9075 126.0842 156.5028 168.4162 132.9688 128.5832 138.737 207.4957 183.5095 194.7817 137.4781 96.2341 86.5789 153.7859 179.2355 144.1379 114.3756 101.063 64.703 53.4396 53.0801 101.0995 130.2164 123.3329 149.3493 145.4631 121.9448 103.1553 137.3568 134.9434 163.1739 166.2158 153.2125 134.1739 157.7638 131.9941 91.2876 67.7188 92.9849 134.621
155.1733 138.1758 147.6023 122.4302 139.3228 189.1595 199.8584 167.0795 157.0547 158.8703 185.099 166.5603 155.3385 147.9832 154.5271 140.2796 98.238 151.31 156.6325 96.5122 79.0476 76.7245 88.6637 94.6115 89.8261 127.1873 164.2809 166.276 115.7038 109.0693 166.8449 189.3261 170.6657 181.8375 161.1757 104.8249 115.2239 162.5052 196.6342 179.0901 177.201 131.2015 75.2708 56.9845 61.3899 106.23 120.6395 159.8485 169.5011 161.7673 127.4291 93.9471 150.2 182.5346 173.6455 128.4351 120.9999 117.3713 125.4698 111.2423 68.5466 100.5912 106.14
131.1578 139.5998 125.635 112.4051 129.7208 153.8504 172.4812 174.771 189.1071 193.6781 176.546 151.5214 175.3509 171.8527 166.1248 161.8583 129.0279 162.9897 170.7725 161.3033 130.2223 126.2812 100.3191 74.6048 71.6707 76.954 117.1036 140.8771 145.5574 95.6748 131.9874 162.7837 114.7625 147.6259 154.4448 155.4072 93.2893 117.618 158.2791 169.4009 191.89 200.6193 135.4555 70.9901 51.5677 72.8292 86.8671 148.5407 151.4034 161.0434 134.006 97.1164 145.9048 146.2297 132.1533 149.5637 111.582 133.6487 143.5319 104.0012 105.5144 101.9455 114.8774
144.3682 159.5297 150.4861 125.9452 114.9688 107.3227 137.0471 159.5945 142.6101 162.5907 166.4718 109.6385 176.9414 185.232 155.0714 154.3433 156.3393 149.862 176.5659 169.9821 180.4815 143.501 136.3847 114.0002 107.1589 66.9334 71.9209 78.2333 91.452 95.8301 99.9423 133.2879 143.2712 115.9974 159.0559 125.7773 132.4335 84.413 110.8574 153.9976 132.1239 185.5209 169.0197 106.5132 60.8351 54.7805 60.4045 147.5903 131.0696 143.1262 137.1949 132.6986 99.8665 114.2507 140.5357 156.3749 169.9407 225.4415 187.8346 127.2659 158.7015 164.3226 109.3641
133.858 154.3674 190.3394 160.7765 136.3498 116.3529 115.202 112.9555 116.8531 109.6122 109.7287 116.1422 106.1325 118.5217 109.5143 113.9817 112.0547 169.7045 177.0132 182.7502 165.1684 125.9439 143.2154 111.4415 90.2866 83.4682 84.7009 93.6544 72.403 73.677 69.792 68.327 76.5015 68.7675 80.0525 90.0152 110.6488 104.4846 73.897 103.3731 103.4706 128.3445 140.0644 135.7378 70.6483 56.4667 55.0928 89.8909 129.815 113.9641 127.1888 165.2113 125.6813 89.6171 172.1092 129.6708 125.8611 220.2409 194.5957 169.3133 165.6641 185.1555 201.2723
152.1521 126.379 124.8497 122.7591 118.1758 147.4456 152.2603 151.3013 125.0347 164.4259 140.7348 172.8276 134.976 126.028 113.0406 99.283 108.1936 126.5286 192.7573 160.8807 179.6709 187.6029 143.4816 112.049 112.9728 162.1715 137.5276 126.3137 92.6451 157.6309 164.3667 120.8142 76.2114 85.1647 74.091 59.4721 59.5614 70.5593 93.101 74.5736 73.3826 80.3631 80.4227 78.5248 74.5532 53.5881 56.6082 52.0942 54.915 88.6571 107.6484 114.5911 132.3138 102.1215 146.2123 128.218 106.2534 148.4086 140.7292 170.5517 165.6115 161.7891 163.6117
141.839 136.0389 138.223 125.3887 123.5148 124.7025 147.7303 190.0761 142.2819 203.3355 257.946 190.466 140.6979 168.0665 196.9958 138.9042 104.1978 104.596 141.3599 171.0617 147.7047 161.8711 203.1937 165.8552 133.9277 120.9885 139.4338 114.9095 122.1896 112.5164 179.6994 142.1601 119.0451 140.5471 185.3846 132.0728 73.4254 57.2797 61.3437 55.4783 59.1658 55.8085 57.7819 65.7922 59.5153 61.8081 61.1214 54.2122 52.3824 57.3907 75.7434 82.9456 108.0677 98.3388 123.0313 123.3373 91.063 130.1939 116.777 177.7865 141.0853 145.9586 169.1444
210.6804 199.6224 158.0408 129.3313 137.2959 178.4549 139.2816 162.3052 175.8034 193.3541 287.9968 242.567 260.984 226.6076 206.2271 166.1956 127.6505 95.6567 104.2207 140.0555 149.0165 125.032 170.2714 211.6798 175.4644 149.244 153.3087 146.5458 128.5951 175.8802 161.0061 194.5237 178.1315 142.7368 171.1924 195.5692 139.7689 92.5073 114.3745 98.2503 128.9028 121.253 111.4482 162.5835 155.3239 142.6304 126.9425 114.5549 87.3431 62.8652 53.6103 53.0663 74.7125 82.9483 73.9459 125.3269 94.0287 107.8103 120.6342 187.2031 147.6844 125.7933 164.8646
204.0171 159.7867 145.0742 136.4771 136.7634 178.6506 201.2852 161.8557 213.616 286.8685 359.6495 297.0224 232.2661 192.7382 175.4761 218.2919 193.1064 149.0193 102.9578 90.2917 105.2972 153.7208 132.4761 174.1355 144.5003 146.0602 180.6942 206.9677 175.9665 113.9574 195.3446 205.1727 215.1431 194.4884 178.4321 187.2363 190.3284 174.193 172.461 167.9645 165.2624 177.5269 171.5422 179.8673 159.2712 152.465 166.1005 152.7451 146.3507 122.8002 84.0425 67.3654 61.7462 74.0238 92.0933 74.9618 99.6244 77.817 95.5655 183.1215 160.8065 112.4313 160.5996
241.3505 217.7566 194.6722 160.5289 157.4707 164.9259 186.6862 184.9145 167.7806 205.9743 320.256 330.5212 305.6624 263.7032 216.9256 171.2317 144.8992 172.965 157.7864 127.8324 97.468 91.5576 113.7437 125.9642 147.5789 105.2594 140.5912 195.737 193.5455 164.4993 160.0599 186.561 172.9147 184.996 200.1834 179.2602 161.0311 164.9022 177.7559 182.3241 170.0776 170.7297 161.664 168.8253 167.9383 137.9599 122.5202 132.4003 158.0222 147.9851 94.4362 51.7573 58.8566 60.9553 56.7372 52.1028 57.5362 55.0108 105.3611 162.8696 173.8347 126.7997 109.8276
329.6482 279.9987 226.9837 194.0871 184.5963 175.3315 228.207 196.0496 229.9636 222.0191 262.1895 323.4486 275.2741 243.8747 188.6595 168.8197 146.4081 124.6957 114.6973 120.3549 117.9963 95.4817 95.2424 94.6168 116.8238 89.0475 120.1596 161.0828 188.8631 190.1418 191.8226 184.5275 178.5805 150.4927 151.5316 175.0118 146.866 141.3328 157.433 170.5318 154.5283 149.1763 159.7532 127.7505 159.2861 146.4889 139.3646 95.18 131.6427 141.1702 147.3772 113.0013 62.5615 56.9114 56.7822 55.1657 57.9623 59.5281 56.512 88.0624 146.7354 140.2082 130.3867
350.6394 319.5535 279.6515 254.4104 249.9309 194.9757 273.1252 251.3073 262.445 299.4818 331.0687 332.4108 257.8788 239.5295 211.144 173.7598 145.2261 160.8125 162.5886 123.8532 106.8867 90.1781 115.444 91.2789 85.2317 90.8367 86.5366 115.0538 167.4924 167.8123 178.0842 181.6845 183.9172 178.0444 150.4514 129.71 125.619 118.0764 154.9011 153.4228 150.6489 131.4512 150.5014 113.4451 148.7887 126.5863 165.4899 121.1463 110.8615 129.9199 131.158 131.2849 112.9329 92.1547 66.0866 61.158 55.3279 58.2444 51.9836 58.166 71.8486 90.3209 132.2727
373.6671 343.9491 334.8433 318.9458 301.6687 280.5604 298.4189 351.1743 385.1987 396.5199 410.2339 380.611 329.578 342.1505 312.3727 260.7894 194.649 153.9462 136.6884 137.4932 125.3704 97.9612 115.5498 145.8382 128.7219 94.6831 83.4917 76.3914 85.2358 153.6978 160.5315 151.5323 157.6053 167.7743 177.7606 153.0867 125.7398 120.3834 118.5531 128.552 161.6451 164.8854 119.4101 106.0875 104.0207 119.7736 121.9156 116.2806 88.1524 125.6759 106.3267 142.415 139.6977 132.1071 89.9046 88.4117 101.2965 75.3138 54.7482 52.6677 47.1866 51.7951 72.686
458.2884 428.3864 410.7864 365.252 353.8557 351.1245 323.6227 298.7688 369.2068 470.7155 504.6405 475.3088 420.8243 391.79 333.7599 271.2801 216.6434 181.1968 157.6764 141.4978 124.3367 111.5777 92.3993 127.072 148.934 159.1011 118.8052 92.62 77.8276 114.2873 177.9484 171.6806 119.9918 152.3548 162.2607 184.0828 171.8237 159.1472 124.8298 100.3279 124.7869 166.7016 163.761 164.7903 171.7664 151.5953 108.9237 91.1886 82.7835 95.5079 95.5066 136.8125 109.9405 143.6071 134.9742 164.2047 129.7352 137.908 75.5819 45.7911 54.3902 54.1473 46.0477
425.0116 405.1752 360.5916 369.5149 352.2504 320.6498 288.0027 272.9571 313.7747 376.614 410.9767 504.799 446.5512 378.658 347.4309 311.8456 240.1184 177.4849 145.7774 140.0541 132.135 127.3001 103.2566 103.9757 128.7241 148.1716 157.3661 153.32 101.3188 73.7308 105.9937 169.4073 159.0171 124.2423 125.9018 172.1622 160.3347 161.7627 150.175 110.4388 110.542 155.9336 115.2163 113.4886 130.7668 168.3472 178.9887 155.6159 134.8662 97.3546 78.6546 126.4635 110.8755 134.1814 98.6072 166.4193 183.3601 158.5039 138.243 92.9127 58.6319 49.7495 49.9696
411.4868 381.7064 331.8196 302.3178 308.4218 323.1526 290.0363 282.588 294.0956 318.9919 397.9231 500.2901 494.7003 399.4037 332.3673 288.1291 247.9243 189.1622 153.2598 139.1958 131.2095 105.1975 109.5198 116.3953 134.7126 130.0534 128.1972 167.806 142.3003 94.8316 56.4068 113.4834 188.2799 164.7023 110.4833 148.5744 146.5725 104.9671 166.5351 147.321 105.2864 116.9258 114.3477 95.3224 105.5935 151.2712 160.4028 153.7088 148.9392 116.6778 83.2811 109.4293 114.0343 109.1919 142.5971 156.7835 177.3008 159.6226 117.0138 139.9134 103.2347 48.805 42.4696
472.7787 439.9331 405.8553 334.677 304.0285 292.0046 284.6511 281.7835 257.3575 309.6208 389.936 479.9327 520.1125 409.5644 356.9412 295.5811 238.6854 200.1104 171.8526 148.3825 145.0193 124.6572 120.5334 126.7377 123.6903 133.5185 111.5084 103.7061 108.4694 120.3399 79.3519 81.0601 114.1513 177.1907 166.6273 116.7096 130.7443 118.1888 114.6117 157.0966 148.7887 100.5688 92.9091 88.4931 138.9055 129.2389 147.7912 130.6127 119.4444 125.6873 98.8449 71.6092 104.6811 98.1879 127.5221 132.0267 124.8892 137.3551 106.6434 124.1163 128.1738 66.6147 45.3121
485.9536 443.509 379.0473 383.3539 379.0492 360.8829 331.588 300.6557 248.89 240.2136 328.5678 399.8308 488.9209 526.6862 456.3919 375.0048 308.3279 282.1294 217.7498 153.7724 153.9255 135.9815 103.0891 93.4384 114.2833 120.8251 118.3937 88.3767 115.6686 79.835 94.1392 74.8374 69.1551 96.8355 116.7154 117.6395 100.3559 97.7427 85.1539 106.4258 118.3339 126.8497 86.6471 71.6349 131.4688 123.9564 133.3746 142.1525 114.87 106.0853 128.2446 74.0104 105.2474 92.7359 134.4473 96.165 111.6292 148.0256 111.8475 98.0972 137.4462 111.7147 68.4256
480.6254 440.6056 361.8965 313.0591 327.7787 336.3801 322.1883 294.9617 318.2699 238.0579 275.5671 326.5472 418.9237 483.3776 507.5709 434.251 346.6577 294.0811 241.4598 180.4204 150.016 137.4028 158.9356 116.0654 100.5863 97.662 92.7667 80.9513 133.6259 148.6501 141.7288 102.5562 109.9713 77.5188 64.0964 65.9646 69.723 75.9839 65.8596 69.6153 72.3234 76.8191 65.4455 99.8167 76.6401 116.03 99.8219 126.0576 103.3768 80.2969 151.1588 114.6001 73.8265 78.7538 122.9224 79.6162 121.667 122.9872 127.2172 78.8294 107.6355 126.3349 103.0947
491.4837 438.4928 383.1304 321.415 292.0995 273.1983 277.3293 253.7155 266.201 231.6391 237.1628 265.9473 344.9945 449.5601 474.2845 394.2382 324.7962 242.2658 203.9733 178.3621 137.91 134.3179 130.5181 124.942 131.307 99.6255 101.4876 120.4623 110.9715 158.0828 147.5609 117.5139 126.8965 138.6534 90.8334 118.6287 120.4676 110.3916 91.9517 47.7938 62.5011 62.9923 58.0496 59.0197 60.3809 58.6622 68.7897 67.0342 62.7232 58.5669 89.9163 134.411 108.761 72.3375 100.9281 86.4943 131.2137 145.7029 108.2417 88.7084 88.4773 124.6661 121.5292
