MapLib/Lvl1_5x5/BG/Ele_BG_DC.asc
ncols         557
nrows         557
xllcorner     1113500
yllcorner     4451669.448
cellsize      1000
nodata_value  -9999.0
[rows 336 to 363 of 557, columns 434 to 495 of 557]
1292.5751 1372.745 1224.766 1280.1288 1120.8312 770.9395 633.2127 704.7391 968.9034 1356.1968 1526.823 1257.4 1194.5172 1316.4371 1360.6654 1314.7262 1170.2783 1068.5629 1094.213 1212.8937 1570.4707 1928.1613 1612.8719 1160.3567 914.8099 860.0342 941.2169 989.9918 970.4922 980.8315 1016.2313 1100.9037 1136.7896 1023.6346 921.7012 960.0941 1061.0664 1171.9484 1166.7671 1124.4229 988.0486 883.6382 822.6078 863.8996 849.4807 821.67 821.6353 795.8211 786.6695 512.7567 401.4193 269.8426 315.8867 482.1722 498.5293 632.185 738.3969 697.8279 580.3424 487.0271 451.8925 432.9596
1520.1772 1452.0601 1430.954 1387.0768 1054.2656 810.5823 953.3717 744.3821 870.5751 1184.1777 1564.7218 1533.8136 1459.5985 1314.5479 1519.6793 1471.4917 1339.549 1261.2274 1294.7246 1233.9974 1614.6206 1941.6111 1741.9248 1274.5756 907.6574 1030.243 1042.8938 1074.3221 1122.7317 1093.9525 1106.951 1236.8329 1183.0804 1058.0963 1025.7515 992.0484 1005.6473 1059.0134 1083.0679 1184.9342 1063.2687 944.654 872.931 880.6857 906.2402 817.8263 712.918 657.7699 633.4144 515.4722 328.8824 282.7531 404.2712 534.6356 618.1757 664.4296 843.9244 770.8068 612.0239 506.2032 460.8575 454.7143
1670.4132 1436.2789 1220.8544 1080.9675 1042.9669 1007.5303 956.8105 911.7307 1011.2214 1175.3292 1552.6036 1764.8745 1489.2548 1346.5641 1426.0745 1610.7928 1728.3376 1597.0443 1498.8739 1369.1722 1507.288 1792.4424 1711.3492 1490.2739 1117.1436 1077.756 1162.6587 1165.613 1207.6096 1262.656 1220.3433 1339.9231 1253.026 1147.9241 1137.6193 1098.603 1073.7279 999.5496 995.3641 1024.2723 1035.835 1002.9875 889.1257 871.9756 906.7655 814.4975 717.9373 586.6409 466.2305 536.7442 285.2452 342.5951 527.7896 646.2509 793.2161 799.1457 893.0679 737.0582 688.4843 645.7494 532.8397 469.1601
1830.6647 1665.2725 1582.5818 1459.6462 1157.1736 1240.3274 1205.7137 1106.8671 1067.2163 1221.1989 1496.7794 1827.4299 1541.6912 1347.2164 1301.3521 1439.3792 1660.0413 1882.8193 1790.7526 1559.3889 1435.0277 1683.4751 1535.4292 1395.4001 1180.1233 1045.75 1189.6858 1268.047 1336.3574 1332.3409 1383.0863 1408.1216 1256.5066 1225.9493 1364.9249 1285.6693 1194.3275 1074.4683 948.7947 907.7103 887.1315 978.9915 889.1589 799.6423 860.1062 713.776 630.0278 521.9518 375.725 345.4319 346.727 444.8932 609.3702 786.432 996.4645 1035.2203 974.7248 768.8493 847.5573 664.3105 491.7744 568.7725
2001.9824 1878.9103 1587.3827 1449.2946 1351.6794 1331.7271 1336.788 1215.1754 1055.0597 1288.998 1568.5807 1907.0747 1690.1628 1402.2476 1315.3645 1313.0905 1514.9854 1724.2836 1888.9647 1710.0197 1434.6475 1336.7545 1414.5426 1290.8671 1149.9441 1094.7224 1163.9507 1253.4922 1368.943 1417.4148 1458.2367 1438.4886 1290.6084 1320.4989 1436.9844 1439.262 1237.3798 1098.4203 994.5692 999.407 944.7083 755.4815 783.2824 647.7969 561.1356 563.3464 498.906 437.8187 405.5901 443.907 534.6043 557.6735 658.6566 859.551 1103.3433 1221.8694 1080.6757 892.2836 800.2368 605.4296 592.5397 739.1183
1759.4314 1823.777 1777.4908 1681.3622 1667.3795 1528.4421 1367.4711 1294.4365 1201.2561 1374.0891 1725.1594 1991.4196 1931.0457 1547.0884 1331.5698 1275.989 1344.5504 1535.9656 1759.0138 1726.5106 1454.4421 1246.288 1363.6194 1194.3628 1198.2756 1164.6095 1225.451 1274.5385 1340.0127 1408.0443 1467.7205 1388.4283 1315.8809 1391.42 1441.1061 1359.2542 1259.8654 1144.6718 1046.3772 949.8553 884.0897 785.1865 666.9633 553.4048 616.5916 611.7867 474.5901 572.8956 562.7949 562.8499 640.286 627.3696 736.8911 928.2936 1210.5811 1294.5167 1112.4509 894.657 735.6754 675.1296 827.4521 917.8725
1567.366 1650.0698 1752.1492 1808.1168 1770.5088 1585.7749 1654.8428 1509.2229 1282.3409 1389.9182 1593.9984 1842.4476 1911.4277 1803.2063 1504.6433 1337.965 1296.2705 1355.2263 1528.2355 1718.7111 1604.0356 1303.8331 1249.358 1361.3031 1411.7144 1372.2539 1306.1919 1354.1357 1478.369 1513.7191 1433.8364 1418.8064 1400.0775 1442.5334 1380.4598 1379.5276 1230.9203 1106.14 1012.8189 943.9626 828.2356 731.9015 664.4733 612.6749 792.0449 783.9332 723.14 727.9264 766.6023 704.3317 709.2916 698.9057 755.7481 950.6314 1271.6312 1296.6771 1135.6346 866.0643 716.5085 846.1547 1047.859 1046.7813
1351.3281 1480.1378 1612.7181 1821.2778 1797.4258 1743.5626 1695.5968 1646.7471 1412.5599 1307.1951 1377.3461 1582.7285 1644.4114 1781.9227 1744.8823 1485.5675 1328.973 1262.0801 1304.162 1469.4991 1652.3894 1400.9604 1246.2054 1303.1189 1446.387 1432.3171 1396.752 1454.5565 1535.3828 1595.978 1561.4606 1494.353 1435.6332 1370.7604 1272.2761 1155.9648 1095.0343 1008.0535 941.2249 913.8704 807.1514 651.175 632.6295 718.4209 800.0383 834.2996 870.457 806.8395 864.928 898.7855 848.0128 774.1262 816.007 975.6212 1257.1567 1216.6772 1111.2329 850.8858 794.374 965.1098 1152.3912 1145.6281
1163.2114 1341.9465 1602.2947 1740.4606 1776.7018 1725.4502 1582.2712 1469.3422 1434.627 1272.4523 1354.6946 1365.0665 1548.2433 1608.2446 1832.3662 1727.8522 1486.9209 1296.838 1254.6116 1253.7981 1321.3485 1303.8866 1250.6545 1319.0951 1401.6342 1490.8778 1502.5551 1563.1084 1700.3232 1737.2776 1605.0453 1447.8926 1375.6356 1317.0963 1203.8179 1008.7775 894.54 881.0038 811.8677 772.6871 707.8119 701.6927 758.5529 800.3624 916.4227 829.0967 900.5779 835.9252 887.9856 912.7328 859.569 968.3143 931.8926 974.2112 1188.9745 1154.1509 1176.5443 1060.6885 936.3172 996.222 1130.3698 1230.8131
1624.9644 1252.3345 1459.5585 1858.4994 1749.7478 1587.3073 1578.2916 1475.3502 1298.1157 1283.9578 1279.4714 1346.5458 1335.9934 1326.7352 1383.481 1641.5164 1642.9644 1446.2736 1344.8617 1259.8392 1248.8009 1249.9161 1255.4928 1320.5156 1434.2446 1547.9281 1642.3007 1741.0441 1815.8849 1608.4209 1475.0852 1355.9424 1289.4907 1292.7467 1125.0664 975.3387 900.8434 795.8886 715.8715 679.8061 744.705 761.3121 838.6777 934.6531 957.5198 943.8709 944.8972 943.7213 926.3338 996.4888 895.0972 1091.493 1061.724 1024.87 1193.335 1273.3521 1281.9974 1221.3202 1085.7948 1018.3557 1139.8016 1192.7662
1693.6284 1424.8508 1273.1919 1475.5444 1693.4664 1616.2645 1570.975 1502.6031 1481.5109 1324.4174 1268.5271 1256.2734 1245.0582 1334.0082 1338.463 1465.9148 1632.8314 1519.0095 1381.0635 1279.3698 1253.9436 1255.3458 1282.6031 1374.4554 1528.2123 1598.7467 1671.0903 1638.2235 1571.4893 1464.2432 1372.6451 1350.3925 1213.7422 1036.2944 935.6063 868.6246 799.7649 731.3386 706.626 819.5608 840.6838 885.1198 961.4608 1068.072 1069.9148 1044.8048 1022.6493 986.509 978.3322 1039.3398 984.7532 1085.2533 1060.215 1097.0614 1136.2555 1207.7748 1256.2185 1321.6802 1167.1637 984.9869 932.964 878.8355
1653.2288 1577.7823 1327.7122 1357.3632 1533.514 1696.2244 1526.7269 1558.0206 1635.2231 1520.5898 1363.6168 1244.6523 1239.1515 1261.2377 1264.9749 1267.2346 1304.603 1370.2025 1332.6006 1275.7047 1262.6104 1316.385 1366.7131 1476.4857 1581.9377 1662.7943 1587.609 1503.3268 1433.0691 1321.5211 1217.2632 1156.4669 1101.1451 972.4846 848.9254 736.634 739.5029 786.3988 825.8113 907.9728 1005.4374 1065.1327 1113.6899 1188.637 1146.9038 1111.8611 1069.6279 1026.8197 1026.1428 1050.9189 1076.7445 1019.338 1044.3851 1087.0491 1021.9338 999.2026 1011.5524 1042.1129 1127.8414 1105.2977 959.1951 936.2207
1484.9792 1497.0883 1419.9006 1589.5936 1630.9604 1677.6194 1611.2101 1618.7919 1697.3917 1692.0134 1581.1941 1422.8021 1286.0184 1243.8486 1246.6785 1242.6107 1257.9508 1242.8817 1222.5844 1227.6301 1264.5688 1352.889 1538.1465 1567.2195 1599.4838 1531.1329 1431.5984 1313.1481 1281.3384 1231.7206 1098.3749 951.4106 925.9486 907.5981 816.0907 721.6556 761.6574 843.9408 936.439 1020.6517 1138.2041 1348.129 1387.6912 1299.4969 1280.976 1185.6506 1114.9213 1057.8734 1054.5333 1085.7064 1080.7369 1105.3508 1181.6443 1200.7736 1139.7983 916.9955 834.9879 822.7338 892.2416 1007.5416 1000.025 916.6125
1528.1842 1668.3319 1592.4363 1590.5173 1782.8503 1678.9377 1739.1644 1635.8451 1699.8112 1726.4154 1630.2738 1624.0745 1587.8024 1339.1532 1260.5699 1252.3884 1290.7911 1422.9487 1295.3444 1219.5063 1251.4746 1336.6846 1441.9852 1501.4202 1436.3492 1402.2017 1270.8177 1174.7145 1078.8918 1056.2993 963.2043 865.086 789.6849 749.9492 736.8181 745.147 792.4354 807.8669 929.0063 1118.4353 1261.7965 1503.428 1537.4171 1421.6168 1366.1991 1259.7682 1194.0078 1148.6772 1163.683 1178.993 1073.663 1093.5016 1272.3688 1157.4644 1154.0797 952.3727 810.2023 714.0004 722.701 793.209 786.4969 796.34
1666.1027 1725.6599 1585.5482 1549.9969 1839.84 1779.3717 1787.6279 1716.5668 1745.8149 1840.8451 1849.3525 1792.4891 1550.0087 1498.3674 1475.3251 1386.2131 1343.3079 1528.5826 1371.8267 1259.4849 1240.4086 1292.895 1377.7177 1364.8367 1292.035 1232.6759 1179.9669 1050.395 930.5323 859.3022 865.3896 814.6878 749.3452 777.7105 881.1686 902.4556 951.9272 959.8975 954.9883 1121.5326 1336.556 1508.8082 1658.2859 1631.1346 1499.1238 1409.1873 1288.7075 1141.4183 1073.8765 1018.1065 948.4418 952.5995 1016.1398 1007.3321 1036.4961 988.7654 795.6878 690.4767 647.8679 684.9047 601.8245 774.5789
1914.1683 1894.1129 1671.9207 1550.9159 1829.9937 2060.9717 1798.1226 1840.4919 1761.3763 1803.899 1898.1866 1953.7047 1856.7072 1688.8041 1622.0807 1480.688 1503.3068 1624.7021 1470.4822 1400.097 1275.7914 1194.2312 1215.2729 1249.9082 1179.3577 1082.5371 1025.5676 963.7188 1015.5413 992.5854 858.7621 767.0391 740.1125 794.5313 916.3296 1035.3452 1114.5669 1092.061 1085.8196 1182.6486 1342.5175 1417.9268 1473.3926 1452.4211 1343.264 1184.2042 1098.0765 1013.1828 938.2679 911.3259 847.1904 822.5539 861.0887 880.6995 870.2858 847.9163 748.6705 658.2382 638.0298 636.906 516.2909 643.4622
1872.282 1874.2096 1780.6084 1534.4163 1768.0739 2081.9084 1928.7264 1877.0791 1809.1425 1819.7008 1921.8364 2020.8735 1902.9241 1787.511 1674.4835 1511.0767 1496.2836 1567.9211 1579.8373 1427.3884 1182.4237 1091.7306 1080.9943 1112.5712 1094.5059 1058.5573 941.7391 859.3301 928.3174 870.8221 776.5843 756.2578 782.9282 843.6682 950.5522 1046.6204 1178.7469 1234.5984 1194.5131 1291.9431 1335.1003 1250.7091 1290.5796 1284.9659 1194.4095 1107.4198 949.2191 899.7028 852.2965 818.6368 751.4146 729.9128 775.7915 845.18 786.9644 739.971 676.7385 691.899 740.0559 636.886 517.2161 618.4002
1741.0634 1845.8534 1836.6071 1546.2719 1633.1554 1960.2242 2127.5405 1922.5131 1886.3032 1842.3947 1940.0947 2083.4565 2018.7133 1889.9805 1672.5593 1551.1022 1463.0679 1441.8412 1477.1477 1499.4573 1427.0369 1127.5441 980.8856 1008.0137 1093.2554 978.8362 932.1727 839.137 775.6308 767.0045 743.1763 811.0568 801.176 856.4008 983.2566 1110.4003 1230.0255 1341.3129 1367.4222 1363.9895 1312.2992 1164.119 1160.8667 1123.8291 1026.5138 986.7007 870.0809 806.9135 740.3401 716.1746 708.4012 713.8376 862.0677 904.9116 813.1995 789.0251 760.1006 825.1545 728.8524 627.091 510.4334 552.3095
1542.6226 1813.8676 1863.0182 1533.3719 1494.9762 1850.1382 2100.4536 2048.6958 1969.1838 1940.9635 1924.3958 2020.2598 1996.7251 1954.76 1834.8894 1630.6946 1435.6022 1413.7847 1588.1486 1651.8605 1569.8479 1367.7443 938.3034 916.119 984.8617 914.3126 795.4445 789.5767 858.5168 836.662 825.283 848.1068 838.058 887.7752 994.4293 1072.7028 1198.8571 1395.2104 1620.6075 1445.0234 1267.3519 1252.4004 1155.1066 1102.6903 1014.7193 908.233 767.9938 669.4108 625.1888 627.9255 642.5986 719.282 799.3759 797.9031 799.7229 863.7578 864.2013 827.3947 681.613 631.5225 506.4203 480.7607
1411.3423 1782.5194 1775.0585 1402.657 1337.7878 1662.1906 1936.8381 2102.0344 1995.3978 2098.084 2085.8687 2006.0389 1967.7177 1949.0486 1866.9077 1745.2262 1549.4167 1428.7201 1610.5691 1285.8525 1253.2141 1074.3068 809.4367 814.2321 809.0085 772.1319 800.0267 911.9062 1039.4875 1047.8206 935.5429 900.6841 853.1207 858.9376 949.4095 1050.5758 1150.1964 1335.6567 1507.2684 1510.609 1461.1843 1478.9425 1276.4561 1230.606 1156.0125 1026.3029 891.4297 760.1423 711.1743 620.3334 624.3701 703.9624 673.1793 743.4741 683.7693 823.7119 741.6032 732.0486 662.1927 566.8987 530.0976 440.8574
1256.8171 1593.3191 1751.1743 1370.4817 1190.5602 1413.244 1755.7349 1903.5253 2071.186 2075.4839 2184.2537 2001.6833 1981.1726 1879.3149 1854.4054 1757.3666 1638.8904 1459.7003 1669.4025 1512.0769 1114.8257 904.2556 797.5437 860.2831 884.8508 824.6995 829.1636 940.2897 1090.9697 1175.0374 1135.2849 933.9446 1006.1642 969.5134 974.6072 1036.0581 1170.3347 1259.0427 1271.2629 1310.9548 1265.8616 1247.0107 1210.743 1232.9771 1232.922 1144.8624 964.8915 841.5226 728.1357 635.1356 608.3803 561.034 531.1066 577.6236 651.3765 668.7208 627.4678 702.9504 711.6502 608.8458 510.3297 398.9346
1078.7566 1256.0654 1325.1917 1254.3339 1051.1588 1174.8926 1521.458 1664.91 1829.276 1959.6062 1977.8892 1892.9883 1806.4438 1734.6422 1724.3678 1676.124 1628.8479 1645.2277 1559.4197 1327.3937 997.7972 844.1657 798.6821 850.7442 841.9877 800.309 835.1576 902.7337 1085.5538 1199.7972 1195.2168 974.033 970.7011 1144.7156 1160.0399 1024.9135 1128.5985 1218.3848 1268.9956 1172.9901 1140.8534 1146.7262 1167.2029 1182.0079 1159.0033 1162.8145 1124.4177 940.1636 833.6552 823.743 799.8431 721.4344 637.67 543.0992 483.3031 534.5525 586.659 656.7512 547.9824 619.9654 564.8775 433.1076
1051.4738 1054.0718 1091.3531 1099.5907 974.0445 1010.1046 1161.5717 1244.1318 1314.8417 1486.4329 1439.9556 1442.8384 1594.0675 1505.3082 1497.0465 1555.6736 1418.0952 1517.3356 1275.4828 1016.9769 885.3335 807.6789 801.8926 802.6139 807.6783 817.7322 841.0024 903.2638 1005.1941 1160.6195 1135.2733 971.7436 930.8659 985.1302 1031.3304 996.1448 1096.5471 1188.108 1149.2639 1130.0089 1115.3435 1114.075 1170.6332 1162.4113 1122.6635 1117.4321 1039.4718 1022.2869 1005.6978 962.7947 903.239 787.7565 649.9799 626.3409 615.4717 522.2496 559.1625 533.6295 535.519 572.4662 601.8286 502.4603
1078.7207 1162.0149 1237.5726 1206.8333 1106.8745 1012.6867 971.1864 990.5054 1022.2225 1083.6082 1166.755 1260.8019 1307.2327 1335.8663 1369.3711 1224.5476 1140.5891 1277.6423 1010.551 876.8458 818.168 808.1433 806.647 900.3627 891.4648 823.6671 844.8999 920.2095 1013.5013 1147.3785 1242.4098 1003.8871 918.3271 912.2095 938.8038 999.8052 1076.1702 1174.1676 1166.0762 1089.1722 1074.4408 1067.2787 1050.5383 1075.9753 1036.921 1094.0758 1073.6943 1044.3151 1021.7646 1003.5599 934.3069 940.8057 821.7505 782.5052 695.8687 618.19 481.153 430.4452 456.9546 532.4828 580.9711 599.5402
1265.1376 1507.3254 1767.4423 1510.5475 1427.2274 1283.0902 1100.9341 1023.705 979.5508 992.9643 1125.2609 1168.823 1027.2794 1040.536 1197.001 1067.2422 941.3207 938.4366 860.9148 826.7015 820.9679 817.9189 837.7711 901.9111 864.9415 849.8509 911.3022 1011.6052 1144.9073 1122.9832 1223.0924 1012.8972 935.4656 1089.7268 1041.4862 1090.5461 1030.2914 1010.1885 1061.3212 1188.3195 1201.6979 1139.0337 1099.5039 1056.0566 1002.5966 1004.6057 1065.5896 1101.8755 1102.5972 1065.572 1040.8975 1039.6256 922.3681 844.7197 793.6675 640.4447 595.5717 542.1998 394.8894 452.8944 524.6194 576.588
1723.9355 1836.7386 1826.9965 1733.8363 1464.6946 1332.4806 1276.0637 1142.6899 1072.1558 1078.8407 1179.3287 1201.6647 1154.5393 1119.8743 951.7401 955.4386 856.4947 846.5391 842.4202 835.838 818.5823 820.3439 836.2947 898.166 977.9617 869.4374 928.9203 1070.4132 1111.7771 1004.7034 1129.7955 984.8466 909.4651 988.7711 1064.506 1089.4795 1039.7883 941.2224 970.7815 1063.2661 1232.5422 1143.473 1054.0319 1008.6568 996.2943 1019.7809 1012.3018 1069.4677 1146.1367 1184.0396 1147.8954 1088.5551 1085.3999 1029.7699 893.8002 804.2534 623.6708 509.1499 459.7982 393.3098 501.8271 534.2543
1825.6738 1903.8959 1723.8356 1720.2368 1737.8668 1683.4969 1616.2854 1409.1285 1345.8958 1238.8895 1135.0717 1152.1486 1107.509 1007.3663 947.6835 879.04 899.9759 897.465 968.3849 883.0922 823.3915 832.514 873.5753 941.853 938.3107 847.2497 829.4133 895.4611 877.6803 828.4429 978.9843 1035.4628 1015.506 1009.0123 888.5364 841.3591 818.8591 845.5873 879.0082 925.2536 990.0892 994.3408 1041.5583 1009.0071 1007.1534 998.4397 984.0965 996.451 1022.735 1072.1024 1120.2501 1158.3208 1094.516 1006.5383 902.043 831.8178 718.8622 628.8616 489.575 385.7122 373.0934 375.9977
1862.627 2054.0005 1988.124 1843.2416 1749.3513 1661.5787 1658.1584 1578.4353 1527.8353 1284.4736 1139.285 1064.9209 1080.2833 1013.0367 962.8871 1073.5201 1104.9194 1068.9679 1047.9222 951.4606 852.347 829.5843 864.8558 977.6892 967.0138 949.481 810.7145 783.3038 733.5355 778.4922 974.4311 1080.7485 1046.6196 1072.8273 927.8218 770.3832 686.2222 741.1057 767.3903 847.4423 871.347 879.861 992.2266 1116.903 979.4882 929.1284 985.3892 969.6924 920.4675 967.2556 1049.9243 1074.5845 1013.9951 937.3501 860.3285 782.9235 652.3795 607.9212 532.3477 520.2123 421.068 374.4514
