MapLib/Lvl1_5x5/BG/Ele_BG_EB.asc
ncols         557
nrows         557
xllcorner     556500
yllcorner     3894669.448
cellsize      1000
nodata_value  -9999.0
[rows 234 to 259 of 557, columns 174 to 231 of 557]
-2856.4946 -2852.9319 -2849.6116 -2846.3411 -2843.9583 -2843 -2843 -2842 -2842 -2841.1011 -2838.8752 -2836.4661 -2833.2097 -2830.1716 -2828.5364 -2826.0022 -2825.3669 -2825.0767 -2826.9888 -2829.3416 -2831.9399 -2833.6177 -2835.2529 -2836.7871 -2838.4104 -2839.9568 -2841.1404 -2842.1262 -2843.6946 -2844 -2843.906 -2844.4651 -2844.5964 -2842.9612 -2842.6968 -2841.6968 -2840.9543 -2840.5957 -2840.5957 -2841.2439 -2842.8792 -2844.6074 -2847.3069 -2850.0063 -2852.5479 -2854.9194 -2858.095 -2859.0737 -2859.1011 -2858.1003 -2855.8933 -2853.5586 -2850.2881 -2847.0176 -2843.9241 -2843.019 -2841.6536 -2841.0183
-2855.6443 -2851.7385 -2847.9763 -2845.2793 -2843.1545 -2842.9636 -2842.2637 -2842.7363 -2842.033 -2842 -2840.6768 -2839.6116 -2836.8455 -2835.0774 -2833.4421 -2832.5432 -2831.9353 -2831.8589 -2833.2529 -2835.137 -2837.676 -2839.4224 -2841.0576 -2841.6929 -2842.4727 -2843.2273 -2843.5754 -2843.7615 -2844.25 -2843.7822 -2843.0183 -2842.4131 -2841.3259 -2839.6907 -2838.1799 -2836.7122 -2835.3123 -2834.5129 -2834.0642 -2834.9619 -2837.0745 -2839.6284 -2842.8989 -2846.9058 -2850.7834 -2854.5217 -2858.1648 -2859.929 -2860.7363 -2859.7356 -2858.1003 -2855.1938 -2851.9233 -2848.6528 -2845.5593 -2843.9241 -2842.8821 -2842.7144
-2854.009 -2850.292 -2846.8562 -2844.7314 -2843.3716 -2842.3716 -2842.626 -2843.4905 -2843.7432 -2844.1147 -2843.9729 -2843.4863 -2842.1743 -2840.7751 -2840.2292 -2839.6008 -2839.6008 -2840.0237 -2841.3438 -2842.1936 -2843.5928 -2845.0713 -2846.7065 -2847.3064 -2847.0703 -2846.7432 -2846.2268 -2845.3623 -2844.3396 -2842.5945 -2841.2825 -2840.418 -2838.0554 -2835.5835 -2833.6096 -2831.1497 -2830.2568 -2829.2568 -2829.2522 -2829.1262 -2831.8237 -2835.0942 -2838.9187 -2843.3149 -2848.7302 -2853.8367 -2857.8184 -2860.3586 -2861.2297 -2860.9993 -2859.364 -2856.3567 -2852.8154 -2849.9165 -2847.7117 -2845.5593 -2844.3716 -2844.3716
-2852.2461 -2848.9797 -2846 -2846.0054 -2845.0107 -2844.0068 -2844.6963 -2847.3335 -2848.0203 -2849.0205 -2850.0288 -2850.895 -2850.5378 -2849.1724 -2850.0461 -2851.0449 -2850.0476 -2850.7202 -2852.3486 -2853.041 -2852.0369 -2853.0342 -2853.8828 -2853.5398 -2851.9004 -2849.5044 -2847.6169 -2845.9497 -2843.3352 -2841.4019 -2839.0623 -2837.4202 -2835.5835 -2833.1497 -2830.5144 -2827.8792 -2826.9863 -2826.6113 -2825.9863 -2825.9863 -2828.5601 -2831.8306 -2836.0942 -2840.554 -2846.2842 -2851.3687 -2856.1831 -2858.7234 -2859.9932 -2859.9932 -2859.3616 -2855.4556 -2852.1802 -2850.4551 -2847.8298 -2846.1946 -2845.0068 -2846.0068
-2851.7688 -2849.7756 -2848.0186 -2848.8472 -2849.1541 -2848.2104 -2849.5798 -2852.7358 -2854.8076 -2856.2317 -2858.0781 -2859.7134 -2860.3169 -2860.1836 -2861.2612 -2862.3506 -2862.1365 -2862.8091 -2863.8889 -2864.1365 -2862.5583 -2862.4946 -2862.2534 -2860.2422 -2856.6875 -2852.9326 -2849.002 -2845.3076 -2842.0371 -2839.1245 -2836.7849 -2834.7917 -2833.0845 -2831.1633 -2829.1702 -2827.177 -2826.2842 -2826.2842 -2825.2842 -2825.2842 -2828.209 -2831.4795 -2834.3943 -2838.5676 -2843.7686 -2848.2595 -2852.6216 -2855.1619 -2856.6663 -2857.0732 -2856.4316 -2852.792 -2849.2607 -2848.7158 -2847.6526 -2846.5457 -2845.6453 -2846.3579
-2854.5195 -2854.832 -2855.1492 -2855.9495 -2856.8008 -2857.6777 -2859.1208 -2862.304 -2864.884 -2867.4182 -2869.167 -2870.8022 -2872.0789 -2873.2188 -2873.9854 -2875.0527 -2876.2664 -2877.4961 -2877.2188 -2877.2188 -2876.3357 -2873.9458 -2871.6216 -2867.2842 -2862.4409 -2856.5364 -2849.9998 -2844.9177 -2839.7417 -2836.854 -2833.8418 -2833.0361 -2831.7786 -2831.3955 -2830.9363 -2830.5547 -2830.0181 -2829.832 -2829.832 -2830.4802 -2831.8381 -2834.1372 -2835.8313 -2838.3784 -2841.4202 -2844.1099 -2845.7083 -2848.0737 -2850.3574 -2849.8904 -2848.9773 -2846.146 -2843.9841 -2844.3184 -2844.4944 -2844.7227 -2844.7227 -2843.6997
-2856.7856 -2859.2891 -2861.6628 -2862.4487 -2863.53 -2865.7449 -2868.2476 -2870.2903 -2873.5608 -2876.7439 -2878.7886 -2879.6382 -2882.0591 -2883.563 -2882.9302 -2882.594 -2885.7249 -2887.0366 -2885.4568 -2884.8252 -2886.2148 -2882.8335 -2877.2788 -2871.4604 -2866.239 -2858.2056 -2850.4407 -2843.9871 -2838.1064 -2835.4087 -2833.0691 -2832.396 -2832.114 -2832.9126 -2834.2559 -2834.8354 -2834.9729 -2834.7378 -2834.7378 -2835.386 -2836.0212 -2837.6565 -2838.3792 -2839.291 -2841.7371 -2842.9126 -2842.9209 -2844.4604 -2846.4849 -2846.0867 -2844.4514 -2842.4812 -2841.0081 -2841.6292 -2843.0154 -2843.8286 -2843.5916 -2842.9927
-2859.2942 -2863.3911 -2866.7222 -2867.5435 -2868.6987 -2872.3174 -2875.0488 -2876.3359 -2879.0774 -2883.6958 -2885.1914 -2885.5806 -2888.1838 -2890.4636 -2886.6899 -2884.0242 -2888.6633 -2890.6025 -2886.9324 -2886.491 -2890.5691 -2886.8145 -2876.9216 -2871.813 -2867.4688 -2858.6069 -2849.5029 -2842.3267 -2836.1313 -2835 -2834.5791 -2833.5479 -2833.8596 -2835.9324 -2837.8262 -2840.7021 -2840.7847 -2839.6436 -2840.1973 -2840.6436 -2841.3196 -2841.6436 -2841.3401 -2841.7371 -2842.9207 -2844.0076 -2846.0957 -2845.6956 -2845.252 -2844.4519 -2844 -2842.7288 -2841.5901 -2842.2969 -2843 -2843 -2843 -2843.5479
-2858.7134 -2862.6506 -2866.2939 -2866.4507 -2868.2791 -2872.3665 -2874.2676 -2875.1431 -2877.0032 -2881.0823 -2882.0857 -2882.876 -2884.1238 -2884.9336 -2878.3352 -2873.6428 -2876.5347 -2878.521 -2875.0042 -2875.333 -2878.9597 -2875.408 -2866.8376 -2863.3782 -2861.1016 -2854.4048 -2847.1458 -2841.9087 -2837.8267 -2837.6035 -2837.7324 -2837.7324 -2837.897 -2839.2327 -2841.2236 -2843.2708 -2843.3936 -2843 -2843.1831 -2843.7126 -2844 -2844 -2843.0818 -2843.0347 -2843.8567 -2844.4597 -2846.0776 -2846.0867 -2844.6345 -2844 -2844 -2843.1335 -2843 -2843 -2843.1831 -2843.1831 -2843.5486 -2844.0151
-2857.1816 -2858.9641 -2860.6887 -2861.5449 -2863.0344 -2865.7849 -2867.4685 -2867.7847 -2868.8635 -2871.606 -2872.0898 -2872.9509 -2871.8655 -2870.0012 -2861.9827 -2854.6692 -2853.5498 -2853.7246 -2853.4312 -2853.3511 -2854.303 -2852.22 -2849.05 -2848.6348 -2849.1304 -2847.061 -2844.0134 -2842.7888 -2842.177 -2842.7507 -2843.4551 -2843.9185 -2844.1086 -2843.4551 -2843.7224 -2844.8184 -2844.2107 -2843.8184 -2844.0105 -2844.8184 -2844 -2844 -2843.8994 -2843.8528 -2844 -2844.4597 -2845.1816 -2845.0491 -2844.1152 -2844 -2844 -2843.9507 -2843.8184 -2843.8184 -2844 -2844 -2844 -2844.8335
-2852.4275 -2853.6938 -2854.7178 -2855.1855 -2856.1462 -2857.7815 -2858.4214 -2858.1331 -2858.78 -2860.4153 -2860.8247 -2860.8247 -2859.3284 -2857.418 -2852.0127 -2846.873 -2845.9832 -2845.8516 -2846 -2846.5154 -2846.5464 -2845.4297 -2844.1511 -2844.4841 -2845.4812 -2844.5876 -2843.7871 -2843.4536 -2843.8145 -2844.6152 -2845 -2846 -2845.7986 -2845 -2844.4973 -2844.5464 -2844.1406 -2844 -2844.0071 -2844.5464 -2844 -2844 -2844 -2844 -2844 -2844.7048 -2845 -2845 -2844.8003 -2844.4536 -2844.4536 -2845.123 -2845.4536 -2845.4536 -2845.3733 -2845 -2844.6982 -2845.0376
-2846.4072 -2847.4194 -2848.8223 -2848.0432 -2848.1997 -2849.7827 -2850.0486 -2847.5022 -2847.7776 -2848.7859 -2848.7334 -2848.7334 -2847.7334 -2846.6907 -2845.1235 -2843.9468 -2844.9146 -2845 -2845 -2845 -2845 -2845 -2845 -2845 -2845 -2845 -2845 -2845 -2845 -2845 -2845 -2845.9614 -2845.7986 -2845 -2844.5701 -2844 -2844 -2843.0889 -2844 -2844 -2844 -2844 -2844 -2844.0889 -2844.8401 -2845 -2845 -2845.0649 -2846 -2846 -2846 -2846.0242 -2846.9148 -2847 -2846.8386 -2846.0166 -2846 -2846
-2845.2886 -2846.1404 -2846.2759 -2845.4968 -2845.2759 -2845.6011 -2845.8669 -2845.1875 -2845.2634 -2846.1628 -2845.8364 -2845.2759 -2845 -2844.9636 -2844.1689 -2843.835 -2844.0103 -2844.2759 -2844.2759 -2844.2759 -2844.2759 -2844.2759 -2844.2759 -2845 -2845 -2845 -2845 -2845 -2845 -2845 -2845 -2845.1563 -2845.2202 -2845 -2845 -2844.7241 -2844.7241 -2844.7241 -2844.7241 -2844.7241 -2844.7241 -2844.7241 -2844.7241 -2845.137 -2845.7241 -2845.7241 -2845.7241 -2845.9255 -2845.7354 -2845.2759 -2845.7363 -2846.075 -2846.2759 -2847 -2847 -2846.7759 -2846.7241 -2846.7241
-2845.0813 -2845 -2844.9482 -2844.6406 -2844 -2843.6406 -2843.8867 -2844.7556 -2845 -2845.8528 -2845.4961 -2844.1389 -2844.4963 -2845 -2844.2332 -2844 -2844 -2844 -2844 -2844 -2844.2078 -2844.3594 -2844.0544 -2844.6694 -2845 -2845 -2845 -2845 -2845 -2845 -2845 -2845 -2845 -2845 -2845 -2845 -2845 -2846 -2845.3547 -2845 -2845.2834 -2846 -2846 -2846 -2846.5281 -2847 -2847 -2846.2698 -2845.6345 -2845 -2845 -2846 -2846 -2846.7065 -2847 -2847 -2847 -2847
-2844.0054 -2844.0054 -2844.0046 -2844 -2843.0054 -2843.9946 -2843.9983 -2844.0017 -2844.9556 -2845.0032 -2845 -2844.9954 -2844.5037 -2844.0054 -2844.7639 -2844.9946 -2844.9946 -2844.9946 -2844.9946 -2844.9946 -2845.573 -2845 -2844.9954 -2845 -2845 -2845 -2845 -2845 -2845 -2845 -2845 -2845 -2845.9946 -2845.9946 -2845 -2845 -2845 -2846 -2845.9871 -2845 -2845.2834 -2846 -2846 -2846 -2846 -2846.0054 -2846.0054 -2846.0015 -2845.998 -2845.9946 -2845.9946 -2846 -2846.9016 -2847 -2847.9946 -2847.9946 -2847.9946 -2847.9946
-2843 -2843.6904 -2844 -2843.2209 -2843 -2844 -2844 -2844 -2844 -2844 -2844.0835 -2844.9124 -2844.5037 -2844 -2844.7668 -2845 -2845 -2845 -2845 -2845 -2846.3643 -2846.4954 -2846 -2845.5159 -2845 -2845.4753 -2846 -2845.614 -2845 -2845 -2845 -2845.8394 -2846 -2846 -2845.8254 -2845 -2845.4675 -2846 -2845.9871 -2845 -2845.7349 -2846 -2845.7949 -2845.6299 -2845.6299 -2845.8 -2846.0598 -2846.6299 -2847 -2847 -2847 -2847 -2847 -2847.8303 -2848.6299 -2848.6299 -2848.6299 -2848.6299
-2843 -2843 -2843 -2843 -2843 -2844 -2844 -2843.4998 -2843 -2843 -2843.7947 -2844 -2844.4963 -2845 -2845 -2845.5605 -2846 -2845.5059 -2845 -2845 -2846 -2846 -2845.7749 -2845.4841 -2846 -2846 -2846 -2846 -2846 -2846 -2846 -2845 -2845.7883 -2846 -2846 -2846 -2846 -2846 -2846 -2846 -2846.0752 -2846.9402 -2847 -2847.2651 -2847.2651 -2847.2651 -2847.3601 -2848.0715 -2848 -2848 -2848.1687 -2848.2651 -2848.2651 -2849.8069 -2850.2651 -2850.2651 -2850.2651 -2850.2651
-2843 -2843 -2843 -2843 -2843 -2844 -2844 -2843 -2843 -2843 -2843.9229 -2844 -2844.4963 -2845 -2845.6904 -2846 -2846 -2846 -2845 -2845 -2846 -2846 -2845.1511 -2845.9487 -2846 -2846 -2846 -2846 -2846 -2846 -2846 -2845.9004 -2845.9204 -2846.7534 -2846.9004 -2846.9004 -2846.9004 -2846.9004 -2846.9004 -2846.9004 -2847.1838 -2847.9004 -2848.3992 -2848.9004 -2848.9004 -2848.9004 -2849.8103 -2849.1702 -2848.9004 -2848.9011 -2849.8643 -2849.9004 -2849.9004 -2851.4421 -2852.8008 -2852.8008 -2853.2983 -2851.9004
-2843 -2843 -2843 -2843 -2843 -2843 -2843 -2844 -2844 -2844 -2844 -2844.4612 -2845 -2845 -2845 -2845 -2845 -2845 -2846 -2846 -2846 -2846 -2846.4546 -2846.7605 -2847.5356 -2847.1313 -2847 -2847.0134 -2847.5356 -2847.5356 -2847.5356 -2847.5356 -2848.1648 -2848.5356 -2848.5356 -2848.5356 -2848.5356 -2849.2466 -2849.5356 -2849.5356 -2850.3547 -2851.0713 -2851.0713 -2850.5356 -2850.5356 -2850.782 -2851.5356 -2851.1965 -2850.5356 -2851.072 -2852.3667 -2853.0713 -2853.0713 -2853.5356 -2854.7126 -2856.783 -2856.9197 -2854.4529
-2843 -2843 -2843.1709 -2843.1709 -2843.1709 -2843.1709 -2843.7385 -2844.0547 -2844.1709 -2844.1709 -2845 -2845 -2845.1709 -2846.0225 -2846.1709 -2846.1709 -2846.1709 -2846.1709 -2846.5969 -2847.1709 -2846.1709 -2847.0366 -2847.1709 -2848 -2848 -2848 -2848.0667 -2848.1709 -2848.1709 -2848.1709 -2848.1709 -2849.2676 -2850.1365 -2850 -2849.5281 -2848.8108 -2848.6582 -2849.4873 -2849.4873 -2849.5979 -2851.1125 -2852.7478 -2853.0947 -2853.1709 -2852.3464 -2853.0786 -2854.1873 -2853.4868 -2852.1084 -2852.0007 -2853.5273 -2853.8291 -2853.8291 -2853.8291 -2854.8352 -2857.1438 -2857.592 -2854.4924
-2843 -2843.4099 -2844 -2844 -2844 -2844.0398 -2844.8062 -2844.8682 -2845 -2845.4761 -2845.8062 -2845.8062 -2846.4001 -2846.9377 -2847.8062 -2847.8062 -2847.8062 -2848.3484 -2848.8062 -2848.8062 -2847.8062 -2847.8477 -2848.6843 -2848.416 -2848 -2848.6084 -2849.196 -2849.8062 -2849.8062 -2849.5679 -2849.7505 -2851.3723 -2851.6047 -2850.1316 -2848.7219 -2847.0867 -2846.1938 -2845.3877 -2845.3877 -2846.0359 -2848.8997 -2851.853 -2853.554 -2854.8062 -2853.9817 -2854.6365 -2856.7073 -2856.1519 -2853.4407 -2852.8057 -2852.1938 -2852.1938 -2852.1938 -2852.1938 -2852.228 -2853.2 -2853.0471 -2850.4827
-2843.9292 -2844 -2844 -2844.3438 -2844.6729 -2845 -2845 -2845 -2845.4216 -2846 -2845.9004 -2845.5586 -2846.0547 -2846.5586 -2846.5586 -2846.5586 -2847.1172 -2847.1172 -2847.2891 -2847.1489 -2846.7942 -2847.1172 -2847.1172 -2847.1172 -2846.6252 -2847.1172 -2848.1172 -2848.1311 -2848.3069 -2847.8215 -2847.637 -2848.9919 -2849.1218 -2847.8391 -2846.6453 -2845.01 -2843.7024 -2843.1809 -2842.5586 -2843.2068 -2845.5588 -2848.1074 -2849.5437 -2850.7927 -2850.3323 -2851.6938 -2852.8877 -2852.6548 -2851.3103 -2850.6753 -2850.1172 -2850.1172 -2850.1172 -2849.373 -2849.0391 -2848.6758 -2848.228 -2846.1052
-2845 -2844.4539 -2844.0669 -2844.9233 -2845.9233 -2845.9233 -2845.9233 -2845.9233 -2845.9233 -2845.9233 -2844.9827 -2844.0623 -2844.3816 -2844.7251 -2843.9233 -2843.8926 -2842.9233 -2843.5442 -2843.8467 -2843.9189 -2844.8467 -2844.8467 -2844.8467 -2844.3997 -2843.9233 -2844.6201 -2844.8467 -2844.8235 -2843.9233 -2843.9233 -2843.8518 -2843.2805 -2842.8467 -2842.9109 -2842.8872 -2841.9233 -2841.9233 -2841.5747 -2840.9233 -2840.9233 -2841.8467 -2842.6948 -2841.77 -2841.9592 -2843.5945 -2844.77 -2845.6931 -2845.7493 -2846.7979 -2846.8467 -2846.8955 -2846.9233 -2846.8538 -2845.8818 -2844.8467 -2844.0344 -2842.9092 -2840.7576
-2843.4858 -2842.5762 -2841.7197 -2842.5762 -2843.5762 -2843.5762 -2843.5762 -2843.5762 -2843.5762 -2843.5762 -2843.3503 -2842.3281 -2842.2881 -2842.2881 -2842.2881 -2841.886 -2841.2881 -2841.2881 -2841.5071 -2842.2717 -2842.2881 -2842.2881 -2842.2881 -2842.2881 -2842.2881 -2842.2881 -2842.2881 -2842.2881 -2842.2881 -2842.2881 -2841.3572 -2841.125 -2841 -2841.241 -2841.1521 -2841 -2841 -2840.7312 -2840 -2840 -2839.7981 -2839.2881 -2837.8936 -2837.7654 -2839.4006 -2840.1914 -2840.5762 -2841.8262 -2843.6536 -2844.2881 -2844.9241 -2845.2881 -2844.3816 -2843.7463 -2842.1621 -2840.7639 -2839.1287 -2837.4695
-2839.6528 -2838.9736 -2838.7466 -2839.3057 -2839.9231 -2840.3057 -2840.3057 -2840.6528 -2840.6528 -2840.6528 -2840.6528 -2840.6528 -2840.6528 -2840.6528 -2840.6528 -2840.6528 -2840 -2840 -2840.2009 -2840.6528 -2840.6528 -2840.6528 -2840.6528 -2840.6528 -2840.6528 -2840.6528 -2840.6528 -2840.6528 -2840.6528 -2840.6528 -2840.0452 -2840 -2840 -2840 -2840 -2840 -2840 -2840 -2840 -2840 -2838.6182 -2836.7341 -2835.4604 -2834.7764 -2835.3057 -2836.4651 -2837.3386 -2838.8596 -2841.0183 -2842.6528 -2843.2888 -2843.6528 -2843.061 -2841.812 -2840.4758 -2838.8406 -2837.2053 -2835.5701
-2837.8928 -2837.0176 -2837.0176 -2837.7827 -2838.0176 -2838.0176 -2838.0176 -2838.3494 -2839.0176 -2839.0176 -2839.0176 -2839.0176 -2839.0176 -2839.0176 -2839.0176 -2839.0176 -2839.0176 -2839.0176 -2839.0176 -2839.0176 -2839.0176 -2839.0176 -2839.0176 -2839.0176 -2839.0176 -2839.0176 -2839.0176 -2839.0176 -2839.0176 -2839.0176 -2839.9321 -2840 -2840 -2840 -2840 -2840 -2840 -2840 -2840 -2840 -2837.7292 -2836.0813 -2834.446 -2833.2034 -2834 -2834.4773 -2836.095 -2837.7302 -2839.3831 -2841.0183 -2842.0112 -2842.0176 -2842.0176 -2840.4758 -2838.8406 -2837.2053 -2836.0098 -2834.9172
