MapLib/Lvl1_5x5/BG/Ele_BG_CE.asc
ncols         557
nrows         557
xllcorner     2227500
yllcorner     5008669.448
cellsize      1000
nodata_value  -9999.0
[rows 308 to 335 of 557, columns 192 to 255 of 557]
104.7255 99.9437 101.9587 95.9852 96.81 100.8811 98.6568 100.5745 99.9 102.8142 107.5824 101.6166 102.9378 102.4745 100.4359 101.9315 101.2127 104.4171 102.4352 100.4106 103.5017 109.061 102.4031 102.6417 99.9083 101.3659 102.6042 104.9222 104.95 108.401 109.0047 105.8259 109.089 107.1184 103.963 106.2078 109.6167 104.5422 110.4841 110.6871 108.5574 108.7349 111.759 118.365 128.1906 119.2806 125.7394 139.1897 143.5627 121.9599 123.6901 123.5564 165.7695 152.7263 150.7479 168.4971 174.0421 186.2299 192.8983 201.0818 165.1339 172.9897 158.3365 192.396
97.2472 96.7374 92.4398 91.5331 96.1928 96.3358 95.697 97.9249 99.4322 97.4309 104.9123 106.4369 105.202 105.1546 105.1031 101.9789 111.0881 111.088 104.0401 103.6929 106.2581 106.9524 105.1808 101.4703 103.5944 103.0646 103.9336 102.2823 103.2576 106.3828 108.8921 106.0377 110.2675 111.4995 107.2194 107.9142 110.9306 119.4486 118.3807 108.9828 112.1573 122.659 130.4454 135.5329 131.6192 127.6413 154.2631 150.3995 147.6604 131.4529 127.8529 125.3241 137.3677 186.1095 191.1525 161.1768 170.884 172.8584 186.4605 165.379 218.2058 233.8774 217.2736 200.4419
102.0627 94.5492 93.7874 103.6214 95.7788 94.7496 101.2488 97.5787 100.2674 101.3481 101.477 101.5715 102.3574 108.6631 103.3679 107.3358 105.0977 108.2302 107.5293 104.3515 108.9573 105.7554 104.9391 102.4405 105.2986 109.3135 104.0527 106.5667 105.4413 109.114 108.5312 109.0574 109.3248 116.3605 115.2507 113.038 120.063 127.6778 135.9962 133.6351 134.7888 141.8699 140.2453 141.6413 133.5734 145.1159 150.3622 167.0369 174.7029 155.0359 133.2306 131.0699 161.8152 194.3782 236.1071 229.1725 228.6451 227.8189 223.753 223.0833 190.731 185.5773 207.6463 219.8333
103.0854 98.2946 94.8615 92.9678 95.9348 94.6483 104.6702 100.9092 104.0942 100.3862 102.2382 101.3278 104.9611 107.9361 104.1994 108.3435 102.9527 107.0707 106.1648 111.4785 112.484 107.942 108.2245 104.5026 106.3961 108.9691 113.2967 111.6067 113.276 114.6773 115.1305 114.6141 120.0379 115.43 115.5526 134.4186 136.6423 145.3762 131.7911 142.3438 142.9952 148.3564 150.5169 140.0187 148.5698 175.0945 154.2538 190.3334 218.4252 172.5144 161.361 135.2773 135.9292 148.4072 223.4513 206.0038 145.7365 147.2338 149.5208 157.5054 166.9065 211.7939 223.8594 211.0512
96.7182 92.6594 94.2194 93.1599 98.4282 97.8872 98.1596 101.2675 96.0914 101.4051 99.7971 99.9608 101.2599 105.2015 106.0846 101.3779 110.7264 111.1467 106.9214 110.7686 113.1099 103.8115 103.4051 112.6276 111.7669 118.2702 117.9999 118.0371 119.4021 120.2243 122.3779 124.4665 132.9679 128.9847 128.4943 137.8171 139.4827 141.8945 147.2321 144.3153 147.5224 163.0473 144.7565 148.6428 187.9339 204.8154 166.3501 193.9966 246.6975 221.7287 176.3069 153.7251 136.4613 130.5778 154.0231 145.9866 199.8847 210.4646 224.035 223.0208 232.7362 227.7008 252.6176 261.6467
94.1424 97.3847 92.5119 92.0844 98.0008 99.6744 98.3584 97.6637 97.3932 101.803 100.6108 104.7605 100.7548 105.1484 104.7931 106.8346 110.6625 107.6209 104.821 113.3981 113.3831 111.0253 110.9617 112.5737 119.7384 124.1322 126.3486 122.9936 127.8895 129.3287 134.8077 134.9341 146.3039 149.3728 138.0578 139.0248 148.7397 156.519 168.6094 159.1815 181.9246 180.4798 173.9317 152.161 169.433 197.7958 233.8285 238.8141 190.1003 221.0297 207.2856 180.268 160.0791 135.3945 134.3756 160.1232 236.7415 213.7371 196.5284 279.5702 300.8276 346.0141 395.5432 376.7404
89.5467 94.4825 99.7783 97.6634 111.4963 102.7281 100.1698 98.8454 96.5808 101.4677 100.0249 101.3581 110.2125 106.8177 113.3654 109.3501 105.9874 109.5131 110.7755 113.7671 118.5714 112.5609 112.8505 122.2598 124.7211 128.2661 132.3985 129.6708 127.7724 131.0841 139.2086 141.6335 160.4322 147.2737 140.8587 154.0985 147.5069 153.5565 186.0465 182.9078 198.6437 176.078 214.5227 211.4251 173.351 175.3328 165.3054 204.5941 220.318 252.0501 256.8618 216.6487 181.1436 158.405 136.4715 144.7889 165.8677 178.4439 215.077 231.8071 315.1999 368.9897 399.1146 420.0588
93.2599 93.504 102.2895 98.9245 95.5026 97.8638 99.8025 105.4508 98.7351 101.9827 98.5845 103.5659 108.9928 102.8661 102.5378 101.4658 106.5169 115.9819 119.2631 118.2262 118.6256 115.7371 117.2169 128.4182 133.9981 138.1682 138.8214 139.9139 139.644 144.4457 156.6803 158.7442 164.9907 164.8618 172.8147 166.4539 178.1694 195.6903 203.4907 221.2149 234.3893 205.397 235.3189 240.3044 176.8675 209.6597 164.9932 185.1893 214.2524 221.0908 271.771 219.9854 176.2886 156.2639 160.3557 145.9926 147.4028 153.677 163.0948 183.2624 231.5234 266.8355 330.243 350.3545
98.2095 96.0283 103.8 102.0021 95.7003 97.758 99.2793 95.6882 101.8325 99.4245 96.3941 101.5482 103.177 101.511 101.5805 102.2946 105.4117 119.2897 119.7574 119.6444 124.9015 114.6664 128.0298 152.7293 160.6381 164.7926 177.0022 176.0761 172.4798 158.5005 173.9458 151.9906 179.5187 179.9613 198.1176 205.1077 218.804 208.8416 203.4568 225.6203 272.0135 235.5176 260.2473 273.8813 215.8866 215.1268 203.6577 174.276 175.5098 228.8864 249.0343 213.7549 184.9681 158.2386 216.5203 167.7053 159.2527 155.6125 162.0807 166.1254 213.2475 262.3314 293.6843 303.8563
96.4524 98.0443 93.1686 99.9615 93.9919 103.5294 101.7097 102.5392 100.5247 99.4228 102.246 103.9876 108.0413 117.7603 105.7428 101.9638 104.892 119.2021 127.5449 128.508 122.0031 117.3431 147.2726 169.5011 185.8643 200.8807 204.2716 195.8442 186.7655 199.7662 176.802 167.4388 176.3013 169.1603 210.1969 188.4391 217.1562 229.9883 251.1163 252.9081 197.3047 247.4856 223.3844 221.9376 233.8716 225.9716 212.8991 178.967 190.1936 171.2396 187.8644 224.7558 207.3155 161.9427 210.6559 198.3685 183.2556 167.3665 160.5771 165.952 223.4173 216.9524 255.6634 289.4705
98.367 94.4726 95.661 96.0832 97.0964 102.973 104.6135 103.3832 103.2644 104.4353 102.8663 104.9328 103.2634 103.7419 104.0316 103.593 100.4657 107.3812 127.7436 134.5511 119.8233 122.7781 137.2578 162.2072 168.3057 172.6305 176.1955 168.2526 162.7484 203.2446 186.366 203.5973 213.4358 231.0046 229.2647 237.79 218.533 206.0186 230.159 192.0802 186.6749 201.0907 194.6815 228.0136 249.8831 262.9163 278.7071 256.2144 235.4584 191.6667 228.603 207.2556 212.7201 227.3709 174.5284 224.9959 226.0861 193.2419 175.7548 164.449 181.3244 252.7332 301.8952 280.1496
95.2428 95.5856 94.3088 101.5215 98.7478 103.6422 98.9632 110.38 100.2047 102.9774 101.8232 102.4133 106.275 105.209 104.2033 104.3068 103.6151 109.6061 120.4649 147.6305 142.6118 122.916 125.8886 131.5598 154.1385 147.6107 134.7593 133.9623 138.022 147.64 141.5591 145.0873 182.0812 194.895 176.9345 179.8378 227.2984 258.1481 174.1167 190.9927 249.4116 235.9914 248.1729 251.6362 244.4862 267.5452 231.1079 234.2202 264.038 230.2581 249.0267 221.3752 251.0987 246.2888 231.1221 172.4655 219.82 236.4998 206.0512 189.5531 173.2347 184.7305 236.275 280.5149
96.6346 96.1587 98.3306 96.6186 100.3962 100.3588 98.6528 102.1021 99.6942 98.6551 103.3639 104.0615 104.0305 101.4715 106.5321 106.8903 103.9142 106.2972 130.059 167.5333 157.1061 149.3973 148.1791 134.708 134.57 150.0366 161.6651 172.4391 176.2869 172.078 188.2696 207.0073 194.1655 168.2547 158.9789 167.8706 180.4532 183.6349 172.5894 203.7732 194.7332 228.757 214.9121 221.5211 215.6063 220.307 245.0972 260.817 228.2895 253.5814 220.1761 273.392 258.5351 251.5741 224.4861 210.8722 252.616 230.489 228.6012 218.9092 194.5697 178.2829 228.0607 255.7858
96.9088 93.0671 94.5904 103.2241 101.3862 98.1739 101.8983 97.9059 99.179 100.6768 94.4072 101.7328 109.1784 109.7599 107.9125 108.8792 109.2774 109.3764 111.7432 153.5747 180.3759 197.6254 163.5821 153.0503 135.6218 152.7418 172.3082 164.1749 157.3311 204.6579 202.8673 178.9178 203.7837 226.9449 230.6566 224.4269 207.8794 217.6062 217.6514 273.0341 253.025 219.9209 247.5196 226.3925 198.7523 233.7223 210.0518 209.7341 188.7268 216.2053 200.8888 202.0376 250.0986 265.4315 275.8208 273.499 280.2048 273.832 247.4315 216.3424 202.9936 191.5136 203.6348 226.6437
94.2481 95.6542 102.2048 98.7816 97.1249 97.103 98.2141 100.1069 103.3456 100.6352 104.6747 105.0617 107.7934 107.9397 109.0829 113.7628 111.7695 111.3882 117.5692 137.1957 160.7395 200.5677 199.6482 200.3143 168.5541 171.4771 191.4366 183.5564 172.0441 175.1063 181.7444 201.8566 213.2305 224.0398 261.9504 262.2961 215.7277 211.9988 272.9156 237.9234 229.1497 187.9096 187.8102 164.8143 172.0497 174.0214 181.7321 196.6087 236.245 233.3489 253.2183 253.8681 246.6063 238.6778 227.255 268.9578 308.4374 259.0863 267.3804 232.063 226.4476 214.5359 207.662 239.1612
92.0226 92.6021 95.5417 98.8964 98.5707 99.522 100.5252 97.4067 101.4727 101.4535 103.5668 104.3889 109.1491 107.8266 108.0119 115.082 116.2494 111.7058 112.9927 126.6408 133.5749 156.5864 205.4938 217.1521 209.3942 202.7547 218.2295 228.2419 231.9196 208.9697 203.6232 246.1676 245.0358 251.1604 241.0609 201.0724 194.9961 226.4644 206.5127 172.1328 155.1095 155.1565 158.3082 156.2085 157.3966 165.622 164.1205 172.0327 169.9402 176.9164 187.641 194.3569 235.9477 270.2286 275.3193 266.0262 255.9176 278.7614 298.1909 305.5538 286.7894 243.2392 260.9037 262.8819
92.5766 98.8026 96.3885 96.8145 100.1267 99.2643 98.8388 96.8307 102.9645 106.8017 113.1496 106.0555 104.0496 111.0189 113.6202 111.2666 109.3976 118.272 115.9129 122.0579 129.7289 142.1496 193.9639 168.6763 192.841 230.0087 199.353 215.9486 215.7566 230.558 212.0292 248.5954 227.9081 207.1585 185.169 147.3275 146.7617 145.2883 146.6226 149.9018 148.6501 152.0215 157.3584 154.2272 158.6425 155.8712 147.3219 160.7699 162.7982 165.0977 167.5603 176.0756 171.9854 179.4275 190.9737 193.2839 199.4569 247.0818 268.7037 302.2627 308.65 314.5834 345.5754 320.4176
96.6438 95.6321 100.9923 98.2242 99.9108 99.0906 102.8348 105.6522 108.561 101.8695 105.4633 107.8546 108.8725 106.2891 107.0733 108.3525 109.4579 113.7433 117.2304 124.2321 132.5401 139.0462 153.9909 192.234 203.94 201.9525 170.861 204.432 234.9454 245.7669 238.1111 261.4208 242.9611 205.9619 144.5917 143.8467 142.239 145.2831 148.7204 148.6456 148.0119 149.5188 151.2407 151.3926 156.5297 162.1567 162.5963 163.4275 163.2796 165.7666 170.8248 174.3756 177.9856 189.3133 192 191.5013 188.9446 193.1448 194.2039 203.9187 221.4015 238.8897 254.013 270.3253
95.7313 99.6628 99.0816 101.8633 100.6101 102.0031 105.0728 104.2936 106.5402 104.294 97.8104 106.8176 109.0876 110.0552 113.1607 111.837 110.4445 115.054 114.7731 123.6886 121.1059 125.2507 140.3882 150.3652 150.0567 163.7089 176.6581 196.8296 249.2704 234.2608 184.0128 221.2119 164.5042 138.3129 137.803 141.6965 142.3493 142.4953 146.3678 147.7791 151.9482 153.8447 152.7361 156.1677 157 158.9931 157.2962 162.7267 165.5425 167.3757 168.7275 168.3828 173.2543 175.1829 178.7486 179.481 188.8913 192 192.0423 191.6848 193.0891 193.4837 188.5015 198.4576
97.2405 96.9047 101.6087 101.2745 102.0676 104.8663 108.3882 107.126 103.2896 106.4553 106.5278 106.3218 111.8913 112.4465 111.9248 110.3821 114.516 116.0768 119.4234 120.5155 121.8255 129.1017 134.9017 133.2403 139.4549 182.414 213.5343 211.7064 195.8876 146.6174 135.2428 134.3533 139.2791 138.8963 140.3896 141.6273 142.3494 145.7323 150.068 151.1913 156.0982 156.6383 161.0528 162.4692 162.1774 168.0049 166.4279 166.4734 170.7727 174.1317 176.1785 179.1545 178.1217 177.6637 179.2174 180.2482 169.0661 184.9039 178.5237 187.3071 188.7178 189.7687 191.8552 200.8385
96.7902 98.8022 103.0977 104.0832 102.5293 107.4641 102.6544 108.9819 107.8745 111.7807 106.9676 110.2805 114.1001 116.3665 113.774 113.6486 116.7652 114.0452 120.9776 118.8728 124.184 119.8244 128.507 127.6123 130.4351 128.8922 129.7021 131.8052 132.8814 135.2079 132.612 135.5688 138.0522 141.3708 139.7182 146.6953 149.3422 151.4883 150.0889 156.4401 159.3639 159.4276 163.3268 163.7655 163.2785 168.1481 166.6959 170.4269 167.6673 165.5375 175.792 180.9013 176.8912 181.8573 185.3636 187.8304 185.8081 193.1997 194.1223 193.8974 196.765 198.9704 195.9595 197.8637
94.434 94.4051 100.1917 101.7923 105.7288 104.7724 103.8307 115.2034 120.0163 120.6336 127.6924 126.2247 123.3635 121.471 121.9988 127.0286 127.2105 126.0709 128.8295 123.385 126.4401 128.9345 131.5782 121.7971 126.4956 128.2493 132.6049 134.2155 129.7446 136.1295 135.7408 142.1279 139.8055 143.6222 143.207 150.2081 162.142 152.3731 157.1632 156.5609 168.1662 174.2154 169.3711 169.7283 179.0385 179.5524 180.1316 176.5541 181.3538 184.2858 183.1123 188.6715 186.6514 181.7061 174.2682 189.7082 205.6856 192.0078 191.5964 201.9683 201.8105 203.4945 208.7699 201.6043
99.7375 100.4741 105.5262 108.4972 108.3409 111.0005 106.918 108.7087 104.7425 114.8917 115.6579 123.5144 130.3865 135.6825 126.9665 129.4336 130.5585 133.9433 135.0295 133.3959 133.6889 134.9718 132.4704 133.7368 135.3358 130.1942 128.4862 139.3328 144.7974 146.6289 146.3267 143.7054 160.318 157.3645 156.7403 160.5552 162.101 158.8094 170.6054 166.8773 160.2052 175.657 175.6386 176.0546 182.0516 183.3562 186.7214 187.4595 180.2257 185.3043 190.3521 195.3086 203.0327 192.3127 201.1796 207.3983 205.1758 191.8334 214.8579 219.2144 212.5366 220.1242 222.4747 227.2221
104.5694 107.7409 106.1288 110.3075 111.8615 114.9589 103.5539 115.647 123.9396 117.9374 129.8149 121.5927 128.3805 130.2505 126.9427 131.7803 135.1814 134.6211 126.949 136.8667 136.2544 140.1741 136.6442 139.4164 142.0266 144.0515 135.9715 149.6615 153.7406 158.1754 153.0779 159.7182 162.4832 170.6837 167.1742 157.6801 180.1559 202.4187 206.9931 202.0026 191.1351 194.2157 182.6751 185.5292 191.5867 190.7445 194.0869 189.293 197.712 198.2578 212.456 224.5038 214.1286 218.0219 219.2206 229.4881 228.3521 235.6783 240.7253 235.6126 230.3102 231.5317 247.0712 257.896
104.1553 106.8233 109.7406 107.2935 112.5917 109.7 116.5245 117.4713 119 123.1115 125.5858 132.8548 126.1883 121.6013 140.661 142.2998 134.7934 133.0165 135.6674 147.4362 151.6127 146.1815 143.0717 144.0995 147.7283 144.2434 146.1839 144.0086 162.8138 175.0808 184.6491 176.0483 188.618 191.4798 183.6315 186.7084 170.8591 197.9929 209.9338 204.9527 200.4607 198.5498 192.9427 210.0929 206.1474 215.9147 212.6391 200.5696 219.5223 225.1283 220.573 229.1012 229.5034 236.2753 223.8326 242.8936 257.4874 278.1862 257.1495 266.6503 267.3522 272.753 294.8053 288.2649
104.2702 110.745 112.3263 109.0797 123.1831 119.8391 117.1459 112.3941 127.3693 124.7798 134.9075 134.6174 137.2358 142.2285 142.4657 142.6101 144.6681 142.8915 146.944 155.8291 147.2515 153.5197 155.6428 150.9387 164.7066 166.2951 162.4259 149.5207 156.9334 175.6969 179.8482 182.1907 178.0728 180.7909 197.1516 193.08 176.453 189.4305 200.8889 202.0719 220.2057 212.586 203.6666 202.4221 226.0393 228.621 217.8199 203.1231 214.494 242.2287 243.0726 241.5318 253.7917 266.2016 266.6923 284.0742 288.8408 280.9962 287.8668 275.35 280.8848 299.3195 283.6789 334.5724
106.2362 112.3064 103.0904 115.0039 118.9571 120.6582 124.1491 124.8121 122.4692 122.5604 125.538 138.8901 138.1134 143.269 139.2414 144.8955 144.8269 148.1445 143.0667 154.9096 155.0797 160.1243 166.7979 166.1475 168.1943 172.7262 180.9577 165.026 179.8518 180.8795 189.4154 194.9978 196.09 201.4849 212.9147 210.6251 191.4341 200.6117 210.6233 217.2834 225.6458 229.8659 242.658 205.522 227.1182 247.9329 224.1241 200.4821 232.6467 274.0964 266.978 278.4725 287.3431 295.2638 290.5529 300.5937 315.7338 304.0104 315.7379 307.827 319.7153 360.493 375.2542 365.7941
110.3358 114.5165 115.2078 116.5712 125.3987 124.2363 128.4196 125.8547 140.8182 131.7129 133.0571 129.8241 134.0134 133.6585 139.3471 140.9915 140.0851 149.3324 151.8546 157.4228 160.2517 159.9164 167.0276 173.0853 162.5182 171.7801 187.5061 170.0142 175.4761 168.467 224.43 285.4014 279.7719 249.6653 252.9302 234.6606 195.9287 233.2262 242.2518 254.9528 272.5763 251.8 257.7462 219.4693 253.5221 243.2183 242.8495 219.5171 200.3073 242.1393 302.4984 259.1853 264.3916 238.4616 271.6242 248.2895 259.4974 288.5393 322.8632 370.9195 393.1597 402.7239 427.3173 434.5502
