MapLib/Lvl1_5x5/BG/Ele_BG_CC.asc
ncols         557
nrows         557
xllcorner     1113500
yllcorner     5008669.448
cellsize      1000
nodata_value  -9999.0
[rows 162 to 188 of 557, columns 183 to 243 of 557]
496.7896 487.6981 494.5567 486.2536 469.4568 466.0855 462.8259 472.7052 473.5786 470.914 476.3797 501.6047 499.0807 500.7692 484.5733 475.065 471.9214 464.3029 484.5848 484.2639 474.8257 472.6096 486.5119 480.7154 459.4972 450.9305 471.8352 470.9252 447.5631 472.848 499.5941 484.8582 495.6239 499.8779 473.7239 447.8533 473.7913 487.9438 450.1563 456.9627 431.4856 419.3618 435.7742 478.5363 424.1125 384.5596 387.8607 387.0205 384.0168 385.0081 383.3419 380.9594 383.913 382.7268 394.6991 389.0909 394.1197 390.9559 461.7981 462.7609 466.1594
499.5619 485.2166 481.1102 494.4134 484.2876 487.2928 466.9758 479.4034 509.4235 478.061 481.0285 484.9277 481.9088 479.5356 489.1649 482.2282 473.8175 459.3847 467.7603 487.0273 485.1753 474.4945 477.2657 457.2906 461.1543 464.9702 453.42 452.8528 447.9288 472.888 485.2738 470.6432 467.2156 503.9211 486.4358 467.2774 438.1098 447.9347 438.3631 455.1898 426.0256 409.3575 396.7233 388.731 388.6565 388.0101 389.0009 389.0089 389.511 387.0552 382.726 386.427 388.289 391.2007 388.0926 412.6138 465.2822 473.4382 462.4411 473.9017 485.1648
506.9302 511.1004 497.0108 487.9705 480.3788 488.1928 507.706 505.7267 504.8688 502.8899 492.6561 481.6904 480.2061 471.639 457.7433 456.6757 467.936 460.9288 454.2725 474.9749 466.6748 469.5314 449.6988 449.9793 431.6489 430.8561 428.2847 434.7029 464.9494 450.5409 472.7035 471.0517 451.2006 484.9881 458.8623 464.62 442.4735 427.1725 411.8238 391.0835 391.5051 387.2572 390.2327 388.9275 390.1072 391.1518 389.9885 386.0141 389.4832 399.8715 392.8681 396.1932 411.3333 453.3647 441.4767 407.3063 447.0392 457.0979 433.4798 479.5398 470.7857
484.9301 504.6331 505.7237 508.091 501.092 499.1732 490.7973 488.8534 494.3708 485.6641 497.8531 488.9531 486.3703 483.9475 471.7228 474.3908 463.9128 484.5787 472.5 460.6888 449.9012 448.4431 459.2822 462.1532 482.3385 464.434 470.1642 437.4563 426.2869 434.1754 453.5176 442.1856 458.6609 463.6252 440.5394 423.3486 413.4763 398.8059 394.4727 397.9802 393.0092 395.3498 390.5033 397.8889 390.3727 399.1349 393.8183 397.4845 398.2398 396.8573 436.9572 450.8785 452.9766 459.3031 455.5905 445.4585 421.7125 445.9076 462.8013 470.8847 484.178
480.4654 486.9856 495.4878 486.8964 500.2929 485.0144 501.0887 496.0623 469.8199 474.2009 493.6616 505.1907 506.7397 486.5729 493.4985 480.7007 479.5191 478.6068 477.3386 475.9781 481.1252 474.6793 489.8896 474.8676 470.9471 469.5952 478.9329 473.5923 449.7559 447.8016 413.1534 424.5669 427.1779 419.2953 412.7398 406.4894 402.4174 409.853 405.8308 407.1224 402.8745 403.2657 400.5544 396.8929 396.735 395.6313 399.9691 414.553 457.0458 439.8733 417.7907 441.1487 470.5755 470.9948 459.453 437.2465 449.7973 422.9673 428.9711 465.4373 464.1736
498.6751 483.3215 479.198 498.4794 484.8967 484.4439 477.4825 495.9346 477.1188 456.8453 501.0063 492.9416 472.5381 489.7949 505.0804 494.3363 490.6078 493.5373 487.322 479.6113 482.6709 462.7626 463.3889 473.5858 464.5789 451.9064 455.5754 458.9874 445.2484 434.15 425.6846 412.8432 409.9599 408.88 400.5392 399.8564 405.6691 408.9166 407.3966 397.8275 398.7554 397.8924 402.136 420.4543 446.1219 434.9188 412.9246 448.8706 468.8205 442.8152 424.6599 452.4703 459.219 464.0975 454.9985 467.0374 445.4822 440.7147 462.4814 471.665 487.7345
501.4648 480.1876 468.6595 487.3612 468.2729 483.9042 490.8975 476.0488 458.4816 470.9057 486.8827 482.8776 474.5263 486.7509 485.3552 485.9722 485.2687 476.3274 467.8525 479.1217 491.7623 471.5439 459.9083 451.5151 445.406 434.0852 436.7881 434.7047 427.0634 418.0619 408.3696 406.6729 410.7072 409.4099 404.7066 400.0586 409.817 409 403.6278 400.6367 399.709 395.1928 435.1444 456.6691 437.6479 436.6065 436.2511 439.0414 456.6455 465.1158 451.9914 443.7411 451.5085 458.1914 472.751 478.2733 458.9918 462.2634 473.682 486.2639 489.4872
456.9748 487.1942 457.9598 480.8438 474.7432 455.5927 479.6955 485.2946 471.2859 461.0805 488.3189 469.5992 468.4927 464.9926 491.2152 492.2774 476.4119 488.6907 481.5824 466.8219 451.7072 467.4011 473.2415 470.865 455.9247 441.5451 435.1992 424.0817 417.353 406.7873 411.0956 408.8604 409.7477 411.7106 414.3976 407.731 405.1803 401.6043 395.9068 400.8924 396.3897 413.123 462.2337 447.4001 439.6569 454.1577 451.2369 435.6133 439.4832 451.4651 479.7291 477.5795 468.9321 479.4987 492.1978 483.3698 487.4767 487.544 488.9763 483.0675 470.3003
463.4847 458.7734 471.4664 446.6765 468.8128 463.086 454.7776 460.0473 474.7977 452.7102 463.209 478.3427 451.2865 452.7535 468.1663 467.135 476.3701 475.4807 463.0709 452.5308 462.6832 445.2464 460.6219 454.17 435.9752 421.9626 415.007 400.666 399.5463 411.6863 413.8409 419.1746 414.0706 414.5311 407.3089 403.8389 403.846 401.7624 405.3538 403.2414 413.0884 476.7694 488.1863 468.7099 458.5969 461.9728 481.3409 463.8246 475.8179 493.4169 491.3437 507.0927 474.6288 471.9813 485.4039 474.8435 473.5343 485.5858 480.6941 464.7247 471.5923
434.4657 432.6916 429.6344 430.9506 427.1319 424.1153 423.4214 427.5992 424.657 430.4441 428.2038 443.7112 447.162 440.8969 441.5854 440.9807 445.0664 434.6173 428.219 427.6428 424.582 417.2786 414.1443 422.2335 415.8032 414.0029 410.7501 412.9388 408.5512 418.3147 415.2293 413.2001 414.9541 408.8883 410.9644 409.4521 405.3619 403.2578 403.6176 405.7904 436.4612 426.4807 464.1063 483.0569 483.5844 492.546 497.6407 498.0702 477.0165 485.9598 473.0977 477.5653 471.6137 462.7983 462.2793 471.373 466.7725 472.7992 462.2935 461.6365 453.0977
428.6891 427.9586 428.5624 427.9218 429.3738 425.364 427.0114 429.3006 425.8259 424.0909 422.588 419.2407 423.4743 423.0464 422.3963 416.3055 413.4735 421.5049 419.4901 416.4443 415.4951 422.3857 416.2801 415.9972 416.0461 416.1382 415.4784 417.9488 425.2326 418.9128 420.0229 418.7228 424.0065 409.9657 402.6549 406.4193 406.4017 404.3026 408.6111 442.2481 454.1845 447.0361 452.5224 451.0887 453.1659 479.5176 475.2206 475.24 474.9784 473.6217 464.1153 461.672 462.5286 461.1766 467.6679 471.6827 457.8868 457.828 466.1262 463.6763 464.1115
483.4926 486.1575 476.2675 490.7309 501.735 499.7628 485.8589 461.8637 445.98 459.5052 443.6845 431.567 431.8332 428.0929 431.6743 434.2562 430.1122 431.2442 435.1127 476.028 462.4237 464.5203 437.9588 438.1621 450.6531 437.3361 428.5005 425.9449 423.838 426.246 426.3631 425.2058 407.4848 402.6203 414.9372 402.0774 405.2545 408.5988 413.1738 446.3752 470.4711 480.0295 489.6533 471.1029 484.6602 480.0434 471.0809 491.5334 475.1944 470.4897 468.4508 463.445 489.3188 468.7249 474.9556 475.3412 474.3033 486.2727 479.9337 491.7096 473.0729
491.8245 481.2334 503.2124 503.0099 497.0576 482.9179 491.4934 483.9918 489.0667 482.2026 468.6277 468.5955 479.354 482.9987 468.8855 461.4759 451.6093 450.5725 457.6866 451.4787 437.6712 431.2448 448.4723 454.6725 437.0729 429.6383 427.4261 423.586 425.3331 425.7005 418.3233 408.5094 413.8062 410.5721 410.0266 409.5644 413.2672 432.8536 460.5888 478.643 483.9908 500.2762 486.2257 484.4199 474.46 485.7088 480.1384 471.6905 469.0522 463.0716 470.5859 491.8658 487.2132 479.3788 493.8786 481.4177 478.1615 496.508 476.8262 485.9127 474.05
495.0455 478.889 479.2866 492.0524 509.4733 505.9702 479.3133 475.3934 502.7669 498.2722 504.2975 487.1422 473.7091 452.3043 467.7391 471.6261 464.2465 458.6695 446.1682 431.5419 455.381 462.2699 480.6201 445.2274 424.3752 432.7533 428.9665 423.8533 420.0072 414.4896 415.307 408.5857 414.4864 415.8763 415.8563 415.8613 409.9965 435.2001 451.4046 452.9415 486.638 490.7078 486.7024 483.742 489.6619 479.7988 478.1806 497.748 474.4201 469.9793 488.3026 487.8668 493.8364 497.4786 494.0244 477.7221 464.9176 459.7304 458.3286 459.3316 470.8965
506.9157 503.4853 494.5127 483.054 482.192 489.5839 499.0521 486.2947 461.8965 485.7796 479.1893 477.0133 469.7494 463.3636 456.3327 452.6379 453.0197 438.6068 445.4725 462.654 463.4948 435.8407 433.9635 432.2074 424.7563 422.0175 423.4331 419.2578 419.0598 418.5808 406.9382 413.6205 416.1064 418.2361 418.4855 425.2573 424.0739 423.9115 465.2615 465.1708 457.5609 478.3857 508.1752 485.5252 487.6576 495.122 498.7356 490.4256 485.474 475.3084 469.4562 476.3151 482.7064 492.2018 488.1529 494.3417 486.9261 467.1119 480.1464 468.4666 460.4092
502.1909 502.7096 490.058 488.9155 468.0619 467.708 457.7622 460.6989 467.5794 450.5344 462.7804 445.304 447.6701 442.3761 443.7983 437.3881 441.3296 438.8311 430.0096 426.9998 432.2294 427.0583 429.5959 428.5434 419.8629 417.3245 417.2419 415.9761 416.1551 412.1301 420.0633 418.4922 416.3685 425.2531 427.366 424.7095 422.1667 419.9578 436.0765 463.2351 503.6678 473.2428 497.5781 506.7488 487.665 499.7392 489.4371 493.2383 492.1083 490.6226 488.762 497.943 499.2738 495.9472 476.4817 477.0576 472.0399 487.7802 479.569 493.899 492.0399
472.5511 467.5737 487.4932 480.7239 465.5344 464.4039 449.922 447.3088 451.4644 455.9366 446.7677 441.6295 441.6045 440.3361 435.897 433.3512 425.8411 428.9291 427.7795 425.567 425.9449 423.5226 424.3849 423.6035 422.3035 420.2712 414.275 420.3103 417.9141 416.6841 421.1484 421.3599 422.5006 422.679 422.6021 424.3636 421.6781 420.1902 420.4592 440.1982 453.183 480.9833 484.1043 507.1959 491.9297 499.8736 499.6042 500.9895 494.6072 494.4117 499.004 491.2747 488.1329 483.4782 487.5753 477.153 477.9654 471.92 469.3898 483.8263 475.0981
493.1805 477.127 468.0113 454.3052 443.0201 442.8494 443.5091 442.829 439.022 438.0775 447.98 441.078 434.3993 437.1714 438.799 431.0839 432.9278 431.294 429.0084 424.1324 429.1562 430.7381 428.227 427.6289 424.5773 422.3029 422.554 426.0742 421.2372 425.0813 417.6758 427.2244 426.5295 423.2621 430.8437 428.494 425.2737 426.7752 425.4701 441.0182 478.8414 485.7079 474.9283 488.1923 498.9356 485.7318 495.0444 488.7137 496.6397 474.1268 501.3435 494.2139 489.1428 475.1048 491.1205 488.4805 495.2462 474.4574 458.3585 460.0651 480.3631
477.3435 460.2628 446.6987 442.416 443.2333 445.1741 443.2556 443.2468 443.5654 446.987 447.3685 438.2482 437.2312 437.6808 435.947 434.7513 437.2289 433.5293 430.3999 429.5034 430.7915 432.2716 430.6381 430.6104 430.0738 425.6852 429.6333 436.424 431.1576 429.8206 428.9737 430.3675 423.8278 428.24 429.1984 431.9157 429.1869 428.9883 427.3179 455.9894 463.4878 478.5201 484.8322 494.9676 492.0281 481.7441 477.7881 473.8124 484.1552 476.4825 486.6254 491.4575 486.4946 479.1335 472.0691 466.4366 479.0708 478.2922 479.7847 467.5041 460.1526
490.2475 439.0531 443.2231 445.8138 442.4279 442.3289 443.8795 443.0457 454.4145 453.3831 449.7796 435.468 438.5163 442.4148 437.6848 437.1077 435.9675 437.3254 434.8037 431.1871 434.6977 438.7805 434.0696 436.3192 433.3408 433.4016 430.7538 434.2184 430.5655 429.0916 427.2834 431.5479 428.7116 428.6135 431.221 435.0578 430.2614 426.859 431.3395 437.6581 441.4612 451.1327 462.2099 477.417 502.8771 497.9176 487.1785 494.1109 493.4117 473.8832 472.5867 492.932 486.057 487.6821 478.2251 490.6422 477.6796 459.2726 472.9339 468.6687 476.4826
448.7987 447.6422 444.5462 441.0635 441 441.7641 446.0378 443.9112 445.8844 450.4532 445.7707 444.3715 443.0189 443.3612 443.318 446.9247 435.1925 433.0236 437.5885 435.5603 439.2839 438.9592 436.3914 437.9677 434.9229 436.9817 441.9697 438.1679 432.0026 436.1089 431.4646 434.3815 433.2169 433.6735 434.6227 437.4742 438.6416 435.6278 433.4574 451.5628 465.1538 459.153 464.7835 494.4063 492.3459 494.5683 507.492 502.985 494.03 480.5438 465.936 475.1476 483.8388 489.241 471.4952 483.0754 481.193 471.977 476.0313 470.5549 454.9782
448.5699 449.1274 451.5358 445.1852 443.422 446.1252 444.8529 448.7701 455.3842 450.9531 447.0524 448.4125 447.4516 444.2345 442.1786 444.7601 442.3667 441.9118 440.549 440.3381 442.4919 439.291 438.3396 440.9994 448.2758 443.174 442.4456 441.3462 431.3477 436.0618 436.6219 434.1284 435.6593 438.0472 439.5099 443.4485 439.4362 434.3793 443.7369 449.2765 462.2672 491.6898 479.6949 500.4612 502.2349 480.8296 499.0164 486.8845 488.3894 489.0034 487.878 481.0805 466.0023 476.4435 468.3482 466.7175 457.6623 462.1986 456.4145 454.7578 448.6543
447.418 446.5656 450.1832 451.7975 450.316 446.2423 451.7236 452.6049 449.0984 448.1458 448.1654 444.5236 444.946 444.4304 441.1657 445.3458 447.6086 445.6279 444.5201 441.5667 448.215 451.281 451.14 447.8684 452.1743 450.7704 448.3398 444.177 440.9249 438.5095 441.3402 443.7365 446.1115 438.9794 442.9907 442.7648 439.4758 438.9464 434.6742 459.1 482.029 470.7342 500.321 497.4094 485.0599 485.6521 477.3705 484.1405 479.2304 473.1537 468.4618 464.6071 474.0948 469.2039 465.6694 471.0329 478.8102 476.1943 474.5642 475.1284 463.593
453.1754 454.4243 452.8318 453.7801 452.5715 452.8871 459.4987 460.1282 453.1657 449.3908 447.4732 452.2218 453.8762 453.452 448.0818 446.6372 444.4079 447.2743 447.0715 446.4643 447.8578 451.1851 454.4616 450.7986 452.3307 451.6028 450.6316 442.0049 444.4467 441.4594 443.8822 445.7828 446.8624 450.0024 446.1395 445.4494 443.6428 439.4594 443.3764 458.7932 472.681 484.9953 492.5201 496.8797 504.54 483.6041 488.6633 486.0846 497.4581 507.7485 500.851 486.2417 475.462 466.4289 481.828 497.2098 491.8717 484.7267 487.3069 484.9223 478.7385
453.7412 460.393 453.1523 454.9008 453.3699 454.5086 463.3099 455.3304 451.7839 449.7439 449.1963 451.6605 456.6101 452.9274 450.1799 449.7425 448.5549 449.8206 451.2521 450.0499 449.1096 454.9391 460.7601 455.5959 453.7299 456.0423 453.6229 448.5767 447.5819 448.7818 447.3688 448.5786 454.1457 452.627 448.7368 446.8336 443.4938 441.9535 441.6805 452.1395 447.1237 455.4969 485.5658 497.5422 508.2241 503.7297 500.8418 508.5635 491.2719 482.6715 482.6189 481.0201 464.661 470.5195 482.3226 489.79 474.6651 476.2555 468.6073 463.6968 466.541
463.0386 463.9072 459.5217 457.945 455.7971 459.687 465.3179 456.3661 451.089 456.1174 459.0545 456.5234 454.6342 452.0606 456.0473 450.3716 451.6592 452.7307 454.2923 455.514 451.3895 454.3975 459.6322 459.358 455.5931 455.4542 457.9698 456.019 454.5224 456.2123 454.9265 460.8657 458.2277 455.7191 453.7804 444.0946 450.8973 453.1025 451.27 473.6867 485.2488 475.2503 488.552 506.5762 504.7061 496.5895 481.7622 500.7126 494.7383 481.4469 472.0301 472.4908 472.9548 486.4737 502.0266 513.7432 514.5959 495.2052 487.3471 475.4588 468.2404
462.0243 461.7724 462.2715 460.0287 460.9344 463.9092 459.6595 455.8727 455.272 457.3847 457.1221 457.1189 459.8825 457.4971 453.6436 461.4705 460.4974 458.8503 456 456.0666 456.0413 457.0843 464.1621 471.1313 461.1521 452.5391 456.8883 457.2709 460.6015 463.8667 465.9398 456.3504 455.6396 456.7843 449.5905 456.773 463.8221 462.5252 459.1652 463.847 472.9491 468.6049 484.5491 497.2921 486.602 474.5135 475.1299 479.2401 472.0423 477.7765 489.6805 497.0673 473.4079 466.1306 458.5457 475.778 477.1313 488.3688 484.1309 487.8953 492.6617
