MapLib/Lvl1_5x5/BG/Ele_BG_EA.asc
ncols         557
nrows         557
xllcorner     -500
yllcorner     3894669.448
cellsize      1000
nodata_value  -9999.0
[rows 75 to 99 of 557, columns 290 to 347 of 557]
-135.9216 -131.9206 -128.1046 -125.7394 -120.2033 -114.3967 -111.5081 -108.3309 -102.5986 -97.1694 -93.8458 -89.8629 -84.6426 -80.1294 -76.8589 -72.1058 -65.7205 -61.188 -56.8082 -51.9024 -48.8017 -47.2269 -47.0811 -48.8116 -50.5395 -53.14 -54.4991 -55.3646 -54.4274 -53.3669 -52.5777 -52.003 -50.4761 -49.7879 -49.1527 -47.5174 -45.7869 -44.0564 -42.3389 -37.7864 -32.7585 -26.3732 -19.854 -12.2722 -4.772 4.1205 6.8052 13.5411 8.4618 10.2468 16.1392 53.1847 57.7254 55.1693 47.7629 47.8661 39.3786 -1.6229
-136.8264 -132.1834 -129.0085 -125.7394 -120.7398 -115.0547 -111.9278 -109.0913 -102.7736 -97.9972 -93.8458 -89.8629 -84.9571 -81.0342 -77.7637 -74.1554 -70.4441 -65.6197 -60.9835 -56.0777 -53.1915 -52.9219 -54.1336 -56.5024 -59.5942 -62.1524 -63.448 -63.6524 -61.7665 -59.7747 -59.4935 -59.6524 -58.6524 -57.9642 -57.3289 -55.6937 -52.6245 -49.5252 -46.4624 -42.6922 -38.5169 -33.6111 -28.7608 -21.1492 -12.4544 -5.5332 -1.0781 12.0029 12.6843 9.2111 11.5516 42.0512 64.324 55.764 55.8367 45.7063 29.6309 -19.4317
-137.9271 -132.1547 -128.641 -125.7394 -120.9377 -115.2975 -111.9278 -109.0115 -102.7736 -98.1163 -94.7969 -90.6805 -85.9571 -82.3937 -79.1294 -76.3854 -73.5884 -69.6837 -65.7789 -62.295 -60.1944 -60.8525 -62.3388 -64.3769 -66.4339 -67.4817 -68.7315 -68.7315 -67.7725 -66.8287 -66.5425 -66.3102 -65.0636 -64.2113 -62.7737 -60.7878 -57.5435 -53.273 -50.0025 -46.732 -42.8272 -39.5567 -35.6234 -27.8674 -19.0827 -12.2178 1.0428 9.9935 8.0454 -1 12.6986 53.3919 56.2196 48.7216 42.0795 -1 -9.8895 -35.2166
-139.1028 -132.5608 -128.0109 -125.7394 -120.2043 -115.2985 -111.9278 -108.486 -102.7736 -98.1163 -95.8448 -91.8619 -86.9561 -83.0342 -81.3812 -78.4934 -76.1123 -73.4781 -70.8438 -70.003 -69.0034 -70.0031 -70.7035 -72.3381 -72.0321 -72.0024 -72.0022 -72.003 -73.5149 -74.003 -74.003 -72.5859 -70.95 -69.3141 -67.6785 -65.0845 -60.8144 -56.5445 -53.274 -50.0035 -46.733 -44.2319 -40.7854 -33.799 -25.6234 -19.7581 -14.1643 7 7.5627 9.8367 20.131 42.423 55.7018 39.0713 4 -10.9771 -28.998 -45.347
-140.9133 -133.197 -129.0081 -126.3756 -121.8395 -116.3606 -112.5641 -109.0132 -103.2868 -97.8351 -94.1604 -89.5904 -84.6846 -81.7446 -79.8845 -78.7466 -77.6768 -76.4457 -75.2146 -74.4033 -74.0651 -74.9324 -75.2725 -75.8497 -76.2725 -76.052 -76.1502 -76.9088 -78.095 -78.9088 -78.9088 -78.3391 -75.8221 -73.3339 -71.3795 -68.355 -64.4905 -60.814 -57.5435 -54.273 -51.0025 -47.732 -44.0559 -38.0945 -31.2046 -24.9749 -20.0691 -15.3749 -9.8234 13.0881 18.125 43.4673 40.6977 14 -13.5028 -26.7341 -39.129 -50.4912
-143.5381 -135.5491 -131.0946 -128.5539 -123.9457 -118.1843 -114.4708 -110.5861 -104.0451 -97.826 -92.7686 -87.8629 -82.9571 -80.284 -78.6534 -78.7276 -79.5128 -79.1614 -78.8145 -78.8145 -78.8145 -78.8145 -78.8145 -79.086 -79.7933 -80.6922 -81.2619 -82.0526 -82.32 -82.543 -83.3255 -83.3968 -80.7086 -77.4381 -75.4032 -72.6255 -68.355 -64.356 -61.0855 -57.6793 -54.273 -51.0025 -47.3264 -41.3909 -35.6028 -29.8806 -24.9749 -20.2271 -15.2178 -8.9081 12.164 18.3755 -13.816 -24.6969 -32.2996 -39.5879 -47.5005 -55.2328
-151.8435 -143.0611 -138.5433 -134.3664 -128.658 -123.0178 -118.162 -113.8795 -106.5871 -99.54 -93.6754 -88.7696 -84.7706 -82.8135 -81.1954 -82.0433 -83.609 -83.7203 -84.6271 -84.6271 -84.6271 -84.6271 -84.6271 -85.0245 -85.6271 -87.2332 -87.6271 -88.5038 -87.2084 -85.8135 -86.596 -87.3958 -84.7076 -82.0611 -79.4599 -75.9335 -71.9937 -68.355 -65.0845 -61.3142 -57.5435 -54.273 -50.5969 -44.6912 -39.1093 -34.7864 -29.8806 -25.9359 -21.9556 -16.9769 -16.4158 -19.7159 -26.2086 -35.8573 -41.7129 -46.6187 -52.6456 -58.5511
-161.9889 -152.9951 -146.809 -142.9032 -136.0459 -129.1068 -124.1019 -118.8534 -110.2399 -102.8425 -96.9367 -92.7433 -89.0149 -86.7272 -85.092 -86.4215 -88.4637 -89.408 -90.1681 -90.1681 -90.9352 -90.1681 -90.5476 -91.3499 -92.681 -93.9877 -94.6261 -94.6261 -91.6022 -88.6935 -89.8665 -91.3507 -88.9781 -85.7076 -83.4371 -80.1666 -75.3021 -71.6255 -68.355 -64.5848 -60.7408 -56.6487 -53.0532 -47.9396 -42.2043 -37.9194 -34.2154 -30.9204 -28.1919 -25.3834 -25.6853 -29.6207 -35.9789 -43.9217 -48.1413 -51.4118 -56.8226 -62.9357
-176.6521 -166.7327 -160.4331 -154.897 -147.0433 -139.4779 -134.4554 -128.3539 -119.0811 -110.5608 -105.5916 -100.6389 -97.1911 -94.9035 -93.4455 -94.0949 -94.7091 -95.7091 -96.5601 -96.7091 -97.1388 -97.7206 -98.5866 -99.2219 -100.6852 -100.7091 -100.6663 -99.6552 -96.508 -93.5318 -93.5318 -93.8628 -91.2486 -88.6663 -86.0311 -83.4371 -78.5726 -74.7188 -71.4483 -67.2664 -63.0606 -59.6367 -55.4716 -50.0141 -44.1491 -39.4995 -36.1069 -33.7727 -32.393 -31.8306 -33.3492 -38.2549 -43.0263 -48.4649 -51.2059 -53.505 -60.9563 -69.5467
-193.5906 -182.7791 -175.1442 -169.6041 -160.7194 -151.8087 -146.7046 -141.1455 -130.5095 -121.1747 -116.2063 -111.263 -106.71 -103.8923 -102.4445 -102.0627 -102.0627 -102.2502 -102.28 -102.4376 -103.3307 -104.2623 -105.1378 -105.7731 -106.4376 -106.4376 -105.3837 -103.7484 -101.4137 -98.318 -97.6251 -96.3165 -93.7066 -91.1243 -89.0388 -85.8951 -81.0306 -77.1666 -73.8961 -70.1258 -65.4075 -61.272 -56.7834 -50.8368 -44.9719 -40.8786 -36.9194 -36.2307 -36.4783 -37.3176 -40.7129 -44.8061 -48.3378 -51.4118 -52.8412 -55.1403 -65.5315 -76.8031
-213.1496 -202.0536 -193.9455 -186.6086 -177.8845 -168.073 -162.8697 -156.9075 -146.6383 -137.2044 -130.6871 -123.7329 -117.744 -113.7115 -110.7918 -109.6513 -108.841 -108.2673 -107.3434 -107.3434 -108.3434 -108.3792 -108.8956 -109.0808 -109.4478 -108.8956 -108.3145 -107.0189 -105.101 -102.7484 -100.7628 -98.6124 -95.8189 -93.3795 -91.1243 -88.0009 -83.6658 -79.4371 -76.644 -72.3963 -67.0427 -62.137 -56.7834 -50.8368 -44.9719 -41.3774 -38.5307 -38.7083 -40.2099 -42.1957 -45.3186 -49.1413 -51.6537 -52.8412 -54.4764 -57.4394 -70.0355 -83.7209
-234.1138 -222.561 -213.1044 -205.845 -195.4032 -185.5168 -179.7307 -173.6311 -162.9909 -153.6212 -146.4513 -138.2925 -130.0093 -124.7001 -120.7783 -118.2239 -116.4528 -113.8083 -112.2492 -112.1832 -112.0831 -111.9405 -111.0831 -111.0831 -111.0024 -110.4442 -110 -109.1961 -107.4881 -104.8528 -102.4351 -100.1993 -97.8985 -95.3948 -92.7596 -90.086 -85.218 -80.8348 -78.271 -72.8349 -65.2515 -60.4019 -55.734 -50.7572 -45.028 -42.4032 -40.2151 -41.6996 -43.5172 -46.8585 -49.5706 -52.133 -53.9041 -55.6752 -58.3632 -61.4069 -73.5094 -86.3975
-257.9782 -244.0208 -234.3591 -226.1864 -215.363 -203.5956 -196.908 -189.9837 -179.3435 -169.5729 -162.8746 -154.9088 -144.9455 -137.7978 -133.0662 -128.3393 -123.2559 -120.3493 -117.6446 -115.6422 -114.128 -112.7183 -112.2153 -112 -111.7265 -111 -110.5449 -110 -107.8386 -104.7471 -102.2788 -100.5823 -98.6653 -97.0301 -94.1625 -90.8125 -85.9363 -82.2598 -78.9893 -70.2835 -58.4897 -54.7448 -54.0436 -49.8776 -45.6479 -43.6306 -43.4366 -44.1362 -45.8708 -49.9936 -51.574 -52.8758 -56.0607 -61.2242 -64.9305 -68.8648 -75.8017 -84.1983
-286.6477 -271.833 -261.096 -252.9358 -240.2395 -227.1575 -219.6767 -211.3364 -198.2119 -186.9655 -179.1727 -169.8419 -158.3951 -150.5323 -144.7555 -138.6252 -132.5668 -127.8883 -124.3932 -120.8254 -117.8327 -116.0377 -115.2545 -114.4903 -113.7174 -112.7071 -112.1121 -111.3536 -108.3297 -105.5599 -103.9247 -102.2894 -100.6542 -99.0189 -96.3837 -92.153 -82.6929 -73.3475 -63.4173 -49.4008 -34.0221 -33.9959 -40.4654 -43.9507 -46.6025 -47.4143 -48.3608 -48.7904 -50.4948 -53.464 -54.5347 -53.4764 -58.4121 -66.9123 -72.8251 -76.9942 -84.995 -95.5098
-319.5309 -304.5382 -292.8172 -284.0057 -270.4004 -255.7014 -246.5994 -236.9402 -219.7865 -204.2308 -194.4367 -183.2084 -171.4772 -162.979 -156.4492 -149.9081 -142.4884 -137.3612 -131.4778 -127.3664 -123.1071 -120.9015 -119.2741 -118.6348 -117.0067 -115.3783 -114.7362 -113.1108 -110.4712 -107.8416 -106.2064 -104.9842 -103.9247 -102.2894 -99.6542 -93.2359 -75.5195 -56.1418 -34.9566 -13.749 52.1256 -2.7427 -17.216 -34.4727 -48.7208 -53.2743 -54.9018 -54.9553 -56.1748 -57.8188 -57.0079 -54.1228 -61.0479 -73.3154 -81.0296 -86.5884 -101.1798 -118.1888
-359.5998 -339.9307 -326.1383 -314.676 -297.4563 -278.6044 -266.3138 -253.8295 -232.6825 -214.679 -203.9565 -190.9082 -176.2784 -166.0685 -158.9033 -152.5205 -147 -141.8554 -137.3947 -132.9847 -129.0129 -125.7668 -123.548 -121.9127 -120.2772 -118.0179 -116.3827 -114.7474 -112.6002 -110.101 -108.7598 -107.2064 -105.5711 -103.9359 -100.4746 -89.5506 -63.2035 -39.0687 -17.4102 -2.4405 53 -1 -9.2423 -30.9316 -50.5063 -57.065 -60.7654 -60.8722 -61.0893 -62.1926 -62.6889 -62.4914 -66.0247 -72.9996 -80.2779 -91.0164 -124.2517 -164.2112
-401.1679 -376.3154 -359.7051 -345.8317 -322.7686 -298.0588 -283.0266 -267.2451 -242.5071 -221.9443 -210.4975 -196.386 -178.8222 -166.9009 -159.4653 -153.7301 -149.2889 -145.7302 -142.2003 -138.3414 -134.9186 -131.3407 -127.8962 -125.3556 -123.296 -120.047 -118.0179 -117.032 -114.6146 -112.1121 -110.4769 -109.8416 -108.2064 -105.1947 -100.205 -84.7905 -48.3953 -21.2853 -5.8826 -1 -1 -1 -9.0847 -31.6492 -52.9731 -61.4612 -65.9305 -66.0373 -66.1418 -66.5187 -68.2345 -72.1228 -71.877 -71.084 -80.0901 -97.9848 -157.6445 -229.3984
-435.4044 -408.6001 -388.2613 -370.9879 -343.7451 -313.8259 -296.7958 -278.5386 -252.4619 -230.2745 -218.7587 -206.2611 -193.9862 -184.5945 -176.4336 -167.3735 -158.0004 -151.9564 -146.3654 -143.0949 -139.44 -135.4958 -132.0152 -129.4184 -125.8734 -122.0346 -118.7586 -117.1233 -115.4341 -113.7474 -112.1121 -110.5823 -109.8416 -106.8299 -101.6007 83 -31.6997 -2.177 -1.0714 57.6493 54.031 5 -15.5331 -41.8051 -64.4878 -70.9176 -73.4139 -72.9525 -71.4667 -69.9213 -67.2304 -64.9661 -71.2688 -85.0466 -111.8331 -151.121 -254.2488 -367.8644
-466.7498 -439.3102 -416.5991 -395.8133 -364.3706 -331.3546 -313.3348 -294.5647 -267.1445 -244.1171 -232.3717 -222.6281 -215.6169 -207.5722 -199.2903 -185.0027 -169.2992 -159.2222 -150.1869 -146.4708 -143.2003 -138.9298 -135.6593 -132.8589 -128.6171 -123.7113 -120.1605 -117.7111 -116.2586 -114.8528 -113.2175 -111.8036 -110.5018 -108.3 -102.8582 28.2693 -17.5368 25.9372 7.4455 44.5103 -1 -2.2244 -26.0682 -54.973 -79.3171 -82.0142 -81.6492 -80.0674 -78.4451 -76.9075 -71.6604 -64.7379 -83.0998 -120.407 -171.1962 -236.0183 -377.675 -527.0645
-498.5442 -471.5452 -448.202 -425.6822 -394.6037 -361.4342 -348.1333 -333.3736 -304.6124 -281.6224 -273.1857 -262.7313 -251.522 -236.3166 -218.8869 -198.9429 -177.1446 -164.8279 -153.9915 -149.6102 -145.3999 -140.9596 -136.5996 -133.3291 -130.0582 -125.2816 -121.9237 -119.5565 -117.1412 -114.8528 -113.2175 -111.5823 -110.7907 -107.1335 -98.8339 124.5752 81.9248 40.2239 108.6995 59.6714 -1.3121 -16.5334 -45.5679 -70.0368 -88.2874 -90.3491 -88.8701 -88.3398 -91.2032 -99.0942 -110.1002 -124.0222 -167.1771 -232.3381 -309.1343 -396.8344 -531.4023 -667.3869
-529.0342 -502.6496 -478.4756 -455.9517 -425.095 -393.2907 -383.8485 -372.5862 -342.4884 -319.2398 -312.6371 -298.9447 -277.3358 -253.8506 -229.6516 -205.199 -181.3814 -168.133 -157.2911 -151.5816 -146.7109 -141.7922 -136.8396 -134.1295 -130.8585 -126.588 -124.1661 -121.9237 -118.3667 -114.8528 -113.2175 -111.9166 -110.758 -106.5589 -96.0591 -66.4987 61.7987 110.4047 101.2765 11.6027 -13.9434 -42.2224 -66.3143 -83.8189 -97.2527 -96.8901 -95.4439 -95.4011 -106.6151 -138.3468 -178.853 -228.7548 -299.0577 -384.6445 -476.7052 -574.532 -699.429 -821.2322
-555.6525 -527.7773 -504.5984 -483.1454 -452.094 -420.7981 -407.8507 -393.7822 -365.0599 -340.6776 -327.8444 -300.5985 -255.7823 -225.5026 -205.6615 -189.4267 -174.2883 -166.0061 -158.3633 -152.6167 -146.7109 -141.8052 -137.5996 -134.4752 -132.0418 -129.2233 -126.5246 -124.0642 -119.8998 -115.2243 -113.5584 -112.7643 -111.4356 -108.9825 -102.266 -86.6384 -56.0705 -38.3934 -36.5476 -45.4718 -61.0895 -73.7096 -85.3773 -96.7757 -105.7289 -102.9843 -99.0014 -98.6178 -128.8344 -222.3459 -328.8464 -448.7462 -544.1777 -621.8451 -685.0684 -750.4363 -891.4849 -1039.4861
-580.0009 -549.0395 -525.4139 -504.1155 -472.8634 -439.9904 -423.4594 -405.6079 -375.9987 -349.895 -329.9951 -291.755 -230.7515 -196.2485 -181.0119 -172.4024 -166.9718 -162.7395 -158.3037 -151.8223 -146.7109 -141.8761 -138.3707 -135.8063 -134.1708 -131.4926 -128.8832 -126.3796 -122.1303 -117.0654 -115.4302 -114.183 -113.2126 -112.4756 -108.5657 -105.3631 -102.1376 -101.5128 -103.9512 -102.2131 -99.0776 -98.2126 -99.9528 -106.3428 -112.423 -107.7548 -102.2945 -102.4072 -151.5256 -298.9499 -459.7596 -633.0282 -755.5801 -841.2552 -888.2792 -929.6514 -1070.5439 -1224.7273
-598.4108 -560.6907 -533.5948 -511.7062 -476.9006 -440.1525 -419.3122 -397.9214 -364.2986 -332.0808 -304.4362 -264.1472 -206.5759 -174.9743 -162.3996 -158.7493 -159.1623 -157.8676 -156.8163 -151.6771 -146.7109 -142.8969 -140.7121 -139.3137 -137.4619 -134.1999 -131.3938 -129.5356 -126.2379 -122.5734 -119.7834 -117.9946 -117.4123 -116.5218 -114.1776 -111.8658 -109.2305 -108.0538 -109.0786 -107.1189 -103.2772 -102.4123 -103.2233 -108.8981 -114.287 -108.4609 -104.7596 -112.0978 -174.3434 -346.6262 -519.4493 -693.7222 -851.534 -992.902 -1066.7562 -1116.0707 -1209.7371 -1309.397
-618.8471 -577.144 -547.1691 -522.8701 -483.8197 -442.1643 -418.3476 -392.825 -352.4498 -315.4924 -285.5391 -246.3248 -194.2256 -165.1669 -152.9487 -151.8482 -154.8153 -155.3451 -155.5225 -151.4111 -147.482 -144.2764 -142.6412 -141.7791 -140.3705 -136.4704 -134.4414 -132.8061 -130.3375 -127.3884 -124.385 -122.2651 -121.6828 -120.9946 -119.0358 -116.724 -115.0888 -114.0242 -114.0242 -111.5249 -107.4127 -105.6828 -106.4938 -111.8599 -118.9755 -124.9968 -133.9773 -153.9366 -229.0126 -414.649 -585.8515 -741.9774 -913.3979 -1089.4751 -1185.9316 -1248.5061 -1318.7223 -1387.967
