MapLib/Lvl1_5x5/BG/Ele_BG_BF.asc
ncols         557
nrows         557
xllcorner     2784500
yllcorner     5565669.448
cellsize      1000
nodata_value  -9999.0
[rows 392 to 419 of 557, columns 189 to 251 of 557]
145.3032 148.7066 163.0735 169.9379 161.5297 154.9879 146.8561 141.2107 159.3927 156.4158 150.5571 151.7805 144.3322 147.2925 149.0076 139.7317 143.8594 155.0102 157.6228 160.7524 153.1455 153.7952 151.6908 147.2626 150.1516 140.6392 144.1867 147.0036 146.488 148.1798 146.5947 141.9157 141.2982 138.6183 140.1728 150.6665 144.53 146.0822 152.681 155.6471 149.2209 150.385 148.5303 162.2587 158.4971 154.0607 154.2231 148.9721 146.6123 146.246 154.659 157.6331 163.5714 150.2147 146.8217 147.8243 143.6103 148.1768 147.3443 151.0451 146.4836 143.916 136.4266
153.2897 145.6622 165.1927 160.8213 157.5076 155.7243 143.4012 157.1335 141.2348 162.1357 137.7674 154.7331 147.1777 148.9608 148.5297 146.4592 156.2724 151.9243 162.2856 162.2122 147.6059 151.2165 153.0813 143.5252 143.9062 144.3846 144.3016 143.8202 148.7878 152.3153 145.8737 144.8724 141.3992 141.3278 140.5484 153.3866 147.1128 154.2542 148.3507 152.7956 160.6528 163.6842 153.7801 150.5837 155.039 161.2957 149.9441 152.1865 147.4876 140.5786 158.6523 163.256 147.1835 152.6616 149.1241 153.4926 154.9862 151.1939 146.8711 148.6239 147.144 147.3418 144.5101
156.4637 153.4144 145.5009 162.7545 169.4149 157.0565 146.4834 158.1407 156.8458 154.5965 166.5944 156.653 156.0095 156.1048 160.0121 162.7228 161.0054 159.0263 150.8933 150.1285 153.4106 144.5803 144.0965 143.5401 145.772 150.5041 147.2256 140.692 148.4653 149.7794 142.2194 144.1151 143.9324 141.386 145.3648 149.9718 162.048 160.1902 160.7641 156.8653 144.3935 158.9616 155.595 152.2712 157.7639 156.6203 147.9966 147.3204 144.3822 144.3986 158.3784 160.8813 157.0136 162.4576 166.8142 155.7651 148.9081 141.0683 152.9279 152.2301 152.4014 147.4718 144.0034
155.9621 149.4534 141.7667 144.031 145.3592 163.9655 158.5599 157.9146 160.6573 159.1336 153.8233 159.0959 160.3262 157.4225 157.2027 150.6229 151.3305 149.3953 146.3803 151.8379 148.9744 150.0231 149.0125 149.5577 152.3224 150.6326 158.2922 145.1419 144.3333 142.1196 145.5131 147.9002 145.1429 142.0578 147.524 153.2458 142.1436 152.8883 154.4888 160.1852 153.6372 158.7737 159.0904 164.5476 165.4495 176.506 162.4644 164.105 146.4017 159.3617 151.1993 158.5781 154.4451 160.5533 159.2046 156.3673 139.9281 134.1725 148.2962 148.838 149.2397 154.1808 148.2635
154.7776 157.6 140.2332 142.6438 145.3022 158.7536 152.954 151.3108 152.8499 152.899 158.4247 162.6917 166.984 160.1918 156.5178 155.553 158.2097 152.4162 151.5605 150.4435 146.8672 146.306 149.3075 149.7743 155.9725 151.0824 151.8666 154.6518 149.2078 132.1515 143.1504 146.6319 134.3874 141.6074 136.6041 147.9778 153.7556 167.9736 166.3168 171.6595 159.1982 158.0784 149.3799 166.0064 166.0197 173.6524 166.2301 185.7613 169.1508 159.0413 174.6938 169.2401 159.7969 157.5277 156.747 149.8765 143.9808 144.9171 154.084 155.1034 149.1055 145.2965 152.9421
161.3114 158.7168 156.5826 144.904 143.1307 140.5145 146.7153 161.6879 151.6988 159.6127 158.3609 158.5995 154.1964 151.6977 155.2713 154.3446 153.4629 152.3841 152.0448 155.0048 152.0662 148.2495 150.7485 152.0339 155.6044 152.6472 149.3674 155.6214 157.7142 140.0814 143.3858 145.6199 150.4499 144.543 141.8495 146.1964 147.8327 155.6507 152.2855 161.8201 161.2999 171.6728 172.5354 169.4537 163.609 166.667 162.6194 165.0729 163.0057 171.9858 153.3337 165.2236 163.8446 154.8876 155.9103 147.0812 150.9037 149.8498 151.8544 151.1584 157.2164 154.4861 158.7353
148.3793 148.0811 146.2409 144.9899 145.0685 161.2572 163.1671 172.6368 150.7645 159.1373 166.6063 172.6063 159.7637 151.8629 151.8393 159.8953 155.8403 156.7737 156.2626 154.7084 152.6013 150.0333 153.6776 160.8563 154.9974 150.886 148.2787 159.8062 165.6205 149.6658 143.8803 145.3157 145.9372 145.0508 144.5795 152.8218 145.2649 154.4817 149.1582 146.5364 166.2327 162.5528 171.5139 157.9889 164.9421 172.406 162.2882 167.983 167.9617 166.2171 156.0935 163.5843 161.1761 163.5782 167.0024 147.5159 146.8818 165.6123 174.6423 143.213 146.8037 147.6699 153.6337
150.8432 151.4209 147.8531 144.0788 149.4385 159.1692 152.8958 157.0807 153.147 169.1889 163.8961 169.4785 156.4777 155.3006 154.0527 156.0378 152.3224 153.9241 153.3716 152.4906 154.7966 155.0866 165.1695 167.4244 173.2452 157.8138 136.7388 162.9095 146.3322 144.2015 146.5847 149.2178 133.3288 153.5059 156.9593 137.6886 146.2983 145.3207 142.066 155.638 163.5444 158.9872 158.713 156.0062 149.1921 181.7881 151.0576 161.0006 188.3421 172.1086 175.5968 163.639 160.7272 166.3805 150.0358 149.3378 152.0546 154.4566 151.0099 151.0134 151.4368 153.4816 145.6872
150.0216 152.1973 150.7193 145.8509 162.6089 163.101 161.0105 165.2162 170.0274 164.3212 167.0779 152.2474 160.1842 157.1183 162.5614 159.9699 154.1714 154.9819 154.0841 155.5135 154.5779 157.846 166.5702 176.7156 181.0225 172.0509 153.041 149.6435 159.6581 145.0234 144.2522 147.3388 158.0878 148.705 151.7339 148.2265 150.0489 147.5302 134.9246 150.6414 170.9421 163.0774 166.1933 160.7213 169.7837 182.7238 183.9076 172.4436 165.0319 158.3246 159.5563 161.5233 165.3459 163.6539 149.3513 144.7652 155.3554 160.5144 152.4902 155.4034 148.3516 141.7158 146.3101
155.1963 158.5356 154.1323 160.8382 154.3856 157.1102 160.4704 153.0657 174.1192 165.3105 163.2019 161.2298 162.1771 167.8002 164.1985 155.2137 154.9044 152.2288 151.0092 161.6085 155.2649 151.0859 152.4399 149.4834 156.9225 166.3245 150.1305 149.6062 141.6747 144.3292 142.2505 159.7831 153.024 156.9901 143.4129 151.7565 149.707 157.0147 135.4819 134.3457 151.1399 169.6906 149.6464 161.6941 146.8423 186.0218 155.6086 151.5322 157.1442 160.5121 177.4276 174.8622 164.4576 163.0128 157.4785 158.3905 155.38 151.0535 144.9212 154.3806 153.5186 159.249 141.239
165.8385 160.7184 165.3051 156.1368 153.1673 167.0424 157.1661 147.8765 163.8158 170.6463 167.0605 161.2659 156.1245 161.8978 165.6526 154 161.2824 150.4671 151.4403 155.2832 165.7313 153.2252 151.7852 155.0773 163.1577 153.6069 153.4689 154.2207 147.7342 142.4593 145.295 141.9745 151.8706 170.2131 163.3829 168.0784 171.8583 169.2704 170.3304 160.6582 138.0405 150.8141 154.3382 155.7622 171.7415 167.2821 185.1179 161.6099 154.008 160.1228 159.9245 160.0359 158.9495 159.986 161.9532 159.9863 155.6278 149.1331 152.4631 157.5536 148.6347 153.6591 144.0196
159.5971 166.2529 161.6437 158.0558 163.1138 154.689 164.0631 151.9136 168.2819 161.1151 156.6696 163.5543 162.2609 163.6134 161.6668 157.9604 162.7712 159.8101 156.2985 153.6864 159.5399 148.3667 151.09 154.4052 154.76 159.3235 158.2471 156.9146 146.4939 148.2784 156.9372 163.5182 153.9307 163.6628 164.8482 166.9517 169.832 174.1609 166.9121 164.4794 153.366 145.6753 162.7112 148.4309 145.5208 144.9732 175.4921 161.0631 152.4394 161.2995 153.8972 155.8427 156.035 156.7845 166.6771 147.915 152.1063 153.3348 160.7299 162.4854 160.7497 165.7002 151.127
155.9419 153.1405 151.8941 167.3354 165.3485 173.9159 172.4406 161.4489 165.018 172.4398 168.7154 161.0393 171.7139 164.2264 166.2502 168.8298 171.4183 155.7683 151.1695 154.506 155.4286 156.4776 154.0659 157.6552 164.1303 156.5418 158.3565 153.9672 162.9272 152.0527 146.3634 155.7853 169.5136 165.7361 169.8448 163.345 162.6713 156.9663 151.9621 157.3769 159.9628 138.6656 136.3519 148.5884 147.674 147.5797 168.5818 158.5441 163.3753 179.8673 152.7142 166.7932 150.0593 148.7549 150.3315 160.3808 158.4869 162.8859 147.9158 140.8748 148.4137 167.5565 151.2627
154.9741 158.2498 151.0178 171.9547 172.6943 170.059 156.1755 152 153.2099 160.1562 160.8903 164.9337 164.6633 165.0414 165.9016 165.6043 159.6107 163.2287 150.0649 154.9124 158.1956 155.7413 154.0816 156.0999 162.4362 162.3889 162.366 171.4103 158.9093 153.6878 155.3965 161.0737 169.8887 167.9099 161.3256 157.56 168.8779 168.5984 176.2913 173.2933 148.6171 149.1156 151.6246 131.8847 154.3106 164.5162 167.4935 173.0005 174.3882 163.6639 159.9267 162.8188 148.2705 148.8516 149.4078 156.6732 156.0246 157.1965 158.8023 152.9813 149.3536 156.8382 163.4581
151.4536 151.3832 155.2037 157.806 166.646 145.8372 150.4286 150.6407 152.1575 154.1443 155.3962 166.8171 165.633 155.0304 162.6527 164.7647 161.9597 155.7357 154.3199 163.6305 161.1414 154.1055 161.1987 170.4708 171.0066 163.8478 170.276 164.0938 168.22 158.7052 152.003 167.6086 167.5645 177.7832 177.8682 161.6959 178.1424 180.8059 179.2449 169.1464 151.151 146.2531 140.9572 140.3417 140.4608 176.9899 162.9821 165.3773 163.2867 162.9448 183.0079 168.4021 159.5584 155.2644 151.1965 154.0275 152.7797 153.5296 157.2774 163.8127 150.6052 159.0142 153.0625
155.2579 159.2538 155.9866 161.8312 165.5783 156.8138 162.1574 152.4227 154.2441 151.0874 152.6395 153.2629 170.8708 166.5793 164.4949 167.0166 170.7884 152.2886 160.9669 160.5647 160.3769 169.1491 151.8343 160.7983 172.5101 178.1229 165.3237 176.4586 172.3363 165.94 165.4785 155.2821 171.6261 163.5919 169.0759 179.911 179.3859 169.1226 190.5925 178.7979 176.2974 173.7607 167.4174 151.8797 146.9322 145.8727 162.0864 163.3156 165.7391 176.0886 165.4666 161.1664 167.0069 158.3412 148.435 165.1024 157.1579 164.122 154.7694 156.7047 165.9278 157.3401 151.9682
160.3234 151.4585 155.4384 170.5734 165.9213 164.2585 161.0012 150.2438 160.0263 160.6168 156.24 157.7275 159.9183 159.0863 161.0248 162.2018 162.7129 154.335 165.0613 161.806 146.5732 178.5322 165.6435 158.1934 172.9335 176.757 180.8281 185.8112 178.6366 168.6679 166.2604 162.1633 155.9812 169.9813 172.5726 187.3374 182.3492 176.1294 165.6847 163.8592 171.7306 173.1066 176.4306 169.7849 150.7186 136.2168 156.4833 161.0971 167.3031 181.7738 161.0537 165.7886 156.4521 158.9348 165.168 155.1366 159.0091 157.6274 161.7991 161.4856 165.1919 165.3653 157.5152
167.8719 162.0404 161.1581 158.2923 177.9723 174.1124 167.0369 150.1369 146.1952 154.6848 153.0453 164.1897 166.0301 166.0824 166.4936 167.9566 160.7435 162.4847 169.7114 155.0983 154.4912 163.1055 166.9693 164.5154 155.3445 168.8443 184.5473 187.2931 176.907 174.9846 175.1962 172.6641 157.9543 178.0546 164.1809 181.303 182.6128 175.9723 180.5255 157.7598 164.8661 179.7154 174.1849 179.3889 156.9673 153.6443 147.4745 160.204 175.0791 188.5664 164.8151 160.764 173.7811 158.9157 157.0278 164.0059 155.1014 159.0538 157.7302 163.3166 163.9996 166.8645 168.6131
159.8989 169.4686 158.6951 161.2053 161.4886 169.1962 168.0281 155.7417 144.6287 157.607 155.7353 154.6403 163.1792 165.0695 171.4388 162.8702 164.3401 161.6251 164.1032 157.4406 160.4346 167.0868 167.1925 176.7993 153.8359 170.1704 164.3987 176.6927 176.8072 173.0823 178.8151 170.7569 172.6057 173.1451 166.251 191.4169 176.4437 163.2197 169.6788 164.9557 172.4992 174.2315 179.0633 167.3093 174.7198 160.3697 167.3792 164.7113 160.2868 158.8267 155.2558 155.5743 154.9676 162.9572 162.722 162.8612 159.4425 161.052 165.7231 169.7083 166.6127 166.7 168.2816
171.0341 169.5334 156.1779 162.9637 162.2176 168.9166 160.9192 170.9867 161.3359 151.6247 178.9611 162.5607 158.8248 166.2229 165.5837 161.9557 172.0355 164.5824 158.0718 170.4426 159.8747 162.3633 175.7527 179.9478 182.4337 176.6129 175.8913 170.4497 173.6822 171.6034 177.4409 187.2896 189.131 193.7283 173.6982 168.0909 184.5234 193.9906 177.9618 176.4344 170.2745 182.2868 187.0661 178.4644 172.1764 167.1587 168.7644 172.3432 165.3467 159.4853 166.8096 156.2744 155.7137 156.2458 166.5419 166.6749 169.7117 140.6153 162.066 172.2634 166.7964 163.3328 169.792
166.2935 165.2712 164.0009 160.8224 167.1303 165.6754 163.22 168.8811 158.5148 152.0013 158.1129 154.8599 161.1777 164.1976 163.5276 160.571 171.6509 156.8587 160.2269 162.6779 148.9395 162.023 169.3977 168.8656 178.2287 175.7748 181.932 179.8076 175.3906 186.5635 179.023 185.4884 191.1063 191.1396 185.6771 191.4628 192.98 200.0718 188.8723 203.0018 198.6011 201.5179 189.4245 178.1788 177.5339 170.6181 169.9141 173.1399 165.4608 162.2311 163.5159 162.1018 159.2541 158.2507 154.9178 166.9454 165.6391 165.2383 165.47 167.5561 167.8228 168.0158 169.9513
156.2446 158.6628 152.2078 159.8438 159.6518 171.5249 169.6522 168.5534 161.9002 148.0889 161.5964 161.0474 159.9985 161.5562 166.2453 164.6835 165.6427 166.3134 160.9793 153.5784 154.8637 177.6864 172.629 173.226 180.843 179.0329 177.6254 164.2522 175.822 187.0788 180.8249 185.6467 183.5146 183.1234 190.9535 187.5614 194.4594 215.9722 196.3141 184.0455 185.8449 193.8918 194.9048 190.3141 181.2817 170.556 165.5006 167.4594 163.3224 177.2699 163.5624 157.7309 161.2901 162.0664 160.6055 161.5958 165.2639 164.2143 163.9549 164.1976 170.8992 169.5615 170.0376
152.8335 153.7703 148.1828 153.303 150.475 162.8455 170.8296 166.1534 171.5987 164.2377 167.5622 171.5598 162.9804 169.5664 161.837 160.5587 165.636 166.6915 172.0522 167.6301 158.0755 156.2935 167.017 172.6516 181.1054 179.5879 179.8816 179.1101 181.8903 180.2704 167.5574 182.799 181.0562 197.6076 187.2246 185.8279 188.4836 186.5125 186.1312 190.0399 196.7235 189.9394 184.3697 196.0589 182.8554 197.4567 184.2135 168.6936 166.6584 169.8054 156.1965 158.2315 161.9701 162.6685 163.0819 165.1752 165.9707 163.9352 160.6322 160.1507 162.4086 161.3158 166.8858
149.0665 151.3805 147.8525 154.8589 171.6744 170.2889 166.9921 167.7737 166.5583 163.0966 165.0524 156.2813 161.323 171.6255 158.1886 163.9386 169.0353 171.3731 176.1135 162.7849 163.4894 167.2943 164.6619 165.7386 179.1066 177.0562 167.5531 178.1998 182.4231 179.5746 190.8792 187.8702 181.8686 187.7898 198.8206 193.5665 192.9738 199.636 205.4084 199.0028 182.3583 191.2834 201.1203 213.9413 214.3242 191.9649 190.5768 174.5025 180.5726 179.438 166.677 163.5265 162.5058 159.104 161.2852 166.3154 169.4742 165.381 163.467 164.7666 161.0548 163.2666 171.8613
148.7003 153.2087 147.7402 153.8566 158.0295 157.9907 160.2416 159.0465 166.9751 168.6084 159.3979 165.9809 171.2663 167.7719 161.6642 169.8887 167.7271 169.1701 171.9581 162.6451 163.5079 165.3065 152.9568 171.5761 168.9623 171.5422 172.4191 149.9695 171.941 196.9028 186.337 190.9619 179.9571 180.8995 181.6402 170.9152 186.6791 188.7517 196.2091 195.6534 190.8687 184.2373 204.8708 188.8966 198.815 189.5488 176.9704 179.7275 186.3476 175.1904 169.8167 170.9765 165.3418 170.258 166.523 165.0999 167.3749 163.9724 163.912 168.7325 166.1704 172.2528 169.045
150.2562 151.9162 152.5464 153.84 151.3599 161.5827 164.9589 163.2168 162.9346 164.72 167.1366 169.5119 166.3231 176.132 161.6459 162.2252 167.8357 175.6474 175.5273 166.3896 156.8574 158.5925 164.0257 159.9454 159.3103 170.3442 173.6587 183.5381 187.4959 181.2131 191.1537 182.3174 186.2478 193.172 187.0655 200.1093 185.241 185.6521 177.4768 181.8017 187.3739 188.4411 189.5988 185.7382 186.1463 183.1385 175.8719 177.5441 196.5653 173.0257 176.5304 178.8805 194.0517 184.2562 174.813 166.6365 172.9115 166.3482 167.9808 169.2348 162.509 168.9223 173.4533
150.916 150.6571 152.9982 153.6846 154.2007 150.7824 164.5596 167.8706 165.0353 162.6468 154.3419 162.3682 165.804 164.0778 169.2871 165.099 169.9173 168.5735 166.4586 158.2827 161.119 156.6641 159.4129 167.9035 160.6463 166.1362 167.7566 174.9345 190.6867 186.3841 190.0524 190.3268 182.1682 191.5847 196.7061 188.8343 185.49 185.1461 170.0943 185.035 187.3828 184.9122 179.5195 173.4478 184.6809 181.8557 182.0012 176.7932 187.357 173.6095 181.2777 182.2639 178.0539 177.2608 178.1322 172.9579 176.3194 169.6142 169.3912 174.285 173.3588 164.7353 171.1723
151.3793 152.5454 151.0561 151.7862 159.0311 164.6218 167.517 159.5066 162.4021 154.3527 163.1949 150.2426 159.9603 174.6868 170.7864 173.0338 168.6294 175.4565 178.7787 161.9912 166.245 164.5842 173.2795 173.873 172.3174 170.3293 170.9618 172.9243 190.7316 175.502 188.8172 186.5519 196.8142 185.8665 195.8706 196.8653 195.0472 201.3436 199.6178 189.4627 181.1388 180.5904 177.7023 187.7403 189.6661 174.5046 180.3608 183.2801 174.8005 182.8002 174.5723 177.8351 188.2003 194.123 178.3945 181.1998 179.4819 176.7627 174.456 166.2811 168.0165 176.7285 177.8335
