MapLib/Lvl1_5x5/BG/Ele_BG_CE.asc
ncols         557
nrows         557
xllcorner     2227500
yllcorner     5008669.448
cellsize      1000
nodata_value  -9999.0
[rows 308 to 335 of 557, columns 0 to 63 of 557]
90.8918 88.653 85.4125 86.5228 87.4294 77.0772 83.3856 86.1371 82.0859 84.3331 83.6021 82.3756 82.6711 83.4769 83.2161 78.7523 83.2306 81.7557 83.0812 84.5476 84.1954 82.0543 87.7257 78.9557 81.4994 84.9933 85.1269 86.2565 87.197 84.4274 82.9887 84.308 81.3775 86.2591 80.1465 79.7172 82.009 79.3196 77.7271 79.8205 79.6195 80.4083 83.0729 79.4579 82.858 83.214 81.0933 79.5947 80.072 82.7681 84.1938 80.2994 84.7922 85.5178 87.3837 86.2694 84.8126 86.1137 85.3125 84.597 83.7539 83.2116 85.1627 83.3662
88.7805 87.766 87.873 89.3015 87.6636 82.2556 91.2976 85.1254 81.5714 88.8508 80.43 86.2793 81.8817 83.2771 83.9898 85.6077 85.4785 86.8054 83.3524 83.9918 82.7581 85.7852 88.2213 84.8134 86.3426 82.6521 83.9803 84.2368 84.331 83.8394 80.6757 82.9744 84.9326 87.5503 81.6794 82.172 82.6083 82.2265 77.6182 80.8449 85.6178 80.6122 80.1156 78.5335 86.8881 81.3826 80.9997 82.9154 79.9391 81.322 79.7483 81.572 82.1804 85.3613 85.9268 85.1049 87.1227 85.3599 83.7458 83.3816 83.0021 82.7448 81.3668 83.3731
89.6246 88.2015 87.9844 84.421 84.7501 90.9038 88.3845 85.4242 81.2059 81.9463 79.4449 82.3266 82.2132 84.258 79.4011 85.1896 87.2443 87.0441 90.8401 90.0365 89.7625 82.5995 77.2979 83.7752 84.2956 85.2794 84.3191 83.7185 89.0806 83.7428 82.1805 88.2544 81.1766 85.3869 84.1606 82.9811 84.5276 83.7473 81.6606 77.9951 81.4522 79.1823 80.991 81.9696 79.0186 82.31 79.7372 83.695 82.8785 82.6191 82.7202 85.3272 85.6125 83.0347 83.2581 84.3792 85.0087 83.7836 85.1376 80.8366 82.8623 80.9982 81.4203 84.6701
88.3548 87.8304 85.8649 85.7705 82.5485 83.4525 86.1295 85.0357 86.5568 87.1031 85.3124 86.756 83.7967 81.4184 87.853 85.0194 87.0616 86.1684 87.1392 85.2677 88.9987 80.5292 87.3815 86.7651 92.2974 84.3588 81.564 83.7584 91.0306 100.6814 85.1366 102.9166 81.7304 74.2629 83.0006 84.9136 86.5041 85.9034 82.994 80.8608 78.9433 78.0892 79.9818 76.4798 78.5698 85.0216 80.8905 79.5441 78.9826 82.949 81.8961 80.5192 81.9176 88.4031 80.021 85.4895 85.1167 82.7036 85.7587 82.19 83.0551 86.6854 83.5302 82.7591
90.8043 92.1875 89.0585 75.4828 83.7662 88.0027 85.3024 84.7767 81.7987 85.9653 81.2435 84.6932 83.0574 81.7107 87.6123 86.0484 92.6467 84.2641 86.1767 90.6407 90.3469 76.2518 88.358 88.1303 84.481 81.6608 81.7144 90.7503 89.4 90.7876 97.7347 89.3779 80.4832 78.9783 81.3823 83.8278 78.7155 82.0706 81.7495 84.4682 82.8626 83.7741 83.4283 80.0837 85.8036 86.4716 86.0341 83.8686 84.4963 85.6454 84.9562 83.5738 83.5125 83.8654 82.8702 85.7422 85.6266 82.9437 84.727 83.0396 85.5308 83.55 82.9283 86.6693
92.0839 91.3416 97.9941 81.8562 82.2635 80.5826 83.1156 85.4524 83.746 83.1567 78.0767 82.5614 83.6929 83.2918 86.3463 95.032 90.3373 90.1209 93.5758 93.7409 94.1378 76.615 85.2764 86.9137 84.0832 82.4391 92.6001 94.0474 86.3828 84.9978 86.7125 83.1193 85.9727 82.3293 83.1087 85.545 84.7706 83.723 81.0569 84.8798 84.0063 86.7424 85.764 86.3396 90.4079 88.914 89.3179 82.0036 83.7637 84.9447 80.1319 85.3877 91.2135 80.1342 82.1378 81.933 82.2952 82.1306 82.4245 82.691 87.207 84.1297 83.4405 84.1416
92.264 93.1451 88.688 86.1618 88.1455 86.25 84.1454 86.9118 86.1744 89.1446 82.3356 85.0281 85.9854 90.2605 88.0341 90.3867 90.3251 91.7661 91.8479 92.4501 100.4517 83.2941 85.2556 83.9335 86.4985 88.4089 87.2982 87.6159 86.8414 85.4889 87.1041 86.6344 87.2657 83.0539 84.5078 84.331 83.6641 83.59 84.312 85.196 87.9414 88.3408 88.8402 90.0619 91.4957 89.8506 86.4699 85.6072 84.4896 81.2907 82.0739 81.6139 82.4326 84.8647 81.4844 83.3621 82.4767 81.8367 84.6781 79.3459 87.9509 84.8364 82.0753 84.024
91.8284 89.6111 93.92 89.5868 91.8038 93.3762 87.6916 86.5287 86.4536 86.0201 86.4774 86.5948 85.9655 85.8482 85.2555 91.753 88.6749 91.7721 91.0774 96.3432 92.752 83.6466 85.2718 86.3151 85.8343 88.7235 84.2224 85.4516 79.9545 83.367 82.1701 85.5297 84.5884 84.4019 83.6219 86.5228 87.1861 83.9868 82.0217 86.1007 82.5033 82.2845 86.3437 89.54 89.0819 88.4243 85.7889 88.4199 85.4633 81.1835 83.5422 83.1488 83.2109 82.2861 81.4236 83.7875 82.1941 84.4338 83.8325 83.5736 80.3365 82.7902 81.2147 82.4625
92.3192 90.5084 94.0692 99.5165 88.627 94.0159 86.8413 87.3415 85.0139 85.1519 82.9297 81.5075 86.0554 87.2525 87.3057 83.8395 83.7488 92.3301 88.2209 90.6996 84.5181 84.9516 85.0533 83.0937 84.8375 82.605 84.3219 85.837 84.7513 83.7569 82.4138 84.7663 87.8387 87.9921 88.7841 86.3528 87.0505 86.3705 90.2617 85.9903 83.9031 82.4244 88.4758 85.9598 86.8932 86.0032 83.2316 84.491 85.7014 84.0609 82.7372 83.45 83.9429 88.4255 90.7207 81.8216 81.4241 82.8298 83.0642 84.4252 86.6656 86.6235 86.4879 86.5649
88.4885 85.8039 84.0875 90.1001 87.1702 89.5141 89.1521 92.7326 93.478 85.6596 83.0282 82.642 90.1891 88.7944 89.682 89.0585 89.1135 87.0515 83.5689 85.3368 84.2745 83.1872 81.5467 80.1405 82.2707 82.8125 85.8911 83.8484 85.2981 84.2199 84.3187 89.6221 88.3355 87.4498 87.184 87.9962 86.6269 89.1358 86.1889 81.511 81.9565 83.6655 84.3389 86.3874 86.7363 86.0027 85.1774 83.7476 83.4392 84.0562 83.9638 82.902 84.8093 83.5916 91.3827 86.479 84.3598 86.163 83.8477 83.1193 78.7188 81.9289 80.9786 85.2235
84.1579 87.0973 90.0609 85.0631 85.6837 87.4548 87.8726 86.8551 88.3698 86.2766 89.0781 88.4271 86.2701 86.0664 93.0267 95.0961 89.0369 86.7312 89.0128 85.0868 83.8993 87.9909 84.3895 81.4819 83.2956 84.7525 82.5881 83.8776 81.7199 82.3423 79.8058 82.3677 86.6288 86.8167 87.0023 89.2179 86.6149 87.6575 89.5327 86.2518 89.1028 86.7134 84.1311 85.7139 85.0029 86.1627 82.4726 82.9095 82.8831 83.7197 82.4445 84.0775 83.1041 87.3658 86.8512 92.5662 87.4157 81.5412 84.1014 82.6954 79.3126 84.5538 85.9461 83.4336
78.4072 85.4985 89.7661 85.7409 89.3792 85.721 91.0797 87.2576 86.3743 88.4276 83.3131 90.0685 85.8399 86.606 85.5743 81.9601 84.7148 89.3148 93.3334 82.3869 87.7141 91.0336 91.4711 91.864 91.6014 88.1752 83.1152 83.4904 85.624 81.1145 82.0753 83.8775 87.3402 81.2 87.5565 88.8411 88.4274 87.9059 84.4961 85.6802 80.356 85.7596 84.7109 85.6447 85.7812 85.0359 86.174 82.4083 82.7639 84.696 84.4724 82.154 83.2677 85.2848 86.4602 94.4411 86.5089 80.4542 81.3698 81.1525 84.568 83.1698 86.2005 84.6418
83.5184 85.6917 85.9918 87.5101 85.7312 88.3327 87.5118 85.0073 83.5148 85.8161 90.6026 88.7807 83.8819 86.1052 87.7754 82.47 84.4913 89.4667 90.6156 90.0431 87.0026 88.9364 89.7661 91.363 88.4421 90.4367 86.2181 83.9931 83.8524 85.2904 84.0742 84.1562 87.4277 87.6738 84.5718 85.519 83.9029 85.577 86.7172 83.9742 84.2155 85.7231 85.0724 84.8725 86.8866 83.7115 83.6348 84.13 83.1737 84.5007 83.8302 85.5742 83.3926 87.4972 94.3216 85.7466 83.9828 84.6942 82.1194 81.4733 84.9692 82.6536 83.6479 83.3416
81.8872 86.7751 85.5391 85.7674 89.4196 85.6912 84.6698 83.0644 84.7663 58.1518 84.8947 87.5975 88.6631 81.1806 83.5346 80.0502 83.2057 84.123 84.3015 85.1502 87.9797 84.344 79.2262 86.8717 83.158 86.6968 85.6916 94.9692 84.5321 91.552 85.9983 85.0609 84.2963 88.3808 87.5742 86.2652 85.9866 87.6984 84.5014 82.4819 79.143 84.8343 84.6378 85.5298 86.7302 83.5651 82.3724 83.0376 82.4644 81.0711 83.343 82.6498 84.4016 85.6089 86.5434 84.3746 85.5628 82.3941 82.5825 81.0329 81.9267 83.8296 83.8078 74.7195
82.0236 83.2707 84.1658 85.0324 81.3968 86.5849 86.0797 85.9514 88.5751 85.7708 84.6784 87.8499 86.7751 87.6492 86.3215 89.8887 82.4465 82.705 85.3786 86.5839 87.5264 86.157 67.2127 88.8632 91.2516 87.8545 84.4838 81.8056 81.4818 82.9407 87.6712 89.7044 86.4785 86.9402 84.506 88.3106 89.0891 88.0668 81.223 84.6115 84.0505 85.3223 86.1511 87.2828 90.671 85.4505 84.3615 84.8091 86.8083 83.9946 86.6796 81.2524 83.969 83.7288 82.1459 84.0248 87.1055 82.3717 82.6836 86.5979 83.013 81.4528 79.6389 71.4456
82.0804 86.1837 89.3582 86.8174 87.2685 85.2209 84.1333 87.2475 89.6425 90.1454 84.9256 90.2483 87.1964 86.1313 83.7511 84.8424 84.2379 88.9456 85.5954 78.8985 83.7101 87.3684 89.9986 91.2777 88.3618 89.1636 87.1963 89.4385 86.3155 85.5009 85 87.1611 87.5233 86.5658 81.0183 85.7238 88.6426 96.4604 87.6537 84.3716 84.4705 87.4044 85.6815 84.184 87.0914 85.8226 79.1776 85.3227 85.3003 90.1373 84.3712 86.1374 85.7341 83.3594 84.7365 84.7519 82.6419 81.9926 83.3869 83.0037 83.9707 85.8885 77.3991 77.6004
87.7008 83.433 85.1892 87.5253 84.9523 89.0846 90.7597 87.4047 90.2377 90.0965 88.4744 86.8894 86.7562 90.788 83.337 86.6456 86.7879 85.0582 81.7163 82.4385 81.6332 82.0097 80.8907 80.2759 84.1787 85.3694 86.3871 86.0993 85.4829 86.1022 86.0024 89.4627 89.6892 88.6003 88.7586 86.3005 89.7619 88.2445 84.8442 86.966 85.0814 85.2902 85.4358 84.7241 81.6686 86.1791 82.583 87.0952 86.7904 87.7773 87.23 80.569 84.6607 85.6001 84.9358 82.8771 84.7653 84.6909 80.7245 81.2435 84.0452 85.1561 86.2556 83.4623
82.2414 89.3961 94.4306 90.5209 88.4969 89.5465 84.1998 88.104 88.9153 86.4953 84.5929 84.3753 84.5797 82.205 81.8402 82.794 87.343 84.8904 88.7036 87.4778 82.2861 87.8396 80.699 78.4121 83.9325 86.4783 86.498 87.8575 87.4131 89.2915 85.048 90.2162 88.3718 86.6744 83.9741 86.7106 83.4462 85.0689 85.5211 85.3203 87.0558 83.1131 83.7913 84.6777 84.3531 84.7583 86.3285 85.3773 85.8828 86.0294 87.5032 87.358 87.4643 85.5699 82.9402 81.7313 83.3569 82.0113 82.3658 82.7137 82.0276 83.444 86.3605 83.1729
81.5829 85.1746 86.2045 86.2554 87.1047 87.1948 85.1255 83.8336 85.2088 85.7738 84.5183 81.9244 83.1522 84.1161 84.7247 86.1923 84.3978 86.9724 85.926 90.7997 81.8317 81.5852 81.4376 84.2183 86.8982 86.1887 88.8786 84.7909 88.4472 87.8309 85.0454 85.1943 84.7537 83.8528 84.8811 85.8493 83.9074 82.4746 85.9687 85.7817 85.8302 84.8405 84.8109 85.1668 84.4594 82.3797 83.6264 85.9585 83.8136 82.8006 83.0214 85.8007 84.765 84.5908 82.3116 83.1254 82.1021 81.824 81.0723 83.4703 90.517 87.1991 82.2867 82.3438
86.1647 88.3386 87.8375 85.4436 86.6447 89.8814 90.4556 85.2109 87.2393 81.3625 83.2448 83.6223 83.8774 86.9873 86.7954 84.6169 84.2133 82.4409 83.9254 83.405 90.65 83.3425 83.9978 85.1679 86.4009 85.3401 85.7021 86.9514 87.5817 85.7217 86.8612 88.7271 89.4566 86.9839 87.6046 87.1513 77.5065 86.3447 82.5912 85.8452 86.3797 86.2896 85.0827 81.2537 84.1915 83.6321 84.3628 83.3705 82.2936 80.051 83.6507 82.4144 82.6523 83.0273 81.9168 84.5072 83.7579 87 83.5085 85.6427 86.9835 86.6189 83.3008 81.3101
88.211 92.9078 87.4502 86.643 86.6869 84.3076 87.2125 84.7616 86.6576 88.1289 85.3437 83.9898 82.2796 82.9595 84.6991 84.9773 82.7003 83.3146 85.3531 84.7227 93.6926 83.7506 81.9947 82.5996 82.4418 82.7612 92.8282 86.9508 86.4239 88.3715 90.719 87.0096 88.3036 85.8904 86.6235 84.3057 83.8933 86.3824 84.6462 85.6415 84.844 84.0695 81.3055 82.8525 82.2862 83.4934 82.7416 83.9645 82.8502 85.3358 83.3146 81.0895 82.8622 83.8944 84.0474 81.6441 82.1386 84.2292 86.9844 86.6093 83.9127 86.4343 83.0915 85.1343
87.8396 86.3251 87.1819 85.8574 86.505 86.6319 84.4462 84.6487 84.0594 84.0247 85.1886 87.7564 80.1575 82.7124 83.2184 82.277 74.6336 82.5423 84.928 82.0704 80.7556 85.0652 85.6043 88.662 82.734 83.1755 84.7207 82.549 84.4784 88.4899 84.5557 88.3802 89.8833 87.8177 84.8554 85.4401 86.9548 86.3562 85.7357 80.2436 81.844 77.0327 82.1422 81.8525 81.9018 81.7901 84.703 81.67 81.5379 78.2266 80.8839 81.6429 83.2514 85.3922 86.0014 83.8667 82.5003 84.6038 83.3696 82.3779 79.1743 86.6028 83.5838 79.885
85.4349 87.2469 88.0963 84.1238 86.2159 89.7563 88.3686 84.6186 81.0252 85.3464 85.5049 82.2538 85.1076 86.443 88.7277 85.611 84.0825 82.9108 87.1518 87.4798 86.3759 86.4092 88.188 85.6839 85.3036 87.4839 84.0001 80.8435 82.6492 81.3551 93.8699 86.954 85.767 92.2578 82.7077 82.0497 83.0955 85.7575 85.2975 83.1401 82.3309 82.1057 81.7886 80.8559 80.3941 82.6524 77.3977 84.1317 84.715 84.9045 84.3087 82.2052 79.7899 83.9588 83.8365 82.4258 83.0583 81.8676 80.1333 79.2331 82.5033 82.0232 82.6449 82.9591
93.183 101.2356 86.7555 88.2845 87.6904 86.9217 85.038 83.3593 87.0849 86.2967 86.0961 83.8811 85.8728 86.1268 87.2336 88.6782 84.6004 86.585 83.5448 86.9778 83.9374 81.4124 81.6821 83.9304 83.0319 86.538 84.2305 82.234 85.5968 91.498 92.9092 90.7465 87.9574 85.3972 88.3838 84.5613 84.9899 87.9511 82.6998 81.5425 82.5471 83.7456 82.7063 85.7873 79.3672 82.7547 85.8278 88.5183 86.8853 87.9808 85.7368 85.3558 88.0261 82.0365 85.7558 83.606 81.0039 76.6671 81.5126 80.2803 84.2013 86.8233 85.3856 89.4848
87.0097 92.0257 86.8258 88.338 91.8983 86.7379 84.8919 82.3315 83.1535 86.82 84.5073 83.9699 86.044 89.4444 89.5839 86.2919 91.8427 90.7652 85.9695 85.5292 81.7615 83.715 82.0482 84.191 82.3522 81.8475 82.1415 81.378 82.5411 87.6664 90.2493 86.5236 86.0716 88.6655 86.4687 83.2292 84.5927 86.6043 85.5036 83.893 81.8112 83.6927 83 81.6891 82.8771 85.0813 86.9748 86.2305 89.1315 87.7535 89.1415 91.6041 90.3665 83.3857 84.2624 83.1106 84.2908 84.7328 82.7862 82.7992 79.0927 83.868 86.8814 84.5156
90.036 88.0173 87.3553 87.4843 92.4982 90.8101 85.8013 88.5973 84.6758 85 85.3318 87.3501 82.4932 88.5409 84.813 84.6798 85.925 85.0931 83.5466 85.3449 89.1197 84.3926 89.7052 83.0299 79.959 80.5269 82.2543 81.6524 80.6319 83.9255 85.3596 86.3383 83.1549 85.5348 83.6605 85.6654 85.9272 80.8324 85.7411 86.8748 80.9287 83.9403 80.784 80.6928 86.7937 83.911 97.0518 84.502 85.1048 86.949 83.786 85.622 84.3631 82.988 82.8143 80.6361 83.0855 83.4682 81.3356 83.5455 82.0293 84.1645 85.7364 85.974
92.106 91.3971 94.7258 98.7002 91.3164 91.1129 91.1984 87.0333 87.8499 84.4101 86.9278 85.3685 87.552 85.2004 82.1134 103.8995 93.9605 96.7885 91.9642 83.6724 78.7859 80.3851 80.758 78.877 81.0576 79.8562 86.6111 83.252 84.9649 85.2362 88.8214 85.5668 84.3963 87.5113 86.0602 83.3322 84.2082 85.9491 85.0574 83.0429 86.02 81.4545 83.8194 85.6779 98.36 91.5841 85.2689 83.0842 85.9398 84.0388 85.3998 84.7669 81.9572 83.523 82.6818 87.2393 82.1049 82.0513 79.9301 79.1447 81.9895 82.6021 78.6098 76.4213
98.9369 96.7938 92.2803 93.7697 93.7906 89.4126 88.9496 90.186 93.4086 90.3056 89.2077 89.9111 83.9879 84.225 86.0181 87.0676 81.5641 86.3778 83.2211 81.4515 81.2389 83.8224 82.8838 82.8935 82.1559 85.4928 88.9702 85.0605 83.632 86.3253 88.8359 85.5682 82.8217 83.9653 80.9461 81.5025 83.267 81.1548 85.7364 85.1764 82.9947 81.5469 84.7276 84.0907 88.4191 92.1876 87.7506 88.7767 88.0402 84.9445 85.3403 84.8498 83.0163 81.6571 82.3713 84.3862 82.9779 81.2622 80.0398 83.1273 81.7435 80.7377 84.8646 83.907
