MapLib/Lvl1_5x5/BG/Ele_BG_CB.asc
ncols         557
nrows         557
xllcorner     556500
yllcorner     5008669.448
cellsize      1000
nodata_value  -9999.0
[rows 280 to 307 of 557, columns 0 to 62 of 557]
518.3792 499.8149 480.1288 457.869 435.2889 411.2878 395.724 354.4903 328.0452 308.8186 305.958 296.7054 307.9698 310.7182 299.0897 300.6071 287.9802 267.087 257.0094 260.8165 245.4434 241.8003 246.5588 242.2057 253.3458 261.1288 277.5115 252.789 240.6097 226.8402 235.8935 253.8333 247.7009 249.1372 250.9504 274.6725 266.6926 250.8749 254.1185 249.8619 233.9931 215.5663 215.7825 227.2499 231.8361 254.2605 233.0534 234.7119 229.0342 233.1825 228.2812 229.7925 224.7052 222.8331 219.6617 204.6954 205.9484 218.32 223.6675 244.2518 241.6792 239.8953 224.7248
485.9263 481.2218 444.9269 440.9215 428.1075 397.7554 360.1857 338.0157 322.9724 312.8488 295.1987 283.3346 285.2519 302.815 306.4143 287.9224 272.2481 268.5303 257.2146 257.4117 265.2116 259.0003 242.0173 241.0998 259.5182 289.2297 291.6945 266.1936 243.0878 231.9654 215.7935 260.2263 251.6029 234.8292 235.653 230.7022 260.1117 246.1951 243.6574 244.7871 225.0685 210.8658 207.7273 224.6975 222.1485 232.315 233.6803 219.4004 219.7196 233.8002 226.8889 227.6355 241.0923 223.2386 230.8598 213.3538 217.937 200.9698 229.629 219.7679 215.7337 227.8934 228.0305
495.63 431.9096 390.0018 423.7469 388.0131 369.5007 330.6156 320.8158 317.227 324.2341 307.7375 290.0768 277.0778 286.441 286.7715 287.8523 297.384 273.2715 275.505 280.3378 255.963 242.246 238.1721 238.8428 246.9054 267.6549 266.6617 260.8211 242.3855 231.1245 218.9546 233.8844 242.2061 220.5747 219.5323 243.1938 245.4291 240.1884 236.985 225.0132 232.5084 203.722 203.1379 208.2834 217.6338 232.6784 219.0087 209.6139 224.137 242.8155 230.6015 214.9366 218.3821 228.4355 242.2287 209.1596 202.198 204.4775 196.3392 194.2266 190.0198 228.4075 221.704
477.3513 462.2251 422.9905 363.2527 347.0049 348.4674 323.0288 305.5246 317.873 325.5605 312.9217 292.8923 273.8695 259.5637 281.8915 289.6248 283.8449 279.6384 264.4275 270.8416 263.0637 242.2634 233.9064 235.5543 262.3596 268.4458 265.0739 240.9247 232.2041 227.2729 225.5569 204.2129 208.089 221.4642 228.8445 222.3956 225.7508 237.2257 233.1444 221.8324 227.7872 213.5115 206.7559 202.6493 210.7 214.8448 219.7432 228.4539 238.8671 236.5625 218.9292 202.081 202.1257 216.6635 230.0316 232.1585 213.5284 221.7266 216.46 205.7708 200.3515 231.7653 206.7879
445.5494 403.9968 410.0208 391.6397 356.725 315.8411 307.4351 311.7812 323.792 310.0558 304.4621 298.4931 279.4792 261.3004 287.0314 273.823 297.6071 265.4309 259.3422 264.6996 251.094 232.333 232.714 233.9794 257.5666 258.8505 229.5251 221.2189 212.1795 210.3411 205.4369 211.7316 202.0851 199.8808 213.1276 222.5972 245.6293 241.1675 227.1817 223.9315 214.7427 221.3582 195.5275 205.3624 216.1095 224.3661 226.371 233.1893 229.0543 235.6539 223.7195 205.4155 197.6644 201.4988 224.6745 242.7558 238.8805 230.1323 214.6954 208.3208 189.7361 187.1389 180.4111
443.4653 427.9292 370.0358 373.4836 340.6684 317.874 302.411 286.0327 301.3715 296.0814 303.8632 294.8605 283.9939 270.6539 255.7546 247.8846 266.8731 259.4117 246.8033 243.0514 236.7886 233.174 231.9493 234.0039 245.5173 254.0879 232.5045 211.2151 209.8343 217.657 219.0961 206.3086 205.1826 205.5069 203.5517 217.7693 240.486 248.6723 235.8784 235.9082 199.0752 200.0766 212.7724 228.0488 228.6089 235.434 236.5309 227.2039 215.0008 249.8088 235.672 215.3581 189.061 207.3568 229.6584 218.5399 234.0116 238.6893 213.995 197.7579 185.4911 185.0158 183.9071
438.637 396.0938 369.5688 327.9484 304.5586 294.2665 285.163 273.476 280.5938 291.2738 284.9484 275.7524 289.6113 273.5286 261.5137 251.728 239.2849 254.2401 247.2689 238.0407 229.4666 230.8358 226.828 237.1709 238.5918 250.46 250.1182 236.1434 243.7046 232.7481 220.6998 229.1179 227.6277 219.0849 197.2903 204.8185 225.4562 240.8207 242.9021 220.1335 207.0102 201.041 204.4994 222.721 221.8467 222.0783 245.4505 215.7965 217.2341 234.6938 232.3224 219.0183 210.0468 192.6387 198.0528 201.5944 215.4124 242.534 210.1685 196.9953 191.649 184.7255 183.7433
379.8027 348.5664 320.0603 301.7278 302.7391 298.1087 301.2984 281.8333 265.8541 270.2205 269.2641 265.9199 261.7171 253.0124 260.2928 243.239 249.5898 246.6317 237.3401 240.2015 237.6659 233.4964 234.5211 238.675 237.602 246.5363 243.2693 223.5585 225.432 227.5039 212.8444 230.2577 213.0529 217.2725 210.9915 200.8302 216.581 220.326 215.1374 220.4227 208.2357 196.8939 207.4425 201.4966 203.5639 212.4052 233.5009 219.4843 215.8733 208.3027 216.1432 230.5173 218.377 213.9523 204.6673 213.1033 209.6185 215.1281 206.4014 201.8622 188.4916 191.7099 198.5654
319.3187 301.5204 296.907 296.825 299.9151 336.5635 334.3901 293.5645 262.3701 258.369 255.1478 252.6712 248.4173 242.8384 236.8508 234.5297 238.4269 239.5643 230.8026 231.8485 227.6684 226.8448 237.4534 237.3419 234.0079 237.2588 230.8914 228.4635 217.2073 221.0884 224.4459 223.4727 217.5401 221.0702 202.302 195.8612 200.8072 207.5779 227.2141 235.6105 224.046 209.3396 205.6641 196.9307 190.6554 203.8228 207.5873 234.7821 212.4933 216.0905 204.2647 209.9056 200.0304 191.5038 198.6791 204.8978 183.0265 180.7156 181.5063 186.6834 188.412 187.712 184.8058
326.379 310.6618 284.4168 283.5052 309.2418 328.2986 332.8718 295.1292 272.1188 268.4521 259.0891 251.7574 243.5549 245.8039 236.8952 231.7984 227.6307 229.5056 226.2557 224.3872 226.3089 226.0679 235.8513 231.3913 231.6522 243.3422 229.7993 225.4636 212.3212 225.512 215.9063 226.8111 208.8135 202.3506 194.7831 198.0104 215.9699 208.5054 239.1261 245.3407 257.113 232.7245 224.1828 211.922 194.9323 196.1238 199.0019 200.6203 200.6066 196.8288 223.6565 202.5081 190.7898 191.9968 196.6343 180.4711 177.6275 185.3482 182.6796 179.856 182.5408 181.8309 199.8297
380.5591 332.3466 278.7451 281.313 305.9983 332.3107 323.4567 298.5978 287.6537 264.2286 251.0129 245.0633 238.9774 230.8127 230.1335 235.955 226.7721 226.7217 223.3926 221.3293 224.6586 227.8952 228.3803 230.0264 239.8142 245.6237 231.036 226.4361 213.3015 223.9089 248.8243 236.0987 211.2197 200.4357 199.9574 202.6527 200.8382 202.1231 214.8344 240.557 249.6018 233.1107 219.1558 199.1379 187.8873 192.661 191.7611 212.5405 208.0389 207.8681 207.9446 199.1695 205.1379 203.8928 186.499 183.3419 178.5146 188.9467 193.4683 194.1536 193.6809 197.2602 203.1267
374.3477 330.4674 290.508 273.6447 297.4105 305.5646 313.5881 297.2292 278.8889 252.5488 238.5778 233.5505 235.9613 230.8429 237.6647 224.2882 229.5244 220.9128 219.5115 219.1831 220.3612 229.7059 228.7327 232.9344 251.2547 252.2355 216.8169 215.9693 202.0869 214.7558 233.0002 227.4665 218.3058 212.3705 208.5552 196.4056 193.5831 203.1944 202.1589 210.2317 218.9013 223.4087 214.4228 188.4368 185.0382 188.3907 189.9588 189.1164 209.0126 223.7259 227.3718 206.9553 198.2267 193.296 194.1815 185.2589 182.6187 189.895 216.5209 223.4246 198.512 211.0076 208.9981
354.5181 322.6911 289.575 265.4996 291.9149 301.7235 288.0092 271.618 255.848 235.6546 224.0028 225.6762 226.1503 221.6921 218.1721 221.8363 220.6927 217.2235 220.6238 226.2812 219.8777 224.3979 230.2228 232.5948 233.6022 230.4469 213.2277 210.1881 203.1737 229.117 241.3984 232.9515 208.3619 211.4824 207.2136 196.8235 192.5212 193.755 198.2377 204.8893 205.5985 195.543 208.8987 209.7886 188.3948 182.3564 184.9293 179.1001 202.3145 211.7507 202.6899 197.1739 198.4335 185.759 200.8049 165.871 184.9438 201.2109 245.7989 235.1612 229.1553 224.067 231.3073
340.5554 317.9066 275.4034 262.5654 274.1218 281.357 267.2916 245.912 230.0778 227.0548 223.5663 214.0002 225.3809 220.7739 220.2641 218.7524 222.5025 218.9333 216.326 214.2146 217.899 219.4749 227.9342 231.7681 233.4284 231.5337 230.0709 234.9073 206.771 226.7553 210.5127 203.7954 197.8961 196.6238 193.4912 197.7174 196.3203 194.6085 190.0978 195.8653 190.9233 194.0688 209.9186 210.1151 207.6062 186.1516 182.9111 177.1418 185.6374 193.0947 193.0611 183.0119 198.1263 192.3215 187.6387 182.1753 184.6095 202.8659 224.3652 239.0256 241.6322 244.072 240.1288
331.5007 311.6682 280.1752 260.7113 261.4113 265.7538 249.3884 240.1717 222.9015 220.8739 216.39 218.6897 208.9438 212.7528 227.0544 217.7519 215.794 217.6152 208.5574 218.5516 212.3314 214.6297 225.6602 228.0358 222.0229 233.6479 225.689 209.1452 210.0565 194.4583 195.0448 193.7436 192.6777 188.1601 196.1652 195.9581 191.4208 188.1749 185.039 184.7896 195.3282 195.2802 198.3863 212.391 214.7969 189.8404 183.6039 178.9659 177.3263 185.8588 186.7781 186.2807 192.9603 195.4779 194.9154 178.1504 188.4978 203.6838 230.7846 230.7722 209.4162 223.7447 223.6613
319.1685 297.9756 288.7277 262.5822 250.4613 247.532 249.958 244.7723 237.434 225.5171 224.337 223.6316 218.4539 217.5061 215.7633 218.9034 211.8384 213.8835 210.6627 211.5059 211.1483 215.0456 222.4075 213.3519 222.4365 228.1289 221.2422 231.7765 211.9954 200.712 195.5317 194.5936 191.4118 194.1014 191.2897 188.1075 194.3513 190.2184 188.717 189.1274 188.5888 189.484 193.194 206.4264 198.3582 196.952 189.1405 185.3941 180.5889 181.513 181.8184 179.1376 176.3665 185.2661 197.0514 208.2806 221.2858 198.2686 229.2124 232.5746 218.6364 210.7195 201.7312
334.4292 295.1429 274.7071 278.8741 247.2605 241.6768 245.9405 265.7514 266.6021 245.0886 229.7847 215.7068 214.0022 212.1309 208.6397 212.731 210.1005 217.148 210.8864 205.6677 211.2017 209.9482 214.1463 213.9975 224.3967 221.375 218.7722 214.267 213.1009 211.1752 198.4591 203.4632 196.364 200.0361 206.2726 200.4166 186.5971 187.2772 192.8198 188.1708 186.6531 181.4061 184.7905 190.909 186.2601 214.2777 197.1091 194.1517 191.2551 180.9491 183.0779 180.3957 182.7263 182.4769 186.6776 190.1736 202.4635 200.1103 208.9796 215.6331 219.2432 210.509 197.177
241.6498 259.2686 258.2334 252.5816 246.8645 249.5109 245.9171 257.1794 259.2571 240.7089 234.5451 225.2185 211.0657 208.7609 207.6485 210.2033 209.9531 206.814 208.7495 211.1216 209.7166 206.737 206.5392 216.2963 217.4297 214.1068 212.7604 226.2941 234.7133 214.9372 218.4254 204.8678 205.2303 197.503 195.7291 195.4522 191.186 208.8194 190.8346 186.9147 184.5493 187.9744 177.8498 182.951 201.6953 203.2147 181.1295 182.3121 176.8853 180.9812 182.0612 178.6468 192.1894 195.6846 185.6695 189.6606 197.7924 201.5021 190.0753 189.5104 186.8319 195.0968 195.2921
259.0223 240.0996 233.2183 240.0535 240.9469 243.5293 249.7325 255.16 255.9759 235.8105 229.5587 224.8193 220.8507 214.3649 206.2594 204.3149 204.9526 209.1576 212.5968 206.3105 217.0295 210.4603 214.0656 207.8344 213.6393 206.8021 211.1196 231.9081 227.2722 218.5398 229.269 220.9389 199.2876 197.1248 202.3618 218.2658 226.7215 211.324 205.1554 191.211 181.1662 176.502 178.6973 187.4778 189.0225 196.5555 176.3767 175.7256 178.9124 175.1727 179.662 182.3874 186.507 190.1986 183.9895 183.2968 185.145 189.0757 191.7159 201.814 213.4456 220.7724 218.5826
277.187 242.8583 236.8912 225.6427 231.3038 236.3012 231.4294 234.8468 244.3656 240.2326 224.6956 222.6035 212.9124 207.7461 212.8905 208.5496 212.2069 210.5468 204.1141 193.467 205.2021 208.3613 212.1628 200.1805 204.7891 209.9836 211.0803 211.9749 222.3339 229.1915 245.8808 220.8843 227.1766 223.3716 215.0246 212.2638 218.1583 218.9512 220.6 195.208 193.47 186.1181 175.2501 183.934 197.8147 201.2912 176.9868 176.8346 181.139 184.2843 179.1076 178.2359 191.1805 194.9805 188.6218 193.8054 191.5138 187.1256 181.4886 188.4505 211.4543 207.2663 209.9272
266.084 247.7826 239.2987 234.1154 229.0139 231.5332 222.6306 217.9946 225.7655 234.6173 227.6812 218.8091 206.9674 206.105 208.3431 205.5806 210.5295 212.5941 206.8226 209.2358 200.4673 202.2641 207.2794 207.2353 212.5903 205.9835 205.5059 212.3566 221.5041 229.725 246.6446 216.9216 233.4829 232.9516 219.738 221.7736 218.152 205.5231 204.3757 205.2029 194.9391 198.4742 187.6763 185.9138 182.8238 184.6816 182.2806 179.9763 184.7089 184.7685 192.4292 180.5502 187.7716 191.8676 191.4843 186.0995 185.8517 185.2105 182.5506 183.0221 190.8817 189.1681 196.3755
258.2314 245.7363 245.821 227.1319 231.3604 223.9025 215.3111 220.9536 214.2618 215.9754 217.6248 217.2432 210.487 206.2889 211.6668 211.7645 211.6413 204.3854 200.4332 211.2056 199.771 203.351 200.2617 202.9543 202.5937 201.1797 202.6889 227.3327 220.1516 224.1978 234.8829 210.2606 208.1877 225.4279 235.1493 221.8004 216.3312 199.0618 207.6255 216.183 215.9445 210.6163 215.8691 201.1415 189.4392 190.4442 191.6693 193.1888 187.6088 185.7283 182.3649 184.6423 186.7626 198.9838 207.9772 185.4508 181.2276 183.692 184.5004 181.9708 186.1411 182.4517 196.3119
259.2617 251.4202 242.8367 233.4744 226.707 223.3781 225.0132 215.3418 211.728 211.6108 207.6028 206.4543 213.1634 208.6626 206.4403 214.9597 224.194 217.9341 205.1137 202.8469 198.0706 201.2198 198.2642 201.4892 204.2515 202.7047 201.9879 216.2719 210.6084 211.4589 201.791 203.295 226.2267 240.121 234.7309 235.4468 211.7905 207.2397 233.3956 218.9864 213.6012 200.8676 198.8707 182.1152 196.0472 183.2309 186.862 189.1991 181.0152 180.9721 189.3398 195.1155 196.9486 211.737 213.3714 201.6901 196.5793 199.1302 215.606 201.1031 191.0987 189.0812 190.0154
256.7961 249.5044 241.7886 237.0709 230.3232 220.302 215.2462 210.537 210.8963 211.0293 211.7366 207.2995 206.2958 205.349 216.0177 209.1305 200.9577 202.7595 206.2782 196.1026 198.1572 195.6722 198.0656 196.3891 199.8191 200.2672 200.5611 201.6137 228.1455 222.8134 196.1037 200.6595 210.6902 199.8234 222.3677 247.3391 208.5556 229.911 205.6776 205.6052 204.5378 196.2021 192.0177 171.9135 177.6211 173.9177 175.4354 177.8115 184.7752 174.2551 183.78 189.0663 196.7509 207.023 212.731 207.8174 209.2871 217.5055 224.8031 218.6407 215.6436 208.9056 202.1784
241.4931 238.9721 230.3404 225.8394 230.1938 228.9149 213.355 214.2065 217.4034 210.8803 203.8888 206.5856 204.8059 207.6672 210.6296 205.4472 201.1686 206.2828 197.7602 198.916 196.7902 195.7115 190.9269 196.7082 194.7665 196.7025 198.6275 201.3008 215.8143 230.1608 212.9084 203.0479 201.8938 223.1086 249.0677 251.4784 248.2378 225.0315 241.9064 228.8092 211.9072 211.5667 204.0802 182.5115 179.4413 177.7211 177.1567 180.4841 179.0681 180.6376 183.877 194.6093 197.6395 214.3132 209.9373 202.1027 209.5538 207.0788 210.3119 225.5659 236.9134 218.2768 215.6441
240.2592 228.7533 230.6658 230.2782 227.8278 226.8507 214.0171 209.6246 206.6261 209.836 205.4185 202.2519 200.8293 198.1264 205.9888 201.3574 205.2088 198.7217 196.8989 196.8721 195.8319 199.21 193.5066 198.1728 195.8713 196.918 199.3362 200.8054 205.259 217.8753 207.0164 203.689 204.8371 223.0522 221.4055 212.7948 225.0311 239.544 201.0778 197.9892 199.9743 203.8934 198.7168 191.0176 178.2053 180.635 179.5262 181.5278 181.8976 179.2377 182.0301 185.3633 187.4791 191.7199 199.3115 198.5972 201.4601 204.9306 200.5366 211.4754 226.9104 221.0656 220.3619
232.4371 227.6703 223.9348 228.7869 219.5459 224.2493 225.5073 207.102 210.6053 209.6127 204.8895 201.1126 201.6449 196.9755 198.5133 202.0534 198.0835 198.1859 196.8406 199.6931 193.0001 192.606 197.0574 190.5424 199.1266 196.9231 201.4182 195.359 211.4529 222.0227 215.0365 209.1558 225.9071 208.5106 216.7135 234.325 242.7018 225.5968 225.9853 204.6685 206.0037 187.7275 195.1975 193.9014 180.9056 179.3844 175.9174 175.8849 192.7312 182.6577 175.7245 185.6046 206.0623 209.5514 208.9277 197.9884 224.237 230.0291 210.9351 209.2479 238.8677 238.5003 234.2778
226.6925 229.5428 219.5008 224.0273 222.1472 213.6146 225.6602 216.0717 206.4585 202.2194 203.9284 201.4165 200.6543 200.2063 196.3102 196.9975 194.3206 198.4175 195.0055 194.9761 195.5037 193.5415 193.079 193.5939 194.1432 194.0161 197.1339 204.2218 196.3142 194.9141 200.8553 193.8417 208.6627 212.6956 212.5436 219.7466 224.4314 220.9796 212.7318 205.8856 208.8753 197.3379 182.2326 180.9926 175.7801 176.6308 176.1272 178.1898 181.6586 186.8692 187.4671 195.113 204.3478 201.0182 202.1308 235.5133 240.4183 229.0429 227.7044 224.7465 242.3172 219.9804 202.1618
