MapLib/Lvl1_5x5/BG/Ele_BG_FA.asc
ncols         557
nrows         557
xllcorner     -500
yllcorner     3337669.448
cellsize      1000
nodata_value  -9999.0
[rows 392 to 419 of 557, columns 0 to 62 of 557]
680.0867 684.6932 675.6962 674.6812 677.1454 671.0376 675.783 674.7565 668.0581 670.8556 670.3306 664.1378 664.5049 664.3802 663.7226 665.567 663.5234 664.0712 663.8973 661.0665 660.337 654.429 659.1244 660.7263 660.5822 654.7863 650.7944 647.0742 654.672 651.8195 653.8557 640.137 630.9552 638.6472 653.3392 660.8184 659.4166 651.4727 666.6376 655.7222 650.6615 640.4944 641.8755 647.9591 622.9921 631.9815 640.9257 649.361 648.2903 645.4473 624.1425 630.2882 648.1351 658.301 646.7352 637.7852 646.0184 636.2033 634.0342 655.3687 624.454 641.0763 647.8862
678 685.4716 679.6895 680.3464 678.1958 675.8566 670.8007 664.5725 667.5346 663.1166 664.6534 664.7952 660.9919 660.606 658.812 660.1456 660.3527 657.1876 657.2731 656.1927 660.9033 656.2101 656.4548 657.7806 649.6288 656.3475 656.0415 651.1162 656.2536 656.5708 644.6506 631.9681 635.1622 636.935 655.0516 662.8592 650.9975 662.4782 663.3598 656.2488 640.641 629.6655 648.6162 660.8297 635.0264 623.3446 629.9493 629.6877 626.1201 641.8118 650.4689 648.3795 645.2538 644.2694 633.4131 636.1652 627.4497 637.2501 631.8278 653.7125 653.2937 633.7553 647.5022
675.8192 677.091 675.08 677.7054 672.7604 672.9978 666.9142 669.641 662.8034 664.1017 662.853 659.7642 657.2281 658.8819 658.0833 661.8126 658.4457 658.6523 652.5881 653.8596 655.0873 657.5824 648.735 655.2368 646.6365 632.0845 650.5081 651.4841 647.9636 649.2246 631.7897 628.351 631.1416 640.0803 644.1618 664.1789 659.054 660.0023 658.8823 645.4282 623.6758 627.2007 648.4808 653.1149 653.8204 626.9371 620.1909 615.793 629.7267 640.9651 632.8899 619.0643 647.4154 623.7822 631.7357 634.8394 634.6387 639.7702 626.7632 645.2136 658.5309 648.8096 640.1945
676.3242 671.8566 669.7456 675.9666 670.5902 665.7529 664.8563 669.437 667.3695 664.8372 664.6364 667.6811 660.389 659.1977 660.0042 658.9542 654.5516 657.6758 652.9038 655.1734 655.3671 643.072 632.9139 633.1095 628.8276 623.7794 638.1075 630.1104 642.65 617.5748 613.623 618.308 621.4633 629.825 637.3845 645.4968 663.1967 652.6826 657.0892 650.288 619.5461 618.8274 637.5693 642.9865 621.5803 618.5295 612.2443 615.1548 647.0634 647.7731 618.8103 612.9589 605.8443 614.5234 611.5068 646.3612 654.1715 643.963 622.8211 629.332 645.6625 647.331 628.1711
676.0658 672.2797 674.2128 676.6476 669.5508 670.4722 664.5734 662.7693 664.5212 663.8428 664.075 660.8812 657.5454 658.5986 659.4841 654.5585 652.7247 651.7308 637.9604 639.6351 635.2166 634.5783 618.9862 616.0954 618.9796 615.9973 637.8022 616.8463 610.8755 607.7848 612.065 613.1746 621.739 626.0303 634.8218 641.6815 655.6805 648.4587 637.4642 638.2724 627.3965 612.5124 621.1211 634.1793 622.0096 604.7114 607.5109 598.1628 612.2754 610.282 608.4002 597.4799 592.7504 602.579 613.1302 626.002 651.3873 647.5011 621.6485 616.0424 631.7452 637.3596 620.0623
672.0178 671.0988 670.7 669.3061 664.5469 667.1437 658.2231 660.6612 659.6729 661.4063 665.8093 660.4893 659.1269 656.2953 648.0975 648.9239 645.5148 641.5072 639.3493 628.5181 634.2659 614.6224 608.0578 605.7739 603.1503 612.6562 605.0827 603.1375 595.6137 604.9705 613.7305 614.6801 618.3998 627.6425 642.1058 629.4153 637.9868 639.1958 615.848 617.3789 603.5975 602.0704 608.3831 606.1843 606.2584 601.5546 602.3646 599.2589 590.8377 597.163 607.9231 595.0306 588.2996 593.2327 600.4286 634.5172 640.0842 632.2079 613.5616 605.0574 609.0792 626.6547 631.6127
668.9689 669.4681 668.2051 666.5739 667.9774 661.5577 660.0129 663.0311 651.1092 655.6777 654.8831 658.3073 656.6839 646.2668 649.1221 643.5009 638.9539 636.4739 638.4172 633.2255 626.2258 625.6731 603.5073 595.9903 589.1393 596.9891 598.5213 608.2194 598.8713 611.9001 605.5414 612.5544 622.6605 631.838 627.3696 624.0364 632.9426 643.3292 612.0677 605.8763 598.1509 592.0255 595.8544 604.1143 614.134 589.2448 584.2023 587.3421 590.0426 588.9446 586.6111 587.1885 578.7469 585.8141 591.7805 605.8561 623.0082 635.8818 621.6742 596.9293 605.6732 628.7991 638.259
660.1049 667.3477 665.8389 659.5093 663.8231 658.6779 659.98 657.8688 652.3568 647.3833 647.1669 650.9148 645.3874 646.8229 639.1537 646.145 632.2423 624.5757 636.3162 633.8527 631.9288 622.2834 618.6351 598.9301 586.7006 585.9775 584.9105 601.8909 616.4039 604.3796 596.831 605.3491 618.8275 621.6348 615.8466 607.8358 621.5818 651.3483 626.5591 605.075 585.8271 577.1653 601.8428 607.9254 599.2698 577.0865 577.8852 598.2283 596.2375 579.9319 572.52 583.1891 591.6223 592.1313 602.8941 591.0831 610.1143 638.2423 630.9052 598.4689 616.8069 639.4628 632.3237
660.63 661.7037 663.4341 664.8701 661.9209 658.0823 650.7753 652.8621 653.4343 646.5225 645.6375 646.2136 644.5807 641.6993 630.0519 639.3516 639.6129 622.6076 635.0076 636.9174 632.642 623.3336 607.6774 600.8253 595.2703 573.4471 585.6426 603.4611 613.9929 598.8846 603.0219 599.3943 609.4489 625.8408 610.5137 590.8288 601.978 638.0453 622.7841 599.8231 583.2999 597.6746 585.4596 595.5787 602.2783 587.7936 576.9111 598.2716 605.4833 581.5851 573.4951 582.6609 613.2243 611.8296 598.1088 592.3842 606.05 625.3267 636.6361 609.4874 604.4636 631.1918 635.6334
659.5179 656.753 662.7971 662.6911 658.4424 657.863 653.1113 650.8719 646.5498 640.7339 646.3925 643.2466 642.7169 638.4759 639.3714 637.1221 634.7105 624.5297 633.1715 635.3377 631.6081 627.3541 623.4946 615.186 611.7041 590.2828 577.4536 595.2086 600.9076 588.1087 600.0212 601.7488 612.0412 614.5449 608.2454 581.822 600.3989 615.4244 634.8983 597.9066 588.4119 621.9145 589.0328 593.3436 602.2797 592.5642 584.3075 576.4027 600.7466 586.1589 573.071 591.6595 612.2361 592.8658 599.0697 589.6389 600.9169 615.6678 634.9898 625.0916 618.892 633.2369 622.3674
657.6778 651.8074 653.1898 654.1801 653.7841 651.1096 644.8947 644.7436 640.8713 642.0237 643.3288 641.509 635.1404 639.3376 636.0855 635.4105 625.1019 625.1664 626.5711 616.8306 617.106 618.9695 622.2503 612.032 606.1795 613.7753 572.6136 582.8632 578.8229 592.1754 598.6591 625.1525 618.8652 624.6238 602.0328 589.3598 584.8096 603.4249 632.879 611.616 600.3615 617.9406 595.8623 599.7172 599.1674 607.0216 590.4532 575.7592 604.4978 570.2518 572.9628 570.8862 585.0851 591.5024 596.6729 589.4753 602.4553 601.6348 635.3183 629.5549 614.7339 625.3198 621.8906
654.9164 650.2439 652.8581 648.5613 646.4155 642.5186 643.9825 649.3681 645.1707 645.7968 640.2578 634.5735 638.3922 636.3675 631.3409 625.7928 620.9229 622.5694 602.0166 581.1922 578.0448 585.8582 611.1627 597.8007 589.3 587.101 565.7233 572.6489 572.8998 574.5081 593.3428 623.517 614.0175 620.9932 611.1799 609.0703 589.8145 585.4167 603.2142 596.2933 593.037 600.4824 602.0808 608.8375 610.2546 614.009 604.7314 585.3421 595.0656 587.8721 587.4537 582.6516 596.0387 599.3335 588.2288 590.3249 598.8506 600.6381 622.4945 631.8371 602.1112 613.8448 617.549
646.9586 645.7179 644.7916 639.7941 647.9902 638.6982 645.3945 648.1172 648.0088 640.6292 639.3337 638.0506 637.579 630.5289 602.8336 594.4442 587.1486 592.6486 589.2949 562.2322 568.0012 567.5934 569.9258 582.1353 578.3173 571.9809 575.105 582.3327 559.3285 565.5378 573.1729 591.151 595.9203 613.3039 614.7319 607.0293 594.7582 594.5961 604.8237 583.4064 606.1978 605.3835 605.3607 598.0261 610.3341 607.6549 614.3704 598.3996 599.2072 611.9853 628.2778 603.9116 593.8765 611.8589 606.7816 612.9899 591.6329 586.2535 592.5591 620.6405 606.7859 591.4376 612.6483
614.7994 636.1017 641.3165 645.3997 646.6431 641.7853 641.8651 643.4635 641.5287 635.7286 634.8533 632.1113 634.3808 630.5696 608.4504 594.2779 591.7247 601.7597 593.02 557.8835 566.2563 549.2874 537.0645 561.6514 572.2806 552.6966 550.8538 578.2662 560.3396 574.2162 577.4291 581.3899 609.1654 604.2747 621.7135 617.3405 592.2265 594.4989 574.7263 594.9301 587.7298 600.2695 610.4404 613.8702 604.6393 590.3641 610.4274 580.6331 577.2299 590.1608 583.9138 596.0778 624.6944 605.0476 605.48 597.3226 628.6411 605.7935 608.9991 616.0048 613.6641 611.1617 609.5377
591.2634 593.7844 616.7585 634.0441 620.7316 629.0569 618.95 634.4904 638.598 633.0568 635.5617 634.5878 629.8242 629.8071 629.949 609.8904 591.8275 592.4634 577.939 546.3768 559.5272 552.6914 522.2173 551.2379 550.9817 541.2728 544.6227 571.0407 546.1052 558.1279 562.4641 570.8132 584.2726 591.6108 575.5883 574.4602 584.8697 572.398 566.1873 597.8191 589.0515 597.7899 602.7335 592.1745 594.508 588.2078 587.1125 583.743 578.7193 588.5884 586.7059 594.2003 589.8238 575.997 582.3272 605.408 619.2182 616.8754 590.4937 589.642 591.4233 620.0988 619.8989
580.9736 580.6923 580.6271 588.2011 595.3758 599.4804 618.6886 623.5934 608.1223 624.803 624.7444 642.3947 624.3487 622.2434 621.043 611.7906 607.89 585.1281 570.1277 556.3307 549.1752 558.8364 517.3602 530.8284 543.0786 532.3785 534.4075 571.7487 538.7412 536.8817 563.251 569.0812 590.6939 579.5802 567.6668 567.7662 576.5676 588.0916 574.3468 596.7312 586.7142 589.6747 581.8292 605.177 577.2902 570.4897 584.0038 619.8113 600.6943 575.2077 570.5382 586.7738 572.5742 579.4783 586.0032 624.9424 598.246 592.1582 611.4073 580.1399 579.2838 621.528 620.1032
585.3743 570.7922 562.091 577.8393 577.4744 588.7153 592.1299 603.5374 599.2727 599.3664 602.2267 611.8014 609.2455 618.3359 607.2915 593.2922 608.1634 604.5256 578.3632 564.1602 553.953 561.0471 522.1373 524.4617 553.2191 527.5592 528.2228 568.0946 532.2905 539.2441 562.6584 565.4409 592.7413 571.4797 566.8743 560.6334 592.1848 587.3237 593.1034 605.9229 581.2709 575.7615 571.7604 595.5099 595.035 564.6375 575.3129 606.5166 608.2579 580.6132 584.9318 610.0298 574.8112 574.4421 595.5964 620.2756 619.2312 611.2501 591.2629 572.7874 578.3336 612.3214 616.5381
590.2206 589.3641 569.6584 579.4774 570.3317 591.1333 607.9485 591.2803 574.4205 576.0745 583.8272 579.8038 587.1117 587.5196 581.8698 583.5034 586.3453 604.9261 587.9289 566.6249 549.3623 562.7729 564.8842 542.9757 561.0208 544.0881 540.8738 567.7073 542.1781 537.4163 562.7078 562.0571 588.0051 586.808 564.7755 561.0283 573.1134 576.7274 603.1791 593.9978 586.598 573.337 575.9801 604.2762 621.5811 568.4064 572.8026 576.7048 597.1019 567.9324 572.838 603.8084 571.6198 580.5042 609.1144 607.9879 611.4333 607.858 566.3828 568.1783 580.7999 618.0212 613.4131
588.5114 584.28 593.9707 582.8094 564.6732 574.7993 585.9244 579.5082 560.8657 572.323 578.5783 584.1942 599.0802 588.1201 599.1666 579.4987 571.4426 582.3069 566.7597 573.8654 549.5493 542.0298 572.0085 556.4177 558.0817 562.4824 549.7141 571.3409 557.0588 547.7778 574.372 553.5139 596.5571 590.5509 579.1393 551.653 560.3158 567.8259 581.9788 567.685 596.4369 582.3986 572.7614 606.6559 594.2955 570.6456 562.2032 566.3442 585.2502 572.1202 578.941 578.4779 591.8179 607.2008 613.9532 583.9592 612.1829 614.4936 585.4738 584.4729 615.0143 621.1351 616.4923
589 582.3812 581.7778 591.0689 564.9401 551.0919 570.1254 575.2332 559.7923 565.2982 582.4582 597.9045 599.6976 594.148 587.8087 581.1168 569.2166 569.8475 567.2983 571.6576 551.0234 549.455 562.2001 557.2091 553.3398 581.3931 553.9974 583.4459 573.5226 557.6722 564.1652 541.1644 565.0867 576.5168 576.4926 548.8729 562.6315 573.8651 589.6967 570.4957 571.2467 583.8267 575.2429 604.192 575.8629 568.6305 564.5659 596.0749 591.3958 595.0432 577.6518 587.5472 615.114 615.2143 602.2121 577.6006 599.9116 612.3558 616.2451 617.4634 619.9921 619.4595 614.9382
589.0874 583.0654 581.6647 582.9656 588.9653 565.1276 569.0917 564.5776 575.1902 561.0679 572.6125 564.8282 567.4088 570.079 580.2371 589.0699 619.5574 583.2607 565.3306 573.9302 550.7061 570.1374 562.7722 549.371 561.6036 575.2778 561.4185 573.0677 570.3899 560.1714 578.0974 564.8843 549.3069 561.8704 572.2156 545.6575 565.2751 575.8948 604.5743 589.5786 568.8645 562.9105 597.0499 597.6666 576.9766 575.9827 586.2256 616.0786 605.4535 618.6357 608.9124 581.7902 619.5688 616.4705 605.481 576.9146 592.2734 611.0941 611.1242 609.6317 616.7067 616.5099 613.4574
629.5247 603.8043 590.804 582.6822 577.0539 573.252 575.8862 564.0579 553.9206 539.4247 551.4744 564.3936 561.7849 578.4382 586.0637 595.1421 591.3981 571.1091 567.5823 561.9232 548.3388 567.5248 555.6714 555.5261 556.6861 587.2684 571.3278 576.8749 574.633 570.0053 588.7184 575.8389 549.9235 555.9012 561.8834 590.651 573.2408 590.5803 627.755 619.4266 583.9459 570.9846 601.8506 602.9195 572.9696 576.9576 622.4855 599.6602 611.5548 616.5596 584.5629 585.8214 606.1345 610.7974 589.6964 577.5782 592.579 618.6559 588.5776 583.8467 607.9705 597.6163 597.6886
622.5533 643.1666 609.684 589.7593 582.9802 579.8093 595.5387 578.6705 560.1987 551.6301 565.837 546.7031 565.986 584.4702 616.3447 592.0833 576.7394 562.1956 573.6882 562.6217 571.1043 553.5787 554.2262 569.5938 550.0311 586.1324 589.6194 587.5902 576.6179 576.7292 582.3574 577.4893 559.7821 569.4918 574.9127 608.6151 591.5878 603.738 627.4965 622.1998 586.1086 573.0848 582.1648 583.5217 558.1859 574.6765 614.8671 617.1223 612.7269 612.9402 603.3065 606.8528 610.3275 612.2161 597.3815 568.9549 590.739 621.0688 587.0522 574.8339 606.2759 590.8038 583.9665
643.2025 644.2062 621.038 603.8384 586.3336 585.333 591.8072 586.267 575.7956 575.0346 578.0175 568.2943 580.9886 580.2145 617.7169 624.0651 583.0174 569.9738 573.7429 557.8715 547.4375 563.7191 568.5991 574.2681 575.6006 572.627 568.1044 587.0726 585.3362 581.6002 614.2302 602.9186 584.1661 570.3204 585.9453 579.3265 603.593 620.7593 617.2502 592.8891 581.7388 612.435 610.1005 592.9802 574.5772 568.2246 616.3265 603.1702 610.3291 607.8982 612.7216 606.7421 603.7136 609.6814 596.9229 568.7309 596.7499 612.2078 590.3639 605.9888 612.5905 608.5253 603.7598
661 657.5211 634.3367 635.3731 601.6946 609.032 620.9991 614.5119 573.1529 601.8954 584.4311 570.6567 576.6487 595.4837 614.864 609.0253 604.3526 611.9393 597.5684 568.412 553.3738 573.0543 559.6262 572.808 610.4755 572.7333 581.2659 583.9973 583.777 588.3254 605.8349 605.6321 584.142 608.6814 620.54 586.5074 617.3763 613.7277 616.506 612.4238 617.4664 621.9097 597.2382 615.7574 596.5684 576.8151 611.9785 613.554 607.1749 604.1375 600.1678 611.3726 604.0897 599.959 604.7729 598.8847 607.8649 611.6357 609.9128 603.5825 610.7886 610.577 603.2441
658.2716 646.5049 642.9716 618.5762 627.184 647.1644 640.7776 587.0356 572.6386 587.0654 599.577 577.0861 582.7089 604.8994 614.9342 629.2543 609.1206 626.2745 627.0093 575.7632 571.0845 566.3812 559.7426 582.533 608.1633 578.4154 587.1639 584.0927 583.1661 606.5311 604.5911 621.9478 597.6321 606.3857 612.0212 623.5559 621.0773 617.2213 606.5564 601.0149 604.6603 610.6349 606.8559 617.9341 615.5157 591.4819 604.2006 608.6689 609.912 602.5449 602.2054 603.6088 601.3757 603.1514 595.0831 601.235 604.8449 606.0483 601.8331 602.9345 605.746 611.479 605.9643
649.1187 645.1789 630.0338 600.8699 618.1073 642.1169 598.5611 604.1752 575.0306 592.6486 622.1058 585.7136 593.8055 640.2736 630.9391 599.0021 605.171 625.2815 623.2086 592.1161 595.9378 618.9028 570.0494 566.998 594.9821 590.3524 601.8293 591.3472 590.1372 592.2229 620.6616 615.1111 586.011 597.9358 610.9838 625.8381 623.2433 622.0751 612.6382 616.5745 609.0204 596.5674 600.1263 621.9047 614.1384 580.7974 604.5021 604.9131 605.451 607.3668 603.7692 606.4755 607.6271 600.9063 596.5389 601.4592 607.4002 600.6334 600.8884 598.2585 597.423 603.5013 604.079
631.2823 647.0779 622.8222 587.6836 613.8141 616.3879 590.6641 585.0217 578.7529 600.0232 630.9309 601.5394 621.1292 620.4995 589.6462 590.8896 611.9858 626.2127 598.1405 596.293 624.1003 617.015 581.582 576.106 573.6298 594.1795 603.701 592.9932 605.5998 615.5071 604.7994 624.2979 606.8326 589.3154 616.9367 609.5724 621.2382 622.1735 614.7624 616.6649 615.6031 610.3929 584.736 618.0479 612.4357 596.5106 586.5296 605.4358 603.3465 597.7431 592.3582 603.3303 606.5865 600.8737 598.9243 604.002 605.9067 596.7416 582.8828 600.4753 599.4228 600.7839 604.4162
