MapLib/Lvl1_5x5/BG/Ele_BG_DC.asc
ncols         557
nrows         557
xllcorner     1113500
yllcorner     4451669.448
cellsize      1000
nodata_value  -9999.0
[rows 504 to 531 of 557, columns 310 to 371 of 557]
-3594.8704 -3592.8789 -3591.7 -3590.7822 -3590.6411 -3570.0366 -3519.9749 -3479.9883 -3444.5691 -3354.9277 -3246.2698 -3242.0215 -3274.5718 -3307.106 -3337.1687 -3350.8862 -3359.6921 -3356.01 -3353.6807 -3354.0396 -3348.8162 -3337.3784 -3318.7827 -3296.094 -3291.2576 -3289.0559 -3289.3931 -3288.6118 -3285.3413 -3236.665 -3084.446 -2975.5339 -2924.9976 -2870.2002 -2810.7644 -2766.29 -2727.5459 -2718.6323 -2714.2437 -2702.4172 -2693.1499 -2690.6899 -2687.0273 -2680.7969 -2663.2263 -2631.4839 -2563.4529 -2468.8835 -2420.1733 -2381.2534 -2280.3398 -2186.2524 -2201.5388 -2213.9927 -2149.8914 -2122.2356 -2195.6931 -2243.7209 -2261.2266 -2250.0178 -2217.3159 -2170.9275
-3596.0444 -3595.9854 -3594.3005 -3592.4175 -3592.4175 -3584.8613 -3566.5889 -3523.0352 -3456.218 -3364.1953 -3267.2207 -3262.8801 -3291.9836 -3327.0222 -3360.262 -3372.2913 -3379.2312 -3372.0076 -3368.7153 -3369.8303 -3365.3044 -3355.2327 -3340.1743 -3322.8342 -3312.3689 -3303.8154 -3299.5186 -3295.0596 -3290.6746 -3234.2825 -3061.9834 -2948.2095 -2911.8223 -2858.4155 -2790.6858 -2731.4636 -2676.2908 -2651.3328 -2631.0024 -2603.8145 -2584.2515 -2587.1201 -2591.8164 -2594.5708 -2591.5051 -2583.0867 -2551.415 -2504.1499 -2473.6047 -2441.1008 -2333.8252 -2235.6458 -2268.4421 -2302.7898 -2260.4773 -2232.9258 -2258.5342 -2265.7671 -2250.3511 -2242.9314 -2240.2888 -2230.1924
-3596.1064 -3596.9609 -3594.623 -3593.052 -3593 -3591.1814 -3585.53 -3551.7949 -3493.259 -3408.5559 -3319.7981 -3313.3647 -3336.854 -3370.4138 -3401.6335 -3412.0134 -3417.189 -3409.9094 -3401.6511 -3391.958 -3381.0439 -3368.7703 -3353.4421 -3337.0518 -3325.1475 -3314.4001 -3294.7444 -3276.1494 -3265.3379 -3222.5056 -3108.8083 -3022.823 -2973.5891 -2892.4648 -2787.0039 -2711.6758 -2649.4497 -2609.5752 -2573.8992 -2543.8037 -2520.0349 -2513.5916 -2505.6379 -2492.5313 -2486.281 -2490.7026 -2482.6067 -2467.0293 -2447.1084 -2420.6919 -2347.885 -2283.9624 -2316.8799 -2358.4514 -2362.7642 -2358.9214 -2344.6692 -2317.9131 -2275.6086 -2256.5896 -2253.5146 -2259.6697
-3596.0332 -3596.0806 -3594.623 -3593.9961 -3593.2424 -3592.5996 -3591.1714 -3573.9246 -3540.8247 -3470.5649 -3387.791 -3378.2073 -3396.5376 -3424.3826 -3450.9504 -3459.0017 -3462.804 -3455.3572 -3441.0129 -3416.0845 -3395.7703 -3378.491 -3360.874 -3343.666 -3331.7053 -3320.7688 -3280.4084 -3243.1238 -3224.29 -3205.074 -3186.9851 -3143.6675 -3070.0208 -2947.9119 -2789.3962 -2697.8425 -2633.3962 -2578.3638 -2529.0593 -2501.2402 -2476.1353 -2450.9185 -2421.1301 -2380.7935 -2362.7092 -2373.6123 -2384.2141 -2393.1655 -2381.4221 -2361.5874 -2341.2563 -2329.5994 -2355.4727 -2396.8044 -2458.3916 -2488.623 -2440.9536 -2385.2522 -2319.5288 -2281.2407 -2262.6003 -2276.0222
-3596 -3596 -3595 -3594.3193 -3594 -3593.3232 -3593.0266 -3584.6333 -3568.1069 -3528.5669 -3479.8386 -3471.0339 -3475.1309 -3469.4558 -3462.3228 -3453.5122 -3443.3796 -3429.7344 -3410.0359 -3380.4255 -3361.5374 -3350.1016 -3336.7681 -3321.2405 -3279.7246 -3231.7031 -3204.5015 -3179.104 -3162.1731 -3154.366 -3165.0369 -3147.0273 -3093.1384 -2945.0581 -2726.5596 -2628.7288 -2579.4407 -2517.9995 -2457.1738 -2413.6023 -2370.6011 -2322.2869 -2266.0188 -2197.2061 -2162.7056 -2172.6262 -2221.7383 -2299.2046 -2310.6477 -2300.2346 -2313.5879 -2336.0911 -2366.7661 -2407.9973 -2474.6572 -2519.9946 -2509.3064 -2464.9246 -2380.1462 -2321.0098 -2283.5234 -2305.3713
-3595.1436 -3596 -3595.5972 -3594.9995 -3594.3379 -3594 -3593.9619 -3593.2302 -3591.054 -3584.4609 -3575.752 -3568.0063 -3554.9849 -3510.6716 -3463.9573 -3435.6487 -3409.3472 -3389.1609 -3363.3638 -3331.0793 -3314.5974 -3312.0894 -3303.373 -3291.333 -3213.6028 -3121.5073 -3114.4321 -3107.0393 -3095.4568 -3094.9155 -3119.7908 -3123.7964 -3098.364 -2928.4734 -2649.6248 -2547.5928 -2517.0229 -2449.8552 -2378.175 -2315.04 -2250.3447 -2176.7209 -2094.3035 -1997.7273 -1945.8704 -1954.9497 -2047.5836 -2201.0305 -2239.0403 -2238.7876 -2282.2083 -2334.168 -2371.8059 -2413.1187 -2473.2092 -2528.9419 -2570.1675 -2547.0164 -2445.343 -2365.9456 -2308.1348 -2337.8831
-3595.1064 -3596 -3594.7761 -3593.4063 -3592.7588 -3592.2385 -3591.4397 -3590.5879 -3589.2178 -3585.6003 -3579.0259 -3562.4021 -3536.8179 -3478.1384 -3418.3752 -3394.9363 -3374.2815 -3362.1804 -3319.4316 -3235.8 -3209.489 -3230.1904 -3223.9409 -3202.8149 -3090.3162 -2958.0149 -2988.3818 -3015.145 -3012.4875 -3022.1218 -3060.3743 -3075.1113 -3058.8635 -2896.4988 -2624.4019 -2507.9119 -2453.655 -2367.3794 -2275.7041 -2184.897 -2088.5188 -1975.7898 -1859.0289 -1740.8311 -1726.8759 -1846.2744 -1982.2517 -2130.1816 -2174.0852 -2186.3025 -2264.4746 -2350.9038 -2389.5322 -2425.1255 -2481.2576 -2534.606 -2578.7578 -2582.4802 -2536.7937 -2475.2898 -2408.4541 -2427.4216
-3594.311 -3595.4021 -3594.2515 -3592.7588 -3591.1235 -3590.4883 -3588.6428 -3587.9888 -3586.7278 -3584.8945 -3579.5776 -3552.5386 -3513.7407 -3440.2546 -3368.9246 -3348.1782 -3331.9912 -3326.5037 -3268.2896 -3138.2856 -3102.5479 -3145.9495 -3143.2874 -3116.6741 -2983.2705 -2828.593 -2883.4609 -2932.2708 -2934.718 -2949.7507 -2994.863 -3016.6194 -3009.2358 -2857.135 -2595.5933 -2467.2407 -2392.9946 -2294.8301 -2191.8503 -2079.9448 -1959.6036 -1817.981 -1679.0995 -1548.1836 -1562.2218 -1761.3646 -1925.7963 -2065.2991 -2113.2563 -2137.0784 -2249.5266 -2369.3127 -2412.1787 -2444.7468 -2495.7656 -2545.6741 -2588.479 -2614.9854 -2621.6067 -2578.9602 -2508.7046 -2513.9568
-3594.908 -3593.394 -3591.8101 -3591.1235 -3589.4883 -3587.9888 -3585.4355 -3584.3323 -3584.083 -3581.624 -3574.4089 -3533.4712 -3476.5857 -3385.667 -3297.8372 -3269.0686 -3245.5105 -3236.02 -3172.4253 -3033.5349 -2999.1411 -3051.6213 -3063.3289 -3055.4341 -2989.0457 -2910.6555 -2913.4832 -2913.1785 -2892.1311 -2881.3228 -2893.2576 -2901.7839 -2907.2693 -2774.7664 -2537.2913 -2416.5479 -2342.3018 -2285.4856 -2227.5278 -2136.0981 -2038.8971 -1938.9254 -1843.5094 -1757.1044 -1738.335 -1805.8497 -1907.8142 -2033.7844 -2081.2212 -2110.5308 -2244.1191 -2391.0349 -2462.8875 -2514.7305 -2551.9277 -2584.5474 -2612.8687 -2636.3584 -2655.5916 -2638.0276 -2597.2002 -2572.209
-3595.7859 -3593.2573 -3591.6221 -3590.4873 -3588.8521 -3586.9338 -3583.6633 -3582 -3581.312 -3578.853 -3570.7622 -3520.7744 -3450.7104 -3342.4685 -3235.5107 -3185.1523 -3142.7568 -3120.7793 -3055.3877 -2931.5671 -2911.698 -2978.7124 -3002.7112 -3006.0828 -2986.2173 -2961.1948 -2909.397 -2859.0994 -2822.3821 -2793.311 -2781.4751 -2782.8367 -2798.8867 -2696.303 -2504.1306 -2397.502 -2325.0615 -2303.0876 -2282.6042 -2215.3501 -2144.5359 -2082.9646 -2025.269 -1972.1954 -1931.0026 -1905.187 -1959.0927 -2069.9607 -2116.0239 -2149.4514 -2283.886 -2432.7959 -2518.6313 -2578.5737 -2602.6169 -2620.8787 -2634.7817 -2650.9519 -2671.4001 -2667.9719 -2646.5203 -2592.592
-3599.0564 -3595.7859 -3593.8926 -3592.2573 -3590.6221 -3588.5691 -3585.175 -3582.4468 -3580.4883 -3577.2178 -3569.3567 -3521.6582 -3452.521 -3325.8342 -3193.6272 -3090.47 -3000.4514 -2945.4792 -2890.3186 -2837.3025 -2863.5586 -2955.4141 -2985.8584 -2987.1768 -2964.1584 -2935.9185 -2823.6863 -2722.6042 -2686.0073 -2658.1858 -2648.1016 -2652.7876 -2674.2588 -2627.9248 -2530.4646 -2454.8484 -2387.2678 -2382.8613 -2382.8821 -2349.1753 -2312.053 -2282.6604 -2247.8752 -2200.532 -2160.9575 -2132.1226 -2173.5918 -2265.1294 -2309.7214 -2342.4924 -2429.5193 -2523.7559 -2584.2622 -2628.2312 -2641.1543 -2649.3572 -2651.0654 -2650.2539 -2644.8723 -2629.6094 -2603.469 -2525.8936
-3601.6389 -3599.0564 -3596.8728 -3594.7578 -3593.1226 -3590.2043 -3586.7229 -3583.9868 -3581.1628 -3578.5266 -3571.5083 -3529.7529 -3464.0532 -3316.8137 -3158.9038 -3015.3457 -2890.7764 -2818.2634 -2774.8958 -2776.7805 -2834.2366 -2938.7419 -2977.6726 -2985.7693 -2962.8528 -2933.5405 -2786.1099 -2655.4414 -2626.6016 -2602.0928 -2585.7263 -2590.936 -2623.7231 -2621.1614 -2590.2698 -2545.8472 -2496.2061 -2492.104 -2493.2556 -2480.1165 -2468.8396 -2468.7625 -2458.1448 -2424.9663 -2393.1133 -2364.4041 -2383.7222 -2436.8203 -2471.2832 -2500.8479 -2552.9756 -2606.3884 -2642.5361 -2666.9851 -2670.207 -2667.5481 -2657.0903 -2638.8623 -2610.0559 -2583.791 -2556.0559 -2475.7891
-3603.342 -3602.0688 -3599.804 -3597.3857 -3595.1631 -3592.9543 -3589.9744 -3587.2573 -3584.5098 -3582.3918 -3578.1348 -3545.1035 -3486.3843 -3316.2429 -3130.1035 -2965.1416 -2824.8843 -2752.3943 -2723.9729 -2758.0452 -2828.6633 -2928.4238 -2979.3828 -3005.771 -2989.1274 -2963.8884 -2811.4309 -2678.9424 -2664.8728 -2645.7561 -2611.7759 -2615.7927 -2668.5813 -2691.793 -2691.3257 -2678.8906 -2662.001 -2637.8647 -2614.8164 -2607.0098 -2609.5564 -2636.6741 -2652.811 -2643.8269 -2626.0493 -2600.5481 -2585.3408 -2577.2131 -2589.4009 -2610.9028 -2645.2615 -2678.3938 -2690.2544 -2693.8616 -2685.9072 -2672.5947 -2650.0449 -2615.261 -2564.7383 -2530.4141 -2504.6228 -2449.3733
-3605.9382 -3604.3394 -3602.2866 -3599.0283 -3597.3931 -3594.7578 -3592.2043 -3589.9563 -3587.9253 -3586.2239 -3579.8313 -3541.7393 -3479.9927 -3326.9111 -3159.7749 -2995.0371 -2861.7014 -2814.6389 -2790.0513 -2798.8533 -2848.1636 -2932.136 -2988.4727 -3029.8777 -3024.8699 -3010.5237 -2884.0762 -2775.6592 -2765.1855 -2746.729 -2701.9563 -2698.2813 -2747.0078 -2775.7983 -2787.9504 -2793.1526 -2795.646 -2760.3088 -2723.4504 -2715.5554 -2719.9553 -2752.0649 -2776.8184 -2783.2397 -2777.4409 -2756.343 -2717.4548 -2664.3979 -2662.5994 -2680.8022 -2701.926 -2719.4226 -2715.4863 -2704.7546 -2684.7498 -2662.6614 -2635.6479 -2595.2 -2537.3376 -2502.3279 -2482.4229 -2450.8298
-3607.6758 -3606.9341 -3603.9219 -3600.6636 -3599.0283 -3596.3931 -3594.4602 -3592.7983 -3592.1018 -3588.2664 -3578.3855 -3524.9192 -3451.4932 -3346.7593 -3231.7271 -3084.3188 -2975.3325 -2971.7549 -2943.6533 -2882.7805 -2887.0391 -2946.0149 -3002.1475 -3056.7302 -3066.8 -3067.647 -2992.5239 -2926.4292 -2912.0308 -2887.624 -2838.8918 -2823.3567 -2849.3364 -2868.3796 -2881.6365 -2892.9382 -2904.1133 -2864.8652 -2821.6726 -2809.7483 -2808.9624 -2827.782 -2847.4624 -2862.8604 -2865.3359 -2851.5247 -2796.583 -2713.4602 -2703.481 -2721.4358 -2731.8416 -2736.4209 -2723.6526 -2703.1074 -2671.5833 -2640.562 -2616.678 -2578.0325 -2523.2302 -2493.5928 -2481.8552 -2472.7888
-3606.689 -3606.689 -3604.623 -3602.3025 -3600.9746 -3598.7456 -3595.4751 -3594.311 -3593.9338 -3587.6797 -3573.8904 -3514.3887 -3440.2954 -3376.5959 -3311.5469 -3223.0774 -3151.6738 -3127.2991 -3077.4951 -2994.2258 -2964.583 -2981.9807 -3023.4065 -3077.0476 -3094.0259 -3103.2192 -3069.5823 -3038.1851 -3025.1006 -2999.7041 -2945.468 -2920.3572 -2933.5708 -2941.9446 -2946.7178 -2950.6843 -2953.9246 -2924.198 -2891.2537 -2876.752 -2870.1709 -2876.292 -2887.5049 -2903.3611 -2911.5149 -2909.1521 -2847.1201 -2742.3828 -2735.4651 -2761.6389 -2758.5537 -2746.2019 -2728.9875 -2706.5317 -2670.9055 -2634.3313 -2598.9353 -2562.8193 -2526.2568 -2504.261 -2490.679 -2473.7212
-3605.8992 -3605.0537 -3604.9797 -3604.8809 -3603.2988 -3601.0596 -3597.1104 -3595 -3595.3909 -3586.4539 -3568.9231 -3506.7471 -3435.4424 -3410.2324 -3393.3132 -3381.0076 -3353.2085 -3282.0605 -3203.6482 -3116.0049 -3057.8728 -3026.4841 -3048.4575 -3095.198 -3115.825 -3130.979 -3134.1121 -3135.2659 -3125.3665 -3100.6309 -3039.5073 -3006.3745 -3010.7649 -3008.4663 -3000.6914 -2990.6519 -2981.2271 -2965.5322 -2948.8904 -2933.3457 -2920.7544 -2914.2954 -2916 -2928.5432 -2940.5303 -2952.4294 -2886.105 -2764.0239 -2763.2546 -2801.916 -2784.8823 -2753.6592 -2733.3008 -2711.4375 -2675.8113 -2634.51 -2581.7544 -2547.5952 -2536.9419 -2521.9653 -2503.5823 -2466.2456
-3602.7305 -3601.4055 -3600.8784 -3600.2554 -3599.9844 -3598.2715 -3594.6167 -3592.5151 -3591.3916 -3575.8721 -3552.2927 -3516.2151 -3480.1926 -3467.5398 -3458.0979 -3450.3391 -3428.3459 -3366.7009 -3290.0156 -3191.5935 -3129.2402 -3097.1982 -3100.3542 -3120.1624 -3134.0129 -3146.5574 -3162.5708 -3174.3484 -3163.0662 -3139.6428 -3091.8562 -3068.5852 -3076.3425 -3076.1152 -3068.8899 -3047.4841 -3020.9285 -2997.4592 -2975.1465 -2955.7693 -2939.8523 -2933.3594 -2928.9841 -2926.5435 -2928.9404 -2937.7922 -2905.0085 -2842.7837 -2843.7339 -2861.6091 -2818.5178 -2765.2568 -2743.1721 -2721.8943 -2683.1638 -2643.4246 -2604.8491 -2569.6829 -2538.915 -2515.7168 -2494.8064 -2451.0652
-3599.6504 -3598.9087 -3596.7612 -3595.4431 -3596.8643 -3596.2131 -3592.5798 -3589.7603 -3586.8279 -3565.6646 -3536.3232 -3529.959 -3529.938 -3523.9556 -3516.7688 -3502.9724 -3480.7031 -3436.6882 -3368.0325 -3264.9656 -3203.3403 -3178.0615 -3160.1904 -3147.4238 -3152.8777 -3162.27 -3186.6831 -3205.0662 -3190.7034 -3170.7517 -3137.9458 -3125.5605 -3138.198 -3141.2634 -3135.8015 -3104.5437 -3061.9775 -3027.1978 -2994.7705 -2971.6501 -2953.2761 -2947.0308 -2937.6978 -2921.1355 -2912.7021 -2916.1519 -2917.5537 -2917.9082 -2918.6919 -2913.2961 -2848.2966 -2776.803 -2752.7905 -2731.3982 -2689.2705 -2652.2004 -2631.2964 -2593.7349 -2536.5808 -2500.8269 -2478.5403 -2432.9192
-3604.647 -3604.6665 -3601.71 -3599.5562 -3599.1003 -3598.3794 -3595.856 -3592.1262 -3586.8408 -3568.4277 -3545.3181 -3546.0583 -3554.6565 -3552.9971 -3548.4841 -3535.7954 -3517.9702 -3486.554 -3440.5078 -3375.2249 -3327.8755 -3295.1069 -3242.022 -3180.9021 -3182.7068 -3197.4917 -3220.5613 -3239.0459 -3227.3572 -3211.3586 -3186.1738 -3176.5815 -3187.2981 -3186.6843 -3176.4265 -3140.1204 -3093.0374 -3047.1829 -3004.1106 -2979.0674 -2958.9104 -2947.1289 -2935.0293 -2920.5803 -2910.9016 -2908.2175 -2902.9817 -2896.2571 -2889.481 -2879.0544 -2832.1721 -2779.6663 -2751.1333 -2723.4675 -2682.5078 -2648.0447 -2629.0017 -2582.6042 -2501.9663 -2454.2263 -2428.1929 -2397.9111
-3608.6711 -3610 -3606.7334 -3603.4751 -3601.8398 -3600.3496 -3599.5293 -3595.2742 -3587.7722 -3572.5808 -3555.6707 -3560.7266 -3572.814 -3572.8938 -3569.9487 -3559.9341 -3546.4841 -3523.658 -3499.385 -3473.1255 -3440.7742 -3402.3101 -3324.5283 -3228.9941 -3230.906 -3252.0813 -3274.9622 -3292.5454 -3278.7495 -3261.0349 -3236.1182 -3225.6531 -3232.6426 -3224.9392 -3205.4644 -3163.7671 -3113.2529 -3060.3503 -3010.3215 -2983.2295 -2961.3411 -2944.5833 -2930.24 -2919.0933 -2908.7874 -2900.6287 -2885.6831 -2865.6077 -2852.0015 -2838.6038 -2807.6165 -2772.3831 -2742.6572 -2710.8755 -2670.6938 -2637.2524 -2622.103 -2568.6301 -2468.6533 -2411.7283 -2383.938 -2364.5549
-3606.9709 -3607.7549 -3606.5466 -3604.9878 -3602.7844 -3601.0879 -3600.1946 -3596.3015 -3589.0144 -3576.9319 -3564.3738 -3569.2612 -3578.9592 -3576.4707 -3571.9998 -3564.5813 -3552.8501 -3531.5918 -3519.6123 -3519.4844 -3500.9775 -3465.0664 -3397.2747 -3316.7141 -3329.4717 -3361.4644 -3386.8711 -3403.4546 -3372.4651 -3336.2251 -3291.9624 -3268.4116 -3271.7576 -3249.907 -3208.155 -3158.0684 -3103.8237 -3055.1599 -3009.9529 -2980.5576 -2955.8848 -2939.2644 -2924.4504 -2910.9553 -2897.7883 -2887.0835 -2869.9575 -2849.3708 -2831.0408 -2811.6572 -2774.7576 -2736.9763 -2715.0791 -2690.6526 -2646.6218 -2614.0984 -2611.8298 -2560.1753 -2448.9768 -2392.0681 -2371.0317 -2342.1387
-3606 -3606 -3606.7578 -3606.5034 -3604.8682 -3603.2329 -3601.8198 -3597.9641 -3592.4736 -3583.6895 -3574.4685 -3577.2119 -3582.9092 -3580.179 -3575.031 -3568.49 -3559.3337 -3543.0325 -3539.6472 -3554.0747 -3546.4836 -3520.1775 -3473.5083 -3417.8625 -3434.5481 -3466.2021 -3484.7065 -3493.1003 -3446.5481 -3395.2876 -3337.2856 -3301.5588 -3293.918 -3257.7605 -3200.3047 -3148.5693 -3099.0068 -3052.8511 -3008.3176 -2977.3752 -2951.675 -2937.5049 -2922.6431 -2906.635 -2891.5518 -2878.1729 -2859.0408 -2836.1968 -2814.3953 -2790.3293 -2748.4539 -2706.824 -2690.7913 -2671.4702 -2626.2798 -2592.6282 -2590.8218 -2541.5583 -2436.0898 -2385.125 -2370.7434 -2338.8684
-3606.0417 -3606.8433 -3607.77 -3608.7861 -3609.0408 -3607.3914 -3602.6389 -3600.8816 -3599.6624 -3594.5632 -3587.0957 -3585.9856 -3586.6221 -3585.9578 -3583.9651 -3576.1743 -3569.4148 -3565.7317 -3567.6179 -3576.9224 -3577.5876 -3570.2676 -3555.3164 -3536.7979 -3542.0481 -3551.9685 -3544.2883 -3529.5791 -3473.595 -3417.2273 -3362.05 -3318.1848 -3287.5488 -3239.2046 -3176.4219 -3138.124 -3109.1851 -3059.0867 -3008.0286 -2975.74 -2950.6558 -2940.9937 -2928.6997 -2910.3655 -2894.2661 -2879.9695 -2855.3105 -2823.5688 -2799.9133 -2777.7061 -2735.6453 -2693.4724 -2676.8767 -2657.679 -2616.0815 -2576.7358 -2550.272 -2503.2441 -2431.7415 -2397.6248 -2387.0608 -2369.1472
-3606.1064 -3607.7417 -3609.4053 -3611.0688 -3612.7041 -3610.9336 -3605.3049 -3604.1917 -3606.9019 -3602.7949 -3596.2334 -3592.9934 -3591.4045 -3592.5168 -3593.1697 -3584.9934 -3579.7112 -3582.9817 -3586.7495 -3591.6091 -3594.8682 -3597.8967 -3596.7646 -3594.8977 -3590.8599 -3587.543 -3571.5452 -3548.7046 -3488.988 -3434.4961 -3392.5889 -3355.3223 -3321.8494 -3265.3662 -3191.3889 -3158.6436 -3142.3186 -3078.748 -3011.4797 -2972.3889 -2943.0159 -2929.4045 -2913.812 -2890.187 -2869.3992 -2852.9736 -2827.0574 -2793.8196 -2773.2698 -2756.1968 -2720.958 -2684.8848 -2668.8247 -2649.5859 -2613.2549 -2576.4099 -2544.0562 -2505.4355 -2460.5176 -2429.9275 -2410.5161 -2400.9749
-3605.5137 -3608.2339 -3611.0405 -3613.6758 -3615.7407 -3614.479 -3608.655 -3608.8008 -3612.6543 -3608.5354 -3600.3091 -3598.6543 -3599.1384 -3601.0476 -3602.3176 -3594.8049 -3590.0066 -3592.1921 -3594.041 -3596.2263 -3597.6001 -3597.7034 -3587.9167 -3572.6797 -3565.7544 -3560.4189 -3559.0659 -3549.1272 -3492.6777 -3448.158 -3432.7251 -3420.0796 -3410.8474 -3352.0913 -3256.5044 -3218.9363 -3204.4348 -3114.5168 -3019.0388 -2966.7017 -2926.0518 -2899.3906 -2871.1929 -2837.9824 -2810.3794 -2789.9043 -2766.7461 -2741.3367 -2730.1538 -2722.7986 -2703.196 -2681.7908 -2666.125 -2648.3359 -2619.6008 -2594.9641 -2582.7078 -2561.0129 -2527.8765 -2485.3557 -2440.5039 -2431.8484
-3608.3765 -3611.3799 -3614.6504 -3617.905 -3619.2451 -3617.834 -3614.0605 -3612.9712 -3615.2424 -3611.9509 -3604.8987 -3603.5977 -3603.5977 -3605.7727 -3607.2986 -3602.1804 -3598.603 -3598.8965 -3598.436 -3597.6484 -3597.6448 -3598 -3587.4231 -3571.7593 -3566.3347 -3562.2129 -3567.2395 -3565.6433 -3523.0935 -3488.9319 -3475.387 -3470.1506 -3474.3279 -3411.6099 -3298.2527 -3258.0042 -3247.5347 -3140.9683 -3026.2305 -2964.8984 -2917.1882 -2887.3547 -2856.0652 -2819.3049 -2786.3054 -2758.1865 -2723.2454 -2683.2415 -2664.6055 -2654.3328 -2646.5686 -2638.6206 -2623.7097 -2605.55 -2581.707 -2562.5835 -2556.9038 -2543.4871 -2520.9131 -2488.187 -2450.0098 -2432.0017
-3614.0083 -3617.22 -3620.4905 -3622.8022 -3622.845 -3622.2368 -3619.8237 -3617.2854 -3616.5696 -3613.2981 -3609.854 -3607.7141 -3606.8682 -3608.2571 -3608.9341 -3607.1909 -3605.4658 -3603.0442 -3600.3162 -3596.6589 -3595.8774 -3598.4175 -3593.4521 -3586.5273 -3585.2285 -3585.0781 -3590.9221 -3593.0327 -3572.3955 -3549.0835 -3520.4177 -3509.6294 -3520.6123 -3451.854 -3322.6101 -3282.0112 -3276.8899 -3160.1384 -3033.8999 -2965.3691 -2913.8286 -2887.71 -2859.8723 -2824.5068 -2787.5627 -2748.7476 -2691.8035 -2620.1819 -2582.7139 -2559.8706 -2562.4978 -2567.8481 -2553.165 -2533.5986 -2512.4453 -2494.4973 -2484.8384 -2474.2424 -2460.8369 -2452.6873 -2445.2839 -2410.1426
