MapLib/Lvl1_5x5/BG/Ele_BG_BC.asc
ncols         557
nrows         557
xllcorner     1113500
yllcorner     5565669.448
cellsize      1000
nodata_value  -9999.0
[rows 330 to 359 of 557, columns 0 to 66 of 557]
133.5036 145.818 194.9535 178.8139 133.9107 147.7943 150.1211 134.5231 132.7735 118.5744 116.7459 110.0101 100.8329 99.8653 113.9157 119.7362 130.4451 145.2509 154.7913 188.5025 216.66 183.8329 196.9889 243.1462 292.6749 257.3136 221.6441 177.4267 155.1878 131.9081 131.6388 124.0201 121.0133 129.0286 130.4979 121.6376 135.0732 138.1801 152.9657 178.3199 190.1823 180.1475 202.3409 236.7483 182.4427 169.6974 148.3461 111.3433 105.8595 108.1646 117.1976 108.5409 97.2197 83.8029 81.8882 103.9489 107.9829 113.2608 98.1397 99.3892 94.5974 69.7667 84.3862 72.5395 97.5328 96.1184 85.4825
147.6788 167.6818 151.3023 143.3496 153.1128 163.2002 146.6449 135.7352 126.1925 123.3895 123.8952 115.887 110.0474 109.1591 118.398 116.5448 123.4027 126.484 137.8022 162.1182 215.7064 216.2164 213.9976 250.8926 250.2756 293.0818 261.3457 211.3676 162.2809 137.226 126.4708 125.9741 125.9667 123.7354 123.9488 121.1049 122.0948 128.6631 142.0065 143.117 160.9008 198.4877 245.4664 236.1382 218.7308 191.7638 204.0639 131.8092 117.1491 116.6764 122.9218 113.8145 127.3671 131.1551 137.9953 131.2578 136.7049 114.4669 102.5411 95.0825 86.2469 78.5004 86.0145 89.2857 106.2858 110.111 79.9624
164.9432 176.0243 166.3534 144.2718 138.1503 153.3214 157.6088 146.0425 142.9525 133.1537 125.4789 118.2102 108.1102 111.9608 123.358 116.2344 117.4306 123.4515 137.8396 173.2802 204.2496 204.7221 193.9843 246.3941 222.3645 249.5235 239.301 201.9763 174.549 178.9085 223.6102 214.0746 205.6455 207.7115 195.9853 157.7766 142.4143 135.5842 138.193 136.9565 137.6482 151.1508 166.486 186.3497 244.3007 185.4013 160.2448 154.2169 142.6282 128.5337 119.5918 115.3784 116.9139 138.4823 138.2777 139.8099 131.0925 105.9123 87.7337 86.2501 87.2084 82.9674 89.281 79.3655 108.7118 109.4785 109.506
179.5541 202.1473 170.8245 185.1427 175.146 160.0997 170.3136 175.1504 160.7453 150.8731 137.8518 129.7736 119.2859 104.8847 119.7731 123.4865 121.0898 131.9768 139.5416 156.2188 164.3874 156.4243 159.6965 229.2639 186.9162 210.387 229.7961 164.841 153.5316 153.9264 183.2315 213.7676 247.7094 207.9858 236.0975 246.075 202.4462 171.5172 160.8292 146.7347 140.0723 146.0617 148.0795 159.0972 193.5418 182.0668 199.3145 186.4391 152.4987 137.9446 140.8346 133.0335 121.9088 146.8641 140.5679 128.4133 129.5425 105.9082 83.5911 92.0312 102.4659 87.5666 89.8718 91.2892 101.8627 117.5151 114.6075
209.7068 193.3944 164.3716 215.509 253.0836 246.1278 233.7628 207.4193 200.6101 186.854 168.3429 149.0154 131.9986 109.4414 133.3858 125.8727 132.1225 138.0211 140.3931 140.13 157.2819 184.3225 172.1663 160.8795 159.44 172.0892 202.8763 182.2108 156.236 152.998 165.1991 181.6385 216.9447 272.9819 287.1731 256.8263 203.6932 179.2964 157.1008 153.0203 146.0458 152.961 156.6377 160.6955 170.4171 206.0372 242.5223 225.9944 174.7542 152.3348 140.7456 136.5465 133.8476 150.9926 139.7689 126.465 115.9418 107.2971 112.4553 119.2505 112.3151 100.2969 99.9532 88.7071 95.0281 102.7952 116.3429
248.4381 194.1671 181.295 168.881 249.3056 273.4909 284.7309 277.6177 255.2172 210.3058 185.5883 151.2492 125.2725 125.0497 134.7273 137.4502 141.5022 142.5168 149.1812 165.3349 203.208 262.4259 227.1605 202.4977 185.7088 204.841 165.4532 155.1716 154.5879 168.4558 169.0655 176.4103 203.6403 261.4607 243.8109 190.5161 169.3236 165.6992 157.2839 168.469 149.9373 159.3016 163.6579 166.4744 167.3888 220.2109 259.88 247.8233 234.4236 197.482 157.6293 159.4939 163.032 142.0332 127.6755 120.8256 130.0264 138.0511 129.0924 125.6343 113.7539 112.2168 116.1959 119.278 94.3675 101.24 114.893
224.6299 188.8898 173.4606 176.4799 181.0105 195.6319 207.7593 204.0798 231.6371 246.6988 210.9467 155.1499 138.2019 111.8251 116.9215 126.5446 150.6546 145.5179 147.2253 158.6254 206.2648 265.1442 238.3794 225.2224 208.7788 176.7558 171.3148 155.3473 142.5452 161.161 171.536 207.8338 203.1138 217.1908 208.9326 191.4515 185.0576 188.8615 167.6835 160.1252 156.8087 158.1079 165.8987 167.0081 181.3076 203.5486 228.3758 255.9839 225.9114 235.5777 232.0516 180.9922 149.8731 134.1018 134.2211 145.22 195.9267 199.601 155.5207 141.5883 133.6349 122.4499 119.5244 118.3478 120.9283 103.382 107.0739
265.0553 195.5597 202.763 218.6723 215.0063 227.2839 250.9801 232.6841 213.0207 187.9509 168.1208 171.022 146.6779 138.279 118.9499 173.2696 205.3457 200.1858 185.6831 182.7381 173.0241 192.6781 247.3589 268.0816 222.77 173.296 176.8895 162.1124 162.3558 167.6055 181.4618 231.1821 218.1251 224.5994 238.3403 219.1926 197.2894 183.2591 177.5759 168.0439 171.1637 180.3774 174.2583 169.912 178.8793 192.493 233.0034 266.3098 278.1602 247.0653 265.7872 255.6082 240.4359 197.7554 167.3749 153.787 151.6747 194.049 210.4456 210.0777 217.1864 194.9926 158.6403 137.478 118.7313 112 107.2751
223.7403 214.5127 203.2167 243.53 302.8564 281.7462 244.3722 238.3577 243.5754 214.0779 199.4831 184.4673 174.4267 160.8972 128.1385 148.5458 185.8964 212.8823 254.8134 280.5963 275.1847 252.9238 269.1004 273.0758 184.8541 186.0472 183.6642 176.0661 171.5162 166.0101 181.9088 200.1807 236.3945 233.1106 231.2954 225.6571 201.5659 188.0597 166.6317 177.4192 182.4686 190.5254 193.4032 192.9277 218.1059 204.7235 201.9554 207.312 228.2252 277.5169 266.4799 241.9098 206.5734 169.334 153.0787 167.5248 173.5888 154.4776 146.8635 142.3947 139.4277 140.5641 168.6803 162.1457 119.3049 118.2866 137.2472
196.0302 238.4738 259.0496 226.6373 257.343 234.8998 235.7908 234.6336 208.1298 174.9765 166.138 161.2153 165.7569 130.4991 134.148 155.319 195.1391 187.5244 193.9263 225.4132 220.3901 231.4564 246.6924 215.9944 200.0219 193.9505 197.7304 202.3724 217.0499 204.7136 205.5501 197.514 226.9842 249.3027 246.0461 221.636 197.6366 182.6083 180.8911 186.7996 183.8016 184.7708 189.2231 198.5807 204.2499 223.5324 202.3351 204.8723 218.7192 205.4035 180.2263 171.7997 182.0546 184.5367 168.2164 173.0851 173.7994 164.6977 148.7793 144.541 139.0246 139.9394 136.1982 140.0045 126.842 130.7685 131.8409
195.0886 196.5365 256.9792 294.961 263.894 265.1703 261.9209 251.3043 218.5497 184.423 155.0326 143.8791 131.3283 126.4822 134.047 144.8586 168.4241 221.5293 261.8538 249.479 267.6284 296.734 291.9767 281.0345 227.406 237.7237 253.9777 293.5297 321.6757 363.7239 393.7213 341.651 276.0459 234.19 217.4814 211.0613 198.977 188.6008 186.4741 189.413 187.5545 201.3906 203.9942 204.2029 198.1146 202.1367 210.5307 211.6027 210.3775 195.4864 195.3967 198.0589 202.7272 192.7817 189.9362 173.8881 158.5653 154.2161 145.6284 160.5032 164.2628 149.3456 160.214 155.6186 151.0418 147.0158 141.1776
178.195 188.9553 199.6618 245.4113 278.1758 280.4714 237.3088 221.9195 210.1759 202.3789 180.3923 148.2943 135.3275 129.3649 135.4756 148.4761 154.6213 172.3977 221.756 291.7815 255.1744 239.2663 206.1501 231.5487 278.0977 290.2768 339.2513 370.0578 375.3517 471.1156 489.8808 500.1913 427.2543 375.4493 257.9117 204.6927 202.5176 193.933 192.374 191.027 203.3203 212.851 227.0157 217.3917 215.7455 219.3233 224.2813 229.1246 235.8964 229.7909 218.5549 215.6435 210.6204 199.9974 176.2143 162.5732 157.3161 158.0025 172.568 168.3516 183.8811 161.1034 166.008 165.2345 158.9844 148.5739 148.5028
169.7713 169.6025 173.8964 186.522 216.158 260.8799 260.9666 261.5727 208.6745 177.9086 164.072 164.3976 144.7344 133.3549 134.9733 157.592 170.8379 180.3058 177.7992 180.3862 194.28 198.6211 228.6685 290.7869 315.2365 384.0804 354.8797 426.8351 493.2408 475.4531 472.5684 413.9761 347.6955 275.9514 227.7509 269.9694 286.9458 224.4181 207.0221 206.4943 209.9823 213.4751 220.0893 231.464 225.5947 228.5109 238.5539 244.4801 248.9082 239.7753 235.0629 232.0065 265.476 227.9823 174.23 168.0454 173.5246 185.3105 183.8351 177.8049 175.5004 175.9445 177.2848 168.2131 156.2585 147.969 149.3826
183.6965 166.3816 153.0218 165.1974 179.8868 201.1711 212.5715 258.7138 301.9336 281.3062 211.5366 172.6561 162.4967 147.2991 149.285 158.7932 156.5171 160.8976 171.1743 176.4367 187.6153 199.4203 225.3203 262.3448 362.2366 437.3963 483.6251 529.6606 460.3473 410.5023 348.3792 304.2567 254.4645 238.5926 282.3478 265.0107 286.6364 326.1983 349.9168 307.1314 321.7445 282.109 270.0713 332.0154 314.2189 253.0588 257.2289 260.2631 252.7345 232.0842 218.8644 276.1893 272.4688 192.3064 199.1659 194.9267 184.6737 175.0028 183.2798 183.5654 180.0584 187.1025 180.2781 171.1713 167.8643 169.1743 186.3919
146.2696 136.526 154.8298 143.8372 150.7044 163.0244 192.7733 218.816 249.0962 312.3517 310.6335 296.9875 191.5107 154.0525 160.9981 168.9617 182.3989 207.2092 245.9116 215.4887 176.8169 205.6089 240.4917 321.4026 332.8073 400.5653 522.2965 523.6932 492.9742 350.8043 262.1246 315.5335 333.2822 288.3205 258.6479 256.3806 300.688 381.4896 377.9341 323.8217 314.3236 314.034 354.8225 383.0771 438.821 350.2573 268.7686 263.3591 256.2263 273.985 272.5804 252.4928 203.6194 192.2156 219.1963 235.8384 212.253 203.7122 204.1812 192.4686 199.5739 193.0688 182.4868 176.6935 192.9891 195.5997 214.4874
156.0729 150.1006 132.8483 143.994 141.1223 143.0343 155.8723 181.3642 206.6125 260.4883 296.3022 269.7983 227.7188 160.4453 156.841 175.3569 189.2978 207.8397 226.798 212.8054 222.6257 243.3374 292.2448 388.5058 404.8372 441.4934 501.6647 482.9568 383.5297 306.8979 290.3437 399.5456 417.8034 315.2882 348.2103 350.7576 337.4003 336.9785 319.2427 335.3279 350.52 377.1908 362.9839 402.7318 374.1977 317.135 309.9859 318.8863 354.7995 346.956 320.0954 284.3984 228.2844 224.8096 262.2538 248.1649 258.8292 259.054 237.1559 212.8385 212.228 215.9606 196.5553 201.267 218.3581 230.53 233.8226
170.5882 159.0645 165.329 136.9209 138.9752 151.3746 153.5136 172.4522 187.6438 224.052 271.1563 273.6242 212.4821 162.084 161.8641 186.2081 217.4342 213.2517 205.4521 219.7154 232.6247 244.075 309.4599 328.7275 393.3077 428.737 516.6235 540.0005 486.838 380.3252 277.2963 355.395 411.1035 404.6538 430.275 434.4511 451.7256 387.5503 465.6197 408.6187 409.8728 383.5334 441.9042 376.7948 389.3036 422.3461 360.4307 571.4745 522.0684 365.9973 545.4405 418.7201 238.3136 389.7648 493.4489 434.4232 366.3637 299.2745 260.4245 245.6285 234.4382 235.9393 269.143 252.3283 258.0678 273.2347 318.5817
236.8343 201.4851 150.6497 153.9807 227.5037 204.745 198.3943 204.3801 204.941 232.2411 284.3732 276.6383 268.0692 180.8311 162.8974 180.037 189.2158 199.3438 203.1331 237.9382 254.4901 315.3135 360.5318 314.7362 393.7943 407.4874 488.4443 535.5365 552.3376 491.3944 328.9998 311.5482 379.757 470.8714 532.9845 562.2943 421.0124 493.6039 476.7059 490.445 404.0548 445.0319 487.5459 493.6143 398.2708 569.5627 399.5692 565.4658 530.4692 451.3825 603.3483 371.6529 310.7205 429.4461 521.453 549.0515 499.2369 402.0559 424.3054 297.2726 281.0498 264.7882 267.1459 316.0014 357.5184 402.8229 432.5906
118.9137 126.7916 130.631 142.3425 165.692 189.7221 213.9789 211.3274 211.1294 224.5136 235.6547 249.7892 288.5002 203.5994 175.0924 196.2296 190.2831 189.4327 193.7434 204.4629 232.6438 284.9243 358.7713 417.8704 418.5629 469.5591 534.1932 548.765 503.4301 438.6963 387.893 314.587 368.7812 479.979 534.5485 547.1243 535.3491 580.1503 554.2291 464.2055 490.7188 519.4637 517.9298 484.7068 551.1338 509.0697 497.3787 619.6279 599.7092 604.605 520.1791 458.2653 348.7357 524.0544 580.7505 606.9543 586.3509 546.1282 499.4905 494.0656 439.0517 328.8549 353.2578 472.5236 480.9955 545.9696 552.0866
146.2616 178.1144 177.6402 162.4067 145.0193 139.6211 137.8913 142.7191 155.2626 170.1207 178.498 218.4185 266.2267 192.0256 194.9236 208.528 177.2146 194.4361 206.9528 199.0626 233.0313 262.8172 329.4906 389.58 465.1813 482.4904 520.9449 570.984 554.6821 427.2427 334.824 430.2277 444.9743 422.7201 500.0278 585.8458 588.656 557.5334 512.8772 594.3537 637.3231 535.1003 511.0065 600.4821 676.1016 608.5358 631.6871 603.2483 560.4564 614.5615 550.082 409.6234 379.0591 521.4247 553.7855 586.4626 593.4009 578.9446 588.2339 568.1382 465.3345 430.2765 474.8531 445.4324 470.0383 522.0782 508.9365
144.3011 185.401 234.2449 212.3446 210.332 165.23 156.5576 161.6684 158.7948 162.473 179.2467 185.1579 195.8101 185.9376 192.5162 215.6267 224.8118 192.1407 192.6784 201.6704 196.6549 248.9436 359.1475 393.0641 481.158 531.0843 568.2402 597.871 486.2309 408.7372 374.4756 479.9594 532.056 518.1573 542.403 537.6989 562.7302 573.0347 626.5976 615.9481 651.686 680.6257 732.8563 728.0147 685.1645 656.189 629.7336 594.6986 542.7187 491.0143 427.8346 523.6425 476.4814 534.6357 595.8826 636.2425 614.4207 599.6727 594.9021 556.1487 428.764 557.562 553.5532 540.1893 498.39 487.603 435.5295
160.6507 162.8152 222.2151 273.6038 269.021 267.4691 246.4575 188.4276 188.3375 170.1591 169.4662 177.6395 180.2568 209.4471 217.3914 221.4778 240.8285 238.5499 219.1364 209.05 217.2488 233.0943 286.2273 332.4564 369.8804 424.2359 510.4436 562.0826 450.791 372.2016 511.7746 559.7301 493.8655 551.5539 561.1255 555.6313 576.9365 590.3167 575.4399 609.2139 676.8356 712.3538 620.0796 627.8585 537.3837 535.7047 548.0479 529.8685 457.7419 467.9448 445.4434 478.1581 538.405 558.3197 576.0014 571.4661 621.5862 616.7841 575.0226 574.8163 583.5023 534.529 573.6275 567.2905 564.2939 577.499 562.0758
119.2474 211.5722 276.3 299.3259 304.2575 282.3451 257.716 308.1948 279.3958 252.3598 234.948 234.3909 202.0966 217.0318 246.0726 299.3037 258.8877 241.136 263.6726 277.1035 238.5504 244.6205 275.8482 327.2965 399.3829 474.2633 437.892 485.955 473.3676 369.308 430.8842 481.7769 435.129 503.75 497.6184 520.5169 535.7216 512.9153 559.5927 580.4227 591.235 592.1778 556.5071 534.8014 568.8918 530.6674 492.2296 496.7118 444.1197 488.7442 441.3523 441.5623 507.4608 488.7684 548.6356 624.8412 655.9718 625.8018 624.9221 608.9532 584.7912 610.1432 627.6884 592.611 580.4908 585.1074 633.0394
109.0089 136.8859 192.3144 229.0263 279.7888 284.8819 252.7681 240.251 243.2867 230.9645 236.4694 239.7324 220.6069 261.6358 295.9459 306.9516 317.5893 308.7748 334.776 319.1182 233.3259 256.3621 280.7818 307.1675 366.4217 425.2375 443.5891 544.056 499.456 455.1331 429.9391 463.9539 538.9591 570.0181 551.8256 561.9941 583.2916 568.4579 552.4321 576.7635 586.8132 567.4229 548.4755 545.5104 511.8752 461.1427 448.1299 483.9296 496.925 433.5124 473.0347 482.0583 493.5797 487.3049 534.4259 535.4183 633.2887 661.6888 626.2293 606.7903 583.7348 621.9424 647.0676 624.8268 594.2106 651.225 669.533
125.5102 113.5228 130.219 153.0147 198.323 233.9895 316.3526 314.5902 299.4541 258.0511 213.1365 198.4975 218.7761 271.9229 279.7903 312.8143 359.4203 309.7073 269.7451 235.3604 214.3493 237.7252 276.2343 329.8783 365.7952 410.3503 455.7346 469.0528 543.4838 507.8635 433.0591 530.2269 580.4227 576.6038 549.751 539.8473 555.5908 572.2911 587.5414 587.6978 571.4168 523.7092 518.9526 495.7057 471.8626 503.6338 536.4542 493.195 467.5887 491.1051 494.5132 505.7726 510.0458 539.2718 559.9707 596.5021 620.7003 674.8979 661.5394 652.067 617.1149 665.551 696.5754 672.6725 669.7797 749.224 807.3184
202.1414 139.0053 114.7229 140.698 213.5091 282.0408 292.1939 285.4693 239.184 212.6679 190.2539 180.1008 189.958 201.6408 233.2626 269.5251 325.5718 313.3181 244.2169 214.3672 214.816 268.9995 324.7728 336.3212 345.7061 334.5008 341.271 381.3963 436.5406 499.9919 496.3773 497.9827 545.7096 506.934 525.297 558.0541 585.4487 559.499 567.5346 578.0652 592.6412 591.7816 585.8408 580.1171 563.6004 559.2831 539.0582 503.9512 456.5202 547.0128 529.6811 533.8775 571.1992 586.909 607.4743 635.8677 634.4867 733.4758 767.4077 765.7773 719.5447 752.5164 730.3791 701.9817 731.3235 842.2419 939.8088
284.289 188.3292 122.7101 125.0778 139.6891 146.9102 168.3701 182.1839 170.1309 160.5069 160.9199 171.0541 166.3964 188.3844 231.1868 259.2596 332.3914 315.6357 267.6238 215.3901 194.7673 215.3225 245.8694 274.9919 290.7399 289.5804 353.1282 437.7841 513.7101 570.5164 575.7182 537.8849 507.5652 499.4672 543.2722 582.5279 585.4634 584.2833 575.5467 578.5772 580.9997 596.0975 595.0728 590.3887 566.6623 540.3761 561.9891 512.3242 488.6422 490.7662 535.8021 552.525 590.1829 631.637 683.3604 730.2054 741.6964 679.0555 785.897 795.5811 796.8707 798.9576 818.9566 834.9929 815.7068 884.7582 987.2024
289.6695 163.4015 125.4694 124.4602 123.3422 124.3716 130.8348 139.4371 129.8297 139.6432 158.6655 160.3244 161.8938 196.9695 251.7142 271.5758 298.1642 279.4185 272.8619 235.2866 192.5326 189.8232 217.621 233.2374 261.3043 290.356 351.7211 421.8568 454.7616 532.1535 575.4183 546.5786 521.1956 547.1981 565.3219 570.5104 574.8188 567.8789 567.0035 581.2553 600.475 612.8344 606.5052 624.2526 601.1174 582.5799 535.3408 545.1827 526.9686 573.9995 593.9788 647.6606 699.1409 736.0512 803.6476 889.6339 873.1681 811.0987 770.7054 789.0079 819.2379 857.9633 861.9026 865.875 865.0352 933.3217 1003.9119
161.4559 132.4709 133.1318 166.1924 167.6959 140.0715 154.8194 180.2635 174.683 167.1709 145.9035 139.2935 179.2413 200.7937 254.4095 242.4126 297.2268 250.8506 243.3737 226.8786 176.6573 183.7355 192.3936 194.6391 235.7677 288.3486 325.5694 378.8138 450.5259 529.3768 583.7469 550.5874 557.3402 522.9152 557.7761 571.3091 551.4298 545.0703 570.2586 592.3362 618.9847 560.3375 573.3751 610.0615 577.3416 571.7496 554.5751 559.0471 580.0766 631.498 715.6745 736.5558 760.9184 827.4128 894.7756 901.1105 869.0691 797.4987 744.1187 751.3601 793.6591 832.5942 837.5884 866.8628 865.9078 850.9195 860.5997
168.3828 165.5857 158.3767 199.2061 187.7195 230.0151 255.9287 262.25 287.0457 248.4519 199.9171 160.6119 150.1012 235.556 231.3539 278.6924 297.6621 214.8716 189.5305 171.2058 164.4506 171.5831 175.3001 190.0572 221.8257 260.1949 322.9906 366.6577 407.8484 466.183 524.4487 515.7084 470.7199 540.9438 534.2506 529.2255 564.1964 567.2335 574.324 587.2698 559.0922 507.6003 492.0504 512.0617 468.5468 530.2065 552.9985 633.2803 659.1442 742.4171 768.1716 816.7015 849.8207 862.7339 841.4271 822.8229 814.6979 769.3006 752.8172 732.2811 779.924 805.2026 818.8653 828.5469 805.4908 787.6471 749.8812
