MapLib/Lvl1_5x5/BG/Ele_BG_BF.asc
ncols         557
nrows         557
xllcorner     2784500
yllcorner     5565669.448
cellsize      1000
nodata_value  -9999.0
[rows 196 to 223 of 557, columns 189 to 251 of 557]
175.648 172.3022 172.9455 178.4776 176.1094 186.4174 185.2412 189.4367 177.452 182.9084 176.1274 178.6836 183.0123 185.5818 184.2411 187.6259 187.8995 186.5728 182.5155 175.1258 174.0919 183.8557 181.1555 183.448 178.6948 188.1798 186.8635 176.1627 174.9365 175.6241 177.1633 181.8389 174.3047 177.9334 184.4786 175.922 170.4261 168.4919 166.0303 167.1687 164.9841 166.4285 167.381 178.9024 173.0434 174.1796 170.9318 169.6354 171.5539 166.43 168.3733 176.949 171.6014 171.98 172.393 178.3177 187.6567 185.2164 182.2716 180.5881 184.8612 185.8735 177.2697
179.7301 171.9341 171.544 172.2025 182.621 184.4628 189.5077 181.2758 200.7372 190.3652 187.1107 187.1985 184.5188 178.8428 176.6166 179.6488 177.6118 174.0468 174.7495 173.9176 179.7124 174.6038 175.911 180.5805 184.1854 178.6573 175.2466 181.852 179.6369 173.2503 170.5639 174.3341 181.1017 176.4283 174.8174 177.3529 175.3509 171.8776 180.1004 185.6665 173.4877 176.7609 174.0742 171.2209 172.8835 186.5643 175.0402 179.3642 178.5741 187.6216 186.7306 186.4726 183.5291 178.7728 182.0104 186.1872 199.9428 188.7837 198 200.6704 198.1099 185.1145 194.8918
178.0203 175.2556 173.2997 170.3265 179.4502 188.9692 185.9252 189.5423 192.066 181.2349 183.1866 180.5913 181.4328 179.6636 177.5509 176.1056 169.9241 176.6063 175.3176 176.4145 180.143 177.8522 173.5756 174.4613 175.5923 176.5953 171.2176 174.306 177.1201 172.0667 170.1175 168.3936 171.6687 175.4147 166.3771 174.6894 173.289 176.6521 176.89 176.4944 176.188 182.8742 193.7188 191.2176 204.6786 200.5486 185.3646 193.9649 189.544 190.9864 202.7841 204.2456 203.1283 199.8845 203.7342 204.1894 213.8258 196.2652 183.5957 186.8746 178.7278 183.5859 198.3981
184.3234 187.1539 174.8136 175.7986 175.1108 184.4812 189.493 197.8891 195.1072 196.9362 183.8481 185.6472 182.4483 179.9305 177.3159 175.6913 173.9937 179.2593 177.6604 175.9881 177.5487 173.7668 173.7286 176.0156 173.326 170.5282 174.5543 167.0754 173.9826 172.5842 171.3887 170.8416 173.939 190.668 177.5126 177.5177 182.8562 187.4918 193.4914 190.3671 192.4206 195.7093 197.6049 213.4848 222.5652 209.8497 193.7622 201.8529 208.6269 212.547 216.8189 217.4083 214.7945 221.6071 220.4774 230.0116 220.1007 212.58 202.8343 183.4826 185.4855 190.6503 198.3572
195.2092 207.8463 188.943 177.4252 174.7227 190.7794 194.4119 189.8876 204.6782 198.1741 199.6393 192.5524 182.2094 181.2852 185.448 178.9284 183.3468 184.4205 173.536 176.3364 185.1454 184.4756 182.0562 179.3185 184.584 180.4635 184.1143 182.572 174.4492 174.0414 176.7754 182.3602 181.1301 185.0583 194.5767 191.1312 190.5959 190.5701 210.597 215.3959 206.3913 204.9014 209.1756 213.5626 215.4511 199.801 205.1411 208.3797 222.1247 226.6789 221.6327 226.5149 225.4102 226.6445 221.4356 223.8115 218.1627 211.1876 198.2925 196.7528 193.2574 179.4441 183.6411
224.8718 219.5829 196.5736 186.1232 186.6132 191.4849 180.2059 182.3152 199.4876 197.7034 192.4112 181.241 180.5102 185.5431 182.7394 175.3035 185.9894 190.1077 191.1419 182.319 183.1105 189.8361 189.2964 190.6113 197.3577 190.4966 188.101 182.1563 177.3141 181.426 184.1697 196.5244 197.4962 203.9034 210.5126 211.3772 204.1871 206.9153 205.7612 222.3692 220.3659 219.5514 226.3505 223.6838 227.1915 206.6996 211.5974 215.6535 217.989 220.2268 219.7351 212.4892 202.859 208.9393 207.6724 208.9541 208.1809 219.9093 211.274 207.7292 202.4712 188.0618 183.0908
225.7158 210.008 193.5098 202.7021 197.0134 203.8435 190.684 189.8337 180.5442 189.3421 190.0971 189.5808 191.6004 201.1021 194.3842 192.087 194.0793 198.1366 199.5027 187.3074 185.1549 189.5032 203.3062 210.8437 214.1653 215.9237 206.5811 191.1995 181.2888 192.309 205.197 202.5769 211.5682 225.4492 227.687 236.1026 221.9292 220.7713 233.7273 226.712 239.6502 227.2193 230.9419 231.4762 227.9823 219.8141 212.003 223.9258 225.242 222.5063 221.9078 210.7411 204.8681 203.5423 201.0359 202.9979 213.0701 218.2537 214.3944 198.7959 196.3526 191.1101 185.9288
229.9635 210.9326 198.3871 198.4654 193.8027 188.3725 189.2411 187.3816 189.3637 189.3208 193.7711 194.0194 195.5399 190.2502 196.9488 206.7619 211.4167 210.2648 209.5759 208.0769 209.0225 200.5452 197.9807 214.6214 227.6662 223.3996 209.2154 198.9612 188.8289 198.5359 221.408 232.4824 228.2255 231.1054 233.4911 220.3929 220.9529 222.748 228.0895 222.3528 215.0306 209.247 213.7562 218.3896 232.9746 223.3885 225.022 223.9171 230.9449 213.0564 214.202 222.9258 213.0389 216.5065 202.7414 210.251 195.0251 201.604 210.9995 214.0043 202.3708 194.5512 188.1277
218.1383 211.2898 206.4774 213.7447 204.3494 207.3539 200.6363 206.6689 202.8497 186.3499 177.1958 181.2774 189.3402 203.4928 208.0325 213.9416 222.0287 222.4127 235.3013 227.8871 226.6984 229.8528 213.8321 218.5294 233.625 240.7946 234.5423 226.481 202.4329 198.496 210.6492 227.4831 223.5844 224.7242 230.472 216.7059 210.8388 210.3317 209.1512 205.0566 205.8619 206.9845 202.4745 207.2649 220.6101 217.4438 207.2438 203.2044 202.4142 213.6489 213.44 212.2255 213.2086 203.4406 200.5459 214.4544 208.4722 194.4176 195.3616 219.6284 202.9169 193.4143 199.2139
219.2387 211.5557 203.1081 211.058 213.683 205.3107 209.8573 211.9662 211.576 205.1352 203.7731 191.7487 198.3245 196.5631 214.1773 229.9627 234.3575 235.2605 244.362 242.2498 247.1336 236.938 225.9521 238.8227 231.6808 218.3528 221.1601 220.8226 213.0955 192.0893 194.7028 199.1049 194.3148 209.4419 203.0325 204.5627 207.9964 207.1107 204.3574 204.7959 203.741 202.656 203.0703 211.5719 216.5882 193.2047 202.0145 200.135 204.3911 198.4447 202.0356 198.5268 197.4761 199.514 193.276 203.9849 215.9161 196.8208 194.5338 181.7667 195.8582 192.6761 187.3318
200.4974 205.4732 196.563 199.0466 213.5385 218.4424 216.0807 215.3923 204.5451 191.5423 194.4398 209.4861 204.0415 217.9387 214.5898 210.8023 215.8974 219.806 227.8097 229.245 221.7278 239.0171 229.8596 228.5167 222.5687 218.9543 214.9655 202.3646 195.6093 186.8419 203.9369 213.4737 218.6621 211.1293 203.9009 204.3724 200.4084 203.268 203.8365 201.3524 183.4846 192.2554 194.1098 206.1468 196.5345 188.4338 187.9339 181.221 177.9354 174.2994 182.5451 181.5667 188.6892 191.0594 190.5834 184.213 185.5118 181.1376 177.9362 181.6814 179.222 181.5492 180.3914
196.7057 191.2879 190.2996 200.3545 215.2291 196.3152 207.6433 215.7021 201.1627 189.1499 201.987 206.1616 212.6265 228.6078 216.5959 220.1956 212.3482 209.5075 209.0771 205.512 210.6875 202.129 207.5796 212.6357 209.0913 209.4376 205.4945 190.9092 173.8871 193.6943 195.4353 213.2846 200.0824 198.5628 197.3818 191.6418 193.9754 200.9946 187.9667 184.9001 179.6861 191.5719 188.5913 182.845 177.6259 188.6533 178.4211 167.4122 171.5305 172.2029 178.8946 190.4273 176.5911 180.4591 191.4218 190.7938 193.0218 176.7996 171.4816 170.9246 172.8672 169.0632 171.7305
196.5024 199.1921 220.7057 206.6105 209.6949 215.4017 205.2654 199.6405 183.6018 202.0164 199.9049 209.6657 216.4445 205.6001 205.511 209.5308 213.4552 208.6509 205.8848 200.4673 192.4369 191.0488 190.1091 198.3219 177.2572 192.7526 195.1194 183.3782 188.1608 186.2745 186.7299 198.9263 206.1707 208.7905 200.4458 190.8671 177.2476 179.9285 172.8065 178.2758 189.3636 196.6412 185.4481 178.5879 178.7795 181.1895 181.1296 169.1768 165.8832 173.1919 186.6156 178.3757 188.5524 179.8881 173.0021 178.6317 174.8772 170.9755 161.6348 165.6786 156.6288 168.8973 165.4296
212.6356 218.6539 237.1128 215.4033 198.8912 198.5374 197.7152 201.3889 191.0073 199.2926 199.4653 204.6029 207.4501 204.6341 204.317 197.7464 197.6493 202.8116 208.6749 199.5106 200.7477 192.8044 194.3556 184.7802 173.0938 168.048 169.245 173.4803 181.2901 181.672 187.6368 192.3367 194.336 204.1886 190.056 193.3558 183.8145 176.5295 173.722 185.667 180.1851 181.8795 171.2172 172.4386 174.3467 175.2489 184.4615 171.1018 164.4711 155.7289 166.8548 166.111 165.1724 166.4712 178.5062 164.6562 161.8707 162.5321 168.3591 159.991 160.8989 158.6119 150.0878
211.5938 207.8397 221.8469 208.5545 200.339 190.7574 188.6078 181.4021 192.8797 195.3614 197.0346 195.9901 197.8781 199.5662 188.9855 200.5675 196.9235 196.3931 194.0582 212.1025 210.6289 211.6309 196.8696 181.8694 181.4784 171.414 171.86 175.2409 173.2134 170.6713 174.389 172.6318 171.3716 201.3079 187.8137 188.8979 179.439 170.1721 182.0621 185.4716 177.8058 171.0782 170.924 171.8437 171.2604 171.4554 178.6509 168.2123 159.1612 155.6974 160.4197 155.7717 155.2617 156.3102 155.0619 160.0456 158.3179 165.1713 156.0896 154.2538 152.9561 148.4195 155.7097
198.4159 199.138 204.9994 196.5722 194.9745 184.8808 185.0979 190.2853 197.6009 197.5372 187.2781 186.4428 181.1411 186.6309 188.8525 197.3129 186.6487 188.9707 193.0999 208.9798 215.6281 204.3761 196.129 179.1813 175.7728 168.2267 190.1754 180.9255 167.6667 180.2342 168.7416 180.1002 172.94 178.8358 182.8594 177.6869 168.8745 173.1738 173.0585 175.2414 174.2412 169.2377 162.7927 160.9802 162.9983 156.3182 157.8266 159.3914 164.3347 158.9953 160.2607 158.1158 160.3015 153.4051 162.1237 156.705 158.8385 161.5765 154.4634 151.0819 156.6144 160.8541 161.4851
196.9631 193.5213 181.3036 187.8203 183.4773 182.8492 186.6203 190.68 194.5588 194.5845 190.4913 189.1556 196.6494 204.9825 196.4811 191.2341 201.4999 198.9336 205.3805 196.2662 203.9146 204.0099 175.9544 173.5708 172.842 170.638 193.2403 195.9062 175.0608 166.3531 165.8358 171.2952 164.3564 175.4612 176.2519 181.3861 176.1749 171.3564 174.5871 178.249 166.6864 161.0391 159.0603 165.5936 166.9066 163.9496 162.8525 158.4162 160.247 163.1541 165.6195 159.1879 161.616 163.2773 166.7761 157.1244 162.1753 160.5262 155.3542 154.9059 159.2471 161.2552 156.0496
181.8638 176.5431 177.1081 168.5839 176.6731 184.109 197.0154 196.7157 193.6324 189.8768 181.7447 201.9881 207.5758 202.5248 196.9651 185.4121 200.9545 203.5947 182.5904 181.0404 186.4153 175.3047 175.3333 182.9049 177.9299 171.3007 166.0998 172.5886 171.7754 158.1954 162.8349 177.7118 176.6387 176.1799 177.5442 179.5231 175.2358 174.2779 172.0904 162.5509 163.2462 165.4467 163.9348 171.9331 165.7773 167.4615 167.8882 165.9833 166.4114 170.0736 164.2369 162.2837 169.5296 170.3807 168.2672 162.9491 163.309 158.5447 152.8548 157.3103 157.1546 156.704 154.6535
184.8822 174.2301 171.5758 174.8845 179.0901 189.6749 198.6395 199.0615 191.1609 180.3724 192.0526 189.3969 199.1339 180.387 180.0258 194.1245 188.8697 193.6414 180.0848 189.3393 196.4623 179.2355 176.3624 181.5536 167.9703 170.135 181.4931 168.9307 171.1039 166.3284 167.5543 173.0806 172.0922 178.5842 170.681 173.8466 162.5442 169.4866 166.2165 165.8534 163.663 168.8004 170.2675 147.3849 157.9385 165.9384 164.949 171.5639 167.3952 160.7105 160.4323 168.8758 156.6734 164.5661 166.7264 166.3556 153.1384 158.953 157.8751 159.4627 157.9666 159.5085 153.5092
182.3709 177.6796 172.821 175.9745 188.3107 188.0534 183.9126 189.3333 188.4751 182.0444 184.7962 186.4653 185.8367 180.6884 183.323 171.5826 176.196 185.804 194.0161 198.998 194.3092 184.1095 178.7037 182.8714 181.5374 175.8232 182.9041 175.3253 171.2092 170.2778 164.542 165.5944 165.0068 166.7896 166.1252 164.094 164.8223 165.8303 172.3191 167.9627 170.8325 164.966 176.2035 165.7156 154.6555 160.6973 167.9368 169.841 165.7321 165.3247 160.0324 156.8747 158.716 156.4615 161.0665 164.4362 151.2514 146.4076 154.0219 159.0351 154.9921 156.2834 149.1775
177.8006 171.9036 168.3381 168.9178 178.3493 180.34 173.6295 179.8448 179.826 179.6132 179.9568 184.8466 185.1691 184.9945 178.0514 174.1111 181.7567 194.3984 200.9036 202.4093 192.3877 189.9596 188.1188 184.5224 192.0538 184.0826 185.4848 187.5197 179.7194 167.0801 169.3852 177.764 174.6852 178.5197 177.9609 181.8351 180.7489 177.7694 182.7255 177.697 174.8139 175.7377 175.7855 173.6701 162.7757 150.0418 148.111 168.9003 161.2109 157.2232 159.3834 160.6257 158.2091 155.5489 142.0593 157.1354 161.6997 160.358 156.7399 154.399 148.0137 151.1616 153.4529
179.8943 168.3492 174.7786 169.2605 174.1632 174.536 174.7973 168.8618 181.5047 184.4301 180.4637 180.7301 178.6907 179.8816 180.1831 191.1211 192.148 201.2489 218.2467 215.3061 202.532 177.1422 187.1312 185.2784 177.1696 180.3972 162.5714 176.478 176.2978 169.494 163.0019 181.878 178.5966 176.4581 176.7998 188.3559 166.3044 166.8183 165.1217 163.8757 163.8015 158.392 165.1298 155.7068 154.0448 156.0701 135.7252 156.7292 159.889 152.0997 149.1901 158.6557 154.9597 153.1987 155.4202 153.4903 148.8791 160.1662 157.2271 162.338 156.28 155.314 142.536
170.8821 172.1044 173.0158 180.8861 163.9465 173.6026 170.3997 168.3423 169.6149 179.9093 190.4414 180.2049 177.9857 187.6942 185.8098 195.6335 196.1753 207.5372 217.6539 211.6581 201.2638 181.4682 175.0566 180.0064 171.9599 174.2523 166.6215 173.2002 169.2699 169.8647 162.3065 167.5072 172.0126 173.0064 172.1781 166.3795 166.3817 171.3557 162.4192 152.6762 158.1594 159.2782 155.1309 168.8355 172.8038 158.7444 149.8849 141.8673 150.3393 154.8502 156.4063 157.772 151.2652 152.6798 163.4656 156.2503 157.4221 165.9886 163.5508 159.6172 157.198 155.9434 153.2205
169.2411 177.5121 180.179 179.7538 175.9147 177.2483 173.4802 172.6221 175.4326 172.4278 182.0036 175.2272 182.2545 186.7286 195.9787 200.0319 195.8646 202.151 191.3308 191.4468 177.4727 171.8919 169.644 164.5844 162.9437 164.0421 160.2782 160.135 159.9108 169.9477 164.8802 171.4637 174.0164 173.5451 175.2687 166.6839 166.5541 162.2102 158.1323 156.5366 155.4584 153.2913 155.2505 152.4954 154.199 158.2258 150.3347 160.9416 157.9243 156.2123 151.8305 153.4718 159.6585 163.8502 155.5908 161.6893 162.0729 162.2794 158.2892 158.2668 157.7172 154.2531 146.01
179.8192 181.5851 192.8171 203.4361 190.3656 181.9391 174.1837 180.9446 182.079 176.6823 177.0309 183.9975 191.0108 187.7232 190.6001 196.1612 198.4874 197.8262 187.2756 169.7898 174.918 169.1715 162.3662 159.2795 161.6039 162.8457 157.3693 155.2456 153.3319 162.7364 163.174 166.2539 156.0882 156.5741 163.2232 158.8358 155.0451 155.0595 153.7607 152.056 149.6745 152.3763 150.504 152.1448 159.4962 161.3436 164.1306 163.0349 163.6035 159.1955 153.5408 160.7893 158.5112 166.5441 175.3407 164.1823 149.7486 160.5551 153.1542 157.7017 156.3 162.2412 160.0641
173.178 187.437 195.708 205.9727 188.4618 197.6809 191.9406 189.953 179.5004 172.4776 176.4085 175.3115 181.159 186.6171 189.3394 181.9927 187.7411 188.4815 188.6703 174.484 163.9488 161.2427 156.9476 158.7202 159.5933 156.7601 158.3186 152.7415 153.406 153.6619 160.0095 161.5671 143.2985 149.8861 151.7664 152.5886 154.6112 150.0325 149.7383 154.6872 152.8579 164.9998 163.1189 161.9538 165.5244 162.1585 167.3723 159.388 161.0166 161.8473 164.0201 158.829 162.4409 163.3484 177.6111 165.9536 156.1479 153.8429 181.4974 152.2655 164.3018 160.4343 150.6461
172.0437 181.5797 189.166 175.7078 183.7483 192.0572 182.9458 177.6152 173 193.0231 203.8527 197.9582 191.0519 182.3934 179.1176 173.5234 175.3152 175.861 172.7684 166.7135 160.0435 158.3268 161.6933 157.386 154.8869 157.0497 158.4719 156.9059 153.4416 152.8362 149.8177 149.2236 156.2372 158.3994 156.2701 155.201 144.5927 151.515 160.8892 148.4557 156.5061 146.8726 153.4106 161.1766 165.1146 159.0684 160.1385 165.4461 161.2541 161.9413 164.8666 159.9994 166.2764 162.3522 152.3402 163.831 161.0059 166.9606 154.3959 162.6422 156.8086 155.974 156.9496
173.5812 184.8554 184.1877 186.9152 189.5418 191.928 185.1292 175.0093 190.6718 193.9556 198.9169 196.222 192.876 192.4549 178.009 179.5097 172.2962 167.7455 160.8553 161.1447 157.8047 163.8742 162.5804 157.9869 159.8357 162.3304 160.2218 160.8537 157.0972 154.479 153.1961 150.8331 155.2554 155.6127 158.715 153.7637 156.6005 154.2342 155.3384 155.3183 149.119 160.4422 159.7909 165.296 163.152 163.0849 160.7613 165.465 168.0977 163.0869 168.8254 181.0019 164.2361 161.9424 161.9648 158.0591 164.0308 164.1041 157.5921 165.2583 161.7462 156.5431 159.6167
