MapLib/Lvl1_5x5/BG/Ele_BG_CB.asc
ncols         557
nrows         557
xllcorner     556500
yllcorner     5008669.448
cellsize      1000
nodata_value  -9999.0
[rows 308 to 335 of 557, columns 63 to 125 of 557]
208.3819 212.9592 265.9668 258.3396 275.4432 267.0882 232.2901 205.9513 234.7238 304.3199 332.7475 353.3891 238.7635 284.8046 272.2653 249.4259 235.7281 239.5122 254.291 265.1102 262.6987 267.4846 268.6957 268.3398 261.4823 242.538 220.0817 233.2764 256.6769 258.3433 249.4876 253.8383 247.2251 243.431 250.4671 272.6575 282.4025 275.0323 261.5568 268.5027 269.1416 283.1001 280.8015 295.113 270.2316 272.2396 263.5327 265.3592 304.2711 281.6117 348.2094 296.0072 323.4516 329.3884 401.191 369.7985 417.7232 426.9152 390.6943 386.2734 377.8859 393.4621 427.1421
219.6846 250.4882 284.5402 297.3646 257.0578 216.3717 229.6731 228.9203 229.6399 253.5782 301.4968 302.3135 234.2812 231.2208 267.3085 283.4159 266.5042 251.1046 265.2689 286.716 295.3079 285.9169 251.0333 258.206 232.5381 244.5602 251.7858 247.6555 242.5958 257.3416 272.8009 283.8275 279.0619 274.2755 262.0144 281.1151 260.725 279.6992 279.9738 278.7694 285.5464 285.3011 276.2895 275.3474 258.7376 262.1181 268.7206 259.627 297.6701 249.8375 273.7073 371.6216 398.3982 445.2466 444.9406 439.0703 414.7644 393.1897 387.7965 386.3869 392.3314 416.6398 431.7696
235.0995 294.6867 304.6685 309.0445 291.0444 299.4937 270.2972 237.6251 246.1863 262.9807 268.7442 261.2323 245.5745 265.1647 275.7722 288.6642 264.804 268.3063 283.5927 268.5491 281.5273 252.3227 260.1559 254.2269 280.9942 259.271 248.7478 266.2325 278.5195 257.8083 254.9584 261.6753 265.9237 281.2961 277.112 272.798 272.601 262.4637 269.3061 278.4554 277.2798 287.1253 289.2281 246.9537 253.969 359.469 413.0749 251.8797 242.5437 363.5783 386.8514 405.3359 437.709 422.1226 431.0795 401.9415 380.2252 387.5069 383.6416 389.5836 393.0984 407.2053 426.0589
327.9432 355.211 354.6853 380.5105 291.362 259.3391 238.697 237.1152 226.4641 250.6133 285.7081 270.8747 257.2265 288.997 276.4373 253.3094 249.5449 257.2151 251.2828 266.2833 252.0878 263.6608 264.6273 264.9579 268.7755 253.2229 278.1586 265.8603 265.6553 253.9702 255.7952 255.6704 275.1633 267.2534 275.2379 273.4817 265.114 242.8042 253.3388 248.5052 275.7481 258.2664 264.4997 230.7225 229.4078 232.9828 232.3791 310.7864 418.7054 402.9262 421.9987 401.4921 423.2754 384.3683 410.44 388.4645 390.462 382.1486 414.9522 420.3793 399.2952 438.3863 441.0644
370.3899 355.0985 312.5575 273.8007 260.3 237.5379 236.8107 237.559 250.7086 247.8266 248.8144 254.7729 257.1806 279.9815 243.2546 238.5708 233.0833 240.7014 257.2047 259.9084 267.86 252.4521 244.7989 257.4417 257.4769 281.3835 274.7903 239.9763 247.9789 244.1378 260.1664 252.5365 253.1708 268.4893 270.8436 264.5788 254.3854 230.9732 231.048 255.8222 248.1142 258.1288 236.8014 260.3698 331.4532 374.2535 414.5898 429.152 429.5045 437.2177 394.4297 392.5687 370.4619 359.2216 392.6747 427.1178 440.3979 446.0966 423.356 431.1237 431.8101 441.2454 443.8646
322.4881 249.6693 243.8426 244.4562 243.428 234.8564 223.6202 247.8922 247.2555 242.7757 231.0206 231.182 238.7288 251.0351 259.0099 262.6907 260.4697 271.1107 274.7284 248.7276 264.4163 258.1093 244.3212 274.2819 260.3526 258.8723 260.8429 250.0611 238.7124 249.5189 234.0772 248.3785 259.7515 277.7798 266.4208 272.8197 211.6388 218.3889 246.9712 265.8601 265.6832 324.6106 252.0833 289.5663 350.2597 392.4807 450.9229 392.0861 389.6635 365.2708 372.7734 353.4362 345.0604 355.5545 373.7401 382.5704 404.66 429.6606 462.7915 466.0416 439.2338 484.376 492.6472
256.6109 231.2706 239.6763 251.7949 227.9246 227.8976 227.5295 230.6392 232.1266 221.1506 227.2557 261.4084 252.8656 263.3261 267.9163 265.7361 275.765 252.5495 248.6482 269.6828 266.46 268.3634 245.7487 255.3658 229.1693 215.5044 213.825 207.5372 222.6453 269.7 240.9628 280.0294 250.0229 250.3796 264.4935 271.0809 215.0061 224.0166 227.4687 279.0834 231.4982 306.075 264.0482 305.8785 387.7849 374.8254 348.689 352.3019 366.0703 361.2651 384.4646 403.9109 413.6558 431.7957 411.9096 460.1251 476.1136 496.4576 486.558 455.766 477.2846 480.2668 518.2046
224.5753 235.1613 248.9289 223.7202 225.9598 231.1888 224.7051 219.3919 232.7702 257.4652 243.3815 237.2118 257.7607 268.8792 251.4055 260.4101 232.3153 243.4343 273.9286 252.6649 248.7069 250.5064 240.9542 227.3584 241.9861 250.9845 250.39 246.4762 236.8425 228.2059 210.188 213.3644 215.3961 276.4367 283.7654 248.5741 249.2705 271.2104 361.9354 313.9622 304.6742 290.3083 343.4877 377.111 363.1222 367.5329 441.4292 398.9258 412.462 436.6181 434.6309 426.4103 419.8177 414.3578 447.7121 457.8698 460.3839 447.3066 449.1725 457.6759 473.429 512.4225 539.6457
228.4341 245.9011 237.9092 240.331 209.2836 225.3963 211.7549 224.6572 246.4648 265.1868 258.325 252.6452 242.8776 241.8391 235.4051 235.1289 239.0367 240.377 241.3644 245.8396 216.0636 217.9066 236.1913 261.752 255.6655 273.0399 270.9608 247.4565 242.7482 261.9536 288.2419 237.5257 228.1003 275.2013 341.061 180.1036 299.7686 263.3415 285.9483 335.4192 349.3348 409.6235 326.293 306.3892 386.0765 392.469 359.6583 363.9766 370.8053 389.3497 406.049 430.8707 429.1972 423.8448 454.0467 447.9573 451.1663 450.0198 450.8686 462.1631 481.7083 531.2332 550.6937
227.1689 236.0584 229.7562 239.5815 240.1234 217.9163 233.6288 223.8276 212.8616 210.6443 216.9719 222.7795 226.5137 213.0208 207.2468 207.9296 205.7569 211.8546 212.855 209.524 222.8412 231.1849 251.6456 264.2444 284.9433 279.3495 284.088 290.0845 267.6644 300.875 311.8291 252.3636 229.7547 281.5604 259.5462 219.8632 236.527 279.8258 361.191 386.9943 395.9149 325.1479 410.2352 334.1634 337.8661 379.2539 378.5215 385.7673 387.6771 413.3936 427.8942 445.6208 453.4335 451.4843 470.6126 457.3584 491.2471 454.4997 485.9085 536.195 545.8877 546.5242 535.3187
227.1616 235.2191 223.0728 211.18 200.923 201.6267 219.2021 218.1273 207.0138 204.8617 205.1411 209.0225 205.0856 203.5068 206.7747 212.6663 215.9157 240.0461 242.1064 252.6003 272.1798 268.5254 277.5344 282.5928 277.7164 268.488 281.5717 268.1377 278.7041 276.4826 215.2544 215.2609 211.0919 215.7355 246.3074 267.6636 335.4578 376.4853 435.0898 426.8372 322.4698 420.3513 379.3276 306.1278 295.2901 360.9389 395.8518 409.5707 419.0432 428.5425 441.8904 456.3619 457.3134 449.3766 444.4925 461.0496 504.8051 498.9934 538.8417 591.9434 550.5006 516.5857 517.1904
203.0303 214.3333 206.2197 206.2744 217.5527 227.8497 239.1953 257.774 248.3935 233.4242 226.9507 243.9062 234.574 225.0192 240.0342 245.7433 244.0767 242.309 270.6461 272.7314 285.173 284.4435 286.4747 285.3705 289.5163 277.2458 257.9147 289.1065 272.3487 242.4609 259.4281 251.2649 281.3802 263.7795 267.7991 345.41 376.1058 426.4201 460.4048 291.55 381.1122 397.19 369.6291 340.5171 304.5558 385.8254 418.5044 436.3558 446.149 453.4653 473.9463 475.3276 461.9518 466.7071 485.4111 498.5048 544.5255 585.4507 590.7343 557.6314 527.6208 497.4959 407.5948
197.2043 224.1688 245.2527 240.4249 230.2487 235.4623 262.3838 264.4046 265.4592 261.9483 262.9102 264.4491 264.0986 266.4737 262.1782 264.7938 247.8475 277.5317 264.7288 260.4809 275.5703 282.912 279.883 284.3908 291.7163 280.593 280.7527 275.2796 279.2755 272.4772 263.3401 259.2596 276.6945 313.0855 346.7568 411.5052 388.0432 389.3217 298.5599 370.9053 492.7106 394.0032 384.9076 357.6123 348.5182 398.3392 438.4612 461.9571 465.1766 460.3997 461.0542 462.0326 436.6169 503.4673 489.0451 520.9997 525.8649 530.9191 512.1942 440.4774 513.0378 414.2202 449.7903
225.3792 241.4736 244.2377 250.6133 264.878 243.8885 266.2511 263.2697 272.2991 270.0199 264.4631 266.0522 268.7727 261.3502 258.6979 263.371 248.1764 261.6204 268.6862 283.4875 266.4734 267.4269 275.394 283.0369 284.2583 281.4979 278.3045 278.873 278.4898 276.3467 264.0382 274.0025 329.3481 419.0143 365.8777 317.3886 278.6241 290.5436 277.887 408.342 435.0067 367.3798 395.3368 346.722 349.2281 377.842 415.3642 436.142 430.0912 425.2605 456.5905 486.439 412.8942 512.4022 500.6651 534.3217 511.6665 446.2138 388.5992 327.651 347.674 334.1055 357.2489
217.2092 245.93 245.4374 263.3247 266.1622 265.1294 257.7686 266.324 269.845 264.7928 256.5007 261.9551 267.1416 263.9769 269.8289 268.1608 269.4761 267.315 274.5637 266.1936 274.967 278.2823 284.2409 288.6884 296.8014 290.591 266.121 269.0223 298.9473 273.7331 306.1024 415.1984 482.5195 356.2592 262.4644 259.4875 282.1579 317.822 314.4679 399.7795 404.5536 391.06 386.1121 354.6746 333.4208 292.9899 373.9831 405.036 436.9635 405.1064 500.2101 404.0999 361.3811 389.1736 431.1328 388.4699 332.9476 338.2655 387.5429 440.2011 512.845 488.2252 347.6924
253.7092 250.7912 242.869 246.0245 259.0716 263.5716 266.1202 256.8484 267.6412 258.2635 261.982 256.8294 256.4506 254.6594 265.2206 271.0089 264.1761 258.2514 263.6479 269.9323 275.8433 281.9428 282.9518 286.1412 284.5214 270.7895 271.7824 301.9284 325.4727 309.4756 330.8271 431.3489 384.5146 276.5501 258.4104 250.6651 305.6913 352.4169 370.7126 479.5055 447.3099 376.6237 361.4477 366.1243 356.6253 294.579 309.8874 378.6897 412.1976 474.1297 476.5527 375.4887 375.232 451.8533 344.5268 354.5775 336.0599 387.2752 448.3919 510.2343 531.6649 523.9649 520.5219
247.2573 266.6914 254.057 250.2657 258.3187 269.0895 250.5992 263.5406 244.6168 262.2515 256.7628 252.6727 249.8706 263.7401 262.2513 258.6753 260.7345 269.8474 271.3714 274.7228 280.5467 281.4621 291.385 285.3387 286.2789 316.669 424.4317 404.5744 314.1823 292.6516 367.0392 359.585 291.0663 256.3583 277.2505 284.3141 337.5034 360.4177 426.3516 540.8632 442.2162 436.1285 427.3817 414.1972 369.1756 380.2941 330.1865 372.2285 431.8 483.1552 395.2515 396.2942 518.8219 439.2293 327.5233 378.7791 484.5543 533.5356 466.492 469.0167 544.7549 534.2802 400.2921
253.1071 251.418 266.9863 263.3209 252.9467 248.3029 256.3219 258.4501 252.5409 248.8195 251.3464 246.9267 253.7334 257.2576 259.5085 261.4095 267.7712 269.7088 268.8683 274.6445 279.2508 282.4451 289.1519 296.7439 301.9188 423.3072 399.1039 267.8589 255.5675 259.3221 305.3372 308.3958 252.4337 234.3257 288.364 319.5843 350.3911 359.3096 451.8866 545.8233 458.659 425.2196 449.0826 464.7279 452.4008 357.4561 340.2867 334.894 395.8636 382.9831 384.7846 457.7778 495.9044 421.0828 380.2998 395.9249 458.6517 503.7582 552.918 536.856 548.8511 568.8191 455.6453
268.1893 257.3705 248.7798 244.1186 245.3158 261.0746 256.2785 266.6292 256.3903 250.6201 247.7688 261.9605 265.3268 264.2711 262.9826 264.151 265.0198 252.0658 268.2728 256.2206 279.2643 281.1745 281.5954 287.2351 300.4856 338.8469 302.057 251.4855 244.475 277.1115 408.5179 329.0264 237.7141 264.7091 286.8834 299.2445 330.5615 334.6062 411.3019 490.751 431.0766 427.3213 400.6994 443.7831 453.4676 417.4862 429.2893 346.022 397.9169 425.5348 406.8831 422.5309 455.473 508.7515 491.9555 500.2295 508.2815 391.4648 530.061 567.0792 582.0863 561.0165 493.416
246.8245 250.0497 248.1101 242.5663 249.0525 255.9767 254.2724 255.7701 251.7309 248.6848 254.1856 258.7393 260.1356 264.0627 261.8719 265.134 258.0211 259.6119 270.6255 258.2798 260.8275 270.8718 278.9552 276.4099 282.5137 281.4602 270.8112 243.6063 240.1495 263.3812 360.6105 287.9472 220.3841 270.222 290.5196 292.8194 313.63 347.6194 457.2798 477.972 418.0274 408.3676 428.6646 362.385 320.6126 350.3515 387.0118 396.8997 434.2189 494.2516 494.9881 410.0763 477.4951 529.8724 534.7856 538.7216 556.3903 500.1596 459.4021 579.4665 571.4186 561.3296 539.9132
228.3812 226.7975 233.3231 235.067 231.1409 234.5174 219.0564 223.9381 233.4014 251.8693 265.6379 245.4778 253.8818 243.8804 254.7283 256.643 262.5663 261.8911 254.0513 263.3484 245.0212 257.9964 262.8185 245.3326 274.9764 259.8907 241.632 236.7834 247.3343 293.7678 425.462 291.6812 222.1908 267.8845 293.0129 315.6663 345.4588 386.9442 522.4337 501.6087 439.6509 421.7761 372.6969 374.3088 333.1704 438.0084 459.2483 453.7412 491.9639 499.7151 506.6445 423.8108 445.3518 489.9579 562.7215 556.3765 569.1051 554.0997 553.8253 582.6097 584.8326 580.1115 598.85
247.8021 250.6286 250.5625 248.8119 243.0729 248.7017 255.865 225.1842 236.2055 237.4782 237.7529 238.7099 246.1813 252.5524 258.646 253.1359 254.9261 256.6961 238.008 254.4384 257.7263 238.8013 224.735 232.1418 247.8229 215.4929 252.8508 254.1753 251.1771 321.2916 410.4018 295.5413 230.0558 260.2358 293.8067 344.124 377.2728 493.4216 575.3359 489.7032 420.444 419.7674 362.3865 372.6012 409.8094 422.4448 400.224 455.2632 425.114 527.6492 538.3055 497.6386 533.862 521.9844 577.1887 577.2639 589.2647 581.4448 611.9667 618.1215 589.6262 603.9364 620.7171
223.1004 231.4878 232.2235 247.7863 243.4379 246.2484 250.4524 256.2558 252.285 245.4818 244.845 236.2713 233.1893 229.4589 228.0151 222.4767 221.4569 215.3077 221.5948 217.403 211.6415 215.3956 224.2502 223.5952 230.0058 232.9452 270.2818 254.9111 256.0676 285.1137 428.2306 307.1129 248.8421 269.7047 348.8125 423.6936 475.6768 579.9547 577.962 467.1886 453.0913 377.5327 330.5899 364.4972 386.1021 366.2389 359.6188 384.2602 419.8215 469.0166 509.8692 553.6246 593.5479 572.3289 598.7842 598.6493 616.5173 601.8971 618.556 609.2559 594.0837 615.2338 624.48
206.4327 210.5918 223.0501 231.047 226.9728 233.4435 238.0049 239.5069 225.4399 215.9315 215.571 216.2684 216.9476 218.7108 210.4256 211.2295 217.4113 219.0479 216.5358 216.1474 215.604 225.5894 223.4134 224.9359 226.6074 230.8215 263.5815 253.673 334.2963 280.5154 388.5103 285.1192 243.5277 289.4383 396.144 494.7183 582.086 621.1324 537.7042 489.6772 461.3797 379.8214 341.9096 446.6665 444.1952 436.0383 393.1372 426.586 460.1551 466.5815 460.8563 504.6558 599.2332 612.4332 606.9777 614.3316 613.8488 614.7162 612.7265 615.4061 631.7116 630.892 644.1167
200.1027 205.2829 204.6609 202.647 207.5401 208.3047 212.9341 211.2096 209.5187 210.638 207.422 213.1172 213.705 216.5241 213.849 212.6693 219.6845 224.1339 212.3224 212.2307 218.6125 228.6161 218.7607 227.0929 228.3062 239.7121 264.4598 228.4894 314.1673 267.9682 350.8957 259.7303 251.6559 304.5374 428.0809 485.4601 558.4137 554.5118 458.0764 479.7703 370.3927 376.6415 411.3391 432.5598 473.0971 511.7368 481.3218 445.7731 503.3328 509.5853 512.3001 528.0882 576.4526 591.6082 610.1508 617.7708 637.3759 649.2982 653.9008 660.473 693.536 701.8709 700.265
207.1626 201.393 204.2511 208.8301 216.6431 204.9445 199.2999 210.0567 208.0182 209.2154 210.4991 216.033 213.6362 219.5179 220.9218 216.1213 219.8328 209.6591 218.8014 219.9012 218.8352 218.8561 223.7968 252.3855 259.6846 283.4737 310.406 321.9534 267.8856 244.6055 245.0067 257.078 270.1407 339.0092 433.9871 542.3721 579.0488 557.8959 506.5752 462.1526 410.1268 448.0387 479.3742 529.861 539.1928 562.8557 428.2527 435.3399 436.1833 472.4671 510.7738 548.5928 584.4485 606.5582 637.9604 694.9376 726.4611 740.3585 763.9811 764.3038 797.8614 807.4048 804.6366
196.256 210.0348 203.4646 207.1609 208.163 207.1191 209.9584 202.5282 208.4307 210.3648 217.1605 209.0791 214.8747 200.4355 205.8648 217.6884 219.3611 262.4536 238.8255 254.9479 238.9564 254.0504 246.9467 256.1917 291.8509 277.5531 366.9391 393.015 263.9798 242.4575 265.8605 309.7176 280.3363 358.3112 385.4089 458.584 529.1399 532.5703 574.6586 467.9978 449.6303 476.4291 520.3755 558.7599 595.8364 582.3994 541.8832 561.4077 461.9313 597.3085 646.5038 642.7 669.2547 702.7928 726.2279 755.6802 771.3478 809.3705 796.3304 788.2498 797.2462 842.8159 891.9895
238.6436 220.0386 212.3846 213.9917 216.605 210.9713 209.0897 205.1513 212.7561 222.7929 234.5489 238.8587 243.917 252.0283 237.0927 247.3033 260.6694 270.1223 248.9718 277.0538 280.1788 272.6758 280.7292 272.5087 290.959 274.5092 367.4039 289.8083 252.3276 279.6695 332.6216 303.7932 331.2752 495.4591 441.2551 458.4117 572.1556 602.5486 569.5045 446.4049 538.6546 539.9053 572.7482 592.3088 594.1826 567.1566 556.3638 537.9171 480.4811 685.8767 720.8594 720.0505 702.8801 717.1439 718.0865 742.6555 803.0936 803.8769 813.84 832.8584 868.297 857.3603 804.2234
