MapLib/Lvl1_5x5/BG/Ele_BG_FC.asc
ncols         557
nrows         557
xllcorner     1113500
yllcorner     3337669.448
cellsize      1000
nodata_value  -9999.0
[rows 280 to 307 of 557, columns 320 to 383 of 557]
119.3042 114.7679 115.7901 134.9405 149.3845 126.7103 113.8041 110.051 113.5262 115.9462 114.8562 115.4647 117.4252 120.6753 122.2197 119.3271 121.8675 119.765 123.3398 123.3453 123.938 124.7353 125.4344 123.5738 125.9824 122.0667 126.478 126.0421 126.9267 126.1935 127.1439 131.8717 133.0777 134.7163 133.3341 133.2672 133.2192 130.1686 135.5748 132.9693 136.0824 136.8963 136.6931 138.0838 142.5299 142.7897 148.2045 153.0027 149.2177 156.7354 159.0423 165.2007 168.4709 174.7193 173.5974 186.0105 241.8709 326.2379 363.1191 386.1997 360.7361 326.4868 250.5437 307.6677
119.6224 123.8085 130.01 151.3921 179.5924 140.8187 120.3814 113.964 115.1026 116.0483 115.2385 122.2226 120.1277 124.6463 125.6448 127.3315 123.2507 121.5382 125.2414 125.4607 125.5361 125.7871 124.1185 126.8677 124.5527 129.0999 126.014 133.0786 129.8693 130.5915 134.4865 134.7979 134.6195 137.0806 136.0959 137.757 136.3789 135.2809 138.5265 137.2637 139.8979 138.261 139.506 143.0145 144.0248 149.7058 144.857 153.0934 150.1794 160.4121 166.295 166.6526 174.2311 179.5692 180.8257 199.0621 243.543 311.8117 298.6375 346.3593 337.608 297.5926 321.5786 260.9131
151.0822 140.7816 144.2434 155.311 151.6164 138.4649 125.3627 118.8759 119.6547 116.5332 116.2708 125.251 128.5348 124.6378 132.7871 124.8359 124.8097 124.029 125.0482 127.3367 127.7967 130.2041 129.5538 132.591 133.7896 130.9085 133.4261 133.0565 133.165 135.0322 139.6989 135.4879 134.7403 143.8081 135.2059 142.6638 141.9029 140.3392 141.3949 141.1104 145.5337 142.7993 143.4746 148.5741 149.9566 153.0468 152.1546 157.4871 164.9697 168.0523 167.2198 171.8202 182.6046 191.5189 191.2755 211.2945 335.8087 260.776 348.0405 339.5961 350.5844 324.8707 336.2503 320.7329
171.0891 171.474 189.9414 163.7136 147.0432 133.8161 124.855 123.9462 119.9459 121.419 122.5914 124.3187 126.1829 133.2035 138.4446 125.864 130.3434 129.1602 130.0853 130.8002 130.6156 137.7079 130.9859 131.8985 136.8827 135.2161 138.9772 139.8099 138.5059 144.0761 143.5058 143.2948 140.7104 146.4266 147.7776 150.06 149.5798 155.3258 147.1476 144.339 147.4156 148.3129 148.4649 154.716 157.3654 159.8969 161.3456 169.2245 168.6648 171.1659 173.2773 177.3181 181.4397 186.2451 201.603 203.367 259.7257 256.508 266.1935 355.5981 339.5563 327.2451 334.5364 337.8628
163.7914 185.167 193.4852 171.9419 158.1803 143.3235 134.2385 138.4787 130.4548 130.4202 122.8789 119.8628 125.205 130.4466 138.0516 134.3369 131.4681 133.121 128.427 131.2724 135.9784 149.7197 176.8673 136.6008 139.2749 139.8052 144.7267 157.9933 146.879 147.9668 147.9517 147.3546 149.2771 152.1298 151.7963 156.0837 156.2079 157.2732 151.429 151.1112 152.0227 153.9315 153.2823 160.0597 168.0796 167.5054 209.4083 206.1038 180.1193 170.2737 179.4436 183.3213 185.6961 191.6764 225.1205 239.8448 234.2796 228.3277 249.464 276.4898 289.9274 285.5151 309.4965 308.6779
160.8705 178.6417 196.8199 167.1731 156.554 146.1367 152.3814 147.2442 136.6805 127.6461 123.9839 126.9259 130.3521 146.9339 150.8655 142.9559 135.3352 136.1681 132.5787 138.3321 137.0034 153.1948 153.6629 143.335 143.0379 144.5687 143.0042 145.3202 148.5851 150.2596 193.4854 149.8597 151.1141 155.0634 157.9784 160.7772 161.7899 160.7393 160.8054 157.4886 157.2195 162.6624 157.5441 167.1057 203.264 180.2959 219.3791 214.0936 220.8853 179.0153 186.0667 183.1324 193.6795 199.1078 274.2515 320.0027 295.7049 336.1168 286.3826 300.0128 300.0027 273.4384 286.9145 279.5482
160.0675 167.5735 196.1136 177.0028 160.1859 161.4803 169.5117 142.8374 141.6609 130.5546 129.7458 141.6194 123.5293 133.3138 146.3555 146.6271 143.9064 144.2114 139.7793 141.3528 140.0289 154.5271 148.2233 161.9868 148.2777 145.775 143.7376 148.6924 153.4423 165.4857 179.1409 168.7149 156.349 156.3345 162.4619 164.8191 165.8796 164.6594 163.2244 162.758 160.2472 159.2561 164.6589 190.4175 234.7873 190.4218 190.5276 195.9987 189.3421 188.9206 197.1932 195.2164 198.8999 204.6157 213.239 255.289 281.9026 319.2211 318.6413 330.5198 331.495 330.5762 335.8362 321.5575
169.0258 198.6323 204.9617 174.4678 185.956 181.9184 167.6085 157.447 155.2386 137.3501 138.0648 136.1859 132.7211 143.0927 144.1834 151.554 147.4005 137.7657 138.297 142.7707 144.5938 145.357 150.9375 165.7235 155.3176 153.2997 190.4807 237.4763 159.5909 164.0788 200.3596 175.1173 161.9028 163.0595 164.2482 170.0042 170.9117 169.1361 168.9014 165.8838 166.1058 165.3922 178.7409 180.6368 198.9129 199.5996 199.6126 200.9748 220.8619 205.8121 222.5533 222.5051 200.4618 203.3227 213.9945 245.9298 300.6985 341.8218 314.0103 295.1964 290.7101 313.9966 329.4392 364.2566
159.318 165.6086 154.398 159.2234 195.3618 183.4377 158.0499 146.1053 140.7626 141.267 143.0488 139.2336 142.407 157.5219 148.4531 142.7742 140.3707 141.6654 141.1667 149.4421 155.8264 150.246 149.454 149.676 155.6883 154.3463 159.6694 166.9975 160.2904 159.3007 161.4411 166.1407 163.5402 169.9563 172.2488 175.8086 174.8966 176.773 173.8573 168.5009 172.9503 179.7884 231.6247 253.6196 232.7796 219.8625 222.7691 218.6853 228.531 250.1515 237.2954 221.3979 234.2356 217.1068 221.7597 245.9336 275.2461 274.9911 267.1664 289.3323 284.7465 293.809 324.0342 347.8932
138.5977 143.3775 141.6607 151.7931 160.1528 156.7178 145.8932 141.6706 154.3499 147.0908 141.3163 153.3284 148.9365 154.7187 142.703 142.4985 142.0234 145.946 142.3649 149.6373 151.9669 159.1405 153.7917 156.5502 158.9412 158.586 160.9465 160.0297 162.7952 165.4569 164.4519 163.9366 165.4414 169.6475 175.238 181.7521 179.5796 180.6193 178.0398 179.5655 177.8144 186.2024 212.456 286.1125 270.0435 242.9142 241.4377 239.8763 251.6107 258.6874 239.0798 235.7687 242.8783 223.2904 218.9839 227.1684 245.6574 279.9082 264.1079 281.8353 301.8821 300.7361 318.7819 358.2606
139.4923 146.7097 144.5391 148.5298 150.6101 151.3522 145.0484 143.3652 146.2529 149.0291 141.758 144.5365 152.4123 150.4146 143.7898 145.2241 150.5353 146.6203 148.1745 152.9154 154.9104 155.8711 159.4588 156.5325 162.1405 160.0565 164.5072 164.4751 168.37 170.4201 174.104 169.6982 165.9098 175.3654 182.0861 182.6012 184.6802 188.2301 181.5802 186.5971 186.6793 201.2303 218.9907 295.2731 254.8303 256.7938 300.7635 292.96 293.988 291.8647 259.0432 253.7589 239.791 261.2505 225.4518 223.2421 245.7593 254.914 296.0478 301.1141 279.1497 282.1469 295.9136 324.2472
146.7159 147.5401 147.452 151.9403 153.5186 155.5417 151.2925 149.8806 150.3191 148.8792 147.0046 151.5596 151.5028 150.182 151.4792 152.3592 150.4365 164.3152 155.7306 157.327 155.7812 158.6224 161.3807 162.9994 160.4792 164.5518 164.6462 162.2547 167.5028 172.1888 179.7068 187.3359 181.5216 183.2864 185.7339 186.0243 193.1628 192.8678 189.3397 195.6406 198.626 213.1427 261.141 288.0747 262.5781 293.0725 326.5564 326.583 298.0648 281.616 277.4588 288.087 296.2723 254.6027 238.0738 234.3157 238.0866 257.5911 276.4346 343.2987 387.7527 370.6159 328.2652 310.5565
148.5707 151.228 146.3935 157.8997 155.9262 157.7621 157.4601 157.8378 158.0233 155.1245 148.5705 156.2726 160.262 159.5976 163.0384 165.5515 160.563 168.3732 162.2944 165.276 162.0437 161.5698 161.97 169.0331 168.0671 173.4598 175.3249 178.0563 166.1816 176.5434 179.0505 180.4953 183.0979 196.7282 190.8559 196.5129 194.6849 195.4802 200.4132 204.0769 203.372 212.7796 241.9514 282.5726 274.2376 295.1443 329.5777 379.9348 316.4759 313.9987 334.2826 330.0999 291.5986 282.2093 250.5406 246.2099 241.7458 248.6488 258.6846 299.175 347.7186 389.1529 375.677 333.9217
152.4983 154.3898 157.2954 161.2688 160.9829 160.5477 162.2657 161.4122 157.5329 164.4591 163.9626 159.0589 164.2718 165.9453 179.0226 172.9727 176.6294 177.9169 173.0595 169.4486 164.7275 170.5585 167.2216 172.7724 175.5923 178.6028 181.226 183.2565 171.0357 179.9877 182.8761 183.8178 192.9883 216.0712 196.169 197.0416 202.3273 202.5068 207.2683 212.2947 212.408 219.0172 237.5564 254.4787 285.8437 329.9529 378.891 391.9888 369.9007 361.8476 330.834 323.5087 309.698 277.1947 257.8105 253.6994 260.8183 277.5211 321.3039 267.5381 286.7218 335.4658 349.2226 365.9424
158.3669 160.6478 161.5781 164.1595 167.2317 169.0906 170.1148 174.5229 172.5321 164.0167 174.0084 181.6585 170.2944 172.3062 182.4546 188.5632 185.4849 186.8088 185.7093 190.6541 177.4104 178.0418 173.8183 177.7747 179.3741 180.1044 191.0586 191.6954 174.6211 187.0246 186.1721 189.2231 194.2439 203.9677 205.7728 215.4888 205.3086 206.6877 205.2186 220.1767 218.3097 222.6228 231.0064 242.9756 262.6116 294.0369 307.455 344.9819 360.4468 357.4199 330.7531 309.746 311.8578 292.0124 261.903 277.6649 281.2017 302.4435 337.0975 342.572 362.2139 350.9107 320.2079 341.6601
165.0744 164.9133 169.5772 171.5243 172.5593 177.0056 174.3047 178.6161 176.0305 174.4635 170.2258 173.4993 173.646 178.4691 186.6978 194.6026 199.5294 200.3697 199.4144 232.7801 206.5083 187.5106 177.8145 177.7286 178.8639 183.035 189.8662 193.4837 185.4694 189.1761 191.5493 195.0263 197.4304 218.7597 220.9913 235.8967 231.8908 214.0489 219.2267 220.304 228.464 227.8061 241.3411 239.1565 262.4386 267.5222 288.7572 302.1811 330.1044 373.4281 327.1969 293.2301 289.7895 283.4153 275.17 311.4013 404.9621 408.188 418.2906 423.3275 399.7647 393.4872 372.4301 327.8622
168.8069 172.0455 177.409 179.3084 178.6615 181.6997 184.0966 185.9975 186.5004 181.646 184.7197 183.8913 185.2346 193.649 204.3185 202.7508 211.2495 215.3356 215.2203 222.5131 215.1208 207.0545 193.5226 189.5507 184.5244 190.5744 190.9723 188.64 199.8154 193.4032 194.1573 198.6199 205.6503 222.6176 248.1245 245.475 231.5725 225.4785 223.4568 225.6992 237.7417 244.0335 249.7065 258.7166 253.239 266.1469 298.7351 323.9322 367.724 372.4225 323.5646 347.0142 303.7626 298.049 313.6367 299.0825 344.0597 358.7213 381.3697 419.204 382.5453 381.5261 374.7209 340.3326
171.6286 180.7047 176.6077 184.8487 186.0366 191.5718 187.9492 189.7051 202.4167 202.5932 193.1794 193.901 197.7751 209.037 222.5024 225.386 226.3453 230.527 227.3848 220.697 225.9541 227.0803 205.2155 202.1726 196.8599 198.2538 201.0417 197.5195 241.7008 206.3509 210.152 217.2439 274.5922 225.9628 233.9265 251.8401 233.3674 230.8803 231.9803 238.7477 272.3354 256.3791 266.7985 259.4229 274.0484 287.7023 313.2688 348.3573 355.4586 369.6703 351.9894 361.7009 328.6084 324.972 311.1356 343.1286 366.0172 391.148 380.6704 397.1236 405.9734 389.9967 381.0284 377.5027
179.2793 185.1596 187.1685 187.9043 191.9854 196.7052 193.4299 198.1128 197.5109 212.0336 230.4662 215.6599 211.8877 233.3488 239.7234 248.7273 253.8963 250.8219 243.8393 250.8201 251.6835 238.0705 232.9216 218.1293 213.0886 212.7111 213.4464 199.6115 246.36 250.8855 301.8868 280.2928 311.1206 251.0254 255.5461 264.1059 260.133 238.8059 227.2914 295.0218 296.4003 267.9907 269.5598 266.5442 294.1019 357.4032 329.7513 323.1259 338.6736 352.6125 378.1594 350.9985 366.8235 351.9224 374.8984 372.7345 403.6599 431.0157 415.1356 404.9527 387.3029 369.2289 368.7979 369.9525
184.2821 186.0236 192.9342 196.4864 199.4149 210.4075 203.8688 206.9779 212.0808 222.867 227.3757 230.4899 236.9122 258.7271 282.5546 280.5201 271.3132 268.2805 275.8756 302.7061 308.513 272.5009 264.9375 251.8566 235.5907 224.4041 222.125 215.2991 217.9227 237.3442 311.9408 339.0915 332.6418 267.954 269.3174 284.1209 308.5345 323.9866 267.2154 246.3457 271.594 262.8053 277.3828 280.2943 293.6747 295.0216 305.9969 357.5994 367.6053 364.8209 376.0173 389.8744 464.8484 429.2143 417.3905 433.7422 438.3211 432.2481 419.2508 405.8366 394.7177 380.486 373.4205 394.095
185.7097 186.4498 192.3786 200.2772 206.293 206.9187 212.9364 214.9727 228.8107 229.8608 245.59 272.3963 306.9397 472.9702 338.7828 396.4694 331.9006 298.4367 324.3146 415.6297 483.4791 333.0726 310.5124 279.3256 253.0043 237.1431 235.8309 235.9851 232.0325 238.7785 256.0539 261.5035 283.1064 319.0546 283.3956 303.469 300.888 310.7812 306.1492 274.9443 261.9441 267.4114 274.5203 292.9587 298.267 296.3327 301.7336 318.0608 326.6804 360.4697 370.5781 364.7791 425.7181 416.2126 402.0399 436.0255 441.8478 429.4061 411.7639 405.4931 385.2976 397.2019 412.0965 405.1506
189.9247 193.6139 197.9923 205.206 204.4184 211.194 219.4982 228.5278 230.8523 242.211 256.9492 282.4279 327.127 449.702 497.1619 386.4263 331.1494 340.2634 374.8595 512.3432 526.6561 513.6262 500.3394 328.1161 278.8453 265.5309 263.704 257.9431 253.188 258.757 269.6834 283.498 324.0556 326.809 310.9686 309.2016 292.5705 297.8275 336.4423 286.2828 284.1501 265.7825 267.7237 276.3743 282.7919 305.8384 300.6666 320.975 331.0046 336.9364 341.0373 358.4381 414.8581 411.1741 384.9851 409.8998 415.1744 423.9173 414.5322 405.2167 410.5078 401.3018 415.4191 440.4109
188.7137 196.1861 196.495 208.0274 210.3428 215.5262 227.874 232.9504 243.4874 248.7519 262.1579 286.8118 330.0338 409.3617 579.9495 501.5807 393.8002 493.1693 583.0247 589.8785 504.4283 462.6312 464.9986 441.3492 347.941 387.0698 386.3875 286.2782 260.2634 308.3199 338.1389 338.4194 330.5101 322.4595 325.8754 327.0237 315.6601 296.7662 295.1987 295.4301 296.5377 273.4876 304.6526 284.759 300.4489 356.9526 302.6744 318.5934 336.5387 419.8512 381.3788 406.9773 420.7183 374.6104 402.6559 401.2198 402.2571 425.4231 422.5243 423.3224 423.5087 419.8008 414.655 418.8288
197.0586 198.9613 201.6807 205.336 216.5268 220.9416 235.075 238.4974 237.2401 255.6722 271.3157 284.5636 320.8231 395.3874 587.5897 603.1342 584.6469 593.4299 574.9357 597.2292 524.9039 461.5924 435.7097 432.2462 478.0682 430.9222 384.2361 303.6957 304.0799 333.9908 358.0786 352.1237 344.7332 333.6318 317.6321 310.2002 296.6719 306.455 293.4043 285.1011 275.5433 285.6008 309.7328 299.9752 282.6653 310.4436 339.0339 335.3027 333.6845 347.7707 331.4609 363.147 365.5097 361.0967 396.7091 394.778 422.9528 440.0101 423.383 430.7289 439.7126 444.2416 425.7936 417.7787
205.9281 209.5063 212.2129 218.8093 224.57 231.0319 243.6869 242.0724 247.2692 263.41 277.2623 295.3653 318.7773 354.4854 434.4094 491.0325 597.6324 578.837 562.2827 579.4243 576.8494 534.1075 448.5855 428.9327 420.3369 426.534 416.1281 398.2121 313.7831 362.1495 356.4529 340.9667 330.7017 323.3499 315.075 308.1986 308.3197 316.8582 311.4681 289.9193 290.1961 298.2415 375.2709 383.3442 325.6397 301.8405 355.135 400.3119 348.593 356.1005 355.3656 349.7287 359.8365 374.5356 384.3636 409.5625 428.9939 429.3116 435.3576 449.6673 464.1213 466.8635 463.0264 437.0862
209.3671 219.5741 220.2615 230.8046 235.931 230.2789 266.1953 265.3726 259.1036 279.686 280.4076 292.4626 318.9756 346.4956 380.6109 440.4819 602.7631 591.2178 565.2196 573.2203 593.1828 518.3203 498.8107 524.5938 477.3696 397.3289 394.992 430.7001 339.5701 358.4498 349.052 338.8893 339.5608 341.9205 367.6541 325.2848 324.8708 360.2762 307.7794 308.4237 320.4131 303.5102 326.9105 353.6858 320.206 328.5778 398.6628 365.0025 377.0603 390.4594 385.2691 409.967 380.2753 369.9978 382.9146 399.5861 402.1388 441.8223 421.865 445.8416 482.5666 457.3903 446.9702 451.7878
221.3772 228.5155 241.4727 235.3429 243.8105 247.5486 250.9754 273.4847 282.799 291.2234 312.7896 292.3961 312.6414 337.477 384.4639 419.8793 497.1493 552.9428 560.8961 557.4005 577.6322 598.8105 540.9499 508.87 472.0008 448.2461 420.6701 354.0232 359.4772 362.8264 350.5477 375.9831 421.4078 429.0446 416.0684 374.4162 345.9718 342.8736 358.6813 310.0216 329.4531 324.2308 374.1318 348.9792 332.1084 320.7912 376.8811 403.6042 363.1123 394.3601 381.9272 411.321 427.8433 445.4207 409.9692 417.497 418.0631 448.9243 446.3092 444.6512 513.6993 480.494 456.7277 441.075
239.8897 244.4434 244.1941 251.7489 250.3823 252.3144 270.735 298.8797 361.5972 371.2736 303.9814 307.4977 317.7531 338.2188 363.8439 397.5271 525.4766 568.1597 558.813 554.3644 576.7596 606.1552 618.4293 517.0526 436.8978 402.1559 387.9878 366.9163 364.1007 419.4541 430.6271 451.5133 502.9456 494.4804 414.3685 377.9762 362.5817 344.6166 343.7989 324.8529 323.7444 336.4584 360.2831 338.2242 342.0364 337.7168 333.4748 396.0964 371.0063 374.3212 399.4254 427.4396 447.1333 444.3639 425.008 439.428 437.8385 445.7775 449.8088 489.1371 500.8845 477.7236 461.0023 451.7232
