MapLib/Lvl1_5x5/BG/Ele_BG_EC.asc
ncols         557
nrows         557
xllcorner     1113500
yllcorner     3894669.448
cellsize      1000
nodata_value  -9999.0
[rows 140 to 167 of 557, columns 0 to 62 of 557]
-2206.7976 -2228.9446 -2260.4919 -2292.0403 -2314.6709 -2335.9924 -2353.3618 -2368.2034 -2378.4849 -2386.6169 -2391.5879 -2389.7825 -2385.0303 -2360.5205 -2330.3904 -2287.2649 -2220.6348 -2060.2551 -1910.8341 -1803.5524 -1765.6343 -1818.9905 -1874.493 -1928.6775 -1977.6484 -2023.2954 -2058.1782 -2090.9822 -2129.449 -2154.4065 -2134.0071 -2108.1128 -2084.5137 -2051.6643 -2005.0305 -1995.3799 -2016.875 -2112.6487 -2238.8115 -2323.5066 -2385.019 -2403.7148 -2409.9514 -2403.5525 -2395.334 -2385.6206 -2389.9412 -2413.4988 -2440.4851 -2471.9814 -2499.4429 -2523.4338 -2540.551 -2555.1199 -2566.2434 -2575.1047 -2572.6367 -2563.7083 -2540.3013 -2516.2651 -2492.0164 -2477.3438 -2470.2771
-2244.0256 -2276.749 -2304.0063 -2329.946 -2342.9761 -2356.2651 -2367.0068 -2375.519 -2381.9512 -2386.5955 -2390.7573 -2375.019 -2350.2185 -2305.6174 -2255.863 -2205.0457 -2132.0703 -1962.2372 -1806.7118 -1700.8105 -1690.0348 -1806.9727 -1898.823 -1967.54 -2036.3705 -2104.0779 -2133.1255 -2154.998 -2188.8508 -2213.3738 -2201.3369 -2192.0696 -2199.0068 -2194.3716 -2172.5725 -2158.8064 -2152.8269 -2184.2583 -2235.6255 -2301.8572 -2365.4497 -2388.8176 -2398.3918 -2388.8774 -2379.5166 -2374.7727 -2384.3372 -2413.8079 -2443.9182 -2474.6475 -2501.2065 -2524.5481 -2538.5054 -2549.053 -2557.3149 -2564.5884 -2561.2817 -2555.2878 -2539.6511 -2526.9551 -2516.9082 -2499.0171 -2475.1802
-2280.4829 -2310.7861 -2330.1357 -2347.0708 -2356.1216 -2364.5051 -2370.9565 -2374.7363 -2372.489 -2368.5232 -2361.925 -2329.8203 -2284.97 -2236.0378 -2185.8596 -2125.8662 -2042.1818 -1861.0079 -1716.3971 -1669.0404 -1700.7064 -1832.3563 -1931.1564 -1999.3223 -2076.9001 -2157.1636 -2188.1482 -2207.9902 -2233.187 -2251.2886 -2246.1309 -2244.0894 -2258.6543 -2264.5728 -2258.5012 -2247.6968 -2234.6108 -2240.8596 -2259.5757 -2305.9561 -2355.4622 -2375.5183 -2384.6067 -2377.2632 -2374.4021 -2384.3262 -2402.7478 -2433.7954 -2462.6814 -2490.3191 -2512.2102 -2532.1216 -2542.5417 -2549.0874 -2550.863 -2550.5835 -2544.0212 -2535.9595 -2524.2949 -2513.6199 -2505.2437 -2492.7659 -2478.5906
-2314.7695 -2337.8738 -2348.1775 -2356.0872 -2360.2351 -2364.7979 -2367.5896 -2364.9944 -2353.8274 -2338.7871 -2320.2913 -2271.9446 -2208.6135 -2163.0508 -2119.1157 -2046.9233 -1952.4598 -1767.8617 -1643.6033 -1668.5883 -1744.0828 -1873.7958 -1967.0801 -2028.3835 -2109.9399 -2198.252 -2232.6968 -2253.2017 -2268.7832 -2280.4851 -2280.2244 -2283.416 -2296.0793 -2305.7527 -2310.5288 -2304.9851 -2291.9492 -2288.1362 -2291.7007 -2317.4858 -2348.8777 -2364.5229 -2374.2034 -2371.8813 -2376.8433 -2404.4431 -2432.3628 -2462.408 -2487.7161 -2510.0903 -2527.5149 -2541.1318 -2547.8613 -2551.1958 -2544.1924 -2535.2285 -2523.6145 -2512.5178 -2503.3708 -2493.6675 -2482.9919 -2479.0581 -2480.2014
-2329.2087 -2344.2805 -2351.7888 -2356.3774 -2342.6028 -2331.4993 -2329.1826 -2319.1062 -2296.4065 -2273.791 -2251.9431 -2201.8147 -2137.864 -2098.0564 -2061.6831 -1971.6407 -1869.9371 -1734.6807 -1658.6107 -1716.6375 -1807.8657 -1929.1549 -2011.322 -2059.4514 -2132.1431 -2215.0288 -2247.7256 -2267.0701 -2283.2837 -2295.5203 -2299.5691 -2304.6277 -2314.4536 -2321.8682 -2325.3743 -2321.7136 -2312.4233 -2309.3745 -2309.9565 -2323.3521 -2343.4336 -2370.5276 -2394.8499 -2403.6289 -2418.0071 -2447.5596 -2475.1335 -2497.7551 -2515.7246 -2530.5632 -2539.301 -2544.6323 -2547.1023 -2546.4319 -2532.7307 -2516.8308 -2501.4802 -2489.822 -2485.6543 -2481.1455 -2477.4758 -2477.7773 -2480.1658
-2325.5559 -2329.2803 -2332.759 -2333.1038 -2303.553 -2279.7349 -2272.7046 -2255.4966 -2223.3413 -2197.3311 -2176.7161 -2129.7161 -2069.4182 -2032.4069 -1997.8999 -1901.6899 -1805.8785 -1735.8174 -1712.5265 -1786.944 -1879.0105 -1986.1412 -2054.8491 -2090.6179 -2152.1174 -2224.1453 -2253.707 -2272.4895 -2290.8555 -2305.7483 -2312.7776 -2319.364 -2326.1826 -2330.8159 -2330.8159 -2329.199 -2324.6118 -2324.9624 -2327.1328 -2332.9871 -2345.593 -2384.3496 -2424.0464 -2444.5869 -2465.875 -2493.9587 -2516.9265 -2531.8401 -2541.9548 -2548.2085 -2547.6995 -2542.6919 -2539.0132 -2534.5596 -2516.6191 -2497.6467 -2480.9661 -2469.7625 -2469.5066 -2471.0845 -2474.8052 -2476.1931 -2476.0576
-2276.4863 -2249.5327 -2237.5303 -2227.1421 -2207.8308 -2190.8787 -2178.979 -2161.2693 -2134.0376 -2114.6636 -2102.7537 -2062.5322 -2008.7426 -1953.1989 -1897.5927 -1849.0446 -1808.7321 -1801.7778 -1821.0735 -1887.7025 -1959.4517 -2033.432 -2088.0144 -2125.4387 -2176.2915 -2232.1313 -2258.9158 -2277.4736 -2296.1909 -2311.9082 -2321.0122 -2328.4709 -2335.012 -2340.3586 -2343.094 -2344.4768 -2345.644 -2349.1555 -2354.9636 -2363.8682 -2378.3115 -2414.4363 -2451.4089 -2476.666 -2500.665 -2524.718 -2542.5291 -2552.3384 -2556.3877 -2554.5015 -2541.6724 -2524.6973 -2509.509 -2495.9407 -2488.3228 -2480.0752 -2469.6021 -2461.8965 -2461.2019 -2461.5342 -2463.0791 -2461.0637 -2456.6206
-2207.0032 -2153.4316 -2127.9373 -2106.9744 -2103.7075 -2098.5576 -2086.7312 -2071.6252 -2050.2424 -2038.249 -2034.329 -2000.0509 -1950.1934 -1881.3583 -1810.5275 -1803.9025 -1811.1993 -1861.0565 -1915.6536 -1975.8884 -2031.204 -2078.9253 -2120.7693 -2157.4297 -2198.595 -2240.1177 -2263.2434 -2281.2822 -2300.2339 -2317.2942 -2326.7122 -2334.8711 -2343.6091 -2351.2332 -2355.9958 -2361.501 -2367.0144 -2374.5325 -2384.3357 -2397.2556 -2413.8916 -2444.562 -2476.9402 -2502.3113 -2525.4763 -2544.7893 -2558.2642 -2563.5461 -2561.7112 -2553.9995 -2531.439 -2502.5815 -2480.939 -2462.875 -2463.7966 -2465.7974 -2459.9934 -2455.343 -2453.8098 -2451.1885 -2447.9324 -2440.7517 -2432.3057
-2102.8965 -2044.061 -2015.6395 -1994.2855 -2007.0631 -2016.5573 -2018.2317 -2012.2201 -1994.1927 -1985.099 -1984.6499 -1947.9659 -1893.2875 -1837.7659 -1783.736 -1770.0199 -1777.1864 -1858.8289 -1940.3293 -2010.2979 -2071.3074 -2122.7217 -2158.3354 -2181.0835 -2211.9287 -2245.635 -2264.5464 -2281.2722 -2303.4346 -2322.6008 -2327.9524 -2336.0264 -2352.1304 -2364.7815 -2370.5469 -2377.7432 -2385.9248 -2397.5039 -2410.5464 -2424.5378 -2441.3276 -2468.4612 -2495.012 -2512.9712 -2530.0979 -2545.2744 -2553.8999 -2553.6677 -2549.5723 -2541.814 -2514.2568 -2477.9744 -2465.4312 -2459.8796 -2459.7861 -2459.6064 -2452.6509 -2446.981 -2445.6335 -2439.1331 -2425.6028 -2413.1011 -2401.6553
-2014.0544 -1943.5709 -1917.8224 -1901.8192 -1924.6381 -1944.2151 -1952.8683 -1950.5692 -1932.1743 -1919.4673 -1913.0369 -1872.0349 -1812.9952 -1777.516 -1747.6234 -1741.9265 -1757.7175 -1858.3604 -1956.6202 -2032.4869 -2096.9009 -2149.0186 -2179.5051 -2192.6755 -2220.5132 -2254.5371 -2270.7915 -2285.0032 -2307.7783 -2326.6367 -2328.8958 -2334.802 -2353.6238 -2368.8425 -2378.4707 -2388.4456 -2399.4717 -2413.2349 -2428.4985 -2442.2627 -2456.9172 -2477.9993 -2498.6667 -2510.1333 -2520.7847 -2531.811 -2535.949 -2530.8389 -2523.3887 -2513.8862 -2488.6553 -2457.353 -2454.0251 -2458.135 -2456.1567 -2452.7478 -2441.7522 -2431.1899 -2419.9895 -2405.0466 -2384.0957 -2362.7981 -2341.0254
-1960.9207 -1862.3401 -1849.0243 -1848.7516 -1871.4581 -1888.52 -1889.151 -1879.5692 -1853.4998 -1826.009 -1796.9725 -1745.8511 -1684.1373 -1677.9132 -1684.9369 -1722.5117 -1773.7317 -1873.1345 -1966.6154 -2037.8853 -2096.7412 -2140.7556 -2168.1946 -2182.7068 -2220.6519 -2268.4539 -2285.7356 -2296.2197 -2313.5417 -2327.2922 -2327.8267 -2330.3225 -2339.6138 -2353.1775 -2372.0959 -2387.8496 -2401.1409 -2415.106 -2428.2151 -2438.2544 -2448.4565 -2461.1318 -2473.8359 -2481.5281 -2488.2112 -2491.916 -2491.1453 -2484.1008 -2471.8931 -2455.8652 -2447.4258 -2443.7246 -2447.8276 -2452.4722 -2449.7256 -2444.0034 -2426.2136 -2401.5508 -2359.0967 -2325.9658 -2303.7522 -2267.4521 -2220.74
-1898.1575 -1837.7083 -1835.8634 -1842.0701 -1854.238 -1860.3229 -1846.5973 -1819.8956 -1772.0704 -1734.0735 -1704.8073 -1670.1372 -1632.4999 -1646.8064 -1674.2484 -1731.3196 -1797.3158 -1888.7544 -1975.2994 -2043.7626 -2100.4763 -2143.3125 -2169.5913 -2182.8708 -2221.6609 -2271.5652 -2288.9119 -2298.8015 -2312.7786 -2324.1482 -2325.8171 -2327.6904 -2332.5146 -2344.4475 -2365.8999 -2381.95 -2393.2109 -2404.8967 -2416.2776 -2425.1375 -2432.0938 -2438.574 -2444.6672 -2449.9167 -2453.2051 -2451.4343 -2447.9614 -2442.9998 -2434.3196 -2423.1316 -2423.6414 -2430.9792 -2431.8206 -2430.3918 -2424.5852 -2413.8936 -2377.9895 -2338.8125 -2290.783 -2249.593 -2215.8811 -2171.2244 -2118.3376
-1824.551 -1875.5365 -1883.8855 -1886.4528 -1877.3027 -1862.0675 -1826.0691 -1771.3687 -1687.3352 -1645.2766 -1640.3845 -1649.7849 -1665.5498 -1692.2203 -1721.5071 -1771.936 -1829.9696 -1907.0717 -1982.8229 -2049.9578 -2108.2983 -2157.5825 -2184.9724 -2193.988 -2224.1658 -2262.7253 -2279.8306 -2292.2737 -2304.6719 -2315.9458 -2322.6555 -2327.5776 -2332.9897 -2343.4976 -2360.6687 -2370.6892 -2374.0129 -2382.5715 -2392.3787 -2400.5876 -2407.6228 -2409.8623 -2411.5764 -2414.8306 -2416.3081 -2409.7671 -2407.2166 -2408.908 -2412.8706 -2417.7898 -2418.8931 -2417.606 -2404.5449 -2388.9319 -2379.1226 -2361.6504 -2293.6389 -2238.5969 -2214.1167 -2176.4412 -2120.4402 -2074.103 -2035.4458
-1797.6278 -1847.8896 -1848.004 -1841.4119 -1829.86 -1814.4808 -1786.5542 -1746.4407 -1687.3287 -1665.2521 -1676.437 -1703.5189 -1738.723 -1768.9004 -1798.9019 -1842.2291 -1890.7811 -1954.8494 -2017.6697 -2074.0603 -2125.0642 -2167.0273 -2191.407 -2200.0916 -2227.4434 -2262.2991 -2279.0354 -2290.2834 -2298.894 -2306.7375 -2313.4209 -2319.4006 -2324.2061 -2331.0166 -2340.3784 -2342.4836 -2339.6404 -2344.1411 -2353.2659 -2369.8936 -2386.4163 -2392.6375 -2395.2764 -2394.9854 -2393.4087 -2388.4153 -2386.4883 -2388.519 -2389.439 -2387.9065 -2376.1592 -2358.543 -2325.6228 -2290.5632 -2280.4714 -2263.7502 -2195.0303 -2138.3 -2110.8655 -2070.5391 -2013.9672 -1965.1392 -1922.1147
-1799.1917 -1785.28 -1766.9756 -1749.1625 -1745.8342 -1742.7074 -1739.3773 -1738.3408 -1739.4196 -1751.011 -1771.403 -1799.4281 -1831.6746 -1861.4535 -1890.2001 -1926.8936 -1967.1223 -2017.6587 -2066.1641 -2108.8689 -2145.0132 -2172.8494 -2191.6763 -2202.5132 -2231.7256 -2267.9453 -2282.2961 -2289.1184 -2291.4495 -2293.9924 -2300.1326 -2305.5598 -2308.502 -2309.7136 -2309.1367 -2304.3796 -2295.9285 -2296.8584 -2304.6821 -2334.0215 -2368.2615 -2382.7126 -2389.553 -2384.2078 -2379.72 -2378.498 -2377.1807 -2374.0679 -2361.1982 -2339.3486 -2307.6267 -2269.2515 -2214.833 -2160.5745 -2150.9463 -2138.5505 -2086.2112 -2036.5082 -1991.8916 -1945.901 -1897.7367 -1843.0165 -1783.3108
-1785.3484 -1776.9473 -1765.1273 -1754.2395 -1749.6093 -1747.0374 -1751.9431 -1763.376 -1784.2361 -1803.8699 -1823.1421 -1849.459 -1879.0314 -1908.0845 -1937.1283 -1971.4686 -2007.314 -2049.4468 -2088.6741 -2120.5994 -2148.4702 -2171.0183 -2188.3191 -2199.7659 -2228.5911 -2263.7361 -2267.1125 -2263.8809 -2266.5854 -2271.2295 -2278.5 -2283.2063 -2282.0964 -2279.3601 -2273.8169 -2266.8494 -2258.593 -2252.4995 -2251.5574 -2299.7534 -2356.3442 -2374.4854 -2380.2925 -2374.0417 -2365.7253 -2354.2422 -2342.5854 -2330.4731 -2301.1162 -2257.7654 -2214.884 -2171.6907 -2116.2532 -2061.2019 -2042.7629 -2023.0511 -1971.7607 -1926.8698 -1896.0164 -1834.7269 -1732.9481 -1647.1039 -1572.655
-1770.0648 -1794.5382 -1798.9059 -1799.7668 -1790.6895 -1785.1814 -1790.5309 -1801.6769 -1823.0514 -1840.5739 -1853.3098 -1875.4204 -1902.3187 -1931.4429 -1961.0496 -1994.8777 -2029.7119 -2066.8599 -2099.239 -2121.842 -2143.7576 -2165.8523 -2182.5657 -2195.2136 -2221.6589 -2253.0029 -2244.3079 -2229.2019 -2234.314 -2243.0774 -2251.2537 -2254.9929 -2249.584 -2243.2148 -2236.6738 -2231.6909 -2228.561 -2215.2742 -2205.8379 -2267.6191 -2342.6555 -2359.8276 -2362.4666 -2355.7371 -2343.2524 -2316.7546 -2292.6719 -2270.7598 -2225.6072 -2161.2634 -2113.9348 -2073.4717 -2025.8706 -1977.4705 -1947.2634 -1914.8351 -1859.0864 -1816.6689 -1808.3684 -1727.5205 -1551.3196 -1429.6042 -1348.4573
-1787.3047 -1816.446 -1821.7855 -1823.6675 -1816.6844 -1812.7874 -1817.5726 -1827.0438 -1845.847 -1859.9542 -1871.2827 -1889.5459 -1911.8303 -1938.7681 -1967.4188 -2001.7083 -2036.8701 -2073.0276 -2104.3196 -2123.8984 -2142.604 -2162.9224 -2177.4792 -2187.8337 -2205.9285 -2227.3552 -2219.7942 -2207.561 -2209.2971 -2213.6968 -2215.0535 -2213.0618 -2202.1001 -2195.3037 -2195.5864 -2207.0059 -2226.897 -2225.2339 -2218.5364 -2254.3718 -2296.4746 -2300.4214 -2294.3623 -2280.8181 -2262.8577 -2235.3628 -2209.5166 -2184.6667 -2137.0154 -2072.0437 -2028.0972 -1995.1071 -1951.8988 -1905.479 -1870.1998 -1832.6798 -1777.2209 -1730.0732 -1700.6453 -1599.5027 -1404.2546 -1295.5277 -1249.569
-1810.0389 -1837.1826 -1840.2153 -1839.4604 -1837.2415 -1836.2074 -1840.4662 -1849.2242 -1863.4117 -1876.3138 -1886.3909 -1902.0977 -1919.691 -1944.1458 -1970.7622 -2005.2285 -2040.9623 -2077.1121 -2106.7686 -2124.5098 -2141.8787 -2158.7986 -2170.5562 -2178.1873 -2187.2761 -2197.2019 -2194.0129 -2188.2144 -2185.7002 -2182.1365 -2176.2925 -2166.2788 -2149.3372 -2141.782 -2148.6682 -2177.7114 -2224.1431 -2238.0757 -2236.3335 -2237.8054 -2238.3369 -2226.1855 -2210.1284 -2188.45 -2165.6599 -2139.4958 -2114.6592 -2090.6636 -2045.452 -1985.559 -1949.2667 -1923.8759 -1877.6063 -1825.8064 -1786.8107 -1746.675 -1689.8669 -1631.6488 -1570.1722 -1455.7649 -1271.2742 -1192.2217 -1190.3735
-1809.9811 -1840.1741 -1843.9136 -1845.0714 -1848.5284 -1853.0067 -1861.8741 -1872.5551 -1885.0083 -1897.1963 -1909.1 -1924.6616 -1942.6494 -1964.7218 -1988.7528 -2018.3287 -2048.2454 -2079.0107 -2104.7092 -2118.6235 -2131.8469 -2144.5271 -2151.8364 -2155.6079 -2160.1897 -2165.8325 -2164.251 -2160.4631 -2154.0056 -2145.4075 -2133.9597 -2117.5115 -2088.7805 -2070.645 -2068.4326 -2104.2119 -2169.0803 -2188.7878 -2186.8594 -2176.6716 -2161.0454 -2136.0356 -2109.021 -2084.6418 -2058.4309 -2027.5023 -2005.3481 -1993.6045 -1958.3777 -1905.2102 -1877.8798 -1857.3821 -1777.61 -1684.9198 -1637.389 -1588.7488 -1510.0748 -1428.2926 -1341.16 -1253.2197 -1164.364 -1140.1847 -1162.8032
-1800.301 -1832.9417 -1839.6279 -1843.413 -1853.61 -1864.8411 -1878.7207 -1892.1602 -1904.7858 -1918.0725 -1931.1545 -1947.8374 -1965.9021 -1985.5479 -2006.4377 -2030.527 -2055.1099 -2079.1873 -2100.0979 -2110.7656 -2119.6836 -2128.0393 -2131.4529 -2130.3098 -2130.4119 -2131.688 -2130.6936 -2127.5652 -2117.2219 -2103.4597 -2088.1365 -2064.7563 -2027.4308 -1999.2113 -1985.2261 -2019.9146 -2092.4788 -2115.0972 -2112.9089 -2095.5713 -2070.4263 -2033.5255 -1996.5507 -1969.3729 -1940.1045 -1902.6832 -1877.9994 -1872.1095 -1839.5675 -1788.165 -1764.4493 -1747.2506 -1642.6962 -1517.3566 -1456.2422 -1394.9 -1302.2423 -1208.0667 -1110.834 -1056.7335 -1059.1331 -1086.5599 -1131.9746
-1758.2227 -1788.9265 -1807.3088 -1823.4672 -1841.0347 -1858.8773 -1875.4309 -1894.9449 -1916.9628 -1934.425 -1948.2345 -1965.9746 -1985.9612 -2000.9906 -2015.1753 -2034.7605 -2054.594 -2071.1284 -2086.178 -2098.0869 -2106.1536 -2108.7988 -2106.5642 -2100.7002 -2095.1084 -2089.8894 -2084.051 -2077.2427 -2064.0513 -2047.2454 -2025.9999 -2000.8865 -1966.4839 -1933.4357 -1904.0315 -1914.0391 -1955.5327 -1968.5425 -1967.6012 -1952.317 -1928.8864 -1888.1688 -1846.4696 -1814.0472 -1778.1686 -1729.2594 -1686.0472 -1649.8346 -1590.6735 -1517.6377 -1481.0645 -1458.1963 -1371.2172 -1266.5245 -1174.1373 -1085.452 -1019.4961 -960.1385 -916.9286 -909.631 -950.4442 -1007.0513 -1074.4352
-1719.5966 -1751.8523 -1777.6322 -1802.4412 -1825.595 -1848.2476 -1867.8706 -1891.0632 -1920.3232 -1942.4805 -1959.8058 -1977.8549 -1996.802 -2009.8379 -2020.7148 -2028.2048 -2036.6681 -2050.9846 -2065.4382 -2081.5969 -2089.4863 -2085.5693 -2077.1216 -2064.7056 -2052.2476 -2039.8899 -2031.0306 -2021.8685 -2007.5576 -1990.3762 -1967.0076 -1941.1973 -1913.075 -1880.5233 -1842.1511 -1826.5281 -1830.1425 -1828.079 -1822.5306 -1807.2104 -1784.8787 -1746.3018 -1704.0475 -1663.8167 -1617.8912 -1558.2858 -1498.3912 -1437.2175 -1365.6704 -1287.8571 -1244.9849 -1216.9363 -1148.033 -1066.4126 -971.4396 -880.1018 -815.787 -772.1178 -778.605 -808.7376 -869.1415 -937.4842 -1011.5921
-1688.2831 -1727.5186 -1754.187 -1780.2673 -1805.5103 -1830.2596 -1850.8689 -1874.8682 -1906.9336 -1935.3137 -1959.9387 -1977.3169 -1989.608 -2005.7913 -2021.1559 -1999.455 -1983.8192 -2006.676 -2031.2158 -2055.7334 -2065.2686 -2054.4219 -2038.071 -2016.8252 -1996.9995 -1977.618 -1965.9264 -1956.1162 -1946.2975 -1932.4867 -1911.7921 -1891.5001 -1875.0021 -1852.235 -1818.7472 -1776.3357 -1727.126 -1697.9988 -1679.0771 -1657.8263 -1634.9828 -1609.627 -1578.3041 -1521.944 -1460.7069 -1391.1667 -1319.3064 -1244.8732 -1185.1708 -1136.9858 -1100.3427 -1068.5522 -1017.0332 -962.244 -923.0114 -875.1315 -763.9965 -699.6862 -749.686 -796.0944 -838.9275 -887.7416 -940.0984
-1682.4884 -1721.0874 -1743.4749 -1764.0496 -1787.6888 -1810.5448 -1829.9957 -1857.5707 -1896.9236 -1929.8931 -1958.0981 -1974.192 -1985.0388 -1995.6333 -2004.5034 -1973.9049 -1950.037 -1970.5156 -1995.1627 -2017.4189 -2023.5221 -2007.4449 -1984.51 -1956.812 -1930.3672 -1904.7496 -1890.9198 -1882.0521 -1883.2355 -1882.8698 -1872.8782 -1858.09 -1836.1028 -1809.0017 -1775.8613 -1719.2681 -1644.0771 -1600.9316 -1572.2957 -1537.2593 -1499.9534 -1462.4917 -1420.3871 -1357.6638 -1292.2931 -1222.8475 -1156.027 -1093.3921 -1042.2675 -1000.0473 -962.029 -925.8094 -891.4889 -859.2549 -851.2211 -830.7179 -726.0942 -666.7461 -719.6572 -764.951 -801.1447 -839.5037 -879.3499
-1702.1223 -1733.7321 -1745.1871 -1755.2528 -1772.363 -1789.568 -1807.3822 -1838.0735 -1889.2817 -1926.7225 -1951.4478 -1968.1694 -1981.2515 -1977.6229 -1969.7406 -1949.9707 -1934.9232 -1944.2725 -1955.4514 -1964.8746 -1962.694 -1943.5696 -1916.7538 -1884.8063 -1853.1272 -1821.6177 -1805.7827 -1799.191 -1818.9783 -1841.001 -1849.9822 -1840.6365 -1794.1715 -1750.0052 -1711.9556 -1655.3596 -1582.7509 -1537.9585 -1503.493 -1446.3531 -1379.5424 -1304.2511 -1231.3262 -1171.2777 -1112.4951 -1053.541 -1009.6918 -984.8544 -939.3638 -878.5448 -830.6551 -792.384 -772.5127 -758.3946 -754.6045 -745.3408 -700.7935 -674.1056 -688.6494 -714.8156 -755.9221 -794.3719 -831.8047
-1699.8253 -1724.759 -1732.6914 -1739.219 -1757.7206 -1775.4271 -1793.3527 -1819.6104 -1862.7893 -1892.0712 -1910.1149 -1918.9554 -1923.8945 -1921.8916 -1918.4188 -1912.6567 -1908.0575 -1908.4974 -1907.8679 -1905.2893 -1893.022 -1868.6003 -1838.8142 -1804.4738 -1771.5155 -1739.0707 -1720.7434 -1713.4021 -1751.1226 -1789.2209 -1797.4644 -1778.5358 -1711.7035 -1656.9878 -1624.3527 -1569.4401 -1497.4615 -1451.6724 -1413.9933 -1337.797 -1250.4402 -1168.4893 -1093.2711 -1040.271 -987.7512 -931.4486 -894.2007 -884.2123 -846.0557 -786.5222 -749.7066 -723.8775 -700.2693 -678.0808 -674.1345 -670.392 -661.8632 -658.3618 -665.2565 -685.6621 -725.2236 -759.3997 -789.4107
-1682.2745 -1702.2141 -1710.7838 -1719.7772 -1744.1022 -1766.9983 -1784.1818 -1802.6786 -1823.4287 -1837.6475 -1845.6267 -1841.7264 -1831.5959 -1841.5355 -1855.9564 -1865.6968 -1871.5576 -1865.0228 -1854.3103 -1840.1887 -1817.756 -1785.6758 -1752.2419 -1717.9016 -1686.4015 -1656.8411 -1636.9695 -1629.7002 -1682.4736 -1730.3303 -1723.6958 -1687.6777 -1603.1748 -1542.8035 -1520.0583 -1468.8896 -1395.4132 -1348.9841 -1308.7535 -1218.8369 -1117.1482 -1048.9303 -991.4161 -947.0203 -898.8926 -840.4254 -801.898 -789.9427 -759.6343 -715.6677 -700.8888 -697.9083 -659.1268 -613.3617 -605.765 -603.7693 -614.8431 -628.6104 -646.8523 -671.5095 -705.5655 -731.4788 -752.1901
