MapLib/Lvl1_5x5/BG/Ele_BG_CF.asc
ncols         557
nrows         557
xllcorner     2784500
yllcorner     5008669.448
cellsize      1000
nodata_value  -9999.0
[rows 112 to 139 of 557, columns 315 to 377 of 557]
292.2171 286.6548 299.8698 287.5511 273.5948 272.3029 280.6485 299.0484 292.5885 292.7671 307.5569 294.0341 304.5298 296.5461 285.5284 286.3938 295.2585 263.321 293.0345 290.4386 296.3287 310.8641 323.2948 316.9885 296.9479 272.4407 281.8824 305.393 302.7104 272.0728 268.2296 284.6696 269.6864 300.301 317.1739 321.605 314.3615 318.0796 309.8694 313.6936 292.3198 295.0959 307.3311 307.5466 299.3234 286.7319 268.8569 284.0461 315.9507 305.0345 282.4063 275.1266 296.523 297.8343 309.2237 301.3382 302.7364 305.4851 303.2146 304.8002 300.254 288.2476 280.7321
349.2228 333.3553 331.1736 327.2087 312.3859 295.8748 268.7874 282.4813 288.343 276.3734 272.3577 264.5393 257.502 259.223 260.7323 269.473 263.794 276.7856 245.1582 279.1565 268.9858 274.1882 278.7872 300.0963 310.2916 301.1871 273.9463 261.0971 279.1118 279.629 260.9754 280.5887 296.9786 303.0057 302.9548 303.8036 319.6613 325.6805 323.7949 323.8311 314.3735 302.8415 316.7349 306.0423 302.4479 296.3535 283.9631 302.356 276.4197 296.0221 293.2444 282.4527 282.805 311.0596 314.5016 317.3649 310.9032 308.3761 314.3469 311.824 308.8082 302.257 299.2918
341.927 337.0948 324.813 317.8268 317.7859 310.6601 315.2057 297.5604 321.9111 317.1331 317.8092 287.5207 293.3026 306.1954 284.8988 297.8189 283.4401 272.2205 261.502 256.6081 246.245 240.9743 253.8269 253.4133 275.2328 295.0596 303.6157 288.8062 259.9147 258.6128 278.6931 312.1659 318.914 301.769 280.9566 309.0528 306.8094 292.0392 314.5265 317.738 325.7873 320.868 332.4203 316.2261 310.9949 317.076 310.6724 299.9057 296.8293 280.4723 305.7825 313.3652 286.5761 313.1588 317.6631 335.2185 323.6483 319.9686 317.5152 305.8261 299.9449 307.2173 308.4223
319.0249 328.3185 331.0556 337.7881 326.8466 337.04 345.2495 343.1676 319.6001 307.6804 308.0235 294.3816 297.5479 316.0117 329.1322 301.7751 321.5895 318.1969 309.2247 285.9077 268.5764 270.3728 285.5141 268.6339 243.8807 251.8895 272.1895 285.4657 289.1744 246.5567 284.353 297.4547 290.3948 285.2925 276.3755 274.656 277.3421 283.8415 298.3742 303.7453 308.3857 329.2263 319.4036 313.5648 303.4832 285.4069 320.9222 318.9899 309.8062 302.3844 309.9746 310.9154 315.7488 294.0659 308.0888 314.7037 311.0108 302.9767 312.1824 322.3981 314.2898 307.3357 294.5771
288.9431 302.5383 296.9536 319.4359 332.8709 332.5045 343.4142 364.1113 348.9958 336.9324 324.9047 326.9036 324.432 328.1343 330.609 322.6647 317.7169 323.2086 299.5516 281.8708 292.5408 309.6344 303.1882 277.7874 287.6514 263.3203 244.2272 243.2609 260.5867 272.8432 257.11 269.5171 266.3215 286.3307 297.7716 319.7663 303.2716 303.2112 306.8791 309.7199 312.7615 301.074 318.59 294.1135 291.5204 296.5193 289.3428 302.8673 298.1618 312.2387 319.7988 317.254 310.2132 313.3285 309.4812 294.2418 305.7043 286.4702 285.717 291.3745 307.4945 286.2961 287.5573
329.3874 318.6579 297.9586 279.0331 285.4743 319.2879 312.6967 324.2654 342.4434 330.4875 336.0608 330.8006 325.0697 321.2169 331.1616 320.0546 331.137 335.1734 317.874 298.7009 314.288 322.2003 318.5354 303.3655 320.3625 314.0565 286.3734 298.3887 276.5595 253.276 243.965 259.1374 280.9865 306.4603 303.7957 290.7269 299.5402 315.9445 311.4044 288.8709 305.1489 317.35 317.5184 288.289 279.4251 278.7569 290.2468 280.005 280.9898 298.0692 307.0453 309.7538 302.9109 289.2378 292.3325 296.9879 289.7589 284.0443 290.3072 270.3099 291.047 294.5021 292.8617
358.8589 346.2266 321.055 290.2433 280.6161 284.52 291.764 312.564 321.5146 334.0244 328.6094 305.4877 304.1209 306.269 327.0531 333.5215 318.519 323.669 331.8849 337.5042 321.5662 336.7636 332.6866 336.6565 322.3214 307.6556 301.3065 309.9454 302.6672 298.3903 259.1399 236.3448 258.6947 274.503 285.5771 291.008 316.5136 312.476 302.1082 289.2519 285.7306 296.8503 308.5082 330.8957 307.1751 298.5219 267.8904 261.5971 263.4704 286.2352 293.8249 272.7298 287.7856 291.229 277.4161 276.4889 276.8825 283.342 267.6688 279.8683 266.0135 289.4929 298.1566
335.9692 344.2369 346.9854 339.238 309.2182 296.9091 276.6254 286.8185 317.9418 315.8291 316.8785 332.5883 306.8868 290.9854 317.58 319.916 312.2294 303.9071 316.9656 333.635 327.9953 334.4943 314.738 328.5691 339.9001 327.8614 312.412 285.588 273.9162 277.8312 270.2429 251.8828 236.3194 240.7287 256.4258 291.7115 285.7203 304.1056 290.8856 273.3248 267.422 282.6556 294.0651 304.6375 322.742 315.3587 306.7354 297.8859 289.8423 271.1803 265.5656 270.8147 277.0824 286.0222 281.1436 284.1139 285.5613 269.7291 267.3837 263.481 253.356 267.8005 275.8897
329.5586 313.4376 308.208 330.1104 339.9883 325.5924 302.2096 288.2927 264.9331 280.8048 290.9096 309.4283 312.8978 279.5574 316.4745 329.5359 316.1313 294.1499 319.5956 301.8754 314.1926 338.157 322.2742 310.0808 324.4552 337.4974 333.528 315.4996 296.6141 307.8355 305.8658 302.1031 280.6955 247.9202 242.2906 262.1712 263.5308 259.0878 264.2258 264.0823 265.4568 273.323 283.0081 287.4353 307.4949 326.502 311.5891 289.5473 268.3347 298.2516 300.7154 268.4601 282.4715 275.4191 253.8959 254.777 256.3528 264.027 265.9281 249.2161 259.4447 251.6257 253.4592
307.0165 320.8958 298.2714 289.0916 303.9395 338.6205 335.2401 327.904 303.7299 284.8721 276.7968 269.1464 278.2513 270.1417 300.5054 320.5617 329.9362 305.4642 280.7931 295.5057 321.3077 317.9909 337.9399 315.4866 295.5374 310.8568 307.347 328.7873 329.0892 318.8839 306.7491 294.4568 283.0315 276.4619 245.6664 248.2595 269.5668 293.0066 299.4829 300.9966 284.4125 306.2592 314.0146 307.119 312.2191 316.0999 322.8042 313.6378 319.0028 312.8762 293.2004 282.7651 310.81 306.7798 303.6645 297.9363 285.7766 277.159 269.1284 259.952 257.3702 250.6139 248.6767
276.4451 294.2956 309.8079 294.693 269.453 299.022 325.0811 316.1204 329.8744 323.615 313.2445 315.0629 287.8885 255.3321 296.2721 317.1351 326.3827 336.4493 302.7196 275.184 289.1162 303.1157 316.1856 329.8326 319.9397 296.8176 299.0512 321.257 306.9716 324.6791 333.3146 319.6778 294.6519 265.6734 251.3089 237.8186 271.6533 295.4883 297.6664 294.1988 312.1585 310.0452 289.5872 313.0533 296.431 283.256 295.1313 315.815 342.2831 343.5312 302.2198 291.4157 303.4656 289.8922 284.4127 266.4525 285.4312 262.0545 258.7387 251.4731 250.6223 255.6528 274.9404
300.3613 281.1775 280.5562 273.6171 268.4385 270.3111 307.666 302.8255 303.3097 329.803 319.049 305.4888 305.7643 293.4031 260.2668 285.0676 316.8616 313.3222 321.6059 302.9072 277.0034 310.8465 317.683 319.3595 318.8183 308.1821 283.0054 304.3411 299.0044 330.2513 315.3518 296.6013 299.1279 298.6613 273.3148 236.4531 257.167 287.6477 271.4642 286.7608 314.3983 328.3716 306.7482 279.8863 298.6398 279.4671 309.774 315.6454 331.7773 346.5844 338.2827 330.8 314.9143 305.1015 288.2349 292.0549 309.001 303.6518 275.9136 277.3008 299.9568 298.9253 279.6229
337.2239 330.6315 321.7326 316.7294 303.4898 277.7123 254.2165 262.4227 310.7043 334.9556 342.1895 330.1123 293.8936 274.252 260.4862 247.1426 279.4271 288.8297 314.9265 308.1234 279.0518 274.0731 287.4781 310.4144 322.575 298.7059 305.6807 283.3827 305.6999 319.0171 316.6923 298.3613 280.522 271.4681 249.6514 241.1139 233.3602 249.4449 259.3338 293.3738 310.0849 315.3539 322.0192 295.199 282.1459 265.9027 287.377 310.3296 314.7405 324.9677 318.7795 331.1566 330.9131 329.8127 327.4217 324.7791 306.5136 309.7263 293.0309 290.298 316.3577 320.4883 313.7988
332.9993 328.7696 326.0312 311.8347 300.7796 293.0222 288.1149 265.0374 260.0021 299.326 303.588 334.1483 335.9908 313.8248 301.432 265.0189 255.77 289.9745 311.7929 319.5096 288.4462 288.5024 317.1998 317.6975 309.1914 307.0472 295.2974 273.4301 303.1245 325.4718 319.2339 316.306 296.4864 279.5219 264.0329 237.371 236.0037 266.1719 285.2088 303.3752 311.5113 317.9121 307.467 284.2522 267.0791 281.2993 309.6745 307.0062 303.4619 288.9523 311.3531 319.5651 299.0759 302.9507 304.8188 298.1348 305.4074 317.9804 318.1075 311.9772 309.9925 315.5269 303.9907
318.752 325.3712 301.4886 281.1653 273.2492 275.3651 267.7615 264.3675 270.1974 251.122 282.7519 308.866 334.2245 303.1921 297.8565 305.3163 269.0759 247.8412 282.8448 290.6505 290.2937 263.799 293.8829 311.241 312.2086 283.1135 283.4077 282.1427 313.4118 318.0323 321.5138 309.8789 298.7291 273.2632 272.2472 250.1875 228.722 254.7661 284.6385 307.844 305.722 298.3531 300.6765 287.367 279.097 276.8505 290.4519 277.6813 308.0331 280.6664 309.9077 309.963 307.4798 282.8182 299.8281 278.083 294.6291 298.7469 289.9693 295.1373 307.6913 306.3665 332.3396
317.2811 342.5091 338.4715 330.4129 334.119 321.0711 327.9983 319.4861 292.2033 270.1227 291.0075 323.267 326.8294 325.2573 326.7095 320.4973 300.4115 294.5297 267.9648 258.2816 260.3524 259.4987 289.1908 320.5166 310.6275 307.5549 276.4512 279.5403 296.5228 303.2658 320.1446 300.5759 282.533 278.62 261.7477 234.299 233.6139 259.8021 278.8805 294.2226 308.183 297.0985 291.1576 303.8719 282.5758 264.0418 266.5258 285.3235 310.2701 292.3508 284.0937 304.2273 307.2923 308.6884 278.4582 284.0544 278.7937 301.8318 284.9651 277.076 290.4656 305.3272 313.4145
344.168 338.3135 318.0475 307.4273 333.9702 352.7634 339.9062 312.0839 319.5093 303.3719 249.512 276.0969 287.3794 303.2941 311.1235 319.7617 331.4262 324.3875 321.6537 305.6889 278.0363 242.3902 261.2041 290.5268 308.8458 278.8919 260.8183 284.6136 317.0749 326.1042 317.2408 320.7441 287.056 287.6928 269.42 248.8243 228.6037 235.1078 272.4067 293.6842 306.4544 288.1185 279.7984 306.4779 286.8441 267.8237 267.956 297.7846 302.6233 312.1956 298.5925 291.1665 288.9885 288.5964 295.663 277.5424 266.4779 273.3889 261.6777 276.3254 289.2506 291.3514 306.7796
319.6772 324.9377 303.6914 281.652 287.176 315.8774 309.5175 321.1347 310.1078 290.2378 267.7252 250.5599 254.333 281.8005 297.1545 292.5544 317.4494 311.1594 297.5544 318.5705 311.9948 276.1169 247.5683 285.419 293.1804 266.3508 283.6221 315.8348 317.7953 321.8352 312.7713 306.0331 320.3563 313.1127 284.6938 262.5451 243.253 230.4459 262.86 288.524 302.7087 280.6048 270.6421 294.2184 284.868 272.7942 261.037 273.7591 286.8908 303.2491 308.372 291.1868 268.8069 289.5287 279.7551 274.7129 269.0086 276.2251 297.2309 305.8822 309.9364 313.981 312.7607
305.8251 341.2329 332.0248 312.5393 276.285 285.3984 304.1377 287.052 308.3983 332.1713 323.3994 300.9713 272.5694 236.6077 269.8757 283.5693 316.9971 318.7169 287.8824 296.9288 303.0927 295.7992 250.5508 277.6411 278.0184 259.9373 303.2866 305.9388 325.81 324.6271 299.6886 288.0447 289.6046 303.3427 281.2073 279.0002 249.6311 228.689 263.9187 291.6872 318.6664 284.3765 262.8676 275.8199 265.2824 257.9701 262.201 284.1422 306.8429 300.4152 311.6311 320.2633 282.1215 275.2837 257.5455 269.0924 254.1736 287.727 308.4201 315.9864 311.7837 294.2994 305.1052
325.0681 332.2296 317.2823 291.6305 286.1847 260.5318 284.1468 293.4409 269.7302 289.6627 293.3343 296.2699 278.8153 274.7722 238.3164 270.2886 288.6412 292.1003 316.4927 287.4916 277.762 297.719 255.7544 240.2166 257.8073 273.673 276.737 295.337 306.2129 298.96 317.1406 296.3389 279.3066 293.7503 291.1954 260.8415 242.2477 228.3451 248.5252 272.9211 292.4881 288.2235 266.2023 247.5662 259.4231 272.761 292.7439 299.1136 308.9636 295.8638 294.9708 304.4832 306.7464 303.493 296.8272 255.9981 253.6853 288.231 293.4073 308.8917 295.0252 285.4583 287.5176
295.453 291.5116 284.9646 285.9601 269.7322 281.1917 262.3411 287.7165 274.7379 283.5815 285.0774 279.9042 296.9715 272.6959 250.0445 242.064 278.3527 299.317 320.807 301.063 265.8476 286.8098 253.0596 259.873 293.6237 303.817 307.604 308.825 310.5523 300.1297 281.8795 293.5622 277.8946 286.539 296.6632 275.0774 251.0172 228 238.2784 274.4231 298.9024 282.203 250.4679 267.9433 288.1815 285.283 298.064 282.2339 289.2541 284.0001 287.5815 322.0184 310.6936 285.3545 300.2192 265.4518 269.4091 283.9646 296.6971 300.9231 306.0428 281.8798 272.1559
276.8924 266.8175 269.91 284.4458 279.2166 265.6725 269.0511 246.3688 277.707 260.1615 293.2338 271.376 279.5242 283.0516 274.5255 244.1283 248.9499 269.3879 297.6865 310.6087 292.7513 261.4506 248.6201 233.4721 279.321 304.6369 304.7059 315.7391 308.4302 293.0725 290.2881 265.2346 271.8083 276.0633 305.3317 302.662 286.1492 251.6945 229.152 252.9168 282.1937 282.0734 248.0802 254.339 267.1105 282.8168 296.4534 289.1642 267.076 276.4265 292.087 313.0166 311.285 300.2231 279.4166 254.9038 271.8127 285.3477 296.3824 283.2209 293.968 278.1388 261.3405
240.1656 247.2714 252.5007 275.7859 286.7177 295.7264 305.6628 302.0661 281.9094 251.9136 239.1062 255.5054 269.3973 296.5255 278.7685 246.1803 258.6748 295.7239 297.7162 297.8128 291.3811 291.3973 263.8048 233.6244 270.8398 287.839 306.0732 312.1838 291.2703 292.9639 285.5958 266.6572 275.8158 293.314 304.101 286.0075 277.0503 279.9379 247.9415 228.2417 245.0633 266.4036 242.4901 263.7049 282.6586 281.789 266.308 266.8238 266.2795 290.9781 309.0316 314.0415 314.7977 308.484 263.3758 255.4309 288.157 298.0528 286.7263 278.2535 269.3506 266.4966 273.3496
267.9556 278.9792 281.6037 298.3462 319.6359 323.388 288.1423 280.9861 287.3155 293.7041 280.7793 243.5445 241.3518 270.6614 279.7569 241.1524 263.0086 282.0456 301.4197 293.0966 295.185 264.482 253.4104 243.643 264.8796 290.0098 312.809 316.5288 305.6971 262.6964 266.9801 269.7914 297.6537 295.2352 296.6526 288.1814 277.6812 263.9172 265.6117 251.2561 229.461 236.4421 253.6132 275.2813 273.9674 260.0457 259.9609 282.1559 301.2036 294.0908 298.731 305.8226 310.2594 275.8363 261.1655 260.1998 299.6848 291.6846 272.1651 261.8104 263.1379 293.7076 313.761
256.1417 260.755 281.8046 298.6373 300.5399 301.291 315.9653 285.9025 268.5044 260.6599 277.7436 294.9534 278.3062 242.5365 231.4742 230.4466 240.1456 277.1678 266.8346 265.8974 296.7216 293.0688 258.8026 237.2241 249.6007 273.0401 286.1397 304.4405 308.5844 281.4009 255.0471 282.4745 298.6777 308.8939 309.4643 302.3376 295.442 301.5822 284.3165 276.4287 238.4579 240.863 272.4327 257.9794 259.424 259.3854 284.7195 287.4683 299.8609 293.7188 290.0686 279.2281 296.5371 279.4652 266.1568 255.1706 276.4984 258.4737 250.9796 269.4695 284.8655 293.5811 293.1905
256.1765 275.8108 288.9008 288.0101 263.9246 278.0197 301.5093 324.7222 313.9008 279.9103 266.8738 262.0507 283.2748 287.3083 257.3738 236.7776 220.2513 261.6725 259.4523 280.2442 299.8522 289.1631 275.9958 248.2922 239.05 264.2185 286.0273 284.6924 270.1078 245.2409 291.8763 286.3385 281.1345 303.6773 294.5568 306.619 293.7196 268.9476 278.1369 270.0438 263.186 237.1819 236.6969 248.5692 276.1562 292.3509 297.517 300.9818 290.9625 290.0225 298.3491 285.7114 271.8163 278.0229 253.1376 249.5445 267.0634 284.5587 311.3402 303.1342 312.35 285.2216 285.9075
270.2309 274.7504 278.5919 283.4382 274.8577 261.0033 290.7824 295.1354 292.7459 312.933 299.1684 270.4639 247.0169 266.077 283.3144 261.9139 221.9706 232.1407 241.4484 261.6361 267.5986 300.0053 281.8802 265.4355 252.4211 236.8546 277.479 248.5037 259.1145 286.0981 274.5565 282.4919 298.2796 295.0937 281.5982 296.8802 294.8329 279.707 274.9914 272.2434 281.5083 245.8778 227.9311 247.5156 269.2005 283.7275 293.0308 289.7008 293.3636 286.0224 291.8528 288.1322 269.9696 254.7017 251.8006 284.5343 296.1136 297.4702 297.1398 310.8374 309.883 318.5915 312.5212
234.307 254.5185 276.4343 295.6319 291.4037 264.9485 291.6325 301.7464 271.334 283.25 275.8205 264.7192 256.5994 241.2905 254.275 273.5312 232.1392 219.8753 271.401 283.1659 270.2209 289.8528 290.7978 286.7684 257.4388 232.9253 256.7112 241.2551 262.6121 282.3105 294.058 302.6567 294.8035 278.4547 270.8911 276.6073 298.3297 300.4007 284.9639 293.3206 279.0797 285.5512 252.9401 233.2856 257.4345 272.3971 286.3076 286.9652 272.2185 283.6839 283.8099 256.4798 250.6769 247.1286 260.6705 281.7264 266.6945 283.5786 300.3011 323.4982 304.5227 293.9579 295.6451
