MapLib/Lvl1_5x5/BG/Ele_BG_BB.asc
ncols         557
nrows         557
xllcorner     556500
yllcorner     5565669.448
cellsize      1000
nodata_value  -9999.0
[rows 90 to 119 of 557, columns 345 to 413 of 557]
-22 -22 -22 -22 -22 -22 -21.6864 -21 -21 -21 -20.1454 -20 -19 -19 -18 -17.9691 -17 -17 -17 -16.4281 -16 -15.1575 -15 -15 -15 -14 -14 -14 -13.9685 -13.0673 -13 -13 -13 -12 -12 -12 -11.6287 -11 -10.358 -10 -9.0875 -9 -8 -8 -7 -6.9112 -6 -5.6407 -5 -4.3702 -4 -3.0996 -3 -3 -3 -2 -2.0083 -2.7433 -2.0711 -2 -2.0673 -2.0813 -2 -1 -1.2503 -2 -1 -1.007 -1.7324
-22 -22 -22 -22 -22 -22 -21.1756 -21 -21 -20.8368 -20.0372 -19.6355 -19 -19 -18 -17.9691 -17 -17 -17 -16.4281 -16 -15.1575 -15 -15 -15 -14 -14 -14 -13.7107 -13 -13 -13 -12.3821 -12 -12 -12 -11.1609 -11 -10.358 -10 -9.0875 -9 -8 -8 -7 -6.9112 -6 -5.6407 -5 -4.3702 -4 -3.0996 -3 -3 -2.4001 -2 -2.0196 -2.7856 -2.167 -2 -2.158 -2.7471 -2 6.2509 7.5414 5.5554 4.2648 -1.0165 -1.7766
-22.6884 -22 -22 -21.3675 -21 -21 -20.881 -20.0317 -20 -20 -19.6757 -19 -19 -19 -18 -17.9691 -17 -16.8856 -16.0393 -16 -16 -15.1575 -15 -15 -15 -14 -13.9929 -13.2147 -13 -13 -13 -12 -12 -12 -11.8992 -11 -11 -11 -10.358 -10 -9.0875 -9 -8 -8 -7 -6.9112 -6 -5.6407 -5 -4.3702 -4 -3.0996 -3 -2.5146 -2 -2 -2 -2 -2 -2 -2 -2 -2 3.8137 1.1523 -1 -1 -1 -1
-23 -22 -22 -21 -21 -21 -20.6864 -20 -20 -19.7692 -19 -19 -18.9982 -18.2361 -17.9942 -17.9549 -17 -16.6986 -16 -16 -15.9853 -15.1552 -15 -14.9983 -14.9853 -14 -13.9813 -13 -13 -13 -13 -12 -12 -12 -11.8992 -11 -11 -11 -10.358 -10 -9.0875 -9 -8 -8 -7 -6.9112 -6 -5.6407 -5 -4.3702 -4 -3.0996 -3 -2 -2 -2 -2 -2 -2 -2 -2 -2.011 -2 -2 -2 -2 -1.0147 -1.0782 -2
-23 -22 -22 -21 -21 -21 -20.6864 -20 -19.6204 -19 -19 -19 -18.3063 -18 -17.2116 -17 -17 -16.6986 -16 -15.6283 -15 -15 -15 -14.3105 -14 -14 -13.9813 -13 -13 -13 -13 -12 -12 -12 -11.8992 -11 -11 -11 -10.358 -10 -9.0875 -9 -8 -8 -7 -6.9112 -6 -5.6407 -5 -4.3702 -4 -3.0996 -3 -2 -2 -2 -2 -2 -2 -2 -2.4014 -2.9115 -2.0727 -2 -2.6499 -2.6499 -2 -2.0419 -2.6499
-23.142 -22.246 -22 -21 -21 -20.8066 -20 -20 -19.4159 -19 -19 -18.3646 -18 -18 -17 -17 -16.81 -16.4994 -16 -15.4281 -15 -15 -14.7148 -14 -14 -13.8906 -13.7014 -13 -13 -12.7364 -12.3147 -12 -12 -11.7148 -11 -11 -11 -11 -10.358 -10 -9.3477 -9.129 -8.8692 -8.0518 -7.6758 -6.9112 -6 -5.6407 -5 -4.3702 -4 -3.0996 -3 -2 -2 -2 -2 -2 -2 -2 -2 -2.534 -2 -2 -2.1134 -2.1473 -1.8776 -1.7332 -2
-23.4979 -22.8627 -22 -21 -20.9603 -20.0256 -20 -20 -19.4159 -19 -18.2134 -18 -18 -18 -17 -16.9715 -16.0266 -16 -16 -15.4281 -15 -14.2246 -14 -14 -14 -13.0491 -13 -13 -13 -12.0755 -12 -12 -12 -11 -11 -11 -11 -11 -10.358 -10 -10 -9.9564 -9 -8.9349 -8 -6.9929 -6.254 -5.6407 -5 -4.3702 -4 -3.0996 -3 -2 -2 -2 -2 -2 -2 -2 -2 -2 -2 -2 -2 -2 -1.0454 -1.0051 -1.0796
-23.7769 -22.939 -22.1264 -21.8188 -21 -20.6986 -20 -20 -19.4159 -19 -18.1454 -18 -17.9305 -17.4443 -17 -16.9691 -16 -16 -15.4795 -15.1902 -15 -14.1575 -14 -14 -14 -13 -13 -13 -13 -12.0755 -12 -12 -12 -11.5557 -11.5557 -11.5557 -11 -11 -10.7147 -10.4016 -10 -10 -9.5557 -9.101 -8 -7 -6.6783 -5.6407 -5 -4.3702 -4 -3.0996 -3 -2.9241 -2.1077 -2 -2 -2 -2 -2 -2 -2 -2 -1.7352 -2 -2 -1 -1.0358 -1.8666
-24 -23 -22.8525 -22 -21.7742 -21 -20.5553 -20 -19.4159 -19 -18.1454 -18 -17 -17 -17 -16.784 -16 -15.6986 -15 -15 -15 -14.1575 -14 -14 -14 -13 -13 -13 -12.9448 -12.0611 -12 -12 -12 -12 -12 -12 -11.6287 -11 -11 -11 -10.2617 -10 -10 -9.1817 -8.5464 -7.9112 -7 -6 -5.0054 -4.3702 -4 -3.0996 -3 -3 -2.8461 -2 -2 -2 -2 -2 -2 -2 -1.2814 -1 -2 -2 -1 -1.8214 -2.5661
-23.5852 -22.8865 -22.0395 -21.663 -21 -20.4395 -20 -20 -19.4159 -19 -18.1454 -18 -17 -17 -16.6731 -16 -15.4496 -15.1214 -15 -15 -14.1738 -14.0274 -14 -13.9067 -13.1738 -13 -13 -12.4597 -12.1235 -12 -12 -12 -12 -12 -12 -12 -11.9355 -11.8262 -11.8262 -11.5971 -11 -10.8262 -10.675 -9.8578 -8.9212 -7.9112 -7 -6 -5.0054 -4.3702 -4 -3.0996 -3 -2.8588 -2.0337 -2 -2 -2 -2 -2 -2 -2 -2 -1.8262 -1.1738 -1.1738 -1 -1.0112 -1.7519
-23.4979 -22.8627 -22 -21 -20.9569 -20 -20 -20 -19.224 -19 -18.1454 -18 -17 -17 -16 -15.9691 -15 -15 -15 -14.2305 -14 -14 -14 -13 -13 -13 -12.9914 -12.1863 -12 -12 -12 -12 -12 -12 -12 -12 -12 -12 -12 -11.872 -11.0471 -11 -10.5385 -10.0978 -9 -7.959 -7.1486 -5.8342 -5.0029 -4.1993 -3.5385 -3.0537 -2.7528 -2 -2 -2 -2 -2 -2 -2 -2 -2 -2 -2 -1.4615 -1.4615 -1 -1 -1
-23 -22 -22 -21 -20.9569 -20 -19.9697 -19.0462 -18.9435 -18 -18 -18 -17 -17 -16 -15.9691 -15 -14.9708 -14.0572 -13.9447 -13 -13 -13 -12.9891 -12.2274 -12 -12 -12 -12 -12 -12 -12 -12 -12 -12 -12 -11.9641 -11 -11 -11 -10.9117 -10 -9.9033 -9.1641 -8.4936 -7.8231 -6.2759 -5.5787 -4.0054 -3.3344 -2.9033 -2.09 -2 -2 -2 -2 1.8696 5.2939 3 -2 -1.9403 -1 -1 -1.5234 -3.0307 -3.1166 -1.626 -1 -1
-23 -22 -21.4345 -21 -20.9569 -20 -19.6864 -19 -18.4159 -18 -18 -17.6414 -17 -16.4434 -16 -15.2597 -15 -14.1872 -14 -13.4281 -13 -13 -13 -12.2378 -12 -12 -12 -12 -12 -12 -12 -12 -12 -12 -12 -12 -11.6287 -11 -11 -11 -10.0875 -10 -9 -8.401 -8 -6.935 -6.074 -5 -4.0054 -3 -2 -2 -2 -2 1 4.8865 4.1674 -2 -2 -2 -1.8344 -1 -1 -1.8723 -3.3174 -4.206 -1.7238 -1 -1
-22.4979 -21.8627 -21 -21 -20.9569 -20 -19.6864 -19 -18.4159 -18 -17.6862 -17 -16.5536 -16 -15.3824 -14.9886 -14.2112 -13.8893 -13.0401 -13 -13 -12.6906 -12 -12 -12 -11.6165 -11 -11 -11.2893 -12 -12 -12 -12 -12 -12 -12 -11.6287 -11 -11 -11 -10.0875 -10 -9 -8.1817 -7.5464 -6.9112 -6 -5 -4.0054 -3.1359 -3 -3 -2.6611 -2 -2 -2 -2 -2 -2 -2 -2 -2 -2.3262 -2.6984 -4 -3.206 3.1254 -1 -1
-22.4967 -21.8605 -21 -21 -20.9569 -20 -19.6864 -19 -19 -18.0019 -18 -17.0013 -16.8749 -16 -15 -14.9691 -14 -13 -13 -12.9975 -12.9975 -12.1572 -12 -12 -12 -11.6175 -11.0025 -11.0025 -11.291 -12 -12 -12 -12 -12 -12 -12 -11.6296 -11.0025 -11 -11 -10.0875 -9.4522 -8.9995 -8.1812 -7 -6 -5.9982 -4.6407 -4 -3.3702 -3 -3 -3 -2 -2 -2 -2 -2 -2 -2 -2 -1.9981 -2 -2.9988 -3.9979 7.885 3.232 -1 -1
-22 -21 -21 -21 -20.9569 -20 -19.6864 -19 -19 -18.9205 -18.0927 -17.5101 -16.8749 -16 -15 -14.9691 -13.5752 -13 -12.4026 -12 -12 -12 -12 -12 -12 -12 -12 -12 -12 -12 -12 -12 -12 -12 -12 -12 -12 -11.9976 -11.2283 -11 -10.0875 -9.4522 -8.817 -8 -7 -6 -5.2759 -4.6407 -4 -3.3702 -3 -3 -3 -2 -2 -2 -2 -2 -2 -2 -1.6061 -1.0916 3.4056 -2.5234 -3.1587 6.0012 1 -1 -1
-22 -21 -21 -21 -21 -20.5068 -20 -19.3102 -19.273 -19.2131 -19 -18.1393 -17.2388 -16.4472 -15.7124 -14.9691 -13.5157 -13 -12.0633 -12 -12 -12 -12.273 -12.273 -12.273 -12.273 -12.273 -12.273 -12.273 -12.273 -12 -12 -12 -12 -12 -11.7991 -11.727 -11.7222 -11 -10.7227 -10 -9.3288 -7.95 -7.1321 -6.3973 -5.6624 -4.8023 -4 -3.7285 -3 -3 -3 -2.3376 -2 -2 -2 -2 -2 -2 -1.7318 -1.278 -1 -1 -1.8699 -2.727 -2.727 -1.415 -1 -1
-22 -21 -21 -21 -21 -21 -20.6234 -20 -20 -19.9799 -19.132 -18.9551 -17.9885 -17.2176 -16.5489 -14.9972 -14.3032 -13 -12.0633 -12 -12 -12 -13 -13 -13 -13 -13 -13 -13 -13 -12.3998 -12 -12 -12 -11.9085 -11.0242 -11 -11 -11 -10.7227 -10 -8.5025 -7.817 -6.2568 -5.588 -4.9193 -4.0253 -3.6736 -3.0005 -3 -3 -2.1822 -2 -2 -2 -2 -2 -2 -1.6847 -1.0016 -1 -1 -1 -1.048 -1.0917 -1.0917 -1 -1 -1
-22.2706 -21.9373 -21.5435 -21.5435 -21.5435 -21.5435 -21 -20.5669 -20.5435 -20.4243 -20 -19.7764 -19.5435 -19.1964 -18.3629 -18.0561 -17.087 -16.087 -15.1503 -15.087 -15.087 -15.087 -15.087 -15.087 -15.087 -14.5435 -14.5248 -13.5435 -13 -13 -13 -12.4375 -12 -11.747 -10.9452 -10.1205 -9.2547 -8.9064 -7.913 -7.2429 -6.417 -5.913 -4.913 -4.5394 -3.7059 -3.4565 -3.4565 -3 -2.4594 -3 -2.8559 -2.0455 -1.7476 -2 -2 -1.7601 -2 -2 -1.6528 -1 -1 -1 -1 -1 -1 -1 -1 -1 -1
-23 -22 -22 -22 -22 -22 -21.5637 -21 -21 -21 -21 -21 -21 -21 -21 -20.1788 -20.1788 -19.3575 -18.4208 -18.3575 -18.3575 -18.2069 -18.1788 -18.1788 -17.4305 -16.6165 -15.1754 -14.346 -13.7625 -13.0135 -13 -13 -12.1697 -11.0955 -10.1607 -9.2639 -7.6287 -5.9934 -4.358 -3.544 -2.8212 -2.8212 -2.6709 -2 -2.0811 -3 -3 -2.6407 -2 -2.5173 -2.6035 -1.839 -1 -2 -2 -1 -1.0766 -2 -1.7149 -1.0031 -1 -1 -1 -1 -1 -1 -1 -1 -1
-23 -22 -22 -21.668 -21.186 -21.186 -21 -20.2276 -20.186 -20.3646 -21 -21 -21.814 -21.814 -21.814 -21.814 -21.814 -21.814 -21.6398 -21.628 -20.814 -20.6573 -19.814 -19.7221 -18.8608 -17.1184 -15.9813 -14.346 -14 -13.8281 -13.814 -13.6553 -12.8456 -11.9134 -10.9813 -10.078 -8.1405 -5.9934 -3.8354 -2.1344 -2 -2 -2.814 -2.814 -2.8984 -3 -3 -2.1191 -1.1904 -2 -2 -1.0996 -1 -1.186 -1.186 -1 -1.0766 -2 -2 -1.8173 -1.814 -1.814 -1.814 -1.814 -1.814 -1.1677 -1 -1 -1
-22.7744 -22 -21.6529 -21 -21 -21 -20.378 -19.5737 -19.5507 -19.5507 -20.0214 -20.3215 -21.2266 -22.1014 -22.1014 -22.1153 -22.9176 -23.1014 -22.5856 -22.1014 -21.538 -21.1014 -20.6237 -19.9885 -18.3532 -16.718 -15.0911 -13.8967 -13.5507 -13.5507 -13.5507 -14 -13.1697 -13 -12 -11.5946 -9.4242 -6.889 -4.4537 -2.8986 -2.8986 -3.2002 -4.0816 -4.8986 -4.8986 -4.3079 -3.8986 -2.7371 -1.9015 -1.6156 -1.4493 -1.4493 -1.4493 -1.4493 -1.4493 -1.251 -1.4915 -2.3198 -2.4493 -2.0079 -2 -2 -2 -2 -2 -2 -1.2564 -1 -1
-21.9155 -21.7897 -21 -20.5421 -20 -19.9427 -18.9735 -17.9666 -17.8661 -16.8969 -16.8309 -16.7464 -16.9455 -17.7464 -18.1931 -18.7155 -17.7464 -17.7464 -17.6672 -16.698 -15.6619 -15.6619 -15.6619 -14.7368 -13.9769 -13.3953 -12.8138 -11.8602 -11.8309 -11.8309 -12.4752 -13 -13 -12.4893 -12 -12 -11.0845 -10.1625 -7.9393 -6.2536 -6.1765 -6.7169 -7.4212 -8.2383 -9.2074 -8.2536 -7.5295 -6.8401 -5.259 -5.1691 -4.1691 -4.1691 -4.0845 -3.1691 -3.1009 -2.0845 -3.0065 -3.7964 -3.0845 -3.0845 -3.0845 -3.0632 -2.1869 -2 -2 -2 -2 -2 -2
-21 -21 -20.4439 -20 -19.969 -19.0901 -18.1923 -17.0511 -16.1165 -15.0608 -14.2802 -13.2802 -13.6505 -14.2802 -14.5604 -14.5517 -13.8007 -13.5604 -12.6237 -11.9885 -10.5604 -10.5604 -10.5604 -9.809 -9.5604 -9.5604 -9.5469 -8.6574 -8.5604 -8.5604 -9.4004 -10.981 -10.9628 -10.5604 -10.5604 -10.5604 -11.2802 -11.9934 -10.358 -9 -8.0875 -8.5478 -10.1318 -10.9491 -11.8469 -11.7198 -10.9957 -10.1809 -9.4411 -7.9862 -7.4396 -6.7915 -6.4396 -5.7198 -5.4939 -4.4396 -4.5162 -5.6391 -5.4396 -5.4396 -4.7198 -4.4669 -3.0805 -2 -2 -2 -2 -2 -2
-19.6449 -19.6449 -19.6449 -20 -19.6172 -18.7592 -17.6864 -16.6631 -15.4159 -14.5035 -13.6966 -13 -12.9556 -12.6449 -12.6449 -12.6449 -11.9788 -11.6449 -10.7083 -10.073 -8.9264 -8.6449 -8.4753 -7.532 -6.3793 -6.2899 -5.9228 -5.0577 -4.7483 -3.9617 -4.4946 -5.9348 -5.6401 -4.7696 -4.9348 -5.6709 -7.6612 -9.2857 -8.6449 -7.3677 -6.321 -7.0322 -8.828 -10.4633 -11.2925 -11.6765 -11.533 -11.3551 -11.3551 -10.3551 -9.7101 -9.7101 -9.7101 -8.6494 -7.8351 -7.7101 -7.7867 -8.7101 -8.8334 -9.0652 -7.8731 -6.0123 -3.539 -2 -2 -2 -2 -2 -2
-18.0097 -18.0097 -18.0097 -18.0194 -17.967 -17.0128 -16.0163 -15.0608 -14.4256 -13.0097 -13.0014 -12.5149 -12.0085 -12 -12 -11.9694 -11.0032 -10.7015 -10.0006 -9.0041 -7.8025 -7.0097 -6.532 -5.8967 -4.2615 -4.0097 -3.0097 -2.3557 -2.0097 -1.0852 -1.5695 -2.2125 -2.1794 -1.0149 -2.1095 -3.7361 -5.381 -7.0097 -6.3739 -5.7324 -4.0972 -4.5628 -7.1927 -8.0176 -9.0194 -10.0106 -10.0194 -10.0194 -10.0194 -9.386 -9.0194 -9.911 -9.4793 -9.008 -9 -9.4371 -9.991 -10.705 -11.3375 -11.9903 -9.755 -7.7349 -5.2129 -3.9806 -2.9903 -2.9903 -2.9903 -2.9903 -2.2974
-13.7489 -14.7489 -14.7489 -14.1233 -13.7489 -13.7489 -13.6314 -13.3744 -12.3744 -11.3744 -11.3744 -11.3744 -12 -12 -11.3744 -11 -10.5833 -10 -9.414 -8.4281 -6.8704 -6.059 -5.3744 -4.3321 -3.5319 -2.7601 -2.3674 -2 -2 -1.0755 -1.5598 -2 -2 -1.4655 -3.7894 -5.9872 -6 -5.3679 -3.7324 -2.645 -2.3744 -2.5795 -3.7489 -4.0553 -4.1233 -5.1233 -5.1233 -5.1233 -4.5011 -4.1233 -3.4977 -3.4977 -4.1233 -4.2302 -5.555 -7.8158 -9.0287 -9.8198 -11.3472 -12.6146 -11.0079 -9.9982 -8.3629 -7.5492 -7.0924 -6.2511 -5.4649 -4.5852 -3.738
-11.8701 -12.1015 -12.1681 -11.8936 -11.7392 -11.7392 -11.7392 -11.7392 -11.3074 -11 -11 -11.1278 -12 -12 -11.7075 -11 -10.5076 -9.6986 -9 -7.4281 -5.946 -4.8967 -4.2615 -3.6557 -2.8048 -2 -2 -2 -1.5254 -1 -1 -1.7392 -1.1255 -1.4655 -3.9145 -6.2144 -5.107 -3.7326 -2.0972 -1 -1 -1 -1.7392 -1.7392 -1.7392 -1.7623 -2.5352 -2 -1.7406 -1.2736 -1 -1 -1.5356 -2.1263 -3.5453 -5.9197 -6.535 -7.4032 -8.735 -10.2 -10.4784 -9.8051 -10 -10.2608 -9.2608 -8.4669 -7.4097 -6.1964 -5.0783
-11.0522 -11.1039 -11.1039 -11.0615 -11 -11 -11 -11 -11 -11 -11.7658 -11.947 -12 -12 -12 -11.8684 -11 -9.6986 -8.1607 -6.532 -5.7928 -4.1575 -2.6262 -2.1039 -2.0262 -2 -2 -1.414 -1 -1 -1 -1 -1 -1.0484 -2.2047 -3.1804 -2.7326 -2.0974 -1.0372 -1 -1 -1 -1 -1 -1 -1.0092 -1.1039 -1.1039 -1.0006 -1 -1 -1 -1.0557 -2 -2.0838 -3.1498 -3.2078 -3.2818 -4.6228 -5.3099 -6.8652 -8.3568 -9.8998 -11.8961 -11.65 -10.8136 -9.4669 -7.8316 -6.1964
-10.4687 -10.4687 -10.4687 -10.4687 -10.4687 -10.4687 -10.4687 -10.4687 -10.4687 -10.4687 -10.9228 -11.4687 -11.41 -10.596 -10.4687 -10.4687 -10.4687 -9.1672 -7.532 -6.2006 -4.7928 -3.1575 -2.5223 -2 -2 -2 -1.4599 -1 -1 -1 -1 -1 -1 -1 -2 -2.345 -1.6287 -1 -1 -1 -1 -1 -1 -1 6.2573 -1 -1 -1 -1 -1 -1 -1 -1 -1.4687 -1.4687 -1.4687 -2 -2 -2.6531 -3.4604 -5.0863 -6.7216 -7.8849 -9.6841 -9.9373 -9.1434 -8.0395 -6.9071 -5.7689
