MapLib/Lvl1_5x5/BG/Ele_BG_AA.asc
ncols         557
nrows         557
xllcorner     -500
yllcorner     6122669.448
cellsize      1000
nodata_value  -9999.0
[rows 504 to 531 of 557, columns 455 to 519 of 557]
-30 -30 -30 -30 -30 -30 -30 -30 -30 -30 -30 -30 -30 -30 -30 -30 -30 -30.0912 -30.9829 -31 -31 -31 -31 -31 -31 -31 -31 -31 -31 -31.2577 -32 -32 -32 -32 -32 -32 -32 -32 -32.1822 -33 -33 -33 -33 -33 -33 -33 -33 -33 -33 -33 -33 -33 -33 -33 -32.3801 -32 -32 -32 -32.387 -33 -33.1757 -34 -34.2479 -35 -35
-30 -30 -30 -30 -30 -30 -30 -30 -30 -30 -30 -30 -30 -30 -30 -30 -30 -30.3415 -31 -31 -31 -31 -31 -31 -31 -31 -31 -31 -31.2972 -31.9965 -32 -32 -32 -32 -32 -32 -32 -32.9024 -32.969 -33 -33 -33 -33 -33 -33 -33 -33 -33 -33 -33 -33 -33 -33 -33 -33 -32.4682 -32 -32 -32.9402 -33.0201 -33.9666 -34.2642 -34.993 -35 -35
-30 -30 -30 -30 -30 -30 -30 -30 -30 -30 -30 -30 -30 -30 -30.7391 -31 -31 -31 -31 -31 -31 -31 -31 -31 -31 -31.5377 -32 -32 -32 -32 -32 -32 -32 -32.7714 -33 -33 -33.2212 -33.5126 -33 -33 -33.5121 -34 -34 -34 -34 -34 -34 -34 -34 -34 -34 -34 -34 -34 -33.6089 -33.5377 -33.5377 -33.5377 -33.7166 -34.5377 -34.5377 -35 -35.499 -36 -36
-30 -30 -30 -30 -30 -30 -30 -30 -30 -30 -30 -30.1729 -30.1729 -30.1729 -31 -31 -31 -31 -31 -31 -31 -31 -31 -31 -31.1363 -32 -32 -32 -32 -32 -32.1729 -32.1729 -32.8928 -33 -33 -33.1342 -34 -34 -33.4361 -33.4352 -34 -34 -34.0385 -34.1729 -34.1729 -34.1729 -34.1729 -34.1729 -34.1729 -34.1729 -34.1729 -34.1729 -34.1729 -34.1729 -34.1729 -34.1729 -34.1729 -34.1729 -35 -35.1729 -35.1729 -35.4151 -36 -36.1729 -36.1729
-30 -30 -30 -30 -30 -30 -30 -30 -30 -30 -30.7231 -31 -31 -31 -31 -31 -31 -31 -31 -31 -31 -31 -31 -31.8082 -31.9594 -32 -32 -32 -32 -32.7796 -33 -33 -33 -33 -33.1138 -33.9571 -34 -34 -34 -34 -34 -34 -34.851 -35 -35 -35 -35 -35 -35 -35 -35 -35 -35 -35 -35 -35.8082 -35.8082 -35.8082 -35.8082 -36 -36 -36.8082 -36.8082 -37 -37.1605
-30 -30 -30 -30.1986 -30.4435 -30.4435 -30.4435 -30.4435 -30.4435 -30.4435 -30.9414 -31 -31 -31 -31 -31 -31 -31 -31 -31 -31 -31 -31.2296 -32 -32 -32 -32 -32 -32.6267 -33 -33 -33 -33.386 -33.7248 -34 -34 -34.4435 -34.4435 -34.4435 -34.4435 -34.4435 -35 -35.0988 -35.4435 -35.4435 -35.4435 -35.4435 -35.4435 -35.4435 -35.4435 -35.4435 -35.4435 -35.4435 -35.4435 -35.9143 -36.2134 -36.4435 -36.4435 -36.4435 -36.4558 -37 -37.4435 -37.4435 -37.757 -38.088
-30 -30 -30 -31 -31 -31 -31 -31 -31 -31 -31 -31 -31 -31 -31 -31 -31 -31 -31 -31 -31 -31.8825 -32 -32 -32 -32 -32.0046 -32.7181 -33 -33 -33 -33.0185 -33.8805 -34.5445 -34.0676 -34.0611 -35.0324 -35.9571 -35.025 -35.025 -35.9561 -36 -36 -36.0676 -37 -36.0686 -36 -36.4465 -36.9683 -36.0787 -36.024 -36.9449 -37 -37 -37 -37 -37 -37 -37.0787 -38 -38 -38.023 -38.0787 -39 -39
-30.714 -30.714 -30.714 -31 -31 -31 -31 -31 -31 -31 -31 -31 -31 -31 -31 -31 -31 -31 -31 -31.714 -31.714 -31.9664 -32 -32 -32 -32 -32.0588 -33 -33 -33 -33 -33.2351 -34 -35 -34.9597 -34.936 -35.4114 -36 -35.805 -35.8047 -36 -36 -36.1591 -36.9594 -37 -36.9632 -36.714 -37 -37 -37 -36.8012 -37 -37.714 -37.714 -37.714 -37.714 -37.714 -37.714 -38 -38.714 -38.714 -38.7977 -39 -39.714 -39.714
-31 -31 -31 -31 -31 -31 -31 -31 -31 -31 -31 -31 -31 -31 -31 -31 -31 -31.3415 -32 -32 -32 -32 -32 -32 -32 -32 -32.0588 -33 -33 -33 -33.2095 -34 -34.3039 -35 -35 -35 -35.6169 -36 -36 -36 -36 -36.3492 -37 -37 -37 -37 -37 -37.609 -38 -38 -38 -38 -38 -38 -38 -38 -38.3492 -38.8384 -39 -39 -39 -39.1022 -39.9532 -40 -40
-31 -31 -31 -31 -31 -30.2927 -30.0155 -30.0155 -30.0155 -30.2709 -31 -31 -31 -31 -31 -31.9845 -31.9845 -31.9898 -32 -32 -32 -32.8688 -32.9845 -32.9845 -32.9845 -32.9845 -32.9854 -33 -33.9845 -33.9845 -33.9938 -34.2314 -34.998 -35.4977 -35.9845 -35.9845 -36.405 -36.9845 -36.9845 -36.9845 -36.9845 -37.9845 -37.9845 -37.9845 -37.9845 -37.9845 -37.9845 -38 -38.9845 -38.9845 -38.9845 -38.9845 -38.9845 -38.9845 -38.9845 -38.9845 -39 -39.7401 -39.9845 -39.9845 -39.9845 -39.989 -40 -40.9845 -40.9845
-32 -31 -31 -32 -31 -30.2816 -30 -30 -30 -30 -30.8947 -31 -31 -31 -32 -32 -32 -32.2116 -32.9912 -32.388 -32.1532 -32.9553 -33.8031 -33 -33 -33 -33.0364 -33.8837 -34 -34 -34.6197 -35 -35.5394 -36 -36 -36 -37.2549 -37.9823 -37.1972 -37.3171 -38.5902 -38.6197 -38 -38 -38 -38.6197 -38.9102 -39 -39 -39 -39.189 -39.6197 -39.7812 -39.4892 -39.5243 -39.8027 -40 -40 -40.2398 -41 -41 -41 -41 -41 -41
-31 -31 -31 -31 -30.9169 -30 -30 -30 -30 -30 -30 -30.745 -31 -31 -31 -31.7631 -32 -32 -32 -32.4451 -32.4392 -33 -33.3857 -33.255 -33.255 -33.255 -34 -34.177 -35 -35.246 -35.255 -35.4301 -36 -36.255 -36.255 -36.8332 -37.4114 -38 -38 -38 -38.9524 -39 -39 -39 -39.1258 -39.255 -39.255 -39.255 -39.255 -39.255 -40 -40 -40 -40.0537 -40.255 -40.255 -40.255 -40.815 -41 -41 -41.1677 -41.255 -41.255 -41.255 -41.255
-31 -31 -31 -31 -30.9169 -30 -30 -30 -30 -30 -30 -30 -31 -31 -31 -31.071 -32 -32 -32 -32.9574 -33 -33 -33 -34 -34 -34 -34.0523 -34.9664 -35.2932 -35.9961 -36 -36 -36.7748 -37 -37 -37 -37.9354 -38 -38 -38.2823 -38.9948 -39 -39 -39.764 -39.9444 -40 -40 -40 -40 -40 -40 -40 -40.5123 -40.9134 -41 -41 -41 -41 -41 -41.0198 -41.9624 -42 -42 -42 -42
-31.2406 -31 -31 -31 -30.9169 -30 -30 -30 -29.672 -29.6108 -30 -30.777 -31 -31 -31.5255 -32 -32 -32.3415 -33.5133 -33.5255 -33.5255 -33.5255 -33.7712 -34.0804 -34.5255 -34.5255 -35 -35.3647 -36 -36.5069 -36.5255 -36.6371 -37 -37.7654 -38.074 -38.5255 -38.7207 -39.5255 -39.5255 -39.5255 -39.9774 -40.5255 -40.5255 -40.5255 -40.5255 -40.5255 -40.5255 -40.5255 -41 -41 -41.5255 -41.5255 -41.5255 -41.5255 -41.5255 -41.5255 -41.5255 -41.5255 -41.5255 -42 -42.3455 -42.5255 -42.5255 -42.5255 -42.5255
-32 -31 -31 -31 -30.9302 -30.0453 -30 -30 -29.4762 -29.2594 -30 -31 -31 -31 -32 -32 -32 -33 -33.9767 -34 -34 -34 -34.0832 -35 -35 -35 -35.2101 -36 -36.4371 -37 -37 -37.0378 -37.8912 -38.0813 -39 -39.1248 -40 -40 -40 -40.4269 -41 -41 -41.0358 -41.1608 -41.1608 -41.1608 -41.1608 -41.1608 -41.1897 -42 -42 -42 -42 -42 -42 -42 -42 -42 -42 -42.0036 -42.7126 -43 -43 -43 -43
-32 -31 -31 -31 -31 -30.8535 -30.5145 -30 -30 -29.8489 -30.7122 -31 -31 -31 -32 -32.0565 -32.796 -33.2718 -33.9953 -34 -34 -34 -34.9016 -35.1218 -35.796 -35.796 -36 -36.5525 -37 -37.7678 -37.796 -37.844 -38 -38.8992 -39.1121 -39.9543 -40 -40 -40.5428 -41 -41.7581 -41.796 -41.8415 -42 -42.3928 -42.796 -42.796 -42.796 -42.796 -42.796 -42.796 -42.796 -42.796 -42.796 -42.796 -42.796 -42.796 -42.796 -42.796 -42.8006 -43 -43 -43.7387 -43.796 -43.796
-32.1975 -31.3548 -31.3505 -31.4313 -31.3954 -31 -30.7989 -30.4313 -30.4313 -30.5788 -31.3859 -31.4313 -31.4313 -31.8865 -32.4313 -33.0306 -33.4313 -34 -34 -34.4313 -34.4313 -34.9332 -35.2233 -36 -36 -36 -36.4647 -37 -37.6186 -38 -38 -38.1014 -38.9263 -39.2181 -40 -40.3347 -40.4313 -40.4578 -41.2941 -41.6116 -42.4107 -42.4313 -42.4313 -42.9193 -43 -43 -43 -43 -43 -43 -43 -43 -43 -43 -43 -43 -43 -43 -43 -43 -43 -43.1263 -43.9591 -44 -44
-33.0305 -32.0547 -32.0541 -32.4846 -31.9224 -31.0187 -31.0665 -31.9896 -32 -32.0173 -32.0665 -33 -33 -33.0533 -33.4733 -34.0665 -34.7258 -35 -35 -35.0407 -36 -36 -36 -36.2094 -37 -37 -37.0039 -37.7144 -38 -38 -38.0399 -39 -39.0579 -40 -40.198 -41 -41.0665 -42.0031 -42.0665 -43.0211 -43.0665 -44 -44 -44 -44 -44 -44 -44 -44 -44 -44 -44 -44 -44 -44 -44 -44 -44 -44 -44 -44 -44 -44 -44 -44
-33.8383 -32.9471 -32.9441 -33 -32.6435 -31.7858 -32.2482 -32.7018 -32.7018 -32.9612 -33.7018 -33.7018 -33.7018 -34.5022 -34.7018 -35 -35 -35 -35 -35.8843 -36 -36 -36.3634 -37 -37 -37 -37.7193 -38 -38 -38 -38.8807 -39.165 -39.9613 -40.3548 -41 -41.5447 -42 -42.7157 -43 -43.7964 -44 -44.7018 -44.7018 -44.7018 -44.7018 -44.7018 -44.1657 -44 -44 -44 -44 -44 -44 -44 -44 -44 -44 -44 -44 -44 -44 -44 -44 -44 -44
-34 -34 -33.4613 -33 -33 -33 -33.1192 -33.9926 -34.2104 -34.509 -35.3016 -35.3371 -35.3371 -35.3371 -35.6259 -36 -36 -36 -36 -36 -36 -36.2975 -37 -37 -37 -37.6178 -38 -38 -38.111 -38.9765 -39 -40 -40.2933 -41 -41.4304 -42 -42.6098 -43 -43.6819 -44 -44.9524 -45 -45.4848 -46 -45.6729 -45 -45 -45 -45 -45 -44.7978 -44.0202 -44 -44 -44 -44 -44 -44 -44 -44 -44 -44 -44 -44 -45
-34 -34 -34 -33 -33 -33 -33.9821 -34 -34.9896 -35 -35.8947 -36 -36 -36 -36 -36 -36 -36 -36 -36 -36.2404 -36.9967 -37 -37 -37.7664 -38 -38 -38 -38.3293 -39 -39 -40 -40.8703 -41 -42 -42 -43 -43 -43.0189 -44 -44.0264 -45 -45.2444 -46 -45.5203 -45 -45 -45 -45 -45 -45 -44.974 -44 -44 -44 -44 -44 -44 -44 -44 -44 -44 -44 -44.5477 -45
-34 -33 -33 -34 -34 -34 -34.2149 -34.9956 -35 -35 -35.8947 -36 -36 -36 -36 -36.0431 -36.8847 -37 -37 -37 -37 -37 -37 -37.6676 -38 -38 -38.0357 -38.8799 -38.8708 -38.0215 -39 -40 -40.8703 -41 -41.478 -42 -42.6424 -43 -43 -43.1245 -43.9711 -44.2306 -45 -45 -45 -45 -45 -45 -45 -45 -45 -45 -45 -45 -45 -45 -45 -45 -45 -45 -45 -45 -45 -45 -45
-33.7572 -33.2428 -33.8581 -34 -34.0202 -34.2428 -35 -35 -35.1516 -35.4393 -36 -36 -36 -36 -36.1058 -37 -37 -37 -37 -37 -37 -37 -37 -38 -38 -38 -38.0588 -39 -39 -38.2697 -39 -40 -40.8703 -41 -41 -41.5876 -42 -42.7685 -43 -43 -43 -43.8999 -44.1688 -44.7572 -44.7572 -44.7572 -44.7572 -44.7572 -44.7655 -45 -45 -45 -45 -45 -45 -45 -45 -45 -45 -45 -45 -45 -45 -45 -45
-33 -34 -34 -34 -34.0831 -35 -35 -35 -35.6242 -36 -36 -36 -36 -36 -36.9312 -37 -37 -37 -37 -37 -37 -37 -37 -38 -38 -38 -38.0588 -39 -39 -39 -39.5267 -40 -40.1061 -41 -41 -41 -42 -42.0057 -42.7207 -43 -43 -43.0716 -44 -44 -44 -44 -44 -44 -44.0042 -44.71 -45 -45 -45 -45 -45 -45 -45 -45 -45 -45 -45 -45 -45 -45 -45
-34 -34 -34 -34.5133 -35 -35 -35 -35 -35.6242 -36 -36 -36.5133 -36.5133 -36.9029 -37 -37 -37 -37 -37 -37 -37 -37 -37 -38 -38 -38 -38 -38.3378 -38.6557 -39 -39.5998 -40 -40 -40.4867 -41 -41 -42 -42.5133 -42.4951 -42.6495 -43 -43 -43.1085 -43.9272 -44 -44 -44 -44 -44 -44 -44.4867 -44.4867 -44.4867 -44.4867 -44.9209 -45 -45 -45 -45 -45 -45 -45 -45 -45 -45
-35 -34.1222 -34.1208 -35 -35 -35 -35 -35 -35.68 -36 -36.8947 -37 -37 -37 -37 -37 -37 -37 -37 -37 -37 -37 -37 -37.8741 -38 -38 -38 -38 -38.2804 -38.9947 -39 -39.8863 -40 -40 -41 -41 -42.3502 -42.8117 -42 -42 -42.8109 -43 -43 -43 -43.9247 -44 -44 -44 -44 -44 -44 -44 -44 -44 -44 -44.9229 -45 -45 -45 -45 -45 -45 -45 -45 -45
-35 -34.9617 -34.9595 -35.3511 -35.7839 -35.7839 -35.7839 -35.7839 -36 -36 -36.8947 -37 -37 -37 -37 -37 -37 -37 -37 -37 -37 -37 -37 -37.0331 -37.2161 -37.2161 -37.2622 -38 -38 -38.2085 -38.6863 -39.0508 -39.8984 -40 -41 -41 -41.2161 -42 -42 -42 -42 -42.6768 -43 -43 -43.1066 -44 -44 -44 -44 -44 -44 -44 -44 -44 -44 -44.104 -45 -45 -45 -45 -45 -45 -45 -45 -45
-35.4191 -35.3448 -35.3406 -36.1877 -36.4191 -36.118 -36.4191 -36.4191 -36.4191 -36.1087 -36.9388 -37.4191 -37.3499 -37.3355 -37.4191 -37.4191 -37.1231 -37.4191 -37.4191 -37.1626 -37 -37 -37 -37 -37 -37 -37.0341 -37.8718 -38 -38 -38.7675 -39 -39.8703 -40 -41 -41 -41 -41.0466 -42 -42 -42 -42.5876 -43 -43 -43 -43.0747 -43.9011 -44 -44 -44 -44 -44 -44 -44 -44 -44 -44.1165 -45 -45 -45 -45 -45 -45 -45 -45
