MapLib/Lvl1_5x5/BG/Ele_BG_BA.asc
ncols         557
nrows         557
xllcorner     -500
yllcorner     5565669.448
cellsize      1000
nodata_value  -9999.0
[rows 363 to 395 of 557, columns 450 to 524 of 557]
7.0152 8.714 8.6644 10.765 9.6798 10.6249 9.0177 9.084 10.0418 9.9903 12.8819 11.4718 9 9.4686 11.0535 11.1972 10.0069 9.2795 10.3153 9.4444 10.0002 9.8953 9.7293 10.4507 -1.2851 -1.4658 -1.4658 -1.6905 8.6011 9.01 9.3541 8.5593 6.5901 8.0184 10.3953 2.4289 -1.7649 11.4182 10.1857 9.4799 10.4861 10.661 9.6803 9.6999 8.0895 9.3905 9.9446 9.0536 10.6006 10.7657 10.868 10.6209 10.0726 10.7692 12.1684 11.7753 9.9264 8.6958 9.7182 10.6166 8.5149 13.1378 8.4377 7.4699 12.1588 12.6857 13.0528 5.1809 9.0609 10.8472 8.6071 8.5156 8.1738 -1 -1.1746
5.2318 8.2787 11.0561 8.7358 8.609 9.0975 9.0046 9.4453 9.0276 9.4102 9.2891 9.4061 10.8106 11.3269 10.7362 11 10.4003 9.9874 11.3622 9.561 10.2348 11.8486 9.8422 9.3544 9 1 -1 -1 -1 -1 -1.0718 4.6908 3.861 -5.2689 -11.5299 -8.0752 -1.8945 -1.8703 -2 -1.8592 10.6961 11.9041 9.8692 10.6282 9.5793 9.2656 9 9.2695 10.2658 11.0393 11.2154 12.7162 10.8206 9.3972 9.0847 11.7995 10.8362 10.1092 8.8911 10.9183 9.5915 10.4892 8.5895 8.1486 9.6362 -1 -1.0992 -3.3522 -3.7206 -1.4074 -1.1413 -1.1694 11 2 -1
-4.242 6.8769 8.8343 7.7706 8.8562 6.7669 6.6473 8.6415 8.4093 8.8523 7.8141 8.4016 9.7094 9.5386 8.3021 8.447 8 9.2249 10.6415 11.306 11.8502 11.8318 9.7869 9.583 9.5015 8.3901 9.8775 9.2095 -1 -1 -1.8874 -1.9412 -1 -7.1765 -17.9845 -12.3325 -3.1454 -1.8703 -2.8047 -1.8592 -1 -2.331 6.1295 10.723 10.7276 8.8745 7.9997 9.0637 12.2706 11.1066 12.4538 9.6791 11.7667 9.8229 11.5183 8.3952 8.6881 8.4464 8.867 9.205 8.8333 9.5838 8.4896 9 -1.9957 -1.2756 -2.2923 -8.9449 -10.9903 -5.8184 -3.5769 -4.4141 -3.4211 3.709 -2.1063
-2.7649 -4.1184 -2.2037 10.8277 6.8557 5.3554 6.9795 7.9941 7.0011 7.8853 7 9.3004 10.9924 8.0025 7.0082 10.4348 11.3835 9.8974 8.7664 9.4487 11.8529 10.9752 12.3834 8.0106 10.3892 9.0041 9.0028 9.583 10.0817 9.4418 11 -1.553 -1.4399 -6.0617 -13.0942 -8.945 -2.1933 -1.4874 -1.7776 -1 -1 -1.5601 -1.9795 -1.1782 -1.8772 -3.0934 -2.791 -1.4352 -1.4806 -2 5.0316 12.9964 11.8529 10.999 10.5737 9.0772 10.3296 10.2919 9.1149 -1.5601 -2 -1.5601 -1.139 -1 -1 -1 10.9921 8.7178 9.5214 10.9946 8.9126 9.82 9.0034 8.5513 9
-1 -1 -1 -1 -1 -1 -1 -1 -1.0337 -1 -1 -1 7.1914 8.7343 7.9804 7.9546 7.4848 7.988 7.4375 9.2222 10 10.4766 11.5096 9.3966 9.1435 11.7741 9.1254 7.4742 8.6598 9.7084 11.8068 10.9615 6.7659 6.266 6.4598 4.4952 3.6384 4.668 4.5752 8.5004 3.9408 -1 11 3 -1.0752 -1.0752 -1.0752 -1.0752 -1.0752 -1.0752 -1.0655 -1 -1.0752 -1.0752 -1.0248 -1 -1 -1 -1 -1 -1 -1 -1 1.7462 8.8151 7.8627 9.2533 8.51 10.1743 8.815 9.9404 10.1295 10.4366 9.0411 9.7107
-1.7105 -1.7097 -1 -1 -1 -1.3253 -1 -1.5773 -1.8401 -1.6514 -1 -1 -1.7026 -1 7.2558 7.5015 8.8985 8.4953 7.4593 8.3724 9.3544 9.1229 9.4504 11.6302 9.7351 8.7908 8 6.2921 7.6756 15.4447 12.1724 13.9424 10.9115 8.0945 7.5435 6.6612 -1.9319 -1.7105 -1.3513 -1 4.6487 10.2266 8.9624 8.4146 8.4595 8.6485 5.901 -2 -2 -2 -1.9627 -1.7105 -2.2836 -2.686 -1.8061 -1.7105 -1.0425 -1 3.9058 7.5988 8.3651 5.4826 7.6487 7.5338 7.9928 9.3557 9.084 8.055 8.7464 10.4177 9.5577 8.8712 9.0805 9.24 9.0777
6.5456 2.0075 -1.2379 -1.0939 -1.9391 -2 -1 -1.8126 -2.293 -1.9713 -1.1843 -1.2314 -1.9962 -1.2459 -1.4292 -4.4436 -5.4319 7.1766 7.4115 9.6686 8.9618 9.4799 9.9189 10 9.0925 9.9098 9.3416 7.9345 8 8.4625 7.9349 11.8573 9.6743 8.6589 8.0581 7 -2 -2 -2 -1 10.0482 9.2417 10.872 10.9075 9.0861 10.5548 12.9638 9.8814 9.5794 9.6457 11.6407 7.4521 8.877 7.2094 8.1298 8.0333 8.2991 8.4797 9.9132 3.4587 7.7252 9.5822 7.6201 8.1503 10.6514 12.1176 8.9075 8.266 9.3918 8.8502 10.7374 10.7473 9.1898 9.5365 9.9223
7.1974 8.0166 10.5303 6.8963 4.3092 -2.4492 -1 3.6347 4.3634 3.6867 -1 -1 -1.0188 2 -1.2594 -2.034 -2.5081 -1.8348 -1.8004 -2.4547 8.4552 9.697 9.4775 9.8249 9.6234 11.5201 8.8694 9.8409 8.1908 8.6639 7.3672 7.827 8.4854 7.0135 6.875 7.0112 -1.019 -1.019 -1.019 9 9.3645 13.4236 8.6752 10.0854 11.2384 14.0002 18.6907 12.2243 15.2346 10.2343 11.3952 9 8.0036 7.8743 8.0012 7.4585 6.8143 7.2133 8.072 9.2333 7.3173 10.223 8.9038 9.2617 11.389 8.3075 8.9034 8.3495 8.8156 10.0814 9.7529 9.4644 9.017 10 9.9646
7.2643 7.4143 8.1633 8.2002 8.6783 5.8232 1.9769 -1.5008 -2.5085 -2.1812 -1.1735 -1.8342 -2.2325 -1.8478 1.9562 -1 -1.2897 -1 -1 -1 -1 7.667 9.7955 8.8788 9.5018 9.9955 9.3993 8.9468 7.3033 7.818 8.4427 7.1844 6.3769 1 -1 -1 -1 -1 6.6613 10.4974 8.9257 10.7604 15.0794 12.2311 9.6145 10.2573 11.3964 11.6768 11.7831 10.967 8.8499 9.092 9.6641 10.5313 7.5617 7.2487 9 8.3204 8.7164 8.3504 8.0497 9.0885 9.2393 11.9598 8.5583 8.306 10.9766 8.1168 9.0818 8.0744 9.8336 11.3849 9.0691 10.2728 9.9364
9.4895 10.1503 8.6139 8.9404 9.2521 7.7804 4.0164 -3.6894 -7.6502 -5.5464 -1.634 -3.9588 -6.7378 -3.7218 1 -1.9212 -2.1182 -1.2099 -1 -1.5776 -1.2336 -1 -1.0859 -1.9826 -1.0976 6.7634 7.0448 2.9038 -1 -1 -1 -1 -1 -1 -1 -1.1508 16 6.8862 8.8192 8.0844 9.9838 8.9493 13.4693 12.4117 13.224 13.4897 11.7545 13.6148 10.7235 12.9022 8.2889 8.1801 9.5007 12.5986 9.9368 6.0734 9.5833 8.3615 8.7908 10.0646 9.7328 6.6251 8.3874 9.6802 8.8196 9.7391 8.538 8.116 8.1808 8.1808 8.1808 9.9957 10.009 9.4353 8.9363
10.5435 11.2166 9.2985 9.0046 7.3085 7.5392 -1.8427 5.7306 8.5217 8.5335 6.2367 7.009 6.689 -3.8649 -1.0294 -1.9066 4.1465 -1.0945 -1 -1.4996 -1.1052 -1 -1.0387 -1.9794 -1.388 -1 -1 -1 -1 -1 -1 -1 -1 -1 4.8657 8.6143 8.0066 7.6579 6.0618 10.7689 10.1862 8.5458 10.6657 9.5927 9.5949 9.4063 8.5145 9.0661 8.0571 8.8727 8.0602 8.4982 9.4684 11.5369 9.7376 8.02 9.8261 9.8731 10.0513 10.0961 9.5646 7.5435 7.4612 7.1264 7.183 8 7.562 9.0344 8.1257 8.0415 8.0863 9.4629 9.5274 8.5049 9.3856
9.6715 8.7733 8.7195 10.6265 -1.478 -1.6969 -1.3932 6.8269 8.2276 6.4176 7.5488 7.3984 6.5922 8.1807 8.8728 9.4625 2.5659 6.0895 5.5719 7.8334 -1 -1 -1 -1 -1 -1 5.6525 8.5204 7.0603 6.7058 7.7886 6.3118 6.9063 8.1794 8.8635 11.31 8.0089 7.4053 12.3125 10.2444 10.4693 10.7573 10 10.5256 8.0062 8.9898 10.2714 8.027 9.094 8.3879 7.0814 11.3709 12.0618 9.6466 8.5033 7.0138 9.6168 7.9715 11.3063 7.9464 8.3544 9.3146 8.2759 7.4035 7.9872 7.1524 8.9007 9.23 9.3136 7.1762 8.0509 8.6341 8.0178 8.6209 9
5.5455 4.4632 -1 -1 -1 -1.072 3.7234 4.2186 6.2027 7.2158 6.6187 5.644 8.0941 8 9.3081 10.1326 10.4864 7.1601 6.5698 -1.5643 7.8172 7.0295 7.7974 8.8225 7.9537 7.713 7.9625 8.8445 6.8251 6.8815 7.7166 8.6845 7.2702 10.0437 10.462 8.2646 8.0031 11.5733 14.0513 10.1354 10.4693 -1.0647 10.2951 -1 9.3473 9.4395 8.9109 9.9094 9.3994 8.0911 7.5025 10.3658 8.172 8.9722 8.9812 9.1661 8.1522 9.0587 9.012 7.7205 7.3712 9.4204 10.7168 7.3469 8.7403 8 6.5531 8.1656 8.1417 8.1575 7.6685 8.129 7.9208 8.6755 8.7519
1 -1.9998 -1.2882 -1 -1.7187 -1.8875 3 4.3975 6.5947 8.6014 8.0274 7.7514 7.6509 8.7331 7.3317 9.3978 9.25 8.0453 8 8.6257 10.3032 10.7289 14.2911 9.8005 8.753 8.9909 9.9485 9.2941 8.1015 6.9717 8.3866 8.3459 7.7519 7.6318 10.813 11.476 14.4621 13.0225 11.2908 10.5472 11.208 11.8298 13.0743 9.2092 9.1658 9.6865 10.1756 8.6946 9.0741 9.3451 9.1944 10.469 11.5079 9.3402 7.8223 7.0232 9.3962 9.3916 8.2472 7.7895 8.4439 8.4275 7.8059 7.9327 8.0311 8.4404 7.7435 9.1042 8 9.1486 9.3654 7.4797 8.2135 8.5905 8.689
-1.2093 -1.5716 6.6969 6.8301 5 6.0495 5.0758 2.0105 3.9877 -1 -1 -2.2024 -3.5611 -2.2151 -1.8157 8.9863 7.3652 9.82 8.0032 16.0777 10.4298 9.0259 10.7442 8.269 13.162 8.9999 9.6781 9.581 9.1577 7.8846 7.3933 9.8387 8.0839 8.895 10.8996 9 11.9872 11.0041 10.5373 12.8932 11.5961 11.8356 12.5875 10.4103 9.8688 7.3006 8.6662 8.066 8.0044 9.756 10.7353 8.501 8.4547 6.5494 7.0087 7.958 7.6704 9.0093 7.1399 10.6977 9.0011 9.0009 9.0456 9.7721 7.9919 7.7495 9.0025 8.7173 7.2832 7.091 9.0005 8.818 7.1887 7.1145 7
5.4797 7.522 7.1603 6.1854 5.0204 5.4572 6.2749 4.8718 5.6622 6.074 6.6906 6.88 6.4524 3.4801 9.0161 9.4913 10 9.3178 10.058 9.2222 10.3058 10.153 10.2061 8.8856 11.078 8.7322 10.0402 8.6427 9.6351 8.7211 9.3902 8.7515 9.1315 8.353 8.9477 8.8754 11.6326 10.7278 10.6361 9.2283 8.866 11.7146 10.8591 9.6557 9.9109 8.8926 8.5714 8.3786 7.2146 7.9331 7.9623 8.8555 9.5209 6.8022 6.741 6.4307 7.8782 8.2517 7.3573 8.153 9.1468 8.8754 7.8117 9.4676 6.9952 6.5977 7.3573 7.3573 8.5641 7.7077 8.2489 8.172 6.8325 7 7.341
6.9007 6.2233 7.4918 7.372 7.0275 6.7839 7.8379 7.5555 7.8688 7 8.7304 9.3226 9.9059 9.2148 9.9764 8.1854 9.4212 10.9421 10.0495 9.7778 11.4652 9.5681 8.6488 9.6132 9.172 10.7378 11.6244 10.5097 11.5925 8.7575 8.5042 8.0175 9.9169 8.2811 8.9157 9.8592 9.2868 8.72 8.5305 9.5428 9.8514 9.1672 9.2691 9.8399 9 8.1049 8.3864 7.4971 7.1448 8.123 7.565 6.8631 6.9621 6.5047 5.9898 7.5555 6.4746 7.501 7.2626 10.4116 6.8521 7.7233 7.5662 7.8266 6.499 6.5448 7.7144 7.4619 6.8018 7.189 8.408 6.5341 7.9469 7.3594 7
10.6722 6.9847 7.1571 8.4551 9.953 7.6957 8.1765 10.5363 9.3118 9.6965 9.5584 9.9874 9.9172 10.2246 10.1523 10.5476 10.8684 9.8757 9.9026 13.7708 8.4911 9.6553 9.2177 9.1254 9.6415 10 9.3961 9.8977 10.7168 8.467 6.8387 6.9242 7.6155 8.2249 8 9.8912 8.2477 8.7717 8.1586 8.1603 7.1707 9.1508 9.1851 9.3427 8.2086 9.2428 7.7497 8.0496 6.3664 6.6641 7.5295 6.6673 6.9172 6.2753 7.9085 5.9937 7.4406 8.6932 6.8654 8.226 12.2244 7.1476 8.0045 6.8283 8.7377 6.595 7.0821 6.9469 8.5819 8.751 9.5313 8.1083 12.7157 13.0642 10.0166
9.2614 6.7193 7.7369 6.0824 7.3971 8.388 10.0926 10.6364 9.3063 9.3817 10.2669 10.3098 11.1266 10.5087 11.4694 11.2038 12.5204 8.7203 9.4904 8.582 7.7798 9.6078 8.1784 8.351 9.3483 8.0466 10.2561 9 9.9258 9.3873 8.7881 9.1205 6.6858 7.5401 8.1211 7.3538 9.4351 9.1651 8.3283 8.4973 8.1786 7.6279 8.5545 8.4319 10.8395 8.6306 9.0007 7 9.309 9.8311 6.7683 6.5018 7.8455 7.1279 7.0439 6.4495 6.2557 8.38 8.48 8.8092 7.4455 6.9803 7.1691 6.9525 8.6069 8.4867 8.3297 7.8013 8.3581 7.0504 7.4953 7.5352 9.6035 8.9815 7.454
8.784 6.3346 7.3854 6 7.2951 7.9329 7.8083 9.3093 8.3947 11.6546 11.2897 10.0968 10.4911 10.9944 10.0968 10.1417 10.5805 8.9441 9.284 8.8814 7.6972 9.3752 10.509 8.8503 8.9847 9.0199 9.9345 9.988 8.1775 9.3222 7.9629 7.8083 8.2057 7.5362 8.7208 7.8083 7.9992 8.1703 8.354 8.0833 8.1017 7.2973 8.1632 8.6509 9.2053 8.243 9.0769 10.4116 7.2843 7.5705 7.5715 8.3065 6.8083 6.9558 7.2289 7.3174 13.0135 13.5668 9.2979 7.5926 7.4506 6.6126 7.9198 7.7232 7.4198 7.3622 9.997 9.7396 8.3166 8.1047 7.104 7.6995 8.0019 7.1972 8.0479
7.3005 8.5185 6.171 5.8431 6.7162 7 7.9836 8.277 9.829 10.1317 10.0887 10.3234 11.6882 11.0655 10.6227 10.5697 9.85 8.8444 8.5424 8.8538 8.1957 10.4904 9.8766 10.1258 9.9331 8.9796 8.171 8.1922 7.8904 9.553 7.7736 7.656 7.2247 6.7668 6.7747 7.171 8.1668 7.9366 7.7368 7.7435 7.2618 7.8356 7.7981 7.6653 8.203 8.6579 8.7244 8.5981 8.3951 7.829 7.9774 8.829 6.1123 7.4666 7.2753 11.426 8.047 8.328 7.9698 7.6204 6.8185 8 7.608 8.0182 8.0444 7.9192 9.5002 8.6994 8.1437 8.9891 7.0782 7.1463 8.2447 7.9241 10.2803
-3.4117 6.7199 7.0478 6.4662 6.4662 7.3031 7.5251 7.6704 8.3828 9.7021 10.7908 9.3012 10.5483 10.7295 11.4231 10.6133 10.5076 10.4209 9.1372 7.3626 7 7.0441 11.7615 10.0164 7.2498 8.4055 6 6.778 7.0396 7.2609 6.7627 7.117 7.2878 7.855 7.5832 7.9599 7.0003 7.4912 8.0803 7 7 8.2251 7.7981 8.2013 10.7998 9.7749 7.5102 11.1085 6.9879 6.2501 5.6775 5.7677 6.0632 7.6461 9.1406 7.4295 8.5682 9.4185 7.1242 7.8003 7.8505 8.8209 8.5048 9.8437 8.5338 9.1997 9.4626 9.0434 8.4662 9.9219 10.5607 8.215 8.6688 11.6665 10.4665
-1.856 -2.4896 7.4023 8.561 7.8225 6.6501 6 8.6174 8.9225 8.1151 9.3615 8.1208 10.3652 8.4198 8.1459 9.5838 9.2878 9.0406 8.9265 8.3717 7.841 7.1013 9.0724 11.1789 8.2135 6.0814 6.9777 6.5917 7.0293 7.9421 7.1234 7.1213 7.5642 6.0945 7 7.2189 6.8936 6.9349 7.813 6.1031 6.1034 6.1474 7.6947 9.6009 15.6815 8.135 10.6221 6.0297 6.5237 8.135 9.0922 6.4982 7.0894 7.6897 8.0505 9.7573 7.375 7.5111 10.8266 10.2259 7.5539 11.4139 9.2558 9.8089 8.1303 9.5225 9.9036 9.6427 8.1434 8.2602 10.3894 9.0487 9.6793 10.1511 8.2588
-1.0531 -1.1451 -1.0528 -1 6.6062 6.1148 5.0285 7.7775 8.2593 7.6039 8.1345 8.107 7.2593 7.9801 9.2315 8.9189 7.6731 8.4951 8.2593 8.1317 -1.1451 8.6373 8.9555 10.5096 8.1616 7.7234 7.1834 8.0487 8.6116 8.3885 8 7.3874 7.4402 8.4114 7.9295 6.0223 5.7811 6.6295 6.386 6.7407 7.0613 6.9574 8.3667 10.1583 7.6435 6.078 6.321 5.7493 6.7495 7.2971 7.6041 7.3672 6.811 8.9973 8.388 11.5852 9.4995 9.0081 9.4915 15.4874 11.0995 9.8598 9.9317 9.4633 9.192 8.3918 7.7525 9.2593 9.6263 10.1211 9.6552 8.085 9.3218 8.2998 8.0403
-1.8607 -2.7795 -1.3637 -1.2119 -1.9795 -2.3573 -1.8616 -1.8538 -2.5692 -2.2014 -1.4394 6 -2.9889 -2 5.4758 8.8288 6.3994 7.3719 8.9545 8.5433 -2.725 7.5025 7.9534 8.0931 8.2432 5.6314 8.1358 7.6132 6.6501 10.7987 7.3866 7.6585 7.641 6.9909 6.5281 5.9116 5.0032 7.14 7.4269 8.841 7.2252 7.4311 9.9237 7.1387 6.3692 6.6792 5.9182 7 6.151 6.4686 8 7.6212 7.4622 10.974 13.3833 14.5527 15.901 14.1372 7.9255 12.5027 10.6782 9.0168 9.2942 10.3426 9.0201 8.8472 10.0812 7.0195 16.7448 10.6742 9.7417 8.6651 9.2808 9.032 8.786
-2.6294 -2.9989 -2 -1.1587 -1.9613 -2 -1 -1.4749 -2.2617 -1.9169 -1 -1.7314 -2.5779 -1.7406 1.1095 -2.4791 -2.5844 7.7278 7.6895 -2.5844 6 5.9545 7.4824 6.4349 6 6.0391 6.3364 5.7471 7.782 7.1258 7.1968 9.6211 8.6153 6.9963 6.3117 6.0207 5.985 6.6047 6.244 7.0105 9.0229 10.3018 7.7708 6.9848 6.0494 6.2915 7.3186 6.0142 9.7564 6.7728 7.7269 7.9773 8.8444 13.3718 13.1813 10.1617 15.9972 10.4715 9.0133 9.7106 8.7794 8.8367 9.488 11.5193 8.0562 8.6468 13.9106 15.2682 14.4565 8.9228 9.4421 8.1944 8.2078 9.0455 9.8318
4.1463 3.2414 -2.3637 -1 -1 -1 -1 -1 -1 -1 -1 -1 -1 -1 5.1583 6.3439 3.7213 -1 -1 -1 -1 4.3473 -1 5.3663 6.9443 6.6192 5.7625 9.9146 6.8944 6 8.041 11.1942 9.488 9.5619 7.9358 7.1945 6.0043 6.6295 6.3161 7.2445 6.9787 6.905 8.3508 7.963 6.9772 7.1087 6.6669 8.2697 6.7318 7.9277 8.1295 6.503 8.9498 10.0014 14.4044 19.2098 15.2249 9.8152 7.7172 8.9502 9.3388 9.3407 12.1852 11.3326 8.9097 14.5908 18.6808 10.0677 9.9704 9.1542 9.1031 9.3454 9.0898 9.7958 9.3319
4.7103 4.1314 -2.6132 -1 -1.6222 -1.6861 -1 -1 -1.6861 -1.6291 -1 -1.2426 -1.6861 -1.2579 3 -1.6138 -1.6861 -1 5 1.5088 -1.6374 3.5707 5.2182 3.4153 4.0512 5.2659 5.3344 10.1741 8.4436 7.733 8.5886 13.402 14.5871 9.9479 7.6653 8.266 10.8206 6.7368 6.5031 6.0299 7.3334 8.4768 7.0585 8.449 6.2983 8.0413 6.4298 7.9572 7.6832 9.9464 8.6673 7.3713 8.4046 7.7353 15.7323 18.1268 16.4436 10.8129 9.5628 8.7103 10.1615 11.5429 10.0599 11.0374 13.5766 9.3626 10.4017 8.6415 8.9059 7.8659 8.482 8.4767 8.7156 8.5236 8.6776
4.168 5.046 -2.7273 -1.2716 -2 -2.4579 -1 -1.8126 -2.4479 -1.9733 -1.1911 -2 -2.9889 -2 -1.2594 -2 -2.4701 -1.8348 -1.8004 -2.4357 -2 1.2938 -1.3415 -2 4 2 4.1443 9.3113 9.9291 9.1713 10.7282 13.7116 14.5003 12.2359 15.8712 10.1661 6.0731 7.0082 7.9269 9.5897 8.0613 10.7813 6.2481 7.9983 7.2022 9.2965 9.5208 8.099 7.1985 7.7828 10.228 7.1459 6.9665 10.0151 11.3676 20.9445 15.6617 9.3328 8.1196 9.582 9.4969 9.4822 12.4235 11.0593 15.4175 8.9727 7.9275 8.5947 7.7655 11.6652 9.5823 9.4923 8.838 9.9984 8.2742
5.8188 5.4598 7.2531 -1.0118 -1.9109 -2.0199 -1 -1.0353 -2.0194 -1.9169 -1 -1.3817 -2.0429 -1.4029 -1.0113 -1.8992 2.2959 -1.0362 -1.0347 -2.0189 -1.9321 2.5552 -1.0148 -1.0434 -1.0168 5.0107 5.5203 6.8727 6.9677 7.8753 11.967 14.7295 16.3763 16.797 18.8372 11.282 10.2537 14.1415 11.1783 9.7145 8.7541 8.707 8.9265 7.996 7.5557 8.2249 8.6069 8.023 8.552 6.568 7 9.1578 8.3717 8.5343 14.1397 17.1848 10.3693 9.4758 8.568 9.2966 8.8715 10.6187 11.7869 12.7721 9.3728 9.1235 7.572 7.8403 9.084 10.1027 9.2097 8.4358 10.3682 12.387 9.3344
6.6545 7.3056 7.8768 8.6841 -2.1286 -1.8629 -1.4869 -1 -1 -1 -1 -1 -1 -1 -1 -1 -1 -1 -1 2.0657 -1 -1 -1 -1 -1 -1 -1 7.1397 8.6659 9.3166 10.7338 13.1404 11.1065 16.3282 15.8634 27.382 20.0234 15.6671 22.0666 9.6181 8.981 11.7669 9.3227 9.0709 14.9325 10.5033 11.9348 11.2704 8.7192 7.6222 8.8287 9.1042 7.8453 8.477 13.9917 10.8434 12.2669 11.5016 16.6988 8.0859 11.5771 9.5744 9.0634 7.4139 7.72 8.0751 8 8.899 12.3093 9.1447 9.1414 9.6138 9.9523 12.6929 8.5552
6.2931 6.9583 7.6008 8.856 9.6878 6.9023 -2.8321 -1 -1.2271 -1.2083 -1 -1.5005 -2.2246 -1.5176 8.3802 7.5256 12 3 -1.1818 -2.099 1.819 -1 -1.0776 4.8551 -1.527 -1 -1.8825 4.4299 7.0742 13.0724 10.4026 17.4286 16.8484 21.3413 15.7636 17.5725 12.4466 15.4762 17.3 9.7022 9.8899 8.0224 6.4968 10.545 12.9399 11.5795 9.2841 8.4032 8.4 8.0897 10.6546 8.286 10.4102 12.2925 10.0709 9.8524 10.3296 8.8668 10.2969 9.3803 9.859 8 8.6977 8.0204 9.0734 8.9643 10.6173 10.6173 8.6387 8.1914 10.6156 10.8298 9.8776 9.718 10.7837
8 7.8641 8.3216 10.4528 8.1644 8.5331 9.1777 5.0664 -1.1376 -1.1262 -1 -2 8 5.7533 8.0731 9.6812 9.0462 -1.8348 -1.1101 -2.06 -1.1278 3.8994 5.2821 -2.1143 -2.5278 -2.7248 7 6.7611 8.3857 7.4198 14.5415 9.6535 12.8286 10.7238 13.606 17.2776 21.8891 8.7838 9.7368 8.8504 8.7262 9.5125 11.5963 9.6554 10.1001 14.5884 14.4165 12.6719 10.4155 8 8 11.1647 12.9623 9 9.2761 10.2631 8.1373 8.1775 9.5213 9.3447 8.6621 9.3287 9.2106 9.8046 7.6114 7.6348 8.4257 10.2249 8.9541 9.4391 10.7997 8.7696 10.6191 10.444 14.7653
