MapLib/Lvl1_5x5/BG/Ele_BG_ED.asc
ncols         557
nrows         557
xllcorner     1670500
yllcorner     3894669.448
cellsize      1000
nodata_value  -9999.0
[rows 520 to 545 of 557, columns 57 to 113 of 557]
-397.6083 -397 -395.0095 -392.739 -389.6334 -386.797 -382.9275 -380.3285 -378.4525 -376.0704 -372.9697 -369.3624 -364.4566 -360.6548 -357.097 -356.8066 -357.4726 -360.0482 -363.8361 -368.7319 -373.7896 -379.2647 -382.8129 -384.6203 -386.2556 -387.8908 -389.5261 -390.1613 -392.5838 -395.079 -398.632 -403.3401 -408.2281 -413.1339 -418.217 -423.062 -426.7573 -428.5693 -428.5693 -428.5693 -426.9344 -426.2991 -425.5693 -427.1101 -429.6648 -437.2045 -447.5615 -464.0508 -485.7748 -514.711 -550.7629 -593.404 -645.2818 -700.1795 -768.037 -838.8377 -918.3091
-397.7753 -396.6389 -394.5048 -392.3739 -389.7901 -387.198 -383.9275 -380.939 -378.6932 -376.1159 -372.8454 -368.5749 -364.4566 -360.7537 -357.3702 -357 -358.0343 -361.4681 -365.3979 -370.8946 -376.2095 -381.3526 -385.1565 -387.6064 -389.113 -390.4645 -391.2699 -392.7966 -394.4318 -396.7143 -400.2672 -405.173 -410.0787 -415.0635 -420.7879 -425.3373 -429.0278 -431.2628 -431.8398 -431.8398 -430.8398 -430.1463 -429.3146 -430.8005 -433.5439 -440.085 -449.8586 -464.7361 -484.8887 -511.4213 -545.8616 -586.0491 -636.3084 -689.9603 -756.0392 -824.4362 -903.041
-397.8305 -396.1952 -394.5048 -391.9247 -390.2894 -388.2753 -386.0378 -382.7673 -380.4968 -377.2263 -373.3233 -369.4175 -364.5118 -361.1157 -358.9434 -358.864 -359.9095 -364.2365 -369.1248 -374.0656 -379.8889 -384.8921 -389.3659 -391.0012 -392.6104 -393.2658 -394.1104 -395.0552 -396.0671 -397.7024 -401.5648 -405.7531 -411.2364 -416.6198 -422.3036 -426.9427 -431.2431 -433.7844 -435.0753 -435.1655 -435.1656 -435.2207 -435.2707 -436.8465 -439.98 -445.7097 -454.2701 -467.8199 -485.8817 -510.3203 -542.6594 -580.1801 -628.0234 -680.2613 -743.728 -810.0311 -886.7609
-398.7753 -397.14 -394.8533 -392.8695 -391.763 -390.9799 -388.6429 -386.5015 -383.7673 -379.8464 -374.9586 -371.0528 -366.147 -363.2074 -360.6904 -361.444 -363.9694 -368.4457 -373.7087 -379.2497 -384.8609 -390.632 -394.2717 -395.907 -397.0713 -397.3809 -397.3809 -397.3809 -397.6941 -398.6472 -402.2553 -405.8099 -411.6588 -417.5646 -422.4704 -427.7498 -432.2528 -435.4197 -437.7454 -439.3806 -440.5097 -441.9484 -443.3577 -445.8508 -448.7252 -453.886 -461.334 -473.3596 -489.6149 -512.0699 -541.7349 -575.8911 -621.0603 -670.0074 -731.4168 -795.0458 -869.1016
-400.4267 -398.7914 -397.1562 -395.5634 -394.9771 -394.5761 -393.2665 -390.9597 -387.5893 -383.151 -378.2452 -374.083 -369.4337 -366.8426 -364.3826 -365.9761 -369.4693 -374.7007 -380.2659 -386.6082 -392.3708 -397.3238 -400.8289 -402.192 -402.3028 -401.8709 -400.7356 -399.5287 -399.3257 -399.7621 -402.4729 -405.8086 -411.0316 -416.4271 -422.1447 -427.6854 -433.2819 -437.696 -441.4991 -444.3024 -447.1446 -449.4947 -452.7652 -455.3614 -458.7506 -463.388 -469.9345 -480.1744 -494.6738 -514.3275 -540.7677 -572.7249 -614.0132 -659.7681 -717.4542 -777.5197 -848.666
-403.6972 -402.0619 -400.4267 -398.9219 -398.9219 -399.4818 -398.8466 -396.5398 -392.9625 -388.0568 -383.151 -378.2535 -374.1932 -371.3998 -369.9966 -372.351 -376.0103 -381.9392 -388.4421 -394.9832 -400.5944 -405.5001 -408.0442 -409.6468 -408.8998 -406.7767 -405.1415 -402.5453 -400.9495 -400 -402.2824 -404.8712 -409.6978 -414.7918 -420.5094 -426.856 -433.3722 -439.1486 -445.0154 -449.8821 -454.1138 -458.3453 -462.4859 -465.8473 -469.2869 -474.1605 -479.4449 -488.2169 -500.7313 -517.4587 -540.788 -568.6903 -606.6282 -647.6373 -702.3256 -758.996 -825.3331
-408.5639 -406.9286 -404.9981 -403.1924 -403.649 -404.2696 -404.3849 -403.0418 -398.2816 -392.9625 -388.0568 -383.151 -379.093 -377.3849 -376.5737 -380.2418 -385.1326 -391.688 -398.8109 -405.3519 -411.5175 -415.8688 -418.2544 -418.5773 -417.0393 -413.8116 -410.902 -407.0353 -404.1686 -401.8066 -402.2824 -404.2882 -408.3291 -413.1566 -419.6976 -426.2386 -433.4319 -440.5131 -448.0541 -454.7875 -460.9248 -466.0865 -471.2375 -475.385 -479.9293 -483.5274 -488.2137 -495.712 -505.7003 -519.5569 -540.2122 -564.03 -597.0507 -632.7117 -681.8489 -734.589 -796.8755
-414.4764 -411.8668 -409.316 -407.6944 -408.2829 -409.0026 -409.4992 -408.4484 -403.2358 -397.6368 -392.7311 -388.2693 -384.3472 -383.6404 -384.4214 -388.8239 -395.1756 -402.9722 -410.4891 -417.2616 -423.5874 -427.982 -429.8054 -428.9781 -426.5695 -422.0704 -416.993 -411.9402 -407.6587 -403.8974 -403.3976 -404.1491 -407.1059 -411.5213 -418.0623 -425.1682 -433.4698 -441.8149 -450.0539 -458.4615 -467.1499 -473.5677 -479.5479 -484.6733 -489.5094 -492.5921 -496.2655 -502.2341 -510.5478 -521.5345 -537.3906 -557.8824 -584.9322 -615.0383 -659.6123 -707.2987 -765.5674
-421.0175 -417.7469 -415.0389 -412.6002 -412.6002 -412.3859 -411.8716 -409.9854 -405.0388 -400.0406 -396.0016 -392.4926 -390.6394 -391.8167 -394.422 -400.7345 -407.8261 -416.921 -425.0094 -432.2343 -438.4568 -442.4206 -443.6002 -442.0763 -438.5211 -432.7487 -427.1015 -420.1535 -414.2876 -409.1726 -407.3177 -405.9271 -408.3601 -411.6195 -417.4468 -424.7523 -433.4698 -442.3753 -451.1383 -460.8651 -470.592 -478.0487 -485.2222 -490.7632 -495.9522 -499.1146 -502.4195 -506.9788 -513.4142 -521.4562 -533.2845 -548.4377 -569.9156 -594.1183 -632.0298 -673.3607 -729.0338
-427.5585 -423.428 -420.5155 -418.3099 -416.2382 -414.603 -412.4475 -409.657 -406.2337 -402.6179 -398.8494 -397.6126 -398.4335 -401.2205 -405.9872 -413.66 -422.6572 -432.1643 -441.3165 -448.9948 -455.3114 -458.652 -459.2209 -456.3486 -451.6343 -445.04 -437.6781 -429.8182 -422.4622 -415.9212 -412.4431 -410.0902 -410.7813 -413.161 -418.4743 -425.024 -433.517 -442.5113 -452.1869 -462.5003 -472.3119 -480.9889 -489.5315 -495.3976 -500.858 -504.1285 -507.6214 -511.1675 -515.5122 -521.0569 -528.9214 -539.0391 -554.8219 -572.3549 -603.5398 -638.2849 -692.6277
-434.2059 -430.829 -426.4905 -422.2633 -419.743 -417.3352 -413.8962 -410.3736 -407.5658 -405.2032 -402.1991 -403.0032 -406.4981 -411.8929 -417.8078 -427.8262 -439.0942 -449.6782 -459.8968 -468.1199 -474.4364 -477.1523 -477.1089 -473.7237 -467.4968 -459.7044 -450.7867 -442.1629 -432.8995 -425.2348 -420.8777 -417.7798 -416.6103 -417.7881 -421.7691 -427.5051 -434.5942 -443.3753 -453.1869 -462.9984 -472.9472 -482.3883 -490.6648 -498.3003 -504.5134 -507.897 -511.721 -514.3563 -517.3272 -520.7046 -525.8147 -532.5832 -543.1703 -554.9102 -579.5282 -607.8875 -661.6991
-440.8169 -437.37 -432.2217 -427.0565 -423.786 -420.2057 -415.4445 -411.9482 -410.2382 -408.3886 -407.5127 -409.8918 -416.0608 -423.7129 -431.7538 -443.7535 -456.5196 -468.4572 -479.9985 -488.5154 -494.832 -496.7361 -495.8692 -491.7631 -484.6721 -475.1122 -465.5041 -455.6925 -445.8718 -436.0913 -430.8426 -426.8632 -424.6549 -424.0935 -426.7369 -430.798 -436.8483 -444.1478 -453.6778 -462.9984 -473.0374 -482.6215 -491.5275 -499.5808 -506.3005 -511.0218 -514.9915 -516.9175 -519.4252 -521.9774 -524.9723 -528.4731 -535.0316 -543.3766 -562.3569 -586.1266 -639.2169
-447.0899 -442.6433 -437.7375 -432.885 -428.7873 -424.2577 -420.1292 -416.6857 -415.3242 -415.0151 -416.2741 -420.3834 -427.2455 -436.9496 -447.5945 -461.2674 -475.0037 -489.0956 -501.2568 -509.8939 -516.4981 -518.2736 -516.6996 -511.7939 -504.0677 -494.2129 -483.2955 -472.0717 -461.5912 -451.8417 -445.5401 -439.9167 -437.1561 -434.9657 -435.9342 -437.7691 -441.4668 -447.1643 -455.0815 -462.9987 -472.4022 -481.2137 -491.0253 -499.2961 -506.5998 -512.3221 -517.0364 -519.9791 -522.5325 -525.1678 -527.7906 -530.0612 -537.1059 -544.3888 -564.9026 -589.1385 -639.4686
-451.3688 -447.2861 -442.5356 -437.6515 -432.7128 -427.797 -423.9275 -421.3285 -419.7064 -420.8866 -423.2406 -429.2009 -437.411 -449.0795 -462.328 -477.1156 -492.8603 -507.6479 -521.0885 -530.9461 -537.3027 -539.6463 -537.7146 -531.1376 -522.6048 -512.6826 -500.4559 -487.7505 -477.3156 -467.5041 -460.2574 -453.7163 -450.2812 -447.1908 -445.4852 -445.697 -447.262 -450.3167 -456.1364 -462.9987 -471.132 -479.5785 -489.39 -498.6608 -506.7041 -513.2451 -518.9553 -523.2531 -526.5939 -529.5395 -532.2751 -535.6165 -543.6996 -552.8715 -573.9821 -599.3965 -648.4516
-452.4782 -448.0983 -443.6878 -439.1983 -432.937 -427.797 -423.9275 -421.3285 -420.4702 -421.581 -426.616 -434.3101 -443.8488 -457.5835 -472.333 -489.2836 -506.3144 -523.3616 -538.8453 -548.9339 -556.1804 -559.2694 -557.2018 -549.2828 -539.3162 -528.9335 -515.3486 -502.2123 -492.0329 -482.6603 -474.9747 -468.4337 -464.6235 -460.9221 -457.101 -454.7585 -453.6493 -454.7278 -457.5245 -462.9989 -469.7443 -477.9432 -487.7548 -497.3923 -506.7041 -513.7953 -521.0179 -526.6573 -532.1859 -537.3349 -543.0198 -549.0388 -559.7642 -572.3201 -596.1047 -623.3583 -673.7452
-449.8287 -445.166 -440.6331 -435.5969 -429.0559 -422.8776 -419.383 -415.8203 -415.1851 -417.3179 -423.4047 -432.6733 -444.6328 -460.3731 -477.7115 -496.2121 -514.7126 -533.8995 -550.8746 -562.1141 -570.5786 -574.875 -572.7417 -563.7545 -552.4373 -540.0914 -527.0094 -513.6175 -503.4999 -494.6453 -487.84 -482.1539 -477.3957 -472.5711 -467.4108 -463.1348 -460.1307 -458.9406 -459.9915 -463.3128 -468.6544 -476.5368 -485.214 -495.9311 -505.6218 -514.0564 -523.0661 -530.9799 -538.2584 -546.1978 -554.7517 -565.3809 -580.2682 -596.8568 -624.3806 -655.5442 -707.2868
-442.5422 -437.6762 -431.3005 -425.6616 -418.2956 -411.1555 -406.301 -402.7383 -402.103 -404.2359 -411.6677 -423.0077 -436.8941 -454.9769 -474.6345 -495.8091 -517.5635 -537.1866 -555.4572 -569.1368 -579.3932 -584.388 -582.6908 -574.4717 -561.032 -544.8965 -531.6698 -520.5159 -511.6843 -503.5081 -497.8454 -492.8926 -488.011 -482.9399 -476.441 -471.3678 -466.518 -463.8463 -462.9162 -464.9482 -468.905 -476.0948 -483.5787 -493.347 -503.3256 -513.8773 -524.628 -534.3841 -544.8289 -556.1407 -569.4283 -584.9781 -605.8182 -628.4986 -662.4479 -699.8516 -752.9361
-429.3542 -423.1357 -416.5154 -409.3172 -400.9948 -392.6354 -386.5316 -382.1758 -380.7646 -383.2894 -390.9579 -403.7809 -420.276 -441.7346 -465.5383 -490.6555 -514.9457 -537.1351 -557.0538 -573.5795 -586.3312 -592.0315 -593.0538 -588.8899 -574.2238 -553.4428 -540.4888 -530.8283 -521.0148 -511.6843 -505.908 -500.5831 -496.6773 -491.1674 -484.1454 -477.6921 -471.5093 -467.7096 -465.9552 -466.5838 -469.27 -475.7774 -483.5275 -493.2446 -503.2321 -514.679 -526.9706 -538.7543 -552.2083 -566.8807 -585.1049 -605.5869 -632.0333 -660.8494 -700.7363 -743.6193 -798.5224
-411.2503 -404.5207 -396.4537 -388.1183 -377.9482 -368.267 -360.8997 -355.4904 -352.4594 -354.4402 -363.1706 -377.2181 -395.5645 -421.5116 -450.4318 -479.7019 -508.2953 -533.9092 -556.7161 -576.7438 -592.0967 -599.1376 -603.8233 -606.359 -592.5359 -566.0986 -552.7794 -544.0697 -531.6538 -519.2908 -512.7475 -507.8406 -503.7713 -498.8949 -490.5406 -482.7224 -476.0421 -470.7608 -467.8548 -468.219 -469.8543 -476.3003 -483.5482 -493.2446 -503.2707 -515.7095 -528.8895 -543.394 -559.8599 -578.2683 -600.7816 -626.5139 -658.8221 -693.8797 -739.534 -787.2168 -844.626
-386.3817 -378.3182 -368.8642 -359.141 -347.0399 -335.8522 -326.3095 -319.5739 -315.7606 -317.4128 -325.6682 -341.3685 -362.389 -392.6454 -426.1695 -462.1852 -498.3048 -530.738 -559.2122 -580.496 -597.7971 -606.6445 -616.4391 -627.7394 -622.1166 -603.4535 -585.2413 -566.1359 -547.2708 -530.3562 -519.9017 -512.0967 -507.7487 -502.0316 -493.7373 -485.561 -477.6105 -472.3961 -469.4901 -469.8543 -472.0322 -478.1665 -485.3311 -494.9537 -505.1172 -518.1993 -532.1095 -548.3696 -566.7398 -588.1025 -614.6143 -644.3433 -681.4108 -721.1825 -770.9135 -823.111 -882.5414
-356.3454 -347.3938 -336.7372 -325.6062 -312.0983 -298.9274 -287.9908 -278.9012 -274.8345 -275.581 -283.3586 -300.8346 -325.377 -359.0611 -396.8255 -440.8633 -485.7059 -526.6179 -561.5318 -584.1753 -601.8242 -612.9354 -627.7717 -646.1511 -651.507 -645.7417 -621.5342 -589.3104 -564.7458 -542.6626 -527.4232 -515.024 -509.831 -503.5488 -495.3726 -486.9716 -477.6241 -472.5416 -470.8141 -471.9792 -475.2496 -481.0606 -488.0636 -497.2242 -507.8082 -520.4698 -534.8915 -552.9194 -573.8593 -597.5538 -627.1737 -659.6798 -700.2242 -743.5418 -797.5595 -852.9793 -914.6925
-321.9003 -312.0887 -300.6569 -288.0633 -274.2025 -260.2162 -247.5833 -237.8589 -234.2599 -234.7575 -241.1104 -259.5133 -287.4112 -323.3251 -363.7094 -413.8016 -465.2751 -514.582 -555.8596 -577.4534 -594.4232 -607.9119 -617.5754 -621.5448 -621.7184 -618.5261 -604.6019 -585.3871 -567.7499 -550.3373 -531.1625 -514.7408 -511.0883 -506.3091 -497.3094 -487.8464 -477.5184 -472.2369 -471.1251 -473.1245 -477.03 -483.2061 -489.8603 -499.3696 -509.3572 -520.7025 -535.2892 -556.1168 -578.7228 -604.7479 -635.3641 -670.7823 -712.7183 -756.982 -812.9135 -870.0422 -930.4421
-285.7538 -275.3528 -263.046 -250.3382 -235.8045 -221.9036 -208.2226 -198.4981 -195.1324 -196.157 -201.2445 -220.5001 -250.3302 -288.1098 -329.4615 -383.561 -440.4973 -496.163 -542.063 -562.0619 -578.4144 -593.767 -596.6793 -581.6785 -573.009 -570.6348 -570.231 -569.5742 -564.6628 -555.0045 -533.8064 -515.5012 -513.6278 -510.0538 -499.8196 -489.0081 -478.268 -472.9662 -472.7603 -474.7598 -477.905 -484.2865 -491.5994 -500.5938 -510.0983 -520.1074 -533.9633 -557.1254 -581.7783 -610.2701 -642.7706 -678.7432 -721.7695 -766.8148 -822.5418 -879.1793 -938.2401
-246.1579 -236.3463 -224.7402 -212.5139 -200.0787 -187.0445 -176.2446 -168.8022 -167.364 -170.2422 -178.395 -197.9949 -226.7826 -262.4687 -302.0084 -350.8533 -401.7291 -449.8413 -491.4765 -512.9076 -529.6826 -541.6243 -544.9901 -535.8144 -534.1403 -537.6742 -540.4647 -542.1587 -545.893 -547.2708 -533.1549 -518.7802 -518.1867 -513.7205 -500.4822 -490.7095 -486.1287 -481.2929 -476.1694 -473.6046 -472.9459 -480.2714 -489.6419 -496.3032 -503.4042 -512.5688 -526.5012 -551.7092 -580.8334 -613.368 -646.9255 -681.4747 -722.8659 -765.831 -814.4961 -863.9876 -921.7046
-207.7247 -197.1618 -186.8703 -175.4471 -164.0775 -154.4523 -146.3584 -141.5992 -141.9676 -147.4291 -158.8122 -179.1475 -205.2612 -238.2584 -275.4845 -317.7218 -360.9328 -400.5652 -434.7484 -457.689 -475.1992 -483.6365 -487.8777 -488.8389 -493.855 -503.4071 -507.7697 -510.6125 -521.1387 -531.5513 -525.4462 -517.6434 -517.3217 -512.6936 -498.2534 -491.302 -493.7885 -488.563 -479.1159 -471.9394 -467.6684 -474.7743 -485.2201 -491.0256 -496.8493 -505.0506 -519.5911 -547.3904 -578.8192 -615.834 -649.7831 -682.3679 -722.6333 -764.3575 -804.5284 -845.2315 -901.654
-170.4813 -161.1862 -151.7045 -142.0258 -133.5938 -125.9406 -121.924 -120.5693 -123.7224 -131.9333 -146.008 -165.7179 -189.1575 -218.3464 -250.454 -284.7545 -319.4023 -348.7688 -375.358 -397.1845 -413.7935 -420.9491 -428.2227 -435.307 -442.0784 -448.7775 -455.5648 -463.19 -470.3989 -476.2945 -480.0592 -481.93 -481.6438 -480.6151 -480.3397 -482.6851 -488.1583 -485.2925 -475.8454 -469.3348 -464.3978 -468.2366 -474.5939 -484.0938 -494.6652 -504.2016 -519.5911 -547.3904 -580.6867 -620.0221 -651.4712 -677.426 -719.0657 -766.2389 -796.8312 -827.8007 -884.4406
