MapLib/Lvl1_5x5/BG/Ele_BG_CC.asc
ncols         557
nrows         557
xllcorner     1113500
yllcorner     5008669.448
cellsize      1000
nodata_value  -9999.0
[rows 108 to 134 of 557, columns 488 to 548 of 557]
383.1843 378.6743 382.2658 375.8524 367.6449 366.4586 371.2174 367.1651 372.5898 367.7483 393.3309 416.0567 413.399 436.5673 423.3349 434.1644 444.1703 447.5146 483.5477 511.416 521.788 544.2527 538.1392 514.5511 495.5286 488.6943 471.2375 464.0606 457.6314 455.0941 445.072 450.3591 467.1246 496.6831 488.1726 459.585 440.3789 429.6077 429.0056 425.9818 419.6925 421.5894 413.4082 420.9922 441.8038 438.4823 425.4299 420.8726 434.3297 428.7542 430.3667 430.4525 427.1141 428.0992 432.3863 439.4955 448.413 455.5314 468.1605 466.5149 462.8849
379.2622 379.9531 376.069 371.737 368.5507 373.6033 368.5811 367.8758 372.3633 375.568 380.5498 387.7706 391.9992 401.804 413.707 423.7666 442.0957 464.0434 505.6172 539.9762 554.6847 543.6986 544.3734 525.8782 506.0219 484.2707 471.1052 464.921 469.6068 462.7179 453.5803 445.5817 474.1111 490.4821 485.7041 465.2824 442.1873 435.0219 428.3677 428.3219 427.9251 426.4028 416.9031 421.8262 433.101 431.4893 445.3899 442.7792 435.1892 434.5699 431.6393 430.6242 422.2537 429.5282 443.2818 450.9547 451.7975 457.2378 451.4045 460.828 462.2466
373.9663 374.8191 376.4912 377.2785 380.4041 382.5381 372.7939 369.7209 369.7248 375.6682 383.4283 389.8528 390.1535 407.5253 414.6668 439.0228 458.6755 491.3609 541.8216 552.6845 562.8378 553.1635 552.3251 526.1748 512.6342 501.5951 483.4808 471.2987 468.8419 457.4817 465.3107 471.9926 487.1584 501.024 489.3174 460.6044 443.8826 437.4269 437.2438 432.7974 435.4695 428.8481 436.2036 424.7134 419.2065 426.4542 427.2423 449.6425 445.7968 435.2702 434.6432 433.4197 423.9856 433.0497 432.4153 439.0036 443.782 451.0567 466.0892 465.221 465.9704
381.168 379.6764 380.5338 373.9591 379.6643 381.1696 379.4004 380.4362 373.9878 377.3493 391.0667 391.3014 392.7452 403.2956 413.1332 433.3741 452.4238 485.694 511.459 548.937 543.3262 532.2505 534.101 526.7402 517.3809 500.508 492.0394 480.4011 460.8883 462.4418 469.2587 478.8804 488.2063 485.4 468.343 446.7397 446.1291 448.1416 436.8444 428.4647 430.4909 433.1972 436.3277 422.821 426.1311 431.6086 439.5745 437.7949 442.5238 440.4019 440.6548 436.3356 434.015 433.2555 432.9254 438.9659 438.5591 448.0805 459.7545 469.0193 471.6554
390.5468 381.8265 390.8931 394.1822 399.9776 394.7088 381.2307 384.3149 376.5522 383.6312 376.4411 390.3921 396.2575 403.9197 410.1572 426.0612 449.4707 482.764 529.3095 546.8574 519.2139 519.5936 530.9686 513.0546 497.0827 496.4753 490.6443 471.273 467.7632 473.7726 491.9192 499.498 505.5674 495.5488 471.6355 450.6497 459.6612 461.1947 438.7191 429.5764 429.133 432.9214 431.0294 431.9593 437.8428 435.9406 439.0358 441.4989 437.7083 434.346 439.9734 429.2397 430.7166 434.4976 434 434.2466 436.7082 440.8541 445.5145 459.8842 463.2289
399.7879 401.3916 402.0875 422.7269 411.2457 389.6223 385.5479 381.5011 377.8153 387.8401 388.5909 385.7595 392.7162 399.0725 406.9745 426.3999 487.4909 522.9653 514.7732 519.2267 521.8273 517.7168 531.8586 509.6278 499.2354 479.8438 476.128 470.3077 470.5063 474.2644 481.9532 485.9811 483.4223 469.7251 458.255 439.068 448.2674 467.918 461.7734 435.0532 432.5195 436.1976 429.5301 435.0548 433.8715 433.6394 437.0846 443.3248 436.7804 434.6721 441.143 428.2524 424.8384 438.8614 436.7945 436.6488 438.1176 444.0211 466.1481 458.7894 464.7257
407.7587 440.4942 438.6946 422.5194 422.3897 413.6012 391.6528 382.761 382.9535 394.7439 388.3711 385.0804 398.5952 397.8549 403.5675 438.1098 462.3853 482.6187 536.2479 520.7402 517.6148 511.7528 509.2898 521.4451 508.0509 501.2411 488.2127 477.3186 470.0745 471.9576 472.4737 462.7014 453.8866 442.105 445.1813 444.7735 450.5599 470.9449 461.8502 443.3854 438.1293 435.5515 436.1787 433.0487 438.8678 439.6889 434.0587 432.0626 436.6464 435.8263 432.857 435.2953 433.9309 427.7847 439.35 441.5783 441.3784 440.2618 450.0716 453.2524 464.2916
426.9324 421.4803 431.562 421.4496 413.6958 408.1899 390.7567 384.385 386.0184 394.47 382.8005 387.6332 407.0771 413.5714 426.0379 457.7007 488.6136 521.3557 531.9816 528.7291 515.2153 508.967 499.1992 495.3273 518.8022 512.0725 516.676 496.2871 466.1895 458.2705 455.5208 470.9127 462.7558 462.7107 447.043 474.5982 480.2448 475.0252 466.7186 442.7126 447.5619 445.5672 439.481 439.9183 432.4344 436.8796 436.8622 436.4492 438.5924 445.6919 450.1089 433.3844 428.412 435.6945 435.1422 445.061 445.8935 441.2423 439.7949 468.0069 457.6757
450.1708 454.8915 445.5412 436.5975 435.8826 410.765 397.646 384.8279 385.2982 389.92 385.5238 387.4325 402.8295 414.1231 447.3966 459.207 503.456 523.798 507.7787 518.7449 538.7518 543.7239 520.2695 507.7639 492.7972 515.7477 499.6967 493.433 481.4358 474.6725 458.3785 455.0623 452.6138 452.7881 458.5443 468.9225 466.1502 471.3583 462.8581 454.9773 466.3961 452.4958 442.5817 447.1516 443.6471 440.0606 442.0862 449.6455 458.4879 455.8396 460.2546 459.4597 445.1703 435.9684 430.8431 436.2026 434.183 434.9329 444.2678 446.9818 443.7844
430.192 432.8365 418.2701 411.5584 416.9845 402.0691 396.8746 389.8401 387.2054 394.1729 387.6259 386.3241 399.9989 438.424 456.6693 494.8039 515.6218 513.8061 527.7123 528.2719 518.7875 526.1942 523.2291 511.7737 498.3992 485.5164 491.4122 482.3101 487.0779 474.9338 476.1606 481.1154 454.8154 454.5074 466.1882 473.1631 471.8963 480.7281 462.0016 458.5715 462.838 461.8659 456.0695 454.2433 444.3575 447.9125 447.9696 443.4609 450.64 469.3139 462.9545 466.9044 470.2167 460.3524 440.313 438.4741 447.3523 444.0786 448.8444 447.3369 451.9844
430.5957 418.2765 412.2359 399.6252 394.0647 395.8625 391.3248 392.9482 396.6938 402.0147 391.3126 386.1344 428.6973 467.1451 501.2026 504.5947 520.0159 522.7233 496.7535 485.2798 495.1265 489.6518 498.5366 510.403 508.4394 488.1915 490.4402 486.1324 486.0883 486.956 479.7021 464.4665 456.4011 456.225 469.6203 475.5257 500.0172 489.5847 479.1578 470.7285 461.149 466.2693 448.337 448.0262 447.0724 450.0228 445.9961 439.6006 454.2683 453.2764 445.1747 463.2942 471.0258 468.0697 449.9452 436.4453 448.1028 446.0456 432.6248 450.6482 459.6311
481.4141 466.3643 468.0142 436.2105 415.7175 403.5302 416.9284 433.1898 454.0917 421.4768 395.57 392.5869 438.2988 429.7082 436.701 452.5557 452.3569 451.1651 451.2201 458.2439 466.5866 479.0868 506.5385 517.2668 529.5715 520.1393 504.21 501.581 486.9324 495.6754 495.5423 484.1721 487.6407 471.6911 469.4707 473.7903 486.0987 499.5382 486.0217 480.1706 476.3275 466.514 457.1834 448.4511 442.3015 440.9477 442.5326 445.923 452.0636 447.7344 457.9902 459.6615 461.4702 458.9092 444.6368 436.8073 435.0309 450.8418 466.7525 456.553 465.933
490.4052 475.9966 440.2666 409.1106 424.1266 446.6132 484.381 487.1342 481.3925 403.1624 394.5048 401.5295 464.8489 461.1968 451.1848 439.4431 460.4846 475.0829 481.5776 482.3964 485.5174 491.7988 516.3932 522.6772 528.4472 544.1056 542.1832 509.1039 484.8864 487.803 471.1609 476.9023 493.5284 485.2581 468.1285 476.3908 487.2709 496.5597 489.1555 484.2285 491.761 473.6506 460.2801 450.9683 445.6926 467.8121 463.0638 459.7965 460.6755 457.8637 469.1797 468.594 466.7779 457.8764 444.4832 437.0482 441.1819 444.3143 462.1929 461.7148 455.6236
496.9476 493.4973 479.3116 438.9757 448.8028 447.5075 446.601 456.1454 458.2211 407.1278 396.7984 403.2712 436.5061 455.635 451.1638 467.3183 459.9832 474.0943 497.9849 509.8614 514.0343 511.2687 519.5126 523.7206 516.0473 517.065 500.8731 510.6404 502.5619 473.6227 460.6006 461.8142 471.9426 491.144 484.0739 502.4838 490.0045 498.5034 502.5735 498.7644 489.5624 482.7896 467.1427 461.8012 458.8492 471.6986 496.9464 479.7112 472.0657 472.1466 463.0652 468.1233 461.7441 452.0506 450.2499 441.034 445.1282 447.3126 448.4574 458.5818 463.2086
429.518 450.5392 450.0999 436.6946 481.9669 478.7988 484.0499 489.5439 463.6267 429.4799 416.9864 426.1797 446.5723 443.7067 483.9538 496.0693 511.5747 509.243 533.2895 546.7993 530.4138 521.0859 515.0742 505.2916 486.3633 481.3799 490.8302 492.3072 506.3262 479.7494 458.5156 457.3514 464.9625 483.0521 516.8451 502.7939 499.4853 509.6465 507.1976 499.6725 493.0738 481.196 468.956 459.181 459.3123 476.3848 489.9097 514.502 496.79 468.132 483.2056 476 469.5095 463.4296 457.9078 441.264 440.006 446.3426 460.7021 440.7941 451.0977
486.5804 480.5512 471.3625 469.5598 481.1067 480.9279 470.1356 456.7176 446.1048 467.954 465.3571 448.6033 440.8732 432.2886 472.7917 502.5991 499.4183 480.0136 498.6587 502.9932 506.6923 508.7899 493.85 487.6217 465.1064 482.7439 455.0244 449.1794 453.3182 449.9184 444.9066 445.2945 452.1398 468.9484 490.5558 498.4073 496.1082 488.8275 490.8068 501.9106 519.9896 495.3309 475.1461 465.0517 462.6127 459.0734 469.0396 484.7111 487.9323 496.7659 487.8525 482.9976 468.438 452.9375 445.5171 445.7669 445.0758 446.6238 448.9251 450.3704 454.9
497.5833 481.7049 487.2392 489.016 492.4281 488.5302 489.1266 504.9582 459.1531 457.5677 448.0396 451.2152 423.6328 443.8131 444.26 453.7589 450.4807 458.6259 458.4106 446.0061 468.0361 459.2036 452.5743 447.8834 461.602 462.3948 463.1477 488.7054 517.7086 488.3761 460.2738 451.1445 445.4922 442.8613 450.7894 464.1015 479.5012 470.7601 469.4778 494.4732 503.144 486.9114 483.8918 478.0918 472.7243 476.315 464.1982 464.3674 481.8097 492.1275 495.179 477.0136 457.4847 450.2835 446.6676 440.4737 441.8949 454.6193 446.1656 458.1206 463.675
536.3787 502.6537 511.5886 501.8474 515.6391 518.2285 515.4333 513.2123 497.9994 492.8845 473.4209 444.6888 426.9297 444.758 460.8348 441.8927 439.9536 423.1571 453.7415 465.8808 461.6524 461.3413 453.1575 476.2475 484.153 501.4392 483.7753 481.3 502.8391 485.3144 483.6003 468.3645 459.0901 460.2836 453.9312 445.5109 451.4786 462.3574 467.2714 477.2344 481.6852 503.1973 496.1825 477.3278 473.8475 473.2606 476.3894 471.2809 484.087 480.0109 472.0111 467.2333 459.7538 464.8034 449.1507 446.1306 445.2636 456.9481 459.8801 456.4136 455.3548
623.3732 535.0701 518.6138 519.1126 505.9109 515.1769 526.0247 544.3998 515.1859 485.5891 458.2516 442.1728 443.7898 475.0646 463.5777 457.1445 469.9158 461.0384 432.003 439.3205 469.2096 483.0592 480.7571 509.6154 520.0099 508.8411 495.6902 485.1324 498.6539 473.2213 472.0641 488.9412 479.905 471.3875 456.3266 459.1121 461.5716 447.36 450.8041 465.5387 475.922 487.9346 496.8273 486.3292 480.579 477.59 468.0206 472.8791 476.0113 470.3441 463.1336 467.8436 459.9513 458.8194 455.5175 455.2495 450.7981 449.5141 449.6075 455.2674 462.6162
551.7867 540.9537 531.9644 544.9889 534.2108 523.7679 525.577 536.5048 512.9738 492.1352 485.3564 464.6529 476.2173 492.4113 501.2386 493.4071 489.4862 484.9579 480.4533 488.6324 467.4434 437.9859 453.151 498.1478 499.4544 499.4387 500.6473 494.4507 478.1251 462.4534 464.2134 465.5501 470.0498 473.4276 462.5837 462.6057 462.2838 459.2422 449.6176 452.6868 471.3948 488.8652 504.4099 506.0514 498.3534 486.1992 479.1948 472.8174 468.3286 467.5674 460.6569 460.9039 469.3859 469.8615 456.7554 455.0912 453.4795 448.1946 450.1609 463.0722 461.2739
533.7374 545.2675 547.7004 548.7838 556.6802 543.3255 539.9172 535.4385 516.844 508.3328 484.5317 515.9806 505.8114 499.149 521.2693 514.3259 487.6238 486.3884 550.9457 558.4412 498.4344 486.4783 458.5931 456.4576 460.9208 480.799 471.5152 459.1839 464.0385 462.2787 476.4757 468.1791 475.5077 491.2802 508.9554 489.8531 473.6778 465.7306 469.076 468.6622 453.1308 457.8191 479.3929 489.9321 506.5078 507.0099 490.2057 477.14 475.3956 471.6723 465.8932 472.0285 460.5108 459.3763 456.8904 460.3773 468.7351 457.8716 453.4114 448.7687 454.8877
533.3301 537.1937 550.2204 559.9989 561.4063 553.2316 544.4778 539.9659 530.2234 482.6485 480.821 527.1147 524.7441 540.1034 561.1908 559.1329 544.3038 546.9193 517.8008 521.353 516.0706 510.3647 494.3348 469.4348 474.2552 461.6233 475.965 474.0483 453.2156 476.1909 485.7111 490.3644 486.7395 480.0071 519.8675 506.002 482.9721 470.4377 469.1204 471.9554 466.947 462.3623 461.5566 466.2712 470.538 475.1587 487.6731 473.2833 479.246 467.4337 466.7709 473.0035 461.924 463.8546 463.8864 469.6893 479.6299 482.5024 472.1171 452.0613 455.2033
506.0351 532.9681 549.2867 546.8076 552.4091 559.7094 560.5613 544.9733 533.6366 519.1186 480.2833 516.32 546.6671 593.3455 604.2958 570.6964 559.2568 557.4637 532.1894 531.4667 517.8347 494.7579 470.2117 482.7607 500.217 490.8895 493.2732 488.0946 480.5527 479.6111 475.6593 483.0827 493.6819 517.9628 541.9886 533.3866 524.9612 494.6714 483.944 473.6916 479.9536 484.177 473.7927 471.461 469.3139 461.1024 462.8801 467.8968 477.8776 469.4826 460.3344 462.0198 465.6854 469.2949 475.8411 471.5125 469.8464 480.2299 496.7591 466.0616 460.1996
530.0844 533.7731 531.9921 544.2318 545.988 546.1841 551.4035 552.5028 539.3895 509.1299 487.9666 522.4418 549.6221 570.7993 552.7382 556.3745 548.4578 534.243 542.1451 545.0311 527.8926 493.7109 523.2233 529.8829 543.5972 517.3301 532.1002 533.6372 524.2828 501.1908 500.5463 482.5329 495.079 506.636 513.5063 531.2873 524.2047 496.3518 490.9395 488.8888 479.8471 490.481 491.4363 483.399 477.9775 464.3123 467.0546 468 472.933 478.5665 481.9388 486.5871 489.0336 478.8842 476.8004 478.5365 477.228 471.34 470.9694 467.153 458.7554
549.184 575.8354 575.3126 541.9883 552.5425 557.4401 557.3636 543.2647 530.4493 525.6884 517.3015 512.4267 522.3721 575.0209 615.9594 556.1322 536.2135 542.1695 529.3948 520.6929 508.3742 520.5908 502.9659 553.8009 560.5309 537.8588 542.4856 546.4067 560.1617 545.4754 536.0362 507.134 513.4667 517.399 513.4618 511.9532 507.5529 516.5984 502.0434 485.0839 480.073 479.6129 475.3222 470.3594 465.479 466.5992 471.3937 492.7882 473.196 479.2186 477.0458 482.5749 478.3243 477.7598 476.4143 484.8065 473.5258 475.591 470.5568 467.4671 464.8463
574.5832 610.0901 583.9706 566.6979 568.1047 594.3566 632.4266 599.9316 560.8782 540.7037 527.999 509.4803 521.0356 563.1299 535.2255 534.9421 544.5079 548.8579 531.6145 527.5838 549.256 523.5399 532.6257 547.7917 568.3118 559.6529 553.9078 578.7411 570.0486 563.967 537.778 518.9942 537.2101 530.7256 517.6651 508.2127 509.1938 513.0372 517.817 520.9567 501.9283 484.5233 479.2268 474.0945 474.0756 497.2055 512.6755 499.8615 491.9988 482.109 475.3305 480.7982 487.7534 493.0012 484.3021 495.017 487.9121 483.077 478.4608 478.8742 477.4912
600.8759 664.8508 666.7231 605.0155 618.0969 599.6144 609.7995 631.8411 594.8314 577.9878 567.8039 539.9026 538.2498 536.6458 499.6985 538.4349 591.4776 582.973 577.8987 566.0032 648.8138 670.199 617.2632 552.5207 578.4864 567.1909 600.0471 607.0186 575.4475 559.1937 560.2594 549.1328 532.8685 549.351 539.9801 520.0378 511.5184 533.2075 524.9645 519.3615 514.8752 514.9007 479.7789 522.0875 534.1435 544.0048 527.148 531.0513 535.0872 533.3284 543.3093 516.5232 486.277 483.4824 484.7262 506.6648 500.1291 497.1271 480.5107 476.999 479.4627
