MapLib/Lvl1_5x5/BG/Ele_BG_EE.asc
ncols         557
nrows         557
xllcorner     2227500
yllcorner     3894669.448
cellsize      1000
nodata_value  -9999.0
[rows 378 to 404 of 557, columns 366 to 426 of 557]
-433.2123 -423.2458 -415.8979 -412.8553 -423.9205 -445.9572 -449.6682 -444.8467 -437.6525 -430.8323 -430.5771 -432.827 -442.1072 -453.1555 -466.2505 -482.7036 -503.46 -511.5947 -509.9595 -512.6547 -516.6672 -519.7894 -521.6146 -521.0314 -515.3301 -497.4325 -478.1734 -458.1657 -447.3788 -449.4343 -453.7054 -458.063 -460.9028 -462.9492 -465.2432 -468.1656 -474.4359 -481.5129 -490.7646 -499.0248 -502.484 -508.3138 -515.8547 -528.2559 -545.6147 -577.5509 -617.2191 -651.8865 -684.3282 -711.1488 -733.7845 -738.8275 -744.1763 -749.6782 -752.0613 -750.6217 -756.0494 -765.9887 -780.3027 -796.2756 -813.1943
-452.8933 -439.619 -428.7541 -421.5056 -433.0701 -458.6877 -461.021 -451.5582 -440.0416 -428.5299 -423.0781 -420.1166 -423.7444 -427.7549 -432.3009 -442.5549 -461.7312 -472.3006 -475.2253 -486.5691 -501.3287 -511.0999 -518.1248 -517.9651 -510.2917 -484.2039 -455.4571 -427.5223 -415.8047 -423.981 -435.007 -448.6348 -456.5302 -463.0027 -468.6465 -475.0662 -484.2312 -493.7833 -505.1558 -513.8954 -516.2282 -521.7025 -529.3633 -541.4833 -558.7888 -587.9409 -624.3261 -659.0129 -694.1235 -725.4312 -752.9733 -762.1959 -771.9037 -784.0425 -791.4896 -792.5359 -800.2432 -811.9568 -821.9985 -831.0126 -841.3976
-479.2416 -460.1139 -446.4493 -441.3522 -447.6635 -462.9185 -462.1461 -454.6748 -441.8063 -427.498 -417.2568 -407.4899 -400.2053 -391.9744 -383.0374 -379.8042 -384.2549 -396.8606 -415.7898 -442.1919 -471.5674 -492.1799 -508.8582 -509.7888 -501.6031 -473.1999 -442.474 -413.1908 -401.0874 -409.9256 -424.9187 -443.046 -454.0464 -460.5388 -466.1655 -472.2611 -484.9733 -499.1952 -514.1414 -527.4114 -535.0922 -542.3015 -546.5318 -560.0391 -580.0472 -604.5671 -631.6258 -660.5637 -688.9872 -716.0797 -741.2286 -757.7271 -773.6993 -789.8002 -802.9111 -811.131 -822.3459 -835.3317 -844.8921 -853.9062 -861.0664
-508.6726 -484.7862 -469.1313 -465.6689 -467.8192 -474.1542 -470.4014 -461.8754 -444.8864 -426.8481 -412.9745 -399.0724 -382.7722 -364.6437 -342.6333 -324.4004 -312.2058 -327.4827 -362.8409 -403.6155 -446.4438 -476.9724 -501.5371 -505.0162 -497.6345 -465.9873 -432.5736 -400.6678 -387.6213 -399.0157 -417.8336 -440.9395 -451.2316 -455.2326 -458.5555 -464.1939 -481.6944 -500.8662 -521.1776 -538.1559 -547.2038 -552.9321 -554.2376 -567.9901 -591.1978 -613.7348 -636.5964 -659.6397 -682.9908 -704.2167 -725.3911 -748.2323 -769.8076 -789.3976 -806.5125 -821.6934 -835.4562 -849.0222 -859.1107 -868.0784 -874.3871
-542.0968 -516.7306 -500.2478 -497.3599 -496.409 -496.3701 -487.0169 -472.7372 -450.9483 -427.5549 -412.7273 -396.8912 -375.8974 -349.5255 -314.2924 -280.8393 -250.3163 -266.9362 -321.0824 -375.1644 -428.6306 -467.1098 -497.3881 -504.9333 -499.5467 -465.3822 -427.6671 -390.3708 -375.9886 -392.5362 -415.8224 -443.1158 -448.8303 -445.8059 -445.0461 -449.1388 -471.9959 -498.6422 -525.137 -544.7399 -549.3591 -550.5007 -547.9106 -562.4213 -588.4694 -613.163 -637.1124 -656.4061 -674.7892 -689.4166 -704.8702 -732.8645 -758.2949 -779.7482 -800.4612 -819.3228 -835.3289 -849.419 -860.2152 -870.0268 -877.9486
-593.0449 -561.0388 -542.8005 -543.5416 -538.7289 -529.7983 -511.8459 -490.3542 -464.0188 -437.4933 -421.153 -403.9539 -381.5595 -353.3511 -315.4156 -279.8948 -247.9458 -264.1362 -318.6786 -374.6357 -429.8525 -467.5109 -496.339 -503.4441 -496.9843 -465.6167 -430.9185 -395.9781 -381.1008 -392.3311 -409.476 -429.9604 -432.9475 -429.037 -430.3563 -437.3443 -464.4641 -495.9056 -525.6974 -548.0198 -551.6812 -552.3582 -549.1333 -562.2887 -588.2949 -613.163 -637.1124 -655.1472 -670.6497 -683.1511 -697.5868 -725.2174 -751.4244 -773.8586 -794.9301 -813.5648 -829.158 -841.7477 -852.8231 -863.8684 -871.5748
-658.0067 -618.7606 -597.4747 -602.5413 -593.5637 -572.7789 -544.3828 -511.8917 -483.0308 -455.0273 -436.9084 -419.286 -398.9201 -374.4674 -341.5456 -314.49 -295.9438 -310.626 -351.5912 -398.5459 -447.9221 -477.5583 -498.5759 -499.6662 -491.0344 -466.9763 -440.6689 -415.1415 -399.3948 -396.6841 -399.1237 -405.6558 -407.3454 -407.1148 -414.2231 -427.8511 -458.2057 -492.0199 -523.865 -548.5823 -555.2921 -558.5201 -556.6359 -567.4655 -589.2048 -613.1412 -638.1124 -655.1472 -670.6497 -685.0709 -700.6133 -725.0416 -748.6945 -770.5618 -789.5778 -804.7875 -816.5006 -826.0209 -837.5202 -848.967 -856.8574
-726.1149 -731.157 -725.0962 -699.8311 -663.9393 -619.3374 -575.8945 -532.384 -500.3245 -470.5755 -455.8937 -441.6296 -429.6837 -412.4664 -385.5231 -365.8028 -355.8711 -368.972 -399.9191 -438.859 -480.5214 -499.0223 -509.8835 -502.3217 -489.9869 -469.9541 -449.63 -430.6075 -413.8857 -399.7868 -390.6477 -386.6224 -385.3857 -387.0093 -396.4195 -413.0077 -445.7528 -482.6508 -518.8552 -547.7776 -557.6517 -562.2336 -559.0375 -567.3687 -585.9335 -610.0308 -636.0768 -653.8824 -669.4497 -684.8394 -702.5663 -724.5615 -746.4391 -768.2913 -784.8859 -794.6157 -801.5493 -806.9406 -817.2952 -830.3772 -839.0769
-795.6943 -868.5056 -883.9821 -812.7432 -740.5712 -666.9741 -606.4595 -551.1814 -516.2484 -486.3668 -475.2293 -467.5519 -465.5521 -457.7191 -437.2827 -424.2259 -421.0367 -432.9517 -455.8767 -487.4546 -521.2457 -526.9951 -524.7162 -509.6259 -491.8838 -474.3511 -457.5178 -443.5388 -424.9367 -401.2944 -383.7044 -369.8723 -367.0832 -369.4698 -379.0631 -395.0199 -429.8427 -469.6581 -512.1303 -545.8283 -559.2222 -564.1846 -558.3143 -563.9715 -579.8622 -604.3735 -632.4333 -650.0934 -665.618 -683.6772 -702.5663 -723.3256 -744.4227 -765.0034 -778.7917 -783.1733 -785.3742 -786.1225 -796.1705 -809.7791 -820.2274
-888.8688 -923.3511 -917.6974 -851.9498 -777.1202 -694.5786 -627.3555 -566.9531 -531.3054 -501.3071 -494.5342 -490.4828 -493.3887 -491.2582 -479.8329 -472.4682 -472.2027 -482.0661 -500.1645 -523.1378 -547.3514 -549.1503 -543.5466 -525.6375 -504.7489 -480.9188 -458.0656 -436.805 -416.5858 -396.5467 -382.0425 -371.0303 -367.9794 -368.1384 -373.5121 -383.8013 -410.4293 -442.4337 -485.6679 -521.8292 -540.1725 -548.2441 -543.4266 -548.6133 -562.2476 -583.7073 -609.6679 -630.2706 -650.2614 -671.7916 -693.4976 -714.0002 -734.1168 -752.3073 -764.0293 -769.3183 -772.8433 -775.2573 -783.8204 -794.5483 -804.1786
-985.5386 -959.587 -923.8251 -874.1575 -804.2487 -716.8065 -646.5828 -582.1722 -546.0227 -517.0778 -513.4792 -513.0887 -518.8168 -521.722 -518.8533 -517.9641 -519.5475 -527.3398 -540.6482 -555.483 -570.0981 -569.0544 -562.8595 -543.6475 -519.4954 -487.9222 -455.6172 -425.7699 -402.579 -390.0126 -381.7657 -376.6876 -373.3989 -371.5157 -371.1294 -374.738 -388.9511 -411.0122 -452.849 -491.2867 -514.8744 -527.1348 -523.8664 -529.5238 -541.6325 -560.2398 -581.7206 -606.444 -632.3817 -657.8678 -682.0508 -702.5534 -721.0998 -735.9303 -747.3616 -755.0862 -761.2853 -767.6059 -774.2395 -781.7315 -789.5114
-1030.062 -1021.1144 -983.8223 -903.6 -816.1985 -722.4573 -654.2915 -597.3683 -563.3118 -535.119 -534.1945 -536.8725 -543.9686 -548.7893 -546.2292 -544.5549 -544.1953 -551.0236 -562.8143 -574.9707 -586.7232 -586.2643 -581.4154 -564.7181 -540.5444 -501.1899 -460.3072 -418.7054 -394.5792 -393.8599 -395.4139 -398.3146 -394.2683 -386.7178 -378.0788 -369.3734 -361.3535 -362.6205 -398.1927 -429.9322 -448.0373 -466.1024 -485.2703 -503.0185 -520.2057 -537.469 -555.1483 -582.4958 -612.4872 -641.2971 -668.3514 -687.9745 -705.8123 -717.9688 -729.9255 -741.5491 -752.187 -762.2145 -768.9974 -774.2492 -781.062
-1067.5054 -1069.7565 -1029.5254 -924.9109 -824.95 -728.8203 -664.8832 -615.8203 -583.5575 -556.047 -557.2188 -560.6077 -568.909 -573.4864 -570.9066 -568.5226 -566.2693 -571.2437 -581.3993 -590.8817 -600.2641 -600.7843 -597.5392 -583.7109 -560.6912 -516.8283 -468.8207 -418.6458 -393.6191 -402.4432 -412.3508 -421.2004 -415.6029 -401.929 -385.0753 -364.4789 -336.5134 -319.6639 -347.6358 -373.1754 -387.2899 -411.8385 -451.4187 -480.4275 -502.0477 -517.5648 -531.4766 -560.6174 -593.7916 -625.3991 -654.9163 -673.6598 -690.8143 -700.7747 -713.5445 -728.3216 -742.2484 -756.3304 -763.6815 -768.2794 -774.6096
-1073.3307 -1027.4487 -967.1158 -887.0977 -814.1146 -748.6827 -698.2769 -655.8986 -624.071 -595.727 -588.9116 -584.5543 -585.3561 -585.5612 -582.3534 -579.2278 -577.3341 -579.8365 -586.6448 -593.8107 -601.1678 -604.3712 -604.6252 -594.2446 -576.2303 -540.096 -500.809 -462.0238 -440.3311 -441.1329 -443.6975 -447.1566 -435.4428 -416.7062 -391.0664 -362.544 -333.2429 -313.5737 -328.8516 -349.7312 -377.8294 -412.8198 -456.3551 -485.5939 -504.813 -517.6561 -528.8938 -553.5537 -583.3945 -614.3635 -643.4695 -662.213 -678.0446 -689.3279 -702.6511 -717.7001 -732.38 -746.9935 -756.9662 -766.2432 -775.761
-1079.7278 -981.3305 -901.8013 -849.92 -808.0015 -773.4077 -736.7348 -698.699 -665.6737 -634.5637 -618.1807 -604.8839 -599.9338 -595.1304 -589.6559 -585.7516 -583.3154 -584.3527 -586.8517 -592.2057 -597.9717 -603.6096 -607.5847 -603.0563 -590.1566 -561.6342 -531.3464 -503.2441 -484.3488 -478.6715 -476.0208 -474.1145 -457.4574 -432.523 -400.1266 -366.1646 -337.2636 -316.3178 -322.8269 -340.3862 -380.7698 -424.0491 -471.6791 -499.9344 -513.8922 -521.6271 -527.5951 -549.3341 -575.1277 -605.8039 -634.3812 -650.8418 -665.9625 -677.4355 -691.4912 -706.98 -722.9612 -738.486 -752.2441 -765.6552 -778.1998
-1088.2152 -928.1591 -827.4667 -816.3756 -811.2815 -811.9223 -786.3388 -749.6213 -709.9112 -670.0491 -642.8938 -619.1259 -606.5693 -595.3863 -586.5027 -580.0193 -578.1012 -576.5549 -576.3798 -579.4874 -584.4574 -593.4812 -601.643 -605.1692 -601.6912 -579.3224 -556.2129 -537.1376 -522.7228 -513.5914 -508.2662 -504.568 -483.3277 -453.2218 -418.1811 -383.8296 -358.264 -341.6633 -347.5956 -366.3631 -412.6755 -461.9402 -512.5605 -536.4092 -538.9968 -536.0538 -531.8666 -548.983 -572.5515 -601.52 -628.6169 -640.593 -652.2296 -664.3273 -678.4909 -696.5468 -714.7097 -732.7655 -750.1425 -768.3951 -783.5787
-1112.3146 -933.6651 -827.3019 -829.0695 -838.9911 -855.7148 -834.6796 -796.8929 -748.8271 -699.5958 -660.5829 -626.0054 -605.0394 -587.9066 -576.1405 -568.4326 -565.6936 -563.1928 -560.9694 -563.2048 -566.968 -577.416 -588.5214 -597.1926 -599.4678 -584.0508 -567.6179 -554.817 -544.0883 -535.9245 -530.2079 -525.9348 -503.4973 -473.6411 -440.5257 -409.3622 -391.7361 -380.8615 -386.2286 -405.253 -454.7321 -503.5211 -550.3871 -569.188 -565.922 -556.8082 -547.1933 -557.6445 -573.6834 -595.7061 -616.7256 -625.6895 -636.1193 -649.78 -665.7483 -686.3276 -707.1646 -728.9073 -750.3231 -771.376 -788.4444
-1156.6713 -1015.4899 -922.6143 -902.9574 -898.4773 -907.0589 -880.7615 -839.7798 -781.8134 -720.5466 -670.1714 -624.2597 -593.7064 -569.0702 -556.4591 -547.4748 -544.5697 -541.8752 -539.4285 -540.7851 -544.0906 -554.6002 -566.0912 -574.9342 -579.5864 -571.5767 -561.6521 -551.685 -544.8197 -542.2985 -539.0572 -534.8607 -517.0686 -493.3792 -469.0674 -447.0914 -440.3849 -438.5746 -443.8953 -462.0124 -508.8174 -550.0646 -584.1085 -597.2026 -595.1785 -587.5436 -577.6374 -577.1473 -578.9659 -587.3478 -596.1464 -605.6259 -616.9057 -632.4966 -652.1127 -676.0013 -701.7283 -729.1273 -753.087 -775.4843 -793.3363
-1178.1445 -1072.7681 -1000.7001 -977.6271 -968.4135 -971.6644 -935.8894 -881.7687 -808.9581 -733.2878 -673.4306 -618.6524 -580.3156 -550.0701 -536.0873 -528.1865 -524.8024 -520.5279 -516.4333 -516.2167 -518.1456 -529.3622 -541.7986 -551.6312 -558.4318 -555.1318 -549.3615 -539.8013 -536.3245 -542.0734 -544.016 -543.8124 -530.8859 -512.9382 -496.6522 -484.9282 -489.2944 -500.2733 -523.2117 -549.2438 -578.4684 -602.8813 -619.5742 -625.5574 -623.6003 -617.4973 -608.3466 -599.1208 -590.8715 -585.5645 -582.4162 -589.6823 -599.7894 -616.1339 -636.443 -661.6199 -691.5361 -725.2831 -749.7816 -772.6649 -792.6313
-1182.2452 -1111.8589 -1063.9192 -1051.4722 -1046.389 -1047.3462 -996.6309 -922.4592 -832.5215 -740.4483 -673.0291 -611.2866 -564.7057 -529.799 -516.4642 -508.5634 -505.1794 -499.845 -492.7576 -490.0015 -488.7517 -501.2648 -516.1796 -528.0585 -536.7824 -536.0546 -531.4551 -521.4832 -521.7635 -536.0888 -546.4325 -552.7695 -545.2529 -532.1844 -524.1945 -522.3519 -538.4249 -565.0927 -618.5017 -658.2719 -660.2582 -660.008 -657.8201 -654.5554 -651.1995 -645.8724 -639.4165 -624.0196 -606.422 -588.1382 -574.0429 -577.3991 -584.6862 -599.1072 -618.4551 -644.6193 -678.1876 -717.6946 -743.0406 -764.0508 -787.1705
-1186.7236 -1140.4491 -1110.077 -1103.6714 -1097.4739 -1090.8947 -1033.0742 -951.8879 -854.4221 -754.7225 -682.4008 -615.7072 -566.9756 -529.0599 -511.6285 -498.5306 -490.9172 -482.6648 -474.264 -470.1492 -468.5254 -480.1655 -495.3606 -509.6001 -521.0362 -524.2198 -524.4877 -519.8226 -524.0664 -539.1542 -549.9268 -557.5305 -552.9292 -544.0309 -541.2857 -546.3102 -570.236 -604.7527 -663.0121 -704.4558 -701.0983 -694.4829 -683.1588 -675.5786 -670.9942 -667.2285 -662.0824 -647.6659 -630.1414 -609.509 -590.4053 -584.2764 -581.8601 -586.394 -599.4309 -621.7363 -651.8273 -687.3315 -714.4332 -739.0914 -763.8461
-1191.0739 -1164.8901 -1148.4487 -1147.8195 -1138.9454 -1122.1252 -1060.0015 -976.7365 -875.7912 -772.5189 -695.003 -624.4847 -575.1519 -535.7874 -511.5235 -493.2564 -479.8386 -467.8033 -457.3325 -452.9937 -451.2092 -462.1777 -476.895 -492.502 -506.9423 -514.6448 -520.8062 -525.2415 -532.7517 -545.8973 -554.451 -560.8372 -558.038 -552.5408 -555.1437 -564.5977 -595.7153 -634.8806 -687.193 -725.1343 -725.798 -718.7802 -703.6023 -693.0836 -688.203 -685.165 -681.8514 -671.1078 -656.9788 -637.3083 -617.2195 -598.9562 -583.9281 -575.4733 -579.2796 -596.2369 -619.4557 -648.5729 -677.4847 -706.7214 -734.0339
-1183.2255 -1163.4227 -1155.3744 -1162.8798 -1158.8922 -1146.9863 -1081.0459 -992.1202 -888.0529 -782.2878 -708.1502 -640.0204 -593.1753 -553.7713 -525.9064 -502.3019 -483.9738 -467.6777 -453.5765 -444.5822 -438.4369 -449.0187 -463.0866 -481.3135 -497.4573 -505.6331 -513.5327 -523.1685 -534.1587 -547.6728 -558.4146 -567.7693 -563.5803 -556.1077 -563.4351 -579.7775 -613.8828 -654.5083 -700.802 -733.0685 -730.9145 -722.5651 -705.16 -698.0726 -697.8026 -699.3442 -701.1549 -696.3765 -688.8113 -673.6537 -656.5135 -630.147 -605.2064 -583.5681 -577.6949 -590.9527 -606.9437 -625.0254 -651.9819 -681.7723 -706.9719
-1172.4247 -1158.1143 -1155.8549 -1170.8033 -1173.3281 -1165.7164 -1099.1483 -1005.3834 -898.9242 -792.1604 -721.7639 -657.8181 -613.3379 -573.5171 -542.8741 -515.3502 -492.0553 -471.3235 -452.8766 -440.0612 -428.972 -437.5094 -451.7207 -469.9324 -486.843 -494.2634 -503.2834 -517.0507 -531.5489 -547.0464 -560.8978 -573.8396 -569.1508 -559.3275 -571.6113 -593.4589 -630.3 -669.5546 -709.9241 -736.3577 -731.2837 -721.7354 -704.9492 -701.0941 -706.618 -713.4683 -720.3186 -721.4991 -720.2692 -711.002 -696.7966 -665.4657 -632.4954 -598.9412 -584.9385 -595.3373 -603.1036 -610.4042 -632.7236 -660.6119 -683.1652
-1153.787 -1149.8973 -1151.8586 -1163.8146 -1161.4569 -1147.5834 -1086.4634 -1004.7539 -910.3315 -814.3049 -745.2468 -683.1713 -637.8826 -598.046 -566.592 -538.3373 -513.715 -490.5739 -468.1155 -450.4699 -436.0811 -437.935 -443.8193 -454.5454 -464.9104 -469.3301 -476.3851 -488.4135 -505.2574 -528.1447 -550.1766 -571.6282 -573.84 -569.118 -583.0715 -604.2613 -634.0792 -665.2999 -693.9758 -713.8727 -715.4144 -713.7366 -707.6285 -710.372 -718.5701 -728.0944 -737.6188 -742.2842 -745.1183 -740.3883 -731.7161 -708.4295 -684.3091 -659.5937 -645.7968 -646.0096 -646.7075 -647.3815 -656.1274 -667.9492 -681.2924
-1135.1525 -1140.6779 -1146.9835 -1154.3171 -1146.6113 -1126.2914 -1072.6493 -1004.0743 -921.8223 -837.3555 -771.272 -709.7144 -663.3518 -622.9588 -591.0054 -562.6584 -538.308 -512.238 -484.9348 -463.6971 -444.9425 -439.8196 -438.207 -440.1912 -443.2383 -443.1248 -446.3522 -455.7524 -474.1711 -504.2253 -534.9636 -565.3612 -575.277 -578.2797 -593.7747 -613.4456 -635.7535 -657.1868 -673.8103 -687.9608 -697.1553 -704.7898 -711.1083 -720.1903 -731.2131 -742.2865 -753.7333 -760.5359 -766.6177 -766.2534 -763.3708 -750.0247 -736.8583 -723.7114 -712.5101 -704.0062 -697.3976 -692.0522 -686.3796 -681.1182 -683.3207
-1117.9192 -1131.3726 -1139.8524 -1142.8126 -1131.5646 -1108.5254 -1062.4784 -1005.9414 -934.9496 -861.582 -800.3751 -741.1554 -692.1757 -647.9081 -614.3747 -586.1151 -564.2178 -536.4903 -504.313 -478.923 -457.1501 -445.1537 -436.9685 -431.6259 -426.6161 -418.6472 -414.2636 -415.6916 -432.9053 -470.9077 -509.4341 -547.7851 -569.083 -583.4619 -600.9905 -619.2785 -631.6126 -642.2763 -650.0646 -660.8965 -679.505 -697.6154 -714.4553 -728.9279 -742.1651 -754.3685 -765.7603 -773.5231 -779.2948 -785.4967 -789.2281 -786.5783 -785.7476 -786.4996 -780.0012 -765.9068 -753.7419 -744.6739 -724.4022 -700.5019 -689.5515
