MapLib/Lvl1_5x5/BG/Ele_BG_BD.asc
ncols         557
nrows         557
xllcorner     1670500
yllcorner     5565669.448
cellsize      1000
nodata_value  -9999.0
[rows 493 to 521 of 557, columns 396 to 461 of 557]
231.7146 241.7872 249.4174 251.2039 239.6197 252.12 238.9677 234.1959 243.4276 245.5751 238.3975 234.8369 240.9979 235.9066 250.3824 249.4235 248.7823 263.0094 268.4755 259.0961 267.2224 253.9368 260.7423 259.9872 260.1103 261.4389 276.8568 284.1333 283.6015 279.4696 274.9295 279.5097 277.1005 271.4469 269.656 274.5824 278.2933 282.2318 277.309 290.5654 287.4488 303.5172 293.9884 294.5355 304.3598 298.8117 294.3876 302.9698 320.7507 305.5912 314.9949 309.9558 297.3239 308.6176 296.7056 318.3526 312.664 307.1258 324.9745 356.6465 365.7296 329.6699 323.8116 328.5698 330.6068 348.3756
241.4737 242.6712 245.1741 246.6792 260.5402 250.503 237.7837 248.7758 242.3893 243.2378 247.4112 246.5102 247.7202 244.4161 241.3968 244.3634 255.5825 260.9762 255.3341 249.2615 256.396 258.5644 264.1074 264.3708 277.577 265.9775 273.8913 275.1088 274.4943 283.1704 282.5141 277.641 275.7044 276.1345 268.5869 268.2657 282.3867 278.3232 285.6226 288.8322 302.8556 312.6714 295.0882 293.8889 285.8814 280.3281 287.8503 305.9515 301.5595 300.7086 308.3632 308.8565 307.6051 309.0841 307.9758 302.6882 312.3832 303.4005 306.0025 327.0867 328.135 332.385 333.4877 324.8874 322.6141 326.7504
232.9851 255.1472 252.0076 243.2556 253.1947 263.8507 265.7153 253.6445 247.7205 254.6833 250.3456 251.8477 249.7794 249.1953 245.1372 244.0555 246.3713 257.842 263.4178 259.7104 265.1109 277.3876 279.5959 285.6409 266.4726 271.2361 278.3399 278.3962 287.8748 296.8988 284.2497 298.394 295.1501 286.9354 280.8024 289.1625 273.2642 286.9717 280.7117 276.9873 274.2654 277.7937 273.1921 277.073 280.7946 282.7474 299.7869 294.5391 297.8369 303.0874 308.5295 298.8862 306.3428 314.7869 315.0804 301.3789 297.9358 297.7066 299.9946 296.0753 293.6949 294.1734 303.467 301.8071 308.0514 309.2911
242.8976 251.773 250.8248 251.5924 248.7302 255.6798 256.4756 247.7527 248.9336 248.4397 252.5277 253.8651 255.4172 262.5384 260.2162 261.6081 243.2034 256.6877 259.3516 260.5049 258.7757 263.0381 266.9018 270.7596 277.149 279.4261 282.8527 302.2263 303.183 294.5672 309.6782 305.565 307.0862 301.5875 305.039 300.2052 279.1724 282.9661 300.967 298.8194 296.713 285.4815 285.0783 268.4139 281.6236 281.8227 288.6577 286.7464 289.488 307.1914 298.7949 307.4807 307.5511 304.1855 307.8639 313.1738 303.6105 306.2011 314.2182 312.2303 287.5682 290.0951 295.4662 318.5992 302.5105 304.2725
243.6289 247.6409 259.2677 245.1629 248.6811 245.7775 252.7985 243.1322 242.1795 245.7436 260.0388 255.5287 253.3215 258.2112 256.4784 256.0288 247.5124 251.4118 253.7254 257.4059 258.8024 265.9023 277.9956 273.6961 275.3945 279.9123 282.852 299.5821 287.669 289.5435 302.3533 284.3558 291.6925 299.0504 295.5377 311.4092 290.9592 306.1501 302.0645 299.585 285.0614 282.7891 290.4968 268.5182 276.2294 297.9777 293.3188 307.2953 296.6056 299.8808 311.3363 294.6578 301.7513 311.0035 317.7921 304.3743 303.4918 306.1927 313.4194 303.0907 314.8122 295.1927 298.1213 303.9764 305.956 291.7376
255.2088 261.2697 253.4592 254.4942 241.4602 244.7177 252.4657 246.5911 245.9946 247.0638 253.0372 265.7078 263.1062 270.2137 256.2117 251.1817 251.6857 250.8076 252.8186 266.0411 262.5199 253.452 256.2637 261.9077 263.7748 274.3439 282.3555 282.1016 284.8781 282.735 285.8238 280.6164 277.9717 282.6598 286.8208 307.153 291.4345 323.6067 325.1433 301.4397 284.1248 281.6567 276.7657 269.2162 277.6257 280.9977 296.3687 291.8177 308.4788 309.3075 299.6323 297.8934 300.3196 305.6451 302.1533 303.5753 299.3948 303.4984 305.2692 300.8339 318.9799 305.3342 313.5237 291.2757 297.7975 317.0866
266.6247 274.7838 264.765 255.9216 255.7801 253.5415 254.9861 252.7579 250.7368 254.1181 251.3715 253.1607 261.8578 271.748 262.9285 267.9179 255.3129 258.7561 260.7752 257.9852 260.0107 257.7686 256.6873 265.9379 271.9921 273.3669 270.0449 271.3605 275.6105 273.1782 279.3977 273.07 283.7749 289.9096 299.7747 300.3521 308.0739 296.0431 299.217 290.6047 291.3552 290.5313 285.0101 302.2704 290.0898 301.0295 306.3792 300.1471 310.5864 312.4123 309.9368 313.8827 297.7593 331.2427 303.8262 304.6438 303.8491 300.4523 293.3085 299.3049 300.3331 295.8723 287.3607 287.2835 296.5112 298.0992
280.6717 282.4773 278.5795 272.0802 272.8584 265.4044 262.4751 257.5145 253.8267 256.9439 259.8763 255.51 263.6417 266.3009 268.6909 267.4385 262.4981 266.0185 267.7462 283.2213 270.9766 268.4599 258.9292 260.993 281.0285 277.5834 281.2076 286.4542 275.7647 291.7948 298.3954 275.3127 272.2417 286.9094 280.9934 284.5488 293.3231 282.2863 286.3682 285.3998 290.7735 293.8724 297.6287 292.5492 307.559 303.1184 303.2433 309.0859 303.1324 299.3267 312.7654 324.7043 329.6716 313.9247 316.5168 301.0695 301.0579 272.5086 277.6342 287.6573 297.0793 308.9059 281.937 289.9654 295.9299 301.893
271.5501 277.7463 287.1093 285.674 284.5238 277.5929 274.1806 269.4737 269.4077 263.2235 257.6061 256.7815 265.6769 272.2469 273.4493 270.004 268.3838 274.18 276.6348 277.3443 282.5932 273.9025 269.7744 282.3014 266.124 266.3282 264.4648 267.7001 273.3373 291.4458 292.9107 289.5886 284.8105 314.0445 301.8762 281.2215 292.7965 289.7675 291.3168 298.2201 284.6877 304.7354 288.9589 291.6648 300.0633 305.5634 301.8288 297.5339 299.2703 303.6249 293.6624 320.2124 314.8117 304.3799 296.942 285.4721 283.881 275.5917 275.6798 275.3945 283.2311 284.9067 296.8408 299.7907 308.8828 306.8358
283.4011 296.7198 302.7874 297.0502 297.601 287.5884 273.185 270.7467 261.0799 260.3305 257.9914 255.2578 260.5927 267.1781 272.0339 260.1862 258.464 268.8629 272.1639 266.1883 270.3576 278.8009 277.2732 281.4657 263.5306 266.1243 260.1877 267.442 287.3251 279.6927 289.5618 284.7148 278.8589 292.8756 289.3271 307.2724 299.0198 275.3663 294.8819 296.6552 301.9991 301.9369 299.7973 300.533 286.451 299.6305 278.6473 298.9517 289.5582 302.9079 303.4117 295.1243 290.4538 291.3166 279.7012 277.0819 283.2458 271.9558 272.5889 272.9908 284.6934 284.3913 302.6696 310.1348 301.0189 296.1388
311.8376 284.3862 280.7754 281.7516 283.3561 281.5703 279.0777 271.5569 262.7579 269.9366 266.9462 261.7751 270.3932 275.2844 264.6136 262.312 265.9906 265.1128 277.8557 283.7777 284.6239 277.7557 281.0313 275.9286 269.7029 275.8828 274.0116 280.4414 282.8682 284.6311 279.495 283.4628 287.0181 307.572 307.7097 289.4281 316.9969 295.1658 307.1669 304.087 310.0069 290.3942 289.9181 305.2315 311.0019 304.6732 296.4004 289.1707 286.7649 287.8844 285.7318 288.7045 294.3945 279.459 287.2675 283.5471 278.5281 278.0824 279.9021 287.5479 296.815 294.3493 301.4475 306.9834 304.1205 310.15
288.4561 271.6711 272.1517 256.2336 266.2879 282.0313 272.224 284.4007 278.2915 277.1955 274.4307 263.1833 272.9769 274.972 270.9241 269.1523 269.8167 280.2665 275.0633 282.56 290.1774 289.832 284.041 276.8801 278.5729 275.7431 274.4446 268.1694 278.1392 280.4407 284.3051 283.9973 286.7419 288.397 291.6521 315.6989 304.999 302.2438 288 292.4477 296.2428 294.4951 292.3626 312.6942 304.0492 306.6326 300.1777 289.767 279.1279 286.67 289.3156 296.9367 290.2177 286.6512 296.5289 285.2803 281.2028 282.6601 285.6543 286.735 287.4656 302.5555 301.1436 294.1436 309.6895 311.9189
262.3015 278.3914 272.0992 257.4509 256.3298 273.7058 275.0397 284.7736 280.5648 283.1754 277.9208 287.0937 279.0989 284.9982 280.6435 281.5359 280.1137 279.5287 274.5382 276.7684 272.3576 277.269 286.1255 288.9985 283.9898 280.9923 286.6447 278.1823 277.6198 286.2132 285.1077 283.3874 283.695 284.6218 292.7853 303.017 314.6919 312.1403 307.6339 300.0132 280.2699 288.9498 294.0092 290.1866 294.4124 298.9505 290.6386 277.8241 291.0223 281.9032 285.6852 292.3593 282.9022 275.7301 281.116 277.6324 283.5482 282.5815 288.0818 296.1735 302.5122 290.2995 289.9527 303.7775 296.8362 302.8103
245.7513 256.7208 254.5433 252.9495 269.1869 272.6182 260.5707 262.4322 256.0427 276.6066 286.1366 288.0847 293.8152 279.8489 273.9326 278.8094 287.786 280.9177 279.1715 274.1327 275.7838 275.9616 280.635 291.0183 291.1472 293.0128 299.3767 302.2291 305.2406 319.0786 322.388 314.2033 306.2824 294.8421 295.5626 298.9392 298.3191 307.8506 309.3634 293.7887 290.199 282.9262 295.4757 291.8346 293.3903 295.0421 270.1721 284.9205 284.6472 287.8022 290.6926 294.5212 285.3448 283.4131 286.3936 280.1836 280.9149 282.6617 288.4072 287.6695 286.9572 289.2305 289.2984 276.6799 275.9346 279.1677
261.3675 257.6559 240.6532 248.7892 258.2908 256.7475 272.4605 259.4025 277.1983 287.2093 288.2973 290.7608 301.6411 297.2475 290.7068 285.2874 282.3192 292.3682 282.1047 288.9268 287.9531 291.3107 289.9558 290.2775 285.2425 290.1024 298.2744 295.1811 305.1337 324.2094 324.8994 319.9171 300.9232 292.9261 303.6942 309.5259 299.7761 301.9031 314.0407 309.6388 299.2315 287.8625 285.3379 300.0755 279.8209 277.5854 276.2129 277.08 288.2855 300.0015 324.4996 329.7488 343.0441 309.4411 319.5233 304.6214 312.7765 309.7087 308.8688 317.775 307.7028 307.5606 307.5561 301.8686 301.329 311.1616
259.9753 269.7678 250.9762 232.6551 250.2284 257.1428 256.3055 260.4169 271.9933 264.8668 267.4877 273.6101 283.4646 292.7301 297.4717 303 317.8616 314.7664 295.4534 293.8202 295.1634 290.8537 273.4113 273.9238 272.2531 278.6891 303.3451 320.1483 316.6934 313.465 311.5799 302.8423 299.2746 305.0715 314.6593 325.2627 314.2185 304.9373 321.7412 297.0922 282.568 281.2567 285.9743 290.243 278.5514 276 276.006 285.0571 286.2375 288.3852 291.6838 286.9076 294.8398 300.55 312.7427 326.9582 336.5843 342.3098 347.3098 346.3932 321.7149 314.4575 303.6805 302.7834 304.184 295.8098
247.6122 247.6925 236.3342 235.5435 247.483 240.4219 256.7808 254.051 249.2894 252.5322 252.5459 257.0435 269.2151 271.1359 284.6024 288.6164 286.629 302.8913 289.545 262.214 279.0236 268.5226 259.3332 272.5205 288.3346 309.0515 322.814 282.9928 310.8479 309.3224 314.6585 297.1212 299.9559 303.9403 308.4405 327.9801 343.3351 321.937 304.0775 293.5451 295.6212 324.7085 294.161 286.7711 276.0683 276 276.0029 281.9485 288.8969 290.1652 289.8027 292.8536 311.8079 310.4932 312.313 345.4781 350.7528 374.51 358.1086 348.5825 331.3887 319.4722 314.5813 297.5932 282.0139 288.2331
228.8877 233.6329 243.8041 228.9662 234.2854 237.8951 228.874 234.6782 258.4863 250.1213 260.8408 264.7677 273.3203 280.6982 266.3868 278.063 264.5999 274.7375 264.4265 250.9562 258.9879 263.6303 260.2765 267.8166 280.4075 304.699 323.9385 305.2716 305.6107 306.0156 321.4888 320.6544 303.3715 309.5319 309.5486 326.6087 330.165 325.4134 313.4047 288.4423 308.3288 327.5402 308.7076 287.6836 286.2269 276 283.2815 291.397 294.0076 313.6935 289.0398 301.1086 306.7343 316.4718 345.082 344.6141 329.7494 334.8987 339.0025 342.1455 337.1053 333.2022 328.8158 313.527 283.7499 274.8725
222.7289 226.0505 222.9592 213.2791 216.35 216.445 223.0871 231.2978 216.9534 219.0359 233.9999 256.3527 254.1579 236.5876 260.3214 266.7735 255.8619 247.8442 261.2379 260.8443 277.5103 281.3443 286.5862 275.7103 283.4755 290.643 319.2998 332.383 322.9242 325.3125 316.899 347.5053 333.712 317.3373 320.6341 313.9397 320.0117 305.8636 300.7378 310.347 325.1314 305.8936 297.7527 302.298 295.861 270.8999 272.4704 277.2138 288.2117 275.753 285.0997 291.8347 295.1243 288.8717 297.2515 306.004 317.547 327.347 332.4713 349.0805 346.6604 348.393 321.9507 296.5621 280.2682 273.7137
213.2139 213.192 225.9038 217.8477 216.9009 216.7362 221.588 224.6067 218.2709 226.8192 232.8782 236.4271 226.7514 227.7084 236.4478 238.4048 249.8687 254.3808 274.19 287.0095 298.5541 295.4406 303.7382 309.5745 311.3136 303.3251 310.5509 322.3243 319.1852 314.3369 323.7179 329.3294 303.7598 301.2435 305.8309 302.3054 299.3283 302.1915 314.5028 347.6385 315.128 291.9226 283.3176 284.809 281.8702 275.4109 272.8174 286.7344 304.1158 277.3416 273.3973 291.9324 300.0576 340.6485 326.6686 327.1999 331.8853 352.4171 360.5812 350.1626 331.256 303.3168 278.4296 268.9871 259.808 261.5725
214.9997 215.7047 210.7299 220.7116 216.4837 227.1945 224.1642 229.5105 208.1152 234.7178 223.7826 215.9388 223.8235 219.4088 240.2388 240.8236 236.4143 252.5016 264.8271 268.4622 277.6641 294.5902 293.804 317.469 309.711 298.2736 290.8081 304.0008 305.2052 298.4682 323.0776 316.0014 310.3221 291.6535 293.612 286.9967 285.1695 275.252 303.6732 311.7958 300.2757 312.8929 291.7977 281.1602 275.4064 273.6731 270.7643 285.6706 279.5174 266.7788 264.4419 266.3739 276.3453 297.5917 329.8479 328.3042 304.1183 295.5899 301.0569 290.9658 302.985 291.2216 286.4824 275.0646 286.0365 275.4638
209.3047 206.9873 210.9632 220.8958 220.8458 227.2984 231.2101 235.9084 223.879 247.2721 256.9163 245.4704 239.2895 222.159 240.3395 247.4109 256.7207 269.1013 268.2827 271.0454 269.9738 259.1447 247.1431 295.0227 286.4133 289.6893 293.096 306.3561 311.3954 303.3823 320.6801 312.2614 302.6446 290.7275 291.076 290.3957 269.8317 275.4233 292.052 293.707 289.0622 302.3036 292.1436 277.5234 283.1493 291.9713 279.5224 286.1961 291.8922 275.6582 264.0333 289.6948 294.4502 310.1196 333.7231 314.2378 280.2114 277.6302 276.3107 280.874 292.6594 282.3053 290.6243 290.3691 282.0784 283.493
197 206.701 207.5884 219.4652 229.748 222.1998 234.0164 238.0278 250.5137 262.8701 257.4537 265.9985 237.3148 226.0907 237.5464 237.9302 245.2388 248.9536 255.1753 254.6473 256.5046 267.981 269.7917 278.2918 291.1086 287.5937 285.9382 295.4505 289.5032 300.6442 314.6323 314.394 290.8044 283.2078 279.0741 259.9687 258.3629 275.8108 276.7066 275.5617 273.6557 268.5556 272.0148 270.7851 270.2876 274.9073 271.7726 280.1635 266.9619 283.3148 266.4318 277.5051 285.0128 298.2253 299.6409 285.4434 265.939 270.9647 292.2005 299.9293 290.3232 276.3351 261.2034 278.1509 289.1971 283.2063
199.994 197 197 197.993 213.178 214.2229 222.3721 231.7678 244.0067 261.5638 270.4249 277.3199 251.6415 239.8296 240.9877 243.3298 258.5808 256.8125 255.8179 259.671 268.5701 272.0349 265.6452 271.2208 274.3661 262.5511 274.985 304.345 308.524 310.0673 306.5223 299.4957 282.5973 273.3716 264.5428 266.1974 278.5252 280.9564 274.0194 267.3286 286.1748 280.274 264.6114 265.6519 271.248 265.2134 278.5538 268.0699 256.1404 263.3249 244.8987 255.3342 269.7133 272.972 279.1153 266.0172 289.0251 294.3231 317.0808 313.6294 279.2342 258.0919 257.3101 263.9426 271.6375 280.442
216.7574 221.9482 219.7418 209.5201 194.5261 209.2815 228.3756 251.0225 249.9138 272.7808 278.8655 273.0528 273.3686 265.7219 255.083 251.3497 241.154 248.2219 250.187 254.4928 262.8152 278.4039 266.9 254.5543 266.2086 279.6686 274.711 283.4241 296.289 292.2158 301.2065 281.1361 275.437 296.6812 278.929 275.5509 295.1665 291.5618 282.5345 287.3942 284.9237 280.7833 263.6753 253.9121 266.6845 262.8735 282.0396 253.0319 258.7728 255.5955 249.3823 245.5244 258.9851 267.9987 261.6104 256.3926 278.0544 279.0062 288.1929 326.239 281.954 269.2329 258.8415 257.875 258.5376 259.4441
231.5754 220.646 223.1722 227.2219 214.1749 208.1808 221.6546 224.7054 249.8885 266.5764 283.2116 280.6342 265.971 263.6631 270.5149 250.5938 236.7988 253.5439 239.6876 239.9938 242.8181 250.6761 250.4006 256.1234 274.6736 285.9219 276.9123 295.7705 300.1503 288.5784 291.2715 278.7704 292.8025 291.7542 287.4833 280.9826 275.1771 270.0454 270.8499 274.5104 280.8445 276.8578 286.475 284.088 287.4592 290.9899 269.723 267.7417 263.432 262.4206 254.735 268.0004 257.4413 252.4715 250.3817 245.0615 244.2833 260.268 271.7058 276.2895 253.661 264.8558 260.6404 259.3607 250.0699 250.7144
225.0599 219.0334 224.0738 231.9347 222.8103 225.0257 207.7583 223.9683 235.0711 253.1139 259.7429 284.6544 275.6532 269.078 254.2336 245.2888 238.4762 233.0825 245.2518 262.4677 259.6927 259.0582 268.9172 265.4874 264.8613 276.2152 264.1702 283.1469 286.711 283.732 278.1356 260.9998 257.2389 266.4425 268.6316 264.8668 273.6797 272.5659 271.6902 273.0469 272.8899 274.8916 281.0002 276.7876 280.8716 280.6012 271.3877 266.2751 257.9194 252.3825 255.0174 265.3709 266.4997 251.2748 241.3316 262.9609 262.4964 255.8994 258.7486 254.7846 249.1571 248.9751 249.9031 248.0818 245.428 244.8651
227.7024 225.7729 228.1879 233.7364 240.1481 229.8009 213.1779 209.7126 213.0739 238.1986 259.2492 262.5005 260.0871 267.937 247.8182 239.9546 223.3923 245.8096 254.1163 249.2461 251.2995 255.7716 262.4791 256.5633 266.5007 270.8594 260.6954 263.1024 258.0773 270.9254 260.1375 244.7272 259.0639 245.529 264.5103 253.5242 259.9995 261.77 285.8238 295.5122 293.2938 285.4236 288.8221 281.8741 279.5465 272.1514 266.3512 264.3959 261.3892 258.2926 249.0765 252.9711 251.6348 248.2653 244.2338 250.7833 261.7027 262.1087 266.7867 261.6697 255.3226 248.5646 244.7834 266.04 254.0312 257.2949
245.3751 242.2839 242.3167 248.201 229.8747 226.4011 220.662 213.9831 216.4795 218.6624 233.0998 244.566 239.2547 242.391 246.353 238.7606 229.1218 231.683 235.5461 247.4229 245.8871 248.6363 249.8519 254.6688 258.6627 267.6428 253.4819 239.8581 246.6187 260.9121 258.4133 275.3781 277.4636 267.8739 284.9839 288.6992 291.4176 273.4895 287.4388 286.5735 284.9875 282.877 284.8508 290.946 292.9155 288.2487 283.5587 273.182 274.5481 269.446 257.7 250.1415 254.9599 248.9099 256.1213 255.3524 249.3292 260.4933 270.2108 261.5001 256.0061 272.4397 245.8889 239.2758 258.5215 271.2166
