MapLib/Lvl1_5x5/BG/Ele_BG_BE.asc
ncols         557
nrows         557
xllcorner     2227500
yllcorner     5565669.448
cellsize      1000
nodata_value  -9999.0
[rows 196 to 223 of 557, columns 320 to 383 of 557]
109.1315 108.6632 107.1036 112.1541 108.2144 107.3677 110.2383 117.8981 118.8686 128.1593 139.0026 149.9138 160.7513 166.9289 166.6417 175.9739 177.6297 169.6255 171.1807 172.5929 164.7999 188.9885 197.7617 210.1546 184.8096 177.0623 162.4371 146.5881 145.8507 130.0118 124.23 125.3404 124.569 136.5248 140.7823 135.95 138.1787 142.6654 178.1479 169.001 175.107 172.6008 146.2274 138.0253 150.1152 144.6206 146.621 141.8906 141.2547 163.3425 153.9435 150.2875 172.0237 178.7165 167.2439 187.6239 187.8473 177.5031 164.7717 161.9279 170.8188 169.3302 155.6409 125.0752
109.0329 102.4012 109.0947 105.5507 105.6188 107.2009 117.6255 121.0292 129.5348 135.1989 153.5893 150.742 166.5715 166.5682 161.8593 160.6008 157.2696 154.6274 163.039 174.2174 168.7512 158.2417 165.2116 171.3124 193.1142 170.1255 178.5561 166.4103 135.612 135.3918 117.4205 118.5426 140.626 137.401 136.5404 136.6171 133.0469 147.2221 158.9878 156.9765 147.038 160.2048 136.7087 132.5726 130.1559 116.4982 120.9353 117.2844 119.7026 120.5459 136.6886 144.6669 152.3313 171.1413 162.6751 166.0524 186.7825 169.9434 169.7048 165.7713 156.4842 157.8076 148.6019 132.1658
107.5741 108.0938 107.055 100.8587 104.9997 109.048 107.9075 114.8901 127.7351 133.8819 138.9551 124.8047 124.3861 134.2156 146.3454 144.6641 135.7813 143.1852 143.2942 158.3114 155.6829 164.1975 176.1852 181.1685 188.4947 185.4871 156.0584 159.9329 147.0942 158.9981 140.3993 141.4893 110.1749 123.1962 135.531 142.4567 148.5494 157.6339 159.496 142.1766 132.6902 129.582 127.7896 122.7222 129.4138 132.2749 141.2178 145.6494 130.6038 122.8978 115.945 127.9816 159.6799 167.0841 158.1198 159.2153 167.2251 178.921 164.6449 151.7394 169.0694 147.5022 145.4681 131.7361
104.437 110.7782 106.0337 105.9525 102.31 104.2586 106.5863 110.7859 121.74 115.4633 122.7963 124.3611 124.6458 126.8022 137.4548 143.959 128.5316 121.73 136.7662 136.6017 142.826 142.6319 144.6195 165.0909 167.1915 158.934 158.5414 157.0007 163.809 169.4505 139.6196 132.7988 115.7219 114.1321 126.3824 146.9556 143.073 139.727 129.3928 136.8033 120.8056 115.7309 109.7845 138.7448 152.4828 156.2205 152.922 139.6264 128.5823 126.5406 123.5225 113.706 113.4666 143.0819 143.2587 155.4836 171.6987 177.3702 150.6822 149.4857 138.0743 144.6953 142.0124 121.6096
106.7535 122.1004 114.1968 112.7756 101.7908 104.7072 107.8381 106.0679 115.9315 111.6749 116.8751 120.0948 110.8384 120.1417 127.054 129.8907 120.5769 123.5074 135.3653 141.832 127.9401 137.3817 151.3599 143.3978 130.8412 130.9042 140.1415 125.0218 117.9028 120.7989 130.6126 129.1342 120.2966 109.8963 117.2413 124.9192 122.6006 119.4454 114.5441 113.7273 116.7985 105.0108 114.0153 120.2814 140.3432 147.6283 160.1561 152.7983 154.4707 155.7446 154.9169 137.4714 135.424 134.4066 149.8006 131.9715 129.8776 146.9461 156.9187 128.4137 144.3038 127.6799 119.4457 115.6132
127.1527 128.6771 119.1662 117.5687 111.4486 102.9151 107.4997 108.2018 106.9094 107.7955 108.4307 105.4994 108.3781 108.7021 105.1399 109.6919 104.118 117.097 126.2173 128.9371 126.8487 117.7184 134.5315 139.747 139.7906 121.3199 120.699 110.0101 112.6292 119.4853 112.7713 112.7497 111.8617 117.9006 118.4511 119.4449 114.8929 117.4312 120.1823 126.8866 122.5954 125.2257 130.0218 158.2003 160.8945 160.2259 153.4749 158.6187 165.4347 160.9113 145.3333 156.723 136.8606 154.2223 147.3774 138.0927 124.9042 130.7186 129.3227 142.4444 147.0543 150.1843 142.8862 145.841
141.6745 132.2621 124.7782 131.8375 123.0929 105.9343 108.914 105.9043 109.4502 102.8888 106.6374 106.3654 104.9383 106.8808 97.6684 104.5581 108.1683 107.8476 109.7877 114.2911 113.5736 110.4232 116.9851 110.2567 112.9093 104.6025 105.206 111.2607 116.3696 123.9984 124.3963 128.7675 125.1639 127.3157 121.999 118.3295 130.6411 121.1436 128.3411 140.0878 150.2234 133.2295 136.132 140.0723 152.4308 144.8859 152.6223 158.9009 176.1165 170.0347 161.2321 167.4382 153.9784 153.0618 177.2294 157.7193 151.452 139.9919 133.3407 134.7118 153.5622 159.3113 143.5381 141.7092
137.767 131.7692 124.8399 118.1906 118.8372 122.9944 109.0529 107.9302 107.1083 106.0296 121.0916 137.7773 133.7768 131.8475 117.8446 116.0314 113.7424 117.0934 107.6085 104.4464 114.6794 107.9277 114.2219 116.1305 110.8182 113.065 150.9353 164.0643 147.4715 143.2978 157.3105 167.1262 167.644 169.0338 149.6919 139.6649 147.7522 157.0151 147.4407 155.4557 153.6135 137.3633 137.4281 142.4333 135.897 136.8809 147.6578 149.2727 182.3412 180.3275 175.4483 174.0775 162.0545 159.0983 157.4536 175.3876 156.5016 165.058 151.1396 151.9368 121.8246 123.8619 138.1535 147.0534
123.4984 115.1324 126.9572 113.9696 121.2895 125.2526 121.803 111.5846 106.5264 111.7879 116.7505 133.5039 136.3155 153.6083 149.0916 143.9221 137.1493 140.0684 139.7391 131.6242 125.9204 128.3526 123.93 120.8206 113.8089 124.3712 137.6018 154.8596 164.71 140.9087 158.8887 162.5827 167.0932 163.9594 151.9104 152.6669 149.7448 161.13 160.6688 161.1812 159.5299 156.4607 144.7657 159.1559 148.0886 137.853 142.2278 156.4168 180.1337 158.2195 166.412 179.6643 167.0042 161.9266 163.4519 167.5839 172.9112 166.1011 168.9837 147.0122 155.2392 150.1835 143.7599 118.0271
117.8535 109.9286 109.9219 106.9607 107.1955 111.3748 111.4272 105.0342 102.1513 107.5412 118.3301 124.3418 123.9437 126.8939 135.041 126.6816 121.892 128.4803 129.5554 134.8516 129.291 124.7688 125.8647 130.2509 118.7625 116.554 130.4783 131.1609 131.3977 124.1662 137.9346 141.0807 158.3914 156.0553 158.2682 151.3647 145.4907 151.8 147.1866 154.4271 161.7666 170.0857 152.1443 153.5007 161.3758 165.5111 173.439 155.7231 160.8817 147.4808 158.5424 177.9924 194.0544 181.1833 176.4479 179.4073 172.4111 167.6281 168.7354 160.5797 150.6211 148.7652 137.5122 126.7511
106.3817 105.2215 111.4192 109.2426 105.6229 112.5836 111.8245 111.2866 107.9844 115.2386 114.0741 123.9263 122.9421 118.6017 128.9769 129.4015 124.2642 124.5328 125.6538 134.4873 136.2536 133.215 125.4303 119.8303 127.2662 137.8417 131.1939 126.1858 126.8402 140.3084 127.7404 137.2431 149.2205 148.1872 146.3064 144.5285 149.3226 150.8236 161.7107 157.4511 161.6971 167.823 164.2698 159.9127 155.0604 153.437 173.7549 155.3618 180.7328 167.068 168.5346 170.1164 164.6146 156.1295 165.8114 174.3832 177.0476 171.8203 169.1288 177.1578 163.8174 155.0004 140.5121 141.2865
109.5515 105.7927 111.1295 121.2234 118.2164 113.3925 113.0708 124.591 122.7362 126.516 110.9118 108.3733 112.9686 118.0641 122.2221 116.741 116.145 116.3037 115.518 122.8125 139.4388 127.5197 136.7376 114.7616 129.5025 121.2133 128.161 141.1397 138.6564 142.2421 128.6872 145.2471 149.8591 156.3691 135.8806 133.9505 138.416 141.8652 155.887 174.75 178.1169 177.7012 165.6965 152.0521 164.5709 153.0575 161.2711 184.4372 175.3654 167.3726 170.6813 164.4141 122.6237 196.9022 174.3099 187.5483 172.4527 166.3456 155.8995 174.488 169.6659 167.0748 152.0961 127.1819
116.3441 114.2276 123.9957 140.5557 133.3874 130.357 125.3391 117.175 135.6244 131.5953 119.6855 129.4677 130.0826 124.6805 127.174 119.9006 123.9515 121.992 116.8447 127.0719 132.7473 137.3484 135.789 143.8872 138.846 127.9007 138.5925 139.5385 147.6865 157.5126 153.8469 150.9613 142.204 138.1671 131.5879 143.0871 153.9769 149.6803 155.0081 156.6167 161.464 163.0914 153.5303 151.5782 157.8216 155.1649 153.4127 169.1833 172.0291 173.1218 143.2467 172.4256 138.5133 151.8605 197.1098 165.0084 170.8017 156.3375 167.8496 157.3355 147.3477 152.6698 145.1787 141.3369
126.8864 124.7859 124.0147 128.2436 121.125 127.0896 131.8962 134.6858 134.0554 140.1723 138.2225 140.4936 139.1192 128.4956 122.9138 118.0227 123.7497 126.3824 135.8452 120.3281 134.5164 140.2126 139.7703 142.5205 141.3148 140.8758 145.0151 137.981 156.2272 157.4313 162.6404 150.7674 139.7037 134.4889 133.8702 137.4079 147.2618 144.9612 138.0763 142.8409 153.8805 148.0741 163.4667 148.0047 143.6098 144.7859 151.1975 143.1539 160.3696 165.9094 157.4543 159.2684 145.1111 161.3435 165.0986 148.7437 167.4293 160.8857 160.9491 163.0685 166.0433 151.3967 144.9498 142.4916
125.9439 119.8824 116.659 121.0447 120.4702 127.7505 131.774 123.8269 129.9122 126.5136 119.163 141.6086 126.0188 132.2774 129.7729 144.1091 148.1002 143.0949 154.5379 132.5942 128.9117 139.0605 134.1571 147.933 137.148 150.8217 158.8494 164.0598 155.2745 169.266 154.2329 150.2855 140.4188 145.1766 148.6997 150.7965 141.3024 135.6637 132.3393 134.326 139.096 136.9689 137.6707 141.4627 144.9384 149.8253 150.7266 159.9218 162.0677 143.0586 149.911 162.6682 141.7157 144.049 140.4843 145.3961 148.1745 139.9283 152.5317 152.6841 147.2302 137.1762 134.1167 138.4482
110.379 111.8722 113.1087 110.4745 121.1243 109.1305 121.6489 121.6908 117.6858 119.9797 128.7948 126.9099 132.4849 123.5344 135.7963 144.7806 147.301 147.0137 155.4997 147.9724 135.756 150.5456 127.7402 157.5762 163.1405 150.2994 149.7631 173.4521 175.0984 172.3384 154.3215 151.426 141.7233 152.37 168.2133 153.6052 142.4698 152.2932 141.9841 136.7617 130.1618 139.3607 150.729 148.6184 157.2495 160.0011 146.8382 151.7363 161.1998 153.4079 143.985 157.5125 147.3646 144.0637 149.791 151.19 138.7442 144.5309 139.3714 134.2681 135.5088 135.857 137.952 136.8891
112.4712 111.3136 109.3014 127.5729 132.347 133.4986 128.8731 124.6076 118.6721 118.7049 134.1948 147.5121 139.5184 134.5714 140.8383 136.242 131.4371 141.3893 155.3354 153.7564 151.6475 159.049 146.8071 143.2811 131.712 153.4991 166.6989 164.3192 176.3766 164.608 159.4443 156.7023 168.2431 164.9001 165.7827 159.5593 149.5297 151.0544 147.2189 147.0939 139.4312 146.517 152.5278 151.1026 163.7828 164.4306 158.685 160.1263 155.8412 137.3145 159.3922 145.4624 156.8918 151.273 158.4526 157.4389 150.6432 148.7326 161.846 142.564 165.7107 151.0705 151.0894 157.6568
114.3896 112.7749 110.8204 114.081 111.3468 118.0933 122.2056 126.8666 117.1397 119.5211 127.7138 126.6748 137.802 122.9338 125.8091 134.1367 136.1178 131.7268 143.6077 151.6248 148.7629 144.2177 152.5545 139.8403 141.376 132.247 132.1741 144.9593 149.5686 155.4085 139.2879 139.5636 136.9312 149.0948 157.7794 157.4224 149.9617 146.6655 150.0988 153.6381 149.0928 146.5656 147.6383 153.7595 163.7269 167.8567 156.434 168.1291 151.1174 143.1911 159.0819 128.8464 151.8221 141.299 147.3176 160.5365 159.8047 161.2049 168.8069 160.3369 164.264 172.4984 176.9157 154.1316
111.1874 113.9264 109.4283 111.8503 112.222 110.0973 114.0868 120.9908 119.6218 120.7808 115.8806 154.0032 141.6611 142.5097 135.1515 144.9858 149.7898 156.7562 162.2195 141.2853 147.1791 137.6346 154.5295 163.2557 153.5265 153.0272 133.7906 137.9427 136.2905 140.1546 136.8097 130.7789 146.0367 149.8764 143.116 149.508 152.2828 151.9772 142.1982 142.1629 145.3965 153.7891 140.9903 146.9793 153.6634 160.5034 164.2198 155.2785 160.5771 154.8278 156.259 173.0605 152.3197 148.6577 160.5249 166.323 166.0519 161.6049 173.4124 157.5641 179.7655 183.0448 149.6714 167.3816
120.2547 108.47 121.41 121.2852 113.7034 110.1918 109.2064 115.2661 117.566 113.2696 111.7876 120.0622 122.2686 124.2481 129.4876 129.8928 136.1256 134.5841 153.2228 139.5679 134.4564 139.9052 138.717 132.1163 142.5989 139.1486 144.795 150.4239 148.2038 150.0557 136.6548 157.4932 158.3942 157.3963 139.0549 134.3049 150.8866 157.4335 149.1683 148.1392 156.2974 168.1518 158.4584 151.7365 153.5712 166.6633 166.8917 152.477 145.4846 150.2108 156.9228 155.271 153.4701 151.9951 151.2739 161.0725 166.025 172.22 165.2862 168.4322 189.0707 171.1576 174.0396 170.7048
116.7857 121.6006 110.0719 113.2944 116.4562 117.7618 109.1351 110.6061 111.9753 111.4807 118.4149 127.2805 136.6342 132.121 132.014 133.4631 134.0922 142.8523 150.1099 156.3002 144.0002 145.6505 151.0776 138.4521 130.307 136.7725 144.7778 139.2218 141.3637 139.8904 144.315 144.5241 155.3817 152.876 145.6762 143.2555 151.7657 150.7056 149.5549 149.4173 175.2434 176.3852 153.4434 150.8031 154.1258 155.6158 156.9678 160.6101 163.0261 149.6332 164.5355 172.4264 174.8021 169.2501 163.0978 149.1899 160.5002 150.4683 163.6443 167.3315 168.9447 171.1936 178.0337 177.0358
121.4361 119.0898 114.1719 109.1652 117.8952 111.6318 114.0792 114.6922 109.561 120.6155 120.6868 125.3742 131.0117 146.7516 136.6187 135.9983 137.3954 139.7406 147.9378 165.7594 155.7923 149.1485 140.221 141.246 155.3515 138.9652 136.3397 136.4339 137.0421 132.0204 141.5639 154.0639 138.3545 148.3923 152.8148 153.7717 153.3786 156.8404 145.826 153.2343 159.951 153.9469 144.9612 142.8806 150.5911 151.9299 156.6208 155.1334 163.7476 158.5092 162.8215 169.7695 173.8464 177.8077 174.7426 169.1329 165.6196 163.4608 158.8247 162.521 169.9478 165.8642 158.8627 163.4075
126.2807 116.148 112.021 113.6526 120.128 111.4563 127.9237 117.3804 123.9744 125.4142 123.0204 112.5826 125.048 125.9968 148.4587 149.641 138.8079 137.1268 127.5078 139.7902 128.5999 136.9846 137.6953 143.299 144.7704 136.3923 136.0483 134.7583 139.9857 129.4124 138.9001 164.0914 162.1637 150.4194 157.7418 159.2859 152.4002 157.9225 159.5391 159.2434 157.8574 174.8185 156.1244 151.9918 141.5161 145.059 158.2016 155.2783 155.0297 162.3145 164.5347 169.1675 165.7233 165.413 170.9831 168.2163 177.236 161.2394 163.1243 170.0724 167.3473 166.674 155.3976 159.9708
116.2164 114.8418 112.302 121.2751 126.3755 125.3253 116.8727 134.4211 119.0145 109.3833 113.0834 119.7089 135.9551 136.0025 130.6046 139.2627 134.7915 131.2716 121.0021 117.9856 121.7583 143.3188 129.7318 152.2278 140.3688 128.2433 133.8413 145.796 131.3278 129.8459 125.7912 146.8395 144.1625 144.9239 162.6279 160.6698 149.971 149.9604 160.716 159.6372 161.1009 167.2359 154.5991 155.8152 158.6097 149.3526 154.7951 142.0833 157.1982 153.5544 153.6347 155.2823 150.09 154.1999 163.1173 156.851 177.9904 164.9827 171.3712 185.8585 180.9996 174.7371 174.5698 189.3927
111.2578 113.9498 116.643 125.8272 121.4599 126.0258 117.6983 127.8056 132.1765 117.9261 127.6967 120.8782 124.4078 126.3579 128.9164 126.216 127.2229 126.0622 122.9772 118.4399 132.3107 143.4307 131.6018 132.7932 123.1277 137.7288 134.1331 135.7636 138.0465 136.8146 136.6881 142.2864 140.3213 133.1641 139.2089 140.1073 144.3722 147.0781 160.9123 170.6287 160.0206 156.2803 157.8192 160.6238 167.8075 150.3387 158.1246 158.3777 149.4646 149.7856 145.4507 149.5889 144.2081 149.8566 158.2906 151.4534 157.918 157.6319 154.1081 173.4868 175.0309 210.2842 180.9538 184.3129
111.2461 112.7799 121.7218 130.0416 137.8474 138.5745 135.5283 133.9785 134.7707 120.6645 119.1657 132.237 131.6057 116.0954 121.5355 120.6793 118.8072 122.2292 129.9854 126.7406 130.1459 130.3226 126.2519 133.4768 158.9305 132.6305 132.9659 150.7344 139.377 147.7767 143.938 136.4191 149.0387 158.9812 132.948 137.2872 130.9146 141.2234 165.3581 164.6405 151.5577 155.8518 159.3416 159.1469 157.8468 149.3023 147.3179 150.8267 150.6649 147.5063 150.2633 147.6177 149.6434 156.4885 158.9871 158.1588 157.3692 154.6523 148.1144 151.3494 162.036 168.4765 178.6052 171.7722
114.7381 115.8145 104.163 132.7939 129.3415 125.4714 124.6711 121.2852 117.9167 120.9347 127.2462 129.7368 120.8958 128.715 130.8452 131.5083 122.5101 123.6494 120.6996 126.4013 128.9564 145.6989 146.3278 140.112 135.2258 145.1041 152.1871 158.2712 144.2508 134.9339 136.9644 132.4512 127.1915 146.7347 133.5896 132.3152 143.852 131.1025 136.0264 143.4774 155.9097 163.0757 142.6534 147.5166 144.3877 140.0008 143.9387 158.9469 152.5134 154.2268 146.0699 163.405 155.3029 144.8863 160.2418 154.8591 176.9987 163.1065 159.5282 152.6111 147.4402 161.0482 161.8382 162.8874
124.0849 119.1304 116.5934 113.2285 121.4563 125.9964 116.1238 115.7064 120.9763 124.8326 127.5496 134.3367 133.687 131.2877 141.6548 137.457 144.473 136.3333 128.6489 135.217 145.8461 147.9106 153.4707 140.1727 137.3672 129.7125 148.1698 141.2123 139.5261 137.1212 129.4619 132.2814 133.5067 129.5675 133.5687 133.6842 140.7513 138.1719 136.3877 150.3579 147.062 160.7666 158.3876 160.9008 145.9664 149.7895 147.2891 149.8782 153.0535 145.8568 139.5329 139.3627 150.3396 144.3811 136.4218 147.2235 167.6128 156.0665 161.9746 176.5494 160.9924 148.4849 155.2092 153.9609
