MapLib/Lvl1_5x5/BG/Ele_BG_AC.asc
ncols         557
nrows         557
xllcorner     1113500
yllcorner     6122669.448
cellsize      1000
nodata_value  -9999.0
[rows 0 to 28 of 557, columns 260 to 324 of 557]
205.9227 195.937 175.3925 149.2445 126.8967 134.892 149.7236 183.1391 208.223 229.8946 257.1326 244.5256 222.294 252.2769 222.3579 272.3689 290.8678 264.8711 264.304 218.7422 179.3778 181 208.6268 250.924 263.2953 266.5954 278.4325 279.8414 313.6519 355.0361 346.9525 322.7848 322.2294 330.6431 325.0172 287.6621 266.9185 257.1629 221.8896 210.2668 204.1603 187.6842 190 191.0196 209.3457 232.0744 243.3273 220.7155 188.0569 243.6754 262.7346 258.4023 250.6723 184.418 213.2398 209.0986 172.807 224.5726 235.6124 186.8783 146.6923 156.7037 164.3975 191.4852 139.7118
184.2353 181.5437 160.831 147.3654 125.3873 127.7176 154.7221 172.3009 228.4273 220.2356 235.7585 248.5645 255.4561 229.4108 189.0301 202.36 255.9083 243.9053 228.9669 225.8106 198.6518 184.4973 193.7745 274.7921 304.827 311.0833 296.1467 291.372 293.304 317.931 329.1929 323.2061 310.3847 317.7249 307.4401 294.9094 277.2505 336.2757 347.1305 293.8831 258.5823 198.4785 190 190 190 208.4774 228.7556 215.7117 188.3345 192.1751 233.5974 246.5074 253.271 223.1026 197.5222 159.4628 169.9347 168.0003 172.6481 164.6776 162.9465 169.6547 153.7744 128.1221 137.8891
172.2343 190.0567 197.8515 168.8209 136.9274 123.9963 153.1658 176.1399 192.4171 221.1834 234.1746 263.5236 281.0638 296.8046 234.6258 179.8622 173.6702 182.2517 201.8234 200.8171 208.6716 181.489 191.4411 255.0421 302.5255 325.9168 318.8284 333.7076 311.786 305.829 329.5492 344.2927 366.0657 334.6555 322.3879 297.7717 277.2547 285.8183 278.5708 262.0345 242.4318 241.1898 190.6565 190.046 194.1624 190 190.8667 199.001 190 190 196.0891 202.8976 223.5969 196.4843 176.2513 167.9193 141.3138 141.5509 145.3594 158.4607 159.4917 170.8443 131.445 122.7334 168.2867
148.2467 168.7155 175.802 215.6328 227.6908 156.9382 123.0264 126.5907 159.6119 208.252 235.0817 286.0686 310.3943 344.219 285.6732 226.5928 159.4036 151.9156 166.176 177.6829 193.3425 198.5072 197.519 204.5858 266.7628 284.8041 316.1116 328.6307 318.0572 301.9749 322.1946 310.5779 332.4634 328.677 325.928 304.4878 282.7927 273.91 274.0569 289.9366 278.7672 229.4789 208.6989 193.0777 190.837 190 190 190 190 190 190 190.1707 211.1967 240.018 237.8375 234.3056 219.4358 189.2382 148.6449 152.58 119.2361 136.8443 167.0678 146.2088 187.1097
159.4225 170.5627 165.8688 159.2672 158.2605 168.6719 146.3403 132.0941 171.6267 169.4243 213.0615 210.1705 265.9281 303.8947 351.3875 307.0497 233.6844 164.8937 154.3334 158.8356 156.4665 178.0673 200.9735 212.0879 229.6219 283.7954 307.227 301.4867 308.5832 287.3042 301.2744 284.1825 274.9756 302.2438 307.0617 284.588 268.5277 269.6722 253.1808 253.6313 239.6051 237.0777 216.6168 250.3963 229.0735 228.7617 225.7608 232.8808 242.9991 199.9707 190.1362 192.909 237.2436 259.5077 262.317 283.6462 287.7091 281.0744 269.0589 213.5995 166.4948 124.7053 108.478 112.4511 126.2026
154.873 159.1175 162.86 203.7439 168.46 162.3757 159.2141 127.1971 118.7194 162.6955 153.1035 195.8118 268.4893 261.3199 259.4448 264.1459 283.6433 233.8212 148.6115 136.0161 150.4961 177.9899 200.0655 212.5869 235.4446 271.0563 282.4564 294.0833 292.8971 310.8466 293.2684 259.4211 241.0163 265.2232 277.0677 255.3899 262.6441 237.4749 242.98 229.0152 228.5332 212.7255 215.0265 231.8265 241.008 277.2109 267.2608 291.3743 298.6377 308.1887 254.671 206.8286 197.1525 258.6392 289.3512 288.7285 305.8734 304.3373 304.9668 282.5183 214.1049 140.1327 106.6816 103.3053 120.3809
146.2049 144.1033 157.3413 183.1109 159.7748 176.9714 169.4895 168.4852 157.6009 146.6584 127.363 127.2419 167.7602 242.0478 202.4905 238.9931 222.6906 182.1689 156.9555 155.9905 132.2766 160.9513 183.7917 225.0615 283.8798 306.9893 307.5368 270.7513 280.0945 259.6257 257.4274 258.8808 214.4052 235.2672 237.1753 217.1396 227.3449 204.0447 198.1988 214.4473 207.4352 206.8888 206 206.0019 224.5392 268.3804 284.3666 270.5182 275.8011 294.3871 300.084 277.0845 204.7966 184.8029 240.916 300.8745 313.992 326.1631 323.1255 322.0569 253.7989 166.4623 102.3009 104.9695 95.4219
135.0659 135.7763 140.1235 163.9782 176.1198 249.1734 219.382 246.1118 261.5053 275.5333 216.812 168.0365 125.9412 117.393 161.9608 209.4308 235.5848 200.0432 134.189 162.9325 154.0821 157.6618 207.2187 228.089 243.8396 289.81 317.7959 311.7057 285.289 249.9789 237.0028 241.6 194.708 188.3546 191.0651 192.9004 199.2233 204.9701 203.0554 207.1776 208.5752 209.7721 202.436 206 206 217.3629 230.2129 230.8442 230.1888 253.7782 253.6446 245.8112 227.6275 219.452 182.7044 232.3552 278.6628 300.0579 312.4734 301.3124 285.0515 192.0854 112.2113 106.1034 106.9539
130.115 140.0452 138.6071 132.3555 212.6834 249.1597 231.5602 211.0091 233.5719 250.6174 228.4996 218.9554 168.1628 142.0192 126.6355 119.5066 132.4282 146.2166 144.7332 122.2939 149.6397 174.8744 222.6709 306.9401 316.8702 303.8197 278.3877 263.6661 246.7161 222.6667 219.3712 195.2718 192.7635 188 188 188.948 218.8195 250.037 291.3911 276.2811 263.5126 244.172 217.8892 202.2688 206.0647 204.4848 219.908 228.9964 235.8128 281.3082 279.0804 262.2921 249.4811 251.9523 311.0201 268.7875 230.6232 201.9895 221.2763 260.8764 256.2606 188.4835 117.3655 108.6559 98.1469
131.579 153.678 137.0489 150.7437 156.1638 181.5806 194.6826 186.8731 204.3372 230.4086 199.4194 185.4403 161.2703 147.5881 146.3918 141.608 144.8871 132.3352 116.7465 125.069 147.9441 182.5649 260.1176 244.084 257.5036 273.1536 275.6677 290.3876 230.6455 217.5882 204.102 188.8846 188 188 189.2921 219.3067 261.6746 254.225 261.4629 263.5314 273.1749 268.7761 274.484 273.325 243.4799 217.6804 237.9187 267.7509 235.1824 250.1732 272.2279 241.1105 226.3564 250.9277 290.8375 323.8403 323.4126 298.2852 256.8146 181.5448 191.4784 172.0589 127.4783 92.6426 92
132.0268 130.5722 154.6277 155.0982 168.0196 168.2954 177.6466 205.2391 208.8044 243.4212 198.822 191.4525 162.3472 128.7468 155.9174 146.2851 143.4265 132.5818 117.5282 115.8599 113.2753 134.4453 200.7664 220.8187 230.0703 258.7159 246.6266 244.9921 235.4031 208.2849 210.2156 188 188 189.3673 215.8188 227.9531 249.3109 246.7148 227.2872 226.7991 237.3912 255.1324 253.0645 279.7094 279.1976 244.8564 253.5986 272.9406 270.0439 258.5955 286.4302 270.4553 218.4764 194.0396 193.3755 212.3734 232.8846 232.826 238.3004 211.674 173.7256 179.4782 145.0923 97.0912 92
131.6883 138.9991 136.0595 142.3676 137.5927 178.0776 191.1425 200.3425 195.4773 222.2898 193.9916 181.8578 127.2624 120.2068 127.5209 154.415 124.3717 135.3937 149.7794 158.8596 108.5807 193.2796 204.89 187.4109 190.8024 232.9246 242.4749 208.5271 214.255 248.544 206.416 192.5569 193.9684 188.9206 224.7997 235.5196 230.2463 214.4553 218.4239 218.7707 226.781 240.9617 246.1459 305.1664 328.8673 343.5972 366.2452 317.3834 294.673 274.9555 257.7157 266.3415 244.8879 256.0202 264.2482 269.0678 247.0748 234.8087 246.1853 223.2842 212.4859 237.8717 198.8335 131.5939 92
141.022 138.5238 133.2394 136.7793 139.8209 173.6129 185.7259 205.4919 199.5755 188.0178 206.4434 167.3389 119.1035 119.0538 124.5753 124.255 149.5865 170.6682 205.2609 149.8472 100.6906 138.2251 190.9369 195.3474 172.0671 185.9402 201.0743 184.3804 206.7507 221.5839 217.077 194.5981 178.5648 195.4962 186.8955 211.2019 237.2454 248.3619 252.7299 219.3548 218.0287 218 226.134 269.7442 304.1479 325.1078 350.4952 331.9183 319.3134 311.3895 316.7549 309.9073 314.9322 330.4167 329.9799 370.8941 370.6335 322.19 304.341 302.3428 289.3088 264.2515 201.4409 172.462 123.6987
131.5004 141.3168 150.5851 132.2159 139.77 153.5456 160.1377 201.509 173.6917 171.8298 167.6296 164.4953 151.5638 127.7148 120.7745 127.3909 134.9438 162.6142 171.4858 117.9589 99.0082 122.2633 151.8694 157.4773 173.8066 161.7767 171.0839 178.7608 178.9275 160.7732 189.3466 175.8017 172.7855 180.7628 200.1933 202.8684 238.5882 236.3253 227.5487 230.0105 253.9965 232.7986 218 229.6725 252.0891 265.2462 285.5014 293.3844 285.4127 318.0127 318.275 314.7899 322.0181 335.1954 338.9216 354.6563 317.542 340.9159 342.4353 288.861 333.4603 309.1534 255.2215 209.1254 172.313
115.5209 124.2016 136.2836 141.5411 151.3303 133.2707 145.3796 160.7477 163.568 153.4626 169.7994 161.5389 157.9429 146.9629 138.393 122.7662 119.4389 128.7298 129.348 115.7914 105.1936 98.5043 137.3235 142.4687 154.1854 155.1776 154.9286 156.2741 176.3512 154.3071 155.1841 176.9869 172.5753 186.3276 224.5765 275.6988 305.2039 296.4059 287.4933 244.7663 214.729 232.2115 225.089 240.1208 266.2005 241.5409 265.5719 262.5644 262.8303 263.2336 297.1168 323.6218 348.7637 332.2186 345.127 318.2436 340.583 323.4689 299.3938 309.5247 330.7242 302.7168 298.5562 293.3018 261.9073
125.7315 140.0482 119.5255 137.2325 139.5776 143.155 132.944 135.1362 139.755 132.0914 141.1119 146.1436 122.9359 145.7007 147.4962 150.7667 142.1564 123.3985 104.8327 91.5699 129.223 130.1157 126.8839 146.0535 157.7291 172.1799 172.4842 178.5851 158.1148 161.9088 162.7847 168.1384 160.8484 176.708 226.6649 251.6186 280.133 282.8587 283.3873 254.7278 241.4389 217.4777 249.3182 271.9661 244.3576 255.9939 250.7333 253.845 315.2411 312.7922 275.0899 267.1425 266.138 280.7224 332.6007 304.8039 316.0995 328.3594 298.9661 243.2145 269.1195 281.4086 248.7659 238.1645 257.6964
122.0306 122.0502 117.9067 125.5532 134.6629 156.8582 132.5353 149.2608 162.2875 125.4352 129.4295 120.2676 126.0164 133.8649 161.5139 174.3074 168.684 158.9616 138.5597 114.3653 109.9411 112.078 136.6722 116.9235 149.4193 235.9757 240.9699 235.0639 228.5266 193.8977 194.6091 182.9608 171.6795 192.893 210.7208 239.183 225.401 234.7814 245.7646 252.9177 238.6661 214.5414 250.3927 238.0835 225.9283 227.3748 239.4636 267.9634 283.8808 294.2947 304.0656 321.1096 336.7247 276.5272 283.8234 272.2685 255.2823 245.2661 243.0719 272.3719 242.1268 205.8589 259.7811 218.425 188.3803
120.0605 113.2693 115.5478 141.7232 163.6306 196.6059 217.3033 176.207 132.1845 125.6491 109.4405 113.4341 127.198 171.2458 169.4612 228.8831 231.1358 220.5653 173.0708 163.7701 146.2142 116.9646 89.3702 122.072 168.2957 174.1811 197.8747 239.5591 227.6087 209.6131 215.6431 183.6444 196.7391 207.447 179.9016 197.8791 214.2278 248.1406 238.7053 233.7618 214.9209 192.1554 211.4497 237.9532 254.9923 228.618 235.8277 234.5246 257.849 304.2305 307.6068 316.3961 296.7848 306.2344 334.8709 293.1334 259.0407 262.9719 291.8025 260.7352 259.8903 240.0549 271.2369 254.0621 221.689
127.7265 126.9168 111.002 149.0605 175.2791 187.2869 175.4776 184.7958 146.5744 130.2871 114.5636 124.5692 138.266 167.3595 209.6125 245.1021 271.7155 264.0139 241.0703 200.1035 196.3668 169.3617 102.5942 85 101.2307 202.9291 239.2488 218.0135 214.4316 188.7062 202.6908 192.4016 173.22 178.5609 177.3113 187.5008 208.3106 241.2501 251.5538 251.009 229.9242 189.0673 180.2929 182.5052 186.3842 170.9993 179.248 216.6715 253.1472 265.5149 271.1858 300.332 287.2322 291.3586 321.0975 323.628 298.2909 345.7838 366.6219 340.6706 308.9792 321.1564 319.9403 298.0821 289.2954
84.0179 84.9114 88.0856 133.3726 158.4142 158.4859 167.3959 159.4895 130.0895 124.5201 116.2275 133.0419 145.3386 173.9439 250.9224 259.9135 280.5037 284.433 262.1565 247.2097 202.0411 146.6185 120.2645 107.1511 89.3523 122.0164 152.5875 185.5098 206.2213 221.2983 231.1319 230.1342 196.4459 158.0606 158.7177 168.8337 207.6079 271.8757 273.3601 271.0298 250.1441 237.9567 197.2232 164.6526 213.7229 185.6615 178.8653 195.6094 208.2686 245.5688 255.8246 267.3795 261.4055 249.3921 255.7626 267.7581 289.7194 345.7895 352.1227 361.4603 348.4677 313.5406 299.4663 308.2356 297.1778
80 80 80.5664 122.7175 163.7905 179.3493 173.2267 153.2119 160.51 165.5742 129.5271 93.434 146.1071 162.2051 221.5972 206.5522 208.3091 202.0787 204.1596 207.3449 204.6967 177.1732 130.9432 106.7012 85.7752 125.5119 130.0865 110.9449 131.4537 122.9888 159.6771 163.7466 170.1261 250.0103 240.356 227.514 195.6165 216.4209 235.8574 225.4219 236.9209 224.2453 217.3773 198.9956 170.7085 182.7114 195.1083 205.5442 233.8692 250.2736 248.4759 247.681 265.9154 287.9577 237.2231 231.473 261.1785 282.2729 323.0475 303.5371 265.8947 303.534 317.4614 341.1977 342.6291
80 80 93.7166 128.8295 155.84 186.1028 189.3278 156.1961 147.6221 111.3727 105.8884 118.9292 140.8098 153.6499 192.1241 181.3249 153.6251 174.9587 177.008 194.6467 168.0153 122.8902 116.8974 117.5605 96.664 106.5115 124.2485 110.2627 109.4468 141.8554 120.7986 128.1152 193.4153 163.176 198.891 204.0918 187.6146 207.0754 216.6685 234.5083 236.8953 255.8499 265.3113 239.9088 200.4908 155.7206 154.7354 182.4091 235.9893 264.2727 276.0662 275.0432 286.068 263.7855 259.2282 224.7592 291.0012 330.3312 301.9416 268.6337 269.3194 291.5995 284.7894 292.494 286.7862
80 81.0001 80.2811 115.7549 149.1897 184.5903 202.776 173.6423 123.3048 109.0004 107.8119 138.8982 114.9628 114 162.7642 153.5016 158.5882 168.0806 175.0912 148.9971 129.9411 89 103.9546 108.3286 120.556 79 84.0757 106.307 111.531 104.7242 143.5612 129.3006 140.5267 158.6659 165.6941 174.3461 177.5932 184.9062 204.7883 212.6731 238.6823 267.414 261.9635 278.9525 233.838 188.9788 158.3015 163.5872 194.1803 229.0802 275.2007 290.1688 292.0142 287.6937 270.0103 237.6542 282.1235 286.2368 292.7254 305.7967 310.2791 283.5173 273.8692 260.8393 263.9993
84.207 80 80 94.4082 125.7131 188.3047 208.88 215.9546 200.2014 151.8149 111.6734 119.8799 132.6752 128.5784 132.0798 127.5375 148.1266 149.4268 145.2569 139.708 113.4789 89.7027 89.6983 98.1354 100.1872 80.2146 93.863 90.059 135.696 88.3351 94.5404 115.1549 145.4531 159.7086 185.8794 181.3909 202.977 230.5815 226.3376 202.6686 218.5215 246.1056 273.4281 267.4679 253.5014 222.9698 184.6323 154.8783 200.9548 219.083 205.7474 229.6501 277.1094 275.7156 237.5049 211.2069 264.4139 292.7836 285.7105 277.5544 283.8011 315.8293 301.1988 287.0237 285.4268
99.4902 100.227 89.7756 80.6681 117.2824 175.4258 191.1088 189.4599 140.4136 135.2787 102.7206 130.9945 143.2182 111.1762 129.8793 135.452 133.6213 152.8937 187.2661 213.5869 153.3946 124.6681 93.8757 95.5937 102.2004 81.4153 81.2395 96.3392 81.001 81 81 101.1478 164.0278 181.3554 222.0371 281.7688 294.1015 279.5982 302.6992 283.0005 292.5113 300.7925 303.7997 347.0639 355.9377 278.8963 233.7182 187.4804 158.5123 205.8187 199.5161 204.4906 229.125 233.0786 199.0877 191.4446 289.0867 315.5025 289.9466 280.1435 291.1185 290.2365 286.5607 303.1494 311.188
130.059 128.8472 113.6804 98.9256 98.9605 136.6407 174.1266 195.8906 182.2104 152.3273 121.2316 115.6921 154.8735 168.2996 117.3595 113.4165 128.0652 163.4616 171.0724 212.0077 206.7806 149.1764 111.1741 107.3598 134.2349 94.1757 96.4649 90.118 82.7352 81 92.6513 130.0094 160.2501 218.5823 251.2663 292.2582 294.539 292.1468 296.0845 290.0161 295.8378 302.0708 304.2798 313.2165 307.4856 289.9565 283.7781 263.8278 193.9678 153.9409 203.7686 232.0444 195.347 167.5216 155.5403 197.8446 258.5568 294.1718 306.5808 306.2468 292.7553 281.8083 277.6544 283.5826 292.3413
83.1354 102.1387 107.0304 70.1877 73.8855 94.4578 138.9778 149.9868 164.7207 136.1445 108.5908 103.9308 140.5403 160.0095 120.4504 129.9135 123.9998 132.2447 122.5681 158.6056 171.2533 153.7281 105.1917 96.265 86.6352 91.6197 93.4945 99.5842 96.261 82.3225 107.4058 167.8553 212.1273 244.5421 276.8201 280.1451 296.3725 297.0754 286.1909 293.9195 280.2801 300.0478 320.3185 323.0316 298.1094 299.2895 292.5179 288.4898 218.5175 152.5729 148.5295 189.4925 205.3596 171.1376 149.3883 198.5891 279.4567 281.9351 276.77 283.3548 268.7581 284.6217 294.8877 298.4919 271.4772
86.5842 87.2287 70.391 66.2573 66 66 70.9365 95.5787 108.7415 110.1287 94.4228 78.2942 110.5602 128.8941 121.9947 81.8434 111.7373 96.1112 119.826 114.6646 125.6141 116.5421 76.3118 84.4527 86.9219 99.9467 162.9537 151.9442 131.8867 120.0404 81 93.2318 133.4466 240.9914 264.6656 259.8219 281.7385 297.5802 302.2833 294.8078 297.5795 295.1842 293.5277 303.1611 316.4838 314.7531 297.2401 252.9361 227.7953 171.5072 140.4498 160.3547 202.2421 157.0296 147.2992 215.4685 253.5382 269.9573 257.9007 244.2887 239.6109 287.1605 295.7543 302.8147 293.7722
202.3263 125.2354 104.5705 73.8369 74.527 68.8416 78.7716 102.2417 87.3995 66 66 66 73.1185 66.1606 66.1324 66.0016 95.4064 110.7243 95.793 91.5376 107.9949 115.7268 81.3006 80.658 94.4821 134.7775 165.0947 178.4253 172.952 174.0444 129.3297 122.7565 85.1467 104.7753 151.7967 219.5043 257.6168 271.9652 295.2228 303.9001 308.5303 260.9447 281.4698 305.0567 320.4033 335.9965 341.1145 323.5703 327.5877 267.916 171.1043 118.9392 145.6525 131.9394 119.1067 203.516 253.8895 242.1327 234.3008 215.983 235.9169 255.6618 239.4449 239.303 292.2601
