MapLib/Lvl1_5x5/BG/Ele_BG_BF.asc
ncols         557
nrows         557
xllcorner     2784500
yllcorner     5565669.448
cellsize      1000
nodata_value  -9999.0
[rows 448 to 475 of 557, columns 189 to 251 of 557]
170.5596 174.1685 166.5308 170.8682 162.0274 161.1134 165.0478 155.4984 154.8904 151.3799 151.2357 166.9592 170.5329 164.1364 168.905 171.5119 181.0467 171.9967 174.2417 178.0435 175.8066 171.2778 174.562 176.3017 181.5213 183.4436 179.2963 188.7573 185.9281 201.6722 198.8025 197.7304 201.2166 200.1793 192.8162 192.1028 192.9194 189.1342 191.3597 195.6916 195.9612 193.2455 198.8579 195.9315 193.3031 191.2314 188.8749 189.279 185.8137 187.7001 187.0036 186.7553 202.8843 202.7445 201.2415 198.4444 212.4747 218.3882 207.7767 210.2328 214.575 208.0821 222.2969
164.9764 166.6273 170.2433 174.7687 168.3528 164.5843 165.0381 168.2253 175.7822 160.477 150.2056 153.9764 158.6681 156.8566 166.9349 167.5569 173.3317 175.0771 180.1973 179.5512 178.7126 179.1375 171.281 166.7314 177.5385 177.5068 177.579 179.3884 179.2918 188.4021 189.3201 190.9205 188.8703 196.2874 189.0034 189.062 194.4457 190.7565 188.5704 190.5351 196.8707 195.9854 193.357 195.2251 196.3793 197.1097 189.9564 191.1721 196.0842 198.9303 198.4173 198.5052 194.3344 202.8933 205.4694 211.5213 211.9371 218.1409 215.3434 212.725 203.1167 213.5772 211.0417
170.8879 177.0106 177.929 181.9037 184.2641 179.7886 169.0969 162.5057 154.5636 166.6647 166.1212 161.9137 154.1192 154.9066 151.764 161.9214 177.1562 166.0788 177.8933 180.6324 180.8029 176.693 175.4325 168.3245 161.5029 165.2148 171.0438 172.792 182.1403 181.0925 185.8459 185.054 181.1804 178.4145 184.2234 183.8258 193.2304 194.1159 191.4827 191.0149 197.4444 204.5679 198.9227 206.2859 204.9259 203.3595 198.9027 193.5583 196.044 189.8341 207.6915 197.31 195.8088 200.3524 195.3554 200.922 205.243 210.993 213.7822 214.5271 211.8092 206.9134 204.0203
180.3145 185.0611 183.8978 173.3422 167.734 160.3192 164.8732 160.3562 161.9493 164.5026 155.4966 161.8675 162.578 161.4638 157.2114 151.253 153.7664 166.6213 162.9508 171.2559 178.6746 173.4222 173.0587 183.2918 177.5342 175.7826 168.7767 172.2149 178.0538 180.228 184.5958 187.3033 181.358 186.6662 183.9728 181.1666 186.0515 193.0031 193.7198 196.9587 202.9765 197.867 199.9554 197.6693 201.35 199.6219 201.9514 204.2399 205.541 204.523 190.1339 201.3623 207.7158 200.3126 198.7854 206.7679 212.7542 210.5447 207.1374 216.5649 210.8733 213.0774 214.4181
195.3241 199.3441 165.0527 172.5004 168.9532 162.4166 167.9783 165.8118 157.6273 162.5823 161.413 160.6958 165.0064 167.9089 165.7828 168.5662 142.3338 146.0452 153.8197 157.6763 177.748 177.9905 182.7013 178.7866 178.8165 188.7878 191.7734 180.0772 179.8256 176.9729 177.7398 177.0146 176.0837 183.6392 188.1037 195.5564 199.5464 191.4738 205.3497 197.6873 202.9996 204.4097 196.1615 194.1413 194.3454 202.2736 201.0684 209.3937 203.7412 202.4979 201.6658 194.4733 202.6966 200.7149 203.8313 198.6074 205.6636 218.5417 226.9658 223.9139 219.782 216.6483 217.0546
170.1071 172.3129 169.5856 166.1596 169.4244 158.145 166.5761 165.2812 168.0061 162.6473 164.3072 159.6761 169.0639 169.814 171.0967 170.2187 175.3812 153.5299 148.5826 148.5639 165.0265 171.2114 178.4633 186.4984 182.5904 183.8604 183.2263 189.5918 180.2525 180.1293 175.3421 176.0954 176.0372 181.3307 185.5279 190.3103 199.8247 204.9522 201.6908 200.933 202.931 203.6904 201.0938 203.2719 202.3532 204.9483 205.2578 199.1707 200.3366 204.2963 203.6481 210.8928 205.8336 207.8559 201.9489 206.3432 207.3211 210.7786 209.5562 216.6257 222.0726 222.2685 221.4786
173.8652 174.6086 174.1628 167.3761 161.7489 159.7501 168.9078 168.6968 169.6338 166.0067 158.556 169.9733 183.1781 180.7352 183.6983 186.5441 183.1032 172.8206 168.557 154.7715 147.9576 153.7097 168.7127 182.8888 174.9289 175.179 178.5061 170.1127 180.9338 176.4522 170.8548 187.4599 187.8057 189.2957 190.9895 194.1628 186.3453 194.8488 194.8269 186.5881 187.994 190.8407 193.9225 204.181 197.6464 200.6918 210.1607 208.6755 205.8855 204.8388 208.0088 210.9027 208.4741 205.4295 200.5895 199.7505 207.4906 212.346 208.8398 204.4586 212.4293 208.684 205.6631
182.1986 177.6312 174.3882 172.7501 170.3082 165.9077 172.0915 170.3199 168.0699 161.1329 159.2674 165.1564 168.1685 187.9862 176.7542 195.659 174.2664 182.9541 180.2969 174.0121 167.9337 147.3626 161.3358 163.613 172.4688 178.0506 182.6892 183.1993 185.28 185.8862 180.5001 184.6827 186.0367 187.9267 190.6439 202.1605 202.2155 200.1268 199.1019 205.8577 206.1501 200.4441 204.9096 214.2755 202.9896 196.471 194.1891 206.8798 202.7802 206.3838 204.8658 203.5248 202.689 204.3877 211.8285 207.2476 208.8309 208.9386 203.8227 201.0288 203.9446 201.2922 195.0227
179.4037 182.0085 172.2446 166.8849 174.2615 170.8301 172.9613 166.5893 173.4228 167.9729 171.054 176.0559 183.2158 186.8065 173.6534 175.4173 175.9244 178.3382 167.6944 164.3376 159.564 170.0525 144.5343 157.4323 164.9838 175.3159 185.819 183.8382 178.1276 179.6714 176.6504 178.5809 182.0398 189.0912 195.9329 187.8029 195.2364 198.7189 206.7861 194.7397 204.7012 205.8704 205.308 206.3473 198.1816 203.0882 197.8343 205.0081 203.317 208.5836 205.6494 206.2405 201.9025 206.8086 210.4173 205.5762 200.5346 204.6368 204.7566 201.4153 199.4185 194.9088 195.64
177.3124 179.986 178.7117 175.7623 176.0228 180.2629 167.9886 169.6586 173.0131 171.2194 170.9605 172.6764 172.3574 183.7419 175.1556 176.2809 180.459 179.7474 168.8733 166.9851 164.2406 173.6376 173.3091 152.1716 153.34 154.263 181.5381 179.6931 178.8697 180.0193 170.8659 177.2085 187.583 190.7991 186.3256 190.6089 201.6658 203.8392 203.6815 200.0343 199.6711 206.5002 208.4818 206.6089 196.1741 198.0074 199.8858 203.1299 206.1065 203.4922 206.0716 205.2738 201.1371 205.4718 213.3789 207.0626 204.0246 205.0344 214.9809 203.622 201.2691 198.7691 196.8495
181.5936 178.8376 170.455 175.2776 175.1686 174.7311 177.8605 173.4005 175.2407 166.7835 172.076 174.1298 180.9829 187.4844 170.8161 177.253 175.5405 180.2993 178.2104 179.1891 173.6065 168.4586 170.5712 159.0204 159.562 156.3031 176.1179 181.5877 183.8514 181.1817 180.9685 181.7304 179.1094 180.4452 188.5819 193.5641 198.4917 199.8726 201.3169 204.9341 203.2727 202.4766 200.8505 198.3277 203.7049 204.0983 200.1734 195.7314 200.6662 202.6957 209.2733 200.9524 206.8085 202.8307 208.122 211.3277 206.914 208.5708 208.819 201.863 200.5871 193.3647 194.1668
176.4061 178.4433 176.5599 172.9868 177.637 179.1009 175.7404 167.7655 172.0272 171.2767 169.6104 165.9324 169.1186 174.0352 184.7215 185.2057 181.4999 188.899 174.3604 175.1766 181.654 181.0223 175.7236 168.2654 144.7594 159.7434 158.4779 184.0714 187.5345 187.0185 175.8279 177.9676 178.9281 178.9565 189.7552 197.6955 199.7364 195.6105 189.1653 188.9612 189.8273 202.4648 208.6292 201.2003 204.98 202.4841 194.3542 193.1165 197.2977 206.2458 202.258 201.8988 198.2857 192.8295 197.33 208.6627 204.5597 200.5131 204.1803 202.1014 187.8239 197.0517 207.6701
181.9999 183.392 195.473 193.6952 190.1067 188.9664 177.3271 180.9682 174.1521 167.1577 171.5011 159.0773 174.4957 186.4654 195.8747 196.7669 200.7267 198.0077 195.8139 188.2186 185.4341 176.3585 174.2178 170.7649 157.4651 157.7106 160.9998 159.0399 168.7458 177.3789 171.1339 169.6248 173.9711 185.7026 184.5074 195.0807 199.3306 200.3492 201.4291 200.386 198.614 200.0895 198.6928 193.8193 197.211 198.3251 196.6768 199.5774 195.4258 201.958 204.0974 205.4088 200.3571 198.6279 198.1433 195.8812 193.2898 194.7857 195.7543 182.5647 198.6212 190.8205 200.798
190.1475 181.7076 199.7729 189.6119 196.5209 196.3114 189.3133 183.6024 181.7788 178.2946 171.464 167.8783 167.4535 175.8942 188.5733 194.5213 195.7777 180.1511 184.6405 194.0832 186.7122 200.1978 178.7701 173.4877 169.5558 160.7039 163.1142 159.8565 158.3491 177.3694 175.1372 180.3988 189.0269 183.1278 187.7164 195.4454 193.8331 196.4783 193.9836 193.4659 199.9329 201.799 197.085 204.2522 198.769 201.526 209.9805 201.1761 204.5643 202.9057 210.6479 209.5527 206.1782 196.7495 195.9576 188.8851 190.2813 190.5235 190.5943 185.1897 196.0516 194.1482 194.6591
185.8448 184.0863 185.7946 189.4516 192.8057 191.3276 188.8447 191.2959 186.8082 186.6806 183.8228 184.6928 177.254 175.7034 191.3597 191.9206 183.7402 187.8213 191.4748 186.1395 176.7866 177.1028 199.2686 189.1834 197.7854 168.3192 157.0092 159.0523 166.6176 164.584 172.7888 173.5985 174.4966 184.3797 190.3911 191.0852 196.3803 198.2105 208.8531 194.3917 200.0172 203.657 204.4831 198.6682 209.2362 204.8025 205.752 212.5932 200.3466 212.6508 211.5598 208.5126 211.0181 197.9834 185.1273 195.5986 192.5631 181.6092 183.7682 185.7403 185.4205 192.8646 191.8254
199.7631 199.9336 200.7065 192.705 190.1031 187.1736 191.6693 183.8126 190.2951 188.9077 185.1714 179.957 175.4502 187.0865 195.093 198.5557 204.5362 196.2279 187.4668 190.7437 189.7289 180.6378 188.178 193.5552 179.0145 175.452 166.0509 161.9075 160.9419 165.4639 162.8244 164.2586 171.049 180.6754 181.7872 183.7231 186.1311 191.3976 194.4452 196.0425 200.6389 202.5884 209.1893 201.7663 209.8214 213.2427 206.6337 207.487 206.5275 210.8979 204.4595 205.4536 207.7585 203.7992 206.0789 196.3155 183.697 186.0629 187.7204 188.4034 189.0944 209.3013 200.2918
200.5638 204.5781 203.8892 202.9587 194.9351 192.553 188.6007 189.8882 194.4065 189.1363 173.0506 174.0868 179.4437 175.455 199.1711 201.9723 207.9227 193.7713 196.8742 206.0944 194.7245 195.4681 185.3971 191.15 194.2398 188.041 190.148 174.7861 174.5585 169.7622 166.2925 161.8239 170.028 167.258 169.4444 176.3019 185.5649 184.0766 189.9662 195.4287 200.2624 202.2281 202.7552 210.8109 210.2362 212.3976 209.7306 210.2365 205.7707 205.6075 207.1836 212.5532 212.0968 208.3135 199.6232 201.3904 208.6463 199.9153 181.6545 173.8005 199.5541 206.0916 203.8949
206.5117 207.9615 209.6844 205.1093 201.3095 192.8017 192.1004 191.2755 192.4406 200.3833 212.1336 183.4438 179.4298 178.9027 187.2812 191.1636 202.9502 203.1471 189.7609 193.6279 197.9034 196.215 199.0401 207.3951 204.1429 186.855 176.0124 175.4954 176.9924 175.4915 169.9429 172.8184 175.5956 173.8866 185.1514 198.3338 201.286 188.4657 188.7789 201.2878 217.8076 211.8463 200.9146 193.0834 189.1003 198.957 199.098 204.3986 197.1021 191.1886 202.9433 206.0819 210.0151 203.7234 200.5159 201.7408 203.3531 197.4252 183.9463 185.6124 195.0113 209.6527 214.8593
211.9578 199.2839 200.0218 206.7741 208.955 190.9156 189.4745 189.6235 191.294 181.1797 191.5033 179.7233 184.9102 199.3404 181.3746 184.8632 208.5636 205.8528 200.8966 196.7477 192.4784 195.2136 205.4387 196.4425 194.7475 201.3218 196.7999 184.5071 177.9633 175.7054 168.5649 171.2693 174.3737 178.0861 183.0679 185.3119 192.281 202.1244 212.511 210.5287 196.7719 200.5366 193.6336 208.1184 207.5177 214.2281 210.0661 178.0037 171.7749 192.5979 190.9237 186.47 199.6512 200.396 194.3248 196.9027 189.7179 187.5862 188.195 193.2961 195.0373 195.6921 198.9319
203.6105 204.2285 214.0938 213.4401 205.3673 206.1762 198.4276 199.4454 187.5594 180.2237 185.5691 183.3864 191.1797 180.1702 190.5135 195.4203 203.3879 204.0087 198.5517 195.3768 199.1606 200.597 202.3379 202.331 195.0007 196.8511 195.0912 183.4546 177.3478 177.6513 173.11 171.4435 186.3786 177.8466 183.4388 186.1237 190.4093 204.0449 207.5231 214.5197 216.9971 218.378 214.0291 204.775 198.8475 205.4955 204.6588 200.1559 182.2478 170.3909 181.099 167.7197 169.1225 176.7364 174.0594 178.0705 170.1399 170.6808 168.714 190.3161 186.496 194.57 186.2614
202.4174 206.461 205.4385 210.0423 204.8146 198.5577 205.0701 202.6442 182.1277 188.7581 197.6484 204.7583 205.8808 200.2794 205.33 211.85 210.1124 214.5951 207.2267 207.3616 206.1442 207.9886 205.2622 208.1254 194.9524 189.209 181.8754 187.5299 195.0582 191.0204 187.0988 172.1241 182.4872 180.5661 181.7745 190.9319 195.2186 201.4315 207.3425 195.9031 211.8443 204.0403 206.2724 208.4137 200.3082 205.5135 203.1719 202.9492 197.6083 195.681 195.2978 191.132 179.9915 178.1956 177.2738 171.0103 175.1493 181.708 189.1866 187.1851 171.8994 179.7108 186.2131
195.292 197.2068 210.9886 209.3012 207.3354 207.5444 203.884 196.3267 186.0015 199.3499 213.7823 207.5725 215.3483 214.3032 210.2934 215.9205 220.2168 209.7591 207.6393 205.4931 208.3554 214.7467 205.0756 201.693 185.1205 209.3396 207.549 201.3868 197.2658 190.2927 186.9888 172.4066 178.4777 186.5487 189.5305 192.555 194.0918 185.2011 199.2365 204.371 209.4201 204.9173 205.7512 202.3421 203.9893 206.1451 207.2525 205.6985 201.8043 200.3017 191.8017 191.1575 182.7894 180.392 175.8373 188.8715 180.3836 175.8241 184.8879 201.3448 194.5377 190.3849 191.459
202.6465 212.7166 206.9478 207.7115 207.0811 206.6538 201.0088 199.2653 208.2112 209.4897 225.3716 216.6796 219.1655 219.1515 224.7529 219.8153 201.0268 214.7347 215.6941 209.3832 198.6526 201.6151 201.4902 185.9203 185.4519 183.5115 179.5511 179.373 189.6779 183.6196 177.998 179.7171 180.0046 186.7563 188.2152 189.5656 195.4067 201.254 199.5044 207.8329 212.4413 210.1169 209.7864 215.4794 217.9372 209.2383 206.0689 206.5561 201.1296 202.1664 199.2339 195.755 190.9524 189.2413 181.3689 185.8577 194.1649 190.4304 181.2208 185.2763 199.9611 209.5639 195.8971
216.3633 215.0558 208.0601 204.7311 205.4975 216.1447 219.3197 221.439 213.6789 214.5797 218.2146 225.6462 218.6344 213.9177 211.7275 209.9991 193.6051 208.3789 214.1485 209.7114 209.4456 206.358 194.7285 179.1934 186.9734 189.0195 185.8291 188.428 197.6859 179.3796 176.5166 183.7372 185.059 187.1049 187.14 181.7873 186.2883 189.6733 192.2918 202.445 210.9341 214.3692 216.2147 212.8516 220.7627 218.1569 218.5247 208.5093 212.1707 206.9385 198.8281 202.9789 196.9203 189.4267 186.2987 185.9276 187.5603 199.14 188.0757 186.3038 178.1911 184.1161 198.4275
227.5852 223.0402 216.9812 210.4288 203.8421 216.111 216.3035 223.3525 217.6319 223.0449 218.6533 218.4397 209.9964 202.51 196.4946 193.7997 196.4966 194.4752 194.294 189.0632 185.7372 180.5663 203.3215 210.1381 190.9518 186.2128 188.9249 189.1211 194.5962 188.6939 183.5789 186.7615 187.9088 183.1253 189.4872 190.5657 192.8282 189.0537 190.0402 194.731 197.6169 205.5873 206.2127 205.7213 219.1273 216.0772 211.9342 213.5989 212.8873 214.0629 208.4538 211.4324 209.4774 200.6575 198.2965 201.3573 198.2471 198.4005 193.2423 189.4521 190.9406 184.7228 208.9833
221.6943 221.4198 227.1775 213.452 204.4401 212.7253 217.9252 212.1291 210.844 206.006 200.2631 193.8415 201.1105 194.862 195.1887 196.121 187.3328 187.7282 182.9551 186.6071 181.6035 182.8501 182.9018 183.5699 191.7884 186.1901 183.0095 190.6152 184.1546 193.6978 185.0091 189.5317 181.9179 190.8927 185.5027 189.2471 185.9601 188.025 190.9361 185.4057 196.6257 201 204.5202 204.2059 214.7825 211.8618 214.4068 206.8159 205.2735 217.328 217.514 221.6032 213.7875 210.6751 203.7596 200.9288 198.0463 208.2595 193.1529 192.3991 185.8703 190.5427 201.6707
225.5611 222.6346 220.2499 215.668 217.0942 202.3933 201.0151 202.6566 204.9292 200.4952 203.9357 196.936 196.511 195.6939 185.7384 183.4015 190.1863 186.5978 184.4927 188.0721 191.1815 191.6624 191.4577 194.0101 195.7329 189.749 186.5083 187.0807 185.804 180.9647 189.3748 196.3347 189.4969 189.8549 188.7274 184.1961 188.6081 187.7028 190.7832 195.2664 205.9691 194.3875 196.2689 200.4447 198.1049 206.3372 208.3065 207.7681 208.5354 209.4506 212.9224 222.4411 220.2733 220.8013 213.5972 205.7087 211.84 207.9924 201.1604 196.0392 194.3361 186.3308 203.6218
226.4861 226.2385 227.6591 220.5994 223.8936 215.0871 210.7299 205.7733 208.4768 206.7978 204.3119 206.5735 202.6458 195.4205 193.6643 190.0343 186.854 189.8045 187.9794 179.5636 193.0372 203.858 202.7144 194.8775 213.6931 210.6043 206.0415 197.4943 189.7138 191.1522 190.9026 197.255 203.6829 205.5522 206.0977 207.5565 202.3094 202.2894 201.1356 206.213 201.9248 199.5787 205.2659 213.3105 214.2244 215.7453 216.6533 208.104 205.8936 207.9553 207.924 224.0505 220.2593 223.8956 220.2688 221.0138 222.5747 220.9128 202.0985 186.8535 192.7065 188.4442 182.5888
