MapLib/Lvl1_5x5/BG/Ele_BG_DF.asc
ncols         557
nrows         557
xllcorner     2784500
yllcorner     4451669.448
cellsize      1000
nodata_value  -9999.0
[rows 351 to 377 of 557, columns 248 to 309 of 557]
476.6387 422.2842 372.2619 315.0908 371.9283 407.1755 486.9728 434.1758 377.8105 378.2362 396.278 444.3248 417.0597 368.3382 399.6838 350.6269 353.4098 348.2762 386.6533 386.9968 378.3632 389.3907 416.9887 455.2383 475.8448 522.5518 635.8425 703.0414 645.9622 618.3312 592.7983 566.36 452.5633 404.5816 438.477 420.5938 465.5148 512.824 447.1768 496.2623 614.5747 596.1951 606.4982 599.7389 596.2139 503.8884 452.8026 461.9657 466.7363 535.0942 601.0283 618.2242 611.1724 594.2701 543.9846 406.8341 327.4348 312.5309 269.219 225.5659 191.2359 205.9206
437.1354 415.1083 352.5713 321.0048 318.4545 350.4239 409.7062 439.4785 393.3458 331.5359 390.657 392.1452 349.5804 337.908 365.3653 339.7307 302.4146 301.7185 346.8865 364.0164 374.4732 396.8612 421.9049 462.435 485.8741 507.2336 546.4086 622.8621 670.1208 691.6581 648.283 537.4023 493.8482 440.5532 473.8615 465.0107 501.3472 564.0698 560.0945 620.4941 665.6966 626.4286 596.9134 579.3679 555.4908 492.8523 510.0421 463.3561 465.1215 485.0926 521.4562 510.1743 477.2097 451.1593 401.7339 350.7634 350.4698 314.3031 261.0186 246.4748 205.4168 174.322
414.7797 374.5573 392.9642 319.9161 295.9126 335.2214 382.0211 412.2644 383.4439 338.8112 328.1257 361.1078 357.7623 304.8146 361.4874 311.4267 362.614 362.9213 327.6929 350.3821 405.6166 389.5568 423.9098 435.1924 445.027 498.2029 508.7533 512.162 572.6646 622.355 626.0809 565.1284 618.5385 539.4763 557.96 500.0771 587.6862 663.8889 721.2275 806.729 667.825 630.6589 556.2776 565.1898 482.1485 640.9424 613.9123 547.9424 502.9024 527.1972 547.267 535.2574 495.9568 459.4868 504.1327 475.3342 323.6506 293.9539 267.024 242.9084 233.4007 233.0655
381.8997 343.9969 323.3671 271.811 338.9722 371.5567 418.1568 427.4813 383.5292 369.7734 316.7134 283.1961 316.8961 272.9053 276.4297 316.1845 395.3026 455.772 450.0413 389.5571 348.3339 404.2227 380.9717 419.9702 425.9359 458.3447 504.473 548.9991 574.756 575.0301 632.9032 686.1015 758.9749 803.412 811.788 671.5361 598.3661 688.8778 667.3635 672.4863 677.1951 539.3828 588.8058 578.1955 500.1217 646.8445 701.5928 608.014 509.6211 548.7738 533.5355 538.3663 539.1677 523.132 573.4359 522.8438 405.3022 365.3755 322.2995 283.3876 243.9666 246.8012
430.0468 367.364 294.4983 238.3394 311.7542 342.7413 376.5651 396.212 366.3018 334.7 312.4119 265.8338 259.1365 283.721 341.7441 346.7847 370.8832 404.0556 413.2767 421.263 409.9615 459.1776 536.171 504.4718 454.3175 458.0348 472.1424 510.1911 516.117 546.9986 585.8703 571.1457 635.5952 623.8802 601.7701 673.6984 702.9515 758.2427 742.3712 700.0004 737.149 605.7565 716.493 734.7875 552.9404 629.986 669.4947 641.6204 590.5608 509.6651 553.6732 637.9985 640.4838 631.9326 644.121 552.3125 502.7935 561.42 450.8112 338.535 358.1928 312.853
379.6284 345.019 335.1747 262.1707 259.8472 319.148 363.7831 354.2456 356.7162 335.3678 294.9212 237.8226 271.0021 339.7368 408.4537 367.5013 376.7886 352.9895 372.9919 420.2813 481.2657 487.7493 525.8635 556.7783 507.9071 547.7501 535.1803 497.6898 542.6064 570.0493 550.8734 552.2366 500.66 549.8303 536.4921 634.4046 555.9069 692.4348 829.7619 798.0723 778.624 650.5239 749.0322 666.1534 611.1447 561.3259 681.1424 718.1876 632.4625 515.7353 593.0128 596.4068 654.1257 611.4175 634.3966 682.9545 634.7197 561.7703 451.6741 383.1849 291.7692 255.2986
317.9919 285.9816 284.6971 238.6348 299.2145 333.5829 317.759 303.5416 304.6783 312.6653 284.3789 242.5856 306.7694 331.0171 341.1095 313.7906 316.1527 370.1511 424.1467 451.5414 480.9725 472.166 528.0281 561.8942 562.9789 617.2491 613.2881 584.0989 576.673 585.0513 539.2355 494.4521 497.0541 447.9104 499.0514 529.0524 550.2892 664.2732 804.5269 802.5223 803.8146 950.4753 905.9945 729.8172 680.8643 658.2473 619.134 682.5452 636.2698 606.3522 602.0058 566.1378 554.4705 618.7328 642.1882 670.1956 608.8364 544.852 558.4478 493.5515 381.8749 346.306
292.926 279.6757 265.7751 220.7508 255.3173 284.7972 270.6761 254.945 259.5476 249.3374 243.9234 256.83 295.8681 273.6548 280.1377 347.7771 363.1723 397.3543 426.4498 422.492 440.2192 430.382 445.5002 476.9064 487.0026 498.7739 565.1983 579.5719 552.7169 504.8371 538.3414 479.9791 457.4491 468.2448 443.2291 452.6326 527.1241 577.6819 599.4377 641.1444 719.1173 748.9363 756.3086 879.2274 878.3318 756.2487 640.5406 786.6264 718.0505 676.0003 611.5138 578.5793 673.2361 666.3495 728.1525 737.5793 672.8622 631.4485 644.7701 634.6682 570.0853 445.71
268.3547 278.4645 269.4177 242.1586 233.2819 249.7842 234.9875 231.0385 228.8672 269.8826 263.0541 260.5803 254.7411 286.5654 339.8845 356.383 371.5481 395.757 388.5146 371.8007 397.8837 371.3207 379.8712 392.1339 433.2513 444.992 448.1512 509.0668 510.9974 465.1687 452.971 475.4821 411.8761 409.2755 386.8112 447.8616 479.2709 486.6858 507.4267 531.0829 559.7413 563.4017 713.4163 728.9617 724.9939 834.0923 809.9394 800.3175 861.1891 695.8914 626.7046 573.4911 647.9802 644.5305 677.6393 635.3815 613.8372 604.1909 648.5633 573.3954 589.4694 512.7892
249.3878 265.7054 266.4662 255.5339 220.2567 231.0533 253.8241 259.0685 261.0023 318.9937 307.5313 327.013 327.0659 342.9818 358.4091 342.8025 349.3206 369.2837 340.0106 361.1478 335.9101 378.8872 388.3535 366.7538 377.744 383.477 376.7659 395.7254 406.8546 404.5165 414.5388 403.5677 371.8151 358.1569 384.9537 390.7744 482.3436 482.2033 468.814 444.8601 467.0004 546.6166 614.0336 559.5573 638.9227 719.1354 739.3005 813.5674 854.4202 802.7403 727.6466 646.1964 675.1709 589.4852 531.0316 499.9362 540.7735 544.8762 582.1642 505.2054 623.2023 573.9551
250.2928 259.0532 249.7298 229.6901 220.5762 239.8412 281.0851 296.5842 298.9755 347.4046 354.2164 329.839 315.7329 331.8369 334.4622 328.539 336.9069 328.6158 314.7423 311.2537 341.4164 356.6753 338.6457 324.1965 338.1985 341.3193 345.1499 364.4209 363.7639 353.6406 356.369 371.5333 358.4897 376.3372 344.7321 374.8653 573.3698 508.4017 453.6741 430.9126 424.9692 463.3422 480.3671 489.8539 569.3328 642.0087 618.3378 714.6819 638.1243 663.9359 793.7792 756.2197 714.7482 668.2744 676.1729 639.4448 511.5729 450.2153 447.7964 440.3436 528.9542 527.7653
230.4827 238.6337 228.7699 223.6869 215.9412 236.9014 249.9487 275.8743 301.4988 317.5427 336.0175 305.8355 298.7599 311.8667 313.4674 313.1179 309.789 295.1985 311.3218 338.2538 343.9908 315.7223 300.0665 312.6311 327.926 324.1452 326.669 347.656 320.9271 337.2403 345.1402 357.6667 346.1723 354.3723 332.5088 444.2456 582.3155 497.7172 438.1133 402.1977 408.7688 433.1951 449.1875 472.1552 482.8831 519.2293 568.1901 655.3144 603.9338 522.4568 643.6062 753.446 658.1545 675.5279 629.873 628.3272 651.9511 596.4024 519.41 436.1909 372.531 465.0401
214.3022 210.3296 191.9182 177.5066 222.2624 241.671 262.8014 259.4953 260.7774 262.9224 271.1096 271.674 280.2884 278.6528 287.3707 284.1579 284.0796 293.3849 296.1035 306.0563 313.562 302.8437 280.7778 288.082 298.0316 303.9811 291.6731 317.4757 310.869 310.4817 338.7145 342.6657 322.2792 336.6232 338.5083 433.7939 483.3838 446.1819 404.3556 373.2106 375.0198 413.3212 396.1585 414.8215 433.8965 460.5766 485.0961 516.4422 504.8607 535.9911 559.3626 587.7264 534.8179 600.5553 630.3727 501.3948 562.4911 579.6717 515.3749 450.7049 350.0862 452.1323
198.8461 200.1918 171.0807 201.6226 228.813 233.6376 225.6777 233.9091 222.3047 225.2834 234.0831 240.74 244.1964 264.31 278.7029 267.9813 261.3474 275.6393 272.4787 288.3488 295.5785 288.3609 261.2162 266.6977 289.569 278.514 271.0507 283.6961 295.509 296.1568 308.6946 307.5453 319.5074 303.092 321.8836 360.2671 374.6637 382.5872 387.7969 374.8373 361.546 383.656 381.9623 384.2656 392.8248 406.5338 402.8531 407.7839 430.7025 467.3882 490.7377 552.144 507.7844 539.2288 572.6205 546.1861 443.234 485.9417 436.3865 401.3667 361.5815 351.1777
179.8997 154.8745 152.1447 194.5684 223.4577 213.7867 218.1588 216.2023 199.4255 198.9895 207.1319 217.1967 230.9926 244.8389 247.7624 244.402 242.0697 250.9159 253.257 272.0413 265.3552 261.8344 235.9533 253.0298 253.2975 241.4749 241.7869 266.636 246.0793 264.763 283.5714 293.0034 289.4374 333.0574 322.6649 342.4384 365.6717 402.0935 419.9211 375.9334 351.768 346.2117 353.9139 378.6155 410.5692 385.1592 367.1998 369.992 385.6599 409.3234 441.3263 469.205 450.339 468.4369 486.3322 490.5178 459.037 383.4964 346.5771 339.1401 328.9022 350.0171
161.4095 133.4048 146.1366 185.2518 211.2793 192.7538 186.4642 183.1003 190.6008 197.7185 203.5371 217.8199 229.6572 235.1285 225.879 224.543 236.129 233.6325 235.7337 246.0788 248.8014 253.0754 238.256 281.0109 270.7784 243.8972 258.6598 237.0572 231.9819 234.4363 240.413 255.1132 305.5274 358.038 355.2271 365.1737 388.8082 419.8166 399.4972 369.6533 324.9166 345.707 347.4697 386.0987 448.0598 416.2656 361.8358 366.5818 363.9328 369.8538 378.9874 385.7712 399.6615 422.9295 414.1085 406.0983 397.8549 410.9695 403.9485 384.7254 325.3655 313.9077
146.9701 130.871 157.9668 202.2659 207.4272 194.962 186.4344 183.8018 188.2591 192.3878 197.4358 213.621 227.2276 219.6533 210.9783 231.2987 232.3255 226.7822 228.753 233.2332 222.9364 218.5922 237.9058 245.0237 226.2212 244.7736 262.6473 300.2401 319.1277 348.2369 337.8183 375.2411 420.3855 390.6222 405.3678 401.0699 390.6145 388.2017 372.437 317.9314 321.795 343.8735 336.9456 375.928 425.493 415.8612 378.6252 359.36 362.1186 353.2987 361.9119 374.7862 396.4593 434.1912 417.6444 423.8163 403.8155 361.8289 349.4367 360.1717 316.4188 311.134
140.6615 133.8693 169.3603 209.6814 203.9499 191.6198 184.9436 180.5986 183.9632 187.0984 197.9109 215.9069 212.4184 206.9433 216.8506 232.7045 224.4166 224.0161 231.5585 235.7361 231.3656 214.3772 208.8251 206.9758 238.9024 264.5685 264.3475 295.3465 309.2483 329.6665 344.9716 376.1982 431.8609 434.5815 437.2132 428.7938 404.9324 371.6882 337.1442 300.3203 328.9808 321.9068 331.6533 385.3708 414.6078 408.099 389.0356 361.2219 369.8603 378.2571 401.6709 426.4312 428.2465 441.0699 454.0138 432.8418 409.5797 382.582 393.2957 357.269 355.0978 306.0066
122.5973 150.199 179.4536 198.8196 204.2695 184.2891 182.8694 176.1836 179.1287 184.2712 199.772 213.5648 201.6229 201.701 218.0897 228.48 221.6388 221.0004 233.2923 238.6008 227.6994 205.6635 192.0289 233.8 228.6678 231.6462 257.5307 271.505 299.3634 311.7808 336.4695 381.4895 403.5463 420.1258 422.7971 425.349 422.2974 386.2086 343.8823 294.3464 314.7382 309.533 349.9492 396.0697 394.5107 380.8933 341.3197 412.2571 421.0963 436.8011 458.0663 456.6172 435.8763 461.2474 455.4172 449.6707 435.9276 432.6724 419.4153 395.595 355.3856 322.7779
124.4827 164.9602 184.2352 207.1654 196.9995 182.8434 169.651 173.7314 184.3428 192.9909 203.1389 203.7522 196.2253 207.7982 225.653 218.4106 216.2874 224.2377 230.97 228.8513 205.1667 189.9362 224.4256 235.4773 214.1484 233.2418 233.837 231.6142 267.4992 302.3848 315.3611 324.394 347.1463 410.7481 398.2659 391.4473 414.9172 413.9392 353.8432 286.8351 314.0492 350.1779 380.9149 404.4435 374.8575 343.2344 382.8911 375.3382 395.6442 418.7893 441.7036 428.5032 458.4617 451.881 481.5162 490.3709 476.0733 453.2511 394.4484 381.7135 329.3283 315.4203
131.9202 160.7895 187.6543 200.5784 187.7965 179.3923 169.515 187.7616 193.0712 195.9469 198.7952 190.2964 203.2835 216.896 224.8163 205.1166 215.6778 226.6602 224.8687 218.3501 181.231 207.5553 244.7455 221.9264 191.6205 189.2921 193.806 201.6143 237.1898 281.6426 297.9041 312.4936 354.8519 405.8683 385.9843 355.5873 392.6563 404.5158 381.8163 282.2762 309.5938 368.6267 364.1422 381.706 375.8309 324.5491 352.4244 336.4384 357.4161 380.2145 405.6481 432.1532 414.0806 423.8459 452.7711 468.8162 474.9569 457.1656 434.1606 401.8207 392.0414 364.1436
158.448 187.9088 192.3331 192.0553 181.3847 168.2385 193.0113 189.3781 194.1953 184.2672 192.5723 176.5753 197.8796 217.554 201.0974 208.0432 210.8374 212.5342 217.112 183.2027 191.0071 231.1501 238.9189 206.3861 181.7734 178.4485 174.0432 186.6445 226.2879 280.3289 295.2849 302.401 328.741 350.1506 354.3971 352.6299 343.3447 365.2552 371.5383 306.7412 305.4113 321.0184 350.7951 361.2432 352.9354 334.4136 317.04 344.4388 387.3397 406.4193 401.2206 389.2145 353.765 379.9722 414.7133 449.9299 438.3784 425.7645 431.0979 401.6501 345.0753 356.6129
178.3591 185.118 181.1372 188.4274 159.4624 178.6511 182.9606 192.5851 190.7903 184.3112 182.8723 182.0717 201.5413 205.3462 186.922 204.3471 204.1337 215.8693 193.3017 171.0711 214.6512 230.7208 227.6531 195.7796 177.8254 168.8805 166.1944 170.8604 185.1787 216.6994 272.8424 298.9634 301.1949 323.957 319.7027 311.2952 324.3864 327.895 341.2662 279.4814 290.2829 319.4399 338.5338 339.7241 328.2236 333.3623 308.6515 355.1266 386.7321 417.5912 406.0431 350.0027 327.5996 389.8175 436.6357 434.314 443.918 411.4766 385.6317 376.3033 372.9981 340.8081
178.5122 183.844 175.952 171.179 165.1009 175.8761 186.3104 192.996 186.6427 185.7259 171.2152 186.858 203.1294 185.0343 197.994 194.1546 198.3569 196.1969 170.2244 192.8143 218.2317 233.3112 222.7662 200.9634 178.3821 158.5922 160.1109 167.5168 175.5138 187.8667 221.3477 249.9091 253.7899 263.571 266.0459 263.4828 264.6683 273.0828 279.3048 249.7187 292.5877 309.6888 311.1389 306.0151 300.3437 294.6316 332.1711 369.7536 377.5747 349.0261 335.5646 360.4583 332.3784 389.3051 415.4675 399.7751 432.1435 421.2653 389.8933 380.7623 347.4496 339.7912
171.5123 173.4687 164.2572 148.5794 166.7956 178.4836 181.8643 183.4405 168.4438 169.1661 169.205 187.1559 187.4854 188.4188 204.9696 191.4841 195.9189 165.4651 172.9696 207.9068 217.6883 222.5525 222.9575 198.7124 166.226 170.4048 165.9196 164.9944 166.0826 170.0002 183.3847 197.074 206.3185 220.5271 228.5582 231.0193 253.8152 269.9873 240.208 247.4204 279.4618 305.1144 294.3521 261.9545 258.5777 303.3276 328.1952 332.2962 329.7909 299.7011 328.0374 343.1301 362.4196 357.5846 379.4459 353.9227 389.9988 410.8816 416.9019 364.918 341.9372 340.6267
171.0099 159.8675 154.6868 158.463 167.0947 177.9627 176.0994 170.1263 169.1697 155.6694 181.9501 187.7647 172.7017 192.2517 181.7604 189.5101 178.5745 150.246 184.5297 210.1625 213.0766 215.8781 216.0212 177.7203 159.8077 191.8274 189.0859 181.1772 177.4041 175.5869 182.5851 190.8911 202.0466 210.3503 221.1536 235.5945 272.5514 247.3415 235.774 268.6337 277.7031 292.2658 291.3036 247.9807 272.4863 306.8589 323.7861 315.8627 293.9336 295.5289 287.881 268.6268 298.9539 311.5966 318.1153 328.8183 333.3232 359.4099 405.1599 367.8941 367.3244 342.6215
160.055 150.595 144.6916 156.0845 168.7727 172.1774 169.4472 164.1524 162.9944 158.5536 182.2869 162.5802 175.5442 189.3206 175.2925 183.7923 154.7263 159.4869 196.554 206.5256 211.3031 206.633 195.8437 156.1537 180.634 211.288 210.6308 200.3663 194.0811 191.6601 193.4225 200.475 206.0562 224.0521 246.182 247.997 246.4486 223.8646 255.2791 270.0964 276.6997 283.6841 248.2505 256.3995 278.5222 292.051 301.2281 310.2942 288.6942 255.111 230.9825 210.4624 207.8111 208.7955 228.0762 261.2749 311.1052 343.5116 349.1744 340.4431 358.0609 377.6742
