MapLib/Lvl1_5x5/BG/Ele_BG_FC.asc
ncols         557
nrows         557
xllcorner     1113500
yllcorner     3337669.448
cellsize      1000
nodata_value  -9999.0
[rows 168 to 195 of 557, columns 128 to 191 of 557]
-9.4834 -10.9891 -11.7601 -13.3904 -14.0302 -14.9958 -15.3011 -16 -17 -17.2069 -18 -18 -18 -18.7481 -19 -19 -19 -19 -19 -19 -19 -19 -19 -19 -19 -19 -19.9876 -20 -20.991 -21 -21.9943 -22.1804 -22.9977 -23.9875 -24.0874 -24.9875 -25.9875 -26.9818 -27.617 -27.9908 -28.8888 -29.5228 -30.158 -30.9875 -32.4286 -33.0638 -33.9875 -34.9875 -35.9696 -36.9827 -37.9875 -38.8753 -39.5106 -40.1439 -40.9849 -40.9875 -40.9875 -41.6781 -41.9875 -41.9875 -42.9875 -42.9875 -42.9875 -42.9939
-8.6694 -10.044 -11.1123 -12.6083 -13.3721 -14.2345 -15.1061 -15.3522 -16.3522 -17.0729 -17.3522 -17.3522 -18 -18.2635 -18.3522 -19 -19 -19 -19 -19 -19 -19 -19 -19 -19 -19 -19.0023 -19.7679 -20.0976 -20.9431 -21.1928 -21.4706 -22.2881 -22.6458 -23.3522 -23.8211 -24.3522 -25.3465 -26.2217 -26.617 -27.3522 -28.1885 -28.5228 -29.8742 -30.7933 -31.4286 -32.3522 -32.9291 -33.6982 -34.9696 -35.8681 -36.665 -37.5365 -38.3522 -38.6318 -38.9823 -39.3522 -39.3522 -40.3522 -40.3522 -41.0965 -41.3522 -41.3522 -41.8632
-7.4896 -9.0895 -9.9321 -11.1123 -12.0306 -13.4774 -13.717 -13.982 -15.2886 -15.717 -15.717 -16.3424 -17 -17.5364 -17.717 -18 -18 -18 -18 -19 -19 -18.7651 -18.3337 -19 -19 -18.4509 -18.7188 -19 -19.717 -19.717 -20.3925 -20.717 -20.717 -21.1702 -22.0634 -22.717 -23.2574 -23.717 -24.717 -25.1898 -25.717 -26.717 -27.717 -28.5228 -29.0332 -29.717 -30.4286 -30.717 -31.6991 -32.6087 -33.717 -34.3536 -35.092 -35.8305 -36.434 -36.5554 -37.4521 -37.717 -37.717 -38.4124 -38.717 -39.434 -39.434 -39.717
-6.5713 -8.1963 -9.0621 -10.0323 -11.1123 -12.6931 -13 -13.0765 -14.0467 -15 -15 -15.5203 -16.1853 -17 -17 -18 -18 -18 -18 -18.5956 -19 -18.1699 -18.4274 -19 -19 -18 -18.9188 -19 -19 -19 -19.5844 -20 -20 -20.4532 -21.0817 -21.7463 -22.0817 -22.9947 -23.0817 -24.0817 -24.0817 -25.5733 -26.0817 -26.8875 -27.0817 -28.0817 -28.1399 -29.0817 -30.0638 -30.6991 -31.3954 -32.0817 -33.0817 -34.0817 -34.0817 -34.5106 -35.1459 -36.0817 -36.0817 -36.0817 -37.0817 -37.0817 -37.0817 -38.0817
-6.2186 -7.5156 -8.3393 -9.3953 -10.4771 -11.4465 -12 -12.4181 -13.5716 -14.561 -15 -15.4776 -16.0504 -16.8606 -17 -18 -18 -18 -18 -18 -18 -18.8301 -19 -19 -19 -19 -19 -19 -19 -19 -19 -19.0816 -19.8992 -20 -20.4465 -20.8471 -21.1603 -21.4465 -22.2811 -22.593 -23.4018 -23.9818 -24.617 -25.4465 -25.6906 -26.4465 -26.4465 -27.4465 -28.4286 -29.0638 -29.6991 -30.4465 -31.1825 -31.5172 -32.3322 -32.638 -33.4465 -33.7587 -34.4465 -34.4465 -35.4465 -35.6869 -36.4465 -36.9574
-6 -6.8348 -7.6166 -8.3207 -9.817 -10.5401 -10.8112 -11.7476 -12.4637 -13.8112 -13.8112 -14.3874 -15.0915 -15.8112 -16.311 -17.0151 -17.8112 -17.8112 -17.8112 -18 -18 -18 -18.3775 -18.8112 -18.8112 -18.8112 -19 -19 -19 -18.8278 -19 -19 -19 -19.3677 -19.8112 -19.9478 -20.2912 -20.9989 -21 -21.8112 -21.8112 -22.8112 -23.1383 -23.8112 -24.2523 -24.8112 -24.8112 -25.6879 -26.6079 -27.4286 -28.0161 -28.79 -29.3343 -29.8112 -30.455 -30.8112 -31.8112 -31.8112 -32.8112 -32.8112 -33.8112 -34.0516 -34.8112 -35.4145
-6 -6.022 -6.8023 -7.5017 -8.2065 -9.176 -9.176 -10.1123 -11.647 -12.176 -12.176 -13.176 -14.176 -14.7924 -15.176 -16.1913 -17 -17 -17 -18 -18 -17.3159 -17.5595 -18 -18 -18 -18.1813 -19 -18.7718 -18.0154 -18.6271 -19 -18.326 -18.5494 -19 -19.1273 -20 -20.1749 -20.176 -20.176 -20.176 -21.6171 -22.176 -22.176 -22.617 -23.176 -23.176 -23.237 -24.1612 -25.2846 -26.176 -26.3322 -27.268 -28.176 -28.176 -28.7053 -29.4048 -30.176 -31.176 -31.176 -32.176 -32.4164 -33.176 -34.176
-5.5407 -5.598 -6 -6.7223 -7.5547 -8.36 -8.679 -9.5063 -10.5716 -11.5407 -11.5407 -12.2582 -13.1128 -14 -14.7168 -15.5492 -16.3535 -16.5407 -16.9653 -17.3026 -17.5407 -17.4731 -17.7109 -18 -18 -18 -18.0064 -19 -18.8503 -18.4593 -19 -19 -18.5577 -18.7044 -19 -19 -19.5407 -19.5407 -19.5407 -20 -20 -20.7866 -21 -21 -21.2385 -21.5758 -22 -22 -22.531 -23.5407 -24.5407 -24.5407 -25.5407 -26.5407 -26.5407 -26.9696 -27.6048 -28.5407 -29.2351 -29.5407 -30.5407 -30.7811 -31.5407 -32.5407
-5 -5 -5.7601 -6 -6.9083 -7.6029 -8.2726 -8.994 -9.9054 -10.1873 -10.9054 -11.4776 -12.9161 -13.6774 -13.9054 -14.9054 -14.9673 -15.9054 -15.9054 -16.9054 -17 -17.7517 -18 -18 -18 -18 -18.0064 -19 -19 -19 -19 -19 -19 -19 -19 -19 -19 -19 -19 -19.2648 -20 -20 -20 -20 -20 -20.9054 -20.9054 -20.9054 -20.9983 -21.9054 -22.9054 -22.9054 -23.9054 -24.0638 -24.9054 -25.2938 -25.9054 -26.6048 -26.9054 -27.8753 -28.5106 -29.1459 -29.9054 -30.9054
-5 -5 -5.7601 -6 -6.0083 -6.7561 -7.4899 -8.253 -8.6874 -9.2702 -9.8848 -10.7478 -12.0305 -12.2702 -12.55 -13.2838 -14.1767 -14.2702 -14.9448 -15.6786 -16.4124 -17 -17.2702 -17.2702 -17.2702 -17.5411 -18.0017 -18.2702 -18.2702 -18.2702 -18.6697 -19 -19 -18.601 -19 -19 -19 -19 -19 -19.0715 -19.2702 -19.2702 -19.2702 -19.2702 -19.2702 -20 -20 -19.2702 -20.2523 -20.7207 -21.2702 -21.2702 -22.2702 -23.0428 -23.2702 -23.2702 -24.2702 -24.9696 -25.2702 -26.2401 -26.8753 -27.5106 -28.2702 -29.2702
-4.8137 -5 -5.4826 -6 -6 -6 -6.6349 -6.9768 -7.6349 -8.1313 -8.9424 -9.8093 -10.6761 -11 -11.2434 -12.0118 -12.8736 -13 -13.5869 -15.1946 -16 -16 -16.2955 -17 -17 -17 -17.6373 -18 -17.7231 -17 -18.3476 -18.9333 -18.1156 -18 -19 -19 -19 -19 -19 -19 -19 -19 -19 -18.1942 -18.28 -19 -19 -18.6532 -18.9821 -19.6173 -20 -20 -20.8259 -21.6349 -21.6349 -21.2723 -22.0407 -23.3343 -23.6349 -24.6048 -24.6349 -25.7227 -26.556 -27.8215
-3.9998 -5 -5 -5 -5 -5.6656 -5.9997 -5.9997 -6.5714 -7.2068 -7.9999 -8.9998 -9.9997 -9.9999 -10.3832 -11.0186 -11.9997 -12 -12.9241 -13.9999 -14.9997 -15 -15.9998 -16 -16 -16.3711 -17 -17 -17.2769 -18 -18 -18 -18 -18 -18 -18.7235 -19 -19 -19 -19 -19 -19 -19 -19 -19 -19 -19 -19 -19 -19 -19 -19 -19.9998 -20.9997 -20.9997 -20.4287 -20.9997 -21.6991 -21.9997 -22.9696 -22.9997 -24.2401 -25.8753 -26.5108
-2.5428 -3.8082 -4.3644 -5 -5 -5 -5 -5 -6 -6.4959 -7.3069 -8.174 -8.4361 -9.2726 -9.6081 -10.3644 -10.78 -11.3644 -11.9519 -12.9241 -14.071 -14.3644 -14.8298 -15.4284 -16 -16 -16.3644 -16.7723 -17.1009 -17.3644 -18 -18 -18 -18 -18 -18 -19 -19 -19 -19 -19 -19 -19 -19 -19 -19 -19 -19 -19 -19 -19 -19 -19.1906 -20 -20 -20 -20 -20.2549 -20.3644 -21.3343 -21.3644 -22.6048 -24.2401 -25.6892
7 -1.091 -3.2493 -5.1071 -5 -5 -5.0815 -5.9536 -5 -5.7852 -6.614 -6.8585 -7.7292 -7.7292 -8.1125 -8.7478 -9.7292 -9.7292 -10.6535 -11.8807 -12.7292 -12.7292 -13.7292 -14.7292 -14.7292 -14.7292 -15.0047 -15.7292 -15.7292 -15.9762 -16.8774 -17 -17 -17.3305 -18 -18 -18 -18.725 -19 -19 -19 -19 -19 -18.7818 -18 -18 -18 -18 -18.7161 -19 -18.9316 -18.0818 -18.8708 -19 -19 -18.7292 -19 -19.51 -19.7292 -19.7292 -20.4413 -21.9696 -23.6048 -24.3725
10.5567 7.7069 -1.8314 -5.0371 -5 -5 -5.3011 -6 -5 -5.0194 -5.8569 -6.0448 -6.1961 -7 -7.036 -8.0017 -8.6864 -9 -9.0868 -10.6535 -11.0939 -11.8461 -12.0939 -13.0939 -13.0939 -14 -14.0939 -14.6753 -15 -15.0857 -16.0514 -17 -17 -17 -18 -18 -18 -18 -19 -19 -19 -19 -19 -18.1942 -18 -18 -18 -18 -18 -18.6533 -18.7474 -18 -18.5231 -19 -19 -18 -19 -19 -19 -19 -20 -21.2404 -22.0822 -23.5569
12.2961 8.5953 7.7589 -3.854 -4.4752 -5 -5 -5 -5 -5 -5 -5.4586 -5.4586 -5.8636 -6.1758 -7.0085 -7.4586 -8 -8.424 -9.2567 -10.0894 -10.4586 -10.9241 -11.4586 -12.1946 -12.4586 -13.0029 -13.4586 -14 -14.4184 -15.2511 -15.5576 -16 -16.704 -17 -17.3319 -18 -18 -18 -18 -18 -18 -18 -18 -18 -18 -18 -18 -18 -18 -18.2526 -19 -19 -19 -19 -19 -19 -19 -19 -19 -20 -20.5888 -21.8757 -23.2343
9.5037 10.6848 11.0188 8 9 -3.5878 -3.7 -3.9888 -4.8234 -4.8599 -5 -5 -5 -5 -5.8911 -6 -6.5384 -6.8745 -7.7611 -7.9222 -8.8234 -8.97 -9.8234 -10.0829 -10.8234 -11.3056 -11.8245 -12.5284 -12.8723 -13.7511 -14 -15 -15.6735 -16 -16.8234 -16.9512 -17.2956 -17.8234 -18 -18 -17.841 -18 -18 -18 -17.9013 -18 -18 -17.9387 -17.9968 -18 -18 -18.731 -19 -19 -19 -19 -19 -19 -19 -19 -20 -20.2404 -21.721 -22.5109
-1 8.2995 8.5482 6.9985 6.6579 7.8197 3.2112 -3.1245 -3.1881 -4.0389 -4.8718 -5 -5 -5 -5.0721 -5.1881 -5.1881 -6.0544 -6.1881 -7.1053 -7.3464 -8.1562 -8.566 -9.1881 -9.7856 -10.1881 -11.0012 -11.1881 -12.0521 -12.1881 -13.6326 -14.3365 -15 -15.5561 -16 -16.1362 -16.1881 -16.9953 -17.6992 -17.785 -17.0188 -17.6227 -18 -17.3458 -17.083 -18 -18 -17.1229 -17.1848 -18 -18 -18 -18.6128 -19 -18.3557 -18.1881 -19 -19 -19 -19 -20 -20.2404 -21 -22.0961
-1.6754 -1.4471 -1.787 -2.4471 6.3469 7.7332 7.0007 6.0401 5.0857 -1.6673 -2.9479 -3.5529 -4.5529 -4.5529 -5 -5 -5 -5.1598 -5.9662 -6 -6.5529 -6.9241 -7.5529 -8.0557 -8.5529 -9.2052 -9.5558 -10.3548 -10.6767 -11.5043 -12.3027 -13.5529 -13.9186 -14.5529 -15.0489 -15.5529 -15.7134 -16 -17.348 -17 -17 -17.5353 -18 -17.5545 -17.4471 -18 -18 -17.4471 -17.4471 -18 -18.4471 -18.4471 -18.7363 -19 -19 -18.4471 -19 -19 -19 -19 -20 -20.2404 -21 -21.5109
-4.0824 -4.0824 -4.0824 -4.0498 -3.0518 -1.4165 7 7 5.6137 7.6631 6.7274 -1.4776 -3.0305 -3.9176 -4.9176 -4.9192 -5 -5 -5 -5 -5.1788 -5.986 -6.4271 -6.9259 -7.6753 -7.9482 -8.9176 -8.9705 -9.9176 -9.9928 -11.4651 -12.1677 -12.9176 -13.4159 -13.9249 -14.6641 -14.9472 -15.9123 -15.9695 -16.9176 -16.9918 -17.4912 -18 -18 -18 -18 -18 -18 -18 -18.6173 -19 -19 -19 -19 -19 -19 -19 -19 -19 -19 -19.9675 -20.2206 -20.9898 -21.4688
-5 -5 -5 -4.8884 -3.9914 -3.0518 -2.6326 -1.7633 -1.7176 -1 7.5012 5.5617 -2.0319 -2.2824 -3.2824 -3.301 -4.2824 -4.4898 -5 -5 -5 -5.2344 -6 -6.0284 -6.2824 -7.1048 -7.287 -8.1812 -8.4811 -9.2576 -10.1546 -11.2824 -11.8694 -12.2824 -13.025 -13.2824 -14.1014 -14.2824 -15.1778 -15.4724 -16.2541 -17 -17.2824 -17.2824 -17.5989 -18 -18 -18 -18 -18.1743 -18.2824 -18.2824 -19 -19 -19 -19 -19 -19 -19 -19 -19.6052 -20 -20.2473 -21
-5.3303 -5 -5 -5 -5 -4.5691 -4.3529 -4.3529 -4.3529 -3.3529 -2.5108 -1.691 -1.3529 6 -2 -2.0186 -3.4231 -4.1871 -4.6471 -4.6471 -5 -5 -5 -5 -5.4762 -6 -6.6471 -6.8736 -7.6471 -7.969 -9.1946 -10.1182 -10.6471 -11.2933 -11.6783 -12.4683 -12.7738 -13.6434 -13.8693 -14.6471 -14.9647 -16.1824 -17 -17 -17 -17.674 -18 -17 -17 -18 -18 -18 -18.5231 -19 -18.4864 -18 -19 -19 -18.6654 -18.9699 -19.6052 -20 -20 -20.3306
-5 -5 -5 -5 -5 -5 -5 -5 -5 -4.7837 -3.99 -2.9881 -2.9881 -2.9881 -2.9881 -2.9884 -3 -3.0119 -3.0119 -3.0119 -4.0119 -4.0119 -4.0119 -5 -5 -5.3786 -6 -6.0076 -6.2855 -7.0108 -8.0065 -9.0119 -9.8201 -10.0119 -11.001 -11.0119 -12.0043 -12.0119 -13.0075 -14 -14.9 -15.5353 -16.0119 -16.0119 -17 -17.0009 -17.715 -17 -17.9704 -18 -18 -18 -18.9943 -19 -19 -18.9881 -19 -19 -18.996 -18.9996 -19.0072 -20 -20 -20
-3.6818 -4.4544 -5 -5 -5 -5 -5 -5 -5 -5 -5 -4.6234 -4.6234 -4.6234 -4.6234 -3.6118 -2.3461 -2 1 -2 -2.3766 -2.8941 -3.6667 -4.4393 -5 -5 -5 -5 -5.5492 -6 -6.3766 -7.3766 -8.1946 -9.1707 -9.4318 -10.2726 -10.6004 -11.3744 -11.769 -12.6414 -13.3766 -14.3766 -15.0642 -15.3766 -16 -16.4242 -17 -17.5928 -18 -18 -18.0951 -18.9301 -19 -19 -19 -19 -19 -19 -19 -19 -19 -19.0905 -19.9225 -20
5.6925 -2.8661 -4.5014 -5.2587 -5 -5 -5.0779 -5.2587 -5 -5 -5 -5 -5 -5 -5 -4.2587 -3.6048 -3.2587 -3.2587 -3.1139 -2.2587 7 -2.7413 -2.842 -3.7413 -3.8373 -4.0064 -5 -5 -5.6762 -5.7413 -5.9241 -6.7413 -7.7413 -8.7413 -8.7413 -9.2661 -9.7413 -10.7413 -11.1963 -11.7413 -12.6211 -13.7413 -13.7413 -14.7413 -15.7413 -15.7413 -16.0882 -16.7413 -17 -17.7413 -17.7413 -18.3878 -19 -19 -18.7413 -19 -19 -18.9134 -18.7413 -19 -19 -18.7735 -19.3788
8.8663 -1.3425 -3.7601 -5.4595 -5 -5 -5.3011 -6 -5 -5 -5 -5 -5 -5 -5 -5 -4.9306 -4.8939 -4.8939 -3.9406 -3 -2.9119 -2 -2.0107 -2.1061 -2.4773 -3.1125 -4.6797 -5 -5 -5 -5.0194 -5.8373 -6.5112 -7.1852 -8 -8.1061 -8.1061 -9.6688 -10.1061 -10.1061 -10.6414 -12.1061 -12.1061 -13.1061 -14.1743 -15 -15.0368 -15.1061 -16.6579 -17 -17 -18 -19 -18.2906 -18 -19 -19 -18.6654 -18 -19 -19 -18.1243 -19
7.692 7.9853 -2.6331 -5 -5 -5 -5 -5 -5 -5 -5 -5 -5 -5 -5 -5 -5 -5 -5 -4.5292 -4.5292 -4.0899 -3.2829 -2.4759 5.0821 -1 -1.4773 -3.1125 -4.1304 -4.9535 -5 -5 -5 -5.4708 -5.5593 -6.4708 -6.4708 -7.4651 -8.2964 -9 -9.4238 -10.252 -10.5611 -11.3794 -11.9119 -13.0359 -13.8474 -14.1633 -14.9905 -15.7975 -16.6045 -17 -17.5231 -18 -18 -18 -19 -19 -19 -19 -19 -19 -19 -19
7.124 8.8555 -1.7601 -4.3303 -5 -5 -5 -5 -5 -5 -5 -5 -5 -5 -5 -5 -5 -5 -5 -5 -5 -5 -4.5346 -3.0638 -1.4285 5 -1 -1.6417 -3.1125 -4.7478 -4.8356 -4.8656 -5 -5 -5 -5 -5.8946 -6.8308 -7.4651 -7.8356 -8.7356 -8.8356 -9.8356 -9.8356 -10.8356 -11.9119 -12.8356 -12.8356 -13.8176 -15.4529 -15.8356 -16.7234 -16.9216 -17.8356 -17.8356 -17.8356 -18.0536 -18.8356 -18.8356 -18.8356 -19 -19 -19 -19
