MapLib/Lvl1_5x5/BG/Ele_BG_CA.asc
ncols         557
nrows         557
xllcorner     -500
yllcorner     5008669.448
cellsize      1000
nodata_value  -9999.0
[rows 0 to 27 of 557, columns 448 to 511 of 557]
218.1937 237.6031 226.9016 219.1245 226.1282 234.7042 241.6915 229.0586 219.9497 226.0964 235.9926 242.6509 247.9171 264.1703 256.5294 257.5507 272.2119 274.8748 276.6315 276.8345 282.3766 282.8371 277.4816 276.4957 281.6529 279.4269 288.2608 285.1917 284.9346 293.2746 296.3846 295.1012 287.0276 288.0751 291.1937 298.4626 311.3968 316.4825 319.9861 321.7471 299.1036 302.9802 298.9848 322.4013 319.6869 331.987 324.9036 326.6829 343.0367 347.2772 345.0291 344.334 358.2825 364.9998 319.6002 290.9336 316.9461 349.1228 374.4609 367.7254 354.6006 380.1768 365.2722 330.8323
227.7276 223.9868 225.3206 224.4714 232.5621 230.4863 237.6347 236.6982 210.3386 237.5194 239.7338 233.6667 246.4663 231.3449 241.5783 267.4495 272.019 250.1947 265.6009 249.7372 245.3651 246.8062 244.8684 261.9383 270.2799 272.0601 277.9394 271.3772 283.5078 285.5858 293.3853 303.3155 299.9786 310.4689 298.6048 328.6252 315.2592 312.2827 314.9809 298.2267 278.1189 323.1961 315.6887 329.6321 328.6798 322.3779 323.5507 324.3525 341.5015 355.8232 367.2126 360.5922 371.4605 368.4587 317.1129 277.9028 321.4864 335.9371 361.8028 373.9796 354.6172 358.1812 330.666 300.1417
221.0028 208.9622 199.87 200.5355 215.3859 224.0972 233.6288 228.5146 221.1157 219.7331 226.0408 232.0642 233.2888 233.3943 240.1934 249.9117 252.6928 253.5871 240.3859 251.9269 271.2376 276.0511 291.264 296.0009 296.0065 295.6396 302.5979 297.1743 301.102 302.7147 325.1816 315.2044 295.3466 294.4638 291.6189 292.0932 299.7982 323.3011 334.6027 321.878 303.9848 335.7169 333.0963 344.3027 335.1051 346.8905 344.2528 333.2655 350.2593 355.4705 366.6714 363.0844 355.0393 337.713 312.3448 294.364 292.7451 288.4649 322.4176 337.8143 331.0292 324.2858 344.6001 368.2249
220.4948 206.458 204.2808 191.7699 194.5777 202.0737 207.1938 226.8726 211.5187 223.3026 240.2258 246.3074 240.4378 257.0431 261.8018 265.1848 277.0669 279.678 286.5432 279.6784 268.6695 279.1748 267.798 273.1076 282.8091 288.0801 281.7737 273.1129 278.2317 278.9503 272.8049 288.2237 296.487 303.4603 321.1868 322.5865 319.4275 318.618 325.4567 314.5993 319.3553 339.2959 335.2225 346.0895 341.3583 349.0454 358.4869 352.6949 357.9602 364.4869 365.8789 364.255 356.7585 366.724 374.4049 341.7001 325.4513 292.8836 305.5074 323.6598 332.7039 337.5192 363.5597 374.2809
192.9954 180.2246 189.5685 183.3277 194.799 206.0273 208.8986 232.4367 195.5258 225.7803 245.937 254.1644 252.9818 252.9624 263.5751 259.4777 266.4464 274.5547 274.6888 242.4373 267.076 265.4256 268.5135 274.1806 282.8062 294.3216 304.9747 314.5851 304.6336 303.5841 319.2021 318.8008 331.5554 334.1081 341.4809 342.021 327.6997 324.54 332.6285 314.3399 299.0423 325.6196 334.0989 344.8869 345.3992 343.305 346.6834 353.1653 341.9899 351.8674 357.9276 347.1957 350.8741 355.637 351.7412 322.407 305.6807 309.6861 321.3407 347.0965 354.8932 349.1133 375.2509 379.1504
176.6515 179.6283 189.4804 181.4172 199.4721 214.2386 225.4293 216.3518 221.6538 246.3867 253.1518 261.0146 255.8898 261.5075 258.6776 259.4273 277.2608 254.1032 254.191 275.8642 283.1248 283.4112 284.3767 295.3233 285.3432 300.7259 297.9114 301.2556 324.1029 318.529 306.3079 308.4952 323.8109 340.7274 339.9807 329.7196 321.4636 319.7881 313.3969 318.4626 337.6371 311.9895 306.0952 303.3106 311.3005 333.3004 328.6704 330.7863 323.6597 334.9392 334.1418 338.3383 341.2349 344.8443 347.5226 335.2475 340.6139 350.0124 355.0403 371.7611 372.3279 373.0812 381.3703 350.8608
144.7768 157.093 172.6039 172.4353 178.0828 199.6277 205.2563 198.1084 228.8055 236.4363 243.0699 247.9839 255.6528 252.1449 267.6893 265.4257 237.529 261.7902 274.0674 277.179 285.6246 282.7053 275.3325 296.122 297.8641 294.759 292.582 290.2489 284.442 286.2107 305.9092 314.9536 322.3737 326.0661 333.2771 330.2551 330.7398 338.2786 343.312 341.0596 330.3783 337.1224 340.966 335.9751 326.8467 322.0952 319.5671 321.8814 340.558 353.3523 347.048 343.5158 353.9705 362.0646 363.5819 359.7642 358.7225 369.3021 373.6064 362.0386 337.3938 356.4916 339.6812 339.9278
155.902 144.858 157.245 149.3412 175.2103 174.6971 174.743 189.0957 215.4716 219.7389 235.3226 244.3778 210.3584 216.3942 240.3476 242.3078 249.809 250.1808 252.5899 255.6137 276.3529 284.8871 269.0401 271.847 266.5863 256.7396 285.4482 301.3329 295.4312 284.8899 288.1397 299.8442 319.3512 329.0831 330.1932 321.8516 312.6623 328.353 341.5524 335.771 337.9518 347.1187 334.0145 329.5167 332.5402 332.667 334.8952 336.106 327.8432 325.5885 328.8173 340.4624 348.1156 357.3719 369.8694 377.0721 375.0741 368.7793 355.7631 315.2646 339.9591 309.0066 312.077 307.4447
163.2527 173.4255 181.8208 163.579 151.3112 158.8116 152.7137 167.7142 164.5626 176.3212 179.5594 186.3115 193.7715 189.2009 201.4191 222.7413 231.3074 246.9077 260.2375 259.4063 265.1451 256.55 264.7766 246.1742 244.5797 255.4679 263.5876 257.8903 271.9496 302.5248 314.8815 319.9643 308.133 319.5567 320.7215 325.8441 334.1255 333.7256 318.1766 326.4714 327.5553 323.7469 335.945 329.418 330.4123 340.4009 345.2602 349.2177 350.3819 351.9679 351.0345 345.9772 350.2011 360.1828 369.0953 378.547 363.1009 335.9044 319.0336 310.0751 254.8482 241.0196 240.7097 226.359
174.2785 167.7084 174.3857 189.3441 181.9703 194.13 191.233 191.5548 181.7293 186.1251 190.1535 191.3293 192.4217 186.9608 175.3555 206.3408 233.943 237.9071 214.4981 212.8955 223.4324 229.091 232.9031 247.2951 261.3493 262.1547 263.0811 265.7425 267.7937 292.6743 296.1786 308.321 316.678 318.846 313.357 309.7982 322.6366 332.8748 329.8384 335.4899 338.845 341.0832 338.3452 341.5408 347.5173 343.5406 343.339 354.3694 367.0543 374.0575 374.0219 377.3179 369.9372 370.8135 375.57 377.0793 366.6266 342.6289 336.1115 366.4528 377.408 357.0791 235.7135 224.7156
165.475 155.8091 162.5784 167.9192 181.6776 191.0937 197.0599 182.7828 187.4975 177.89 193.3921 201.6049 209.6451 205.2294 188.2471 187.1365 203.3423 219.6814 223.5935 232.5752 235.3972 241.5535 238.9062 253.3034 249.7863 260.2001 246.4173 234.5862 238.7124 251.2022 269.5735 263.1845 277.4965 275.2373 296.8103 306.7722 317.4701 318.0108 327.8074 330.9443 324.4344 321.9668 325.5337 335.8867 335.4222 342.7101 346.0244 347.8714 343.1562 357.9699 365.5179 373.0512 358.894 360.7695 371.7049 364.1573 352.7217 332.8116 359.0851 352.2862 335.1298 353.5465 283.5992 240.3085
141.244 145.7054 166.7969 180.3018 173.6899 185.438 180.0325 188.494 191.5098 188.9483 185.5998 191.9336 195.8443 199.6353 207.2062 191.0411 197.5882 213.0889 205.2269 222.3788 228.0277 233.1098 222.8528 218.5502 244.009 228.5751 231.8273 219.0464 217.7406 221.9486 232.0538 239.3862 248.5739 252.7272 260.5097 268.5115 281.8214 285.9593 304.1917 322.1868 327.9754 329.9598 333.1031 335.1619 329.4844 342.6708 344.7588 344.2305 347.4904 357.9597 359.9575 343.3806 345.1777 354.6032 364.677 369.2968 357.6822 368.3929 356.011 355.9609 344.4102 300.0415 227.8297 280.5491
153.3728 144.0491 146.4866 168.0006 163.8138 170.4998 176.747 186.6104 181.9996 187.6551 195.3947 197.0447 200.4073 200.858 205.7882 206.5493 183.9893 198.4303 211.9373 209.0297 212.0358 217.4848 209.3176 210.5867 206.2906 207.9198 211.7152 204.6274 210.3472 237.0873 222.2793 221.4221 227.7091 230.5807 233.5188 239.3934 255.0979 269.8731 281.893 282.0822 289.3166 300.8935 308.8782 315.8427 333.6168 335.7414 337.3421 338.9963 333.951 345.1198 346.6981 331.6085 347.6621 352.768 366.3113 368.026 376.335 377.7437 347.5937 331.9314 281.7475 294.5526 280.7188 263.5753
173.9636 158.9816 149.5648 142.7336 144.2703 153.9932 152.2777 157.6124 170.003 178.2713 181.7915 174.8004 187.7557 196.0538 200.782 206.2292 211.1184 202.8146 192.3676 195.4415 199.6561 202.7055 202.7916 213.3053 214.8232 216.8363 231.1229 236.8156 236.9096 224.8305 219.9202 232.9737 229.2156 233.6729 261.3863 256.2358 262.7178 271.8848 275.1792 259.6376 251.1783 257.0232 273.2234 276.942 286.3013 302.0914 290.1197 322.6022 330.0995 337.5604 340.5842 351.522 342.7882 360.3392 372.5481 371.3487 373.4201 370.8472 346.0269 351.7217 351.2068 353.3688 310.3714 260.4237
192.3881 186.4335 159.0554 151.6094 165.2281 167.6975 177.0529 163.1015 163.446 155.4993 153.9984 179.4986 180.2967 183.5333 188.4548 190.3785 192.6094 202.5033 208.9659 210.7324 218.0844 209.0073 218.9342 214.1707 218.5852 233.1257 226.0824 219.3611 229.3355 243.8964 243.9318 255.5005 239.3784 240.9549 251.1556 261.584 270.5827 269.297 254.4207 243.4092 240.7452 230.6859 240.6935 254.6517 254.3879 276.7661 284.6551 279.093 290.253 293.0223 326.3726 333.8535 348.5753 359.4251 368.4208 362.7172 363.3003 367.9021 327.8721 308.51 271.1688 276.7814 259.7975 254.2278
206.7861 209.6666 202.9392 183.2997 171.4986 179.7564 176.8572 179.3126 188.3141 159.5511 162.5178 164.7453 163.5899 173.1488 170.0074 186.2686 193.1134 199.276 203.5287 199.1459 197.0008 197.0814 201.4502 205.6896 220.5741 226.4286 227.1862 230.629 236.6501 242.5915 242.8813 231.397 229.9134 225.2026 234.5993 245.8216 261.2766 273.2363 259.5184 256.5918 237.335 253.4584 236.2576 226.5845 231.2871 235.4767 245.3675 267.1769 256.6461 267.5146 280.9292 309.7219 323.7397 332.0506 334.6027 325.818 327.4858 337.0899 327.3358 318.1532 286.7569 253.9368 299.2858 316.6448
194.7748 211.4151 224.9182 222.4701 224.4836 203.8448 183.7348 188.5185 192.0559 174.4097 177.3473 188.7283 179.4357 171.4482 165.6537 161.2899 174.7829 190.1743 192.2497 182.4668 200.2257 195.3188 219.0616 217.4479 225.3427 215.6615 203.6502 218.025 220.0675 236.8627 214.518 197.6243 203.3769 220.6646 236.8166 242.098 256.196 265.4633 274.8655 256.2838 246.4399 224.6093 224.6584 220.349 216.4259 214.7582 224.0155 227.4626 243.225 240.5459 255.4636 265.6233 269.1694 280.2791 288.9232 273.6834 266.7844 275.1216 277.9466 270.9175 289.9101 275.4349 268.531 282.0482
217.5267 211.2565 217.4945 229.9092 217.6953 219.9034 222.2632 205.4104 181.1631 172.3242 171.5356 177.7235 186.0791 185.6529 167.5898 172.5478 169.7885 153.0305 167.7323 171.5721 187.1508 200.445 201.8031 205.016 198.0985 202.5209 193.9284 196.6268 208.05 205.1088 214.6922 224.843 232.5005 231.7763 242.4738 235.006 236.499 239.8119 257.9665 271.1723 272.1146 266.4412 264.8713 259.4985 246.0708 228.6052 206.8569 205.2912 208.2705 212.0304 211.1758 218.9898 230.8706 245.2395 250.305 248.4922 245.2777 247.8021 241.5388 249.0581 256.5112 266.646 266.787 268.2816
207.5981 214.0929 202.4657 201.966 209.8736 216.303 237.6541 226.9983 185.9175 185.4016 181.4864 171.2121 184.6692 185.3084 174.1145 175.0842 191.7813 195.3073 191.4223 185.5574 170.6227 165.0426 179.2872 183.5697 178.2583 194.1746 211.4574 211.7569 217.3423 218.9373 217.0141 229.1386 239.3829 238.8271 242.1136 242.6573 226.7414 236.2959 265.2789 280.7726 260.0001 275.7529 273.0813 280.6938 267.4493 246.2008 238.6682 251.5567 249.8817 209.1086 198.1507 204.3448 189.4012 209.23 207.6856 215.6385 229.5894 243.4811 245.3245 232.6902 237.1673 236.6112 215.2221 224.625
192.3003 205.847 188.7289 199.5214 207.3474 204.5577 207.3569 222.2393 234.8012 209.1569 192.3898 175.7077 186.4774 193.069 187.1062 184.8008 182.8333 201.1331 197.7508 185.1817 176.6308 178.0236 179.5232 173.9447 197.2772 208.4647 214.9522 219.2174 226.9805 220.7666 214.3738 220.1176 225.6392 233.6959 220.6525 212.621 237.1197 246.9537 258.3824 252.216 239.7471 253.1552 250.7147 266.7483 268.5858 277.764 277.3797 267.2201 266.3305 224.5794 231.1685 208.8253 226.9576 197.1214 194.2943 188.0028 174.2103 178.4397 185.6451 209.3976 206.3008 193.5199 190.2316 200.3609
209.7821 194.482 164.089 191.552 179.4419 193.9075 202.7804 207.9507 213.2039 235.6286 205.1135 172.6933 199.7656 234.1025 199.7222 206.9723 213.762 190.6686 197.256 210.1508 185.7795 194.025 207.2085 190.5622 168.7189 181.5254 191.54 193.9911 195.7259 205.7894 236.0976 217.7823 215.0866 210.5918 234.1635 246.5042 252.8871 250.4665 250.3661 238.6514 225.2756 239.9176 260.3593 264.1138 251.9278 258.907 274.1959 278.7688 275.5869 277.6586 265.059 247.7609 260.488 187.6339 166.2608 167.9738 180.5641 171.076 176.1805 174.5263 172.5414 176.9525 173.8666 170.3398
149.9582 152.2979 165.278 163.2299 171.2529 181.9219 192.1688 199.2076 215.0448 235.0125 232.5115 225.6397 204.3679 232.5705 240.4796 243.0678 222.3886 208.4506 213.0853 203.0934 205.5495 227.1617 233.3147 226.9422 216.1294 193.5132 180.8236 191.8986 182.0958 189.0812 198.4977 224.0946 222.9562 220.9939 221.2392 215.1602 216.0162 214.6247 217.7301 233.9678 245.7149 264.5816 254.5309 240.5982 236.9813 262.8058 258.5575 255.6348 255.2212 267.3976 264.0698 271.4066 222.1342 208.0523 163.7167 157.4805 159.978 164.3222 158.7503 165.607 157.3289 152.6877 168.4305 156.7165
188.4862 198.6476 203.4958 209.5692 204.9872 208.7095 212.4082 207.0331 202.9583 221.5832 227.5702 215.0392 207.9271 228.2722 245.3698 263.0785 264.7293 263.4541 257.5764 226.0909 205.8572 211.4108 226.826 238.0017 235.8846 199.4471 203.3609 215.6 221.6936 219.0635 195.2017 187.439 186.5082 206.8938 229.8041 239.7159 229.7833 219.9025 242.3281 244.824 255.8838 239.3194 213.9236 233.231 241.8391 264.5705 264.9233 246.5842 222.8161 243.6577 212.6464 204.9737 182.1027 185.49 158.9677 157.2843 154.7911 153.0829 149.2381 146.4293 145.9703 144.5031 154.8021 150.1482
168.6483 190.4201 201.1676 180.0307 163.4718 173.1438 182.1393 196.1587 201.215 211.5157 219.5096 220.5619 216.3936 222.3447 226.8176 238.224 257.9565 263.7775 258.9079 245.5434 245.7724 249.2737 255.5849 233.3743 219.8327 220.6711 220.3072 243.6866 244.9629 236.7529 223.1853 203.5402 221.3855 218.1997 208.8602 237.2942 253.4429 236.0144 229.2906 244.9303 248.3984 215.7286 249.6887 240.4529 253.8444 243.1114 256.353 224.9972 211.6066 195.5455 179.0285 172.5217 175.9264 175.9486 207.6178 208.8344 190.7693 193.3834 216.2629 212.4164 172.1733 156.0655 149.4389 144.0968
146.1523 159.199 146.711 144.0547 153.9177 154.9288 158.8303 159.1617 184.3629 190.6777 198.6713 198.9961 213.4694 220.7545 231.7986 236.1732 238.9397 235.3543 241.6694 245.9413 248.6318 213.3676 228.1894 250.044 248.9093 242.6148 237.0539 226.5566 234.4858 233.7144 230.1039 220.8515 225.5262 231.7296 211.839 203.5538 235.5794 258.1016 226.1729 220.1929 218.6813 208.7581 194.7503 195.9667 197.4056 205.4079 191.2366 185.6919 188.5045 174.3016 225.5195 262.6108 276.8948 210.9251 237.642 271.3965 277.4395 280.7549 274.7046 224.8356 197.6986 154.4225 155.2282 171.9547
170.2442 172.171 170.9927 148.9189 149.2801 167.8437 185.7769 193.8668 199.7187 205.7431 204.4326 197.1485 220.2957 223.1891 219.4184 210.9029 209.0517 218.1772 233.8689 237.4674 215.7203 211.7223 234.38 242.2948 249.2127 222.9742 250.2655 251.8462 249.2342 234.8247 248.0477 229.2627 231.8052 238.8619 228.4709 218.0793 218.4888 254.7639 251.8365 236.5177 212.0877 229.0436 232.261 221.8886 231.7591 226.1877 252.9629 213.7646 261.1433 261.811 221.7041 225.1712 244.9805 247.9544 256.8054 274.7264 273.0887 228.4318 258.9132 222.5767 177.2076 156.4263 180.4036 232.8786
174.1209 183.1688 184.8905 188.6045 186.3999 168.6768 156.4305 157.3232 164.6895 170.8065 170.504 186.4675 183.5751 190.0032 197.346 219.6708 232.7278 237.8562 237.3899 220.8405 195.9801 195.3818 208.1938 232.0547 223.484 203.7401 217.9376 249.7866 223.8218 221.3121 216.3921 216.8332 246.85 255.4294 251.8817 231.0081 234.9379 242.0875 264.3952 234.251 211.7682 223.3974 242.634 220.3866 238.0309 251.4041 266.1626 251.5814 227.1108 270.1792 254.78 271.9259 281.0091 275.4662 255.2655 242.5988 236.2337 194.5285 187.9833 175.2169 160.092 197.3577 247.7305 274.1859
186.8884 188.4199 189.7274 189.7379 191.2951 184.0805 199.7564 185.0186 189.1205 205.0121 206.2959 205.2484 211.453 210.7419 201.9788 186.5909 217.4326 231.5252 237.7751 212.3942 195.521 198.46 216.462 194.9323 213.6712 235.4361 259.5383 231.8511 214.2829 202.2096 225.6692 248.9886 233.2719 236.7542 235.3386 254.9595 246.2117 263.5136 259.4277 243.9352 235.9838 220.9127 269.269 255.7584 223.097 257.5415 254.3935 274.829 254.1939 268.4973 301.1188 297.6739 308.4879 296.5008 279.0844 214.564 228.8118 225.9605 192.4344 176.9967 225.3241 239.9278 265.802 267.092
