MapLib/Lvl1_5x5/BG/Ele_BG_AD.asc
ncols         557
nrows         557
xllcorner     1670500
yllcorner     6122669.448
cellsize      1000
nodata_value  -9999.0
[rows 522 to 550 of 557, columns 390 to 454 of 557]
-83 -82.2982 -82.2982 -82.0981 -81.2982 -81.2982 -81.2982 -81.2982 -81.2982 -81.2982 -82 -82.7532 -83 -83 -83 -83.7896 -84 -85 -86 -86.8353 -88.3302 -89.1058 -90.5201 -91.3763 -93.0081 -93.7018 -93.7018 -93.9753 -94 -93.944 -93.1241 -93.4584 -93.9343 -93.0808 -93 -93 -92.1089 -92 -92 -92 -91.2458 -91 -90.1651 -89.9428 -89.0845 -88.753 -88.0038 -87.5631 -87 -87 -87.1575 -87.2494 -87 -87 -86.9514 -86.0881 -85.7615 -85.0074 -85 -84.7018 -84.0836 -84 -84 -84 -84
-82.1555 -81.865 -81 -80.7738 -80.4598 -80 -80 -80 -80.5618 -80.8256 -81.7027 -82.7532 -83 -83 -83.659 -84.5321 -85 -85 -86.0674 -86.8908 -88.4706 -89.1058 -90.7411 -92.3763 -93.0116 -94 -94.5241 -94.0827 -94 -94 -94 -93.3591 -93 -93 -92.8773 -92.0004 -91.7861 -91.484 -91 -91 -91 -91 -90 -89 -88.7584 -88 -87.6673 -87 -86.4921 -86 -86 -86 -86 -86 -86 -85.7625 -85 -85 -85 -85 -85 -84 -84 -84.7866 -85
-81.2558 -81.0166 -80.9651 -80.0091 -79.0277 -79.0277 -79.0277 -79.0277 -79.0277 -80.0134 -81.0033 -81.7809 -82.4054 -83 -83.659 -84.3138 -85 -85 -86.0055 -86.8399 -88.4706 -89.1058 -90.7411 -92.0104 -93.0003 -93.6566 -94.0277 -94.0023 -94 -93.0277 -93.0277 -93 -92.909 -92.0277 -92.0176 -91.0283 -91.0101 -90.0277 -90.0277 -90.0277 -90.0277 -90.0277 -89.5662 -88.9208 -88.0078 -87.6578 -87.0004 -86.3948 -85.7494 -85.0277 -85.0277 -85.0277 -85.0277 -85.0277 -85.0277 -85.0082 -85 -85 -84.4066 -84.0277 -84.0277 -84 -84 -84.0218 -85
-80.3924 -80 -79.9782 -79.129 -78.2722 -78 -78 -78 -78.3326 -79.4827 -80.118 -81 -81.6285 -83 -83.659 -84 -84.9295 -85 -86 -86.8353 -88 -89.1058 -90.7411 -91.1477 -92.0045 -92.3924 -93 -93 -93 -92.3924 -92.0694 -92 -92 -91.5572 -91 -90.3928 -90 -89.2865 -89 -89 -89 -89 -88.7289 -88 -87.5646 -87 -86.4002 -85.6218 -84.8434 -84.042 -84 -84 -84 -84 -84 -84 -84 -84 -84 -83.8508 -83.3924 -84 -84 -84 -84
-80 -80 -79.73 -79 -78 -78 -78 -78 -78 -79.4827 -80.118 -81.1829 -82 -83 -83.659 -84.2943 -85 -85.6705 -86.3943 -87.2028 -88.4706 -89.1058 -90 -90.8486 -91.0088 -91.7572 -91.7572 -91.7572 -91.7572 -91.7572 -91.7572 -91.7572 -91.6863 -91 -91 -90.0006 -90 -89.7956 -89.2428 -89.2428 -89.2428 -89.2428 -88.6622 -88 -87.2833 -87 -86.0128 -86 -84.8048 -84.2428 -84 -84 -84.194 -84.1374 -84 -84 -84.2428 -84.0061 -84 -84 -84 -84 -84 -84.191 -84.2428
-80 -79.6482 -79 -79 -78 -78 -78 -78 -78.7441 -79.4827 -80.118 -81.7532 -82.3411 -83 -83.659 -84.914 -85.8162 -86 -87.1756 -87.9799 -88.4706 -89.0129 -89.7726 -90.0459 -91 -91 -91 -91 -91 -91 -91 -91 -91 -91 -90.6803 -90.0001 -90 -90 -90 -90 -90 -90 -89 -88 -87.2833 -87 -86.0128 -86 -85 -85 -84 -84.1436 -84.9755 -84.566 -84 -84.6186 -85 -84.025 -84 -84.2156 -84.8781 -84 -84.1329 -84.974 -85
-80.3929 -80 -79.4949 -79 -78.8509 -78.5133 -78.5133 -78.5133 -78.9258 -79.4827 -80.118 -81.7532 -82.3885 -83.0238 -84 -85 -85.9295 -86 -87 -87.4065 -88 -88.541 -89 -89.6798 -90.0056 -90.1719 -90 -90 -90.2689 -90 -90 -90 -90.4411 -90 -89.4867 -89.4867 -89.4867 -89.4867 -89.4867 -89.4867 -89.4867 -89.4867 -88.771 -88 -87.2833 -87 -86.0128 -86 -85 -85 -84.7429 -85 -85 -85 -84.4778 -84 -84 -84 -84 -84 -84 -84 -84 -84.3828 -84.7032
-80.9651 -80.5103 -80 -79.4286 -79 -79 -79 -79 -79.1259 -80 -80.249 -81.7532 -82.4794 -84 -84.659 -85 -85.9295 -86 -86.2 -87 -87.4706 -88 -88.7411 -89 -90 -90 -89.1067 -89.1363 -90 -89.8401 -89.0263 -89.5389 -90 -89.3794 -89 -89 -89 -89 -89 -89 -89 -89 -88.6201 -88 -87.3898 -87.0963 -86.1595 -86.1486 -85.9292 -85.2972 -85.1486 -85.1486 -85.1486 -85.1486 -85.1383 -84.4002 -83.1486 -83.9788 -84 -83.7909 -83.1486 -84 -84 -84 -84.5078
-80.1654 -80 -80 -80 -79.7839 -79.7839 -79.7839 -79.7839 -79.967 -80.3784 -81.0925 -81.9467 -83 -84 -84.659 -85 -85.9295 -86 -86.2 -87 -87.4706 -88 -88.7411 -89 -90 -90 -89.939 -89.9821 -90 -90 -89.8221 -90 -90 -90 -89.7839 -89.7839 -89.7839 -89.7839 -89.7839 -89.7839 -89.7839 -89.7839 -89 -88.7839 -88.7839 -87.9239 -87.7839 -87.4879 -87.7839 -87.7839 -86.7839 -86.7839 -86.7839 -86.7839 -86.7146 -85.7839 -84.7839 -84.7839 -84.3055 -84 -84 -84 -84 -84.6166 -85
-80 -80 -80 -80.2813 -80.4191 -80.4191 -80.4191 -80.4191 -80.4191 -81.2023 -82.0494 -82.8567 -83.6448 -84 -84.659 -85 -85.9295 -86 -86.1162 -86.931 -87.2733 -88 -88.7411 -89 -89.5857 -90 -90 -90 -90 -90 -90 -90 -90 -90 -90 -90 -90 -90 -90 -90 -90 -90 -89.7408 -89 -89 -89 -88.4265 -88.2609 -89 -89 -88.1977 -88 -88 -87.7479 -87 -86.5907 -86 -86 -85.4191 -84.8574 -84.4191 -84.4191 -84.507 -85 -85
-81 -81 -81 -81.0365 -81.0544 -81.0544 -81.0544 -81.0544 -81.8558 -82.0544 -83.0064 -83.7667 -84 -84 -84.659 -85 -85.879 -86 -86 -86 -86.9712 -87.9514 -88.7411 -89 -89 -89.6117 -90 -90 -90 -90 -90 -90 -90 -90 -90 -90 -90 -89 -89.856 -90 -90 -90 -90 -89.923 -89.0154 -89 -89 -89 -89 -89 -89 -88.8365 -88 -88 -87.9345 -87.0161 -87 -87 -86.0544 -86.041 -85.1671 -85.0544 -86 -86 -86
-81 -81.2763 -81.6896 -81.8979 -82.6896 -82.6896 -82.6896 -82.6896 -82.6896 -83 -83.7262 -84 -84 -84 -84.659 -85 -85 -86 -86 -86 -86.4706 -87.1058 -88.23 -89 -89 -89 -90 -90 -90 -90 -90 -90 -90 -90 -90 -90 -90 -89.5035 -89.6242 -90 -90 -90 -90 -90 -89.7775 -89 -89 -89 -89 -89 -89 -88.9492 -88.6896 -88.6896 -88 -87.7813 -87.6896 -87.6896 -87.6896 -86.9238 -86.6896 -86.6896 -86.6896 -86.6896 -86.6896
-81.8416 -82.1302 -82.3491 -83.2181 -83.3249 -83.3249 -83.3249 -83.3249 -83.3249 -84 -84 -84 -84.1262 -85 -85 -85 -85 -85 -85 -85.5639 -86.4706 -87.1058 -88 -88.3763 -89 -89 -90 -90 -90 -90 -90 -90 -90 -90 -90 -90 -90 -90 -90 -90 -90 -90 -90 -90 -90 -90 -90 -90 -90 -90 -90 -90 -89.4607 -89.1839 -89 -89 -88.3249 -88.3249 -88.3249 -88 -87.4053 -87.3249 -87.3249 -87.3249 -87.3249
-82 -82.9761 -83.0345 -83.9869 -84 -84 -84 -84 -84 -84 -84 -84 -84.9756 -85 -85.6327 -85.9601 -85.9601 -85.9601 -85.9601 -85.9601 -86.9789 -87.9644 -88 -88.9751 -89 -89.621 -90 -90 -90 -90 -90 -90 -90 -90 -90 -90 -90 -90 -90 -90 -90 -90 -90 -90 -90 -90 -90 -90 -90 -90 -90 -90 -90 -89.9827 -89 -89 -89 -89 -89 -88.9601 -88.9601 -88.9601 -88.9601 -88.9601 -88.9601
-82.9051 -83.2386 -84 -84.3996 -85 -85 -85 -85 -85 -85 -85 -85 -85.2313 -86 -86.3924 -86.5954 -86.5954 -86.5954 -86.5954 -86.9334 -87.5954 -88.063 -88.8952 -89 -89.6001 -90 -90 -90 -90 -90 -90 -90 -90 -90 -90 -90 -90 -90 -90 -90 -90 -90 -90 -90 -90 -90 -90 -90 -90 -90 -90 -90 -90 -90 -90 -90 -90 -90 -90 -89.9006 -89.5954 -89.5954 -89.5954 -89.5954 -89.5954
-82.7654 -83.4007 -84 -84.6712 -85 -85 -85 -85 -85 -85.1113 -85.3214 -86 -86.2307 -87.0055 -87.2307 -88 -88 -88 -88 -88.1927 -88.5927 -89.0244 -89.2307 -89.5202 -90.0027 -90.2307 -90.2307 -90.0191 -90 -90 -90 -90 -90 -90 -90 -90 -90 -90 -90 -90 -90 -90 -90 -90 -90 -90 -90 -90 -90 -90 -90 -90 -90 -90 -90 -90 -90 -90 -90 -90 -90 -90 -90 -90 -90
-82.7654 -83.4007 -84 -84.6712 -85 -85 -85 -85 -85 -85.9306 -86.1022 -86.8659 -87.3364 -87.8691 -88.5706 -88.8659 -88.8659 -88.8659 -88.8659 -88.9779 -89.8659 -89.8801 -90 -90.3259 -90.8675 -91 -91 -90.877 -90 -90 -90 -90 -90 -90 -90 -90 -90 -90 -90 -90 -90 -90 -90 -90 -90 -90 -90 -90 -90 -90 -90 -90 -90 -90 -90 -90 -90 -90 -90 -90 -90 -90 -90 -90 -90.3653
-82.7654 -83.4007 -84 -84 -84.4988 -84.9708 -85 -85 -85 -86 -86.118 -87 -87.3885 -88.0238 -89 -89.5012 -89.5012 -89.5012 -90 -90 -90.5012 -90.5539 -91.3714 -91.5012 -91.5012 -91.5012 -91.5012 -91.0414 -90.7243 -90.5012 -90.5012 -90 -90 -90 -90.3187 -90 -90 -90 -90 -90 -90 -90 -90 -90 -90 -90 -90 -90 -90 -90 -90 -90 -90 -90 -90 -90 -90 -90 -90 -90 -90 -90.2586 -90.5767 -91 -91.5012
-82.7654 -83.346 -84 -84 -84 -84.9417 -85 -85 -85 -86 -86.118 -87 -87.3885 -88.8668 -89.5691 -90 -90 -90 -90.1727 -90.9775 -91 -91.0914 -92.6046 -92.8636 -91.8636 -91.8636 -91.8636 -91.8636 -90.9246 -90.8636 -90.8636 -90.4677 -90 -90.6294 -90.8636 -90.0005 -90 -90 -90 -90 -90 -90 -90 -90 -90 -90 -90 -90 -90 -90 -90 -90 -90 -90 -90 -90 -90 -90 -90 -90 -90 -91 -91.1513 -92 -92.4218
-82.1748 -83 -84 -84 -84.7717 -84.9867 -85 -85 -85 -86 -86.118 -87 -87.3885 -88.0238 -89 -89.2283 -89.2283 -89.2283 -90 -90.1907 -90.2283 -90.31 -91.1692 -91.2283 -91 -91 -91 -90.2921 -90.1021 -90 -90 -89.6463 -89.2283 -89.7908 -90 -89.2288 -89.2283 -89.2283 -89.2283 -89.2283 -89.2283 -89.2283 -89.2283 -89.2283 -89.2283 -89.2283 -89.2283 -89.2283 -89.2283 -89.9174 -90 -90 -90 -90 -90 -90 -90 -90 -90 -90 -90 -91 -91.1513 -92 -92.4218
-81.9045 -82.7561 -84 -84.3981 -85 -85 -85 -85 -85 -85.7895 -86.07 -86.8996 -87.2304 -87.6027 -88.3908 -88.5931 -88.5931 -88.5931 -89.1186 -89.5931 -89.5931 -89.5931 -89.5931 -89.5931 -89.5931 -89.5931 -89.5931 -89.5931 -89 -89 -89 -89 -89 -89 -89 -89 -89 -89 -89 -88.5931 -88.5931 -88.5931 -88.7746 -89 -89 -89 -89 -89 -89 -89 -90 -90 -90 -90 -90 -90 -90 -90 -90 -90 -90.3584 -91 -91.4967 -92 -92.6571
-81.7654 -82.4007 -83.0344 -83.9861 -84.2935 -84.9975 -85 -85 -85 -85 -85.9628 -86 -86.3721 -86.9578 -86.9856 -87.9578 -87.9578 -87.9578 -87.9578 -87.9578 -88.4507 -88.9578 -88.9578 -88.9578 -88.9578 -88.9578 -88.9578 -88.9578 -88 -88 -88 -88 -88 -88 -88 -88 -88 -88 -88 -87.9578 -87.9578 -87.9578 -87.9766 -88 -88 -88 -88 -88.5962 -89 -89 -90 -90 -90 -90 -90 -90 -90 -90 -90 -90.2774 -91 -91.5365 -92.0064 -92.7956 -93.0178
-81.7654 -82.1292 -83 -83.6712 -84 -84.9417 -85 -85 -85 -85 -85.0381 -85.8328 -86 -86 -86.2126 -86.3226 -86.9523 -87 -86.8645 -86.8884 -87.3226 -87.3226 -87.3226 -87.3226 -87.3226 -87.3226 -87.3226 -87.3226 -87.3226 -87.3226 -87.3226 -87.3226 -87.3226 -87.3226 -87.3226 -87.3226 -87.3226 -87.3226 -87.3226 -87 -86.881 -86.3226 -87.1439 -87.3226 -87.3226 -87.561 -88 -88 -88.4972 -89 -89.6804 -90 -90 -90 -90 -90 -90 -90 -90 -90.4889 -91 -91.6722 -92.1513 -93 -93.4218
-80.9266 -82 -83 -83.6712 -84 -84.9417 -85 -85 -85 -85 -85 -85 -85 -85 -85.4529 -85.6873 -85.978 -86 -85.9374 -85.6873 -86.3234 -86.6146 -85.7683 -85.805 -86.6873 -86.2427 -85.6873 -85.6873 -86.6873 -86.6873 -86.6873 -86.6873 -86.6873 -86.6873 -86.6873 -86.6873 -86.6873 -86.6873 -86.6873 -86 -85.9451 -85.6873 -85.8268 -86.6873 -86.6873 -86.7974 -87.6785 -88 -88 -88.6138 -89 -89.7384 -90 -90 -90 -90 -90 -90 -90 -90 -90.6054 -91.5161 -92.1513 -93 -93.4218
-80.0398 -81.4319 -83 -83.0349 -84 -84.049 -85 -85 -85 -85 -85 -85 -85 -85 -85 -85 -85.9295 -86 -85.8 -85 -86 -86 -85.9614 -85.9675 -86 -86 -85.948 -85.948 -86.5238 -86.948 -86.948 -86.948 -86.948 -86.948 -86.948 -86.948 -86.948 -86.948 -86.948 -86.948 -85.9909 -85.948 -85.9712 -86.948 -86.948 -86.9663 -87.9358 -88.948 -88.948 -88.948 -89.5008 -89.9565 -90 -90 -90 -90 -90 -90 -90 -90.2328 -90.948 -91.5161 -92.1513 -93 -93.4218
-79.1822 -80.4007 -82.015 -82.8082 -83.1277 -83.966 -84.2405 -85 -85 -85 -85 -85 -85.2266 -86 -86 -86 -86 -86 -86 -86 -86 -86 -86.4322 -86.5832 -87 -86.7304 -86.5832 -86.9656 -87.5832 -87.5832 -87.5832 -87.5832 -87.6222 -88.4251 -88.5832 -87.5838 -87.8477 -88.5832 -88.5832 -87.5832 -87.5832 -87.5832 -87.5832 -87.5832 -88.2999 -88.5832 -89.5704 -89.5832 -90.5832 -90.5832 -90.5832 -90.5832 -90.9161 -91 -91 -91 -91 -91 -91 -91.5832 -91.5832 -92 -92.1513 -93 -93.4218
-78.7654 -80.3131 -81.0359 -82 -83 -83.9417 -84 -85 -85 -85.1055 -85.2185 -85.2185 -85.5221 -86 -86 -86 -86 -86 -86 -86 -86 -86 -86.7411 -87 -87 -87 -87.0616 -87.9354 -88.1207 -88.2185 -88.2185 -88.5767 -89 -89.1592 -89.1389 -89 -89 -89.2185 -89.0207 -89 -89 -89 -89.0975 -89.2185 -89.9352 -90.2185 -90.2185 -91 -91.0563 -91.2185 -91.6313 -92 -92 -92 -92 -92 -92 -92 -92 -92.0536 -92.2185 -92.2185 -93 -93.1718 -94
-78.7654 -80 -81.0359 -82 -83 -83.9417 -84 -85 -85 -85.9243 -86 -86 -86 -86 -86 -86 -86 -86 -86 -86 -86 -86 -86.7411 -87 -87 -87 -87.895 -88 -88.9346 -89 -89 -89.3913 -89.8537 -89.9603 -89.9467 -89.8537 -89.8537 -90 -89.8676 -89.8537 -89.8537 -89.8537 -90.2999 -90.8537 -91.5704 -91.8537 -91.8537 -91.8537 -91.8914 -92 -92.8537 -92.8537 -92.8537 -92.8537 -92.8537 -92.8537 -92.8537 -92.8537 -92.8537 -92.8896 -93 -93 -93.1292 -93.9688 -94.3601
-77.7654 -78.9117 -80.5286 -81.6712 -82.6609 -83 -84 -85 -85 -86 -86 -86 -86 -86.4774 -86 -86 -86 -86 -86 -86 -86 -86 -86.7411 -87 -87.0057 -87.8195 -88.1379 -88.9578 -89.2702 -89.489 -89.489 -90 -90.489 -90.489 -90.489 -90.489 -91 -91 -91 -91 -91.0859 -91.489 -91.489 -92.0398 -92.489 -93 -93 -93 -93 -93 -93.2583 -93.489 -93.489 -93.489 -93.489 -93.489 -93.489 -93.489 -93.489 -93.489 -93.489 -93.7527 -94 -94.3846 -94.7046
