MapLib/Lvl1_5x5/BG/Ele_BG_DA.asc
ncols         557
nrows         557
xllcorner     -500
yllcorner     4451669.448
cellsize      1000
nodata_value  -9999.0
[rows 216 to 242 of 557, columns 0 to 59 of 557]
522.1445 586.7037 621.9889 740.3575 780.8348 849.7206 873.2637 739.2565 716.5575 849.8848 892.575 883.4875 769.1339 844.4482 827.4041 802.5628 707.6999 625.0944 570.9601 651.7811 843.0273 893.397 845.6042 765.0528 649.5295 530.5719 515.4265 630.6161 487.8981 648.9724 688.8525 527.6986 454.6721 451.9949 535.9498 598.4174 607.233 644.8188 618.8695 636.8683 674.2773 602.2625 554.7825 634.3032 609.299 550.7572 537.8435 530.3839 533.6167 618.1289 626.9677 527.4911 518.103 524.7605 573.5224 507.749 592.8002 521.7601 537.7961 699.5012
529.7084 769.6642 858.2349 786.8999 890.333 1008.0164 876.5443 842.4333 683.7958 841.5385 973.0247 1023.799 988.3483 1030.3729 1038.688 1000.9745 969.8958 774.2876 599.2838 665.2115 724.6572 846.6346 1004.1465 989.5038 825.9404 639.1923 585.5236 627.116 502.2123 563.0381 653.2742 509.3723 470.1212 461.7871 509.2787 576.864 609.8961 664.3846 615.3276 586.6439 659.7728 610.496 572.2903 665.6815 591.0229 555.4512 542.6821 541.435 619.5146 708.4578 683.3779 636.0837 557.2806 554.4385 587.5584 567.595 668.2202 577.3779 515.0751 656.0083
702.1883 820.4146 1033.3445 1169.2633 1141.4456 1176.1304 1048.4272 910.3011 715.8862 822.4859 875.9572 1119.5299 1111.0947 983.0606 945.3438 986.2632 1008.3087 897.9438 673.4083 630.0896 984.1037 918.64 867.0095 1151.5795 987.3919 892.463 918.2878 670.4063 597.8965 588.6419 477.5918 481.3131 478.7155 487.5695 461.0432 455.5208 496.5047 615.4259 691.9537 567.4553 608.5002 619.0956 570.2773 611.7081 612.1274 591.9362 547.9658 717.8875 876.2421 796.3823 594.0485 546.754 560.9615 643.9513 586.5054 595.0995 771.3805 559.3586 515.0905 587.8438
807.7336 714.4449 887.1232 1137.2601 1377.3331 1474.5796 1348.1665 1072.6917 905.1946 996.2839 1141.6027 1252.7654 1224.4926 1098.1588 953.0569 919.3856 843.4782 707.778 697.164 634.7691 769.7747 1074.9597 1090.2999 1219.5681 1256.7889 1294.2678 1123.6298 954.4925 877.3199 597.9777 705.6874 810.1989 755.7203 784.9664 638.2813 703.7689 584.8436 832.9525 964.4898 896.59 840.3908 659.519 594.293 809.2941 1007.5759 1003.8259 792.6172 736.601 870.8547 879.4699 844.0729 733.8622 800.3449 703.6326 561.1506 595.378 793.9038 695.389 636.1103 611.2941
1086.8276 850.3965 772.0311 971.2539 1212.7848 1451.7474 1563.6429 1460.2584 1208.007 1309.0898 1526.2762 1451.3657 1313.7693 1113.8147 952.0646 875.9382 783.1099 749.9171 755.672 835.91 679.2928 851.2589 1166.674 1394.4927 1376.0194 1397.4537 1417.4412 1277.6469 1149.6191 846.8508 559.0425 834.9508 892.3711 1026.4208 1023.4268 831.6584 734.4957 983.3005 1139.6023 932.4074 694.8642 638.9612 606.8044 855.1862 1070.5162 1091.2906 954.2991 886.7745 957.4479 1058.0967 875.0074 779.5305 699.2419 592.8019 624.3301 675.512 768.5856 901.1873 759.0855 650.8472
1107.1578 1227.7799 989.5741 941.8398 1009.2147 1222.1094 1441.2412 1687.0974 1688.3381 1689.2262 1704.9192 1524.8805 1415.2778 1276.9471 1078.8926 832.0559 855.0157 1061.9484 1030.4462 1068.236 876.103 723.2059 772.3711 993.6401 1299.6924 1522.4379 1439.5944 1177.0577 899.9178 734.0431 613.8013 952.8524 1036.8862 1052.1962 1143.1439 1134.144 951.8474 1022.3629 1058.1152 792.4824 675.3621 661.4247 611.9091 699.6754 899.8105 1052.9341 1161.8813 1140.8793 1076.8707 1043.2317 909.9077 740.8883 646.6371 824.93 905.0482 680.7202 964.5779 1156.2795 957.7294 741.5322
1585.6014 1337.2803 1012.5559 1194.2352 1124.9603 1280.2994 1549.2162 1735.6927 1654.8781 1434.3904 1380.3613 1308.3828 1272.8661 962.9593 847.0357 977.207 1073.9585 1224.0957 1279.7043 1205.6023 1011.4847 940.0458 865.9393 771.7079 813.366 988.2092 1242.5504 1313.2032 1369.3915 1131.2809 1017.2006 975.3599 935.5159 921.0303 1115.3063 1230.2813 1046.9459 1006.5726 929.2712 810.2787 741.204 657.5151 637.9756 745.9156 914.0573 1056.3271 1163.1805 1217.048 1082.3809 928.9995 856.4227 722.3931 816.6968 1159.4432 1089.3622 857.5042 755.1893 960.739 1031.1338 1069.7206
1518.4465 1399.6541 1161.6843 1457.8726 1570.5106 1632.0159 1677.1774 2011.3162 1937.3212 1492.382 1296.6353 1282.9675 1060.6149 955.7416 1226.2515 1310.8726 1164.2693 1518.6786 1611.3267 1412.7008 1278.0298 1210.3588 1002.068 898.1958 960.2973 851.5044 881.9468 1231.9498 1479.568 1510.972 1436.0286 1452.8309 1460.0129 1312.6227 1242.8982 1343.6311 1238.2273 1071.532 982.8394 958.6308 942.4846 897.0783 675.4886 851.9776 924.2211 1106.4332 1382.778 1496.8993 1383.3729 1113.5037 912.3219 745.0256 828.5912 945.1757 1116.9852 970.7939 927.2119 874.3306 1192.6011 1385.0702
1595.3823 1379.5155 1321.0271 1527.3348 1778.8319 1948.946 1911.8358 2032.6732 1929.2926 1848.4323 1669.8187 1296.0742 1007.8295 1232.4401 1467.5491 1582.9196 1436.2275 1583.9227 1814.4908 1680.7339 1545.527 1282.2462 1040.1597 1147.3137 1152.6588 966.746 905.6525 929.8608 1190.1187 1438.7458 1589.5652 1673.9291 1682.3668 1731.7965 1792.402 1705.2405 1512.7476 1514.481 1385.2218 1203.0905 953.1658 861.8307 666.2585 797.5609 1082.5226 1244.489 1335 1544.7284 1435.392 1184.4438 986.235 910.4399 983.994 1012.4414 1233.516 1304.4824 1034.1564 926.002 1184.4889 1253.5411
1586.0132 1623.0269 1649.3217 1589.1882 1827.1503 1853.2548 1810.5321 1723.4407 1665.7111 1464.4446 1272.7081 1053.037 1221.376 1543.6439 1788.1973 1972.0646 1827.2291 1759.342 1850.6121 1682.6094 1481.2821 1285.993 1343.5157 1411.4402 1211.2601 1162.9698 929.8093 988.9543 1060.4999 1207.8649 1309.5359 1454.1942 1514.0341 1623.4845 1527.7589 1599.2781 1548.1669 1517.5868 1419.3881 1204.7445 1133.1914 893.4922 646.8351 775.1843 959.989 1111.4894 1269.4131 1437.7665 1529.2487 1268.8152 1199.2325 1014.9634 1352.3817 1320.0946 1416.8588 1487.017 1286.4784 1143.8185 1237.0659 1245.3684
1450.4387 1493.1111 1542.1465 1783.3275 1850.597 1588.7285 1404.1294 1393.425 1344.9137 1269.8545 1180.5433 1330.4402 1459.8281 1363.343 1615.2314 1896.3535 2091.9954 2063.5603 1892.2253 1857.9907 1713.5942 1683.6305 1799.1176 1673.1449 1541.9376 1160.4885 995.0361 1095.2919 1012.2896 1085.6172 1330.3315 1342.1055 1528.6517 1343.3735 1463.6849 1446.3119 1244.2488 1115.3066 935.5265 918.4644 826.4042 809.1097 666.7012 878.7321 978.4039 922.4966 884.0233 1073.7899 1257.8011 1496.2084 1257.0714 1108.8621 1344.0535 1552.7297 1435.5963 1339.8129 1323.3405 1255.6228 1107.3004 1001.903
1588.7108 1811.2843 1708.7312 1611.5575 1794.4297 1674.2654 1831.8394 1861.0554 1810.1766 1675.4232 1460.514 1740.1951 1887.1323 1669.1141 1798.7004 1795.0273 2044.0492 2169.4468 2127.0837 2154.3582 2058.3123 1969.3623 1664.7163 1469.3657 1303.2772 1013.7484 1082.6996 1173.3093 1137.1066 1075.1423 1089.1342 1307.6664 1329.0083 1246.9851 1430.8446 1673.3947 1625.821 1340.0728 1244.2997 1219.2332 1183.4712 975.2649 746.973 930.8652 1145.0474 1355.1544 1346.067 1226.1703 1168.3453 1461.0319 1566.8618 1366.9531 1390.0143 1723.9552 1455.0352 1206.5215 1048.6379 916.2384 934.5366 723.0587
2049.6299 1942.1892 1948.1797 1869.6387 1984.4849 2081.0347 1897.2051 2075.5486 2127.9143 1919.0016 2033.3088 2364.2285 2132.9124 1992.897 2384.2905 2344.1919 2463.6277 1988.0834 1881.6278 1983.3796 2044.7247 2003.4966 1684.1692 1424.97 1114.8638 1225.1678 1316.5111 1314.7463 1258.3352 1230.2413 1149.5669 1105.5698 1134.7876 1311.9264 1318.2426 1298.6398 1485.4495 1353.8606 1381.4949 1074.8502 818.8981 697.2068 769.01 878.8441 1142.4175 1444.0659 1690.2596 1597.5634 1469.9327 1444.7194 1650.4385 1641.5029 1633.7402 1498.6818 1414.4034 1489.031 1168.861 974.3121 884.215 976.5358
1958.4532 2236.4705 2211.9001 2148.698 2210.6987 2318.8567 2184.7668 2185.2217 2117.6873 1998.1844 2083.3916 2254.8997 2390.3335 2454.0593 2585.8984 2463.8098 2484.6245 2178.6111 1801.2678 1673.2921 1716.0027 1775.7948 1519.8499 1207.192 1375.509 1571.2015 1618.239 1406.1154 1308.3304 1314.6227 1244.2053 1274.6398 1193.7955 1145.7994 1269.9863 1471.2247 1532.4854 1173.2235 1020.8321 1112.4868 883.2267 689.3876 840.7731 965.8513 1069.6633 1255.0879 1531.3085 1668.8203 1629.7965 1689.3754 1682.8998 1457.7427 1344.124 1272.1267 1132.7566 1188.3864 1050.099 893.7617 1181.8633 1415.1779
1812.823 1865.2559 2046.1342 2305.6904 2126.7959 2111.1619 2322.5698 2379.1758 2389.3276 2256.2502 2294.356 2310.8582 2301.3965 2157.7705 2378.6626 2259.0984 2348.103 2204.9651 2092.7375 1987.2308 1790.1282 1519.7848 1429.4198 1388.2122 1641.5768 1808.7634 1597.155 1442.8199 1542.2653 1575.9672 1503.8268 1414.4061 1279.2212 1294.1304 1478.6656 1598.3984 1269.5017 1043.5074 877.2628 977.6979 876.8289 766.7244 1108.3877 1221.9681 1092.7664 1062.7024 1197.8392 1281.9218 1408.7905 1620.8549 1744.7892 1630.9069 1509.2389 1395.402 1224.1163 1070.766 997.0983 911.7542 1146.1429 1303.9244
1743.3839 2042.8777 2061.1165 1838.7382 1641.0302 1733.4064 1937.0006 2202.1277 2099.9297 2056.0254 1975.2994 2058.9592 1983.7256 1892.899 2043.3948 1997.5492 2246.8574 2239.239 2091.6799 2009.2616 1714.6139 1781.2505 1903.0406 1591.0835 1586.4697 1814.2427 1740.4088 1593.5404 1570.52 1783.9979 1715.746 1490.4459 1352.3104 1389.3167 1543.3441 1509.2168 1190.5657 1128.7635 1051.756 920.9227 765.7714 954.9838 1198.7661 1287.7285 1430.6191 1420.7954 1358.0109 1404.8438 1478.8209 1586.6665 1737.0437 1929.4017 1789.2421 1495.8591 1224.5315 1371.2966 1257.9255 981.2808 1226.7084 1472.9591
1807.1241 2199.9448 1960.8899 1797.1637 1504.613 1735.4077 1787.5828 1738.7898 1612.3501 1501.2281 1500.3306 1498.6182 1563.2072 1658.6797 1727.2604 1814.5122 2015.6946 1957.9081 1818.0573 1862.9265 1836.697 2069.3142 2167.2051 1783.3875 1723.0834 2064.3381 1821.2686 1693.1147 1802.4639 1793.1189 1629.8342 1521.9445 1408.4639 1429.2767 1531.0929 1274.2964 1014.7453 987.2305 839.882 770.2234 715.6051 778.9266 899.6751 975.814 1172.7321 1200.8489 1183.4778 1297.306 1586.7566 1628.6661 1788.4928 1925.2881 1710.0283 1483.96 1669.4093 1620.8024 1342.1771 1096.691 1349.1672 1609.1353
1641.4 1701.0867 1649.8085 1641.2743 1360.2915 1476.9023 1267.0469 1285.0959 1378.4586 1508.5923 1707.0811 1656.8804 1621.3623 2008.2333 2159.2927 2141.5635 2130.7361 2284.8298 2151.9009 2285.4512 2228.5986 2236.2454 2071.46 2022.6477 2203.8899 2244.4272 2016.53 2139.2556 2274.0708 1995.7926 1781.8492 1642.0699 1624.1489 1654.4877 1613.3865 1527.5757 1356.2227 1160.3588 1098.4716 793.5238 799.9691 788.8134 846.662 901.3975 945.1273 1065.7284 1041.6841 1082.2546 1248.5204 1390.4901 1589.3419 1875.5767 1875.1512 1838.3528 1630.5018 1420.6276 1222.7781 1299.0902 1468.9989 1578.9801
1361.489 1403.5057 1191.3315 1274.8763 1151.1501 1117.7095 1332.7617 1582.0236 1784.0427 1613.8765 1859.5168 2078.4858 1766.895 2070.8108 2257.5422 2285.5261 2416.5298 2462.6782 2376.2646 2505.814 2527.8655 2338.4819 2162.5732 2164.6189 2270.2561 2361.1677 2099.9944 2192.1267 2291.3894 2164.0835 2098.8357 2263.8933 2021.5452 1684.0463 1385.7501 1329.8737 1295.5015 1177.6532 914.3271 749.6562 1008.72 1066.8446 869.3252 887.7347 1078.2654 1280.6727 1396.0376 1337.8362 1260.4768 1317.2664 1414.8359 1693.2588 1799.5308 1968.3583 1779.4102 1590.9 1462.4152 1576.969 1544.4706 1625.2161
813.7899 855.5284 879.582 987.7814 1138.5342 1214.884 1500.059 1854.6847 2142.9976 1696.7417 1972.9384 2208.4092 2035.5717 2024.4211 2148.6323 2124.8718 2100.4333 2189.1658 2272.3108 2426.3306 2409.344 2463.4902 2409.9587 2290.7744 2323.6069 2381.8279 2317.729 2491.5813 2463.0491 2532.2197 2544.7966 2459.3972 2332.0146 1909.2192 1592.1877 1355.2887 1120.9282 1025.1646 895.7654 837.1981 1122.3699 1221.2557 1142.0958 956.5472 973.8339 1258.8636 1479.052 1664.6586 1617.4832 1538.2062 1570.2222 1481.6284 1786.9435 2029.3455 1895.1178 1780.233 1629.9136 1720.7484 1626.796 1533.1637
768.6503 989.2023 1284.4735 1439.7728 1535.1632 1528.8281 1435.1512 1885.8716 2271.3621 1954.1803 1869.0095 2377.7041 2242.3196 2134.2874 2267.6743 2408.1558 2293.4268 2280.1777 2428.1265 2432.5964 2245.6592 2276.2131 2400.6602 2451.6816 2674.8459 2468.2598 2444.1558 2421.2327 2246.0266 2115.7605 2336.5222 2152.3193 2155.7849 2025.4198 1807.8917 1377.9905 1098.5372 943.6295 758.7405 770.8402 1001.0115 1239.1632 1253.573 1037.3251 862.3086 1068.8967 1401.14 1711.5453 1893.7869 1770.8856 1717.946 1619.9342 1733.1832 1853.9617 1691.7311 1650.8108 1789.7167 1814.3077 1818.5643 1741.3394
1074.1241 1197.5934 1318.1638 1825.9188 1834.1976 1951.4584 1742.3508 1614.8477 1789.0132 2005.4463 2124.0518 2234.6675 2370.7822 2257.0029 2317.166 2484.1658 2448.9839 2462.7407 2435.3945 2338.3516 2189.7227 2121.7908 2281.8201 2365.2888 2445.802 2329.4866 2220.6687 2060.1934 1949.7778 1724.095 1842.9315 1769.3834 1749.4623 1585.2875 1494.3198 1194.2015 975.5988 954.9681 757.8771 834.8083 1029.1718 1139.5646 1365.0358 1339.4 1139.7749 937.6454 1238.1172 1589.9791 1831.1112 2099.8677 1996.5865 1845.6603 1857.4884 1856.4862 1578.9832 1453.0851 1485.0244 1589.3049 1585.6847 1728.0248
1224.168 1539.4602 1493.3582 1534.6063 1690.646 1884.1311 2058.2908 2134.7134 2052.0793 2200.3091 2130.729 2325.3892 2444.1709 2486.4734 2448.2009 2363.1631 2357.5669 2398.3643 2322.0957 2333.1943 2305.5273 2103.0598 2099.0063 2252.4868 2346.7639 2383.5049 2217.7217 2138.1011 2026.8599 1798.8601 1463.6661 1404.4951 1341.4318 1249.1823 1143.4255 1177.1113 1444.0524 1201.4213 764.7099 811.3751 1114.0852 1361.5593 1283.276 1508.7739 1407.6061 1018.3793 1122.2086 1352.6876 1576.2063 1725.8248 1907.454 2010.5856 1932.3369 1809.2905 1647.7867 1669.3849 1505.7627 1315.7706 1318.347 1459.2461
1273.6119 1773.6191 1921.368 1923.7062 1881.4888 2029.4432 1929.0513 2202.2974 2537.4441 2413.4607 2345.4736 2427.7239 2607.0537 2735.3501 2461.1523 2191.0244 2174.3186 2251.9063 2336.0366 2230.9465 2120.1792 2041.0269 1882.2434 2112.4299 2381.3528 2270.6008 2295.5981 2210.4265 1949.7458 1768.6624 1746.756 1705.9131 1569.4302 1434.1581 1529.5868 1545.3342 1263.6689 930.5162 768.3849 823.1992 1101.3838 1388.2802 1536.0452 1580.0642 1383.3967 1015.2017 1046.7694 1378.7968 1606.2599 1648.7397 1696.6689 1878.1293 1972.0209 1888.0044 1859.9968 1809.1102 1734.4841 1633.2531 1392.2166 1271.3054
853.1072 1227.2024 1553.7642 1810.4164 2148.8711 2402.2234 2394.0383 2361.5137 2529.064 2473.9688 2620.5676 2674.1279 2783.9792 2794.1499 2660.7207 2384.7043 2182.4668 2089.218 2124.7695 2171.238 2368.4365 2107.6921 1805.8434 2002.4633 2194.3899 2144.355 2217.7275 2021.1481 1999.3864 1952.8359 1849.3462 1787.7406 1612.6123 1416.2246 1321.2406 1188.801 864.2307 786.5676 782.2959 958.5054 1213.4475 1369.8455 1473.7461 1577.2794 1231.9082 947.4846 976.6463 1246.0171 1460.2504 1717.4476 1830.1019 1972.5651 1714.4769 1616.0721 1672.7845 1814.6603 1831.0149 1778.6005 1803.5171 1702.7986
1291.1379 1068.6405 1427.858 1894.6511 2104.3401 1999.2107 1969.9222 1909.5242 1930.5344 2328.1021 2313.6421 2340.6951 2626.9768 2291.238 2161.4609 2160.0232 2188.8154 1918.6495 1881.7537 1877.4821 1959.7632 2043.6267 2025.4763 1870.3677 2082.4043 2200.0259 2257.1782 2012.989 1790.3649 1622.351 1557.0388 1480.3693 1371.24 1291.5062 1129.6238 853.2631 804.5959 827.4262 909.4196 1304.4795 1481.03 1501.5214 1538.7434 1561.2576 1264.624 941.2864 979.2086 1222.2426 1497.9164 1562.2592 1839.8201 1898.4415 1622.116 1415.1525 1419.4363 1643.0922 1539.6715 1544.5823 1622.8669 1546.0657
1203.4115 1024.0123 1269.6139 1275.2579 1425.8296 1537.5842 1771.3553 1859.5177 1997.1223 2440.8479 2625.5908 2456.2454 2544.7466 2282.8948 2620.2188 2468.5952 2176.53 2130.6543 2268.1968 2293.9219 2008.0126 1825.9674 1647.429 1595.2855 1562.824 1808.9821 2215.2097 2394.5747 2222.4631 2139.0908 2043.4481 1856.3552 1634.2152 1533.011 1246.3224 911.2664 851.8356 968.6331 985.6967 1163.2413 1483.7303 1630.5199 1688.7593 1555.3429 1233.9475 963.6598 957.7209 1139.7843 1324.3844 1522.1725 1745.0435 1768.2128 1554.7102 1455.2201 1282.0574 1363.3965 1335.3403 1338.5309 1323.4161 1278.7654
