MapLib/Lvl1_5x5/BG/Ele_BG_DE.asc
ncols         557
nrows         557
xllcorner     2227500
yllcorner     4451669.448
cellsize      1000
nodata_value  -9999.0
[rows 28 to 55 of 557, columns 378 to 440 of 557]
251.9349 169.8995 204.3847 211.8069 226.573 289.1968 251.1624 242.2301 161.6112 139.7974 133.5661 133.5757 162.9622 240.6971 282.9785 297.2748 215.9569 258.4229 342.4441 306.5085 266.1335 231.6241 260.6114 227.8821 199.7412 201.4236 229.6092 300.7486 263.8974 211.6836 243.6045 270.8044 307.7934 268.3909 318.2108 305.4389 337.9281 255.0942 253.9724 253.3654 303.1676 352.1365 340.7206 276.2931 324.4896 343.8311 343.1426 324.7398 343.2466 346.1516 301.1637 243.9746 223.4708 214.4561 213.5686 221.0558 218.6028 240.0906 309.6775 281.5919 291.7115 311.0878 266.7247
248.0884 225.159 197.8967 170.3908 169.7073 217.3504 238.4535 237.3096 162.0392 132.6918 130.3558 132.2567 169.1672 204.8815 243.1131 229.1753 231.9383 301.8116 277.1532 316.6967 323.7821 307.3089 238.7653 198.4602 194.4257 211.1109 257.2275 220.8777 206.2939 242.3773 292.7216 326.8695 259.4883 264.788 314.258 317.8287 323.3846 287.2317 239.879 275.4971 325.4757 345.179 313.9321 276.3438 308.4333 284.984 330.05 338.26 299.1694 315.1332 335.5497 305.6481 261.7951 224.2202 216.0746 212.3803 216.9196 235.4299 276.0303 282.3987 269.4472 336.077 299.5474
201.2757 257.5529 289.5427 236.0292 204.8251 177.8051 161.7146 149.3021 136.9911 129 131.277 134.9469 168.669 196.2094 205.0903 248.7525 257.6942 302.5699 273.1185 325.105 304.9345 257.5041 236.7379 219.2001 191.0338 191.3965 194.0049 222.545 298.4536 319.6354 318.3029 264.1642 249.9709 309.7313 258.7278 317.4779 293.3204 275.2828 225.987 286.866 338.8377 341.4967 329.091 298.7075 270.8021 283.1639 310.865 323.4743 340.3061 296.6077 331.873 323.7414 289.1573 261.6417 242.2861 210.7051 206.3598 232.4672 285.3289 340.0226 253.8283 291.597 292.8472
179.9252 218.6891 276.5358 253.9647 256.7718 287.5317 263.7602 218.9467 183.0297 127.6802 126.0175 137.5647 151.1328 198.0111 222.2025 245.1212 287.8726 284.7652 230.0517 264.2738 318.8382 320.912 303.5764 215.7269 192.0396 190.4873 200.7053 310.1447 278.1021 313.7962 252.6354 229.0836 301.1672 300.3596 266.8958 262.4123 308.2474 248.7383 244.9986 301.5323 329.2287 320.0871 318.4373 328.7166 307.5007 252.2314 317.2271 300.8492 336.513 319.3839 267.8849 330.2804 302.3812 257.0481 239.3335 212.9822 201.2186 226.226 297.1741 323.9229 285.093 236.818 284.1129
152.1999 177.0038 273.0257 283.6292 200.92 264.1725 249.1033 202.0608 194.044 132.1357 128.579 132.5443 138.9063 173.9025 222.3247 195.3984 229.9126 278.9276 255.9876 206.0166 265.7242 316.3033 292.8759 253.9405 194.6296 186.4599 201.0918 241.7071 241.1786 294.1106 229.1859 270.5763 300.3621 283.0954 241.7966 269.108 277.3017 213.8623 249.6197 306.0143 321.4977 297.5837 319.1719 330.933 323.1169 258.6261 265.3615 282.7561 318.2228 260.422 304.2299 319.1981 326.3811 256.1204 243.6239 203.8537 199.3642 244.4517 295.1857 308.3702 313.9026 226.5142 268.1245
131.9911 177.7516 238.6243 277.2082 247.2103 183.7334 208.2161 253.0693 214.7678 154.4062 129.9478 125.3158 131.1587 148.4061 168.5692 210.2658 266.2953 266.722 253.0799 210.4993 252.9715 283.2413 275.3489 273.7708 196.687 182.9173 193.726 216.6287 273.4284 295.7481 219.1808 298.7849 255.2109 244.6846 271.7394 296.3882 234.933 205.8968 276.4692 291.1972 318.277 298.8082 307.8598 329.6544 303.9012 316.1751 265.1345 248.4545 283.9017 288.8799 324.0699 325.5717 273.8602 254.9978 218.0818 199.9595 201.0164 248.4478 277.3553 271.8579 320.932 298.213 213.1547
111.8737 121.3168 192.0752 250.7682 290.1578 259.1239 187.0342 186.0891 244.969 165.2332 124.4269 123.139 122.0203 148.9902 165.4996 226.5348 245.464 307.2392 213.1575 193.0301 238.1765 298.9725 270.0108 213.7945 192.5877 182.9599 183.3461 199.7344 241.7916 286.364 205.7448 278.5778 245.391 248.0499 278.7755 301.684 258.0532 198.543 292.1581 273.1066 291.7253 308.7577 298.2672 316.3451 311.4191 301.7737 305.3898 284.7223 235.478 276.5885 324.1925 308.906 285.4397 247.1599 207.7481 193.9073 198.459 224.7827 266.0631 262.694 315.1844 272.2249 216.9599
111.3739 110.015 120.6554 158.7401 228.1282 259.1758 212.4326 177.3438 167.6924 191.4451 125.2233 123.0275 125.304 134.5963 161.6284 196.3826 266.2073 228.2446 172.7689 261.5632 283.1641 303.8239 271.8651 283.4296 235.3103 190.9895 176.4104 179.0208 205.4974 278.5338 204.8684 220.3754 218.3261 251.8547 293.0836 267.3669 230.5624 193.5542 265.3497 230.8708 311.3732 318.5396 273.7934 310.4713 294.6793 258.2594 281.4413 315.4289 253.4241 247.9596 259.7618 298.7169 290.8245 312.2067 213.8402 194.5595 191.6922 215.9499 247.3952 271.01 308.9183 258.6783 216.0082
119.0546 110.1157 110.1199 116.3083 157.8133 225.0043 264.9876 238.0475 180.9465 133.6678 123.0024 117.8755 119.3137 133.4282 165.5698 183.5313 237.0162 184.8792 198.0962 257.2993 291.334 297.2234 263.3905 252.4161 243.3016 211.2326 181.0643 174.45 183.403 189.9569 214.3181 273.0618 210.3123 267.0852 293.3297 306.0731 244.6924 190.6747 212.1119 265.7578 301.3003 302.2535 256.8707 300.1416 293.8385 285.7992 300.7261 308.1021 290.515 262.6171 224.6539 244.4948 288.8416 301.9929 221.7333 193.2385 192.4546 196.4113 215.6461 268.248 292.6977 269.4847 247.9948
116.0354 117.5301 104.7279 106.3959 111.1006 156.4645 203.9351 284.9046 241.0228 166.2274 122.4069 118.2374 115.7873 127.8113 138.6505 152.6621 162.2593 187.2305 250.697 250.9154 290.5895 267.7052 284.5617 284.6077 239.2425 219.4641 189.4543 173.9361 174.9644 180.7588 233.802 260.1773 234.8791 287.3048 243.3107 247.7672 277.3605 189.3312 206.6629 282.8526 298.0557 298.9018 271.9036 298.5016 294.8969 265.6513 295.6033 295.8333 302.0341 281.5086 260.2914 217.224 243.6235 303.1266 279.3539 211.7001 199.5016 197.7687 193.8941 200.8838 273.6778 281.9867 248.8478
117.9637 112.444 116.2406 113.8048 113.9912 115.5855 143.1725 216.7967 189.4343 157.8967 121.503 114.3631 118.6469 129.4492 142.7275 190.5921 185.7111 212.0516 266.8918 227.7761 272.3387 300.1387 261.6935 290.5289 245.7628 252.0033 193.7363 180.8663 171.2654 172.4431 187.9387 193.4543 209.6343 262.7552 290.6602 228.9108 282.5035 206.3315 188.5945 265.9163 292.0238 291.3584 249.596 295.3379 296.6284 252.8937 279.832 298.2131 250.0214 294.9514 277.8097 234.1038 227.4503 291.3238 290.4449 282.7704 221.6284 191.0222 186.57 188.7521 205.1863 282.5336 200.7858
135.603 118.59 101.8889 100.6395 108.5317 107.0176 111.579 159.6273 194.4152 119.1896 113.7721 115.1796 119.2506 132.1492 153.8549 169.54 192.7728 212.2268 236.6811 219.2615 283.6967 264.4901 240.3159 255.8467 274.0117 259.8876 258.4306 216.1905 170.078 164.1989 167.7946 195.1907 254.4465 283.054 274.9701 219.3295 238.0517 207.599 185.39 251.8 284.5295 289.2641 246.6093 287.1958 290.6448 284.2504 253.4736 275.9294 287.0612 262.6256 269.5982 279.7627 218.2602 213.4089 233.8857 264.0988 254.6974 209.7792 181.2325 184.3938 181.7875 201.2324 189.5375
158.4589 125.1792 118.8499 104.4645 106.0158 106.2585 104.4152 121.9196 136.313 104.9175 110.2374 115.3393 125.3703 130.8558 154.0829 172.0187 176.907 177.784 201.2258 229.6605 274.3286 259.1833 267.0211 247.4411 218.8961 272.0398 269.7991 215.7918 173.0692 164.9575 165.9063 182.3862 243.1123 285.8024 228.1366 242.2048 201.4975 180.948 190.984 254.579 281.3483 278.753 241.2925 292.7982 289.9136 295.8113 285.0085 252.8953 274.0936 262.6136 278.1205 262.0938 283.5175 272.3573 240.2629 208.6622 204.8911 232.5197 203.7892 183.1675 183.2421 177.0872 179.3661
203.0562 186.0825 135.593 104.1528 100.5261 107.6289 105.9646 108.9832 108.6823 111.089 107.1455 123.4194 127.952 142.5037 159.2629 171.9218 174.0048 189.0936 233.1983 242.1086 271.2854 251.1645 231.2066 262.9553 265.1521 202.8424 244.5069 215.0256 205.4671 159.3022 158.9854 162.1721 246.7277 226.8371 269.5981 265.067 210.8867 169.1544 189.9536 270.7832 255.7686 269.505 235.1176 277.2086 286.0017 262.9807 270.7043 281.0509 254.5077 260.541 224.9046 270.5893 270.8788 288.9313 293.2648 287.4364 245.5129 194.2413 176.9879 186.5355 180.8742 179.3654 175.1133
215.1406 210.5499 167.6025 119.1857 109.3652 105.8228 104.5072 104.8837 106.1703 108.5813 115.8161 121.2415 127.5596 142.9613 154.7583 161.8878 168.95 181.7229 197.6419 231.3624 267.7376 269.5592 246.4657 214.9913 258.2794 257.154 261.3406 239.5562 212.5085 182.7618 160.7774 155.4281 163.5989 246.24 268.445 240.7217 206.2576 166.0565 224.8268 274.4805 265.3055 261.3257 230.753 273.8767 268.1512 276.573 255.3823 274.8285 260.4102 229.9785 223.7664 273.9946 245.3936 275.9648 280.5107 282.3318 282.4239 270.3083 242.7881 195.9765 186.8625 178.0523 178.1145
142.6464 128.2824 122.3607 109.6428 103.0712 106.8632 101.0809 102.4405 104.7133 112.2469 115.8624 116.4053 128.3789 154.1415 161.577 168.6472 179.3188 194.514 263.1617 243.5161 242.7366 271.8217 271.7682 260.1978 215.8461 210.3656 196.1445 186.5542 194.8351 180.4634 161.3184 157.7935 157.539 216.2288 240.5138 218.6783 165.7742 175.0685 258.2047 274.5624 244.8169 231.9568 246.0639 262.3766 261.4507 270.9309 267.1314 273.3752 257.6162 268.8536 213.2319 263.0623 250.4088 242.7351 278.2253 274.2538 263.0351 271.4862 272.4668 229.3842 193.2924 171.3791 178.2028
212.6803 200.498 197.4962 172.3274 101.9715 104.1902 101.099 106.5776 106.9913 115.5474 115.7687 122.9543 153.9716 157.4239 157.114 163.5168 183.7326 206.8937 217.9442 224.7143 250.4962 247.7163 276.9463 264.812 252.6232 248.9917 229.3885 202.9271 214.524 177.9698 166.7608 159.5327 143.972 173.3164 170.4649 161.3294 162.193 219.1837 267.0275 264.3634 230.3604 241.7761 274.0456 269.1875 242.2209 270.851 242.6077 266.6394 266.1128 240.2803 222.6059 208.2744 256.9052 251.5081 266.1435 270.4684 241.8553 264.3153 272.6084 258.1476 207.9191 174.3392 172.2103
160.0388 185.8156 194.1812 153.8229 102.0396 101.783 107.266 105.9427 106.8657 113.8736 121.8313 142.2904 141.3091 147.6854 153.4207 165.4419 189.4173 192.2081 174.1308 202.2674 238.1168 277.5791 275.3887 254.4986 265.1295 250.5324 237.8745 233.9529 212.1091 208.5991 193.185 155.7003 152.0856 148.4788 152.3316 161.6759 198.9683 253.8911 271.8876 269.185 216.1986 238.9753 252.5293 253.4338 250.4061 272.6757 261.7192 236.4808 258.4196 259.5471 233.6009 204.5254 239.97 257.3106 228.8284 266.0408 264.7241 236.32 268.8517 265.5923 235.4002 175.1496 174.0087
103.0697 108.3298 121.1079 123.4964 109.1054 102.8309 99.6848 100.4602 102.3078 111.3164 118.8221 127.2244 142.36 157.9359 163.9319 176.6427 233.8347 246.6519 231.4482 233.9266 265.2948 281.2322 268.302 272.9153 224.7563 253.4044 262.9821 235.0309 223.9732 207.6131 195.3282 188.4994 153.4982 146.1274 149.2699 215.5835 252.0847 267.3419 258.1044 269.5918 223.4725 229.9082 268.684 266.9808 237.6204 260.9525 250.2471 245.4982 254.3342 259.6841 249.2847 229.9636 214.0945 257.8696 218.988 259.678 256.5399 236.0435 251.2756 263.2179 233.1844 183.9542 179.6175
105.0617 102.2983 120.2414 122.4348 112.9043 109.6061 99.0439 100.8955 99.7679 107.4034 115.2739 114.7676 123.6431 153.6781 166.4659 187.6358 224.5083 214.8913 225.7823 254.5508 268.3586 242.2395 263.5992 221.1927 262.4318 229.9192 261.5175 251.5047 232.8322 238.1221 206.3733 177.3502 156.8204 146.2668 149.5011 187.5624 206.8575 264.0134 256.8568 248.1385 256.0414 206.8676 234.1023 265.8463 247.2441 251.9328 253.9364 228.3165 206.7148 257.8347 259.1015 246.5575 203.4802 227.521 219.4473 255.6512 253.8948 248.7958 239.0666 261.1209 246.0435 246.0824 199.0983
132.9817 110.4397 110.7591 103.2602 98.6835 98.4104 101.7753 126.5513 113.0949 101.4688 109.4829 115.9933 119.317 129.3356 152.841 159.5239 175.6618 202.5734 266.2259 233.9197 223.4592 224.5774 257.0948 252.1455 242.463 258.5063 221.6458 190.4875 181.9896 187.0482 184.4379 168.4267 194.352 146.1567 137.6067 147.7592 188.6452 253.5793 258.1029 274.9635 264.4183 225.5652 200.6463 214.9177 252.9761 205.9916 263.7288 255.3438 222.5644 247.3866 259.8528 237.9986 216.8849 194.4443 224.9479 256.476 253.9682 248.1936 255.7432 245.4243 221.4301 243.2246 250.2633
232.9204 217.5374 203.592 169.3203 125.8634 104.6619 100.1949 101.5489 99.5405 103.0131 99.0032 106.0911 109.2378 122.2972 139.2275 148.6109 167.9585 172.9096 226.1559 212.5352 258.1024 207.7012 259.7132 264.987 198.4818 248.7534 255.6761 246.519 233.6152 221.1116 228.4365 219.8808 187.5679 166.5648 141.6009 141.0877 148.3488 198.8393 236.532 259.0656 262.111 262.0962 243.0917 207.5654 198.8336 202.4389 255.5347 252.4684 249.452 237.5177 238.9198 247.113 220.6319 187.8189 231.0759 246.0629 251.3347 231.6604 246.5749 248.5829 241.6727 198.0966 219.2242
249.6885 195.7736 190.172 172.1709 193.2439 169.085 133.9238 102.0758 104.2572 106.5477 104.487 98.6071 100.0305 98.5125 114.87 136.0322 148.1608 161.6022 192.3731 188.8219 226.277 224.5872 200.6001 246.0369 189.6607 229.9265 231.0241 251.9157 224.0348 214.033 226.8473 215.7256 200.1289 182.3082 140.7435 137.2933 135.9695 181.9884 200.0422 230.6513 249.5687 257.5743 251.5 247.2723 223.075 192.4985 206.9118 236.8195 206.1341 215.5263 247.4457 251.4777 235.5736 190.806 202.9265 243.7942 239.5884 214.1605 235.457 249.229 241.1857 245.198 234.3795
265.5062 242.6804 222.6813 199.9596 200.2876 162.5443 163.4901 110.263 107.3695 101.2645 95.8171 101.6558 94.7666 92.8909 100.5493 100.9467 109.0779 124.9831 157.9872 161.3389 204.9719 227.4811 238.2744 206.7976 175.39 223.5604 203.6346 251.3467 235.3094 241.4886 242.5133 218.3705 198.8968 183.1334 159.1631 137.0452 134.3205 138.0022 216.0561 167.5708 241.7314 253.9162 245.9174 241.3708 244.7876 241.0228 193.5039 188.63 228.4348 221.0008 258.9288 231.2902 253.2299 235.9938 183.4592 217.6595 249.9511 233.9828 226.5197 245.2518 230.7052 224.8873 243.751
217.3951 198.1462 187.0645 228.7671 241.8331 214.3947 218.6223 173.3693 133.0587 99.6278 98.3988 99.968 101.2149 97.5482 106.3955 91.6405 91.877 107.294 120.1749 136.312 155.4589 168.1757 211.4187 227.1754 223.0739 180.1225 230.2451 219.4732 230.7136 260.5497 234.3883 216.4684 190.6783 183.1298 178.7208 144.1366 132.0398 133.4152 149.0284 185.5182 200.9536 246.3022 248.1255 242.7298 235.8023 236.4307 228.7246 207.4062 186.6769 218.9133 239.4002 230.3716 217.8979 220.5135 187.0695 183.5165 226.0323 249.4344 211.4249 213.9576 238.883 232.5451 225.2278
222.9079 253.9538 233.6281 198.0983 179.6232 200.948 216.313 203.1758 187.9198 125.3537 104.1836 101.6913 94.4694 100.7739 106.0901 98.6694 92.1889 94.6301 98.5199 109.8162 141.343 151.374 157.9988 190.3025 239.7249 196.3183 201.0331 201.361 212.9784 229.6955 234.4166 213.3583 211.4538 183.4238 191.2845 164.3765 133.4984 128.1863 132.6791 180.2634 234.9025 230.7784 238.0063 229.2065 232.6931 249.4078 220.7852 228.6567 184.1118 183.7719 229.8382 235.2766 239.8751 237.6986 231.7526 200.2331 174.1748 223.7763 223.3005 186.3351 236.5487 231.4337 216.7628
152.1212 211.4229 214.1353 243.9431 222.6965 180.2373 152.5748 194.5322 203.1035 193.0742 204.3161 173.0472 118.2711 106.9587 100.6033 96 97.8682 101.5784 106.6017 95.1364 97.4645 125.6332 147.0728 157.1367 209.3335 206.4089 154.5628 191.7961 248.9853 247.5291 227.2331 181.1632 181.9675 157.0229 152.681 164.8876 141.7007 129.2235 126.1438 159.6577 234.0609 240.8129 232.9896 222.2358 234.0404 254.0556 249.6298 229.5886 219.1045 191.0511 181.17 210.1384 223.6858 225.623 238.5966 231.5665 171.9717 185.2306 223.5244 218.0738 193.6857 239.2188 233.9956
148.3681 134.751 104.3509 147.0643 152.4821 206.3982 211.5594 181.9327 167.4552 151.2728 145.8295 135.856 134.4084 125.2304 100.4042 101.2913 93.04 92.7105 102.5333 94.4591 95.2985 95.6253 119.9913 127.7012 150.8993 186.1779 206.104 160.2236 174.3061 198.2819 212.1079 193.7744 199.1176 180.6134 161.2761 156.0165 148.5597 115.2428 122.5775 136.7676 225.1373 234.2939 238.0092 222.9853 234.2136 233.314 239.3882 228.2242 228.5703 202.6822 171.8439 175.874 206.3186 185.7234 239.7817 231.6216 216.4567 181.4105 179.655 196.0043 189.4228 213.442 222.0223
