MapLib/Lvl1_5x5/BG/Ele_BG_EC.asc
ncols         557
nrows         557
xllcorner     1113500
yllcorner     3894669.448
cellsize      1000
nodata_value  -9999.0
[rows 224 to 251 of 557, columns 0 to 62 of 557]
-445.6885 -451.6218 -453.932 -455.4438 -454.9879 -453.4446 -449.0231 -442.8704 -435.1911 -422.989 -408.8453 -391.7033 -374.1169 -354.1307 -334.2139 -323.8233 -318.9349 -335.694 -356.143 -383.175 -408.117 -429.9761 -448.4477 -463.2 -473.0554 -479.9496 -484.0543 -487.2607 -489.4761 -490.7741 -491.6453 -492.2491 -493.0304 -494.3107 -497.0009 -500.6003 -504.6652 -510.2521 -516.7136 -522.8433 -527.5337 -531.4395 -533.7728 -530.6634 -526.3889 -520.9118 -513.9316 -504.8555 -497.18 -489.7307 -482.3115 -475.0434 -469.5514 -465.4495 -462.1714 -460.1248 -458.8293 -457.0317 -454.9797 -452.1954 -448.5999 -445.1514 -442.6293
-463.6 -468.0054 -470.2846 -471.4907 -469.5034 -466.3797 -462.8609 -457.1042 -449.7762 -441.0489 -431.8649 -421.6293 -410.9226 -395.2589 -379.269 -372.4257 -367.9771 -375.0936 -386.0792 -403.0473 -419.3626 -434.878 -447.3332 -458.0103 -463.8039 -467.9659 -468.7076 -468.5267 -466.3078 -463.8012 -461.3847 -459.4556 -459.7478 -460.7843 -463.247 -467.5637 -472.7415 -479.5439 -487.3288 -494.4973 -501.6951 -506.1431 -509.334 -506.491 -501.9154 -494.5694 -487.2531 -479.3206 -472.1841 -464.3388 -457.1021 -449.3405 -443.8463 -439.265 -438.5641 -438.1717 -439.6834 -441.3109 -441.9384 -442.1611 -441.285 -439.9214 -437.6699
-477.5087 -481.6068 -486.5211 -490.063 -486.7788 -483.15 -478.2255 -472.0606 -462.8674 -455.5909 -449.6122 -445.9494 -443.5725 -431.9459 -419.2477 -415.7883 -413.5189 -414.4143 -417.4206 -425.7503 -434.5701 -441.6699 -447.4512 -452.2949 -453.878 -453.7888 -452.1093 -448.78 -442.8609 -436.2882 -430.6971 -425.8643 -424.5916 -424.7223 -427.1183 -431.2249 -437.7659 -445.001 -453.1894 -462.3484 -471.5929 -477.566 -481.5346 -479.194 -474.9092 -465.8464 -458.0717 -452.5427 -445.3637 -438.479 -430.0589 -422.386 -416.8409 -411.9894 -413.6853 -417.0837 -421.2838 -425.5974 -429.9106 -433.1997 -435.2217 -435.0333 -434.3911
-489.6868 -496.7323 -504.8792 -512.3571 -510.3778 -506.9875 -499.177 -489.1948 -476.0842 -466.3828 -460.5574 -459.5671 -460.968 -454.8087 -446.9472 -447.4517 -447.7381 -444.8989 -443.928 -445.9596 -447.5389 -448.6288 -448.2615 -447.2417 -444.6835 -441.266 -435.7786 -429.2737 -420.9963 -412.1533 -403.3228 -396.8858 -394.0052 -393.2347 -393.8001 -398.1349 -405.0916 -413.1735 -422.4307 -433.1939 -444.5051 -451.7294 -456.259 -454.8317 -450.4648 -441.2238 -434.0013 -428.6799 -422.0352 -414.7328 -406.4723 -398.2751 -392.5189 -388.1661 -392.2449 -396.9965 -404.6074 -411.9655 -419.1534 -424.4722 -429.1583 -431.0373 -430.6915
-500.1273 -512.7593 -526.3107 -538.7385 -541.0549 -539.3022 -525.733 -509.0297 -488.4597 -472.9307 -462.097 -457.6152 -456.3317 -457.0688 -457.9183 -462.1357 -465.1846 -464.4911 -463.4096 -461.7523 -459.2971 -455.114 -449.7443 -444.1197 -437.0281 -429.6661 -420.8156 -411.2715 -401.7426 -391.9311 -382.83 -374.506 -370.1427 -367.2277 -366.1434 -369.7211 -377.308 -386.3627 -396.3582 -408.271 -420.1792 -428.058 -434.5193 -433.8863 -430.923 -423.7625 -416.7941 -410.3909 -402.5118 -393.9165 -385.5388 -377.5289 -372.1058 -368.8353 -373.8768 -380.8333 -391.1183 -400.9051 -409.3709 -416.6138 -422.8028 -426.0588 -426.2944
-505.6917 -522.734 -541.8478 -559.7176 -569.091 -570.6599 -549.1722 -524.2408 -495.4898 -474.1945 -458.088 -450.1976 -446.2477 -452.1139 -460.4966 -469.2023 -476.4046 -477.6238 -477.326 -474.0555 -469.0876 -461.1525 -451.9469 -442.3177 -432.5699 -422.6943 -410.4474 -399.0758 -388.5929 -378.7813 -368.9698 -360.0279 -354.8615 -350.1816 -347.0341 -349.6996 -357.8741 -367.0351 -376.8923 -389.2908 -401.7417 -410.713 -417.1743 -417.1462 -415.2083 -409.4737 -402.9326 -396.2852 -388.1312 -378.9824 -370.7538 -363.1523 -357.8371 -353.8361 -360.8542 -369.1869 -380.6337 -391.6651 -400.4841 -408.6604 -416.4693 -420.2283 -421.268
-506.6803 -526.4009 -552.0091 -577.4809 -594.9456 -600.4091 -569.5001 -535.8994 -498.2516 -470.2113 -450.3453 -438.3297 -431.2247 -442.0474 -456.4816 -470.169 -481.8933 -485.7628 -486.7488 -482.7289 -476.391 -466.848 -455.9684 -442.8182 -430.8032 -418.3825 -404.3847 -390.8995 -380.9564 -371.6051 -361.2223 -351.8517 -346.6852 -340.6224 -334.3193 -336.2432 -345.7752 -354.1043 -362.5578 -374.5735 -387.6286 -396.6309 -403.4695 -403.743 -402.6959 -397.7901 -392.3105 -385.4859 -377.0658 -367.9481 -359.9084 -353.3407 -346.8921 -342.3893 -350.7518 -360.5154 -373.2085 -384.4752 -392.3078 -400.8519 -409.824 -414.6873 -415.5675
-502.0935 -519.6013 -547.3229 -575.5402 -594.1055 -600.8002 -570.0496 -535.2551 -495.2043 -465.7921 -444.5338 -433.9835 -427.918 -439.4606 -454.7029 -470.3499 -483.4297 -489.1234 -491.7792 -488.0927 -482.1767 -472.4833 -460.5624 -447.4803 -434.3983 -421.3162 -407.6762 -394.7402 -385.164 -375.5768 -365.8111 -357.7185 -351.7536 -345.9738 -340.7634 -342.2398 -348.3464 -355.2493 -362.618 -372.1102 -382.4878 -389.6338 -394.9338 -395.0236 -393.6396 -389.4971 -384.7027 -378.2857 -371.9334 -364.8423 -358.4372 -352.6662 -347.9967 -344.2556 -350.8009 -357.9607 -368.0178 -377.0751 -384.3226 -392.1795 -400.0365 -405.6547 -409.2587
-494.2908 -509.1363 -536.236 -564.0934 -581.4851 -587.7579 -561.0396 -529.2319 -490.2985 -460.8864 -439.628 -431.1187 -429.0647 -440.3845 -454.6445 -470.1053 -483.704 -490.7388 -494.7269 -492.1679 -486.2519 -477.3891 -466.3994 -454.0214 -440.9393 -427.9055 -415.6057 -404.0114 -394.1999 -385.0555 -376.6418 -368.4655 -361.9636 -357.6498 -355.7374 -355.9551 -357.2523 -362.0469 -368.6416 -375.4597 -381.8604 -385.821 -388.5112 -387.2686 -385.5697 -382.1514 -378.4824 -373.4352 -369.2185 -365.0872 -360.8025 -356.4141 -353.902 -352.1789 -354.9656 -358.3867 -364.3432 -370.2232 -376.9516 -383.7597 -388.9426 -394.8957 -402.0024
-482.2114 -487.7139 -513.8546 -541.4929 -560.2424 -567.2971 -541.133 -510.7195 -474.3044 -449.3409 -433.5887 -429.6108 -430.7451 -441.946 -455.1359 -470.3499 -483.704 -490.4496 -493.5342 -492.1559 -487.4727 -479.8804 -470.4833 -459.8842 -448.369 -437.388 -426.5871 -416.426 -405.4941 -394.799 -386.7319 -379.3769 -370.5692 -366.3942 -367.9313 -367.0566 -363.4433 -368.1206 -376.5948 -381.7408 -385.2979 -386.5845 -386.6006 -383.0829 -379.3466 -376.0761 -372.9912 -371.0166 -369.1768 -367.769 -364.5788 -361.5155 -361.6368 -363.1885 -364.0515 -364.979 -366.6656 -371.4295 -382.4685 -387.8769 -385.5918 -390.5987 -400.1719
-469.4521 -466.0049 -489.6692 -516.2384 -535.9183 -544.529 -517.9722 -489.3018 -456.9192 -437.2104 -427.5748 -427.3925 -432.2983 -443.3792 -455.5244 -470.1478 -483.4675 -489.625 -492.6969 -491.4752 -488.1524 -481.7296 -474.0003 -465.1416 -455.7077 -446.1078 -437.8363 -428.9017 -416.2962 -404.2436 -396.7119 -388.2769 -377.3132 -372.4686 -376.957 -374.6564 -367.2468 -373.162 -384.109 -387.8843 -389.1604 -387.8564 -385.1984 -379.371 -374.529 -371.1704 -368.6969 -367.7979 -369.0683 -370.6969 -368.9128 -366.2812 -369.6726 -374.8234 -374.0208 -372.7043 -371.9853 -375.7446 -392.0197 -396.3914 -385.9062 -387.6324 -399.7219
-470.0295 -463.9167 -474.973 -487.1634 -495.6185 -498.1019 -481.1833 -463.3298 -443.1859 -430.4788 -424.2708 -425.7572 -430.663 -441.4236 -453.7742 -466.3578 -478.9034 -484.7016 -487.7911 -486.7911 -484.1456 -478.459 -472.6142 -465.8496 -458.9334 -451.903 -442.9678 -431.6883 -416.3612 -401.1874 -389.7395 -378.0836 -365.2034 -355.591 -352.1834 -351.1347 -352.8424 -362.3795 -374.9776 -385.2403 -392.1876 -388.9646 -383.6913 -377.2928 -371.1434 -366.4389 -363.7911 -363.8159 -364.7038 -365.7911 -364.8516 -363.5274 -370.0502 -378.626 -382.1335 -385.4099 -388.6671 -397.4476 -423.0327 -430.5398 -414.9592 -406.9387 -404.3564
-471.8596 -464.1936 -461.6829 -459.6238 -456.3501 -452.0992 -445.365 -438.6123 -430.5066 -425.4295 -422.1381 -424.329 -428.1021 -439.3186 -451.5362 -463.5673 -473.865 -479.7984 -482.5138 -481.4221 -478.4967 -473.7831 -469.2091 -465.4436 -461.517 -456.4742 -447.5187 -435.3274 -416.4376 -396.6713 -382.0327 -367.3153 -353.5287 -341.123 -331.6668 -332.9986 -344.0542 -356.7117 -370.0745 -383.8306 -395.3979 -390.1779 -382.5701 -375.7722 -369.6832 -363.4066 -360.1481 -361.0125 -361.3716 -362.1804 -361.7431 -361.3179 -370.2915 -381.1865 -389.5175 -396.4919 -401.8177 -414.6963 -445.5202 -453.0655 -429.4813 -411.507 -397.1613
-475.9535 -466.1364 -451.9395 -437.2557 -423.4099 -413.5496 -415.872 -419.1685 -422.2198 -422.9925 -423.0104 -425.1645 -427.5941 -438.4803 -452.4217 -462.934 -471.6748 -474.932 -475.9712 -473.7177 -470.3196 -465.9317 -462.8204 -461.1905 -459.9921 -459.7752 -453.2517 -442.7575 -416.6509 -390.1826 -373.8564 -360.0146 -349.9604 -342.8763 -341.2745 -348.7699 -363.4629 -376.5403 -387.9762 -395.8555 -400.0221 -391.6773 -382.7126 -379.0315 -375.2525 -366.199 -362.0068 -362.0471 -363.6804 -365.3179 -366.0136 -365.5992 -375.4908 -386.9376 -393.9394 -400.0052 -399.9881 -406.7571 -431.1836 -425.1296 -379.8861 -354.2553 -343.824
-478.9971 -466.795 -444.5258 -421.7706 -401.3582 -388.1966 -396.3729 -405.9733 -416.7186 -423.6841 -427.1351 -429.1226 -431.8078 -442.3327 -454.9449 -463.7065 -470.886 -470.7312 -469.2091 -465.1382 -461.3839 -457.4235 -455.7351 -455.9374 -457.5616 -460.3163 -458.8976 -452.4182 -421.9183 -390.5074 -372.5924 -359.1228 -352.6521 -350.5069 -354.8274 -365.4108 -381.1609 -391.0245 -398.2173 -399.8033 -398.1025 -388.0857 -377.576 -376.3707 -373.0955 -363.774 -358.5055 -358.2213 -359.1298 -360.6882 -360.9372 -361.7177 -369.9885 -380.3853 -387.4277 -392.4958 -390.544 -393.1946 -406.6553 -390.5671 -334.9523 -305.2571 -294.9809
-480.5891 -464.378 -440.4599 -416.2838 -398.7495 -386.9443 -394.6671 -403.8835 -418.1417 -428.3492 -435.6505 -441.3616 -445.8953 -454.7082 -463.578 -468.0303 -471.5012 -467.5065 -462.5532 -455.5587 -450.5724 -448.4453 -448.043 -449.8967 -453.131 -456.6519 -463.5426 -465.4574 -437.5318 -406.1871 -384.5532 -369.7234 -365.3488 -365.9942 -372.1523 -379.8957 -388.5322 -391.6691 -391.6274 -387.9396 -381.7161 -371.6712 -362.1771 -359.5973 -356.1031 -349.1737 -343.995 -341.9063 -339.8175 -338.7287 -337.84 -338.2554 -343.2773 -350.7657 -359.4001 -367.3496 -369.0077 -370.3525 -370.5915 -351.9362 -310.0811 -281.9043 -263.7846
-481.969 -463.2402 -438.7964 -415.1632 -400.9579 -391.9749 -399.4177 -409.6559 -424.953 -437.6647 -446.5174 -453.9588 -460.4299 -466.6819 -472.552 -474.3302 -473.4918 -466.1176 -458.6761 -451.0796 -446.2364 -444.011 -444.2397 -446.6626 -449.9701 -453.4654 -461.8235 -466.5381 -443.7141 -416.6983 -395.4953 -380.2576 -378.7958 -380.9141 -389.0226 -392.4084 -392.8328 -388.5692 -381.3737 -373.1555 -364.9393 -354.406 -345.5316 -342.4257 -338.4901 -332.8211 -327.3498 -322.038 -316.6647 -311.4095 -307.8908 -306.9231 -309.2756 -312.8086 -324.4618 -335.2604 -340.7743 -342.7093 -334.708 -316.8703 -287.2179 -261.9722 -240.1342
-484.0553 -464.3596 -440.8398 -417.6461 -408.0127 -402.5998 -410.7761 -422.6176 -438.8532 -451.2946 -460.8162 -468.0408 -474.5818 -478.2112 -480.7392 -481.0582 -478.5987 -467.7177 -458.0069 -452.9432 -449.332 -446.2953 -445 -444.9246 -447.2979 -450.531 -452.0558 -450.8848 -436.6348 -419.795 -402.8699 -391.4153 -391.8877 -395.6314 -403.8077 -402.9279 -395.2219 -382.1911 -368.2287 -357.7895 -347.9998 -336.4182 -326.6863 -325.5215 -323.0096 -316.0504 -307.9431 -299.1429 -289.3377 -278.7362 -271.5868 -267.3873 -266.641 -267.4357 -281.5792 -295.61 -305.9779 -310.4477 -300.3658 -286.3791 -266.7209 -246.4262 -225.0637
-484.5199 -463.1129 -442.8985 -423.6158 -417.5422 -415.895 -427.1127 -439.9917 -455.3428 -466.3204 -474.0142 -478.3488 -481.856 -483.9735 -486.0999 -484.2945 -480.5561 -469.5294 -460.0329 -455.8279 -452.5809 -450.0322 -448.7045 -447.7617 -448.2402 -450.1143 -447.6133 -443.2339 -434.2167 -423.1722 -410.0833 -401.4897 -401.7324 -403.7354 -408.6758 -404.468 -393.0916 -378.9466 -363.2099 -351.6471 -342.1819 -331.8921 -322.445 -320.552 -316.6794 -308.044 -295.7554 -280.8466 -264.6845 -247.286 -237.5799 -230.8557 -229.3764 -230.3664 -243.487 -257.4623 -267.588 -272.3369 -264.8718 -255.3238 -243.8406 -228.7451 -212.4724
-483.4138 -460.6605 -445.1786 -431.9944 -429.9317 -431.4779 -446.7069 -460.7398 -473.9373 -482.1147 -486.2308 -485.987 -484.1461 -485.2534 -487.6778 -484.5354 -480.296 -471.9424 -464.1208 -458.6952 -455.6582 -455.3611 -454.4274 -453.4858 -452.109 -450.8838 -447.0458 -441.8672 -434.976 -426.605 -417.8245 -410.4828 -408.6786 -406.5475 -405.5063 -399.0808 -389.0417 -376.79 -363.7274 -354.0598 -344.7769 -336.5258 -329.6878 -325.0664 -318.8177 -306.7959 -289.386 -265.1468 -241.509 -217.6736 -204.9242 -196.9857 -196.8429 -199.1699 -209.1784 -218.8437 -225.6818 -230.2662 -228.1483 -224.486 -218.8708 -211.2192 -201.3335
-498.2831 -471.4422 -463.2695 -456.7951 -450.9072 -450.8065 -471.1113 -486.3404 -493.551 -497.9667 -498.9181 -496.9209 -494.3922 -491.386 -488.5877 -491.9611 -493.4403 -485.1203 -477.0909 -471.6617 -467.3079 -463.1891 -460.593 -458.216 -455.2926 -451.852 -448.0669 -443.5927 -437.0517 -429.9115 -422.7353 -416.2983 -411.4393 -407.0623 -401.4148 -394.5858 -386.2916 -377.2218 -367.6057 -359.4876 -352.3738 -346.3872 -340.199 -334.2044 -325.6397 -311.8159 -288.7934 -255.0293 -221.9648 -191.3557 -176.0171 -169.9645 -171.7331 -176.177 -182.8342 -188.8687 -191.4068 -193.6493 -194.9375 -194.6635 -193.5826 -191.2551 -188.2864
-522.1647 -489.7389 -488.4291 -489.252 -476.8606 -473.5687 -497.6041 -513.2557 -513.7308 -512.5598 -510.7792 -509.0875 -507.378 -499.4787 -490.4217 -501.6443 -511.1788 -502.1436 -492.6979 -487.438 -480.7686 -472.5034 -466.543 -462.3548 -457.605 -452.706 -449.4355 -445.8364 -439.1742 -432.6035 -426.1513 -419.6103 -413.0692 -405.3881 -397.1429 -390.3938 -384.9092 -378.453 -372.3173 -366.5444 -361.6835 -357.7975 -352.8846 -344.848 -334.8751 -318.2319 -289.9384 -245.6779 -204.4398 -166.6586 -150.5593 -146.752 -151.1105 -156.8112 -160.1186 -161.9955 -160.9778 -160.6719 -163.7774 -165.4126 -167.959 -170.604 -173.5073
-581.8439 -557.1345 -550.6143 -545.715 -529.8135 -520.438 -531.1251 -534.4614 -524.8191 -518.6603 -514.6656 -511.671 -508.6211 -500.3898 -490.9932 -498.6634 -504.4314 -498.4883 -491.9937 -487.812 -481.1426 -472.6905 -465.7085 -459.6186 -454.1362 -448.7114 -445.4409 -442.0797 -437.6601 -432.3132 -426.508 -421.1511 -414.7045 -407.7474 -399.3572 -392.643 -387.3105 -382.2168 -377.2231 -373.0064 -369.5607 -365.4521 -360.4666 -349.8592 -336.2788 -313.7347 -282.7857 -237.5016 -196.6229 -158.9625 -142.0528 -136.5377 -139.4375 -145.1485 -147.1358 -147.7314 -144.7048 -143.0338 -143.0249 -142.7675 -143.9428 -147.5917 -153.2742
-631.2742 -620.2149 -609.104 -597.3274 -579.5975 -564.6342 -560.8214 -551.2198 -532.7068 -521.0748 -516.222 -511.088 -506.3943 -498.5904 -489.9416 -491.1071 -492.2064 -489.5236 -486.9804 -482.552 -477.0352 -469.8535 -462.2577 -454.9075 -449.023 -443.8056 -440.2859 -437.0233 -433.9941 -430.2983 -426.5312 -422.3911 -416.5212 -410.1581 -403.1203 -396.6985 -390.581 -385.6752 -381.0859 -378.425 -375.5448 -371.9149 -366.072 -352.3883 -334.1874 -307.4356 -273.5867 -230.4373 -191.1343 -155.1637 -137.943 -130.7009 -132.5546 -136.3312 -137.9485 -138.008 -134.4197 -130.5121 -126.074 -122.8726 -121.2903 -124.9648 -132.5004
-589.3179 -607.212 -602.8289 -594.3052 -579.5742 -566.9606 -562.0461 -551.7725 -535.4058 -523.524 -515.3565 -507.358 -500.8213 -491.4166 -481.8221 -478.3411 -477.0518 -477.043 -476.4283 -473.539 -469.382 -462.9585 -456.4113 -449.0823 -443.1735 -438.842 -434.631 -430.6928 -429.0524 -427.4116 -425.7697 -422.3911 -418.4799 -413.568 -407.8822 -401.3412 -394.8004 -388.9457 -383.3618 -380.0912 -376.2422 -372.5556 -365.8597 -349.0887 -328.8456 -301.0463 -268.0514 -227.2003 -189.287 -155.5177 -139.2315 -133.2618 -134.4094 -137.6799 -137.9946 -136.6526 -131.7508 -125.6915 -115.8976 -108.0759 -102.1842 -104.7011 -114.4316
-534.7148 -573.3671 -576.6676 -575.2618 -568.0477 -561.3672 -555.2633 -546.9203 -537.3232 -526.0293 -513.7876 -504.5475 -495.8675 -484.421 -471.6396 -466.7339 -463.4353 -464.8266 -466.2392 -464.2338 -461.3904 -456.8848 -451.1308 -443.8022 -438.4716 -434.2173 -429.6601 -426.2899 -424.763 -424.5185 -424.1357 -422.5005 -419.4915 -415.6678 -411.3036 -405.3584 -397.4462 -390.9051 -384.8513 -378.9155 -374.3494 -369.0439 -360.5356 -342.4902 -321.1254 -294.3561 -263.6694 -226.896 -192.0142 -159.6858 -145.2206 -139.8977 -140.4373 -141.8324 -139.9571 -137.2095 -131.2737 -123.0361 -109.5539 -97.4124 -88.4658 -90.0445 -100.5806
-498.591 -522.325 -531.0714 -538.2841 -550.6034 -556.3651 -541.9822 -534.9754 -538.6704 -531.1768 -513.5516 -502.9559 -495.0011 -480.5889 -464.7472 -460.7935 -458.4697 -459.187 -460.0424 -458.958 -456.6747 -453.4355 -449.1659 -443.6372 -437.8845 -432.8684 -428.6548 -424.4062 -422.771 -422.576 -421.7348 -420.8652 -418.8589 -415.7197 -411.6737 -405.9466 -398.7703 -390.5941 -383.0687 -374.4588 -366.6933 -356.856 -345.4886 -328.1935 -309.1208 -286.1 -259.95 -230.2057 -202.6621 -177.8183 -162.5607 -154.2 -150.5347 -147.411 -143.5795 -138.6861 -130.8626 -121.2579 -107.5622 -95.968 -87.8821 -89.6026 -98.2265
-470.3481 -479.9069 -491.1773 -504.0385 -527.4155 -542.465 -528.8943 -523.962 -535.3091 -533.7947 -520.0045 -510.2975 -502.2044 -485.1259 -467.1353 -462.1906 -458.494 -457.0215 -456.1383 -454.9526 -453.3174 -451.0654 -447.7797 -443.6372 -438.6893 -432.8257 -427.9199 -423.6714 -422.0361 -420.5005 -419.8885 -419.1126 -417.5947 -414.8192 -411.4715 -406.3164 -399.6707 -390.8811 -381.2009 -370.5324 -359.6615 -345.4196 -330.1648 -314.8203 -298.0489 -278.9502 -257.5408 -235.2523 -214.3076 -195.6268 -180.4819 -167.2943 -159.4937 -152.4042 -145.9782 -139.3167 -130.2694 -119.9705 -106.8273 -96.3072 -89.732 -91.4448 -98.7135
