MapLib/Lvl1_5x5/BG/Ele_BG_BD.asc
ncols         557
nrows         557
xllcorner     1670500
yllcorner     5565669.448
cellsize      1000
nodata_value  -9999.0
[rows 29 to 57 of 557, columns 132 to 197 of 557]
-44.3582 -44.3582 -44.3582 -44.3582 -44.3582 -44 -44 -44 -44 -43.1482 -42.5004 -43 -43.182 -42.3582 -42.3582 -42.3582 -43 -43 -43 -43.3363 -43 -42.7906 -42 -42 -42 -42 -41.7525 -41 -40.5789 -40.0668 -39.3582 -37.7963 -36.8028 -36 -35 -35 -35 -35 -34.6418 -34.2285 -34 -34 -34 -34 -34.5264 -35 -35 -35 -35 -34.643 -33.01 -32.3747 -31.3185 -30.9868 -31.6418 -31.6418 -32.6418 -32.6418 -32.6418 -32.6418 -32.6418 -32.6418 -32.6418 -32.6418 -32.6418 -32.6418
-45 -45 -44.8614 -44.0065 -44.0065 -43.0065 -42.3304 -42.013 -42.013 -42.0092 -41.2331 -42.0065 -42.0098 -41.013 -41.013 -41.013 -41.013 -41.013 -41.3146 -42.0126 -41.013 -41.0117 -41.0065 -40.013 -40.013 -40.013 -40.013 -40.0065 -40.0065 -39.7151 -39.0065 -38.4381 -36.8028 -36 -35 -34.0065 -34.0065 -33.013 -33.0065 -32.3667 -32.013 -32.013 -33.0065 -33.0065 -33.0065 -34.0065 -34.0065 -34.0065 -34.0065 -33.01 -32.3682 -31.0048 -30.0977 -30 -31 -31 -31.0065 -31.0065 -31.0065 -31.0065 -31.0065 -31.0065 -31.0065 -31.0065 -31.0065 -31.0065
-45 -44.683 -44 -43.5129 -42.3713 -41.326 -40.3713 -39.4267 -38.7425 -39.3713 -39.3713 -38.8326 -38.7425 -39.3713 -38.8918 -38.1211 -37.7633 -38.3713 -38.7425 -38.7425 -38.5294 -38.3713 -38.3713 -38.3713 -38.3713 -38.3713 -38.3713 -38.3713 -38.3713 -38.3713 -38.3713 -37.6467 -36.8028 -36 -34.5323 -33.2683 -31.633 -30.9978 -30.3713 -30.3713 -30.3713 -30.3713 -30.5754 -31.3713 -31.3713 -32.3713 -32.3713 -32.3713 -32.3713 -32.3713 -31.1367 -30.8321 -30.0363 -30 -30 -30 -30.3713 -30.3713 -30.3713 -30.3713 -30.3713 -30.3713 -30.3713 -30.3713 -30.3713 -30.3713
-45 -44.4958 -43.8605 -42.7955 -41.59 -40.9547 -40 -39.264 -39.0129 -39.264 -39.264 -39.0378 -39 -39 -38.2374 -37.7072 -37.2796 -37.736 -37.736 -37.736 -37 -36.9447 -36.736 -36.736 -36.736 -36.736 -36.8378 -37 -37 -37 -37 -36.1741 -35.5388 -34.736 -33.2683 -31.6602 -30.8051 -29.4611 -28.736 -28.736 -28.736 -28.736 -28.736 -29.736 -30.5563 -30.8563 -31 -31 -31 -31 -30.736 -30 -30 -30 -29.736 -29.1412 -29 -29 -29 -29 -29 -29 -29 -29 -28.8613 -28.736
-45 -44.4958 -43.0867 -42.2253 -41.0594 -40.9547 -40 -40 -39.9042 -40 -40 -39.9137 -39.8993 -39 -38.9232 -38 -37.9669 -37 -37 -37 -36.4837 -36.0797 -35.2405 -35.1007 -35.1007 -35.1007 -36.0389 -36.1007 -36.1007 -36.1007 -36.1007 -35.0441 -33.9036 -33.1007 -31.633 -30.9074 -29.3625 -28.6642 -27.9921 -27.1007 -27.1007 -27.1007 -27.5951 -28.1007 -28.921 -30.0459 -30.1007 -30.1007 -30.1007 -30.1007 -30 -30 -30 -29.5166 -29 -28.2733 -28.1007 -28.1007 -28.1007 -28.1007 -28.1007 -28.1007 -28.1007 -28.1007 -27.5753 -27.1007
-45 -44.7653 -44 -43.6394 -43.3437 -42.5345 -42.2177 -41.5345 -41.5345 -41.5345 -41 -41 -40.771 -39.9407 -39.1269 -38 -37.9669 -37 -36.8377 -36.4655 -35.6931 -34.8881 -33.6209 -33.4655 -33.4655 -33.4655 -33.645 -33.931 -33.931 -33.931 -33.931 -32.9036 -32.2683 -31.4655 -30.2478 -29.4176 -28.6054 -27.8004 -27 -26.6558 -26.3355 -26 -26.4655 -27.0861 -27.4655 -28.4655 -28.417 -27.593 -27.4655 -27.4655 -27.4655 -27.4655 -27.4655 -26.931 -26.8505 -26.4655 -26.4655 -26.4655 -26.4655 -26.4655 -26.4655 -26.4655 -26.4655 -26.4655 -25.9401 -25.4655
-45 -45 -45 -45 -45 -44.9547 -44 -43.7378 -43.1698 -42.5132 -42 -42 -41.4217 -39.9784 -39.1971 -38 -37.8028 -37 -36.5782 -35.8406 -34.9025 -33.7906 -32.8566 -32 -32 -32 -31.8302 -31.8302 -31.8302 -31.8302 -31.8302 -31.1939 -30.633 -29.8302 -28.8302 -27.9825 -27.8302 -26.9366 -26.823 -26 -25.5984 -25 -25.4564 -26 -26.681 -26.8302 -26 -26 -25 -25 -25 -24.9547 -24.8302 -24.8302 -24.8302 -24.8302 -24.8302 -24.8302 -24.8302 -24.8302 -24.8302 -24.8302 -24.8302 -24.8302 -24.8302 -24
-45 -45 -45 -45 -45 -44.9912 -44.805 -44.5508 -44 -43.333 -42 -41.3103 -40.195 -39.8727 -39 -38 -37 -36.462 -35.7556 -35.0119 -34.083 -33.1542 -32.1554 -32 -31.9073 -31.195 -31 -30.195 -30.195 -29.9604 -29.3899 -29.195 -29.1565 -28.3299 -27.6235 -27.1749 -26.4057 -26.1222 -25.993 -25.195 -25 -25 -25 -25.195 -25.195 -26 -25.195 -25.195 -25 -25 -24.4914 -24.1429 -24 -24 -24 -24 -24 -24 -24 -24 -24 -24 -24 -24 -23.577 -23.195
-44.5597 -44.5597 -45 -45 -45 -44.9801 -44.5597 -44.5597 -44.5597 -43.2316 -42.3382 -41.0802 -40 -39 -39 -38 -37 -36.3317 -35.3066 -34.4745 -33.6787 -33 -32.1554 -32 -31 -31 -30 -29.9791 -29 -28.3966 -28 -28 -27.9132 -27.0938 -27 -26 -26 -25 -25 -25 -24.5597 -24.5597 -24.5597 -24.1194 -24.1194 -24.1194 -24.1194 -24.1194 -24.1194 -24.1194 -23.5597 -23.4102 -23 -23 -23 -23 -23 -23 -23 -23 -23 -23 -22.8878 -22.5597 -22.5597 -22.5597
-42.9245 -43.4287 -44 -44.7162 -45 -43.9966 -43.9245 -42.9761 -42.9245 -41.9557 -41 -40.1432 -40 -39 -39 -38 -37.073 -37 -36.0526 -35.1321 -34.4693 -33.7906 -32.2192 -32 -31 -31 -30 -29 -28.3438 -27.978 -27.0678 -27 -27 -27 -27 -26 -26 -25 -24.9993 -24.3291 -23.9245 -23.01 -22.3407 -21.6779 -20.8625 -19.8489 -20.8489 -20.8489 -21.2585 -21.8489 -21.9245 -21.9446 -22 -22 -22 -22 -22 -22 -22 -22 -22 -22 -22 -21.9328 -21.9245 -21.9245
-42 -42.5042 -43.2892 -43.8399 -44.2892 -43.2761 -42.5163 -42.1979 -41.324 -41.1196 -40.2892 -40.0414 -39.6502 -39 -39 -38 -37.9669 -37 -36.2014 -36 -34.5919 -33.2287 -32.3996 -31.2892 -30.9182 -30.2892 -29.7259 -28.9851 -28.0994 -27.2049 -27 -26.6006 -26.2892 -26.2892 -26.2892 -26 -25.4753 -25 -24.2867 -24 -22.8015 -22.0247 -21 -20 -19.1797 -18 -19 -19 -19.2892 -19.2892 -20.2892 -20.3664 -21.2198 -21.2892 -21.2892 -21.8636 -22 -21.9441 -21.2892 -21.2892 -21.2892 -21.7296 -22 -21.1098 -21 -21
-42 -42 -42.6539 -42.6539 -42.6539 -41.9843 -41.6539 -40.8907 -40.6539 -39.7971 -39.6539 -39.0936 -39 -39 -39 -38 -37.9669 -37 -36 -35.0611 -33.4259 -32.4446 -31.1016 -30.3401 -29.6539 -29.1632 -28.6539 -27.9928 -27.2248 -26.8992 -26.0479 -25.8055 -25.6539 -25.6539 -25.6539 -25 -25 -24.4097 -23.997 -23.2328 -22.4713 -21.0855 -20.8098 -20 -19.1797 -19 -18 -18 -18.6539 -18.6539 -18.6539 -18.6539 -18.6539 -19.4939 -20.113 -20.9336 -21 -20.9728 -20.6539 -19.8792 -19.6539 -20.8684 -21 -21.8902 -21.6564 -21
-41.0187 -41.0187 -41.0187 -41.0187 -41.0187 -40.0365 -40.0187 -39.7029 -39.0187 -39.0077 -39 -39 -39 -38.0187 -38.0187 -38 -37.0181 -37 -35.7021 -35.0011 -33.4259 -31.7906 -31 -29.5291 -28.887 -28.0187 -27.0187 -26.9978 -26.0187 -25.0319 -25.0187 -24.0269 -24.0187 -24.0187 -24.0187 -24.0187 -24.0187 -23.6335 -23.0185 -23 -22 -21.0855 -20.9897 -20 -19.1797 -18.553 -18 -18 -17.6455 -17.0187 -17.0187 -17.2808 -18 -18.01 -19.0187 -19.0338 -20.0187 -19.9401 -19.0187 -19.0122 -19 -20.0116 -21 -21.0166 -21.0187 -20.8423
-38.5145 -38.3834 -38.3834 -38.3834 -38.3834 -38.3834 -38.3834 -38.3834 -38.3834 -38.1586 -38 -38 -38 -37.3834 -37.3834 -38 -37 -36.3317 -35.6964 -35 -33.7799 -32.7906 -31.1554 -29.5201 -27.929 -26.633 -25.9978 -24.3834 -23.7273 -23.2038 -22.4115 -22.3834 -22.3834 -22.8967 -23.3834 -23.3834 -23.1004 -22.3834 -22.3801 -22 -22 -22 -21 -20 -19.1797 -18.2088 -17.3486 -17 -16.3834 -16.3834 -16.3834 -16.5481 -17 -17.2061 -17.3834 -17.3834 -17.3834 -18.3834 -18.3834 -19 -19 -19.7655 -20.0977 -20.3834 -20.182 -19.3834
-39.6017 -39.2518 -39 -38.4204 -38 -37.7143 -37 -36.7482 -36.7482 -36.7482 -36.7482 -36.7482 -36.7482 -36.6529 -36.5705 -36.7482 -35.9917 -35.2481 -34.521 -33.7636 -32.8554 -31.7906 -31 -29.5201 -27.9139 -26.5014 -25.6143 -23.9791 -22.8348 -21.9266 -21.0549 -21.4204 -21.7978 -22 -22.7482 -22 -21.8141 -21.4688 -20.9978 -20.7482 -20.7482 -20.7482 -20.3369 -19.6098 -19 -18 -17 -16.274 -15.909 -15.7482 -14.8409 -14.7482 -14.7482 -15.4964 -15.5399 -15.7482 -16 -16.7482 -16.7482 -17.0094 -17.4964 -17.7482 -17.7482 -17.7482 -17.6159 -17.3761
-41.8871 -41.3269 -39.8871 -39.1998 -38 -36.9599 -36.1129 -35.7199 -35.1129 -35.1129 -35.1129 -35.1129 -35.1129 -35.1129 -35.1129 -35.1129 -35.0798 -34.1129 -33.1129 -32.1741 -31.5388 -31.0893 -30.2507 -29.5201 -28.7849 -27.2496 -25.6143 -23.9791 -22.3438 -21.08 -20.178 -20.6114 -21.0223 -21.8514 -22 -21.1129 -21.0296 -20.1129 -20.1042 -19.1129 -19.1129 -19.1129 -19.1129 -19 -18.2724 -18 -16.9195 -16.0309 -15.0721 -15 -13.4811 -13.1129 -12.3125 -12.7027 -13.1324 -13.9427 -15.1129 -15.1129 -15.1129 -15.1129 -15.1129 -15.2258 -15.2258 -15.2258 -15.1665 -14.2258
-40.4777 -39.7145 -39.411 -38.5953 -38 -37 -36.3195 -35.6842 -35 -34.4777 -33.8843 -33.4777 -33.4777 -33.4112 -32.9553 -32.7653 -31.9553 -31.6361 -30.8103 -29.9873 -29.6811 -29.4777 -28.633 -27.9978 -27.3625 -25.7273 -24.7986 -23.9791 -22.3438 -21.8608 -21.0383 -21 -21 -21 -21.2543 -20.9462 -20.125 -19.2993 -18.4777 -17.8337 -17.4777 -17.4777 -16.9553 -16.867 -16.0492 -15.7377 -14.912 -14.0984 -13.4777 -12.4811 -11.8458 -11.4777 -11.4777 -11.4777 -11.4777 -11.8637 -12.4777 -12.4366 -11.9553 -11.9553 -11.9553 -12.4777 -12.4777 -12.0127 -11.4299 -10.3562
-38.1104 -38 -37.8424 -37.8424 -37.8424 -37.7971 -36.8424 -35.5764 -34.8501 -33.3485 -32.8424 -32.1206 -31.8424 -30.8424 -30.8424 -29.8424 -29.6569 -28.8424 -28.5388 -27.8424 -27.8424 -27.8094 -26.9733 -26.3625 -25.7273 -24.8424 -23.8424 -22.9967 -22.1862 -21.8424 -21.8424 -21.2805 -20.8424 -20.8424 -20.8424 -19.8424 -19.1042 -18.4689 -17.8337 -16.1984 -15.7984 -14.9144 -14.7558 -13.8132 -13.6848 -12.613 -12.4507 -11.5704 -11.1659 -10.5272 -9.995 -9.4851 -9.2274 -9.2968 -9.5 -9.3696 -9.212 -9.1582 -8.5272 -8.3696 -8.3696 -9.4673 -9.5272 -8.6371 -7.8442 -6.209
-37.311 -37.2071 -37 -36.3857 -36.2071 -36.1619 -35.2071 -34.2071 -33.2561 -32.5352 -31.8243 -31.2071 -30.6099 -29.8991 -28.6025 -27.8917 -27.2071 -27.2071 -26.3514 -26.2071 -26.2071 -25.3709 -25.2071 -24.3149 -24.092 -23.2071 -22.2071 -22.1862 -21.0712 -20.7689 -20.2071 -19.6452 -19.2071 -19.2071 -18.8363 -18.2071 -17.4689 -16.8337 -16.1984 -14.5632 -13.9279 -13.2072 -12.3004 -12.0221 -10.5568 -8.5271 -7.6215 -7.4711 -6.2601 -5.6215 -5.6215 -4.1426 -1.9263 -1.94 -3.6558 -2.1879 -1.8286 -1.9072 -2.8286 -1.8286 -1.8286 -3.4482 -4.4194 -3.6442 -2.096 -1.381
-36.5719 -36.5719 -35.5719 -35.5719 -34.5719 -34.5266 -33.5719 -32.5719 -31.6209 -30.9856 -30.477 -29.6538 -28.8624 -28.071 -26.8093 -26.1741 -25.5388 -24.5719 -24.5719 -24.5719 -24.2436 -23.5719 -23.5719 -22.5719 -21.9507 -21.5719 -20.8349 -20.551 -19.5719 -19.4052 -18.6033 -18.3313 -17.4875 -17.1438 -16.3717 -16.0408 -15.1438 -14.3422 -13.7069 -12.0717 -11.0083 -8.9816 -9.0948 -8.5307 -6.4263 -4.4552 -4.1438 -3.7286 -2.2106 -1.5719 -1.5719 4 4.5207 10.9783 8.8767 8.6817 7.3398 9.1767 10.3991 8.853 7.6916 7.2036 9.0965 10.6106 10.1689 7.4786
-34.9449 -34.9366 -33.9366 -33.9366 -32.9366 -32.8914 -31.9366 -31.6209 -30.9366 -29.9366 -28.7151 -27.0798 -26.4124 -25.8093 -24.9366 -24.5007 -23.9036 -22.9366 -22.9366 -22.9366 -22.9366 -22.7405 -21.9465 -21.4872 -20.9366 -20.1862 -19.551 -18.9366 -18.2805 -17.9366 -17.01 -16.3747 -15.6886 -14.8839 -13.4352 -12.7703 -11.1351 -9.4364 -7.8094 -7.1434 -4.2234 -1.1602 -1.5149 -3.6366 -2.105 -1 8.1599 12.465 12.1157 11.517 14.9311 15.2662 6.6682 11.3514 8.3584 12.8231 11.5329 12.6188 9.0077 13.1348 13.2985 8.3533 6.3914 6.3846 6.4317 6.2529
-34.0395 -34 -33 -33 -32 -31.9547 -31 -30.6842 -30 -28.5904 -27.7785 -26.1432 -24.6562 -24.263 -23.4673 -23 -22.2914 -22 -22 -22 -22 -21.8537 -21.0468 -20.6647 -19.9196 -19.0752 -17.9157 -17.3014 -16.6452 -16.0978 -15.3235 -14.4334 -13.1636 -11.7703 -9.9041 -8.8012 -7.1659 -4.5307 -2.8954 -1.9041 -1 5.0029 9.7553 8.8489 9.7264 5.4783 10.7018 7.1731 3 3 3 8.8805 7.1229 11.4823 8.9307 9.233 11.6753 12.219 9.7529 10.1041 8.9256 7.0999 10.1605 11.1055 6.6447 9.8542
-34 -34 -33 -33 -32 -31.9547 -31 -30.6842 -30 -28.4137 -27.7785 -26.1432 -24.5079 -23.8727 -23 -22.4011 -21.989 -21.2209 -21 -21 -21 -21 -20.718 -19.8398 -18.9616 -17.9157 -16.8712 -15.6661 -15.01 -14.3747 -13.3567 -12.1042 -10.9379 -7.3894 -4.5307 -2.9298 -1.8405 14.5465 17.1133 12.0116 9.1288 11.6539 8.6439 11.5587 3.2205 3 3 3.1136 3 3 3 3.0609 7.1608 6.5248 7.1123 6.4817 7.5797 7.1992 9.8836 6.1502 16.0047 7.1961 8.1028 7.0688 9.3055 5.2016
-34 -33.5113 -33 -32.2492 -31.6027 -31.0295 -30.3405 -29.7151 -29.0309 -28.0128 -26.8093 -25.1741 -24.5079 -23.0269 -22.261 -22 -21.0298 -20.3523 -20.0309 -20.0309 -20.0309 -20.0309 -19.1862 -18.551 -17.9157 -17.0077 -15.6452 -14.9797 -13.3747 -11.7703 -10.1351 -9.0753 -8.4454 -3.5644 -1.0473 8 14.3827 13.8146 6.1044 7.3743 16.0824 6.7043 8.7527 7.2222 9.4219 10.7018 3 5.3709 6.2551 3 3 11.1012 13.6739 18.5538 14.8736 7.4474 5.2949 5.9335 12.3674 7.0822 14.2812 10.0545 6.9428 6.0152 6.1475 5.3285
-33.0518 -33 -32.3404 -31.5317 -30.7522 -29.9726 -29.3956 -28.3956 -27.4446 -26.8093 -26.1741 -25.0567 -23.7026 -22.8727 -22 -21.2382 -20.3825 -19.5961 -19.2755 -18.4326 -18.3956 -17.7084 -17.3956 -16.6014 -16.2805 -15.3956 -14.7669 -13.3873 -12.6034 -9.2084 -5.3778 -5.5265 -5.1996 9.1404 13.5545 16.5552 7.0187 9.5915 7.3928 9.2746 17.5929 16.6761 8.201 8.3009 6.1693 9.2725 9.4586 7.0769 11.164 8.6915 7.0786 8.1688 10.1446 9.2366 7.9446 14.4314 13.6141 17.9 26.9204 32.9761 15.6856 16.4258 29.4022 27.4049 28.4679 18.3626
-31.7604 -31.7604 -31.6543 -30.8143 -30 -29.9547 -29 -28 -27.049 -26.4137 -25.7785 -24.1432 -23.5079 -22 -21.2374 -20.9047 -19.7352 -18.3317 -17.7604 -16.8215 -16.7604 -15.7604 -14.9157 -14.7604 -14.4332 -13.7604 -13.3747 -11.4998 -9.7073 -6.0077 -2.907 4.4632 7.1126 9.3688 14.309 16.2576 14.3346 7.5948 11.1131 15.9685 13.2284 17.4383 13.0917 13.7568 10.5705 12.099 9.0736 10.8001 7.9686 12.0339 6.8104 8.4406 9.9984 10.499 12.1817 17.2159 23.3463 15.8493 21.5035 25.9496 27.9043 36.0825 25.1931 18.65 20.4623 26.6111
-30.1251 -30.1251 -30.1251 -30.0282 -30 -29.9547 -29 -28 -27.881 -26.4137 -25.7785 -24.1432 -23.5079 -22 -21.2374 -20.6022 -18.9711 -17.4568 -16.1251 -15.1862 -15.1251 -14.1251 -13.2805 -12.2502 -12.1251 -12.1251 -11.7394 -9.0676 -5.063 3.9016 7.9133 6.3123 6.3024 8.3931 8.9249 10.5908 9.9197 6.415 11.5917 9.1206 15.1181 13.2896 7.3476 8.9701 12.3361 10.9991 8.6299 8.6675 7.3163 7.1196 9.5851 11.529 15.226 8.2 15.0612 22.3136 32.9301 31.2053 34.3408 50.5653 47.8513 53.9021 40.3735 36.6037 44.1195 26.1241
-29.4898 -29 -28.4898 -28.4898 -28.4898 -28.4446 -27.4898 -27.4898 -26.5388 -25.7009 -24.887 -23.633 -22.749 -21.935 -21.1163 -19.797 -18.4568 -16.8215 -15.6964 -14.521 -14 -13.3873 -12.5691 -11.5201 -10.4311 -9.2293 -7.7829 -5.9485 7.2842 6 -1.0733 12.3604 9.5519 7.6002 9.2998 9.5397 13.4059 9.1409 11.5111 10.1366 11.7894 11.2227 13.0408 9.7578 8.7623 10.3621 9.0012 12.1633 7.4486 9.5982 7.8747 19.7854 12.494 11.1854 13.2209 15.4011 18.7217 25.6087 45.0884 36.9713 31.3259 39.7466 30.9354 28.6476 22.9312 38.6249
-28 -27.8546 -26.9797 -26.8546 -26.5042 -26 -25.901 -25.8546 -24.9036 -24.3536 -23.633 -22.8546 -21.8546 -20.9815 -20.2029 -19.5146 -17.9669 -16.3317 -15.1013 -14.0611 -13.4259 -12.9696 -12.01 -10.8948 -7.7394 -5.3538 4.3051 -2.7092 -2.7092 13.9829 12.6189 8.9704 15.5702 11.592 14.7955 15.277 17.188 25.6412 19.8447 51.9845 24.9677 13.0312 10.3319 25.4498 39.3076 24.0168 23.9744 23.9765 32.4626 29.7157 11.2015 8.0408 12.2445 15.3924 16.8839 21.5877 28.2264 36.1686 33.3381 31.2056 27.3806 25.5413 20.3136 17.5649 26.711 31.0988
