MapLib/Lvl1_5x5/BG/Ele_BG_DE.asc
ncols         557
nrows         557
xllcorner     2227500
yllcorner     4451669.448
cellsize      1000
nodata_value  -9999.0
[rows 336 to 363 of 557, columns 252 to 314 of 557]
713.3492 752.1119 747.0294 798.1719 872.5813 1018.5594 949.8239 1021.5597 946.7091 858.6732 912.4164 934.9246 784.2219 629.5356 553.9908 653.6611 826.2596 891.0382 715.9449 611.5339 629.48 716.6933 807.2763 867.6751 968.9119 909.7556 805.4413 925.3271 752.9404 634.23 641.5988 702.0688 601.4597 522.9521 572.3115 675.1962 785.7057 849.1751 802.5236 747.0831 659.1796 605.5128 580.857 643.5865 696.0527 675.2635 660.2962 742.6665 707.356 664.6553 719.7047 640.4117 642.4053 615.6423 594.2428 604.4783 641.4628 645.1348 694.8715 752.9219 828.7125 942.3253 1046.9908
678.5819 722.257 637.5861 710.1045 772.4161 826.6331 830.8747 914.6872 848.5708 768.2096 793.1625 848.5818 735.894 598.5481 519.5768 599.4752 808.795 871.137 693.9496 563.9145 648.9172 702.6138 809.5335 943.8658 886.2572 789.6541 687.7986 824.2339 679.3403 566.665 476.5208 542.8596 581.204 503.9122 699.9138 777.0174 763.9739 780.8613 777.8421 761.7656 723.1974 635.8823 628.2653 708.8104 764.1353 733.0734 696.1824 742.3431 783.3001 794.4407 787.8939 721.09 703.5101 684.8683 651.0952 618.1786 602.1873 641.1301 678.3673 746.0672 860.3207 946.6652 978.1193
650.2392 652.2579 587.3474 602.7656 674.9409 621.1609 650.7125 667.0551 728.5862 701.5324 698.3755 748.217 717.2799 605.0982 470.2211 553.0912 717.1923 790.4409 653.5957 495.263 580.4002 683.536 705.5277 745.8217 630.0777 698.3484 591.8237 668.4982 601.5264 413.2618 591.5365 516.2125 556.1069 660.7319 786.3049 738.5944 739.5078 763.9335 817.0027 868.4929 791.0125 698.0767 657.866 731.7504 769.8992 737.0402 754.944 797.4033 832.6422 886.2704 870.6733 877.5466 786.7191 740.9554 762.2599 711.9594 638.8677 598.4002 643.9814 707.2273 751.3959 835.3305 893.5585
650.5449 555.0704 613.4472 532.2526 515.0078 604.3207 585.6221 613.6459 618.8085 598.66 602.4897 610.0895 612.9363 591.5141 456.172 525.8151 579.6008 676.5566 612.411 471.4439 559.7695 586.9356 659.8613 559.5582 497.3585 587.597 546.8109 500.2805 440.4828 555.3735 618.3954 696.4097 823.813 780.9285 772.0511 733.7237 736.9626 765.546 824.4003 881.0836 832.8339 735.1641 689.7613 736.9223 774.6284 816.2203 855.9116 929.5582 854.0012 928.985 992.9478 941.7462 878.1044 851.0409 786.6091 750.4424 730.3266 641.6837 596.62 653.4042 710.4379 760.9776 803.9647
776.8763 613.1508 515.5706 473.8758 474.3887 549.4547 540.3524 611.518 507.7473 560.7064 527.4995 521.5779 556.8137 501.1705 437.3274 434.9343 521.0917 537.1099 486.3098 401.0015 482.9572 553.6194 563.7574 517.6866 485.2313 415.787 430.1254 518.9445 534.2979 660.4428 792.6049 761.51 733.371 813.0063 807.0435 764.1588 747.494 778.1161 820.5101 855.8054 799.6311 747.6409 738.2019 789.0707 884.2861 909.0295 1013.9357 1033.2675 1023.0223 1028.4371 1052.9841 1081.3212 991.8122 950.2264 880.4325 853.9792 790.4818 721.5526 624.6124 606.8282 688.4852 704.9225 694.6243
588.0847 678.0747 514.8695 460.5963 418.0392 436.4226 539.0956 528.3428 490.5094 529.73 526.6038 483.5688 462.5299 435.4968 421.7637 402.1656 440.7852 434.741 412.8414 391.4099 473.8499 466.231 481.9329 427.4003 392.1356 416.7132 485.0291 555.8017 584.7271 613.8161 739.1165 674.3087 659.2726 744.7532 835.3608 804.9249 727.1934 734.3164 737.4636 742.7847 745.5604 765.9733 780.3088 836.9013 933.5414 1017.9278 1129.9122 1073.8934 1114.1909 1093.95 1173.3 1271.0834 1106.5342 988.508 902.7474 873.7879 775.703 741.2526 651.8582 603.2672 646.5374 674.2019 707.7437
486.7724 512.1017 482.4492 425.9585 383.3119 422.5854 418.829 415.0529 443.4545 476.5571 536.9575 491.6076 473.2752 452.8016 387.2616 354.0807 378.106 381.7145 363.8883 363.4847 413.1169 409.2157 432.7701 376.0259 357.5566 398.1372 442.601 492.2895 513.4981 577.3099 635.9815 606.3824 605.2468 678.925 754.1801 731.2057 678.8282 692.4938 684.7847 705.007 709.061 739.322 775.8898 888.4606 981.1475 1005.8597 1073.0453 1152.918 1204.787 1253.1138 1245.583 1358.1218 1202.1481 1069.657 979.2626 933.5968 840.1069 782.6107 708.5826 619.2823 634.3651 687.9761 706.8445
429.5236 443.5468 437.592 364.333 363.4955 336.9621 341.8812 350.0912 350.2874 368.4614 378.6254 383.832 398.6928 387.7081 351.9695 332.5842 331.2323 337.8681 343.0177 339.9991 353.1633 360.5547 357.0594 343.1437 362.5638 358.1749 407.8314 454.6904 482.9543 492.1824 540.9611 550.0159 557.007 647.3083 659.655 673.4389 599.9634 615.6805 656.2195 674.2767 713.2045 754.0082 774.0378 895.3248 927.3993 997.1739 1039.3425 1106.1555 1211.0341 1279.6077 1389.4727 1416.2294 1299.4521 1130.8052 1038.3933 948.2621 835.8147 809.2289 715.9882 624.446 634.1722 666.2596 698.9208
351.0973 383.8238 326.0314 308.5154 318.0698 319.4451 316.3371 319.5143 317.6946 333.0945 325.8231 329.8144 325.4983 321.7348 320.6978 321.5797 333.9278 327.4831 322.3269 324.2308 332.6599 330.6827 338.8856 333.401 345.8449 359.8101 376.607 412.037 424.3571 435.9415 462.454 523.9526 573.9844 590.7916 606.4811 669.7864 578.9835 581.3142 614.3566 653.9366 738.6684 774.074 827.7412 916.4699 976.3876 1016.9452 1061.7151 1152.9207 1258.9722 1313.3535 1437.8958 1368.0424 1309.5203 1244.1101 1098.9989 1028.3739 1000.5032 852.2527 711.3027 639.5136 633.7499 693.2237 740.568
315.8924 303.2554 299.3913 299.5496 304.2213 307.2726 307.9312 307.865 314.8383 314.4942 310.9479 313.6476 307.7914 312.1677 313.1055 313.5399 318.7394 322.3905 325.3167 325.6352 334.2774 334.777 339.3891 346.125 353.7889 370.1119 376.1847 374.8037 387.7181 441.7053 431.2722 524.5011 474.3964 491.7876 515.4954 572.6638 543.2814 581.0209 617.0693 665.3943 693.8092 720.7565 773.3977 897.6931 922.9093 1002.8853 1054.5446 1136.3795 1235.3479 1337.2863 1327.9994 1289.9365 1154.5289 1161.7531 1100.3085 1081.2888 968.7591 812.1747 717.7458 634.7183 652.466 683.3458 727.1146
310.3548 296.7033 295.653 297.0385 297.1739 305.6096 311.0781 303.2471 306.8093 307.1601 304.7709 304.3085 299.1401 309.8708 315.0418 314.949 321.7823 321.2075 320.3788 328.3012 323.1235 338.0093 341.83 351.537 372.9059 402.3582 419.2929 415.7089 445.6339 443.1096 424.1846 462.099 503.3553 521.0383 562.6207 541.5587 515.5218 543.6121 580.2821 657.0787 757.7871 791.9738 861.3697 911.63 995.0416 1056.0427 1065.6936 1116.2054 1180.3472 1260.8098 1234.0865 1147.2039 1023.9864 941.1113 953.9517 936.9298 891.0719 791.5959 698.3143 640.37 686.4477 697.0947 744.2231
293.7027 292.3047 299.7458 298.6138 298.4852 303 302.4353 311.2476 306.4035 303.9141 314.998 305.4467 310.1174 309.8252 312.4485 310.1723 308.0689 317.4537 314.9338 321.6626 327.6116 340.8476 371.414 400.7129 433.0236 447.4168 478.7672 499.9826 487.8796 517.8707 457.6061 449.5418 443.0315 459.9007 459.7056 470.0417 525.5302 527.5496 546.7285 597.1368 688.8076 743.6091 835.3043 859.248 902.9643 976.065 1016.0875 1078.0469 1134.423 1195.665 1211.0503 1160.5952 1083.3473 981.9809 901.2148 833.1214 803.9467 778.8651 731.9303 696.8661 713.1718 718.8715 725.525
292.5044 292.5204 297.5195 294.2115 295.9236 299.9126 303.3195 303.3941 303.8346 302.2833 302.7575 303.5593 303.5318 309.24 307.6244 311.2311 314.9056 322.0679 328.3785 343.3437 361.6563 382.5533 442.6111 490.2342 527.4961 517.0566 504.0768 536.6711 538.6374 511.609 520.6223 507.9261 521.9127 536.8926 520.7609 494.3051 499.5329 512.8168 594.1994 624.2134 722.3924 753.6202 781.1116 832.441 996.201 1036.5936 1048.041 1025.9584 1063.7036 1103.7532 1031.5823 1071.8134 1062.4736 995.1639 902.3209 824.4351 743.2191 717.7169 690.9097 775.5934 791.1445 761.5145 738.5237
289.9502 289.0454 296.2054 294.7794 294.4464 306.1241 329.6956 325.0722 340.7806 323.8665 300.6862 305.2731 314.4969 324.854 331.1999 347.0015 352.6521 367.2078 369.0268 405.6427 482.9179 560.9507 647.5027 632.8417 599.0192 592.5949 515.4355 573.5472 609.7614 550.9943 560.9906 569.4539 580.0598 570.7792 576.3525 557.6931 581.2845 512.8163 586.6294 683.4224 746.1824 732.2607 864.1636 877.7289 861.8464 924.8303 996.2289 1075.4037 1135.257 1036.3561 928.9249 947.3638 998.2507 934.3951 833.7605 758.577 681.9304 726.5081 824.2538 905.3009 940.3873 812.7011 772.1933
308.4728 304.79 296.8515 297.699 314.9906 337.9218 372.5867 375.5063 413.4042 419.3186 424.4998 421.0529 401.6433 405.3661 430.5799 489.2021 510.8236 515.7301 594.1411 479.0164 706.0215 904.7139 1005.8462 984.2855 867.1075 642.7275 560.8073 620.8707 645.9101 638.3612 631.0189 640.8509 641.6086 627.1791 619.8748 624.2831 600.2079 558.9331 697.2491 862.5872 893.225 854.7936 809.1185 885.7224 973.4715 1036.4772 1068.1001 1128.5739 1166.3851 1066.9857 990.6392 868.1398 898.7073 848.8745 799.1572 691.0862 731.0043 822.1994 949.4622 979.2973 949.8253 948.3983 877.99
323.5009 353.2589 357.0016 415.9223 407.9348 406.0039 421.5205 481.5348 491.2946 524.3856 609.6817 621.0613 666.2615 697.5817 734.8334 802.5328 749.6075 882.9755 918.1189 679.3754 695.3376 1020.9669 1096.0645 1134.7728 997.8608 799.61 952.6966 858.6556 769.0717 765.912 814.1103 824.3607 784.5192 726.8829 668.1483 664.3688 655.7102 630.8779 602.0846 778.4593 934.2068 924.4425 826.6319 904.9727 1002.5677 1041.3976 1128.4517 1126.7346 1061.6892 1021.5767 948.3741 859.5936 793.8849 742.855 699.5557 751.7792 829.1923 858.2068 906.4796 1017.0547 1076.4839 996.7794 985.6255
323.4017 370.1272 407.5363 440.8265 462.6301 507.6955 491.2989 526.1862 529.1854 603.4841 721.3335 823.5436 967.3876 981.9963 982.669 1114.4369 912.2486 1134.2512 1002.1926 866.3202 708.5603 831.7921 975.682 1151.9177 1059.968 954.8618 1148.0377 1108.5657 936.0909 1103.2195 1191.4181 1217.4087 1123.3182 993.8076 875.3262 910.0169 855.2613 801.3781 761.4753 682.7822 830.8858 955.2178 906.7901 911.0989 938.3204 1013.1937 1095.2229 1103.2733 1031.7842 1020.9975 965.7122 924.4793 884.9241 795.4169 713.1265 824.6099 950.2531 924.7803 1023.2102 1072.0039 1126.756 1116.702 1008.7747
334.3869 352.0468 383.7769 429.2543 453.0116 524.3837 568.3539 612.9896 672.2469 632.7323 694.1063 814.1388 1036.0979 1206.517 1150.8523 1287.9598 1048.4841 1265.6833 1170.6877 992.9406 870.3258 735.3931 950.416 1178.0958 1174.0822 1018.8063 1237.8755 1258.5479 1027.6742 1172.2419 1456.9175 1495.0441 1282.6774 1144.2241 986.8485 1187.8279 1140.259 960.8389 841.6832 703.0836 810.5557 948.5959 929.4277 945.6188 991.6909 1003.4268 1073.5437 1051.9546 1005.7754 915.0973 889.8919 902.6762 795.3516 763.0739 836.9865 901.4366 934.027 998.4314 1139.4924 1262.8466 1213.2498 1123.5759 1008.2014
346.7264 368.1003 400.5424 494.6561 532.9236 550.9849 577.6875 649.1035 691.9368 711.3399 766.1827 947.4866 1066.322 1206.6921 1336.6019 1410.625 1371.8579 1402.197 1224.2069 1141.3795 1173.9995 965.0328 850.5878 1164.9449 1271.4777 1086.6827 1047.8314 1250.5156 1240.3835 1125.806 1343.4982 1622.2078 1483.2921 1270.9257 1031.563 1273.4879 1267.8466 1083.7898 871.7947 858.682 750.5674 781.1668 826.1224 857.2479 927.976 954.6194 1012.7 1043.312 1002.713 967.6421 913.6541 837.1221 771.3139 839.6513 901.3594 1017.3502 1153.4955 1038.4636 1147.8799 1251.3628 1196.8021 1061.3392 1007.0456
380.0292 387.3686 467.1752 545.765 548.8314 626.0082 574.7966 633.743 638.8823 726.9664 857.282 1000.0104 1117.5674 1223.8815 1266.8313 1366.6638 1505.9498 1593.9025 1465.8013 1417.0891 1268.2008 1043.941 872.1548 987.5159 1262.6376 1361.5692 1211.6013 1053.2262 1190.4033 1359.9111 1361.3868 1516.3049 1366.9346 1211.353 1166.2852 1307.0074 1197.8846 1127.2462 1010.4175 820.9675 840.0726 852.1334 791.9995 790.168 821.3442 883.5262 968.4904 982.2173 924.2725 922.1929 846.171 820.4494 759.4088 896.6802 1007.7422 1055.5287 1176.5059 1178.0601 1197.2217 1186.0461 1106.108 1042.7444 995.8589
430.7265 433.77 426.673 517.1794 619.8185 614.3258 620.061 655.913 775.1808 869.0037 878.3167 845.4504 944.7394 1069.4698 1132.9056 1172.1917 1344.5072 1468.3717 1609.4856 1499.066 1271.4382 980.7532 1133.9958 1072.8157 1128.8018 1423.3026 1366.6902 1304.6708 1135.4771 1179.1919 1320.0018 1460.6533 1430.1339 1245.0631 1375.6808 1428.9333 1287.7971 1184.7845 909.012 1053.3346 1018.6085 957.8266 932.1093 856.1625 873.8856 842.8468 885.1622 948.0032 902.2338 867.8842 812.0297 783.6209 744.6047 831.954 952.0198 1010.5753 1038.7897 1087.2365 1100.1254 1102.3312 1112.3875 1091.79 1033.7389
393.1659 477.7475 545.2397 516.728 566.2988 633.8119 757.71 841.1854 783.688 822.0978 918.5342 1019.759 1052.4121 1011.027 1044.2063 1113.2087 1148.9926 1312.3839 1482.7158 1386.9592 1195.8081 1098.3954 1126.55 1268.4016 1365.9418 1599.1584 1593.7368 1384.9764 1348.918 1375.0896 1462.3431 1592.2916 1473.7494 1336.584 1534.1503 1465.3447 1315.6219 1197.078 1019.1109 1161.5763 1143.0646 1107.1042 1140.795 938.742 931.071 916.2315 841.3807 912.1008 984.5516 923.0575 877.8676 821.3781 756.7064 763.1014 882.2823 920.5289 925.6389 984.2376 998.1992 978.1246 1010.9365 985.7366 981.4539
382.9734 473.7788 552.6311 658.9829 705.7594 773.6187 721.4217 856.3616 900.3263 907.2786 888.8047 895.4929 975.9466 1051.6083 1149.1909 1183.9915 1257.6115 1279.4893 1322.6649 1474.0347 1470.5033 1362.2568 1256.2919 1272.0253 1232.649 1367.104 1409.2284 1519.3451 1467.9681 1432.2168 1439.1427 1584.1631 1587.8993 1495.5444 1564.5199 1357.6354 1372.1748 1401.4684 1116.9166 1200.4146 1153.8916 1265.8521 1167.4647 941.8766 1063.9153 1013.4205 935.2823 918.8306 974.1124 942.3455 907.6505 842.2095 799.1656 766.7388 805.8124 838.4058 874.5126 953.1863 964.3345 941.088 933.5037 927.467 917.6295
510.4839 480.0222 468.1105 577.8505 710.6268 750.8339 772.3265 769.4508 758.0428 862.088 937.1142 1002.5177 981.0925 1015.1971 1064.7837 1070.8842 1153.3951 1128.3533 1291.1692 1362.4911 1462.1855 1549.5492 1440.2119 1491.7374 1295.9429 1269.374 1237.498 1244.6437 1242.5936 1381.1251 1373.545 1497.5959 1500.0623 1492.8982 1539.2605 1495.8325 1552.6963 1388.9479 1202.354 1222.6022 1256.1221 1319.9648 1209.4594 1002.3865 1126.8263 1110.5306 987.9023 972.9667 954.101 1001.8074 958.3292 860.2944 806.9026 774.7766 811.4124 803.2688 820.3795 884.0232 892.2024 873.6766 880.1332 875.1909 849.3835
716.7061 656.6881 564.7048 493.7999 508.987 603.8411 707.7487 800.4835 845.1774 778.1254 798.9868 888.4692 917.5829 997.5952 944.0256 988.0538 1066.7964 1163.4594 1226.6447 1285.016 1400.5341 1365.6996 1343.6835 1450.2107 1463.1033 1342.5782 1323.2826 1415.7139 1344.5205 1457.4412 1434.1572 1320.3911 1396.9478 1357.249 1282.7377 1434.1245 1562.7476 1376.7705 1350.9152 1318.3828 1265.9003 1197.2566 1165.8932 1070.7955 1148.1837 1062.7788 1086.9487 1003.1425 942.9166 988.6398 969.2988 914.4461 819.8888 832.123 840.9363 824.6308 817.3237 784.4724 815.4982 828.3511 825.9038 825.0804 849.5894
732.1339 754.8755 753.1369 660.8511 620.5352 640.9807 630.5263 646.8832 776.7138 853.2954 786.3246 820.0795 830.0748 862.0179 953.243 1006.1177 1025.9666 1120.3021 965.9435 1220.3905 1211.4888 1194.5939 1222.6254 1387.1738 1449.7485 1353.3063 1361.3995 1393.5901 1361.5636 1434.8722 1432.7083 1380.6124 1234.7651 1242.8496 1105.3713 1263.2061 1358.9867 1579.2758 1425.8647 1325.4896 1410.2073 1284.1257 1204.9714 1107.5868 1141.3374 1170.355 1191.9708 1116.3209 1016.0194 973.5403 909.6566 856.7525 855.3929 881.7242 897.8742 865.377 881.215 824.3354 782.826 788.3713 805.1005 836.8636 856.0313
722.6922 776.4398 804.921 780.8417 774.1732 737.9003 727.0519 737.6546 752.9232 861.3596 891.571 881.1333 842.6787 794.5958 825.3989 874.8429 948.1803 1011.8948 917.4698 1062.361 997.3821 976.3497 1171.901 1333.7709 1333.9899 1340.8884 1381.0415 1379.2461 1406.3595 1418.3108 1381.8821 1194.6322 1186.2783 1181.3795 1085.1039 1216.158 1345.2098 1430.1924 1394.6558 1234.174 1325.1726 1268.7285 1240.1129 1178.3894 1202.4968 1265.2427 1292.8267 1201.6202 1167.5359 1079.9485 984.4713 926.4675 907.1414 896.483 850.3436 916.6742 916.2047 870.2614 820.9307 787.5801 813.025 826.3626 837.6881
711.4841 765.2664 817.3789 839.9398 768.8705 727.0665 755.7724 827.3346 795.6124 811.3167 817.1408 889.1577 936.1423 931.7158 860.5215 848.9517 915.6011 940.8961 899.5096 793.7811 912.5444 1122.1981 1168.9343 1274.4122 1254.0946 1182.6017 1165.5139 1372.1619 1299.4176 1289.2327 1134.5743 1137.2877 1006.6174 1101.3202 1105.9017 1053.7577 1247.0894 1440.4746 1451.366 1279.7595 1106.9172 1261.2958 1328.9772 1197.2394 1272.5383 1301.1548 1236.5277 1142.0098 1097.2104 1090.1047 1040.6528 952.6724 889.68 904.0416 941.451 963.0381 929.8053 880.0427 825.9467 796.9767 808.4633 822.6841 838.6472
