MapLib/Lvl1_5x5/BG/Ele_BG_DE.asc
ncols         557
nrows         557
xllcorner     2227500
yllcorner     4451669.448
cellsize      1000
nodata_value  -9999.0
[rows 336 to 363 of 557, columns 441 to 503 of 557]
1170.3334 908.9698 994.8875 1017.3565 1091.6481 1088.8854 1146.446 1186.2489 1248.2181 1151.2887 1019.3224 954.1953 898.5843 877.3818 962.5402 1009.1788 1065.7065 1172.6545 1106.9927 1105.8647 1130.7762 1106.5116 1097.2538 1096 1096 1096.1932 1109.7301 1152.5931 1131.2266 1043.9236 1067.0144 1293.0179 1221.865 1310.2029 1334.5634 1317.7672 1214.5697 1257.6276 1387.2079 1384.0083 1386.3685 1463.1597 1351.7534 1395.946 1286.0924 1283.6014 1308.6259 1262.844 1250.527 1367.1257 1229.6691 1046.5448 758.0881 531.8774 580.1937 901.0576 738.6443 960.0862 1171.7941 1424.543 1347.3525 1382.6786 1412.6056
1238.4681 1055.8231 1044.7887 1120.2012 1077.1631 1060.637 1128.3569 1188.2471 1276.8573 1299.3412 1168.5928 1136.4801 1070.1898 986.3235 964.7321 999.5715 1099.9475 1187.0291 1118.7476 1101.0314 1096.2397 1096.5154 1096 1096 1096 1098.9484 1101.0387 1170.3784 1165.8621 1030.3552 1138.4116 1305.0768 1243.0837 1367.5486 1395.6606 1271.5065 1286.8136 1304.9814 1447.5071 1530.3792 1466.3732 1368.5099 1455.2712 1323.9705 1397.6007 1366.2832 1377.9812 1421.8818 1324.2582 1279.0745 1241.2148 1078.2201 919.3254 529.5198 660.5374 877.4435 911.0991 955.112 1052.2406 1236.3817 1430.1753 1484.2848 1485.765
1327.984 1217.0903 1200.7545 1183.2415 1140.3752 1135.7966 1144.819 1152.7144 1197.2976 1264.4977 1308.9915 1295.7849 1199.701 1177.3538 1175.0054 1144.8627 1118.0347 1132.7086 1132.2654 1135.759 1098.7961 1096 1096 1096 1110.4922 1148.9229 1168.1246 1142.1227 1091.0758 1043.2832 1107.3005 1238.7292 1297.1592 1440.3281 1404.9716 1284.2357 1353.6262 1527.4694 1474.8693 1549.9421 1486.3009 1352.9758 1356.0514 1300.5521 1362.6567 1351.4178 1386.5321 1357.7665 1047.0048 1062.7795 997.8022 946.8539 957.5325 648.4777 551.4767 864.5362 1087.9937 1004.9787 1082.582 1290.7262 1516.1003 1441.9225 1321.8768
1458.85 1277.9515 1255.1456 1411.0099 1350.001 1138.3734 1256.859 1224.5071 1253.2927 1291.9553 1421.2495 1465.0231 1367.6472 1397.7452 1431.8319 1250.0402 1321.6107 1242.2062 1207.5947 1168.5973 1133.1984 1107.7579 1098.015 1121.3911 1163.3123 1132.4968 1093.3145 1040.9475 1045.2344 1084.793 1109.6766 1167.9431 1264.6222 1361.9016 1512.8987 1308.5609 1415.9146 1558.6389 1567.8123 1476.9709 1401.6766 1346.6752 1324.2777 1318.9731 1324.9319 1399.7316 1317.8839 1141.5049 1004.5283 866.8546 781.624 689.0441 598.7819 467.0978 776.2224 1021.5182 1235.4132 1075.2838 1264.485 1347.2335 1560.4114 1485.0691 1425.986
1523.1841 1465.8781 1364.042 1372.536 1420.0414 1352.4875 1244.2968 1166.0106 1210.6987 1294.9093 1457.3888 1520.9835 1592.2251 1584.6722 1541.2159 1562.9952 1480.4315 1341.3462 1258.2745 1256.8265 1201.0933 1174.6067 1147.45 1178.4808 1206.7205 1153.2418 1086.1333 1119.9575 1100.4481 1118.6082 1157.1907 1186.7981 1249.3464 1308.349 1402.3488 1361.9664 1391.5306 1584.6973 1609.8397 1520.7694 1516.9852 1449.6426 1339.786 1355.3534 1334.4592 1194.6023 1056.954 958.7775 1082.4801 923.047 627.2708 552.4603 586.5145 815.5657 739.4638 923.4239 1063.8003 1234.9554 1219.951 1425.8042 1624.426 1610.6609 1545.4895
1529.6653 1570.6816 1520.4642 1591.3339 1548.063 1531.6678 1457.6798 1336.3315 1285.0845 1293.6906 1373.2666 1459.6339 1570.7367 1657.6521 1794.6868 1671.2424 1507.2346 1484.4393 1484.661 1349.173 1396.8787 1320.0613 1256.2632 1221.2501 1151.1128 1211.0176 1235.7323 1220.8796 1154.0498 1240.9436 1281.7849 1317.3619 1348.3269 1346.9922 1391.576 1472.3866 1493.8948 1620.8674 1688.1481 1710.928 1685.8944 1558.5997 1391.0597 1356.554 1190.4999 1093.3529 1043.9382 876.0287 790.7198 783.2645 568.7903 578.5218 669.0568 742.3006 989.4339 1122.833 1136.1072 1333.535 1391.0073 1480.0271 1579.517 1529.3687 1448.2328
1581.9924 1693.2393 1770.3658 1764.0232 1749.7227 1711.2863 1575.8397 1545.7511 1404.9706 1404.2952 1393.8669 1473.2833 1634.6851 1772.4263 1844.2773 1811.8055 1689.7479 1634.8708 1622.8956 1561.2772 1540.6851 1371.9027 1347.9847 1266.3131 1220.2374 1313.8904 1407.0526 1307.7582 1237.026 1319.4386 1447.686 1452.0034 1462.0775 1446.718 1441.0132 1581.9945 1627.6533 1692.4014 1729.3562 1648.3207 1637.7006 1584.8995 1442.791 1390.6951 1326.9376 1130.7898 1054.514 1008.7336 901.0914 802.57 744.0953 580.4343 655.4803 793.8336 889.8499 1140.0135 1200.1064 1341.1699 1443.4655 1575.5526 1564.729 1517.4703 1475.2275
1575.4391 1695.511 1804.7379 1971.6783 1968.8152 1902.859 1842.6344 1700.6332 1609.5388 1524.6406 1487.7573 1561.8738 1656.5686 1722.0874 1736.4412 1737.9811 1775.15 1752.2719 1677.5948 1620.9669 1511.1393 1461.8009 1392.4091 1441.5409 1339.229 1274.6608 1460.6653 1403.1412 1351.9799 1394.7712 1509.5574 1662.3026 1669.756 1645.0988 1535.5345 1525.9456 1540.0593 1581.9701 1638.8259 1762.3673 1687.1576 1473.9645 1321.9904 1184.7589 1138.2944 1062.4857 1083.6658 1102.6565 1005.5438 892.9702 807.4972 668.5751 555.6923 713.9921 853.9636 937.8058 1063.8966 1154.9889 1308.9901 1449.9791 1614.4355 1596.4221 1561.0941
1608.974 1716.3419 1835.4084 1962.7646 2081.0425 2122.8936 1990.0754 1782.6682 1666.993 1545.1918 1582.5133 1658.3171 1679.2544 1673.2274 1716.5726 1738.8033 1723.8667 1750.1997 1772.3815 1717.0764 1637.8522 1565.071 1475.2512 1515.6746 1557.3585 1365.8435 1461.7184 1602.5961 1637.176 1575.2974 1636.038 1825.4111 1889.6082 1820.667 1807.9365 1726.533 1574.0481 1454.3408 1467.4065 1541.2859 1563.8937 1383.7396 1296.5559 1303.0582 1298.0902 1177.707 986.1434 785.7382 791.0931 763.9271 779.8102 603.1651 539.1868 687.2777 897.9291 1065.5681 1250.7805 1409.9091 1436.9103 1564.8544 1681.6333 1738.1333 1606.4983
1723.5419 1663.8409 1755.2563 1849.5161 1938.7705 2080.5549 2040.3873 1962.2156 1834.9063 1759.6375 1668.9739 1638.5222 1633.0098 1680.6498 1732.92 1728.2001 1679.5231 1719.8163 1751.9181 1776.759 1659.8286 1608.7267 1516.9769 1616.6166 1608.7695 1488.6499 1437.0576 1666.626 1842.639 1810.744 1902.5817 1973.8315 1997.9711 1928.3988 1969.1279 1849.2334 1732.0591 1550.8862 1454.3177 1286.7413 1368.7306 1309.5502 1223.8374 1094.5492 1150.465 936.3018 896.1138 1016.8533 977.5879 745.7127 554.3405 749.6774 948.9033 884.6998 797.33 911.8076 1037.1168 1173.532 1388.403 1499.8257 1692.4553 1854.7903 1806.5165
1773.1553 1804.5853 1810.9449 1824.6193 1879.0686 1983.9458 2024.2404 1982.5278 1891.1479 1736.7361 1731.9575 1640.176 1587.9375 1633.7225 1692.8098 1651.5803 1685.1006 1701.4404 1699.3987 1743.3354 1696.3536 1622.6727 1679.4277 1629.2096 1673.5634 1712.9211 1755.623 1716.6154 1847.4484 1860.2872 1918.0044 1995.6656 1971.0684 1966.7568 1839.6207 1866.3411 1845.6056 1770.264 1617.0072 1384.4413 1256.5437 1199.1143 1097.2192 1102.051 1093.5415 1154.277 1204.2164 1156.429 947.2648 677.6843 601.5679 860.3321 1050.317 1206.0066 1086.1932 1062.4973 1178.2579 1187.9618 1290.2312 1374.524 1499.8115 1675.2314 1768.6946
1708.5599 1821.5338 1958.3695 1934.066 1932.3856 1979.8173 1962.5934 1890.8999 1818.01 1914.3931 1817.299 1761.3912 1674.3951 1587.9431 1644.958 1629.4883 1691.6279 1687.1881 1620.4633 1696.7467 1690.5256 1665.3103 1789.3688 1732.5197 1715.1428 1828.978 1815.1722 1812.2314 1792.9407 1822.9375 1865.2938 1985.1921 1957.4161 1878.8229 1839.189 1819.3022 1822.7286 1777.2163 1676.0347 1499.9121 1475.9795 1448.998 1348.2321 1287.377 1177.8003 1031.3796 985.1326 989.3281 856.3543 616.9418 707.5002 786.8949 851.5577 918.832 978.6249 1120.912 1242.7644 1281.4187 1358.4478 1410.473 1442.0598 1448.9952 1531.5183
1759.0994 1835.2012 1867.7964 1925.9667 2016.6301 2014.3768 1934.339 1904.66 1902.7815 1921.2543 1857.1304 1839.3739 1802.1089 1712.8292 1588.9548 1579.3091 1676.0245 1641.7604 1673.65 1708.1451 1701.0815 1666.1006 1719.3716 1609.7491 1710.707 1666.5867 1757.4279 1700.6335 1686.4673 1721.2125 1733.834 1829.3756 1807.0509 1886.8035 1886.1981 1828.6272 1777.3937 1853.2091 1770.6842 1643.9525 1594.5861 1471.4666 1372.0555 1312.2266 1188.3429 1041.317 931.0521 863.7362 831.2749 581.5829 689.7623 854.2023 1005.9522 1111.9058 1157.2294 1155.0496 1085.8511 1085.425 1200.2634 1177.9491 1220.3175 1340.9977 1375.983
1673.7174 1704.2545 1783.0033 1889.9962 1979.0007 2007.8033 1938.1727 1908.6448 1907.8573 1835.7096 1782.9667 1674.1011 1718.4341 1692.8079 1579.2643 1601.153 1637.3718 1574.9614 1635.8113 1649.3093 1628.7467 1642.1466 1587.6211 1569.3573 1672.9294 1682.4385 1797.707 1847.5574 1704.3386 1655.802 1647.7306 1621.9091 1737.9081 1734.2258 1781.9072 1797.4382 1757.5334 1697.5286 1677.8667 1624.4565 1448.817 1431.4203 1426.8939 1271.1461 1196.1807 1002.7273 969.1429 929.796 843.8177 724.6796 606.1807 797.6382 842.1055 824.5714 854.2974 896.2697 1032.1085 1135.8502 1088.0696 1159.2948 1281.4772 1458.9835 1574.9885
1764.3689 1779.6621 1783.365 1754.2214 1829.5585 1825.4607 1827.5676 1758.6296 1710.4314 1668.3064 1647.1638 1640.7762 1595.2772 1595.4568 1582.8806 1519.3625 1508.5889 1538.6545 1538.288 1574.4604 1596.4467 1604.297 1538.2043 1561.3656 1657.2952 1664.7673 1752.0536 1755.2147 1826.4922 1719.1344 1622.8652 1672.8384 1660.066 1648.9441 1777.8895 1710.7158 1621.4806 1526.9873 1624.3979 1587.7616 1442.191 1266.0095 1227.535 1325.0652 1226.3115 1114.6582 995.6743 872.4245 834.7384 625.5471 587.0123 634.0543 820.4512 909.2888 1103.6851 984.7465 1110.2994 1336.7115 1397.3127 1407.9197 1331.6108 1320.175 1458.2849
1623.0428 1749.4563 1829.248 1793.6848 1753.9396 1762.0681 1750.3447 1754.1183 1735.6448 1734.3158 1725.3242 1667.9237 1638.7864 1635.8286 1536.3507 1532.5299 1549.3319 1490.681 1509.038 1519.3666 1526.989 1523.877 1517.173 1627.7688 1621.8556 1646.1666 1617.8464 1642.0925 1648.4528 1662.51 1578.6984 1594.1365 1711.1111 1735.5392 1782.9562 1767.4043 1732.0383 1657.3016 1492.2332 1447.3916 1381.3973 1368.8167 1348.9722 1179.631 1235.2463 1190.901 1145.7662 1051.9734 944.7729 651.1315 667.8414 702.9698 814.4469 833.1113 964.1004 1090.3069 1290.7384 1227.3417 1234.2682 1314.4364 1507.5027 1609.011 1562.5498
1665.9844 1724.0996 1809.2233 1733.7056 1693.3702 1745.0211 1692.4896 1644.3787 1643.4163 1686.8031 1696.6768 1665.115 1620.3293 1654.969 1600.6039 1537.2461 1525.9727 1513.152 1521.6233 1553.1016 1674.4858 1632.8185 1528.9216 1580.7781 1623.2839 1627.4165 1587.0051 1555.8164 1520.6754 1503.413 1528.9121 1629.0529 1682.3953 1747.6351 1721.9603 1687.2223 1698.4077 1674.1431 1556.1582 1507.3527 1470.8197 1424.7039 1332.7555 1235.5157 1153.5654 1063.5745 1011.9066 968.4374 957.1794 779.5666 686.7878 847.5632 691.3669 826.407 953.1987 978.7344 1214.3667 1334.0474 1412.7457 1472.9015 1502.9056 1591.6427 1692.6564
1676.1855 1703.34 1739.7657 1726.8538 1699.576 1683.1305 1651.0938 1621.4104 1632.8917 1602.0083 1565.7098 1564.1453 1580.9999 1584.6697 1575.7394 1658.3784 1643.4275 1548.9071 1551.9984 1559.5496 1527.1016 1561.3921 1500.0404 1633.8882 1634.1431 1629.6058 1636.3517 1697.5095 1575.8245 1446.6062 1581.5811 1561.9269 1531.5679 1641.4436 1684.7062 1613.3502 1594.5872 1528.5757 1553.8809 1431.2397 1427.1052 1429.6514 1407.1028 1321.7277 1362.3037 1229.1786 1023.1541 1022.6847 866.6899 912.9378 898.9395 696.1269 809.7198 930.4913 1187.6107 1026.9542 1161.8542 1381.5503 1428.7633 1524.8724 1595.2822 1636.3799 1765.838
1668.5896 1712.1715 1736.1854 1688.9863 1660.3357 1681.145 1668.0873 1710.2236 1639.8328 1671.0131 1677.3198 1622.4807 1577.3893 1528.3062 1527.8447 1531.2969 1524.1621 1550.2756 1528.8944 1509.9108 1467.9128 1441.0245 1491.2695 1526.0957 1544.12 1629.6472 1613.4899 1619.7744 1635.3744 1448.1029 1550.6368 1639.2079 1555.0604 1535.4902 1620.8417 1499.179 1402.0078 1479.3766 1463.9265 1387.5348 1431.6693 1417.2893 1468.9946 1405.4723 1330.8945 1294.6128 1264.634 1139.2454 1109.8801 1114.8995 1038.5004 809.4453 796.4266 1113.9869 1245.8578 1287.1072 987.7151 1288.1687 1465.4078 1601.6605 1635.822 1709.0459 1739.2234
1632.338 1718.3448 1788.9624 1782.5994 1762.375 1784.0659 1715.6058 1619.2163 1601.3979 1609.4528 1666.2931 1585.1305 1545.9224 1612.1206 1528.3722 1524.1572 1532.792 1540.9053 1661.845 1600.2161 1471.0458 1558.7487 1514.2178 1447.2567 1553.8119 1541.7762 1586.8468 1545.5482 1589.246 1401.2145 1459.5309 1463.731 1497.6892 1576.2573 1593.8859 1420.3661 1372.5466 1438.3623 1284.8838 1387.7433 1340.661 1322.6304 1321.5029 1436.9158 1411.8125 1355.5234 1403.568 1180.8168 1242.9576 1022.7228 981.6991 670.57 772.3343 965.3708 1150.953 1256.931 1059.3914 1136.3083 1248.3435 1359.5151 1432.51 1533.1333 1665.7278
1617.1298 1679.4755 1735.6385 1719.0288 1726.5574 1688.7739 1657.7589 1633.2627 1589.0381 1565.7494 1614.1434 1620.1121 1611.2949 1626.2162 1592.5515 1543.7883 1624.5044 1582.3392 1540.9768 1549.2228 1568.2052 1557.613 1523.9321 1529.9248 1443.9303 1463.0035 1384.1592 1404.5354 1433.3602 1321.2535 1295.6267 1317.0057 1420.187 1581.5779 1528.3564 1508.6844 1371.6903 1335.1163 1257.4045 1238.38 1310.3525 1406.9513 1436.8406 1439.3927 1383.4972 1392.2705 1295.7279 1321.365 1119.5477 1024.1371 849.0653 681.0203 723.2547 842.1928 962.2921 1105.4741 1213.5918 1164.0828 1285.9834 1376.9843 1381.8293 1406.4595 1489.3046
1532.145 1607.6694 1638.3071 1575.5331 1717.6191 1717.1346 1658.3718 1648.175 1698.7701 1634.3967 1676.5858 1677.8492 1715.8719 1656.9135 1687.6809 1618.3274 1668.1775 1625.6283 1602.6056 1637.8618 1565.0211 1537.661 1529.3628 1545.8772 1561.8121 1545.1868 1543.3049 1553.2096 1501.5824 1572.038 1512.7484 1374.4285 1246.6743 1319.1812 1477.1289 1473.4291 1403.1636 1288.2931 1241.7971 1270.4886 1323.6696 1373.318 1412.9592 1376.4885 1323.0936 1251.9281 1182.2206 1066.7391 989.5419 951.7096 919.0092 741.8342 854.3356 1046.3959 1118.9873 1187.2866 1311.3269 1285.3267 1193.2109 1296.0444 1474.4967 1570.6581 1636.6445
1369.015 1436.5536 1473.396 1515.8762 1641.3806 1632.9929 1683.4872 1680.7306 1749.6921 1740.2133 1721.9298 1731.3105 1721.2688 1692.4597 1721.974 1682.7632 1625.756 1643.6228 1600.1904 1572.75 1557.37 1540.8035 1525.619 1578.8678 1569.647 1579.3737 1563.8608 1591.4708 1574.6268 1560.9039 1576.9637 1504.4351 1460.0774 1217.2897 1332.3257 1436.3075 1387.0571 1275.087 1242.3129 1330.9387 1245.7263 1292.177 1333.2278 1347.8906 1314.2185 1194.7599 1287.729 1218.5847 1153.4142 1036.8699 994.1806 689.2204 876.4651 1045.2764 1298.6732 1434.7334 1436.2208 1415.2181 1372.348 1343.605 1343.7255 1443.8936 1481.5599
1218.9844 1284.0515 1356.796 1433.8528 1471.6188 1470.698 1554.0646 1649.141 1744.6376 1746.3284 1680.3918 1672.1644 1680.2719 1612.2452 1698.042 1643.429 1654.9974 1583.213 1535.0566 1527.5416 1522.2882 1525.5797 1546.1509 1536.3918 1564.5387 1576.2289 1570.8521 1596.114 1620.41 1609.3285 1538.2349 1503.5623 1437.8149 1258.1334 1312.2889 1401.1479 1296.2418 1431.4097 1160.8569 1129.8438 1218.8785 1236.9404 1237.9785 1256.7906 1327.8306 1201.2684 1146.1172 1264.8652 1234.9631 1192.8976 953.2638 701.999 878.9136 1003.8888 1103.619 1213.3209 1281.5919 1350.2616 1453.205 1557.7955 1506.4741 1429.6075 1648.6582
1291.7659 1211.3064 1211.0278 1285.5828 1324.6007 1357.9971 1389.1107 1483.9871 1651.5978 1679.1975 1699.2238 1676.1508 1618.6577 1579.9456 1558.1233 1588.3746 1598.7004 1600.7775 1568.3004 1544.4919 1541.3989 1524.7487 1527.5789 1524.0078 1523.5819 1510.906 1543.4398 1588.144 1575.7585 1556.4886 1538.7228 1471.1061 1346.585 1298.304 1088.4972 1257.4396 1266.4329 1033.8654 1055.4065 950.5795 909.2398 1014.5248 1105.941 1184.8379 1264.5371 1209.7963 936.1338 1016.0165 1088.3579 1092.4485 882.2825 773.03 961.3123 1117.8623 1321.1869 1377.8945 1442.6206 1422.2739 1360.1012 1372.1252 1521.5414 1614.0529 1566.3851
1556.826 1415.739 1241.064 1211.1846 1229.4331 1306.7435 1387.1632 1460.934 1510.2506 1649.0638 1653.0818 1609.2527 1565.5975 1609.4319 1539.8416 1608.1565 1549.7222 1548.703 1551.9265 1535.1771 1530.1833 1538.7842 1510.323 1571.9796 1616.3152 1523.8282 1609.9126 1637.881 1629.6766 1613.5831 1597.465 1528.2935 1377.1755 1243.3104 1153.2236 1167.9231 1103.9757 1239.6027 1120.5784 1243.9261 1240.5552 998.8352 840.2835 954.9791 921.1923 821.7825 777.9528 801.6154 879.033 895.7328 800.163 737.3101 878.6482 1028.9929 1137.8365 1188.9556 1280.528 1235.7058 1335.0145 1483.778 1561.1991 1567.7534 1383.0597
1663.4149 1654.8824 1452.4435 1291.9957 1214.8931 1206.901 1226.2666 1262.97 1349.5619 1432.4252 1574.8727 1647.7721 1648.5967 1630.8167 1565.369 1535.9207 1560.36 1517.7571 1545.8723 1554.9121 1531.0906 1506.2754 1515.9462 1555.9047 1506.9574 1501.855 1462.276 1461.4136 1433.5256 1416.0665 1471.2692 1514.8846 1468.3362 1375.4916 1154.2095 1119.9913 1151.0776 1315.1326 1333.2472 1378.6963 1360.4651 1276.4451 1004.5291 986.8513 883.3075 900.6349 864.7322 761.195 747.2701 735.6246 766.2192 927.7248 1045.3478 1130.1879 1157.2991 1090.144 1139.0028 1271.5226 1432.8408 1504.244 1359.0581 1278.9388 1333.0734
1626.5146 1620.7596 1639.7369 1438.2845 1337.0858 1213.4111 1190.8899 1191.3409 1211.8081 1268.3505 1305.791 1400.9341 1461.9995 1556.8929 1572.7334 1524.9603 1535.7957 1510.554 1551.4015 1530.8093 1547.677 1494.9578 1562.083 1581.4944 1542.8475 1559.7424 1547.1112 1489.2565 1513.5232 1558.6769 1423.708 1293.0233 1254.1663 1201.6233 1321.189 1187.7207 1149.2272 1331.7784 1361.6809 1448.2804 1440.8842 1389.8354 1214.3823 1248.8582 1200.1448 1128.4167 1032.5806 893.6205 925.5193 812.2755 770.356 1044.3906 1134.3413 1185.6409 1283.953 1318.4548 1384.3854 1373.4587 1419.6528 1311.8662 1200.9036 1315.6815 1453.577
