MapLib/Lvl1_5x5/BG/Ele_BG_EB.asc
ncols         557
nrows         557
xllcorner     556500
yllcorner     3894669.448
cellsize      1000
nodata_value  -9999.0
[rows 338 to 363 of 557, columns 464 to 521 of 557]
291.6112 339.1497 344.0746 161.3873 232.0213 232.1139 205.8438 163.9071 215.1805 309.7919 290.5329 238.0995 300.7379 377.4473 404.4858 373.5045 348.3585 366.8131 425.6462 433.8101 420.0786 404.0146 369.1397 416.0338 372.4611 218.8287 302.5206 329.6802 397.543 516.9254 537.032 377.7017 193.7404 122.4142 174.0485 201.8533 269.7789 222.6112 247.4954 197.772 130.6636 127.8481 139.1923 193.6691 186.0817 266.8076 308.0952 307.3862 288.7897 248.9699 228.9059 205.9971 166.4138 215.4893 178.4235 158.4305 130.1337 119.103
257.9572 321.8939 264.9125 212.6216 353.4282 369.2085 310.3282 215.9342 162.792 186.436 229.3214 317.8492 399.471 357.9232 337.0441 344.618 321.4889 302.7173 314.186 343.0938 339.8469 353.4562 314.5334 372.2054 298.4435 257.3954 327.8922 439.7438 458.2214 362.1761 299.5404 232.9042 231.9177 165.4211 208.2874 290.8186 365.9203 337.0697 192.8163 163.2484 189.4588 220.0932 238.9813 332.3433 312.87 344.9867 369.0844 304.4034 272.4191 247.9601 219.9128 201.6418 239.6855 228.7342 192.7971 183.1991 151.3252 130.951
202.7068 227.069 243.8091 270.517 311.3708 384.8745 265.812 199.6384 193.1568 230.7904 325.193 358.9145 384.156 348.0666 325.6917 333.5459 306.1696 281.5135 273.9944 282.3255 280.173 276.6623 263.0256 244.3972 276.5385 389.6805 465.9759 525.8831 443.7361 381.1794 301.157 290.7905 279.5399 180.0378 182.7175 269.8052 340.1844 236.3365 228.1349 281.0394 295.9656 294.9756 406.9321 434.7393 372.5884 363.4774 321.7907 282.7168 274.2905 251.0726 227.4058 215.481 211.831 217.9651 220.7115 170.5827 159.1789 153.4088
149.4952 191.9087 255.0657 296.2892 341.1757 288.2668 296.2534 280.571 287.8467 373.4944 330.6117 378.9048 370.7941 339.929 302.9192 300.9858 283.3968 273.8885 255.2942 237.3282 243.3288 233.4777 229.0623 253.9445 351.342 444.201 478.8635 425.2676 355.1716 363.0481 312.8265 262.3992 201.4538 186.3126 277.573 351.2958 281.7062 309.3356 244.5278 367.2021 447.1507 442.7107 456.9486 414.2674 374.0986 330.5511 309.9742 301.6325 263.3124 242.4851 227.6366 212.9024 211.1433 235.4297 207.3938 173.8129 189.088 179.0492
217.3621 233.3525 222.489 267.1623 310.856 306.0291 295.5442 333.3937 420.9897 382.0409 380.7147 382.3348 365.5786 333.8871 302.316 291.5015 285.5874 289.7954 289.2472 260.0499 266.136 246.9975 286.5553 345.7515 457.429 468.0247 353.1471 294.7516 261.039 278.0745 276.4018 205.0145 204.7381 274.81 344.4939 364.2821 411.176 365.7351 296.0648 376.2683 461.1374 472.1262 446.7451 417.2009 377.9278 350.0059 276.2709 263.7234 246.4545 229.5468 221.6257 212.4815 219.3084 229.756 204.4954 180.6039 147.1132 146.7658
261.2624 229.5811 265.6437 271.79 293.3554 345.8703 379.0212 353.9183 402.2924 435.6427 414.3351 376.795 362.4569 313.7434 299.1257 298.0079 298.4746 300.6149 275.6956 269.2808 248.6973 291.3442 353.2884 398.5359 466.4152 403.7885 343.2006 327.3286 380.1392 298.0023 229.5059 221.7053 334.4484 424.1342 424.4298 468.5982 491.2503 402.9667 362.5781 405.102 444.9099 510.8256 437.5237 393.8887 369.0397 282.868 245.9252 224.2623 235.3832 230.7797 227.3436 221.385 240.7432 211.102 188.9432 166.0411 124.7233 101.7397
153.622 173.3714 179.5897 190.6864 241.2925 322.1324 413.9075 358.1511 415.0628 411.4308 384.7505 373.1927 347.8918 314.0732 316.0605 315.533 320.3919 316.6031 269.1782 248.9313 280.6216 315.939 333.3945 417.7249 380.2004 362.8214 350.6269 372.6654 298.7314 246.7141 197.6099 248.3448 311.1079 353.4201 379.7469 449.5068 506.827 460.3393 451.5222 463.9725 406.0984 371.6607 343.438 296.4077 259.0525 248.1459 224.6384 179.422 173.4956 194.7787 212.8983 221.3001 205.2244 209.9968 163.5505 122.4071 92.3928 80.6269
280.6365 300.6382 272.6509 207.8038 307.7962 378.4196 315.5809 378.9676 469.7557 431.1939 396.2839 369.9211 361.4502 361.5842 348.2308 336.4017 310.0384 275.0626 266.7029 274.3504 311.7795 358.2535 367.5571 414.4494 457.1641 406.7238 290.3705 258.065 246.4205 214.9656 224.4153 281.5934 355.1083 364.3341 422.0175 482.9489 482.8533 429.311 371.1782 336.3911 310.4224 297.1282 269.3489 273.4377 213.5623 181.6494 162.0177 149.8117 148.6473 169.8163 175.8488 198.1873 169.1095 143.6781 121.5433 88.4168 78.0521 71.7375
375.5217 406.1934 360.1471 297.2033 283.7629 296.3544 328.92 459.4511 466.9748 459.5384 421.9149 425.4928 379.9597 337.1147 300.9108 288.4795 276.6525 279.6936 312.3988 343.3806 333.9554 365.1519 401.4347 442.6192 403.0996 298.0417 260.766 243.3481 232.2115 262.7349 267.1039 326.071 394.7702 457.1654 486.3878 438.5214 417.9308 385.5811 354.0123 327.2574 270.9966 235.3289 222.4975 198.4372 173.1479 177.6543 193.4557 174.6876 132.1266 138.7263 155.3076 142.9633 137.5743 129.7126 91.3725 80.0489 74.3104 69.8412
458.1313 467.2917 412.2017 337.8486 291.5485 278.6007 312.8559 382.8159 395.1104 424.7729 456.526 405.4368 325.8224 309.8719 299.182 281.0927 279.3377 293.1747 381.9671 410.1734 385.4055 378.4183 486.3261 379.8126 327.2935 318.1168 269.2326 259.6314 293.0016 351.3185 382.7101 411.4828 481.4507 496.5027 468.0685 407.6075 359.493 359.3832 297.3014 250.1927 233.1268 215.1043 207.3542 214.1065 231.9524 227.1851 211.7414 160.5508 123.9648 125.0761 122.2113 141.4616 178.2449 143.1975 92.1594 90.5147 82.8203 74.2627
537.176 503.69 421.927 330.3931 298.7692 284.7378 294.5486 372.3199 438.6656 412.6134 376.3893 338.7727 312.9234 300.4179 298.8931 289.65 310.5702 347.6986 475.0888 637.0476 554.1317 458.505 415.4647 327.8537 304.9875 302.153 312.4581 360.8474 409.6932 447.2703 480.6333 492.9819 468.4778 421.7743 403.8245 371.866 346.9815 294.0224 271.9992 249.6945 245.7386 282.7447 276.7643 221.6676 187.498 155.2919 135.459 124.6889 121.7196 123.7471 133.0064 129.5903 136.2463 183.3529 175.6206 189.593 168.8105 161.3952
504.8228 453.4392 393.8873 332.8355 299.4865 291.3678 289.8936 313.1864 340.2599 354.8667 347.5303 335.3394 334.9926 325.8216 334.3803 311.6556 345.0227 410.6277 535.6591 638.1697 519.7336 430.8729 363.5218 341.9224 349.0249 387.7065 420.368 471.2972 451.3257 447.4325 435.593 445.8874 383.4512 336.4918 331.8105 312.1634 300.9997 320.034 307.6665 289.6982 265.7946 236.6316 202.4771 171.8198 153.3224 135.0742 132.0344 129.7561 133.2619 140.4453 177.6637 199.5621 236.5009 272.1144 281.6902 335.9045 302.9554 279.7234
385.4207 340.9602 303.7515 274.0069 301.5725 343.2651 314.1069 314.2996 318.3735 338.1065 353.9158 379.3051 385.01 399.0669 379.1733 346.9422 374.6177 476.3592 542.1791 505.5659 416.0278 360.7643 329.0637 328.5032 348.9429 402.4743 390.1889 409.7287 374.6675 367.0707 400.7607 417.0945 403.5312 353.1988 297.8283 306.8187 286.8228 249.0346 251.7693 212.7826 194.2002 180.127 161.1847 149.0666 139.3199 140.2719 138.4885 145.8576 160.0047 185.6322 202.0681 256.4395 289.3954 320.5819 298.9889 325.2118 371.6997 417.3458
318.7271 265.7152 261.4509 273.5797 322.1562 404.6892 426.8701 384.5116 368.6903 438.3823 454.0247 484.3549 523.017 527.6204 498.4091 411.7111 417.8141 603.5363 591.7017 465.0677 382.2515 329.6882 313.4838 323.0026 366.8984 334.1638 343.5588 322.8216 316.3188 312.9801 336.4775 357.5852 347.6953 346.7971 345.3108 285.3552 283.1623 258.0738 209.6825 184.737 169.4283 156.6835 149.2548 145.2586 148.6728 147.5108 146.4702 161.1961 195.1672 234.2345 214.118 197.395 236.2765 290.6802 337.6258 363.2707 387.9226 450.8098
324.3386 261.8153 269.0572 369.0006 385.537 465.2421 472.2455 451.0591 458.2906 526.2426 557.4003 642.0559 599.295 594.874 565.1249 517.3731 479.6898 536.8552 484.103 408.2472 349.2195 320.6611 295.5152 328.5102 343.12 302.2302 279.0081 285.2283 314.3606 290.6473 301.9639 314.9339 321.0297 317.8595 363.2198 355.3543 302.4738 245.8217 219.8985 196.7405 163.5096 156.0425 154.8652 155.902 157.4818 153.8965 158.1224 172.3591 217.0362 234.6736 259.1093 268.6458 248.4004 282.8385 336.9396 430.1902 435.8113 423.3651
316.3732 240.4461 276.2998 385.8613 382.306 347.2834 436.5644 462.9423 496.1158 583.2808 614.8447 573.2432 564.1181 528.8019 518.2291 473.965 391.7789 417.5399 382.8798 329.5915 301.214 289.8904 314.4431 311.2099 308.1014 302.987 285.5764 344.5051 340.5884 297.7056 351.0526 365.3914 362.4801 318.619 321.8421 336.0979 267.17 227.3208 204.9002 183.3925 170.5696 165.6703 168.1369 168.7344 166.0034 168.9423 173.9878 196.2572 212.5872 230.4645 237.7616 276.112 289.7014 324.8145 391.9937 486.5598 507.9559 426.127
252.5119 218.9735 246.2527 296.2456 311.0586 326.5092 384.2328 493.2839 591.1905 558.2735 538.6915 530.993 441.0168 417.084 503.938 442.932 364.9399 388.532 334.8181 289.3133 282.3618 263.526 272.5909 295.5617 327.838 322.5471 278.4636 258.0014 275.9661 280.4018 304.3971 411.3326 357.2171 308.9643 342.7565 309.1962 254.9059 245.173 196.4243 184.4121 184.4944 175.6203 181.8772 190.9114 189.4944 184.0083 190.4723 216.3493 218.9801 230.1546 277.7173 285.4768 400.014 358.2953 424.8903 426.8922 461.1572 395.2571
216.4326 218.8989 256.6914 381.2569 349.5371 316.6067 355.9461 408.2648 424.2807 402.7843 400.6014 389.6378 343.0347 370.0876 385.9581 378.8358 337.5962 324.6691 298.5493 270.5043 275.3067 253.4383 293.7329 307.0266 333.5873 286.4583 257.0208 235.8603 238.7109 262.4077 288.4477 359.9271 331.2982 285.3127 294.7922 286.5452 295.8858 229.7331 203.7409 200.0408 202.5956 203.8829 208.9035 220.6162 212.8904 220.7061 230.2403 230.093 259.4805 263.403 317.164 398.3287 404.7798 396.97 322.2861 388.8984 384.4657 347.5085
224.8217 205.4459 281.1003 331.0673 294.7141 308.8946 278.8228 305.5316 306.4155 303.1553 317.8349 314.2283 311.2595 332.9532 297.1426 293.7726 278.1711 274.6292 259.3121 256.1168 251.5068 270.0014 297.7799 329.7996 328.5845 297.3723 258.4364 233.4817 250.2663 221.2123 302.0198 344.1508 317.8072 281.11 281.6533 275.9153 265.4731 239.1134 213.2525 217.6709 231.0232 254.0226 275.8115 278.2023 272.3208 282.9379 269.7046 274.5727 265.902 314.5132 393.612 445.4286 393.8462 401.6625 331.3085 251.694 257.6116 245.0949
207.4381 199.2473 240.3409 233.9234 242.9558 240.9119 270.0425 267.9979 259.7801 257.395 263.9279 279.2215 313.1185 288.1501 274.5009 261.9447 258.9397 246.0318 235.9151 235.6214 225.1573 253.7157 299.4546 328.9717 309.6878 292.6164 256.501 229.1823 226.9243 231.2016 241.8042 323.634 341.6897 280.3798 261.8037 258.9055 238.1276 245.0199 250.6358 270.2454 260.2282 359.5816 362.3384 289.1014 309.9607 297.8026 341.9247 330.2618 340.3426 355.3919 427.0549 334.9018 359.3481 369.7057 345.5632 277.0484 195.8868 135.2373
254.701 192.1369 174.7246 206.9866 233.0904 228.9838 227.6047 231.9561 220.8846 245.5444 273.3326 305.8698 346.9623 320.1063 301.2121 313.8188 296.0302 298.2231 253.5437 225.6784 265.1814 290.1233 271.0374 266.9809 272.6217 343.3513 317.4453 317.8282 268.1648 222.871 301.0665 379.8928 330.257 282.3349 266.0942 267.3457 277.6986 301.8086 316.3992 313.6761 293.9616 300.7486 375.2095 376.7969 377.9132 329.55 351.7422 397.7933 387.4656 256.7305 220.4755 232.8241 257.5848 207.2577 192.7802 160.687 114.0038 100.9096
350.8405 278.5872 203.0327 228.6402 235.2793 210.5585 195.2693 200.9739 253.1003 282.3921 300.8988 355.2128 359.6386 330.2974 344.2954 301.436 309.0108 292.5104 305.9969 241.1668 266.8285 281.721 237.0136 207.4485 282.3718 302.8347 255.7659 274.7911 198.392 331.8916 389.6183 332.674 312.2725 285.2757 283.8941 302.6213 332.0522 362.5789 375.9298 396.5955 386.7726 324.0286 417.3395 395.6471 418.1731 438.1209 480.9388 448.3395 477.9819 432.3168 277.5604 263.5539 161.317 146.4353 132.0353 120.8873 100.7944 81.7025
283.0666 273.6755 236.6886 163.4444 169.9819 171.6184 205.0393 258.8693 254.7162 258.1838 297.8046 331.3241 290.3947 298.7158 258.9776 235.5605 245.6173 304.347 378.6982 281.8836 254.3615 182.6868 165.7762 218.4769 245.3222 286.1393 271.6697 174.609 220.6121 292.7892 330.9246 284.3504 256.3669 267.152 308.0925 337.164 402.2819 469.9091 514.4014 496.0462 441.6177 347.2521 422.8306 576.6044 527.9666 615.5128 580.487 545.8962 530.8929 349.5643 309.0073 250.1518 153.3732 129.7768 114.438 93.0157 83.4998 68.1685
281.2552 251.5217 219.9754 184.6555 155.7473 154.4008 172.6044 193.7972 247.5713 310.5336 310.913 268.239 226.8013 223.9407 213.258 227.128 268.1227 357.7668 375.8668 307.5703 325.9138 292.8857 227.3222 170.2647 165.2902 194.368 220.2806 177.1477 234.4597 255.6761 237.685 221.8835 274.1119 319.5304 334.3247 391.1869 421.0721 527.7585 614.3022 560.5232 484.1624 412.3837 461.6125 472.2101 492.0555 534.4448 445.395 405.7055 388.517 314.0523 274.9916 191.9136 154.9192 164.8223 129.4568 79.1099 68.8694 65.2997
270.2465 231.8882 201.3528 179.0601 167.2081 159.6191 143.5358 164.2607 190.6409 244.0164 239.7416 209.3598 211.9488 198.1855 212.2163 242.6327 290.1172 361.311 381.0179 345.9895 389.6525 341.3588 241.7943 227.6402 160.7142 162.9214 193.2029 153.0758 176.8088 180.5996 202.9821 233.7561 261.1101 337.8447 433.3198 462.0529 495.5183 500.2971 479.0973 518.194 454.2554 406.4707 456.2683 380.9269 363.1866 375.505 367.3315 310.7553 271.6812 275.9341 221.6621 176.0488 184.5158 232.6605 168.6335 83.0957 55.5416 51.2889
324.0668 254.4128 212.1617 195.0168 178.5132 160.1023 139.4648 169.4641 220.9904 230.7623 214.7987 198.6683 205.6262 194.1685 202.3346 228.3074 255.8323 312.6261 371.5546 368.41 354.4031 288.1824 248.6534 249.0701 247.2123 153.6268 138.1401 183.6305 228.9619 225.0149 223.7616 220.4331 243.7589 294.7552 389.3087 408.9582 400.8914 386.2236 435.9529 457.2663 431.5848 449.8039 479.2117 439.8115 337.2961 299.7381 281.5072 251.4424 221.855 205.1937 167.211 118.4199 104.0171 82.9852 68.9315 46.3093 38.9227 41.6399
