MapLib/Lvl1_5x5/BG/Ele_BG_CA.asc
ncols         557
nrows         557
xllcorner     -500
yllcorner     5008669.448
cellsize      1000
nodata_value  -9999.0
[rows 112 to 139 of 557, columns 384 to 447 of 557]
202.093 202.9039 202.9971 210.682 203.402 196.3693 180.7609 154.3204 133.837 111.5129 111.8458 74.0254 154.3798 158.1938 100.3492 166.2765 181.54 175.3584 95.6714 100.4215 138.9458 165.7829 176.6495 193.7476 208.5621 226.4026 221.3705 211.3249 213.525 231.8875 232.7512 237.6494 228.0419 229.2527 238.0623 231.5909 229.3942 228.7361 229.7307 236.481 240.5959 240.6237 235.9516 228.6492 233.4752 233.3184 236.2044 240.6929 230.9346 219.3573 242.0326 235.8378 223.8276 173.9603 112.7755 108.8741 157.2611 240.7512 245.2667 202.917 189.9521 175.5062 136.7794 113.608
195.1898 205.8328 212.7219 213.2246 207.2496 200.4389 193.6629 165.0579 153.9863 151.0462 112.6889 138.6853 187.4484 190.2479 167.9814 139.0176 128.7765 180.2881 194.4579 174.3522 134.9284 111.1334 103.8878 118.9864 147.1724 188.5786 213.9648 212.4414 218.7316 213.4198 221.4372 221.1098 222.96 209.3913 213.4795 226.9222 226.2328 220.7778 226.9692 225.2233 232.5459 234.3221 231.0604 237.5669 235.5944 232.4259 219.5417 223.6348 223.7171 227.4995 234.7648 229.5498 219.8798 144.9189 169.9353 173.8254 125.5804 149.1398 223.5203 245.199 238.6429 199.0868 133.938 105.8853
196.6993 193.1124 205.9242 207.5707 209.7413 190.6976 179.1846 151.1292 144.1042 170.3724 148.8729 125.2907 167.212 184.178 205.9375 200.8392 159.6107 158.4069 210.8896 223.3857 205.5284 199.2452 171.8748 144.653 118.5557 109.9095 144.0266 148.5452 179.7614 206.5425 212.3922 209.7397 208.6134 205.1428 204.6409 222.5235 220.3544 219.0273 211.9742 211.3495 221.6476 236.6325 237.8062 234.6543 240.9976 237.8306 241.4777 235.3633 233.2416 231.6258 226.5882 218.9326 190.8512 150.4537 206.3399 230.3339 210.7058 161.8321 164.5784 229.2686 247.1395 245.5985 156.5046 114.3552
162.5378 172.5436 199.8378 201.6344 208.7256 201.1202 197.8863 190.9054 191.6744 203.6821 168.5536 121.9609 163.9018 202.5079 203.7455 210.97 208.2874 169.4125 154.655 180.9372 209.0936 217.7992 221.3771 225.6292 188.2991 163.3291 140.7044 130.3153 171.8286 197.7671 208.3101 207.6432 200.3135 197.8904 219.5185 210.4798 218.6103 220.6372 218.2166 228.0208 224.825 247.7363 247.6888 249.1662 243.4824 241.909 242.5872 241.4296 233.6881 245.3884 229.5078 218.877 220.1106 230.1486 193.9033 220.2481 232.5499 220.0252 200.2439 196.9613 229.2603 231.9059 147.1771 112.9438
201.9656 185.0008 178.8183 185.3475 201.9962 211.8721 200.5568 194.3792 195.0032 193.2407 168.0073 138.5943 141.9086 182.7272 201.7924 213.8835 192.8373 202.4741 191.7515 166.7951 190.6256 211.2003 229.3382 218.0562 206.7069 201.4255 191.8028 176.8195 144.2745 136.3153 133.9202 141.5056 146.6283 146.1929 161.698 171.1457 180.3713 196.0962 225.2749 211.7589 220.5846 233.2479 244.787 244.9932 234.056 242.0588 241.2568 231.0653 236.3816 238.8593 238.7257 240.1716 238.7643 237.218 220.2723 238.169 237.8724 243.1946 242.6975 238.3657 231.5695 232.2037 180.7428 127.639
210.9502 204.8224 190.1566 204.9668 213.9812 206.6015 200.145 203.6883 201.7373 199.3251 186.1358 180.5245 152.413 171.2861 187.4706 200.8875 193.3682 197.2869 197.9839 179.2383 186.8074 195.8799 211.9142 225.5107 206.2847 211.058 198.0667 193.1885 190.7393 207.9967 200.753 192.5181 207.4521 212.4518 201.5034 183.7565 164.6265 173.8339 164.4333 164.3246 211.6068 222.4946 232.0463 226.1586 238.9953 227.7982 239.5333 241.3537 238.0384 245.0005 240.1675 236.9989 242.3053 239.8746 225.9107 230.1356 233.6664 234.4627 212.0838 195.6535 208.455 217.7856 230.5581 162.1816
186.0061 182.4254 209.0108 206.4884 203.2305 213.0976 210.149 199.1903 184.5238 197.6305 187.907 167.9631 154.3266 165.9748 191.2534 185.4459 192.6932 221.3407 210.432 208.0186 186.6544 196.0698 201.2246 202.8843 214.1298 216.3943 209.0811 205.2002 193.1501 214.4086 208.6271 218.8782 232.3958 235.7638 213.2041 222.6751 224.6752 219.6039 207.188 168.9408 168.6356 195.4128 214.3319 225.1205 209.1312 213.6864 215.9077 206.5851 227.2997 226.664 204.4708 236.9423 231.9749 213.9748 216.8363 196.1563 203.2567 204.0509 208.0269 202.7003 189.3966 214.7997 223.6522 161.9197
191.1599 186.3453 210.0724 204.8685 192.805 198.7008 195.7652 202.7667 199.7546 187.6998 182.3111 174.271 167.4715 166.3001 191.1126 193.2322 195.3102 206.6533 203.7523 202.9801 200.6621 195.1387 194.8562 207.8594 211.6671 231.6968 210.9989 204.4641 198.9627 206.1007 211.5424 222.785 237.4132 222.9605 230.3555 226.2753 219.1458 214.6945 217.1128 216.2262 198.7982 175.934 171.4294 188.3028 191.7743 200.2581 187.6832 187.7005 200.4504 194.6837 186.8887 190.6927 195.5666 201.4871 196.3703 192.1427 185.101 190.1306 192.3347 186.9501 210.5816 210.6024 210.7215 137.8348
212.2795 206.2507 201.3896 207.5127 197.1858 188.6075 192.1315 191.9807 200.2337 185.7621 198.8008 184.5964 196.0828 198.5782 184.1414 182.3953 178.1734 184.1019 203.184 195.0325 197.9321 204.6544 193.1698 204.253 203.1127 220.0044 228.8194 217.3754 210.5121 219.6731 214.8732 215.2086 219.2292 214.5907 228.4246 222.6309 215.4664 218.7465 221.3955 214.2748 217.6181 197.6951 220.6274 226.7735 228.2145 233.5249 236.3789 226.4666 194.0628 197.9651 218.623 238.3432 234.5438 242.4223 207.4593 194.2026 196.3052 197.4124 192.814 192.6583 205.7618 144.6403 131.3931 113.731
205.241 208.0087 196.19 204.559 205.2997 193.4456 186.6402 178.7804 176.112 215.2038 202.9852 203.9646 208.6579 186.5719 195.938 203.4165 204.5064 193.1472 208.3112 206.1431 213.8683 203.1729 214.9464 211.4854 214.2854 211.0574 207.1013 216.202 211.1286 210.8964 212.1139 205.2614 207.8057 212.2153 211.394 224.2932 221.5146 222.9954 210.0969 214.9262 212.1293 218.9197 232.4209 223.9524 230.0355 232.12 240.0567 226.382 225.2906 236.3394 222.8532 241.4477 245.5399 224.772 193.299 187.135 185.5653 189.3139 188.7125 200.6678 211.1885 120.4439 102.3805 98.383
185.2535 189.8645 197.3573 188.5473 187.0793 190.5274 184.8112 177.9941 182.72 193.9075 216.0349 213.4391 164.5484 183.4877 187.7698 184.961 193.2181 192.9855 199.4489 199.2407 207.9827 211.6058 212.3286 222.5831 209.9278 209.7279 210.5196 213.1955 203.9264 214.177 218.3788 213.6711 218.4242 204.0996 214.2614 222.2678 220.9106 221.4732 217.6021 219.8257 221.4922 227.0794 229.0085 229.03 227.5171 221.1741 229.6205 235.8933 236.9288 232.5819 246.7924 236.3464 215.6821 176.8703 178.2839 185.8283 190.4042 185.0154 188.2268 208.6815 170.552 111.0215 101.8001 96.6805
162.559 178.0316 188.1504 185.07 172.0811 188.3461 186.3546 191.7989 180.276 176.7323 191.6662 185.7005 184.2583 185.7171 188.6665 195.1368 194.39 198.8038 196.9708 214.2122 199.0336 207.3855 223.3566 220.7794 220.6914 211.5108 209.3224 208.5541 207.288 213.0148 216.7209 214.001 215.5889 216.5645 213.3781 209.6358 218.7947 218.5522 221.8001 221.7519 233.6681 231.3737 234.9283 231.354 235.0771 228.0878 232.3929 225.1157 214.4145 236.1816 217.2117 200.924 187.3027 176.9371 161.7955 155.6954 167.5497 163.5169 186.3952 214.1297 181.1259 113.0478 96.975 96.2153
156.7865 160.9298 177.2252 162.8789 173.8362 159.1072 175.5968 173.7562 176.1934 151.1534 169.4934 192.6578 199.1523 196.1072 199.2007 196.1065 200.5688 200.7175 210.8407 213.001 204.1259 198.1151 218.9795 218.0441 226.7233 217.2452 211.5777 219.305 212.4453 215.2326 215.203 222.9169 213.1531 213.2959 215.0335 220.5808 223.3266 216.9945 222.7888 227.066 234.1271 220.7006 222.292 235.9903 227.4532 181.5459 178.8591 171.3447 168.3039 178.9209 180.8819 168.1158 172.0247 157.3703 155.8046 145.8634 160.0509 154.7185 148.1604 207.4263 173.749 102.1392 105.0031 102.3341
157.351 163.6099 161.2547 114.4185 117.0221 106.4631 105.0891 110.7308 114.1662 140.1567 180.2747 171.2549 189.8616 202.7576 208.6072 212.4063 215.7154 216.3805 213.9521 209.2598 203.5074 209.5034 209.0463 219.0808 217.0831 205.0935 200.1028 200.8431 203.6929 214.0021 206.7136 217.2223 223.9393 217.7361 216.8058 223.3774 230.8538 225.2898 222.7409 220.7254 214.3583 220.778 226.4972 224.2952 180.9199 159.2526 158.8544 160.2726 166.3101 158.8154 151.2104 157.6033 155.3494 146.6154 162.3381 153.1283 153.1865 146.5677 135.4982 128.9576 118.9489 135.8018 113.9084 112.2746
113.3361 105.7284 118.6906 115.9978 122.0446 162.3287 173.6499 164.1413 147.6557 116.7345 115.0857 132.5309 140.442 184.2235 191.0132 208.0292 214.5466 207.0323 205.3493 203.1679 204.3811 188.6717 208.7169 208.4711 200.8505 194.4978 184.7435 186.9959 203.0127 203.2842 198.342 212.9615 219.3966 203.5181 206.5641 214.4585 214.5227 205.8658 224.2247 203.0924 212.99 215.7295 179.2657 169.6417 170.5454 151.6446 141.2123 145.9814 172.5034 177.651 160.8516 140.1952 141.1134 154.6187 161.5538 149.0952 147.421 152.0323 153.2467 147.2409 165.3656 220.6251 134.9602 132.5309
122.6376 133.3714 157.6244 164.7525 146.4155 147.5155 164.0747 170.2828 181.6209 181.5272 189.3035 169.7712 128.5244 131.0256 148.127 187.8996 196.7703 184.1996 181.2966 154.5238 135.0764 159.9686 154.5004 149.2299 150.5991 140.8869 141.4746 145.0852 166.2984 185.3844 213.8196 209.2942 212.1754 209.0694 202.297 189.2222 179.3069 216.2647 212.3275 216.6492 229.1868 227.0921 185.5568 166.4854 154.4937 141.7922 153.1857 209.9871 235.7899 224.2356 159.9577 140.6351 139.2872 142.8854 141.4967 145.4597 142.0377 144.2487 143.3646 146.7626 148.4041 150.6614 150.8962 148.3494
158.4546 144.8081 161.3782 170.4767 161.8697 156.8663 164.8614 156.4186 175.2641 179.6445 191.191 179.951 165.5268 178.5564 176.2728 127.7283 131.8673 154.3221 144.0357 154.5512 171.5051 179.4996 169.9198 182.2389 184.1788 190.9932 178.2649 147.8888 137.2753 161.615 193.7771 182.786 207.0509 203.4545 173.4208 151.9177 187.8612 223.4035 208.4966 177.4177 211.367 218.1968 178.5003 169.7428 151.1979 141.2063 187.9918 228.8247 195.3954 168.2159 143.3311 140.265 139.9096 143.468 141.7408 134.1105 145.4146 136.9566 136.3372 144.0453 147.4125 136.6344 141.0169 146.3356
158.1318 159.4582 164.3438 172.371 158.6064 169.1712 171.4455 171.1457 175.6511 186.2933 197.61 203.686 187.0688 187.4297 197.2399 188.8163 202.9976 214.8604 190.8951 194.1132 197.6933 195.402 187.3993 197.0302 198.5949 196.2737 194.3384 176.8031 138.5007 156.4196 157.6996 136.1302 180.8158 179.2115 148.0903 180.6815 208.1429 193.4975 159.1867 190.2013 157.7197 143.7812 147.9489 149.5508 149.591 135.4172 163.6816 152.0855 150.7964 136.8197 142.7213 135.1513 141.0647 143.693 138.0353 138.1345 136.6424 136.5045 143.9922 144.4161 144.6552 134.8339 142.3802 142.0739
177.1277 177.7524 169.9231 175.0439 178.5515 173.5573 187.6044 188.5329 192.1367 188.7539 198.2884 208.799 207.2986 197.2382 185.5601 183.5741 198.5734 205.9583 201.0784 193.0336 192.2402 194.7115 192.3432 193.4339 188.7479 191.9352 193.4912 194.3401 175.9584 191.2742 178.8585 197.6513 170.2023 148.8709 130.3463 146.8369 149.5934 141.3887 138.778 129.3796 129.9724 131.1982 130.5154 130.8441 136.5238 138.4772 135.7442 129.0434 132.9822 131.3691 129.6286 133.9659 131.02 132.3591 132.8315 133.1029 136.5186 139.8759 144.314 141.2672 138.477 137.9872 141.2377 139.2444
170.175 171.6154 170.0298 176.2027 176.6166 187.9143 198.4895 194.2058 193.744 197.0176 197.8008 189.6843 194.6949 184.0955 181.5423 184.2795 187.6346 179.0585 199.4064 182.5806 174.7894 182.7166 193.5772 199.9106 199.7356 196.98 185.8943 195.6719 196.7391 195.5974 189.1348 165.4306 195.8538 208.5759 197.6086 159.7861 142.5731 134.3815 132.8532 130.5216 131.053 130.8821 128.9434 132.6053 132.0297 129.4335 133.4889 132.5538 132 132.3933 132.3693 136.1552 133.9604 132.4247 132.6052 131.9257 134.4077 135.0592 135.8289 135.9984 136.7009 135.6567 137.1041 137.4366
158.9218 153.0536 156.0067 166.3123 169.4245 177.9456 183.0525 176.9213 166.1067 174.5127 167.2407 160.6404 162.5348 169.8993 178.5079 176.8035 179.6499 182.4051 184.9024 186.383 187.1512 185.4634 187.1952 197.0615 198.9597 194.1484 192.644 199.4651 206.0258 211.2847 206.533 187.1569 188.9166 202.1496 172.7068 140.8852 140.0471 135.3877 133.6529 136.4217 134.3477 133.4492 131.4158 132.1521 135.6722 140.0842 126.5676 120.0494 132.2406 134.0355 132.2243 138.0345 132.6911 131.0573 133.7605 129.286 128.647 134.032 131.6465 131.5285 132.553 133.2378 136.5826 136.2254
149.721 147.5923 161.6568 174.1573 160.8025 151.7742 146.1565 145.129 154.0282 166.8515 170.6686 182.384 179.028 170.3568 179.6281 176.8736 174.8695 184.1312 184.8895 195.8101 191.4158 200.7954 186.4563 189.1264 192.3125 201.769 203.1899 201.7275 198.971 203.9163 219.7452 208.361 215.4386 208.4886 174.9625 160.4131 140.6751 136.8988 130.4585 135.47 136.558 135.0986 139.131 132.3244 130.4898 123.9342 127.1341 128.0033 134.1774 131.13 137.9029 141.9023 137.5871 132.7531 131.8756 132.5075 131.5701 134.5953 136.2582 134.8626 136.7433 141.5195 144.4099 135.7618
149.9883 124.2327 149.7827 158.6735 147.8762 140.7847 156.9091 172.0098 181.1632 179.9879 182.3363 190.4165 178.5358 173.912 179.0879 192.3843 191.9291 188.1258 195.7878 198.3449 192.4326 189.8427 191.6692 190.5416 198.1368 197.687 200.5889 208.3395 211.7684 199.426 204.3513 215.189 214.799 206.7938 207.0135 200.0645 180.6432 152.5627 145.1661 134.0389 132.3223 141.8326 141.3132 139.506 134.1725 132.9173 126.8612 131.8448 132.8546 130.8558 135.079 130.6681 128.2425 127.5296 135.8427 139.1851 142.5249 143.1802 150.1649 142.5456 144.3679 154.9361 150.1451 145.2268
122.7885 146.8834 155.5994 152.7529 138.8342 157.7959 165.8587 162.1501 179.3227 175.9394 181.5796 181.1428 183.8981 182.7422 182.4678 189.6581 196.3872 186.3734 196.7208 199.5908 195.7651 200.4699 198.1853 200.5901 201.0107 196.5563 188.3356 190.2106 195.394 188.9465 191.5807 202.9352 214.1991 216.9864 211.8316 206.9435 209.8915 187.2651 193.2925 190.3908 148.1044 138.3663 138.88 132.832 137.9833 134.2041 139.0132 132.7638 141.0445 140.3097 143.5943 130.6935 126.0085 127.9689 134.2431 138.4225 138.4023 141.5811 148.4239 152.4664 148.3888 145.5569 152.0901 151.9926
157.037 131.9015 120.2196 131.3657 145.3474 143.7564 140.1773 143.3112 157.6263 157.8334 167.4906 164.418 173.6246 178.3616 181.6258 198.4303 203.029 203.4941 202.9798 203.7249 201.9099 195.989 199.1323 201.5632 202.2405 202.8636 199.8588 197.4962 192.7713 185.9288 191.865 203.253 205.3983 202.4236 205.3028 210.9218 212.9444 227.5381 214.6548 198.7955 159.0759 155.1057 152.8154 143.7473 140.0736 137.8523 140.4089 164.044 190.0376 184.3027 131.908 123.6151 123.7899 140.408 144.4192 141.9952 134.4511 138.0566 139.2202 139.0043 134.2777 134.2655 135.8603 130.2358
156.3952 174.0515 170.956 161.419 144.7802 148.37 126.868 149.6043 162.7464 171.495 177.8835 175.0934 180.5407 185.9641 198.4666 200.7517 184.4293 198.052 204.2836 202.1675 195.3351 192.649 197.1016 196.3263 195.6262 196.5222 194.9591 186.3714 181.8181 183.7654 196.3268 202.2845 190.0962 202.5359 207.6821 207.6808 209.059 184.8023 211.8004 212.5245 206.7473 209.5435 163.3638 158.0996 160.0301 148.4628 143.5702 126.852 122.574 118.228 116.2354 111.3625 117.8851 126.8129 122.0506 122.5126 119.7363 120.9765 133.5029 129.8587 125.4315 116.0447 129.8766 134.9737
168.9331 170.6594 185.1605 181.961 157.618 146.3197 149.3841 128.2237 154.1326 159.3466 162.9799 179.1841 188.4296 184.7554 177.8837 179.205 191.3975 201.3269 194.5414 194.669 194.4888 188.7875 191.0402 187.9074 194.4123 199.8484 199.9254 194.5423 189.2615 190.5709 210.5073 215.9958 204.4984 205.0083 191.1861 169.2089 143.7816 133.9333 166.4658 144.5696 146.5223 139.8673 154.4078 172.7149 151.4678 139.9601 123.8144 117.2989 108.8568 107.3745 101.6975 101.2639 111.3264 112.7403 105.8319 105.7104 103.4007 109.0173 114.5155 113.4197 110.6448 115.2272 122.1188 132.5862
180.484 191.5759 177.3179 172.0278 168.0611 163.8087 147.2401 128.2467 147.3046 165.8273 176.0597 175.5923 175.5628 176.1586 174.4403 175.6651 175.4487 176.6589 177.0808 173.7691 178.379 183.6847 187.1215 192.2811 200.5778 205.0277 195.8599 180.8258 176.7943 184.8956 200.4956 215.8376 210.7661 191.9873 145.949 126.41 124.4693 117.7931 111.644 99.6553 114.4817 118.2985 137.8991 154.8269 137.1288 125.7161 117.2205 114.2328 110.651 105.7458 98.2212 100.5044 97.9354 93.6622 97.9491 97.8131 98.0045 102.4768 102.9294 103.756 105.1908 110.0627 115.4777 124.9255
