MapLib/Lvl1_5x5/BG/Ele_BG_AD.asc
ncols         557
nrows         557
xllcorner     1670500
yllcorner     6122669.448
cellsize      1000
nodata_value  -9999.0
[rows 435 to 463 of 557, columns 0 to 64 of 557]
-36.4279 -35.6322 -34.1489 -32.5136 -30.6367 -28.8086 -27.1734 -26.4345 -25.8689 -25.8689 -25.1437 -24.8689 -25.1462 -26.1424 -26.8689 -27.1765 -27.9703 -28.7883 -28.4192 -26.832 -26.0271 -24.8689 -23.8782 -23.0314 -22.7212 -22.3034 -22.3034 -21.8689 -21.8689 -21.1133 -19.8689 -19.1609 -17.7198 -18.413 -19.0483 -20.5753 -21.3842 -21.4345 -21.4345 -21.0912 -20.1939 -18.8083 -16.7795 -14.3505 -11.9171 -9.1001 -6.5291 -4.0691 -3.8689 -2.7263 -1.5309 1 -1.9174 6.8882 7.0777 5.4195 -3.2023 -2.7418 1.4718 -2.953 -4.3766 -7.2694 -9.3034 -8.2876 -7.1974
-37 -36.395 -35.7343 -34.1489 -31.5136 -29.8783 -28.3007 -28.0697 -28.0697 -28.1208 -29.0697 -29.0697 -29.0697 -29.3938 -30.0697 -30.0697 -30.2489 -31.8274 -31.0697 -29.9907 -29.0892 -28.1147 -27.1481 -27.0697 -26.0697 -26.0072 -26 -26 -26.0559 -24.6627 -23.0666 -21.4314 -19.8201 -20.1195 -20.7802 -21.3711 -22.0697 -22.5531 -23.0589 -22.265 -22.0697 -22.0697 -20.775 -18.878 -16.2764 -13.6353 -9.8051 -6.5346 -6.7509 -6.9338 -4.501 -3.6633 -4.2576 -5.2092 -4.2566 -5.1634 -5.8272 -6.2789 -7.1389 -9.2348 -11.452 -13.8355 -14.599 -13.0335 -11.3982
-37.6943 -37 -36.5036 -35.0791 -33.1489 -31.6485 -30.8272 -30.41 -30.41 -30.626 -30.705 -30.705 -30.705 -31.8977 -32.41 -31.705 -31.8842 -32.705 -32.705 -31.705 -31.4925 -30.6001 -29.7115 -28.705 -27.5208 -26.7355 -26.705 -26.705 -26.9417 -26.705 -25.6835 -24.7019 -23.8729 -23.41 -24.41 -23.705 -23.0815 -23.705 -23.9543 -23.705 -23.705 -24.41 -24.41 -23.7838 -21.1822 -18.9116 -15.8081 -13.0756 -12.8199 -11.9723 -10.8854 -9.8199 -9.8342 -10.1149 -10.0208 -10.7741 -11.5305 -12.8199 -13.6799 -14.6102 -15.41 -15.096 -14.8817 -13.9893 -13.0335
-37.6498 -37 -37 -36.0791 -34.4439 -33.8086 -33 -32.355 -31.6598 -31.6598 -31.7849 -32 -32.6382 -34.2734 -34.4005 -33.6411 -33.3402 -33.8776 -33.7033 -33 -33 -32.7655 -31.3495 -29.7142 -28.4192 -27.3754 -27.3402 -27.6805 -28.2098 -28.3402 -28.6805 -28.2133 -28.0207 -28.0207 -27.4069 -26.7716 -25.4372 -25.7037 -26.0207 -26.0207 -26.3013 -27.0607 -27.6805 -27.5678 -26.3738 -24.0788 -21.7838 -19.5731 -18.8535 -17.878 -16.5075 -15.7481 -15.0207 -15.0207 -15.1226 -15.6649 -17.2699 -18.2454 -19.5881 -19.1852 -18.55 -16.9147 -15.6805 -15.6928 -15.3492
-37 -37 -36.7214 -36.0019 -34.4439 -33.0198 -32.1936 -31.0245 -31 -31 -31.009 -32 -32.6382 -34.2734 -35 -34.4449 -34 -34 -34 -33.9755 -33.2729 -33 -32.0093 -31.3495 -30.7142 -29.9535 -29.951 -29.9755 -29.9755 -30.951 -31.0465 -31.951 -32.2859 -32.9265 -32.9114 -31.9204 -31.0393 -30.9265 -30.9265 -30.9265 -30.9265 -30.951 -30.2722 -29.6444 -28.9518 -27.3493 -26.6896 -25.9051 -24.4191 -23.7593 -22.1431 -20.9265 -19.9265 -19.2595 -18.632 -18.9052 -20.5404 -21.9565 -22.8144 -22.4557 -21.8205 -20.1852 -19.9265 -19.9627 -20.2549
-37 -37 -36.4363 -35.6416 -34.7835 -33.4194 -32.289 -31.1489 -30.5514 -30 -30.3677 -32.0029 -33.3898 -34.8842 -35.6107 -35.6107 -34.9302 -34.6107 -34.6107 -34.6107 -34.3304 -34.0044 -33.2251 -32.6107 -32 -32 -32 -32 -32 -33.0483 -33.6835 -34.8864 -35.7444 -36 -36 -35.903 -35.6107 -35.6107 -35.6107 -35.6107 -34.9617 -34.1845 -33.3399 -31.8904 -31.2215 -31.2215 -31.2215 -30.882 -30.3248 -28.7767 -27.9679 -26.6714 -25.4134 -24.5661 -23.3188 -23.4252 -25.2619 -25.8322 -25.6418 -25.2215 -25.091 -23.9234 -23.4664 -24.2436 -25.5038
-38 -37.5096 -37 -36.3057 -35.5807 -35.246 -34.6227 -32.9165 -31.246 -31.0658 -31.0904 -32.2489 -33.8842 -35.7256 -37.2235 -36.246 -36.246 -36.246 -36.246 -36.246 -36.4232 -36.978 -35.5013 -34.092 -32.7388 -32 -32 -32.167 -33.1974 -34.1076 -35.0179 -35.7799 -36.5049 -37 -37 -37 -37 -37.1278 -37.246 -37.246 -37.246 -36.492 -36.492 -35.738 -35.738 -35.738 -35.738 -35.5235 -34.6132 -33.7029 -32.9055 -32.4265 -31.9356 -31.1522 -31.3085 -31.2413 -30.984 -30.2673 -28.632 -28.492 -28.3936 -27.738 -27.738 -28.7654 -29.6572
-37.1187 -37.1187 -37 -36.1885 -35.5099 -35.1187 -34.3903 -33.602 -32 -32.5585 -33.1302 -33.8842 -35.5194 -37.1547 -37.9892 -37.8813 -37.8813 -37.8813 -37.8813 -37.8813 -37.9668 -38.568 -37.0093 -35.2553 -33.8502 -32.9725 -32.8813 -33.0483 -33.9765 -34.9332 -35.8899 -36.624 -37 -37 -37.5409 -37.8813 -37.8813 -37.943 -38 -38 -38 -38.0534 -38.8813 -38.8813 -38.8813 -38.8813 -38.8813 -38.7777 -37.821 -36.8643 -36.7625 -36.7625 -36.7568 -36.725 -37.6817 -37.6492 -36.1243 -34.4191 -32.7838 -32.6438 -31.7625 -31.7625 -31.7625 -32.7625 -32.8423
-36.4684 -35.8194 -36.631 -36.0791 -34.1566 -32.7756 -31.5673 -31.9454 -33.0502 -34.6272 -36.4007 -37.0359 -38.3416 -38.7899 -39.5165 -38.737 -38.6032 -39.4207 -39.0668 -38.5165 -38.8647 -38.8281 -38.0048 -36.6973 -35.5165 -35.0831 -35.033 -35.5165 -35.5165 -35.7281 -36.5517 -37 -37.6825 -38 -38.5165 -38.5165 -38.5165 -38.7677 -39 -39 -39 -39.5165 -39.5165 -40.5165 -40.5165 -40.8273 -41.033 -41.033 -40.2712 -39.9593 -39.5165 -39.033 -39.5415 -40.033 -40.6813 -40.0788 -39.748 -38.9244 -37.6896 -37.5496 -36.5496 -36.5496 -36.3424 -35.0143 -33.845
-33.6814 -33.3468 -34.588 -33.9154 -32.8482 -31.8377 -31.1518 -31.6137 -33.0971 -35.3536 -37.3119 -37.8487 -38.5413 -39.2319 -39.8482 -39 -39 -39.6908 -39.4668 -39 -38.8907 -38.5467 -37.8496 -37 -36.7784 -36.1518 -36.1518 -37 -37 -37 -37 -37 -37.2912 -37.9967 -38.6138 -39.0378 -39.9019 -40.0789 -40.1518 -40.1518 -40.1518 -40.2032 -41 -41.0503 -41.9715 -42.0913 -42.1518 -42.8916 -42.1518 -42.0091 -41.1518 -41.1518 -41.1929 -42 -42.0484 -42.1518 -42.1518 -41.9612 -41.173 -40.7317 -40.1518 -40.1518 -39.2427 -38.1155 -35.9107
-30.4227 -30.3515 -30.7115 -31.4259 -31.213 -32 -32.6506 -32.8854 -33.8842 -34.943 -36.213 -37.0006 -37.7152 -38.4282 -39 -38.5719 -38.354 -39 -39 -39 -38.2798 -37.213 -37.002 -37 -37 -37 -37.4185 -37.787 -37.787 -37.4427 -37 -37 -36.213 -37.1915 -38.1307 -39.2491 -40.696 -41.3066 -41.787 -41.787 -41.787 -41.787 -41.787 -41.8576 -42 -42.9152 -43.1864 -43.787 -43.787 -43.6444 -42.787 -42.787 -42.787 -42.787 -42.855 -43 -43.4639 -43.787 -43.6039 -42.787 -42.5741 -42.5741 -42.1731 -40.5378 -38.9025
-29.9913 -29.798 -30.4223 -30.9543 -31.4223 -32.5328 -33 -33.6891 -34 -34.7324 -35.733 -36 -36.3687 -37.6932 -38 -37.7703 -38 -38.8145 -38.8101 -38.4927 -37.1616 -36.5777 -36.5777 -37 -37.4223 -37.9402 -38.4223 -39 -39.3388 -38.9848 -38.4223 -38.0132 -37.4223 -38.4008 -38.7769 -40.1052 -40.9332 -41.5196 -42 -42 -42.4223 -42.4573 -43 -43 -43.4081 -43.7699 -44 -44.3683 -44 -44 -43.2221 -43 -43.0205 -43.4223 -43.4223 -43.9735 -43.7511 -43.4479 -42.6368 -42.5777 -41.5777 -41.5777 -41.346 -40.5568 -40
-30 -30.0374 -31.2856 -32 -32.5817 -33.011 -33.8366 -34 -34 -34.6903 -35 -35 -35.6014 -36.2734 -37 -37 -37.9528 -38.8145 -38.5503 -37.0527 -36.3212 -35.3926 -36 -37.036 -38.2612 -39 -39.5587 -40.0096 -40.8137 -40.5876 -40.0534 -40 -40 -40 -40 -40.2923 -41 -41.5472 -42.0575 -42.8022 -43.0575 -44 -44 -44.0191 -44.0575 -45 -45 -45 -44.5218 -44 -43.2668 -43.0238 -44 -44 -45 -44.1007 -43.4445 -42.7882 -41.1976 -41.029 -40.05 -40 -39.4355 -40 -40.0386
-30 -30.6503 -31.2856 -32 -33 -33.1914 -34 -34 -34 -34 -34.3072 -34.3072 -34.7493 -36.084 -36.3072 -36.3072 -37.1792 -38.8145 -38.8619 -37.9739 -37.1938 -36.6928 -36.6928 -37.626 -38.2612 -39 -40 -40.7441 -41 -41.3897 -40.9776 -40.6928 -40.6928 -40.6928 -40.6928 -41 -41.6127 -42.36 -43.1073 -43.6928 -44.2947 -44.6928 -44.6928 -44.7945 -45 -45.4168 -45.6928 -45.6928 -45 -44.594 -44 -43.8197 -44.0336 -44.6928 -45 -45 -44 -43.6928 -42.8328 -42.1976 -41.5623 -40.6928 -40.6928 -40.6928 -40.8991
-28.687 -30.1089 -30.9575 -31.6719 -32.6719 -32.8633 -33.6719 -33.6719 -34 -34 -34 -34 -34.4288 -35.2734 -36 -36 -37.1792 -38.5473 -39 -39 -38.5161 -38 -38 -38.2054 -38.5036 -39.2941 -40.5318 -41 -41.8023 -42 -42 -41.5242 -41.3281 -41.3281 -41.3281 -41.4954 -42.2901 -43.1705 -44.0508 -44.859 -45.1395 -46 -46 -46 -46 -46 -46 -46 -45.4926 -45 -45 -45 -45 -45 -45 -45 -45 -45 -45 -43.8328 -43.1976 -42.3281 -42 -42 -42
-27.0372 -27.6999 -28.359 -29.9604 -30.6091 -31.2281 -32.0367 -32.4816 -33.0367 -33.0367 -33.0367 -33.0367 -33.6514 -35.01 -35.912 -36 -37.0066 -37.8213 -39 -39 -39 -38.9633 -38.9633 -38.9863 -39.9633 -39.9962 -40.9828 -41 -41.0294 -42 -42 -42 -42.9633 -42.9633 -42.9633 -42.9633 -43.8476 -43.9824 -44.969 -45 -45.9789 -46 -46 -45.681 -45.0367 -45.0367 -45.0367 -45.0367 -45.5069 -45.9633 -45.9633 -45.9633 -45.9633 -45.9633 -45.9633 -45.9633 -45.9633 -45.9633 -45.9633 -45.4681 -43.9952 -43.2257 -42 -41.9651 -41.0367
-25.0061 -25.4014 -26.5724 -27.3697 -28.4014 -29.5928 -30.8962 -31.4014 -32 -32 -32 -33 -33.6382 -34.2734 -35 -36 -36.7778 -37.9255 -38.7791 -39 -39.4311 -39.5986 -39.5986 -40.3747 -40.7034 -41 -41 -41.1 -41.5986 -41.7742 -42.0436 -42.8828 -43.7364 -44 -44 -44.1491 -44.9536 -45 -45 -45.3172 -46 -46 -45.5835 -45 -45 -45 -45 -45 -45.2037 -46 -46 -46 -46 -46 -46 -46 -46.5895 -47 -47 -46 -45.4681 -43.8328 -42.5986 -42.1754 -41.5986
-25 -25 -25.7662 -25.9815 -27.3223 -28.8109 -29.8266 -30.8742 -31.0744 -31.9374 -32 -33.0007 -33.7228 -35.0639 -35.93 -36.7778 -38.0419 -39.0483 -39.5784 -40.2338 -40.2338 -41.0831 -41.2338 -41.2338 -42.0611 -42.2338 -42.2338 -42.2338 -42.8485 -43.2338 -43.2338 -43.7763 -44 -44 -44 -44 -44 -44 -44.1186 -44.7662 -44.7662 -44.7662 -44.7662 -44.5125 -44 -43.8593 -43.7662 -43.7662 -44.5074 -45.1093 -45.9481 -46 -45.7291 -45 -44.9254 -44.9893 -45.7662 -46 -46 -46.1158 -46.2338 -46.2338 -45.4677 -44.4677 -44.3106
-25 -25 -25 -25.9209 -27.4252 -28.1914 -29.8266 -30.9296 -31.0844 -31.965 -32.8691 -33.8695 -34.5546 -36.1425 -36.8691 -37.9403 -39.0483 -39.9757 -40.8691 -41.0738 -41.8691 -41.9156 -42 -42 -42.9033 -43 -43 -43.1452 -43.8691 -44 -44 -44 -44 -44 -44 -44 -44 -44 -44 -44 -44 -44 -44 -44 -44 -43.3984 -43 -43 -44.0664 -45 -45.7779 -46 -45 -45 -44.0892 -44.1249 -45 -45.1309 -45.8783 -46.0648 -47 -47 -47 -46 -45.9121
-24.0151 -25 -25.6459 -26.4644 -28.0605 -29.6957 -31.331 -32.5043 -32.5043 -33.2367 -33.872 -35.5043 -36.1425 -37.7778 -38.9626 -39.5043 -40.5043 -41.3188 -41.7272 -42.5043 -42.5043 -42.6805 -43 -43 -43 -43 -43.2682 -44 -44 -44 -44 -44 -44 -44 -44.8086 -45 -45 -45 -45 -45 -45 -45 -45 -45 -44.521 -44.5043 -44.5043 -44.5043 -44.7558 -45 -45 -45 -45 -45 -45 -45 -45 -45 -45 -45.4957 -45.4957 -45.4957 -45.4957 -45.4957 -45.1628
-25.2943 -26.2792 -27.2792 -28.2001 -30.3138 -32.331 -33.9662 -34.1396 -34.3628 -35.2418 -36.5955 -37.2817 -38.2287 -39.413 -40.9214 -41 -41.2938 -42 -42.5265 -43.0119 -43.1396 -43.1396 -43.1396 -43.1396 -43.1396 -43.911 -44 -44.1396 -44.1396 -44.1396 -44.1396 -44.1396 -44.1396 -44.9816 -45.7534 -46.1396 -46.1396 -46.1396 -46.1396 -46.1396 -46.1396 -46.1396 -46.1396 -46.1396 -46.0047 -45.1396 -45.1065 -45 -45 -45 -45 -45 -45 -45 -45 -45 -45 -45 -45 -45 -45 -45 -45 -45 -45
-28.5531 -29.2788 -29.9962 -31.4706 -32.6749 -33.9662 -35.6015 -36.5497 -36.8501 -38.2821 -39.5497 -39.7749 -40.413 -41.0483 -41.7749 -41.7749 -42 -42.6311 -43 -43.794 -44 -44.7749 -44.7749 -44.7749 -44.7749 -44.7749 -44.7749 -45 -45 -45 -45 -45 -45 -45.7582 -47.3887 -47.7749 -47.7749 -47.7749 -47.7749 -47.7749 -47.7749 -47.7749 -47.7749 -47.7749 -46.8085 -46.7749 -45.9467 -45.0991 -45 -45 -45 -45 -45 -45 -45 -45 -45 -45 -45 -45 -45 -45 -45 -45 -45
-30.0062 -31.0605 -32.1171 -33.331 -34.2281 -35.6015 -36.8977 -37.6826 -38.0971 -39.7324 -41 -41.4101 -41.7866 -42 -42.3727 -42.4101 -42.5158 -43 -43.6754 -44 -44.7202 -45 -45.4063 -45.4101 -45.5642 -46.3677 -46.4101 -46.4101 -46.4101 -46.4101 -46.4101 -46.4101 -46.4101 -47.3887 -48.4101 -49.1021 -49.4101 -49.7166 -50.4101 -50.4101 -49.9848 -49.4101 -49.1247 -48.6689 -48 -47 -46 -45.1278 -45 -45 -45 -45 -45 -45 -45 -45 -45 -45 -45 -45 -45 -45 -45 -45 -45
-31.0605 -32.0454 -33.318 -34.0418 -35.5763 -36.2367 -37.8345 -38.021 -39.0044 -39.7778 -41.0167 -42.0481 -43 -43 -43 -43 -43.0454 -43.8229 -44 -44.0039 -44.7329 -45.0161 -46.0361 -46.6714 -47.0454 -47.9419 -48.0454 -48.0454 -48.0454 -48.0454 -48.0454 -48.0454 -48.3887 -49.0454 -49.6592 -50.0454 -50.9297 -51.0454 -52 -52 -51.0454 -51 -50.3041 -49.0303 -48.0336 -47.3984 -46.0346 -45.1278 -45 -45 -45 -45 -45 -45 -45 -45 -45 -45 -45 -45 -45 -45 -44.9546 -44.9546 -44.9546
-32.6957 -33.6806 -34.6806 -35.6015 -36.6806 -37.7417 -38 -38.8281 -39.7778 -40.9145 -42.0483 -43.002 -43.6806 -43.6806 -43.6806 -43.6806 -44 -44 -44.6806 -44.7656 -45.6806 -46.0361 -47.6714 -48.3066 -48.6806 -49.5771 -49.6806 -49.6806 -49.6806 -49.6806 -49.6806 -49.6806 -50.4709 -50.6806 -51.2944 -51.6806 -52.565 -52.6806 -52.6806 -52.6806 -52 -51.6394 -50.7778 -49.6689 -48.6914 -47.3984 -46.7631 -45.7215 -45.6806 -45.6806 -45.1511 -45 -45 -45 -45 -45 -45 -45 -45 -44.6629 -44.3194 -44.3194 -43.7271 -43.3194 -43.3194
-35.3206 -36.0767 -36.4061 -37.2617 -38.3159 -39 -39 -39.7778 -41.0307 -42.0483 -43.5674 -44.3179 -45 -45 -45 -45 -45 -45 -45.7656 -46.4008 -47.3159 -47.6714 -48.9937 -49.9419 -50.3159 -50.3159 -50.3159 -51.3159 -51.3159 -51.6318 -51.6318 -52.1161 -52.4243 -52.6318 -53.0517 -53.3159 -53.9209 -54 -53.8941 -53.3159 -52.709 -52 -51.3041 -50.2113 -49.0336 -48.1258 -47.3159 -47.0404 -47 -46.8573 -46 -45 -45 -45 -45 -45 -45 -45 -45 -44.1889 -42.9588 -42.6841 -42.3682 -42.3682 -42.3682
-37.903 -38.5697 -38.9162 -38.9511 -39.9511 -39.9511 -39.9511 -40.9737 -42.0483 -42.9869 -44 -45 -45 -45 -45 -45.5174 -45.9511 -45.9511 -47.4008 -48.0361 -48.9511 -49.3066 -49.9511 -50.9817 -51.9511 -51.9511 -51.9511 -52.9511 -52.9511 -53.9511 -53.9511 -53.9511 -54.9191 -54.9511 -54.9511 -54.9511 -54.9511 -54.9511 -54.9511 -54.1996 -53.5466 -52.8935 -51.3041 -50.6689 -49.9528 -48.3984 -48 -47.9574 -47.9511 -46.993 -46.2112 -45 -45 -45 -45 -45 -45 -44.0489 -44.0489 -42.5536 -41.9184 -41.0489 -40.0489 -40.0489 -40.0489
-40.5864 -40.5864 -40.5864 -40.9673 -41.5864 -41.5864 -41.5864 -42.2708 -43.057 -43.5864 -44 -45.0012 -45.1497 -44.7266 -44.9087 -46.319 -47.1051 -47.5864 -48.7724 -49.6714 -50.5864 -50.9419 -51.5864 -52.2124 -53.1532 -53.5864 -53.8982 -54.5864 -54.5864 -55.5864 -55.6291 -56.4656 -56.5864 -57.1602 -57.1728 -57.1728 -57.1728 -56.5864 -55.936 -55.5864 -54.337 -52.9394 -52 -51.3922 -50.6003 -49.2336 -49 -49 -48.2889 -47.8573 -46.2221 -45 -45 -45 -45 -45 -44 -43.3207 -42.4957 -41.2088 -40.2831 -39.0969 -38.4136 -37.4136 -37.4136
-41.2217 -41.2217 -41.2217 -41.2217 -41.7783 -41.8208 -42 -43.1024 -44.2217 -44.0593 -42.9185 -43.7783 -43.7783 -44.839 -45.9087 -46.7656 -48 -48.1805 -49.6714 -51.3066 -52.2217 -52.5771 -53.2217 -54.2217 -54.4829 -55.2217 -55.7534 -56.2217 -56.2217 -57.2217 -58.2217 -58.2217 -58.565 -59.2217 -59.4433 -59.3881 -59.2217 -58.3281 -58.0668 -56.4315 -55.6689 -54.161 -53.2217 -52.2217 -51.2553 -50.5317 -49.7631 -49 -48 -46.9684 -46.1729 -45 -45 -45 -45 -45 -44 -43 -42.14 -41 -39.8695 -39 -37.599 -36.7421 -35.1068
