MapLib/Lvl1_5x5/BG/Ele_BG_FB.asc
ncols         557
nrows         557
xllcorner     556500
yllcorner     3337669.448
cellsize      1000
nodata_value  -9999.0
[rows 84 to 111 of 557, columns 252 to 314 of 557]
34.8239 41.143 43.9168 44.8128 43.8754 37.4987 32.9734 34.4787 35.9594 40.4594 38.4634 40.2321 42.4534 43.7965 42.5362 44.2037 42.2962 40.989 43.8734 43.0442 44.391 42.0788 40.8786 48.7912 39.1977 37.8955 38.1409 36.595 42.27 35.746 43.2876 41.336 40.6399 34.7928 35.421 29.3838 39.5158 41.3789 34.6659 32.2187 32.4971 27.4401 26.7855 22.7125 25.6376 18.189 22.5874 16.2059 13.4136 9.6084 5.8091 6.1671 4.6654 2.0999 2.9276 -1 6.5116 4.6304 14.7466 13.4064 15.1061 28.1044 18.916
32.2558 34.9361 40.9808 44.0599 48.0599 37.1178 31.5061 34.8973 37.7059 40.2171 40.4711 38.9241 39.1348 38.4958 43.4221 38.8217 36.7719 40.3582 38.1398 38.9151 39.7002 37.6074 42.1927 40.7664 41.1035 41.5037 39.2192 39.8792 35.8603 35.5756 39.5297 38.0997 35.6495 38.6779 37.1121 32.125 32.0633 35.8188 34.2614 34.3626 18.508 29.3598 24.7975 21.2275 20.3983 15.6426 15.6506 16.241 10.5938 6.5716 14.2239 1.2279 2.5552 -1 -1 1.166 1.547 3.0186 9.6575 6.6973 16.4578 11.4083 17.6934
30.864 32.4581 40.4344 45.4799 40.8228 28.9464 29.1245 32.5699 39.6166 39.9012 38.1725 38.6717 37.3552 36.2392 39.9461 38.1304 34.9361 37.0596 36.1609 37.6898 38.5544 36.3749 41.8555 38.9793 35.9883 36.2466 36.6802 38.5826 38.6868 35.912 35.3998 33.4731 32.8093 34.6357 27.9152 32.9649 29.2791 29.8605 24.3977 25.3631 22.8501 25.0865 27.5127 21.1861 16.8555 12.0728 20.4067 17.3893 9.4486 6.0315 14.5549 8.8996 1 -1 -1 -1 -1 9.5234 4.2494 3.5806 7.5402 10.1302 11.1119
26.9732 32.5863 35.9824 39.9954 34.2687 27.4324 26.0711 28.6976 31.6294 38.7646 38.5473 38.713 34.6978 36.6577 34.8117 32.8527 32.3911 30.5287 31.6576 31.6678 35.8509 38.4105 34.9565 34.5134 32.2877 33.1267 34.8289 38.1532 34.7027 31.5697 31.5661 31.8725 31.2335 29.1947 25.2591 28.0403 30.0078 25.1498 24.4529 18.6399 19.063 20.804 18.6273 15.3199 27.394 29.5298 20.1927 8.7924 37.5692 25.1353 25.3699 4.2088 7.9677 17.3989 11.7151 -1 -1 -1 -1 -1 3.7064 -1 5.4152
21.2669 25.6103 29.2125 33.5904 25.7535 24.9083 23.685 21.8513 24.4285 32.5244 39.743 40.5032 32.8933 31.4519 30.8822 30.6642 29.5641 32.1471 31.5178 33.3315 34.5024 36.3364 32.7504 29.5091 26.5129 31.2077 30.5636 32.179 33.0709 33.1282 33.0306 29.0059 24.1393 28.4052 26.978 26.5713 24.7715 24.9392 20.8066 19.8923 17.6013 10.4374 16.6738 7.34 7.7674 15.4305 14.8751 8.5136 7.997 -1 -1 15.8579 12.6926 8.0025 -1 -1 -1 -1.1214 -1.3321 -1.1918 -1.295 -1.3835 -1.3835
14.9851 22.242 25.5824 28.2348 21.5542 20.9417 18.0665 18.0572 23.3713 25.7147 34.1685 32.8495 29.9826 26.2881 29.0457 27.3088 27.9926 28.1336 29.9808 33.616 33.0067 31.3813 28.1805 30.311 24.3393 27.5905 27.5028 26.0082 26.8292 27.5307 24.9541 24.9469 31.2464 20.5034 22.8081 19.3279 20.1717 19.7976 15.7201 18.9113 14.4883 8.3878 6.3746 -1 7.2991 17.4903 11.4167 7.1409 -1 2.5512 1.3852 -1 17.8485 12.5471 5.4155 7.7299 -1 -2.4598 4.6374 -2.907 -4.1926 -5.4811 -5.4811
16.8327 19.5907 26.4032 25.6364 20.9609 15.8275 14.3084 16.3896 21.3808 23.6095 23.9349 30.4069 26.7426 23.9364 25.3294 26.2301 23.9652 28.9518 31.0238 28.9201 26.3657 24.0787 24.2198 23.7993 26.922 24.6466 27.6793 24.61 23.4114 20.7174 19.3811 18.3517 12.3007 21.0532 18.8451 11.5031 15.955 19.0421 11.1372 19.0052 11.9154 7.1185 13.2234 10.3742 8.9876 12.4087 18.2866 12.9388 -1 -1 -1 -1 1.8733 -1.0424 -1.4623 -1.4623 5.2851 -3.4354 -4.1239 -4.4623 -6.0009 -7.6361 -8.8363
13.6276 18.5746 29.6787 25.6647 18.5452 14.4165 15.5949 15.163 20.9268 20.7159 20.008 25.2914 21.7405 15.4377 17.3892 20.3526 25.1997 23.0412 23.1552 24.1807 22.7515 21.4788 22.0731 19.8354 21.1212 20.7871 20.9538 18.3151 17.5811 16.9519 14.4333 16.0772 8.3467 10.8109 10.7294 10.8211 10.3392 9.8196 13.17 10.3107 10.517 13.8852 8.1814 13.726 13.0665 9.4435 5.2483 -1 4.6472 5.6599 11.8446 9 -1.0891 -2.4762 -5.0197 -5.001 -5.3879 -5.4518 -6.4163 -7.391 -8.9287 -10.564 -12.9294
12.9419 16.1751 23.4461 30.6938 19.7985 14.6045 12.0861 11.5781 15.8739 16.2033 17.6733 24.4986 17.6704 16.9851 17.4423 18.009 22.6039 22.57 20.753 17.4392 19.8942 15.2625 18.8501 16.728 17.0979 14.4885 15.1253 13.5386 13.0388 10.7826 7.2114 9.4817 6.4919 9.4648 5.7278 3.1132 5.9814 6.4659 4.3555 4.9533 -1 2.2974 3.4519 -1 -1 -1.0143 -3.4109 -2.7876 -1.0619 -1.4036 -2.4656 -3.0674 1 1.4144 -9.9254 -11.2935 -11.9312 -12.833 -13.932 -14.9053 -15.8079 -16.9776 -18.0075
11.9026 13.6907 15.8355 20.9594 19.961 13.3497 11.0102 9.5411 11.9135 15.9522 17.1451 17.9724 15.1867 15.48 13.6866 12.4965 20.1648 15.9695 14.4405 13.6007 12.6441 13.2851 14.4109 14.7607 14.2585 12.3047 12.3515 8.6152 7.6896 4.3256 4.4886 4.6268 -1 4.0147 1.3757 2.4488 5.3489 3.6936 6.2237 -1.2951 -1 -1.1725 3 -2.7361 -3.5059 -4.7556 -7.7887 4 -4.6101 -6.023 -8.1726 -8.4722 -9.3853 -12.2877 -14.8312 -16.0984 -17.3665 -18.136 -19.368 -19.9389 -20.7084 -21 -21
8.6552 9.8552 11.4312 16.5044 15.5465 12.7672 9.2179 8.6642 10.558 11.7465 12.8845 13.4134 13.9117 13.6833 9.8435 15.3545 12.0901 11.8464 9.6239 9.8961 8.9344 8.3065 8.3942 10.1674 10.8314 9.179 6.0271 2.7326 2.363 -1 -1.0033 -1.0037 -1.0066 2.3722 -2.0066 -2.0088 -2.0089 -2.0066 -2.571 -3.0093 -3.0066 -3.0066 -4.1106 -5.7458 -6.3844 -8.0261 -10.6483 -11.0066 -10.0941 -11.5607 -13.1959 -14.8312 -16.4664 -18.0984 -19.0066 -19.3677 -20.0033 -20.0033 -20.2705 -21 -21 -22 -22
8.379 9.3405 8.9771 10.1255 14.7729 10.093 8.1667 -1 7.4203 11.7288 11.3602 11.4443 11.7712 7.7988 9.9004 9.1219 6.0823 5.121 5.0001 7.2543 6.3497 6.6605 6.7782 5.3623 -1 -1 -1 -1 -1.7729 -2.2771 -3.2771 -3.3191 -4.1184 -4.6386 -5.2771 -5.9343 -6.1714 -5.3233 -6.6366 6.2734 -7.022 -7.215 -8.5918 -9.6549 -11.051 -11.9254 -13.5607 -14.2771 -14.2771 -15.8279 -17.4631 -18.574 -19.8036 -20.6717 -21 -21 -21 -21 -21 -21 -21 -22 -22
7.5753 6.4812 7.6352 10.8343 11.3177 9.8103 5.1921 -1 4.0765 7.4015 10.2951 8.1778 9.8906 5.3002 5.2327 -1 4.4693 4.8746 6.5598 4.706 3.6496 -1 -1 1.2583 -1.4571 -1.8214 -2.504 -4.1228 -5.5476 -6.3933 -6.5476 -6.5476 -6.5476 -6.5476 -7.5696 -9.2048 -9.5476 -8.874 -11.2647 -12.8214 -12.8214 -12.2902 -13.9254 -14.8214 -15.5476 -16.5476 -17.1926 -17.5476 -17.5476 -18.9476 -20.2738 -20.2738 -20.6053 -21 -21 -21 -21 -21 -21 -21 -21 -21 -21
5.1707 4.8276 5.7317 10.3043 9.0714 8.9833 5.7557 -1 3.5551 6.701 11.7332 11.2925 9.5797 7.65 5.5395 5.0285 2.8306 2.3333 2.0375 4.3888 -1 1.6244 -1 -1.9742 -4.4875 -4.9091 -4.9091 -6.4842 -7 -7.0769 -8 -8 -8.6831 -9.2606 -10.8401 -12.4753 -13.7272 -13.7272 -15.3414 -16.8181 -16.8181 -16.2869 -17.8276 -17.9091 -17.9091 -18.9091 -18.9677 -19 -19 -20 -21 -21 -21 -21 -21 -21 -21 -21 -21 -21 -21 -21 -21
4.5175 3.2027 4.5289 7.2713 6.8784 5.9719 3.6044 -1 4.8571 5.7591 9.1846 8.5292 7.7157 5.5782 3.2846 2.8769 6.362 3.574 4.0029 1.3205 -1 -1.4156 -2.9432 -4.5784 -6.2137 -6.5443 -6.5443 -7 -7 -7 -7.4809 -8 -9.1604 -11.4753 -14.1106 -15.7458 -17.3811 -18.5936 -19.0887 -19.5443 -19.1645 -19.3022 -19.5443 -19.5443 -19.5443 -19.5488 -20 -20 -20 -20.2998 -21 -21 -21 -21 -21 -21 -21 -21 -21 -21 -21 -21 -21
-1 -1 5.6546 7.8441 10.1532 3.6643 2.6348 -1 3.5428 5.3704 7.1047 7.5163 6.4044 -1 -1 -1 -1.1055 -1.3592 -1.3592 -1.7637 -2.4645 -3.3167 -4.5784 -6 -6.5491 -6.8204 -6.8204 -7 -7.0378 -7.8734 -8.6605 -9.4753 -11.727 -13.5662 -15.2195 -17.6572 -19 -19.9277 -20 -20 -20 -20 -20 -20 -20 -20 -20 -20 -20.1644 -21 -21.1462 -21 -20.4459 -19.8204 -19.8204 -20.3623 -21 -21 -21 -21 -21 -21 -21
3.1106 6.1372 10.2049 9.4905 4.3937 1.1852 -1 -1 -1 5.6646 8.5599 6.1427 5.6882 1.6626 -1 -1 -2.4021 -3.8148 -3.8148 -4.2166 -5.6297 -5.7711 -5.8887 -6 -6 -6 -6 -7 -7.2104 -8.6891 -9.8727 -11.931 -13.5662 -15.2015 -16.8368 -18.472 -19.2383 -19.9866 -20 -20 -20 -20 -20 -20 -20 -20 -20 -20.2284 -20.9844 -21 -21.814 -20.3308 -19.628 -18.1852 -18.1852 -20.3623 -21 -21 -21 -21 -21 -21 -21
-1 1.4787 3.3653 6.3267 2.8082 -1 -1 -1 -1 4.302 10.3673 5 4.6834 1.2024 -1 -1 -2.323 -3 -3.4717 -4.2711 -5.0706 -5.8936 -6 -6 -6 -6.6176 -7.423 -8.0252 -9.6605 -10.8307 -12.3811 -14.5662 -15.4501 -16.6627 -17.4622 -18.3614 -19 -19.5101 -19 -19 -19 -18.789 -18.5499 -18.5499 -18.7185 -19 -19 -19.5499 -19.962 -19.5499 -18.9138 -16.9089 -14.9486 -14.691 -15.8269 -18.7883 -20.5486 -21 -21 -21 -21 -21 -21
-1.5276 -1 3.9031 -1 -1 -1 -1 -1 -1 6.9056 10.0032 7.1617 -1 -1 -1 -1 -1.5372 -1.9146 -2.6992 -3.3224 -4.043 -4.9146 -5.9146 -5.9146 -5.9146 -6.8293 -7.7692 -9.4044 -11.0397 -13.5206 -15.2691 -15.9355 -16.8081 -17.1829 -17.7458 -17.8293 -17.8293 -18.6778 -17.7812 -17.7439 -17.7439 -17.3152 -16.8204 -16.807 -17.1718 -17.7439 -17.7439 -17.7439 -18.5813 -17.1078 -15.3024 -12.1715 -9.9536 -11.0918 -13.4541 -17.7246 -19.9976 -20.9146 -20.9146 -20.9917 -20.9146 -20.9146 -20.9146
-1 -1 -1 3.38 3.6509 2.9056 -1 3 -1 6.1989 8.2861 1.8456 -1 -1.4911 -1.4923 -1 -1 -1 -1 -1.1378 -2.3152 -3.109 -4.2794 -4.2548 -3.5588 -3.5588 -3.8214 -6.1339 -7.7692 -10.25 -11.5588 -12.5588 -12.7687 -13.1168 -13.5649 -14.3117 -14.5588 -13.8903 -13.2752 -12.8382 -12.8382 -12.8382 -12.8091 -12.7653 -13.5588 -13.5588 -13.094 -12.8382 -12.8382 -11.2874 -9.6521 -8.6087 3 -11.1579 -14.1747 -17.7246 -19.2787 -19.7354 -20 -20.2524 -20 -19.2794 -19.8624
5.9968 -1 2.0157 2 -1 9.5144 9.203 -1 -1 5.7537 7.5043 -1 -1.0596 3.037 -1.4401 -1 -1 2.6797 -1 -1 1 -1.4918 -1.901 -1.6441 -1.6441 -1 -1 -2.385 -3.712 -5.611 -6.8648 -6.9809 -7.8648 -7.8648 -8.2426 -9.8778 -9.2207 -9.2207 -7.858 -7.506 -7.2207 -7.2207 -7.6805 -8.5765 -8.4619 -8.2172 -7.8648 -7.1209 -6.8648 -5.3151 -3.9986 -5.1095 -7.2013 -10.5045 -13.8395 -16.6506 -18.2858 -18.5135 -18.7395 -19.5819 -19.1055 -18.112 -19.4532
7.2641 5.9321 3.8078 5.5523 10.9631 11.9506 10.6227 1.3841 1 6.5913 9.7841 3.2914 -1 -1.006 -1 2 2.6332 4.8027 2.0509 -1 2 -1 -1 -1 1.0431 6.2213 -1 10.3455 13.5665 4.1642 3.6445 5.4075 -1.0266 5.0047 -1.0357 -1.7015 2.4469 -1.0444 -1.0355 -1.0337 -1.0266 -1.0266 -1.1395 -1.3028 -1.0355 -1.0354 -1.0266 -1.0241 -1.0177 -1.0129 -1.0105 -1.839 -3.9308 -8.1933 -11.4654 -13.3801 -15.0153 -16.6417 -17.277 -18.0089 -18.0041 -17.1812 -18.8091
7.1314 9.6393 8.859 5.1752 4.4545 15.8879 14.5233 4.7251 2.5958 12.6073 10.4504 5.778 3.2936 -1 2.528 4.8679 4.5002 5.9321 3.3212 5.6112 -1 -1 -1 -1 3.2461 2.7062 7.9453 6.743 13.6521 11.1939 9.3527 9.7437 8.5868 5.9192 7.0718 -1 5.7153 5.7224 7.7203 7.208 5.8325 -1 -1 -1 1.9641 -1 8.0882 7.9497 8.2152 10.0914 -1 -1 -1.5117 -4.3044 -7.575 -9.7101 -12.1175 -13.1273 -14.3889 -15.4584 -15.5823 -15.2297 -16.5563
8.3062 10.0513 11.7592 10.8369 14.6321 16.7623 9.5486 3.8493 2.2376 12.356 9.1317 6.4402 -1 5.1812 4.5929 3.6581 5.814 6.519 3.5028 2.7525 4.3852 5.6047 5.1848 7.2091 9.7751 8.4527 11.0103 11.0159 11.1894 12.5946 12.9379 14.0035 14.8373 7.8869 7.7062 5.6584 5.9948 5.2959 10.6409 8.3062 7.4446 9.2725 9.435 11.8554 9.1967 9.1376 6.6669 10.6392 10.1478 8.9492 5.0954 6.3795 -1 -1.0678 -2.812 -4.9397 -6.2151 -7.8479 -9.0236 -10.1184 -10.356 -11.2151 -12.0242
15.2378 14.7764 12.7149 14.9529 17.9504 7.0673 4.1955 4.6419 8.1068 10.679 7.3942 9.2892 7.3027 7.9823 5.1928 6.2294 12.4431 10.1019 9.2839 9.0337 10.8353 7.233 10.3873 14.1074 12.2457 13.6292 12.5516 16.4136 14.4371 18.2683 17.8591 17.0101 14.7686 15.8704 14.9548 12.4792 11.2288 11.7019 9.5637 11.411 11.3266 12.3097 12.4125 15.8037 12.4783 12.1075 10.8999 10.8055 11.9081 9.0244 8.0487 4.1478 2.4437 3.4647 -1 -1.5028 -3.1009 -3.839 -5.1307 -6.1095 -6.7448 -7.2062 -8.0153
15.5017 17.9041 15.4934 12.1237 8.0794 9.6893 8.8873 7.6499 9.5075 13.5822 8.9507 8.2443 10.2973 7.6008 8.2424 8.7341 11.1171 10.0678 9.9024 12.4443 13.0026 11.1931 14.504 15.778 21.7874 20.5829 24.3189 21.007 17.5422 18.3727 26.5532 21.753 23.9251 18.7499 17.482 12.4468 15.6736 12.5965 13.3516 16.6584 17.4451 15.217 12.9288 12.1713 15.6389 12.9265 12.1412 13.8898 12.6616 9.3433 8.9829 4.9273 2.3532 -1 -1 -1 -1 -1.4678 -2.2038 -3.4164 1 -3.1095 -4.7448
14.8993 22.8144 18.9141 10.5642 10.3987 11.484 10.3256 12.2834 9.5867 11.6524 11.6738 13.2174 16.5845 18.3747 16.4078 13.3909 13.6345 10.5729 12.4142 15.8377 14.5144 15.3287 19.0508 20.3329 18.9904 24.2001 24.6114 21.7148 25.7063 19.4399 21.799 24.5302 24.9635 22.8778 23.0378 19.7571 20.3089 21.8766 18.7308 18.3189 17.1731 13.9087 16.2106 17.8474 11.9154 13.7582 13.9608 15.3221 11.9445 12.4194 6.1943 7.0306 6.508 3.8838 1.3468 4.5577 3 -1 2.7967 -1 -1 -1 -1
21.4008 24.4785 17.8246 15.6795 17.6947 17.6552 16.3216 16.8702 14.326 15.6663 13.7809 19.3719 22.7898 23.4261 20.1369 16.1685 15.876 18.9571 18.6183 19.7315 19.967 17.6079 17.0717 17.6016 23.0857 20.8762 24.475 24.4442 22.8725 23.8653 23.3169 21.6662 23.0804 25.5669 18.8765 19.4799 23.0724 22.5444 17.2052 20.2265 19.2919 14.439 10.2656 8.6462 12.9776 15.0106 17.5916 17.9702 18.0797 13.3211 9.5817 8.347 3.1922 3.6916 3.715 4.0234 4.0351 1.944 -1 -1 -1 -1 -1
