MapLib/Lvl1_5x5/BG/Ele_BG_EE.asc
ncols         557
nrows         557
xllcorner     2227500
yllcorner     3894669.448
cellsize      1000
nodata_value  -9999.0
[rows 0 to 26 of 557, columns 305 to 365 of 557]
-54.9194 -59.276 -63.6998 -67.5747 -70.2293 -72.6856 -74.4185 -76 -76 -75.8538 -75.0222 -73.9544 -72.8963 -71.6839 -70.0486 -69.488 -68.6749 -69.2816 -69.6324 -72.903 -75.7957 -80.3914 -84.1653 -87.4358 -90.7063 -93.4276 -95.5744 -97.2097 -97.6673 -98.4375 -97.3353 -95.7001 -94.0648 -93 -93 -93.4619 -94.4762 -95 -95 -95 -96 -95.6416 -95 -95.4161 -95.7574 -97.0872 -98.6532 -100.3656 -101.9463 -102.3523 -102.3523 -101.3523 -99.783 -96.3504 -93.5801 -90.9047 -91.6321 -92.8993 -93.4508 -93.9016 -94.2983
-52.7011 -57.6407 -62.5465 -66.5383 -70.0747 -72.5665 -74.4185 -76 -76 -76.0581 -75.123 -74.4564 -73.0662 -72.1347 -70.5425 -69.0743 -68.2289 -68 -68.0796 -71.2677 -74.8503 -78.8902 -83.6619 -87.3685 -90.7063 -93.4884 -96 -96.7589 -97.914 -97.9975 -97.2493 -95.7001 -94.0648 -93 -92.9823 -92.9863 -93.4353 -94 -94.6825 -94.9468 -95.0158 -95.914 -95.349 -96 -96.6443 -98.2796 -99.9148 -102.4641 -104.086 -104.8206 -105.086 -105.0809 -102.8604 -99.6446 -97.3472 -94.798 -95.4395 -96.3283 -97.796 -99.3441 -99.3441
-50.2689 -56.0054 -60.9112 -65.817 -69.296 -72.5665 -74.4185 -76 -76.497 -76.9096 -76.0292 -75.2923 -74.4912 -72.856 -71.3602 -69.8642 -68.2289 -67.7069 -67.3503 -70.3537 -73.7112 -78.1208 -82.0266 -86.4965 -89.985 -93.1194 -95.3679 -96.7589 -97 -97.2493 -96.0935 -95.1951 -94.0648 -93 -92.2214 -92.2344 -92.6222 -93.2787 -93.8173 -94.1065 -95 -95 -96 -96.6658 -97.8769 -99.1935 -100.8288 -103.1853 -105.0716 -106.4559 -106.7213 -106.7199 -105.3404 -103.167 -101.5317 -100.6178 -100.9357 -101.9805 -103.6157 -105.2267 -105.8851
-48.0714 -54.6124 -60.5888 -65.5383 -69.296 -72.5665 -74.4185 -76 -76.689 -77 -77 -76.6173 -76.2085 -75.4046 -74.2125 -72.5288 -70.5854 -68.8053 -67.0684 -69.5617 -72.8251 -76.876 -81.0165 -85.2971 -89.3498 -92.6203 -94.6875 -95.4883 -95.6435 -95.6435 -94.9788 -93.8931 -93.0417 -92.2764 -91.9267 -91.6435 -91.8133 -92.0717 -92.9097 -94 -95 -95.6525 -96.2878 -97 -98 -99.1935 -100.8288 -103.273 -105.0639 -105.9054 -107 -107.3565 -106.7162 -106.1792 -105.7131 -105.0696 -106.0696 -106.8863 -109.1688 -111.4262 -111.891
-46.4361 -53.2174 -59.6397 -65.5383 -69.296 -72.5665 -74.4185 -76 -76.689 -77 -77.9517 -77.9918 -77.9918 -77.9847 -76.9877 -75.7119 -72.4477 -70.1791 -67.0829 -69.6742 -72.6242 -75.9025 -79.7561 -84.4376 -87.7145 -90.985 -93.1319 -94.7609 -94.6091 -94.0082 -93.3435 -93.0057 -92.0725 -92 -91.0065 -91 -91.0039 -91.1188 -92.7467 -93.3871 -95 -95.6525 -96.9942 -97 -98 -99.1935 -100.8288 -102.4679 -104.1067 -105.7346 -107 -108 -107.9948 -107.9918 -108.8952 -109.5252 -110.9754 -111.792 -114.8755 -116.9754 -117.6919
-48.055 -53.969 -59.6325 -64.7295 -68.296 -71.5665 -73.5746 -75.4067 -76.689 -77.748 -78.6017 -79.373 -79.6271 -79.6271 -79.4404 -78.0331 -75.5684 -73.8478 -71.9228 -73.1336 -74.6826 -76.9278 -79.1653 -81.89 -85.4522 -88.0435 -90.4191 -91.5048 -92.3729 -93 -92.5832 -92.3729 -92.0242 -92 -91 -91 -91.2986 -92 -92.7467 -93.382 -95 -95.6525 -97 -97 -98 -99.1935 -100.8288 -102.4641 -104.037 -105.1075 -106.3698 -107.3761 -108 -108.7298 -109.5712 -111.1732 -112.1137 -113.4437 -116.5308 -118.6271 -119.3494
-48.821 -54.4644 -59.3702 -63.5009 -66.7714 -70.0419 -72.5747 -75.0538 -76.689 -78.3243 -79.2517 -80.156 -81.0603 -81.2623 -81.2623 -80.1621 -78.7535 -78.1183 -76.7869 -76.6094 -76.4926 -77.2485 -78.4298 -80.1163 -82.3285 -84.8296 -87.3367 -89.1711 -90.1319 -91.7377 -91.7377 -92 -92 -92 -91 -91 -92 -92.1115 -93 -93.5441 -95.0045 -95.7437 -97 -97 -98 -99.1935 -100 -101.4641 -103.0993 -104.5419 -105.3698 -107.0051 -108 -109 -109.9109 -111.5461 -113.1814 -115.0308 -117.4519 -119.7605 -120.5329
-48.2761 -52.8292 -56.9473 -60.2304 -63.6337 -67.669 -70.9395 -74.2045 -76.689 -78.9308 -79.9596 -80.9585 -81.9211 -82.7767 -82.8976 -82.6732 -81.8186 -81.7535 -81.6554 -80.1183 -78.515 -77.9946 -77.1024 -78.1247 -79.058 -80.7433 -83.3285 -85.0415 -87.9528 -90.1288 -91 -91.1024 -91.1024 -91.1024 -91 -91 -92 -92.1115 -93 -94.3429 -95.0173 -96 -97 -97 -98 -99.1935 -100 -101.4641 -103.0102 -103.7618 -105.3698 -107.0005 -107.6772 -109 -109.9109 -111.5461 -113.1814 -115.6332 -117.4519 -119.0089 -119.1024
-46.2225 -50.886 -53.689 -55.621 -59.7108 -63.8526 -68.6846 -73.5747 -76.5234 -79.3243 -80.5113 -81.8107 -82.6403 -83.4611 -84 -84.0724 -84.5328 -84.7227 -84.9584 -83.0069 -80.2207 -78.0807 -76.6896 -75.4672 -75.8657 -76.8899 -79.1817 -81.6933 -85.2555 -88.4966 -90.1319 -91 -91 -91 -91 -91 -91.7209 -92.1115 -93.3489 -94.1785 -95.4672 -95.8148 -96.6205 -97 -97.7646 -99.0904 -99.9088 -101.2168 -102.0993 -103.7346 -105.3698 -106.5379 -107.832 -108.8084 -110.4437 -111.0789 -113.7989 -116.2517 -117.2408 -118 -117.6151
-40.8217 -46.2225 -48.3483 -48.3277 -52.6285 -58.4608 -65.2402 -71.9485 -75.9513 -79.3243 -81.1208 -82.6629 -83.3595 -84 -84.5845 -85.0228 -85.1681 -85.5061 -85.9238 -83.4912 -81.3758 -78.1052 -75.7646 -73.5774 -72.6638 -73.0701 -74.9112 -78.1817 -82.5184 -86.8908 -89.4966 -90.8823 -91 -91 -91 -91 -91 -91.8507 -92.7467 -93.8319 -94.0144 -94.8319 -95.2394 -95.9871 -97.4644 -98.1935 -99.6895 -100.9099 -102.0993 -103.7346 -105.3698 -107.0051 -108.6403 -110.0463 -111.0789 -112.7142 -115.3494 -116.9847 -118 -117.9129 -116.1562
-34.2919 -41.5113 -42.8109 -40.5714 -45.4976 -53.3523 -61.486 -70.3148 -74.3249 -77.9781 -81.1158 -83 -84 -84 -84.5988 -85.1358 -86 -86 -85.9584 -84.3231 -82.1791 -78.9086 -75.7526 -72.5642 -70.3146 -69.8043 -71.74 -76.3242 -81.1825 -86.0589 -88.6647 -90.8623 -91 -91 -91 -91 -91 -91.1115 -92.7467 -93 -94 -94 -95 -95.923 -96.6451 -98.1935 -99.6658 -101.2674 -102.9026 -104.5379 -106.1732 -107.8084 -109.4437 -111.0789 -112.7142 -114.3494 -116.9847 -118.62 -119.6067 -119.4495 -116.9389
-27.1082 -36.8954 -37.6668 -32.5566 -38.1986 -48.7274 -58.2154 -67.254 -71.3263 -75.0957 -79.4628 -82.5948 -83.2301 -84 -84 -85 -85.7711 -85.8218 -84.9818 -84.1814 -82.5126 -79.5438 -76.8347 -72.5642 -69.7727 -67.073 -69.0561 -75.171 -80.9168 -86.4975 -89.1033 -91 -90.5898 -90 -91 -91 -91 -91.1115 -92.7467 -93 -94 -94 -95 -95.5182 -96.3134 -98.1935 -99.8288 -101.9026 -104.0436 -104.851 -106.3698 -108.0051 -109.6403 -111.2756 -113.3103 -115.9847 -118.62 -121.0718 -122.3291 -123.1033 -119.4324
-9.764 -25.4774 -32.7332 -33.8119 -40.0136 -47.1651 -52.9722 -58.5745 -63.601 -68.9279 -74.6511 -79.9681 -82.1163 -83.8014 -84.037 -85 -85.7711 -86 -85.0708 -84.3731 -83.3988 -81.1265 -78.369 -74.7119 -71.5044 -69.7332 -71.5834 -76.4245 -81.6953 -87.1305 -89.6647 -91.0222 -91.0048 -91 -91.0152 -91.0739 -91.5149 -92.1771 -93.0552 -94.0739 -95.0739 -95.7264 -96.0951 -97.0026 -97.706 -99.2674 -100.9026 -103.4983 -105.0073 -105.8084 -107.3698 -108.0786 -109.6403 -111.2756 -113.8217 -116.5461 -119.4366 -122.7674 -126.0515 -128.1409 -126.6264
-1 -9.5516 -27.535 -40.7819 -46.0706 -47.8739 -46.6976 -46.2514 -53.281 -60.9816 -68.9613 -75.4841 -79.9811 -82.9045 -84.5006 -85.0963 -85.9334 -86 -85.9879 -85.2291 -84.397 -82.7617 -80.957 -77.9824 -76.1701 -74.9853 -76.3747 -79.3278 -83.6121 -88.0503 -90.3738 -91.7964 -91.728 -91.7091 -91.769 -92 -92.3377 -93.0791 -94.4559 -95.2709 -96.7091 -97.3616 -97.9969 -99.3636 -100.2674 -101.4745 -102.5379 -104.3082 -105.8084 -106.9228 -107.8167 -109 -109.6403 -111.2756 -113.8217 -116.5461 -120.4913 -125.159 -129.6424 -133.8982 -135.0578
31.9743 -1 -1 -21.5689 -35.1533 -41.4787 -36.2458 -30.9699 -43.5429 -55.0244 -65.0686 -73.0957 -78.0015 -81.4746 -83.1562 -84.0891 -84.9212 -85.7956 -86.3444 -86.3444 -86.1397 -85.3625 -84.1061 -81.8152 -81.0331 -80.0331 -81.1568 -83.2896 -86.3413 -89.3738 -91.0091 -92.1033 -92.3444 -92.3444 -92.4792 -93.2896 -93.8206 -94.4559 -96.0911 -96.7264 -98.3503 -99.1165 -100.3444 -101.2674 -102.5366 -103.5379 -104.3444 -105.8084 -107.0342 -108.0789 -109 -109.3477 -110.6403 -112.2756 -113.9109 -117.0922 -121.6066 -127.6108 -134.6519 -140.9832 -145.4154
261.4455 90.4531 23.476 -5.2379 -19.3818 -32.3813 -24.2215 -14.7932 -33.3894 -50.3312 -61.7585 -70.8048 -75.7106 -78.9033 -81.521 -83.0204 -83.7915 -85.4063 -87 -87.6631 -87.9796 -87.9603 -87.3766 -86.721 -85.9389 -85.9185 -86.0625 -86.9543 -89.3534 -91.0091 -91.9932 -92.9857 -93 -93 -93.2015 -93.9968 -95.4559 -96.0911 -97.7264 -98.3616 -99.9969 -100.9796 -101.9796 -102.9026 -104.5379 -105.1732 -105.9796 -106.9891 -108.0789 -108.9946 -109.9796 -110 -110.6403 -112.2756 -114.8031 -117.0922 -122.7051 -130.0461 -139.6409 -149.2449 -155.7526
495.1577 288.0388 171.9368 17 -1.171 -8.125 -14.849 -20.633 -37.6153 -52.9761 -62.7418 -70.1896 -73.2304 -75.6356 -77.4636 -79.3747 -81.5413 -84.0413 -86.4107 -87.6769 -88.1919 -88.6149 -88.7756 -88.531 -87.7052 -87.6149 -88.6149 -89.3738 -90.3942 -92 -92 -92.5695 -93 -93 -94 -94 -95.4762 -96.1115 -97.7467 -99.382 -100.6215 -101.6525 -102.7257 -103.923 -104.8299 -106.119 -107.4437 -108.2853 -109.6149 -109.8978 -110.9847 -111.62 -113.2552 -114.5054 -117.0515 -120.6578 -126.6399 -133.9984 -143.2781 -152.719 -161.9008
738.3116 556.2546 332.4156 113.7752 16.644 4 -5.0799 -23.2312 -38.4661 -52.701 -61.2863 -67.7425 -69.6143 -71.0812 -72.7502 -75.7714 -79.2348 -82.6642 -86.0416 -87.6769 -89.0781 -89.9605 -90 -90.0545 -90.2501 -90.2501 -90.2501 -90.8192 -91.0986 -92 -92 -92 -92.7013 -93 -93.8013 -94 -95.4762 -96.3616 -97.9969 -99.5366 -101.0043 -101.9026 -103.4659 -104.2309 -105 -106.1935 -107.8288 -109.4641 -110.9752 -110.7499 -111.4895 -114.0063 -115.7303 -116.2756 -119.9604 -124.6619 -132.0669 -139.2217 -148.7124 -157.611 -168.5161
856.8418 704.0031 525.7767 184.8679 74.1048 46.8709 -1 -1.7616 -11.3314 -32.7228 -43.9822 -54.389 -60.5552 -65.1891 -67.8444 -72.6212 -77.4279 -82.2191 -86.0416 -87.6769 -89.3121 -90 -90.8854 -90.9104 -91 -91 -91 -91.6719 -91.5816 -91.1146 -91.1146 -91.3802 -92 -92.6197 -93.2057 -94 -95.4762 -97.1115 -98.7467 -100.3382 -101.0173 -102.6525 -104.2548 -104.9912 -105 -106.1935 -107.8288 -109.4641 -110.8128 -108.4642 -109.2963 -114.0102 -116 -116.2756 -122.2563 -130.8702 -141.5611 -152.7269 -162.6798 -172.4639 -183.9107
920.6716 720.1442 620.8761 429.5164 192.9736 74.9544 56.3619 -1 -1 -8.9545 -15.6853 -31.2159 -48.4599 -59.4144 -64.0018 -70.064 -76.9747 -82.2191 -86.5822 -88.6769 -90.1625 -90.9748 -91.3034 -91.6251 -92.4442 -92.5207 -92.5207 -92.5207 -91.8111 -91.5207 -91.5207 -91.5207 -91.9689 -92.297 -93.2057 -94.841 -95.9969 -97.6321 -99.2674 -100.9026 -102.5207 -103.1732 -104.8084 -105.5207 -105.5207 -106.0928 -106.4793 -108.1811 -108.3387 -105.9689 -106.0529 -111.4093 -113.9025 -114.8571 -123.7574 -137.2151 -154.3109 -172.4686 -183.8802 -194.5849 -206.0019
1055.0415 909.9527 774.2023 635.3668 470.2183 337.6807 188.4592 164.7673 60.5331 -1 -1 -1 -28.9277 -55.7035 -64.659 -72.5846 -78.276 -83.3116 -87.2326 -89.6769 -91.1559 -91.1559 -92 -93.034 -93.1559 -93.1559 -93.1559 -93.1559 -93.0945 -92.1559 -92.1559 -92.1559 -92.1559 -93 -94.2057 -95.9721 -97.6321 -99.3789 -101.9026 -103.2155 -104.1732 -105.8084 -106.4437 -107.2998 -108.1559 -106.7763 -105.0153 -104.0682 -103.2925 -101.9122 -101.4746 -101.0688 -104.0293 -110.6076 -124.1475 -143.1205 -173.3306 -204.9862 -221.8791 -235.5628 -244.397
1161.5066 1059.9678 918.6919 821.4627 679.9281 502.6262 320.2973 94.0758 110.5553 224.9146 192.9874 -1 -11.6868 -48.9344 -62.3403 -71.961 -78.9511 -84.1342 -88.0416 -90.2124 -92 -92 -92.461 -93.2179 -94 -94 -94.7912 -94.7912 -93.9177 -93.7679 -93 -93 -93 -93.4513 -94.9969 -96.8078 -99.2674 -100.9259 -103.3375 -104.8709 -105.7948 -106.1363 -106.4966 -108.1319 -109.4417 -107.5572 -105.0978 -103.4854 -103.4004 -107.8628 -108.0375 -101.5341 -105.4685 -117.6412 -132.9643 -152.88 -196.5495 -245.5016 -263.1652 -276.2857 -281.7237
1179.9188 1076.3501 1004.7589 899.6087 746.0001 565.1105 326.4114 126.9866 172.2766 305.8825 291.5771 97.1329 -7.0191 -37.7878 -54.1602 -66.7295 -78.1025 -84.2191 -89.0416 -90.6769 -92 -92 -92.5826 -93.2179 -94 -95.2083 -95.4264 -95.4264 -95.2583 -94.4264 -94.143 -94 -94 -94.7536 -96.2057 -98.1996 -100.1758 -102.1115 -103.7467 -105.382 -106.4191 -105.0692 -103.7386 -106.3868 -109.7963 -109.3154 -108.8528 -109.675 -114.4654 -129.8201 -133.9752 -120.0975 -123.4867 -142.6962 -155.0715 -167.1582 -226.4852 -296.3131 -307.8549 -312.5555 -315.518
1163.5 1058.6876 935.7971 794.9144 628.2139 477.7887 334.0971 227.0155 340.9621 363.3332 255.0781 112.7506 -4.6243 -29.7865 -49.4448 -64.0867 -77.1212 -84.1824 -89.0416 -90.6769 -91.9383 -91.9383 -91.9383 -92.9518 -93.8531 -95.4884 -96 -96 -96 -95.0599 -95 -94.0617 -94.9392 -95.5705 -97.2057 -98.841 -100.4762 -102.1046 -102.9383 -103.8531 -103.7966 -101.408 -97.6561 -99.4143 -104.2503 -111.8458 -119.8719 -132.208 -148.7228 -176.136 -188.1777 -175.5627 -180.2267 -198.0356 -206.9673 -214.3854 -263.9764 -323.7401 -330.4519 -331.1434 -332.7224
1169.3789 1075.3407 925.7703 769.8839 574.6305 430.6193 344.7007 353.6455 376.2279 290.4917 210.7086 98.4848 -3.1194 -24.6605 -48.5084 -63.992 -75.7007 -83.3422 -89.0416 -90.6769 -91 -91 -90.7091 -91.521 -93.1562 -95.1319 -96 -96 -96 -95.9911 -95.2337 -95 -95 -95.8698 -97.2057 -98.841 -100.4762 -101.3031 -101.3031 -100.2241 -98.8627 -93.8 -88.2429 -88.0212 -93.302 -113.7447 -138.5929 -171.1634 -205.8544 -246.678 -271.0713 -270.4242 -274.6 -284.4825 -290.3654 -294.6785 -309.754 -327.4969 -330.4519 -332.0607 -332.9159
1105.0405 1002.3448 850.6613 720.574 597.966 466.9085 336.1125 320.2385 266.4274 246.3458 215.3894 96.9663 -2.304 -19.6506 -41.8487 -58.1387 -71.764 -80.7638 -88.3772 -89.5605 -89.5641 -88.7029 -88.9183 -89.9581 -92.4229 -94.9768 -96 -96.2521 -96 -96 -96 -96 -96 -96.7132 -97.1374 -97.9472 -99.144 -99.1871 -97.0086 -96.0034 -95.6448 -92.8082 -89.041 -88.6354 -94.1659 -126.2977 -166.3643 -207.8857 -247.8969 -279.7708 -300.7397 -303.6797 -308.989 -315.8268 -319.8217 -323.76 -326.3627 -329.0879 -330.4519 -332.0871 -333.7224
959.357 844.922 771.7607 637.6486 494.4243 380.5436 372.6916 354.6083 251.9251 142.878 78.1296 31.5743 -1.7052 -14.4772 -31.2175 -48.5493 -65.5946 -76.5225 -86.0742 -87.0546 -87.0549 -86.116 -86.6152 -88.4683 -91.7111 -94.5043 -96.1196 -96.9921 -96.5861 -96 -96 -96.9674 -96.9674 -97 -97 -97.0274 -97.0481 -95.7343 -91.6042 -90.8693 -94.0492 -95.61 -95.8604 -95.8673 -101.5654 -145.9973 -198.8658 -243.8133 -280.0668 -291.9101 -300.3819 -303.0103 -308.2134 -315.1259 -319.8217 -322.1248 -325.5707 -329.6332 -330.9821 -332.0871 -334.4213
