MapLib/Lvl1_5x5/BG/Ele_BG_AA.asc
ncols         557
nrows         557
xllcorner     -500
yllcorner     6122669.448
cellsize      1000
nodata_value  -9999.0
[rows 336 to 363 of 557, columns 65 to 129 of 557]
-113.5438 -113.5438 -113.5154 -113.0877 -112.9067 -112.5438 -112.5438 -112.6527 -112.6014 -112.267 -111.5438 -111.1199 -110.129 -108.9499 -107.6874 -106.6794 -105.564 -104.7303 -104 -103.1383 -102.5031 -101.9397 -101.1265 -100.8163 -100 -100.3661 -101 -101.5132 -102 -103 -103.3875 -104.4847 -105.5214 -106.7553 -107 -107 -106.6985 -106 -106 -105 -104.7979 -104 -102.7844 -101.9508 -100.8008 -100.3381 -99.5438 -99.5438 -99.5438 -100.4632 -101.5438 -102.7337 -103.9926 -104.7942 -106.1313 -106.9414 -108.4539 -110.0891 -111.3781 -112.2117 -112.13 -112.0877 -109.91 -108.2747 -106.1833
-115.1791 -115.1791 -115.1791 -115.1791 -114.8463 -114.1791 -114.1791 -114.1791 -114.0226 -113 -112.1533 -112 -110.6594 -109.9499 -108.3146 -107 -106.0441 -105.4089 -104.7736 -104 -103 -102.1554 -102 -101.107 -101 -101 -101 -101.9437 -102 -103 -103 -104 -105.0985 -105.9562 -106.8908 -107 -107 -106.7568 -106.0123 -105.5347 -105 -104.3127 -103.6121 -103.0713 -102.1791 -101.8008 -101.1791 -101.1791 -101.4632 -102.3438 -103.7337 -105.2131 -106.1833 -107.8186 -109.4539 -110.4891 -111.8379 -113.3596 -114.3582 -115.3582 -115.3582 -115.3582 -114.3596 -112.7243 -111.0891
-116 -116 -116 -116 -115.9382 -115.026 -115 -115 -114.1262 -113 -112.8556 -112 -110.6621 -109.1763 -108.3146 -106.7389 -106.0082 -105.4089 -104.1436 -103.2983 -103 -102.1611 -102 -101.5973 -101 -101 -101 -101.1752 -102 -102.3601 -103 -103.5804 -104.2834 -105.7553 -106.0725 -107 -107 -107 -106.8271 -106 -105.8144 -105.1325 -104.8144 -104.7065 -103.8144 -103.7441 -102.8144 -103.3428 -103.6815 -104.7337 -106.1833 -107.8186 -109.4539 -111.0891 -112.7244 -114.3596 -115.6287 -116.6301 -117.6287 -118.8502 -119.4431 -119.4431 -118.5957 -117.6301 -115.9949
-116 -116 -116 -116 -116 -115.0319 -115 -114.4191 -114 -113 -112 -111.2204 -109.8135 -108.5003 -107.1732 -105.8558 -105.0243 -104.225 -103.4258 -103 -102.2769 -101.9406 -101.128 -101 -101 -101 -101 -101 -101.3187 -102 -102.4675 -103 -104.066 -104.89 -105.726 -106.0142 -106.8476 -107 -107 -106.688 -106.4496 -106.4496 -106.4496 -106.3903 -105.8992 -105.8992 -105.8992 -105.8992 -106.5774 -107.4052 -108.4539 -110.279 -112.7244 -114.3596 -115.9949 -117.6301 -118.8992 -119.9007 -121.1855 -122.4985 -122.8992 -122.8992 -123.3489 -123.3489 -121.9006
-114.9151 -114.9151 -114.9151 -114.9151 -114.9151 -114.9151 -113.9151 -113.6765 -112.9151 -112.406 -111.7708 -110.1355 -108.5355 -106.9957 -106.2879 -105.5945 -104.0404 -103.3741 -102.9151 -102.1266 -101.9151 -100.9888 -100.9151 -100 -99.9151 -99.9723 -100.9151 -100.9151 -100.9151 -100.9333 -101.7774 -101.9563 -103.0351 -103.9792 -104.9483 -105.9173 -106 -106.9403 -107 -107 -107 -107.0711 -107.0849 -107.1835 -108.0631 -108.0849 -108.0849 -108.1399 -109.109 -110.0111 -111.6395 -113.2909 -114.9949 -116.6301 -118.1805 -119.8158 -121.451 -122.1711 -123.7215 -125.0849 -125.9151 -126.0849 -126.0849 -126.8978 -125.6747
-113.2799 -113.2799 -113.2799 -113.2799 -113.2799 -113.2799 -112.2799 -112.0413 -111.2799 -110.7708 -110.1355 -108.5003 -107.7012 -106.2658 -105.5064 -104.1901 -103.3116 -102.2799 -101.837 -101.2799 -100.6422 -100.2429 -99.4473 -99.2799 -98.3072 -99.1884 -99.2799 -99.2799 -99.2799 -100.06 -100.2799 -101.1357 -102.0336 -103.0351 -104.1093 -105.0072 -105.7559 -106.0829 -106.9507 -107 -107.1455 -107.9545 -108.3403 -108.7201 -109.4632 -109.7201 -109.7299 -110.6219 -111.0042 -112.3822 -113.9949 -115.6833 -117.5453 -119.1805 -120.467 -121.451 -123.0863 -124.7212 -125.6184 -126.1958 -126.7201 -127.3906 -127.7201 -128.5331 -127.7201
-111.2892 -111.2892 -111.2892 -111.2892 -111.2892 -110.6652 -110.4302 -109.6446 -109.3341 -108.6446 -107.6446 -106.865 -106.2297 -105.5945 -104.2028 -103.324 -102.0284 -101.2635 -100.6446 -100.0892 -99.6446 -98.6446 -97.8772 -97.6446 -97.6446 -97.6446 -97.7542 -98 -98.6446 -99 -99.5476 -99.8169 -100.7646 -101.913 -103.0351 -104.0166 -104.8795 -105.7499 -106 -107 -108 -108.2976 -109.1679 -110.0383 -110.3554 -111.3554 -111.369 -112.3554 -113.4564 -114.3034 -115.91 -117.5453 -119.1805 -120.8158 -122.034 -123.0863 -124.3662 -126.0005 -126.7658 -127.0966 -127.9402 -128 -128.1145 -128.6446 -128
-108.8031 -109.0094 -109.0094 -109.0094 -109.0094 -109.0094 -108.0131 -107.773 -107.0105 -106.505 -106.0094 -105.2297 -105.0055 -104.0089 -103.321 -102.0064 -101.053 -100.0094 -99.7757 -99.0094 -98.5077 -97.8691 -96.2419 -96.0094 -96.0094 -96.0094 -96.3178 -97.0094 -97.5829 -98.0094 -98.8509 -99.0045 -100.0011 -100.7646 -102.0037 -103.0349 -104.0062 -105.2963 -106 -107 -108.2002 -108.9985 -109.9951 -111.0985 -111.9906 -112.9906 -113.0042 -114.6334 -115.2748 -116.9014 -117.5453 -119.1805 -120.8158 -121.9949 -123.0863 -123.9975 -125.3568 -126.0014 -127 -127.9932 -128 -128 -128 -128 -128
-105.7482 -105.7482 -105.7482 -105.7482 -105.9565 -106.3741 -106.3741 -106.1355 -105.3741 -104.865 -104.3741 -103.5945 -103.3741 -102.3741 -101.6887 -101.0535 -100.0165 -99.1529 -98.8583 -98.0518 -97.689 -96.9173 -96.087 -95.3741 -95.3741 -95.3741 -95.5672 -96 -96.3741 -97.0801 -97.3741 -98.1813 -99.0449 -99.8468 -101.1461 -102.3902 -103.661 -105 -105.9315 -107.3548 -108.2021 -109.8373 -111.0985 -112.0675 -113.369 -114.2368 -114.6395 -116.2748 -116.91 -118.5453 -119.1805 -120.8158 -122.451 -123.0863 -124.0599 -125.3568 -126 -127 -127 -128 -128 -128 -128 -128 -128
-102.4777 -102.5892 -103.4777 -103.4777 -103.5646 -103.7388 -104.0319 -103.7388 -103.7388 -103.3627 -102.7388 -102.1628 -101.7388 -100.9869 -100.7388 -100 -99.7504 -99 -98 -98 -97 -96.6412 -95.2326 -95 -95 -95 -95 -95 -95.4278 -95.7948 -96.6276 -97.3582 -98.0887 -98.9361 -100.1294 -101.7713 -103.661 -105 -105.9315 -107.5668 -109.0528 -110.0985 -111.7337 -113.3408 -114.1941 -115.5407 -116.2748 -117.7406 -118.5453 -119.9404 -120.8158 -122.451 -123.8708 -124.2612 -125.0956 -126.1909 -127 -127 -127 -128 -128 -128 -128 -128 -127.4077
-99.2072 -100.1478 -100.263 -101.1036 -101.1381 -102.075 -102.1036 -102.1036 -102.1036 -102.1036 -102 -101.3011 -101 -100.0984 -100 -99.1036 -99.0046 -99 -98 -98 -97 -96 -95.2326 -95 -94.1036 -94.1036 -94.1036 -94.1036 -94.6226 -95.0222 -95.8651 -96.5381 -97.2112 -98.0782 -99.3905 -101.0284 -102.7646 -105 -105.9315 -107.5668 -109.2021 -110.8373 -112.4726 -114.0967 -115.6395 -116.3391 -117.8978 -118.5816 -119.9258 -120.8241 -121.9539 -123.1899 -124.7397 -125 -125.9063 -126.7309 -127 -127 -127 -127.1036 -127.1036 -127.1036 -127.1036 -127.1036 -127
-97.2601 -97.4683 -98.4683 -98.4683 -99.4683 -99.4683 -100.4683 -100.5952 -101 -101 -101 -101 -100.5851 -100 -99.3146 -99 -99 -99 -98.4113 -97.5965 -96.5031 -95.8678 -95 -94.5973 -94 -94 -94 -94 -94 -94.5822 -95 -95.7261 -96.5321 -97.7553 -99.1829 -100.5078 -102.661 -104.6259 -105.9315 -107.5668 -109.2021 -110.8373 -112.4726 -114.1078 -115.7431 -117.3783 -118.538 -119.6489 -120.6647 -121.9194 -122.7914 -124.101 -124.9181 -125.4604 -126 -126.7309 -127 -127 -127 -127 -127 -127 -127 -127 -126.2584
-95.6249 -95.8331 -96.8331 -97.5306 -97.8886 -98.8065 -99.4364 -100.1988 -100.8331 -101 -101.0241 -101.1669 -101 -100.1586 -100 -100 -100 -99.5075 -99 -98.1383 -97.084 -96 -95.2326 -94.5973 -94 -94 -94 -94 -94 -94 -94.7077 -95 -96.1 -96.9591 -98.3905 -100.0258 -102.2117 -104.2963 -105.9315 -107.5668 -109.2021 -110.8373 -112.4726 -114.1078 -115.7431 -117.3783 -119 -119.6489 -121 -121.9194 -123 -124.1899 -125 -125 -125.849 -126 -126 -126 -126 -126 -126 -126 -126 -125.8643 -125.4597
-93.9896 -94.5404 -95.2478 -96.138 -97.0658 -97.9744 -98.6033 -99.3892 -100 -101 -101.8307 -102 -101.8022 -100.9901 -100.8022 -100 -100 -100 -99.6206 -98.8296 -97.5031 -96.6962 -95.2326 -94.9203 -94 -94 -94 -94 -94 -94 -94 -95 -95.2941 -96.7553 -98.3905 -100.0258 -101.661 -103.4941 -105.1294 -106.7646 -108.3999 -110.0351 -111.6704 -114.1078 -115.7431 -117.3783 -118.2087 -119.6489 -120.4257 -121.9194 -122.6427 -124.0376 -124.8597 -125 -125.0189 -125.1978 -126 -126 -126 -126 -126 -126 -125.1978 -125.037 -124.1978
-92.7918 -93.7494 -94.5898 -95.3924 -96.1872 -96.986 -98.6033 -99.2386 -100.8738 -101.5091 -102.0631 -102.4374 -102.4374 -102.4155 -101.6144 -101.2972 -101 -100.1788 -100 -99.1383 -98.2201 -96.9256 -96.1017 -95.2613 -94.9787 -94.143 -94 -94 -94 -94 -94 -95 -95.12 -96.7553 -98.3905 -100.0258 -101.661 -103.2963 -104.9315 -106.5668 -108.2021 -109.8373 -111.4726 -113.1685 -115.6307 -116.7281 -118.0077 -118.8464 -120.1598 -120.9647 -121.8052 -122.7524 -123.5626 -124 -124.5626 -124.5626 -124.5626 -124.5626 -124.5626 -124.5626 -124.5626 -124.5626 -124.5626 -124.1052 -123.8039
-91.7191 -92.9583 -93.9318 -94.6976 -95.3328 -96.9681 -98.6033 -99.2386 -100.8738 -101.5091 -102.2066 -103 -103 -103 -102.3644 -102 -101.1136 -101 -100.0562 -100 -98.5392 -97.8678 -96.2884 -96 -95.0699 -95 -94.0503 -94 -94 -94 -94.0618 -95 -96 -96.7553 -98.3905 -100.0258 -101.613 -102.2963 -103.9315 -105.5668 -107.2021 -108.8373 -110.4726 -112.2078 -114.6704 -116.3056 -116.9409 -117.9273 -119.2114 -119.9273 -120.4819 -121.1172 -122.7524 -122.9273 -123.9273 -123.9273 -123.9273 -123.9274 -124 -124 -124 -124 -124 -124 -123.5518
-90.7918 -91.7191 -93.0182 -93.9896 -95.3328 -96.9681 -98.6033 -99.2386 -100.8738 -101.5091 -103 -103.5519 -103.708 -103.6725 -103 -102.481 -102 -101.2894 -100.9339 -100.0979 -99.3562 -97.9614 -97.1646 -96.4229 -95.9889 -95.2314 -94.9099 -94.0398 -94 -94.1517 -94.956 -95.3432 -96 -96.7553 -98.3905 -100.0075 -100.76 -102.2963 -103.9315 -105.5668 -106.4941 -108.1294 -109.7646 -111.3999 -113.0351 -114.6704 -115.3056 -116.7514 -117.5762 -118.292 -118.8467 -119.4819 -121.1172 -121.292 -122.292 -122.292 -122.5513 -123.0004 -123.292 -123.292 -123.9343 -124 -124 -124 -123.5518
-89.7918 -91 -92.0623 -93.6976 -95.3328 -96.9681 -98.6033 -100.0819 -100.9171 -102.1747 -103.0495 -103.8552 -104 -104 -103.5499 -103 -102.3722 -102 -101.2655 -101 -99.6736 -98.9132 -97.5758 -97.205 -96.3302 -96 -95.2373 -95 -94.7235 -95 -95.2916 -96 -96.422 -97.2592 -98.7337 -100.369 -101.3432 -102.6395 -104.2748 -105.91 -107.4126 -108.5237 -110.159 -111.7943 -113.4295 -114.7215 -115.6954 -116.3432 -117.0975 -117.947 -118.1904 -119 -119.5419 -120.3024 -121 -121.48 -122 -122.6573 -123 -123 -123 -124 -124 -124 -123.7056
-89.0171 -90.4394 -92.0623 -93.6976 -95.3328 -96.9681 -98.6033 -100.2386 -101.855 -102.5091 -103.1444 -104 -104 -104 -104 -103.6647 -103 -102.4 -101.9951 -101.1354 -100.9785 -99.8491 -98.9835 -97.5973 -96.9992 -96.3198 -95.9934 -95.9785 -95.9785 -95.9785 -95.9968 -96.4743 -97.1174 -97.9947 -99.3905 -101.0258 -102.6468 -104.2748 -105.91 -108.5237 -109.1805 -110.8158 -113.4295 -115.0648 -115.9729 -116.9651 -117.9785 -117.9785 -117.9846 -118 -118.9904 -118.8142 -118.8289 -119.472 -120.1151 -121 -121.3798 -122 -122.6445 -123 -123 -124 -124 -124 -124
-88.8722 -90.427 -92.0623 -93.6976 -95.3328 -96.9681 -98.6033 -100.2386 -101.8738 -102.5091 -103.1444 -104 -104 -104 -104 -104 -103.6308 -103 -102.4748 -102 -101.3088 -100.8678 -99.7036 -98.8445 -97.6137 -97.2006 -96.6137 -96.6137 -96.6137 -96.6137 -97.4632 -97.6137 -98.7337 -100.0772 -101.618 -103.279 -105.8885 -108.1375 -110.7043 -113.3696 -115.3947 -117.5197 -120.6275 -122.7485 -123.5831 -123.6824 -124.0686 -123.4198 -122.2805 -121.8412 -120.8871 -120.1109 -119.1073 -119.7916 -120 -120.7309 -121 -122 -122 -123 -123 -124 -124 -124 -124.6137
-88.7918 -90.427 -92.0623 -93.6976 -95.3328 -96.9681 -98.6033 -100.2386 -101.8738 -102.5091 -103.1444 -104 -104 -104 -104 -104 -104 -103.556 -103 -102.3529 -102 -101 -100.2326 -99.1487 -98.9715 -98.249 -98 -98 -98.1442 -98.249 -99.0985 -99.249 -100.369 -102.0042 -104.279 -106.5495 -109.82 -113.3395 -116.842 -120.9453 -124.6993 -127.5397 -130.688 -133.0728 -134.486 -134.3645 -133.4803 -131.6835 -128.8901 -126.8477 -124.5268 -122.3081 -120.4674 -120.249 -120.0238 -120.7979 -121 -122 -122 -123 -123 -124 -124.3824 -125 -125.249
-88.7918 -90.427 -92.0623 -93.6976 -95.3328 -96.9681 -98.6033 -100.2386 -101.8738 -102.5091 -103.1444 -104 -104 -104 -104 -104 -104 -104 -103.684 -103 -102.4448 -101.7674 -100.9112 -99.9534 -99 -99 -98.8842 -98.8842 -99.4632 -99.8842 -100.7337 -101.3129 -102.8885 -104.5237 -107.5495 -110.7043 -113.9748 -118.5073 -123.3316 -129.1216 -134.0903 -139.6047 -143.4369 -146.9581 -147.7012 -147.2453 -145.0483 -141.3182 -136.6017 -132.6982 -129.0015 -125.5786 -123.1182 -121.8842 -120.8953 -121 -121.8842 -122 -122 -123 -123.8022 -124.4797 -125.1571 -125.8842 -126.3963
-88.7918 -90.427 -92.0623 -93.6976 -95.3328 -96.9681 -98.6033 -100.2386 -101.8738 -102.5091 -103.1444 -104 -104 -104 -104 -104 -104 -104 -104 -103.1383 -102.5031 -101.8678 -101 -100.5195 -100 -100 -100.1602 -100.5195 -101.0985 -101.5195 -102.369 -103.2719 -104.7018 -107.1572 -110.0077 -114.1039 -118.5416 -123.7436 -130.7686 -137.8647 -144.9252 -151.0639 -157.0462 -161.212 -162.0325 -160.3993 -156.6022 -151.5216 -144.5975 -138.8423 -133.8946 -129.4693 -125.7852 -124.0591 -122.5195 -122.1398 -122 -122 -122.3307 -123 -123.9072 -124.7801 -125.6972 -126.9101 -127.5195
-88.7918 -90.427 -92.0623 -93.6976 -95.3328 -96.9681 -98.6033 -100.2386 -101.8738 -102.5091 -103.1444 -104 -104.0642 -104.1548 -104.1548 -104.1548 -104.1548 -104.1548 -104 -104 -102.58 -102 -101.3513 -101.1548 -101.1548 -101.1548 -101.1548 -101.9524 -102.1548 -103.1548 -104.0042 -105.075 -106.3948 -109.0269 -112.9358 -116.4126 -122.3949 -128.9457 -137.2661 -145.5407 -153.8153 -162.1151 -168.9735 -173.3292 -174.8263 -172.8897 -167.872 -160.5295 -152.1985 -144.7993 -138.091 -132.7399 -128.5315 -125.6944 -123.9192 -123.0416 -122.1548 -122.156 -123.0985 -124.0421 -124.9216 -125.6972 -127.0275 -127.9677 -128.5336
-88.9563 -90.427 -92.0623 -93.6976 -95.3328 -96.9681 -98.6033 -100.2386 -101.8738 -102.5091 -103.1444 -104 -104.4149 -105 -105 -105 -105 -105 -104 -104 -103 -102.79 -102.1837 -102 -102 -102.5318 -102.79 -102.79 -103.4574 -104.1692 -105.6395 -106.2748 -108.03 -111.3005 -114.8796 -118.8931 -125.9563 -133.8515 -142.2234 -151.7708 -162.1624 -171.1366 -178.8403 -184.0352 -185.4831 -183.2267 -176.0921 -167.4032 -158.515 -149.7732 -141.3615 -135.8604 -130.3146 -126.9659 -124.7144 -123.8465 -123 -123 -123.6367 -124.8471 -125.7167 -126.9039 -127.9677 -128.9607 -129.79
-89.7918 -91.427 -93.0623 -94.6976 -96.3328 -97.9681 -99.2566 -100.2386 -101.8738 -102.5091 -104 -104.3315 -105 -105.4253 -105.4253 -105.4253 -105.0188 -105 -104 -104 -103.7144 -103.4253 -103.4253 -103.4253 -103.4253 -103.4253 -104.1312 -104.4253 -105.0042 -105.5484 -106.3613 -107.7039 -109.6142 -112.0764 -115.9471 -120.5284 -127.4493 -135.077 -144.0539 -154.0671 -165.2649 -175.0371 -182.0124 -187.6868 -190.9096 -188.2232 -179.3437 -169.2562 -159.2953 -150.4032 -142.2269 -136.4304 -131.5246 -128.0792 -125.3846 -124.2691 -123.4253 -123.4261 -124.2708 -125.2719 -126.3858 -127.5424 -128.5274 -129.813 -130.1906
-90.0479 -91.4876 -93.1228 -94.7581 -96.3732 -97.9681 -99.6033 -101.0144 -101.8815 -103 -104.0087 -104.7929 -105.4149 -106 -106 -106 -105.102 -105 -104.0468 -104 -104 -104 -104 -104.0605 -104.0605 -104.693 -105.0187 -105.9471 -106.035 -107 -107.8495 -108.4847 -110.2327 -112.7404 -116.7205 -121.041 -127.5231 -135.2819 -144.3472 -153.6569 -164.9785 -174.7024 -181.3775 -186.7722 -191.5791 -188.1476 -177.4956 -167.7437 -158.0099 -149.1611 -141.5999 -136.2603 -131.4035 -128.0187 -125.8438 -124.2528 -124 -124 -124.6367 -125.2719 -126.9072 -127.5424 -129 -129.813 -131
-91.4876 -92.427 -94.0623 -95.6976 -97.2316 -97.9903 -99.6033 -101.2386 -102.608 -103.3542 -104.1444 -105 -105.4149 -106 -106 -106 -106 -105.2845 -104.9311 -104.6958 -104.6958 -104.6958 -104.6958 -105 -105.0264 -105.6958 -105.7896 -106 -106.8719 -107.1491 -107.9542 -108.4847 -110.12 -111.985 -115.0853 -118.6858 -124.2526 -130.0978 -137.2056 -145.3551 -153.8971 -161.7335 -167.4845 -171.8786 -174.5284 -171.9812 -165.3752 -157.6879 -149.6024 -142.5639 -136.6942 -132.2287 -128.7071 -126.008 -124.2751 -123.4914 -123.559 -124 -124.6367 -125.2719 -126.9072 -127.5424 -129 -129.813 -131
