MapLib/Lvl1_5x5/BG/Ele_BG_FA.asc
ncols         557
nrows         557
xllcorner     -500
yllcorner     3337669.448
cellsize      1000
nodata_value  -9999.0
[rows 448 to 475 of 557, columns 189 to 251 of 557]
522.5186 521.6091 550.9561 552.841 512.0794 534.7673 515.8374 546.6397 534.7329 532.6245 512.5712 528.2484 500.6668 553.8213 509.8039 519.7858 542.342 529.4242 520.2245 506.6032 518.3851 559.0329 498.6376 536.8707 530.0693 542.0026 523.6055 522.8437 513.9299 529.6201 498.4962 543.5718 493.0248 490.8029 540.176 521.884 486.6191 517.3871 508.9325 542.9894 531.3551 517.6816 506.0449 570.0031 497.9997 525.6896 498.8478 506.1196 533.0713 492.834 523.4771 490.8185 523.0735 496.5747 527.7336 521.8019 521.1505 481.8691 508.502 525.5664 482.0487 525.0952 521.6029
535.4509 520.9651 554.4775 533.017 523.949 536.394 532.8773 509.0535 525.3625 536.5894 512.0156 539.0514 525.1498 529.7852 494.6051 548.494 508.4663 529.8992 548.7166 501.1037 519.244 559.0383 516.8437 517.8257 522.5673 524.4545 520.4911 508.839 526.3247 498.7068 524.6638 542.3782 495.4691 492.6183 543.712 535.4785 491.3649 521.8159 520.7565 514.4225 498.6696 499.0233 526.2917 526.4733 512.6923 514.0182 502.5118 530.7704 507.52 514.5933 557.7688 475.9299 519.0214 491.7663 491.3907 508.998 517.208 488.4238 516.8407 501.4874 522.2167 510.1267 512.2938
515.3226 510.067 549.8361 554.7104 524.9042 532.713 522.928 503.9381 532.1724 566.1926 511.9456 519.9125 530.6791 532.7128 525.4758 537.6431 504.973 527.0443 536.2636 489.8647 532.5707 514.1243 540.4208 494.2157 512.4838 533.1622 542.0298 497.1298 521.5253 512.8087 527.3968 513.5792 498.598 516.826 529.533 532.2156 490.7782 514.6631 516.7629 530.1196 521.6904 520.0601 548.196 513.8626 516.6666 479.3632 509.2505 534.1791 483.2367 512.7429 534.0408 494.1787 543.6716 513.298 474.395 513.458 545.5661 487.2925 494.0154 493.9146 520.9213 513.9561 505.1632
509.1284 523.3647 541.1937 529.2394 527.6675 507.2641 536.5092 544.6722 514.9648 536.1393 515.7961 532.191 546.7061 497.182 535.3474 516.185 494.5946 550.9933 520.2291 490.9861 538.705 506.6531 522.3818 499.2506 494.0465 539.5884 513.2162 483.3684 518.3717 493.5261 542.2115 503.9133 518.3244 516.9237 534.5178 506.5447 516.9097 487.0887 527.899 525.593 488.5157 518.3893 524.2103 518.4504 514.4173 488.0225 529.827 510.1417 511.9944 513.0945 527.3767 477.2267 523.5751 522.7862 471.0002 527.2672 511.5469 490.0303 488.116 518.1463 494.0363 486.755 519.5486
502.2002 530.9104 547.6904 518.0112 532.9158 526.6636 519.0753 561.421 513.3639 512.7891 514.1068 536.6684 530.506 517.1957 529.7496 516.0377 501.8788 545.1033 527.1799 494.0432 515.1176 518.1732 529.0394 512.4284 543.1183 537.9659 495.0569 521.9431 519.6179 498.357 554.5207 504.7116 524.666 501.597 524.5274 514.9787 516.3984 499.3089 507.6943 513.7096 504.6965 501.32 525.3329 537.804 532.8676 504.0146 541.5905 504.0652 523.3966 502.3651 506.3439 484.6285 540.5981 542.5298 472.8703 507.1828 516.8463 530.8476 485.4397 518.2887 508.7178 507.8041 521.5681
510.0687 537.3029 531.6049 536.164 539.0464 530.1479 516.1993 537.8958 545.521 507.1349 541.478 538.0369 492.3255 538.8701 506.0908 505.9771 532.4166 518.3338 538.9836 499.2387 529.9024 553.2534 505.0685 495.331 549.0258 523.4352 503.159 528.5249 521.1454 498.8572 550.296 508.6629 506.2957 497.3265 548.278 519.1521 477.3964 531.4936 486.6896 526.9804 509.859 490.9612 540.6833 500.0656 519.2534 528.2323 501.19 492.4732 510.1371 505.7132 506.3408 490.5393 532.6445 531.2279 496.5557 478.4135 515.8727 524.6377 498.2127 487.5647 487.5201 526.1841 517.4912
501.94 556.2477 525.7516 529.7786 500.3092 550.1405 527.9549 498.8645 548.9986 528.3583 510.0596 532.2249 514.7187 543.1522 521.123 510.1516 543.6965 519.4715 530.8129 541.4194 521.0798 520.1169 495.2314 502.1682 545.6594 529.5107 501.678 529.5153 489.3975 531.5209 503.6572 516.2316 514.4121 495.5116 544.9913 514.7833 486.1843 549.0197 495.4778 504.8862 512.6381 514.1923 525.5789 481.9827 531.2209 526.2655 496.0116 520.8776 503.9864 505.6256 503.4292 512.9285 515.2949 500.7837 519.0132 489.2077 502.9807 514.3146 516.2669 480.9207 511.8126 514.7322 503.433
499.3448 541.8553 528.6539 531.5291 515.6358 526.0736 539.8132 502.553 552.2614 532.1019 497.3722 523.2197 551.8197 509.1104 513.209 514.5145 528.9525 514.8094 493.3988 538.7471 520.3724 484.4503 516.1144 516.7838 526.5539 523.112 490.928 504.5487 490.3896 550.1716 494.7255 493.7047 510.449 498.0124 526.9123 515.6852 513.0835 552.5243 486.55 487.9386 517.3126 517.5639 484.3521 510.3093 515.1183 517.8818 498.8302 504.2126 516.3836 480.8471 541.0461 491.6674 513.3098 495.4428 525.0624 521.2473 471.7269 513.64 490.4774 499.6996 504.246 495.3669 508.2027
504.9024 541.588 553.2747 525.9286 501.9887 523.9022 515.3338 500.6884 515.0711 533.0719 514.9406 496.9865 554.3187 524.3488 530.7195 514.1249 500.9328 520.1335 525.0898 526.8206 530.5721 493.3574 530.7062 532.7857 510.9258 536.2067 525.4608 495.8716 512.2626 559.8816 494.2979 511.4906 494.194 522.1702 504.89 533.1195 507.2193 534.1207 482.2617 480.4696 568.0401 527.482 481.322 540.7362 481.3683 528.3164 485.8863 512.0192 525.0709 486.2677 523.5457 521.4822 520.3738 491.6354 542.2083 509.744 517.9306 515.9714 501.9244 517.3792 489.0378 506.325 509.4329
503.4783 533.1874 553.2723 525.9254 507.433 519.6978 550.2401 520.3933 513.7946 549.1922 533.8846 489.5038 538.3497 524.597 509.8626 512.1036 487.1588 515.6646 538.9824 509.1567 494.7877 523.4084 525.6184 508.7688 527.0068 489.1749 522.6204 488.1774 507.5308 561.2573 500.093 524.3155 499.8719 532.0438 495.826 521.7942 505.8787 491.3775 503.3684 493.6489 530.114 534.0944 491.8889 509.0814 506.6801 519.5638 483.8127 514.8165 484.3521 512.4653 492.2098 514.9541 482.333 500.5414 535.8547 482.7454 535.2673 482.1422 505.309 490.0434 491.0059 520.2404 466.8062
505.5208 541.6741 514.9598 510.622 524.9242 508.8115 511.4688 538.446 524.345 527.5498 513.5856 488.9608 525.4587 542.2771 497.2044 539.0447 479.4565 536.3747 509.0577 508.9811 520.9254 525.2958 516.8857 523.8638 524.0942 484.7673 520.4567 531.2537 510.4691 519.7975 499.7221 521.2854 502.1459 522.2399 501.1796 524.1357 511.9948 483.7089 512.3964 520.3625 477.6111 502.8662 503.1748 472.7435 522.5123 495.1405 525.755 528.7626 489.0726 527.2858 489.8275 496.6031 494.1351 501.5691 510.2798 482.5493 524.2721 481.3173 493.2454 497.2109 527.1338 507.0242 484.4567
533.4125 534.6887 502.7651 527.7564 535.3259 538.416 503.9345 524.3815 526.2108 528.8008 495.1263 534.1767 507.0293 529.9166 511.8218 505.6367 496.2793 508.1807 506.2919 504.9218 535.709 487.2153 531.9392 513.9253 498.2843 498.9812 497.6506 544.7559 503.495 486.6306 509.2992 504.2338 503.8617 529.851 517.8247 500.9336 521.0999 485.8413 504.37 497.5905 507.664 513.7472 505.5196 483.5117 521.0513 510.8952 505.8458 517.5535 494.3738 527.7265 501.3688 476.5471 513.0189 493.369 509.2997 519.3233 496.889 489.1813 516.4478 485.2246 488.7824 507.157 498.8729
512.8156 523.4359 528.7028 522.9852 530.7462 517.0302 532.4849 531.4648 529.5842 504.6617 497.592 551.5202 508.7232 558.0338 511.209 522.3419 507.7773 491.9386 513.696 522.1534 522.3603 523.3747 519.2008 520.5311 494.4174 521.4998 483.3737 540.2359 501.5185 486.7158 534.88 497.6162 493.0643 504.5316 525.4712 498.5838 518.9988 502.0749 496.2784 518.4881 522.2655 496.7007 509.5322 488.4392 497.8487 505.1748 505.5558 512.7512 504.6949 518.6641 493.5022 500.7296 506.839 483.4016 528.1498 535.5064 486.7173 485.7099 517.634 490.0256 498.6598 508.3426 508.2658
511.5804 504.8568 537.9862 498.6055 528.0247 507.826 552.0458 506.3659 527.0074 516.8887 498.0951 543.8326 507.7515 497.7596 507.5453 516.2636 504.2758 500.995 526.8094 533.1874 486.1715 523.2172 504.212 501.8867 499.8195 521.6882 497.3465 499.8488 520.4612 484.9806 508.7419 505.6656 499.8342 506.3864 515.0208 506.0633 525.2971 507.7526 478.4966 504.0345 506.6598 483.3102 521.5298 500.2357 508.0382 500.2034 490.1289 482.7232 505.0514 519.8811 484.1786 525.3346 496.8735 483.1092 498.17 520.1354 472.0063 523.9061 489.5648 467.096 487.8589 515.1422 483.1833
521.2934 505.0758 538.2774 503.0839 550.3041 492.6251 519.1636 515.2937 537.7502 528.9575 485.6126 531.3172 511.728 486.6678 534.1785 521.7016 487.6632 525.4019 533.7865 505.5248 523.4503 540.441 490.8482 504.5491 521.1704 496.5579 500.6 479.1154 527.8644 502.0249 489.1878 530.0862 494.9208 518.1127 494.7715 512.963 505.1942 523.9548 489.712 499.8216 501.5268 493.4347 507.7877 493.8394 505.204 490.7613 514.2255 507.5619 498.336 477.2768 491.3141 527.9537 481.8721 504.4536 498.6339 486.416 489.4087 467.1021 486.6287 480.5417 521.4886 479.0677 508.2777
530.9028 519.6542 517.0471 502.9323 546.7132 509.7144 519.9484 510.0222 525.2047 530.6447 489.6846 527.1364 510.3412 503.8359 525.3344 520.7609 488.5829 533.1651 506.478 483.9841 543.052 497.3398 497.5131 515.6739 538.6804 499.5286 504.4458 484.5403 511.9206 524.3021 506.6241 502.1546 498.757 513.6498 511.5925 525.113 506.6195 473.9712 473.2901 516.3861 507.3095 507.7171 500.5205 533.7692 487.6823 507.44 499.5258 504.4668 495.0776 500.8503 493.7792 514.8098 499.7974 493.9491 487.6081 490.5836 510.347 484.5258 497.6889 506.4746 504.6263 494.4693 520.6876
532.0344 515.3416 528.1328 515.3131 535.7623 498.3379 509.4049 540.5899 530.118 512.4055 493.6552 531.2416 507.3287 539.2267 514.8605 492.395 509.1775 522.842 493.1681 484.3652 518.3165 490.364 518.6993 509.6068 545.2732 500.4598 478.9124 510.0255 505.4124 518.4942 479.7148 522.1913 485.001 513.6532 500.012 506.0556 531.431 483.2879 507.4211 511.0838 489.531 502.3454 498.5859 508.3828 482.0969 513.2328 522.1953 487.9044 478.1365 516.1229 472.9792 525.2709 519.221 507.1607 466.9134 500.5386 466.806 511.2023 491.6017 488.0572 493.2422 520.4097 497.2393
525.8347 485.1029 537.6506 503.7535 518.8943 510.8495 511.5014 540.7019 512.7059 503.7129 507.6771 496.7931 520.4667 504.9075 514.9131 502.4131 541.4307 506.308 511.277 496.1315 501.5464 480.782 494.8699 509.3744 520.9269 495.7971 504.3577 512.7322 470.9447 501.3429 525.2399 499.838 487.47 522.5023 488.2107 515.7596 507.3647 507.2879 499.3387 517.0031 493.7101 485.491 532.5358 482.4991 494.4947 497.2377 522.4377 488.7332 509.5215 502.4813 469.5143 512.2917 485.2676 487.9301 509.879 489.5804 501.8729 513.4836 489.5565 499.5087 479.2878 510.3865 473.5882
553.1224 500.959 525.1688 502.5478 526.2245 496.9706 521.7476 514.9512 509.9988 525.2886 521.2849 484.4153 529.403 493.1839 495.7527 519.2369 515.8218 494.9025 533.5613 484.8098 513.5944 495.8772 499.1159 553.1218 484.3858 485.8324 495.3511 534.4819 485.6884 471.4387 520.1628 486.2092 509.036 473.0421 498.5087 517.9055 492.1416 520.1713 488.0832 503.2189 515.1627 503.3729 513.4399 478.6268 510.0981 486.6577 509.4666 502.8041 503.463 487.6133 484.3886 476.1824 478.1716 479.0664 496.4599 470.8518 491.647 500.7868 501.9477 512.009 486.8333 497.4964 510.357
522.9124 512.0023 516.3923 520.9589 512.9725 515.3046 526.6818 512.7406 496.4467 512.317 515.3914 485.6082 506.9808 518.2776 494.3044 511.1586 509.7705 493.2728 530.4289 500.245 479.5794 504.2039 507.6721 506.0519 490.9717 507.6285 498.0357 533.4821 511.4184 484.0921 516.6169 498.2889 492.4515 488.1846 528.2214 479.3959 504.413 479.845 480.6366 483.8359 469.2616 496.743 482.79 505.176 518.1119 502.7638 474.9813 506.7835 495.4376 518.8874 479.2782 494.9015 519.0922 498.067 507.8125 484.3828 470.9699 490.9713 473.3591 491.1149 496.3228 491.323 482.7407
538.9958 508.1904 525.7155 515.2274 520.7137 491.8996 520.8563 541.613 504.4456 512.4464 511.3082 496.6317 502.9994 531.61 480.4357 497.6381 515.4603 477.5119 530.9881 523.6633 470.8631 515.8609 495.6974 490.1356 511.9683 507.9798 519.494 470.456 507.0027 492.3419 504.7566 510.2423 515.1351 520.7697 503.7472 500.2291 515.4044 485.7478 490.6632 506.9056 482.3066 503.479 486.7381 479.2788 514.3719 483.0229 491.979 485.109 501.2421 499.9547 486.3712 511.472 469.8686 470.5802 532.0275 504.4183 486.2438 474.7592 476.7657 474.0114 518.8403 477.877 496.899
513.1357 498.95 523.4364 511.8516 485.0291 493.8527 536.4819 507.6777 506.6559 488.6381 495.8896 510.8823 522.1034 532.2125 497.9134 488.0164 541.1138 499.6827 499.5909 540.9824 474.7124 502.0166 490.505 505.0595 508.6281 521.5798 511.697 484.6991 540.8854 490.5894 499.479 482.9376 498.3082 483.4289 524.6928 481.6886 497.416 493.6174 486.5138 531.5067 505.6632 485.8438 502.8703 489.2761 507.3535 494.8403 515.4929 496.6782 477.5962 469.095 491.5104 486.7755 484.1844 506.2771 487.9527 512.1827 475.8246 505.7381 493.2848 467.5445 508.6549 489.0242 515.7272
531.2924 489.5816 537.2121 522.0703 490.6951 503.9548 532.4269 489.6835 531.8043 485.417 519.7419 496.412 490.833 511.0981 503.8044 477.8205 510.1924 475.7401 501.996 526.1579 508.6302 500.5536 484.6191 504.7881 474.6998 499.2436 498.4027 492.4824 519.2145 478.6551 514.4813 497.8965 491.4306 491.5397 513.198 480.1119 517.0203 484.3763 498.0752 522.0972 487.056 480.9935 487.2508 526.991 483.219 458.0202 520.7122 529.9944 481.9496 520.9737 513.36 462.6064 490.0472 489.8983 484.2943 505.9148 460.5884 521.8843 499.1092 469.1005 484.7973 489.6511 481.4025
523.8957 495.2825 542.6747 505.3131 489.7215 498.8576 520.5021 491.3729 510.6466 501.1519 495.9472 501.5004 500.929 504.1198 510.7477 493.2942 496.745 505.0729 502.6122 498.751 494.5046 502.2241 505.1591 494.2931 497.3454 505.4426 501.4964 484.902 504.4037 496.8884 513.4756 496.2707 520.7676 497.3744 484.2103 487.6444 509.2335 478.5492 502.0213 484.119 486.1301 490.9364 465.0802 499.522 509.1102 476.9869 509.3588 490.8013 475.7065 502.5938 507.4134 528.3274 476.3225 478.6414 499.2536 488.9358 501.6898 501.869 516.6453 470.9297 491.8891 465.2742 497.2438
497.2557 487.543 519.9319 506.6803 504.1818 510.4669 513.4443 503.3811 511.9539 534.4445 478.1623 491.9942 516.6492 504.8584 491.5537 495.0304 505.299 509.2839 493.4144 492.5011 492.7354 509.0676 502.0519 493.6792 492.1472 476.814 516.3053 490.9008 516.1698 495.5795 495.5856 507.0877 502.0803 489.1616 487.4022 504.9815 498.9232 505.6451 476.1734 488.0343 511.7278 492.6824 496.3429 504.9258 501.978 499.1136 467.4518 483.6239 501.0258 462.7812 491.933 473.1879 466.5651 490.8306 506.44 490.1319 484.3925 493.5868 498.2074 471.1431 480.8704 470.1288 486.6435
518.5027 499.6978 506.3574 503.496 496.3997 515.7189 484.4449 511.296 499.9557 504.8154 480.9256 500.2018 533.6639 480.574 487.4682 501.5866 484.5743 493.1491 487.0535 505.6538 510.1846 493.0692 496.2082 497.5346 486.3345 468.0757 489.6871 488.1373 491.7048 483.3019 498.6252 500.5375 483.2976 507.2034 499.0434 496.3722 484.6002 509.155 479.3361 496.1273 487.3152 498.0687 480.7099 495.2387 470.8933 502.5674 462.905 491.356 496.4387 465.359 497.9526 483.0311 492.4351 488.0731 485.993 479.8698 507.107 480.5113 489.6487 500.2585 467.4325 501.5711 462.0016
503.828 490.715 499.4412 504.0969 508.405 504.6882 488.1306 535.0496 503.3851 504.8959 510.6612 492.0858 503.7808 505.9244 497.6066 500.0394 497.6951 488.2404 497.1041 511.5784 489.7323 487.0688 534.3716 496.4178 503.8236 473.7782 508.3167 489.2168 479.2986 498.8824 519.1528 493.7571 485.5465 495.2432 484.5211 482.4667 488.908 497.5938 510.1322 472.7529 493.1454 496.5776 467.3236 494.0988 506.0089 501.3662 455.0788 489.8504 516.3565 496.5032 490.0947 471.9007 490.9297 485.2238 486.4872 493.5135 495.2261 454.241 512.0292 479.8136 477.0092 499.5458 465.7592
510.2025 493.0382 534.8823 490.6402 517.2186 491.6127 498.1657 511.491 486.0112 492.0943 507.5666 494.9668 483.3671 525.7424 506.8894 481.7831 509.2331 495.3365 507.5868 479.8291 480.2327 516.8228 499.1316 470.4348 514.6373 482.4478 529.4744 507.4535 486.0793 505.2961 490.5455 486.2439 496.1945 491.8257 481.9569 474.7599 483.0406 513.5418 510.4506 467.252 515.4659 496.6753 474.036 499.0034 497.9633 513.3708 478.2794 454.8663 481.1001 512.0786 485.858 480.8521 484.8883 480.5376 500.6079 491.8423 460.0964 484.965 502.7373 465.1158 496.4678 485.1186 471.4329
