MapLib/Lvl1_5x5/BG/Ele_BG_EF.asc
ncols         557
nrows         557
xllcorner     2784500
yllcorner     3894669.448
cellsize      1000
nodata_value  -9999.0
[rows 504 to 531 of 557, columns 315 to 377 of 557]
-1603.6835 -1585.1997 -1566.4161 -1547.7528 -1538.9207 -1576.746 -1609.6158 -1612.0991 -1607.9963 -1597.406 -1566.9125 -1514.6774 -1489.6036 -1482.3867 -1500.231 -1521.2089 -1501.7039 -1465.1394 -1405.3223 -1347.549 -1308.3564 -1315.5901 -1408.9191 -1489.3987 -1557.229 -1648.6306 -1748.4229 -1788.4155 -1806.0673 -1848.8082 -1895.9312 -1936.4861 -1968.5188 -1972.1055 -1980.7556 -1997.05 -2012.5621 -2027.4399 -2070.3708 -2130.1252 -2189.7622 -2249.4978 -2321.2444 -2391.0642 -2419.3284 -2469.8242 -2591.6021 -2696.4602 -2771.9587 -2878.0977 -3013.0591 -3086.7949 -3128.4497 -3157.4456 -3182.5359 -3198.4312 -3212.7861 -3225.4739 -3235.5901 -3239.8013 -3243.2441 -3247.1353 -3264.4492
-1523.0632 -1494.8394 -1467.9185 -1423.9113 -1396.0334 -1464.0002 -1533.4869 -1571.7386 -1589.0531 -1576.2399 -1543.4369 -1490.5656 -1453.7964 -1426.2377 -1398.4067 -1368.9805 -1342.3757 -1309.7472 -1253.3083 -1208.038 -1211.1036 -1262.5636 -1400.9924 -1508.0239 -1580.9396 -1628.1317 -1658.4119 -1677.6598 -1699.7866 -1779.4597 -1869.048 -1934.4866 -1986.9117 -1997.7167 -2015.2212 -2043.4397 -2065.7107 -2083.1724 -2123.5474 -2176.6582 -2225.0684 -2271.1528 -2306.5952 -2338.4036 -2346.3911 -2372.2317 -2460.6658 -2543.9282 -2619.1128 -2744.2537 -2916.0679 -3015.4377 -3077.6208 -3124.4587 -3166.4822 -3184.1414 -3197.3411 -3203.813 -3206.4001 -3204.176 -3204.0303 -3207.0166 -3225.1482
-1458.6763 -1453.073 -1451.6737 -1419.4662 -1392.485 -1413.71 -1434.1631 -1438.1691 -1436.1029 -1427.713 -1407.2214 -1371.7267 -1347.6401 -1329.844 -1308.9199 -1288.8375 -1281.7789 -1280.3438 -1286.1061 -1297.0592 -1318.3049 -1361.432 -1443.1592 -1502.9871 -1540.7142 -1571.4672 -1600.3872 -1643.4272 -1699.3024 -1797.3262 -1900.1028 -1964.0847 -2013.5543 -2018.8993 -2021.8538 -2019.7491 -2023.4949 -2032.4154 -2076.8564 -2141.928 -2173.9165 -2193.7717 -2210.8823 -2226.9304 -2245.0769 -2276.3362 -2350.1978 -2420.0898 -2483.0112 -2589.1201 -2736.1279 -2837.7864 -2916.7546 -3006.1863 -3094.7686 -3132.3186 -3154.4365 -3142.1711 -3124.8955 -3105.4585 -3099.0156 -3110.9629 -3137.6162
-1414.5281 -1426.6926 -1444.4814 -1426.5759 -1403.9165 -1391.1821 -1377.8566 -1358.1208 -1344.3846 -1340.8125 -1330.8446 -1313.4872 -1302.783 -1296.2135 -1282.2456 -1269.478 -1276.8539 -1296.4728 -1343.4003 -1388.9857 -1418.8403 -1448.7872 -1483.2775 -1505.2727 -1514.6475 -1535.7396 -1566.3857 -1625.9467 -1703.3256 -1815.3483 -1927.0281 -1987.8163 -2031.9132 -2029.745 -2019.6095 -1994.6714 -1980.4374 -1978.7551 -2023.7456 -2096.5601 -2113.1375 -2112.1736 -2123.3711 -2136.8921 -2165.1973 -2201.7039 -2266.79 -2325.5466 -2373.6821 -2463.4534 -2591.5095 -2690.9119 -2775.3059 -2883.6963 -2993.8157 -3040.5769 -3067.6707 -3045.1292 -3018.7053 -2997.9448 -2995.9031 -3022.2083 -3058.717
-1415.8972 -1430.1139 -1450.4034 -1444.9365 -1435.9341 -1430.2926 -1425.0334 -1417.0323 -1411.7769 -1412.8396 -1411.5466 -1408.9387 -1411.3314 -1416.3326 -1404.0491 -1388.0631 -1394.8203 -1409.9965 -1437.9341 -1464.1632 -1478.7621 -1495.0471 -1515.1093 -1527.5837 -1533.2904 -1553.8433 -1586.0721 -1640.4741 -1710.0275 -1823.5785 -1937.7185 -1993.6998 -2031.1615 -2020.293 -2002.0515 -1971.1793 -1946.9342 -1930.4365 -1966.5967 -2032.3545 -2039.5061 -2029.4811 -2065.877 -2106.4373 -2138.5205 -2178.2795 -2243.6929 -2296.1812 -2327.4844 -2409.6296 -2540.2676 -2628.3564 -2694.3562 -2761.5066 -2826.5664 -2858.1172 -2877.8267 -2864.8311 -2858.9312 -2875.0166 -2907.1155 -2958.8564 -3004.4983
-1419.4727 -1437.6484 -1461.2821 -1465.2764 -1465.7495 -1464.7755 -1463.6548 -1460.1228 -1457.5419 -1457.4753 -1459.9613 -1466.17 -1474.9301 -1485.0972 -1478.0363 -1466.9503 -1471.3402 -1482.4816 -1505.1685 -1525.53 -1534.0123 -1544.4181 -1560.2633 -1568.6494 -1569.5073 -1583.2244 -1607.1987 -1649.2661 -1706.9655 -1823.8759 -1941.8369 -1982.3672 -2005.1387 -1987.483 -1964.464 -1929.8525 -1899.0447 -1874.7189 -1901.6582 -1959.4354 -1964.001 -1951.7701 -2015.0714 -2082.7175 -2115.575 -2154.6924 -2213.5913 -2260.4856 -2288.2271 -2365.5872 -2488.5935 -2560.7537 -2606.7319 -2633.7903 -2656.0061 -2670.3984 -2681.8958 -2685.7522 -2703.7566 -2754.3484 -2815.9773 -2888.9282 -2947.9937
-1424.264 -1448.9481 -1480.1534 -1487.3284 -1490.1958 -1489.5076 -1485.2545 -1473.428 -1462.1206 -1454.355 -1453.4408 -1459.9818 -1466.1478 -1472.2959 -1477.1998 -1481.6335 -1483.5658 -1492.8329 -1532.9938 -1570.6378 -1584.918 -1601.0985 -1624.9159 -1634.1371 -1627.4359 -1625.1962 -1627.5389 -1648.6852 -1689.4977 -1812.9558 -1938.1636 -1948.4275 -1945.066 -1925.8754 -1900.2496 -1864.0314 -1832.6086 -1807.9568 -1828.6697 -1876.7001 -1885.1458 -1882.8053 -1972.2573 -2065.3635 -2095.3013 -2127.7197 -2169.8352 -2211.8762 -2254.9226 -2328.5952 -2430.6782 -2481.7383 -2506.324 -2498.4714 -2483.3652 -2480.5996 -2485.073 -2512.3394 -2558.1558 -2637.7065 -2721.8623 -2807.9514 -2885.6018
-1424.2722 -1448.8029 -1478.8826 -1491.7571 -1498.7577 -1490.3579 -1476.9211 -1456.1039 -1436.2664 -1419.3182 -1406.9138 -1398.4216 -1398.9291 -1405.366 -1436.9462 -1473.8818 -1494.0326 -1515.3831 -1561.4364 -1604.0487 -1620.9719 -1639.9966 -1664.3052 -1672.563 -1663.4072 -1652.0814 -1640.2626 -1644.4592 -1667.1294 -1760.7799 -1852.8866 -1833.1199 -1809.4297 -1804.9741 -1794.6512 -1772.8591 -1750.0404 -1727.5465 -1747.6183 -1791.3269 -1803.8149 -1808.1974 -1894.338 -1983.2719 -2010.2623 -2044.6946 -2103.0571 -2156.415 -2202.5974 -2265.0496 -2343.2668 -2376.8826 -2386.4197 -2356.7493 -2319.3777 -2320.7126 -2336.0281 -2389.97 -2460.3462 -2557.9993 -2655.1558 -2746.9036 -2836.3618
-1421.1903 -1438.9008 -1461.118 -1480.9854 -1493.5093 -1471.0079 -1443.5011 -1414.7816 -1386.2751 -1357.8942 -1326.0691 -1290.8812 -1283.8097 -1296.0577 -1364.7308 -1449.1879 -1503.8339 -1550.0756 -1591.9056 -1627.3752 -1644.5681 -1662.4384 -1681.3988 -1687.5674 -1680.3905 -1664.8029 -1645.7428 -1639.2153 -1640.9337 -1672.7202 -1699.5684 -1649.7782 -1610.5625 -1635.5217 -1653.541 -1659.5712 -1653.8732 -1636.7488 -1659.2708 -1705.0609 -1721.8483 -1730.3818 -1786.8284 -1845.7239 -1870.739 -1914.1227 -2015.9912 -2094.2285 -2134.332 -2179.5291 -2230.2717 -2249.0735 -2250.7795 -2210.1697 -2163.5586 -2187.2278 -2229.2839 -2309.9717 -2402.6777 -2510.3059 -2611.6458 -2703.0688 -2798.4475
-1396.9385 -1383.8575 -1375.4133 -1378.1384 -1375.4296 -1338.4873 -1305.8571 -1297.6819 -1289.7256 -1278.3141 -1266.322 -1253.8938 -1265.4215 -1293.9297 -1368.0277 -1454.4386 -1511.2207 -1560.0441 -1610.0833 -1651.6244 -1666.9164 -1680.4821 -1693.291 -1699.2863 -1697.8497 -1685.0221 -1665.5266 -1646.2749 -1627.5417 -1611.7318 -1591.2551 -1538.7605 -1495.9541 -1498.0083 -1508.0052 -1532.6996 -1544.1184 -1542.936 -1558.686 -1584.0233 -1593.8077 -1599.2781 -1635.3304 -1674.0454 -1701.3145 -1745.166 -1842.6055 -1920.702 -1966.3401 -2013.8434 -2063.8137 -2085.8831 -2094.0837 -2094.761 -2095.9419 -2143.4902 -2204.6018 -2299.8525 -2402.0701 -2510.7908 -2609.3059 -2691.2903 -2779.5103
-1362.4565 -1308.3778 -1258.6991 -1232.543 -1204.9799 -1152.9424 -1120.8674 -1145.3987 -1172.2369 -1190.1256 -1215.0016 -1248.595 -1292.1852 -1341.3522 -1406.4059 -1473.1547 -1517.0381 -1559.1185 -1623.3018 -1676.2948 -1688.6547 -1697.13 -1702.941 -1709.4673 -1716.657 -1708.8138 -1690.8706 -1658.9597 -1619.3369 -1562.4318 -1503.4904 -1461.0098 -1418.8602 -1375.4553 -1360.5424 -1398.8696 -1427.5811 -1446.9091 -1451.9402 -1447.5194 -1445.2268 -1444.5442 -1463.0542 -1485.3905 -1518.0078 -1558.5927 -1630.348 -1695.6169 -1752.3849 -1811.4851 -1872.4589 -1907.4779 -1927.7075 -1993.0608 -2069.0325 -2140.7366 -2218.1216 -2321.1431 -2427.3721 -2533.7078 -2625.4788 -2694.981 -2768.8108
-1266.8684 -1211.1726 -1162.3245 -1158.7853 -1158.1589 -1134.5118 -1123.5876 -1153.4409 -1187.9233 -1221.4962 -1253.0519 -1282.7506 -1323.2806 -1371.4486 -1422.2449 -1472.543 -1506.4546 -1545.0126 -1616.8545 -1681.3669 -1705.318 -1724.116 -1737.4365 -1744.8895 -1745.0382 -1711.7262 -1660.1768 -1621.3916 -1585.4562 -1531.9597 -1472.1921 -1403.3182 -1345.5165 -1333.9895 -1342.8679 -1388.9017 -1420.075 -1435.3304 -1431.3953 -1415.6772 -1409.4064 -1405.9327 -1387.7518 -1372.7766 -1405.9375 -1447.2543 -1515.5477 -1580.7675 -1639.5568 -1706.1002 -1779.8844 -1829.6578 -1867.6918 -1962.2134 -2069.2654 -2154.8804 -2241.592 -2345.0059 -2449.0168 -2549.6572 -2631.668 -2685.314 -2748.1414
-1169.3547 -1119.2761 -1078.3557 -1103.9474 -1135.7119 -1145.9159 -1158.9221 -1188.5272 -1223.8647 -1267.0961 -1298.6527 -1315.8021 -1348.8899 -1390.4395 -1429.8766 -1466.2563 -1493.4788 -1528.803 -1607.2787 -1681.3605 -1720.2689 -1751.5468 -1773.8319 -1780.5626 -1771.1986 -1709.3118 -1619.1471 -1574.3959 -1547.827 -1508.0944 -1456.829 -1357.0978 -1281.9935 -1313.6332 -1353.1765 -1406.2966 -1437.1282 -1446.0496 -1437.5219 -1418.0054 -1409.4308 -1402.9187 -1343.7383 -1286.8185 -1319.1667 -1360.342 -1433.447 -1501.026 -1559.5081 -1631.5784 -1715.8612 -1780.6859 -1835.6144 -1949.2063 -2075.3022 -2170.071 -2263.481 -2365.7214 -2466.1877 -2560.1531 -2632.374 -2673.2788 -2728.8777
-1143.8367 -1097.1531 -1052.9702 -1080.2166 -1115.2761 -1133.9576 -1152.5726 -1178.4894 -1206.8215 -1236.493 -1263.9652 -1289.3373 -1325.3126 -1368.6245 -1410.7451 -1451.1117 -1479.5178 -1517.2716 -1602.5522 -1683.9816 -1731.2926 -1766.3247 -1781.7297 -1784.6692 -1773.8197 -1696.4807 -1583.9097 -1539.8489 -1523.734 -1502.0939 -1466.7968 -1364.4021 -1287.585 -1325.9709 -1372.1279 -1431.1047 -1472.2223 -1495.1028 -1507.7166 -1514.4723 -1502.601 -1483.1749 -1384.3455 -1286.9115 -1303.015 -1337.5988 -1433.1929 -1511.3638 -1560.3475 -1627.662 -1713.1162 -1785.9741 -1851.4968 -1963.177 -2084.012 -2173.2322 -2261.748 -2362.9556 -2458.9097 -2540.4905 -2608.1577 -2656.2183 -2728.6033
-1128.3383 -1080.5002 -1027.5615 -1048.035 -1078.8071 -1103.097 -1126.9885 -1153.2889 -1176.7321 -1193.0319 -1217.2014 -1250.3656 -1290.5085 -1334.717 -1382.0364 -1428.2004 -1459.5729 -1499.4072 -1588.7721 -1675.5352 -1725.474 -1759.12 -1765.9661 -1763.9818 -1752.0072 -1668.0303 -1547.6707 -1506.9167 -1501.5376 -1500.009 -1486.1356 -1388.448 -1314.9669 -1354.213 -1402.2167 -1465.6028 -1515.1501 -1550.8414 -1584.3169 -1615.3958 -1603.3539 -1574.272 -1445.692 -1317.4426 -1315.6685 -1339.6561 -1448.4542 -1530.246 -1569.1539 -1633.6376 -1721.8851 -1799.7393 -1871.667 -1980.7318 -2097.1086 -2180.45 -2263.4495 -2361.5754 -2453.574 -2528.6355 -2596.8401 -2658.1709 -2746.9326
-1102.6243 -1040.6453 -967.7574 -971.9385 -991.5332 -1024.8152 -1061.6869 -1102.8589 -1135.127 -1151.4153 -1175.5483 -1209.7617 -1247.3608 -1287.1357 -1336.0065 -1385.7036 -1418.3174 -1458.567 -1545.4569 -1627.3071 -1666.5129 -1689.6393 -1686.1781 -1678.1531 -1664.0251 -1597.9929 -1505.5695 -1475.2543 -1475.8505 -1502.0924 -1518.3219 -1437.7839 -1376.1307 -1416.3645 -1464.1405 -1525.9402 -1573.5891 -1607.9424 -1643.8497 -1678.2014 -1673.7794 -1653.2767 -1526.4001 -1398.7294 -1380.0452 -1384.9147 -1465.616 -1528.0652 -1561.8656 -1631.3901 -1735.1024 -1813.0693 -1877.5023 -1995.7888 -2125.4387 -2210.3284 -2290.927 -2380.355 -2468.7034 -2555.3584 -2639.4192 -2721.5144 -2818.5925
-1077.9457 -998.6367 -903.461 -896.7302 -909.3005 -948.3687 -994.4542 -1045.8793 -1085.2778 -1102.6871 -1126.7582 -1159.6326 -1197.6608 -1238.947 -1290.9554 -1343.0767 -1373.4706 -1407.0201 -1478.072 -1543.0684 -1574.3763 -1592.6787 -1591.4279 -1585.5579 -1573.3594 -1527.1704 -1463.3125 -1445.5924 -1451.9377 -1491.3224 -1523.7418 -1466.4371 -1424.3772 -1467.1393 -1517.0359 -1579.5123 -1624.4359 -1651.7711 -1677.1947 -1700.9392 -1702.2526 -1693.677 -1577.8994 -1458.906 -1430.0143 -1419.5795 -1469.1074 -1513.0043 -1547.7825 -1632.5386 -1762.9789 -1846.8903 -1907.0426 -2028.5537 -2162.1611 -2249.6655 -2333.5591 -2424.3848 -2516.9524 -2611.0852 -2704.4915 -2797.7197 -2894.6135
-1059.9359 -957.4163 -841.6148 -834.8547 -850.3558 -887.8094 -931.3215 -984.5328 -1024.0499 -1037.8258 -1059.7262 -1092.0746 -1138.5522 -1193.2197 -1251.2795 -1305.3459 -1326.1168 -1340.6953 -1367.7576 -1397.0938 -1428.1327 -1457.0439 -1482.2605 -1495.7618 -1495.8286 -1466.2321 -1422.2977 -1419.2432 -1434.6501 -1453.8153 -1468.1898 -1445.0569 -1434.9174 -1484.0802 -1541.366 -1613.2006 -1655.2292 -1666.7299 -1662.4778 -1649.7206 -1653.4518 -1659.1038 -1562.8568 -1461.7379 -1435.432 -1420.5662 -1443.1339 -1475.7228 -1524.85 -1641.2588 -1819.3573 -1924.6652 -1992.1355 -2097.9185 -2210.9658 -2304.168 -2400.7222 -2518.3264 -2627.6797 -2715.802 -2799.8357 -2881.2415 -2968.0684
-1022.3671 -917.1007 -802.9432 -794.1027 -807.609 -843.6566 -882.5909 -920.27 -953.9791 -981.8195 -1011.1304 -1042.11 -1091.6094 -1152.9685 -1213.3446 -1266.5364 -1280.491 -1284.4661 -1293.5728 -1306.5586 -1329.7417 -1356.35 -1389.9685 -1411.8809 -1421.5425 -1412.5985 -1394.4019 -1404.3458 -1423.7942 -1430.4404 -1432.9027 -1433.1646 -1444.4534 -1498.5553 -1562.0111 -1641.0483 -1672.3827 -1655.4008 -1635.5479 -1616.0704 -1621.9384 -1632.9674 -1543.1685 -1449.4297 -1427.5148 -1419.229 -1452.5736 -1497.238 -1558.6511 -1691.1069 -1889.3693 -2005.7881 -2080.2688 -2186.0039 -2299.0781 -2397.4131 -2497.9065 -2621.332 -2732.3599 -2813.3953 -2886.8081 -2953.323 -3026.3486
-953.6679 -878.8833 -797.2354 -781.6049 -783.5367 -821.6408 -852.4287 -851.0181 -872.2613 -940.0317 -989.6262 -1017.9318 -1063.5217 -1120.1329 -1176.53 -1226.7561 -1238.0367 -1244.7841 -1276.1143 -1303.0717 -1305.6448 -1310.3909 -1322.6168 -1335.9741 -1349.3619 -1366.0073 -1384.5291 -1404.3806 -1422.4456 -1429.902 -1434.3015 -1438.3916 -1453.6456 -1511.7729 -1579.2861 -1663.8676 -1673.312 -1608.9446 -1595.7026 -1614.7651 -1623.444 -1625.667 -1524.177 -1419.8639 -1405.2632 -1417.3853 -1517.1378 -1605.4008 -1674.5431 -1799.8864 -1976.1874 -2087.8716 -2165.6003 -2298.9895 -2443.2434 -2543.1995 -2637.9646 -2733.0781 -2821.3647 -2895.6211 -2958.7554 -3007.5476 -3065.9004
-939.2591 -871.0872 -795.5049 -783.7962 -787.7313 -815.8077 -837.1653 -829.877 -846.8588 -913.8607 -965.1893 -997.8599 -1042.5869 -1094.4498 -1142.4033 -1184.8639 -1200.3094 -1217.224 -1269.4304 -1315.1578 -1320.788 -1318.6074 -1305.6266 -1304.4984 -1316.6587 -1350.428 -1396.0389 -1433.6948 -1462.0109 -1456.389 -1443.2784 -1441.8285 -1455.5597 -1522.5869 -1596.4775 -1682.4386 -1686.2012 -1608.7579 -1592.0917 -1612.1702 -1611.8021 -1602.2717 -1511.6494 -1421.2307 -1430.6108 -1468.5756 -1601.4811 -1713.1581 -1790.4351 -1914.478 -2080.9763 -2192.2935 -2274.0283 -2405.0952 -2544.9172 -2634.6982 -2718.009 -2799.2341 -2876.3716 -2945.9883 -3005.1711 -3049.4839 -3101.1973
-966.9692 -888.4794 -796.6453 -798.6752 -814.396 -823.6668 -832.9744 -846.7931 -866.7347 -899.1458 -936.8824 -981.5955 -1027.1676 -1073.8235 -1110.5865 -1142.5674 -1166.3315 -1198.9564 -1271.576 -1338.916 -1367.4353 -1370.1791 -1328.3647 -1310.1017 -1315.7821 -1359.6212 -1425.8541 -1486.9177 -1535.1965 -1503.8246 -1457.4229 -1443.5245 -1452.2747 -1532.083 -1613.8167 -1697.861 -1708.4587 -1646.5081 -1617.699 -1609.0791 -1589.4021 -1564.4109 -1503.0558 -1446.8108 -1494.9453 -1563.4122 -1702.2573 -1820.7953 -1906.327 -2033.8517 -2200.8889 -2314.4856 -2401.0266 -2505.8618 -2612.9695 -2682.6094 -2750.3508 -2827.7078 -2903.3606 -2970.8164 -3030.5193 -3080.2788 -3132.5168
-998.7168 -918.1069 -821.9119 -828.9659 -850.0127 -858.1918 -864.5549 -868.0848 -872.967 -880.9243 -907.0313 -954.4537 -997.3232 -1037.7324 -1073.1498 -1107.9852 -1147.2855 -1201.7538 -1308.3177 -1403.812 -1438.6617 -1434.2161 -1362.9869 -1334.0494 -1349.8955 -1404.324 -1481.8756 -1544.1654 -1587.3204 -1538.6436 -1474.0769 -1452.8737 -1457.4897 -1547.0833 -1631.0127 -1704.2469 -1714.7201 -1662.6512 -1624.5359 -1593.99 -1555.6417 -1515.4824 -1506.8409 -1507.2112 -1575.861 -1661.683 -1806.4965 -1929.6272 -2018.5038 -2144.1116 -2303.8484 -2403.9763 -2474.0298 -2562.3196 -2653.9063 -2718.0034 -2782.0828 -2857.0913 -2931.135 -2997.968 -3059.6475 -3114.7302 -3167.7813
-1034.3358 -954.8943 -858.7186 -864.2051 -885.19 -900.175 -905.6372 -886.6998 -869.1379 -858.9226 -875.4222 -921.2094 -959.9479 -994.1275 -1033.6084 -1077.256 -1136.0757 -1215.311 -1359.5229 -1483.8256 -1514.6783 -1498.6068 -1403.0464 -1369.7932 -1402.774 -1468.1807 -1550.4954 -1603.3376 -1630.9736 -1571.3186 -1497.9309 -1474.3412 -1479.1923 -1573.3105 -1653.9297 -1708.0735 -1712.9055 -1667.0026 -1619.3732 -1570.8601 -1520.3297 -1471.3903 -1523.1047 -1587.0804 -1666.7004 -1763.1243 -1913.3112 -2039.621 -2127.8914 -2246.9749 -2395.8225 -2477.4956 -2524.4004 -2601.3286 -2684.887 -2750.2878 -2815.8635 -2889.0557 -2961.4375 -3028.8188 -3091.8323 -3150.8198 -3202.8765
-1094.6698 -1010.0215 -903.7365 -883.6531 -880.4867 -890.077 -888.4602 -856.2375 -828.7072 -815.5221 -830.2072 -875.3135 -910.5311 -939.3385 -989.6004 -1051.6406 -1136.4821 -1242.7306 -1403.7729 -1532.4513 -1538.0299 -1515.0634 -1452.8003 -1443.7816 -1490.4012 -1556.1105 -1629.5985 -1666.1952 -1679.3615 -1634.3434 -1583.7902 -1588.1494 -1611.6331 -1685.1228 -1732.1952 -1730.3795 -1701.5154 -1646.7482 -1585.1027 -1521.5608 -1514.041 -1526.7487 -1612.5238 -1703.8593 -1780.6027 -1874.5786 -2024.6219 -2146.7686 -2222.988 -2326.6045 -2455.7495 -2530.8752 -2577.6438 -2655.9385 -2740.1099 -2804.9443 -2869.23 -2946.8977 -3020.1541 -3083.2031 -3139.1248 -3186.9434 -3231.5134
-1173.5258 -1087.11 -974.5892 -920.2582 -880.831 -871.5806 -855.4773 -811.4833 -777.6277 -766.3391 -781.3502 -824.2516 -856.4564 -882.8724 -950.0342 -1035.2506 -1146.2772 -1272.5835 -1431.3474 -1548.8035 -1527.8926 -1507.6918 -1504.9001 -1532.3239 -1590.7257 -1652.4453 -1712.2487 -1732.9869 -1733.2352 -1707.7972 -1685.3422 -1720.6501 -1761.2263 -1807.8019 -1817.0898 -1757.3353 -1691.9771 -1619.6648 -1550.5406 -1487.8324 -1534.5887 -1618.0613 -1725.9561 -1833.4437 -1902.8672 -1989.8624 -2135.8894 -2249.6445 -2312.135 -2399.2512 -2509.6516 -2582.447 -2635.1821 -2717.978 -2806.2109 -2869.4907 -2933.3997 -3012.9565 -3085.8579 -3141.3779 -3187.4707 -3221.7849 -3257.6665
-1297.918 -1239.1168 -1155.494 -1060.3577 -968.7646 -899.0762 -835.2897 -778.1144 -737.7996 -724.0302 -733.2315 -766.6742 -801.2651 -838.1276 -935.7164 -1054.8877 -1175.0648 -1291.6346 -1391.3151 -1459.8041 -1443.4532 -1460.4135 -1552.3395 -1630.7738 -1695.3641 -1750.2782 -1796.704 -1809.5143 -1805.0302 -1786.5953 -1771.6045 -1796.058 -1823.4657 -1848.8202 -1844.5012 -1784.8951 -1703.6727 -1603.114 -1566.3213 -1571.504 -1639.9052 -1729.1781 -1845.5471 -1960.3625 -2027.2865 -2108.7683 -2237.9333 -2338.8118 -2395.0393 -2478.0229 -2586.9509 -2658.1084 -2710.2122 -2794.3184 -2885.0503 -2950.0078 -3013.1462 -3079.8018 -3139.5103 -3183.7488 -3220.7612 -3249.0574 -3280.6201
-1420.457 -1395.4697 -1350.6138 -1222.4208 -1082.1165 -945.428 -828.2239 -761.1792 -716.7114 -701.7091 -705.1171 -728.5199 -763.9011 -808.5428 -930.5591 -1075.209 -1193.422 -1288.9319 -1329.9028 -1353.4336 -1358.7198 -1422.5885 -1602.2335 -1727.9617 -1797.7369 -1850.9232 -1890.7849 -1899.5906 -1892.3868 -1868.9318 -1845.7762 -1852.8975 -1861.2532 -1865.3629 -1850.5114 -1799.6256 -1719.7651 -1613.8069 -1620.0148 -1696.3517 -1775.2728 -1855.3051 -1971.51 -2086.8657 -2149.9199 -2224.7493 -2335.9282 -2425.2129 -2478.4585 -2562.5486 -2675.1321 -2746.6545 -2796.7053 -2878.7722 -2966.7437 -3029.9497 -3088.9556 -3140.4968 -3185.4387 -3218.9236 -3248.1616 -3273.1689 -3302.6343
