MapLib/Lvl1_5x5/BG/Ele_BG_BB.asc
ncols         557
nrows         557
xllcorner     556500
yllcorner     5565669.448
cellsize      1000
nodata_value  -9999.0
[rows 60 to 89 of 557, columns 345 to 413 of 557]
-15 -15 -14.267 -14 -14 -14 -14 -14 -13.0213 -13 -13 -13 -13 -12.2785 -12 -12 -12 -11.0358 -11 -11 -10.8034 -10.0081 -9.5467 -9 -8.2901 -8 -7.0502 -7 -6.0364 -6 -5.0512 -5.0412 -4.1697 -3.0274 -3 -2.3016 -1.6287 -2.0069 -4.3681 6.1612 6.9794 6.9714 6.7897 4.8417 -1 7.5885 6.8888 5.8428 5 -1.6298 2 -1.0996 -1.0274 -2.0087 -2.0099 -2 -2.0766 -3.0364 -2.6706 -2.0009 -2.6372 -3.0382 -2.1573 -2 -2.2099 -2.2572 -2.0292 -2.0033 -2.7151
-15 -15 -15 -14 -14 -14 -14 -14 -13.8168 -13 -13 -13 -13 -13 -12.4148 -12 -12 -11.9055 -11.0435 -11 -11 -10.7358 -10 -9.6864 -9.1728 -8.6864 -7.9941 -7.6864 -6.9093 -6.0518 -6 -5.9388 -4.8562 -3.5345 -3 -3 -1.6287 -2.0131 -5.9261 5.4555 6.0158 6.7043 6.5756 6.8806 7.9849 7.7302 -2 -1.2009 -1 4.7642 3.7759 -1.0996 -1.5356 -2.1709 -2.7472 -2 -2.7105 -3.7119 -3 -2.0176 -2.7376 -3.7471 -3 -2 -3.1587 -3.206 -2.5708 -2.0645 -3
-15.6594 -15 -15 -15 -15 -15 -14.2208 -14 -14 -13.8512 -13.0468 -13 -13 -13 -13 -12.3118 -12 -12 -12 -12 -11.8595 -11.0507 -10.676 -10.3217 -10.3217 -9.7399 -9.3157 -8.5564 -7.8038 -7.0243 -6.1416 -6 -5.1697 -3.6842 -3 -2.2639 -1.6287 -1.011 -3.1138 -3.6587 4.9611 7.6131 8 7.9505 7.0562 6.5246 -1 -1 -1 -1 -1 -1.9004 -2 -2 -2 -2 -2.052 -2.6783 -2.4428 -2 -2.419 -2.6783 -2.0758 -2 -2.6783 -2.6783 -2 -2.0437 -2.6783
-16 -15 -15 -15 -15 -15 -14.6864 -14 -14 -14 -13.9632 -13 -13 -13 -13 -12.9987 -12.3195 -12 -12 -12 -12 -11.9637 -11 -11 -11 -10.59 -9.9992 -9.957 -8.6802 -7.9602 -6.9759 -6.7703 -5.1697 -4.5115 -3.8605 -2.2639 -1.984 -1.0003 -1.043 -1.043 -1.0038 5.4254 8.7836 8.6779 7.9114 5.9937 5.8357 -1 -1 -1 -1.2537 -1.9957 -2 -2 -2 -2 -2 -2 -2 -2 -2 -2 -2 -2 -2 -2 -2 -2 -2
-16 -16 -15.685 -15 -15 -15 -15 -15 -14.2463 -14 -14 -14 -14 -13.6899 -13 -13 -13 -13 -13 -12.2535 -12 -12 -12 -12 -11.6949 -11.5922 -11.5811 -10.7333 -9.882 -8.6677 -8.2607 -7.4767 -6.6614 -5.5922 -4.5922 -3.8562 -3.2209 -2.5922 -2.5922 -2.428 -2 -2 4.2222 7.6499 7.2944 -1.6284 -2.4288 -2 -2 -2 -2.4352 -2 -2 -2.6619 -2.6713 -2 -2.0454 -2.8825 -2.3866 -2 -2.3658 -2.4424 -2 -1.4078 -2 -2 -1.4078 -2 -2.4144
-16.1133 -16 -16 -15.2275 -15 -15 -15 -15 -14.5487 -14.1776 -14 -14 -14 -14 -13.6943 -13 -13 -13 -13 -13 -12.1803 -12 -12 -12 -12 -12 -12 -11.4948 -10.7765 -10.0172 -9.2275 -8.8493 -7.3972 -6.6404 -5.9221 -5.06 -4.143 -3.2275 -3.2275 -3 -2.295 -2 -2 -2 -1.2275 -2 -2.5594 -2.4949 -2 -2.4866 -2.7725 -2.077 -2 -2.7725 -2.7725 -2 -2 -2.55 -2 -2 -2 -2.5771 -1.798 -1 -1.7725 -1.7725 -1 -1.0645 -2.5406
-16.9311 -16 -16 -16 -15.8255 -15 -15 -15 -15 -14.9699 -14.1254 -14 -14 -14 -14 -13.8361 -13 -13 -13 -13 -12.9716 -12.1359 -12 -12 -12 -12 -12 -12 -11.6132 -10.8731 -10.3798 -9.6945 -8.886 -7.4611 -6.7758 -5.899 -4.949 -4.8571 -4 -3.6235 -3 -2.3901 -2 -2 -2 -2 -2 -2 -2 -2 -2 -2 -2 -2 -2 -2 -2 -1.3858 -1.1373 -1.1373 -1.1373 -1.1373 -1.0153 -1 -1 -1 -1 -1.0645 7.3899
-17 -16.4296 -16 -16 -15.9784 -15.498 -15 -15 -15 -15 -14.571 -14.254 -14 -14 -14 -14 -13.6656 -13 -13 -13 -13 -12.1575 -12 -12 -12 -12 -12 -12 -11.3568 -11 -11 -10 -9.1697 -8.5345 -7.4478 -6.2639 -5.8136 -5 -5 -4.3599 -3.5419 -3 -2.9081 -2.498 -2.498 -2.498 -2.498 -2.319 -2 -2 -2 -2 -2 -2 -2 -2 -2 -2 -1.498 1.6662 -2.1157 5.6253 10.0739 6.9069 7.1592 8.102 7.0721 7.158 8.9491
-17 -17 -17 -16 -16 -16 -15.6864 -15 -15 -15 -15 -15 -14 -14 -14 -14 -14 -13.6986 -13 -13 -13 -12.1575 -12 -12 -12 -12 -11.9975 -11.2999 -11 -11 -10.9254 -10 -9.2803 -9 -7.9126 -7.0352 -6.0838 -6 -6 -5.0963 -4.2091 -4.073 -4.1332 -4.0242 -3.0728 -3.0118 -3.7608 -2.6885 -2.0007 -2.6298 -2.7349 -2 -1 -2 -2 -1 -2.0766 8.4085 7.6036 7.9169 5.7068 8.1057 6 6.5793 7.0176 7 6.4862 8.8684 7.2857
-17 -17 -17 -16.4551 -16 -16 -15.9274 -15.7685 -15 -15 -15 -15 -14.7685 -14.1841 -14 -14 -14 -13.6986 -13 -13 -13 -12.1575 -12 -12 -12 -12 -11.9813 -11 -11 -11 -10.1019 -10 -10 -9 -8 -7.2639 -6.914 -6 -6 -5.7227 -5 -4.8953 -5 -4.1817 -3.5464 -3.0888 -3.4435 -3 -2.0054 -2.6298 -2.1701 -1.3081 -1 -1.3628 -1.3805 -1 7.0582 7.5058 6.757 8.3677 6.8683 6.8498 5 6.7092 8.4342 7.1175 7.7273 7.8377 8.3686
-17 -17 -17 -17 -16.9569 -16 -16 -16 -15.4159 -15 -15 -15 -15 -15 -14 -14 -14 -13.8203 -13.0256 -13 -13 -12.4977 -12 -12 -12 -12 -11.9813 -11 -11 -10.0755 -10 -10 -10 -9 -8.3631 -8 -7.2538 -6.9961 -6.1445 -5.8347 -5.0353 -5 -5 -5 -4 -3.9112 -3 -3 -3 -2.3702 -2 -1.0996 -1 -1 -1 -1 -1 -1.4245 4.6446 -3.3967 7.5127 5.008 5.5564 5.8303 8.1129 9.3057 9.4452 7.5417 8.658
-17.039 -17 -17 -17 -17 -16.3481 -16.0268 -16 -16 -15.7892 -15.0057 -15 -15 -15 -15 -14.0378 -14 -14 -14 -13.0167 -13 -13 -12.5409 -12 -12 -12 -11.9813 -11 -11 -10.0755 -10 -10 -10 -9 -8.8992 -8 -7.6287 -7 -7 -6.0282 -6 -5.039 -5.039 -5.0071 -4 -4 -4.0282 -3.6407 -3 -3 -2.7739 -2.0039 -1.039 -1.039 -1.039 -1.039 6.702 -1.039 -2 -2.9441 -9.1515 -14.874 -12.4143 3.769 5.6943 8.7744 9.9449 8.8321 8.9537
-18 -17 -17 -17 -17 -17 -16.6864 -16 -16 -16 -15.1454 -15 -15 -15 -15 -14.9691 -14 -14 -14 -13.4281 -13 -13 -13 -12 -12 -12 -11.9813 -11 -11 -10.0755 -10 -10 -10 -9 -8.8992 -8 -7.6287 -7 -7 -6.9097 -6.059 -6 -6 -5.1817 -4.3684 -4.0599 -4.9101 -3.883 -3.0036 -3.4247 -3.7349 -2.0996 -2 -2 -2 -2 7.7957 6.29 -1.7659 -1.3257 -10.0318 6.783 8.3141 8.7234 8.2043 9.1776 8.7814 8.245 10.47
-18 -17.9052 -17.3095 -17 -17 -17 -17 -16.3448 -16.1287 -16 -16 -15.3095 -15 -15 -15 -14.9691 -14 -14 -14 -13.4281 -13 -13 -13 -12 -12 -12 -11.9813 -11 -11 -11 -10.1363 -10 -10 -9 -9 -8.4918 -8 -7.3075 -7 -7 -6.0875 -6 -5.5641 -5 -4.6868 -4.3434 -4.1905 -3.6407 -3 -3 -2.6905 -2.0688 -1.6905 -1.6905 -1.6905 9.4742 7.9934 7.2414 7.3779 7.9151 7.3009 8.7165 9.8582 9.1098 12.363 12.3332 9.0911 10.9931 9.5575
-18 -18 -18 -17 -17 -17 -17 -17 -16.4159 -16 -16 -16 -15 -15 -15 -14.9691 -14 -14 -14 -13.9684 -13 -13 -13 -12.838 -12 -12 -11.999 -11.3269 -11 -11 -10.9691 -10 -10 -9 -9 -9 -8.594 -7.9996 -7.3382 -7 -6.0875 -6 -5 -5 -5 -4.9112 -4 -3.6407 -3 -2.4049 -2 -1.1494 -1 -1 6 8.8935 9.1409 8.3038 7.9152 7.9841 7.3628 6.8827 7.956 9.6831 9.7392 7.6344 9.1001 12.4086 8.4992
-18 -18 -18 -17.8287 -17.555 -17 -17 -17 -16.4159 -16 -16 -16 -15.9474 -15.58 -15 -15 -15 -14.4052 -14 -14 -13.913 -13.0914 -13 -13 -12.6858 -12 -12 -12 -11.4123 -11 -11 -10.9181 -10.0984 -9.8045 -9 -9 -8.6287 -8 -8 -7.4192 -7 -6.2623 -5.9231 -5.1054 -5 -5 -4.6959 -3.8491 -3.0031 -2.3702 -2 -1.0996 -1 -1.58 6.2788 8.6947 9.464 9.1746 7.6534 9.103 8.5474 8.2878 8.6027 8.5076 8.974 8.6209 9.494 10.6078 8.395
-18 -18 -18 -18 -17.9662 -17.0693 -17 -17 -16.5416 -16 -16 -16 -16 -16 -15.1301 -15 -15 -15 -14.265 -14 -14 -14 -13.1124 -13 -13 -12.6991 -12 -12 -12 -11.2745 -11 -11 -11 -10.1151 -9.9209 -9.0568 -8.7086 -8 -8 -8 -7.0875 -7 -6 -6 -5 -5 -4.8441 -3.9226 -3.0042 -2.3702 -2 -1.0996 -1 -2 7.9998 7.4771 9.3369 8.6924 9.0571 9.2393 7 7.6634 7.7141 8.7306 8.3534 6.9974 7.3246 7.5849 7.9309
-18.8506 -18 -18 -18 -18 -17.8986 -17.5838 -17 -17 -16.8506 -16.1236 -16 -16 -16 -15.9409 -15.8243 -15 -15 -15 -14.3641 -14 -14 -13.9286 -13 -13 -13 -12.8346 -12 -12 -12 -11.8506 -11.8506 -11.1444 -10.9304 -10 -9.89 -9 -8.845 -8 -8 -7.0875 -7 -6 -6 -5 -4.9245 -4.0412 -3.6407 -3 -2.3702 -2 -1.0996 -1 -2 10.2399 8.7803 2.7648 7.5694 8.4595 9.003 7.9321 7.3131 8.7875 9.0785 7.8547 8.0938 8.3239 8.2864 7.853
-19 -18.4191 -18 -18 -18 -18 -17.8387 -17.0248 -17 -17 -16.5606 -16 -16 -16 -16 -15.9841 -15.1622 -15 -15 -15 -14 -14 -14 -13.9419 -13.1223 -13 -13 -12.6637 -12 -12 -12 -12 -12 -11 -10.8992 -10 -9.8091 -9 -8.6699 -8 -7.5308 -7 -6.3969 -6 -5.2655 -4.9543 -4.4858 -3.8152 -3.0026 -2.6761 -2.357 -1.537 -1.2602 -2 7.894 7.4263 7.9414 1.3005 7.3352 6.1738 9.3107 9.6648 8.0784 9.3488 7.9874 10.2376 7.9335 9.6985 8.7721
-19 -19 -19 -18 -18 -18 -18 -18 -17.4159 -17 -17 -17 -16 -16 -16 -16 -16 -15.6986 -15 -15 -15 -14.1575 -14 -14 -14 -13 -13 -13 -12.7458 -12.0091 -12 -12 -12 -11 -10.8992 -10 -10 -9.9942 -9.0433 -8.7563 -8.0106 -7.5185 -7 -6.2808 -6 -6 -5.3636 -4.6842 -4.0007 -4 -3.089 -2.2086 -2 -2 -2 -1 5.2514 -2.0862 -1.7739 7.7183 7.9546 8.2409 7.3786 10.0734 8.1945 9.9811 10.455 5.1983 -3.0364
-19 -19 -19 -18.4479 -18 -18 -18 -18 -17.8577 -17 -17 -17 -16.6617 -16 -16 -16 -16 -15.6986 -15 -15 -15 -14.1575 -14 -14 -14 -13 -13 -13 -13 -12.0755 -12 -12 -12 -11 -10.9754 -10.1996 -10 -10 -9.358 -9 -8.0875 -8 -7 -7 -6 -6 -6 -4.7282 -4.0013 -4 -3.7349 -3 -2 -2 -2 -1.4225 -2 -2.1735 -2.1591 -2 9.6412 7.8194 8.4901 6.9348 7.173 6.7577 -4.9536 -3.2437 -2.544
-19 -19 -19 -19 -19 -19 -18.6864 -18 -18 -18 -17.1454 -17 -17 -17 -16 -16 -16 -15.6986 -15 -15 -15 -14.4874 -14 -14 -14 -13.2414 -13 -13 -13 -12.0755 -12 -12 -12 -11 -11 -11 -10.2462 -10 -9.358 -9 -8.0875 -8 -7 -7 -6 -5.9112 -5 -4.6407 -4 -4 -4 -3.0996 -2.6741 -2 -2 -2 -1.97 -1.6084 -1 -1 -1.3758 -1.4545 -1 5.0636 5.8673 5 -2.1792 -1.6084 -1.6084
-19.0134 -19 -19 -19.0109 -19 -18.9818 -18.6764 -18.0268 -18.0268 -18.0209 -18 -17.0268 -17.0268 -17.0064 -16.615 -16.026 -16 -16 -15.0884 -15.0115 -15 -15 -14.0268 -14 -14 -13.6268 -13.0263 -13 -13 -13 -12.0118 -12 -12 -11.547 -11 -11 -10.6287 -10 -9.358 -9 -8.0875 -8 -7 -7 -6.5586 -6 -5.2954 -5 -4.0321 -4.0268 -4.0197 -3.1238 -3 -3 -3 -2 -2 -2 -2 -1.0439 -1.0268 -1.0268 -1.003 -1.5234 -2.9774 -3 -1.5708 -1.0017 -1.7078
-19.8303 -19 -19 -19.7999 -19 -18.3216 -18.3136 -19 -19 -18.9259 -18.0962 -18 -18 -17.7431 -17 -16.9691 -16 -16 -16 -15.4281 -15 -15 -15 -14.5873 -14 -14 -13.9813 -13 -13 -13 -12.8109 -12 -12 -12 -11.5954 -11 -10.6287 -10 -9.358 -9 -8.0875 -8 -7 -7 -7 -6.6033 -6 -5.4242 -5 -5 -4.7349 -4 -3 -3.6621 -3.1284 -2.3699 -2.0507 -2.6621 -2.4322 -2 -2 -2 -1.1118 -1.5234 -2.1587 -2.4743 -1.5708 -1.0645 -2.4633
-20.2973 -20.2565 -20 -20 -19.9697 -19.0956 -19.2973 -19.2973 -19.1237 -19 -19 -18.2973 -18 -18 -17 -17 -16.5319 -16.2077 -16 -16 -15.2973 -15.0468 -15 -14.9206 -14.2973 -14 -13.9813 -13 -13 -13 -13 -12 -12 -12 -11.8992 -11 -11 -10.2954 -10 -9.2149 -9 -8.1345 -7.8714 -7.054 -7 -6.9112 -6 -5.6407 -5 -4.8127 -4.5164 -4 -3.2973 -3.7027 -3.1362 -2.3925 -2 -2.5002 -2 -2 -2 -1.5249 -1 -1 -1.7498 -1.7639 -1 -1.0453 -1.9107
-21 -20.9907 -20.9326 -20 -20 -19.9543 -20 -20 -19.4159 -19 -19 -19 -18 -18 -17 -17 -17 -16.6986 -16 -16 -16 -15.1575 -15 -15 -15 -14 -13.9987 -13.3227 -13 -13 -13 -12 -12 -12 -11.8992 -11 -11 -10.9996 -10.3339 -9.9813 -9.0816 -8.9631 -8 -7.9449 -7 -6.9112 -6 -5.6407 -5 -4.3702 -4 -4 -4 -3 -3 -2 -2 -2 -2 -2 -1.424 -1 -1 -1 -1.0107 -1.0139 -1 -1 4.0569
-21 -21 -21 -20.8238 -20.5679 -20.5679 -20.5679 -20.5679 -20 -19.5679 -19.0825 -19 -18.9459 -18.1361 -17.829 -17.5503 -17 -17 -16.5952 -16.2431 -16 -15.1575 -15 -15 -15 -14 -14 -13.7174 -13.4036 -13 -13 -12.5679 -12.0964 -12 -12 -11.6819 -11 -11 -10.358 -10 -9.0875 -9 -8 -8 -7 -6.9112 -6 -5.6407 -5 -4.3702 -4 -4 -4 -3.9262 -3.1101 -2.3172 -2 -2.4043 -2 -1.4421 -1.516 -1.5679 -1.0635 -1 -1.0901 -1.5679 -1 -1 -1.3973
-21 -21 -21 -21 -21 -21 -21 -21 -20.5345 -20 -19.319 -19 -19 -19 -18 -17.9691 -17 -17 -17 -16.4281 -16 -15.1575 -15 -15 -15 -14 -14 -14 -14 -13.0755 -13 -13 -13 -12 -12 -12 -11.6287 -11 -10.358 -10 -9.0875 -9 -8 -8 -7 -6.9112 -6 -5.6407 -5 -4.3702 -4 -4 -4 -4 -3.1939 -2.5586 -2.0611 -2.9415 -2 -1.0176 -1.4922 -1.9486 4.0525 4.147 5.0118 4.9004 -1 -1.0514 -1.939
-21.8384 -21.8384 -21.8384 -21.8384 -21.8384 -21.8384 -21 -21 -21 -20.6545 -20 -19.8384 -19 -19 -18 -17.9691 -17 -17 -17 -16.4281 -16 -15.1575 -15 -15 -15 -14 -14 -14 -14 -13.0755 -13 -13 -13 -12 -12 -12 -11.6287 -11 -10.358 -10 -9.0875 -9 -8 -8 -7 -6.9112 -6 -5.6407 -5 -4.3702 -4 -4 -3.1616 -3.1616 -3.0313 -2.0903 -2 -2.1151 -1.709 -1.0028 -1 -1.1207 6.0202 5.3749 2.7379 -1.0333 -1 -1 -1.1131
-22 -22 -22 -22 -22 -22 -21.6864 -21 -21 -21 -20.1454 -20 -19 -19 -18 -17.9691 -17 -17 -17 -16.4281 -16 -15.1575 -15 -15 -15 -14 -14 -14 -14 -13.0755 -13 -13 -13 -12 -12 -12 -11.6287 -11 -10.358 -10 -9.0875 -9 -8 -8 -7 -6.9112 -6 -5.6407 -5 -4.3702 -4 -3.0996 -3 -3 -3 -2 -2 -2 -1.8173 -1.0083 -1.2925 -1.4736 -1.053 -1 -1 -1 -1 -1 -1
