MapLib/Lvl1_5x5/BG/Ele_BG_AF.asc
ncols         557
nrows         557
xllcorner     2784500
yllcorner     6122669.448
cellsize      1000
nodata_value  -9999.0
[rows 493 to 521 of 557, columns 330 to 395 of 557]
128.8163 139.5939 145.3074 140.4183 135.5234 132.6771 132.5585 133.9936 135.3532 135.9502 133.0548 124.9348 138.2758 140.5295 130.58 134.1679 125.583 123.6932 117.965 111.1903 111.4544 108.0758 110.066 117.3294 103.5971 103.1578 102.1414 104.9981 107.8466 117.3686 136.2963 127.0223 119.6735 112.9272 128.5391 124.5757 140.1016 121.8522 126.8081 131.6707 141.21 131.2193 129.1115 131.9437 129.4644 129.2317 139.4355 145.6339 132.7836 129.7425 134.8938 130.7124 128.7873 144.5036 142.6632 138.028 147.6723 140.7827 147.9025 155.3931 127.3122 122.8935 123.2851 118.2855 143.911 140.0338
158.8177 142.8781 130.0527 125.6981 131.1246 132.9087 136.8982 139.8892 137.0098 142.7576 142.7532 136.4397 146.7995 149.2062 147.6687 137.4875 143.0705 137.5703 138.6037 123.8061 113.7982 109.1143 108.0081 110.0796 109.5882 101.428 111.3086 106.1388 104.2436 106.1953 120.0139 126.1059 124.8375 127.4062 137.801 130.4622 128.6779 125.0325 126.9625 127.5049 133.3918 126.9926 126.3499 125.4325 120.7653 120.318 124.8152 137.3107 129.3044 124.7144 121.8894 124.5345 135.3834 128.5104 145.298 147.607 141.7731 140.8274 143.4868 142.5701 136.567 133.1124 117.0909 133.3718 142.5033 125.6828
149.1193 134.8243 149.9693 158.4186 142.8038 149.9159 134.9888 135.5835 151.1747 142.4794 139.4905 141.1386 136.9002 131.8897 137.8851 136.3884 132.3751 133.8112 139.6409 130.2365 128.6402 125.1326 123.4845 123.5904 122.1579 110.1584 119.8361 126.5133 125.5321 105.5128 106.588 107.8772 105.8964 111.9325 130.9357 132.2409 132.1941 134.3541 135.2287 112.9655 128.0858 138.4901 144.754 135.3792 122.1882 120.9064 106.9499 108.4825 105.9855 101.7318 115.7001 114.0041 103.5069 125.2105 129.7734 119.295 147.4102 150.9819 135.6546 137.7845 139.8093 137.2282 123.5867 124.0538 110.8763 129.2618
132.2093 148.3564 141.6424 144.851 137.3777 137.6019 140.5966 135.7352 134.1344 132.3333 135.8672 131.2234 125.2236 130.5542 128.6473 129.8946 129.0051 135.864 130.8273 125.3476 125.7318 125.5721 125.3504 117.4827 116.3924 126.3815 123.3951 124.3589 127.9236 122.9108 105.8823 109.6892 108.5844 109.4369 110.9701 104.3026 107.7794 109.1665 110.6577 107.5797 115.7402 112.8059 115.703 118.7811 113.1005 111.5119 113.0749 109.981 109.1639 104.3849 103.4019 105.7951 98.0961 112.5865 140.9979 121.6923 132.4634 124.311 124.4671 138.7758 127.2653 130.765 127.9849 113.7617 119.7755 119.9665
133.9444 141.5122 137.3861 129.5779 152.2739 150.4698 143.2282 132.1026 128.5619 126.1103 125.4727 123.0478 120.2298 116.5295 115.9393 116.5547 124.7857 121.3645 124.2639 122.8272 124.7999 109.7022 117.7005 117.302 121.8732 115.6399 125.8488 126.2823 127.9471 128.156 127.67 109.6487 107.2982 111.4853 126.5417 126.6855 120.7872 115.4052 112.4739 111.2557 119.9177 121.696 116.7145 115.5448 136.3602 110.8122 107.6916 112.144 114.7251 120.1592 109.4942 108.3746 103.993 103.2045 109.7244 125.4418 134.1905 124.9238 117.3596 120.967 119.5089 115.0743 122.1065 133.4117 135.2166 130.055
141.5437 139.1864 144.5927 128.5463 133.118 130.0269 131.1201 132.8125 129.5466 125.1464 125.9581 122.7037 119.3093 129.7123 137.5037 131.7996 124.8962 118.942 107.4153 119.4482 112.9309 110.1017 119.3201 125.3 121.2342 119.9333 118.0046 128.1814 132.5836 130.3213 130.0124 125.9748 116.0191 112.4094 110.5883 114.5731 108.1233 123.8244 122.8499 120.1975 119.773 127.812 131.3319 124.3205 121.813 116.9467 106.2545 111.1914 120.1939 122.6987 107.0819 124.2168 105.2071 110.821 107.0603 111.1612 118.631 111.7301 120.4195 126.952 128.591 135.7484 131.8621 131.0262 129.7773 142.0749
145.8021 145.8475 141.6893 129.1758 144.4511 145.0361 134.5305 132.3634 130.6236 130.796 129.1059 121.3595 122.6125 126.8342 135.2226 131.4441 129.3734 124.0985 120.3954 113.5382 119.2758 128.5173 129.2894 124.836 121.4142 112.5496 120.8063 125.4528 124.5054 129.6491 132.485 129.281 126.7042 126.6957 125.2832 129.0956 127.6513 127.5753 119.4062 125.7254 128.5707 131.8831 128.142 127.7286 116.1075 110.5768 117.2358 108.368 111.2783 112.742 113.4223 128.3746 127.1191 128.4217 114.4741 110.1736 117.9992 117.7317 111.943 120.9146 125.0807 131.1021 129.3853 131.0167 130.153 129.4391
125.7578 129.5032 126.3862 127.273 130.3285 130.1855 124.2876 118.907 116.5578 119.485 118.9437 128.0556 127.1513 126.896 129.0721 130.9924 129.5012 124.8577 121.2117 123.6681 120.8679 127.1761 119.7725 119.3649 111.8935 113.1854 119.538 120.8045 124.6111 121.3065 125.781 124.8548 135.5933 137.0984 128.1337 120.2544 124.7094 122.5369 122.9566 120.6629 125.5931 136.0181 117.9197 126.5297 116.6186 120.3269 120.433 124.6983 118.3696 115.82 119.7878 108.2357 109.0508 123.1741 120.3063 118.5327 120.9815 127.5066 123.9486 118.7045 119.4679 112.7394 120.7088 124.8754 126.8086 129.626
134.0566 128.7437 130.6432 131.1635 127.3625 133.0503 125.5131 124.548 128.2167 132.3166 128.0926 125.7653 130.463 129.0033 128.0782 132.4963 124.7097 123.3066 127.1669 121.8561 121.8064 121.7981 126.4897 117.1002 120.1172 125.2425 133.7448 131.6522 121.8625 121.6438 117.1826 127.0688 123.483 137.6708 127.5483 124.9682 125.9538 120.6908 120.8984 124.9992 124.4454 133.0628 125.8913 126.2684 124.8492 126.7943 125.6907 121.5711 119.5279 121.7849 124.5712 118.0705 111.3767 112.8166 111.781 148.6753 139.8452 133.3108 129.2367 125.9278 119.6854 136.9584 118.7636 118.3512 123.1283 118.9155
131.852 122.266 133.663 133.153 119.4359 121.7746 129.4141 133.9012 128.8056 131.9274 131.4152 134.198 134.8712 128.5137 129.8728 131.7947 123.4301 129.8376 124.2029 117.174 115.1139 111.1457 118.6398 122.4788 134.1825 120.3159 124.1762 118.0285 127.1736 123.1122 121.0805 123.1742 126.2545 133.6919 128.0303 123.3467 121.933 119.0362 122.6535 114.0487 113.5927 117.9273 124.5771 146.3688 127.4714 121.067 131.3893 120.8081 136.0418 121.9906 128.5932 123.574 129.7952 125.1783 121.2535 124.7163 121.9582 128.5014 126.3133 128.0585 126.7094 125.9457 123.2185 140.6699 127.8205 120.9992
124.4361 121.5259 120.4544 123.9118 131.6384 148.336 147.3555 130.7221 132.3071 142.9774 146.1951 136.7899 147.8155 142.6508 140.498 129.642 127.8135 114.5527 121.5347 124.9377 126.447 122.0619 126.932 118.0304 124.1505 116.7348 125.822 121.4321 126.1647 128.3394 129.3251 125.9669 123.3915 119.1502 125.5592 122.9881 119.2383 122.2205 115.9197 121.3544 129.2941 132.2356 125.2919 131.0804 129.2307 135.0275 144.8649 151.3063 131.4216 126.7923 123.1083 123.4303 119.1902 126.055 127.1437 127.3711 119.2628 124.7956 127.3253 132.1608 126.724 128.5294 124.7898 123.1677 126.3884 127.7032
122.4725 128.8291 128.7199 136.8788 137.5758 135.7204 132.9081 140.2835 137.9378 134.7194 135.6012 144.263 139.1702 132.7455 130.5607 125.9657 118.9093 119.3183 119.1306 121.5617 121.7795 131.0779 130.6691 134.9884 131.768 129.2469 126.3854 122.7535 127.0378 139.3402 141.5418 140.2364 137.4708 127.5185 128.6719 123.0225 123.5038 122.5134 127.888 128.3211 131.8639 128.8632 135.2204 124.3263 123.4671 132.2601 136.9257 144.0876 155.5299 143.8807 137.3319 145.4286 132.5093 124.2328 136.4181 141.1847 123.4499 128.1842 126.0929 127.0079 129.0297 150.7576 146.8601 130.4588 124.954 129.8069
137.5388 136.9771 138.3698 135.0906 145.2691 133.1898 137.0531 140.4308 140.6492 140.3134 134.2147 146.7756 136.747 131.0399 135.0159 120.2819 121.5754 122.6999 123.1708 119.9441 127.8631 130.54 136.9901 131.7006 138.3951 144.7507 138.7285 132.8108 141.2537 139.168 137.9759 131.3682 134.1301 128.6625 132.3576 125.7227 123.936 119.5937 119.2939 124.4898 124.0161 116.3348 129.8942 138.4276 133.656 151.3818 143.5154 146.692 150.3255 142.1911 137.9161 141.3801 132.7634 130.9801 129.9759 134.8052 124.8569 126.1685 142.5361 142.4942 141.3794 144.722 139.0368 122.2099 121.3508 125.3478
137.2591 132.6952 149.7475 136.2356 141.6094 141.3071 140.6608 139.8939 140.6372 136.0983 138.0204 145.4922 133.6828 129.2215 121.9575 118.6051 116.6905 122.3061 126.095 125.1271 122.4491 133.7836 136.3767 131.1193 129.3693 130.5857 132.6637 127.2347 129.9581 148.2074 149.4868 138.3344 138.5107 139.6072 136.2218 125.6694 127.0011 120.7884 125.3056 122.9429 116.4331 129.4017 130.5988 132.793 128.7577 127.4928 138.2601 146.1348 158.2506 168.4066 145.461 137.2799 129.8477 136.4814 131.6353 128.4465 141.8771 131.6679 135.7342 146.8085 139.0356 142.1914 149.1269 127.7761 120.6882 137.3065
146.2744 146.8264 135.377 132.282 131.3829 142.513 137.89 142.3018 140.0198 137.9266 144.7785 137.049 126.8042 124.3543 129.9276 123.6393 124.3184 117.9791 119.0139 112.1533 121.9339 130.1597 125.953 129.3655 135.0534 126.9286 126.5611 132.6342 128.8862 140.699 136.5512 134.7066 135.7585 140.9975 133.1219 141.8567 139.4974 128.3022 134.6567 123.917 121.6021 122.9795 128.8096 130.7421 130.9036 136.0446 129.7955 137.4917 157.9256 166.344 152.9384 148.0771 140.4146 134.5467 146.6736 131.8322 138.7382 131.1564 131.0273 132.3674 142.2722 129.7427 130.7243 136.6964 130.3537 125.1934
148.0658 142.8279 146.0947 133.3066 135.4574 133.5662 147.5618 150.3315 140.7618 142.006 134.5347 132.1275 125.9675 130.927 132.6899 136.5056 120.1634 116.0981 115.6914 120.3468 130.5905 130.0181 126.0888 133.9626 125.8234 142.5788 135.3503 135.8318 129.9463 141.0743 132.5521 140.8171 146.4451 141.3817 139.908 138.5762 139.6574 130.4084 138.2016 138.9761 124.8855 132.1205 127.0603 134.268 139.7096 134.0371 127.7173 132.6564 140.9896 147.9657 149.3157 142.8083 151.4701 150.997 135.0062 135.3569 130.5404 137.8244 144.7335 139.5164 130.6578 122.0913 126.1361 131.4023 144.4034 142.5235
136 134.5569 133.1966 131.3599 132.0182 136.4568 140.3497 137 137.7424 134.6091 145.9086 127.2299 130.0198 130.0626 124.5407 129.8486 136.9267 129.5313 119.7327 127.0164 126.6867 133.1775 136.3967 131.1356 126.1566 135.8334 143.1059 135.1502 125.3222 137.4848 150.4866 151.7122 136.1818 129.0863 140.171 139.0271 140.2425 133.4357 128.4735 133.0986 130.9825 136.834 133.4557 127.9655 141.422 133.7449 134.4911 143.1358 141.8278 130.6 141.903 144.6572 146.4029 144.6754 139.5532 137.7135 138.6782 134.6636 130.125 135.8451 135.7555 132.388 119.2139 147.7747 136.9819 135.1631
136.0611 138.3579 136.0658 128.4498 130.0298 138.4261 142.6196 138.8101 132.7892 133.0711 139.5484 132.8331 149.3879 134.0946 116.8014 124.7543 135.742 148.7193 126.4295 117.6825 136.0952 132.2843 142.7076 131.2306 136.7247 150.0802 133.0887 143.8005 136.2174 124.6311 136.6856 134.4181 135.1004 127.0799 131.4793 141.0606 144.4896 125.2118 128.7242 129.0934 134.0482 129.9508 144.1313 138.4367 135.5272 145.3544 142.7989 135.4539 137.2236 141.6061 132.5644 141.4914 145.7087 152.3014 141.2241 136.5727 134.5504 135.66 127.4483 140.2216 133.669 144.7515 145.903 147.5928 149.7137 130.9407
140.9727 134.4167 137.1546 126.4491 142.2066 148.4043 147.4823 143.3069 135.9239 131.9319 132.2589 140.2598 139.5577 145.571 125.7325 128.2638 132.5535 134.674 127.0958 132.928 132.2198 136.7081 135.2935 130.3166 138.2028 141.5141 140.6641 135.6643 139.3622 129.6879 136.0825 137.5069 127.9795 136.7245 135.7115 140.0645 147.8692 128.2463 128.6758 134.4976 138.555 129.7212 139.0045 143.1243 141.0265 136.5701 146.7188 141.5529 146.6441 153.2783 130.2301 143.5821 161.5737 149.8509 152.3611 157.7191 149.4886 141.0321 138.5407 144.1264 135.175 126.8791 135.1747 151.9297 151.5389 138.8438
145.0531 150.2586 145.7832 150.2579 148.4892 140.4376 137.8916 144.2592 142.8773 133.6846 130.8466 144.8176 144.1584 132.5744 130.1048 129.0727 124.8572 120.0383 127.7017 133.8814 138.0761 139.3111 143.1675 136.6841 144.8762 154.0262 136.693 132.5561 136.3376 131.5902 136.3995 138.1774 136.5831 143.6798 136.1523 140.5114 138.6169 129.2566 126.5297 134.0196 136.9207 141.3441 142.8128 136.3654 138.8245 143.9554 147.7398 141.1578 134.2765 140.2295 132.02 132.8879 140.0878 148.2186 148.8851 141.2849 140.9698 144.1902 141.0032 135.9401 137.4095 138.7965 144.9348 151.9468 147.9977 147.5785
143.0237 150.2539 145.655 147.6922 148.0697 146.4435 146.0998 143.8851 138.5987 140.8003 134.3263 135.8037 128.1082 139.1987 134.7526 136.6222 131.737 125.3567 134.128 133.4126 133.5828 135.682 138.5102 144.1607 150.5745 146.699 142.3615 138.8125 134.8747 142.7924 146.1701 152.7947 151.5013 157.0243 151.5771 151.7189 141.9469 133.6386 129.6325 132.91 136.8856 131.3203 135.2832 134.5399 136.867 138.5479 148.9346 133.7438 141.4938 134.3723 140.039 143.8031 140.7902 149.2145 152.7686 148.5443 153.1198 163.2865 154.0351 147.6296 145.7893 130.7718 131.0375 141.1408 149.6065 148.9401
146.5456 145.7789 145.0392 141.6576 137.6604 133.3044 137.0793 139.5026 138.3299 133.8555 130.7084 123.1934 138.452 144.8155 145.6138 142.3341 138.7381 140.0838 126.3162 125.7992 134.3618 136.4449 138.7957 146.6169 146.3578 148.8042 134.9974 124.1537 146.1815 153.3769 145.646 153.7907 147.1583 150.056 147.1026 137.4568 136.7373 140.6655 138.085 139.7826 148.6853 126.7279 131.856 132.6957 136.0072 140.503 137.1533 140.3891 144.5223 135.9877 135.254 139.7292 143.3419 142.8111 143.2491 156.7554 148.5742 159.7051 152.7346 141.471 134.2353 133.8146 139.0917 134.501 137.8643 143.7243
142.7153 145.0068 145.5788 145.4773 146.2686 141.513 142.1097 141.7543 144.2468 142.7478 137.8656 129.9994 137.8985 134.9784 141.356 141.9831 144.9536 143.4944 137.8509 131.6263 131.4006 134.8131 134.0923 137.6869 135.9268 145.8065 149.7601 144.3158 138.5735 140.704 148.2793 145.3869 150.1976 148.5487 150.5103 139.3559 137.6037 135.5261 135.6995 139.9017 141.0704 138.5701 143.9208 144.3318 135.0096 141.9373 136.5906 143.6487 137.2139 137.381 138.5374 131.3118 135.3471 145.209 147.4457 139.354 159.121 153.0141 152.536 155.7332 153.0931 142.1714 144.2181 139.0153 135.7766 144.8811
145.9069 147.3323 150.7329 149.2303 148.6245 149.4192 151.6363 151.1298 150.9526 151.0761 149.3494 130.7445 141.46 145.0534 137.1141 148.4559 139.3833 140.5982 143.2232 148.4817 148.8149 152.8067 149.4563 135.908 140.6332 148.6737 142.7793 146.2018 140.1299 143.8014 145.2688 145.7874 152.2901 144.0783 146.8569 138.5075 143.2343 140.4168 142.2085 136.3512 148.084 143.4839 147.2617 145.2226 135.3365 140.0729 132.6362 136.7684 131.8809 134.5246 129.7063 132.6387 137.3495 138.077 137.122 143.8008 143.0855 135.3537 137.7705 147.6177 144.6481 143.5174 150.421 138.2035 137.5013 152.8766
152.8454 156.4704 157.8635 163.7284 170.7495 165.3518 161.9883 165.6142 162.3145 166.8916 157.0988 153.2937 142.693 155.2009 158.9079 152.7037 147.5907 158.6979 158.466 156.1082 159.6138 168.6509 173.1818 141.7488 149.8863 152.2931 154.3429 149.6937 146.0712 143.8991 151.7637 145.2719 147.5736 145.9882 140.1814 148.3998 146.8746 140.3496 142.2405 146.3435 144.319 144.1889 151.3912 141.8886 131.1839 129.7541 128.1491 127.3571 132.2786 129.6995 128.5224 133.3571 124.8661 138.8789 143.4726 134.3059 136.9827 138.0755 130.8919 130.0665 133.7554 131.52 146.3279 145.8662 137.8119 149.3772
167.7949 166.6316 168.3679 172.4676 176.0569 179.4701 176.6754 170.6202 169.6656 165.3388 154.0608 136.3812 141.5402 157.9003 159.9299 171.3985 164.8565 162.5248 172.7244 165.8331 165.5643 169.251 162.1832 146.0206 156.9095 170.8282 161.1955 153.8823 152.5297 154.9771 158.2196 155.6676 154.0143 147.5062 150.5749 147.5909 140.9061 143.5578 144.1026 146.2827 145.3348 142.4837 145.6687 140.323 133.2889 127.3043 138.5441 132.3997 131.7056 133.0347 135.5298 139.7766 141.7642 145.059 127.0089 147.8454 131.8931 138.3987 135.2555 128 128.1687 142.1776 143.7232 146.782 139.7681 135.2497
173.4453 172.3944 168.4725 177.3249 181.924 172.2608 166.5743 164.3786 165.2578 162.9422 131.6439 155.8981 153.448 161.2603 170.386 172.974 168.0003 169.0177 167.112 174.6868 176.8902 169.4812 153.4783 166.4471 172.3585 184.745 180.9936 173.6619 175.4199 162.4288 168.6578 167.7347 158.4926 154.176 156.3696 154.5955 145.3003 153.617 143.1444 152.8806 139.294 145.8615 128.0843 122.644 133.0954 141.9973 160.1264 155.055 140.0046 130.6632 136.2849 131.5309 151.9271 136.7278 125.2691 122.1763 145.0867 142.4496 140.9077 129.8192 128.244 141.0954 138.5102 135.2794 145.5626 138.1171
175.5753 167.8181 170.4676 164.2144 167.2239 166.6538 170.7931 168.3667 168.1689 159.5585 143.645 144.1772 160.6162 166.8069 167.8099 167.999 179.0683 176.2192 169.5728 172.8173 172.6541 163.7306 175.8704 171.1492 165.4431 162.4022 179.1774 187.5912 183.0184 169.8763 180.1658 177.5341 163.4438 151.6945 158.0296 169.0117 152.5734 156.5556 162.4313 168.0499 149.9554 132.7735 134.4901 125.9124 130.3752 128.6499 140.6506 150.0614 153.491 150.0379 143.1219 127.9389 140.5863 139.7341 144.2859 134.1328 133.5671 141.7336 153.3349 154.3746 140.2834 138.6279 134.8617 134.5321 132.4528 129.804
157.3726 162.6992 162.8568 164.9508 162.5632 165.2554 168.9296 168.7363 169.2217 164.4975 162.2023 139.8964 172.1245 175.7116 174.6722 177.5825 174.8285 173.4214 169.0262 172.8241 167.6733 172.7659 182.4501 189.0701 191.4848 186.3774 185.6059 178.9432 154.8524 166.7239 163.5083 173.2672 161.8472 161.6602 159.2162 156.7301 156.9953 152.5105 168.4135 160.1415 159.4325 144.7686 138.1898 130.7356 139.3676 132.1446 121 138.0064 150.7676 148.7163 140.2118 139.3861 139.0805 145.1861 135.1109 128.5456 142.0686 146.5079 133.5567 146.2446 149.0561 151.5373 138.5789 136.0867 132.3344 131.9609
