MapLib/Lvl1_5x5/BG/Ele_BG_DC.asc
ncols         557
nrows         557
xllcorner     1113500
yllcorner     4451669.448
cellsize      1000
nodata_value  -9999.0
[rows 84 to 111 of 557, columns 0 to 61 of 557]
191.6639 162.4593 194.0264 156.7128 172.8528 173.8449 216.1419 236.6332 291.6206 372.1432 473.8731 528.7651 308.1022 319.8862 439.9378 630.1643 614.7266 693.1795 720.0848 806.4623 747.6876 879.2551 822.7418 848.4571 888.8283 1138.6482 1218.3094 1166.8308 1112.8877 1224.0085 1131.4341 993.2921 830.5207 854.6896 1052.0168 992.5435 872.9671 912.5402 1174.8333 1176.4882 1176.7802 1195.577 1305.9133 1442.2297 1630.1924 1852.506 1826.6157 1644.818 1473.7129 1383.8342 1447.3317 1555.6896 1422.2499 1246.6306 1251.6953 1300.5504 1270.9357 1180.8179 1063.9771 972.0013 1092.3395 1233.744
124.6273 139.9267 171.5654 173.9125 142.291 146.0819 180.7729 186.0728 214.2769 265.2036 266.8701 242.1684 271.4999 332.0899 443.7196 599.2084 811.4412 772.2548 747.4464 583.019 583.4215 742.9979 643.0382 766.5272 955.0403 1047.2764 1010.8467 998.2088 958.4343 933.0354 989.9742 876.3702 755.2906 854.1087 862.0739 851.1507 1152.3879 995.7275 1073.9099 1223.4813 1404.0724 1388.1564 1478.3169 1671.965 1716.1272 1519.6405 1586.754 1743.4686 1720.7502 1567.5643 1506.6625 1611.7419 1587.4819 1491.5059 1405.5808 1421.0256 1333.5477 1182.0188 1062.3558 1068.0219 1222.4111 1238.2562
141.8758 128.462 158.6775 118.6289 168.2062 192.123 150.6641 199.7489 204.2032 174.5774 248.7752 352.3612 439.7267 505.5083 520.1378 641.9389 558.6093 695.6209 565.8254 429.8522 508.8154 494.6291 616.3265 710.6373 846.585 942.5402 891.1618 853.0029 799.8433 789.9356 895.7399 939.9603 709.863 639.3919 842.8805 1136.571 1235.9113 1223.6886 1159.1412 1198.533 1285.5417 1407.8988 1589.8593 1486.397 1354.4143 1274.2837 1408.2103 1518.3489 1475.1798 1494.3439 1295.9839 1423.4576 1456.3993 1532.6509 1567.8705 1447.7253 1299.0181 1162.796 1063.3884 1119.428 1345.3763 1393.3429
94.508 92.6853 92.2964 101.4989 164.846 213.6534 212.2759 134.9476 136.8109 193.2541 212.6216 306.0188 411.5487 459.1895 513.4123 402.048 450.1638 596.3416 525.664 432.0734 445.0231 565.5899 696.3016 752.2856 815.183 995.037 885.9775 845.67 847.0937 798.3497 677.4344 828.7789 650.0626 661.4793 797.4055 989.0759 1232.5331 1233.9033 1192.7101 1292.491 1280.1686 1406.8003 1491.3085 1369.9956 1317.3821 1163.0577 1105.2844 1183.4017 1362.3646 1318.7102 1123.7426 1219.3163 1415.8838 1503.6392 1459.5967 1326.4209 1237.7485 1158.2832 1121.078 1219.2668 1331.2916 1307.948
158.2807 120.0169 136.2478 125.4168 123.3657 126.8929 188.1992 201.4913 158.8209 139.3921 178.4966 208.5998 256.8841 235.5212 291.8432 359.8694 362.437 342.3563 330.4688 338.7669 387.6368 447.1995 509.7871 565.3956 712.3959 836.3153 787.5452 747.31 703.0844 734.8105 612.9341 711.8237 653.298 599.0179 719.2072 819.8936 1069.6344 1105.7158 1023.2215 1126.8363 1144.7882 1234.2866 1463.4109 1269.7119 1137.3818 990.6444 1017.454 1341.8108 1369.105 1184.2448 1033.6515 1051.402 1314.3741 1540.4506 1564.7584 1385.439 1304.3141 1243.8074 1230.1355 1164.7463 1133.0547 1162.4537
107.2441 171.8319 141.0844 201.5794 193.6576 207.187 253.046 297.6852 335.4868 227.0617 301.7356 166.1497 301.9727 341.5266 252.6285 267.3815 264.7907 396.4102 594.8036 529.827 430.172 415.8268 455.0887 515.8436 661.1906 780.7234 890.4714 821.6458 727.8872 642.9712 557.9161 616.4526 601.7356 625.3232 727.7942 802.4211 881.6894 948.5132 872.5392 967.5034 959.0364 991.1506 1198.3071 1060.4221 872.3286 959.3265 1115.8503 1019.7703 1098.8926 985.657 879.5518 1123.4171 1355.5599 1481.078 1497.6368 1600.771 1498.1659 1353.8557 1316.7745 1219.0918 1125.8083 1059.1708
132.8437 146.6318 230.2851 179.6711 191.3584 258.9065 170.9228 224.6195 392.1677 377.5731 388.7176 234.6004 195.664 301.3431 426.1645 320.8316 371.8988 501.8696 662.6897 734.9126 555.475 459.1452 615.7546 803.0699 738.1869 733.4502 866.1904 834.0989 816.7134 702.4055 606.8305 515.9204 499.1841 539.4387 590.5192 672.0342 642.1057 775.3389 755.7604 754.7351 865.3787 818.428 759.8813 824.4153 938.2082 1143.1876 1019.9349 812.8246 792.5205 856.2087 1020.2482 1192.2849 1292.2959 1179.7843 1289.2629 1322.1226 1520.3008 1577.8727 1424.252 1357.1366 1263.6769 1146.5793
297.9972 237.9568 241.1105 228.1706 242.9586 229.4629 208.8064 267.7025 332.7422 412.4053 404.0912 284.0667 233.7112 336.3869 336.6956 332.9715 382.5692 380.5262 439.7945 588.2249 688.7287 654.2787 655.2782 747.7863 864.7891 802.4379 791.4489 705.1696 664.871 595.6681 635.8726 690.1344 658.0258 584.4298 472.6563 479.4265 484.5499 531.8593 660.4742 758.2391 756.6337 653.9183 584.4116 700.2892 851.5447 911.7888 820.1007 614.5056 808.3579 985.0703 1095.4091 1021.6578 877.8551 939.7755 1226.6797 1357.2053 1466.861 1565.1998 1591.3354 1331.3364 1219.2697 1218.6244
426.4398 414.5111 371.2568 309.811 269.7816 325.8062 333.974 377.5677 231.5305 418.5772 473.0284 343.7946 335.8208 264.2868 269.4312 433.3504 550.4281 534.8017 573.6761 791.3307 871.8215 800.4319 787.9855 756.6904 756.7097 656.0245 633.9725 610.8563 723.9538 739.5153 812.6692 908.4974 800.4155 653.7108 582.7465 609.0309 469.6038 427.9501 444.9135 564.2653 646.8782 612.7017 531.1721 562.5789 630.7272 766.634 610.7576 677.3917 906.6635 990.9167 936.6864 746.1974 934.3995 1138.0045 1225.8298 1186.4202 1309.3243 1544.7363 1477.1414 1367.856 1444.215 1354.4103
463.1269 590.0756 601.7706 394.8152 289.6597 265.4448 476.2906 455.8185 263.2072 442.9882 471.1606 557.8134 713.1975 463.9831 449.1411 775.5544 904.4581 761.5058 546.8309 771.2371 1210.4845 1073.3998 841.9088 809.1331 838.8785 795.1088 723.3599 667.9457 860.4525 938.0969 965.7332 1001.6102 811.8 675.9036 778.88 644.6972 548.7516 475.4375 392.6081 392.1562 487.7522 573.1539 497.5613 495.0249 482.3626 593.9485 503.0585 801.1747 889.8087 668.9675 624.7873 816.4332 1056.4636 1081.324 955.0071 1022.7284 1338.7607 1437.7124 1584.5565 1569.1306 1551.9371 1386.09
301.8167 390.4748 525.0411 450.7261 407.7479 299.1256 336.3077 475.4012 353.3951 374.9925 446.3778 534.5134 765.5671 684.4095 543.4587 462.6402 863.9704 1137.322 1083.0542 953.5055 1272.6866 997.9246 1272.5798 1267.5116 1121.8145 1001.259 899.2877 674.4919 788.0082 1015.8616 1129.2585 936.1733 877.3619 1005.0702 845.3633 763.6705 565.1873 473.8947 412.2627 401.8341 376.287 467.5562 484.2714 404.7988 429.4791 460.6288 491.8613 631.5519 680.0263 600.8181 842.4138 766.616 789.8478 815.4068 859.4167 1229.228 1274.5905 1130.2135 1331.7926 1524.1609 1603.2701 1611.1154
312.813 429.3797 471.8247 549.6121 411.3284 356.0773 415.1895 450.6303 434.4916 416.5981 616.3851 627.2653 915.2142 1060.684 1042.1438 649.9371 634.395 740.1817 983.3618 1305.4147 1437.6198 1143.1373 1389.3429 1630.6771 1356.1056 1027.5071 711.7089 765.5199 876.6437 946.963 1027.3835 920.3651 834.6684 692.7011 624.7985 548.2722 507.9717 580.5865 634.0889 518.7997 388.0948 341.2055 371.3385 380.782 375.1044 374.6277 417.13 491.3652 506.1159 757.2952 562.347 590.8852 764.6465 860.8556 942.507 1159.1447 1088.0461 913.5413 1008.8673 1258.8688 1499.2664 1560.2295
340.9263 297.5648 367.5746 624.6835 498.8555 468.9277 657.6451 634.7722 773.596 682.1855 833.2202 905.6126 1070.0203 1211.8311 1169.5189 1128.5438 1094.5027 911.2742 906.8231 1128.0509 1480.0587 1317.6702 1286.6166 1555.7623 1381.3124 1071.5352 1154.9076 998.7241 901.5925 947.1747 1061.4581 1067.8463 810.8165 599.7562 736.3099 810.1828 735.6997 882.5436 750.6286 624.9694 524.4191 417.9619 360.1142 334.2392 336.9335 355.7836 405.0031 377.3401 503.6275 474.0857 525.9923 832.8125 934.8027 1073.1671 1193.6936 1007.4868 949.5222 735.9738 1041.181 1165.7113 1136.5812 1224.287
204.7137 190.04 320.55 440.2607 581.1078 539.2647 535.5001 690.8091 682.3354 600.527 733.3307 918.6532 1108.1517 1327.7327 1399.2968 1245.6686 1344.8822 1393.918 1216.858 1188.9895 1449.24 1568.688 1626.5236 1702.5928 1425.1024 1274.8939 1388.8055 1094.4647 904.987 698.6416 789.3774 819.939 687.5864 591.0723 681.8723 836.0071 971.2664 1117.547 954.6329 747.5953 599.2688 526.407 435.7479 333.1634 292.3471 318.8963 463.6003 461.6237 289.5625 308.006 453.3458 688.288 669.4406 978.1818 1118.2981 867.3921 679.2224 810.5496 829.6984 1071.6615 1100.7847 1045.9178
130.3548 278.323 382.2721 357.6451 463.5013 449.5963 372.4535 473.7509 389.5582 468.8985 529.7401 689.3898 868.8872 862.4989 926.4803 1126.5961 1353.9701 1350.4243 972.2289 1144.75 934.3435 938.0903 1101.1283 1411.5308 1565.8579 1732.3336 1529.0602 1055.6783 813.1357 733.7501 682.4441 594.1882 625.4399 799.1025 745.6912 870.4463 986.1735 1165.0159 1106.646 929.533 738.6996 547.0098 449.9851 457.3673 345.8762 294.2783 378.3393 406.8331 444.3276 344.3732 351.9143 487.5396 656.3549 878.3064 1031.682 880.4489 632.8128 768.004 964.1717 941.973 811.0641 866.0709
57.3554 141.8943 136.2016 275.2758 327.5089 219.1413 335.3183 467.6939 351.6158 318.198 397.1504 441.4609 446.4673 458.2735 602.3767 1020.2347 983.7433 962.0367 826.2538 609.4564 478.1181 641.7773 915.8115 930.0143 1188.7056 1551.6268 1308.6544 934.9807 1213.0496 1122.7838 938.9194 706.1335 658.7194 769.5323 999.8422 1051.2947 1030.4624 1015.6395 936.5596 833.8184 735.8018 603.4679 388.0833 377.8913 319.3751 382.1884 468.3581 541.5467 512.2505 403.8447 288.3347 520.3264 739.9253 808.7083 811.6193 703.2846 599.363 851.2612 864.5793 693.1545 780.1376 1063.3131
23.8666 45.3028 145.0252 169.9526 148.702 210.3942 310.0269 471.9136 416.1613 279.9718 228.9799 249.3842 530.9952 564.7326 485.6312 758.29 742.832 745.3373 734.482 504.3664 410.037 713.7816 794.5041 642.6232 903.096 1266.9004 1513.6554 1160.9708 1283.6891 1245.816 961.9738 943.3757 1067.5442 974.9678 1121.5643 986.329 836.0425 913.8898 696.997 665.2686 648.6086 466.9103 375.948 565.2153 414.7143 554.0621 515.4672 438.7813 327.5228 315.4124 254.3655 452.7249 569.2753 598.6793 612.1649 489.4569 767.1941 887.0697 790.5688 585.8181 801.4537 993.2256
15.5908 16.8156 42.2932 59.4024 91.9972 316.6078 449.6512 262.9661 261.3457 208.7207 123.3886 179.3838 208.1062 295.4665 516.0676 431.485 509.279 730.2585 491.5707 206.1344 558.7208 728.9429 448.7596 499.8049 856.3207 1055.3053 1375.1691 1496.8369 1442.5389 1310.783 1289.3756 1063.9232 1317.1846 1230.3137 1084.2489 986.3594 882.9786 703.8961 560.8805 511.7533 406.4297 532.307 590.2643 662.8965 473.7649 569.3904 470.7995 369.2028 256.0417 192.4329 240.7757 284.8898 346.1123 353.3756 447.4051 620.5642 654.2537 688.0118 637.9346 624.6686 825.1172 725.2977
8.3578 15.5796 26.7659 43.8834 56.3052 96.6365 327.5058 209.2158 128.087 110.4162 124.9141 175.0739 369.8339 433.9193 524.6871 711.5756 709.3575 482.8563 350.1041 260.9599 310.8517 340.6617 353.0503 422.638 607.4601 926.9745 1230.2418 1163.5297 1477.1293 1359.062 1225.1107 1185.6309 1334.7257 1082.1077 956.9668 978.226 713.2338 541.1516 548.0543 676.7521 842.3537 671.8799 807.9689 728.8101 638.8272 551.6381 442.3275 299.9233 209.1913 183.689 248.3309 300.6795 340.5365 360.9544 369.6138 437.9338 531.6647 593.8382 505.9542 716.418 620.4636 813.9875
7.7673 9.2561 11.6165 13.1055 10.8273 29.67 68.4244 65.5113 43.9975 90.5489 218.111 326.3871 277.4818 498.5847 643.1251 742.4543 729.7169 438.8548 261.3347 515.0801 761.5991 588.1348 525.4216 785.9641 1043.5115 1093.6735 1148.9917 939.4499 1074.452 1026.9188 893.0365 768.5057 817.7738 785.3022 633.78 645.7625 764.0707 873.0601 768.6258 839.0419 898.5538 975.1644 961.7133 757.123 595.5651 437.5542 441.7508 390.8554 225.2871 165.4593 229.7206 270.0504 319.8247 296.2465 280.488 393.9895 462.9406 453.6754 533.6967 590.8816 705.1705 735.3312
8.0361 9.9827 7.8062 7.9092 9.9249 12.1288 18.0334 23.8708 52.8445 76.0599 146.213 296.1507 205.8711 200.6637 422.8786 389.4237 506.6682 249.8752 196.5015 231.3251 419.4235 616.2769 782.1195 886.6685 1283.4336 1347.9218 1124.1589 993.7409 947.5522 844.666 1054.4646 1161.95 1020.5749 818.0724 892.7009 676.1296 774.6389 932.6555 1018.4773 914.468 914.6794 745.1843 566.92 526.4548 535.8723 396.8083 235.0519 245.9818 265.9734 173.4826 158.4213 195.319 267.0027 222.8718 229.5847 296.412 317.1686 544.8598 535.323 670.6503 637.8259 509.1905
-4.8233 10.1218 8.7059 10.2188 8.6622 9.815 11.8383 12.165 17.5013 63.8034 105.7125 96.8263 88.2218 88.7823 87.118 124.7994 142.8327 232.6535 430.5916 598.9832 596.0934 604.4064 755.9138 970.0782 948.2023 1024.5568 1216.1664 1121.4493 953.0997 922.4706 1031.9644 1210.0604 1154.0383 1033.0153 1084.5178 1249.2601 1294.8441 1316.6165 1275.3127 1174.9447 813.7859 695.0822 458.585 420.4938 444.8103 436.5887 512.6696 510.0537 514.2258 424.655 224.4154 169.4037 161.8834 190.6331 216.0789 209.8536 302.0694 339.2256 442.02 459.601 446.1487 429.1141
-4.2092 -4.9498 -2.5303 8.2269 8.0772 11.4381 9.7844 7.5529 7.0982 9.4184 16.1155 23.4082 32.6521 37.9316 41.7145 73.1344 215.2303 414.9053 555.0936 731.952 828.0011 833.4494 925.1044 733.7258 504.9245 600.3454 955.8776 890.0955 898.9856 1009.4006 1135.6698 1423.9009 1471.012 1287.9058 1286.4569 1679.6597 1493.2096 1314.4067 1148.1754 908.7943 656.5446 442.5981 484.1578 488.3632 729.1747 582.2924 665.6671 787.2466 775.3526 711.3817 441.9412 320.2763 197.1331 153.39 147.2835 183.7461 207.4083 261.3729 307.1183 353.2293 506.2663 300.0848
-5.6884 -6.1701 -4.9085 -3.5508 -2.8723 -1.9636 -1.0069 10.667 8.0235 7.832 12.3304 16.2691 23.925 25.0941 39.5351 61.5726 197.6833 327.7423 381.9796 385.2215 530.9938 594.6552 853.8578 522.6933 291.0584 571.5573 829.3068 520.6862 675.2922 884.1102 895.1534 966.6099 1079.0786 1170.7618 1063.2844 1284.0957 1216.0002 955.1434 706.0172 575.2112 584.0858 658.4918 806.0311 585.475 679.8422 841.3339 852.3654 1012.9568 976.0997 819.5291 865.0087 720.7548 426.0237 289.1917 203.7039 133.394 136.2085 144.4789 200.3554 313.4202 296.3658 249.816
-8.2203 -8.2203 -7.3421 -6.2203 -6.2203 -5.0876 -4.2229 -2.7342 3.2063 7.6912 7.0056 6.0578 9.1671 15.3084 20.8074 30.7916 61.7372 104.1408 234.8218 148.9875 307.3258 642.8085 623.2936 368.4411 307.2624 566.6593 857.8045 553.2416 442.6066 622.3607 468.7771 500.1759 811.233 888.9692 744.3782 678.4988 832.5971 972.5094 700.8145 780.7429 799.3169 821.7726 861.2582 720.6327 859.6686 919.2964 984.9819 878.9428 775.7394 784.5161 708.3391 386.9801 227.5608 257.5784 416.0503 476.5933 296.1505 130.8913 113.3635 135.008 179.1553 419.2876
-9.8556 -9.8556 -8.9354 -7.8556 -7.8556 -7.5026 -5.8673 -5.1777 -3.8182 -2.0522 7.9535 7.3116 7.8652 8.0306 8.7779 9.4303 17.8354 38.3651 150.8708 330.2176 372.7775 457.1319 630.0474 293.5016 324.6893 511.4677 678.0682 478.6161 301.4672 312.0892 448.4185 705.4407 618.5467 549.8157 432.2843 425.1674 700.7756 959.9337 958.7764 991.2333 1019.1348 1090.1312 908.6709 800.6 683.0695 713.3615 794.547 754.5084 610.7555 431.1964 425.2782 331.2 603.7186 547.9178 564.4921 643.8602 482.5578 369.2318 254.8149 249.7333 135.7333 200.0866
-11.4908 -11.0923 -10.4908 -9.4908 -9.4908 -8.8203 -8.4908 -7.1733 -6.2321 -4.5968 -2.9616 -1.9009 7.0292 9.5975 10.9934 8.7081 7.8761 11.4776 54.5302 179.3514 196.6344 181.265 361.5721 319.5224 156.242 333.7445 427.9119 406.7368 282.4139 211.5746 277.9345 353.9623 378.9575 348.0639 422.7534 586.9663 691.7068 901.2878 1062.8899 987.1005 993.9592 942.6627 757.2597 611.4979 560.8866 554.5701 480.8867 459.0941 429.2293 506.0236 498.4034 691.0959 869.0807 773.5353 699.7275 592.4058 472.2392 510.4806 483.5434 370.1156 160.6256 108.8339
-13.1261 -12.3141 -11.6789 -11.1157 -10.3728 -10.1261 -9.1378 -9.0475 -8.1261 -7.2321 -5.5968 -4.2314 -3.4271 7.8126 12.2061 7.9438 9.3056 7.1679 9.1826 9.3508 75.8722 49.9044 89.4511 226.7647 94.1053 222.7889 259.9868 286.4662 319.903 364.7833 519.8237 369.5625 384.4764 432.2289 401.5385 492.2155 696.8124 1049.96 862.6315 834.2267 815.3049 801.2422 921.6603 950.4551 749.6057 530.7511 681.6302 492.1832 681.2488 886.308 852.9641 824.4256 736.5856 768.28 729.4122 735.0989 668.3754 557.0179 388.799 338.2305 228.704 248.9723
