Alternative/Moon/Lvl0_30x30/Ele_DD.asc
ncols         335
nrows         335
xllcorner     -9992508.343
yllcorner     -3377166.958
cellsize      10000
nodata_value  -9999.0
[rows 0 to 33 of 335, columns 154 to 230 of 335]
21680 21466 21379 20983 21188 21225 21631 21740 21816 22343 22829 22898 22689 22442 22280 22501 22411 22336 22469 22427 22391 22498 22530 22471 22544 22641 22889 23319 23888 23066 22217 22085 22081 21946 21637 21099 20332 19857 19514 19602 19622 19632 19557 19945 20006 19831 19714 19591 19584 19529 19513 19547 19524 19499 19526 19545 19570 19565 19531 19498 19442 19425 19337 19277 19241 19301 19314 19394 19458 19484 19625 19688 19666 19701 19711 19738 19807
20920 20974 20902 20854 20748 20987 21702 21833 21825 22217 22135 21343 20863 20523 20703 21074 21720 22000 22484 22387 22342 22342 22517 22554 22613 22978 23326 23396 23697 23712 23337 22545 22387 22102 21607 21148 20027 19717 19755 19672 19446 19702 19709 20118 20176 19821 19678 19761 19739 19778 19637 19509 19460 19533 19554 19550 19564 19594 19597 19531 19531 19532 19504 19322 19350 19378 19383 19398 19369 19688 19898 19739 19640 19693 19717 19957 20100
20138 20184 20631 20729 20789 20972 21389 21648 21828 21819 21557 20923 20001 19680 19535 19782 20153 20402 21138 21423 21512 21403 21501 21946 22907 23323 23407 23667 23918 23845 23442 22820 22503 22261 21606 20958 20022 19784 19771 19716 19530 19730 19952 20018 19683 19687 19587 19703 19715 19693 19663 19532 19528 19529 19556 19563 19606 19612 19630 19658 19721 19786 19934 19861 19837 19765 19485 19525 19573 19851 20156 20656 20604 20061 19648 20115 20021
20544 20528 20455 20723 21120 21149 21255 21807 21900 21849 21570 20912 20061 19532 19543 19769 20181 20392 20478 20668 20733 20834 20976 21520 22706 23079 23362 23720 23952 23807 23101 22898 22574 22220 21584 20773 20342 20053 20024 19892 19933 20053 20042 19966 19707 19704 19536 19515 19686 19740 19850 19590 19585 19616 19624 19616 19652 19681 19752 19817 19869 20060 20642 19841 19694 20022 19658 19770 20401 19849 19568 20677 20946 20803 19800 19998 19968
20805 20652 20373 20996 21130 21439 21324 21703 21605 21371 21224 20686 19675 19538 19587 19808 20084 20311 20494 20577 20698 21174 21454 21266 21135 21404 22198 22949 23658 23630 23332 22849 22317 22220 21650 21441 21415 21269 20891 20461 20201 20212 20148 20328 20304 19866 19511 19722 20142 20303 19923 19637 19657 19669 19616 19673 19717 19779 19905 19958 19934 20076 20659 20061 19577 20712 20453 20594 21237 20691 18048 18778 20311 21158 20886 19602 19975
21325 20705 20631 21036 21271 21213 20892 21022 20818 21063 21046 20650 20396 19919 20080 19848 20258 20463 20566 20479 20767 21497 21631 21817 21475 21250 21231 21240 22604 22874 22669 22675 22608 22266 21476 21387 21587 21476 21018 20578 20419 20105 20327 20572 20614 20603 20617 20415 20161 20312 19967 19746 19742 19753 19595 19625 19693 19882 19902 19953 19979 20105 20471 20333 20608 20710 20858 20772 21249 20634 18220 17993 18998 21216 21259 19620 19558
21311 20560 20372 21022 21240 21114 20326 20198 20149 20370 20485 20438 20497 19880 20018 20244 20363 20367 20551 20680 21023 21487 21483 21554 21607 21384 21395 20990 20370 21169 21771 22190 22437 22222 21891 22027 21887 21379 21620 21235 20951 20191 20332 20396 20523 20622 20743 20467 20217 20049 20020 19867 19791 19790 19634 19590 19697 19984 20059 20114 19981 20055 19985 20021 20562 20713 20897 20804 21097 20675 18521 18177 19812 21322 21217 19868 19430
21002 20502 20342 21018 21037 20549 20436 20092 19993 20443 20667 20424 20403 19927 19921 20104 20222 20305 20559 20663 20819 21292 21341 21263 21278 20990 21047 20718 20099 20181 20895 20970 21258 21536 21611 21939 22087 21888 21963 21774 21363 20335 20362 20469 20616 20689 20708 20460 20222 20166 20090 19949 19813 19747 19603 19758 20300 20304 20288 19912 19740 19778 19947 20146 20834 20871 20761 20846 20946 20924 20501 19874 20777 21330 20760 19571 19114
20926 20323 20847 21019 20893 20784 20847 20797 20167 20237 20301 20268 19939 19831 19976 20053 19861 19694 20130 20331 20454 20677 20587 20472 21012 21025 20770 20746 20695 20816 20786 20992 21555 21953 21466 21932 22462 22475 22727 22516 21412 20642 20606 20695 20824 20642 20652 20637 20272 20207 20075 20002 20345 20143 20006 20230 20202 20130 20073 19945 19716 19967 20249 20593 20882 20931 20681 20551 20293 20433 20939 20845 20802 20340 20378 19780 19873
20962 20513 20987 21094 20682 20455 20924 20891 20409 19881 19944 19977 19973 19791 19867 19860 19768 19688 19665 19546 20045 20440 20644 20667 21057 21110 20835 20728 20724 20924 20877 20879 21564 22144 21935 21808 22178 22320 22808 22529 21827 21592 21096 20840 20715 20662 20618 20484 20268 20199 20208 21152 20491 19382 19909 21218 20679 20232 20016 19772 19866 20084 20383 19970 20006 20167 19820 20219 20259 20156 20543 20872 20879 21180 22059 22198 21689
20884 20168 20768 20960 20423 20514 20763 20538 20189 19864 19845 19805 19902 20055 20019 19885 19679 19659 19709 19705 19969 20183 20398 20392 20407 20494 20743 20760 20597 20716 20876 20856 21577 21619 22015 22085 21888 21558 21926 22467 22757 22751 22642 21529 20960 20843 20626 20506 20339 20323 20630 21200 18867 17482 19853 21003 20544 20147 19724 19636 19659 19617 19605 19476 19608 19947 20880 21202 21948 22325 22170 22200 22308 22153 22412 22407 21680
20717 19806 19860 20483 20430 20094 20138 19938 19709 19667 19659 19550 19688 19985 20007 19896 19692 19518 19675 19790 19831 20100 19946 20103 20136 20046 20537 20560 20550 20762 20883 21134 21297 21327 21651 21683 21179 21180 21570 22011 22995 23096 23123 22113 21419 21043 20490 20386 20372 20386 20577 20787 17676 15825 18173 20539 20580 19917 19630 19621 19620 19673 19814 20140 20596 21043 21766 22700 22901 22829 22758 22673 22619 22456 22371 22196 21370
20030 19779 19837 19943 19991 20015 19946 19818 19755 19721 19792 19706 19775 20012 19987 19915 19587 19368 19576 19563 19437 19626 19693 19773 19676 19982 20220 20533 20507 20831 20846 20695 20646 20827 21195 21096 21074 20986 21306 21153 22473 22857 22926 22516 21760 21090 20492 20491 20476 20456 20522 20932 19024 17351 18518 21084 20867 19983 20063 20194 20700 20776 20703 21062 21962 22303 22776 23118 23147 22848 22702 22691 22660 22318 20214 20220 21113
19715 19965 20005 20120 20226 19933 19680 19578 19513 19572 19585 19624 19680 19821 19732 19478 19409 19287 19530 19549 19155 19067 19265 19483 19455 19592 19899 20238 20318 20409 20610 20665 20713 21456 21621 21630 21248 21334 21244 21381 21977 22291 22000 21849 21578 21025 20615 20591 20605 20550 20551 21180 20948 20399 21088 21474 21292 21341 21317 21119 20804 20684 20785 20978 21842 22232 22567 22683 22615 22326 22252 21752 22233 21579 19503 19781 21036
19993 20080 20088 19860 19954 19659 19677 19652 19681 19674 19365 19508 19472 19524 19446 19456 19330 19246 19343 19098 19112 19065 19055 19055 19169 19311 19358 19741 19981 19737 20411 20615 20844 21606 21603 21454 21675 21589 21281 21306 21515 22317 22250 21690 21296 21126 20810 21027 21197 21246 21313 21461 21678 22068 22697 22689 22193 21833 21469 21248 20850 20960 20755 20569 21175 21609 21723 21872 21761 21127 21243 21212 21287 21079 21131 20660 20757
20020 19896 20004 19840 19790 19726 19552 19573 19651 19537 19432 19454 19453 19332 19412 19287 19280 19192 19165 19075 19090 19090 19126 19091 19049 19066 19074 19338 19692 19644 20305 20298 20706 21384 21644 21467 21474 21318 21311 21259 21301 21721 21772 21974 22457 22496 21938 22097 22417 22731 23049 22761 22874 22968 22946 22826 22282 21884 21613 21473 21372 21264 20685 20775 20300 20792 21039 21082 20933 20577 20449 20351 20526 20972 21054 20709 20103
19950 19675 19985 19848 19821 19710 19563 19513 19563 19500 19519 19499 19374 19318 19495 19490 19473 19171 19088 19120 19227 19333 19391 19098 19040 19017 19130 19218 19294 19349 19835 20056 20190 20611 20943 21176 21230 21205 21182 21357 21199 21497 22046 22236 22609 22756 22634 22884 22960 23118 23421 23169 22523 22459 22494 22381 21971 21847 21775 21484 21331 21183 20564 20527 20203 20367 21006 21048 20727 20567 20074 19547 19883 19888 19713 19650 19093
19754 19978 19925 19782 19592 19560 19533 19548 19589 19437 19445 19458 19325 19430 19488 19539 19633 19280 19156 19221 19284 19345 19278 19079 19030 19015 19038 19116 19072 19306 19968 20221 20173 20537 20774 20920 21212 21289 21140 21198 21147 21640 21606 22389 23020 23064 22757 22929 23140 23135 22849 22666 21856 21633 21430 21509 21470 21956 21666 21366 20644 20464 20168 20213 20306 20528 20573 20390 20167 19929 20033 19479 18944 18819 18763 18739 18635
19854 19760 19581 19740 19741 19624 19639 19581 19383 19337 19309 19299 19332 19452 19719 19752 19375 19309 19287 19238 19224 19219 19138 19028 19021 19010 18997 18987 19290 19452 19674 19980 20071 20428 20505 20906 20724 21255 20990 20788 20784 21463 21749 21778 23067 23000 22919 23009 23187 23174 22858 22104 21676 21438 21467 21354 21385 21226 20995 20854 20694 20190 20041 20023 20177 20450 20195 20187 19725 19459 19326 18706 18703 18551 18990 18918 18574
19568 19664 19792 19706 19584 19643 19647 19478 19324 19230 19193 19223 19264 19527 19627 19556 19392 19321 19266 19222 19100 19201 19142 19032 19022 19006 18991 18995 19319 19680 19666 19827 20133 20216 20148 20328 20028 20389 20880 20840 20706 21462 21528 21318 22578 22535 22784 22810 22931 23028 22780 22246 21908 21511 21376 21367 21250 21364 21171 20770 20272 19923 19943 19992 20037 20139 20147 20142 19713 19146 18624 18432 18446 18315 19028 19016 18537
19640 19809 19663 19654 19575 19551 19670 19542 19415 19229 19313 19369 19291 19336 19369 19410 19416 19362 19287 19176 19064 19096 19067 19033 19018 19003 18993 18977 19047 19528 19495 19520 19849 20553 20436 19972 19872 19995 20733 20834 20574 20555 20818 20777 22643 22623 23162 23136 22655 22810 22594 22623 22519 21930 21925 21506 21131 21266 21214 20680 20058 19903 19747 20121 20090 19986 19805 19244 18933 18476 18220 18015 18107 17993 18360 18406 18343
19589 19613 19692 19686 19606 19652 19571 19427 19523 19391 19485 19501 19328 19301 19304 19367 19334 19310 19225 19180 19086 19041 19033 19028 19018 19004 18990 18978 19014 19226 19369 19746 20156 20443 20768 20422 20211 20076 20488 20801 20641 20721 20713 20986 21875 22114 23058 23286 22968 22954 22749 22738 22542 22206 22213 21444 21130 20677 20428 20156 19859 19644 19541 19796 19907 19595 18898 18589 18567 18551 17913 17814 18006 18259 18094 18515 18416
19538 19813 19860 19488 19545 19589 19520 19518 19520 19445 19498 19515 19282 19395 19315 19313 19203 19224 19153 19198 19091 19045 19031 19019 18998 18992 18999 18953 18994 19117 19382 19663 20195 20433 20534 20542 20005 20011 20262 20617 20656 20726 20576 21278 21839 21973 22437 22962 22977 23130 23080 22579 22676 22603 21762 21392 21296 20889 20906 20550 19883 19831 18981 19051 19306 18964 18609 18824 18589 18541 17945 17962 18006 17986 18675 18674 18439
19825 19986 19940 19520 19486 19514 19577 19538 19503 19344 19353 19260 19258 19372 19384 19375 19388 19256 19151 19105 19130 19047 19034 19026 18988 18969 19030 18969 18996 19082 19355 19730 19727 20245 20362 20183 19990 20001 20094 20298 20450 20608 20950 21335 22037 22044 21702 23005 23036 23196 23140 22512 22632 22505 21676 21205 21204 20911 20913 20535 20042 19404 18832 18926 18810 18641 18774 18497 18417 18231 17718 17969 18054 17925 18497 18387 18291
20023 19944 19800 19790 19527 19413 19434 19448 19372 19273 19218 19164 19221 19346 19379 19409 19397 19253 19150 19073 19097 19047 19039 19021 19011 19012 19007 19016 18995 18980 19141 19280 19612 20138 20171 20117 20005 19902 20006 20300 20570 20676 20833 21082 22013 22078 22153 22666 23115 22952 22667 22499 22330 22261 21414 20790 20121 20334 20390 19977 19645 19229 19065 18902 18713 18292 18268 17715 17854 17658 17717 17772 17828 17750 17878 18134 18130
19778 19864 19942 19718 19432 19449 19347 19465 19422 19460 19407 19190 19161 19295 19368 19390 19325 19265 19176 19061 19055 19046 19039 19020 19022 19014 19067 19110 19120 19060 19070 19221 19834 20028 20063 20003 19916 19906 19916 20002 20206 20408 20451 21254 22188 22225 22161 22579 22851 22674 22375 22274 22242 21947 21661 21126 19896 19687 19529 18960 19078 18738 18751 18541 18277 18064 17799 17599 17648 17749 17908 18244 18651 18723 18593 18374 18184
19968 20041 19956 19579 19475 19487 19407 19468 19511 19526 19518 19320 19326 19311 19233 19311 19301 19275 19189 19056 19046 19046 19036 19030 19035 19078 19140 19085 19103 19156 19185 19290 19424 19542 20017 19985 19879 19862 19604 19666 19657 19787 20082 21156 21502 21888 22130 22761 22854 22293 22020 22269 21853 21375 21439 21425 20409 19927 19440 19054 18955 18901 18934 18408 18079 17876 17602 17550 17647 18041 18716 19061 18950 18639 18497 18750 18733
20094 20002 19676 19675 19427 19472 19414 19553 19568 19520 19546 19484 19459 19343 19130 19275 19291 19294 19178 19060 19052 19043 19036 19035 19115 19137 19076 19138 19200 19289 19241 19081 19187 19286 20082 20009 19418 19553 19700 19650 19659 19882 20457 21350 21737 22292 22399 22332 22376 21416 22093 22318 22112 21426 21495 21414 20373 19939 19495 19076 19178 19002 18814 18639 18458 18078 17729 17475 17850 18331 19219 19189 18056 16414 15903 17585 18506
20293 20134 19877 19593 19430 19372 19564 19640 19548 19547 19539 19564 19521 19351 19245 19378 19226 19229 19075 19062 19059 19040 19039 19105 19112 19087 19273 19280 19270 19210 19080 19217 19401 19307 19135 19491 19261 19312 19532 19575 20051 20089 20234 21090 21711 22696 22659 21939 21642 21350 21482 20087 21716 21757 21569 20740 20308 19416 18673 18689 19391 19387 19111 18736 18701 18296 17834 17637 18082 18770 19057 17646 15534 15056 14456 15183 17754
19982 19957 19576 19436 19459 19572 19616 19577 19563 19619 19612 19835 19412 19335 19370 19886 19587 19082 19088 19074 19058 19052 19127 19248 19282 19256 19311 19450 19333 19203 19275 19233 19377 19248 18912 19367 19547 19258 19240 19498 19702 19935 20371 20822 21414 22595 22519 22086 22283 21729 21330 20425 21551 21471 20729 20680 19916 19079 18800 18519 18627 19491 19109 18803 18697 18235 18154 18254 18526 19218 18695 15452 13497 13527 13847 14735 16501
19933 19551 19849 19797 19591 19559 19533 19454 19517 19671 19927 19974 19779 19302 19613 20208 19828 19337 19315 19140 19052 19046 19146 19147 19206 19359 19460 19527 19252 19318 19818 19469 19476 19308 18925 19041 19529 19551 19244 19352 19727 19926 20020 20172 21338 22483 22503 22919 22804 22185 20760 20657 20786 20734 20648 20580 18497 18067 18749 18451 18576 18724 18545 18844 18627 18422 17935 18350 18810 19264 18285 14544 13416 13557 13885 14915 15777
19904 19966 19926 19821 19528 19434 19738 19810 19818 19738 19841 19871 19913 19571 19897 20103 19860 19328 19242 19124 19250 19232 19126 19178 19193 19357 19440 19585 19331 19132 19732 19340 19292 19208 18825 19000 19219 19415 19162 19180 19678 19877 19955 20568 21536 23300 23327 22871 22818 22112 21018 20106 20467 20240 20423 20449 19504 19006 18854 18539 18916 18566 18334 18497 18610 18398 17826 17970 18788 19117 18958 15857 13513 13536 14095 14919 17064
20191 20152 20250 20233 19769 19929 20072 20197 20056 19809 19831 19854 19513 19821 19870 20236 20384 20244 19621 19320 19344 19307 19304 19330 19294 19374 19501 19659 19717 19561 19481 19342 19167 18843 18680 18768 18808 19000 19323 19098 19135 19412 20238 20751 22651 23446 23390 22836 22410 21665 20589 19884 20229 20091 19972 19771 19679 19378 19096 19315 18902 18560 18264 18442 18494 18337 17972 17469 17668 18532 18894 17337 15137 14541 14655 16393 18444
20403 20465 20553 20439 20033 20068 20477 20518 20024 19658 19832 19648 19590 19497 19746 20363 20890 20895 20061 19722 18994 19107 19315 19420 19440 19493 19845 19884 19809 19592 19397 19215 18972 18861 18742 18769 18685 18988 19141 19053 19590 19746 20597 21658 22835 23233 22864 22900 22337 21350 19788 19647 19640 19478 19928 19731 18980 18983 19229 19259 18792 18361 18322 18415 18346 18109 17944 17545 16989 17413 18263 18152 18064 17051 17199 18162 18277
