Alternative/Moon/Lvl0_30x30/Ele_CD.asc
ncols         335
nrows         335
xllcorner     -9992508.343
yllcorner     -27166.958
cellsize      10000
nodata_value  -9999.0
[rows 102 to 135 of 335, columns 231 to 307 of 335]
15926 15918 15908 15886 15869 15860 15850 15845 15839 15831 15835 15837 15848 15888 15894 16102 16413 16492 16821 17244 16936 15262 14532 13804 13429 13166 12792 12661 13247 13862 14928 15292 16130 17050 17068 16556 16051 16012 15988 15967 15965 15939 15922 15909 15896 15881 15891 15959 15918 15986 16028 16016 15956 16016 16032 16026 16007 15966 15848 15770 15762 15771 15767 15766 15764 15767 15773 15770 15762 15747 15747 15737 15727 15719 15703 15704 15718
15920 15905 15895 15885 15868 15855 15846 15836 15833 15828 15837 15901 15966 15944 15890 16035 16216 16293 16801 17012 17019 16220 15286 14480 14375 14131 13769 13992 14340 15131 15183 16216 16987 17132 16697 16234 16113 16067 16031 16001 15996 15978 15945 15924 15903 15890 15997 16001 15928 15987 15985 15950 16002 16037 16035 16027 15994 15922 15810 15775 15767 15774 15775 15774 15769 15768 15771 15771 15763 15751 15750 15740 15738 15728 15716 15706 15717
15915 15905 15890 15890 15881 15862 15861 15842 15832 15837 15840 15894 15970 15952 15899 15974 16020 16307 16356 16865 16905 16775 16699 16518 15777 15049 15136 15673 15857 16396 17091 17162 17060 16959 16583 16149 16143 16147 16122 16100 16065 16028 16020 15966 15946 15957 16058 15997 15944 15930 15950 16001 16029 16035 16018 15987 15924 15850 15815 15802 15791 15778 15791 15784 15777 15774 15763 15764 15762 15757 15754 15745 15739 15727 15722 15713 15705
15898 15883 15884 15887 15874 15864 15858 15847 15849 15846 15847 15860 15867 15902 15937 15988 16010 16148 16278 16474 16573 16674 16667 16837 16903 16865 16887 16877 16951 17027 17042 16936 16575 16510 16217 16250 16213 16225 16207 16208 16145 16128 16169 16141 16072 16075 16033 16008 15975 15927 15961 16011 16017 16012 15996 15925 15870 15833 15818 15812 15806 15812 15814 15806 15795 15790 15777 15761 15754 15755 15754 15744 15734 15725 15718 15708 15694
15882 15863 15849 15852 15849 15851 15847 15844 15850 15843 15843 15854 15859 15892 15890 15934 15948 15983 15993 16112 16124 16376 16694 16664 16712 16735 16709 16724 16772 16747 16640 16276 16293 16163 16136 16177 16231 16247 16224 16287 16328 16329 16288 16278 16203 16214 16149 16023 15992 15961 15957 15999 16018 15971 15926 15865 15852 15836 15826 15819 15823 15840 15838 15826 15820 15798 15780 15761 15751 15747 15742 15733 15729 15716 15703 15690 15674
15865 15857 15844 15840 15837 15838 15837 15882 15867 15837 15835 15836 15845 15871 15855 15880 15985 16035 16002 16009 16061 16277 16367 16589 16555 16530 16462 16655 16685 16469 16234 16244 16172 16128 16096 16118 16114 16166 16192 16248 16303 16294 16239 16301 16405 16361 16237 16035 16000 15960 15955 15967 15950 15914 15872 15850 15854 15845 15828 15829 15836 15849 15846 15837 15824 15801 15776 15761 15755 15739 15718 15716 15718 15706 15694 15680 15664
15856 15849 15842 15833 15824 15814 15825 15875 15854 15834 15823 15812 15811 15836 15827 15956 16077 16067 15998 15987 15988 16018 16083 16209 16283 16375 16372 16143 16172 16048 16036 16043 16051 16078 16095 16094 16067 16047 16043 16070 16124 16103 16175 16247 16402 16415 16257 16136 16028 15962 15936 15924 15911 15885 15857 15891 15891 15873 15863 15864 15863 15859 15846 15834 15825 15799 15782 15766 15761 15743 15736 15719 15715 15712 15690 15674 15669
15850 15840 15831 15822 15805 15798 15797 15801 15803 15807 15808 15801 15795 15843 15894 16028 16084 16053 15989 15969 15990 16018 16029 16106 16123 16089 16056 16013 15997 15977 15982 16003 16007 16022 16047 16050 16038 16029 16036 16053 16055 16072 16102 16192 16328 16356 16310 16195 16147 16061 15970 15920 15899 15883 15865 15919 15916 15889 15895 15897 15891 15889 15864 15836 15810 15805 15791 15777 15765 15759 15735 15722 15719 15709 15689 15676 15668
15843 15827 15815 15801 15787 15785 15779 15776 15777 15790 15806 15806 15822 15888 15962 16028 16048 16004 15977 15974 16002 16024 16089 16121 16107 16055 15988 15957 15937 15929 15953 15958 15950 15967 16005 16043 16044 16032 16041 16043 16049 16067 16079 16091 16100 16283 16318 16338 16226 16159 16085 15966 15923 15911 15889 15879 15885 15911 15916 15918 15916 15901 15875 15847 15824 15808 15794 15782 15772 15760 15734 15727 15716 15697 15682 15674 15674
15840 15820 15809 15792 15784 15770 15773 15773 15773 15785 15810 15826 15862 15940 15983 16048 16055 15984 15960 15981 16017 16049 16122 16138 16092 16024 15962 15929 15909 15909 15907 15914 15919 15925 15954 15990 16005 16020 16025 16031 16041 16043 16069 16084 16087 16138 16313 16342 16339 16169 16121 15998 15936 15933 15923 15906 15905 15919 15928 15932 15929 15912 15882 15851 15840 15809 15797 15781 15774 15761 15735 15722 15710 15693 15676 15667 15662
15830 15818 15802 15779 15769 15759 15760 15767 15777 15803 15833 15870 15904 15995 16014 16045 15989 15956 15955 16000 16035 16063 16145 16148 16075 15999 15942 15900 15883 15871 15882 15889 15890 15901 15922 15933 15970 15993 16001 16012 16022 16035 16055 16068 16081 16084 16111 16315 16287 16173 16129 16021 15961 15948 15947 15948 15948 15938 15932 15954 15963 15935 15896 15858 15834 15808 15796 15786 15781 15768 15735 15716 15703 15691 15678 15672 15667
15833 15816 15800 15771 15767 15760 15782 15796 15801 15837 15868 15914 15958 16009 16001 15962 15935 15926 15950 16030 16077 16105 16150 16144 16066 15986 15916 15881 15868 15857 15861 15867 15879 15883 15891 15923 15945 15971 15985 15990 16003 16017 16024 16038 16060 16065 16072 16255 16268 16203 16146 16049 15974 15952 15953 15972 15982 15975 15956 15953 15961 15938 15908 15864 15839 15826 15819 15801 15791 15767 15737 15709 15699 15687 15684 15679 15671
15826 15806 15781 15763 15771 15812 15864 15852 15844 15878 15904 15921 15918 15962 15910 15907 15905 15917 15974 16057 16087 16121 16137 16114 16048 15977 15901 15873 15849 15848 15854 15852 15862 15877 15884 15901 15923 15957 15975 15984 15996 15998 15998 16021 16030 16047 16048 16084 16263 16239 16156 16092 15999 15951 15950 15969 15984 15989 15981 15946 15941 15942 15907 15866 15839 15831 15827 15807 15784 15779 15737 15712 15701 15684 15701 15678 15674
15831 15809 15784 15768 15818 15858 15870 15851 15854 15886 15902 15871 15881 15922 15885 15882 15895 15931 16000 16088 16115 16125 16130 16092 16039 15969 15902 15860 15841 15838 15843 15847 15854 15860 15867 15895 15919 15948 15967 15976 15984 15993 15996 16003 16016 16025 16035 16052 16172 16257 16205 16115 16036 15955 15952 15966 15979 15989 15987 15956 15938 15934 15899 15865 15841 15825 15811 15800 15790 15787 15728 15704 15694 15682 15700 15686 15674
15843 15815 15813 15869 15918 15912 15837 15828 15835 15861 15859 15856 15854 15882 15852 15864 15893 15947 16018 16114 16110 16169 16160 16083 16038 15972 15912 15866 15836 15830 15838 15837 15837 15845 15857 15871 15897 15936 15951 15959 15967 15982 15986 15992 15999 16015 16013 16021 16030 16227 16184 16106 16078 15994 15941 15958 15979 15989 15988 15958 15932 15920 15896 15864 15853 15825 15803 15784 15761 15747 15725 15720 15702 15682 15678 15676 15672
15897 15902 15938 15955 15923 15861 15829 15820 15833 15847 15849 15843 15837 15862 15835 15867 15897 16006 16114 16173 16150 16190 16174 16084 16037 15975 15913 15861 15835 15829 15823 15825 15823 15855 15843 15853 15874 15917 15945 15955 15951 15961 15970 15982 15989 16004 15999 15989 15991 16049 16168 16169 16135 16031 15983 15942 15978 15993 15986 15946 15916 15902 15886 15869 15857 15833 15814 15786 15768 15748 15730 15715 15704 15686 15678 15673 15670
15987 15991 15985 15951 15916 15877 15842 15834 15830 15827 15831 15820 15818 15851 15840 15873 15952 16072 16178 16169 16169 16192 16158 16088 16024 15949 15899 15848 15828 15813 15816 15822 15820 15828 15830 15845 15875 15890 15911 15929 15933 15939 15951 15969 15977 15984 15991 15988 15972 15952 15991 16105 16100 16049 16017 15955 15974 15982 15976 15937 15891 15889 15890 15872 15856 15839 15818 15791 15774 15754 15728 15723 15703 15689 15683 15674 15670
16075 16035 15996 15958 15921 15898 15870 15862 15854 15834 15821 15809 15805 15857 15846 15932 16025 16135 16174 16141 16180 16211 16141 16060 16008 15951 15914 15883 15878 15878 15883 15866 15833 15825 15821 15829 15841 15859 15882 15916 15922 15930 15935 15951 15955 15957 15973 15979 15963 15934 15935 16021 16076 16055 16043 15999 15991 15980 15974 15946 15910 15879 15877 15866 15850 15833 15816 15791 15777 15755 15733 15716 15709 15700 15685 15678 15673
16060 16035 16008 15959 15929 15903 15874 15871 15860 15846 15828 15832 15844 15889 15953 16045 16084 16156 16151 16121 16114 16130 16065 16010 15980 15940 15911 15903 15898 15890 15873 15814 15830 15833 15829 15827 15828 15836 15859 15880 15890 15896 15905 15914 15927 15941 15962 15969 15964 15941 15906 15925 16055 16088 16062 16055 16057 15987 15973 15974 15936 15879 15869 15863 15852 15834 15814 15790 15783 15760 15735 15721 15707 15698 15691 15685 15673
16038 16011 15962 15935 15911 15883 15875 15871 15862 15845 15843 15856 15890 16026 16071 16053 16095 16131 16120 16118 16103 16073 16017 15964 15933 15904 15870 15855 15823 15789 15787 15813 15841 15844 15856 15900 15885 15909 15914 15879 15868 15886 15899 15899 15907 15920 15936 15949 15948 15943 15919 15908 15908 16032 16021 16056 16061 16002 15958 15975 15957 15925 15859 15855 15850 15833 15808 15786 15780 15762 15741 15722 15708 15698 15687 15684 15672
15999 15969 15941 15918 15891 15870 15867 15867 15857 15853 15879 15948 16001 16071 16089 16043 16069 16094 16100 16090 16070 16031 15986 15922 15876 15847 15831 15817 15804 15768 15773 15791 15832 15846 15844 15868 15884 15894 15907 15893 15896 15908 15915 15916 15923 15937 15936 15917 15912 15925 15923 15918 15900 15917 15972 16032 16039 15997 15916 15916 15928 15918 15889 15869 15848 15830 15804 15787 15780 15763 15743 15723 15708 15698 15687 15676 15668
15983 15953 15936 15912 15883 15859 15856 15855 15852 15856 15943 16014 16017 16047 16016 16058 16069 16071 16071 16061 16038 15996 15954 15890 15861 15817 15808 15804 15784 15752 15773 15779 15808 15825 15835 15834 15824 15838 15873 15900 15919 15920 15915 15929 15934 15928 15929 15927 15912 15907 15913 15910 15899 15887 15884 15950 15982 15969 15890 15862 15876 15905 15897 15882 15859 15813 15801 15788 15780 15760 15743 15723 15710 15697 15684 15673 15667
15976 15960 15936 15905 15884 15867 15861 15844 15845 15885 15951 15939 15989 16041 16051 16059 16070 16063 16040 16029 16004 15973 15923 15873 15841 15802 15787 15785 15772 15747 15754 15760 15775 15793 15806 15801 15794 15815 15836 15856 15897 15906 15919 15922 15912 15897 15926 15934 15933 15924 15919 15912 15898 15871 15860 15937 15965 15935 15895 15835 15810 15818 15863 15869 15855 15830 15800 15789 15779 15760 15743 15718 15706 15696 15682 15660 15661
15996 15972 15948 15920 15902 15888 15868 15861 15862 15914 15965 15972 16007 16040 16061 16068 16069 16047 16025 16004 15991 15949 15898 15856 15822 15782 15773 15770 15770 15746 15745 15743 15759 15761 15770 15775 15776 15787 15813 15830 15835 15851 15899 15863 15863 15858 15864 15934 15933 15956 15939 15939 15916 15882 15843 15837 15955 15937 15902 15836 15782 15774 15818 15828 15822 15817 15798 15784 15769 15754 15728 15718 15717 15704 15687 15685 15670
16013 15997 15974 15948 15918 15894 15896 15922 15937 16003 15993 16005 16032 16056 16092 16081 16069 16044 16014 15979 15956 15927 15889 15844 15815 15789 15759 15755 15757 15737 15732 15729 15729 15743 15763 15760 15762 15776 15800 15815 15827 15837 15846 15852 15858 15864 15867 15886 15929 15891 15964 16002 15993 15921 15883 15818 15807 15944 15877 15820 15752 15726 15787 15809 15816 15818 15802 15791 15786 15769 15743 15723 15714 15709 15696 15687 15690
16016 16015 16007 15970 15941 15907 15903 15951 15967 15988 15984 16046 16063 16065 16107 16095 16061 16038 16009 15980 15943 15903 15857 15835 15813 15787 15761 15757 15754 15726 15720 15718 15721 15729 15743 15754 15759 15767 15781 15809 15816 15823 15838 15846 15858 15870 15878 15884 15894 15966 15933 16003 16008 15984 15925 15866 15819 15933 15890 15795 15730 15691 15769 15800 15804 15802 15794 15790 15785 15769 15745 15731 15716 15704 15698 15694 15704
16021 16018 16010 15983 15958 15932 15920 15931 15959 16001 16022 16063 16084 16082 16106 16075 16061 16038 16002 15968 15933 15903 15857 15818 15805 15787 15766 15752 15748 15723 15714 15717 15718 15729 15737 15742 15744 15753 15782 15797 15805 15814 15828 15842 15856 15870 15879 15883 15894 15908 15916 15928 15964 16007 16012 15967 15904 15898 15879 15771 15698 15671 15733 15766 15783 15790 15788 15786 15775 15767 15748 15740 15722 15702 15702 15702 15695
16020 16019 16012 15988 15964 15947 15942 15940 15968 16033 16047 16062 16087 16094 16107 16072 16060 16027 15999 15958 15920 15931 15893 15829 15808 15789 15773 15754 15746 15731 15766 15720 15717 15723 15732 15731 15731 15743 15768 15791 15797 15806 15820 15833 15844 15857 15872 15881 15885 15903 15900 15902 15912 15928 15994 16006 16029 15974 15845 15744 15661 15646 15714 15738 15759 15774 15771 15769 15769 15762 15745 15744 15729 15718 15708 15709 15709
16004 16010 16008 15989 15966 15966 15962 15953 15995 16048 16056 16098 16099 16090 16102 16066 16054 16020 15980 15945 15913 15889 15859 15835 15816 15802 15768 15761 15760 15727 15763 15720 15704 15713 15728 15723 15725 15732 15742 15775 15793 15795 15808 15820 15836 15844 15855 15867 15880 15886 15890 15896 15887 15898 15902 15923 16037 16069 15952 15764 15656 15649 15686 15718 15748 15761 15763 15770 15769 15761 15746 15737 15735 15728 15715 15710 15713
15994 16002 15991 15985 15967 15958 15965 15978 16018 16046 16073 16115 16116 16102 16105 16065 16038 16003 15977 15940 15907 15882 15851 15838 15819 15803 15775 15757 15754 15724 15715 15708 15700 15701 15711 15717 15725 15729 15736 15761 15767 15786 15795 15813 15825 15835 15846 15856 15866 15876 15878 15879 15878 15888 15895 15900 15962 16084 16014 15841 15693 15674 15671 15711 15730 15750 15753 15769 15769 15762 15758 15755 15747 15738 15726 15710 15717
15985 15986 15987 15981 15970 15957 15949 15986 16027 16111 16093 16139 16148 16141 16103 16055 16035 15992 15956 15933 15907 15874 15855 15832 15816 15803 15782 15757 15737 15716 15697 15699 15699 15691 15702 15711 15716 15722 15730 15741 15753 15769 15784 15797 15812 15821 15832 15842 15857 15876 15870 15866 15867 15871 15881 15892 15921 16020 16023 15910 15733 15672 15660 15692 15703 15732 15743 15757 15766 15771 15774 15775 15776 15761 15740 15712 15717
15997 15999 15998 15993 15980 15965 15956 15987 16040 16107 16131 16163 16153 16142 16097 16077 16024 15984 15945 15929 15903 15878 15850 15824 15809 15797 15780 15757 15728 15707 15702 15695 15689 15696 15698 15707 15714 15722 15722 15732 15740 15748 15764 15780 15793 15804 15814 15833 15839 15844 15847 15858 15867 15871 15869 15874 15952 15962 15951 15879 15815 15686 15657 15664 15673 15687 15712 15738 15757 15772 15771 15782 15819 15814 15759 15742 15735
16037 16030 16016 16010 16003 15983 15966 15984 16068 16159 16156 16179 16165 16134 16107 16090 16043 15980 15948 15928 15906 15886 15856 15831 15818 15794 15778 15752 15724 15705 15700 15705 15709 15709 15708 15709 15716 15725 15725 15730 15743 15743 15749 15767 15779 15792 15804 15816 15822 15832 15837 15847 15856 15867 15875 15874 15928 15990 15941 15898 15857 15760 15711 15668 15676 15665 15674 15696 15722 15759 15764 15777 15806 15832 15841 15774 15765
16055 16046 16043 16039 16016 16009 15996 16006 16085 16153 16227 16189 16172 16127 16101 16050 16010 15981 15945 15929 15912 15893 15867 15832 15813 15790 15771 15753 15728 15704 15701 15706 15712 15720 15719 15707 15722 15724 15730 15727 15729 15731 15736 15750 15760 15779 15793 15805 15818 15821 15820 15845 15865 15869 15868 15875 15917 15995 15950 15919 15867 15793 15780 15741 15691 15661 15667 15679 15702 15741 15760 15770 15780 15826 15856 15837 15813
