Alternative/Moon/Lvl0_30x30/Ele_FF.asc
ncols         335
nrows         335
xllcorner     -3292508.343
yllcorner     -10077166.958
cellsize      10000
nodata_value  -9999.0
[rows 68 to 101 of 335, columns 0 to 76 of 335]
17338 16977 16840 17034 17095 17191 17119 17031 16866 16876 16870 16886 16896 16940 17004 17016 16992 17024 17024 17052 17061 17055 17056 17062 17056 17073 17034 17055 16871 17169 17309 18209 19246 19977 20584 20688 20682 20387 20049 20078 20218 20338 20255 19840 19460 19202 19329 19292 19205 19284 19217 18980 18851 18879 18824 18789 18777 18805 18794 18808 18797 18905 19097 19293 19294 19330 19333 19240 19292 19403 19388 19407 19506 19474 19532 19262 18636
18390 17973 17502 17158 17039 17055 16991 16763 16929 16922 16885 16885 16998 17095 17129 17110 17023 17037 17052 17055 17057 17053 17049 17046 17023 17019 16968 16935 16975 16965 17006 17573 18617 19413 20384 20796 20851 20747 20687 20535 20511 20430 20238 19823 19315 19130 19111 19427 19421 19366 19393 19259 19031 18867 18830 18823 18857 18921 18966 19024 19027 19061 19233 19255 19381 19366 19203 19190 19130 19384 19462 19473 19400 19163 19129 18690 18493
18621 18053 17354 16752 16813 16723 16815 16762 16789 16771 16765 16803 16851 16892 16931 16955 16967 16968 16987 16985 16982 16988 16995 16976 16963 16942 16883 16835 16925 17105 17207 17946 18923 19820 20572 20778 20728 20539 20405 20462 20198 20094 19884 19833 19761 19793 19875 19919 19872 19662 19469 19355 19394 19341 19056 18984 18925 18893 18910 19001 19244 19302 19309 19193 19382 19451 19409 19337 19213 19226 19451 19525 19483 19296 19001 18637 18431
19012 18482 17807 17322 16908 16762 16674 16641 16650 16656 16687 16731 16767 16789 16820 16846 16861 16883 16878 16907 16923 16924 16917 16891 16855 16824 16763 16845 17091 17239 17796 18772 19746 20427 20798 20822 20695 20439 20113 20002 20198 20207 20306 20316 20114 20124 20142 19929 19611 19445 19452 19434 19289 19264 19184 19023 19045 19032 19105 19051 19034 19196 19250 19380 19461 19465 19394 19333 19386 19319 19337 19427 19660 19823 19779 19373 19422
19668 19296 18844 18303 17892 17476 16959 16932 16762 16709 16626 16647 16689 16710 16713 16717 16719 16728 16748 16773 16792 16794 16845 16873 16779 16792 16736 17008 17545 18099 18791 19686 20439 20793 20779 20767 20679 20638 20235 19969 20324 20342 20252 20197 19877 19884 19905 19838 19547 19293 19091 19101 19065 19065 19365 19495 19155 19072 19309 19374 19327 19322 19247 19268 19260 19278 19367 19724 19949 20042 19893 19826 20136 20177 20366 20532 20500
20044 19814 19646 19352 18992 18622 18197 17812 17449 17244 16976 16941 16904 16771 16791 16751 16819 16872 16816 16791 16914 17099 17205 17251 17192 17436 17845 18497 18833 19200 19718 20356 20843 20815 20697 20609 20527 20393 20353 20177 20268 20274 20119 19928 19694 19693 19594 19406 19208 19173 19269 19290 19276 19275 19324 19573 19728 19777 19781 19684 19552 19596 19659 19621 19498 19361 19560 19756 19982 20067 20049 19938 20092 20165 20442 20808 20856
20488 20370 20282 20125 19782 19685 19294 19111 19141 18962 18558 18317 17957 17820 17675 17549 17544 17468 17141 16830 16967 17300 17744 18020 18374 18834 19371 19644 19978 20183 20563 20657 20738 20659 20346 20305 20307 20210 20246 20119 20047 20233 20317 20136 19657 19515 19554 19618 19535 19482 19524 19757 19777 19775 19773 19675 19742 19867 19942 19925 19982 20023 20062 19967 19634 19380 19452 19515 19317 19476 19571 19517 19567 19763 20081 20375 20550
20494 20451 20420 20584 20576 20454 20320 20278 20189 19979 19700 19748 19680 19510 19296 19285 19187 19205 19205 19115 19043 19072 18984 19208 19590 19968 20520 20700 20632 20522 20543 20484 20599 20580 20443 20370 20322 20184 20136 20133 20010 20011 20123 20203 20203 20249 20184 20047 19965 19819 19771 19825 19876 20008 20142 20117 19757 19811 19846 19872 19893 19897 19947 19858 19712 19578 19437 19399 19404 19408 19402 19406 19579 19674 19847 19858 19846
20295 20261 20402 20560 20590 20573 20503 20754 20802 20798 20814 20877 20915 21028 21080 21097 21090 21079 21050 20717 20466 20245 20194 20327 20627 20755 20827 20895 20761 20532 20494 20507 20574 20569 20471 20422 20394 20233 20102 20045 20064 20065 20081 20185 20216 20211 20150 19964 19779 19662 19656 19605 19679 19692 19761 19749 19755 19823 19777 19846 19934 20022 20070 20108 20070 19966 19744 19530 19463 19432 19448 19538 19648 19662 19661 19866 19854
20035 20168 20330 20395 20386 20510 20588 20647 20663 20746 20934 20984 20993 21013 21168 21259 21361 21479 21482 21323 21327 21234 21277 21304 21184 21023 20962 20872 20562 20429 20417 20389 20382 20375 20381 20412 20406 20392 20326 20388 20402 20375 20468 20285 20180 20137 20001 19763 19701 19685 19711 19733 19636 19497 19542 19559 19690 19767 19744 19655 19850 19941 20169 20242 20351 20384 20098 19895 19898 19792 19889 20062 20081 19988 19699 19678 19612
20022 20221 20402 20666 20633 20711 20752 20815 20825 21134 21217 21209 21185 21111 21124 21169 21175 21190 21355 21370 21371 21340 21351 21357 21297 21142 21027 20802 20703 20597 20540 20539 20438 20450 20433 20456 20568 20533 20515 20642 20739 20705 20519 20440 20472 20494 20427 20120 19870 19887 19896 19822 19623 19521 19517 19504 19489 19516 19499 19508 19556 19820 19950 19903 19945 19826 19641 19720 19727 19618 19727 20089 20092 20001 19675 19627 19598
20433 20286 20392 20525 20965 21092 20920 20711 20890 21171 21270 21266 21264 21292 21337 21401 21469 21502 21440 21388 21455 21513 21475 21350 21202 21042 20947 20943 20920 20937 20944 20886 20716 20678 20761 21021 21027 20940 20910 21192 21317 21254 21217 21256 21114 20856 20597 20269 19858 19661 19611 19592 19599 19637 19619 19609 19563 19555 19633 19623 19634 19876 20072 20053 19934 19935 19999 19994 19954 19950 19965 19844 19890 19831 19791 19761 19658
20759 20755 20756 20915 21010 21091 21114 21082 21036 21191 21278 21279 21335 21300 21436 21453 21487 21507 21548 21624 21601 21537 21557 21466 21334 21221 21181 21217 21189 21139 21083 21160 21328 21326 21296 21320 21304 21328 21388 21463 21518 21669 21734 21709 21521 21227 21066 20838 20526 20490 20493 20367 20227 20161 19961 19933 19883 19747 19761 19791 20039 20080 20035 20039 20110 20170 20184 20186 20023 20046 19984 19973 19987 20015 20011 19866 20064
20918 20917 21061 21303 21569 21670 21688 21744 21715 21649 21706 22041 22135 22124 22029 21915 21825 21747 21829 21830 21690 21621 21563 21464 21581 21597 21640 21733 21784 21825 21862 21902 21941 22053 22043 21906 21765 21782 21760 21601 21773 21992 22078 21953 21706 21604 21631 21594 21343 21171 21250 21239 21142 20924 20537 20462 20368 20153 19851 19943 20175 20514 20601 20493 20329 20325 20284 20221 20103 20090 20082 20079 20145 20298 20566 20842 20917
21098 21264 21300 21408 21629 21794 21927 22061 22305 22300 22594 22451 22190 22013 22132 22237 22276 22122 21988 21936 21827 21703 21714 21746 21812 21979 22192 22265 22241 21855 21946 22347 22367 22288 22253 22218 22300 22302 22097 21730 21848 22081 22098 21953 21864 21692 21718 21774 21730 21503 21427 21407 21266 21201 20989 21220 21229 21070 20804 20387 20397 20337 20291 20217 20261 20274 20321 20245 20158 20186 20221 20361 20619 20784 21151 21290 21357
21879 21894 21930 21927 21858 21926 21964 22232 22534 22639 22716 22634 22384 22429 22374 22423 22356 22177 21936 21868 21873 21873 21904 22066 22143 22180 22324 22471 22526 22547 22530 22351 22234 22138 22152 22199 22327 22348 22300 22233 22160 22037 21824 21807 21815 21806 21773 21685 21520 21428 21405 21351 21182 20991 20892 21165 21174 20918 20557 20153 20026 20027 20046 20048 20047 20066 20168 20303 20549 20680 20873 21047 21389 21613 21584 21509 21079
22121 22182 22269 22250 21928 21750 21842 22085 22359 22477 22542 22287 22455 22528 22436 22344 22212 22114 21938 21915 21891 21877 21871 22139 22272 22323 22505 22505 22570 22517 22451 22326 22228 22094 22064 22133 22227 22269 22235 22211 22163 22061 21845 21804 21812 21851 21768 21498 21276 21321 21281 21336 21250 21004 20659 20517 20666 20548 20283 20159 20036 19979 19986 19998 20020 20056 20068 20318 20726 20978 21255 21450 21699 21772 21585 20873 19908
22049 22285 22465 22325 21815 21361 20848 20720 20710 20736 20760 20852 21063 21237 21306 21237 21070 20938 20735 20608 20417 20276 20472 20857 21331 21692 21930 21930 22001 22090 22115 21908 21951 21909 21767 21761 21724 21682 21966 21983 21902 21776 21746 21749 21743 21757 21657 21385 21262 21240 21233 21098 20964 20998 21059 21033 20795 20800 20782 20483 20429 20333 20187 20190 20270 20298 20484 20862 21207 21382 21479 21718 21902 21838 21296 20372 19342
21980 22195 22433 22279 21697 20982 20322 19723 19144 19052 19131 19208 19328 19458 19608 19608 19336 19049 18919 18819 18824 18699 18731 18944 19253 19649 19887 20200 20466 20694 20690 20664 20636 20511 20475 20532 20718 20752 21119 21338 21405 21376 21362 21376 21372 21305 21238 21181 21052 20910 20958 20966 20987 21039 21061 21009 21113 21173 20957 20381 20059 20078 20080 20227 20686 20887 20873 21032 21306 21417 21491 21762 21884 21723 20790 19759 18763
21847 21997 22166 22226 21855 21207 20370 19518 19071 18883 18935 18978 19123 19125 18974 18550 18205 17939 17928 17801 17707 17536 17633 17731 17849 17943 18077 18369 18792 19061 19292 19506 19517 19516 19412 19477 19652 19900 20179 20355 20595 20647 20648 20618 20544 20502 20605 20580 20498 20427 20404 20464 20748 20785 20969 21183 21152 21092 20782 20823 20857 21079 21316 21400 21575 21674 21648 21557 21561 21496 21554 21826 21935 21698 20818 19753 18882
21875 22019 22123 22090 21774 21144 20297 19496 19067 18852 18747 18581 18023 17632 17351 17147 16956 16882 16826 16675 16611 16621 16638 16732 16863 17007 17160 17323 17495 17708 18146 18622 19103 19145 19090 19066 19012 19019 19181 19216 19208 19102 19173 19244 19182 19318 19322 19197 19426 19556 19646 19766 19962 20196 20325 20588 20756 20930 21028 21050 21099 21251 21384 21403 21586 21696 21680 21582 21586 21641 21690 21900 22020 21878 21106 20403 19965
21585 21660 21788 21737 21158 20433 19528 18824 18341 17992 17513 16936 16620 16540 16549 16550 16547 16543 16579 16554 16556 16554 16569 16587 16585 16585 16611 16681 16738 16932 17229 17421 18070 18675 18821 18800 18572 18210 18121 18014 18032 18039 18099 18114 18108 18141 18175 18241 18338 18439 18658 18706 18953 19256 19439 19920 20251 20429 20902 21084 21137 21138 21246 21256 21316 21371 21389 21494 21623 21675 21715 21774 21778 21690 21020 20405 20416
21124 21191 21192 21187 20740 20115 19252 18439 17844 17417 16872 16596 16566 16539 16564 16545 16563 16571 16584 16572 16551 16540 16541 16536 16542 16546 16561 16574 16581 16581 16584 16738 17323 17891 18069 17792 17369 17108 17272 17166 17144 17172 17241 17277 17355 17489 17544 17629 17624 17615 17777 18038 18201 18357 18630 18945 19363 19620 19936 20284 20664 20933 21177 21272 21313 21442 21485 21460 21542 21538 21619 21622 21736 21797 21646 21124 20483
20585 20475 20543 20552 20397 20023 19234 18545 17737 17187 16695 16578 16546 16551 16560 16582 16604 16569 16578 16549 16535 16537 16526 16539 16528 16539 16541 16555 16577 16574 16580 16583 16843 17208 17273 17051 16775 16718 16719 16620 16622 16630 16647 16685 16701 16753 16745 16812 16926 17028 17019 17332 17733 17959 18129 18218 18503 18696 18826 18941 19231 19680 20374 20722 20964 21179 21225 21394 21497 21609 21778 21826 21765 21826 21794 21618 21460
20073 19911 19738 19670 19592 19524 19230 18579 17820 17307 16887 16659 16552 16545 16535 16571 16599 16563 16590 16538 16539 16547 16539 16563 16558 16549 16558 16589 16583 16583 16585 16587 16628 16786 16813 16667 16589 16587 16603 16613 16631 16634 16648 16674 16694 16751 16720 16754 16763 16765 16778 17060 17265 17438 17744 17793 17887 17994 18109 18342 18442 18680 19375 19770 20184 20470 20819 21221 21458 21510 21664 21800 21777 21817 21767 21615 21592
19287 19124 19051 19061 19058 18872 18236 17468 16834 16578 16542 16578 16586 16537 16554 16561 16523 16593 16525 16535 16536 16552 16554 16571 16580 16569 16572 16575 16588 16604 16602 16600 16607 16599 16607 16619 16640 16648 16615 16625 16643 16669 16661 16684 16675 16679 16704 16712 16726 16738 16751 16767 16848 16833 16918 17070 17409 17621 17715 17686 17864 17991 18240 18657 19106 19322 19750 20134 20447 20634 20822 21069 21110 21140 21101 21258 21342
18469 18223 18260 18266 18100 17623 16959 16554 16551 16569 16616 16660 16684 16591 16548 16558 16551 16538 16534 16524 16527 16549 16547 16573 16586 16594 16617 16616 16611 16611 16623 16634 16659 16643 16662 16657 16711 16639 16713 16677 16650 16682 16676 16684 16680 16678 16706 16727 16744 16742 16788 16787 16797 16771 16792 16813 16865 17008 17281 17459 17515 17370 17480 18060 18535 18737 19030 19416 19496 19436 19290 19221 19255 19389 19602 19991 20353
17743 17496 17214 17134 17098 17045 16915 16881 16981 17155 17210 17027 16907 16769 16546 16551 16561 16547 16554 16554 16556 16566 16582 16570 16586 16598 16612 16621 16634 16652 16634 16647 16662 16653 16665 16680 16681 16697 16700 16694 16686 16689 16704 16724 16736 16744 16760 16774 16837 16857 16809 16881 16809 16777 16805 16824 16831 16840 16872 16929 16987 17094 17220 17591 18028 18314 18472 18443 18147 18052 18014 18069 18064 18070 18219 18512 18916
16887 16696 16640 16604 16617 16634 16671 16693 16731 16746 16710 16760 16815 16726 16573 16579 16570 16568 16579 16575 16580 16589 16597 16594 16598 16606 16619 16628 16616 16646 16632 16620 16649 16636 16636 16651 16680 16696 16710 16732 16756 16765 16752 16755 16766 16767 16779 16791 16836 16934 16967 16875 16834 16787 16773 16787 16797 16814 16838 16861 16876 16933 17007 17220 17662 17754 17737 17820 17802 17726 17686 17678 17691 17796 17890 18097 18448
16580 16564 16576 16568 16578 16574 16570 16566 16554 16586 16568 16585 16563 16561 16579 16580 16596 16584 16581 16580 16604 16569 16570 16556 16574 16587 16598 16603 16603 16608 16602 16602 16574 16591 16634 16613 16624 16661 16677 16707 16743 16768 16755 16771 16779 16793 16804 16808 16832 16964 16989 16831 16948 16915 16878 16876 16882 16885 16888 16884 16951 16917 16948 17088 17107 17334 17401 17378 17485 17567 17562 17570 17602 17633 17664 17823 17922
16544 16566 16576 16562 16551 16555 16543 16541 16542 16550 16545 16546 16541 16543 16545 16574 16587 16589 16587 16612 16640 16597 16604 16579 16570 16573 16584 16580 16559 16561 16555 16553 16545 16569 16578 16583 16563 16577 16592 16604 16620 16622 16626 16673 16690 16724 16771 16783 16796 16802 16808 16813 16823 16859 16874 16880 16884 16906 16919 16935 16949 16936 16987 17121 17138 17204 17229 17265 17426 17690 17949 18095 18081 17898 17690 17692 17830
16549 16562 16544 16557 16539 16548 16542 16544 16543 16543 16538 16534 16557 16566 16572 16591 16595 16598 16601 16589 16623 16622 16612 16595 16594 16609 16583 16574 16601 16564 16538 16542 16540 16551 16543 16541 16537 16551 16568 16571 16577 16579 16577 16589 16597 16622 16646 16658 16685 16722 16729 16753 16771 16788 16806 16827 16836 16852 16891 16932 16954 16968 16972 17027 17086 17060 17135 17189 17211 17392 17664 18024 18059 17997 17999 18166 18398
16585 16595 16534 16528 16535 16554 16541 16559 16564 16592 16619 16602 16600 16574 16564 16569 16584 16586 16567 16572 16603 16602 16583 16583 16589 16599 16626 16605 16635 16593 16559 16558 16551 16544 16547 16545 16541 16529 16532 16531 16545 16547 16566 16582 16597 16617 16629 16652 16665 16665 16693 16713 16734 16744 16763 16797 16820 16837 16846 16915 16947 16945 16970 17044 17062 17036 17047 17062 17086 17131 17136 17274 17585 17690 17805 18120 18390
16526 16572 16567 16554 16556 16549 16551 16563 16589 16598 16614 16593 16599 16592 16550 16545 16537 16548 16540 16536 16530 16530 16543 16550 16551 16562 16589 16585 16599 16569 16556 16565 16564 16562 16575 16576 16578 16602 16582 16564 16601 16584 16583 16578 16591 16597 16613 16634 16661 16698 16721 16708 16703 16729 16759 16801 16807 16823 16813 16867 16870 16878 16874 16903 16917 16911 16957 16972 16996 17011 17029 17083 17094 17159 17200 17240 17397
