Alternative/Moon/Lvl0_30x30/Ele_BB.asc
ncols         335
nrows         335
xllcorner     -16692508.343
yllcorner     3322833.042
cellsize      10000
nodata_value  -9999.0
[rows 102 to 135 of 335, columns 77 to 153 of 335]
22124 22228 22427 22734 23080 23253 23635 24533 25097 25819 27350 28503 28950 28997 28976 28892 28911 28851 29376 29778 29752 29380 28788 28480 28611 28684 28725 28685 28464 28464 28663 28543 28366 28390 28164 27847 27789 27574 27243 27025 26581 26302 26172 26243 26063 25515 24998 24699 24654 24610 24737 24726 24657 24764 24817 25063 25271 25621 26096 26308 26387 26294 26110 25574 25349 25902 26033 25727 25588 25698 25503 24949 24173 23349 22308 21220 20248
22499 22607 22979 23670 24542 24744 25121 25788 26210 26732 28124 28653 28591 28467 28660 28694 28759 28824 29586 29823 29659 29333 28939 29032 28955 28561 28142 28276 28216 28232 28196 28121 28124 28063 27739 27315 27353 27169 26985 26715 26235 26112 26264 26519 26571 25924 25009 24695 24624 24626 24540 24596 24964 25079 25157 25042 24959 24970 25319 25782 25975 25922 25579 25088 25190 26181 26538 26462 26301 26029 25463 24770 24464 23897 23318 22525 21327
22803 23328 24287 24943 25121 25100 25477 26442 26848 27576 28184 28475 28255 28365 28549 28507 28449 28731 29322 29271 28935 28776 28815 28872 28734 28531 28045 27939 27950 27940 27689 27507 27588 27570 27353 27018 26941 26807 26699 26504 26218 26087 26178 26422 26435 25933 25297 24737 24831 24841 24594 24533 24980 25013 24987 24763 24575 24682 25213 25520 25562 25475 25493 25414 25488 26184 26541 26494 26342 25985 24908 23943 23806 23990 24133 23606 22376
24304 24608 24930 25043 24988 25119 26704 27736 27958 28026 28002 28032 28111 28234 28353 28106 28038 28153 28410 28357 28020 28006 27851 27935 27752 27508 27352 27616 27652 27506 27111 26750 26683 26643 26476 26543 26624 26679 26579 26297 26031 25782 25805 25811 25683 25502 25205 24695 24760 24848 24823 24544 24934 25099 25038 24788 24616 24621 25207 25433 25376 25229 25199 25218 25454 25667 25833 26231 26165 25521 24360 23798 24744 25358 25527 24989 23478
24794 24921 25030 25097 25323 26181 27489 27585 27766 27946 27797 27621 27779 27880 27909 27886 27999 27896 27784 27460 27320 27289 27443 27452 27423 27210 26888 27217 27123 26872 26549 26279 26284 26241 26229 26329 26289 26234 26155 26159 25997 25788 26130 26201 25864 25342 24951 24755 24974 24908 24760 24527 24543 24771 24916 24933 25056 25086 25218 24856 25294 25288 25216 25423 25552 25530 25713 26477 26562 26236 24838 23673 25089 26195 26668 26444 25395
25983 26706 26837 26762 27154 27467 27607 27703 27863 27869 27400 27272 27309 27343 27496 27476 27606 27745 27724 27446 27180 26874 27095 27024 26871 26662 26213 26390 26251 26233 26116 26114 25779 25767 25827 25792 25730 25792 25843 25962 26001 26036 26175 26202 25922 25701 25498 25375 25187 24834 24504 24365 24354 24640 25103 25181 25021 24844 25072 25162 25181 25296 25620 26109 26047 25894 26409 26464 26640 26768 26775 26368 25922 25953 26506 26528 26322
27062 27762 27865 27777 27590 27679 27853 27833 27595 27599 27300 27020 27075 27525 27546 27308 27305 27298 27021 26897 26605 26446 26295 26200 26071 25424 26004 26229 26041 25649 25329 25372 25501 25514 25204 25567 25684 25754 25851 25888 25826 25926 26077 26057 25886 25711 25716 25573 25174 24724 24518 24495 24471 24664 25100 25248 25071 24694 24923 24958 25066 25314 25591 26256 26272 26184 26467 26466 26391 26663 26801 26769 26606 26534 26596 26618 26423
27437 27456 27519 27402 27391 27687 27923 27904 27558 27305 26940 26757 26760 26868 26853 26940 26862 26705 26447 26581 26444 26414 26253 25905 25143 25116 25482 25855 25851 25579 25320 25300 25318 25383 25353 25495 25497 25474 25407 25414 25474 25523 25834 25992 25858 25552 25322 25208 24923 24684 24680 24822 24820 24699 24798 25211 25384 25370 25056 24644 23952 23856 24187 24817 25250 25785 26250 26391 26508 26616 26631 26616 26199 26082 26372 26532 26163
26951 26509 26603 26886 26910 26926 27300 27365 27300 27279 27303 27061 26561 26816 26423 26285 26303 26501 26606 26651 26807 26950 26995 26900 25944 25288 25865 25786 25324 25229 25183 25115 25096 25184 25246 25314 25366 25283 25116 25071 25068 25033 25370 25639 25582 25296 24890 24861 24797 24784 24752 24727 24704 24776 25079 25380 25428 25078 23884 22619 21715 21415 21684 22357 22863 23442 24247 25191 26110 26506 26593 26146 25628 25667 25981 26037 25535
26358 26465 26509 26514 26564 26458 26939 27146 27164 27081 27267 27255 27195 27007 26507 26197 26332 26559 26634 26234 26422 26837 27047 26834 25777 25053 25714 25803 25380 25366 25079 25014 25070 25187 25191 25152 25071 25083 25119 25081 25051 25054 25081 25173 25161 25073 24955 25015 24976 24938 24828 24824 24843 25113 25592 25686 25238 23905 22451 21360 20606 20319 20559 20890 21129 21466 22194 23391 24771 25975 26311 26171 25597 25431 25288 25203 24788
26338 26320 26320 26379 26426 26386 26570 26997 27057 26409 25894 26814 27069 26765 26352 26074 26176 26286 26312 26119 26410 26664 26664 26139 25235 25492 25765 25510 25461 25395 25260 25176 25233 25349 25313 25129 25109 25132 25305 25292 25168 25152 25108 24953 24936 24962 24774 24799 24940 24868 25055 24934 24883 25499 25885 25752 24603 23034 21664 20798 20183 20074 20173 20237 20196 20577 21337 22346 23927 25368 26201 26196 25648 25358 24925 24804 24472
25428 25566 25710 26069 26122 26199 26437 26767 26178 25143 24469 25716 26588 26481 25936 26018 26105 26131 26047 26142 26425 26688 26848 26724 26450 26260 26017 25812 25639 25632 25756 25717 25597 25627 25675 25653 25496 25439 25316 25197 25158 25198 25199 25176 24950 24893 24633 24535 24787 24899 25078 25033 25406 25890 26027 25615 24017 22451 21117 20343 20153 20135 20127 20156 20176 20159 20592 21785 23402 24714 26176 26216 25196 24297 23990 23877 23605
25313 25473 25646 25743 25713 25739 25850 26163 26272 26211 26109 25961 26004 25703 25894 26246 26150 26105 26334 26359 26598 26925 27114 27486 27584 27387 26906 26790 26601 26334 26218 25775 25532 25391 25612 25645 25830 25796 25462 25230 25197 25151 25077 25080 25036 24669 24462 24528 24633 24869 25010 25160 25659 25940 25970 25704 24313 22588 21114 20390 20195 20176 20173 20319 20323 20296 20548 21679 23247 24515 25687 25606 24749 23790 22939 22417 22023
25373 25509 25891 26020 25951 25894 25918 25813 25855 25922 25968 25946 25983 26131 26163 26068 26033 26289 26718 26721 26897 27110 26843 26586 27199 27250 27064 27213 27115 26846 26477 25704 25041 24954 25061 25476 25932 25935 25623 25429 25603 25478 25250 25180 25046 25061 24999 24898 24816 24872 24940 25063 25208 25394 25878 25956 24937 23288 21720 20682 20213 20183 20173 20180 20197 20206 20583 21705 23553 24521 24708 24188 23874 23253 22120 21525 21112
25511 25654 26017 26156 25894 26031 26142 26021 25830 25889 26047 26479 26654 26686 26605 26459 26406 26436 26700 26618 26644 26923 26861 26542 26660 26776 26797 27229 27221 26955 26663 25699 25326 25611 25939 26021 25966 25880 25619 25640 25678 25517 25291 25453 25316 25230 25191 25063 24835 24880 24932 24868 24899 25161 25846 25952 25524 24492 22968 21589 20796 20432 20341 20291 20286 20511 21321 22552 24088 24430 24156 23601 23488 23060 22022 21239 20920
25391 25649 25940 26020 25917 25811 25952 25918 25826 25856 26231 26886 27299 27247 26729 26574 26472 26338 26350 26429 26406 26631 26843 26841 26680 26629 26462 26827 26856 26585 26572 26176 26094 26243 26604 26519 26020 25643 25633 25943 25986 25650 25382 25498 25457 25420 25538 25561 25350 25115 24929 24827 24972 25276 25692 25831 25841 25445 24545 23347 22461 22159 22042 22023 21979 22280 23183 24318 24827 24757 24180 23765 23178 22498 21879 21241 20863
25996 26193 26186 26124 26134 26228 26180 26167 26239 26319 26559 27098 27347 27252 26810 26441 26438 26881 27044 26862 26533 26450 26468 26462 26602 26659 26436 26380 26437 26255 26125 25965 26000 26193 26639 26756 26761 26519 26170 26393 26444 26301 25944 25832 25800 25710 25687 25616 25449 25341 25223 25152 25194 25330 25792 26258 26306 26184 25666 25278 25075 25046 25128 25054 24861 24973 25164 25141 25055 24776 23850 22876 22037 21587 21032 20866 20867
26290 26446 26362 26206 26122 26411 26782 26820 26585 26703 27052 27529 27632 27546 27301 26861 26901 27424 27691 27492 27201 27110 26596 26576 26524 26546 26398 26134 26009 25817 25661 25912 26138 26349 26397 26596 26794 26747 26790 26745 26419 26417 26447 26578 26477 26110 26086 25838 25742 25707 25605 25540 25455 25397 25701 26292 26518 26446 26386 25910 25647 25819 26113 26260 26239 25860 25331 24726 24033 23445 22641 21809 21560 21690 21568 21413 21261
26861 26555 26235 26336 26412 26805 27062 27057 26861 27074 27365 27567 27650 27675 27562 27561 27650 27657 27746 27706 27540 27232 27259 27175 26895 26715 26354 26146 26158 25997 26029 26337 26440 26391 26400 26190 26423 26584 26803 26948 26810 26591 26728 26888 27036 26967 26687 26303 26134 26133 26017 26012 25899 25689 25647 25925 26406 26469 26403 25989 25285 25259 25554 25982 26046 25604 24833 24064 23374 22942 22325 21722 21613 21798 21833 21720 21538
27040 26503 26973 27105 27267 27047 26689 27009 27091 27287 27344 27101 27195 27520 27885 28179 28303 28292 28096 28178 27938 28035 28041 27706 26979 26647 26143 26227 26403 26422 26154 26377 26665 26698 26716 26657 26711 26579 26681 27336 27342 27073 26798 26992 27122 27038 26954 26970 26598 26458 26541 26464 26397 26282 26161 26242 26179 26197 26196 26045 25917 25809 25531 25890 25951 25475 24424 22913 22079 22457 22546 22116 21411 21445 21406 21259 21272
26533 26821 27178 27261 27384 27260 26373 26615 26525 26603 26660 26626 26799 27092 27548 27850 28148 28440 28621 28625 28336 28297 28316 28173 27524 26831 26208 26031 26193 26205 25868 25785 26143 26594 26847 27270 27464 27277 27163 27316 27242 27089 26538 26870 27174 27146 27047 26985 26758 26635 26614 26449 26321 26308 26254 26372 26196 26192 26180 26199 26248 26074 25488 25587 25878 25479 23780 21853 20796 22011 22875 22512 21426 21063 20910 20916 20825
27226 27317 27188 27756 27693 27564 26972 26496 26286 26270 26358 26510 26695 26996 27292 27570 28014 28076 28494 28528 28278 28506 28497 28314 27984 27376 26644 26175 25661 25092 25133 25129 25377 25909 26579 27234 27488 27335 27199 27136 27008 26856 26222 26295 26465 26616 26541 26440 26571 26547 26291 26180 26113 25949 25950 25845 25952 25878 26106 26139 25999 25834 25581 25959 25922 25849 25276 24204 23494 23477 23307 22483 21473 21135 21036 21126 21006
27799 27844 27795 27785 27730 27622 27041 26706 26825 26635 26727 26819 27265 27474 27741 28141 28349 28205 28538 28606 28228 28243 28288 28169 27911 27319 26443 25980 25702 25116 24895 24895 25153 25319 25850 26530 27167 27183 26844 26813 26695 26536 26189 25894 25840 26109 26096 26025 26219 26256 26145 26136 26087 25909 25840 25846 25890 25785 25846 25897 25574 25174 25555 26066 26040 25913 25799 25310 24556 24035 23302 22532 22247 21841 21296 21645 21998
27821 27946 27869 27652 27482 27183 27071 26793 26993 27008 27202 27381 27708 27892 27815 27900 27909 27690 28422 28538 28326 28381 28408 28166 27644 27429 26911 26306 25626 25186 25231 25112 24960 25236 25757 26404 27083 27076 26712 26213 26211 26077 25959 25177 25301 25549 25539 25660 25564 25611 25696 25740 25515 25248 25428 25541 25552 25571 25792 25644 24948 24676 24895 24682 25023 25844 25869 25461 24722 24452 23829 23474 23137 22878 22522 22692 23164
27775 27950 27887 27789 27685 27677 27430 26937 26509 26157 26058 26356 26610 26610 26466 26034 25728 26097 26631 27273 27906 28394 28515 28126 27597 27426 27161 26844 26436 26247 26016 26340 26334 25917 25757 26202 26454 26504 26232 25933 25626 25613 25265 23915 23232 23538 23610 23526 23216 23204 23530 24125 24232 24312 24315 24434 24679 24886 25275 25238 25320 25185 25159 25276 25410 25601 25782 25561 25444 25150 24894 24443 24015 23813 23828 24441 24588
28199 28391 28289 27861 27507 27431 26954 25920 25189 24580 24400 24603 24569 24189 24172 24122 23927 24333 24870 25460 25976 26735 27300 27431 27318 27044 26927 27048 26912 26743 26780 26689 26612 26319 26037 26101 26140 26001 25444 24907 24693 24732 24726 24684 24171 23465 22685 22012 21591 21614 22298 23460 23719 23536 23169 23302 23521 23707 24319 24886 24973 25105 25250 25423 25489 25471 25448 25438 25372 25426 25406 25254 25028 25022 25375 25555 24954
28198 28268 27916 27082 26678 26284 25506 24810 24433 24197 23673 23354 23103 22904 22806 22706 22378 22743 23103 23555 23796 24410 25051 25429 25717 26066 26417 27199 27238 26873 26585 26218 25600 25222 25494 25921 25912 25576 24864 24103 23611 24149 24558 24489 24022 23363 22618 22058 21606 21678 22374 23014 23062 22808 22607 22784 22861 22903 23289 23520 23696 24311 24879 25103 25224 25234 25328 25362 25205 25464 25509 25290 25291 25654 25996 25888 24557
27818 27172 26596 26479 26192 25650 25054 24600 23884 23232 22638 22531 22135 21855 21676 21323 21090 20896 20885 21081 21162 21647 22353 23265 24015 24393 25480 26658 26788 26134 24932 24004 23274 22926 23121 24007 24712 24626 24186 24100 23676 23551 23483 22781 21960 21379 20907 20775 20849 20868 21019 21483 22212 22239 22145 22127 22227 22330 22305 22313 22793 23290 23889 24257 24593 24955 24999 25056 25375 25426 25173 25075 25396 25741 25903 25516 24339
25935 25382 25253 25168 24872 24678 24440 23564 22770 22194 22143 21967 21721 21285 20608 19970 19836 19654 19524 19712 19855 20083 20791 21969 22869 23652 24574 25626 25489 24517 23410 22808 22313 22320 22637 22908 23467 23956 24029 23791 23540 23299 22264 20848 20000 19668 19514 19097 18998 19200 19400 20054 21375 21984 21914 21611 21624 21628 21730 21978 22423 22725 23228 23535 23751 24231 24845 25133 25231 25265 25180 25064 25452 25746 25521 24882 24881
24642 24284 24073 23915 23482 23351 23058 22409 21923 22021 21981 21706 20883 20306 19761 19559 19389 19263 19082 19130 19185 19486 19904 20611 21626 22622 23830 25027 24992 24774 23948 23074 22376 22308 22495 23004 23495 23666 23588 23547 23539 22802 21163 19708 18760 18692 18692 18506 18179 18232 18557 19608 21172 21939 21932 21470 21177 21052 21215 21585 21915 22165 22546 22866 23223 23561 24466 25019 25158 25295 25532 25515 25185 25327 25622 25715 25704
24325 23804 23477 23081 22646 22484 22240 21706 21355 21022 20717 20463 19530 19112 18857 18786 18812 18885 18928 18956 18981 19168 19582 20284 21270 22057 23302 24254 24780 24766 24562 24242 23513 22987 23267 23896 23987 23755 23417 23463 23603 23372 21904 20117 18836 18221 18130 18091 18034 17996 18176 19183 20747 21583 21639 21296 20873 20799 20792 21144 21573 21914 22301 22496 22893 23292 24239 25044 25449 25632 25736 25638 25326 24923 24523 24938 25063
23789 23204 22760 22185 21748 21387 20932 20455 20316 20016 19719 19395 18772 18670 18692 18712 18751 18782 18831 18854 18837 19101 19400 19416 19818 19882 21407 22882 23776 24126 24719 24938 24859 24660 24360 24123 24069 23752 23503 23496 23747 23688 22549 20547 18977 18326 18092 18034 17992 18155 18814 19630 20848 21378 21280 20954 20790 20718 20789 21103 21182 21597 21825 21979 22380 22878 24118 24965 25376 25549 25622 25327 24476 23901 23382 23295 23611
22771 22308 21912 21219 20629 20119 19614 19107 19032 18721 18690 18707 18715 18721 18742 18758 18787 18800 18806 18838 18884 19008 19235 19750 20280 20286 20065 21472 22279 23008 23892 24489 24528 24451 24167 23672 23426 23419 23444 23431 23562 23577 23249 21671 20190 19237 18616 18439 18513 19043 19743 20315 20863 21200 21128 20904 20343 20696 20680 20328 20671 20951 21070 21297 21755 22326 23197 23860 24098 23871 23992 24084 23893 23438 22952 22540 22447
21667 21283 20739 20183 19768 19092 18889 18873 18718 18682 18706 18702 18724 18745 18775 18798 18837 18846 18848 18876 18899 18961 19106 19230 19452 19761 19844 20375 21001 21304 22008 23364 23640 23574 23446 23099 22935 23006 23152 23112 23099 23382 23404 23020 21909 21023 20506 20068 20238 20860 21407 21479 21382 21031 20728 20539 20400 20339 20179 19964 20202 20200 20554 20921 21663 22241 22745 23102 23239 23292 23545 23980 23936 23389 22910 22555 22431
