Alternative/Moon/Lvl0_30x30/Ele_DB.asc
ncols         335
nrows         335
xllcorner     -16692508.343
yllcorner     -3377166.958
cellsize      10000
nodata_value  -9999.0
[rows 204 to 237 of 335, columns 154 to 230 of 335]
27584 27715 27667 28223 28463 28767 28494 27071 26413 28427 29455 29534 29528 29538 28832 27824 26924 25879 25094 24436 23953 23604 23629 23601 23561 23624 23595 23268 23267 23411 23497 23497 23678 24055 24676 25622 26492 26959 27702 28573 29284 29900 29991 29779 29104 27312 26427 26391 26417 26550 27015 27252 27046 27225 26882 26112 25964 25928 25908 25810 26189 26732 27579 27881 27677 27590 27412 27309 26956 25927 25896 25882 25877 26599 27499 27616 27533
27561 27597 27467 27566 27814 28350 28531 28555 28452 28797 29085 29211 29471 29462 28925 28540 27562 26093 25321 24720 24090 23577 23604 23610 23677 23772 23925 23903 23732 23583 23539 23494 23564 24038 24507 25352 26468 27304 27334 27348 27877 28354 28788 29319 29380 28964 27460 27467 28481 28873 29218 29180 28161 27337 26840 26699 26626 26020 25735 25690 26237 27428 27805 28005 27476 27283 27092 27193 27069 25985 25933 25919 25876 26446 27412 27485 27452
27320 27582 27474 27434 27591 27721 28015 28438 28435 28412 28681 28961 29226 29219 29214 29249 27888 26320 25579 24993 24488 24026 23786 23893 23930 23880 24062 24110 24086 23888 23531 23502 23654 24321 24612 25162 26636 27800 27831 27201 26724 27251 27765 28664 29418 29523 29119 28784 29348 29530 29629 29610 28644 27536 27049 26849 26762 26005 25774 25889 26762 27495 27864 27793 27357 27105 26850 27169 27156 26601 26114 25916 25891 26705 27274 27390 27331
26885 26941 27025 27061 27137 27301 27475 27716 27895 28227 28390 28484 28646 28837 29155 29216 28262 27093 26256 25695 25070 24547 24232 24120 24135 24131 24176 24433 24347 23838 23512 23690 24396 24808 24855 25633 27431 28100 28086 27649 26804 26626 26928 27955 29140 29554 29469 29265 29226 29285 29272 29311 28951 28423 27701 27013 26543 26230 26506 26773 27137 28055 28087 27744 27339 26882 26889 26927 27148 27204 27194 27129 27008 26810 27258 27275 27263
26605 26647 26664 26794 26878 26957 27131 27364 27548 27743 27935 27919 27943 28309 28790 28894 28512 27917 27481 26661 25965 25621 25114 24900 24756 24360 24590 24481 24136 23709 23783 24338 25401 25686 25647 26311 27926 28144 28257 28294 27238 26973 27175 27978 29076 29434 29408 29095 28940 28806 28722 28675 28845 28786 28642 27200 26952 27152 27283 27431 27118 28053 28063 27626 27070 26781 26704 26620 26740 27219 27261 27275 27227 26895 26946 27098 27182
26541 26620 26627 26633 26669 26852 27003 27274 27461 27644 27661 27443 27287 27332 26912 28139 28433 28626 28590 27587 26621 26276 25845 25495 25507 24783 25397 25712 25534 25311 25235 25802 26412 26560 26436 26873 28456 29460 29543 29388 28830 28567 28288 28748 29331 29475 29274 29242 29268 29171 28785 28292 28370 28616 28497 28519 28507 28251 28257 28283 27568 27909 27817 27120 26866 26698 26581 26526 26525 26691 26780 26747 26765 26680 26575 26858 27044
26406 26532 26577 26616 26631 26730 26961 27237 27515 27840 27785 27508 27115 27240 27263 27513 28048 28648 28647 28660 27734 27114 26298 26101 26133 25992 26135 26070 25972 26178 26718 27046 27058 27067 27073 27720 28279 29336 29525 29593 29821 29776 29241 29116 29345 29515 29433 29230 28703 29020 28989 28193 27982 28139 28309 28517 28473 28265 28225 28231 27640 27731 27470 27091 26916 26651 26526 26522 26491 26505 26497 26489 26441 26394 26492 26656 26746
26437 26455 26483 26547 26617 26608 26877 27041 27538 27868 27811 27533 27035 26762 26484 27209 27293 27795 28601 29059 28961 27975 27036 27132 27038 26957 26220 24808 24966 25716 26541 27213 27670 27466 27477 27931 28045 28639 28960 29417 30023 30010 29294 28937 29361 29415 28320 26720 25606 26600 28106 28377 27959 27906 27530 27438 27063 27353 27634 27797 27375 27387 27048 26910 26795 26666 26644 26663 26427 26527 26384 26298 26259 26383 26519 26413 26486
26291 26246 26365 26408 26492 26538 26806 26887 27253 27505 27271 26955 26775 26865 26731 27053 27209 27525 28125 28939 28990 28145 27677 28221 28166 27619 25672 23813 23642 24671 24802 26490 27913 27918 27589 27466 27677 27867 28189 29011 29788 29686 28999 29126 29441 28246 26021 24512 24885 25205 26482 28416 27999 27410 27161 27033 26897 26920 27220 27356 26879 26852 26771 26683 26559 26518 26563 26706 26319 26520 26483 26365 26323 26375 26329 26135 26201
26151 26074 26194 26622 26728 26706 26776 26731 27289 27503 27475 27125 26559 26548 26657 26768 27089 27555 28011 28641 28697 28264 27807 28598 28900 27810 26502 25232 24492 24630 24659 25531 27490 27854 27481 27205 27145 27428 27605 28462 29332 29376 29205 29169 29390 27293 24806 23914 24100 24643 25268 27359 27757 27397 27130 26943 26837 26700 26868 26922 26669 26659 26401 26363 26388 26453 26548 26580 26275 26398 26396 26258 26156 26293 26210 25885 26042
25966 26118 26213 26643 26660 26683 26870 26815 27179 27510 27516 27100 26464 26552 26573 26710 26885 27479 28061 28426 28367 28229 28096 29209 29334 28653 27051 25663 24827 24688 24617 25222 27100 27521 27271 26997 26860 27163 27401 28027 28454 28689 28930 29104 29206 26538 24146 23822 23641 24980 25806 27591 27540 27388 27198 26965 26782 26674 26636 26615 26525 26388 26372 26373 26511 26482 26550 26546 26303 26234 26200 26039 26003 26171 26162 25982 26000
26034 26195 26269 26564 26193 26433 26595 26905 27487 27555 27481 27241 26698 26498 26554 26700 27008 27679 28027 28245 28257 28214 29036 29266 29271 29682 28672 26289 24976 24737 24866 25652 26495 27146 27095 26905 26929 27042 27214 27724 28001 28110 28393 28598 29040 27862 26329 25561 25862 27242 28177 27946 27462 27296 27189 27032 26883 26680 26618 26625 26542 26495 26424 26459 26498 26536 26549 26398 26363 26299 26262 26199 26130 26373 26387 26085 26108
25946 26126 26186 26342 26380 26615 26783 27323 27734 27871 27970 27933 27702 27333 27116 27130 27548 27941 28057 27744 28083 28727 29147 29395 29714 29896 29346 27651 26267 25860 25983 26071 26496 26760 26738 26638 26751 26947 27271 28148 28520 28336 28142 28269 28941 28842 28671 27735 28505 28671 28633 27705 27264 27084 27025 26936 26814 26670 26555 26521 26560 26547 26486 26518 26623 26653 26662 26621 26410 26388 26380 26291 26295 26474 26512 26553 26566
25965 26199 26197 26141 26223 26514 26723 27542 27713 26329 26572 27628 28080 27706 27253 27055 27566 27859 27875 27338 28029 28665 28713 28927 29300 29327 29139 28232 26920 27407 27318 26773 26573 26564 26472 26465 26705 26902 27045 28101 28818 28745 28208 28099 28160 28454 28539 28476 28644 28057 27645 27341 27131 26869 26757 26652 26582 26487 26424 26482 26528 26550 26551 26470 26623 26706 26732 26719 26561 26473 26400 26322 26430 26431 26455 26550 26670
25965 26183 26186 26220 26256 26388 26599 27457 27250 25062 24398 25742 27839 27711 27128 26908 27436 27701 27366 26911 27932 28253 28348 28400 28647 28706 28090 27511 26946 27679 27663 27067 26741 26498 26456 26481 26912 27102 27205 27528 28589 28500 28142 27795 27835 27770 27686 27648 27475 27438 27373 27074 27019 26705 26626 26695 26714 26562 26504 26500 26490 26543 26536 26562 26643 26752 26762 26747 26606 26490 26434 26232 26452 26436 26506 26606 26696
26017 25995 26117 26032 26312 26575 26666 27410 26977 24538 23189 23772 26633 27333 27187 27344 27433 27320 26784 26822 27356 27709 27886 28128 28552 28716 27735 27128 27177 27474 27516 27217 26557 26453 26428 26643 27354 27674 27792 27752 28003 28162 28056 27590 27543 27502 27354 27283 27267 27195 27099 26879 26835 26645 26626 26718 26703 26664 26624 26539 26591 26693 26608 26470 26510 26679 26708 26724 26599 26538 26552 26419 26309 26421 26426 26555 26548
25837 25973 26045 25960 26419 26611 26942 27338 27350 25550 25252 25202 27481 27446 27324 27971 27955 27315 26786 27116 27157 27144 27186 27807 28403 28651 27942 28392 28540 28582 28322 28055 27606 27238 27025 27442 28086 28202 28231 28253 28053 28083 27784 27658 27447 27414 27375 27361 27424 27294 27097 26840 26685 26588 26623 26664 26642 26621 26649 26497 26493 26536 26484 26384 26481 26575 26544 26467 26501 26519 26536 26476 26339 26472 26494 26457 26389
25877 26033 26080 26100 26072 26127 26558 26584 27131 27227 26510 26253 27699 27456 27456 27777 27273 26288 26912 27496 27393 27221 27106 27242 27749 27943 27513 28440 28705 28754 28681 28657 28606 28409 28289 28406 28104 27906 28167 28207 28018 27775 27651 27565 27459 27395 27245 27268 27371 27248 26999 26804 26754 26618 26574 26636 26603 26639 26616 26569 26542 26493 26414 26357 26438 26474 26367 26263 26582 26729 26569 26509 26387 26530 26593 26486 26375
25875 26000 26089 26134 26129 26116 26086 26471 27108 27235 26975 27029 27201 26880 27086 27151 26061 25860 26763 27460 27416 27256 27144 27249 27453 27495 27188 28047 28327 28556 28552 28682 28787 28417 28602 28622 28255 27810 27769 27836 27863 27679 27509 27394 27362 27372 27361 27327 27172 27157 26931 26967 26880 26769 26647 26610 26543 26549 26622 26717 26704 26612 26575 26547 26500 26505 26305 26465 26712 26814 26524 26522 26426 26651 26675 26465 26387
25835 25932 26028 25916 25982 26019 26110 26367 26609 26780 26672 25756 26764 26710 26844 26652 26066 26033 26856 27203 27289 27256 27228 27190 27367 27369 27163 27650 27690 27906 28095 28261 28445 28493 28502 28526 28306 28298 28159 27966 27709 27648 27538 27585 27391 27520 27511 27527 27375 27203 27148 27143 26953 26850 26800 26729 26631 26686 26699 26743 26704 26647 26618 26599 26532 26481 26449 26576 26574 26715 26647 26646 26573 26732 26840 26843 26809
26022 26112 26077 26107 26079 26265 26331 26178 26300 26393 26481 26341 26454 26435 26401 26637 26724 27033 27145 27224 27104 27031 27165 27036 27341 27370 27120 27410 27514 27486 27604 27726 27875 28047 28269 28365 28382 28361 28156 27923 27785 27791 27773 28084 28056 27928 27921 27752 27676 27496 27241 27118 27008 26900 26874 26729 26651 26684 26724 26760 26699 26655 26609 26567 26464 26478 26428 26596 26671 26749 26797 26910 26867 26399 26567 26917 26946
26336 26325 26301 26381 26200 26296 26352 26266 26267 26357 26381 26271 26257 26350 26573 26617 26891 27078 27028 26802 26812 26963 27075 26860 27062 27123 27071 27402 27470 27431 27521 27656 28075 28092 28398 28381 28241 28137 27939 28069 28140 28189 28286 28627 28663 28302 28230 28064 27925 27878 27727 27369 27101 26841 26844 26696 26655 26646 26703 26700 26639 26619 26494 26413 26446 26506 26398 26527 26744 26864 26882 27095 26731 26229 26124 26591 27116
26989 26866 26614 26578 26732 26672 26582 26379 26354 26464 26480 26363 26438 26361 26802 26775 26838 26875 26779 26840 26951 26878 26901 26835 26825 26856 27178 27260 27162 27378 27592 28141 28206 28301 28431 28432 28104 27928 28169 28316 28364 28440 28552 28842 28964 28772 28561 28573 28465 28170 28071 27857 27475 27204 27060 26887 26817 26838 26562 26499 26547 26610 26507 26349 26542 26619 26467 26551 26720 26915 26903 27073 26710 26288 26379 26629 27259
27285 27058 27000 26819 27114 27094 26846 26628 26644 26679 26660 26444 26349 26245 26933 26826 26982 26908 26741 26751 26929 26905 27065 26830 26984 26966 26978 26830 27171 27637 27883 28085 28170 28256 28263 28171 28245 28286 28538 28559 28766 28760 28646 28901 29193 29288 29135 28969 28636 28367 28536 28421 27670 27429 27181 26994 26856 26813 26631 26629 26560 26624 26592 26292 26490 26544 26498 26624 26818 26967 26967 26870 27038 26902 27287 27268 27148
27303 27042 26898 26915 27277 27750 27603 26750 27450 27317 26894 26751 25762 26067 26657 26825 26993 26994 26853 26752 26704 26843 26968 27098 27165 27050 27086 26977 27719 28168 28122 28100 28173 28136 28137 28481 28482 28623 28604 28366 28542 28425 28289 28427 28792 29226 29259 29180 29086 28868 28848 28570 27804 27530 27077 26949 26925 26727 26893 26896 26728 26752 26704 26465 26443 26362 26570 26601 26711 27028 26846 26690 26940 27066 27190 26946 26386
26887 26833 26775 26805 27297 27857 27523 26005 27634 27737 27289 27123 25779 25581 25831 26703 26950 27040 26809 26822 26858 26902 26955 27263 27222 27158 27071 27248 27816 28280 28451 28593 28592 28640 28818 28750 28543 28590 28151 27457 26912 26782 26747 27015 27267 28160 28841 29087 29094 28878 28891 28351 28253 28154 27360 27210 27124 26904 27147 27133 26784 26600 26541 26475 26387 26253 26569 26720 26662 26676 26695 26794 26904 26930 27066 27103 27188
26646 26180 26458 26896 26822 26992 25642 24135 26199 27513 27513 27248 26118 25682 25598 26165 26958 27460 27311 27053 26988 27206 27421 27484 27228 27048 27263 27681 27886 28177 28429 28694 28842 29221 29190 28649 27709 27029 26744 26329 25931 25544 25102 25051 25779 26406 26898 27796 28516 28961 28992 28453 28406 28325 27519 27382 27076 26884 27167 27048 26620 26441 26478 26494 26593 26586 26555 26832 26713 26390 26540 26565 26606 26743 26773 26637 26993
26901 26806 26692 27354 27774 27639 26033 24591 24540 26304 27452 27285 26643 25752 25734 26856 27599 27856 27782 27657 27371 27652 27876 27652 27113 27457 27831 27989 28025 28294 28640 28956 29126 29192 28899 27693 26965 26830 25993 25273 24981 24320 23847 23446 23783 24360 24884 25728 27004 28216 28547 28599 28129 27753 27559 27336 27025 26713 26535 26008 26229 26413 26391 26474 26469 26415 26542 26624 26611 26452 26499 26304 26411 26759 26790 26742 27142
26688 26804 27144 27240 27559 28047 27983 27180 26656 27416 27495 27235 27093 26836 27275 28246 27970 27050 27460 28083 28064 28211 28167 27436 27295 28148 28112 28202 28261 28551 28960 29295 29082 28345 27787 27354 26795 26017 24635 23890 23186 22720 22878 23006 23003 22717 23371 24500 25710 27143 28205 28561 28640 28089 27645 27487 27255 26872 26383 26260 26270 25657 25805 25941 25610 25640 26141 26187 26019 26414 26552 26193 26294 26634 26650 26871 27274
26820 26637 26914 27012 27740 28401 28532 27669 27533 27889 27493 27252 27142 27573 28047 28482 27999 26343 26556 28232 28473 28341 28126 26903 27186 28481 28491 28459 28881 28851 28929 29309 28553 25893 25239 25134 25583 25681 24399 23132 22500 22152 22110 22256 22226 22054 22647 23558 24612 26358 27484 28390 28744 28554 28095 27572 27449 26960 26390 26319 26339 26240 26409 26586 25706 24597 25936 26371 26253 26709 26647 26578 26208 26561 26532 26595 27139
26631 26666 26801 27210 27922 28222 27711 26334 27227 27923 27576 27113 27102 27536 27904 28418 28199 26911 26838 28406 28508 28350 28195 27332 27822 28748 28767 28761 29100 29150 29167 28971 27856 25037 23861 23716 22965 24271 24055 22703 22305 22014 21680 21777 21607 21731 21776 22449 23604 25198 26375 27561 28766 28703 28295 27893 27778 27439 26594 26221 26241 26156 26563 26695 25715 24995 25449 26889 27183 27512 27166 26489 26407 26385 26561 27024 26837
26920 26210 26454 26809 27385 27735 26942 25026 25168 27346 27425 27258 27389 27452 27517 28197 28420 28368 28019 28316 28294 28054 28007 27653 28342 28955 29112 29403 29394 29214 29217 28921 27699 26288 24346 22825 22413 23640 23438 22597 22308 22061 21766 21578 21623 21769 21800 21818 22772 24300 25876 27279 28433 28591 28638 28195 28010 27754 27024 26450 26442 26267 26514 26350 26497 26548 26279 26987 26813 27222 26928 26515 26673 26817 27108 27693 27482
26941 26603 26503 26541 26871 27555 27672 27645 27793 27993 27668 27774 27602 27488 27480 27875 28329 28360 28420 28466 27893 27172 27220 26909 27536 28576 29193 29712 29668 29375 29419 28106 27028 26629 25817 24318 23846 23683 22873 22456 22275 21946 21564 21586 21510 21660 21758 21744 22314 23774 25123 26547 27657 28832 29209 28864 28301 27879 27520 27168 26348 26341 26570 26723 26746 27054 26787 25389 24818 25519 26500 26842 26676 26893 26903 27913 27996
26971 26295 26298 26439 26833 27156 27580 27908 27999 28025 27744 27869 27675 27483 27397 27863 28220 28313 28280 28240 27449 26536 26263 26061 26489 27776 29051 29631 29552 29550 29323 27887 26930 26305 25959 25240 24430 23652 22915 22503 22109 21792 21509 21546 21364 21448 21457 21748 22096 23146 24400 25904 27577 28890 29361 29100 28692 28109 27911 27437 26747 26676 26645 26726 26775 26738 26247 24239 23634 25442 26737 26942 26516 26692 26761 27839 27763
