Alternative/Moon/Lvl0_30x30/Ele_EJ.asc
ncols         335
nrows         335
xllcorner     10107491.657
yllcorner     -6727166.958
cellsize      10000
nodata_value  -9999.0
[rows 136 to 169 of 335, columns 0 to 76 of 335]
17161 17189 17166 17188 17169 17158 17167 17183 17204 17136 17072 17074 17233 17203 17188 17422 17483 17309 17299 17351 17391 17456 17418 17460 17499 17579 17599 17580 17601 17502 17608 17835 18104 18354 18725 19071 19172 19148 19179 19646 20173 20075 19679 18159 17226 17104 16832 16159 15852 15433 14369 14183 14246 14272 14286 14314 14344 14380 14421 14459 14451 14366 14366 14368 14932 15243 15297 16081 16486 16447 17536 18719 20359 22071 23543 23646 23689
17400 17348 17225 17195 17181 17203 17214 17266 17201 17193 17217 17223 17268 17205 17360 16864 17491 17337 17408 17435 17486 17455 17552 17500 17591 17782 17829 17496 17403 17421 17596 17761 18069 18240 18729 18855 19145 19101 19173 19224 19773 20177 20062 19048 17653 17210 17193 16856 16219 15959 14957 14298 14074 14118 14152 14174 14237 14446 14483 14736 14864 15064 14985 15037 15445 16028 17005 17681 17842 17642 19361 20565 22061 23362 23725 23714 23583
17329 17321 17317 17357 17415 17320 17415 17416 17410 17393 17290 17298 17342 17379 17558 17087 17579 17517 17453 17488 17463 17351 17463 17528 17643 17799 17790 17777 17556 17506 17593 17746 17902 18141 18489 18906 19216 19185 19221 19189 19340 19767 19771 19835 18963 17758 17756 17261 16757 16455 15870 15497 14807 14364 14612 14621 14432 14806 14984 15328 15520 15581 15961 16450 16972 17000 17659 18053 18149 19579 21397 22534 22945 23320 23512 23475 23296
17494 17524 17686 17677 17522 17532 17575 17588 17583 17624 17526 17495 17582 17605 17569 17651 17670 17573 17519 17537 17583 17474 17517 17589 17680 17735 17730 17644 17661 17675 17863 17996 17984 18091 18377 18697 19055 19045 19010 19138 19333 19730 19789 19789 19500 18351 18476 18377 17519 17020 16734 16305 16141 16129 15925 15845 15645 15634 15400 15803 16526 16789 17104 17375 17379 17448 17707 18162 19099 20829 22083 22517 22539 22403 22423 22554 22840
17641 17765 17452 17791 17646 17708 17709 17773 17771 17828 17763 17753 17836 17897 17905 17824 17828 17720 17618 17586 17568 17613 17690 17653 17648 17655 17757 17760 17573 17812 17873 17952 17907 17905 18085 18127 18499 18431 18639 18747 19062 19297 19475 19496 19632 19373 18487 18193 18165 17454 17236 17349 17458 17344 16995 16934 16962 16880 16861 17176 17235 17272 17796 18128 18606 19189 19653 20040 21037 21963 22050 21949 21696 21568 21773 21866 21799
17694 17860 17803 17821 17708 17764 17793 17800 17791 17931 17806 17787 17829 17918 17942 17936 17905 17857 17758 17716 17716 17784 17786 17714 17643 17647 17645 17643 17658 17853 17871 17965 18114 18066 17970 18075 18019 18153 18207 18574 18801 18628 18963 19167 19573 19596 19552 19501 18954 18533 17813 17368 17458 17378 17638 17815 17884 18528 19326 19409 19187 18858 19800 20083 20282 20737 21182 21283 21459 21907 21861 21567 21140 21353 21309 21309 21474
17736 17776 17763 17817 17838 17795 17906 17922 17893 17983 17960 17833 17862 17843 17891 17901 17906 17869 17851 17849 17855 17841 17890 17803 17759 17636 17787 17908 17889 17836 17994 18094 18240 18086 17928 17941 17985 18041 18095 18548 18571 18145 18552 18823 19093 19351 19596 19746 19497 19232 19223 19095 18840 18615 18495 18791 19149 19465 20233 20252 20426 20433 20537 21250 21613 21877 21856 21767 21417 21349 21216 21034 20532 20509 20430 20639 20624
17751 17785 17780 17821 17838 17836 17915 17922 17930 17925 17853 17907 17837 17833 17890 17902 17922 17945 17888 17895 17877 17892 17949 17898 17936 17955 18010 18105 18193 17925 18098 18105 18190 18011 17955 17903 17984 18094 18172 18106 18224 18344 18359 18662 18973 19317 19164 19207 19218 19336 19288 19282 19350 19560 19657 19686 19544 20142 20772 21030 21364 21517 21651 21735 21747 21624 21614 21293 21134 21198 21015 20323 20249 20102 20114 19993 19692
17838 17846 17738 17725 17759 17784 17849 17840 17823 17812 17799 17816 17816 17901 17930 17998 17923 17922 17916 17911 17881 17919 17959 17921 17896 17927 18172 18263 18197 18282 18366 18381 18292 18100 18064 17909 18031 18327 18289 18276 18054 18283 18315 18402 18921 18967 19088 19213 19258 19191 19261 19363 19424 19555 19667 19594 19705 20194 21054 21552 21828 21833 21682 21757 21603 21367 21002 20756 20746 20411 20584 20466 20069 19645 19444 19269 18988
17769 17699 17714 17713 17685 17658 17695 17676 17666 17705 17644 17761 17806 17867 17917 17998 17998 17988 17906 17940 17918 17909 17935 17923 17830 17879 18235 18440 18393 18480 18609 18521 18311 18154 18051 17931 18113 18306 18274 18281 18067 18135 18193 18230 18450 18441 18540 18823 19044 19125 19172 19389 19500 19680 19655 19791 19961 20337 21085 21483 21735 21518 21289 21203 21039 21083 20900 20768 20743 20066 20423 20180 19423 18851 18574 18434 18416
17684 17686 17636 17600 17584 17597 17584 17577 17593 17637 17682 17734 17743 17751 17853 17931 18045 18006 17909 17926 17943 17928 17898 17746 17788 17914 18305 18552 18537 18539 18661 18582 18404 18192 18102 17877 18041 18024 18070 18069 18029 17987 17936 17955 17895 17960 18186 18235 18526 18644 18803 19102 19171 19576 19934 20176 20311 20522 21077 21274 21372 21139 20942 20675 20713 20682 20580 20567 20431 19438 19266 19006 18180 18233 18247 18258 18186
17644 17475 17582 17582 17564 17533 17508 17497 17549 17593 17613 17653 17675 17729 17787 17867 17870 17907 18048 17971 17942 17855 17804 17813 17977 18118 18386 18565 18476 18387 18445 18488 18457 18286 18182 17982 18125 18161 18131 18270 18262 18127 17947 17859 17733 17998 18066 18122 18292 18517 18600 18655 18850 19342 20002 20503 20603 20480 20962 21020 20872 20593 20519 20430 20158 20357 20282 19610 19321 18299 18192 18069 18003 17962 18074 18142 18097
17397 17426 17468 17614 17428 17573 17474 17470 17530 17560 17530 17547 17624 17719 17702 17780 17769 17849 17877 17896 17835 17798 17846 17865 17985 18122 18331 18302 18322 18382 18456 18526 18414 18502 18461 18097 18269 18264 18177 18210 18225 18278 18058 18046 17986 18242 18250 18171 18219 18429 18493 18606 18855 19327 19830 20040 20222 20365 20623 20565 20416 20303 20416 20270 19968 19955 19642 19091 18363 17948 17918 17910 17892 17886 18103 18057 17936
17350 17340 17409 17487 17528 17501 17473 17465 17431 17446 17502 17506 17605 17573 17601 17620 17689 17752 17725 17800 17782 17783 17826 17865 17982 18164 18294 18327 18455 18505 18553 18525 18415 18489 18557 18420 18321 18237 18319 18378 18446 18458 18082 18039 18027 18285 18353 18362 18204 18386 18517 18642 18778 18842 19175 19249 19622 19847 19816 19870 19816 19927 20115 20112 20023 20025 19425 18584 17930 17840 17856 17888 17870 17875 17835 17864 17881
17274 17283 17298 17332 17418 17455 17505 17413 17466 17399 17414 17463 17550 17608 17521 17493 17578 17588 17600 17684 17779 17727 17796 17885 18003 18223 18295 18741 18819 19038 18943 18728 18458 18343 18277 18457 18433 18317 18381 18425 18530 18546 18110 17929 18003 18131 18169 18275 18225 18241 18279 18611 18728 18625 18696 18654 18825 18998 19376 19452 19227 19500 19709 19795 19787 19721 19348 18753 18060 17883 17843 17950 17925 17847 17850 17852 17765
17221 17222 17249 17258 17283 17309 17318 17336 17354 17365 17430 17453 17441 17468 17438 17510 17463 17548 17496 17535 17584 17659 17774 17893 18079 18230 18705 18654 17989 18402 19017 18922 18464 18349 18214 18258 18299 18260 18316 18357 18258 18130 17977 17923 17998 18077 18001 18026 18141 18296 18517 18689 18726 18420 18368 18479 18503 18823 18941 18951 19306 19737 19853 19798 19486 19419 19338 18939 18181 17942 17884 17909 17870 17752 17830 17857 17850
17203 17199 17208 17228 17241 17227 17234 17260 17355 17316 17389 17481 17515 17425 17359 17371 17373 17405 17426 17430 17595 17619 17765 17832 17932 18183 18669 18567 16885 16860 18647 18758 18304 18102 18092 18107 18161 18294 18346 18357 18479 18490 18239 18064 18002 17982 17982 18061 18158 18324 18351 18344 18383 18195 18239 18314 18462 19024 19343 19392 19513 19765 19999 20015 19653 19363 19326 19070 18205 17844 17837 17818 17755 17722 17824 17825 17808
17196 17175 17174 17175 17190 17199 17185 17203 17199 17289 17538 17632 17542 17450 17359 17355 17376 17348 17374 17442 17593 17582 17665 17755 17909 18134 18583 18617 18594 18678 18727 18593 18165 17986 17994 18047 18183 18260 18324 18326 18483 18520 18417 18285 18190 18135 18177 18172 18316 18367 18266 18215 18202 18295 18287 18353 18603 19140 19522 19554 19433 19673 19967 19951 19661 19167 18867 18745 18165 17868 17788 17754 17779 17817 17855 17757 17827
17147 17117 17127 17137 17150 17167 17156 17150 17193 17256 17624 17669 17371 17400 17351 17346 17352 17354 17363 17381 17550 17558 17689 17886 17949 17979 18105 18148 18533 18551 18341 18156 17945 17924 17936 18009 18214 18272 18261 18246 18347 18385 18306 18280 18257 18227 18209 18265 18308 18322 18275 18326 18215 18358 18450 18446 18772 19022 19232 19188 19207 19238 19367 19357 19323 19027 18653 18362 17989 17828 17821 17765 17769 17751 17745 17749 17828
17248 17184 17190 17257 17300 17326 17315 17350 17427 17487 17319 17274 17236 17218 17223 17262 17313 17323 17343 17548 17638 17625 17750 17900 17965 17971 17978 17957 17919 17960 17927 17872 17927 17996 17978 18034 18188 18325 18294 18278 18218 18099 18154 18143 18140 18178 18211 18225 18206 18252 18317 18327 18285 18537 18502 18397 18468 18556 18661 18672 18686 18618 18767 18848 18794 18665 18445 18230 18022 18041 17874 17723 17766 17719 17699 17745 17753
17353 17356 17484 17498 17350 17376 17411 17508 17511 17478 17221 17154 17162 17083 17134 17168 17231 17304 17376 17928 18082 17864 17827 17880 17916 17986 18037 17942 17900 17815 17838 17882 17963 18006 18005 18078 18138 18223 18240 18206 18146 18081 18080 18059 18099 18191 18273 18201 18193 18301 18338 18329 18245 18528 18532 18370 18313 18235 18171 18264 18378 18398 18604 18825 18770 18453 18164 18174 18115 18042 17856 17697 17667 17671 17640 17625 17630
17665 17649 17642 17592 17508 17458 17533 17559 17563 17607 17370 17150 17122 17078 17084 17133 17177 17234 17335 18269 18484 18076 17836 17916 17989 17990 17941 17944 17922 17748 17746 17840 17903 17968 17996 18007 18142 18155 18103 18090 18100 18078 18029 18014 18118 18276 18305 18223 18204 18312 18293 18267 18311 18343 18440 18361 18347 18307 18325 18286 18221 18200 18369 18589 18525 18226 18155 18173 18056 17904 17821 17727 17643 17619 17629 17729 17723
17907 17946 17804 17737 17635 17553 17597 17599 17688 17718 17709 17456 17069 17028 17046 17068 17095 17136 18019 18679 18836 18695 18149 17845 17885 17852 17928 17920 17921 17772 17786 17850 17889 18033 18186 17964 17879 18215 18574 18616 18663 18549 18549 18482 18132 18143 18214 18169 18279 18347 18292 18315 18288 18303 18380 18380 18348 18344 18383 18336 18198 18127 18166 18066 18188 18270 18385 18332 18130 17969 17756 17729 17695 17688 17716 17798 17769
18243 18193 18134 17816 17561 17529 17636 17834 17759 17734 17756 17839 17762 17295 17077 17128 17541 18001 18899 19075 18966 18723 18017 17841 17785 17877 17882 17853 17825 17793 17813 17778 17960 18121 18572 18785 18760 18623 18818 18911 18934 18833 18886 18707 18370 18598 18636 18379 18355 18348 18342 18315 18442 18501 18471 18408 18398 18405 18438 18413 18302 18279 18246 18231 18166 18257 18401 18412 18328 18066 17956 17822 17725 17748 17726 17761 17741
18503 18397 18274 18085 17671 17908 17967 17865 17799 17757 17754 17796 17793 17794 17954 18135 18688 19066 19206 19221 18973 18309 17793 17722 17726 17747 17745 17717 17807 17764 17676 17730 17696 17894 18738 19285 19297 18642 18686 18711 18600 18553 18602 18743 18903 19162 19454 19311 18750 18405 18367 18382 18453 18515 18425 18402 18438 18351 18366 18371 18311 18351 18286 18357 18337 18318 18158 18197 18143 18090 18090 18048 17841 17768 17713 17708 17693
18655 18560 18385 18446 18411 18294 18233 18008 17825 17849 17807 17789 17791 17835 18001 18449 18750 19125 19348 19333 18853 18238 17742 17643 17697 17644 17675 17654 17663 17647 17965 18158 18175 18661 18788 19203 19034 18551 18585 18652 18476 18478 18473 18580 18842 19234 19446 19273 18642 18481 18409 18447 18545 18532 18435 18419 18456 18389 18413 18507 18441 18404 18318 18400 18424 18284 18094 18106 18052 18110 18122 18077 17977 17849 17733 17720 17703
18888 19184 19353 19277 19168 19106 18761 18421 18020 17918 17857 17848 17833 17941 18271 18631 18649 18736 19344 19529 19269 18313 17654 17590 17558 17569 17623 17653 17641 18028 18842 19212 19206 18775 18714 18499 18429 18413 18493 18482 18418 18357 18391 18391 18457 18598 18612 18627 18678 18627 18511 18510 18529 18467 18482 18506 18469 18382 18442 18637 18723 18573 18350 18339 18267 18221 18130 18097 18088 18072 18148 18118 18085 17982 17860 17769 17750
19418 19409 19246 18830 18937 19072 19055 19019 18651 18200 17932 17892 17942 18189 18618 18681 18386 18597 19353 19504 19176 18126 17580 17471 17491 17510 17572 17591 17882 18744 19246 19323 19144 18673 18485 18441 18396 18359 18291 18340 18266 18307 18318 18321 18423 18480 18617 18673 18609 18655 18591 18563 18533 18484 18522 18535 18489 18440 18379 18461 18767 18556 18470 18412 18298 18204 18165 18153 18095 18082 18129 18132 18128 18094 18049 17990 17976
19219 18713 18573 18509 18493 18580 18758 19210 19192 18312 17907 17884 17959 18252 18870 19412 19510 19452 19762 19786 19422 18331 17597 17429 17453 17460 17518 17618 18272 19062 19255 18763 18523 18445 18403 18385 18316 18249 18233 18208 18221 18247 18272 18342 18450 18384 18575 18594 18639 18612 18603 18642 18660 18622 18598 18598 18565 18516 18393 18483 18651 18819 18599 18427 18346 18231 18236 18227 18134 18135 18136 18117 18096 18078 18076 18039 18150
18527 18578 18622 18512 18469 18458 18544 19095 19233 18684 18190 18089 18194 18338 18815 19322 19603 19702 19672 19654 19213 18701 18250 17787 17514 17450 17590 18111 18810 19266 19314 18675 18440 18374 18384 18303 18270 18224 18237 18211 18224 18239 18268 18344 18289 18377 18519 18529 18600 18662 18701 18724 18723 18685 18641 18613 18636 18664 18805 19287 19269 18673 18550 18533 18279 18241 18258 18284 18148 18107 18145 18119 18065 18079 18064 18048 18117
19009 18586 18505 18458 18450 18455 18599 19305 19571 18803 18394 18244 18216 18374 18300 18722 19249 19000 19337 19237 18968 18783 18846 18724 18570 18347 18556 18659 19230 19272 19015 18564 18381 18384 18430 18291 18270 18278 18291 18217 18222 18243 18232 18257 18240 18254 18385 18486 18602 18686 18801 18843 18876 19001 19108 19012 18867 19091 19461 19453 19227 18626 18459 18417 18430 18336 18319 18250 18182 18177 18143 18081 18055 18074 18076 18069 18059
19805 18872 18515 18516 18574 18747 19543 19793 19716 18972 18547 18377 18321 18325 18556 18565 19174 19181 19107 18932 18834 18792 18893 18887 18884 18988 19151 19372 19680 19572 18491 18370 18336 18321 18366 18277 18224 18250 18242 18183 18159 18170 18200 18212 18235 18260 18308 18338 18438 18527 18799 18865 18908 19045 19683 19658 19308 19333 19439 19235 18638 18542 18472 18409 18374 18371 18313 18325 18235 18202 18175 18094 18078 18084 18091 18084 18085
19859 19963 19741 19802 19831 19755 19812 19837 19374 18841 18537 18458 18410 18341 18393 18370 18648 18904 18914 18861 18810 18858 18891 18899 18949 19086 19222 19337 19643 19291 18392 18290 18283 18342 18258 18244 18280 18368 18194 18131 18114 18128 18199 18187 18195 18219 18315 18324 18356 18450 18657 18805 19042 19339 20093 20094 19600 19119 18811 18750 18669 18583 18527 18512 18449 18503 18430 18356 18339 18262 18224 18218 18145 18127 18129 18195 18201
19608 19885 19787 19911 19944 19678 19576 19381 19036 18981 18837 18659 18647 18688 18601 18648 18582 18730 18775 18770 18828 18831 18892 18912 18924 19011 19136 19345 19629 19064 18301 18296 18266 18280 18258 18346 18006 18303 18194 18084 18090 18110 18170 18171 18177 18190 18241 18295 18346 18438 18534 18786 19143 19648 20105 20099 19543 18921 18816 18754 18712 18647 18620 18519 18598 18513 18441 18391 18378 18325 18257 18170 18242 18171 18146 18092 18225
