Alternative/Moon/Lvl0_30x30/Ele_AD.asc
ncols         335
nrows         335
xllcorner     -9992508.343
yllcorner     6672833.042
cellsize      10000
nodata_value  -9999.0
[rows 34 to 67 of 335, columns 231 to 307 of 335]
18298 18318 18327 18339 18338 18342 18325 18346 18377 18420 18470 18529 18594 18678 18743 18829 18908 19014 19116 19197 19314 19444 19553 19657 19774 19850 19928 20024 20105 20177 20241 20313 20372 20413 20450 20478 20493 20506 20510 20529 20571 20648 20710 20762 20828 20852 20878 20918 20945 20966 21009 21048 21076 21098 21114 21128 21148 21147 21134 21160 21174 21165 21115 21064 21000 20938 20870 20805 20787 20764 20739 20692 20664 20625 20605 20601 20619
18670 18732 18766 18762 18757 18801 18847 18805 18824 18828 18811 18829 18816 18852 18847 18849 18863 18895 18870 18896 18896 18949 19035 19140 19240 19374 19496 19627 19764 19864 19981 20078 20182 20216 20247 20321 20428 20477 20558 20604 20627 20639 20632 20645 20616 20611 20629 20671 20742 20779 20834 20858 20880 20899 20923 20949 20978 20998 21021 21053 21076 21084 21087 21092 21088 21084 21075 21104 21120 21152 21175 21239 21269 21293 21286 21291 21299
18935 18973 19026 19056 19075 19099 19096 19103 19101 19083 19073 19101 19122 19160 19204 19250 19291 19343 19345 19356 19356 19416 19457 19550 19654 19772 19874 20000 20127 20225 20361 20478 20612 20722 20823 21018 21050 21110 21173 21235 21288 21322 21357 21388 21413 21458 21446 21428 21439 21422 21401 21395 21375 21342 21349 21335 21332 21292 21270 21236 21227 21248 21284 21268 21287 21282 21298 21319 21343 21365 21407 21424 21443 21465 21469 21491 21505
18497 18582 18603 18637 18677 18693 18764 18787 18816 18837 18858 18877 18927 18995 19052 19132 19222 19307 19401 19505 19631 19695 19831 19943 20062 20131 20277 20345 20492 20526 20729 20791 20890 20960 20992 21048 21169 21190 21198 21203 21200 21207 21227 21279 21290 21310 21335 21350 21378 21385 21396 21406 21404 21408 21418 21417 21415 21415 21422 21422 21428 21436 21436 21433 21428 21418 21406 21390 21373 21357 21341 21332 21332 21332 21315 21315 21303
18309 18364 18391 18480 18555 18629 18670 18730 18768 18806 18828 18851 18897 18979 19050 19143 19245 19340 19427 19559 19670 19776 19898 20037 20199 20249 20397 20500 20631 20716 20838 20965 21074 21152 21224 21290 21324 21358 21385 21381 21375 21373 21352 21360 21342 21323 21309 21296 21276 21242 21230 21204 21195 21189 21171 21166 21172 21183 21172 21183 21209 21203 21220 21220 21186 21183 21171 21168 21165 21170 21177 21200 21196 21178 21174 21169 21160
18359 18441 18514 18592 18665 18732 18795 18881 18915 18998 19014 19020 19007 18999 19048 19148 19213 19271 19315 19418 19505 19579 19721 19770 19888 19979 20109 20241 20395 20474 20645 20785 20911 21012 21122 21209 21252 21315 21342 21365 21378 21383 21379 21353 21330 21313 21299 21272 21260 21246 21260 21232 21247 21218 21183 21168 21156 21138 21137 21125 21110 21097 21081 21036 21015 20980 20988 20998 20989 20976 20942 20925 20916 20898 20913 20913 20959
18054 18122 18188 18262 18349 18426 18455 18524 18555 18588 18628 18675 18766 18873 19001 19110 19292 19450 19590 19744 19909 20038 20194 20356 20488 20598 20724 20848 20947 21024 21095 21185 21234 21263 21287 21301 21295 21288 21270 21272 21277 21266 21267 21245 21213 21194 21122 21073 21046 21038 21028 21008 20981 21011 21000 20996 20988 20978 20976 21016 21008 21031 21030 21017 21010 21015 21022 21015 21015 21004 20991 20975 20966 20969 20942 20935 20921
17493 17574 17607 17696 17816 17885 17991 18157 18330 18519 18614 18807 18976 19138 19280 19439 19590 19676 19874 19991 20152 20311 20423 20554 20631 20695 20795 20826 20949 21010 21086 21197 21256 21276 21303 21312 21309 21295 21270 21248 21225 21206 21176 21120 21087 21076 21038 21011 21004 20981 21007 21068 21105 21126 21132 21124 21096 21079 21085 21067 21087 21069 21078 21077 21069 21048 21034 21035 21021 21012 21000 20992 21011 21001 20989 20976 20983
17557 17679 17829 17889 17974 18098 18190 18295 18409 18552 18673 18843 19010 19163 19303 19453 19597 19699 19840 20041 20209 20329 20466 20596 20725 20816 20925 20999 21045 21067 21086 21091 21101 21104 21081 21095 21112 21102 21094 21069 21039 21047 21024 21020 21020 21041 21079 21118 21142 21156 21176 21170 21146 21128 21060 20969 20888 20734 20650 20473 20363 20273 20196 20013 19929 19765 19631 19570 19436 19380 19275 19242 19158 19024 19132 19122 19118
18340 18554 18593 18761 18900 19062 19151 19244 19335 19425 19446 19492 19500 19486 19470 19393 19359 19299 19241 19321 19464 19607 19765 19944 20080 20235 20389 20496 20625 20685 20781 20848 20912 20909 20949 20960 20968 20967 20980 20984 20988 21004 21017 21044 21080 21102 21129 21159 21166 21161 21121 21014 20962 20932 20854 20746 20654 20513 20333 20246 20076 19926 19711 19571 19465 19335 19220 19151 18936 18909 18802 18648 18637 18521 18452 18412 18414
18727 18830 18924 18998 19118 19163 19262 19302 19406 19453 19481 19496 19519 19500 19517 19555 19676 19719 19840 19876 19973 20036 20145 20204 20282 20322 20420 20463 20496 20553 20572 20598 20628 20698 20752 20774 20802 20808 20792 20754 20756 20752 20746 20737 20747 20747 20767 20763 20766 20774 20828 20832 20865 20896 20863 20844 20830 20788 20765 20724 20717 20690 20650 20620 20552 20520 20496 20460 20421 20439 20410 20389 20348 20355 20347 20320 20293
18732 18825 18933 18994 19142 19250 19353 19473 19603 19726 19834 19953 20057 20153 20223 20293 20362 20407 20482 20520 20562 20553 20589 20578 20549 20511 20475 20508 20537 20559 20557 20541 20524 20483 20471 20370 20359 20321 20253 20207 20182 20174 20176 20181 20175 20172 20208 20247 20249 20270 20295 20318 20315 20338 20319 20366 20332 20346 20303 20319 20324 20312 20289 20241 20295 20212 20181 20132 20174 20174 20178 20183 20208 20177 20200 20146 20166
19637 19783 19888 20014 20114 20264 20311 20421 20487 20550 20571 20552 20500 20476 20442 20438 20417 20409 20391 20439 20459 20461 20502 20485 20476 20432 20411 20389 20342 20334 20349 20349 20350 20338 20301 20263 20235 20223 20198 20176 20165 20117 20139 20176 20197 20223 20224 20224 20228 20251 20263 20278 20250 20207 20170 20105 20026 20007 19886 19900 19922 19880 19918 19967 19976 19968 19941 19891 19843 19807 19770 19736 19697 19680 19664 19664 19664
20426 20503 20577 20609 20674 20641 20693 20653 20676 20695 20692 20683 20643 20595 20546 20455 20364 20310 20272 20245 20217 20175 20155 20104 20112 20104 20078 20047 20017 19949 19926 19908 19893 19873 19862 19849 19853 19856 19842 19819 19795 19788 19801 19815 19811 19794 19788 19814 19841 19870 19894 19921 19931 19936 19936 19927 19919 19914 19906 19891 19873 19847 19803 19799 19800 19750 19743 19703 19672 19652 19609 19576 19557 19528 19510 19480 19472
20441 20536 20682 20759 20790 20839 20864 20874 20883 20828 20839 20802 20752 20706 20639 20600 20522 20470 20374 20289 20206 20145 20084 20046 19987 19910 19825 19770 19721 19715 19719 19723 19748 19759 19786 19795 19791 19782 19780 19793 19788 19785 19763 19743 19698 19666 19624 19578 19534 19548 19550 19549 19585 19606 19634 19657 19680 19640 19630 19608 19570 19543 19478 19439 19404 19408 19393 19380 19369 19296 19321 19312 19327 19331 19324 19281 19261
20972 20970 20948 20948 20926 20908 20887 20867 20832 20803 20758 20686 20636 20601 20544 20487 20427 20342 20270 20203 20122 20023 19964 19920 19882 19845 19735 19684 19597 19534 19452 19407 19392 19395 19393 19356 19351 19302 19298 19285 19257 19218 19200 19216 19176 19189 19210 19254 19251 19245 19239 19270 19244 19298 19247 19266 19252 19255 19217 19150 19110 19126 19166 19161 19104 19061 19035 19037 19117 19117 19077 19112 19093 19078 19076 19101 19124
20607 20598 20587 20552 20419 20406 20379 20361 20294 20252 20198 20127 20044 20035 20024 20033 19987 19944 19890 19853 19818 19774 19728 19696 19639 19643 19624 19654 19631 19621 19580 19529 19466 19455 19437 19411 19331 19299 19233 19213 19164 19119 19064 19012 18955 18934 18893 18867 18894 18945 18941 18957 18968 18996 18987 19017 18986 18977 18944 18926 18923 18932 18943 18941 18944 18916 18902 18859 18796 18765 18722 18705 18700 18680 18667 18656 18671
20268 20213 20188 20133 20060 20037 20035 20026 19999 20000 19962 19951 19925 19915 19915 19933 19951 19984 19989 19998 19996 19996 19974 19964 19955 19987 20000 20011 20028 20025 20024 20025 20007 19962 19933 19844 19791 19728 19652 19581 19536 19488 19445 19444 19432 19389 19323 19244 19182 19137 19137 19163 19155 19153 19136 19147 19126 19090 19078 19067 19037 19025 19001 19021 19033 19017 19011 18967 18895 18849 18801 18775 18724 18691 18674 18649 18614
20165 20134 20127 20135 20132 20158 20151 20130 20117 20080 20059 20015 19968 19895 19860 19801 19766 19757 19744 19697 19656 19662 19654 19718 19705 19761 19790 19789 19823 19817 19862 19839 19803 19755 19697 19669 19593 19506 19485 19445 19355 19313 19287 19314 19310 19321 19267 19200 19122 19051 18993 18953 18892 18863 18874 18931 18959 18959 18971 18969 18966 18955 18930 18922 18913 18892 18851 18800 18758 18724 18722 18722 18746 18757 18818 18850 18871
20401 20391 20420 20420 20390 20383 20365 20331 20242 20189 20161 20065 19974 19850 19818 19775 19703 19634 19648 19640 19621 19601 19572 19544 19503 19503 19427 19412 19347 19286 19220 19196 19198 19199 19227 19268 19270 19195 19155 19095 19099 19079 19026 19001 18905 18870 18798 18748 18697 18627 18640 18678 18676 18680 18658 18667 18615 18604 18591 18603 18612 18616 18646 18667 18707 18728 18746 18738 18704 18693 18670 18653 18622 18647 18687 18762 18815
20491 20485 20477 20471 20416 20365 20338 20315 20238 20162 20106 20003 19959 19872 19822 19729 19649 19563 19496 19499 19496 19477 19434 19442 19434 19445 19459 19451 19416 19362 19291 19238 19176 19126 19113 19088 19033 18989 18939 18865 18791 18715 18671 18614 18583 18551 18528 18525 18529 18531 18533 18552 18575 18575 18593 18646 18670 18645 18627 18662 18660 18679 18652 18670 18669 18679 18665 18633 18637 18627 18588 18555 18559 18554 18590 18594 18654
20235 20194 20151 20098 20016 19937 19873 19794 19747 19768 19771 19761 19747 19718 19694 19668 19623 19598 19587 19582 19558 19562 19498 19512 19514 19527 19532 19517 19501 19460 19360 19291 19163 19093 19005 18948 18881 18827 18798 18734 18709 18685 18662 18647 18641 18631 18598 18588 18549 18516 18535 18544 18547 18531 18508 18502 18490 18513 18554 18577 18595 18634 18611 18611 18604 18624 18623 18591 18538 18519 18478 18438 18350 18295 18230 18160 18052
20120 20058 20014 19997 19948 19912 19884 19834 19807 19764 19722 19677 19634 19577 19550 19506 19466 19408 19364 19307 19248 19215 19195 19167 19201 19206 19222 19228 19191 19172 19116 19111 19107 19081 19031 18994 18902 18895 18885 18923 18919 18923 18924 18903 18885 18873 18849 18798 18729 18677 18607 18521 18468 18442 18459 18558 18568 18582 18584 18570 18532 18507 18490 18512 18570 18621 18676 18707 18754 18768 18751 18723 18705 18664 18606 18613 18626
19714 19602 19595 19561 19526 19424 19392 19366 19320 19314 19312 19293 19279 19277 19287 19289 19294 19284 19334 19350 19351 19318 19283 19233 19227 19235 19237 19253 19280 19288 19306 19324 19333 19330 19298 19249 19203 19212 19208 19156 19151 19117 19077 19004 18936 18899 18889 18845 18754 18730 18689 18646 18600 18592 18573 18566 18615 18656 18695 18716 18680 18651 18609 18584 18568 18581 18568 18621 18684 18707 18755 18758 18765 18760 18758 18736 18719
19264 19231 19240 19224 19209 19221 19235 19250 19265 19271 19259 19224 19208 19204 19252 19292 19287 19280 19256 19227 19241 19249 19239 19277 19278 19268 19265 19262 19301 19290 19315 19345 19397 19433 19487 19546 19592 19613 19615 19595 19560 19531 19426 19356 19301 19250 19182 19078 19005 18934 18855 18764 18692 18702 18676 18652 18638 18644 18670 18676 18707 18726 18758 18782 18792 18783 18742 18712 18694 18687 18676 18631 18624 18674 18701 18753 18756
19202 19195 19198 19193 19190 19200 19196 19193 19263 19239 19256 19246 19218 19185 19208 19240 19264 19289 19371 19420 19477 19538 19578 19626 19608 19623 19592 19599 19587 19571 19562 19508 19500 19543 19581 19624 19627 19635 19608 19602 19562 19560 19526 19486 19476 19421 19356 19278 19201 19167 19068 18998 18930 18916 18942 18925 18970 18955 18944 18909 18870 18820 18795 18823 18865 18869 18872 18874 18873 18836 18801 18798 18777 18746 18734 18692 18682
19517 19497 19426 19388 19381 19322 19308 19275 19262 19247 19240 19217 19237 19239 19257 19256 19224 19300 19377 19457 19506 19580 19595 19677 19677 19695 19678 19687 19661 19602 19577 19581 19582 19568 19569 19552 19539 19515 19443 19391 19348 19282 19275 19224 19182 19184 19157 19133 19112 19102 19122 19126 19173 19179 19166 19105 19055 19050 19090 19072 19064 19073 19074 19043 19000 18933 18846 18837 18815 18801 18760 18751 18690 18669 18674 18705 18777
19641 19624 19610 19601 19591 19572 19525 19480 19443 19402 19372 19353 19375 19363 19413 19475 19517 19580 19595 19612 19568 19534 19432 19391 19425 19491 19532 19528 19548 19489 19608 19619 19634 19621 19607 19601 19616 19593 19573 19628 19577 19551 19528 19501 19456 19406 19419 19413 19398 19382 19383 19381 19370 19330 19326 19389 19458 19474 19471 19424 19346 19268 19200 19144 19076 19006 18883 18791 18743 18689 18608 18563 18504 18453 18446 18430 18427
19501 19489 19490 19473 19484 19501 19529 19564 19553 19570 19571 19536 19510 19574 19602 19646 19696 19757 19833 19873 19922 19957 19973 19984 19947 19944 19912 19878 19862 19857 19842 19779 19736 19654 19612 19581 19619 19630 19634 19617 19618 19628 19618 19588 19513 19489 19509 19487 19476 19466 19457 19476 19452 19414 19335 19380 19418 19429 19400 19335 19272 19176 19062 18938 18820 18786 18744 18639 18519 18487 18290 18167 18115 18112 18022 18016 18027
19832 19775 19701 19700 19732 19763 19777 19770 19786 19798 19814 19828 19818 19782 19740 19710 19716 19736 19779 19800 19833 19863 19883 19900 19875 19891 19886 19858 19873 19842 19833 19771 19713 19585 19537 19402 19324 19230 19123 18976 18866 18839 18921 18818 18855 18925 18987 19020 19062 19107 19150 19191 19203 19202 19159 19117 19112 19119 19176 19172 19257 19279 19305 19322 19332 19335 19275 19154 19065 18957 18807 18715 18685 18573 18464 18360 18296
19474 19409 19350 19397 19270 19240 19231 19205 19139 19078 19120 19150 19117 19102 19088 19017 19038 19044 19101 18946 18944 18954 18966 18893 18933 19001 18976 18993 19004 19015 19022 19050 18912 18901 18850 18744 18666 18630 18612 18575 18603 18600 18619 18633 18651 18663 18680 18681 18698 18736 18772 18813 18869 18874 18875 18821 18795 18725 18722 18799 18847 18937 19027 19110 19149 19156 19133 19049 18959 18877 18844 18866 18858 18824 18737 18620 18483
18683 18632 18666 18630 18658 18650 18619 18589 18530 18501 18510 18507 18544 18479 18476 18510 18522 18524 18566 18542 18565 18590 18595 18558 18551 18580 18541 18541 18496 18433 18298 18255 18187 18293 18302 18420 18476 18563 18606 18584 18543 18528 18529 18531 18535 18549 18537 18534 18527 18527 18522 18508 18501 18510 18518 18508 18518 18529 18542 18557 18598 18611 18700 18744 18767 18787 18863 18894 18893 18803 18822 18787 18702 18662 18609 18581 18551
18684 18638 18625 18600 18595 18580 18540 18521 18524 18521 18524 18498 18492 18497 18499 18480 18481 18493 18481 18485 18482 18462 18463 18430 18432 18418 18425 18435 18456 18466 18449 18446 18451 18449 18445 18493 18485 18427 18440 18431 18424 18409 18403 18396 18422 18425 18434 18458 18468 18479 18472 18484 18490 18511 18534 18544 18571 18586 18578 18602 18609 18614 18636 18661 18698 18702 18732 18766 18807 18843 18906 18943 19002 19012 19012 19011 18977
18619 18611 18600 18583 18590 18623 18631 18579 18532 18480 18469 18449 18407 18482 18560 18572 18554 18527 18499 18484 18478 18476 18482 18486 18459 18461 18456 18469 18487 18496 18501 18481 18486 18476 18467 18497 18513 18516 18492 18483 18496 18476 18436 18420 18475 18489 18455 18479 18489 18493 18528 18552 18574 18567 18576 18650 18697 18707 18730 18730 18760 18777 18781 18845 18896 18928 19014 19057 19079 19121 19245 19249 19235 19184 19153 19048 19017
