Alternative/Moon/Lvl0_30x30/Ele_DJ.asc
ncols         335
nrows         335
xllcorner     10107491.657
yllcorner     -3377166.958
cellsize      10000
nodata_value  -9999.0
[rows 238 to 271 of 335, columns 77 to 153 of 335]
19818 20053 20031 19949 19865 19479 20163 21045 21711 22040 22055 22124 21827 21221 20776 20640 20722 20880 20729 21037 21107 21050 20975 20728 21419 21632 21733 21785 22201 21814 20309 18881 18493 17951 17528 17474 17527 17432 17467 17602 17398 17894 18529 19537 20063 20524 20659 20965 21619 21705 21657 21567 21356 21613 21689 19381 21467 21681 21533 21609 21573 21440 21377 21385 21148 21338 21332 21007 21060 21168 21204 21216 20792 20998 20993 21054 21141
19553 19450 19238 19373 19166 19218 19232 20217 21053 21258 21285 21350 21351 21183 20877 20404 20383 20751 20504 20895 21354 21154 20777 20719 21172 21638 22056 22227 22203 21061 20072 18852 18151 17605 17604 17578 17459 17471 17315 17217 17271 17422 17863 18802 19768 20221 20506 20991 21552 21977 21946 21785 21263 21510 21754 21675 21795 21770 21732 21670 21282 21447 21382 21145 20884 20869 21082 21252 20897 21132 21114 21253 21231 20937 21172 20954 20833
18432 19040 18999 18933 18915 18574 19023 19818 20145 20495 20774 20825 20889 20330 20502 20716 20665 20481 20576 21080 21340 21183 20584 20385 20840 21183 21935 22024 21632 20760 19682 18627 18330 17935 17585 17395 17480 17388 17440 17395 17167 17163 17479 18342 19467 20289 20406 21265 21953 22231 22146 21845 21533 21707 21740 21858 21980 22170 22123 21802 21786 21455 20935 21245 21248 21146 21252 21305 20665 21067 21077 21118 21041 20789 20711 20611 20797
18982 18913 18762 18929 18944 18791 19065 19448 19546 20403 20573 20198 19706 19723 20013 20665 20796 20480 20189 20921 20773 20478 20463 20424 20925 21261 21699 21868 21705 21016 19954 19158 18938 18385 18073 17936 17486 17336 17284 17294 17095 17160 17331 18144 19397 20575 20862 21384 21987 22190 22082 21936 21780 21948 22156 22246 22347 22418 22186 21809 21785 21497 21197 21162 21209 21113 21282 21265 20306 20735 21053 21036 20366 20600 20547 20493 20499
19155 19016 18581 18695 18566 19199 19325 19096 19057 19711 19655 19266 18643 18926 19327 20185 20628 20504 20591 20816 20810 20527 20277 20647 20978 21254 21649 21903 21976 21803 21142 20679 19944 19515 19047 18367 17714 17443 17312 17219 17122 17079 17343 18682 19962 21029 21376 21808 21962 22162 22252 22253 22186 22268 22293 22345 22180 21982 21700 21153 21916 21847 21644 21337 21136 20972 20990 20595 20138 20324 20645 20761 20612 20632 20485 20448 20677
18445 18474 18440 18589 18727 18880 18797 18590 18611 19166 19429 19339 18524 19338 19755 19664 20265 20478 20493 20511 20177 20236 20192 20649 20747 21256 21610 22532 22724 22581 21902 20739 19795 19432 19349 19187 18512 17897 17634 17134 17225 17182 17867 19210 20884 21982 22013 21797 21950 22092 22332 22315 22332 22195 22000 21250 20398 20026 19890 20184 20751 21551 21631 21501 21275 21167 21021 20625 20240 20329 20619 20938 20649 20780 20877 20969 20966
18527 18329 18592 18641 18662 18871 18552 18375 18437 18742 19006 19040 18760 19304 19341 18919 19223 19855 20056 19958 19914 19650 19614 20434 20493 21235 21722 22730 22875 22126 20445 18264 16800 17312 18471 19268 19199 18512 18130 17570 17284 17380 18360 19709 21501 22180 22191 21646 21442 21715 22344 22295 22139 21597 20398 19346 18436 17970 17830 18168 19015 19975 21085 21622 21581 21358 21029 20924 21228 20693 20882 21081 20367 20432 20510 21076 21156
18433 18552 18654 18684 18524 18634 18274 18544 18313 18165 18368 18749 18774 18920 18806 18659 18903 19260 19485 19381 19491 19232 19388 19771 20291 21121 21862 22931 22578 20188 18218 16153 15248 15111 16577 19098 19375 18819 18454 17866 17646 17798 18776 20009 21495 22165 22016 21421 21370 21749 22253 22368 22148 20799 19286 18034 17334 16917 16792 16915 17809 19108 20266 21579 21594 21473 21048 21032 21272 20720 20925 21106 20922 20563 20690 21086 21180
18374 18266 18237 18542 18537 18657 18483 18357 18279 18445 18151 18622 18719 18745 18848 18806 18872 19019 19091 18939 18771 18904 18757 19509 20004 20993 21986 23009 22015 18809 16562 15610 15813 14994 15633 18567 19752 19403 18960 18489 18772 19633 20328 21157 21688 21854 21862 21523 21384 21984 22735 22568 21647 19877 18421 17431 16819 16718 16643 16607 16945 17756 18972 20637 21571 21416 20562 20961 20893 20401 20676 20490 21048 20833 20640 20333 19533
18402 18518 18638 18689 18637 18651 18666 18499 18405 18569 18598 18990 18812 18824 18772 18778 18841 18592 17916 18906 18832 18824 19130 19480 19755 20892 21818 23045 22625 19726 17480 16400 15748 15465 16218 18865 20541 20236 20062 19623 20098 21097 21588 21561 21286 21402 21559 21940 22157 22782 22833 22052 20558 19508 18158 17136 16729 16690 16677 16600 16648 17199 18500 19831 21046 21165 20907 20941 20662 20247 20453 20427 20441 20674 20634 20339 19752
18542 18554 18677 18796 18856 18852 18648 18591 18632 18799 18579 18923 18907 18910 18661 18771 18851 18970 18555 18481 18459 18697 18977 19230 19631 20572 21299 22633 22844 21252 19519 18181 16631 16682 18233 20649 21343 20794 20972 21066 21244 21295 21628 21537 21098 20917 21482 22062 22460 23040 23018 21288 19163 18818 18076 17374 17015 16841 16628 16591 16620 17637 18531 19865 21355 21390 20851 20761 20546 20496 20289 20374 20301 20213 19856 20051 20079
18733 18688 18675 17933 18080 18824 18732 18408 18652 18893 18899 18710 18811 19006 19004 18728 18709 18749 18612 18592 18471 18593 18603 19178 19087 20271 20890 21925 22692 22569 20567 18848 18243 18662 20110 21867 21843 21587 21529 21546 21444 21337 21207 21080 20817 20651 21250 21624 22369 22885 22992 22450 20945 19804 18488 17386 16924 16877 16716 16572 16883 18053 19221 20303 21693 21913 21449 20322 20797 20904 20492 20282 20181 20094 20059 20238 20136
18689 18815 18835 18359 18712 18925 18677 18747 18734 18861 18866 18647 18864 18976 18989 18771 18463 18171 18514 18570 18425 18417 18553 18615 18882 19445 20195 20957 22207 22355 22027 20661 21398 21904 22381 22518 22185 21781 21727 21551 21335 21069 20953 20545 20432 20445 20903 21414 21952 22475 22689 22573 21712 20204 18767 18031 17729 17309 16741 16752 17491 18575 19831 21282 21593 21770 21313 20809 20819 20730 20224 20149 19816 20068 19986 19976 19947
18978 18891 18879 19178 19418 18919 18918 19003 18981 18967 18777 18547 18616 18816 18833 18707 18418 18454 18341 18318 18461 18435 18656 18553 18508 18892 19689 20373 21291 21965 22210 22258 22775 22804 22655 22038 21936 21710 21391 21154 21169 20908 20733 20228 20215 20483 20894 21289 21565 21922 22361 22401 22197 20746 20028 19177 18426 17935 17715 17942 18217 19081 19676 21400 21835 21303 21079 20773 20588 20569 20105 19931 20031 20292 20298 20031 20365
19167 19439 19477 18230 19007 18914 18736 18644 18864 18999 18835 18626 18454 18523 18657 18610 18301 18343 18364 18375 18328 18170 18247 18433 18434 18511 18963 19666 20262 20421 21240 21750 21916 21897 21566 20898 21184 20995 20864 20899 20871 20496 20387 20186 20145 20637 20974 21081 21473 21687 21942 22218 22179 21879 21334 20458 19541 19272 19270 19642 19893 20375 20393 21560 21923 21544 20959 20629 20129 20067 19984 19911 19986 19581 20130 20301 20367
19222 19457 19585 19108 18846 19019 18872 18790 19028 19076 19070 18689 18352 18162 17824 17627 17580 17884 18347 18306 18030 18245 18331 18333 18293 18133 18447 18809 19673 20004 20575 21312 20994 21152 20979 20672 20936 20879 20763 20815 20890 20407 20227 20168 20194 20619 20928 21029 21348 21468 21596 21852 22293 22400 22105 20878 20812 20391 20558 20857 21513 21726 21651 21723 21644 21274 21120 20312 19621 20291 20051 19774 20167 19436 20223 20473 20386
19222 18865 19324 19131 19158 19133 18943 18940 19196 19243 18977 18718 17982 17031 16317 15996 16015 16493 17289 17876 18100 18107 18273 18188 18192 18264 18276 18443 18793 19492 20009 20330 20330 20412 20556 20721 20800 20799 20669 20650 20715 20397 20342 20265 20379 20487 20678 20747 20966 21341 21597 21872 22329 22481 22282 21730 21710 21881 22051 21999 22392 22432 22126 21559 21257 21026 20654 19972 20269 20573 20234 19796 20435 20375 20489 20568 20388
19207 18790 18829 18665 18902 18880 18970 18974 19072 19189 19178 18385 17277 15803 15218 15215 15295 15441 15837 16729 17489 17984 17995 17715 17800 18177 18228 18243 18474 19164 19358 20094 20154 20259 20398 20709 20671 20647 20574 20470 20472 20367 20446 20481 20501 20512 20632 20840 21109 21406 21564 21982 22150 22056 21916 21709 21724 21802 21942 21933 22166 22131 21997 21752 21123 20585 20715 20800 20545 20761 20467 20245 20349 20399 20368 20378 20222
17793 17685 17824 18382 18609 18659 18959 18928 18956 19170 19170 18120 16462 15279 15072 14975 15187 15189 15368 15583 16438 17146 17450 17505 17596 17905 18031 18155 18443 18782 19505 19888 19894 20004 20462 20564 20564 20617 20424 20231 20042 20035 20419 20782 20505 20579 20673 20885 21076 21211 21370 21610 21668 21374 21338 21302 21351 21328 21200 20786 21510 21982 22025 21476 21041 20643 20740 20837 20684 20755 20385 20597 20641 20470 20563 20534 20422
17493 17429 17696 17862 18395 18775 19022 19043 19234 19026 18677 17509 16128 15339 14990 14973 15078 15210 15328 15566 15870 16629 17021 17436 17912 17996 17998 18019 18029 18931 19315 19619 19809 20015 20484 20593 20763 20788 20439 20115 19798 19864 20225 20330 20336 20408 20370 20349 20483 20607 20135 21023 21234 21106 20996 21118 21071 21089 20918 20412 21024 21838 21835 21141 20756 20688 20731 20696 20654 20746 20373 20636 20680 20787 20911 20736 20430
17496 17458 17490 17554 18406 18859 19089 18647 19123 19023 18131 17134 16059 14937 15093 15097 15147 15240 15440 15586 15623 16636 16982 17391 17978 17996 17997 18170 18574 19274 19500 19596 19654 19963 20391 20684 21123 21042 20839 20442 19771 19453 19778 19928 20069 19918 19730 19532 19692 19982 19889 20378 20393 20418 20398 20656 20732 20884 20866 20311 20112 20791 20874 20453 20524 20573 20523 20800 20749 20715 20543 20665 20960 20896 20851 20632 20545
17527 17435 17579 17758 18783 19091 19357 19491 18645 18686 18080 16581 15550 15405 15381 14951 15104 15480 15584 15634 15878 16527 17047 17597 18065 18000 18113 18738 19353 19848 20162 20052 19713 20013 20420 20876 21130 21072 21048 20761 20167 19597 19349 19105 19321 19303 19281 18926 19046 19405 19408 19581 19720 19674 19400 19387 20086 20310 20018 19635 19574 20238 20294 19850 20176 20406 20486 20562 20623 20534 20564 20669 20865 20811 20819 20652 20561
17896 17789 17901 18855 19147 19223 19091 19011 19054 18901 17967 16748 15893 15437 15238 15006 15121 15497 15739 15874 16816 17581 17825 18051 18197 18144 18582 19123 19562 19991 20206 20145 19687 19994 20455 20593 19286 20664 20725 20724 20507 19598 19418 19012 18821 18745 18683 18306 18087 18856 18975 18864 18912 18891 18660 18412 18457 19410 19744 19373 19619 20252 20173 19813 19670 20203 20568 20471 20319 20412 20426 20484 20624 20714 20695 20608 20616
18928 19130 19217 19033 19258 18824 18961 18828 18891 18824 18212 17415 16623 15887 15331 15025 15173 15597 16206 16910 17606 17680 18215 18088 18016 18244 18727 19379 19461 20345 20349 19965 19506 19711 20263 20373 18260 18420 18652 19815 20367 19861 19128 18768 18599 18716 18712 18113 17823 18438 18466 18479 18537 18383 18211 18036 18282 18882 18891 18848 19027 19804 19928 19941 19688 20107 20507 20393 20333 20442 20411 20337 20590 20595 20636 20545 20422
19498 19465 19387 18471 18493 18714 18717 18622 18461 18498 18443 18269 17636 17094 16084 16040 15892 16711 17418 17907 18018 18065 18086 18115 17995 18343 18888 19718 19782 20369 20310 19699 19261 19505 19796 19135 17004 15699 15999 17392 19393 19503 18575 18019 18287 18414 18363 17815 17463 17797 17795 18039 17917 17828 17748 17990 18100 18154 18175 18080 18128 19047 19767 19819 19978 20081 20185 20341 20390 20355 20380 20354 20536 20739 20747 20483 20560
19146 18906 18218 17615 17477 17806 18288 18254 18047 18300 18359 18129 17788 17574 16589 16777 16608 17557 17835 18013 18109 18054 17971 18006 18083 18799 19110 19528 19892 20231 20248 19955 19516 19539 19629 18074 15432 14149 14185 15747 18217 18636 18158 17751 17824 17925 17664 17534 17264 17380 17489 17659 17576 17623 17718 18048 17982 18098 18166 18046 18176 18541 18996 19483 19815 20139 20156 19953 20314 20470 20489 20348 20540 20706 20587 20322 20539
19183 18653 17708 17535 17567 17485 18091 18230 18076 17925 17937 17858 17484 17401 16898 16869 17450 17699 17903 18236 17850 18217 17975 18058 18368 18818 19371 19545 19828 20205 20266 19797 19457 19509 19597 18756 16564 15083 14490 15180 17784 18307 17761 17485 17625 17636 17374 17421 17147 17227 17659 17625 17623 17609 17699 17703 17553 17279 17498 18203 18446 18383 18463 18918 19266 19891 20014 19990 20327 20357 20533 20684 20636 20257 20010 19357 19451
19166 18759 18237 17620 17439 17518 17973 17857 17887 17852 17804 17670 17357 17189 16882 16771 17349 17734 18085 18360 17855 18009 17985 18117 18396 18909 19293 19479 19852 20237 20241 19246 18974 19185 19349 19228 18280 17107 16494 16041 17518 18014 17367 17337 17587 17416 17349 17458 17393 17389 17563 17610 17543 17542 17701 17445 16954 16896 17007 17963 18547 18466 18428 18330 18892 19769 20000 20115 20138 20511 20652 20649 20311 18947 18741 18257 18277
19048 18867 18597 18494 17788 17909 17264 16936 17195 17900 17920 17455 17432 17114 16856 16842 17190 17646 17692 17967 18088 18122 17919 18137 18457 18882 19053 19487 19840 20272 19992 19758 19211 18921 18856 18984 18855 18431 18245 18012 18083 17817 17214 16993 17279 16877 17370 17423 17408 17495 17462 17391 17433 17520 17821 17900 17433 17274 17004 17531 18519 18603 18885 18838 19151 19417 19596 20483 20534 20460 20534 20435 19418 18326 18051 17924 17858
19077 18985 18900 18742 17480 17880 17261 16940 17391 17697 17951 17941 17484 17006 16942 16872 17070 17609 17843 17904 17911 18031 17995 18094 18631 19061 19111 19340 19760 19891 19952 19505 18941 18609 18459 18178 18204 17966 17873 17819 17715 17219 16872 16910 17218 17178 16956 17334 17389 17369 17392 17383 17346 17584 17736 18411 18460 17873 17391 17401 18073 18499 18886 19455 19990 20419 20417 20698 20694 20672 20735 20175 19344 18535 18045 17806 17962
18983 19002 18938 18693 18336 18185 18093 17811 18120 18136 17989 17678 17225 17083 17030 16986 17101 17516 17787 17733 17769 17940 18082 18042 18382 18956 19003 18566 19295 19927 19950 19468 18853 17712 18119 17963 17800 17512 17250 17094 16928 16768 16777 16848 16798 16882 16689 17277 17622 17474 17521 17464 17449 17503 17859 18754 19407 19339 19066 18679 18400 18651 19373 19787 20225 20645 20841 20850 20607 20658 20821 20558 19284 18328 17954 17814 18020
18776 18974 18614 18551 18399 18186 18155 18272 18317 18281 17937 17278 17132 17271 17115 17064 17242 17496 17641 17746 17723 17844 17948 18446 18699 18639 18556 17951 18822 19570 19656 19511 18672 18219 18240 17917 17535 17335 17072 16774 16734 16664 16715 16811 16738 16625 16670 17562 17747 17572 17520 17561 17507 17876 18131 18785 19407 19954 20138 19844 19057 18824 19352 19572 20148 20462 20814 20653 20558 20534 20888 20775 19945 18919 18347 18211 18165
19316 19263 18870 18771 18284 17989 18178 18222 18303 18290 18195 17327 17512 17450 17247 17328 17320 17457 17627 17731 17661 17763 18111 18550 18953 18754 17918 17693 17854 19191 19498 19405 18948 18055 17599 17212 17375 17400 16956 16758 16655 16678 16657 16712 16735 16812 16768 17650 17765 17793 17620 17758 17938 18318 18732 18932 19455 20191 20114 19708 18885 18454 18186 18493 19104 19845 20584 20608 20637 20758 21119 21423 20979 20155 19678 19593 19478
19387 19169 18803 18337 18377 18324 18178 18097 17992 18258 18237 16720 17841 17694 17481 17237 17262 17565 17809 17884 18070 18190 18501 18761 18908 19213 18781 18304 18221 19183 19382 19040 18700 17935 17509 17443 17365 17173 16971 16787 16684 16783 16785 16671 16687 16759 16722 17462 17616 17694 17643 18025 18268 18805 19438 19794 19885 20046 19686 18295 17756 17408 17353 17347 18288 19312 20297 20778 20926 21098 21327 21631 21605 21257 20974 20857 20589
