Alternative/Moon/Lvl0_30x30/Ele_AK.asc
ncols         335
nrows         335
xllcorner     13457491.657
yllcorner     6672833.042
cellsize      10000
nodata_value  -9999.0
[rows 34 to 67 of 335, columns 0 to 76 of 335]
18355 18404 18410 18435 18465 18566 18540 18548 18564 18573 18582 18527 18513 18498 18459 18435 18408 18339 18321 18276 18237 18210 18117 18066 18078 17933 17885 17824 17761 17715 17628 17586 17553 17566 17562 17574 17560 17562 17539 17539 17546 17550 17593 17672 17730 17823 17903 18004 18110 18206 18308 18475 18507 18646 18776 18879 18984 19088 19191 19256 19289 19295 19252 19227 19192 19095 19020 18931 18888 18814 18753 18726 18743 18759 18798 18816 18876
17704 17729 17762 17783 17816 17822 17835 17822 17827 17838 17843 17864 17878 17872 17889 17893 17895 17885 17857 17826 17833 17815 17794 17769 17730 17705 17699 17708 17699 17689 17686 17681 17683 17690 17683 17691 17698 17696 17688 17695 17714 17733 17755 17767 17800 17834 17878 17923 17973 18070 18159 18270 18362 18455 18545 18645 18714 18798 18849 18918 18988 19013 19025 19035 19025 18984 18902 18814 18749 18670 18580 18493 18445 18389 18329 18256 18195
17648 17650 17669 17671 17672 17660 17661 17681 17685 17686 17693 17688 17697 17702 17691 17673 17672 17641 17623 17638 17656 17644 17660 17672 17674 17685 17684 17683 17675 17666 17661 17663 17669 17676 17683 17683 17683 17689 17686 17685 17693 17710 17725 17742 17743 17768 17783 17807 17821 17841 17847 17865 17889 17901 17942 17968 18011 18049 18044 18072 17996 17970 17904 17835 17814 17794 17816 17822 17856 17850 17844 17849 17839 17827 17851 17886 17938
17569 17604 17650 17684 17694 17719 17710 17711 17715 17704 17688 17669 17674 17664 17662 17670 17667 17656 17627 17611 17594 17580 17577 17570 17572 17564 17583 17597 17608 17603 17605 17613 17625 17613 17594 17578 17544 17558 17620 17657 17666 17668 17644 17642 17639 17645 17624 17632 17632 17608 17663 17710 17726 17730 17717 17735 17753 17753 17755 17772 17792 17816 17867 17915 17950 17980 18001 18029 18031 18092 18158 18238 18296 18323 18353 18372 18375
17421 17435 17453 17449 17474 17466 17491 17499 17516 17519 17491 17513 17500 17530 17582 17652 17666 17657 17622 17571 17554 17548 17533 17526 17523 17521 17518 17514 17522 17514 17520 17518 17513 17515 17517 17526 17528 17529 17527 17537 17556 17571 17564 17559 17572 17581 17587 17607 17612 17639 17634 17672 17677 17693 17710 17748 17773 17783 17776 17765 17788 17832 17878 17910 17935 17963 17974 17988 17982 17990 17996 17992 18060 18069 18095 18143 18149
17387 17395 17405 17425 17432 17460 17463 17458 17454 17457 17411 17400 17391 17413 17413 17409 17421 17430 17434 17415 17401 17396 17415 17436 17442 17451 17468 17483 17500 17517 17522 17502 17504 17509 17511 17517 17530 17530 17536 17552 17560 17558 17527 17460 17453 17429 17436 17406 17440 17449 17457 17477 17473 17473 17464 17574 17671 17699 17696 17671 17654 17597 17544 17519 17533 17503 17522 17543 17536 17556 17575 17614 17623 17626 17614 17614 17629
17316 17315 17301 17306 17305 17303 17299 17291 17268 17271 17284 17300 17315 17317 17323 17302 17293 17327 17363 17374 17350 17331 17339 17352 17336 17333 17331 17328 17326 17330 17328 17332 17335 17333 17316 17289 17285 17281 17301 17312 17321 17374 17340 17349 17373 17382 17393 17395 17385 17369 17331 17328 17324 17309 17322 17332 17338 17329 17323 17337 17342 17346 17356 17360 17378 17382 17403 17402 17393 17371 17339 17289 17370 17387 17447 17481 17483
17340 17294 17278 17302 17329 17344 17343 17349 17345 17325 17300 17309 17321 17327 17326 17330 17345 17349 17350 17353 17352 17354 17363 17372 17369 17375 17384 17379 17387 17380 17382 17367 17344 17336 17324 17304 17292 17289 17272 17278 17263 17243 17239 17224 17217 17210 17182 17199 17224 17244 17267 17292 17281 17283 17290 17308 17313 17319 17326 17328 17336 17344 17379 17429 17450 17462 17469 17486 17478 17461 17434 17436 17471 17483 17522 17564 17609
17183 17193 17197 17225 17237 17238 17262 17284 17277 17269 17276 17303 17345 17346 17335 17321 17331 17339 17353 17356 17374 17366 17391 17408 17412 17440 17502 17549 17589 17619 17657 17687 17715 17717 17713 17697 17672 17635 17530 17532 17494 17448 17445 17494 17547 17601 17623 17631 17623 17708 17749 17614 17645 17608 17632 17639 17662 17702 17744 17757 17774 17780 17857 17903 17984 18060 18067 18090 18128 18115 18117 18103 18101 18047 17970 17860 17833
17146 17119 17091 17066 17046 17061 17093 17098 17089 17090 17106 17129 17198 17240 17267 17258 17264 17274 17291 17305 17340 17360 17381 17391 17399 17425 17471 17511 17541 17579 17624 17647 17677 17683 17669 17633 17589 17515 17431 17376 17333 17460 17550 17551 17666 17751 17783 17798 17827 17913 17976 18038 18051 18062 18036 18054 18056 18100 18074 18100 18116 18129 18107 18128 18116 18135 18123 18138 18115 18099 18086 18072 18058 18025 17991 17947 17901
17018 17056 17084 17090 17084 17085 17088 17097 17088 17074 17069 17074 17090 17095 17088 17104 17122 17136 17129 17137 17138 17081 17059 17008 17008 17046 17103 17128 17138 17139 17169 17172 17180 17168 17135 17112 17100 17129 17116 17127 17201 17204 17231 17304 17405 17548 17549 17587 17584 17566 17540 17513 17552 17591 17645 17660 17698 17743 17758 17783 17824 17851 17878 17900 17908 17906 17945 17972 17976 17991 18020 18036 18061 18077 18079 18094 18091
16984 16985 16992 17001 17023 17029 17061 17065 17071 17071 17068 17076 17082 17098 17086 17103 17099 17102 17100 17108 17109 17108 17139 17159 17162 17183 17177 17145 17087 17054 17095 17189 17244 17238 17186 17170 17176 17165 17193 17203 17228 17254 17260 17260 17280 17296 17316 17345 17355 17353 17349 17340 17355 17311 17319 17243 17215 17240 17184 17067 17067 17008 17000 17120 17159 17262 17382 17554 17616 17739 17852 17948 18015 18049 18048 18031 18005
17089 17092 17101 17089 17090 17101 17107 17101 17086 17097 17123 17137 17137 17141 17146 17153 17152 17149 17146 17158 17158 17127 17126 17191 17211 17208 17193 17179 17186 17181 17183 17156 17164 17166 17184 17185 17185 17207 17234 17268 17254 17235 17239 17284 17329 17355 17396 17419 17467 17529 17583 17648 17889 17701 17714 17677 17656 17621 17565 17535 17496 17494 17479 17481 17502 17526 17564 17560 17546 17540 17559 17551 17551 17529 17522 17551 17611
17120 17108 17163 17154 17210 17218 17208 17192 17189 17198 17149 17152 17178 17175 17182 17183 17178 17180 17181 17183 17187 17189 17187 17203 17208 17241 17257 17197 17184 17201 17229 17243 17234 17229 17214 17222 17226 17256 17285 17294 17302 17321 17328 17350 17373 17373 17395 17415 17444 17490 17543 17593 17625 17623 17613 17585 17560 17560 17541 17531 17521 17513 17503 17519 17547 17545 17585 17593 17581 17584 17590 17630 17644 17676 17696 17691 17689
17225 17233 17232 17210 17191 17226 17245 17266 17267 17270 17261 17280 17307 17305 17290 17298 17269 17312 17313 17282 17282 17281 17292 17304 17303 17301 17329 17355 17378 17384 17398 17414 17413 17407 17364 17361 17312 17284 17267 17319 17301 17281 17294 17319 17314 17356 17391 17392 17395 17423 17495 17479 17524 17514 17442 17402 17368 17361 17372 17384 17387 17391 17397 17404 17405 17411 17415 17420 17439 17463 17449 17452 17463 17500 17544 17549 17578
17145 17144 17172 17205 17196 17181 17156 17202 17199 17208 17195 17204 17223 17231 17238 17237 17240 17265 17279 17285 17288 17285 17310 17310 17326 17333 17333 17311 17283 17309 17320 17332 17391 17443 17490 17513 17509 17499 17475 17437 17437 17435 17405 17400 17371 17331 17326 17324 17327 17334 17350 17361 17373 17374 17405 17402 17402 17406 17401 17395 17396 17407 17425 17443 17437 17433 17431 17458 17483 17510 17548 17581 17598 17601 17610 17631 17629
17178 17187 17197 17210 17207 17187 17228 17246 17262 17239 17220 17224 17238 17243 17248 17239 17192 17197 17219 17233 17248 17240 17264 17300 17329 17330 17329 17273 17198 17150 17150 17089 17106 17063 17166 17230 17280 17307 17327 17339 17335 17344 17367 17365 17356 17347 17349 17333 17313 17327 17339 17333 17361 17371 17396 17428 17429 17419 17402 17420 17437 17439 17445 17464 17468 17486 17479 17485 17480 17493 17536 17571 17589 17578 17582 17587 17597
17200 17198 17199 17200 17213 17238 17244 17259 17298 17315 17316 17329 17319 17302 17303 17337 17270 17266 17234 17242 17196 17195 17210 17235 17211 17309 17335 17349 17320 17288 17295 17295 17334 17327 17322 17322 17323 17307 17312 17316 17320 17325 17342 17345 17336 17322 17341 17345 17328 17329 17330 17353 17364 17362 17395 17402 17404 17400 17433 17444 17460 17473 17470 17448 17454 17484 17478 17503 17503 17512 17514 17535 17532 17551 17565 17595 17630
17259 17266 17287 17292 17283 17282 17297 17315 17296 17312 17314 17333 17354 17324 17307 17263 17271 17289 17313 17340 17348 17346 17329 17306 17308 17327 17335 17359 17363 17371 17346 17342 17354 17362 17367 17368 17365 17366 17365 17363 17375 17373 17378 17366 17354 17366 17388 17398 17425 17440 17445 17441 17428 17433 17424 17434 17460 17467 17488 17489 17502 17520 17533 17543 17549 17592 17591 17609 17617 17645 17646 17681 17684 17700 17752 17829 17911
17286 17291 17294 17290 17297 17289 17286 17295 17290 17283 17292 17292 17274 17267 17282 17255 17247 17214 17243 17273 17277 17308 17285 17271 17257 17288 17277 17321 17355 17358 17325 17315 17310 17303 17326 17341 17350 17353 17340 17358 17356 17356 17381 17375 17388 17403 17407 17413 17415 17470 17453 17401 17436 17468 17508 17591 17574 17496 17510 17518 17525 17598 17667 17739 17813 17869 17967 18082 18130 18243 18365 18531 18598 18758 18838 19025 19072
17298 17300 17305 17305 17317 17325 17334 17330 17346 17356 17375 17392 17381 17343 17288 17282 17286 17329 17337 17310 17303 17333 17313 17312 17315 17303 17355 17325 17317 17339 17358 17331 17321 17329 17342 17367 17372 17406 17393 17405 17392 17393 17423 17444 17459 17479 17494 17518 17561 17612 17672 17756 17828 17916 17985 18033 18165 18146 18197 18326 18269 18290 18440 18411 18354 18374 18443 18538 18642 18821 18930 19124 19246 19397 19521 19602 19729
17386 17375 17363 17387 17440 17453 17439 17418 17388 17371 17379 17413 17400 17402 17426 17388 17333 17354 17382 17381 17384 17384 17395 17389 17393 17406 17428 17442 17477 17518 17545 17544 17561 17566 17583 17562 17564 17525 17456 17402 17402 17412 17453 17478 17494 17528 17534 17586 17653 17783 17941 18099 18240 18392 18518 18671 18807 18925 19030 19075 19116 19137 19149 19071 19027 18956 18865 18813 18736 18644 18605 18652 18736 18706 18764 18886 18978
17977 17944 17852 17812 17731 17733 17626 17584 17674 17665 17711 17697 17746 17733 17742 17835 17914 17943 18048 18012 18107 18042 18146 18088 18172 18042 18011 17998 18036 18101 18209 18317 18436 18501 18572 18598 18550 18470 18374 18301 18263 18223 18251 18317 18310 18435 18503 18585 18672 18725 18757 18815 18849 18844 18845 18788 18737 18806 18822 18832 18787 18808 18753 18688 18656 18632 18619 18539 18526 18502 18453 18464 18459 18509 18527 18552 18538
19804 19695 19596 19478 19367 19322 19271 19273 19233 19263 19251 19321 19389 19472 19596 19542 19744 19753 19775 19817 19831 19846 19837 19872 19845 19842 19839 19839 19816 19813 19789 19807 19815 19854 19876 19872 19869 19880 19859 19839 19794 19760 19730 19692 19643 19567 19520 19496 19472 19432 19353 19193 19137 19005 18893 18801 18688 18597 18472 18331 18260 18147 18025 17931 17922 17847 17849 17861 17849 17839 17860 17901 17922 17968 17921 17867 17878
19952 19878 19744 19681 19577 19501 19505 19508 19535 19610 19699 19779 19907 19954 19924 20043 20080 20056 20017 20002 19990 19975 19973 19945 19924 19927 19926 19941 19937 19922 19900 19879 19876 19879 19883 19874 19878 19891 19867 19853 19826 19759 19723 19667 19617 19554 19487 19397 19329 19226 19185 19078 18995 18918 18798 18699 18624 18521 18363 18237 18139 18045 17926 17885 17859 17853 17849 17861 17857 17829 17852 17879 17887 17881 17853 17855 17843
20202 20131 20071 19966 19874 19812 19748 19705 19678 19721 19708 19751 19797 19842 19821 19838 19846 19837 19800 19741 19677 19658 19656 19630 19619 19614 19562 19505 19494 19500 19483 19466 19410 19339 19265 19201 19118 19105 19100 19098 19164 19200 19208 19229 19193 19216 19189 19092 19105 18955 18912 18841 18762 18663 18596 18589 18539 18537 18465 18367 18266 18148 18021 17915 17860 17822 17789 17779 17776 17766 17772 17759 17774 17846 17847 17821 17803
20123 20041 19921 19783 19707 19647 19605 19596 19650 19693 19733 19750 19721 19683 19634 19620 19552 19564 19515 19479 19428 19411 19326 19276 19238 19193 19151 19058 19014 19027 18947 18942 18860 18884 18893 18873 18852 18925 19039 19158 19250 19253 19187 19065 18983 18838 18723 18500 18370 18155 18045 17814 17749 17799 17773 17771 17857 17886 17868 17888 17835 17817 17859 17837 17815 17809 17763 17730 17696 17693 17690 17687 17686 17686 17683 17681 17699
19689 19645 19533 19487 19386 19335 19295 19232 19217 19204 19228 19186 19162 19149 19047 18991 18944 18951 18907 18942 18871 18905 18788 18797 18701 18731 18604 18631 18627 18633 18635 18670 18759 18841 18924 19004 19037 19109 19115 19102 19094 19096 19078 19040 18999 18920 18837 18720 18645 18480 18364 18195 18161 18064 18002 17967 17943 17890 17816 17805 17840 17782 17758 17730 17685 17664 17635 17626 17639 17653 17611 17610 17597 17654 17672 17682 17717
19048 19046 18974 18863 18792 18686 18626 18600 18538 18501 18494 18498 18488 18461 18434 18392 18340 18307 18288 18314 18383 18451 18472 18615 18684 18707 18765 18792 18796 18789 18801 18841 18861 18878 18877 18874 18884 18912 18897 18848 18795 18701 18710 18628 18654 18554 18498 18394 18305 18192 18126 18061 17997 17962 17921 17863 17812 17715 17724 17716 17741 17744 17725 17680 17703 17743 17715 17709 17714 17746 17757 17752 17756 17768 17803 17803 17779
18305 18292 18322 18357 18270 18234 18200 18200 18231 18260 18264 18234 18218 18249 18187 18166 18151 18174 18202 18206 18182 18178 18179 18229 18287 18322 18293 18445 18486 18483 18493 18485 18461 18431 18392 18376 18408 18478 18524 18543 18507 18460 18348 18313 18272 18248 18280 18270 18236 18127 17960 17887 17763 17724 17742 17780 17776 17787 17770 17751 17750 17750 17774 17773 17762 17748 17741 17746 17746 17738 17738 17744 17745 17725 17712 17713 17712
18093 18041 17986 17952 17957 17941 17963 17884 17800 17801 17812 17876 17815 17812 17790 17763 17801 17799 17786 17742 17688 17706 17711 17702 17704 17700 17686 17677 17679 17679 17677 17700 17701 17707 17707 17673 17674 17682 17675 17672 17685 17684 17713 17711 17692 17735 17755 17760 17758 17772 17786 17794 17780 17778 17775 17727 17720 17734 17737 17739 17734 17744 17747 17738 17746 17760 17754 17763 17772 17774 17755 17736 17737 17750 17769 17768 17748
18029 17986 17966 17947 17905 17879 17860 17810 17784 17763 17745 17749 17743 17730 17720 17713 17719 17714 17715 17720 17726 17731 17711 17691 17685 17675 17693 17691 17676 17668 17647 17649 17615 17571 17658 17656 17632 17619 17639 17640 17653 17669 17701 17721 17720 17710 17730 17746 17747 17737 17764 17760 17736 17750 17750 17757 17791 17801 17803 17785 17818 17838 17868 17884 17870 17847 17820 17880 17900 17887 17836 17809 17821 17852 17901 17986 18023
17968 17941 17902 17847 17812 17826 17840 17821 17768 17777 17757 17742 17754 17755 17730 17719 17714 17708 17696 17700 17694 17710 17682 17690 17698 17697 17687 17685 17709 17715 17718 17688 17689 17691 17671 17675 17654 17584 17630 17620 17617 17638 17666 17674 17700 17697 17706 17723 17728 17714 17744 17749 17744 17737 17742 17734 17750 17791 17801 17785 17798 17831 17822 17890 17798 17768 17759 17813 17822 17778 17766 17786 17813 17838 17917 17991 18043
17860 17812 17796 17824 17821 17796 17786 17792 17770 17751 17731 17739 17733 17728 17726 17706 17693 17705 17705 17690 17699 17707 17706 17694 17697 17699 17709 17664 17628 17682 17733 17734 17728 17728 17728 17725 17725 17728 17724 17711 17719 17713 17718 17735 17746 17745 17734 17745 17750 17744 17740 17756 17749 17755 17767 17780 17772 17757 17736 17726 17722 17753 17779 17795 17797 17781 17778 17773 17759 17781 17801 17762 17757 17753 17728 17751 17745
