Alternative/Moon/Lvl0_30x30/Ele_EJ.asc
ncols         335
nrows         335
xllcorner     10107491.657
yllcorner     -6727166.958
cellsize      10000
nodata_value  -9999.0
[rows 68 to 101 of 335, columns 154 to 230 of 335]
16780 16697 16806 16798 16912 16913 16883 16824 16825 16838 16796 16679 16692 16696 16687 16838 17019 16820 16540 16574 16786 16946 16879 16309 15963 15860 15805 15789 15782 15789 15752 15727 15821 15843 15810 15764 15760 15779 15750 15680 15737 15729 15686 15744 15718 15749 15856 15993 16106 16259 16423 16322 16768 18079 18958 18982 18901 18637 18511 18019 17805 17767 17572 17403 17506 17491 17358 17965 18229 18750 19078 19773 20069 20629 20650 20858 21149
16607 16690 16633 16658 16707 16771 16767 16760 16802 16778 16794 16787 16785 16830 17081 17139 17150 16821 16479 16577 16730 16442 16451 15911 15857 15892 15789 15803 15795 15760 15708 15752 15869 15975 16058 15972 15800 15755 15704 15756 15699 15713 15615 15593 15660 15910 16161 16174 16255 16298 16551 16918 17180 18278 18935 18965 18893 18791 18675 18607 18562 17957 17797 17721 17465 17269 17404 17992 18230 18378 18436 18718 18880 19200 19652 20048 20469
16606 16609 16614 16626 16698 16719 16704 16711 16787 16807 16967 16979 16831 17299 17498 17383 17280 16942 16883 16237 15994 15972 15910 15802 15811 15804 15758 15747 15723 15717 15729 15875 16460 16551 16483 16179 16096 15803 15698 15685 15684 15639 15556 15563 15767 16380 16704 16618 16292 16160 16703 17013 17128 17798 18091 18288 18531 18820 18823 18567 18611 18707 18439 17938 17714 17270 17393 17844 18098 18141 18108 18052 18255 18450 19064 19435 19710
16671 16606 16674 16681 16698 16728 16790 16760 16781 16815 17046 17384 17464 17481 17576 17474 17160 17170 17029 16450 15831 15880 15837 15782 15769 15767 15749 15725 15730 15729 15947 16775 16743 16753 16696 16213 16197 15963 15840 15677 15608 15535 15586 15756 15995 16320 16815 17084 17030 16663 16119 16427 16422 16660 16879 17060 17534 17757 17894 17698 18488 18541 18366 18062 18091 17681 18109 18163 18429 18471 18081 17816 17789 17871 18134 19170 19636
16676 16711 16715 16700 16728 16766 16768 16788 16802 16808 16992 17396 17535 17527 17561 17425 17511 17420 17328 16730 15804 15784 15769 15759 15817 15933 15779 15715 15685 15796 16290 16936 17019 16893 16795 16370 16274 16205 16034 15806 15663 15736 16013 16187 16373 16396 16801 17205 17218 16796 16233 16274 16233 16247 16175 16418 16517 16785 17153 17517 18184 18313 18286 18325 18405 18577 18640 18616 18462 18368 18012 17611 17537 17557 17728 18569 19368
16661 16730 16785 16745 16814 16783 16822 16792 16796 16978 17427 17387 17572 17503 17474 17321 17497 17471 17295 16612 15779 15770 15763 15740 15764 15932 15875 15690 15816 15846 16325 16970 17052 16742 16594 16523 16537 16429 16205 15964 15959 16115 16216 16357 16453 15645 15243 16041 16569 16370 16301 16407 16293 16264 16201 16365 16490 16514 16703 17124 17394 17948 18620 18844 19030 19063 19069 18793 18586 18481 17985 17947 17756 17565 17615 17908 18739
16680 16759 16795 16796 16830 16822 16816 16839 16955 17477 17801 17968 17710 17553 17665 17699 17582 17638 17161 16153 15771 15743 15726 15721 15706 15922 15974 15784 15805 15750 15913 16659 16993 16986 16878 16996 16836 16722 16431 16293 16222 16540 16535 16668 16888 16412 15518 16287 16520 16268 16228 16244 16286 16210 16303 16381 16512 16658 16584 16612 17119 17808 18714 19106 19227 19391 19518 18854 18967 19304 19089 18903 18574 18352 18088 17576 17915
16777 16726 16811 16853 16883 16928 16899 17133 17552 18356 18419 18273 18055 18256 18335 18155 17892 17773 17112 15973 15776 15751 15724 15699 15696 15704 15781 15616 15590 15633 15963 16724 17093 17104 17105 17012 16914 16863 16701 16408 16633 16756 16753 16858 16915 17041 16967 16674 16498 16228 16207 16207 16222 16263 16396 16411 16610 16680 16525 16521 16699 17447 18338 19019 19139 19451 19758 19738 19497 19322 19253 18888 18562 18479 18194 17656 17887
16716 16787 16853 16882 16996 17030 17120 17790 18408 18819 19096 18953 18669 18703 18386 18086 17921 17686 16729 15848 15805 15754 15723 15690 15701 15681 15679 15635 15610 15600 15789 16667 17039 17088 17156 17089 17034 16851 16664 16566 16627 16812 16687 16791 16861 16958 16925 16445 16113 16147 16095 16191 16270 16244 16373 16408 16561 16614 16488 16581 16812 17378 18285 18936 19268 19456 19577 19603 19362 19214 18581 18355 18347 18584 18600 18181 18420
16756 16878 17006 17050 17275 17347 17895 18795 19435 20075 19913 19569 18859 18703 18346 17927 17907 17673 16181 15852 15808 15768 15736 15716 15706 15695 15677 15652 15638 15613 15588 16317 16987 17069 17120 17072 17022 16952 16738 16362 16582 16582 16710 16680 16618 16777 16500 16365 16365 16379 16091 16265 16246 16278 16274 16257 16295 16344 16441 16745 17004 17585 18270 18976 19219 19446 19367 19229 19046 18971 18423 18268 18270 18625 18667 18490 18424
17231 17370 17508 17995 18352 18770 19659 20192 20392 20383 19912 19528 18733 18353 18062 17944 17951 17544 16186 15869 15828 15794 15772 15763 15725 15706 15694 15663 15653 15631 15616 15662 16351 16845 17207 17161 17197 17093 16933 16411 16463 16454 16861 16831 16691 16562 16461 16533 16555 16564 16459 16210 16570 16564 16247 16219 16251 16547 16756 17031 17443 18086 18330 18519 18764 18817 18842 18784 18439 18152 18265 18148 18151 18637 19049 18665 18770
18234 18567 18940 19540 20359 20512 20452 20550 20405 20121 19538 18843 18132 17895 17857 17897 17965 17614 16205 15898 15844 15842 15803 15776 15746 15733 15708 15695 15672 15666 15641 15625 15622 16709 17126 17079 17076 17139 16921 16555 16419 16430 16765 16616 16665 16826 16640 16713 16782 16743 16635 16414 16318 16271 16395 16549 16438 16627 16948 17662 18153 18282 18454 18583 18597 18468 18459 18546 18669 18765 18638 18389 18497 18902 19417 19457 19503
19427 19168 20340 21155 21681 21772 21581 21057 20427 19629 18933 18333 17982 17919 17922 17862 17984 17454 16198 15906 15888 15854 15811 15812 15808 15774 15748 15713 15710 15697 15651 15634 15645 16123 16781 17019 16997 16873 16823 16559 16367 16538 16691 16778 17134 17165 17059 17098 17198 17028 16842 16251 16381 16191 16486 16773 17009 17216 17429 17984 18298 18338 17805 18286 18538 18544 18528 18778 18654 18383 18337 18329 18417 19098 19393 19703 19985
20479 20448 21533 22615 22891 22748 21902 21233 20211 19561 18873 18392 18075 18049 18240 17981 17923 17393 16246 15931 15905 15857 15849 15843 15806 15811 15783 15759 15737 15729 15683 15663 15689 15950 16728 16993 16986 16803 16518 16177 16240 16651 16604 16383 17315 17348 17334 17381 17325 17157 16848 16689 16638 16323 16713 17000 17117 17045 17388 17976 18220 18410 18122 17507 18376 18671 18748 18911 18922 18523 18622 18417 18290 18947 19058 19329 19876
21639 22240 23027 23678 23710 23226 22376 21061 20040 19396 18783 18454 18160 18182 18204 18512 18524 17779 16581 15968 15931 15913 15891 15855 15844 15834 15818 15794 15766 15766 15730 15706 15679 15734 16103 16577 16768 16376 16054 16190 16513 16869 16890 17286 17523 17355 17294 17252 17250 17052 16915 16815 16779 16652 16739 16876 16882 16867 17299 18171 18319 18535 18584 18572 18783 18842 18749 18966 18911 18764 18484 17905 18250 18628 18738 18828 19379
21746 22523 23066 23396 23390 23040 22366 21029 19913 19172 18617 18101 18142 18175 17855 18511 18460 18045 16962 16059 15980 15977 15927 15898 15882 15872 15852 15833 15881 15829 15781 15747 15718 15751 15748 16225 16283 15991 15893 16201 16110 16020 16317 17487 17681 17456 17307 17329 17269 17098 17222 17022 17004 16864 16734 16844 16848 16804 17544 18185 18388 18458 18587 18654 18767 18755 18704 19104 19065 18825 18602 18559 18054 18450 18530 18871 19152
21296 22383 22497 22964 23085 22931 21912 20825 19990 18969 18279 17806 17515 17457 17755 17899 17684 17771 17100 16117 16037 16016 15979 15950 15915 15897 15883 15875 15888 15898 15822 15790 15790 15760 15740 16061 16131 16184 16121 16049 15884 15526 15821 17276 17665 17551 17344 17449 17338 17129 17183 17139 17135 16938 16725 16975 17042 17326 17887 18208 18291 18289 18353 18316 18633 18850 18850 19264 19670 19846 19942 19839 19238 19028 19089 19180 19480
20728 21820 22564 22991 22835 22266 21294 20452 19704 18709 17934 17625 17234 17168 17139 17320 17394 17271 16995 16227 16108 16071 16048 16015 15962 15944 15934 15912 15890 15873 15857 15848 15831 15778 15983 16348 16216 16199 16012 15936 15897 15567 15618 16957 17588 17547 17350 17539 17327 17230 17149 17117 17105 16971 16779 17234 17376 18006 18429 18590 18650 18656 18604 18521 18513 18737 19019 19463 19921 20272 20191 19942 19364 19257 19274 19472 19559
20014 20950 21973 22227 21828 21176 20244 19609 18849 18112 17554 16621 16795 16757 16654 17015 17193 17158 16776 16530 16395 16150 16117 16082 16043 16001 15987 15940 15911 15895 15905 15900 15887 15818 15996 16390 16243 15887 15777 15842 15751 15620 15716 16688 17175 17185 17296 17327 17419 17378 17327 17174 17118 17124 17117 17875 17952 18371 18572 18432 18520 18611 18574 18760 18762 18954 19127 19432 19745 20007 19836 19498 19246 18945 19082 19258 19551
19984 20000 20654 21112 20874 20338 19593 18658 17854 17233 16803 16492 16522 16452 16368 16527 16859 16893 16771 16627 16683 16367 16201 16155 16105 16066 16031 15973 15942 15915 15897 15909 15868 15838 15818 15806 15780 15737 15756 15728 15676 15651 16150 17012 17158 17193 17341 17604 17532 17436 17327 17141 17331 17338 17492 18055 17984 18219 18545 18572 18761 18697 18704 18886 19088 19315 19404 19453 19546 19692 19801 19774 19384 19155 19810 20518 21415
20629 20155 20193 20164 19844 19239 18167 17377 16876 16501 16528 16611 16577 16502 16408 16300 16597 16946 17187 16735 16765 16668 16592 16356 16204 16171 16114 16038 15964 16004 15918 15897 15882 15878 15878 15846 15831 15800 15777 15756 15707 15672 16209 17130 17122 17209 17304 17548 17564 17477 17179 17298 17468 17325 17827 18237 18264 18571 18835 18879 19080 19202 18981 19481 19976 20164 20104 19682 19755 19814 20081 20365 20224 20542 21298 22012 22792
20743 20271 20107 19850 19201 18274 17320 16796 16436 16326 16762 16670 16583 16574 16469 16268 16330 16841 17034 16429 16432 16676 16671 16409 16300 16208 16171 16068 16045 15994 15956 15938 15905 15894 15869 15859 15832 15851 15809 15760 15737 15677 16423 17127 17119 17211 17504 17533 17492 17434 17404 17465 17481 17388 17997 18606 18778 18674 18797 19095 19471 19586 19241 19937 20071 20313 20313 20025 20040 19775 19807 20221 20204 20702 21356 22401 23083
20776 20203 19551 18802 18248 17173 16663 16528 16403 16356 16788 16626 16625 16480 16462 16365 16393 16576 16601 16509 16538 16885 16981 16498 16412 16340 16261 16206 16130 16108 16068 15987 15932 15894 15893 15879 15933 15862 15832 15802 15770 15784 16871 17291 17183 17256 17254 17143 17281 17464 17420 17580 17860 18008 18305 18715 19261 19299 19057 19419 19830 19852 19500 19894 20178 20241 20046 19939 20121 20237 19975 19653 19994 20854 21514 22192 22851
20184 19449 18862 18111 17367 16791 16520 16602 16722 16693 16557 16482 16530 16558 16555 16604 16527 16652 16795 16774 17013 17138 17117 17022 16738 16667 16428 16376 16287 16226 16143 16113 16058 16006 15956 15995 15902 15847 15901 15879 15773 15933 17145 17434 17287 17316 17373 17359 17482 17489 17733 17548 17919 18218 18754 19074 19305 19494 19615 19838 19988 19891 19331 19729 19987 20157 20102 20213 20264 20407 20501 20496 20266 21020 21429 21561 22223
19487 18894 18266 17530 16883 16545 16610 16590 16509 16487 16478 16482 16494 16512 16651 16719 16629 16516 16548 16611 16917 16999 17342 17559 17333 16814 16531 16425 16395 16313 16271 16190 16165 16075 16032 15953 15919 15821 15841 15763 15877 16417 17416 17443 17572 17596 17591 17479 17408 17745 18079 17828 17719 18152 18835 19066 19365 19470 19495 19789 19875 19630 19402 19689 19849 20017 19904 19965 20435 20700 20849 20740 20871 21241 21842 22181 22686
18902 18499 17873 17219 16724 16572 16591 16539 16484 16478 16477 16485 16495 16504 16601 16568 16467 16495 16442 16607 16523 16597 17053 17527 17437 17089 16715 16550 16575 16455 16390 16313 16225 16172 16103 15996 15913 15882 15871 16192 16386 16516 17312 17619 17725 17831 17928 17671 17599 18286 18505 18220 17964 17896 18824 19064 19246 19385 19432 19690 19764 19675 19835 19971 19821 19712 19841 20338 20685 20958 20877 20856 21111 21970 22573 22744 23359
18274 17714 17273 16726 16577 16569 16536 16501 16486 16479 16483 16489 16490 16483 16453 16427 16439 16361 16382 16466 16506 16487 16655 17121 17504 17473 17218 17176 17175 17021 16855 16603 16396 16322 16208 16191 16316 16493 16977 17022 17132 17138 17472 17954 18099 18270 18253 18090 18149 18348 18325 18245 18217 18346 18801 19069 19356 19397 19297 19486 19807 19958 20356 20355 20291 20191 20010 20543 21585 21938 21676 21449 22037 22931 23227 23299 23933
17751 17337 16756 16532 16548 16544 16535 16492 16480 16476 16473 16460 16457 16432 16408 16390 16428 16367 16382 16458 16511 16497 16620 16821 16940 17301 17379 17525 17559 17419 17402 17394 16921 16777 16933 17064 17230 17321 17502 17542 17542 17780 17941 18400 18642 18624 18422 18322 18431 18336 18243 18206 18289 18499 18699 18983 19272 19286 19312 19543 19749 19929 20209 20115 19805 19817 20019 20647 21533 22199 22060 22336 22936 23640 23722 23636 24304
17258 16754 16480 16469 16493 16520 16484 16478 16466 16467 16451 16445 16437 16428 16407 16416 16427 16412 16468 16502 16543 16518 16421 16489 16836 16912 16878 17267 17458 17354 17539 17585 17792 17818 17943 18016 18281 18382 18240 18255 18552 18770 18871 18904 18964 18952 18394 18363 18399 18180 18081 18195 18242 18417 18484 18648 19068 19352 19531 19601 19666 19498 19140 19368 19377 19767 20156 20672 21384 21842 21792 22274 22994 23525 23576 23669 24276
16871 16525 16361 16438 16445 16466 16463 16408 16427 16437 16445 16434 16431 16421 16405 16490 16452 16387 16468 16529 16465 16332 16433 16418 16338 16313 16474 16802 16897 17307 17435 17760 18037 18063 18185 18649 18667 19101 18972 18946 18958 19137 19054 18840 18759 18590 18349 18190 18117 18125 18123 18107 18271 18309 18384 18971 19218 19380 19506 19612 19456 19062 18902 19042 19264 19688 20177 20728 21264 21439 21272 22090 23017 23493 23486 23217 23415
17038 16710 16417 16294 16384 16389 16388 16369 16389 16425 16426 16420 16405 16398 16402 16462 16438 16398 16375 16383 16410 16405 16327 16314 16308 16289 16494 16897 16961 17293 17402 17495 17851 17977 18144 18817 19093 19140 18963 18937 18956 18948 18965 18569 18263 18523 18447 18308 18280 18196 18192 18371 18369 18455 18613 18917 19184 19326 19473 19350 19225 18948 18886 18935 19521 20141 20274 19382 20459 20771 21047 21785 22825 23074 22482 22206 21964
17098 16587 16237 16175 16264 16290 16328 16354 16359 16381 16358 16392 16425 16444 16418 16412 16374 16461 16488 16388 16386 16347 16280 16240 16233 16267 16369 16623 16913 16939 16743 17091 17487 17790 18101 18152 18518 19000 19039 18948 19022 18893 18883 18394 18355 18688 18733 18504 18469 18366 18496 18829 18808 18538 18666 18859 19163 19318 19374 19189 19093 18956 18883 19107 19569 20082 20374 20091 20300 20050 20146 20853 21223 21318 21356 21355 21296
16894 16604 16201 16079 16119 16168 16222 16254 16323 16283 16348 16393 16425 16428 16408 16398 16393 16453 16471 16340 16349 16316 16273 16274 16254 16242 16237 16255 16326 16482 16463 16706 16961 17560 17977 18323 18952 19301 19322 18986 18976 18945 18776 18618 18969 19013 18816 18740 18842 18862 18921 19142 19126 19061 19030 19101 19115 19172 19063 18876 18856 18873 18892 19162 19553 19681 19669 19474 19387 19096 19042 19368 19605 19994 20005 20030 20330
17585 16953 16392 15914 16068 16158 16192 16194 16254 16254 16303 16333 16398 16392 16392 16399 16497 16565 16378 16376 16360 16299 16283 16280 16262 16242 16248 16289 16229 16251 16323 17001 17189 17778 18063 18338 19018 19453 19511 19157 18998 18884 18994 18945 19308 19236 19242 19262 19309 18900 18865 19633 19700 19514 19306 19109 19155 19377 19378 19036 18979 19290 19350 19119 18970 18852 18774 18181 17835 18025 18425 18648 18550 18602 18950 18970 19124
