Alternative/Moon/Lvl0_30x30/Ele_EE.asc
ncols         335
nrows         335
xllcorner     -6642508.343
yllcorner     -6727166.958
cellsize      10000
nodata_value  -9999.0
[rows 102 to 135 of 335, columns 154 to 230 of 335]
20601 20782 20701 20599 20753 20765 20767 20318 20203 19942 19899 19918 19888 19874 19851 19711 19867 19877 19732 19706 19716 19724 19737 19832 20001 19865 19915 19830 19819 19808 19834 19912 20097 20088 20087 20118 20241 20657 20688 20658 21001 21132 21089 20999 21005 20756 20739 20705 20731 20654 20501 20550 20681 20917 21725 21896 22031 21759 20931 20567 20262 20175 20107 20215 20051 20209 19370 18150 18063 18034 18024 18032 18016 17992 17988 18031 18175
20834 20947 20785 20308 20223 20428 20465 20658 20396 19920 19866 19895 19921 19876 19892 19922 19891 19969 20015 19771 19786 19732 19744 19753 19766 19842 19852 19811 19817 19826 19847 20310 20611 20625 20224 20270 20662 20704 20756 20871 21093 21450 21455 21449 21452 21023 20962 20861 20866 20827 20681 20934 21378 21483 21539 21537 21487 21298 20570 20177 19953 19745 19651 19749 20150 20382 19508 18166 18130 18098 18074 18060 18044 18025 18030 18010 18012
20694 20672 20142 20113 20108 20248 20466 20601 20185 19817 19875 19899 19915 19906 19904 19923 19962 20416 20269 19847 19786 19753 19750 19742 19755 19781 19803 19821 19814 19827 19851 20186 20457 20567 20531 20446 20425 20480 20423 20480 20648 21650 21729 21813 21820 21638 21047 20887 20930 21401 21521 21651 21863 21800 21538 21508 21431 21290 20406 20087 19615 19514 19400 19399 19464 19114 18508 18184 18171 18151 18127 18063 18185 18041 18109 18177 18164
20418 20185 20105 20097 20140 20272 20457 20531 20159 19882 19899 19919 19919 19954 19910 19905 20068 20476 20258 19771 19763 19749 19754 19739 19763 19785 19829 19809 19800 19829 20000 20105 20237 20409 20540 20436 20116 20087 20114 20137 19980 21282 21614 21861 21873 21613 21004 20950 21003 21507 21658 21786 21867 21668 21296 20956 20812 20691 19742 19491 19242 19583 19622 19576 19177 18401 18215 18205 18554 19046 19018 18138 18162 18216 18223 18427 18213
20458 20107 20069 20085 20162 20198 19887 20042 20008 19914 19920 19910 19896 19884 19897 20070 20114 20286 20031 19741 19703 19692 19724 19758 19788 19796 19816 19838 19822 19911 20394 20731 20758 20652 20409 20390 20005 19789 20002 20015 19773 20526 21220 21249 21194 21273 20942 20963 21047 21286 21618 21684 21549 21391 20883 20782 20534 19593 19501 19236 18970 19264 19582 19818 19752 19351 18497 18296 18683 19067 19099 18737 18368 18217 18486 19619 20105
20490 20137 19988 20013 20107 20102 19859 19937 19955 19912 19959 20318 20318 20055 20199 20482 20402 19943 19712 19681 19663 19703 19733 19735 19777 19805 19958 20245 20375 20577 21006 21391 21419 21191 20944 20670 20228 19801 19678 19639 19646 20050 20716 20766 20579 20652 20943 20949 20981 21162 21400 21485 21364 21214 20925 20453 19811 19538 19190 18951 18928 18882 19551 19790 19735 19485 18773 18690 18796 18948 18974 19264 19587 19258 19523 20061 20305
20351 19930 19856 19977 20008 19883 20036 20232 20209 20175 20570 20796 20801 20978 20953 20531 20326 19728 19700 19654 19640 19654 19671 19715 19752 19903 20142 20207 20143 19994 20237 20475 20599 21190 21217 21032 20517 20115 19684 19640 19635 19696 19964 20368 20471 20626 20789 20851 20882 21009 21058 21044 20921 20671 20224 19973 19849 19495 19023 18919 18891 18866 18861 19239 19318 19082 18816 18805 18848 18920 19080 19618 19781 19450 20090 20373 20395
19818 19962 19927 19805 19911 19975 19960 20152 20207 20302 20828 21097 21139 21180 21067 20568 19965 19673 19671 19623 19639 19637 19640 19681 19787 20194 20099 19365 19015 18975 18981 19006 19093 19879 20920 21205 21224 20609 20048 19736 19561 19605 19655 20036 20365 20515 20711 20708 20721 20973 20995 20836 20732 20587 20238 19948 19870 19450 18956 18856 18861 18849 18828 19041 19158 18858 18825 18838 18848 18881 19084 19588 19681 19853 20069 20125 20031
20654 20730 20269 20101 20220 20183 20256 20498 20466 20467 20756 21090 21139 21143 21089 20466 19749 19626 19650 19658 19648 19608 19615 19643 19869 20156 19458 18926 18947 18957 18970 18987 18988 19016 19267 20664 21147 20890 20307 19815 19544 19444 19464 19577 19970 20316 20358 20600 20677 21066 21235 21158 20945 20672 20394 20086 19642 19332 19017 18809 18785 18779 18774 18778 18838 19148 19068 18843 18862 18974 19041 19264 19533 19809 19700 19472 19220
20642 20631 20367 20212 20026 20130 20538 20537 20345 20480 20598 20640 20658 20485 20314 19838 19609 19638 19651 19656 19650 19644 19614 19785 20287 20380 19006 18901 18919 18929 18944 18955 18967 18980 18997 19249 20198 20761 20360 19807 19522 19432 19409 19406 19405 19551 20157 20882 20999 21206 21445 21346 21046 20743 20363 20084 19694 19539 19136 18856 18794 18788 18778 18771 18761 19188 19249 18930 18945 19099 19283 19354 19341 19602 19678 19177 18478
20367 20563 20479 20403 20254 20425 20462 19833 19649 19549 20290 20222 20254 20065 19849 19520 19522 19543 19528 19519 19576 19608 19709 20163 20358 20343 19037 18880 18881 18894 18913 18931 18952 18963 18979 19102 19448 20466 20409 19695 19435 19308 19246 19241 19256 19359 19945 20867 21188 21284 21590 21669 21329 20641 20183 19869 19750 19607 19304 18953 18816 18821 18791 18793 18775 18794 19021 19029 19119 19090 19093 19290 19058 19430 19522 18759 18208
20544 20466 20447 20483 20508 20503 20291 19687 20055 20661 20403 20222 19991 19784 19526 19474 19472 19463 19465 19481 19498 19550 19595 20461 20441 19844 18867 18891 18900 18904 18920 18931 18938 18952 18973 19134 19353 20059 20250 19706 19381 19201 19130 19107 19120 19176 19736 20717 21236 21397 21576 21876 21811 20929 20084 19859 19739 19510 19361 18969 18871 19119 19163 18925 18745 18772 19073 19082 19012 18881 19042 19069 19027 19050 18708 18151 18052
20489 20428 20467 20411 20470 20586 20522 19460 20399 20978 20534 20105 19965 19546 19483 19429 19424 19470 19457 19453 19491 19784 19999 20435 20390 19989 19102 19044 18916 18908 18934 18952 18969 19002 19066 19507 19694 20208 20077 19461 19256 19103 19021 19002 19016 19097 19229 20405 20974 21316 21237 21228 21253 20937 20550 19991 19782 19464 19490 19649 19686 19251 19275 18504 17427 17566 18144 18171 18062 18029 18584 18908 18954 18494 18112 18099 18095
20592 20418 20502 20766 20715 20796 20882 20918 20967 21005 20332 19842 19641 19554 19477 19377 19414 19405 19419 19437 19516 19750 20024 20225 20401 20713 20601 19720 19007 18918 19020 19033 19033 19137 19616 19956 20168 20153 19537 19188 19109 19041 18953 18948 18981 19044 19149 19803 20177 20357 20527 20382 20394 20930 20915 20283 20268 19841 20064 19779 19679 19281 18671 17679 17232 17188 17182 17202 17205 17434 18386 18818 18674 18138 18107 18107 18098
20665 20419 20544 20692 20566 20587 20292 20353 20349 20340 19706 19610 19587 19473 19374 19368 19402 19413 19425 19416 19467 19623 19801 19952 20076 20719 20850 20866 20521 19802 19398 19150 19400 19639 19811 20015 20109 19763 19271 19012 18978 18987 18985 19017 19029 19063 19181 19854 20210 20123 19558 19437 20107 20823 20873 20397 20262 20035 20149 19941 18485 17750 17567 17203 17208 17226 17250 17216 17211 17294 18381 18845 18851 18354 18107 18093 18089
20537 20441 20487 20521 20493 20391 20066 19966 20093 20132 18973 19283 19594 19492 19386 19399 19371 19486 19412 19446 19522 19777 19847 19875 19870 20229 20655 20900 20999 21063 20967 20223 19546 20079 20235 20017 19708 19383 19076 19047 18941 18962 18980 19042 19049 19052 19131 19392 19549 19468 18910 18974 19509 20470 20562 20174 20184 19999 19984 19981 19308 18573 17646 17224 17221 17458 17315 17235 17231 17237 17533 18510 18888 18326 18124 18115 18081
20769 20540 20413 20391 20277 20075 20003 19664 19840 19923 19598 19638 19577 19428 19335 19322 19198 19259 19419 19786 19929 20002 19820 19786 19773 19821 20195 20442 20722 20910 21014 20846 20562 20403 20366 19791 19348 19036 19119 19079 19037 18900 18902 18989 19008 19027 19093 19158 19077 18966 18871 18872 19384 19843 20125 20230 19965 19845 20291 20235 19671 18992 18600 17984 17310 17266 17260 17271 17286 17266 17769 19084 19311 18680 18131 18125 18097
20998 20822 20498 20461 20358 20204 19854 19899 19857 19788 19386 19620 19632 19340 19257 19199 19145 19180 19328 19674 19718 19720 19680 19695 19690 19809 20402 20772 20632 20562 20609 20556 20421 20158 19873 19437 19069 18986 19088 19055 18921 18907 18906 18939 19009 19038 19087 19075 19065 18967 18880 19021 19870 19852 20092 20244 20184 19641 20393 20474 20423 19685 19061 18464 17713 17349 17331 17301 17297 17264 17532 18756 19291 18757 18143 18060 18087
20572 20417 20365 20293 20061 20048 20120 20130 19921 19513 19363 19400 19440 19310 19266 19104 19022 19102 19151 19362 19431 19480 19536 19540 19690 20321 20900 21206 21177 20792 20680 20654 20420 19791 19206 19132 19029 18981 18965 18980 18963 18922 18922 18924 18963 19183 19437 19412 19365 19141 18963 19116 19874 19802 19930 19991 19894 19708 20167 20313 20370 19448 19119 18322 17350 17340 17388 17306 17322 17324 17283 17885 18248 18483 18318 18076 18058
20128 20085 20024 19959 19424 20220 20295 20146 19936 19746 19444 19375 19322 19317 19285 19024 18975 18949 19297 19412 19449 19368 19386 19582 20298 21105 21365 21353 21203 21014 20788 20656 20371 19736 19166 19061 19006 18994 18992 18979 18944 18920 18915 18927 19001 19324 19544 19218 19114 19453 19252 19504 19747 19718 19743 19703 19481 19476 19650 19948 19871 19477 19243 18785 17877 17398 17634 17373 17330 17303 17285 17263 18209 18756 18558 18089 18061
19632 19987 19846 19850 19987 20168 20357 20355 20265 20064 19677 19433 19325 19450 19445 18963 18960 19034 19274 19211 19029 19141 19480 20141 20754 21576 21971 21969 21522 20809 20447 20220 19861 19510 19128 19078 19143 19007 18958 18925 18949 18932 18916 18914 19044 19256 19380 17863 18234 19578 19596 19558 19226 19233 19568 19576 19610 19630 19556 19722 19443 18961 19155 18950 18463 17889 17900 17809 17467 17510 17897 18281 18759 19138 18677 18119 18076
19788 19846 19541 19653 19805 20093 20429 20556 20540 20470 20100 19471 19154 19053 18963 18968 18976 19065 19187 18905 18880 18973 19465 20055 20367 21070 21739 21854 21452 20373 19749 19423 19251 19238 19122 19688 19751 19319 18994 18953 18930 18928 18903 18935 19068 19170 19370 19409 19376 19459 19255 19178 19049 19047 19316 19300 19607 19645 19417 19662 19629 18949 18887 18639 18302 18163 18300 18460 18515 18648 19148 19317 19374 19513 18918 18191 18134
19471 19285 19310 19238 19209 19617 20270 20028 19682 20124 20029 19329 19044 18997 18967 19027 19061 19060 18913 18898 18897 18891 18948 18963 19085 19589 20278 20396 19911 19617 19452 19064 19124 19117 19031 19681 20037 19974 19301 19083 18969 18955 18945 18946 19014 19206 19187 18990 19008 19040 19342 19389 19085 19087 19129 19091 19053 19203 19231 19274 19093 19071 19112 18978 18787 18827 19395 19698 19509 19334 19340 19559 19536 19478 19038 18389 18218
19089 19181 19363 19300 19214 19645 19952 19258 19068 19329 19563 19101 18997 19054 19041 19027 19033 18914 18887 18898 18907 18875 18835 18840 18836 18866 19171 19170 18927 18870 18875 18889 18916 18915 18977 19384 19929 20055 19885 19576 19181 19005 18974 18961 18949 18937 18932 18914 18920 19513 20114 20019 19458 19101 19159 19039 18941 18917 18970 18998 18755 18899 19033 19037 18857 19024 19634 19774 19655 19312 19302 19557 19343 18449 18481 18265 18323
19084 19598 19673 18628 18100 19011 19848 19743 19726 19545 19363 19056 19080 19065 19003 18979 18933 18866 18870 18881 18864 18812 18795 18795 18782 18757 18734 18764 18775 18779 18800 18855 18863 18857 18947 19398 19870 20047 20026 19678 19174 19050 19001 19005 18990 18961 19014 19276 19284 19651 20305 20172 19605 19145 19033 18919 18971 19001 19171 19144 18863 18619 18643 18751 18931 18913 19038 19104 19004 18792 19035 19165 18869 18266 18274 18251 18247
19478 19744 19832 18265 18040 18965 19583 19609 19622 19430 19019 19029 19020 18942 18901 18849 18846 18840 18840 18828 18773 18735 18728 18683 18665 18706 18704 18693 18672 18688 18678 18761 18786 18840 19107 19766 19939 20053 19958 19327 19168 19187 19165 19062 19056 19052 19085 19256 19386 19460 19650 19749 19620 19335 18897 18919 18904 18993 19069 19061 18833 18601 18534 18852 18863 18397 18367 18333 18313 18385 18634 18557 18293 18350 18629 18689 18259
19562 19470 19831 19755 19710 19595 19434 19197 19320 19187 18983 18956 18926 18854 18790 18768 18783 18779 18777 18759 18738 18713 18734 18689 18667 18700 19257 19049 19116 19061 18760 18740 18823 19252 19985 20069 19892 19671 19239 19179 19186 19284 19422 19293 19250 19241 19193 19176 19377 19317 19374 19299 19171 18953 18836 18881 18892 18912 18881 18741 18698 18713 18782 18545 18407 18376 18344 18352 18340 18312 18354 18193 18200 18324 18655 18778 18600
18845 18111 19159 19737 19684 19394 19099 19038 19025 18977 18874 18864 18831 18776 18732 18735 18737 18741 18744 18735 18733 18759 18769 18679 18645 18635 19249 19472 20074 20188 19280 18811 19139 19862 20343 20267 19907 19333 19223 19295 19227 19388 19696 19459 19374 19315 19249 19226 19400 19430 19587 19555 19185 18813 18774 18813 18841 18884 18897 19128 19213 19093 18862 18597 18468 18387 18383 18374 18346 18302 18237 18219 18218 18247 18511 18846 18660
18863 17946 18485 19438 19371 18938 18931 18863 18793 18773 18788 18744 18750 18747 18667 18684 18714 18711 18765 18823 18820 19402 19646 18987 18686 18661 19053 20106 21146 21334 20475 19133 19052 19787 20269 20182 19963 19768 19531 19373 19450 19880 19947 19649 19454 19398 19380 19412 19454 19484 19487 19225 19067 18878 18784 18728 18759 18895 19294 19264 19224 19184 19073 18978 18771 18884 18703 18489 18486 18363 18334 18344 18275 18347 18668 19107 19271
19323 19040 19078 19178 18963 18729 18677 18671 18630 18697 18709 18922 18914 18773 18605 18588 18620 18654 18706 18750 18767 19313 19629 19022 18734 18651 19416 20463 21092 21381 20901 19701 19154 19499 19725 19863 19828 19908 19833 19830 20111 20111 19935 19745 19507 19416 19431 19481 19545 19553 19528 19403 19142 18830 18748 18735 18864 18969 19312 19209 19217 19086 19031 19125 19071 19064 18781 18920 18683 18341 18429 18418 18343 18784 18945 19413 19464
19413 18945 19117 19187 18790 18636 18656 18675 18754 18785 18806 18945 18913 18613 18599 18601 18594 18593 18601 18606 18653 18706 18741 18728 18697 18697 19177 20232 20474 20675 20546 19818 19248 19086 19078 19047 19176 19276 19544 19779 20055 19974 19664 19473 19415 19401 19496 19576 19694 19741 19643 19433 19125 18908 18656 18720 18919 19250 19316 19190 19140 18866 18604 18723 19242 19449 19412 18785 18297 18275 18536 18660 18801 19140 19202 19473 20132
19036 18999 18971 18925 18829 18642 18640 18686 18753 18821 18847 18813 18717 18587 18609 18617 18596 18592 18616 18621 18666 18806 18870 18759 18850 18769 19028 19718 19858 19975 19857 19656 19213 18709 18626 18731 18890 19017 19053 19300 19428 19366 19115 19147 19249 19302 19502 19822 19865 19890 19645 19416 19226 18923 18652 18720 19035 19439 19558 19164 18942 18397 17990 18128 18533 18823 18850 18511 18406 18529 19034 19040 18874 19127 19244 19524 20108
18968 18726 18867 18851 18695 18720 18715 18669 18776 18724 18747 18760 18625 18617 18628 18653 18692 18767 18712 18656 18666 18744 18798 18876 18851 18756 18753 19304 19491 19497 19387 19309 18678 18424 18443 18540 18784 18833 18940 18953 19014 19034 19057 19096 19121 19164 19384 19798 19921 19787 19640 19627 19469 19047 18849 18944 19383 19778 19523 18423 17885 17705 17684 17668 17701 17746 18079 18393 19519 19712 19394 19214 18939 19188 19449 19514 19559
19058 18282 18543 18769 18890 18826 18679 18691 18730 18866 18910 19013 19012 19118 19069 18963 18786 18794 18651 18603 18596 18672 18717 18816 18770 18821 19030 18987 18981 19127 19319 18906 18492 18471 18511 18597 18786 18829 18996 18985 19025 18952 18983 19057 19110 19138 19177 19417 19559 19435 19698 19717 19518 19219 18964 19324 19763 19959 19078 17972 17622 17493 17652 17581 17625 17707 17883 18661 19891 19931 19658 19680 19348 19300 19445 19652 19607
