Alternative/Moon/Lvl0_30x30/Ele_DE.asc
ncols         335
nrows         335
xllcorner     -6642508.343
yllcorner     -3377166.958
cellsize      10000
nodata_value  -9999.0
[rows 0 to 33 of 335, columns 154 to 230 of 335]
16643 16653 16674 16689 16698 16706 16700 16670 16638 16719 16807 16786 16679 16636 16732 16760 16668 16600 16551 16562 16577 16593 16598 16587 16582 16580 16583 16595 16603 16606 16578 16519 16488 16477 16512 16565 16611 16683 16657 16682 16718 16765 16807 16787 16756 16726 16707 16708 16706 16749 16767 16764 16769 16765 16763 16761 16759 16762 16759 16766 16771 16767 16780 16784 16782 16771 16766 16759 16750 16738 16734 16737 16740 16745 16762 16788 16797
16631 16643 16664 16680 16683 16695 16691 16669 16632 16642 16761 16807 16689 16633 16668 16760 16746 16655 16570 16548 16559 16570 16593 16599 16587 16596 16600 16585 16602 16621 16589 16535 16497 16473 16510 16586 16600 16630 16654 16694 16714 16743 16787 16757 16738 16722 16713 16699 16678 16677 16706 16711 16737 16736 16744 16780 16807 16812 16820 16774 16751 16746 16765 16779 16764 16766 16767 16763 16758 16749 16715 16712 16716 16725 16745 16758 16772
16598 16633 16658 16666 16663 16676 16692 16663 16642 16640 16678 16745 16702 16646 16635 16705 16767 16774 16618 16558 16547 16557 16594 16596 16584 16589 16582 16597 16613 16622 16589 16549 16512 16510 16511 16573 16585 16601 16650 16693 16710 16738 16752 16735 16703 16711 16707 16693 16675 16636 16637 16663 16725 16787 16789 16780 16808 16792 16785 16748 16739 16736 16742 16766 16763 16757 16750 16730 16738 16735 16727 16716 16695 16713 16724 16735 16750
16581 16619 16648 16654 16659 16671 16668 16656 16641 16642 16660 16711 16704 16669 16651 16633 16779 16804 16661 16592 16545 16537 16571 16589 16593 16590 16580 16599 16613 16617 16607 16565 16533 16523 16505 16573 16579 16591 16643 16687 16705 16724 16741 16715 16693 16692 16697 16681 16670 16647 16627 16638 16707 16777 16785 16733 16733 16712 16726 16699 16724 16727 16722 16726 16722 16717 16711 16669 16657 16674 16690 16682 16674 16702 16702 16704 16718
16560 16586 16610 16644 16667 16673 16665 16643 16644 16640 16620 16688 16732 16718 16669 16643 16696 16812 16747 16660 16610 16562 16543 16573 16586 16583 16594 16600 16607 16643 16659 16601 16581 16528 16508 16582 16592 16622 16676 16698 16734 16768 16772 16752 16733 16730 16724 16728 16691 16704 16696 16655 16642 16634 16658 16690 16690 16667 16656 16674 16678 16706 16697 16736 16708 16651 16657 16631 16626 16626 16682 16714 16720 16712 16712 16713 16707
16545 16559 16598 16624 16639 16671 16685 16664 16660 16652 16621 16636 16674 16688 16678 16654 16683 16812 16787 16714 16663 16645 16570 16574 16570 16573 16599 16605 16606 16642 16670 16631 16607 16540 16542 16617 16626 16649 16707 16731 16798 16797 16784 16766 16747 16742 16719 16724 16718 16708 16687 16686 16678 16657 16643 16631 16635 16634 16679 16620 16626 16642 16647 16636 16678 16724 16628 16622 16616 16634 16647 16665 16691 16712 16722 16713 16723
16525 16545 16569 16600 16628 16683 16685 16669 16670 16648 16610 16624 16638 16654 16670 16644 16674 16680 16710 16714 16688 16693 16658 16619 16553 16550 16580 16593 16608 16632 16654 16680 16683 16557 16533 16660 16668 16687 16712 16769 16797 16794 16760 16748 16735 16736 16725 16696 16716 16715 16712 16677 16659 16645 16631 16659 16629 16609 16614 16766 16814 16660 16621 16710 16785 16672 16641 16618 16614 16638 16645 16677 16692 16705 16703 16675 16666
16503 16528 16561 16583 16603 16652 16666 16655 16657 16647 16607 16626 16633 16645 16628 16622 16641 16683 16715 16727 16687 16693 16710 16678 16618 16565 16573 16593 16602 16659 16658 16713 16714 16632 16579 16666 16720 16732 16754 16775 16777 16756 16731 16726 16724 16726 16724 16690 16677 16700 16706 16695 16676 16667 16654 16653 16642 16618 16602 16785 16779 16585 16598 16590 16605 16619 16625 16614 16622 16646 16660 16672 16674 16664 16664 16666 16664
16475 16507 16530 16576 16591 16616 16621 16625 16623 16644 16600 16611 16616 16642 16610 16598 16602 16619 16658 16717 16691 16690 16707 16713 16656 16612 16603 16608 16608 16648 16672 16742 16733 16697 16709 16683 16737 16757 16765 16754 16740 16715 16704 16700 16708 16722 16720 16685 16667 16666 16691 16693 16682 16679 16672 16653 16656 16654 16626 16671 16631 16614 16619 16625 16646 16625 16622 16631 16619 16640 16656 16662 16662 16660 16677 16663 16660
16453 16474 16499 16540 16566 16601 16617 16647 16618 16603 16603 16602 16620 16639 16599 16542 16534 16555 16559 16602 16631 16644 16677 16670 16670 16616 16602 16605 16603 16621 16652 16783 16769 16741 16734 16674 16684 16719 16725 16719 16710 16679 16676 16688 16690 16683 16683 16664 16658 16644 16655 16666 16675 16674 16668 16663 16657 16648 16636 16641 16636 16657 16615 16643 16659 16656 16631 16634 16638 16634 16650 16658 16660 16657 16666 16655 16649
16428 16433 16457 16500 16531 16562 16573 16597 16597 16598 16608 16604 16620 16630 16568 16520 16499 16484 16488 16506 16518 16565 16614 16633 16650 16619 16608 16590 16604 16624 16644 16834 16795 16737 16722 16645 16648 16650 16647 16638 16639 16649 16658 16670 16663 16641 16624 16619 16617 16630 16658 16670 16675 16676 16676 16671 16659 16637 16632 16619 16609 16685 16626 16604 16643 16642 16616 16620 16622 16632 16634 16657 16658 16649 16644 16638 16632
16409 16400 16423 16471 16497 16536 16560 16572 16580 16591 16603 16600 16600 16600 16533 16496 16472 16457 16450 16460 16480 16524 16586 16587 16616 16617 16613 16594 16603 16615 16688 16806 16773 16731 16672 16639 16634 16713 16699 16627 16622 16627 16637 16649 16640 16610 16609 16601 16596 16634 16660 16673 16674 16666 16667 16650 16625 16613 16603 16587 16593 16623 16690 16841 16821 16611 16610 16670 16675 16632 16644 16646 16636 16626 16621 16627 16623
16382 16376 16399 16432 16465 16489 16517 16541 16553 16553 16566 16577 16566 16575 16502 16450 16446 16429 16415 16420 16438 16466 16543 16624 16632 16626 16622 16604 16582 16608 16710 16797 16802 16708 16644 16598 16614 16609 16612 16598 16584 16596 16603 16607 16603 16590 16585 16577 16591 16608 16623 16646 16644 16641 16631 16606 16585 16575 16551 16562 16559 16566 16773 16975 16703 16634 16593 16648 16660 16633 16633 16631 16617 16611 16610 16597 16595
16356 16359 16370 16401 16423 16465 16605 16719 16645 16524 16533 16520 16508 16492 16469 16418 16420 16406 16386 16382 16400 16413 16450 16887 16935 16872 16653 16653 16561 16570 16649 16805 16816 16710 16639 16599 16609 16599 16573 16563 16561 16572 16577 16572 16556 16547 16556 16558 16565 16592 16616 16619 16614 16607 16594 16576 16558 16545 16530 16528 16526 16690 16836 16562 16665 16643 16546 16579 16596 16601 16600 16601 16591 16588 16582 16571 16569
16342 16342 16351 16377 16402 16450 16593 16687 16569 16498 16500 16465 16447 16441 16425 16380 16373 16379 16355 16351 16357 16363 16380 16588 16968 17015 17144 16931 17041 16677 16636 16784 16797 16742 16660 16615 16605 16604 16577 16541 16539 16550 16555 16554 16530 16514 16516 16558 16566 16571 16578 16579 16572 16570 16559 16571 16537 16527 16510 16505 16552 16503 16538 16640 16847 16795 16763 16491 16534 16539 16558 16561 16569 16557 16547 16542 16546
16316 16326 16338 16357 16379 16409 16480 16553 16495 16477 16462 16436 16404 16426 16387 16357 16343 16359 16353 16342 16334 16338 16348 16369 16632 16810 16690 16900 17091 16940 16709 16757 16807 16763 16669 16625 16608 16601 16594 16560 16518 16540 16539 16526 16516 16504 16536 16558 16567 16556 16558 16571 16592 16547 16536 16529 16512 16502 16490 16472 16513 16498 16571 16664 16639 16610 16482 16452 16462 16509 16511 16530 16538 16537 16532 16522 16524
16284 16302 16307 16330 16350 16458 16469 16481 16464 16451 16437 16371 16339 16361 16328 16335 16329 16315 16317 16337 16307 16307 16319 16331 16360 16375 16453 16448 16464 16575 16608 16716 16799 16774 16665 16633 16615 16590 16593 16580 16566 16515 16505 16493 16483 16501 16551 16545 16531 16537 16545 16577 16594 16576 16514 16522 16476 16466 16447 16439 16513 16608 16593 16452 16397 16407 16418 16413 16408 16447 16484 16496 16506 16528 16531 16525 16517
16259 16267 16286 16315 16465 16511 16479 16509 16466 16423 16374 16324 16284 16302 16297 16349 16299 16269 16259 16288 16305 16310 16319 16313 16338 16362 16384 16405 16439 16743 16848 16911 16687 16733 16651 16613 16614 16565 16570 16567 16560 16526 16493 16482 16483 16512 16514 16520 16509 16500 16523 16551 16589 16558 16496 16471 16435 16417 16415 16395 16475 16356 16496 16404 16488 16370 16379 16376 16382 16392 16391 16458 16462 16441 16459 16444 16454
16237 16251 16269 16367 16504 16470 16483 16738 16554 16438 16336 16280 16260 16243 16233 16210 16231 16238 16244 16301 16275 16273 16287 16298 16320 16346 16369 16386 16408 16458 16703 16988 16691 16766 16628 16595 16594 16579 16564 16557 16549 16523 16468 16460 16473 16491 16496 16496 16494 16470 16487 16563 16576 16513 16499 16435 16383 16381 16377 16366 16386 16370 16590 16445 16510 16332 16329 16338 16342 16366 16361 16352 16377 16376 16423 16438 16404
16214 16231 16264 16541 16549 16421 16473 16677 16538 16433 16289 16232 16202 16206 16204 16181 16187 16205 16210 16212 16221 16226 16263 16296 16321 16346 16370 16383 16398 16442 16482 16533 16639 16755 16656 16585 16575 16579 16560 16548 16543 16514 16468 16466 16477 16487 16486 16490 16474 16459 16480 16520 16561 16510 16455 16423 16362 16350 16355 16347 16529 16512 16499 16396 16454 16324 16316 16304 16302 16314 16320 16319 16328 16324 16351 16342 16345
16179 16341 16479 16443 16370 16404 16427 16488 16387 16309 16202 16157 16152 16147 16143 16161 16154 16164 16172 16179 16189 16200 16238 16276 16299 16328 16343 16377 16388 16462 16467 16522 16566 16607 16731 16572 16571 16567 16547 16535 16529 16505 16471 16464 16473 16473 16476 16478 16466 16449 16458 16471 16465 16470 16577 16444 16410 16323 16318 16343 16303 16161 16405 16574 16411 16278 16277 16265 16252 16269 16281 16279 16284 16304 16316 16292 16293
16400 16410 16323 16379 16368 16412 16440 16417 16329 16240 16157 16117 16110 16108 16104 16123 16120 16130 16147 16149 16157 16188 16219 16247 16274 16294 16304 16338 16361 16439 16478 16516 16577 16627 16621 16583 16655 16608 16548 16541 16534 16503 16472 16467 16460 16467 16470 16465 16456 16435 16392 16366 16346 16441 16553 16437 16428 16360 16453 16343 16273 16430 16547 16578 16298 16227 16224 16224 16212 16236 16235 16240 16248 16272 16307 16286 16282
16313 16201 16597 16377 16382 16425 16426 16399 16282 16173 16114 16106 16075 16069 16073 16091 16095 16103 16123 16129 16144 16175 16204 16232 16254 16272 16276 16301 16324 16381 16463 16495 16574 16633 16637 16606 16635 16588 16515 16520 16526 16503 16481 16471 16457 16466 16465 16466 16449 16429 16393 16350 16337 16317 16321 16377 16370 16513 16489 16294 16227 16262 16375 16671 16639 16204 16200 16206 16200 16195 16200 16207 16215 16240 16249 16252 16260
16182 16783 16837 16314 16391 16422 16392 16341 16224 16123 16078 16073 16057 16045 16060 16060 16071 16080 16099 16115 16133 16164 16189 16217 16236 16255 16261 16266 16287 16334 16434 16483 16552 16631 16653 16606 16603 16539 16499 16481 16488 16491 16481 16476 16455 16458 16464 16454 16435 16399 16373 16332 16305 16296 16286 16308 16419 16332 16428 16348 16265 16236 16255 16613 16641 16183 16178 16187 16190 16193 16180 16182 16183 16213 16237 16228 16247
16291 17057 16800 16315 16395 16379 16299 16223 16132 16069 16043 16030 16031 16029 16032 16037 16052 16063 16077 16106 16124 16154 16175 16202 16215 16235 16237 16245 16257 16298 16382 16461 16534 16609 16653 16709 16615 16577 16506 16465 16458 16548 16474 16481 16473 16453 16438 16428 16404 16367 16340 16313 16297 16290 16265 16289 16281 16441 16420 16228 16211 16208 16201 16187 16172 16169 16156 16162 16164 16161 16153 16150 16154 16172 16203 16223 16243
16196 16959 16942 16311 16398 16337 16255 16171 16079 16029 16025 16010 16008 16003 16015 16027 16034 16054 16078 16106 16124 16145 16168 16190 16206 16221 16228 16228 16242 16260 16323 16439 16528 16566 16612 16666 16621 16560 16507 16466 16456 16474 16467 16481 16477 16452 16434 16426 16404 16357 16345 16312 16292 16263 16273 16287 16273 16528 16329 16215 16202 16198 16256 16180 16172 16154 16134 16146 16138 16130 16124 16130 16132 16135 16156 16208 16230
16137 17062 16687 16322 16313 16284 16220 16142 16043 16002 16000 15995 15991 15980 15991 16007 16030 16048 16071 16092 16106 16130 16154 16177 16190 16201 16205 16216 16241 16256 16296 16388 16481 16539 16602 16615 16695 16547 16492 16465 16454 16448 16458 16478 16470 16458 16430 16412 16392 16347 16326 16301 16274 16290 16347 16272 16278 16740 16453 16219 16192 16179 16173 16173 16161 16153 16123 16127 16125 16116 16119 16112 16118 16129 16146 16178 16227
16118 16245 16264 16283 16308 16313 16220 16124 16023 15991 15977 15975 15955 15960 15984 16002 16021 16031 16046 16072 16081 16104 16134 16158 16179 16182 16194 16200 16223 16243 16271 16329 16456 16509 16597 16625 17108 17068 16492 16476 16467 16459 16498 16471 16467 16458 16433 16407 16384 16351 16320 16289 16267 16312 16346 16349 16404 16549 16377 16193 16191 16185 16167 16172 16165 16137 16130 16102 16100 16101 16102 16107 16111 16119 16126 16142 16200
16093 16206 16196 16250 16326 16325 16192 16076 16002 15977 15957 15958 15954 15951 15970 15991 16005 16010 16029 16042 16052 16083 16122 16146 16154 16175 16186 16184 16194 16228 16250 16301 16433 16468 16580 16581 17210 17154 16714 16487 16463 16448 16460 16474 16476 16453 16427 16394 16354 16346 16313 16292 16275 16247 16342 16510 16542 16625 16242 16187 16197 16181 16158 16152 16143 16136 16118 16096 16082 16111 16123 16174 16104 16107 16115 16129 16156
16233 16240 16182 16237 16310 16304 16147 16020 15977 15956 15958 15956 15949 15948 15951 15979 15996 16011 16021 16065 16091 16101 16113 16122 16145 16164 16187 16166 16180 16214 16242 16291 16365 16409 16530 16575 17126 17229 16583 16496 16474 16466 16471 16493 16495 16456 16419 16399 16356 16333 16319 16299 16277 16292 16347 16209 16286 16432 16383 16361 16323 16192 16152 16129 16118 16114 16105 16079 16062 16836 16895 16265 16098 16100 16106 16113 16127
16109 16369 16187 16241 16294 16234 16079 15982 15970 15987 15976 15960 15946 15941 15935 15943 15968 16011 16030 16063 16090 16101 16111 16130 16140 16151 16154 16160 16177 16195 16233 16277 16333 16357 16465 16557 16578 16641 16663 16532 16573 16484 16479 16488 16472 16448 16419 16376 16352 16317 16312 16290 16282 16383 16297 16190 16318 16316 16199 16328 16333 16143 16145 16147 16132 16121 16096 16076 16255 17020 17068 16508 16155 16098 16100 16102 16114
16212 16200 16191 16243 16254 16160 16031 15992 16168 16394 16396 16200 15947 15940 15940 15944 15960 15983 16014 16024 16037 16087 16178 16315 16329 16149 16147 16147 16151 16180 16231 16275 16305 16309 16435 16538 16592 16593 16640 16552 16650 16482 16478 16473 16457 16440 16412 16378 16354 16317 16310 16289 16276 16315 16207 16203 16292 16212 16175 16166 16155 16145 16138 16153 16153 16193 16118 16140 16482 17017 17146 17006 16628 16208 16098 16107 16115
16198 16203 16190 16304 16195 16095 16010 16008 16401 16443 16018 16471 16004 15947 15936 15941 15950 15968 15988 15999 16017 16040 16148 16226 16311 16134 16120 16128 16131 16149 16203 16259 16302 16280 16405 16477 16644 16739 16631 16544 16650 16488 16478 16477 16453 16436 16407 16375 16332 16312 16305 16291 16274 16252 16219 16209 16226 16200 16176 16173 16161 16165 16155 16159 16158 16180 16171 16275 16489 16820 17122 17032 16727 16228 16112 16111 16111
16174 16187 16188 16275 16177 16073 16002 16014 16395 16457 16252 16460 15999 15956 15946 15951 15953 15953 15969 15998 16016 16036 16064 16131 16113 16102 16108 16122 16127 16131 16187 16254 16289 16270 16353 16434 16467 16597 16585 16744 16678 16587 16508 16595 16518 16443 16387 16352 16323 16295 16290 16289 16274 16257 16236 16318 16358 16218 16185 16188 16174 16162 16161 16153 16152 16156 16163 16153 16134 16310 16588 16770 16567 16167 16181 16218 16197
