Alternative/Moon/Lvl0_30x30/Ele_DI.asc
ncols         335
nrows         335
xllcorner     6757491.657
yllcorner     -3377166.958
cellsize      10000
nodata_value  -9999.0
[rows 238 to 271 of 335, columns 0 to 76 of 335]
18804 18845 18895 18643 18252 17944 18074 18159 18085 18048 18032 18301 18609 18851 18387 17924 18338 18883 18944 18446 19100 19165 18548 18959 18964 19078 18921 19174 19195 18913 19359 19327 19592 19852 19641 19503 19462 19601 19708 19740 19685 19820 19920 19597 19951 20012 19994 20508 20443 20420 20693 21075 21101 21361 21368 20849 20627 20483 20378 20522 20635 20625 20492 20498 20539 20760 20716 20336 20541 20832 21057 21188 20709 20477 20439 20390 20688
19132 19217 19173 19022 18518 17886 18146 18137 18046 18050 18152 18232 18425 18674 18336 18102 18549 19179 19192 18715 18990 18872 18936 19118 18975 19152 18966 19194 19262 19101 19427 19493 19782 19826 19580 19695 19837 19905 19498 19561 19609 19707 19696 19946 20070 20080 20090 20370 20331 20673 20887 20979 21026 21197 21188 21076 20622 20498 20358 20484 20511 20455 20604 20426 20511 20575 20272 20086 20214 20550 20784 20660 20121 20073 19971 19987 20351
19170 19103 19070 18832 18468 17981 18187 18170 18383 18384 18231 18380 18339 18329 18266 18144 18535 19237 19607 19664 19635 19600 19274 18904 18775 19077 18912 18784 19209 19229 19651 19607 19705 19790 19567 19627 19712 19467 19666 19645 19618 19476 19796 20390 20396 20082 20291 20165 20210 20710 20689 20613 20761 20943 20969 20816 20630 20648 20340 20390 20430 20393 20254 20284 20283 20223 20107 20119 20122 20265 20048 20002 20093 20046 19922 19999 20086
19420 19160 18925 18748 18359 18090 18040 18138 18577 18499 18382 18428 18426 18394 18394 17970 18410 19232 19728 19689 19609 19529 19262 18833 18688 18792 18556 18876 18932 18889 19355 19421 19646 19899 19562 19652 19802 19717 19683 19400 19864 19937 20078 20400 20425 20090 20059 20041 20171 20500 20457 20707 20569 20735 20858 20559 20433 20621 20507 20459 20384 20110 20130 20075 20152 20151 20127 20138 20130 20053 20024 20081 20111 20068 19932 20024 20157
18986 18991 19196 19232 19082 18427 18065 17906 18442 18740 18878 18456 18401 18157 18219 18297 18355 18709 18715 19068 19384 19540 19226 18804 18722 18815 18673 19117 19134 18917 19232 19247 19505 19703 19628 19881 19881 19636 19629 19778 20000 20168 20109 20038 20082 19878 19750 20072 20255 20129 20366 20335 20366 20388 20376 20162 20238 20340 20408 20324 20096 20070 19999 20027 20016 20103 20186 20181 20099 20038 19980 20012 19940 19952 19972 20052 20153
18488 18965 19051 19097 19081 18533 17985 18124 17990 18789 18625 18464 18377 18296 18611 18556 18951 19007 18549 18762 18987 19205 19255 18389 18740 18930 18785 19049 19204 19209 19230 19386 19157 19303 19445 19645 19796 19713 19724 19702 19536 19591 19806 19812 19549 19547 19744 20131 20101 20178 20309 20262 20441 19956 19970 20071 20206 20180 20118 19978 19972 19949 19956 20052 20135 20233 20247 20167 19986 19913 19939 19926 19905 19933 19984 19999 19999
18703 18841 18802 18654 18774 18290 17782 18393 18311 18924 18899 19041 18829 18713 18237 18459 18724 19039 18767 18878 18924 18960 19034 18644 18784 18881 18889 18688 19212 19207 19131 19349 19058 18989 19346 19437 19801 20067 19847 19437 19278 19366 19294 19460 19498 19575 19967 20054 19929 20173 20131 20277 20287 20073 20000 20092 20151 20114 19962 19822 19746 19978 20088 20196 20224 20261 20255 20065 19944 19828 19866 19983 19926 19878 20017 20087 20211
18628 18686 18829 18707 18862 18902 17427 18303 18475 18906 18845 19088 18883 19066 18861 18920 18622 18572 18800 18831 18859 18210 18805 18731 18779 18848 18790 19046 19494 19444 19437 19529 19151 18988 19123 19201 19827 19946 19687 19213 19152 19707 19797 19597 19435 19519 19985 20050 20022 20145 20022 19972 19959 19963 20380 20202 20076 20008 19905 19757 20000 20062 20195 20233 20236 20151 20014 19990 19806 19893 20023 19975 19808 19902 20025 20062 20064
19102 19083 18794 18687 18694 18603 17711 17609 17528 17479 18265 18539 18666 18975 18436 18504 18677 18849 18479 18203 18359 18688 18786 18474 18569 18897 18892 19155 19511 19507 19312 19443 19072 19097 19135 19166 19694 19638 19532 19182 19294 19543 19665 19581 19783 19854 19988 20126 20189 20055 19917 19869 19885 19928 20437 20239 19987 19750 19974 19924 20027 20093 20149 20133 19896 20063 19909 20218 20158 20216 20086 19879 19856 19825 19868 19875 20073
19018 18946 17770 17580 17727 17280 17431 18534 18748 18412 18330 18404 18059 18068 17274 17886 18601 18813 18575 18662 18891 18796 19153 18791 18688 18782 18803 19142 19512 19687 19227 19377 18955 19140 19211 18827 19232 18943 18273 19281 19354 19672 19993 20202 20363 19993 19923 20075 20113 20045 20025 19831 19859 20202 19475 20286 20285 19886 19861 19930 19969 19922 19947 20032 19985 19935 19904 20013 20068 20255 20047 20004 19906 19770 19990 20150 19876
17312 17485 17725 17883 17709 17312 17661 18816 18966 18862 19086 19137 19095 18595 17960 17070 17369 17802 18202 18438 18496 18919 19009 18904 19009 18778 18243 19055 19490 19235 19259 19473 19182 19125 19048 19096 19735 19602 19171 19999 20015 20118 20340 20174 20143 19866 19905 19902 19762 20065 20168 20072 19938 20088 19960 20235 20221 19819 19781 19844 19918 19928 19854 19895 19877 19837 19821 19831 19825 19793 20146 19838 19984 19834 19886 20064 20155
17326 17504 17507 17636 17711 17966 17981 18736 18688 18919 19297 19490 19741 19342 18798 18363 17683 17998 18772 18512 18421 18700 18819 19168 19319 18984 18454 19218 19539 19309 19654 19628 18960 19036 18995 19156 19555 19871 19770 20038 19930 20079 20355 20059 19871 19880 19896 19859 20024 20133 20187 20019 19750 19516 19591 19696 19696 19860 19785 19739 19907 19653 19818 19975 19899 19746 19748 19816 19869 20147 20202 19941 19974 19980 20035 19973 20037
16951 16873 16815 17118 17493 18220 18195 18216 18504 18745 19122 19788 19987 19804 19386 18868 18502 18337 18822 18672 18608 18779 18861 18943 19001 18793 18388 18955 19274 19316 19692 19549 19536 19439 18641 19158 19592 19982 20148 20190 19944 20029 19934 19887 19892 19927 19860 19939 20049 20118 19699 19563 19525 19444 19496 19329 19511 19900 19838 19662 19969 19894 19980 19967 19902 19728 19754 19818 19828 19837 19765 19809 19869 20039 20153 20030 20008
16854 16720 16949 17027 17316 17623 17708 17721 17728 17731 18563 19473 20091 20019 19653 19407 18956 18636 18336 18802 19010 19615 19725 18912 18316 18411 18781 19135 19223 19224 18937 19082 19564 19569 19239 19206 19394 19882 20123 20140 20091 20087 19908 19849 19916 19781 19654 19644 19657 19816 19622 19342 19306 19334 19652 19618 19559 19687 19671 19785 19579 19881 19871 19852 19763 19691 19767 19828 19735 19682 19654 19672 19747 19776 19741 19726 19716
16779 16566 16943 16998 17356 17391 17692 17976 18074 18186 18160 18413 19213 19728 19725 19938 19896 19634 19151 17920 18685 19728 19773 19476 18756 18818 18852 19076 19011 19092 18896 18951 19264 19305 19187 19282 19501 19518 19772 20127 20500 20193 19966 19873 19865 19614 19726 19841 19697 19921 19676 19336 19462 19707 19730 19542 19534 19548 19507 19652 19703 19703 19920 19792 19684 19669 19665 19606 19600 19634 19641 19688 19681 19650 19667 19758 19679
16702 16817 17138 17072 17156 17637 17828 17915 18179 18160 18109 18474 18712 19003 19503 19771 19817 19529 19408 19012 18885 19009 19594 19407 19340 19064 19061 19168 18995 19109 19109 19011 18988 19015 19364 19655 19529 19208 19144 19961 20213 20237 20031 19613 19700 19615 19795 19524 19336 19317 19431 19528 19620 19737 19668 19594 19588 19509 19534 19556 19683 19827 20057 19702 19767 19573 19600 19636 19628 19642 19650 19721 19694 19698 19771 19800 19744
17287 17004 17180 17201 17251 17422 17676 17499 17467 18027 18207 18348 18607 19245 18969 19882 19996 19817 19857 19521 20070 20161 19951 19587 19521 19194 19407 19341 19140 19161 19040 18859 18907 19029 19872 19889 19167 18729 18939 18914 18977 19453 19958 19741 19649 19589 19521 19443 19399 19330 19421 19533 19398 19027 19354 19880 19878 19682 19659 19708 19702 19853 20075 19937 19750 19659 19670 20000 20032 19900 19757 19725 19704 19782 19736 19752 19701
16989 17156 17129 17152 17240 17271 17282 17515 17780 17450 17637 17412 17974 19086 19083 19274 19929 20114 20138 19720 20156 20460 20517 20088 19565 19127 19549 19705 19351 19160 18835 19366 19368 19506 19626 18972 18772 18585 18684 18711 18830 19449 19860 19831 19652 19490 19214 19450 19481 19320 19282 19348 19390 19475 19705 19963 19887 19635 19700 19957 19890 19681 19972 19642 19481 19871 20173 20127 20218 20243 19943 19758 19755 19859 19849 19745 19695
15556 15813 15817 16072 16225 16139 16136 16777 17021 17308 17312 17331 17387 18561 18506 18281 18266 19420 19867 19488 19884 20467 20442 19826 19522 19492 19374 19673 19399 19509 19095 19383 19343 19702 19816 19414 19398 19191 19032 18633 18807 19116 19423 19391 19251 19214 19631 19732 19585 20001 19875 19443 19403 19453 19670 19795 19634 19681 19705 19912 19918 19987 20024 19850 19464 20114 20264 18110 18503 20197 20032 19815 19768 19837 19677 19640 19804
15194 15193 15181 15158 15477 15675 15663 15811 16137 16985 17121 17176 17170 17714 18403 18389 17843 17946 18947 19489 19531 19741 20295 20298 20110 20020 20006 19950 20026 19956 19331 19380 19899 19944 20066 19744 19348 19583 19347 19157 19451 19407 19448 19288 19166 19169 19687 19806 19325 20017 19966 19456 19311 19382 19781 19763 19643 19703 19774 19800 19827 19646 19720 19723 19673 20225 20328 19604 19706 20144 19822 19801 19747 19783 19583 19785 19785
15181 15203 15199 15186 15167 15160 15456 15494 15171 15375 15826 16314 16605 16684 17564 18043 18000 17605 17793 18729 19058 19465 20424 20518 20705 20402 20158 20349 20749 20945 20834 20492 20094 20060 19900 19782 19685 19676 19166 19569 19775 19958 19826 19510 19532 20138 20220 19936 19410 19718 19782 19613 19546 19473 19737 19676 19898 19845 19845 19654 19648 19697 19714 18564 19457 20242 20194 20180 20192 20064 19595 19745 19430 19912 19918 19998 20039
15275 15247 15241 15357 15346 15202 15197 15166 15180 15175 15276 15478 16178 16577 16968 17489 17551 17589 17830 18044 18499 18676 20087 20745 20871 20538 20366 20136 20497 20750 20824 20857 20641 19850 19607 19411 19590 19595 18754 18975 19106 19801 19751 19178 19743 20375 20369 19946 19471 19404 19584 19596 19709 19926 19876 19581 19712 19660 19622 19467 19484 19784 19763 18946 19414 20238 19917 19803 19649 19670 19696 19745 19782 19860 19841 19827 19780
15491 15417 15380 15426 15463 15375 15289 15242 15235 15171 15161 15181 15290 16021 16582 17088 17378 17517 17508 17805 18522 18881 19215 20298 20686 20547 20553 20379 20324 20889 20952 21042 21018 20314 19652 19284 19165 19750 19519 19289 19339 19360 18442 18527 18699 19463 19244 19015 19140 18868 19760 19951 19968 20119 19978 19592 19618 19564 19493 19491 19563 20199 20214 20213 20199 19949 19791 19704 19746 19832 19888 19893 19921 19812 19816 19829 19805
15719 15614 15511 15430 15467 15477 15394 15375 15281 15242 15152 15168 15181 15192 15975 16437 16806 17553 17602 17845 18128 18798 19261 20197 20157 20329 20347 20337 20513 20622 20862 21045 21047 20336 19743 19740 19252 19758 19678 19462 19417 19369 18881 18311 19119 19280 19240 19603 19623 19059 19784 20030 19982 19953 19799 19515 19447 19527 19510 19795 19768 19851 20155 20244 20195 19926 19947 19913 19976 19969 19882 19900 19874 19926 19982 19843 19755
15919 15695 15647 15586 15500 15495 15504 15481 15559 15382 15165 15196 15201 15230 15804 16245 16637 16716 17226 17408 17960 18459 18789 19575 19668 20210 20363 20155 20075 20335 20421 20631 20734 20269 19941 19919 19700 19245 19003 19046 19070 19249 19291 19544 19325 19371 19620 19790 19788 19543 20167 20096 19616 19663 19540 19535 19511 19461 19424 19910 19970 19853 19865 19910 19759 19916 20011 20058 20050 19927 19874 19870 19838 19818 19925 19746 19690
15851 16088 15774 15657 15540 15554 15545 15657 15630 15578 15480 15254 15436 15203 15720 16136 16905 16791 16928 17005 17128 18199 18167 19235 19252 19742 19908 20123 20040 19942 20094 20332 20346 20650 20194 20175 19850 19185 17799 17132 17502 18396 18937 19426 19832 20253 20092 19816 19630 19529 19088 19731 19839 19662 19712 19562 19521 19400 18951 19693 19797 19834 19753 19941 19947 20026 20009 19956 20031 20059 19910 19857 19530 19235 20023 19944 19843
15865 15775 15938 15833 15886 15814 15710 15841 15781 15953 15805 15372 15552 15402 15273 15444 16349 16824 16901 16990 17174 17976 18431 18339 18539 19295 19342 20316 20424 20353 20095 20114 20368 20421 20348 20169 19729 18987 18359 17115 17187 18037 18142 18838 19919 20458 20109 19683 19647 19518 18720 19705 19803 19683 19450 19625 19606 19525 19337 19612 19636 19818 20044 20069 19993 19978 19798 19396 19951 20031 20007 20125 20093 19591 20059 20053 19924
15910 15895 15934 16102 16057 15848 15812 15816 15752 16158 15879 15754 15579 15469 15393 15254 15791 16163 16835 16855 17266 18210 18425 18567 18706 19570 19589 20010 20369 20329 19958 20133 20388 20580 20576 19977 19149 18849 18341 17113 17062 18128 18211 18564 19422 20066 20047 19546 19672 19685 19263 19590 19436 19955 19821 19562 19623 19415 19583 19689 19887 19851 20063 20052 19729 19571 19630 19712 19930 20045 19957 19936 19911 19912 20023 19697 19874
16204 15900 16203 16293 16254 16228 15958 15802 15847 15951 15857 15726 15848 15536 15549 15437 15292 16280 16298 16580 17233 18363 18698 18742 18813 19395 19521 20052 20476 20348 19871 20184 20425 20422 20380 20278 20049 19568 17789 17231 17195 17453 17876 18480 19346 19864 19793 19274 19185 19191 19583 19590 19490 19913 19667 19906 19831 19616 19841 19922 19917 19914 19896 19856 19749 19827 19743 19892 19904 19811 19774 19817 19801 19993 19992 19840 19648
16238 16071 16085 16211 16203 15900 15806 15710 15741 15847 15872 15780 15910 15873 15865 15542 15420 15914 16575 17115 17185 18229 18784 19127 19108 19141 19761 19973 20272 20850 20303 20090 20271 20256 20186 20344 20104 19277 18124 18230 18061 17701 17790 18900 19758 19853 19381 18968 19068 19017 19550 19464 19381 19720 19591 19813 19771 19766 19811 19523 20590 20640 20425 20075 19916 20015 19904 19953 19869 19806 19764 19765 19784 19697 19574 19537 19573
16409 16333 16298 16220 16128 16073 15979 15767 15692 15850 16005 15909 15834 15843 15754 15452 15477 15504 16019 17069 17239 17931 18510 19276 19281 19308 19492 19889 20794 21396 20869 20397 20710 20689 20214 20070 19561 18521 18633 18678 18440 18078 18370 19484 19962 19690 19331 19107 19251 19413 19458 19456 19336 19233 19128 18813 18836 18950 18883 19709 20909 20885 20431 20138 19975 19680 19551 19656 19674 19576 19499 19475 19427 19421 19415 19478 19490
16777 16582 16430 16116 16147 16093 16140 15771 15810 15806 16077 15964 15850 15727 15747 15440 15469 15566 15628 17093 17254 17757 18253 18909 19306 19483 19077 19535 20375 21060 20769 20327 20906 21221 21204 20890 20493 19097 18796 18963 18949 18552 18786 19623 20125 19818 19493 19281 19128 19293 19459 19215 19490 19506 18995 18574 18744 18737 19022 19899 20726 20686 20372 19787 19795 19693 19640 19657 19631 19571 19602 19519 19439 19451 19540 19547 19518
16953 17541 17246 16190 16237 15963 15898 16013 16118 16059 16041 15847 15685 15542 15607 15422 15477 15459 15510 15785 15762 17591 18371 18466 18979 19255 19094 19328 20000 20173 20458 20609 20714 21311 21269 21593 21343 20540 19687 19639 19525 19703 19566 19686 19916 19906 19803 19453 19248 18987 19647 19587 19574 19619 18875 19005 19610 19639 19788 20203 20841 20664 20278 19997 19815 19602 20111 20137 19863 19776 19668 19856 19816 19579 19495 19439 19527
17983 17619 17358 16288 16391 16374 16299 16225 16262 16408 16094 15948 15957 15960 15882 15575 15434 15390 15433 15383 15184 16231 18158 18366 18769 18916 18808 19477 19626 19937 19518 20543 20575 20594 21221 21619 21586 20765 19831 19816 19720 19276 19368 19653 20065 20037 19813 19577 19196 19158 19491 19456 19210 19395 19369 19568 19874 19777 19472 19825 20073 19952 19956 19703 19246 20094 20243 20254 20080 19852 19614 19826 19802 19538 19633 19615 19532
