Alternative/Moon/Lvl0_30x30/Ele_AB.asc
ncols         335
nrows         335
xllcorner     -16692508.343
yllcorner     6672833.042
cellsize      10000
nodata_value  -9999.0
[rows 68 to 101 of 335, columns 231 to 307 of 335]
21705 21702 21679 21652 21605 21628 21554 21711 21750 21739 21794 21863 21933 22021 22117 22185 22263 22329 22392 22451 22536 22560 22641 22642 22649 22649 22623 22635 22520 22470 22388 22320 22209 22190 22149 22114 22019 21887 21858 21804 21770 21680 21694 21657 21627 21545 21548 21516 21537 21523 21511 21455 21476 21440 21432 21405 21357 21321 21291 21280 21276 21242 21201 21150 21143 21148 21261 21322 21358 21355 21347 21330 21263 21206 21145 21081 21019
21691 21634 21617 21582 21515 21484 21417 21495 21548 21505 21556 21571 21620 21695 21745 21836 21839 21809 21859 21794 21793 21654 21653 21661 21591 21572 21581 21525 21438 21705 21406 21362 21433 21336 21276 21283 21269 21299 21232 21243 21209 21217 21205 21221 21291 21387 21377 21412 21431 21610 21572 21652 21673 21762 21775 21782 21720 21710 21642 21535 21404 21291 21211 21143 21094 21060 21055 21068 21111 21061 21060 21035 21002 21037 20993 20987 20946
21355 21315 21294 21325 21215 21177 21207 21280 21246 21226 21160 21134 21043 21037 20859 20905 20786 20723 20785 20808 20662 20574 20518 20487 20476 20492 20491 20469 20495 20526 20543 20559 20612 20637 20673 20722 20780 20917 21033 21086 21177 21338 21459 21495 21582 21650 21753 21882 21943 22007 22057 22082 22111 22092 22049 21977 21879 21715 21560 21430 21237 21083 20897 20745 20627 20555 20530 20489 20451 20363 20320 20386 20404 20430 20488 20558 20598
21186 21192 21155 21149 21068 21081 20998 20917 20860 20836 20821 20784 20754 20692 20614 20624 20596 20573 20526 20517 20472 20452 20458 20468 20455 20440 20455 20465 20495 20466 20502 20543 20585 20584 20547 20582 20637 20787 21005 21144 21296 21528 21636 21707 21874 21913 21937 21925 21913 21888 21890 21887 21870 21852 21827 21792 21694 21608 21485 21395 21286 21172 21007 20922 20783 20684 20612 20680 20694 20762 20827 20828 20912 20942 20978 21012 21035
21017 20990 21019 21016 21033 21011 21034 21061 21075 21048 21014 21002 21014 20972 20931 20874 20839 20870 20791 20736 20683 20620 20607 20632 20635 20579 20627 20793 20705 20806 20820 20812 20900 21029 21182 21293 21464 21562 21734 21980 22096 22194 22407 22453 22468 22471 22451 22377 22311 22183 22044 21969 21914 21859 21717 21635 21534 21480 21404 21370 21314 21263 21152 21105 21012 21020 21028 20970 20936 20924 20935 20900 20926 20926 20918 20852 20804
20894 20862 20875 20906 20969 21016 21108 21199 21247 21243 21226 21241 21263 21290 21396 21307 21298 21237 21144 21068 21108 21019 21031 21051 21046 21048 21191 21254 21400 21489 21567 21631 21659 21783 21969 22119 22309 22412 22587 22637 22646 22775 22749 22775 22801 22817 22746 22748 22601 22500 22417 22287 22195 22142 22044 22035 22038 22048 22058 22061 22046 21974 21884 21823 21635 21662 21422 21455 21293 21216 21124 21052 21005 20967 20940 20894 20843
20659 20647 20672 20769 20830 20927 21009 21034 21051 21123 21201 21289 21402 21472 21492 21492 21469 21449 21400 21376 21380 21388 21361 21365 21373 21421 21543 21615 21712 21884 22054 22214 22397 22612 22739 22780 22781 22701 22646 22725 22738 22870 22861 22840 22817 22784 22701 22644 22573 22531 22498 22415 22436 22399 22344 22327 22217 22163 22084 21983 22038 22017 21915 21820 21682 21551 21477 21426 21347 21305 21282 21285 21293 21290 21289 21305 21312
19912 19896 19971 20027 20151 20255 20299 20430 20608 20767 20949 20948 21008 21152 21216 21330 21450 21539 21543 21582 21618 21635 21524 21640 21689 21747 21767 21856 22007 22139 22259 22307 22395 22552 22692 22744 22772 22698 22614 22449 22509 22469 22520 22470 22482 22440 22404 22416 22455 22460 22460 22459 22549 22531 22467 22413 22345 22219 22090 21965 21826 21675 21550 21540 21494 21504 21465 21446 21439 21439 21485 21443 21502 21516 21583 21637 21726
20245 20356 20399 20494 20689 20823 20946 21114 21241 21414 21349 21523 21681 21712 21791 21858 22105 22103 22174 22169 22160 22134 22182 22122 22129 22145 22141 22181 22268 22305 22346 22395 22463 22494 22508 22476 22411 22331 22282 22189 22130 22042 21919 21858 21832 21873 21873 21899 21859 21810 21899 21929 22085 21964 21960 21906 21878 21831 21827 21812 21814 21802 21765 21776 21786 21881 21951 21960 21944 21874 21786 21700 21698 21759 21816 21948 22031
20341 20402 20494 20605 20763 20907 21043 21153 21290 21463 21526 21570 21779 21842 22002 22031 22177 22205 22215 22203 22211 22186 22217 22210 22194 22166 22177 22212 22243 22300 22341 22403 22461 22492 22515 22516 22466 22422 22355 22286 22302 22314 22293 22323 22297 22181 22192 22142 22176 22137 22103 22094 22134 22111 22044 21999 21946 21877 21827 21771 21751 21727 21669 21681 21638 21739 21737 21743 21711 21664 21582 21540 21559 21614 21659 21730 21799
20084 20171 20314 20437 20500 20556 20659 20812 20707 20825 20792 20980 20968 21469 21502 21375 21518 21576 21614 21685 21745 21772 21884 21956 22077 22163 22281 22312 22321 22306 22328 22281 22295 22322 22314 22292 22303 22328 22362 22336 22385 22350 22367 22371 22369 22285 22306 22254 22267 22311 22321 22295 22270 22256 22224 22170 22141 22039 22016 21878 21765 21666 21630 21645 21616 21597 21570 21544 21501 21443 21342 21317 21320 21340 21365 21419 21500
20016 20071 20070 20048 20000 20044 20158 20249 20475 20686 20854 21033 21206 21411 21547 21674 21753 21783 21763 21735 21686 21683 21730 21724 21758 21898 21852 21900 21971 21946 21933 21903 21849 21847 21746 21691 21696 21689 21719 21743 21760 21745 21780 21857 21965 22040 22056 22117 22182 22250 22254 22247 22234 22268 22271 22253 22212 22134 22097 22042 21972 21914 21870 21813 21757 21709 21669 21639 21594 21551 21509 21423 21395 21363 21330 21314 21269
20115 20109 20112 20130 20171 20214 20263 20337 20469 20654 20740 20954 21102 21275 21380 21512 21592 21529 21541 21462 21414 21406 21435 21370 21355 21354 21559 21524 21609 21655 21687 21683 21683 21778 21870 21956 21989 22073 22119 22135 22134 22148 22124 22092 22099 22090 22032 22086 22112 22118 22117 22053 22055 22060 22033 21984 21941 21951 22005 22034 22063 22072 22052 22021 21967 21898 21852 21803 21700 21655 21595 21474 21395 21310 21305 21321 21319
20050 20046 20048 20091 20134 20192 20249 20274 20322 20377 20438 20455 20459 20494 20608 20622 20760 20849 20946 21040 21132 21178 21172 21158 21121 21156 21191 21298 21373 21433 21541 21581 21640 21760 21842 21934 21977 22055 22098 22141 22111 22095 22055 22012 21988 21934 21922 21984 22002 22000 21825 21876 21782 21853 21905 21937 21983 21940 22063 22093 22133 22134 22111 22069 22027 22006 21989 21948 21818 21695 21746 21640 21542 21451 21333 21234 21164
20085 20165 20181 20161 20155 20185 20317 20372 20505 20545 20566 20638 20727 20849 20959 21037 21047 21032 20943 20873 20781 20858 20831 20738 20841 20801 20789 20787 20845 20994 21042 21099 21162 21238 21363 21384 21452 21485 21717 21712 21529 21497 21450 21452 21486 21524 21473 21453 21424 21404 21359 21308 21247 21208 21264 21287 21261 21349 21434 21315 21316 21319 21384 21162 21196 21175 21219 21226 21214 21232 21324 21355 21353 21345 21271 21204 21113
20071 20142 20169 20177 20143 20276 20274 20394 20432 20498 20591 20669 20805 20970 21104 21173 21197 21192 21201 21248 21288 21292 21245 21207 21151 21169 21154 21177 21206 21194 21160 21199 21229 21265 21315 21331 21296 21389 21273 21229 21144 21039 20962 20943 20912 20883 20830 20751 20736 20708 20681 20686 20728 20759 20783 20798 20809 20809 20765 20726 20719 20691 20730 20804 20811 20817 20718 20678 20689 20699 20642 20673 20714 20814 20744 20756 20757
20209 20280 20361 20424 20508 20581 20641 20651 20694 20685 20684 20712 20771 20829 20861 20863 20914 20999 21093 21086 21108 21182 21173 21075 21079 21082 21105 21135 21133 21101 21032 21053 21043 21118 21118 21131 21135 21082 21055 21031 20988 20945 20976 20946 20929 20940 20968 20972 20958 20873 20756 20674 20675 20703 20694 20686 20688 20670 20653 20677 20696 20740 20845 20925 20958 21031 21075 21099 21064 20996 20951 20902 20842 20807 20694 20559 20533
20216 20268 20341 20436 20525 20634 20704 20716 20743 20723 20739 20738 20772 20818 20833 20809 20778 20794 20813 20809 20834 20922 20950 21023 21062 21056 21062 21005 21081 21054 21070 21056 21060 21059 21078 21063 21003 21070 21077 21072 21058 21037 21039 21066 21087 21060 21103 21132 21112 21080 21039 20977 20976 20956 20927 20877 20901 20885 20925 20855 20861 20862 20843 20861 20882 20880 20863 20914 20892 20905 20906 20885 20892 20902 20834 20787 20746
19983 20058 20123 20181 20264 20294 20333 20370 20432 20526 20572 20576 20616 20669 20742 20814 20841 20929 20940 20994 21062 21160 21251 21293 21335 21343 21318 21260 21161 21098 21048 20975 20972 21013 21054 21023 20912 20858 20776 20784 20874 20957 21029 21067 21075 21076 21129 21136 21125 21068 21031 21025 21043 21084 21171 21202 21203 21229 21193 21183 21092 21023 20997 20968 20958 20985 20975 20937 20931 20869 20840 20814 20818 20760 20749 20682 20593
20339 20348 20358 20343 20431 20490 20504 20572 20604 20585 20604 20595 20573 20594 20631 20887 20883 20845 21016 21110 21170 21185 21211 21243 21255 21234 21197 21120 20967 20843 20901 20799 20817 20915 20972 21069 21096 21038 20955 20891 20800 20642 20650 20698 20804 20874 20960 20978 21022 21045 21066 21034 21072 21144 21168 21167 21148 21153 21116 21111 21034 20956 20906 20878 20817 20773 20696 20680 20610 20555 20194 20162 20191 20169 20182 20153 20178
20392 20452 20486 20545 20653 20691 20738 20803 20874 20961 21059 21116 21165 21255 21321 21402 21452 21471 21463 21441 21414 21339 21284 21234 21190 21135 21088 21067 21058 21040 21103 21167 21229 21326 21527 21598 21647 21621 21505 21274 21054 20780 20483 20375 20159 19895 19716 19507 19445 19499 19561 19917 19810 19963 20148 20358 20422 20701 20595 20510 20495 20513 20533 20489 20422 20362 20280 20243 20134 20165 20062 19960 19873 19775 19686 19603 19470
20328 20404 20495 20566 20686 20770 20904 21019 21041 21146 21171 21192 21234 21310 21380 21441 21491 21468 21419 21421 21416 21398 21389 21322 21235 21151 21118 21117 21089 21102 21130 21189 21257 21352 21545 21613 21681 21655 21510 21301 21051 20730 20396 20114 19862 19570 19371 19197 19212 19349 19463 19605 19664 19705 19836 19880 20028 20075 20136 20206 20189 20088 19918 19981 19802 19781 19730 19699 19673 19540 19513 19468 19421 19381 19326 19234 19186
20276 20340 20405 20484 20588 20723 20900 21014 21120 21176 21194 21251 21304 21308 21299 21323 21390 21429 21381 21364 21310 21212 21201 21162 21162 21139 21102 21075 21103 21117 21116 21125 21129 21134 21117 21141 21167 21215 21232 21208 21151 21119 21104 21059 20998 20999 20840 20759 20668 20596 20563 20423 20309 20150 19967 19857 19816 19801 19670 19617 19547 19494 19455 19364 19285 19275 19360 19360 19355 19336 19366 19388 19372 19320 19253 19249 19218
20493 20462 20507 20520 20557 20585 20647 20695 20801 20934 21069 21150 21172 21168 21140 20936 20989 21008 20976 20954 20897 20913 20895 20881 20883 20898 20917 20910 20907 20959 20981 21004 21071 21169 21275 21277 21233 21244 21236 21237 21241 21211 21171 21120 21100 21104 21086 21047 20938 20854 20793 20771 20614 20442 20340 20238 20062 20059 19926 19854 19771 19844 19832 19806 19760 19637 19567 19526 19368 19260 19312 19314 19392 19608 19628 19688 19735
20998 21039 20886 20942 20872 20842 20773 20754 20748 20731 20698 20626 20608 20590 20595 20687 20730 20792 20848 20843 20874 20947 20977 20950 20965 20972 20990 20996 20995 21041 21121 21148 21119 21164 21266 21278 21294 21249 21250 21205 21192 21171 21160 21113 21068 21038 21018 20994 20930 20855 20814 20769 20650 20552 20504 20403 20388 20333 20243 20152 20008 19905 19902 19884 19859 19770 19722 19728 19633 19674 19758 19805 19851 19894 19896 19872 19779
21124 21093 21048 20990 20924 20861 20820 20775 20764 20782 20815 20750 20750 20710 20748 20785 20807 20818 20868 20867 20897 20960 20989 20922 20943 20976 20989 21000 21023 21056 21080 21095 21063 21045 21002 20942 20938 20962 21048 21035 20994 20925 20922 20950 20926 20899 20769 20711 20705 20669 20584 20549 20531 20503 20480 20306 20336 20247 20061 19968 19859 19684 19558 19460 19347 19369 19428 19513 19533 19563 19539 19444 19309 19028 18894 18834 18992
21015 20986 20918 20922 20939 20928 20911 20890 20885 20866 20814 20773 20793 20847 20886 20868 20843 20826 20730 20696 20721 20737 20726 20729 20764 20859 20854 20860 20867 20914 20891 20875 20799 20798 20742 20724 20692 20727 20621 20601 20517 20481 20415 20323 20248 20171 20128 20111 20080 20002 19953 19831 19775 19656 19606 19419 19325 19264 19186 19144 19115 19144 19153 19105 19148 19297 19272 19300 19232 18965 18768 18612 18434 18299 18234 18210 18209
20988 20975 20947 20901 20770 20721 20629 20583 20658 20646 20742 20838 20924 20966 20982 20945 20928 20888 20839 20846 20832 20780 20730 20755 20783 20735 20707 20681 20669 20613 20576 20538 20486 20480 20455 20425 20389 20312 20251 20161 20058 20014 19860 19746 19543 19397 19371 19323 19251 19208 19123 19001 18985 18942 18914 18786 18712 18639 18549 18524 18541 18558 18621 18685 18790 18898 18991 19088 19209 19265 19282 19244 19117 18964 18855 18742 18648
21208 21131 21083 21030 20996 20811 20654 20629 20656 20746 20912 20953 20918 20811 20661 20596 20530 20470 20527 20526 20447 20477 20400 20447 20404 20427 20458 20412 20530 20436 20459 20380 20297 20255 20161 19995 19776 19665 19591 19436 19467 19179 19058 18948 18865 18814 18783 18763 18857 18795 18815 18843 18875 18830 18763 18677 18605 18575 18548 18513 18478 18509 18529 18628 18744 18832 18902 18968 19098 19134 19140 19099 19028 18966 18935 18935 18943
21139 21000 20864 20727 20742 20650 20545 20608 20729 20865 20984 20992 20973 20852 20863 20857 20720 20510 20372 20231 20161 20074 20012 20009 20018 19997 19999 19991 19942 19991 20003 19982 19902 19826 19711 19583 19393 19326 19073 19027 18881 18847 18827 18805 18773 18769 18754 18730 18710 18685 18602 18553 18479 18456 18462 18452 18456 18452 18397 18370 18377 18364 18338 18408 18453 18552 18651 18710 18711 18572 18404 18391 18609 18505 18427 18490 18479
19898 19860 19133 19188 18864 18671 18735 18868 19093 19346 19688 19899 20527 20484 20812 20873 20874 20756 20537 20331 20194 20110 20060 19991 19851 19894 19904 19919 19816 19739 19621 19552 19325 19234 19174 19110 19055 18990 18958 18908 18841 18802 18787 18785 18744 18720 18720 18714 18683 18666 18608 18613 18584 18534 18466 18479 18467 18459 18409 18359 18346 18350 18334 18371 18463 18523 18554 18554 18487 18435 18336 18328 18315 18391 18388 18365 18410
17900 17422 17536 17430 17707 17836 17918 18064 18571 18784 19225 19518 19995 20200 20415 20529 20494 20389 20272 20014 19917 19742 19662 19543 19413 19330 19245 19149 19112 19080 19109 19003 19038 19016 19022 19021 19013 18988 18937 18855 18813 18825 18809 18795 18723 18591 18500 18384 18377 18390 18433 18550 18667 18670 18648 18629 18585 18524 18487 18456 18433 18390 18464 18545 18608 18647 18650 18634 18575 18446 18361 18352 18339 18337 18313 18288 18283
19541 19726 19665 19662 20114 20013 20009 20042 20232 20252 20304 20373 20349 20336 20337 20322 20189 19973 19794 19695 19566 19447 19412 19409 19424 19250 19151 19093 18999 18983 18831 18792 18807 18904 18947 18939 18874 18744 18681 18663 18642 18657 18675 18692 18692 18697 18661 18614 18504 18472 18384 18402 18414 18454 18509 18536 18550 18561 18558 18576 18508 18407 18414 18458 18551 18608 18536 18542 18460 18342 18286 18280 18298 18353 18355 18434 18487
20466 20538 20621 20664 20659 20582 20559 20549 20542 20489 20364 20324 20244 20099 19900 19776 19634 19519 19330 19267 19219 19124 19089 19039 19070 18982 18900 18863 18875 18835 18800 18797 18786 18809 18820 18837 18807 18812 18787 18770 18738 18711 18759 18775 18761 18801 18811 18755 18600 18564 18550 18583 18627 18660 18628 18537 18550 18572 18558 18583 18553 18531 18516 18482 18471 18478 18469 18449 18448 18419 18454 18446 18418 18404 18397 18442 18477
