Alternative/Moon/Lvl0_30x30/Ele_CF.asc
ncols         335
nrows         335
xllcorner     -3292508.343
yllcorner     -27166.958
cellsize      10000
nodata_value  -9999.0
[rows 0 to 33 of 335, columns 0 to 76 of 335]
16206 16176 16155 16167 16183 16182 16202 16219 16232 16244 16244 16246 16244 16224 16226 16249 16291 16309 16302 16297 16280 16298 16282 16285 16265 16254 16276 16277 16287 16306 16347 16468 16481 16483 16464 16459 16449 16432 16409 16399 16370 16331 16288 16307 16415 16530 16632 16657 16661 16674 16692 16598 16376 16343 16327 16310 16292 16278 16261 16253 16245 16247 16263 16253 16255 16256 16249 16224 16227 16219 16200 16180 16166 16163 16149 16153 16132
16272 16222 16178 16188 16189 16178 16207 16218 16221 16225 16252 16255 16253 16243 16232 16222 16227 16254 16258 16249 16266 16281 16298 16296 16261 16263 16259 16262 16264 16280 16299 16331 16349 16399 16414 16487 16445 16425 16374 16329 16310 16300 16295 16290 16285 16274 16481 16588 16624 16611 16560 16587 16500 16373 16350 16332 16304 16281 16271 16264 16254 16249 16252 16253 16263 16266 16269 16275 16268 16262 16262 16250 16242 16237 16208 16189 16166
16311 16291 16228 16204 16194 16196 16209 16215 16214 16223 16239 16248 16258 16243 16238 16218 16207 16217 16227 16237 16256 16259 16255 16250 16247 16240 16233 16216 16226 16250 16288 16302 16333 16356 16357 16340 16333 16325 16342 16353 16350 16334 16315 16303 16289 16273 16302 16502 16573 16604 16602 16624 16692 16525 16374 16355 16325 16298 16275 16260 16246 16235 16242 16247 16259 16291 16316 16328 16329 16296 16317 16316 16308 16297 16271 16242 16201
16334 16332 16285 16251 16222 16216 16214 16225 16219 16214 16225 16255 16254 16272 16237 16223 16199 16217 16221 16221 16224 16229 16223 16198 16187 16193 16193 16183 16198 16223 16244 16286 16312 16330 16340 16338 16332 16336 16355 16368 16371 16368 16343 16327 16301 16282 16263 16399 16551 16600 16598 16550 16675 16680 16554 16501 16399 16306 16279 16260 16237 16221 16223 16217 16237 16247 16258 16291 16331 16354 16368 16369 16370 16362 16319 16279 16244
16328 16331 16323 16300 16272 16256 16242 16231 16222 16209 16213 16247 16348 16274 16237 16222 16220 16223 16229 16225 16228 16224 16192 16190 16187 16192 16190 16192 16181 16204 16227 16256 16290 16312 16327 16329 16340 16331 16349 16362 16386 16409 16407 16396 16338 16289 16268 16304 16414 16477 16474 16501 16603 16700 16661 16549 16482 16357 16304 16249 16218 16202 16190 16198 16204 16211 16215 16221 16264 16294 16329 16340 16370 16372 16368 16334 16273
16320 16328 16325 16315 16304 16296 16286 16271 16240 16250 16246 16274 16236 16271 16273 16244 16225 16230 16231 16227 16230 16192 16193 16192 16201 16203 16176 16165 16166 16181 16203 16226 16263 16284 16305 16314 16323 16327 16391 16396 16417 16454 16467 16465 16435 16393 16358 16331 16352 16427 16399 16430 16523 16652 16718 16706 16548 16457 16342 16295 16225 16190 16185 16184 16183 16190 16192 16197 16192 16185 16181 16210 16305 16333 16338 16342 16344
16317 16325 16322 16312 16300 16326 16365 16370 16323 16271 16269 16253 16248 16305 16270 16282 16261 16221 16223 16216 16191 16182 16183 16173 16175 16178 16156 16148 16143 16161 16178 16197 16241 16261 16280 16292 16303 16306 16375 16366 16406 16448 16471 16481 16488 16471 16459 16413 16363 16352 16363 16376 16373 16518 16721 16805 16836 16786 16427 16366 16250 16196 16183 16175 16173 16181 16191 16194 16188 16177 16162 16143 16174 16278 16315 16338 16344
16318 16328 16324 16317 16317 16336 16346 16359 16350 16321 16270 16258 16249 16232 16241 16250 16261 16200 16198 16182 16171 16176 16173 16162 16148 16149 16145 16138 16123 16139 16153 16169 16215 16240 16253 16263 16266 16307 16331 16348 16374 16409 16452 16474 16499 16494 16494 16487 16445 16387 16337 16326 16324 16322 16384 16507 16762 16824 16668 16603 16371 16240 16229 16203 16165 16192 16200 16198 16194 16185 16153 16131 16116 16110 16167 16270 16345
16336 16332 16332 16332 16339 16340 16340 16345 16349 16334 16299 16271 16268 16251 16241 16214 16192 16188 16183 16173 16178 16175 16162 16162 16162 16162 16146 16139 16149 16142 16137 16172 16202 16225 16239 16245 16245 16288 16308 16327 16345 16379 16419 16451 16475 16493 16492 16497 16507 16416 16386 16318 16253 16176 16162 16214 16301 16474 16540 16601 16398 16280 16273 16247 16182 16162 16184 16197 16197 16187 16157 16135 16116 16097 16094 16102 16322
16344 16345 16348 16343 16340 16351 16347 16349 16347 16336 16311 16295 16273 16263 16275 16214 16206 16189 16184 16191 16181 16175 16170 16175 16171 16166 16154 16150 16149 16176 16157 16183 16198 16211 16220 16222 16210 16265 16282 16298 16324 16357 16398 16422 16443 16457 16464 16459 16453 16446 16393 16321 16257 16203 16140 16101 16110 16168 16377 16463 16455 16354 16353 16339 16284 16245 16149 16150 16180 16181 16157 16136 16120 16106 16095 16091 16121
16358 16357 16353 16349 16352 16348 16333 16326 16329 16332 16313 16293 16274 16277 16321 16312 16282 16200 16197 16187 16183 16172 16163 16155 16138 16144 16139 16134 16169 16186 16177 16183 16187 16199 16219 16253 16258 16263 16267 16282 16311 16339 16369 16403 16435 16457 16453 16437 16451 16451 16392 16381 16344 16267 16213 16174 16131 16118 16160 16353 16464 16426 16433 16436 16405 16361 16287 16179 16146 16152 16146 16137 16122 16119 16126 16098 16110
16370 16366 16357 16356 16351 16329 16341 16347 16348 16348 16338 16318 16295 16288 16325 16311 16276 16253 16224 16196 16173 16161 16181 16161 16150 16144 16141 16134 16148 16174 16176 16186 16220 16253 16256 16255 16256 16251 16266 16277 16298 16322 16349 16368 16388 16392 16390 16361 16365 16397 16419 16422 16379 16331 16302 16271 16220 16221 16209 16201 16442 16460 16456 16464 16450 16401 16380 16316 16238 16188 16140 16128 16119 16123 16130 16135 16096
16367 16365 16364 16353 16335 16332 16360 16381 16380 16358 16341 16332 16331 16341 16347 16345 16323 16305 16245 16204 16187 16189 16197 16169 16158 16142 16136 16139 16161 16189 16207 16206 16254 16270 16286 16288 16243 16248 16264 16279 16294 16314 16337 16359 16367 16361 16322 16322 16318 16348 16413 16464 16474 16414 16391 16357 16331 16331 16319 16320 16308 16472 16519 16567 16491 16437 16428 16396 16343 16262 16194 16136 16102 16097 16126 16130 16108
16370 16368 16368 16352 16328 16331 16365 16473 16397 16394 16369 16373 16371 16378 16391 16368 16358 16322 16274 16274 16211 16218 16243 16232 16271 16288 16138 16181 16203 16212 16222 16221 16277 16296 16306 16313 16267 16284 16264 16244 16252 16272 16294 16312 16301 16305 16308 16310 16310 16331 16374 16438 16481 16493 16504 16461 16437 16418 16414 16417 16397 16387 16562 16676 16731 16747 16546 16641 16676 16530 16337 16247 16155 16121 16145 16147 16129
16388 16383 16379 16357 16349 16351 16387 16411 16466 16432 16396 16408 16419 16449 16423 16402 16385 16350 16284 16285 16293 16287 16274 16310 16692 16570 16339 16255 16245 16257 16262 16263 16291 16307 16311 16296 16308 16332 16317 16270 16260 16274 16274 16277 16290 16302 16301 16295 16307 16331 16348 16368 16432 16447 16459 16448 16440 16441 16425 16418 16402 16396 16387 16547 16706 16843 16850 16955 16713 16702 16464 16368 16281 16205 16169 16158 16131
16409 16409 16406 16378 16376 16376 16379 16413 16412 16412 16428 16429 16447 16448 16447 16439 16437 16400 16348 16334 16330 16330 16303 16305 16489 17182 17344 16766 16249 16269 16278 16290 16303 16320 16314 16311 16339 16336 16311 16289 16283 16286 16274 16284 16284 16288 16295 16291 16295 16328 16345 16353 16358 16368 16347 16365 16375 16377 16384 16384 16388 16385 16374 16376 16548 16793 16975 17049 16963 16820 16526 16468 16410 16313 16199 16163 16129
16430 16427 16422 16407 16395 16395 16390 16389 16389 16410 16426 16441 16455 16463 16469 16475 16474 16450 16404 16385 16379 16361 16356 16335 16356 17183 17401 17053 16266 16275 16284 16293 16303 16332 16335 16329 16333 16314 16282 16289 16286 16279 16273 16277 16270 16275 16290 16286 16281 16317 16330 16337 16340 16352 16332 16344 16337 16336 16345 16350 16358 16364 16356 16351 16384 16548 16787 16940 16883 16680 16577 16536 16474 16379 16260 16178 16123
16453 16455 16443 16426 16419 16422 16414 16412 16402 16413 16420 16444 16472 16494 16502 16505 16507 16504 16480 16448 16384 16353 16345 16331 16348 16359 16370 16400 16447 16799 16780 16300 16308 16323 16325 16330 16318 16282 16280 16287 16273 16265 16263 16252 16254 16272 16279 16274 16274 16303 16311 16311 16318 16310 16302 16309 16305 16313 16321 16331 16338 16334 16337 16345 16382 16412 16601 16726 16857 16860 16623 16572 16505 16426 16357 16250 16150
16474 16476 16463 16442 16443 16443 16432 16429 16421 16420 16425 16433 16466 16490 16525 16533 16534 16532 16523 16509 16445 16369 16326 16305 16302 16311 16360 16369 16391 16376 16391 16340 16330 16325 16322 16309 16287 16313 16291 16272 16266 16262 16249 16240 16249 16256 16259 16255 16259 16278 16290 16295 16307 16288 16293 16295 16298 16302 16317 16325 16323 16328 16341 16356 16372 16378 16456 16617 16754 16791 16755 16614 16518 16440 16393 16351 16254
16496 16497 16477 16459 16471 16472 16451 16447 16448 16447 16438 16440 16449 16476 16516 16540 16544 16551 16542 16521 16500 16445 16364 16333 16310 16336 16338 16329 16357 16390 16374 16354 16341 16321 16299 16282 16273 16270 16268 16273 16257 16256 16255 16254 16249 16240 16246 16245 16254 16277 16284 16291 16293 16272 16274 16274 16288 16300 16314 16318 16314 16336 16359 16374 16364 16366 16349 16357 16521 16690 16715 16699 16569 16489 16415 16392 16364
16503 16507 16490 16486 16488 16494 16475 16470 16453 16453 16446 16449 16467 16475 16479 16495 16528 16532 16539 16527 16505 16487 16402 16352 16358 16367 16371 16383 16382 16381 16375 16337 16353 16366 16348 16311 16293 16272 16271 16263 16247 16257 16260 16257 16244 16242 16243 16245 16254 16270 16276 16275 16271 16261 16282 16287 16288 16298 16323 16341 16333 16345 16352 16354 16337 16337 16326 16333 16347 16567 16707 16750 16689 16586 16457 16420 16405
16501 16514 16512 16505 16510 16506 16499 16483 16477 16475 16476 16478 16493 16500 16495 16504 16504 16514 16518 16513 16498 16496 16456 16405 16397 16383 16401 16397 16409 16411 16388 16368 16367 16382 16370 16374 16361 16310 16296 16288 16277 16277 16262 16261 16244 16239 16238 16248 16271 16268 16272 16274 16274 16266 16283 16278 16274 16294 16315 16339 16338 16337 16325 16315 16317 16322 16323 16363 16362 16392 16603 16645 16663 16740 16664 16499 16458
16509 16525 16540 16542 16564 16567 16564 16553 16560 16556 16548 16550 16537 16529 16526 16534 16530 16521 16494 16492 16510 16514 16511 16534 16451 16412 16409 16420 16425 16414 16381 16390 16388 16377 16386 16395 16392 16411 16420 16403 16387 16626 16880 17099 17442 16230 16274 16967 17042 16361 16283 16279 16284 16264 16271 16267 16260 16281 16310 16332 16324 16313 16307 16318 16311 16313 16322 16369 16348 16343 16441 16612 16650 16741 16724 16630 16490
16528 16528 16561 16575 16596 16601 16592 16593 16617 16612 16597 16592 16588 16575 16556 16551 16531 16508 16506 16538 16519 16544 16571 16553 16522 16463 16444 16442 16427 16388 16393 16393 16396 16400 16417 16416 16423 16431 16460 16473 16662 17361 18217 18210 18490 18284 17917 18168 17349 17073 16309 16294 16289 16270 16256 16240 16259 16279 16306 16315 16302 16291 16295 16299 16307 16301 16317 16324 16344 16348 16365 16496 16764 16812 16716 16735 16625
16559 16545 16569 16595 16614 16616 16599 16603 16630 16631 16620 16611 16607 16594 16583 16566 16550 16543 16533 16550 16545 16546 16590 16586 16543 16502 16475 16451 16426 16430 16428 16428 16435 16421 16421 16420 16449 16451 16465 16474 16483 16666 18044 18561 18741 19483 19318 19296 18428 17380 16350 16300 16284 16272 16252 16237 16252 16275 16300 16306 16290 16276 16270 16299 16309 16298 16307 16324 16333 16346 16371 16482 16603 16631 16641 16705 16696
16604 16592 16620 16623 16623 16625 16630 16622 16642 16649 16648 16631 16624 16613 16605 16592 16576 16563 16597 16656 16595 16571 16583 16623 16626 16577 16495 16516 16466 16478 16471 16462 16459 16455 16436 16438 16465 16481 16481 16481 16492 16511 16507 16890 18297 19507 19775 19668 17530 16438 16319 16299 16291 16271 16243 16236 16239 16266 16295 16294 16278 16271 16281 16302 16272 16280 16297 16310 16325 16344 16360 16375 16443 16412 16445 16538 16642
16649 16650 16645 16645 16673 16673 16639 16635 16651 16661 16664 16663 16660 16639 16625 16617 16599 16617 16656 16631 16674 16651 16598 16642 16645 16604 16558 16548 16529 16530 16519 16502 16490 16487 16474 16470 16483 16501 16509 16499 16489 16503 16501 16500 16519 16849 17474 17433 16896 16372 16321 16303 16291 16265 16251 16236 16228 16255 16287 16298 16299 16298 16298 16281 16254 16266 16285 16300 16317 16331 16334 16336 16333 16339 16351 16391 16599
16672 16672 16698 16712 16715 16704 16689 16660 16659 16675 16682 16681 16677 16673 16663 16660 16652 16636 16622 16620 16653 16616 16633 16642 16641 16602 16592 16594 16596 16596 16554 16534 16522 16524 16509 16503 16521 16531 16513 16509 16501 16497 16501 16490 16497 16484 16481 16480 16457 16423 16388 16361 16332 16313 16283 16260 16261 16278 16308 16317 16331 16325 16303 16261 16250 16252 16274 16298 16305 16310 16313 16336 16395 16370 16351 16347 16425
16670 16672 16724 16731 16728 16719 16695 16670 16664 16675 16687 16688 16685 16681 16672 16671 16664 16657 16640 16629 16620 16621 16637 16642 16635 16604 16617 16631 16644 16641 16586 16579 16548 16553 16548 16536 16532 16536 16552 16549 16509 16496 16487 16472 16488 16478 16470 16623 16458 16445 16463 16419 16366 16351 16323 16308 16301 16324 16337 16341 16324 16300 16273 16263 16256 16264 16275 16293 16295 16284 16288 16339 16402 16365 16345 16345 16352
16675 16707 16739 16742 16741 16733 16715 16681 16660 16661 16681 16694 16698 16681 16679 16679 16675 16665 16655 16645 16626 16638 16643 16642 16614 16607 16622 16651 16669 16670 16638 16616 16589 16579 16573 16562 16565 16567 16568 16560 16535 16500 16478 16445 16433 16454 16458 16475 16464 16453 16461 16461 16436 16405 16379 16360 16353 16373 16381 16383 16355 16324 16270 16287 16291 16263 16272 16273 16267 16273 16292 16310 16328 16332 16338 16346 16352
16725 16742 16754 16755 16753 16745 16726 16708 16668 16652 16650 16673 16688 16673 16680 16683 16684 16676 16658 16653 16656 16661 16658 16649 16618 16620 16636 16655 16685 16697 16694 16669 16658 16651 16588 16579 16575 16575 16563 16548 16525 16500 16477 16447 16420 16427 16426 16423 16414 16408 16426 16436 16427 16424 16414 16401 16390 16421 16454 16457 16421 16367 16308 16277 16281 16261 16276 16278 16259 16289 16370 16336 16319 16337 16346 16343 16336
16756 16767 16767 16771 16766 16757 16741 16721 16680 16665 16653 16646 16643 16655 16676 16696 16711 16694 16688 16686 16674 16672 16668 16662 16636 16643 16643 16672 16699 16713 16721 16697 16683 16654 16606 16592 16571 16562 16550 16536 16511 16487 16466 16442 16431 16410 16397 16392 16396 16387 16390 16392 16399 16405 16412 16431 16432 16435 16455 16461 16458 16453 16421 16343 16290 16273 16263 16269 16272 16287 16347 16327 16329 16342 16345 16324 16299
16780 16797 16793 16787 16779 16765 16745 16723 16688 16668 16658 16646 16645 16629 16641 16648 16712 16698 16714 16704 16692 16677 16678 16677 16667 16657 16658 16680 16699 16713 16721 16708 16703 16696 16670 16641 16591 16564 16545 16524 16503 16486 16493 16458 16439 16418 16412 16414 16405 16388 16385 16381 16383 16393 16407 16426 16438 16446 16451 16461 16458 16459 16461 16458 16364 16305 16275 16259 16263 16271 16288 16308 16336 16340 16333 16312 16287
16803 16823 16814 16805 16794 16780 16752 16720 16695 16678 16665 16663 16654 16684 16711 16671 16691 16736 16742 16727 16706 16695 16687 16687 16675 16665 16669 16689 16698 16704 16709 16708 16698 16707 16702 16684 16646 16606 16563 16544 16521 16496 16472 16445 16433 16429 16429 16428 16412 16395 16385 16379 16380 16392 16409 16423 16440 16458 16468 16489 16526 16537 16539 16499 16452 16360 16267 16259 16257 16260 16278 16304 16337 16335 16314 16287 16263
