Alternative/Moon/Lvl0_30x30/Ele_DF.asc
ncols         335
nrows         335
xllcorner     -3292508.343
yllcorner     -3377166.958
cellsize      10000
nodata_value  -9999.0
[rows 204 to 237 of 335, columns 77 to 153 of 335]
15423 15452 15641 15610 15660 15543 15463 15471 15488 15469 15461 15300 15260 15220 15246 15289 15292 15234 15224 15136 15201 15175 15153 15120 15108 15093 15068 15134 15198 15247 15199 15215 15122 15138 15133 15114 15100 15082 15264 15259 15078 15034 15057 15075 15107 15173 15229 15271 15302 15368 15396 15414 15486 16422 16466 15684 15913 15845 15849 15800 15765 15781 15835 15873 15925 15936 15843 15744 15688 15683 15388 15256 15325 15343 15269 15249 15290
15458 15633 15637 15585 15604 15517 15490 15480 15439 15419 15351 15236 15285 15236 15298 15303 15233 15230 15214 15176 15180 15138 15117 15070 15109 15097 15057 15045 15127 15238 15194 15139 15103 15114 15116 15094 15092 15076 15153 15131 15076 15031 15013 15041 15083 15132 15200 15236 15275 15306 15333 15351 15413 15851 15965 15878 16201 15853 15680 15998 15938 15790 15806 15827 15977 16040 16288 16216 15884 15547 15351 15260 15257 15320 15339 15244 15271
15576 15642 15603 15532 15549 15512 15542 15491 15356 15389 15353 15273 15287 15253 15314 15242 15285 15271 15211 15201 15130 15196 15114 15099 15055 15020 15028 15024 15101 15126 15103 15088 15088 15092 15063 15051 15052 15054 15050 15057 15097 15061 15011 15024 15081 15126 15163 15210 15258 15258 15363 15322 15380 15424 15526 15471 15630 15560 15627 15893 15809 15759 15747 15791 16190 16368 16228 16015 15942 15652 15350 15253 15305 15329 15360 15269 15289
15681 15758 15595 15553 15511 15510 15494 15475 15310 15323 15381 15335 15252 15340 15345 15260 15326 15300 15235 15190 15131 15125 15120 15103 15045 15043 15024 15003 15000 15050 15063 15058 15070 15058 15053 15045 15030 14997 14965 15003 15002 15027 15033 15060 15095 15130 15150 15182 15203 15228 15230 15270 15303 15347 15595 15727 15752 15592 15563 15585 15615 15615 15654 15700 16108 16417 15949 14517 15982 15756 15469 15335 15379 15394 15396 15277 15314
15648 15656 15572 15597 15532 15518 15571 15459 15451 15431 15397 15359 15392 15475 15347 15283 15282 15280 15223 15183 15188 15195 15050 15077 15013 15021 15030 15058 14988 15005 15037 15043 15104 15060 15037 15003 14985 14982 14968 14974 14980 15000 15021 15051 15083 15123 15153 15152 15181 15184 15199 15253 15267 15286 16202 16033 15564 15477 15507 15534 15561 15594 15610 15588 15725 16130 16268 16233 16104 15758 15555 15411 15405 15408 15442 15309 15294
15600 15595 15586 15544 15683 15625 15551 15464 15497 15463 15412 15473 15541 15501 15443 15337 15271 15226 15175 15228 15227 15167 15056 15067 15041 15051 15022 15012 15000 14990 15011 14979 14995 15025 15012 14996 14971 14960 14943 14953 14966 14984 15006 15041 15097 15157 15264 15277 15198 15191 15188 15265 15232 15752 16512 16022 15428 15414 15444 15474 15497 15528 15549 15550 15610 15682 16024 16050 15840 15700 15569 15451 15374 15370 15463 15400 15319
15642 15680 15671 15739 15694 15725 15620 15525 15548 15526 15534 15555 15507 15473 15492 15425 15229 15238 15245 15267 15162 15138 15083 15085 15086 15055 15007 15003 14968 14942 14916 14919 14954 14951 15005 15028 14982 14943 14920 14946 14956 14965 14993 15031 15120 15233 15303 15361 15264 15233 15193 15199 15246 16205 16511 15630 15349 15373 15403 15437 15468 15517 15658 15586 15529 15654 15790 15922 15754 15700 15609 15437 15379 15363 15453 15463 15360
15812 15791 15791 15768 15860 15876 15674 15692 15564 15570 15552 15631 15493 15638 15584 15524 15354 15293 15274 15292 15174 15087 15094 15047 15024 14992 14999 14992 14999 14977 14947 14935 14921 14904 14873 14954 14948 14912 14936 14955 14963 14984 14993 15042 15247 15298 15328 15345 15325 15316 15220 15148 15580 16263 16327 15275 15292 15322 15359 15397 15429 15506 15640 15691 15493 15551 15785 15910 15830 15693 15618 15436 15381 15379 15408 15627 15466
16031 16030 16094 16203 16231 15987 16045 15813 15574 15596 15645 15541 15517 15588 15532 15522 15477 15287 15267 15246 15109 15056 15066 15032 15031 15052 14978 14961 14962 14956 14926 14898 14871 14873 14840 14845 14870 14895 14916 14940 14969 15004 15059 15156 15258 15311 15324 15329 15327 15339 15263 15195 15976 16409 16384 15246 15254 15295 15321 15352 15381 15435 15592 15576 15530 15555 15804 15808 15719 15671 15597 15471 15418 15413 15384 15350 15387
16578 16595 16467 16442 16426 16462 16129 16074 15887 15955 15961 15585 15456 15442 15376 15491 15374 15209 15277 15140 15120 15073 15027 15118 15079 15066 14961 14947 14969 14937 14905 14905 14833 14828 14820 14832 14844 14847 14882 14905 14953 15016 15102 15201 15301 15314 15282 15296 15313 15269 15103 15097 16042 16444 16559 15550 15246 15270 15297 15330 15366 15383 15420 15586 15552 15558 15609 15793 15611 15595 15548 15421 15437 15434 15378 15289 15300
16756 16767 16748 16567 16582 16643 16362 16217 16408 16411 16161 15777 15560 15477 15413 15313 15147 15178 15218 15153 15098 15087 15121 15081 15063 15008 14975 14944 14954 14920 14868 14900 14863 14830 14853 14823 14841 14857 14886 14973 14981 15017 15090 15186 15557 15454 15266 15265 15299 15151 14981 15183 15673 16080 16288 15920 15254 15244 15276 15329 15351 15375 15438 15546 15508 15606 15722 15704 15526 15521 15459 15361 15444 15464 15406 15308 15275
16878 16835 16800 16779 16713 16692 16698 16479 16439 16485 16454 16152 15965 15834 15680 15534 15330 15263 15239 15235 15176 15087 15101 15010 14934 14961 14983 14948 14901 14888 14885 14872 14837 14854 14779 14789 14827 14852 14886 14958 14942 14977 15118 15144 15693 15746 15501 15319 15300 14869 15009 15267 15280 15816 15988 16041 15424 15232 15259 15305 15357 15365 15580 15487 15600 15587 15717 15602 15470 15446 15407 15385 15441 15523 15510 15384 15303
16913 16842 17160 17122 17348 17354 17060 16872 16737 16753 16762 16545 16333 16199 16033 15928 15815 15432 15434 15378 15292 15246 15107 15082 14990 14974 14967 14915 14911 14896 14910 14831 14816 14834 14761 14785 14835 14846 14847 14894 14967 14948 15012 15057 15129 15439 15496 15419 14870 14835 14890 15313 15245 15284 15597 15870 15830 15289 15271 15379 15415 15384 15438 15486 15486 15540 15709 15701 15561 15438 15394 15438 15464 15483 15491 15407 15361
17508 17503 17495 17278 17463 17451 17174 17013 16996 17019 16888 16757 16287 16231 16349 16066 15754 15738 15767 15400 15454 15314 15415 15151 15059 14987 14924 14928 14956 14987 14987 14955 14925 14951 14789 14776 14823 14830 14872 14903 14910 14898 14907 14978 15071 15140 15205 15262 15304 15081 15089 15115 15204 15234 15651 15767 15837 15395 15309 15396 15367 15396 15407 15415 15453 15499 15749 15705 15679 15433 15376 15415 15442 15503 15586 15632 15450
17487 17412 16372 15763 15968 16062 16725 17011 16916 16993 17038 17027 16764 16677 16471 16243 15948 15790 15844 15547 15432 15274 15363 15278 15199 15153 15063 15028 14990 14947 14974 14922 14968 14977 14875 14872 14856 14865 14862 14907 14909 14885 14949 14933 14954 14989 14973 15186 15284 15123 15106 15123 15107 15134 15314 15507 15571 15277 15318 15311 15387 15358 15388 15389 15408 15438 15498 15703 15663 15512 15411 15439 15499 15580 15612 15635 15527
15978 15263 14953 14830 15044 15472 15608 15763 15665 16153 16563 17175 17092 16912 16892 16465 16136 15951 15718 15468 15320 15349 15352 15434 15416 15355 15289 15273 15198 14977 14959 14918 14923 14948 14908 14917 14989 14984 15005 14994 15008 14997 15046 15028 15016 15023 15024 15023 15039 15059 15070 15062 15067 15083 15252 15341 15287 15612 15382 15304 15397 15363 15347 15365 15409 15424 15527 15580 15654 15517 15322 15376 15403 15441 15500 15535 15519
14438 14435 14212 14120 14239 14126 14036 14625 14929 15323 15661 16224 17357 17282 17046 16953 16386 16271 16031 15769 15449 15410 15417 15416 15419 15424 15382 15325 15251 15214 15042 14934 14928 14940 15011 14985 15001 15011 15058 15004 14994 15105 15085 15074 15144 15176 15186 15126 15055 15066 15015 15030 15150 15174 15203 15312 15549 15735 15417 15276 15300 15317 15370 15384 15410 15425 15529 15626 15602 15421 15251 15248 15269 15356 15359 15389 15430
13827 13537 12783 12435 12334 12699 12921 13227 13372 14244 14916 15013 16882 17288 17531 16938 16921 16734 16247 15846 15829 15703 15454 15392 15405 15472 15492 15403 15374 15360 15185 15077 15021 15011 15175 15203 15180 15312 15169 15148 15100 15089 15141 15156 15218 15257 15289 15288 15226 15221 15185 15167 15148 15240 15325 15369 15474 15451 15459 15270 15315 15327 15347 15371 15390 15444 15467 15560 15519 15431 15259 15221 15216 15228 15259 15271 15330
12865 12415 11590 11056 11158 11135 11719 12245 12998 13188 14298 14996 15565 17030 17600 17201 17087 16878 16373 15928 15866 15705 15517 15487 15477 15488 15490 15416 15364 15366 15276 15221 15177 15140 15268 15365 15276 15314 15240 15241 15192 15174 15174 15184 15195 15190 15203 15264 15300 15328 15399 15305 15333 15362 15381 15339 15255 15264 15307 15293 15341 15341 15360 15389 15393 15450 15479 15512 15446 15483 15306 15221 15211 15247 15257 15275 15352
11408 11203 10883 10732 10708 10680 10746 10985 11516 12449 13414 14489 15522 16038 17675 17584 17229 17241 16646 16206 15770 15590 15503 15460 15395 15379 15357 15380 15512 15550 15251 15190 15157 15242 15377 15234 15252 15251 15232 15229 15230 15220 15176 15125 15136 15156 15174 15207 15287 15428 15398 15416 15442 15764 15503 15348 15311 15296 15336 15324 15372 15355 15385 15407 15443 15494 15474 15338 15343 15490 15488 15184 15199 15224 15261 15283 15326
10851 10793 10749 10614 10579 10593 10648 10704 10795 11282 12721 13776 15281 15891 17468 17589 17186 17227 16867 16309 15706 15419 15469 15566 15491 15428 15349 15333 15443 15787 15578 15428 15710 15892 15737 15215 15297 15279 15232 15269 15232 15196 15154 15126 15129 15135 15192 15225 15261 15330 15378 15350 15371 15713 15435 15379 15367 15364 15349 15339 15405 15400 15402 15478 15485 15434 15306 15237 15238 15364 15434 15160 15199 15223 15229 15272 15320
10767 10685 10599 10600 10541 10574 10692 10878 10767 10847 12006 13553 14759 15474 16795 17404 17275 17239 16844 16250 15805 15518 15509 15460 15367 15275 15271 15252 15271 15756 15762 15963 16045 16140 15737 15214 15183 15192 15184 15159 15177 15158 15129 15104 15110 15243 15247 15378 15258 15279 15310 15352 15376 15438 15403 15389 15396 15402 15373 15393 15430 15428 15454 15464 15444 15325 15218 15211 15234 15323 15337 15136 15174 15216 15246 15268 15307
10692 10579 10573 10602 10749 10634 10726 10639 10680 10811 11157 12881 14507 15098 15491 17281 17253 17220 16670 16320 15788 15487 15458 15456 15311 15252 15199 15191 15147 15186 15249 15422 15478 15482 15239 15172 15144 15100 15075 15061 15074 15070 15090 15168 15143 15422 15280 15374 15233 15265 15292 15283 15278 15384 15427 15446 15419 15420 15395 15449 15454 15452 15454 15395 15259 15197 15177 15184 15188 15268 15325 15193 15122 15168 15278 15330 15326
10732 10757 10665 11345 11424 11289 10732 10751 10679 10834 11328 12840 14222 14658 15204 16984 17863 17137 16684 16372 15717 15466 15435 15347 15186 15238 15197 15146 15238 15148 15106 15097 15152 15166 15166 15132 15087 15059 15022 15011 14991 15001 15069 15051 15147 15215 15244 15117 15141 15188 15253 15282 15271 15297 15331 15358 15412 15393 15388 15448 15490 15428 15349 15260 15187 15163 15168 15161 15154 15156 15196 15177 15085 15117 15169 15259 15316
10641 10959 12387 12358 12233 11626 11056 10705 10628 10721 11073 12298 13634 14234 15414 16713 18084 17349 16710 16356 15808 15497 15310 15236 15081 15163 15162 15264 15271 15131 15102 15149 15120 15102 15092 15089 15045 15022 15007 14988 14983 14983 14995 15035 15127 15139 15221 15125 15109 15164 15168 15227 15226 15245 15264 15276 15324 15339 15362 15416 15438 15419 15322 15241 15172 15178 15174 15145 15134 15127 15100 15122 15065 15127 15131 15096 15185
10663 11005 12479 12623 12751 12835 11165 10637 10597 10688 11656 12509 13485 14066 15293 16914 18072 17338 17129 16250 15655 15548 15309 15180 15274 15275 15180 15249 15255 15172 15089 15080 15052 15048 15072 15037 15019 14994 14983 14983 14976 14983 14986 15017 15159 15114 15099 15122 15206 15198 15137 15132 15225 15189 15179 15188 15233 15264 15294 15331 15415 15412 15314 15277 15211 15219 15181 15133 15112 15096 15086 15072 15062 15090 15177 15087 15158
10735 10636 10861 11865 12703 12412 11478 10709 10738 10989 11905 13080 13830 14238 15542 17346 17457 17175 17166 16406 15599 15460 15210 15128 15227 15242 15166 15113 14995 15015 15021 15023 15013 14980 15011 15011 15010 14960 14955 14978 14975 14944 14952 14961 15054 15220 15172 15099 15073 15049 15096 15095 15183 15219 15198 15182 15225 15243 15260 15303 15345 15352 15351 15357 15268 15250 15182 15123 15070 15052 15030 15040 15106 15136 15271 15205 15145
10848 10665 10726 10780 10814 11251 10981 10718 10775 11764 12362 13514 14118 15120 16077 17306 17181 17233 16961 16258 15723 15423 15192 15072 15148 15180 15156 15082 15001 14953 14995 15024 14996 14975 14945 14921 14937 14965 14961 14979 14986 14921 14948 15003 15101 15107 15071 15188 15178 15074 15045 15062 15101 15126 15201 15208 15201 15204 15236 15281 15279 15285 15351 15349 15275 15223 15170 15123 15063 15031 15061 15079 15167 15184 15254 15362 15119
11165 11001 10658 10663 10621 10659 10832 10766 11036 11954 13187 14171 14963 15452 16596 17498 17149 17189 16699 16082 15504 15501 15265 15094 15125 15058 15065 15031 14972 14953 15713 15468 14946 14923 14921 14909 14919 14963 14934 14901 14884 14954 15028 15066 15045 15056 15026 14980 15069 15086 15057 15070 15041 15072 15093 15141 15148 15185 15201 15221 15254 15296 15316 15286 15226 15175 15142 15126 15072 15065 15115 15152 15202 15204 15261 15269 15114
12173 11454 11118 11214 11184 10861 11094 11573 12205 12920 14097 14669 15337 15757 17344 17544 17025 16794 16446 15918 15535 15359 15258 15081 15080 15067 14963 14957 14965 14951 15796 15729 14937 14907 14929 14912 14892 14895 14885 14854 14880 14958 15036 15000 14930 14956 14981 14967 15014 14996 14959 14972 15020 15033 15054 15112 15081 15109 15147 15204 15252 15249 15271 15270 15200 15180 15172 15105 15080 15128 15156 15194 15218 15227 15274 15265 15092
12707 12378 12168 12004 11743 11688 11934 12940 13583 14032 14274 15855 16449 17044 17163 17005 16636 16260 15854 15817 15461 15271 15123 15131 15046 15129 15025 14933 14928 15021 14957 15206 15131 14950 14873 14858 14886 14880 14855 14859 14873 14948 14933 14974 14925 14922 14910 15145 14950 14928 14920 14951 14962 14967 14990 15013 15057 15093 15141 15177 15243 15237 15257 15241 15202 15164 15157 15139 15126 15167 15188 15266 15290 15262 15375 15134 15160
13793 13595 13138 12814 13023 13024 13136 13698 14595 15344 15454 16834 17066 17093 17167 16588 16336 16145 15710 15594 15371 15314 15133 15146 15064 15034 15063 14958 14955 14932 14899 14915 14897 14882 14901 14862 14858 14863 14859 15053 14855 14930 15006 14933 14994 14969 14958 15417 14946 14895 14898 14894 14898 14920 14967 15005 15088 15091 15131 15173 15236 15269 15246 15262 15208 15193 15172 15168 15163 15175 15224 15304 15316 15390 15326 15124 15131
14742 14607 14226 14144 14243 14361 14694 15213 15783 16360 17149 17308 17067 17125 17105 16654 16318 16010 15679 15524 15441 15280 15055 15063 14942 14876 15021 14962 14901 14907 14877 14869 14910 14928 14901 14868 14887 14846 14925 15320 15101 14880 14849 14853 14857 14905 14908 15360 14862 14854 14848 14848 14854 14868 14914 14970 15047 15078 15119 15158 15180 15215 15231 15241 15203 15198 15237 15220 15195 15207 15266 15365 15415 15394 15154 15114 15088
16831 16410 15354 15072 15166 15213 15588 15913 16318 16839 17328 17345 16970 17077 16976 16600 16326 16036 15711 15471 15410 15293 14956 14939 14889 15012 14988 14993 14827 14916 14939 14906 14931 14848 15059 14931 14852 14878 14837 14970 14991 14899 14848 14809 14920 14864 14837 14951 14896 14851 14846 14825 14838 14859 14897 14939 15050 15086 15186 15307 15286 15219 15196 15246 15361 15315 15309 15283 15239 15237 15298 15433 15419 15297 15181 15154 15130
