Alternative/Moon/Lvl0_30x30/Ele_CB.asc
ncols         335
nrows         335
xllcorner     -16692508.343
yllcorner     -27166.958
cellsize      10000
nodata_value  -9999.0
[rows 34 to 67 of 335, columns 154 to 230 of 335]
26737 27866 29083 29762 31079 31942 31535 31371 32072 31309 30219 29989 29508 29942 30032 29564 28004 27643 27773 28462 29962 30242 30324 30465 30549 30332 30036 29998 29507 28998 28367 28042 27819 27549 27161 27142 27213 27558 27698 27128 26325 25771 25058 24761 24403 24146 23994 23929 24544 24909 24893 24506 24722 25104 24805 24406 24105 23731 23521 23567 23360 23957 24354 24842 25236 25116 24855 24796 24918 25487 26552 27428 28463 28916 28986 28240 28066
26851 27796 29048 29849 31272 32297 31891 30891 30221 29497 28708 28754 28348 28228 28530 28371 26538 25837 26033 26701 28322 28949 29702 30085 29975 29853 30048 30070 29660 29025 28550 28549 27966 27859 27353 27116 27228 27787 27918 27522 26406 25637 25059 24326 24138 24009 23917 23920 24248 24982 24794 24206 24394 24964 24589 24377 24228 23768 23368 22989 23013 23519 24057 24314 24409 24436 24302 24394 25115 26094 27130 28053 28577 28798 28896 28226 27313
26828 27940 29282 29968 31256 31751 30623 29969 29370 29321 28706 28329 27377 26894 26864 26408 26079 25476 24599 24810 26040 27617 29008 29603 29485 29300 29774 29801 29996 29827 28982 28574 28039 27947 27419 27116 27515 28188 28264 27789 26448 25456 25075 24596 24317 24008 24119 24042 24071 24739 24817 24480 24285 24288 24252 24535 24579 24444 23727 22905 22715 23148 23467 23509 23696 24009 24092 24478 25583 26424 27541 28332 28634 28211 27904 27145 26711
26980 28537 29706 30385 30672 30525 30083 29655 29298 28230 26928 26171 25538 25234 25051 25061 25691 25298 24497 24944 26066 26991 28222 29114 29591 29493 28862 29397 30407 30425 29884 29261 28379 28188 27639 27644 28012 28618 28705 28268 26629 25564 24749 24402 24047 24018 24237 23878 24773 25010 24924 24593 24163 24325 24469 24584 24679 24556 24039 23021 22613 22296 22817 23349 23455 23775 23876 23791 25818 26774 27669 28299 28463 27999 26878 26183 25521
27590 28772 29943 30682 30649 29964 29442 29079 28483 26751 25569 25258 24987 24913 24331 24706 24815 23648 23742 24637 26137 27058 27430 27908 28905 29258 28309 29457 30941 31354 30935 30070 28778 28129 28202 28301 28638 28810 28990 28444 27331 26232 25457 24858 24736 24414 25010 25534 25768 25651 25306 24725 24681 24454 24738 24685 24581 24299 24023 23415 22781 22605 22723 22892 23156 23524 24009 24786 26168 27285 28275 28747 28744 27853 26528 26100 25488
27537 28735 30065 30780 30609 29792 29231 28430 27657 26157 25584 25032 24646 24642 24238 24593 24670 24424 24274 24712 26107 26396 26241 26410 27177 27982 27876 28910 30562 31321 31650 31353 29547 28859 28547 28800 28705 28691 28628 28401 27469 27048 26642 26122 25921 25642 25961 26215 26607 26337 25476 24930 24933 24721 24701 24671 24626 24609 23823 23320 23085 22818 22915 22888 23049 23266 24165 24974 26204 27307 28131 28731 29021 28321 27120 26430 25669
27682 28459 29884 30342 29667 29403 28728 27445 25938 24558 24675 24560 24498 24458 23983 24451 24549 24434 24406 24644 25522 25661 26028 25968 25777 26627 26647 26923 28231 30161 31856 32045 31213 30376 29321 29283 28754 28410 28107 27838 27231 27092 26952 26431 26526 26365 26799 26931 26689 26464 25789 25521 25481 25641 25504 24799 24731 24859 24177 23957 23419 23439 23440 23430 23401 23952 24653 25289 26312 26845 27857 28769 28974 28479 27800 26829 26170
27988 28758 29474 29452 28473 28360 27859 26698 25184 24723 24508 24312 24408 24325 24324 24277 24227 25246 25142 24630 24848 26155 26911 26920 26193 25978 26198 26205 27147 28575 31137 32214 32036 30732 30145 29567 28821 28083 27690 27210 26943 26660 26677 26261 26468 26301 26607 26643 26059 25614 25546 26056 26413 26475 26118 25390 25296 25071 24640 24129 24091 24312 24528 24465 24377 24808 25474 25923 26872 27723 28169 29027 29070 28504 27722 26974 26311
27852 28836 29329 28884 28426 27945 26853 25892 25040 24829 24477 24425 24247 24253 24337 24504 24919 25467 25448 24768 24890 25759 26744 27305 27013 25887 25111 25706 27126 28038 30538 32221 32400 32007 30467 29561 28840 27592 27527 26884 26714 26673 26583 26174 26136 26083 25954 25106 24473 24352 24815 26008 27073 27001 25440 25396 25642 25562 25362 24934 25055 25548 25809 25857 25889 26067 26454 26760 27567 28149 28391 28803 28810 28364 27470 26204 26301
27438 28597 29326 28845 28211 27772 26560 25671 24655 24352 24341 24469 24239 24244 24535 24719 25078 25125 24829 24557 25015 25681 26834 27876 27502 25939 24676 25487 26731 27676 29709 31388 32425 32243 30922 29463 28903 27833 27810 27589 26729 26547 26585 26239 26241 26194 25932 24601 24229 24210 24677 25992 27321 27442 26383 25233 26232 26325 26149 26021 26099 26743 27040 27049 26928 26894 27270 27729 28237 28507 28261 27991 27944 27908 27778 26785 26797
27659 28668 29088 28941 28256 28029 26650 25548 24361 24417 24263 24371 24206 24291 24505 24617 25135 25466 24353 23797 24806 25768 27216 27822 27384 25199 24376 25090 26549 27542 29362 31449 31910 31891 30866 29678 28796 28345 27865 27152 26163 26068 26398 26319 26249 26447 26506 25193 24535 24748 25698 27008 27768 27813 27264 26644 26794 27067 27223 27384 27977 28525 28838 28812 28398 27817 27559 28312 28766 28744 28154 27526 27224 27519 27675 27095 26843
28066 29116 30108 30154 28932 28019 26682 25399 24225 24354 24417 24408 24214 24227 24312 24372 24903 25167 24230 23649 24467 25767 27517 27716 26839 24588 24297 24741 25309 26948 29212 31331 32033 32082 31241 30259 29185 28493 26508 25622 25723 26093 26312 26324 26382 26568 26822 26488 26212 26443 27435 28078 28066 28090 28022 28027 28156 28011 27647 27909 28729 28893 28946 29079 29300 29195 28287 28250 28873 28862 28364 27789 27542 27544 28427 28221 27481
28377 29435 30264 30606 30152 28308 26445 25431 24432 24257 24330 24384 24177 24205 24464 24417 23740 23573 23719 23793 24184 25638 27193 27289 26557 25555 24880 25042 25964 27435 29379 30701 31648 31176 30950 30510 29391 28536 27274 25913 25998 26545 26643 26171 26247 26609 27128 27480 27692 28086 28275 28516 28402 28317 28111 28446 28793 27861 26936 27209 27138 26188 25802 26712 28992 29645 29479 28386 28669 28685 28544 28476 28004 28158 28620 28559 27989
28421 29644 30573 30675 30456 28600 26814 25640 24798 24350 24364 24353 24273 24192 24271 24284 23823 23448 23486 23555 23666 25231 26990 27610 27830 27103 26440 26555 27240 28386 29870 30894 31291 30852 30384 30132 29238 28290 27633 26959 27077 26955 26875 26484 26334 26926 27604 28007 28219 28519 28655 28708 28403 28425 28138 28632 28981 27535 26378 26377 24608 23226 22764 24305 27320 29749 29864 29061 28293 28580 28653 28466 28077 28185 28172 28225 28203
28462 29629 30551 30652 30293 29053 27151 26044 25080 24429 24413 24365 24344 24257 24251 24214 23821 23637 23509 23501 23499 25070 26410 27438 28466 28490 28133 28232 28968 29982 30892 31443 30866 30231 29653 29427 28766 27930 27452 27217 27093 26822 27121 27290 27210 27675 28093 28254 28312 28408 28554 28760 28570 28220 28250 28756 29244 28259 27083 27087 24860 22169 21647 22780 25996 28931 29399 28568 28192 28473 28530 28053 27179 27694 28192 28131 28187
28393 29658 30242 30300 30275 29380 28536 27235 25904 24778 24408 24317 24286 24251 24214 24142 23717 23584 23655 23716 24189 25198 26648 27580 28009 28454 29982 30935 31227 31395 30769 30535 30142 29572 29252 29086 28319 27923 27497 27277 27082 26821 27434 27896 27775 28321 28747 28757 28529 28250 28294 28335 28265 28205 28383 28776 29337 29324 28186 28128 27182 25073 23507 24154 25892 27379 27478 26500 26994 28185 28492 27724 27221 27662 27995 27981 27521
28432 29311 29709 29710 29637 29480 29387 28512 27459 26036 25144 24305 24031 23991 23956 23976 23795 23891 24025 24485 25171 25796 27014 27461 28263 28789 29971 31209 31428 31127 30144 28197 28314 28621 28395 28304 27934 27897 27795 27198 26663 27063 27632 28063 28118 28865 29201 29197 28753 28421 28257 28234 28282 28271 28362 28455 29197 29374 28998 28769 28934 28152 26876 26728 26315 26075 25664 24625 25042 26069 27620 27641 27694 27640 27678 27618 27109
28495 28892 29324 29490 29386 29362 29370 28684 27837 27003 25997 25189 24269 24042 24016 24285 24261 24303 24333 25076 25866 26274 27178 27699 29055 29228 30133 31048 31215 31067 29159 27399 26445 26800 26995 27608 27630 27754 27257 26157 25360 26520 27529 28027 28107 28784 29160 29167 29096 28953 28776 28406 28412 28410 28338 28373 28685 28814 28833 28681 28737 28419 27721 27507 26421 25265 24557 23619 23894 24579 26810 27452 27569 27488 27577 27358 26579
28541 28477 29000 28998 28977 28816 28712 28538 28150 27563 26952 26313 25317 24775 24616 25045 24870 24307 25028 25803 26632 27612 28672 29230 29780 30045 30775 30854 30959 30665 28262 26809 25977 26170 27117 27152 27055 26479 25969 25316 24591 25058 27084 27616 27845 28267 28824 29260 29501 29526 29547 29284 28881 28676 28448 28378 28305 28042 27344 27143 27054 27001 27032 26522 25785 24681 23662 22964 23146 24515 26738 27426 27276 27065 27203 26525 25960
26933 25829 27182 28157 28365 28479 28438 28401 28228 27952 27492 27100 26634 26219 25718 25558 25890 25781 26700 27424 28022 29727 30951 31174 31088 30872 30950 30664 29854 29963 29084 28459 28010 26760 26076 26224 26122 25859 24422 23734 24049 24951 26694 27058 26975 27768 28838 28884 28631 29267 29667 29586 29182 28748 28653 28394 28018 27145 26486 26337 25962 26049 26324 26251 25443 24371 23560 23384 24739 26136 27175 27244 26969 26999 27036 26897 26446
25598 23927 25926 27621 27808 27932 27979 28069 28033 27984 27860 27900 27478 27173 26835 26715 27003 27443 27995 28357 29058 30382 31292 31392 31157 30764 30522 30042 29118 28749 28508 28740 28358 26829 25192 23893 24750 25125 25312 25212 24888 24399 25920 26338 26549 27380 27648 27629 27753 27972 29096 29062 28850 28725 28717 28576 27985 26787 26093 25920 25776 25655 25756 26223 25945 25500 24743 25070 26689 27232 27077 27086 26805 27031 27042 26769 26271
26406 25867 26776 27263 27085 27409 27540 27474 27318 27818 28058 28173 27846 27786 27562 27671 28256 28565 29071 29356 29663 30308 31117 31179 30815 30318 30163 29535 28347 27840 28009 28342 27863 25901 24375 24511 24456 24500 25357 25348 25375 24486 25152 25553 26101 26634 26836 26734 26883 28006 28523 28684 28529 28368 28425 28444 28000 26807 26068 25929 25782 25681 25625 25433 25636 25460 25567 26050 27021 27193 26812 26445 26531 26976 26971 26650 26331
26108 26424 26695 26501 26155 26369 26645 26946 27303 27225 27051 27720 27928 27965 27676 27629 28211 29132 29154 29371 29493 29722 29944 30571 30427 29968 29478 28803 28129 27449 27009 27807 27997 26364 24735 24748 24435 24388 24865 25320 25196 24526 23980 24596 25518 25853 26435 27177 28049 28982 29070 28824 28659 28564 28593 28447 27922 26781 26187 25925 25802 25559 24643 25020 24694 24557 25883 26419 26865 26956 26863 26904 27143 27117 27069 26837 26777
25529 25423 25940 26049 25402 25551 25983 26624 26808 25111 24296 25647 27582 27767 27395 27460 27823 28377 28776 28904 29109 28968 29156 29234 29483 29449 29155 28532 27902 27271 26806 26664 26802 26475 26017 25316 25516 25076 25174 25141 24964 24369 23506 23156 24020 25519 26894 27971 28741 29234 29704 30297 30392 29904 29245 28951 28202 27397 26453 26127 25985 25615 25256 24929 24610 24816 25812 26698 27317 27210 26983 26897 27193 27194 27361 27523 27605
25283 25133 25182 25462 25326 25354 25932 26596 26217 23689 22367 24224 26573 26978 27007 26884 27106 27425 27942 28120 28337 28281 28292 28614 28643 28741 28400 28137 27723 26972 26587 26359 26222 26059 25863 25602 25588 25524 25169 25099 25154 24359 24385 24158 23989 25510 27117 27827 28372 29100 29873 30480 30590 30025 29572 29171 28525 28163 27561 27053 26570 25845 25959 26031 25993 26017 26677 27254 27382 27126 26514 26937 27196 27042 27322 27561 27617
25112 25118 24785 24897 25036 25218 25570 26206 26254 24910 23767 24407 26086 26044 25321 26518 26748 26907 27210 27280 27284 27135 27501 28104 28075 28135 27920 27855 27553 27156 26487 26042 25805 25706 25656 25565 25544 25516 25494 25418 25187 25291 24491 25105 24773 25116 25729 25774 26542 27666 29524 30136 30238 29842 29697 29531 29221 28835 28373 27895 27763 27262 27096 26832 26810 26958 27430 27800 27657 26755 25822 26433 27033 27077 27126 27586 27787
24245 24186 24294 24370 24545 24730 24982 25332 25864 25685 25459 26013 26261 26109 26061 26486 26723 26522 26153 26397 26502 26343 26816 27526 27671 27318 27330 27380 27407 27330 27100 26502 25755 25662 25614 25584 25558 25479 25481 25569 25928 26421 26548 26054 26025 26246 25930 24207 24539 26366 28327 29579 30477 30390 30070 29638 29619 29132 28775 28448 28545 28645 28246 28175 28269 28025 27809 27754 27646 27209 26616 26955 27202 27417 27820 27896 28166
23922 23905 24016 24058 24050 24427 24507 24683 25017 25039 25268 25384 25472 25587 25729 25730 25694 25729 25145 25497 26015 26276 26661 27106 27149 26999 26977 27044 27049 27352 27242 26832 25956 25721 25688 25671 25769 25558 25622 25411 25717 26596 26959 26448 26590 27331 27371 25799 24684 26585 28482 30083 30629 30420 30073 29465 29333 28984 28827 28088 28593 28977 28084 27694 28366 28422 27857 27631 27366 27277 27064 27213 27484 27744 28039 28312 28438
23884 23831 23640 23600 23732 23809 23940 23974 23892 24190 24301 24287 24346 24376 24395 24680 24650 24469 24103 23099 23921 25726 26412 26805 26852 26558 26606 26635 26979 27304 27428 27234 26235 25792 25818 25742 25711 25681 25892 25843 26010 27069 27147 26956 27170 27969 28064 27005 26161 27805 29807 30576 30728 30505 29774 29514 29354 28682 28629 28673 29426 29091 27849 27027 28039 28631 27773 27575 27283 27203 27167 27428 27531 27779 28096 28671 28903
23869 23807 23697 23559 23489 23499 23555 23574 23441 23837 23928 23736 23813 23885 23966 23985 23729 23944 24108 24017 22257 24574 25753 26313 26433 26434 26654 26799 27054 27215 27475 27443 26867 26445 26224 26155 25935 25762 25658 25802 26165 27187 27615 27344 27754 28658 29248 28861 27610 28087 30069 30701 31119 30781 30128 29696 29400 28512 28632 28732 28921 28842 28117 27960 28085 28318 27759 27585 27208 27119 27214 27382 27481 27735 28237 28613 28012
23805 23749 23683 23613 23499 23440 23446 23320 23443 23576 23665 23630 23602 23719 23623 23584 23554 23595 24067 24272 23823 23747 24598 25316 25947 26869 27203 27174 27358 27519 27849 27992 27897 27404 26461 26048 26354 25964 26009 26337 26556 27125 27842 28237 28668 29273 30243 30320 29843 28471 29669 30188 31170 30984 30620 29771 29526 29550 29628 29262 28669 28542 28220 28185 27933 27464 27376 27242 27090 27031 27225 27295 27378 27644 28330 27854 25936
23557 23594 23593 23535 23424 23285 23456 23463 23617 23524 23396 23392 22844 23319 23348 23378 23447 23399 23633 24026 24431 24443 24339 24685 26132 26770 27466 27652 27514 28008 28451 28882 28940 28202 27533 26537 27231 27091 26849 27218 27327 27201 28459 28988 29405 29710 30162 30584 30163 27894 27507 29044 29928 30625 30706 30127 30176 29599 29736 29406 28779 28685 28353 28047 27921 27430 27021 27179 26941 26564 27169 27235 27342 27477 28013 28266 27808
23533 23549 23447 23396 23330 23141 23316 23597 23697 23384 23172 23374 23315 23366 23253 23105 23428 23471 23590 23762 24243 24409 24622 24831 24309 24441 26437 27565 27800 28489 29446 29847 29805 28751 28699 28259 28199 28377 28047 27831 27800 27991 28692 28756 29494 29411 29598 29482 29458 27466 27920 29143 28636 28757 30208 29977 29885 29156 29022 29122 28703 28675 28361 28030 27979 27512 27063 27170 27099 26912 27053 27087 27234 27239 27656 28450 28541
23591 23551 23405 23294 23235 23146 23073 23490 23334 23049 23235 23463 23409 23146 23204 23034 23444 23761 23657 23014 23181 24330 24604 24698 23331 23012 25428 27155 27997 28889 30030 29782 29810 28899 28546 28125 28154 28660 28651 28483 28504 28544 29315 29529 29451 29183 28794 28826 28996 28379 28618 29282 28714 28177 29187 28861 28442 28424 29012 29207 28765 28699 28448 28160 27875 27403 26991 27058 26976 26833 27032 27086 27052 27084 27341 27808 28217
