Alternative/Moon/Lvl0_30x30/Ele_AI.asc
ncols         335
nrows         335
xllcorner     6757491.657
yllcorner     6672833.042
cellsize      10000
nodata_value  -9999.0
[rows 68 to 101 of 335, columns 231 to 307 of 335]
19663 19531 19451 19419 19383 19321 19180 19068 18930 18922 18865 18800 18952 18941 18979 18997 19045 19054 19025 18968 18378 18770 18924 18716 18823 18688 18547 18453 18300 18174 18072 17885 17714 17477 17187 17032 16736 16697 16528 16362 16249 16134 16067 16044 15975 16002 16022 16096 16194 16295 16318 16336 16263 16249 16421 16604 16823 17068 17294 17479 17653 17673 17657 17948 17976 17978 17916 17865 17798 17759 17809 17906 17988 18013 18029 18020 18082
19303 19261 19263 19219 19171 19138 19011 19025 18834 18675 18658 18546 18564 18664 18670 18894 19091 19236 19290 19265 18991 19171 19178 19162 19068 19010 18883 18740 18567 18327 18164 17923 17668 17331 16904 16859 16518 16234 16102 15862 15780 15679 15664 15637 15615 15581 15579 15575 15539 15630 15616 15690 15791 15945 16020 16174 16375 16569 16757 16996 17284 17437 17636 17850 17979 18004 18024 17996 17890 17794 17727 17683 17822 17804 17793 17799 17784
18507 18504 18425 18437 18403 18434 18544 18634 18855 18945 19132 19204 19390 19400 19406 19367 19366 19308 19282 19092 18988 18794 18640 18510 18458 18451 18504 18278 18216 18058 17915 17722 17567 17326 17074 16887 16575 16542 16133 16278 15891 15758 15699 15722 15659 15629 15620 15644 15586 15715 15682 15884 15820 16059 16043 16232 16378 16637 16824 17086 17474 17669 17875 18004 18021 18068 18023 17940 17932 17938 17888 17879 17912 17905 17930 17935 17916
18854 18943 18990 18996 19102 19255 19282 19418 19423 19466 19470 19472 19605 19653 19687 19684 19667 19565 19424 19295 19148 18956 18761 18632 18542 18517 18478 18434 18370 18291 18166 18043 17979 17897 17835 17748 17729 17544 17654 17610 17566 17521 17495 17515 17538 17521 17547 17613 17628 17704 17684 17709 17787 17781 17802 17790 17783 17699 17678 17684 17798 17847 17866 17877 17782 17774 17645 17584 17549 17545 17552 17550 17591 17615 17666 17712 17754
18745 18747 18805 18644 18817 18827 18641 18631 18471 18549 18199 18075 17901 17777 17750 17646 17966 17588 17613 17545 17660 17462 17626 17568 17696 17732 17739 17726 17667 17705 17591 17470 17403 17305 17291 17347 17312 17301 17304 17353 17406 17510 17538 17692 17756 17862 17842 17858 17864 17830 17738 17763 17674 17624 17686 17646 17619 17586 17525 17493 17442 17406 17341 17343 17325 17287 17274 17243 17245 17259 17253 17264 17253 17264 17238 17269 17314
16543 16516 16521 17215 17078 16553 16216 16234 16267 16010 16002 16008 15962 15965 15928 15944 15861 15977 16029 16036 16007 16031 16048 16060 16071 16128 16145 16099 16040 16032 15985 15976 16053 15969 16112 16121 16330 16499 16663 16931 17157 17384 17491 17692 17832 17862 17836 17817 17769 17608 17585 17496 17478 17484 17457 17432 17372 17337 17394 17372 17395 17381 17370 17345 17352 17339 17286 17288 17328 17372 17382 17426 17369 17443 17422 17381 17367
16047 16081 16107 16124 16055 16040 16003 15996 15994 16002 15982 15978 15968 15968 16014 16030 16020 16023 16029 16047 16016 15974 16012 15868 15955 16035 16074 16075 16051 16045 16047 16036 15971 15967 15953 15931 15871 15951 16053 16248 16572 16599 16923 17092 17455 17647 17811 17942 18081 18070 18031 17916 17735 17556 17427 17301 17245 17284 17312 17329 17364 17407 17409 17427 17462 17471 17475 17459 17370 17373 17279 17436 17389 17348 17227 17172 17188
15986 16076 16139 16171 16183 16152 16141 16099 16086 16016 15976 15956 15968 16029 16073 16080 16095 16000 15970 15842 15878 15930 15896 15912 15931 15909 15940 15963 15931 15983 15981 16000 15987 15959 15975 15989 15976 16104 16288 16493 16861 17079 17345 17629 18050 18262 18445 18633 18663 18611 18505 18327 18216 18145 18074 18028 18054 18029 17978 17878 17864 17776 17726 17624 17605 17511 17493 17510 17558 17591 17613 17609 17658 17674 17731 17775 17786
16003 16030 16072 16072 16067 16139 16159 16167 16123 16067 16046 16005 15944 15857 15818 15787 15730 15679 15677 15754 15817 15846 15935 15997 16075 16106 16097 16049 16012 16032 15996 16159 16362 16477 16590 16872 17145 17213 17547 17687 17932 18079 18367 18513 18623 18749 18724 18745 18741 18651 18510 18281 18327 18311 18358 18344 18282 18183 18116 18054 18008 17972 17935 17815 17743 17698 17767 17827 17814 17869 17922 17967 18013 18031 18056 18054 18084
16829 16936 16875 16827 16815 16920 16809 16962 16756 16858 16855 16682 16883 16813 16877 16833 16605 16786 16805 16656 16639 16677 16616 16665 16635 16928 16880 16995 17122 17291 17298 17507 17594 17889 18008 18200 18342 18569 18659 18720 18817 18896 18914 18886 18807 18811 18799 18768 18717 18622 18583 18451 18402 18335 18316 18307 18331 18305 18320 18301 18254 18266 18221 18166 18170 18088 18050 18127 18108 18188 18183 18197 18212 18216 18263 18269 18313
18212 18039 17990 18032 18225 18480 18613 18695 18660 18709 18476 18503 18489 18297 18400 18325 18530 18430 18342 18312 18208 18172 18291 18290 18389 18402 18369 18498 18298 18396 18496 18463 18504 18502 18515 18577 18585 18589 18625 18640 18674 18708 18663 18692 18598 18555 18520 18443 18351 18313 18234 18217 18174 18167 18228 18287 18325 18297 18305 18315 18467 18477 18557 18564 18514 18494 18485 18483 18445 18400 18372 18391 18417 18449 18465 18491 18497
19158 19116 19146 19084 19059 19028 19062 19094 19138 19165 19189 19217 19214 19154 19104 19054 19064 19055 19051 19018 18976 18987 18972 18939 18908 18869 18807 18796 18739 18710 18698 18667 18713 18822 18842 18947 19053 19090 19084 19088 19065 19064 19044 19028 19016 18984 18897 18751 18619 18552 18448 18352 18269 18248 18286 18379 18444 18503 18590 18604 18634 18649 18698 18695 18649 18576 18501 18484 18462 18423 18419 18439 18525 18594 18645 18642 18628
18725 18738 18809 18874 18745 18703 18661 18703 18759 18827 18882 18920 18900 19007 19008 18991 19016 19025 19014 19031 19011 18991 18969 18922 18899 18868 18931 18995 19016 19020 19037 19065 19112 19220 19313 19444 19433 19499 19440 19421 19384 19330 19291 19200 19066 18951 18846 18693 18455 18430 18450 18523 18590 18759 18806 18866 18912 18888 18869 18864 18798 18607 18729 18839 18927 18830 18781 18618 18689 18807 18905 18931 18928 18940 18901 19018 19075
18512 18442 18426 18447 18454 18486 18454 18499 18544 18572 18556 18588 18686 18734 18754 18792 18824 18885 18924 18939 18933 18966 18962 18960 18960 18964 18974 18976 18962 19032 19087 19199 19339 19457 19557 19640 19613 19759 19764 19732 19588 19405 19285 18983 18860 18673 18508 18412 18201 18230 18098 18246 18363 18240 18469 18275 18351 18344 18535 18635 18758 18743 19022 19042 19150 19262 19397 19479 19476 19379 19363 19488 19473 19616 19611 19522 19360
18566 18521 18453 18468 18507 18530 18538 18611 18602 18641 18663 18701 18729 18748 18796 18846 18874 18885 18894 18905 18897 18841 18882 18881 18897 18946 18967 19034 19028 19091 19182 19312 19390 19427 19525 19525 19525 19416 19300 19098 18860 18646 18335 18129 17875 17640 17679 17361 17397 17443 17383 17405 17438 17401 17429 17460 17466 17376 17389 17515 17738 18079 18385 18842 19071 19328 19513 19611 19628 19578 19582 19601 19605 19710 19735 19783 19787
18345 18336 18398 18436 18458 18470 18523 18597 18622 18688 18711 18735 18755 18762 18758 18767 18780 18811 18833 18811 18808 18889 18928 18970 19049 19146 19188 19206 19320 19473 19572 19638 19617 19430 19236 18947 18698 18262 18054 17800 17916 17394 17314 17288 17272 17316 17336 17341 17406 17560 17482 17533 17751 17912 17963 18235 18332 18514 18590 18793 19226 19146 19492 19668 19804 19807 19778 19807 19783 19803 19780 19767 19753 19664 19731 19711 19643
18588 18597 18691 18662 18543 18537 18563 18597 18662 18691 18763 18798 18813 18820 18836 18849 18884 18897 18904 18875 18840 18805 18915 18953 18973 18998 19021 19114 19212 19379 19467 19559 19555 19369 19311 19082 18901 18760 18634 18495 18338 18086 18135 18104 18081 18182 18136 18097 18163 18356 18510 18835 19070 19217 19366 19544 19623 19732 19735 19685 19800 19819 19809 19888 19879 19833 19764 19720 19581 19566 19385 19374 19360 19218 19132 18970 18897
18898 18965 18931 18888 18781 18686 18538 18324 18233 18145 18037 18111 17898 17905 17771 17722 17698 17648 17622 17607 17803 17854 17800 17916 18158 18262 18258 18517 18748 18947 19113 19312 19323 19332 19312 19366 19268 19218 19238 19189 19122 19052 19032 18966 18867 18906 18969 19022 19075 19189 19224 19296 19277 19260 19355 19481 19468 19553 19447 19357 19308 19121 19092 18872 18852 18737 18624 18526 18432 18356 18498 18308 18296 18218 18128 18049 18094
19284 19258 19130 18986 18550 18273 18047 17822 17632 17516 17384 17288 17193 17093 17035 16978 16933 16881 16688 16810 16794 16902 16954 17019 17251 17323 17434 17644 17932 18254 18511 18783 19052 19164 19212 19217 19142 19077 18968 18972 18811 18744 18860 18772 18778 18908 19014 19284 19474 19543 19554 19500 19428 19345 19223 19153 19048 18845 18751 18747 18543 18396 18286 18175 18103 18086 18085 18093 18098 18069 17961 18010 17931 17858 17788 17766 17766
19388 19426 19448 19436 19396 19266 19291 19090 18788 18566 18509 18273 18053 17910 17806 17918 17676 17596 17675 17639 17601 17675 17750 17942 18007 18197 18296 18547 18717 18952 19045 19172 19305 19287 19196 19046 18841 18641 18518 18380 18299 18256 18276 18321 18317 18565 18746 18923 19147 19330 19463 19443 19343 19200 19059 18913 18607 18528 18406 18359 18272 18203 18157 18021 17844 17668 17593 17604 17498 17389 17380 17278 17137 17070 17058 17110 17073
19281 19326 19314 19387 19411 19531 19621 19653 19657 19616 19546 19368 19213 19002 18843 18679 18539 18354 18269 18266 18220 18227 18203 18160 18296 18437 18552 18664 18950 19165 19300 19395 19423 19435 19445 19381 19362 19172 19012 18819 18631 18493 18501 18474 18516 18540 18536 18587 18755 18869 18961 18952 18857 18717 18375 18377 18235 18056 17869 17839 17593 17542 17493 17412 17313 17175 17141 17035 16951 16895 16804 16754 16699 16702 16667 16588 16542
18989 19034 19100 19192 19282 19343 19415 19506 19474 19466 19455 19320 19168 18980 18774 18653 18528 18387 18237 18190 18133 18103 18100 18140 18138 18132 18157 18203 18339 18509 18653 18763 18903 18875 18987 18626 18731 18541 18470 18503 18370 18401 18456 18459 18509 18518 18505 18413 18213 18066 17933 17706 17737 17537 17433 17398 17297 17122 17086 16990 16850 16761 16649 16561 16440 16430 16355 16308 16277 16199 16163 16139 16140 16166 16190 16154 16098
19018 19079 19164 19272 19384 19510 19708 19725 19810 19757 19713 19565 19373 19240 19048 18899 18757 18672 18616 18468 18385 18276 18209 18156 18134 18128 18110 18122 18137 18088 18079 18094 18097 18176 17959 17887 17808 17787 17884 17910 17963 18000 18063 18085 18100 18098 18071 17921 17788 17661 17522 17405 17236 17094 17036 16905 16805 16645 16538 16434 16333 16245 16212 16123 16071 16061 15847 15790 15763 15738 15774 15775 15754 15677 15648 15573 15588
20042 20142 20311 20414 20383 20409 20377 20235 20106 19963 19794 19660 19538 19421 19277 19007 18948 18858 18805 18826 18744 18727 18675 18609 18520 18478 18353 18280 18254 18186 18151 18081 18003 17976 17965 17912 17948 18131 18061 18042 18367 18279 18329 18310 18192 18092 17868 17710 17494 17374 17357 17259 17040 16951 16826 16668 16561 16463 16401 16345 16298 16222 16151 16029 15928 15895 15824 15789 15755 15635 15584 15465 15366 15299 15133 15171 15026
20797 20728 20626 20597 20454 20207 20074 19793 19587 19324 19168 18891 18779 18632 18535 18326 18427 18361 18479 18524 18650 18718 18675 18698 18710 18757 18780 18993 19044 19095 19027 19069 19130 19269 19256 19182 19204 19191 19183 19162 19082 19054 18917 18702 18488 18266 18062 17772 17524 17312 17115 16896 16807 16708 16572 16498 16377 16371 16360 16338 16292 16220 16100 15904 15856 15757 15631 15542 15475 15371 15311 15216 15091 14991 14876 14732 14648
20024 19679 19293 18893 18481 18129 17805 17422 17098 16656 16371 16124 15871 15398 15281 15068 15033 15312 15461 15702 15877 16490 16756 17160 17573 17961 18279 18777 19092 19357 19435 19640 19649 19543 19503 19389 19172 19115 19014 19011 19051 19021 18922 18759 18567 18342 18161 17913 17629 17362 17122 16876 16673 16429 16367 16277 16172 16118 15971 15807 15670 15499 15435 15238 15269 15096 14989 14905 14780 14782 14845 14841 14808 14759 14753 14703 14495
18925 18547 18020 17694 16995 16518 16121 15756 15278 15036 14567 14303 14186 14115 14143 14099 14124 14208 14183 14453 14892 15377 15735 16273 16679 17165 17638 17927 18419 18793 19142 19396 19404 19267 18995 18810 18648 18544 18498 18611 18604 18574 18500 18449 18209 18005 17813 17612 17360 17105 16960 16692 16518 16410 16296 16143 16019 15871 15717 15588 15298 15300 15241 15126 14975 14781 14660 14579 14489 14415 14400 14445 14386 14361 14298 14213 14150
19955 19481 19214 18711 18605 17964 17858 17369 17053 16996 16852 16423 16337 16480 16369 16541 16259 16652 16581 16835 16817 16823 16958 17333 17619 17980 18114 18501 18740 18754 18893 19068 18977 18818 18624 18482 18380 18288 18086 17972 17786 17749 17749 17732 17717 17689 17662 17623 17539 17405 17235 17088 16845 16636 16357 16171 15994 15833 15699 15498 15332 15231 15156 15039 14961 14819 14749 14658 14535 14424 14339 14165 14073 13957 13928 13888 13856
21160 21210 21187 21101 21027 20748 20684 20336 20355 20089 19986 19877 19840 19899 19714 19655 20047 19952 19826 20132 20013 20039 20224 20119 19950 19880 19688 19404 19145 18881 18734 18494 18336 18102 17862 17613 17438 17184 17027 16912 16879 16767 16827 16922 16764 16945 16904 16871 17047 17029 16931 16844 16741 16566 16294 16160 15931 15680 15481 15330 15189 15156 15051 14959 14888 14805 14738 14656 14554 14382 14297 13925 13816 13856 13999 13910 13919
21063 21183 21243 21297 21307 21331 21366 21360 21332 21308 21320 21315 21327 21300 21283 21274 21191 21088 20961 20926 20822 20722 20540 20348 20141 20015 19894 19679 19745 19411 18948 18799 18435 18107 17984 17857 17685 17476 17407 17360 17300 17461 17546 17318 17398 17431 17416 17451 17368 17235 17154 16912 16628 16338 16152 15896 15659 15338 15175 15127 15036 14855 14796 14699 14548 14347 14235 14078 13951 14137 14317 14370 13987 14057 14198 13927 14081
20385 20573 20603 20699 20719 20841 20930 20971 20968 21013 20947 21001 20943 20954 20898 20832 20800 20773 20727 20622 20533 20411 20235 20113 20044 20068 20150 20220 20210 20062 20025 19912 19766 19669 19410 19288 19210 18944 18841 18759 18560 18425 18327 18169 18012 17871 17742 17633 17444 17251 17089 16882 16461 16290 15956 15734 15478 15296 15146 14927 14717 14442 14236 14055 13920 13863 13796 13769 13916 14168 14330 14343 14286 14226 13829 13904 13549
19588 19910 20147 20405 20558 20595 20626 20622 20590 20530 20528 20528 20458 20437 20487 20388 20384 20391 20376 20370 20397 20349 20332 20191 20115 20164 20192 20203 20172 20153 20091 20040 20017 19989 19909 19742 19428 19169 19005 18767 18536 18341 18177 17979 17786 17597 17447 17412 17021 16870 16666 16487 16222 16076 15869 15746 15578 15387 15125 14926 14683 14440 14247 14077 13953 13843 13764 13749 13700 13800 14017 14073 14235 14233 14094 14118 14111
19640 19986 20309 20520 20706 20762 20768 20910 20973 21042 21054 21016 20945 20901 20840 20781 20608 20586 20595 20772 20808 20754 20723 20705 20703 20670 20669 20582 20497 20420 20363 20280 20183 19988 19895 19738 19458 19247 18923 18668 18414 18173 18033 17956 17849 17679 17631 17399 17258 17032 16908 16719 16504 16307 16120 15937 15737 15545 15262 15041 14687 14540 14420 14215 14203 14126 14125 14068 13978 13902 13785 13744 13673 13664 13651 13683 13715
19523 19911 20221 20503 20696 20811 20832 20919 20891 20945 21010 21024 21034 21017 20993 21001 20928 20874 20843 20877 20881 20839 20821 20825 20753 20718 20728 20750 20719 20631 20567 20487 20406 20375 20316 20097 19856 19223 19160 19010 18728 18517 18374 18253 18177 18087 17930 17665 17440 17247 17132 17076 16989 16881 16764 16566 16400 16189 15995 15737 15456 15238 15023 14757 14636 14673 14543 14425 14375 14277 14210 14097 13998 13840 13699 13632 13612
