Alternative/Moon/Lvl0_30x30/Ele_FI.asc
ncols         335
nrows         335
xllcorner     6757491.657
yllcorner     -10077166.958
cellsize      10000
nodata_value  -9999.0
[rows 272 to 305 of 335, columns 0 to 76 of 335]
17344 17354 17375 17382 17376 17372 17374 17403 17442 17498 17528 17540 17560 17576 17618 17686 17750 17820 17902 17943 17968 18005 18032 18066 18083 18067 18048 18052 18071 18103 18131 18144 18221 18302 18349 18374 18376 18405 18439 18453 18460 18471 18492 18503 18514 18550 18624 18702 18768 18871 18986 19089 19233 19381 19507 19634 19753 19865 19990 20089 20176 20242 20278 20296 20304 20300 20320 20355 20374 20414 20439 20464 20507 20585 20649 20704 20761
17294 17298 17308 17306 17297 17290 17284 17287 17286 17300 17354 17387 17397 17410 17407 17406 17405 17404 17436 17461 17499 17534 17540 17534 17545 17583 17594 17608 17630 17680 17751 17801 17869 17935 18006 18039 18075 18126 18212 18251 18298 18374 18416 18461 18495 18537 18589 18668 18787 18869 18905 18932 18991 19118 19252 19367 19469 19595 19686 19767 19854 19940 20008 20069 20121 20185 20240 20269 20308 20328 20371 20379 20377 20364 20382 20376 20381
17717 17621 17526 17460 17393 17363 17358 17360 17358 17353 17332 17303 17295 17279 17274 17284 17285 17345 17409 17414 17414 17419 17430 17471 17468 17465 17507 17546 17580 17615 17683 17734 17753 17811 17892 17945 18036 18102 18158 18193 18255 18324 18402 18458 18488 18512 18573 18641 18735 18839 18882 18909 18977 19087 19186 19272 19386 19500 19595 19672 19727 19770 19800 19808 19827 19856 19874 19884 19892 19874 19826 19793 19829 19920 19967 19985 19988
17721 17613 17536 17512 17481 17454 17508 17513 17526 17547 17545 17513 17468 17444 17414 17400 17372 17333 17289 17286 17307 17335 17360 17378 17381 17379 17393 17478 17521 17538 17557 17580 17630 17696 17762 17828 17973 18058 18092 18151 18216 18236 18260 18297 18366 18394 18466 18516 18552 18594 18624 18636 18646 18701 18792 18888 19028 19180 19303 19408 19516 19615 19678 19706 19724 19713 19663 19658 19637 19626 19622 19614 19619 19637 19675 19702 19732
17808 17650 17556 17478 17468 17520 17581 17605 17608 17559 17481 17381 17248 17095 16982 16848 16709 16661 16751 16871 17036 17092 17140 17183 17236 17281 17289 17314 17337 17343 17397 17401 17411 17421 17488 17556 17641 17744 17805 17850 17927 18010 18102 18182 18256 18298 18343 18387 18435 18512 18558 18586 18601 18622 18700 18788 18890 19014 19102 19141 19177 19270 19297 19295 19289 19318 19313 19315 19322 19308 19293 19274 19273 19278 19286 19284 19278
17968 17812 17727 17683 17575 17478 17422 17415 17396 17325 17240 17097 16960 16880 16846 16861 16911 16978 17073 17116 17198 17257 17279 17276 17283 17294 17300 17322 17333 17323 17351 17373 17376 17387 17442 17473 17524 17558 17561 17565 17586 17683 17777 17833 17941 18013 18098 18164 18247 18289 18364 18422 18502 18608 18698 18783 18866 18964 19051 19132 19186 19209 19215 19217 19220 19206 19179 19149 19094 19028 18985 18980 18977 18997 19011 19003 18983
17855 17673 17514 17386 17282 17207 17153 17137 17125 17164 17173 17193 17206 17204 17189 17165 17153 17145 17130 17118 17109 17105 17084 17111 17133 17142 17134 17148 17195 17236 17281 17300 17304 17290 17403 17502 17618 17732 17842 17923 18015 18087 18155 18190 18212 18234 18262 18316 18383 18459 18547 18603 18688 18778 18837 18879 18940 19012 19068 19123 19173 19220 19246 19280 19314 19324 19295 19251 19197 19140 19075 19035 18984 18936 18935 18961 18973
17729 17619 17515 17448 17371 17305 17266 17237 17209 17209 17205 17196 17207 17203 17193 17190 17180 17166 17149 17129 17114 17092 17071 17060 17045 17048 17063 17080 17091 17112 17192 17258 17324 17387 17446 17542 17656 17781 17894 17978 18094 18180 18272 18348 18416 18473 18514 18529 18558 18557 18557 18568 18594 18618 18692 18761 18792 18842 18907 18962 19029 19067 19106 19136 19160 19168 19153 19094 19088 19111 19128 19155 19154 19144 19106 19091 19081
17792 17706 17636 17588 17508 17425 17336 17284 17243 17186 17169 17159 17117 17075 17051 17000 16972 16969 16960 16948 16955 16981 17008 17042 17072 17112 17163 17233 17313 17404 17487 17545 17593 17629 17676 17711 17765 17824 17852 17926 18032 18135 18222 18285 18369 18405 18450 18479 18515 18519 18513 18503 18506 18534 18578 18588 18602 18576 18597 18646 18714 18796 18883 19012 19113 19200 19244 19235 19180 19120 19062 19038 18996 18955 18881 18820 18781
17825 17756 17674 17612 17531 17434 17326 17259 17196 17135 17082 17052 17046 17045 17037 17042 17040 17020 16979 16980 16988 16987 16970 16977 16994 17000 17025 17073 17125 17182 17257 17324 17407 17500 17608 17669 17756 17834 17909 17958 17975 17988 18022 18068 18129 18186 18218 18238 18262 18263 18284 18316 18358 18425 18480 18508 18524 18511 18598 18685 18833 18972 19105 19198 19324 19371 19389 19374 19343 19304 19322 19329 19301 19264 19214 19165 19168
17454 17380 17309 17250 17214 17181 17151 17136 17110 17090 17083 17074 17069 17068 17075 17075 17065 17050 17016 17007 16974 16949 16941 16938 16929 16972 17027 17070 17147 17170 17205 17260 17324 17401 17470 17532 17596 17643 17679 17716 17748 17782 17808 17837 17843 17838 17852 17873 17920 17979 18022 18059 18114 18191 18248 18317 18385 18454 18506 18525 18553 18587 18610 18617 18669 18731 18812 18898 18978 19064 19065 19035 18976 18971 18982 19006 19015
17055 17041 17040 17040 17055 17059 17069 17080 17063 17041 17025 17011 17021 17029 17037 17035 17019 17007 16986 16975 16968 16943 16921 16900 16888 16898 16933 16989 17042 17057 17079 17071 17115 17182 17239 17291 17348 17407 17479 17509 17552 17590 17634 17658 17683 17690 17684 17674 17660 17653 17648 17646 17668 17712 17753 17779 17798 17821 17838 17869 17898 17959 18041 18114 18175 18257 18289 18333 18385 18418 18467 18530 18605 18659 18665 18710 18698
16956 16961 16954 16957 16952 16948 16955 16960 16956 16919 16908 16910 16908 16901 16886 16882 16890 16904 16899 16891 16877 16854 16840 16844 16852 16866 16885 16898 16905 16922 16965 16997 17032 17047 17046 17026 17026 17037 17042 17056 17064 17053 17059 17072 17076 17102 17104 17101 17098 17117 17134 17144 17161 17217 17274 17315 17356 17392 17444 17491 17542 17592 17634 17667 17699 17759 17832 17899 17993 18056 18094 18094 18055 18080 18075 18075 18067
16933 16917 16944 16958 16978 16994 17004 17004 17009 17014 17017 17024 17030 17027 17026 17028 17032 17046 17051 17061 17075 17081 17086 17075 17050 17015 17002 16979 16956 16968 16988 16985 17008 17036 17087 17103 17093 17115 17177 17220 17277 17307 17335 17357 17387 17441 17480 17500 17548 17598 17646 17663 17686 17714 17748 17779 17814 17845 17881 17904 17916 17923 17917 17913 17898 17883 17869 17884 17903 17937 17968 18000 18029 18052 18073 18087 18101
17514 17514 17502 17504 17506 17495 17492 17487 17466 17440 17434 17419 17402 17405 17381 17386 17382 17387 17392 17410 17433 17445 17440 17474 17491 17540 17605 17637 17685 17753 17805 17857 17924 18022 18052 18075 18116 18155 18219 18240 18322 18355 18438 18423 18443 18493 18527 18559 18585 18592 18584 18632 18628 18630 18626 18608 18588 18570 18547 18533 18533 18514 18483 18446 18429 18420 18398 18390 18415 18439 18464 18484 18531 18591 18619 18655 18686
18127 18107 18081 18064 18046 18017 18003 17999 18006 18028 18043 18061 18068 18070 18118 18096 18147 18172 18208 18253 18277 18318 18338 18355 18396 18406 18438 18473 18500 18543 18600 18654 18696 18748 18809 18865 18935 19026 19103 19168 19242 19324 19404 19459 19518 19573 19609 19668 19704 19749 19802 19843 19874 19899 19908 19908 19882 19847 19807 19792 19749 19719 19661 19628 19560 19555 19547 19575 19570 19552 19567 19571 19573 19588 19588 19602 19565
19360 19377 19422 19463 19466 19458 19506 19493 19527 19542 19550 19542 19538 19576 19563 19566 19605 19599 19623 19650 19644 19644 19673 19678 19690 19696 19716 19713 19761 19769 19809 19843 19884 19931 19951 19981 20013 20051 20102 20135 20165 20202 20233 20274 20314 20328 20347 20346 20373 20416 20488 20525 20583 20590 20629 20607 20591 20551 20490 20439 20395 20335 20273 20230 20172 20109 20064 20058 20019 20011 20020 20011 19985 19954 19917 19864 19816
20936 20954 20965 21002 21018 21037 21054 21075 21074 21103 21120 21142 21166 21177 21177 21174 21173 21176 21180 21187 21178 21167 21155 21137 21122 21120 21114 21133 21137 21123 21111 21092 21070 21026 20997 20984 21027 21071 21111 21141 21191 21222 21249 21275 21277 21283 21300 21323 21358 21391 21431 21452 21458 21484 21516 21526 21524 21517 21505 21501 21486 21433 21377 21309 21221 21142 21044 20965 20862 20787 20700 20645 20596 20565 20542 20562 20569
21413 21417 21415 21414 21407 21387 21355 21330 21295 21263 21240 21227 21241 21245 21245 21243 21251 21260 21274 21299 21324 21361 21393 21422 21448 21470 21472 21449 21398 21350 21339 21335 21346 21383 21419 21464 21517 21548 21561 21558 21556 21569 21587 21591 21618 21665 21705 21739 21770 21770 21754 21746 21736 21708 21678 21657 21640 21607 21596 21573 21533 21465 21394 21332 21244 21152 21059 20986 20897 20810 20732 20674 20616 20579 20592 20620 20641
21396 21400 21405 21415 21414 21405 21395 21393 21388 21378 21352 21331 21301 21316 21355 21400 21427 21434 21436 21415 21360 21335 21348 21353 21372 21379 21359 21358 21333 21314 21303 21343 21428 21499 21545 21605 21626 21623 21642 21657 21667 21671 21659 21650 21653 21651 21678 21712 21741 21737 21702 21668 21605 21561 21475 21409 21321 21263 21186 21129 21058 20998 20926 20876 20821 20764 20718 20683 20645 20602 20575 20583 20579 20571 20570 20590 20622
21495 21419 21332 21261 21172 21093 21041 21016 21039 21071 21119 21179 21258 21350 21423 21466 21519 21529 21526 21492 21429 21370 21302 21246 21187 21173 21189 21227 21314 21405 21485 21538 21639 21676 21712 21713 21693 21673 21647 21635 21617 21597 21554 21527 21516 21489 21481 21474 21435 21404 21368 21327 21272 21215 21153 21092 21015 20950 20875 20835 20768 20697 20642 20592 20530 20459 20393 20347 20288 20239 20199 20171 20145 20112 20116 20122 20129
19955 19866 19753 19717 19666 19604 19558 19532 19533 19610 19700 19788 19905 20030 20148 20247 20376 20511 20632 20735 20867 20985 21092 21159 21227 21285 21306 21292 21262 21216 21192 21172 21146 21141 21133 21127 21107 21082 21053 21039 21021 21014 20988 20976 20952 20936 20924 20931 20947 20954 20971 20980 20988 20991 20994 20994 20991 20979 20962 20939 20894 20844 20800 20767 20739 20722 20689 20661 20627 20583 20555 20528 20497 20473 20459 20438 20422
19890 19871 19853 19896 19897 19929 19966 20002 20043 20113 20182 20261 20279 20364 20435 20476 20523 20568 20590 20589 20574 20585 20701 20768 20856 20861 20862 20850 20829 20784 20756 20754 20755 20751 20725 20704 20672 20613 20547 20505 20462 20424 20401 20392 20379 20390 20400 20406 20413 20423 20446 20448 20453 20453 20470 20475 20481 20470 20470 20453 20448 20438 20421 20417 20412 20404 20396 20385 20366 20390 20422 20443 20470 20490 20504 20512 20511
20438 20444 20447 20449 20454 20459 20458 20454 20457 20462 20468 20479 20497 20522 20544 20560 20586 20603 20612 20612 20601 20574 20576 20585 20602 20609 20613 20613 20601 20576 20547 20516 20483 20444 20413 20372 20340 20304 20282 20256 20239 20229 20222 20224 20233 20249 20265 20264 20258 20246 20253 20241 20233 20243 20261 20274 20304 20328 20357 20385 20419 20453 20489 20524 20567 20607 20640 20681 20701 20720 20732 20756 20791 20826 20874 20898 20929
20643 20635 20628 20627 20625 20623 20623 20621 20624 20643 20657 20672 20689 20706 20726 20741 20759 20764 20767 20766 20753 20750 20738 20728 20708 20693 20693 20689 20708 20746 20780 20792 20799 20796 20759 20751 20749 20724 20731 20735 20762 20774 20780 20801 20828 20862 20869 20879 20895 20895 20912 20912 20912 20916 20920 20912 20909 20903 20877 20853 20812 20785 20769 20765 20773 20784 20786 20778 20779 20783 20788 20802 20815 20833 20878 20915 20954
21312 21334 21347 21361 21370 21373 21371 21355 21340 21310 21275 21253 21230 21211 21207 21203 21183 21156 21122 21093 21063 21043 21034 21018 21009 20995 20991 21004 21010 21005 21021 21033 21045 21045 21035 21014 20973 20944 20949 20962 20978 21004 21029 21047 21079 21117 21124 21140 21150 21160 21173 21180 21182 21189 21184 21176 21150 21114 21089 21089 21075 21042 21042 21035 21037 21035 21032 21039 21044 21034 21024 21009 20995 20971 20949 20937 20940
21273 21268 21261 21249 21264 21284 21299 21316 21330 21332 21335 21333 21323 21309 21283 21257 21218 21179 21143 21120 21105 21100 21102 21109 21109 21097 21093 21084 21079 21067 21054 21042 21035 21035 21033 21029 21021 21016 20997 20990 20985 20974 20972 20970 20972 20977 20989 20992 20995 21011 21012 21017 21011 20991 20974 20947 20912 20878 20850 20827 20811 20801 20796 20793 20788 20780 20771 20763 20761 20757 20748 20732 20709 20681 20642 20619 20587
21074 21080 21085 21079 21076 21076 21075 21075 21064 21050 21032 21017 21014 21016 21005 21005 21005 21006 20996 20990 20976 20964 20944 20932 20914 20881 20843 20814 20787 20755 20747 20748 20741 20727 20708 20690 20676 20656 20645 20637 20643 20643 20637 20579 20601 20614 20605 20594 20589 20566 20537 20510 20477 20460 20430 20419 20419 20397 20383 20389 20358 20334 20302 20295 20272 20256 20226 20203 20188 20158 20142 20127 20116 20099 20079 20058 20040
20905 20893 20895 20893 20874 20858 20845 20835 20814 20796 20771 20753 20731 20708 20686 20676 20659 20636 20606 20570 20541 20499 20451 20426 20396 20363 20338 20327 20318 20305 20306 20304 20314 20329 20328 20331 20323 20296 20273 20254 20210 20164 20127 20082 20034 19970 19905 19841 19765 19693 19660 19632 19592 19547 19488 19448 19397 19369 19335 19318 19296 19280 19261 19255 19248 19247 19257 19270 19288 19297 19309 19310 19322 19326 19327 19323 19327
20227 20248 20249 20253 20241 20235 20222 20198 20170 20148 20106 20090 20078 20051 20045 20029 20022 20010 19989 19982 19977 19978 19988 19989 19993 19991 19982 19980 19969 19958 19942 19920 19896 19870 19845 19821 19793 19762 19729 19697 19663 19627 19592 19565 19551 19535 19514 19499 19477 19452 19430 19410 19378 19348 19314 19281 19246 19217 19196 19176 19156 19141 19134 19130 19125 19126 19134 19134 19133 19129 19128 19125 19122 19119 19117 19113 19107
18435 18482 18506 18512 18512 18527 18567 18605 18653 18673 18694 18706 18727 18731 18765 18778 18772 18789 18798 18791 18798 18813 18832 18817 18813 18810 18816 18812 18800 18809 18827 18852 18885 18916 18950 18980 19010 19043 19067 19088 19106 19127 19160 19159 19183 19213 19220 19217 19213 19204 19186 19164 19120 19091 19068 19016 18989 18953 18936 18909 18892 18896 18878 18896 18911 18919 18958 18970 18981 19010 19018 19034 19041 19047 19042 19052 19036
16844 16853 16864 16860 16880 16886 16908 16947 16998 16972 16982 16997 17029 17058 17070 17090 17145 17139 17151 17194 17219 17272 17291 17316 17352 17373 17395 17440 17461 17489 17522 17556 17602 17664 17716 17758 17812 17852 17896 17921 17949 17985 18010 18039 18065 18111 18125 18130 18166 18180 18201 18203 18217 18219 18193 18177 18153 18111 18039 17983 17913 17850 17842 17845 17848 17845 17846 17840 17842 17836 17848 17860 17870 17897 17906 17929 17949
15623 15682 15737 15772 15828 15862 15903 15932 15968 16007 16047 16070 16104 16135 16160 16193 16231 16269 16305 16337 16363 16409 16454 16496 16507 16541 16584 16612 16648 16657 16703 16717 16744 16784 16801 16825 16837 16838 16856 16869 16895 16929 16959 16993 17031 17070 17098 17127 17160 17164 17209 17209 17251 17293 17354 17371 17420 17457 17509 17544 17588 17613 17635 17689 17749 17772 17833 17864 17903 17933 18004 18043 18064 18097 18138 18167 18216
14724 14763 14787 14842 14861 14905 14935 14953 14980 14995 15008 15031 15063 15103 15190 15237 15257 15291 15327 15344 15379 15418 15442 15489 15518 15530 15586 15624 15666 15719 15760 15792 15830 15883 15943 15978 16031 16072 16118 16163 16210 16257 16305 16333 16380 16401 16432 16451 16482 16524 16564 16585 16624 16664 16706 16735 16775 16823 16871 16914 16962 17020 17067 17105 17154 17200 17237 17273 17317 17369 17420 17451 17492 17525 17562 17581 17627
