Alternative/Moon/Lvl0_30x30/Ele_CE.asc
ncols         335
nrows         335
xllcorner     -6642508.343
yllcorner     -27166.958
cellsize      10000
nodata_value  -9999.0
[rows 204 to 237 of 335, columns 154 to 230 of 335]
17137 17142 17146 17193 17186 17159 17440 17824 17483 17719 17776 17284 17201 17206 17203 17199 17194 17183 17178 17183 17176 17170 17171 17168 17181 17189 17180 17171 17165 17165 17171 17188 17203 17203 17218 17240 17258 17208 17197 17218 17217 17224 17227 17244 17250 17265 17273 17290 17315 17329 17356 17362 17379 17392 17403 17425 17437 17449 17450 17456 17458 17464 17486 17485 17463 17482 17470 17477 17495 17518 17561 17559 17585 17591 17630 18590 18838
17125 17130 17144 17153 17152 17167 17533 17782 14980 16250 17606 17346 17210 17216 17204 17201 17193 17186 17186 17182 17174 17170 17159 17157 17159 17170 17174 17171 17168 17168 17177 17189 17192 17211 17213 17273 17306 17226 17198 17225 17241 17223 17231 17247 17258 17271 17289 17308 17326 17336 17350 17371 17389 17397 17425 17433 17438 17441 17442 17452 17462 17467 17466 17468 17466 17463 17471 17482 17505 17534 17560 17582 17590 17605 17579 17765 18621
17125 17133 17143 17152 17153 17148 17365 17770 17623 17487 17752 17247 17218 17221 17214 17201 17189 17182 17177 17180 17179 17174 17165 17160 17157 17155 17162 17167 17173 17169 17183 17185 17190 17198 17213 17246 17279 17249 17239 17216 17223 17227 17230 17253 17264 17283 17293 17320 17337 17347 17377 17393 17408 17421 17437 17444 17444 17447 17456 17450 17464 17474 17475 17462 17475 17482 17494 17498 17522 17553 17578 17625 17646 17604 17679 17841 18623
17129 17132 17141 17147 17151 17151 17156 17528 17691 17571 17444 17198 17213 17215 17210 17207 17189 17177 17180 17177 17177 17172 17168 17171 17165 17156 17162 17159 17174 17179 17195 17193 17199 17200 17214 17232 17258 17262 17243 17212 17225 17236 17233 17253 17271 17288 17302 17331 17353 17359 17377 17394 17414 17426 17441 17446 17450 17459 17462 17470 17478 17475 17469 17467 17479 17487 17498 17506 17538 17575 17606 17628 17694 17610 17713 17891 17980
17135 17138 17145 17151 17150 17150 17152 17156 17166 17168 17172 17188 17198 17209 17206 17190 17187 17174 17177 17170 17168 17167 17167 17168 17169 17162 17161 17159 17169 17175 17202 17206 17203 17203 17220 17237 17266 17290 17254 17221 17233 17255 17251 17256 17278 17297 17319 17345 17360 17357 17390 17406 17418 17430 17443 17447 17456 17465 17472 17476 17478 17478 17485 17475 17497 17510 17526 17535 17566 17586 17638 17627 17610 17628 17664 17627 17604
17143 17142 17151 17152 17156 17150 17154 17155 17152 17164 17175 17179 17177 17193 17198 17193 17188 17173 17173 17172 17164 17160 17165 17168 17164 17171 17161 17166 17175 17182 17218 17241 17226 17211 17225 17262 17265 17295 17296 17250 17225 17233 17240 17255 17278 17304 17321 17346 17346 17366 17387 17406 17417 17434 17446 17451 17460 17467 17470 17472 17474 17481 17484 17498 17517 17555 17559 17580 17602 17587 17616 17636 17629 17628 17638 17671 17673
17157 17153 17151 17160 17152 17150 17149 17154 17158 17163 17170 17174 17178 17195 17203 17196 17185 17182 17180 17173 17162 17157 17162 17162 17157 17196 17161 17174 17186 17194 17225 17239 17228 17229 17240 17266 17280 17252 17297 17296 17230 17237 17251 17275 17281 17289 17317 17330 17347 17376 17390 17404 17425 17430 17448 17450 17457 17465 17460 17467 17486 17627 17627 17519 17543 17559 17579 17598 17577 17595 17608 17615 17626 17653 17649 17665 17669
17190 17182 17164 17177 17158 17156 17151 17154 17158 17162 17170 17171 17177 17185 17194 17189 17182 17186 17184 17173 17160 17159 17156 17157 17155 17157 17163 17180 17196 17209 17234 17234 17236 17242 17247 17253 17264 17269 17321 17294 17230 17240 17246 17328 17302 17295 17330 17330 17360 17391 17396 17403 17420 17432 17449 17448 17447 17450 17455 17475 17501 17635 17536 17538 17544 17560 17570 17578 17600 17620 17618 17627 17638 17672 17662 17666 17683
17223 17209 17183 17164 17159 17152 17148 17153 17156 17159 17166 17174 17175 17180 17178 17172 17173 17185 17182 17168 17156 17159 17153 17153 17149 17157 17174 17192 17206 17220 17242 17246 17250 17253 17260 17269 17293 17331 17336 17291 17251 17253 17259 17318 17328 17307 17332 17341 17377 17395 17396 17413 17421 17429 17443 17442 17444 17444 17456 17480 17505 17653 17647 17520 17538 17564 17592 17603 17610 17634 17632 17647 17657 17665 17678 17687 17699
17232 17229 17208 17190 17171 17159 17156 17155 17153 17157 17163 17170 17172 17169 17171 17163 17169 17170 17170 17160 17149 17148 17148 17146 17150 17171 17181 17206 17222 17235 17252 17257 17263 17266 17389 17426 17581 17434 17315 17284 17265 17266 17270 17282 17298 17319 17349 17355 17376 17390 17390 17407 17424 17428 17427 17433 17433 17450 17474 17484 17494 17510 17517 17527 17550 17573 17608 17608 17622 17639 17647 17657 17668 17683 17695 17711 17712
17234 17231 17236 17399 17383 17258 17177 17177 17173 17165 17166 17168 17167 17163 17163 17168 17158 17156 17157 17146 17136 17132 17140 17142 17152 17171 17188 17212 17238 17258 17260 17260 17269 17274 17382 17444 17451 17412 17317 17279 17279 17282 17290 17296 17314 17335 17346 17370 17364 17370 17393 17406 17417 17418 17440 17448 17446 17456 17473 17484 17495 17506 17523 17536 17561 17578 17607 17623 17629 17649 17662 17671 17680 17692 17705 17736 17745
17228 17229 17246 17438 17386 17297 17217 17195 17184 17176 17174 17171 17165 17158 17153 17154 17151 17147 17148 17143 17145 17133 17141 17147 17162 17178 17198 17217 17249 17270 17277 17279 17277 17285 17470 17556 17551 17451 17327 17299 17293 17304 17310 17335 17354 17347 17344 17371 17359 17383 17390 17403 17411 17421 17429 17440 17452 17468 17482 17487 17497 17516 17521 17542 17566 17583 17608 17624 17638 17652 17665 17688 17723 17744 17715 17754 17767
17219 17221 17224 17248 17265 17250 17248 17242 17225 17204 17202 17197 17169 17152 17151 17144 17135 17134 17134 17128 17132 17140 17162 17155 17168 17183 17200 17219 17241 17267 17298 17297 17292 17296 17317 17354 17424 17458 17433 17355 17328 17327 17343 17395 17409 17396 17373 17372 17378 17395 17394 17403 17413 17432 17435 17444 17463 17467 17481 17493 17499 17512 17526 17547 17567 17584 17613 17627 17651 17659 17674 17685 17757 17749 17745 17770 17789
17207 17216 17221 17232 17250 17256 17269 17271 17257 17237 17232 17226 17208 17180 17164 17148 17135 17133 17130 17136 17140 17142 17158 17164 17180 17193 17211 17236 17250 17264 17313 17321 17324 17322 17355 17386 17431 17483 17522 17504 17430 17410 17466 17652 17692 17581 17442 17435 17442 17408 17406 17398 17415 17447 17459 17444 17455 17471 17473 17488 17504 17517 17537 17555 17574 17587 17609 17630 17642 17668 17683 17686 17703 17720 17772 17767 17779
17192 17206 17216 17226 17249 17256 17273 17277 17263 17260 17259 17252 17237 17207 17180 17173 17163 17143 17137 17147 17145 17148 17162 17208 17192 17214 17235 17257 17267 17286 17301 17327 17350 17353 17380 17390 17404 17427 17562 17624 17585 17587 18154 18576 18475 18553 17850 17584 17460 17420 17410 17408 17413 17418 17437 17445 17451 17462 17478 17496 17520 17522 17535 17557 17580 17596 17618 17630 17648 17668 17688 17704 17709 17752 17781 17788 17785
17188 17199 17214 17223 17246 17255 17271 17275 17269 17267 17267 17266 17249 17230 17204 17188 17180 17158 17165 17175 17193 17192 17191 17209 17234 17246 17267 17287 17313 17321 17346 17354 17379 17387 17400 17406 17421 17440 17554 17688 17719 17793 18496 18589 18104 18550 18566 17806 17482 17444 17416 17409 17431 17423 17448 17441 17461 17458 17476 17494 17524 17530 17534 17552 17571 17595 17624 17634 17648 17662 17682 17710 17727 17767 17813 17822 17822
17191 17218 17220 17209 17232 17245 17267 17269 17268 17269 17269 17268 17257 17248 17226 17213 17212 17210 17247 17262 17271 17275 17271 17273 17278 17288 17313 17338 17351 17361 17374 17396 17424 17441 17445 17450 17457 17470 17497 17641 17769 18022 18729 16674 14964 16755 18682 18084 17563 17462 17412 17399 17425 17428 17426 17436 17457 17464 17481 17493 17508 17528 17544 17553 17577 17602 17615 17627 17643 17675 17691 17730 17879 17879 17816 17827 18034
17192 17196 17198 17203 17220 17227 17239 17251 17257 17263 17266 17265 17250 17243 17228 17230 17250 17232 17255 17282 17286 17312 17307 17291 17292 17310 17331 17358 17387 17406 17419 17435 17450 17456 17483 17492 17497 17497 17530 17627 17722 18016 18698 16828 15104 16894 18542 18160 17799 17634 17459 17421 17441 17443 17425 17448 17462 17469 17482 17493 17504 17522 17540 17569 17591 17606 17603 17631 17659 17670 17697 17756 17884 17941 18063 17875 18158
17185 17188 17197 17202 17207 17209 17221 17228 17238 17241 17259 17264 17248 17237 17228 17205 17196 17193 17197 17210 17231 17264 17279 17292 17311 17332 17358 17382 17398 17405 17426 17454 17468 17474 17513 17522 17506 17519 17548 17586 17679 17854 18491 18470 18259 18658 18522 18088 17775 17659 17602 17467 17400 17406 17427 17452 17472 17489 17488 17493 17521 17538 17555 17577 17598 17598 17623 17635 17662 17686 17733 17757 17813 17857 18067 18161 18180
17187 17192 17185 17189 17195 17198 17202 17204 17213 17218 17224 17234 17236 17227 17222 17208 17199 17190 17196 17208 17226 17246 17276 17293 17315 17336 17364 17411 17429 17425 17431 17446 17471 17478 17502 17527 17506 17511 17543 17546 17612 17675 17957 18547 18525 18570 18220 17945 17769 17694 17653 17536 17425 17397 17412 17445 17466 17476 17492 17504 17538 17548 17558 17586 17595 17604 17649 17666 17665 17674 17706 17731 17789 17973 18140 18211 18194
17186 17187 17186 17183 17182 17182 17181 17181 17190 17196 17197 17208 17214 17215 17219 17209 17194 17190 17194 17202 17216 17233 17267 17290 17311 17326 17355 17391 17409 17411 17416 17435 17462 17471 17481 17478 17495 17505 17494 17502 17542 17593 17587 17728 17758 17797 17787 17788 17751 17723 17724 17627 17499 17428 17435 17453 17453 17469 17486 17507 17542 17559 17572 17587 17609 17620 17664 17658 17828 17796 17687 17706 17726 17930 18047 17978 18153
17187 17186 17184 17185 17185 17183 17188 17182 17175 17179 17184 17193 17198 17204 17209 17198 17191 17183 17189 17197 17208 17215 17246 17256 17277 17300 17311 17327 17353 17370 17381 17422 17463 17480 17484 17462 17471 17468 17469 17480 17513 17524 17530 17578 17597 17608 17598 17695 17776 17803 17762 17700 17589 17493 17478 17465 17470 17464 17484 17513 17537 17564 17570 17587 17602 17621 17712 17965 18020 17727 17694 17713 17724 17869 17962 17995 18182
17184 17182 17185 17187 17186 17187 17185 17181 17171 17171 17175 17189 17192 17194 17196 17193 17188 17181 17187 17194 17200 17209 17221 17229 17252 17267 17290 17303 17333 17350 17365 17401 17439 17460 17484 17456 17460 17450 17455 17480 17497 17499 17514 17547 17558 17563 17576 17589 17656 17857 17840 17765 17668 17574 17542 17495 17482 17490 17492 17507 17534 17539 17560 17593 17604 17614 17628 17707 17790 17687 17699 17877 17979 17949 17975 18003 18080
17176 17182 17183 17184 17179 17183 17183 17175 17171 17197 17177 17187 17189 17190 17193 17189 17185 17182 17183 17191 17199 17205 17212 17218 17231 17249 17264 17287 17310 17345 17356 17378 17404 17430 17448 17434 17457 17475 17453 17480 17492 17478 17502 17527 17551 17549 17577 17587 17637 17788 17879 17886 17784 17726 17679 17620 17586 17530 17505 17586 17574 17546 17567 17583 17600 17612 17639 17657 17681 17689 17783 17848 18070 18002 17917 18031 18323
17174 17175 17181 17183 17182 17178 17175 17173 17171 17188 17178 17185 17190 17196 17193 17190 17185 17181 17180 17185 17191 17192 17201 17212 17228 17238 17256 17275 17292 17323 17335 17348 17377 17394 17418 17420 17451 17468 17448 17463 17467 17478 17493 17522 17541 17550 17580 17596 17626 17710 17958 18380 18002 17805 17806 17813 17860 18461 18314 18486 17896 17548 17561 17580 17763 17835 17632 17653 17666 17715 17782 17878 17965 17922 17912 18171 18478
17165 17169 17175 17176 17180 17179 17168 17168 17177 17179 17180 17192 17194 17195 17197 17187 17188 17176 17172 17171 17179 17180 17189 17203 17218 17232 17241 17258 17282 17292 17306 17326 17345 17372 17387 17403 17411 17424 17447 17454 17478 17483 17503 17511 17533 17551 17575 17593 17625 17686 18658 18849 18210 17828 17808 17810 17994 18804 18801 18739 17698 17618 17552 17810 17799 17839 17630 17665 17687 17711 17805 17891 17869 17885 17922 18193 18469
17156 17162 17171 17172 17176 17177 17174 17172 17180 17182 17184 17190 17191 17197 17197 17181 17174 17167 17166 17168 17168 17166 17182 17193 17212 17228 17232 17234 17266 17282 17293 17309 17325 17345 17361 17390 17391 17399 17438 17456 17506 17517 17520 17526 17536 17548 17573 17594 17624 18222 18729 18714 18115 17793 17792 17789 17851 18106 18298 18168 17867 17874 17871 17844 17737 17604 17639 17666 17697 17749 17799 17886 17889 17912 17983 18208 18349
17136 17145 17155 17165 17175 17187 17178 17171 17182 17180 17181 17183 17187 17183 17181 17176 17166 17163 17163 17162 17161 17157 17167 17177 17189 17192 17210 17223 17252 17268 17278 17297 17310 17324 17357 17373 17388 17403 17417 17446 17489 17564 17607 17530 17545 17552 17581 17588 17862 18199 18048 17851 17701 17712 17716 17735 17752 17751 17764 17775 17796 18195 18169 17745 17599 17633 17640 17671 17783 17893 17938 17940 17956 18005 18091 18214 18300
17128 17127 17137 17153 17200 17256 17229 17170 17164 17165 17173 17169 17174 17174 17174 17162 17185 17162 17160 17155 17156 17154 17154 17164 17175 17177 17180 17203 17212 17234 17256 17282 17301 17318 17339 17368 17391 17405 17423 17437 17465 17518 17566 17526 17548 17568 17588 17600 17628 17619 17626 17648 17663 17683 17691 17710 17716 17727 17752 17762 17785 17955 17933 17659 17622 17626 17660 17685 17826 17974 17999 18023 18000 18070 18105 18214 18167
17114 17115 17126 17140 17165 17232 17202 17160 17158 17169 17168 17165 17159 17171 17165 17155 17163 17155 17147 17145 17145 17147 17146 17158 17150 17157 17162 17174 17186 17197 17230 17258 17284 17303 17320 17333 17385 17393 17406 17433 17463 17489 17506 17532 17552 17577 17598 17613 17631 17627 17633 17636 17657 17676 17683 17703 17724 17728 17741 17757 17780 17823 17843 17682 17627 17632 17670 17680 17850 17980 18025 18037 18009 17908 17944 18077 18163
17109 17110 17118 17131 17137 17143 17148 17154 17145 17156 17156 17156 17154 17155 17155 17153 17145 17142 17138 17136 17135 17130 17135 17135 17137 17140 17150 17163 17171 17181 17215 17238 17266 17288 17306 17316 17349 17375 17408 17432 17453 17477 17499 17521 17553 17580 17601 17613 17640 17630 17636 17639 17656 17674 17678 17715 17709 17723 17752 17764 17787 17844 17873 17772 17663 17633 17670 17692 17737 17902 18003 17989 17930 17907 17961 17958 18005
17103 17104 17110 17128 17133 17133 17137 17138 17148 17141 17143 17149 17147 17145 17144 17143 17141 17134 17132 17130 17138 17131 17143 17118 17116 17119 17127 17141 17151 17161 17191 17212 17238 17261 17290 17304 17325 17342 17387 17415 17421 17458 17485 17523 17557 17584 17606 17627 17646 17642 17642 17644 17660 17673 17677 17698 17705 17729 17730 17747 17786 17836 17893 17834 17826 17693 17680 17702 17726 17775 17867 17896 17999 17949 17983 17989 18032
17098 17098 17113 17119 17123 17129 17131 17132 17141 17138 17138 17137 17138 17137 17140 17141 17137 17133 17133 17127 17163 17152 17126 17127 17107 17109 17125 17125 17146 17154 17176 17186 17207 17226 17266 17274 17298 17320 17370 17385 17434 17438 17480 17521 17555 17581 17617 17637 17650 17651 17651 17660 17665 17665 17667 17684 17705 17716 17731 17744 17779 17801 17829 17829 17814 17803 17677 17699 17743 17763 17855 17893 18016 17964 17990 18034 18118
17100 17108 17112 17121 17122 17124 17125 17128 17131 17130 17130 17128 17128 17130 17133 17136 17135 17132 17134 17127 17122 17121 17122 17123 17113 17108 17107 17117 17124 17144 17161 17170 17192 17208 17243 17250 17272 17296 17369 17382 17417 17433 17473 17508 17556 17582 17611 17637 17653 17657 17658 17668 17676 17682 17691 17687 17699 17713 17740 17752 17780 17795 17800 17814 17859 17879 17678 17711 17720 17827 18067 17920 18119 17997 18059 18132 18193
