Alternative/Moon/Lvl0_30x30/Ele_BJ.asc
ncols         335
nrows         335
xllcorner     10107491.657
yllcorner     3322833.042
cellsize      10000
nodata_value  -9999.0
[rows 272 to 305 of 335, columns 77 to 153 of 335]
20891 20939 20776 21196 21548 21642 22187 22180 22449 22566 22418 22554 22814 23026 23221 23405 23502 23511 23042 23303 23419 23183 22897 23222 23559 23556 23614 23426 22945 22848 22947 22704 22367 22075 21818 21756 22314 23256 23746 23907 23682 22760 22186 21568 21174 20667 19903 19754 19287 18679 18515 18975 19201 19297 19459 19652 19664 19556 19505 19495 19450 19238 18756 18744 18459 17846 18109 18898 19299 18976 18618 18738 18626 18360 18322 18052 17745
21244 21517 20963 21158 21899 21787 21935 21937 21805 21712 22019 22830 22954 23124 23868 24271 23961 24095 23144 23657 23859 23330 23330 23308 23940 24259 24210 24012 23915 23723 24007 24033 24281 24221 23813 23639 23590 23185 23657 23852 23551 22701 21944 21877 21659 20975 20835 20824 20195 19704 19422 19739 19914 19870 19561 19580 19596 19415 19271 19305 19776 19608 18605 18243 17829 17441 17731 18626 19710 19745 19104 18618 18696 18428 18079 17113 16196
21169 21407 21165 21175 21866 21806 21820 21664 21594 21849 22456 22984 23161 23303 23974 24274 23897 23248 23442 23517 23547 23383 23559 23565 24062 24406 24250 23988 23790 23495 23737 23873 24369 24599 23812 23703 23672 23409 23801 23794 23045 23070 22585 22012 21685 21370 21258 20963 20737 20698 20302 20158 20435 20478 20026 19817 19742 19199 19100 19262 19662 19650 18921 19021 18759 18417 18409 18807 19696 19803 19308 18783 18684 17898 16708 16129 15438
20809 21061 20986 21243 21524 21190 21445 21579 21609 22215 22571 22741 22930 22924 22937 22839 22565 22196 23058 23294 23461 23362 23689 23778 23411 23636 23589 23902 23895 23233 22786 23618 24438 24618 24137 23471 23017 24006 24041 23870 23372 23187 22771 22285 21686 21461 21289 20969 20698 20631 20363 20315 20549 20573 20074 19805 19744 19172 19111 19231 19430 19329 19407 19485 19563 19582 19036 18709 19328 19699 19305 18863 17892 16755 16086 15826 15326
21191 20773 20776 20808 20405 20740 20958 21310 21333 22027 22516 22494 22340 21938 21535 21186 20827 21004 22251 22941 23257 23082 23302 23327 22750 22222 22375 23243 23742 23558 23004 23229 23962 23952 24300 24217 24031 24201 24106 23906 23598 23387 22982 22393 21896 21776 21682 20769 20278 19560 19693 19847 20115 20158 19789 19513 19545 19137 19231 19506 19561 19478 19401 19474 19647 19649 19850 19837 19502 19572 19192 18451 16753 15407 15326 15235 14701
21336 20863 20748 20737 20576 20965 21352 21199 21374 21300 21353 21357 20961 20933 20489 20201 20118 20422 21650 22823 23234 22947 22802 22782 22795 22320 22038 22520 22260 23158 23272 23125 23534 23834 24463 24453 24163 24146 24248 24171 23823 23923 23116 22663 22235 21847 21788 20696 19899 19486 19512 19825 20161 20181 19678 19518 19354 19061 19405 19756 19825 19711 19508 19510 19725 19951 20221 20189 19515 18934 18429 17263 16096 14962 14233 14031 13690
20723 20781 20657 20877 20952 21396 21652 21517 21438 21234 20803 20639 20733 21017 20902 20258 19948 20254 21308 22229 22511 22494 22338 22607 22749 22471 21928 21879 21970 21981 22461 22928 23110 23434 23744 23810 24194 24072 24334 24181 24226 24199 23568 22965 22257 21732 21489 20557 19862 19606 19510 19686 20020 20083 19639 19432 19178 19145 19380 19658 19754 19611 19401 19442 19784 20061 20177 20251 19395 18473 17179 16105 14841 14183 13369 13456 13173
20882 21011 20862 20855 20743 21456 21671 21453 21234 21007 20570 20381 20661 21177 21505 21204 20318 20631 21338 22005 22222 21985 21761 21712 22170 21981 21936 21580 21405 21796 21880 22067 22439 23100 24029 24040 23883 24073 24276 24071 24118 24027 23683 23079 22138 21613 21237 20388 19760 19566 19633 19862 19872 19751 19578 19612 19657 19403 19221 19409 19348 19281 19533 19646 20064 20142 20202 19943 18915 17437 16289 15523 14809 14106 13529 13318 13191
21177 21128 21186 21320 21480 21707 21808 21646 21181 21134 20964 20602 20453 21379 21669 21452 20820 20888 21195 21547 21732 21740 21452 21314 21415 21369 21390 21371 21464 21623 21846 21966 22312 22961 23945 23967 23663 23749 24043 24020 23980 23841 23529 22739 21962 21491 20854 20247 19844 19918 19851 19775 19435 19811 19560 19620 19817 19460 19216 19326 19650 19792 19657 19898 20194 20463 20385 19681 17937 16506 15612 15347 14734 13710 13325 13324 13276
21146 21422 21368 21404 21584 21789 22089 22043 21765 21501 21335 21042 20743 21378 21420 21208 20614 20983 21102 21212 21518 21580 21421 21303 21253 21096 21086 21163 21197 21664 22047 22177 22268 22745 23181 23168 23439 23475 23752 24045 23960 23795 23225 22457 21644 20939 20582 20260 20259 20432 20457 20086 19356 19500 19184 19764 20010 19673 19440 19389 19948 19919 19824 19842 20054 20101 19883 18634 17327 16144 15259 14640 14020 13263 13230 13103 13113
21112 21502 21549 21600 21736 22066 22063 22355 22144 21783 21409 21050 21072 21438 21393 20980 20473 21058 21097 21221 21298 21460 21406 21303 21189 21167 21251 21348 21524 21795 22335 22788 23067 23416 23091 23387 23262 23781 23836 23663 23763 23618 23354 22765 21563 20942 20418 20119 20196 20404 20269 20042 19443 19167 19017 19715 20015 19590 19533 19646 20077 20437 20268 19713 18882 18782 18386 17628 16687 15829 15035 14253 13434 13193 13208 13082 13071
21231 21434 21593 21604 21742 22167 22073 22341 22142 21799 21676 21297 20815 21045 20956 20988 20820 21163 21121 21063 21309 21244 21364 21334 21284 21188 21323 21493 21585 21915 22570 22981 23188 23590 23709 23718 23409 23680 23611 23561 23483 23594 23453 22800 21595 20742 20170 19353 20027 20406 20254 20060 19564 19113 19495 19872 20159 19954 19599 19948 20155 20857 20501 19910 18907 17904 17236 16629 16102 15119 14684 14027 13285 13155 13283 13159 13004
21375 21266 21338 21547 21716 21977 22160 21945 21713 21717 21769 21819 21225 20913 20818 21030 21123 21272 21264 21072 21086 21082 21157 21184 21222 21110 21314 21600 21806 21861 22815 23095 23157 23661 23860 24270 24143 23597 23599 23823 23862 23738 23368 22674 21468 20205 19504 19127 19465 19856 19603 19627 19528 19228 19630 20069 20514 20164 19803 20023 20298 21001 20635 20272 19221 18082 16998 16425 15284 14978 14384 13900 13371 13399 13333 13035 13043
21078 20894 21348 21513 21815 21910 21980 21951 21960 21838 21750 21806 21696 21566 20955 20836 21461 21557 21533 21644 21634 21164 21423 21383 21464 21561 21461 21879 22410 22899 22960 23410 23585 23627 23937 24293 24046 23911 23555 23784 24018 23924 23206 22619 21668 20236 19449 19122 19151 19437 19543 19594 19551 19611 19608 20022 20418 20286 20386 20596 20804 20766 20428 20299 19090 18141 17169 16412 15341 14915 14238 13853 13684 13383 13387 13257 13126
20619 20986 21302 21475 21715 21687 21454 21447 21713 22014 22108 22092 22007 21730 21283 21215 21716 22112 22456 22720 22667 22660 22268 21785 21858 21825 21925 22122 22410 22643 22958 23313 23693 23683 23723 24097 24302 24473 24369 24076 23975 23809 23012 22478 21640 20975 20041 19422 19449 19941 20056 20075 19968 19979 19912 20415 20901 20704 20491 20602 20898 20716 20268 19828 18739 18105 17292 16471 15545 14895 14212 13751 13442 13359 13336 13240 13136
20633 20787 21118 21383 21507 21484 21281 21607 21596 22058 22138 22114 22129 21921 21813 22257 22363 22678 22718 23036 22950 22727 22481 22146 22000 22575 22637 22704 22999 22800 23118 23090 23597 23697 24029 24502 24695 24933 24896 24778 24017 23671 22916 22073 21360 21041 20438 20218 20140 20270 20674 20803 20698 20208 20212 20542 20933 20860 20885 20854 20663 20335 20041 19676 18782 17918 17118 16468 15432 14423 13852 13652 13470 13264 13169 13121 13125
20648 20729 21157 21595 22040 22475 22609 22806 23104 23051 22310 21976 22091 22264 22554 22722 22861 23077 23069 22782 22734 22528 22420 22546 22474 22853 23079 23304 23332 23840 23780 23902 23337 23875 24284 24619 24936 25134 25179 24818 24539 24001 23075 22099 21085 21200 21306 20947 20655 20784 21149 21227 20828 20129 20093 20446 20837 20829 20841 20841 19988 19837 19608 19114 18673 17743 16884 15708 14922 14029 13565 13492 13265 13341 13286 13373 13638
20662 21098 21262 21736 22482 22669 22626 22748 23323 23368 23166 22581 22378 22269 22386 22490 23144 23331 23142 22558 22332 22133 22469 22634 22841 22939 23188 23332 23432 24293 24390 24322 23793 23679 24206 24204 24852 24907 25040 24286 24126 24246 23830 23035 22045 21402 21700 21538 21009 20805 20894 21091 20899 20562 20477 20687 20871 20858 20853 20699 20215 19688 19559 19345 18414 17522 16656 15398 14712 14015 13813 13750 13546 13757 14050 13964 13731
21185 21108 21479 21562 21385 20982 20275 19931 21170 22641 23258 23527 23305 22801 22370 22517 22979 23217 22823 22421 21905 22433 22604 22913 23261 23303 23475 23427 23826 23937 24517 24484 24201 24203 24272 24259 24487 24539 24450 23923 23637 23671 23283 23037 22179 21762 21082 20923 20720 20543 20781 20830 20485 20536 20770 20720 20320 20218 20263 20301 20313 20086 19720 19189 18368 17466 16637 16080 15411 14544 14222 13989 13673 13875 14144 14127 13875
21620 21604 21909 21797 20384 18441 17649 18183 18915 20629 22756 23640 23622 22944 22513 22443 22184 22087 21970 22030 22393 22578 22399 22909 23394 23488 23486 23437 23679 23729 23922 23756 23702 23565 24024 24041 23868 24025 24099 24060 23880 23177 22773 22441 21946 21854 21365 21220 20842 20562 20622 20630 20470 20569 20739 20690 20462 20183 20205 20191 20820 20964 20482 19624 18742 17962 17329 16857 15834 15008 14658 14214 13634 13503 13686 13799 13692
22140 22455 22554 21523 18673 16520 16342 16534 17033 18852 21233 23149 23572 23089 22708 22628 22437 22642 22562 22834 22597 22619 22261 22530 22701 23180 23007 22482 22127 22275 22577 22932 23022 23109 23112 22915 22826 22919 23705 23932 23848 23223 22839 22459 22134 21776 21203 21416 21192 20577 20443 20364 20500 20670 20381 20195 20326 19963 20047 20638 21312 21458 20884 20131 19230 18326 17875 17366 16374 15627 14899 14957 14243 13706 13622 13495 13625
22366 22734 22744 21087 18235 16551 16410 16610 17655 18350 20502 22493 23611 23258 22577 22312 22597 22867 22678 22803 22506 21957 21468 21284 21254 21584 21631 21584 21308 21649 21956 22475 22642 22463 22510 22747 22761 22668 22778 22593 22849 22896 22995 22751 22204 21993 21416 21352 21193 20749 20490 20410 20411 20707 20519 20192 19992 20090 20461 20515 21197 21435 21172 20368 19317 18524 18427 17981 16647 15743 15221 15151 14758 13962 13576 13589 13527
22279 22548 22631 21338 18850 17566 17296 17007 18059 19592 21600 23034 23680 23243 22564 22700 22646 22477 21594 21019 20966 21229 21296 21188 20836 20543 20505 20580 20775 20923 21610 21790 21999 22317 22415 21815 22416 22599 22343 22076 21941 21806 22068 22401 22123 21716 21620 21681 21940 21799 21305 21008 20914 20815 20586 20529 20170 20326 20571 20419 20666 20998 21080 20315 19143 18901 18543 18231 17019 16147 15776 15613 15007 14244 13753 13924 13681
21665 22007 22697 22419 20687 19274 18663 18562 19220 20487 21643 22957 23341 22316 21989 22268 22064 21511 20886 20645 20381 20218 20526 20600 20592 20154 19840 20271 20423 20462 21050 21436 21897 21900 20908 20305 22029 22559 22323 22050 21793 21681 21723 21397 21645 21674 21573 22000 22043 22080 21765 21312 21086 20784 20550 20434 19955 20015 20101 20079 20508 20496 20440 19789 19392 18922 18583 17939 17292 16660 16044 15889 15651 14780 14463 14726 14401
21377 22172 22997 23304 23101 21863 20996 20403 20652 21554 21923 22131 22152 21458 21073 20759 20785 20647 20293 19990 20280 20218 19817 19550 19298 19171 19704 19934 19855 19756 19932 20044 20176 20552 21247 21563 22428 22682 22033 21836 21708 21353 21233 20948 20958 21150 21390 21961 22163 22280 22113 21645 21198 20408 20068 19704 19610 19429 19494 19759 19735 19606 19574 19547 19584 19347 18738 17973 17222 16641 16200 16116 15689 15055 14601 14858 14805
21729 22311 23023 23315 23307 22852 22539 22529 22287 22002 22121 21684 20943 20471 20266 19963 19853 19707 19366 19108 19103 19113 19074 18826 18468 18342 18353 18796 19444 19399 19266 19560 19574 20216 20640 20861 21112 22007 21924 21232 21345 21052 20579 20715 20923 21106 21167 21566 22014 22310 22208 21874 21261 20736 20390 20019 19786 19571 19354 19268 18938 18953 18633 19040 19216 18796 18272 18119 17476 16878 16139 16180 16069 15329 14826 14792 14494
21842 22126 22778 23080 22938 22240 22070 22103 21797 21256 20646 20230 20086 19518 19445 19389 19291 19204 18866 18883 18555 17854 17879 17907 17808 17831 17839 18143 18452 18422 18498 18498 18306 18712 19085 19262 19757 20469 20667 20535 20280 20102 20395 20412 20376 20897 21362 21483 21760 21811 21851 21571 21184 20843 20550 20262 19974 19699 19336 18758 18564 18546 18258 18268 18213 18306 17939 17908 17598 16751 15887 15588 15616 15322 15013 14810 14335
21831 22025 22389 22636 22325 21073 20682 20666 20523 20160 19759 19472 19342 18885 18673 18677 18736 18680 18479 18311 17567 16866 16875 17041 17370 17343 17261 17523 18198 18257 18004 18019 17982 17993 17969 18226 18389 18435 18573 18663 18679 19033 20063 20165 20267 20712 21350 21603 21571 21586 21430 21183 21032 21204 20851 20593 20270 20253 20111 19287 18909 18840 18571 18495 18428 18072 17935 17949 17601 16611 15696 15409 15432 15359 15222 14797 14069
21778 21858 21604 21343 20623 19954 19856 19744 19619 19216 18802 18527 18425 17999 18117 18060 17713 17493 16891 16667 16576 16591 16603 16591 16635 16793 16709 16714 17093 17062 16840 16889 16976 17350 17171 16697 17543 17910 17862 18133 18208 18152 19444 20068 20228 20716 21284 21611 21594 21132 20799 20760 20859 21177 21061 20904 20594 20388 20076 19325 19615 19329 18910 18779 18809 18228 18295 18339 17587 16548 16013 15412 15398 15240 15082 14210 13728
21656 21588 20778 19903 19311 19326 19637 19550 18623 18051 17800 17669 17343 17606 17656 17144 16805 16676 16595 16587 16558 16610 16607 16594 16603 16614 16609 16622 16727 16813 16967 16965 16730 16754 16835 17003 17397 17657 17619 17481 17468 17569 18265 19479 20002 20050 20566 20649 20529 20402 20366 20310 20124 20202 20599 20714 20545 20206 19779 19707 19572 19576 19675 19412 19234 19117 19014 18708 17994 17057 16334 16022 16094 16064 15020 14221 13909
21030 20442 19300 18928 18803 19007 18743 18289 18066 17710 17347 17204 17005 16906 16778 16738 16719 16600 16556 16566 16571 16561 16549 16551 16610 16636 16613 16639 16740 16823 16676 17019 16840 16740 16743 16764 16761 17059 17103 17125 17211 17258 17182 17346 17805 18272 18669 19063 19289 19776 20052 20090 20011 20080 20079 19897 19784 19892 19909 19796 20038 20163 20370 20242 19941 19750 19675 19605 19051 18166 17365 17011 16545 16318 15753 15051 14730
20781 19460 18705 18676 18325 18315 18216 18022 17686 17249 17090 17061 16924 16789 16711 16637 16618 16594 16559 16564 16557 16550 16539 16587 16618 16635 16599 16617 16734 16942 16920 16935 16789 16717 16738 16742 16758 16768 16781 16790 16807 16869 16849 16833 16835 16950 16965 17734 18476 19478 19683 19828 19951 20082 20124 19791 19675 19570 19500 19610 20320 20702 20637 20477 20404 19955 19415 19481 19189 18317 17588 17160 17114 16653 16101 15717 15474
19972 18880 18426 18023 17682 17686 17693 17491 17038 16983 16973 17005 16872 16715 16647 16617 16616 16591 16521 16515 16529 16521 16564 16599 16616 16619 16624 16665 16713 16826 16875 16881 16746 16721 16712 16740 16865 16822 16800 16831 16863 16861 16820 16819 16872 16838 16827 17296 18186 18974 19299 19354 19097 19822 20163 20414 20216 19919 19544 19403 19875 20561 20971 20928 20788 20127 19390 19226 19261 18487 17787 17325 17095 16691 16072 15681 15652
19330 18984 18127 17733 17753 17675 17312 17022 16864 16817 16797 16917 16713 16677 16680 16635 16786 16779 16565 16508 16505 16525 16560 16574 16609 16641 16655 16680 16712 16777 16751 16749 16761 16785 16724 16788 16835 16838 16849 16867 16861 16845 16842 16849 16834 16818 16819 16893 17588 18272 19044 19214 18843 19642 20286 20551 20353 20153 19753 19562 19284 19854 20996 20994 20995 20144 19442 19140 18760 18449 17800 17486 16992 16440 15836 15739 15733
