Alternative/Moon/Lvl0_30x30/Ele_AC.asc
ncols         335
nrows         335
xllcorner     -13342508.343
yllcorner     6672833.042
cellsize      10000
nodata_value  -9999.0
[rows 102 to 135 of 335, columns 0 to 76 of 335]
19384 19504 19593 19615 19602 19667 19604 19557 19429 19356 19352 19376 19412 19408 19400 19384 19345 19263 19170 19095 19095 19166 19189 19224 19226 19283 19261 19281 19314 19393 19481 19522 19402 19536 19537 19691 19816 19855 19922 19911 19915 19868 19876 19879 19953 20044 20088 20173 20261 20364 20226 20573 20633 20724 20836 20794 20758 20700 20644 20613 20603 20624 20716 20747 20948 21056 21089 21118 21139 21134 21108 21100 21198 21232 21263 21152 21107
19156 19262 19258 19215 19216 19176 19056 18818 18680 18550 18642 18820 19069 19235 19190 19287 19231 19131 19018 18943 18975 19038 19117 19196 19217 19244 19304 19327 19348 19374 19380 19341 19315 19296 19307 19346 19441 19534 19677 19667 19720 19737 19931 19929 20037 20153 20220 20306 20358 20408 20514 20633 20618 20593 20638 20664 20658 20616 20523 20394 20207 20156 20010 20023 19985 20004 20217 19979 20083 20071 19974 19929 20022 19826 19526 19679 19673
18806 18866 18974 19066 19126 19104 18999 18888 18784 18796 18886 18904 18845 18755 18752 18629 18620 18528 18532 18582 18769 19046 19235 19423 19433 19372 19346 19311 19263 19274 19264 19287 19314 19341 19345 19361 19382 19495 19582 19772 19914 20109 20212 20264 20268 20407 20509 20573 20530 20462 20478 20490 20432 20346 20208 19883 19708 19502 19276 19189 18937 18804 18711 18502 18361 18481 18214 18147 18135 18066 18091 17934 17750 17745 17725 17619 17373
18557 18601 18650 18706 18744 18815 18798 18801 18764 18823 18928 18950 18945 18925 18920 18893 18860 18890 18925 18765 18743 18912 19050 19222 19294 19315 19276 19264 19276 19417 19459 19546 19563 19510 19405 19587 19781 19881 19990 20160 20203 20218 20279 20358 20338 20396 20440 20413 20137 19907 19642 19538 19293 19217 19025 18695 18389 18181 17977 17861 17672 17513 17421 17228 17171 17035 16820 16747 16590 16440 16538 16249 16181 16175 16183 15875 15913
18340 18412 18455 18489 18549 18614 18628 18616 18676 18715 18733 18682 18670 18694 18759 18846 18934 19034 19142 19243 19252 19218 19232 19250 19204 19265 19285 19316 19352 19435 19531 19625 19752 19943 19996 20044 20102 20136 20099 20209 20249 20129 20004 19702 19320 19140 19016 18920 18773 18521 18505 18288 18046 17745 17602 17397 17306 16970 16931 16690 16672 16471 16408 16309 16079 15902 15750 15635 15494 15267 15138 14946 14814 14732 14526 14369 14224
18369 18492 18520 18535 18572 18601 18591 18577 18583 18651 18736 18721 18977 19206 19360 19450 19479 19504 19482 19442 19370 19371 19415 19479 19493 19492 19549 19619 19684 19713 19762 19822 19917 19992 20035 20079 20076 19987 19775 19606 19253 18984 18795 18608 18512 18426 18423 18400 18294 18133 17878 17519 17272 16934 16733 16509 16306 16298 16168 16135 16037 15949 15636 15475 15247 15131 14976 14713 14486 14352 14192 14176 13959 13896 13878 13881 13921
18513 18719 18808 18889 18996 19145 19192 19268 19279 19309 19315 19405 19450 19523 19530 19483 19469 19466 19462 19543 19575 19590 19592 19516 19475 19444 19552 19641 19683 19674 19748 19853 19917 19955 19999 20042 20013 19836 19588 19263 18925 18681 18540 18394 18272 18226 18088 17934 17701 17455 17315 16940 16670 16449 16336 16146 16000 15830 15682 15337 15194 14876 14867 14632 14426 14347 14305 14188 14157 14078 13975 13846 13834 13842 13836 13840 13837
18730 18811 18855 18983 19079 19227 19346 19368 19399 19478 19569 19643 19708 19751 19731 19660 19615 19626 19618 19625 19606 19587 19587 19513 19537 19561 19550 19570 19624 19687 19787 19891 20004 20136 20214 20249 20069 19839 19567 19255 18877 18510 18264 18031 17877 17716 17659 17361 17249 16957 16687 16375 16063 15832 15713 15490 15278 15025 14857 14684 14563 14501 14442 14417 14321 14143 14053 13901 13859 13835 13828 13826 13831 13833 13842 13843 13836
18948 19024 19071 19086 19126 19171 19252 19331 19407 19506 19624 19713 19690 19711 19674 19656 19652 19666 19708 19687 19645 19645 19659 19592 19552 19560 19611 19630 19637 19692 19829 19972 19990 20097 20158 20111 19847 19594 19199 18805 18440 18177 17953 17739 17594 17457 17286 17124 16763 16441 16133 15764 15545 15389 15304 15223 15148 15060 15000 14816 14668 14499 14409 14266 14135 14008 13957 13933 13844 13836 13848 13847 13845 13841 13847 13841 13841
18915 18995 19045 19050 19161 19302 19339 19359 19364 19386 19426 19453 19515 19536 19535 19604 19631 19635 19689 19741 19804 19870 19899 19893 19878 19839 19822 19847 19952 20032 20144 20306 20290 20182 20007 19685 19379 19108 18924 18709 18573 18484 18305 18188 17872 17663 17527 17141 16863 16573 16370 16136 15895 15693 15517 15414 15236 15057 14949 14809 14705 14542 14399 14231 14075 13931 13912 13884 13838 13829 13841 13834 13832 13836 13879 13919 13931
18869 18955 19021 19090 19177 19173 19183 19163 19221 19249 19276 19289 19381 19538 19600 19686 19699 19706 19712 19748 19786 19808 19817 19820 19877 19892 20024 20164 20298 20434 20520 20610 20608 20392 20146 19855 19675 19458 19341 19206 19014 18866 18856 18684 18424 18113 17911 17564 17236 16927 16767 16451 16154 15841 15624 15370 15241 15124 15011 14898 14889 14852 14741 14555 14326 14114 14013 13959 13889 13836 13830 13827 13818 13742 13772 13777 13792
18895 18936 18938 18996 19051 19077 19119 19120 19074 19073 19105 19164 19305 19430 19495 19570 19572 19605 19515 19547 19550 19530 19604 19729 19830 20000 20143 20264 20364 20446 20542 20604 20604 20423 20216 19877 19660 19471 19346 19201 19097 19023 18953 18940 18809 18492 18159 17939 17747 17440 17260 16996 16585 16362 16024 15764 15484 15266 15080 14908 14873 14818 14701 14522 14320 14150 14011 13894 13842 13788 13772 13783 13760 13735 13743 13770 13762
18784 18849 18880 18906 18931 18940 18980 19044 19104 19204 19254 19255 19243 19237 19154 19146 19316 19407 19418 19464 19530 19521 19475 19510 19714 19895 20003 20195 20329 20405 20400 20336 20373 20345 20199 20038 19978 19801 19645 19388 19218 19126 19090 19080 19100 19060 18958 18828 18580 18229 17966 17638 17293 16902 16588 16232 16124 15846 15649 15409 15137 14991 14693 14429 14213 14034 13871 13797 13735 13707 13704 13707 13794 13835 13835 13566 13230
18724 18753 18750 18745 18774 18814 18853 18924 18987 19110 19180 19176 19223 19220 19164 19137 19185 19218 19258 19266 19280 19410 19505 19625 19701 19864 19945 19953 20027 19970 20008 20068 20126 20137 20089 20361 20416 20419 20185 19839 19387 19217 19091 19041 18991 18988 18959 18815 18723 18518 18270 18040 17700 17395 17229 17100 16929 16672 17266 16162 15821 15551 15401 15195 15001 15022 14789 14787 14611 14515 14145 14263 14135 13903 13825 13790 13789
18689 18684 18685 18696 18707 18707 18731 18741 18758 18787 18838 18847 18838 18804 18858 18961 19071 19135 19204 19285 19396 19517 19602 19707 19724 19793 19852 19872 19839 19931 20018 20192 20314 20453 20557 20631 20620 20630 20630 20528 20332 20073 19799 19474 19215 18997 18831 18724 18645 18390 18096 17770 17681 17527 17415 17222 17029 16912 17317 16701 16628 16399 16302 16186 16120 15918 15792 15591 15476 15363 15389 15129 15172 15009 14728 14429 14242
18761 18755 18787 18788 18757 18755 18762 18771 18755 18770 18805 18827 18801 18780 18838 18955 19078 19138 19209 19306 19318 19337 19436 19511 19524 19548 19625 19634 19654 19705 19746 19784 19926 20137 20289 20444 20458 20472 20511 20501 20353 20237 20077 19776 19637 19504 19489 19423 19320 19009 18783 18492 18357 18049 17983 17744 17771 17565 17448 17259 17143 17007 16858 16841 16859 16804 16852 16733 16742 16679 16535 16460 16142 15934 15711 15539 15258
18773 18751 18766 18756 18742 18730 18712 18617 18550 18587 18635 18656 18654 18629 18673 18748 18819 18871 18882 18901 18918 19068 19233 19360 19458 19417 19381 19463 19512 19490 19457 19409 19322 19337 19318 19447 19261 19356 19435 19464 19406 19373 19438 19644 19752 19879 20026 20172 20180 20075 19927 19825 19783 19615 19379 19090 18658 18405 18030 18086 18061 18212 18167 18066 17875 17628 17420 17326 17287 17349 17580 17508 17419 17361 17210 17042 16940
18510 18518 18531 18562 18534 18500 18464 18512 18672 18799 18805 18845 18813 18670 18591 18597 18698 18706 18646 18661 18750 18786 18864 18945 19004 19088 19118 19178 19113 19086 19175 19173 19125 18998 18981 18857 18780 18658 18607 18580 18721 18852 18971 19095 19271 19542 19776 19894 19813 19826 19843 19841 19769 19814 19799 19813 19856 19877 19833 19749 19751 19650 19599 19442 19398 19299 19118 18967 18945 18888 18851 18846 18772 18675 18754 18624 18535
18394 18332 18245 18169 18071 18055 18232 18445 18667 18770 18789 18742 18556 18314 18232 18324 18562 18706 18724 18697 18660 18660 18697 18611 18567 18636 18708 18830 18964 19085 19127 19129 19139 19029 18917 18702 18573 18515 18449 18508 18678 18847 18968 19097 19204 19364 19506 19646 19735 19845 19826 19824 19814 19837 19909 19924 19938 19926 19937 19974 19978 19981 20072 20117 20076 19828 19561 19667 19651 19637 19637 19598 19679 19780 19724 19686 19679
18277 18157 18173 18194 18202 18226 18254 18324 18539 18678 18662 18643 18520 18255 18207 18343 18565 18665 18652 18589 18517 18512 18463 18472 18474 18510 18578 18647 18747 18788 18737 18700 18630 18539 18563 18558 18560 18574 18651 18740 18798 18816 18824 18877 18933 19057 19211 19328 19338 19265 19144 19239 19319 19416 19524 19543 19548 19642 19624 19609 19665 19724 19871 19871 19802 19771 19801 19854 19845 19870 19853 19838 19799 19818 19786 19745 19788
18074 18109 18164 18189 18196 18230 18220 18248 18233 18174 18184 18206 18265 18327 18367 18480 18526 18500 18524 18552 18602 18636 18684 18738 18744 18681 18606 18519 18559 18530 18463 18389 18454 18537 18591 18671 18700 18699 18704 18791 18802 18828 18812 18746 18736 18711 18746 18842 18810 18825 18869 18891 18905 18902 19007 19112 19306 19409 19416 19402 19409 19491 19572 19611 19714 19743 19713 19560 19620 19677 19759 19718 19666 19628 19611 19532 19536
17977 18008 18097 18139 18219 18247 18288 18319 18350 18372 18419 18473 18516 18529 18547 18578 18574 18632 18707 18727 18682 18643 18566 18600 18709 18749 18697 18585 18512 18450 18384 18376 18337 18330 18316 18343 18364 18373 18362 18372 18384 18392 18376 18405 18496 18562 18580 18631 18696 18799 18865 18867 18862 18881 18951 18958 18874 18863 18863 19018 19187 19247 19285 19261 19255 19203 19217 19209 19215 19227 19156 19119 19117 19113 19098 19066 19100
18110 18117 18169 18231 18255 18320 18339 18398 18456 18524 18543 18566 18675 18715 18734 18777 18760 18729 18750 18791 18850 18845 18804 18688 18726 18755 18661 18498 18522 18466 18429 18446 18431 18361 18356 18339 18340 18334 18327 18331 18355 18402 18399 18362 18372 18368 18406 18504 18551 18535 18472 18452 18484 18450 18453 18462 18496 18570 18586 18642 18630 18648 18744 18851 18797 18807 18916 19199 19296 19225 19201 19217 19226 19236 19233 19175 19083
17999 17972 17956 18014 17994 18010 18067 18164 18233 18437 18492 18576 18635 18670 18602 18531 18380 18258 18249 18105 18101 18350 18327 18182 18190 18239 18203 18197 18347 18452 18530 18595 18611 18564 18553 18505 18465 18424 18423 18418 18393 18400 18411 18442 18472 18442 18391 18415 18495 18503 18551 18616 18683 18688 18697 18615 18584 18591 18674 18711 18722 18752 18806 18921 18936 18951 18959 19034 19164 19148 19146 19218 19204 19041 19060 19019 18969
17658 17554 17450 17326 17296 17310 17381 17482 17534 17503 17412 17362 17327 17263 17197 17142 17104 17222 17194 17133 17159 17203 17249 17286 17382 17612 17909 18426 18750 18883 18877 18866 18804 18731 18664 18639 18661 18620 18614 18602 18610 18526 18569 18594 18748 18841 18925 18941 18921 18924 18919 18924 18844 18868 18881 18919 18869 18824 18792 18760 18740 18770 18769 18768 18814 18870 18863 18789 18758 18770 18806 18805 18762 18817 18834 18842 18747
17486 17425 17324 17326 17312 17315 17304 17308 17308 17351 17371 17402 17261 17287 17220 17315 17248 17260 17380 17328 17428 17589 17822 18162 18506 18732 18888 18984 18950 18975 18928 18905 18845 18845 18812 18815 18865 19011 19052 18973 19001 19020 18965 19048 18874 19110 19067 19106 19091 19108 19093 19067 18980 18950 18972 18974 18986 19060 19064 18997 18903 18896 18915 18904 18798 18749 18736 18682 18627 18623 18615 18631 18619 18571 18576 18491 18444
18020 18013 17996 17972 17882 17849 17972 17826 17855 17969 18105 18232 18391 18474 18520 18627 18589 18574 18630 18504 18565 18773 18836 18850 18902 18909 18942 18927 18921 18904 18852 18847 18906 18953 19134 19251 19206 19092 18943 18521 18199 17740 17398 17308 16788 16843 16822 16787 16840 16953 17030 17247 17369 17752 17983 18470 18538 19054 19175 19172 19137 19088 19045 18949 18853 18785 18787 18741 18692 18613 18539 18544 18539 18520 18479 18434 18378
18279 18325 18337 18311 18279 18295 18336 18366 18399 18430 18445 18478 18514 18562 18658 18740 18798 18837 18876 18848 18912 18893 18851 18801 18780 18789 18775 18751 18705 18792 18834 19008 19317 19479 19513 19301 19075 18530 18047 17527 17129 16759 16472 16371 16324 16323 16326 16312 16315 16313 16320 16308 16475 16501 16848 16996 17108 17627 18055 18486 18786 18946 18960 18919 18859 18791 18788 18769 18704 18689 18670 18666 18580 18466 18420 18387 18279
18302 18328 18356 18366 18372 18340 18323 18350 18344 18359 18334 18309 18279 18289 18383 18446 18433 18445 18564 18563 18603 18620 18609 18556 18527 18543 18569 18726 18790 18787 18866 19083 19399 19580 19549 19275 18782 18209 17721 17179 16855 16678 16500 16458 16364 16342 16302 16321 16308 16338 16358 16416 16483 16676 16836 17077 17126 17379 17737 18159 18525 18797 19094 19085 19013 18880 18740 18716 18711 18736 18701 18705 18674 18592 18471 18298 18206
18521 18491 18515 18503 18393 18310 18351 18425 18454 18411 18368 18307 18255 18241 18248 18210 18263 18315 18343 18307 18362 18345 18302 18355 18391 18429 18503 18592 18634 18631 18690 18789 18956 19143 19177 19011 18750 18373 18043 17680 17422 17273 17171 17269 17208 17207 17104 16901 16725 16687 16862 17037 17189 17526 17702 18075 18428 18617 18963 19031 19079 19098 19116 19089 18966 18807 18662 18604 18579 18572 18606 18638 18646 18648 18627 18542 18382
18757 18764 18677 18608 18502 18392 18295 18471 18464 18480 18535 18550 18459 18400 18538 18569 18579 18534 18551 18519 18506 18407 18305 18229 18272 18250 18307 18379 18417 18418 18476 18573 18590 18596 18674 18726 18714 18598 18699 18747 18818 18799 18801 18762 18794 18771 18746 18560 18529 18699 18747 18873 18896 19031 19060 19134 19142 19158 19166 19133 18980 18782 18667 18517 18459 18387 18355 18340 18354 18326 18329 18337 18408 18429 18414 18476 18354
18937 18889 18906 18828 18769 18807 18820 18784 18609 18652 18747 18833 18819 18599 18612 18658 18645 18629 18607 18646 18672 18760 18785 18782 18649 18498 18476 18442 18439 18537 18643 18690 18740 18698 18728 18764 18783 18840 18871 18877 18858 18988 19119 19118 19117 19041 18960 18910 18884 18912 18984 18997 19034 19048 19034 18978 18987 19031 19063 18990 18907 18801 18810 18768 18544 18464 18462 18587 18552 18524 18554 18568 18458 18400 18372 18459 18558
19501 19518 19494 19393 19337 19422 19377 19226 19153 19144 19168 18988 18679 18243 18035 17798 17760 17845 18114 18302 18547 18850 19052 19041 18950 19008 19059 19164 19139 18901 18693 18603 18562 18364 18111 18043 18195 18608 18847 18865 18930 19143 19247 19288 19282 19169 19030 18914 18806 18724 18738 18705 18701 18696 18687 18682 18674 18684 18668 18675 18671 18704 18779 18811 18767 18733 18775 18843 18880 18728 18642 18495 18388 18312 18292 18342 18463
19563 19432 19271 19261 19349 19469 19464 19327 19123 18983 18923 18899 18676 18754 18846 18995 19000 18940 18952 19048 19104 19107 19096 19050 19039 19123 19201 19320 19304 19109 18790 18487 18176 18055 18049 18059 17999 17937 18065 18246 18448 18687 18909 19117 19237 19405 19395 19312 19293 19265 19149 19036 18803 18713 18723 18833 18877 18881 18790 18712 18688 18671 18683 18754 18849 18915 18992 19008 18859 18829 18826 18764 18759 18719 18807 18869 18876
