Alternative/Moon/Lvl0_30x30/Ele_EL.asc
ncols         335
nrows         335
xllcorner     16807491.657
yllcorner     -6727166.958
cellsize      10000
nodata_value  -9999.0
[rows 105 to 139 of 335, columns 0 to 77 of 335]
25693 24958 24373 23961 23522 22709 22129 21931 21866 21404 20748 20610 20558 20501 20528 20525 20326 20203 20100 19801 19572 19397 19252 19255 19295 19409 19754 20271 19597 20819 20915 19263 20826 22646 22825 22922 22081 20564 20384 21459 21660 21722 21433 20926 20902 20722 20342 20317 20364 20472 20516 20262 19740 19199 19163 19419 19121 18536 18444 18079 16710 16353 16421 16163 16148 16135 15977 15878 15927 15880 15865 16012 16152 16329 16475 16360 15757 15570
26938 26257 25433 24826 24613 23660 23219 22673 22103 22007 21860 21549 21812 21665 21332 21312 21397 21308 21295 21425 21231 20490 19852 19788 19922 20551 20917 21531 21847 21482 20742 21581 22805 23242 23126 22946 22354 22157 22044 21539 21374 21243 21202 20963 20957 20662 20582 20475 20569 20514 19858 18496 17274 16411 16590 17805 18805 19128 19120 18718 17677 16928 16286 15972 15791 15731 15724 15754 15625 15655 15625 15877 16156 16403 16483 16143 15699 15098
28121 28042 27491 26523 25809 24682 23978 23512 22691 22754 22947 22747 22582 22380 22033 22536 22091 21089 20728 21601 22414 21963 21046 20657 20850 21502 22142 22444 23043 22999 22603 22959 23564 23532 23275 22790 22665 22835 22497 21820 21462 21179 21103 20894 20914 20583 20572 20557 20551 19677 18052 16264 15665 15598 15582 15647 16427 17507 18429 18604 18402 17062 16192 15953 15599 15626 15809 15790 15624 15505 15667 15866 16009 16200 16365 16152 15467 14935
29094 28945 28122 27499 26856 25721 25018 24485 23371 23470 23613 23541 23212 23207 22739 23061 21945 19810 18902 20708 22698 22722 22123 22064 22526 22852 23054 23511 23946 24068 24112 24320 23684 23515 23355 22881 22668 22677 22386 21786 21375 20682 20626 20677 20420 20597 20569 20247 18834 17461 16653 15619 15635 15501 15546 15417 15278 15323 16134 17748 18224 17769 17015 16221 15886 15707 15493 15686 15686 15523 15640 15588 15640 16069 16515 16217 15592 15100
29271 29085 28699 28166 27688 27128 26414 25290 24493 24766 24660 24243 24144 24003 23617 23696 23081 21452 20921 22175 23091 22821 22730 22878 23550 23717 23981 23971 24412 24394 24805 24546 23313 23036 23144 22878 22284 22086 22070 21406 20698 20281 20224 20288 20156 20415 20190 18764 17462 16599 16503 15696 15691 15572 15432 15192 15150 15106 15153 16826 18215 18041 17540 16927 16496 16035 15634 15610 15438 15289 15273 15499 15639 16156 16618 16513 15944 15259
29368 29111 28638 28406 28521 28434 27810 27197 26687 26048 26029 25492 25188 24827 24572 24351 23905 23801 23759 23828 23673 23541 23658 23750 24084 24700 25001 25093 25117 24846 25037 24756 23922 23232 23201 22836 22301 21990 21434 21282 20544 20127 19912 19832 19926 19708 19333 19435 18116 16756 16570 15978 15872 15699 15252 15131 14978 14903 14950 16499 17778 17675 17324 17059 16518 16231 16029 15610 15593 15127 15236 15443 15284 15608 16089 16070 16054 15953
29390 29138 28895 27975 28299 28445 28610 28432 27758 27068 27099 26749 26530 25746 25381 25357 24872 24680 24350 24087 24208 24252 24443 24482 24638 24695 25383 25439 25354 25198 25011 24730 24151 23506 23157 22398 22004 21779 20994 20135 20047 20125 19960 19545 19429 19221 19506 20012 19309 17605 16329 14442 14841 15237 15288 15185 14643 14794 15596 17257 17474 17038 16569 16712 16432 16160 15556 15596 15602 15269 15138 15083 15277 15284 15156 15820 16070 15593
29405 28507 28144 27143 26795 27550 28348 28201 27664 27731 27711 28066 27850 27310 27123 26355 25972 25890 25017 24961 25056 25120 25074 24845 24858 25084 25305 25338 25100 24900 24586 23988 23927 23319 22327 21356 21169 21100 20604 20025 20113 20135 19803 19457 19332 19431 19530 19879 19777 19259 17965 16509 15356 14797 14909 14891 14665 15633 17114 17387 17176 16565 16266 15960 15845 15683 15501 15321 15339 15242 15207 15403 15194 15035 14984 15447 15576 15009
28614 28393 27952 27371 26970 26744 26971 27503 27730 28171 28395 28841 28686 28055 27970 27122 26639 26439 26190 25375 25043 25092 24959 24569 24291 24404 24691 25120 25025 24749 23880 22733 22448 22503 22303 21556 20667 20722 20405 19587 19605 19496 19467 19317 19182 19214 19228 19304 19733 19748 19547 18502 17284 16209 15466 15156 15823 17290 17718 17525 17027 16399 16106 15743 15436 15314 15306 15186 15290 15452 15545 15493 15291 14977 14918 15109 15346 15846
26512 27381 27989 28630 28567 27484 27426 27538 28031 28381 28690 29133 29057 28948 28721 28229 27504 26893 26348 25717 24951 23874 23764 22937 23068 23274 23580 24157 24095 23350 23180 22503 22494 22179 21461 20819 20179 19614 18735 18675 19369 19570 19160 18795 18767 18749 19019 19117 19368 20028 20200 20248 19820 18839 18114 17920 18209 18162 17777 16982 16318 16208 16132 16142 15660 15267 15095 15216 15260 15522 15800 15698 15462 14984 14800 14838 15228 15872
25698 26456 27525 28246 28382 27714 28738 28875 28504 29127 28899 28877 29082 29033 28861 28266 27431 26616 26070 25667 25227 23833 23148 22650 22655 22546 22081 23146 23340 22787 22342 22031 21645 20943 20367 19914 19752 19258 18453 18054 18597 19231 19021 18742 18633 18747 18893 18931 19177 19696 19922 20188 20112 19727 19196 18811 18179 18027 17306 16555 16348 15944 16047 16207 16057 15397 15019 15335 15690 15470 15829 15815 15810 15215 14945 14880 14971 15356
25462 25892 26351 26764 27234 27770 28722 29384 29443 29026 29019 28711 28574 28131 27967 27944 27458 26563 25960 25319 24880 23929 23287 22630 22714 21924 21059 21555 22231 22106 21900 21069 20780 20289 19941 19530 19539 19432 19133 18994 19563 19539 19298 18922 19072 19119 19136 18895 18721 18665 18830 18810 18696 18374 17770 17531 17363 17304 16530 16510 16122 15934 16016 16105 15860 15397 15410 15739 16073 16044 15751 15655 15774 15671 15650 15437 15253 15366
25484 26367 26807 27380 27477 28428 28715 29113 29496 29635 29308 28752 28113 27688 27513 27185 26759 25997 25696 25054 24167 23677 23234 22902 23223 22874 22082 21648 21774 21888 21630 20726 20727 20293 19841 19616 19299 19305 19358 19405 19496 19366 18849 18868 18978 18988 18849 18549 18058 17507 17508 17268 17041 16800 16548 16601 16859 16564 16443 16508 16115 15875 15913 15854 15528 15387 15491 15695 15745 15755 15552 15467 15679 15955 16253 16283 16018 15664
25224 25582 25810 26683 27129 28365 28550 28793 29224 29571 29253 28481 27789 27174 26677 26501 25965 25289 24582 24041 23438 22837 22286 22597 22938 22599 21915 21311 21245 21405 21077 20765 20728 20099 19471 19228 19130 19006 19260 19261 18779 18540 17883 18267 18243 18009 17917 17474 17182 16653 16380 16345 16318 16275 16164 16181 16094 16337 16449 16379 16183 15806 15513 15399 15223 15306 15385 15263 15350 15475 15485 15492 15902 16372 16558 16718 16319 15712
23970 23393 24412 25170 25818 27198 28226 28433 29282 29531 29218 28403 27357 26421 25479 25519 25175 24266 23685 23245 22888 22140 21996 22021 22120 22004 21773 20942 20482 20643 20554 20107 19959 19762 19433 19002 18267 18575 18510 18318 18141 17748 17463 17640 17551 17134 17216 16887 16306 16106 15885 15891 16138 16219 16103 15727 15806 15910 16205 16374 16485 15840 15318 15034 14971 15027 14973 15068 15291 15470 15900 16112 16582 16910 17044 16957 16468 16178
23120 22979 23689 24230 25059 26363 27436 27879 29234 29583 29180 28241 27245 26201 25480 24831 24267 23630 23198 22951 22392 22023 21781 21819 21643 21374 21258 20670 19817 19708 19532 19026 18892 18493 17815 18020 17915 17807 17611 17634 17192 16525 16646 16883 16726 16316 16290 16147 15929 15759 15694 16001 16601 16797 16712 16095 15656 15893 16231 16375 16361 15727 15270 15058 14871 15078 14991 15120 15422 15717 16308 16487 16590 17057 17377 17539 17562 17350
22029 22861 23520 23453 24192 25596 26064 26655 28297 29046 28230 27454 26922 26329 25391 24218 23810 23612 23486 22949 22380 21831 21547 21562 21267 21020 20531 19848 19428 18996 18758 18418 18106 18028 17641 17660 17481 17255 17141 17071 16413 16235 16232 16203 16057 16037 15963 15791 15663 15569 15660 15982 16640 16835 16763 16125 15643 15764 15875 15856 15460 15306 15167 15366 15455 15426 15069 15097 15420 15684 16308 16530 16515 16826 17366 17645 17643 17350
21026 21918 22090 22464 22921 23842 24469 25388 26844 28169 28833 28765 28185 26592 25464 24493 23776 23552 22984 22335 21777 21262 21018 20778 20512 20126 19616 19221 18839 18285 18009 17993 17938 17791 17658 17653 17338 17302 16971 16717 16447 16373 16140 16101 16057 15974 15899 15790 15767 15562 15573 15701 16048 16103 15852 15643 15921 15944 15872 15474 15479 15219 15371 15892 15921 15830 15543 15074 15292 15744 15881 15674 16295 16902 17255 17201 17279 16900
19857 19978 20208 21151 21555 22210 23363 24431 25428 26760 28177 28554 28344 27427 26207 25033 24210 23461 22468 21756 21536 21373 20772 20049 19870 19229 18852 18417 18042 17823 17768 17697 17764 17834 17767 17659 17400 16976 16873 16813 16578 16347 16349 16224 15973 15807 15794 15703 15881 15493 15380 15651 15776 15586 15383 15649 15790 15874 15874 15497 15375 15613 15880 16321 16331 15962 15683 15142 15177 15200 15107 15772 16278 16822 16905 17001 16799 16913
19396 19638 20095 20319 20449 21409 22416 23152 23884 25283 26732 27654 28058 27947 27271 25747 24716 24100 23222 22059 21540 20889 20421 19806 19263 18563 18345 18192 18195 17712 17691 17601 17572 17911 18017 17755 17227 16962 16727 16542 16342 16318 16245 15888 15869 15744 15566 15620 15631 15652 15411 15515 15560 15558 15478 15483 15568 15417 15275 15430 15278 15454 15928 16428 16196 15879 15453 14981 14779 15433 15654 15915 16342 16870 16834 16698 16599 16490
18275 18890 18944 19151 19560 20446 21270 22036 22902 24297 25907 26991 27900 27924 27648 26592 25484 24686 23577 22938 22252 21381 20836 19740 19032 18426 18255 18429 18283 17679 17586 17574 17426 17880 17973 17586 17260 17150 16968 16557 16284 16179 16161 15975 15669 15776 15555 15653 15736 15692 15562 15501 15548 15541 15429 15522 15592 15433 15409 15348 15206 15301 15493 15756 15718 15218 15094 15090 14839 15464 15690 15605 15510 16004 16028 16243 16421 16517
17847 17885 17860 18189 18342 18964 19766 20662 21773 23290 25094 26613 27272 27825 27793 26986 26203 25686 24912 24020 22717 21654 20707 19639 18560 18491 18505 18566 18244 17942 17430 17390 17400 17252 17238 16817 16768 16954 16852 16544 16118 16070 15913 15958 15830 15727 15655 15684 15831 15618 15483 15462 15503 15357 15185 15399 15511 15192 15299 15346 15250 15275 15526 16028 16262 16226 16091 16026 15341 14937 15226 15113 15407 15670 15622 15782 15802 15973
17114 17256 17183 17319 17639 17935 18600 19207 20577 22190 23513 25042 26156 27052 27103 27112 26581 25947 25191 24181 22762 21658 21307 19850 18922 19111 18822 18587 18276 18070 17518 17104 16816 16710 16654 16509 16466 16470 16456 16485 16118 15988 15886 15930 15942 15771 15674 15620 15545 15451 15431 15481 15479 15281 15395 15462 15643 15231 14984 15304 15305 15306 15736 16389 16648 16873 16803 16455 15558 14630 14693 14933 14909 14778 14824 14792 14811 15403
16546 16796 16883 16461 17545 17839 18160 18779 19928 20835 21857 22920 24150 26021 26969 27069 26619 25904 25010 23721 22215 21371 21114 19672 19301 19270 18952 18585 18378 18290 18082 17415 16769 16677 16690 16536 16478 16455 16401 16521 16410 16284 16074 16191 16014 15753 15622 15616 15625 15686 15591 15431 15485 15499 15632 15890 15850 15362 15472 15161 15195 15521 15231 15921 15940 16554 16520 15656 14809 14509 14347 14546 14560 14402 14247 14370 14318 14763
16400 16472 16589 17020 17785 17879 18059 18311 19138 19819 21183 21723 23144 25252 26438 26868 26743 25842 24763 23508 22130 20972 20243 19632 19243 19112 18751 18612 18339 18267 18103 17684 17048 16748 16575 16513 16473 16403 16273 16385 16466 16460 16320 16264 16078 15808 15616 15479 15538 15518 15427 15326 15367 15364 15744 15810 15661 15327 15709 15614 15763 15694 15586 15837 15853 15636 15803 15079 14402 14300 14495 14559 14476 14470 14312 14200 14251 14433
16370 16701 17095 17468 17716 17873 18101 18147 18599 19661 19963 20767 22071 23814 25563 26676 26690 25906 24485 23095 21786 20586 19879 19284 19452 19184 18953 18575 18389 17782 17785 17866 17384 16942 16593 16450 16391 16364 16358 16572 16642 16727 16586 16475 16491 16076 15951 15791 15469 15129 15053 15095 14670 15466 15571 15419 15138 14708 15143 15571 15731 15588 15471 15670 15664 15533 15540 14907 14345 14290 14440 14321 14265 14242 14295 14239 14215 14224
16611 16928 16919 16582 16779 17849 18372 18538 18712 19098 19327 19868 20847 22345 23989 25622 26315 25866 24048 22064 20591 20172 19706 19585 19502 19093 19002 18559 18834 19065 18683 17971 17654 16971 16602 16250 16259 16300 16377 16462 15887 16128 16605 16475 16676 16547 16281 16201 15712 15016 15052 15215 15489 15368 15241 15225 15344 15254 15230 15490 15450 15349 15483 15511 15646 15564 15509 15183 15151 15000 14596 14500 14275 14218 14299 14242 14233 14320
16463 16794 16863 16382 17038 17763 18397 18812 19292 19971 20462 20253 20446 21561 22768 24216 25522 25548 24618 22944 21581 20846 19808 19599 19568 19209 19084 19312 19258 19400 19041 17932 17078 16968 16709 16449 16473 16238 15903 15876 15680 16270 16356 15582 15457 16110 16102 15834 15742 15261 15385 15677 15578 14948 14507 14278 14539 14967 14953 15196 15213 15443 15426 15377 15290 15349 15416 16218 16283 15695 15441 15117 14680 14613 14230 14558 14868 15216
16273 16231 16268 16340 16753 17670 18011 18626 19307 20020 20796 20774 20653 21204 22416 24261 25810 25986 25303 23848 21929 20840 19819 19348 19234 19164 19097 19320 19101 19111 19028 17939 17522 17013 16898 16524 16558 16165 15888 15869 16214 16387 16428 16178 15755 15972 15852 15435 15427 15612 15835 15798 15573 15090 14498 14216 14787 14943 15103 15218 15609 15492 15404 15354 14587 15776 16177 16415 16543 16393 16333 16208 15849 15353 14941 14982 15554 15500
16263 16255 16300 16336 16690 17551 18217 18695 19516 19843 20662 20680 20921 21107 22440 24740 25887 25899 25030 23788 21886 20595 19910 19538 19254 18993 19074 19154 19016 18952 18963 18162 17772 16500 15848 15597 15511 16105 16066 15864 16057 16207 16193 16217 16150 15982 15646 15612 15671 15859 15880 15757 15421 15498 15196 14674 14791 15331 15711 15748 15668 15483 15386 15430 14919 15188 15680 16124 16784 17049 17173 17113 16568 15845 15550 15623 15882 15857
16217 16226 16250 16301 16550 17468 18063 18407 19287 19787 19974 20649 21092 21854 23250 24954 25349 25152 24324 22685 21170 20110 19902 20121 19625 18787 19042 19132 18812 18623 18617 17925 17546 16012 16066 16076 16636 16616 16274 15816 16055 16141 16034 15976 15751 15668 15701 15631 15598 15815 15926 15870 16072 16014 15952 15922 15746 15667 16218 16265 16048 15855 15843 15050 14523 14546 14897 15979 16883 17125 17406 17335 16515 15948 15811 15749 15750 15827
16192 16248 16228 16251 16535 16956 17709 18320 18973 19473 19828 20508 21311 22397 23930 24993 24912 24384 23227 21751 20520 20576 20473 20340 19811 19048 18382 18718 18495 18257 17940 16722 15909 15778 16644 16707 16678 16531 16204 16001 16089 16255 16314 16207 16005 16054 15921 15728 15744 15934 16176 16259 16264 16372 16633 16644 16568 16632 16973 17313 17064 16988 16021 14949 14483 14419 14651 15737 16939 17217 17273 17240 16650 16078 15852 15861 15667 15429
16142 16174 16249 16397 16541 17210 17782 18321 18912 19654 20098 21474 22219 23401 24405 24845 24598 23895 22659 21149 20495 20427 20419 20321 19341 18947 18397 18081 17954 17867 17224 16110 15914 16221 16552 16436 16434 16184 16039 16009 16094 16262 16372 16260 16169 16087 16032 16076 15856 15860 15855 16114 16143 16472 16716 16508 16094 17035 17212 17353 17164 17058 16241 15252 14238 14155 14250 14924 15743 16064 16280 16402 16347 16255 16154 15808 15758 15311
16015 16181 16192 16242 16650 17482 18410 19112 19463 20463 21373 22822 23690 24227 24240 23975 23357 22778 21660 20401 20444 20282 20130 19591 19078 18789 18308 17644 17244 16957 16925 16752 16711 16716 16476 16260 16219 16203 16239 16313 16083 16284 16450 16475 16308 16328 16363 16402 16223 15941 15708 15810 15790 15831 15955 16099 16270 16821 17046 16651 16777 16472 15920 15120 14100 13833 13859 13993 14397 14598 14744 15269 16045 16342 16382 16215 15635 15752
16076 16156 16166 16260 16635 17487 18541 19581 20302 21451 22294 23073 23630 23935 23738 22630 21819 21393 20656 19877 19683 19646 19499 19495 19111 18430 18019 17466 17044 16899 16695 16804 16645 16561 16399 16302 16290 16246 16399 16187 15946 16234 16322 16206 16222 16243 16302 16273 16349 16200 15621 15085 14910 14763 14844 15130 15184 15577 15864 15987 16080 15722 15238 14482 13906 13931 13889 13952 14252 14267 14451 14437 15221 15918 16240 16210 16298 15994
