Alternative/Moon/Lvl0_30x30/Ele_AE.asc
ncols         335
nrows         335
xllcorner     -6642508.343
yllcorner     6672833.042
cellsize      10000
nodata_value  -9999.0
[rows 204 to 237 of 335, columns 77 to 153 of 335]
18223 18230 18184 18407 18618 18825 18852 18786 18779 18609 18487 18643 18827 18856 18876 18870 18872 18874 18789 18744 18690 18688 18611 18591 18530 18463 18572 18645 18682 18655 18478 18448 18425 18533 18683 18776 18902 18985 19005 19063 19227 19372 19553 19748 19891 19902 19728 19612 19609 19743 19664 19785 19874 19837 19669 19581 19656 19546 19477 19430 19036 18704 18420 18291 18194 18129 18021 17897 17893 17861 17824 17825 17820 17776 17777 17763 17737
18238 18271 18450 18659 18814 18867 18950 18921 18864 18837 18781 18635 18675 18723 18761 18804 18780 18784 18774 18723 18741 18741 18738 18719 18665 18578 18554 18552 18588 18605 18531 18503 18593 18727 18781 18795 18776 18922 18950 18834 18970 19183 19318 19595 19876 19903 19753 19626 19621 19730 19669 19866 20020 20135 20100 20199 20263 20308 20645 20696 20635 20417 20052 19802 19503 19291 19045 18826 18629 18335 18014 18010 17986 17893 17889 17875 17863
18749 18842 18848 18934 18929 18912 18973 18969 18923 18948 18992 18911 18938 19000 18980 18924 18918 18777 18647 18642 18665 18724 18717 18714 18664 18623 18561 18567 18553 18562 18553 18588 18665 18717 18770 18787 18705 18826 18872 18828 18797 18778 18805 18886 19123 19353 19505 19610 19672 19656 19775 19814 19908 20111 20209 20213 20254 20225 20610 20833 20952 21029 20967 20946 20914 20878 20811 20672 20342 20018 19725 19440 18959 18431 18426 18701 18790
18774 18945 18939 18934 19002 18896 18710 18766 18793 18980 19080 19105 19123 19192 19195 19187 19179 19053 18922 18800 18659 18699 18737 18698 18639 18573 18530 18576 18599 18689 18706 18716 18677 18707 18657 18646 18604 18704 18714 18634 18659 18608 18768 18915 19182 19225 19232 19596 19675 19551 19647 19675 19842 20026 19988 19915 20045 20092 20042 20202 20380 20461 20550 20529 20579 20748 20908 20914 20908 20782 20694 20595 20136 19407 18917 18722 18881
18650 18785 18890 19046 19114 19029 18940 18891 18708 18611 18683 18817 18867 18945 19052 19047 19041 18986 18911 18808 18686 18646 18674 18776 18736 18641 18626 18645 18638 18651 18689 18683 18650 18656 18716 18673 18671 18722 18731 18564 18647 18714 18660 18581 18808 19024 19022 19231 19298 19415 19687 19786 19844 19913 19841 19928 19909 20065 20025 20066 20171 20139 20155 20263 20255 20098 20168 20333 20406 20423 20427 20427 20399 20366 20447 20463 20353
18547 18665 18806 18838 18831 18854 18850 18898 18887 18876 18852 18850 18862 18871 18909 18832 18781 18753 18667 18665 18681 18682 18694 18757 18783 18795 18825 18799 18817 18859 18808 18810 18716 18721 18775 18755 18703 18753 18753 18668 18663 18690 18670 18654 18736 19006 19153 19341 19462 19559 19712 19823 19885 19761 19695 19627 19802 20037 20070 19949 19772 19857 19841 19912 19964 19934 19778 19745 19903 20165 20410 20454 20462 20342 20397 20424 20348
18722 18750 18714 18713 18683 18623 18677 18779 18866 18973 19099 19084 18915 18706 18849 18884 18805 18759 18779 18762 18637 18660 18717 18794 18860 18951 18974 18922 18985 18996 18936 18861 18788 18846 19062 19012 18895 18850 18828 18738 18777 18788 18845 18853 18857 18861 18935 19089 19411 19558 19499 19512 19568 19556 19614 19620 19834 19987 20035 20002 19899 19774 19728 19665 19672 19615 19451 19380 19488 19630 19976 20162 20364 20354 20265 20100 20012
18873 18892 18819 18857 18863 18861 18836 18885 18920 19176 19296 19313 19219 19170 18942 18983 19090 19014 18949 19008 19044 19013 19182 19181 19067 19070 19271 19269 19217 19194 19125 19181 19172 19021 18958 18925 18744 18644 18709 18845 18897 18952 18973 18984 18949 18923 18877 18948 19033 19086 19010 19015 19053 18992 18955 19081 19382 19731 19924 19888 19835 19746 19727 19730 19622 19590 19478 19222 19089 19170 19331 19574 19724 19750 19676 19671 19753
19119 19078 18990 18977 19108 19304 19315 19227 19166 19222 19337 19544 19728 19758 19744 19693 19606 19702 19705 19683 19766 19783 19767 19795 19795 19756 19639 19586 19529 19474 19378 19350 19286 19276 19177 19027 18922 18719 18642 18698 18734 18722 18763 18741 18705 18689 18661 18608 18503 18824 18858 18815 18721 18723 18781 18726 18908 19122 19254 19380 19501 19643 19670 19657 19639 19620 19486 19254 18967 18991 19058 19079 19062 19015 18956 18939 18976
19634 19564 19593 19594 19594 19743 19755 19821 19761 19684 19562 19513 19669 19778 20072 20330 20463 20458 20337 20326 20379 20344 20126 19975 19929 19899 19897 19931 19922 19771 19590 19593 19553 19587 19606 19566 19345 19127 19000 18944 18939 18978 18984 18931 18735 18721 18640 18565 18556 18766 18748 18686 18589 18463 18425 18433 18546 18616 18709 18766 18781 18966 19000 19110 19155 19115 19032 18816 18731 18647 18777 18827 18749 18688 18627 18615 18513
20593 20410 20221 20215 20264 20196 20121 20112 20313 20480 20503 20409 20456 20518 20502 20481 20613 20653 20634 20636 20574 20530 20458 20351 20163 20254 20311 20331 20304 20156 20003 20037 20071 20093 20088 20180 20127 19999 19831 19737 19708 19564 19598 19580 19380 19111 18846 18812 18839 18793 18719 18629 18573 18569 18529 18511 18488 18421 18446 18424 18461 18550 18626 18620 18726 18790 18832 18820 18791 18676 18518 18388 18450 18434 18463 18554 18637
20694 20748 20952 21092 21157 21192 21132 20982 20818 20824 20857 20820 21044 21455 21630 21586 21381 21339 21254 21141 21184 21132 21044 21022 20832 20675 20447 20334 20274 20173 20287 20269 20357 20371 20247 20232 20298 20408 20406 20308 20282 20196 20102 19995 19972 19973 19816 19684 19528 19412 19261 19024 18847 18753 18707 18558 18477 18468 18477 18522 18544 18529 18526 18470 18450 18413 18399 18342 18353 18356 18319 18329 18394 18420 18401 18394 18426
20846 20998 21332 21635 21873 21885 21740 21561 21485 21495 21796 22002 22054 21945 21809 21793 21911 22112 22241 22230 22022 21899 21701 21551 21244 20970 20731 20622 20362 20209 20304 20218 20229 20213 20201 20181 20268 20397 20409 20345 20313 20347 20328 20183 20083 20010 19984 19909 19792 19892 19836 19681 19472 19388 19358 19139 18862 18705 18602 18620 18553 18560 18572 18528 18432 18358 18298 18300 18279 18253 18355 18415 18371 18265 18250 18207 18172
21448 21522 21590 21820 22051 22023 21957 21910 21932 22023 22203 22395 22419 22294 22125 22080 22178 22328 22396 22422 22467 22491 22281 22284 22224 22107 21975 21858 21648 21276 21025 20948 20698 20364 20093 20086 20071 19958 19898 19946 20148 20314 20327 20238 20050 20032 19959 19889 19860 19835 19848 19706 19536 19705 19722 19448 19234 18967 18813 18800 18616 18552 18484 18469 18425 18346 18250 18257 18265 18258 18306 18321 18355 18314 18240 18238 18186
21482 21315 21268 21275 21230 21391 21183 21046 20964 20879 20682 20540 20575 20437 20294 20403 20472 20262 20275 20313 20609 20847 21065 21330 21556 21681 21752 21867 21936 21986 21866 22020 22048 21927 21699 21639 21445 21106 20865 20639 20599 20375 20090 19951 20068 20166 20196 20155 20131 20071 19966 19838 19795 19796 19686 19588 19550 19295 19087 18941 18811 18702 18666 18609 18536 18461 18552 18591 18532 18478 18361 18356 18382 18335 18306 18308 18258
21505 21003 20280 19834 19578 19716 19597 19656 19427 19373 19207 19093 18834 18557 18521 18733 19009 19339 19355 19372 19364 19334 19201 19254 19521 19867 20280 20543 20755 20781 20960 21558 21982 22116 22092 22073 21860 21752 21620 21577 21429 20950 20749 20545 20312 20209 20334 20352 20396 20549 20516 20355 19966 19895 19757 19674 19500 19330 19179 19091 18979 18931 18936 18881 18872 18812 18786 18765 18633 18486 18453 18436 18369 18453 18504 18433 18363
19931 19589 19355 19156 18937 18677 18356 18187 18137 18099 18040 18142 18172 18117 17968 17837 17748 18004 18314 18492 18705 18837 18873 18932 19295 19507 19515 19505 19935 20265 20383 20330 20329 20638 21252 21708 21854 21930 22061 22081 21953 21530 21200 21051 20667 20238 20335 20385 20433 20553 20543 20464 20472 20200 19909 19697 19498 19243 19090 19155 19207 19161 19003 18976 18919 18952 18907 18826 18749 18683 18637 18629 18549 18453 18411 18406 18389
19461 19377 19098 18684 18111 17807 17405 17331 17049 16911 16556 16344 16217 16124 16086 16226 16262 16488 16720 16827 16759 16859 17277 17286 17658 17499 18016 18128 18399 18805 19263 19559 19914 20067 20037 19990 20132 20552 21018 21332 21531 21442 21722 21790 21629 21189 20674 20282 20288 20271 20351 20396 20471 20304 20012 19686 19548 19574 19625 19573 19489 19449 19405 19206 18899 18892 18939 18889 18802 18782 18645 18568 18558 18432 18391 18464 18557
17890 17499 17268 17034 16797 16968 16815 16697 16355 15955 15583 15356 15010 14745 14570 14274 14255 14698 15324 15334 15409 15287 15569 15568 15513 15467 15912 16277 16728 17126 17756 18001 18268 18789 19315 19658 19951 20201 20260 20192 20007 20671 21633 21988 22190 22022 21489 21023 20634 20267 20091 20040 20004 19855 19665 19662 19690 19752 19754 19695 19619 19552 19524 19356 19049 18949 18885 18784 18380 18294 18575 18684 18640 18511 18502 18465 18422
16709 16322 16031 15949 15589 15368 15184 15091 14805 14586 14281 14284 14054 13929 13645 13596 13576 13563 13775 13908 14322 14524 14547 14606 14796 15071 15280 15365 15871 16082 16419 16659 17120 17411 17669 18178 18921 19624 19934 20001 19914 19869 20623 21453 22127 22084 21961 21673 21186 20916 20673 20542 20128 19816 19648 19556 19441 19375 19446 19470 19475 19469 19431 19351 19102 19028 18882 18867 18842 18677 18689 18641 18629 18572 18583 18572 18518
15714 15251 14976 14737 14365 14060 13978 13985 13907 13610 13552 13510 13403 13276 13294 13297 13311 13342 13355 13393 13517 13591 13602 13727 13775 14282 14352 14542 14792 15039 15613 16004 16327 16467 16860 17254 17650 18083 18368 18869 19278 19298 19310 19958 20797 21779 21975 22020 21868 21503 21210 21051 20639 20061 19726 19600 19551 19586 19549 19381 19412 19494 19405 19271 19129 19064 18967 18937 18872 18909 18956 18965 18897 18763 18702 18722 18630
14500 14100 13778 13564 13484 13239 13169 13167 13247 13368 13350 13300 13413 13615 13598 13594 13452 13440 13382 13453 13486 13560 13459 13410 13472 13543 13598 13610 13597 13659 14146 14971 15933 16444 16563 16818 17133 17691 18043 18292 19049 19206 19061 18992 19863 20929 21858 22058 22025 21668 21359 21149 20792 20527 20228 19969 19589 19766 19816 19704 19581 19623 19624 19468 19251 19091 19044 19061 18985 18971 18889 18868 18685 18617 18659 18700 18641
13540 13535 13402 13237 13092 13102 13198 13236 13431 13544 13873 14124 14346 14169 13633 13646 13823 13876 13526 13540 13569 13501 13529 13587 13528 13468 13497 13584 13605 13784 14332 14484 14978 15561 16205 16560 16566 16929 17256 17711 18129 18491 18788 18728 19005 19706 20818 21574 21769 21440 21213 21054 20750 20448 20172 19981 20031 20024 19978 19834 19702 19621 19580 19461 19338 19283 19118 19031 18845 18715 18533 18529 18498 18510 18440 18385 18356
13455 13237 13348 13238 13060 13053 13050 13189 13659 14203 14519 14549 14450 14438 13843 13716 13661 13688 13573 13619 13944 14580 14656 14495 13991 13531 13321 13316 13473 13651 14104 14282 14275 14631 14976 15311 15724 15950 16296 16908 17523 17840 18153 18622 18667 19006 20021 20718 21313 21196 20869 20887 20758 20567 20327 20171 20135 20100 19930 19741 19616 19390 19238 19268 19224 19180 18996 18865 18797 18688 18569 18535 18497 18369 18346 18326 18325
13472 13224 13118 13046 13070 13061 13095 13258 13353 13816 14005 13853 13534 13572 13483 13545 13611 13621 14259 14939 15389 15314 15076 14810 14322 13646 13296 13239 13230 13599 14144 14146 14123 14174 14548 14934 15739 16207 16715 17130 17518 17916 18287 18617 18705 18673 19197 19787 20670 21012 20832 20639 20645 20594 20529 20492 20361 20235 20055 19738 19514 19320 19171 19047 18833 18757 18665 18543 18476 18451 18487 18505 18440 18481 18482 18417 18351
13899 13534 13385 13129 12966 13009 13194 13274 13345 13374 13346 13227 13028 13014 13097 13255 13362 13743 14529 14859 15267 15120 14653 14021 13476 13145 13179 13138 13135 13209 13560 14044 14400 14582 14977 15360 15771 16295 16767 17255 18023 18318 18294 18370 18497 18788 19332 19840 20379 20853 20729 20599 20631 20734 20673 20604 20394 20175 19848 19738 19465 19043 18908 18813 18726 18605 18545 18499 18455 18441 18449 18436 18473 18454 18423 18402 18405
13623 13567 13518 13471 13338 13308 13231 13176 13064 12997 13016 13036 12963 13006 13032 13262 13616 13821 14507 14816 14798 14790 14548 14040 13532 13510 13843 13801 13944 14040 14051 14185 14578 15062 15784 16132 16506 16922 17340 17650 17941 18208 18207 18178 18321 18910 19949 20723 21253 21395 21050 20617 20693 20744 20558 20355 19932 19642 19431 19180 18986 18977 18859 18685 18610 18604 18534 18546 18506 18482 18444 18439 18423 18399 18391 18418 18401
13929 13729 13788 13855 13687 13524 13456 13387 13513 13462 13328 13059 13041 13039 13173 13165 13431 13645 13916 14232 14295 14207 14260 14107 14179 14326 14557 14705 14600 14684 14806 15109 15614 15952 16291 16706 17094 17509 17653 17739 17735 18071 19052 19565 19918 20724 21640 22015 21956 21582 21121 20675 20349 20101 19769 19591 19447 19248 19013 18961 18790 18737 18681 18637 18568 18600 18555 18563 18518 18493 18499 18499 18442 18419 18423 18397 18395
14242 14024 13971 14063 14116 13879 13589 13485 13656 13575 13513 13447 13379 13373 13406 13379 13678 14181 14507 14556 14525 14133 14388 14524 14533 14532 14566 14559 14704 14964 15269 15622 15931 16225 16707 16874 17111 17489 17652 17672 18089 19055 20105 20888 21790 21921 21877 21958 21826 21252 20644 20206 19823 19556 19333 19218 19108 18973 18843 18722 18657 18632 18561 18563 18559 18499 18464 18469 18457 18494 18405 18406 18412 18374 18364 18355 18326
15464 15250 15046 14946 14899 14781 14253 13940 13912 13696 13573 13586 13529 13522 13497 13471 13552 14141 14773 14929 15079 15478 15559 15337 15301 15309 15320 15168 15297 15614 15842 16055 16425 16686 16740 16748 16876 17554 18345 19103 20047 20882 21836 22444 22518 22319 22054 21780 21251 20765 20365 20019 19715 19454 19190 19094 18981 18881 18789 18670 18586 18598 18562 18520 18507 18509 18426 18401 18357 18372 18388 18332 18308 18286 18257 18252 18264
16544 16365 16225 16320 16179 15791 15267 15261 15153 14883 14450 14396 14395 14281 14468 14566 14459 14381 14514 15021 15598 15851 15978 15909 15945 16193 16221 16059 15821 15628 15701 16132 16502 16890 17520 18006 18855 19831 20934 21588 22229 22427 22598 22595 22612 22489 22098 21758 21136 20615 20246 20085 19744 19486 19255 19142 19067 18875 18758 18639 18553 18501 18497 18492 18443 18373 18327 18347 18343 18283 18274 18276 18299 18229 18216 18180 18177
17298 17411 17439 17336 17360 16913 16862 16550 16321 16228 15843 15697 15312 15379 15488 15459 15466 15630 15610 15955 16625 16717 16603 16396 16796 17301 17352 17350 17216 17358 17347 17824 18793 19357 20168 20822 21583 22211 22898 23071 22988 22768 22565 22496 22493 22302 21901 21481 21049 20847 20659 20509 19850 19446 19256 19090 18995 18911 18874 18712 18609 18608 18531 18422 18375 18373 18330 18283 18252 18197 18180 18194 18190 18137 18208 18199 18192
18112 18199 18238 18199 17998 18170 18188 17896 17810 17326 17094 17041 16786 16783 16917 16987 16963 16846 16809 16894 17305 17544 17787 17860 18037 18268 18335 18582 19026 19593 19886 20209 20799 21538 22363 22888 23080 23082 23009 22976 22774 22371 22026 21895 21842 21773 21645 21369 21051 20820 20546 20200 19701 19469 19256 19085 18925 18866 18744 18636 18567 18488 18507 18453 18432 18396 18305 18295 18271 18214 18176 18190 18135 18083 18141 18101 18106
18876 19107 19116 18901 18787 18704 18665 18623 18691 18688 18645 18606 18515 18299 18317 18199 18335 18432 18618 18751 18948 19199 19614 19904 20101 20205 20133 20241 20534 21057 21461 21741 22235 22630 23021 23098 22974 22685 22568 22426 21916 21453 21137 20948 20872 20788 20589 20473 20314 20146 19922 19839 19623 19380 19211 19073 18957 18827 18716 18636 18549 18455 18378 18399 18422 18349 18300 18318 18311 18290 18234 18222 18198 18141 18154 18148 18102
