Alternative/Moon/Lvl0_30x30/Ele_AB.asc
ncols         335
nrows         335
xllcorner     -16692508.343
yllcorner     6672833.042
cellsize      10000
nodata_value  -9999.0
[rows 204 to 237 of 335, columns 154 to 230 of 335]
18947 18707 18547 18518 18566 18483 18354 18432 18596 18697 18870 19054 19188 19448 19773 20123 20565 20990 21247 21431 21482 21481 21357 21284 21137 20811 20535 20035 19639 19095 18489 18092 18010 17919 17838 17823 17786 17779 17845 17953 18120 18456 18830 18713 18187 17204 16283 15287 14414 13616 13242 13175 13235 13851 14541 15041 15989 16868 17665 18561 18638 18606 18265 18013 17864 17765 17701 17670 17644 17633 17622 17603 17591 17667 17762 17753 17783
17647 17502 17390 17353 17558 17591 17596 17539 17639 17845 18160 18477 18774 19091 19387 19516 19469 19364 19287 19525 19668 19680 19729 19931 20323 20568 20533 20508 20411 19933 19372 18744 18411 18035 17741 17618 17658 17761 17846 17989 18150 18449 18786 18818 18784 18203 17358 16481 15688 15097 14612 13987 13997 14360 15040 15740 16418 17063 17693 18293 18425 18551 18165 17946 17811 17734 17711 17725 17718 17691 17690 17664 17615 17621 17670 17746 17813
16969 16926 16867 16981 17014 16971 16980 17055 17181 17421 17731 18054 18275 18388 18159 17840 17379 17054 16925 16945 17364 17704 18200 18398 18830 19551 20073 20477 20487 20340 19958 19501 19077 18671 18306 17851 17681 17770 17856 17912 17972 18090 18285 18626 18746 18744 18708 18593 18162 17784 17431 17418 17418 17389 17606 18040 18406 18528 18584 18539 18438 18121 17905 17802 17749 17680 17657 17658 17653 17582 17555 17541 17518 17614 17703 17941 17972
16498 16494 16231 16334 16414 16439 16482 16660 16709 16952 17192 17468 17470 17322 17050 16703 16635 16602 16577 16631 16672 16709 17014 17522 18010 18677 19068 19569 19774 20024 19933 19516 19100 18743 18436 18126 17921 17727 17696 17714 17735 17782 17837 17904 18041 18257 18438 18541 18560 18441 18397 18399 18434 18440 18459 18496 18491 18323 18097 17976 17903 17748 17696 17624 17588 17577 17577 17546 17528 17524 17509 17505 17521 17600 17789 17843 17682
16169 16188 16217 16216 16207 16252 16267 16207 16319 16710 17123 17398 17521 17641 17722 17510 17239 16886 16853 16667 16638 16656 17169 17448 17941 18524 19335 19704 19758 19690 19561 19252 18980 18718 18465 18327 18248 17860 17666 17654 17669 17703 17724 17746 17756 17769 17768 17776 17871 17932 17920 17967 17938 17969 17848 17798 17748 17714 17698 17674 17643 17576 17578 17589 17595 17583 17593 17613 17592 17581 17548 17530 17546 17607 17774 17837 17811
16087 16120 16122 16118 16143 16185 16269 16295 16210 16353 16697 16830 17176 17599 17871 17943 17940 17882 17732 17729 17810 18067 18474 18776 19023 19184 19621 19737 19715 19647 19553 19341 19094 18737 18548 18417 18375 18247 17922 17657 17603 17610 17606 17606 17611 17630 17647 17655 17669 17678 17653 17630 17598 17598 17584 17558 17561 17543 17541 17545 17563 17649 17621 17587 17657 17667 17622 17483 17535 17658 17666 17558 17516 17503 17556 17652 17728
16116 16117 16095 16095 16114 16235 16281 16304 16219 16077 16360 16608 16776 16981 17318 17464 17673 17873 18058 18233 18344 18466 18707 18754 18850 19019 19150 19366 19519 19621 19747 19745 19728 19420 19319 19161 19092 19078 18724 18410 18223 18025 17861 17770 17696 17660 17632 17595 17601 17569 17571 17567 17570 17572 17576 17587 17560 17564 17577 17581 17604 17686 17662 17466 17442 17609 17627 17673 17682 17661 17636 17613 17596 17623 17548 17544 17522
16052 16111 16082 16073 16052 16062 16118 16206 16233 16222 16177 16046 16102 16283 16395 16563 16875 17231 17558 17729 17876 18000 18035 18087 18134 18259 18558 18790 19076 19428 19798 20152 20396 20628 20812 20736 20731 20547 20540 20416 20180 19871 19583 19145 18813 18510 18325 18163 18087 18007 17896 17862 17869 17919 17968 17947 17883 17783 17788 17747 17697 17676 17634 17681 17660 17596 17573 17575 17583 17601 17604 17585 17581 17567 17524 17500 17512
16049 16022 15962 16054 16056 16088 16115 16193 16237 16189 16015 16132 16359 16757 17027 17116 17072 17030 17244 17480 17581 17672 17792 17818 18010 18208 18569 18840 19096 19445 19780 20160 20525 20871 21161 21444 21690 22008 21962 21915 21762 21477 21070 20604 20412 20023 19612 19222 19059 18966 18939 18937 18945 18923 18830 18801 18713 18613 18502 18280 18147 17903 17857 17797 17719 17627 17612 17627 17625 17659 17688 17576 17568 17532 17588 17645 17651
15982 15960 15984 15956 16007 16032 16193 16279 16278 16242 16158 16186 16429 16755 17002 17165 17149 17061 17202 17394 17426 17572 17693 17911 18117 18355 18616 18929 19122 19289 19603 20130 20575 21086 21518 21981 22401 22747 22853 22832 22857 22796 22667 22423 22122 21747 21219 20837 20796 20594 19934 19475 19241 18785 18453 18466 18619 18759 18764 18734 18578 18345 18282 18208 18003 17723 17701 17694 17674 17678 17853 17941 18056 18249 18310 18257 18194
16185 16147 16001 15954 15941 15941 15970 15948 15887 15867 15863 15986 16161 16326 16317 16047 15935 15892 16022 16161 16323 16609 17034 17689 18137 18368 18442 18663 19045 19285 19714 20188 20618 21191 21764 22208 22488 22860 23064 23104 23134 23097 23070 23054 22979 22802 22597 22221 21991 21172 20141 19354 18463 17606 16688 16009 16582 17263 18059 18551 18572 18316 18138 18130 18381 18549 18718 18707 18681 18648 18711 18789 18808 18723 18462 18521 18721
15853 16142 16198 16058 15975 15946 15924 15907 15894 15894 15887 16008 16077 16041 15935 15896 15898 15863 15892 16058 16393 16762 17452 18226 18718 19023 19149 19285 19422 19679 20075 20585 21047 21662 22247 22818 23108 23394 23590 23671 23677 23621 23548 23498 23487 23356 22951 22785 22594 22204 21570 20752 20188 19426 18820 18377 18481 18738 18712 18600 18553 18177 18207 18481 18858 19414 19782 19667 19309 18932 18718 18636 18563 18525 18503 18777 19200
16339 16187 16101 16017 15960 15967 15966 16020 16010 15955 15951 15969 16061 16193 16327 16391 16378 16378 16608 17001 17263 17804 18391 18859 19039 19154 19290 19467 19788 20195 20647 21090 21507 22072 22442 22819 23126 23411 23608 23681 23631 23754 23916 23936 23781 23409 22892 22468 22256 22171 22060 21969 21514 21049 20622 20175 19728 19355 18923 18695 18498 18585 19100 19346 19798 20171 20177 19788 19447 18986 18640 18609 18485 18421 18691 19040 19370
16648 16485 16248 16183 16098 16150 16123 16229 16325 16308 16235 16130 16162 16310 16443 16788 16931 17167 17379 17723 17992 18385 18632 19035 19259 19473 19708 20070 20553 20961 21524 22001 22264 22455 22542 22744 22834 23077 23297 23144 22905 23157 23438 23713 23621 23304 22907 22385 22190 22289 22596 22779 22869 22614 22185 21586 21181 20828 20591 20576 20314 20283 20648 20838 21033 20940 20642 20275 20010 19856 19536 19426 19303 19499 19800 20062 20517
17504 17060 17038 16949 16771 16689 16606 16531 16405 16447 16504 16459 16546 16929 17205 17520 17708 17997 18208 18505 18828 19175 19480 19836 20133 20507 20750 21131 21503 21745 22194 22299 22364 22428 22464 22249 22254 22546 23007 23229 23282 23445 23539 23610 23650 23751 23688 23344 23338 23483 23768 23732 23569 23311 22914 22911 22578 22225 21960 21690 21593 21619 21646 21566 21520 21620 21709 21704 21649 21558 21408 21264 21100 21022 21284 21316 21662
18942 18486 18288 18185 18059 17911 17643 17594 17556 17589 17689 17642 17409 17641 17948 18333 18501 18770 19101 19515 19915 20342 20781 20931 21145 21464 21574 21585 21795 22051 22226 22277 22334 22300 22114 22076 21990 22018 22227 22435 22621 22727 22998 23362 23632 23807 23741 23481 23595 23756 23914 23868 23774 23743 23622 23412 23168 22970 22885 22707 22541 22578 22511 22192 21832 22011 22480 22625 22591 22490 22749 22762 22786 22914 23018 23053 22955
19774 19313 19356 19546 19498 19512 19255 19076 18998 18976 18896 18890 18995 18971 19119 19405 19517 19800 20105 20455 20842 21150 21460 21600 21577 21551 21620 21593 21631 21667 21806 22029 21979 21947 21821 21828 21842 21849 21776 21733 21853 22204 22784 23281 23462 23571 23461 23516 23633 23712 23732 23718 23741 23729 23683 23575 23492 23425 23288 23180 23172 23047 23190 23123 22967 22982 23200 23231 23181 23115 23022 22968 22918 23002 23029 23036 22959
19809 20016 20294 20413 20518 20529 20607 20591 20567 20592 20584 20545 20555 20581 20599 20531 20693 21003 21225 21312 21346 21458 21564 21614 21553 21184 20817 20726 20865 21278 21500 21486 21423 21350 21513 21692 21699 21646 21705 21878 21906 22188 22488 22807 22945 23150 23178 23422 23450 23460 23282 23657 23817 23771 23711 23614 23448 23273 23192 23144 23129 23127 23253 23300 23301 23258 23212 23270 23266 23212 23084 23076 23035 22909 22535 22213 22040
19945 20134 20320 20466 20554 20536 20584 20616 20674 20686 20718 20712 20709 20743 20741 20747 20799 20938 21149 21178 21167 21287 21359 21369 21293 20922 20467 20387 20421 20402 20176 20091 20075 20146 20474 20898 21308 21532 21739 21830 21656 21582 22020 22593 22791 23006 23095 23157 23345 23292 23067 23164 23464 23485 23497 23472 23403 23174 23109 23080 23035 22996 22995 22955 22738 22555 22524 22695 22903 22902 22798 22497 22095 21605 21123 20956 21013
19867 19836 19998 20190 20421 20572 20557 20508 20383 20309 20355 20383 20369 20321 20328 20348 20384 20519 20638 20665 20704 20802 20678 20320 19983 19965 20230 20588 20821 20830 20592 20220 20112 20118 20404 20732 20967 21209 21456 21600 21633 21841 22113 22234 22212 22395 22615 22761 22853 23101 23202 23047 22847 22778 22995 22966 22853 22821 22731 22605 22543 22432 22154 22022 21976 22010 21991 22118 22416 22599 22546 22139 21659 21252 21051 21042 21063
20088 20240 20268 20235 20169 20405 20394 20289 20296 20211 20047 20140 20112 20025 20016 20077 20149 20471 20646 20728 20739 20574 20361 19971 19839 19859 20137 20566 20870 20947 20726 20333 20123 20088 20359 20729 20936 21194 21275 21346 21416 21387 21170 21630 21871 21926 22098 22267 22315 22264 22362 22571 22575 22340 21902 21559 21535 21518 21589 21822 21897 21909 21673 21392 21322 21287 21521 21710 21803 21950 22089 22074 21877 21719 21420 20945 21023
20751 20803 20727 20614 20457 20371 20289 20263 20150 20091 19996 19918 19799 19750 19802 19856 20065 20304 20507 20642 20639 20338 19934 19691 19632 19677 20074 20316 20410 20268 19897 19498 19087 19011 19006 19285 19492 19927 20470 20839 20868 20780 20673 20940 21079 21258 21297 21315 21505 21522 21493 21308 21087 20784 20566 20539 20629 20735 20910 21052 21139 21096 21014 20930 20905 20885 20960 21055 21100 21299 21527 21680 21781 21743 21393 21124 21179
21906 21751 21480 21116 20964 21083 20884 20681 20544 20359 20268 20109 19891 19469 19289 19525 19725 19966 19978 20036 20048 19853 19351 18969 18835 18854 18884 18986 18997 19058 19028 19044 19041 19041 19024 19010 18951 19110 19429 19831 20134 20213 20175 20388 20393 20342 20376 20506 20639 20790 20811 20617 20509 20441 20519 20742 20862 21010 21245 21352 21382 21244 20995 20885 20840 20874 20824 20818 20803 20871 20921 21022 21000 20961 21023 21246 21483
22027 21910 21607 21215 21591 21736 21689 21601 21425 21021 20704 20649 20330 20002 19743 19551 19363 19217 19343 19588 19666 19687 19488 19119 18984 19017 18947 19082 19186 19224 19432 19583 19614 19584 19655 19704 19811 20032 20108 20103 19964 19879 19792 19995 20050 19947 19911 20046 20119 20280 20418 20479 20512 20496 20471 20495 20686 20862 21084 21174 21176 21081 21014 20929 20908 20911 20886 20899 20798 20731 20771 21033 21176 21331 21595 21620 21766
19984 19953 20148 20478 20884 21258 21540 21621 21544 21154 20796 20620 20307 19971 19745 19604 19639 19733 19782 19897 20001 20099 20140 19991 19631 19491 19342 19456 19775 19975 20053 20166 20192 20519 20727 20853 20818 20516 20017 19900 19767 19697 19738 19795 19921 19961 20102 20173 20231 20316 20385 20402 20429 20438 20431 20476 20653 20857 21082 21335 21404 21360 21276 21098 20990 20935 20896 20863 20763 20640 20639 20843 21063 21340 21705 22044 22159
17515 17404 17590 17933 18405 19073 19733 20461 20805 20876 20514 20134 19930 19752 19711 19809 19825 19880 20047 20159 20173 20083 20026 19977 19778 19757 19841 19914 19957 19943 19751 19645 19697 20097 20344 20584 20598 20448 19971 19659 19553 19566 19619 19682 19708 19702 19839 20137 20242 20363 20394 20381 20392 20533 20609 20784 20868 21049 21235 21345 21309 21339 21399 21309 21313 21152 21215 21207 21200 20945 20913 21077 21229 21525 21823 21968 22103
17021 16997 16966 16947 17069 17288 17857 18779 19465 19989 19983 20109 20086 19975 19742 19711 19762 19709 19680 19732 19670 19387 19388 19403 19382 19395 19549 19680 19619 19634 19620 19525 19444 19470 19723 19857 19710 19445 19425 19589 19566 19411 19413 19522 19573 19709 19844 20034 20261 20422 20462 20463 20433 20456 20543 20749 21013 21028 21047 21219 21332 21514 21508 21476 21470 21468 21492 21515 21366 21116 21213 21402 21508 21651 21708 21729 21645
17198 17259 17164 16978 16948 17004 17078 17683 18339 19199 19860 20143 20123 20009 19715 19582 19529 19469 19381 19397 19324 19502 19474 19486 19477 19372 19431 19459 19407 19288 19205 19118 19183 19298 19465 19525 19361 19215 19210 19205 19194 19191 19260 19543 19733 19964 20149 20154 20251 20470 20576 20696 20673 20562 20514 20762 21061 21085 21317 21481 21508 21512 21337 21230 21276 21288 21226 20846 20697 20725 20826 20854 20785 20447 20440 20430 20480
17356 17374 17327 17194 17047 17004 16963 17245 17873 18766 19689 20075 20061 19910 19533 19315 19243 19207 19223 19286 19392 19368 19363 19505 19521 19610 19680 19815 19837 19821 19782 19672 19613 19593 19706 19714 19605 19506 19314 19244 19287 19440 19584 19885 20077 20304 20303 20283 20379 20515 20643 20664 20753 20809 20762 20705 20940 21158 21360 21539 21585 21597 21327 21105 20980 20724 20546 20447 20275 20100 19886 19943 19950 19793 19802 19819 19801
17061 17119 17156 17075 16987 16970 17096 17314 18005 18739 19539 19889 19919 19781 19595 19561 19594 19613 19481 19480 19405 19406 19488 19530 19542 19580 19637 19692 19764 19794 19713 19510 19331 19231 19236 19361 19570 19681 19683 19622 19710 19891 20050 20461 20572 20646 20690 20701 20737 20737 20760 20980 21091 21034 20942 20853 20917 21136 21276 21469 21567 21550 21163 20819 20366 19939 19625 19457 19317 19120 18912 18826 18798 18711 18814 18748 18655
17089 17039 17028 17037 17170 17575 18121 18783 19199 19573 19881 20057 20117 20030 19904 19947 19994 19990 19887 19685 19441 19289 19194 19290 19442 19615 19721 19737 19541 19138 19141 19154 19118 19161 19184 19177 19159 19313 19509 19709 20254 20560 20862 20926 20972 20981 20984 20986 20877 20759 20789 20804 20768 20560 20244 20032 19939 20250 20527 21066 21223 21375 21220 20798 20387 20058 19774 19513 19200 18765 18509 18418 18065 17874 17936 17804 17566
17395 17660 17982 18363 18987 19621 20273 20528 20400 20279 20337 20197 20119 20094 20122 20148 20098 19955 19752 19485 19442 19292 19196 19312 19357 19467 19796 19873 19851 19562 19083 19130 19127 19197 19259 19236 19266 19443 20019 20372 20403 20683 20941 20937 20827 20949 21042 21023 20891 20921 21062 21018 21038 20934 20658 20313 19879 20084 20140 20418 20593 20478 20251 19798 19431 18998 18583 18227 17970 17711 17524 17682 17691 17606 17369 17326 17239
19343 19641 20088 20419 20589 20709 20726 20673 20545 20328 20319 20132 20168 20224 20181 20161 20091 19880 19655 19413 19336 19333 19404 19403 19461 19496 19458 19593 19646 19488 19399 19329 19254 19378 19410 19488 19763 20103 20553 20998 20967 20620 20598 20572 20742 21067 21173 21143 21157 21002 21068 21150 21214 21125 20964 20816 20704 20620 20572 20534 20567 20376 20000 19721 19450 18990 18279 17671 17416 17309 17213 17122 17086 17039 16941 16757 16777
20889 20690 20625 20651 20654 20615 20476 20298 20115 19963 19939 20066 20118 20119 20064 19888 19791 19675 19574 19654 19605 19516 19418 19455 19468 19480 19314 19310 19311 19353 19481 19563 19687 19795 20020 20427 20665 20709 20880 21092 21097 21100 21152 21272 21260 21282 21171 21144 21145 21071 20924 21080 21097 21134 21100 20985 20823 20558 20304 20000 19850 19894 19916 19559 19364 19046 18437 17951 17657 17437 17273 16944 16696 16353 16214 16180 16292
