Alternative/Moon/Lvl0_30x30/Ele_BA.asc
ncols         335
nrows         335
xllcorner     -20042508.343
yllcorner     3322833.042
cellsize      10000
nodata_value  -9999.0
[rows 102 to 135 of 335, columns 0 to 76 of 335]
-9999.0 22042 22111 22390 22625 22641 21847 21238 20708 20758 20674 21071 22410 23726 23939 24086 24153 24325 24532 24553 24634 24609 24549 24341 24048 23309 22440 21942 21879 22664 22905 22579 22100 21594 21088 20682 19909 19447 19761 19840 19544 19315 19188 18864 18293 17776 17446 17583 18306 19075 19216 19222 19255 19623 19905 20100 20411 20897 21899 22798 23527 23762 24162 24654 25031 25502 25580 25562 24884 24253 23816 23989 24505 24835 24864 24672 23972
-9999.0 21306 21512 22243 22646 22522 21629 20732 20549 20855 21493 22053 22919 23614 23663 23681 23806 24043 24401 24454 24445 23850 23438 23175 22765 22261 21864 21573 21496 21597 21561 21121 20673 20364 19862 19360 18598 18557 18627 18502 18344 18357 18174 17566 16842 16478 16550 16981 17955 18464 18448 18633 18751 19088 19391 19660 19826 20191 21117 21910 22464 22626 22837 23325 24003 25064 25511 25666 25650 25739 25716 25738 25424 25085 24869 24475 24076
-9999.0 21130 21593 22250 22213 21687 20747 20510 20868 21766 21857 22115 23028 23579 23464 23246 23094 23279 23573 23680 23655 23296 22731 22350 21959 21676 21707 21236 20878 20344 20421 20308 19913 19573 19250 18723 18077 17987 17860 17672 17595 17630 17367 17409 17319 16609 16320 16945 17880 17927 18031 18076 18148 18817 18979 19178 19384 19865 20293 20748 21261 21809 22140 22449 22846 23787 24439 24913 25524 25779 25889 25840 25361 24539 23205 22547 22425
-9999.0 22013 22208 22520 22444 21890 21242 21492 22293 22828 22762 22238 21801 22633 22919 22866 22623 22473 22532 22534 22439 22057 21646 21297 20958 21000 20579 20427 19992 19853 19621 19325 19021 18548 18228 17902 17621 17413 17389 17260 17269 17400 17371 17449 17509 17152 16194 16570 17766 17852 17924 17859 17748 18011 18331 18463 18796 19135 19504 19623 19868 20244 20839 21190 21607 22206 22883 23584 24417 25298 25630 25360 24006 22684 21178 20569 20410
-9999.0 21875 22175 22480 22968 23022 23134 23142 23174 22955 22906 22879 22359 22152 22346 22251 22025 21883 21541 21294 20900 20649 20318 20268 20012 19932 19677 19415 19281 18867 18698 18423 18174 17856 17510 17439 17351 17300 17247 17206 17192 17233 17072 17179 17474 17506 17559 17370 17351 17467 17462 17785 17832 17854 17954 17981 18354 18503 18777 18812 18967 19127 19523 19924 20515 21140 21877 22654 23466 24750 25066 24676 22971 21436 20582 20446 20470
-9999.0 22327 22536 22896 23292 23336 23331 23292 23186 22519 22405 22396 22363 22282 22089 21996 21546 20942 20054 19577 19078 19160 19209 19096 18685 18666 18710 18471 18281 18170 17940 17860 17626 17419 17357 17275 17234 17231 17086 17183 17150 17073 17085 17153 17212 17420 17554 17301 16687 16329 17220 17891 17842 17671 17421 17126 17553 17621 17797 18223 18543 19067 19367 19642 19844 20444 20918 21810 22717 23500 23947 23909 23757 22607 22158 21875 21273
-9999.0 22301 22569 22934 23325 23387 23766 23633 23191 22784 22623 22376 21515 21977 21971 21576 21043 20216 19036 18437 18027 18146 18426 18438 18310 18118 17599 17563 17809 17689 17643 17596 17550 17361 17212 17169 17181 17173 17011 17022 17064 17098 17070 17129 17468 17460 17228 17041 16676 15901 16854 17732 17761 17509 17357 17216 17141 17255 17988 18238 17809 18261 19049 19578 19854 19674 19329 20375 21796 23427 23692 23829 24148 24217 23733 23379 22801
-9999.0 21041 20950 21680 22534 23126 23446 23223 22469 21904 21886 21682 21086 21756 21747 21518 20721 19494 18297 17712 17503 17596 17823 18017 18016 17841 17585 17099 17607 17540 17443 17366 17364 17199 17043 17046 16900 16821 16652 16730 16936 16996 17079 17255 17512 17408 16669 16796 17043 17385 17329 17396 17319 17201 17263 17236 17153 17548 18056 18384 17789 16149 17060 18316 19253 19426 19748 20474 21354 22888 23394 23748 24638 25434 25540 25386 25294
-9999.0 20802 21412 21924 22539 23273 23045 22082 21270 21360 21876 22265 22346 21898 21530 21217 20374 19531 18563 17871 17647 17902 17906 17987 17960 17798 17403 16799 16738 16819 16857 16859 16756 16645 16638 16538 16491 16549 16691 16852 17239 17361 17293 17228 17527 17530 17292 17506 17482 17292 17282 17244 17137 17102 17126 17189 17513 17697 17883 17999 17540 16537 16712 17570 18847 19753 20323 20970 21042 21852 22923 23609 24488 25383 25772 26176 27384
-9999.0 21745 22397 22795 22993 23642 23629 23271 22613 22441 22929 23196 22981 22383 21375 20691 20075 19658 19206 18557 17955 17796 17751 17691 17568 16992 16515 16479 16618 17037 17107 16997 16916 16678 16635 16638 16515 16551 16641 16845 17197 17276 17343 17415 17345 17435 17378 17564 17543 17380 17231 17380 17424 17194 17074 17168 17433 17662 17784 17781 17338 16995 17032 17431 18176 18944 19720 20192 20678 21159 21566 22421 23289 23984 24888 25897 27408
-9999.0 21719 22304 22703 22794 23304 23550 23514 23537 23180 22861 23051 22797 22204 21054 20308 19955 19617 19203 18477 17494 16946 16890 17068 17154 16756 16501 16532 16746 17014 17030 16996 16870 16729 16495 16465 16437 16497 16609 16897 17186 17341 17407 17451 17357 17313 17492 17570 17505 17345 16826 17360 17436 17232 17111 17164 17261 17443 17470 17518 17333 17122 17166 17676 18255 18803 19139 19410 19857 20438 20956 21727 21773 22601 24671 26172 27620
-9999.0 21497 21938 22280 22517 22857 23148 23327 23585 23594 23444 22812 21711 21277 20859 20214 19686 19409 18641 17912 17186 16896 17254 17577 17590 17055 16904 16847 16748 16767 16698 16751 16717 16605 16456 16498 16488 16605 16749 17057 17356 17403 16812 16331 16193 16161 17276 17565 17399 17106 16984 17048 17023 16965 17038 17061 17263 17310 17327 17309 17395 17518 17754 17966 18187 18422 18570 18814 19140 19819 20681 21625 22497 23625 25046 26345 27619
-9999.0 21091 21656 22093 22594 23054 23284 23301 23300 23299 22876 22209 21284 20368 19827 19302 19526 19537 18954 18376 17904 17807 17557 17535 17406 17106 16987 16850 16725 16739 16658 16677 16672 16559 16491 16561 16548 16605 16792 17133 17307 17005 15770 15097 15008 15326 16118 17069 17373 17335 16876 16836 16900 16766 16818 17004 17064 17120 17239 17298 17459 17449 17615 17823 17993 18036 18164 18362 18761 19415 20369 21357 22364 23669 25096 26389 27626
-9999.0 20995 21743 22176 22585 22820 22899 22897 22856 22429 21350 20428 19476 18919 18833 19005 19385 19362 18565 17872 17393 17385 17464 17588 17497 17136 16910 16797 16727 16673 16713 16670 16645 16638 16554 16564 16591 16622 16784 17122 17234 16675 15531 14976 15069 15680 16742 17538 17863 17747 17443 17099 17029 16960 16925 16774 16935 17108 17286 17482 17670 17692 17872 17908 18038 18131 18196 18393 18864 19570 20441 21277 22233 23563 24834 25968 27247
-9999.0 21036 21492 22135 22522 22544 22498 22581 22325 21453 20422 19943 19594 19341 19240 19031 18762 18261 17765 17426 17488 17587 17526 17532 17084 17122 17190 17194 16931 16686 16745 16747 16795 16775 16692 16587 16646 16653 16730 16831 16856 16346 15808 15363 16002 17131 17891 18111 18033 17819 17650 17378 17374 17253 17315 17276 17261 17627 17867 18058 18137 18189 18249 18114 18141 18234 18368 18634 19185 19662 20343 21123 22387 23796 24397 24732 25538
-9999.0 21019 21485 21817 22169 22412 22451 22496 22496 21985 21755 21499 21259 20806 20288 19757 18992 18192 17691 17478 17647 17815 17453 16922 16410 16320 17036 17271 17250 16992 16899 16928 17039 17029 16965 16753 16677 16725 16764 16762 16840 16829 16619 16825 17345 17623 18005 18059 17873 17936 17951 17909 17521 17202 17572 17885 18115 18349 18365 18399 18462 18684 18844 18783 18735 18914 19042 19198 19622 20028 20711 21498 22812 24030 24489 24462 24364
-9999.0 21240 21387 21742 21891 21887 21718 21924 23027 23233 23246 23076 22761 21909 20844 19911 18969 18159 17982 17956 18118 18093 17719 16821 16254 16318 16687 17386 17451 17184 17151 17212 17224 17177 17056 16924 16815 16816 16785 16783 16848 16940 16932 17038 17264 17269 17289 17433 17659 17899 17989 17928 17800 17619 17927 18008 18384 18257 17638 17016 17022 18063 18951 19144 19139 19150 19331 19495 19763 20544 21384 22387 23429 24282 24579 24682 25106
-9999.0 21380 21353 21617 21963 22340 22242 22582 23205 23291 23334 23116 22743 21933 21057 20492 19916 19741 19487 19141 19037 18463 17814 17532 16911 16916 17376 17629 17614 17244 17221 17498 17548 17535 17634 17624 17443 17273 17013 16946 16958 16775 16714 16755 16770 16879 17241 17660 18329 18733 18732 18292 17842 18050 18153 18369 18752 18528 16807 15690 15347 16759 18309 18921 18820 18815 19230 19414 20227 21155 21712 22519 23376 24283 24683 24759 24819
-9999.0 21173 21219 21405 21863 22358 22575 22699 22827 23040 23275 23125 23027 22644 21974 21194 20616 20310 20041 19596 19106 18277 17669 17537 17154 17350 17474 17584 17542 17246 17545 17873 18073 17929 18022 18085 18067 18062 17466 17245 17232 17131 17028 16989 17036 17198 17556 18031 18708 19078 18935 18638 18218 18354 18583 18804 18889 18637 17215 16396 15862 16668 17905 18226 18118 17928 18323 19208 20302 21137 21010 20628 21298 22784 24406 24800 24651
-9999.0 20944 20901 21029 21261 21763 22293 22281 21799 21783 22412 22728 22926 22660 22015 21417 20801 20701 20559 19669 18847 17919 17389 17272 17220 17452 17432 17335 17365 17590 17945 18143 18128 17031 15961 16385 17247 17991 18048 17864 17695 17533 17337 17479 17665 17628 17651 18136 18256 18852 18912 18718 18394 18519 18681 18750 18415 17515 17112 16610 16102 16522 16698 16634 16639 16829 17451 18476 19993 20812 20122 19613 20491 22173 24111 24765 24654
-9999.0 20383 20321 20352 20699 21340 21615 21591 21969 22424 22834 23031 23001 22337 21883 21504 20806 20855 20719 20105 19142 18508 17785 17499 17276 17363 17352 17280 17423 17657 17978 17766 16354 14455 13009 13521 15209 17361 18466 18219 17796 17412 17437 17644 17718 17627 17783 18214 18493 18570 18588 18543 18364 18397 18039 17457 16769 16037 15598 15452 15343 15260 15304 15347 15458 15754 16603 17474 18985 20458 21421 22102 22995 23926 24377 24457 24080
-9999.0 20382 20291 20354 20848 21469 21488 21637 22254 22588 22836 23068 23086 22795 22399 21637 21326 21429 21064 20427 19366 18911 18247 17971 17665 17594 17559 17524 17360 17604 17980 18037 17037 15550 14661 15197 16565 18191 18729 18428 18102 17882 17869 18148 18258 18201 18027 18065 18159 18065 17724 17915 17891 17382 16896 16178 15797 15335 15157 15146 15300 15398 15331 15094 15095 15536 16245 17070 18244 19872 21181 22267 23201 23830 24041 24225 24303
-9999.0 20541 20709 20821 21089 21429 21509 21727 22158 22296 22411 22641 23015 22933 22487 22051 21500 21423 20960 20248 19607 19136 18774 18502 18150 18010 17930 17787 17551 17601 17965 18266 18384 18068 17457 17864 18562 19024 18923 18366 18163 18254 18393 18430 18480 18349 18621 18557 18459 18299 17864 18145 18082 17434 16956 16418 15744 15207 15155 15143 15368 15423 15354 15388 15287 16105 16672 17469 18557 18962 19933 21019 22170 23320 23995 24260 24421
-9999.0 21189 21341 21284 21027 21103 21531 21857 22101 22271 22550 22599 23095 23282 23134 22604 21833 21282 20914 20603 20076 19673 19318 19060 18581 18291 18225 17945 17631 17717 17853 17968 18429 18704 19144 19264 19195 19044 18371 18076 18109 18310 18403 18407 18487 18706 18879 18994 18941 19103 19131 19263 19261 18702 17802 17039 16137 15545 15251 15163 15200 15300 15638 15708 15439 16031 17028 17673 18402 18942 19612 20213 20776 22341 24013 24788 25231
-9999.0 21333 21357 21180 20898 21049 21587 21318 20093 20452 22354 22736 23055 23348 23243 22919 22295 21829 21516 21211 20962 20645 20199 19761 19265 19082 18860 18508 17740 18391 18372 18072 17975 18227 18526 18458 18097 17781 17758 18237 18501 18861 18988 19000 18892 18863 18919 18995 19219 19448 19635 19958 19939 19469 18668 17946 16878 16138 15580 15325 15259 15226 15346 15565 15843 16328 17169 17702 18306 18880 19826 20727 21654 22925 24198 24881 25252
-9999.0 21270 21309 21255 20796 20888 21346 21581 21584 22001 22543 22799 23024 23146 23201 23061 22864 22594 22025 21955 21568 21371 21081 20570 19551 19205 19270 19108 18909 18946 18664 18195 18171 18121 18134 18062 17401 17487 18419 18884 19045 19098 19034 19032 18913 19007 19085 19116 19243 19493 19597 19919 19890 19631 19049 18520 18004 17074 16529 16247 16011 15915 15806 15991 16302 16739 17548 18107 18987 20003 21438 22399 22752 23589 24051 24624 25235
-9999.0 21619 21680 21790 21812 21755 21770 21903 22233 22351 22530 22719 22209 22150 23074 23093 22910 22979 22850 22371 21983 21660 21530 21182 20153 19875 20010 19697 19477 19185 18750 18458 18572 18559 18627 18557 18603 18911 19210 19346 19065 19063 19066 19036 19137 19219 19293 19501 19479 19098 19231 19279 19189 19193 19048 18766 18367 18324 17750 17657 17546 17289 17140 17196 17300 17588 18336 18868 20051 21380 22985 23807 23777 23893 24365 24772 25055
-9999.0 21757 21851 22098 22196 22191 22406 22452 22460 22448 22332 22575 22543 22567 22415 22761 23108 23511 23346 22849 22505 22222 22191 22182 21718 21384 20644 20033 19485 19296 19091 19347 19421 19236 19016 19131 19350 19575 19590 19570 19448 19387 19326 19259 19396 19473 19717 19853 19941 19863 20071 20059 19649 19531 19458 19228 19395 19460 19413 19315 19171 19115 19076 19079 19010 19136 19340 19889 21134 22667 24173 24567 25039 25118 25068 25444 25063
-9999.0 22079 22392 22405 22337 22620 22578 22463 22492 22508 22330 22292 22318 22283 22515 22924 23530 23842 23742 23245 22904 22419 22379 22593 22209 21525 20450 20043 19438 19233 19720 19697 19564 19393 19593 19985 20195 20161 20227 20044 19732 19673 19898 20044 20089 20197 20355 20294 20346 20505 20652 20650 20613 20202 20199 20201 20086 20295 20253 19771 19771 20228 20361 20606 20722 20660 20076 20818 22152 23417 24628 25000 25751 25806 25256 25757 25239
-9999.0 21988 22306 22361 22389 22295 22239 22441 22484 22516 22465 22535 22530 22676 23070 23533 24015 24040 24057 23677 23477 23268 23057 22971 22012 20492 19317 18686 18449 19235 20200 20339 20010 19925 20409 20777 20873 20691 20510 20510 20652 20866 21293 21578 21643 21355 21463 21593 21506 20984 20934 21037 21219 21237 21038 21066 20962 21142 21139 20802 20847 21123 21125 21448 21987 22193 21953 22180 22838 24025 24948 25492 25814 26007 25980 26006 25100
-9999.0 21371 21738 22312 22782 22488 21832 22025 22638 22992 22941 22778 23027 23228 23422 23811 24187 24174 24067 24387 24324 23731 23253 23509 22944 21418 20179 19599 19435 19269 20328 21100 21213 20645 21199 21502 21669 21802 21788 21506 21269 21608 21978 21996 21968 21425 21854 21930 21924 21809 21662 21846 22255 22375 22067 21849 21778 21606 21684 21346 20972 21261 21552 21896 22323 22634 23015 23311 23763 24637 25431 25616 25658 25533 25528 25511 24758
-9999.0 21214 22280 22906 23144 23139 22927 22994 23424 23475 23328 23145 23271 23288 22508 22645 23836 23973 24374 24833 24569 22828 23020 24218 24123 23612 22690 22203 21984 21517 20795 21357 21646 21776 21929 22449 22626 22467 22008 21698 21860 22012 22045 22039 21552 21194 20986 20822 20985 21484 21793 22027 22496 22557 23061 23009 22842 22832 22819 22476 21843 21702 22166 22409 22536 22997 23535 23822 24238 25201 25569 25669 25496 25147 24948 25040 24912
-9999.0 23197 23694 23759 23775 24052 23920 23560 23332 23322 23357 23365 23848 23992 23435 23460 24325 24388 24470 24863 25074 25077 25143 25154 24960 24814 24574 24325 24052 23526 22911 21716 21248 22335 23011 23228 23122 22583 22167 22036 21767 21714 21280 20859 20345 19909 19548 19277 19539 19736 20623 21480 22185 22756 23099 23036 23325 23713 23867 23800 23466 23303 23074 23181 23300 23606 24049 24166 24496 25223 25470 25448 25270 25092 24861 24986 24869
-9999.0 23801 23966 23986 23999 24011 23806 23249 22500 22116 22082 22465 23431 23979 24207 24384 24474 24344 24303 24560 24890 25107 25165 25101 25062 25003 24890 24679 24371 24286 24145 23368 22865 23502 23987 23976 23319 22451 22084 21709 21148 20868 20051 19883 19262 18433 18122 18077 17946 18357 18799 19602 20441 21542 22298 22596 23192 23781 24082 24190 24217 24024 24220 24795 25115 25328 25611 25567 25415 25274 24893 25068 25083 25019 24954 24963 24790
