Alternative/Moon/Lvl0_30x30/Ele_DC.asc
ncols         335
nrows         335
xllcorner     -13342508.343
yllcorner     -3377166.958
cellsize      10000
nodata_value  -9999.0
[rows 34 to 67 of 335, columns 231 to 307 of 335]
27609 27776 27915 28184 28570 28493 26913 26467 26223 25408 24251 24310 24477 24824 25417 25833 26348 27037 27511 27736 27922 27528 26844 26522 26568 26231 26165 26206 26357 26159 25231 24157 24127 24508 25159 25315 25491 25562 27149 27273 27247 26680 24865 23445 22532 22682 22097 22271 22158 22133 22067 22480 22733 23545 24364 24792 24833 24741 24734 24653 24853 24692 24470 24631 24891 24960 25010 25242 25405 25780 25870 26185 26219 26352 25900 25726 25615
27839 27866 27824 28048 28386 28239 27140 26299 25818 25398 24293 24269 24504 25014 25538 26136 26935 27328 27422 27360 27919 27785 27362 26570 26570 26813 26475 26608 26511 26427 25872 25301 24682 24538 25179 25470 25656 25534 26156 26276 26361 25966 24728 23710 22912 22116 22174 22128 22046 22172 22185 22647 23097 23508 23960 24653 24756 24778 24734 24806 24905 24991 24741 24921 25205 25432 25404 25738 26128 26220 26243 26355 26254 25961 25946 25769 25671
28028 28039 27748 27788 27616 27217 27573 26861 25442 25036 24260 24428 25456 25654 25859 26494 27529 27396 25191 23685 25280 27467 27807 27508 27106 27010 27150 27208 27076 26781 26781 26484 25475 25263 25130 25305 25594 24999 24954 24753 24724 24611 24174 23289 22597 21842 21767 21961 22097 22230 22307 23127 23769 24280 24544 25198 25061 25116 24869 25175 25204 25291 25024 24983 25403 25547 25777 26065 26470 26440 26519 26584 26266 26044 26056 25850 25698
28668 28492 27376 27202 26939 26986 27348 27034 26289 25367 25442 26335 26837 26615 26066 26753 27266 26389 22993 21182 22641 25809 28000 27920 27831 27629 27628 27586 27628 27174 27327 27349 26319 26198 26167 25513 25237 25182 24723 24329 24147 24310 24070 22822 22085 22024 22099 22095 21955 21889 22129 23337 24004 24487 25225 26070 26121 25799 25454 25473 25598 25697 25546 25619 25975 26214 26126 26264 26576 26864 27023 26950 26509 26256 26373 26314 26007
28932 28528 27601 26497 25567 26297 26609 26906 26548 27181 28047 28688 28103 27404 26361 26914 27418 26481 23681 22034 24046 26996 28316 28105 28189 28279 28392 27951 28064 27930 27795 28074 27420 27159 27210 26795 26132 26057 25599 25037 24986 24812 23817 23274 22387 22314 22361 22493 22302 21918 21924 23213 24029 24882 25746 25993 26045 25881 25752 25634 25785 25833 25758 26406 27016 27020 26453 26504 26910 27002 26860 26667 26431 26345 26153 26187 25844
28969 28642 27974 26280 25786 25521 25985 26282 26855 28635 30070 29576 28739 27660 26995 26702 27396 27613 25911 24830 26343 28246 28290 28048 28395 28661 28814 28247 28559 28627 28461 28477 28347 28270 28471 27842 26965 26529 26325 25915 25506 24952 23768 23325 22506 22175 22261 22662 22560 22225 22020 22967 24163 25179 25798 26007 25857 25747 25806 25797 25846 25988 26297 27006 27241 27217 26732 26726 26936 26959 26636 26505 26368 26276 25997 25732 25552
28787 28707 28136 27085 27020 26312 25614 25826 27103 29507 30833 30202 29178 27472 26711 26391 26764 27554 27504 27645 27901 28156 27856 27920 28372 28660 28776 29202 29347 29237 29036 29493 29885 30065 29384 28790 27584 27031 27769 27692 26672 24479 23256 23158 22441 22336 22074 22562 22656 22388 22096 22535 23692 24802 25507 25756 25870 25735 25758 26169 26387 26552 26587 26947 27133 27002 26857 26936 26854 26848 26332 26109 25924 25896 25685 25146 25201
28624 28243 28119 27307 27546 27660 26957 26419 28153 30088 30514 30385 29714 27690 26266 26192 26264 26730 27043 27220 27268 27470 27977 28110 28428 28590 28922 29421 29506 29387 29286 29721 30798 30676 30625 29783 28335 27526 28219 28291 27711 25992 24169 22383 22743 22589 22163 22159 22360 22436 22202 22471 23647 24963 25652 25832 25840 25634 26042 26241 26494 26618 26336 26371 26294 26575 26677 26948 27194 26929 26449 25826 25315 25029 24808 24785 25049
28352 28049 28080 28270 28001 28268 27914 27638 29281 30865 30893 30589 29565 27587 26230 26188 26143 26531 26638 26746 26870 27372 27869 28230 28523 28672 29018 29575 29560 29892 30677 31050 31235 31282 30824 30444 30323 29390 29172 29134 29325 28743 26820 23941 23608 23571 22386 22226 21904 22022 22661 23497 24370 25348 25642 25818 25740 25662 26326 26332 26184 25891 25770 25858 25944 26316 26556 27249 27572 27318 26601 25775 25041 24796 24673 24759 25191
28334 28418 28383 28319 27979 28381 28525 28590 29777 30874 30833 30363 29318 27321 26473 26349 26149 26177 26740 26878 26943 27392 27989 28414 28650 28930 29284 29380 29475 29899 30701 31241 31116 30516 29928 30486 30414 30666 30522 29337 30163 30288 28435 25004 23901 24251 23979 23008 22776 23197 24232 24936 25083 25466 25664 25582 25696 26260 26329 26292 25654 25382 25499 25710 25941 26114 26398 26941 27355 27275 26587 25334 24886 24693 24653 24727 25099
28322 28484 28829 28602 28087 28459 28774 29399 30101 30119 29967 29174 28526 27172 26785 26757 26398 26125 26986 27025 26874 27392 28191 28412 28760 29201 29515 29500 29526 29788 30561 30323 30643 30311 29421 30014 30641 31012 30790 30578 30719 30779 29909 27396 25998 24933 25210 25710 25817 25797 25893 26065 25873 25918 25665 25553 26028 26626 26303 26145 25820 25483 25468 25973 26191 25997 26328 26631 26990 26692 25702 24749 24617 24530 24647 24741 25216
28212 28418 28569 28707 29110 29299 29250 30257 30796 30764 30152 29373 28304 27054 27078 27093 26853 26844 28013 28214 27915 27756 28608 28577 29233 29610 29647 29606 29556 29730 30031 29916 29596 29471 29016 29462 30227 30915 30881 30920 31308 31689 31014 28310 28055 27628 27308 26660 27005 26945 26788 26287 25967 25843 25759 25688 26017 26926 26363 25909 25537 25530 25115 25175 25695 25943 26145 25945 25970 25568 24919 24568 24510 24520 24550 24499 24992
28388 28476 28996 29863 30224 30298 31009 31114 30938 30582 29845 29569 28552 27550 27220 27227 27203 27714 28822 29260 29260 28937 29254 29048 29359 29653 29692 29589 29496 29881 29896 29938 29596 29039 28739 28932 29583 30650 31038 31222 31543 32125 31842 31059 30747 30328 29304 28371 27805 27541 27293 26612 26579 25695 26073 25998 25621 26200 25991 25222 25287 25059 24947 25053 25393 25922 26111 25229 24587 24581 24607 24145 24397 24411 24445 24484 25143
28951 29517 29788 29991 29952 29676 31192 31170 30959 30376 28917 28985 28795 28434 27855 27724 28237 28993 30061 30407 30436 29426 29322 29283 29466 29701 29862 29653 29357 29794 29667 29893 29671 28871 28299 28350 29295 30000 30839 31475 31878 32305 31954 31446 31083 30370 29325 28666 28100 27525 26901 26546 26597 26108 26080 25304 25039 24838 24271 24410 24712 24764 24611 24749 25053 25208 24838 23579 23374 24336 24436 24393 24801 24758 24676 24645 25067
29159 29979 29758 28606 28341 28438 28758 28586 28239 27875 27566 27686 28767 29117 28857 28853 29366 29808 30278 30901 30913 29543 29513 29509 29779 29828 29782 29251 29215 28595 28579 29189 29607 28821 27923 27561 28702 30282 31049 31892 32485 32736 32105 31661 30975 30330 29063 28199 27343 26755 26328 26381 26625 26913 26234 24974 25019 24538 24177 23835 23529 23634 23920 23957 23754 23715 23247 23170 23316 24101 24959 25261 25425 25567 25731 25225 25105
29689 28986 28697 28694 28222 27837 26978 26103 26178 26301 26910 26888 27337 29196 29026 29257 29170 29859 29847 29896 29857 29455 29296 29625 30017 29883 29199 28019 27452 26567 26430 27933 28768 29065 27815 27144 28854 30678 31137 31761 32836 33033 31671 30619 30508 29767 29062 28141 27016 26512 25883 25434 25521 26076 25600 24864 24896 24728 24293 24029 24053 24040 23954 23552 23470 23217 23156 23137 23532 24591 24963 24346 23926 24975 26069 26068 25863
28720 26655 27250 27267 27185 26393 26159 26049 26196 26167 26069 26241 26292 28003 29073 29181 29240 28959 28271 27887 28215 28682 28845 28969 29542 29206 27238 26032 26236 25790 25957 27126 28498 29150 28167 27034 28660 30526 30565 30800 31589 31809 30436 28636 28429 28684 28762 26611 25517 26045 24937 24403 24354 24537 24609 24608 24640 24529 24527 23976 24111 24178 23809 23572 23413 23314 23144 23155 23733 24556 23841 21343 20392 21632 24134 26044 26040
26813 25362 25569 25692 25879 25879 25888 25965 25975 26032 25978 25817 25936 26348 28057 28998 28961 28470 27667 26987 27042 27268 27277 26960 27244 26701 25574 25145 24815 25068 25361 26604 28022 29132 28256 26273 27901 28520 28267 28763 29749 29710 28695 28269 28157 27746 26795 24677 24844 25162 24554 24131 24382 24211 23914 24175 24346 24525 24444 23717 23687 23681 23685 23579 23349 23335 22955 23268 23824 24324 22555 19219 19130 19679 21644 24691 26456
25429 25291 25428 25445 25725 25918 25947 26097 26095 26217 26214 25858 25620 25347 25194 26507 27549 27386 27309 25582 24497 24350 24036 23883 24229 24579 24513 24489 24597 24996 24984 25882 27622 28258 27056 24976 25157 25676 25164 26968 27466 27509 27666 27734 27676 27306 26865 25299 25961 25231 24116 24006 24209 24201 23923 23942 24005 24325 24264 23692 23474 23473 23410 23545 23711 23245 22995 23204 23754 24208 22056 19128 19346 20783 21446 23984 26560
25293 25319 25241 25338 25426 25875 26648 26360 26441 26581 26069 26034 25584 25264 24811 24066 24217 24214 24234 23463 23185 23015 23318 23689 23676 23883 23764 24178 24491 24947 24841 24470 25744 26012 24797 23751 23745 23921 24644 25288 25814 26032 26456 26811 27272 27162 26945 26149 26008 24879 23991 23792 23807 24453 24757 24227 23916 23609 23914 23406 23249 23342 23502 23621 23663 23172 23061 23086 23456 24246 23780 21315 20496 21240 21589 24379 26512
25160 25224 25172 25303 25411 26225 26832 25443 25157 26814 26428 25821 25492 25052 24392 24022 23997 23678 23118 22757 22934 23000 23139 23565 23619 23738 23631 23708 24158 24448 24358 23865 23746 23725 23690 23725 23580 23648 23784 24019 24313 25194 25451 26260 26910 26729 25888 25376 24808 23808 23619 23552 23669 23912 24796 24368 23857 23444 23561 23190 23173 23490 23341 23444 23344 23340 23111 23008 23137 24028 24048 23884 23065 22961 23814 24684 25954
24813 25029 25026 25180 25563 26327 26975 25835 25575 26879 26543 25689 25373 24952 24602 24086 24061 23577 22826 22637 22671 22733 22735 22778 22871 22466 23076 23500 23885 24061 24003 23785 23645 23595 23687 23606 23558 23541 23402 22970 22940 22908 22937 23868 24177 24086 23327 23297 23276 23144 23637 23371 23808 23656 23520 23518 23512 23432 23004 22910 23035 23259 23180 23215 23226 23076 22938 22995 22773 23206 23573 23990 24032 23926 23909 23587 23331
24782 24878 24962 25036 25504 26203 26850 27029 27054 26875 26344 25526 25430 24964 24473 24111 23655 23134 22894 22628 22436 22253 22112 22046 21983 21991 22238 23372 23481 23585 23589 23579 23703 23646 23686 23559 23531 23493 23206 23327 23070 22942 22851 22855 22835 23049 23222 23235 23250 23279 23175 23051 23141 23319 23447 23339 23303 23202 23409 23635 23042 22959 23100 23161 23184 22955 22718 22552 22509 22795 23009 23330 23397 23090 22857 22736 22601
24476 24996 24804 25028 25379 25996 26256 26558 26726 26391 25858 25608 25199 24492 24111 23614 23351 23230 22941 22645 22246 22179 22067 22039 21957 21935 21972 22283 22712 23097 23440 23438 23573 23809 23612 23496 23534 23374 23362 22986 22838 22889 22862 22863 23028 22942 23065 23232 23204 23226 23216 23093 23331 23210 23384 23210 23191 23108 23308 23759 23235 22817 23031 23352 23311 22850 22610 22313 22377 22422 22630 22779 22726 22520 22581 22588 22636
24260 24511 24518 24704 25033 25464 25932 26180 26273 26005 25720 25134 24741 24515 24107 23498 23540 23183 23055 22592 22343 22160 22208 22052 22041 22064 22164 22303 22734 22988 23278 23371 23470 24162 23920 23529 23536 23408 23378 22937 22789 22884 22884 22897 22984 22925 22905 23131 23238 23194 22963 22996 22954 23172 23549 23370 23416 23065 22741 22843 22915 22668 23021 22896 22939 22972 22687 22492 22353 22505 22696 22433 22614 22329 22531 22651 22712
24157 24104 24158 24229 24663 25251 25489 25863 25839 25660 25393 24971 24930 24565 23874 23780 23748 23489 22955 22294 22301 22295 22309 22280 22244 22113 22180 22619 22637 22908 22969 23337 23559 23366 23432 23471 23444 23126 22801 22733 22791 22982 22952 22984 22950 22852 22806 23037 23059 22992 22987 23195 23218 23246 23425 23652 23254 22621 22687 22845 22584 22896 22934 22983 23107 23226 23040 22941 22689 22607 22587 22555 22615 22550 22469 22421 22434
24050 24051 24370 24495 24574 24996 25106 25201 25225 25147 25005 24839 24826 24567 23736 23546 23535 23324 22486 22247 22386 22399 22380 22147 22161 22221 22259 22411 22411 22941 23013 23275 23575 23567 23547 23408 23150 23010 22880 22963 23183 23265 22838 22726 22780 22912 23040 23133 23060 23230 22928 23181 23353 23143 23502 23380 23170 22590 22706 22901 22427 22800 23044 23059 23114 23100 23097 23422 23205 22676 22690 22528 22374 22513 22244 22094 22176
24279 24306 24055 24067 24308 24608 24723 24779 24717 24750 24853 24733 24558 24561 24141 24086 23843 22966 22600 22469 22433 22381 22339 22260 22264 22313 22252 22460 22381 22604 22880 23156 23276 23502 23766 23328 23074 22721 22806 22804 22650 22907 22676 22764 22900 22910 23050 22998 22935 23064 22917 22922 22950 22725 23093 23455 23323 23320 22314 22401 22591 22779 23166 23036 23124 23172 23439 23398 23125 22722 22599 22584 22358 22433 22309 22179 21942
23592 23805 23765 23877 24097 24386 24493 24392 24521 24624 24727 24637 24494 24537 24442 24716 24416 22895 22631 22513 22459 22430 22430 22389 22462 22314 22284 22292 22505 23208 23033 23134 23290 23192 23365 23179 23051 23008 22613 22641 22821 22728 22711 22810 22717 22927 22951 23019 23014 22834 22879 22837 22484 22287 22640 22985 23350 23409 22655 22433 22743 23001 23203 23176 23164 23205 23339 23329 23182 22881 22898 22562 22456 22740 22750 22312 22072
23595 23540 23403 23531 23621 23982 24063 23991 24043 23957 24080 24149 24079 24182 24364 24312 24046 22702 22754 22578 22542 22539 22416 22404 22520 22516 22412 22410 22664 23259 23078 23010 23130 22912 23014 22921 22724 22801 22704 22937 23059 22781 22688 22813 22509 22831 22920 23019 23077 22751 22626 22683 22733 21942 22525 22704 22714 22616 22312 22363 22748 22977 23270 23282 23260 23261 23202 23215 23064 23007 22847 22686 22750 22754 22573 22334 22220
23451 23402 23241 23318 23447 23600 23635 23900 23819 23675 24037 23789 23756 23790 23831 23727 23245 22829 22767 22860 22600 22526 22431 22566 22492 22518 22526 22497 22597 22906 22958 22991 23121 23165 22908 22871 22875 22663 23163 23381 23573 22466 22446 22320 22326 22534 22812 22777 22640 22514 22483 22632 22876 22047 21783 21838 21750 21882 22050 22228 22947 22974 22814 23086 23570 23545 23424 23090 23171 22918 22727 22973 22945 22659 22603 22378 22371
23385 23371 23297 23309 23548 24129 23897 23632 23932 23856 24021 23752 23557 23500 23376 22991 22885 22770 22888 22872 22610 22511 22797 22647 22644 22487 22585 22639 22772 22853 23027 23162 23211 23188 22912 22844 22715 22687 22846 23065 23235 22472 22418 22672 22651 22360 22929 22761 22445 22374 22275 22465 23127 22419 21562 21618 21495 21642 21968 22438 23154 22995 22505 22976 23587 23579 23269 23223 23166 22908 22936 22793 22667 22996 22547 22290 22143
23308 23311 23284 23144 23291 23874 24016 23719 23783 23929 24058 24037 23703 23323 22996 22843 22793 22775 22766 22732 22562 22463 22755 22652 22787 22577 22667 22726 22886 23087 22931 23214 23262 23179 22912 22643 22692 22608 22507 22400 22423 22270 22498 22405 22528 22395 22991 22730 22456 22167 21997 22502 23244 22572 21524 21367 21566 21668 22090 22406 22883 22802 22441 23026 23180 23356 23033 23193 22919 22834 22921 22989 22863 22723 22503 22183 21916
23485 23402 23306 23189 23314 23752 23845 23708 23693 23948 24007 24068 23789 23435 23043 22896 22860 22927 22744 22708 22579 22671 22648 22816 22781 22714 22717 22831 22950 23059 23069 23206 23289 23276 22847 22735 22716 22484 22456 22384 22809 22304 22334 21943 21965 22097 22165 22527 22435 22034 21788 22829 23064 22605 21256 21147 21608 21697 22048 22269 22742 22236 22428 22614 22944 23296 22807 22470 22571 22795 22639 22481 22234 22396 22121 22246 22046
