Alternative/Moon/Lvl0_30x30/Ele_AF.asc
ncols         335
nrows         335
xllcorner     -3292508.343
yllcorner     6672833.042
cellsize      10000
nodata_value  -9999.0
[rows 238 to 271 of 335, columns 154 to 230 of 335]
17223 17278 17262 17215 17218 17214 17205 17242 17135 17117 17155 17166 17178 17132 17148 17171 17229 17347 17713 17978 18067 18048 17742 17666 17602 17529 17427 17441 17447 17426 17450 17415 17408 17377 17371 17353 17308 17293 17283 17248 17253 17284 17298 17268 17257 17247 17204 17194 17231 17200 17152 17165 17216 17188 17232 17250 17294 17285 17348 17341 17283 17277 17260 17297 17308 17310 17372 17467 17404 17422 17355 17370 17365 17457 17724 17957 18267
17157 17218 17209 17184 17162 17146 17178 17218 17173 17181 17206 17192 17169 17138 17123 17136 17151 17181 17544 17771 17817 17832 17794 17742 17571 17423 17380 17365 17308 17329 17307 17301 17276 17314 17273 17195 17213 17210 17197 17172 17178 17208 17292 17292 17239 17226 17135 17139 17150 17123 17105 17116 17142 17185 17243 17285 17252 17208 17230 17234 17235 17227 17261 17369 17394 17328 17368 17384 17340 17347 17396 17595 17557 17516 17577 17786 18105
17034 17131 17184 17142 17129 17125 17165 17209 17189 17187 17171 17166 17151 17120 17075 17079 17125 17186 17246 17325 17359 17590 17668 17642 17330 17275 17267 17264 17268 17263 17237 17226 17264 17268 17226 17199 17190 17129 17179 17180 17138 17199 17301 17279 17139 17145 17148 17188 17147 17142 17143 17119 17114 17160 17171 17302 17266 17221 17156 17178 17229 17268 17273 17290 17307 17346 17379 17371 17387 17579 17823 17862 17936 17967 17998 18111 18161
16666 16722 16868 16926 17047 17063 17093 17144 17152 17112 17052 17090 17079 17120 17284 17276 17259 17320 17297 17304 17338 17401 17359 17259 17261 17212 17195 17228 17221 17167 17164 17161 17182 17127 17125 17122 17129 17099 17077 17089 17027 16984 16984 17033 17085 17099 17126 17126 17126 17129 17194 17166 17199 17148 17107 17163 17231 17211 17247 17202 17224 17297 17300 17310 17387 17395 17504 17476 17613 17724 18048 18019 17933 17990 18144 18159 18178
16463 16503 16535 16604 16767 16890 16909 16897 16942 16926 16952 16920 16915 17145 17273 17290 17339 17341 17379 17343 17230 17212 17204 17149 17155 17152 17113 17160 17109 17092 17129 17126 17170 17222 17084 17030 16991 16999 16995 16990 17005 16980 16978 17044 17082 17088 17066 17082 17082 17073 17096 17204 17259 17178 17129 17146 17121 17117 17117 17158 17233 17304 17270 17187 17443 17420 17729 17864 17827 17845 17951 18090 18175 18223 18228 18167 18164
16526 16494 16490 16561 16634 16770 16820 16785 16764 16809 16813 16792 16797 16939 17099 17252 17325 17397 17389 17286 17205 17165 17129 17110 17203 17173 17148 17141 17102 17098 17144 17103 17021 17045 17030 17060 16977 16924 17009 16980 16967 16986 17010 17021 16995 16970 17003 17022 17101 17076 17115 17097 17093 17046 17045 17049 17163 17181 17222 17135 17133 17115 17231 17222 17242 17305 17642 17759 17968 17954 18066 18101 18205 18394 18401 18527 18242
16959 16903 16804 16681 16658 16615 16625 16583 16637 16724 16736 16725 16725 16830 17151 17397 17358 17367 17283 17209 17168 17118 17084 17112 17137 17109 17101 17119 17108 17068 16998 17044 17010 17005 17036 17035 16939 16881 17058 17112 16976 17039 17020 17000 17019 16985 16983 17041 17052 17092 17109 17086 17058 17067 17063 17297 17483 17489 17540 17419 17318 17108 17141 17174 17261 17376 17480 17602 17806 17837 17941 17998 18035 18032 18041 18063 18056
17739 17534 17249 16996 16850 16758 16576 16599 16595 16570 16570 16640 16727 16891 17193 17376 17299 17319 17253 17117 17081 17092 17073 17059 17051 17039 17017 17013 17014 17019 16984 16982 16998 16953 16937 16942 16939 16960 17037 17019 16990 16954 16942 16954 16965 16934 16976 16982 17178 17188 17267 17236 17232 17239 17263 17342 17479 17486 17453 17393 17341 17151 17234 17274 17302 17368 17422 17621 17919 17952 17935 17836 17840 17849 17836 17851 17896
18035 18012 18056 17908 17537 17247 17040 16886 16757 16686 16697 16724 16802 16973 17164 17265 17245 17142 17094 17049 16966 16953 16920 16905 16929 16966 16983 17060 17028 16987 16979 16987 16935 16949 16972 17008 16942 16960 16946 16942 16954 16941 16938 16916 16981 16928 16944 17124 17225 17192 17159 17159 17209 17190 17196 17157 17156 17132 17149 17208 17217 17228 17247 17329 17432 17606 17591 17573 17666 17649 17682 17690 17700 17683 17685 17732 17720
16286 16999 17841 18095 18106 17813 17297 17254 17145 17057 17000 16929 16972 17042 17143 17190 17134 17062 16908 16836 16786 16763 16736 16741 16731 16687 16770 16894 16961 16988 16977 16954 16935 16971 16987 16997 16928 16927 16956 16928 16960 16932 16901 16858 16900 16935 17010 17097 17100 17128 17080 17054 17028 17049 17060 17107 17100 17080 17104 17150 17197 17210 17232 17297 17363 17618 17686 17733 17563 17589 17707 17589 17566 17560 17558 17572 17611
14605 15403 16429 17533 18063 17970 17705 17311 17170 17092 17037 16990 17019 17036 17053 17015 16995 16921 16853 16744 16695 16647 16696 16728 16738 16717 16769 16878 16934 16977 16957 17017 16939 16932 16961 16977 16899 16908 16950 16936 16910 16889 16869 16868 16866 16878 16974 17029 17021 17027 17074 16996 16997 16994 16990 17013 17025 17010 17010 17072 17137 17155 17233 17257 17322 17408 17434 17553 17592 17620 17528 17541 17511 17527 17476 17494 17504
13731 14440 15321 16366 17437 17923 17789 17337 17157 17054 16971 16961 16942 16968 16998 16976 16838 16761 16711 16702 16712 16737 16738 16738 16746 16756 16763 16786 16839 16836 16832 16926 16882 16876 16864 16864 16882 16870 16944 16981 16891 16867 16837 16809 16772 16769 16781 16828 16719 16775 16846 16835 16859 16870 16893 16898 16913 16938 16959 17032 17094 17138 17189 17244 17324 17382 17376 17421 17390 17384 17388 17386 17380 17435 17391 17382 17388
13702 14046 14862 15712 16859 17511 17651 17259 16994 16884 16884 16881 17011 17032 16945 16891 16703 16672 16726 16711 16713 16693 16670 16697 16694 16703 16704 16698 16708 16729 16717 16727 16707 16793 16833 16810 16792 16749 16776 16746 16730 16715 16749 16747 16707 16674 16684 16627 16584 16655 16677 16742 16750 16757 16783 16823 16847 16886 16947 16996 17006 17119 17278 17339 17442 17417 17393 17399 17426 17414 17292 17243 17267 17222 17222 17215 17209
15447 15949 16552 17303 17523 17513 17210 17109 17103 17014 16879 16845 16825 16820 16731 16634 16593 16651 16605 16575 16590 16627 16641 16600 16629 16700 16726 16683 16721 16727 16706 16706 16729 16732 16686 16733 16686 16661 16648 16634 16640 16612 16616 16589 16572 16576 16541 16485 16482 16545 16543 16571 16590 16686 16736 16769 16794 16835 16837 16914 17001 17065 17077 17122 17220 17317 17282 17270 17248 17240 17241 17151 17180 17175 17187 17195 17188
17554 17739 17556 17470 17433 17070 16721 16713 16832 16715 16687 16724 16647 16588 16437 16458 16508 16484 16408 16433 16412 16400 16507 16533 16519 16648 16618 16632 16662 16703 16705 16871 16769 16778 16782 16714 16600 16596 16590 16590 16602 16561 16561 16593 16588 16601 16436 16411 16369 16446 16457 16453 16479 16618 16665 16660 16709 16794 16776 16842 16947 16992 16971 16922 17000 17031 17103 17114 17096 17040 17055 17106 17150 17142 17136 17143 17104
17748 17725 17387 16877 16429 16314 16145 16123 16094 16038 16033 16047 16111 16218 16242 16266 16305 16309 16291 16275 16213 16151 16180 16361 16370 16419 16419 16510 16544 16533 16599 16691 16558 16560 16561 16671 16574 16532 16566 16590 16571 16576 16546 16490 16432 16415 16304 16236 16278 16307 16333 16370 16440 16497 16508 16524 16561 16584 16601 16616 16687 16721 16694 16846 16850 16842 16837 16825 16938 16971 16996 17034 17038 17007 17002 16999 17014
16831 16585 16293 16121 16045 16004 15943 15883 15908 15910 15925 15906 16022 16088 16077 16047 16005 16000 16002 15969 15950 15916 15927 16024 16100 16135 16151 16214 16354 16480 16503 16568 16547 16485 16448 16454 16545 16512 16519 16548 16478 16474 16345 16306 16288 16202 16185 16204 16247 16269 16322 16476 16444 16397 16387 16400 16370 16338 16392 16495 16549 16600 16644 16735 16791 16776 17059 17097 17046 17004 16999 17002 17012 16976 16947 16968 16978
16001 15958 15881 15905 15973 15803 15910 15856 15806 15788 15790 15852 15936 15941 15968 15988 16083 16108 16094 16099 16056 16007 15914 15891 15868 15930 15994 16123 16272 16436 16548 16541 16488 16477 16433 16361 16405 16426 16386 16393 16311 16281 16220 16138 16131 16104 16136 16212 16221 16287 16341 16357 16321 16276 16254 16199 16287 16350 16653 16628 16626 16722 16790 16811 16853 16897 17170 17199 17213 17182 17154 17083 17042 16983 16970 16978 17320
15881 15851 15844 15845 15899 15862 15797 15918 15953 15938 15961 16059 16133 16178 16194 16266 16360 16407 16403 16278 16268 16230 16216 16120 16101 16053 16052 16094 16083 16080 16120 16205 16260 16262 16291 16264 16238 16299 16243 16209 16101 16037 15984 16027 16050 16022 16051 16123 16116 16192 16161 16088 16099 16139 16185 16443 16529 16721 16678 16653 16736 16814 16885 16986 17060 17147 17204 17246 17251 17251 17236 17196 17062 16999 16939 16961 17255
15953 15967 16013 15928 15874 15707 15884 16037 16108 16154 16258 16410 16457 16504 16538 16514 16506 16536 16413 16474 16486 16458 16502 16385 16383 16345 16316 16334 16251 16150 16090 16079 16021 15974 15950 15946 15942 15916 15897 15878 15864 15867 15870 15864 15869 15913 15966 16021 16074 16188 16180 16136 16142 16153 16180 16438 16538 16609 16687 16724 16829 16806 16882 16942 17343 17579 17625 17470 17450 17469 17459 17470 17271 17153 17049 16958 16939
16071 16075 16011 16029 15894 15771 15850 15920 15980 15969 16060 16142 16163 16288 16335 16413 16508 16535 16478 16503 16518 16507 16479 16408 16343 16385 16360 16351 16226 16121 16089 16055 16014 15937 15978 15977 15968 15942 15914 15956 16010 16102 16138 16170 16262 16265 16288 16237 16412 16566 16563 16605 16723 16744 16678 16516 16659 16829 16899 16875 16896 16967 17136 17176 17304 17532 17593 17549 17508 17480 17432 17409 17347 17273 17137 17035 17004
16026 16068 16000 15953 15876 15820 15866 15971 15973 15884 15902 15957 16025 16077 16079 16086 16163 16202 16343 16398 16431 16430 16370 16325 16313 16273 16250 16138 16058 16062 16089 16063 16040 16008 16043 16043 16087 16120 16287 16454 16543 16605 16706 16785 16861 16829 16856 16829 16757 16882 16967 17112 17256 17297 17269 17095 17114 17081 17037 17122 17185 17364 17558 17554 17570 17663 17604 17532 17507 17468 17434 17354 17311 17287 17212 17200 17165
16025 16051 15972 15939 15998 16005 15930 15873 15966 15974 15909 15910 15921 15918 15870 15808 15930 16148 16350 16367 16253 16255 16228 16194 16197 16187 16092 16083 16081 16072 16072 16032 16027 16027 16222 16273 16337 16421 16636 16855 16888 16967 17035 17039 16937 17029 17202 17288 17402 17397 17598 17567 17843 17931 17989 17763 17398 17377 17346 17495 17547 17636 17799 17959 17973 17891 17645 17698 17756 17762 17697 17648 17656 17578 17361 17327 17294
16058 16028 16002 16098 16168 16115 16083 16079 15927 15969 15964 15860 15766 15829 15850 15813 15885 15980 16066 16146 16601 16637 16519 16413 16257 16178 16173 16123 16136 16156 16346 16282 16216 16224 16353 16750 16814 16914 17094 17131 17208 17262 17284 17405 17646 17871 17840 17857 17854 17831 18062 18064 18133 18197 18211 17953 17585 17543 17516 17790 17827 17832 18146 18211 18165 17996 17927 18015 18082 18112 18122 18113 18163 17993 18043 18039 17965
16004 16023 15991 15870 16144 16204 16154 16148 15966 15853 15765 15772 15723 15780 15790 15816 15842 15853 15879 16117 16616 16701 16635 16527 16712 16826 16826 16401 16191 16316 16412 16548 16805 17006 17085 17109 17123 17131 17134 17112 17168 17484 17884 18210 18636 18642 18539 18378 18517 18509 18299 18170 18122 18141 17980 17890 17995 18022 18120 18119 17997 18017 18065 18002 17982 18011 17963 18019 18026 18099 18205 18278 18352 18291 18462 18595 18499
15938 15975 16047 16259 16247 16216 16085 16083 15956 15910 15909 15872 15876 15752 15829 15816 15801 15838 15827 15873 16037 16476 16768 16975 17092 17095 16944 16807 16641 16747 16996 17122 17406 17648 17662 17403 17202 17158 17127 17138 17278 17548 17824 18230 18529 18723 18681 18630 18682 18628 18250 18013 18043 18056 17852 17900 17926 17978 17924 17905 17867 17825 17835 17875 17816 17774 17811 17930 17937 17894 17917 17997 18089 18273 18545 18875 18819
15954 15920 16015 16119 16081 16048 15965 15986 15927 15986 15959 15956 15920 15931 15784 15843 15871 15872 15855 15849 15809 16155 16699 16965 17047 17002 16861 17185 17355 17526 17662 17844 17953 17872 17728 17406 17201 17159 17173 17139 17170 17296 17672 18074 18316 18455 18306 18079 17894 17717 17663 17614 17605 17635 17720 17804 17749 17604 17562 17568 17650 17672 17635 17679 17658 17662 17678 17704 17742 17796 17847 17932 17926 18040 18198 18400 18465
15910 15937 16007 16061 16076 16103 16059 16077 16026 16029 15973 15916 16003 15982 15944 15963 15918 15938 15914 15850 15810 15763 16022 16209 16265 16060 16608 17259 17430 17556 17718 17935 18000 17755 17301 17155 17052 16994 16977 16993 17024 17130 17200 17331 17502 17511 17458 17285 17443 17461 17499 17460 17435 17378 17344 17382 17347 17259 17323 17369 17461 17475 17500 17526 17581 17559 17528 17592 17580 17605 17702 17791 17748 17785 17969 18135 18245
16088 16120 16108 16141 16190 16185 16252 16144 16221 16155 16046 16018 15991 15975 15890 15833 15871 15879 15869 15862 15796 15853 15864 15890 15878 15983 16345 16611 16710 16693 16617 16824 16974 16982 16990 16958 16953 16898 16877 16847 16852 16875 16930 16958 17016 17020 16997 17066 17022 17043 17035 17032 17103 17153 17252 17231 17201 17203 17259 17276 17318 17350 17399 17412 17369 17399 17464 17418 17465 17491 17594 17645 17684 17678 17788 17820 17986
16498 16462 16283 16222 16211 16178 16239 16121 16231 16184 16116 16104 16015 15979 15925 15833 15789 15817 15834 15887 15899 15901 15906 15887 15886 15988 16243 16318 16538 16602 16664 16880 16932 16929 16981 16986 16997 17031 16794 16775 16763 16851 16811 16777 16745 16743 16697 16699 16751 16845 16888 16825 16953 16974 16967 16987 17036 17101 17257 17333 17454 17493 17303 17368 17314 17314 17313 17328 17334 17361 17473 17496 17492 17497 17568 17562 17703
16709 16439 16253 16179 16161 16140 16125 16087 16104 16110 16095 16020 15977 16008 15910 15842 15885 15878 15865 15854 15791 15816 15832 15836 15874 15972 16048 16208 16528 16574 16701 16894 16919 16859 16861 16872 16868 16770 16766 16744 16727 16722 16772 16771 16736 16798 16664 16735 16721 16754 16751 16810 16881 16995 16965 16886 16963 17079 17247 17043 17039 17308 17302 17351 17307 17164 17119 17163 17185 17183 17271 17307 17264 17301 17399 17396 17469
16599 16387 16246 16231 16152 16162 16098 16100 16079 16051 16012 16007 15980 15951 15923 15916 15906 15846 15859 15881 15932 15931 15906 15971 15923 16098 16176 16493 16527 16583 16684 16830 16949 16874 16857 16861 16785 16766 16805 16767 16724 16722 16778 16767 16908 16929 16767 16782 16735 16651 16832 16949 16864 16973 16934 16866 16868 16908 17084 17091 17082 17134 17073 17031 17038 17017 17033 17017 16979 17034 17068 17073 17113 17083 17082 17106 17202
16473 16316 16278 16257 16297 16250 16177 16143 16113 16102 16080 16013 16000 15940 15921 15912 15963 16057 16035 16039 16058 16060 16062 16127 16272 16346 16375 16598 16691 16815 16888 16908 16940 16905 16879 16856 16848 16805 16704 16680 16673 16675 16682 16728 16786 16802 16680 16710 16711 16759 16804 16820 16793 16712 16727 16803 16970 16937 16953 17003 16923 16899 17011 16924 17041 17000 16960 16948 16897 17070 17024 16977 17066 17080 17123 17226 17385
16475 16377 16423 16402 16415 16425 16386 16432 16282 16328 16283 16497 16473 16390 16484 16413 16478 16423 16302 16329 16175 16112 16107 16245 16316 16361 16525 16627 16632 16749 16825 16808 16820 16833 16765 16678 16650 16625 16670 16711 16665 16582 16751 16788 16762 16768 16703 16622 16617 16664 16659 16754 16713 16651 16621 16663 16695 16765 16838 16979 17057 16985 16919 16853 16870 16786 16790 16832 16699 16776 16832 16875 16947 16995 17051 17075 17171
