Alternative/Moon/Lvl0_30x30/Ele_FH.asc
ncols         335
nrows         335
xllcorner     3407491.657
yllcorner     -10077166.958
cellsize      10000
nodata_value  -9999.0
[rows 34 to 67 of 335, columns 0 to 76 of 335]
16044 16117 16258 16401 16578 16849 17002 17171 17194 16834 17235 17205 17112 17277 17539 17734 17852 18205 18361 18597 19065 19767 20654 21625 22266 22996 23063 22927 22780 22643 22100 21692 22002 22074 21781 21753 21784 21705 21612 21522 21458 21525 21577 21615 21626 21479 21143 21280 21351 21177 21060 20722 20463 20317 20253 20284 20009 19942 19930 19933 19907 19843 19777 19592 19392 19318 19231 19213 19209 19072 18982 18906 18872 18663 18538 18305 18265
15906 15914 15953 16000 15992 16104 16198 16290 16388 16410 16415 16424 16545 16801 17076 17322 17571 17904 18196 18334 18667 19449 20300 21251 22175 22829 22861 22786 22762 22769 22636 22363 22267 22232 22092 21946 21849 21749 21633 21645 21699 21732 21678 21764 21752 21300 20905 21261 21425 21324 21037 20889 20730 20555 20412 20085 19719 19557 19912 19932 19926 19792 19656 19498 19404 19384 19350 19420 19392 19245 19114 18823 18650 18418 18360 18111 18071
15880 15874 15872 15873 15887 15878 15910 16006 16053 16167 16341 16576 16827 17239 17704 18128 18459 18769 18940 19161 19458 20088 21002 21985 22570 22820 22828 22666 22312 21895 21683 21830 22154 22230 22097 21938 21787 21650 21629 21499 21337 21030 20938 21211 21265 21105 20874 21056 21084 20974 20946 20900 20813 20810 20647 20075 19578 19474 19364 19357 19486 19633 19586 19484 19343 19274 19185 19156 19176 18995 18716 18787 18539 18360 18052 17944 17959
15863 15857 15844 15846 15840 15823 15874 15908 16037 16305 16486 16686 16888 17192 17589 18109 18504 19059 19461 19997 20269 20566 21234 22061 22387 22233 21779 21422 21343 21362 21446 21480 21761 22101 22053 21894 21762 21305 20854 20561 20064 19646 19532 19697 19734 19744 19704 19591 19630 19647 19934 20277 20553 20649 20340 19771 19357 19210 19193 19206 19198 19574 19814 19744 19511 19399 19346 19279 19293 19212 18961 18672 18618 18466 18031 17962 18116
15862 15831 15838 15816 15819 15834 15870 15970 16167 16476 16382 15915 16120 16229 16083 16561 17222 18191 19044 19767 20178 20631 21239 21981 22257 22448 22390 22056 21969 22120 22139 21872 21814 22011 21964 21553 21114 20604 20121 19613 19019 18672 18633 18635 18630 18695 18676 18605 18550 18564 18818 19086 19415 20020 20271 20283 20243 19925 19969 19941 19845 19796 19983 19920 19748 19654 19706 19692 19652 19320 19132 18774 18594 18195 18044 18105 18014
15898 15841 15807 15831 15808 15815 15918 16046 16253 16588 16576 16156 16180 16172 16151 16575 17121 17782 18306 18668 19157 20143 21238 22000 22227 22388 22350 22184 22145 22085 22149 22103 22005 21787 21352 20944 20402 19869 19485 19056 18811 18585 18492 18516 18565 18581 18591 18530 18498 18485 18472 18447 18724 19270 19686 20294 20489 20793 20733 20656 20423 20248 20066 19975 19933 19925 19976 19754 19656 19458 19114 18826 18717 18399 18186 18230 18142
15958 15807 15810 15801 15898 16006 16068 16266 16324 16688 17231 17636 17679 17723 17900 17949 18314 18804 19322 20000 20731 21634 22095 22138 22122 22086 22073 22010 22018 22036 22040 22005 21801 21582 21227 20602 20122 19476 18866 18644 18504 18483 18493 18502 18509 18532 18524 18504 18495 18473 18448 18443 18436 18583 19098 19705 20267 20827 20943 20757 20390 20176 20078 20148 20207 20233 20148 20035 19955 19742 19407 18729 18601 18396 18205 18172 18151
15900 15859 15806 15821 15967 16292 16515 16604 16761 17032 17506 18168 18755 19340 19755 20039 20254 20463 20700 20881 21099 21737 22145 22155 22069 21937 21857 21842 21883 21800 21862 21828 21664 21255 21029 20435 19787 19105 18629 18555 18493 18459 18490 18478 18488 18510 18506 18491 18470 18459 18465 18459 18463 18681 19128 19673 20290 20922 21109 21016 20758 20421 20127 20201 20328 20316 20218 20143 20084 19758 19553 18986 18654 18414 18261 18176 18158
15854 15820 15810 15815 15930 16301 16757 17020 17337 17840 18184 18744 19295 19821 20221 20484 20604 20631 21054 21737 22147 22236 22202 22132 21982 21874 21838 21774 21682 21644 21615 21520 21465 21124 20652 20064 19710 19216 18914 18659 18590 18551 18505 18515 18497 18521 18543 18600 18580 18608 18616 18531 18704 19210 19791 20372 20923 21304 21208 21109 20884 20610 20453 20399 20398 20357 20291 20242 20100 20035 19873 19640 19199 18694 18312 18183 18152
15894 15848 15890 16158 16373 16771 17264 17642 18068 18657 19251 19456 19824 20559 20802 20806 20950 21231 21696 22190 22429 22438 22410 22279 22024 21930 21731 21575 21748 21831 21770 21707 21773 21727 21360 20574 20074 19718 19359 18894 18704 18667 18530 18548 18576 18655 18693 18693 18696 18829 18934 19379 19730 20351 20787 20947 21128 21298 21120 20937 20743 20689 20529 20425 20421 20419 20388 20359 20336 20217 20075 19728 19526 19186 18818 18512 18381
16194 16170 16290 16387 16610 16902 17722 18552 18817 19390 19810 19974 20228 20703 21073 21327 21597 22102 22207 22225 22452 22520 22413 22308 22212 22172 21997 21670 21715 21731 21704 21792 21835 21844 21690 21240 20896 20466 20166 19812 19651 19588 19557 19653 19761 19777 19911 19970 20067 20090 20246 20488 20960 21496 21536 21282 21367 21243 21020 20840 20783 20603 20533 20466 20466 20483 20543 20599 20577 20312 20089 19797 19655 19327 18924 18660 18558
16815 16785 16518 16592 16685 16973 17630 18570 19301 19755 20018 20120 20404 20853 21266 21608 21948 22160 22269 22189 22048 22153 22261 22339 22322 22178 21983 21616 21577 21629 21696 21883 21959 22046 22000 21832 21539 21425 21419 21285 21211 21277 21275 21331 21492 21453 21422 21417 21363 21246 21096 21594 21841 21859 21788 21590 21403 21188 20935 20834 20735 20689 20657 20685 20640 20583 20717 20675 20585 20452 20233 20066 19866 19517 19034 18718 18535
18334 18456 18423 18562 18457 18767 19301 19890 20262 20586 20721 20929 21276 22020 22426 22505 22515 22436 22218 22133 22170 22329 22412 22372 22316 22120 21845 21585 21653 21674 21714 21892 21935 22078 22129 22063 21932 21925 22071 22069 22147 22201 22303 22247 21985 21915 21757 21606 21496 21260 20913 21019 20997 20987 21201 21333 21382 21309 21134 21030 20870 20918 20837 20858 20803 20868 20921 20908 20853 20786 20571 20271 20123 19901 19561 19154 18840
20345 20423 20655 21087 21351 21703 21891 22023 22284 22348 22165 22318 22462 22637 22781 22752 22675 22419 22200 22179 22246 22376 22399 22345 22326 22159 21895 21792 21670 21787 21855 21934 21985 22151 22132 22192 22179 22289 22345 22360 22431 22413 22170 21691 21070 20468 20183 20001 19850 19741 19621 19595 19618 19783 20119 20664 21207 21521 21514 21489 21428 21406 21293 21324 21330 21197 21113 21131 21100 20965 20674 20470 20382 20246 19924 19461 19379
22383 22400 22308 22601 22757 22804 22923 23037 22953 22913 22755 22563 22454 22430 22365 22325 22304 22212 22196 22232 22263 22243 22308 22343 22401 22387 22059 21882 21699 21638 21649 21939 21978 22090 22180 22198 22294 22389 22384 22333 22091 21523 20807 20273 19854 19537 19492 19497 19487 19492 19490 19496 19481 19491 19696 20160 20736 21299 21696 21622 21516 21665 21453 21325 21434 21432 21235 21211 21255 21217 21138 21061 20910 20675 20384 20070 19872
23363 23136 23054 22984 22927 22869 22919 23042 22866 22575 21934 21881 21883 21745 21429 21509 21620 21743 21806 21904 21985 22012 22129 22208 22173 22157 21959 21678 21550 21568 21684 21804 21944 22034 22170 22227 22229 22322 22305 21712 21062 20325 19934 19804 19691 19626 19483 19467 19479 19479 19454 19466 19453 19442 19455 19734 20313 21107 21653 21770 21798 21819 21815 21698 21494 21406 21293 21085 21062 20950 20915 20883 20902 20991 21060 20957 20622
23255 23163 23100 23022 23064 23075 23007 22884 22704 22359 22065 21777 21499 21430 21429 21462 21515 21774 22039 22007 21922 21830 21869 21878 21844 21830 21702 21624 21541 21608 21766 22015 22080 22083 22018 22020 21853 21827 22012 21975 21443 20410 19888 19697 19678 19515 19486 19480 19511 19526 19477 19478 19476 19455 19525 20034 20613 21391 21912 21983 21850 21850 21825 21741 21717 21604 21401 20870 20639 20607 20597 20578 20612 20813 21104 21112 20879
23335 23446 23379 23089 23066 23053 22949 22730 22617 22608 22353 22016 21860 21755 21805 21824 21799 21955 22006 21932 21845 21769 21798 21811 21868 21851 21970 22186 22191 22199 22357 22394 22583 22598 22381 22150 22091 22501 23037 23027 22638 21878 21087 20349 19938 19709 19627 19578 19557 19570 19553 19543 19559 19820 20275 20968 21440 21917 22151 22135 22113 21984 21959 21911 21849 21826 21874 21578 21354 21150 20946 21023 21215 21469 21531 21645 21674
23288 23316 23141 22949 22927 22942 22834 22634 22584 22592 22353 21985 21922 21937 21918 21896 21927 21948 21929 21898 21854 21820 21835 21997 22023 22060 22165 22290 22268 22190 22305 22331 22510 22549 22513 22548 22533 22812 23138 23177 23093 22861 22407 21916 21558 20986 20687 20553 20539 20518 20525 20718 20975 21304 21719 22110 22257 22348 22443 22512 22551 22416 22370 22211 22143 22064 22059 22003 22034 22000 21966 22000 21875 21619 21583 21526 21609
23060 22902 22771 22850 22838 22750 22593 22328 22175 22127 21947 21798 21759 21792 21789 21830 21855 21907 22048 22084 22064 22087 22147 22125 22127 21903 21823 21589 21353 21188 21086 21227 21275 21457 21701 22024 22268 22465 22956 23040 23035 22967 22988 23011 22925 22785 22479 22350 22578 22600 22357 22419 22640 22704 22593 22560 22523 22607 22699 22799 22740 22624 22606 22586 22532 22352 22327 22362 22329 22235 22072 22050 21632 21056 20845 20840 20823
22663 22649 22618 22640 22605 22420 22343 22237 22100 21994 21898 21877 21884 21835 21865 21851 21819 21864 21927 22066 22237 22431 22443 22191 21739 21228 20886 20800 20782 20884 20948 20987 21096 21215 21312 21482 21565 21765 22188 22617 22780 22952 23039 23078 23078 23032 22983 22885 22874 22938 23070 22863 22731 22582 21875 21446 21277 21175 21108 21007 20883 20878 20934 21147 21195 21499 21808 22328 22389 22416 22378 21878 21232 20769 20845 20781 20791
22508 22500 22323 22201 22123 22139 22087 21967 21941 22031 22094 22007 21988 22012 22037 22016 21876 22033 22171 22178 22302 22558 22491 22024 21430 20924 20787 20841 20928 20923 20970 21008 21084 21169 21349 21477 21493 21521 21775 22273 22518 22913 23187 23253 23245 23172 23157 23143 23130 23270 23370 23163 22399 21392 20561 20035 19950 19940 19898 19922 19904 20016 19934 20019 20006 20234 20780 21690 22281 22597 22509 22401 22057 21502 21111 20766 20846
22444 22430 22324 22168 22065 21976 22029 22088 22085 22076 22086 21981 22047 22128 22038 22072 22057 22093 22184 22210 22337 22588 22501 22046 21577 21117 20880 20850 20984 20927 20993 21025 21022 21143 21341 21678 21808 21689 21829 22259 22766 23171 23344 23498 23457 23184 23171 23215 23342 23450 23599 23271 22414 21348 20392 19956 19837 19822 19810 19808 19846 19817 19902 19960 19935 19975 20309 21004 21709 22438 22895 22881 22804 22797 22502 22103 21823
22375 22315 22296 22179 22049 22058 22094 22138 22081 22109 22037 22002 22050 22072 22071 22130 22079 22002 22190 22454 22616 22658 22689 22458 22090 21714 21409 21247 21149 21175 21129 21151 21202 21258 21482 21758 22026 22004 22227 22647 23141 23547 23669 23666 23481 23498 23461 23418 23557 23615 23955 23910 23501 22691 21859 21151 20691 20143 19980 19869 19811 19806 19847 19891 20088 20573 20974 21605 22307 23102 23286 23154 23073 23088 22966 22818 22898
22660 22502 22394 22203 22253 22247 22158 22173 22195 22188 22069 22002 21947 21977 21989 22131 22100 22089 22280 22601 22732 22940 23085 23100 22972 22598 22186 21990 21805 21551 21218 21100 21113 21116 21210 21445 21668 21637 21735 22057 22462 22792 22984 23051 23109 23334 23404 23353 23522 23692 23925 23999 24004 23609 22809 22036 21470 21110 21050 21024 20880 20521 20399 20532 20800 21083 21768 22566 23078 23289 23335 23178 23064 23031 22772 22686 22686
22881 22585 22302 22223 22263 22210 22273 22233 22202 22204 22256 22211 22064 22070 22070 22117 22149 22215 22564 22834 23058 23236 23407 23441 23489 23464 23211 22643 22189 21872 21531 21120 20890 20621 20642 20590 20504 20565 20692 20782 20937 20954 21014 21080 21294 21698 22173 22518 22793 23197 23573 23666 23449 22725 22019 21309 21036 21433 22341 22905 22896 22699 22341 22038 22247 22501 22730 23277 23544 23445 23270 23064 22940 22940 22847 22860 22767
22853 22575 22323 22301 22257 22251 22300 22299 22248 22261 22233 22212 22174 22282 22280 22306 22370 22287 22553 22825 23057 23329 23645 23835 23910 23744 23260 22562 21822 21277 21180 20828 20454 20003 19815 19795 19822 19845 19877 19918 19941 19984 20010 20000 20072 20347 20728 20968 21463 22168 22752 22782 22276 21496 20901 21072 21463 22345 23362 24215 24400 24208 24079 23827 23722 23655 23555 23582 23602 23528 23330 23048 22915 22790 22662 22599 22568
22956 22707 22434 22317 22281 22287 22286 22339 22356 22275 22254 22297 22320 22297 22353 22407 22428 22457 22606 22875 23190 23749 24010 24033 23961 23505 22837 22173 21635 20959 20493 20234 19897 19712 19728 19753 19771 19780 19798 19826 19839 19844 19837 19864 19905 19854 19974 20133 20424 21015 21693 21946 21987 22114 22368 22727 23127 23660 23977 24394 24451 24208 24081 23909 23744 23594 23528 23505 23458 23362 23123 22918 22697 22678 22862 22957 22932
23039 22962 22625 22473 22404 22334 22338 22358 22370 22320 22352 22354 22353 22403 22471 22554 22575 22841 22999 23286 23868 24092 24161 23878 23101 22339 21536 20889 20446 20199 20014 19743 19655 19728 19742 19750 19779 19769 19773 19783 19802 19800 19798 19807 19815 19828 19838 19829 19921 20313 20856 21423 21926 22263 22739 23077 23405 23645 23905 23967 23938 23848 23628 23527 23463 23451 23435 23389 23301 23224 22933 22807 22850 22834 22989 23140 23061
23015 22878 22676 22540 22382 22351 22383 22386 22375 22355 22364 22363 22390 22419 22576 22720 22825 23049 23071 23122 23165 23155 23066 22956 22841 22397 21608 20950 20437 19955 19693 19625 19678 19678 19690 19686 19760 19746 19748 19761 19775 19784 19783 19791 19804 19819 19829 19828 19828 20013 20528 21017 21380 21806 22335 22754 22889 23186 23535 23757 23823 23823 23758 23640 23564 23487 23397 23426 23412 23377 23292 23223 23130 23068 23026 23097 23031
23183 22926 22732 22602 22463 22417 22432 22374 22397 22386 22344 22363 22366 22447 22472 22593 22814 23060 23102 23126 23137 23017 22752 22692 22192 21380 20858 20272 19863 19610 19583 19617 19623 19650 19654 19719 19723 19723 19747 19769 19771 19778 19805 19818 19839 19862 19839 19934 20049 20295 20570 20932 21359 21970 22579 22917 23176 23396 23806 23865 23879 23891 23831 23790 23661 23570 23529 23489 23437 23383 23314 23242 23145 23067 23031 22965 22949
23556 23351 23110 22826 22655 22490 22394 22429 22381 22393 22441 22535 22510 22432 22432 22433 22501 22703 22935 23248 23315 23201 22568 21681 21131 20699 20384 19968 19665 19600 19609 19605 19626 19657 19687 19709 19720 19736 19750 19763 19773 19788 19929 19959 19919 19935 19875 19907 20029 20501 21101 21655 22024 22383 22784 23119 23383 23688 24083 24135 24130 24052 23921 23902 23824 23679 23569 23496 23417 23311 23285 23317 23233 23036 22976 22925 22907
24012 23657 23341 23164 23049 22922 22811 22700 22700 22625 22588 22653 22617 22558 22542 22516 22559 22532 22585 22934 23234 23405 23303 22754 22145 21667 21199 20478 20000 19734 19638 19670 19691 19746 19835 20001 20058 20061 20056 19964 19934 19920 19907 19873 19883 19992 20080 20277 20564 21179 21862 22352 22616 22938 23367 23669 23925 24242 24587 24711 24631 24261 24039 24007 23773 23497 23608 23558 23513 23449 23416 23304 23198 23205 23142 23060 22997
23980 23731 23589 23323 23133 23103 23155 23131 23161 23081 22897 22697 22660 22775 22813 22879 22967 23060 23183 23399 23533 23634 23403 22933 22494 22159 21510 21056 20676 20327 20073 20008 19952 20086 20349 20480 20512 20237 19939 19906 19909 19921 19948 20013 20059 20172 20547 20957 21329 21948 22554 23161 23528 23915 24275 24694 24943 25124 25089 25013 24810 24639 24364 24126 24026 23870 23719 23686 23670 23640 23545 23450 23439 23324 23212 23058 22981
