Alternative/Moon/Lvl0_30x30/Ele_DJ.asc
ncols         335
nrows         335
xllcorner     10107491.657
yllcorner     -3377166.958
cellsize      10000
nodata_value  -9999.0
[rows 272 to 305 of 335, columns 77 to 153 of 335]
20077 18990 18467 18344 18398 18310 18206 18222 18020 18079 18147 18083 18106 17817 17877 17522 17351 17777 17924 17998 18300 18590 18649 18902 19269 19430 19552 19416 19362 18999 18916 18567 18396 17988 17637 17671 17577 16944 16989 16943 16840 16781 16674 16621 16683 16434 16360 16390 16667 17079 17318 17945 18028 18806 19500 20020 19998 19543 18388 17542 17410 17346 17312 17317 17483 19167 20361 20997 21223 21469 21253 21529 21356 21051 20946 21082 21048
19931 18945 18240 18377 18457 18222 18283 18381 18095 17967 17956 18115 18194 17975 17914 17876 17589 17883 18075 18125 18579 18590 18533 18667 19363 19697 19703 19720 19637 19200 18949 18683 18359 17889 17548 17373 17310 17103 17022 16953 16795 16822 16831 16695 16597 16424 16388 16278 16333 16511 16806 17503 18112 18867 19576 19839 19497 18666 17713 17541 17385 17349 17326 17392 17573 19076 20454 21159 21591 21539 21093 20194 19603 19213 19215 19873 20566
19217 19026 18471 18370 18470 17862 18412 18339 18105 18060 18018 18093 18229 18200 18140 18044 17913 18044 18220 18310 18464 18582 18593 19051 19695 20090 20192 20187 19885 19199 18900 18484 18303 17841 17277 17060 17065 17014 16951 16980 16777 16682 16850 16786 16633 16514 16434 16430 16439 16566 16304 17385 18105 18907 18937 18569 17730 17607 17553 17473 17440 17429 17458 17498 18423 20258 21035 21589 21653 21033 19539 18507 18080 17971 17989 18190 19181
19201 19171 18648 18223 18409 18480 18803 18938 18300 18457 18311 18309 18414 18332 18263 18490 18117 18112 18141 18396 18552 18802 19044 19121 19304 19949 20296 20273 19989 18980 18313 17983 17791 17657 17222 17218 17111 17101 17068 16959 16678 16616 17160 16993 17006 17016 16766 16485 16549 16722 16406 17497 18101 18632 18601 17653 17505 17538 17549 17512 17492 17573 17585 17931 19067 20723 21466 21831 21434 19276 18403 18029 17924 17877 17847 17896 18609
19466 19131 18649 18327 18209 18448 18456 18078 18103 18734 18596 18458 18581 18737 18882 18806 18339 18154 18165 18175 18556 18890 18903 18832 18686 19251 19772 19891 19645 18378 18028 17646 17542 17507 17460 17320 17371 17139 17058 17036 16598 16677 17232 17276 17194 17137 17320 17010 16423 16555 17145 17533 18084 18407 17960 17518 17532 17582 17590 17587 17564 17659 17772 18643 19797 21104 21804 21935 20624 18809 18063 18098 17978 17876 17776 17761 18142
19400 19153 18819 18479 18363 18621 18931 19015 18830 18757 18519 18306 18463 18616 18879 18898 18581 18448 18352 18338 18519 18838 18822 18088 17912 18482 19243 19813 19781 18889 18298 17835 17729 17844 17819 17586 17578 17349 17288 17159 16826 16869 17342 17304 16618 15734 17234 17318 16751 17011 17193 17477 18031 18316 17678 17481 17522 17601 17629 17606 17600 17668 17976 18635 20040 20937 21560 21632 20252 18655 18225 18064 17942 17920 17809 17757 17956
19568 19154 19003 19015 18992 19218 19023 18766 18571 17837 17545 17152 17237 17453 18048 18623 18676 18566 18370 18435 18502 18870 18920 18292 17677 18108 19251 20183 19887 19797 19329 18877 18473 18293 18093 18088 17977 17949 17881 17414 16960 17698 17546 17532 17426 16560 17370 17347 16920 16930 17170 17294 17988 18251 17551 17516 17732 17593 17652 17676 17678 17941 18685 19700 20959 21673 21709 21469 20744 19178 18258 18245 18067 17928 17845 17863 17824
19774 19456 19231 19315 19249 19444 18846 17951 17010 16650 16195 15812 15758 16091 16727 17415 18210 18436 18404 18363 18524 18873 19046 18809 18228 18617 19245 19900 19624 19528 19599 19375 19206 18651 18679 18518 18453 18471 17845 17110 17408 18169 18103 17433 17484 17372 17348 17130 16939 17029 17068 17190 17816 18359 18350 17771 17831 17731 17644 17723 17843 18555 20000 21209 21801 21632 21639 21467 21104 20148 19542 18702 18302 18121 17962 17878 17847
19775 19543 19305 19513 19170 18707 17678 17112 16176 15493 15300 15270 15373 15355 15504 16207 17087 17990 18330 18421 18674 18809 19088 19233 18941 19435 19457 18870 18025 18440 19201 19814 19713 19437 19132 18969 19087 18926 17946 17182 17022 17584 17706 17745 17651 17177 17200 17036 16987 17037 17067 17276 17876 18510 18613 18051 17628 17636 17647 17816 18094 19425 20684 21516 21881 21709 21077 21150 21038 20361 19303 19888 19407 18443 18052 17936 17942
19647 19620 19477 19528 19031 18036 17251 16271 15500 15250 15267 15400 15358 15391 15329 15486 16292 17549 18347 18687 19266 19309 19336 19587 19325 19333 19394 18446 17913 17921 18855 20198 20236 19846 19805 19791 19293 19063 19074 18050 16913 17094 17878 18387 18198 17699 17528 17208 17068 17130 17220 17580 18083 18496 18425 17578 17572 17528 17457 17803 18805 20082 21077 21270 21210 20721 20509 20522 20610 20139 18734 20005 19606 18534 18048 17986 18012
19446 19429 19573 19483 18820 17475 16549 15637 15288 15346 15336 15407 15392 15436 15363 15419 15606 17011 18063 19110 19816 19966 20027 20033 19989 19857 19775 19497 19094 18930 19451 20239 20301 20070 20165 20390 19841 20032 19915 18674 17860 18730 18773 18766 18457 18056 17804 17751 17567 17500 17791 17965 18067 17818 17465 17413 17531 17507 17472 17775 18920 20177 20750 20452 19277 18628 18537 19010 19996 20112 19572 19550 19107 18352 18096 18175 18049
19390 19489 19511 19432 18466 17136 15930 15367 15256 15280 15270 15560 15392 15568 15456 15337 15528 16819 18313 19756 19987 19855 19829 20343 20548 20180 19968 20118 19868 19811 19720 19685 19045 19415 19352 20152 19895 20170 20003 18703 19330 19439 19202 18772 18457 18398 18344 18210 17908 18065 18193 17983 17868 17595 17462 17427 17538 17648 17699 17761 18389 19223 19299 18557 17945 17914 17882 18091 18601 19025 18949 18620 18621 18503 18124 18533 18263
19464 19484 19502 19264 18196 17089 15983 15515 15275 15273 15262 15394 15425 15418 15389 15421 15947 16901 18776 20241 19789 17821 17298 19285 20401 20161 19891 19629 19090 18951 18776 18214 17809 17838 18025 18528 18940 19306 19326 18592 19540 19568 19381 18816 18780 18602 18563 18445 17936 18407 18433 17803 17486 17482 17326 17310 17521 17686 17795 17629 18060 18196 17892 17702 17688 17654 17638 17700 17853 18419 18444 17992 17929 18376 18288 18427 18347
19597 19285 19090 19209 18465 17086 16123 15624 15305 15265 15348 15296 15494 15434 15556 16015 16695 17464 19085 20362 19800 17672 16456 18310 19933 19578 18612 18299 18194 17837 17836 17315 16742 16771 16748 16719 17306 18030 18463 18382 18691 19366 19326 18944 18903 18988 18782 18588 18077 18317 18869 18945 18508 17447 17249 17277 17487 17682 17823 17765 17651 17689 17530 17475 17514 17537 17554 17582 17678 18069 18058 17837 17744 17897 17738 17781 18158
19784 19813 18997 19334 18887 17518 16414 15857 15437 15428 15621 15822 15928 16072 16494 17178 18031 18832 19937 20523 20669 19934 18917 19180 19227 18231 17656 16844 16681 16369 16304 15344 15302 15300 15191 15109 15672 16569 17388 17805 18086 19088 19155 18761 18949 19212 19203 19181 18917 18820 18795 18866 18611 17596 17305 17275 17446 17637 17760 17841 17683 17638 17483 17424 17343 17371 17433 17496 17532 17581 17616 17617 17644 17865 18068 18079 17737
20376 19725 19182 19562 19434 18066 17386 16650 16420 16537 16747 16869 17037 17005 17158 17430 18863 19417 20278 20556 20583 20206 19751 19565 18662 17424 16564 15464 14823 14671 14451 14297 14058 13821 14133 13972 14061 15065 15798 16643 17230 17968 18189 18607 19402 19504 19515 19654 19559 19414 19087 19045 19007 17916 17429 17273 17383 17606 17694 17833 17787 17558 18314 18370 17983 17451 17346 17320 17311 17288 17399 17507 17604 17539 17654 17921 17774
20311 20187 20136 20134 19669 19101 18538 17928 17731 17571 17666 17776 17900 18211 18171 17757 17657 18163 19082 19888 19551 18675 18279 18013 17540 16405 15415 14338 13823 13829 13834 13318 13243 13300 13299 13387 13609 13962 14532 15287 15907 16850 17180 18112 19503 19865 19852 19716 19659 19554 19369 19434 19219 18564 17756 17330 17300 17528 17692 17621 17599 17718 18415 18621 18459 17792 17382 17311 17164 17141 17184 17361 17445 17457 17376 17614 17665
20191 20237 20037 20039 19828 19560 19536 19052 18664 18391 18033 17860 17941 18248 18228 17863 16565 15822 16642 18203 18526 17757 17023 16512 16381 15884 14876 13934 13380 13238 13012 12857 12887 13100 13123 13137 13115 13363 13832 14657 15415 15938 16696 17822 19498 20216 20226 20206 19901 19312 18924 18879 18968 18497 17798 17348 17419 17596 17582 17715 17716 18022 18090 18143 17935 17600 17287 17120 17107 17103 17123 17138 17292 17300 17205 17427 17485
20226 20251 20099 19952 19811 20195 20249 19955 19314 18490 17856 17485 17379 17924 17972 16380 16240 15457 15662 17109 17605 17003 16430 15051 13781 14533 14805 13952 13206 13009 12964 12865 12839 13097 13102 13135 13107 13129 13208 13669 14316 15388 16654 18001 19276 20592 20890 20978 20370 19756 18610 19062 18760 18368 17815 17667 17987 17920 17671 17900 18321 18211 17873 17693 17245 17134 17095 17118 17114 17099 17120 17095 17134 17080 17064 17175 17327
20353 20334 19251 18351 19255 20168 20191 19930 19259 18146 17443 16776 16618 17354 17595 17985 17903 17625 18008 18574 17893 16621 16230 14130 11719 13147 14116 13687 13175 13085 13047 13022 13082 13025 13120 13150 13076 13134 13060 13184 13717 14846 16118 17596 18909 20569 21324 21123 20508 19903 19490 18936 18640 18121 18221 18204 17787 17506 17082 17374 18298 18170 17749 17752 17591 17348 17107 17046 17068 17037 16958 16966 17029 17027 16967 16982 17324
20316 19396 18229 18076 18316 19697 20032 19575 18463 17461 16702 16171 16056 16215 17178 17733 18211 18326 19071 18952 17738 16531 15902 15412 14216 14107 13980 13434 13153 13176 13127 13177 13299 13100 13046 13081 13024 13014 13029 12980 13420 14458 15537 17166 18342 19916 20762 20637 20416 19625 19169 18763 18404 18391 18419 17744 16709 16757 16946 17687 17903 17895 17425 17189 17402 17448 17263 17063 17036 17021 16974 16976 17058 16976 16933 17007 17276
20391 18888 18087 18048 18335 19824 19852 18951 17903 17091 16524 16057 16057 16259 16276 16879 17696 17663 18647 18518 17601 16751 16053 15193 14452 14172 13742 13186 13199 13218 13592 13863 13632 13286 13101 13023 12995 13020 12983 12915 13074 14064 15021 16537 17666 18991 20086 20057 19969 19356 18833 18435 18127 18465 18393 16717 16464 16546 16745 18060 17843 17103 16953 16874 17012 17264 17342 17066 17024 17013 16973 17002 16981 16960 16935 17002 17314
19985 19748 19003 19019 19185 19908 19858 18431 17475 16676 16223 16017 15987 16078 16406 16739 17081 17292 17604 17688 17024 16008 14862 14162 13770 13351 13176 13118 13112 13106 13404 13802 13525 12891 13073 13051 12967 12943 12911 12859 12925 13850 14711 15997 17223 18532 19529 19794 19429 18946 18821 18312 18267 18396 18179 16677 16394 16540 17133 18332 17998 16985 16785 16820 16981 17227 17367 17073 16987 16985 16991 16983 16981 16966 16936 17017 17285
20137 20583 20498 20227 20355 20256 19438 18304 17420 16658 16295 15920 15931 16082 16447 16340 16723 17635 17575 17242 16575 15478 14447 13843 13437 13187 13086 12965 13255 12976 12835 12848 12833 12827 13074 13148 12955 12986 12882 12859 12892 13764 14409 15374 16436 17622 19002 19534 19353 18984 18825 18577 18589 18394 18141 17309 16639 16636 17652 18391 18055 16942 16760 16842 17099 17381 17403 17074 16986 16973 16973 16975 16978 16967 16957 17030 17250
20189 20754 20796 20645 20341 19925 19349 18213 17236 16900 16653 16123 16062 16152 16394 16418 17082 17371 17656 17327 16695 15512 14667 14188 13541 13302 13349 13392 13539 13013 12910 12861 12839 12759 12754 12772 12904 12961 12887 12874 12985 13381 14060 14476 15016 16861 18571 19498 19355 19160 19078 18871 18459 18115 17712 17172 17329 17517 17755 18167 17898 17610 17349 17200 17300 17467 17492 17075 17025 16985 16974 16976 16984 16998 17010 17082 17182
20180 20734 20763 20582 20032 19062 18559 17976 17132 16905 16666 16191 16072 16112 16301 16799 17072 17447 17845 17851 17240 16065 15011 14313 13759 13549 13641 13606 13708 13250 12950 12879 12864 12890 12796 12724 12840 13003 12934 12878 13083 13376 13740 14377 15484 17203 18668 19352 19356 19319 19290 19074 18123 17254 16699 16543 17067 17583 17805 17756 17503 17465 17325 17224 17197 17161 17135 17062 17020 17001 16985 16978 16982 17032 17097 17130 17140
19761 19734 20128 20125 19443 18462 17917 17572 17294 16972 16626 16103 16049 16152 16365 17013 17409 18105 18005 18227 17955 16993 16221 14687 14503 14105 13631 13201 13747 13703 13428 13027 13257 13429 13283 12929 12760 12859 12888 13078 13424 13744 14148 14830 15815 17284 18426 19216 19292 18855 18775 18822 17911 16999 16062 15947 16111 16933 17393 17552 17293 17090 17069 17155 16924 17039 17102 17073 17014 17013 16997 16995 16994 17106 17124 17143 17133
18472 19102 19572 19914 19461 18520 17986 17364 17298 16983 16815 16283 16022 16103 16360 17101 17751 18160 18222 18389 18142 17223 16352 15044 14987 14141 12424 11089 12406 13749 13651 13163 13219 13204 13135 13134 12946 12993 13201 13431 14005 14635 15546 16046 17018 18153 18552 19091 19265 19218 18904 18665 17880 16858 16078 15838 16141 16889 17505 17507 17105 16896 16984 16984 16896 16972 17026 17038 17063 17090 17014 17062 17026 17152 17196 17147 17121
17458 18314 19065 19861 19863 19512 18871 18236 17392 17232 16592 16195 15678 15678 15928 16720 16901 17315 17497 18236 18267 17693 16863 15814 15430 14407 12711 11611 12592 13826 13622 13154 13115 13147 13195 13130 13136 13292 13534 14036 14669 14907 15432 16224 17240 18574 18716 19146 19283 19098 18841 18802 18752 17718 17022 16543 16523 17323 17451 17339 16923 16911 16858 16839 16860 16946 16992 17012 17185 17132 17106 17078 17018 17143 17240 17156 17245
17465 17975 19231 20004 20105 20014 19629 18692 17527 16873 16144 15690 15175 15167 15409 15547 15304 15337 15594 16732 17649 17500 17313 16418 15878 15117 14144 13141 13921 14128 13542 13022 13245 13517 13418 13325 13289 13529 13699 14490 14677 14358 13929 14702 16164 18235 18927 18853 18475 18454 18813 18883 18869 18295 17927 17278 17405 17469 17413 17092 16833 16999 16933 16837 16862 16909 16961 17059 17139 17126 17058 16995 17007 17079 17172 17165 17255
17121 17929 19260 20013 20162 19905 19462 18508 17247 16230 15659 15135 14620 14726 14628 13660 13326 13748 14102 14780 16031 17260 17851 17741 16628 15830 15211 14872 14672 14412 13925 13729 13930 13825 13618 13833 13982 14248 14841 15414 15432 13968 13624 14063 15068 16596 18290 18966 18682 18767 18937 18557 18327 18191 18034 17727 17636 17607 17573 16779 16718 16812 16794 16877 16991 17120 17165 17148 16998 16965 16992 16993 16999 17058 17153 17217 17303
18306 19075 19481 19557 19548 19246 18982 17839 16719 15523 14805 14519 14463 14260 13312 12458 12492 12511 12578 13636 14746 16075 17432 17780 17474 16487 15831 15470 15365 14953 14643 14405 14187 13903 14512 14644 14989 15174 15858 16673 16608 15616 14192 14634 15514 15574 17290 19100 19035 18805 18566 18261 17993 17766 17721 17646 17592 17337 16943 16865 16952 16733 16774 16865 17063 17134 17059 16995 16931 16928 16963 16967 16964 17041 17184 17274 17321
18869 19562 19605 20226 20490 19717 19321 17551 16353 14956 14441 14375 14109 13180 12470 12207 12176 12333 12376 12907 13508 14418 15873 17647 18010 17538 16882 16540 16328 16167 15664 15153 14679 14516 14717 15090 15652 15987 16266 17480 17786 16898 14737 14498 15284 15949 17859 18789 18533 18053 17870 16838 17909 17650 17274 17328 17470 16537 16466 16515 16934 16795 16788 16864 16947 16993 16930 16937 16926 16914 16919 16916 16933 17009 17218 17341 17384
19790 19806 19850 20260 20466 19721 18777 17054 15783 14538 14147 14235 13947 12890 12231 12349 12225 12544 12531 12345 12592 13605 15074 17322 18694 18611 18101 17968 17671 17249 16753 15960 15105 15036 15003 15526 16660 16952 17167 18100 18608 17736 15595 14063 14560 16789 18770 18750 18212 17820 17685 16927 17731 17549 17222 17279 17428 16610 16508 16636 17218 17168 17008 16929 16903 16890 16929 16934 16945 16924 16905 16899 16914 17007 17245 17375 17470
