Alternative/Moon/Lvl0_30x30/Ele_EA.asc
ncols         335
nrows         335
xllcorner     -20042508.343
yllcorner     -6727166.958
cellsize      10000
nodata_value  -9999.0
[rows 170 to 203 of 335, columns 154 to 230 of 335]
11140 11136 11142 11136 11129 11245 11595 11638 11311 11163 11178 11196 11227 11240 11256 11272 11770 11895 11720 10974 11095 11741 11872 11598 11266 11265 11248 11245 11262 11292 11311 11376 11493 11615 11660 11716 11695 11597 11768 11744 12024 12234 12179 12546 12878 12833 12412 12681 12658 13200 13955 14197 14086 14108 14123 14110 14188 14757 14964 14800 14312 13950 13685 13641 13640 13627 13603 13690 13655 13674 13671 13729 13854 13769 13772 13673 13643
11146 11137 11124 11121 11126 11419 11685 11566 11256 11156 11172 11207 11266 11227 11252 11399 11448 11776 11867 11972 11989 11902 11668 11442 11335 11290 11230 11255 11284 11313 11332 11351 11456 11557 11624 11736 11741 11655 11630 11624 11619 11639 11662 11812 12005 12031 11968 12070 12245 12626 13146 13350 13328 13466 13508 13448 13506 14231 14388 14394 14240 13826 13366 13404 13593 13560 13525 13602 13616 13550 13216 13492 13510 13307 13143 13049 13250
11156 11142 11133 11123 11243 11245 11222 11189 11172 11155 11167 11178 11242 11215 11258 11369 11388 11416 11417 11565 11590 11634 11610 11416 11325 11306 11290 11306 11342 11352 11376 11386 11394 11474 11552 11692 11709 11674 11633 11623 11639 11663 11703 11722 11731 11743 11743 11834 11945 12329 12458 12683 12691 12769 12876 13077 13107 13168 13352 13604 13704 13640 13247 13213 13330 13311 13312 13413 13427 13160 13410 13434 13449 13257 13013 12909 13042
11161 11147 11137 11130 11253 11160 11147 11147 11152 11158 11159 11179 11198 11210 11232 11288 11316 11357 11360 11355 11361 11611 11595 11387 11356 11346 11343 11374 11441 11494 11513 11448 11430 11446 11549 11635 11648 11671 11621 11628 11656 11702 11785 11806 11785 11790 11786 11789 11779 11916 12032 12138 12306 12211 12149 12378 12509 12435 12547 12813 13053 13272 13261 13053 13053 13069 13164 13173 13124 12980 13408 13480 13546 13444 12984 12794 12969
11186 11173 11175 11166 11152 11146 11139 11128 11143 11154 11162 11178 11189 11208 11241 11303 11327 11323 11472 11600 11622 11453 11370 11360 11323 11370 11404 11437 11538 11532 11555 11470 11456 11468 11521 11615 11646 11658 11662 11688 11659 11633 11670 11836 11892 11826 11804 11807 11861 11804 11856 11927 11944 11983 12017 12066 12073 12202 12176 12618 13031 13236 13223 12914 12772 12775 12918 13076 13095 12984 13408 13404 13411 13371 13021 12760 12976
11274 11219 11209 11233 11197 11176 11168 11162 11166 11190 11176 11188 11199 11217 11354 11557 11538 11914 12092 12102 11803 11601 11588 11572 11415 11375 11409 11439 11477 11492 11488 11473 11508 11539 11556 11601 11685 11750 11833 11867 11795 11747 11839 11861 11885 11782 11779 11892 11934 11895 11912 11965 11869 11930 12018 11999 12050 12171 12290 12274 12473 12667 12773 12811 12606 12514 12705 12688 12424 12365 12632 13021 13194 12777 12896 12751 12825
11313 11256 11259 11246 11241 11232 11218 11214 11199 11202 11264 11239 11235 11342 11462 11396 11362 11379 11392 11322 11234 11274 11467 11737 11621 11368 11397 11424 11422 11463 11477 11488 11535 11585 11631 11695 11700 11740 11804 11856 11781 11910 11943 11904 11820 11867 11928 11962 11981 11917 11873 11926 11845 11932 11960 11952 12047 12091 11801 11541 12408 12391 12655 12718 12388 12245 12395 12371 12173 12214 12209 12257 12769 13030 13078 12901 12929
11297 11288 11291 11294 11275 11290 11258 11252 11238 11226 11237 11249 11251 11472 11523 11340 11196 11156 11098 11123 11179 11179 11170 11341 11495 11330 11368 11382 11412 11448 11463 11488 11528 11606 11698 11738 11743 11787 11809 11798 11784 11853 11895 11941 11873 11866 11905 11944 11911 11978 11956 11874 11784 11896 11891 11839 11911 12039 11593 10792 11147 12020 12411 12301 12101 11947 11996 12078 11960 12068 12069 11913 12060 12592 12714 12703 12609
11324 11331 11317 11311 11318 11316 11304 11303 11286 11268 11267 11266 11272 11438 11485 11506 11640 11342 11169 11132 11159 11124 11100 11310 11429 11264 11305 11338 11362 11404 11425 11462 11512 11611 11703 11727 11748 11792 11808 11796 11828 11804 11801 11851 11908 11881 11840 11849 11879 11920 11938 12077 12084 11977 11842 11769 11918 12065 11524 10883 10578 11305 12079 12108 11800 11910 11965 11671 11328 11609 11875 11873 11817 11840 11941 11929 12105
11350 11352 11345 11341 11338 11339 11344 11336 11371 11341 11317 11312 11294 11287 11326 11573 11821 11812 11612 11240 11378 11615 11600 11604 11468 11239 11263 11283 11313 11355 11378 11421 11503 11555 11659 11749 11749 11760 11758 11763 12012 11914 11720 11705 11712 11770 11805 11857 11901 11953 12148 12394 12220 12108 12045 11765 11962 11934 11966 11958 11966 12021 12045 11962 11684 11666 11878 11955 11992 11993 11935 11980 12018 11975 11922 11986 12037
11367 11366 11353 11348 11362 11357 11353 11370 11394 11383 11354 11331 11327 11307 11328 11333 11322 11413 11476 11473 11670 11759 11550 11394 11208 11221 11240 11273 11315 11359 11376 11403 11495 11633 11736 11748 11717 11716 11714 11753 11779 11771 11704 11772 11751 11783 11810 11873 11926 12011 12119 11565 11008 12022 12145 11894 11784 11703 11763 11984 12025 11895 12009 11948 11796 11748 11783 11928 11997 11966 12075 12214 12223 12107 12158 12069 12030
11410 11366 11358 11359 11364 11375 11370 11360 11376 11396 11367 11336 11331 11330 11360 11391 11338 11300 11278 11258 11313 11343 11290 11215 11224 11231 11233 11255 11304 11354 11381 11447 11541 11685 11723 11740 11672 11672 11673 11775 11762 11704 11691 11736 11763 11794 11798 11809 11849 12028 12135 12145 12452 12353 12226 11936 11829 11685 11618 11714 11755 11946 11937 11864 11819 11993 12263 12276 11946 11647 11971 12451 12590 12511 12403 12124 12027
11810 11684 11564 11438 11401 11384 11373 11370 11384 11380 11347 11343 11355 11355 11373 11375 11332 11318 11512 11490 11276 11286 11278 11296 11293 11278 11269 11258 11292 11345 11386 11457 11603 11701 11712 11650 11634 11639 11642 11633 11681 11756 11782 11724 11763 11795 11794 11783 11797 11864 11916 12094 12255 12061 11897 11832 11731 11683 11605 11665 11781 11931 11999 12025 12030 12334 12365 11743 10729 10809 11058 11702 12629 12589 12500 12264 12078
11890 11725 11594 11467 11498 11485 11391 11439 11425 11404 11510 11529 11369 11349 11338 11339 11543 11504 11523 11479 11301 11303 11311 11311 11337 11305 11292 11299 11299 11338 11373 11452 11636 11679 11673 11653 11653 11629 11631 11647 11663 11686 11707 11729 11766 11775 11777 11792 11790 11787 11786 11792 11863 11763 11708 11691 11680 11646 11581 11613 11817 11863 11807 11815 12153 12916 12524 10715 9956 9108 9510 9904 10916 12332 12488 12277 12186
12298 12106 11815 11243 11315 11482 11417 11560 11660 11682 12028 12069 11912 11429 11351 11344 11511 11393 11304 11310 11299 11306 11313 11317 11312 11305 11304 11324 11356 11367 11390 11430 11620 11667 11666 11669 11712 11699 11682 11699 11706 11709 11713 11737 11774 11753 11745 11774 11763 11749 11740 11761 11852 11854 11840 11735 11641 11609 11587 11572 11750 11673 11782 11929 12215 12951 12485 10652 9420 9097 9339 9998 11122 12453 12519 12364 12384
12737 12576 11997 11525 11474 11619 11696 11736 11531 11641 11873 12040 12025 11614 11359 11332 11317 11297 11296 11296 11292 11294 11297 11299 11304 11304 11311 11335 11358 11358 11368 11402 11562 11637 11691 11729 11772 11755 11716 11727 11729 11725 11704 11673 11684 11687 11685 11686 11708 11675 11683 11682 11708 11777 11661 11750 11583 11541 11520 11427 11545 11629 11748 11835 12171 12739 12319 11458 10565 10353 10359 10689 12195 12665 12535 12136 12254
12578 12484 12071 11887 11731 11615 11830 11828 11376 11337 11364 11445 11560 11406 11360 11307 11271 11271 11248 11245 11275 11269 11277 11287 11300 11321 11344 11358 11374 11395 11402 11384 11505 11665 11732 11760 11756 11740 11745 11737 11732 11728 11691 11661 11656 11627 11611 11612 11608 11606 11595 11617 11641 11685 11670 11634 11524 11540 11479 11428 11455 11485 11537 11615 11737 12106 12411 12633 12521 12322 12320 12642 12670 12550 12183 12034 12207
11852 11846 11726 11686 11534 11446 11545 11649 11361 11317 11302 11273 11266 11271 11316 11288 11238 11223 11213 11215 11223 11250 11253 11274 11299 11328 11351 11376 11387 11392 11414 11448 11551 11662 11732 11738 11727 11756 11757 11763 11752 11741 11730 11698 11643 11596 11576 11563 11572 11582 11561 11567 11552 11501 11493 11483 11569 11688 11589 11476 11418 11480 11527 11597 11647 11707 11903 12519 12827 13096 13097 12791 12388 12077 11928 11882 12160
11541 11528 11581 11746 11565 11581 11457 11498 11395 11345 11300 11248 11245 11287 11288 11264 11219 11205 11181 11190 11201 11217 11233 11250 11269 11307 11345 11355 11393 11395 11400 11453 11571 11669 11739 11851 11731 11670 11737 11773 11708 11700 11667 11656 11616 11577 11559 11549 11555 11528 11520 11482 11490 11544 11628 11577 11508 11531 11516 11546 11513 11512 11513 11565 11627 11807 11780 11934 12044 12287 12450 12528 12359 12193 12133 12127 12095
11546 11571 11658 11779 11717 11610 11676 11519 11497 11422 11351 11312 11328 11276 11225 11209 11209 11183 11168 11168 11187 11188 11206 11213 11235 11281 11308 11325 11353 11370 11408 11432 11530 11618 11713 11833 11758 11667 11642 11741 11653 11617 11588 11583 11547 11496 11513 11541 11542 11475 11449 11462 11479 11377 11362 11375 11603 11655 11537 11499 11411 11574 11589 11648 11619 11553 11404 11517 11862 11822 11864 12010 12092 12105 12095 11907 11716
11641 11594 11619 11660 11757 11330 11727 11531 11459 11452 11416 11418 11413 11316 11231 11220 11210 11190 11179 11169 11177 11188 11189 11180 11213 11234 11271 11302 11342 11372 11399 11431 11469 11598 11702 11904 11997 11746 11682 11659 11618 11515 11480 11477 11540 11496 11415 11423 11472 11433 11451 11408 11380 11502 11508 11590 11640 11678 11725 11642 11770 11921 11866 11754 11560 11406 11443 11242 11467 11754 11740 11579 11585 11608 11525 11391 11415
11545 11601 11624 11659 11665 11561 11545 11502 11487 11477 11497 11374 11445 11458 11267 11221 11233 11215 11195 11162 11135 11139 11179 11167 11178 11241 11279 11325 11348 11381 11625 11753 11633 11615 11846 11906 11777 11774 11760 11628 11545 11480 11432 11429 11503 11383 11351 11338 11387 11390 11393 11418 11438 11605 11716 11689 11633 11401 10975 10743 11634 11990 11958 11798 11627 11461 11375 11342 11313 11556 11550 11401 11353 11349 11349 11349 11290
11664 11629 11604 11631 11658 11630 11537 11533 11531 11574 11587 11517 11428 11403 11302 11223 11235 11238 11220 11187 11182 11160 11137 11155 11188 11233 11273 11321 11350 11387 11649 11731 11556 11544 11692 11724 11760 11760 11742 11672 11553 11497 11459 11414 11373 11391 11442 11445 11520 11617 11496 11340 11484 11893 11935 11450 10727 10563 10449 10280 10553 11349 11844 11792 11560 11372 11360 11352 11356 11353 11359 11366 11332 11370 11343 11266 11202
12044 11955 11761 11586 11661 11607 11546 11561 11622 11628 11647 11582 11574 11351 11298 11254 11216 11230 11229 11213 11190 11156 11140 11169 11206 11241 11278 11327 11448 11374 11542 11496 11457 11502 11547 11624 11777 11799 11691 11630 11561 11616 11582 11475 11386 11393 11516 11547 11534 11623 11535 11607 11725 12203 12260 11317 10791 10545 10481 10402 10387 10728 11452 11874 11749 11339 11242 11173 11307 11339 11282 11321 11356 11326 11267 11264 11176
12205 12305 12144 11957 11845 11843 11752 11786 11854 11943 12003 12200 11799 11531 11401 11279 11262 11226 11235 11260 11216 11184 11155 11186 11219 11248 11425 11515 11387 11403 11422 11436 11452 11508 11541 11507 11527 11606 11618 11650 11607 11559 11565 11668 11457 11426 11479 11558 11451 11644 11650 11659 11771 12170 12238 11543 10970 10554 10512 10423 10419 10898 11510 11746 11678 11437 11265 11272 11275 11281 11302 11361 11400 11351 11347 11223 11075
10793 11842 12373 12361 12131 11935 11838 12077 12274 12388 12482 12413 12167 12118 11864 11321 11367 11311 11260 11274 11318 11223 11173 11194 11269 11276 11385 11501 11458 11370 11249 11268 11341 11392 11432 11426 11510 11500 11548 11684 11635 11539 11581 11705 11670 11682 11661 11487 11646 11703 11626 11589 11620 11885 12033 12032 11511 10815 10836 10789 10928 11411 11767 11846 11727 11603 11492 11544 11445 11344 11444 11472 11312 11350 11376 11243 11049
9537 10191 11561 12241 12087 12033 11888 12315 12725 12459 11680 10487 10748 11819 11893 11581 11401 11382 11353 11446 11518 11446 11351 11312 11222 11269 11227 11323 11333 11311 11229 11269 11267 11300 11321 11361 11433 11449 11501 11636 11615 11539 11551 11589 11563 11545 11497 11449 11476 11490 11475 11465 11480 11684 11939 12082 12065 11896 11851 11780 11943 11978 11896 11890 11630 11611 11728 11857 11525 11367 11595 11850 11665 11348 11392 11310 11209
9405 10004 11322 12220 12117 11798 11877 12413 12867 12130 10647 8802 9024 10647 11804 11826 11789 11792 11928 12016 12013 11714 11576 11440 11520 11473 11540 11565 11518 11512 11414 11300 11307 11323 11329 11348 11384 11440 11547 11497 11614 11575 11540 11534 11507 11492 11429 11423 11456 11459 11439 11388 11483 11653 11688 12198 12349 12413 12416 12240 12130 12034 11852 11661 11592 11447 11534 11638 11388 11395 11627 11869 11713 11549 11573 11628 11657
10820 11160 11042 11424 11501 11715 11877 12122 12661 12369 11453 9937 10177 11326 12092 12403 12083 12238 12177 12527 12505 12181 11962 11670 11676 12011 11920 11898 11805 11807 11629 11460 11359 11350 11336 11323 11382 11438 11547 11605 11576 11589 11569 11586 11637 11533 11388 11429 11427 11370 11311 11273 11409 11771 11804 12368 12430 12125 12009 11954 12000 11402 11378 11172 10936 11080 11095 11167 11160 11116 11326 11503 11457 11292 11524 11737 11844
11926 11921 11846 11587 11524 11179 11271 11453 11561 11078 11702 12174 12375 12300 11959 11921 11583 10750 10630 10742 11237 11765 11810 11633 11851 12008 11700 11157 11066 11111 11083 11237 11557 11575 11349 11344 11396 11445 11521 11581 11591 11552 11526 11542 11572 11527 11468 11444 11482 11359 11196 11146 11263 11668 11737 11959 12088 12191 12106 11742 11496 11396 11195 10900 11535 11584 11469 10871 11036 11441 11774 11785 11961 12156 12169 12142 11895
11567 11539 11374 11547 11718 11803 11614 10951 11609 12026 12117 12552 12578 12058 11763 11731 11103 9776 8572 9490 10934 11490 11686 11629 11956 11489 11060 10940 10780 10902 11105 11074 11243 11598 11624 11565 11494 11506 11528 11493 11494 11505 11520 11578 11573 11485 11418 11459 11533 11541 11372 11157 11044 11018 11088 11295 11393 11829 11962 11765 11389 11428 11263 11481 11531 11455 11417 11414 11283 11850 12231 12270 12137 11980 11653 11544 11364
11347 11245 11236 11295 11414 11445 11447 11625 11733 11962 12099 12231 12122 12038 12243 12429 12020 10247 8915 10356 12114 12572 12181 11664 12046 11942 11308 11144 11024 10859 10973 11074 11098 11537 11541 11510 11400 11459 11545 11492 11510 11515 11523 11571 11558 11436 11409 11395 11390 11416 11390 11202 11056 11009 10996 10981 11239 11382 11047 11061 11216 11129 11125 11433 11227 11306 11530 11467 11507 12057 12384 12000 10805 9784 9341 9386 9790
11180 11226 11240 11323 11426 11562 11531 11556 11641 11621 11795 11918 12233 12660 12765 12868 11763 9851 8485 10073 11965 12474 12078 11906 12264 12369 12342 11857 11653 11645 11932 11884 11674 11645 11598 11635 11750 11858 11851 11580 11452 11473 11456 11558 11452 11411 11363 11378 11213 11232 11235 11113 11047 10983 10971 10983 11217 11369 11504 11493 11272 10773 11156 11425 11334 11289 11314 11288 12021 12431 12174 10599 9047 7846 7469 8040 8773
11336 11329 11357 11444 11472 11422 11357 11412 11491 11519 11634 11612 11991 11934 11377 11246 11088 10745 10539 11311 12067 12002 11679 11874 12044 12059 11967 12196 12156 12063 11954 11832 11613 11670 11644 11722 11900 11689 11378 11620 11551 11393 11380 11390 11359 11289 11236 11240 11241 11201 11189 11072 11025 11007 10942 10924 10949 10941 11135 11294 10383 9819 11086 11436 11347 11232 11204 11207 12234 12423 11247 9626 9066 8429 7861 7659 8555
