Alternative/Moon/Lvl0_30x30/Ele_DF.asc
ncols         335
nrows         335
xllcorner     -3292508.343
yllcorner     -3377166.958
cellsize      10000
nodata_value  -9999.0
[rows 68 to 101 of 335, columns 77 to 153 of 335]
16661 16692 16685 16679 16697 16693 16758 16826 17075 16928 16835 16760 16786 16836 16809 16853 16971 17085 17097 17032 16992 16998 16970 16953 16937 16936 16959 17016 17040 17028 17032 17047 17075 17191 17318 17437 17487 17640 17732 17672 17622 17611 17634 17577 17592 17625 17338 17069 17076 16993 16965 17013 17009 17011 16963 16884 16866 16831 16795 16755 16742 16745 16749 16776 16781 16795 16832 16819 16879 16887 16863 16913 16914 16958 16992 17032 17067
16627 16649 16664 16669 16661 16663 17249 16763 16867 16785 16850 16758 16741 16835 16812 16937 17037 17131 17144 17075 17042 16937 16924 16875 16892 16873 16908 17009 17037 16991 16996 17029 17120 17181 17254 17441 17581 17721 17708 17679 17664 17644 17636 17552 17640 17576 17266 17063 17080 17084 16977 17018 17043 17038 17003 16845 16848 16831 16829 16861 16775 16740 16769 16832 16780 16808 16845 16874 16865 16920 16877 16916 16928 16970 16998 17032 17074
16608 16632 16642 16647 16628 16668 17381 16874 16853 16829 16764 16716 16733 16834 16879 16967 17024 17066 17138 17086 16964 16913 16848 16842 16845 16832 16885 16997 17019 16969 16974 17116 17109 17209 17244 17509 17659 17730 17728 17702 17708 17667 17647 17547 17535 17507 17383 17086 17046 16996 16928 17017 17040 17020 16998 16920 16870 16859 16822 16757 16744 16743 16749 16788 16782 16825 16854 16870 16885 16927 16914 16926 16961 16987 17034 17057 17084
16580 16758 16856 16758 16608 16723 17069 16885 16681 16673 16815 16749 16829 16889 16969 17064 17071 17032 17225 17238 16963 16944 16852 16782 16781 16794 16861 16964 16949 16931 16937 17013 17051 17094 17239 17522 17652 17636 17637 17669 17687 17764 17545 17523 17436 17480 17377 17219 17159 17111 16939 16965 16946 16945 17028 17014 16894 16848 16780 16754 16757 16835 16810 16896 16862 16841 16864 16871 16888 16928 16938 16940 16973 17004 17073 17088 17127
16719 17085 16962 16583 16602 16608 16669 16825 16625 16613 16717 16753 16823 16963 17040 17211 17106 17103 17045 16894 16933 16814 16713 16730 16745 16753 16820 16919 16888 16900 16907 16948 16998 17085 17252 17335 17649 17658 17636 17670 17679 17669 17550 17480 17417 17408 17413 17351 17241 17134 16962 16921 16944 16938 16945 16998 16917 16881 16849 16776 16764 16773 16861 16955 16873 16860 16875 16888 16900 16922 16941 16953 16985 17050 17104 17127 17446
17027 17123 16529 16557 16579 16600 16596 16574 16614 16636 16539 16758 16893 17217 17522 17515 17191 17025 16989 16825 16724 16703 16679 16672 16700 16717 16780 16864 16872 16874 16880 16939 16994 17083 17240 17276 17567 17593 17592 17615 17598 17571 17552 17410 17463 17471 17479 17412 17398 17284 16966 16914 16947 16938 16959 16909 16913 16967 16930 16918 16804 16765 16810 16848 16834 16872 16869 16895 16894 16955 16966 16973 17043 17060 17122 17280 17793
16534 16504 16504 16533 16557 16583 16587 16597 16574 16503 16514 16719 17351 18042 18480 18119 17190 17015 16958 16777 16710 16694 16662 16654 16673 16689 16718 16824 16873 16847 16866 16916 17069 17088 17192 17182 17455 17594 17565 17577 17535 17538 17553 17452 17476 17530 17488 17473 17453 17432 17126 16980 16933 16949 16975 16940 16889 16908 16952 16912 16848 16798 16818 16864 16850 16881 16957 16981 16905 16962 16961 17089 17101 17121 17293 17751 18548
16513 16475 16472 16500 16532 16563 16595 16604 16585 16509 16430 16748 17448 18105 18553 18310 17204 17008 16811 16815 16775 16861 16845 16630 16640 16671 16693 16763 16818 16804 16844 16898 16980 17048 17102 17124 17346 17586 17508 17518 17506 17525 17547 17458 17470 17526 17511 17514 17553 17567 17296 17105 16934 16920 16925 16949 16946 16900 16853 16870 16853 16918 16927 16853 16950 16919 16923 16925 16929 16999 16985 17066 17232 17563 18061 18594 19564
16440 16439 16442 16453 16494 16526 16591 16636 16638 16543 16410 16649 17244 17875 18111 17745 17238 17021 16842 16780 16843 16828 16761 16643 16615 16652 16689 16733 16741 16775 16820 16879 16925 16944 17042 17113 17315 17374 17520 17583 17502 17546 17519 17430 17500 17535 17511 17535 17526 17622 17529 17365 17105 17017 17026 16966 16972 16903 16877 16882 16929 16935 16934 16933 17011 16970 16952 16951 16909 17040 17044 17621 17753 18619 18647 19110 19722
16431 16427 16424 16421 16441 16498 16552 16651 16923 16913 16890 16526 16876 18055 18175 17617 17292 17046 16836 16819 16860 16905 16780 16611 16606 16604 16654 16706 16702 16744 16824 16869 16873 16927 17050 17114 17214 17291 17450 17513 17554 17602 17494 17437 17483 17526 17538 17594 17603 17652 17681 17740 17722 17690 17998 17522 17220 17119 16923 16951 16921 17015 17081 16998 17165 16907 16906 17025 17014 17255 17941 18481 19035 19036 18644 18703 18975
16418 16430 16418 16417 16416 16461 16518 16594 17011 17289 17118 16723 16935 18145 18241 17438 17343 17047 16898 16880 16820 16739 16552 16567 16581 16584 16631 16678 16710 16708 16818 16844 16858 16892 17035 17222 17311 17347 17438 17500 17563 17588 17483 17468 17476 17498 17550 17701 17626 17653 17759 17994 18182 18753 18732 18536 18345 17858 17795 17227 17177 17338 17370 17042 17081 16926 16978 17175 17279 17916 18776 18989 19079 18849 17960 17769 17707
16378 16370 16375 16381 16390 16404 16428 16448 16868 17137 17372 16930 16952 17946 18082 17218 17071 16865 16813 16743 16711 16701 16523 16534 16570 16561 16600 16626 16672 16738 16766 16815 16854 16879 16991 17114 17217 17360 17434 17601 17490 17444 17433 17463 17463 17517 17607 17615 17593 17636 17594 18010 18522 19004 18946 18809 18851 18634 18515 18550 18477 18417 18615 18560 18630 18479 17400 17613 18245 18790 19263 19120 18372 17510 17331 17107 17083
16351 16352 16346 16357 16380 16382 16380 16372 16424 16992 17209 17038 16640 17393 17566 16997 16857 16803 16690 16646 16601 16515 16502 16514 16550 16539 16574 16587 16637 16678 16734 16772 16829 16872 16909 16934 17187 17205 17421 17458 17408 17417 17419 17408 17477 17538 17660 17534 17553 17615 17544 17730 18354 18927 18996 18835 18864 18614 18521 18436 18271 18381 18647 19453 19751 19779 19152 19157 19840 19451 19269 18548 17471 17056 17018 17017 17052
16331 16347 16331 16337 16361 16351 16347 16340 16433 16939 17108 16908 16794 16843 16934 16958 16712 16681 16552 16542 16500 16473 16486 16502 16519 16525 16545 16563 16602 16650 16717 16745 16802 16850 16893 16928 17086 17114 17287 17433 17399 17339 17415 17380 17308 17641 17741 17538 17511 17568 17508 17358 17917 18366 18421 18363 18073 17830 17381 16948 17046 17289 18162 19225 19638 19880 20031 20417 20476 19570 18368 17530 17036 16978 16955 16990 17027
16308 16312 16324 16323 16331 16326 16321 16318 16336 16546 16978 17245 16992 16578 16923 16783 16741 16621 16509 16464 16453 16452 16471 16474 16542 16568 16531 16540 16572 16619 16719 16741 16788 16845 16884 16913 17063 17140 17302 17396 17364 17215 17200 16627 17276 17384 17633 17630 17528 17528 17457 17177 17355 17671 17472 17071 16887 16784 16721 16802 16854 16965 17309 17937 18477 19424 20064 20597 20450 19044 17815 17104 16985 16956 16960 17017 17030
16287 16294 16326 16326 16297 16303 16308 16291 16300 16336 16500 17111 16978 16450 16896 16630 16641 16643 16509 16488 16426 16435 16447 16452 16499 16520 16500 16524 16551 16610 16713 16723 16797 16830 16865 16895 17037 17128 17300 17313 17267 17161 17093 17226 17314 17396 17476 17407 17309 17264 17316 16922 16881 16877 16651 16650 16640 16658 16706 16802 16850 16833 16882 17168 17076 17893 19324 20061 19748 18178 17196 17029 16948 16954 16979 17004 17047
16309 16292 16290 16290 16288 16284 16280 16273 16275 16327 16391 16608 16660 16446 16834 16593 16613 16584 16532 16500 16414 16417 16428 16427 16456 16473 16479 16501 16557 16610 16682 16727 16761 16801 16848 16960 17079 17139 17215 17314 17364 17348 17289 17366 17257 17323 17415 17122 17012 16948 17074 16826 16650 16641 16632 16633 16675 16661 16690 16744 16799 16827 16929 16952 17002 17245 18289 19246 19553 17724 17060 17027 16963 16962 16986 17027 17067
16297 16288 16282 16282 16267 16277 16286 16249 16244 16290 16351 16382 16420 16434 16605 16514 16478 16424 16543 16450 16396 16400 16404 16406 16428 16449 16446 16506 16591 16602 16675 16707 16741 16781 16824 16867 17020 17141 17139 17277 17316 17332 17299 17319 17247 17283 17379 17063 16946 16934 16962 16684 16620 16593 16587 16651 16692 16711 16700 16745 16790 16803 16936 16966 17000 17069 17802 18876 19117 17621 17027 17016 16954 16980 17008 17079 17177
16283 16258 16279 16282 16261 16255 16224 16235 16228 16244 16308 16354 16395 16406 16419 16419 16414 16394 16409 16387 16376 16384 16392 16392 16425 16411 16438 16501 16573 16593 16646 16698 16748 16768 16820 16863 17026 17214 17139 17153 17187 17190 17237 17209 17213 17319 17460 16951 16940 16940 16778 16651 16612 16582 16597 16644 16678 16686 16709 16756 16793 16863 16916 16987 16984 17040 17539 18864 18833 17295 17115 17050 16973 16968 17011 17076 17159
16267 16234 16230 16266 16264 16253 16223 16210 16206 16212 16240 16283 16326 16359 16369 16369 16355 16321 16332 16336 16355 16360 16369 16368 16416 16389 16436 16516 16561 16604 16631 16714 16762 16798 16823 16859 16961 17163 17050 17132 17058 17093 17179 17201 17182 17260 17371 17041 16931 16911 16690 16650 16599 16582 16609 16632 16651 16715 16728 16765 16801 16862 16921 16919 16999 17059 17124 18286 18666 17569 17289 17076 16996 16974 17022 17060 17086
16262 16232 16214 16249 16254 16240 16222 16215 16195 16195 16216 16222 16231 16270 16290 16511 16851 16810 16315 16316 16334 16345 16354 16354 16365 16371 16425 16524 16581 16610 16642 16748 16749 16793 16812 16841 16864 17043 17002 17159 16985 16982 17027 17076 17161 17315 17356 17128 16962 16848 16695 16640 16599 16578 16629 16679 16665 16688 16739 16770 16806 16842 16903 16930 16993 17020 17105 17392 18085 18099 17374 17093 17033 17016 17036 17052 17115
16264 16245 16218 16213 16215 16208 16197 16196 16192 16203 16213 16236 16212 16204 16214 16601 17137 17019 16293 16296 16311 16321 16339 16343 16347 16367 16415 16529 16584 16633 16682 16721 16746 16768 16781 16798 16834 16855 16920 17055 16959 16987 17003 17064 17002 17221 17277 17189 16995 16877 16690 16651 16605 16584 16662 16701 16690 16712 16728 16805 16822 16856 16864 16915 16970 17013 17102 17354 18379 18668 18026 17463 17162 17100 17072 17068 17097
16247 16235 16228 16209 16197 16190 16193 16189 16195 16198 16195 16230 16208 16206 16218 16232 16346 16296 16283 16297 16294 16310 16326 16329 16332 16345 16429 16532 16593 16605 16651 16665 16725 16741 16753 16775 16788 16794 16855 16903 16883 16900 17025 16929 16929 17197 17321 17272 17053 16842 16684 16682 16620 16587 16681 16731 16716 16718 16699 16804 16821 16855 16872 16916 17008 16996 17066 17312 18232 18616 17571 17578 17178 17188 17150 17177 17201
16228 16219 16238 16199 16171 16169 16185 16184 16178 16167 16186 16186 16198 16217 16229 16240 16249 16246 16262 16274 16290 16304 16313 16313 16315 16352 16432 16519 16588 16576 16656 16667 16712 16719 16739 16756 16778 16792 16828 16864 16841 16838 16842 16810 16876 17102 17355 17375 17031 16733 16702 16669 16607 16617 16661 16720 16704 16713 16716 16804 16809 16840 16881 16926 16981 16986 17033 17130 17552 17751 17453 17811 18130 18198 17748 17316 17269
16210 16193 16227 16251 16163 16160 16165 16169 16160 16162 16171 16179 16187 16213 16235 16242 16234 16233 16247 16267 16279 16295 16305 16303 16296 16344 16419 16527 16571 16615 16638 16679 16714 16746 16729 16747 16745 16768 16814 16788 16807 16819 16824 16810 16793 16969 17302 17372 17087 16752 16701 16668 16626 16643 16672 16722 16701 16716 16749 16756 16822 16844 16852 16921 16995 16992 17030 17112 17222 17404 17442 17955 18566 19277 19094 18131 17339
16213 16197 16192 16230 16163 16160 16150 16147 16137 16146 16156 16174 16180 16202 16236 16232 16204 16214 16231 16243 16253 16266 16289 16305 16309 16372 16442 16556 16540 16606 16638 16671 16710 16719 16725 16729 16730 16718 16773 16758 16757 16776 16788 16795 16779 16892 17030 17017 16884 16747 16719 16693 16675 16779 16706 16682 16689 16700 16761 16764 16813 16847 16916 16904 17015 17023 17048 17086 17136 17190 17227 17563 18402 19146 19098 18877 18447
16200 16181 16179 16203 16190 16168 16138 16133 16128 16128 16141 16151 16181 16186 16197 16206 16197 16190 16211 16223 16230 16240 16263 16276 16362 16373 16473 16499 16493 16612 16632 16656 16678 16699 16715 16720 16717 16709 16724 16716 16733 16750 16773 16795 16783 16870 16947 16956 16879 16787 16726 16658 16667 16769 16703 16677 16715 16714 16809 16748 16810 16836 16891 16902 17013 17022 17034 17063 17107 17162 17191 17188 17916 18578 18585 18493 18449
16189 16171 16164 16154 16144 16193 16146 16113 16121 16131 16123 16131 16152 16161 16176 16180 16179 16173 16186 16198 16206 16221 16241 16267 16373 16384 16497 16484 16521 16595 16616 16638 16661 16692 16702 16709 16707 16697 16705 16705 16716 16733 16765 16785 16809 16865 16895 16997 16936 16823 16831 16654 16626 16684 16684 16739 16775 16771 16787 16760 16800 16845 16869 16911 16997 17015 17039 17028 17106 17124 17153 17243 17773 18051 17845 17589 17378
16182 16166 16159 16145 16122 16116 16121 16117 16101 16131 16104 16117 16129 16153 16167 16175 16176 16175 16162 16181 16180 16198 16219 16252 16332 16379 16416 16429 16511 16565 16601 16626 16659 16694 16698 16708 16700 16696 16704 16699 16704 16715 16754 16780 16921 16900 16901 17031 16925 17257 17240 16685 16660 16680 16687 16696 16789 16770 16749 16757 16818 16840 16876 16909 16946 16995 17052 17055 17109 17148 17355 17835 17753 17676 17347 17324 17322
16185 16172 16158 16123 16116 16088 16097 16091 16113 16112 16077 16088 16105 16129 16159 16164 16169 16164 16158 16158 16166 16167 16207 16241 16302 16404 16383 16379 16498 16580 16596 16630 16662 16678 16700 16709 16707 16720 16730 16696 16694 16700 16733 16779 16922 16947 16885 16910 16771 16985 16915 16704 16713 16684 16708 16734 16729 16747 16788 16779 16817 16851 16870 16903 16939 17013 17245 17714 17666 17512 17886 17881 17437 17305 17300 17321 17323
16185 16173 16145 16135 16127 16101 16080 16093 16120 16103 16071 16085 16110 16126 16148 16160 16151 16151 16146 16142 16160 16165 16205 16242 16304 16430 16347 16380 16516 16558 16586 16609 16678 16691 16709 16716 16711 16727 16737 16704 16705 16697 16725 16793 16928 16973 16922 16831 16753 16762 16807 16983 17254 16961 16734 16762 16716 16792 16770 16851 16813 16853 16868 16899 17025 17183 17447 17762 17845 17740 17639 17530 17299 17327 17316 17358 17357
16202 16174 16143 16130 16115 16110 16086 16095 16131 16125 16081 16091 16116 16124 16140 16150 16141 16119 16124 16135 16154 16163 16211 16250 16333 16458 16304 16356 16493 16534 16583 16626 16689 16693 16714 16721 16720 16719 16718 16719 16712 16715 16783 16925 17028 17028 16908 16824 16777 16801 16713 16824 17270 17087 16961 16836 16717 16759 16797 16818 16809 16844 16896 16974 17186 17277 17477 17505 17411 17381 17285 17288 17328 17415 17530 17539 17426
16189 16155 16128 16105 16092 16093 16080 16091 16139 16147 16078 16103 16104 16119 16151 16150 16114 16091 16107 16132 16145 16167 16207 16282 16358 16363 16310 16339 16472 16531 16591 16647 16708 16725 16723 16735 16736 16738 16738 16736 16738 16770 16891 17057 17020 16955 16871 16793 16748 16737 16673 16625 16872 17003 17095 17142 17026 16712 16793 16783 16837 16936 16927 17092 17303 17270 17215 17254 17209 17202 17223 17310 17670 18167 18345 18306 17782
16150 16127 16097 16077 16056 16054 16051 16073 16114 16136 16078 16098 16118 16161 16145 16126 16089 16082 16105 16132 16163 16190 16256 16328 16349 16294 16316 16349 16481 16528 16605 16686 16733 16737 16763 16751 16762 16767 16763 16790 16832 16876 16966 17065 16961 16898 16844 16780 16740 16692 16656 16617 16574 16759 16926 17052 16831 16791 16848 16904 17195 17217 17138 17041 17161 17163 17193 17216 17212 17150 17167 17460 18138 18209 18143 18363 18294
