Alternative/Moon/Lvl0_30x30/Ele_DK.asc
ncols         335
nrows         335
xllcorner     13457491.657
yllcorner     -3377166.958
cellsize      10000
nodata_value  -9999.0
[rows 102 to 135 of 335, columns 154 to 230 of 335]
20441 20481 20610 20612 20773 21328 21919 22718 23900 25158 26836 27972 28253 28083 27290 26424 26061 25828 25769 26525 26864 27580 27456 27060 27004 27175 27133 27318 27496 27480 27052 27075 27069 27479 27683 27628 28113 29013 29679 30020 29518 29062 27710 27067 28005 27966 27389 26993 26883 27030 26900 26749 26726 26587 27000 27036 27095 27381 27692 27819 27783 28020 27818 27541 27854 27527 27560 27419 27431 27685 27824 28147 28364 28493 28286 28284 28342
20538 20432 20524 20531 20954 21782 21930 22803 23868 25094 26130 27013 27428 27833 27403 26698 26246 25934 26025 26663 26647 27267 26809 26452 26420 27232 27489 27417 27464 27138 26607 26732 27078 27699 28296 28740 28777 29200 29641 30137 30088 29246 28337 28267 28586 28532 27687 27193 27123 27109 26924 26856 26861 26679 27059 27153 27009 27252 27624 27518 27597 27639 27464 27818 27879 27775 27817 27356 27330 27616 27656 27984 27990 28037 28081 28137 28181
20503 20423 20973 21033 21356 22296 22397 23435 24718 25374 26120 27466 27599 27451 27504 27023 26996 26651 26554 27100 27170 26325 25604 25519 25918 26701 27387 27650 27618 27292 26966 27285 27681 28370 28543 28709 28850 29269 29694 29943 30186 29736 29312 28999 29144 28765 28092 27601 27211 26869 27123 27149 27054 26667 26746 27327 27303 27208 27512 27454 27535 27505 27422 27668 27806 27775 27822 27314 27404 27436 27346 27611 27754 27807 27797 28008 28051
20387 20853 21326 21584 21579 22494 22864 24195 24921 25499 26285 27289 27110 26790 26047 27042 27436 27733 27297 27242 27256 26254 25545 25536 25633 25773 26622 27079 27536 27948 28142 28099 28710 28884 28821 28975 29021 29491 29712 29859 29812 29267 29407 29903 30092 28991 27949 27650 27458 27012 27104 27172 26929 26755 26908 27429 27248 26674 26531 27288 27378 27293 27318 27422 27596 27396 27445 27250 27335 27186 27392 27498 27604 27793 27828 27881 27849
20474 21017 21440 21761 21880 22573 23689 24804 24861 24653 25381 25461 25013 24840 24874 25784 27240 28044 27761 27382 26851 26276 25562 25481 25584 25663 25997 26617 27682 28092 28332 28886 29134 29373 29574 29598 29085 29114 27918 28154 28116 27433 28179 29842 30217 29235 28091 27808 27564 27570 27118 26553 25935 26060 26459 26669 26359 25748 26529 27020 27238 27521 27679 27698 27442 27031 27279 27148 27086 27205 27417 27514 27546 27664 27714 27751 27733
20490 21025 21354 21808 21970 22792 24453 25232 24735 23546 23774 23205 22762 22709 23255 24769 26475 27964 27759 27169 26482 25846 25281 25279 25152 25349 25751 26886 27646 28261 28365 28967 29000 29461 29931 29665 28646 27282 26709 26846 26916 27443 27983 29136 30208 29431 28685 28543 28080 27643 26931 25652 25299 25236 25378 25520 25718 25861 26747 27355 27502 27616 27732 27646 27269 27268 27003 26828 26946 27134 26956 27098 27294 27643 27823 27700 28186
20591 21095 21394 21934 22355 23533 25416 25708 24256 22917 22179 21137 21258 21228 22049 23366 25422 27910 28019 27407 26505 25575 25142 25131 25222 25732 26515 27573 27674 28099 28729 28891 28588 29234 29210 27636 26436 25250 25452 25570 26637 27495 27665 27837 29339 29396 28756 28622 28376 27818 27147 25839 25265 25206 25279 26417 26879 27154 27763 27860 27955 27715 27581 27250 27229 26865 26721 26720 26764 26885 26974 27109 27406 27604 27908 28451 28795
20848 21273 22288 22765 22963 24414 25981 26194 24537 22879 21706 20854 20819 20742 21351 22199 24710 27569 28340 28133 26815 25978 25763 25327 25505 26312 27320 27555 27833 28418 28852 28936 28967 28663 27494 25966 25291 24056 24474 24856 25201 26073 26849 26956 28101 29034 28956 28537 28398 28149 27708 26754 26138 25497 25783 27152 27849 27799 27760 27642 27970 27861 27397 27288 26990 26636 26596 26744 26763 26802 27018 27215 27405 27512 27590 28449 28751
21461 21849 22818 23261 23680 24838 26358 26519 25548 23791 22568 20835 20733 20748 20814 21597 23899 27068 28320 28159 27481 27087 26719 26191 26273 27047 27497 27871 28340 28780 29169 29684 29408 27743 25733 25165 24575 23361 23570 23458 24147 24154 25107 26612 27282 28773 28928 28504 28339 28072 27705 27304 27289 26542 26790 27245 27900 27964 27396 27384 27833 27758 27311 27275 26637 26231 26542 26691 26730 26759 26982 27250 27312 27529 27522 27275 27242
22516 22958 23256 23845 24711 26091 27420 27792 26947 25582 23877 21789 21415 20947 21103 22948 24845 27332 28251 28439 28434 28180 27959 27485 27441 27814 27900 28645 28879 29007 29406 29904 29303 26494 24959 23938 23445 22417 22972 23349 23342 23244 24483 26018 26662 27751 28805 28856 28394 27862 27946 27562 27591 27440 27299 27196 27631 27617 27681 27449 27367 27207 27142 27065 26544 25921 25985 26561 26575 26692 26944 27254 27212 27669 28180 27940 27071
24023 23996 24111 25155 26420 27736 28320 28782 28478 27539 25491 23039 22814 22366 23386 25423 26941 28368 28527 28678 28763 28806 28948 28774 28561 28183 28182 28652 28938 28949 29436 29674 28246 25622 24239 22883 22280 21879 21872 22233 22095 22700 24237 25474 26128 27701 28701 28974 28873 28172 27807 27661 27399 27456 27462 27602 27602 27600 27681 27316 27067 27074 26759 26835 26537 26250 26267 26410 26440 26581 26690 26955 27239 27589 28563 28990 28772
25548 25421 25832 26883 27613 28208 28567 28872 29120 29116 27092 24459 23609 24808 26151 27377 27902 28625 28605 28738 28766 28919 28971 28700 28381 27479 26906 27282 27448 27683 28005 27803 26307 24234 23225 22066 21553 21840 22071 22593 22477 22959 23487 24415 25400 27526 28263 28501 28484 27713 26633 26468 26428 26883 27613 27873 27889 27860 27737 27226 27036 27162 26877 26417 26195 26361 26287 26212 26362 26519 26535 26786 26746 27576 28559 29448 29628
26703 26761 26942 26873 27597 28149 28368 28585 28991 29110 28227 26363 25648 26950 27803 28145 28058 28247 28493 28522 28427 28157 27849 27402 27055 25879 25339 25960 26376 27123 27193 26466 25021 24242 23097 21831 21487 21872 22016 22449 22298 22848 23353 24024 25310 26945 28082 27639 27362 27068 25689 25354 25274 25700 26682 27477 27780 27888 27992 27940 27566 27152 26944 26304 26156 26357 26261 26120 26217 26351 26447 26618 26787 27348 28542 29234 29290
27207 27168 26895 26996 27403 27726 27742 27600 27766 28181 28304 28156 27885 28087 28244 28139 28039 27909 28045 27914 27645 27377 27013 25900 25293 24585 24459 25063 25781 26575 26543 26175 25278 24121 23020 21745 21341 21470 21539 21855 22059 22374 22980 24002 25176 26611 27680 27717 27411 26263 24713 24233 24190 24547 25326 26393 27291 27693 27255 27962 27923 27473 26986 26812 26654 26327 26258 26178 26240 26208 26231 26515 26906 27157 28376 28612 28282
26592 26377 26056 26374 26783 27051 26985 26535 26438 26992 27617 27868 28026 28184 27928 27996 27879 27768 27488 26928 26573 26062 25489 24599 24112 23729 23572 24134 24648 25847 26076 25913 25415 24131 22865 22037 21316 21357 21532 21526 21586 22083 22881 24579 25612 26560 27561 27864 27244 25444 24230 23758 23699 24105 24810 26184 26593 25616 24227 26182 27839 27428 26916 26797 26735 26516 26368 26379 26381 26375 26281 26577 26959 26979 27868 28033 27727
25865 25638 25250 25220 25592 25660 25612 25432 25146 25519 25927 26587 27311 27893 28026 28382 28292 27397 26630 26050 25469 24745 24199 23286 22887 22878 22913 23273 23851 24900 25448 25423 25238 24438 23344 22782 22174 21696 21856 22074 22090 22289 23670 25618 26296 27753 28158 27857 26551 25045 24073 23559 23519 23751 24633 25801 26264 25653 24546 26062 27441 27418 26905 26653 26595 26498 26668 26682 26584 26528 26492 26638 26669 26674 27194 27313 26557
25901 25488 24988 24605 24666 24614 24679 24716 24583 24563 24954 25611 26412 27332 28195 28470 28318 27375 26065 24887 24419 23597 22815 22447 22189 22550 22510 23179 23628 24035 24953 25056 24843 24452 24093 23441 23447 22987 22785 23468 23646 24085 24957 26641 27290 28589 28330 27268 25863 24551 24069 23549 23561 23709 24237 25599 27157 27648 27465 27874 27929 27486 27134 26829 26747 26814 26786 26870 26852 26759 26525 26671 26717 26794 27489 27033 25459
25718 25198 24622 24230 24215 23904 24275 24457 24507 24568 24456 24883 25805 27270 28258 28290 27978 26713 24787 23780 23189 22420 21898 21821 21766 22079 22350 22883 23370 23693 23773 24593 24740 24852 24461 24398 24560 24381 24719 25194 25709 25986 27020 28034 29023 28852 27872 26373 25305 24443 23761 23673 23774 23660 24290 25863 27406 28303 28296 28096 27993 27585 27221 27061 27086 27060 26779 26215 26146 26072 26134 26791 26888 27272 27644 27506 26123
25428 24899 24252 23951 23850 23763 24275 24098 22663 23664 24382 24839 25988 27344 27707 27296 27159 25547 24208 22988 22318 21705 21469 21441 21525 21632 21963 22559 23171 23358 23524 24148 24982 25533 25465 25150 25252 25816 25886 26286 27169 27612 28422 29063 29306 28782 27408 25915 25071 24224 23816 23594 23551 23900 24570 26380 27244 27335 27485 27672 27745 27619 27600 27610 27629 26971 25401 24724 24588 24333 25092 26389 27184 27481 27484 27591 27518
24965 24465 23999 23840 23830 23745 24304 24103 22620 23269 24212 24865 26306 27392 27437 26789 26487 24956 23746 22503 21821 21474 21345 21329 21355 21477 21619 22368 22859 23072 23313 23603 24254 24983 25423 25415 25573 25997 26686 27369 28349 28649 28934 28843 28937 28789 27865 26235 25442 24856 24239 24183 24179 24581 25529 26975 27202 26617 27200 27182 26996 27132 27833 27929 27738 26360 24592 23771 23739 23504 24342 25786 26952 27305 27264 27408 27487
24649 24136 23894 23765 23834 23978 24264 24622 24563 24390 24273 25141 26379 27251 27221 26662 26284 24935 23349 22264 21729 21350 21335 21328 21228 21357 21476 22166 22378 22897 23116 23200 23468 23969 24588 25110 25432 25833 26631 27571 28281 28648 28278 28861 28842 28618 27878 26971 25858 25236 25016 25231 25280 25591 26441 27448 27457 26920 27686 27616 27295 27417 28125 27988 27257 25378 23943 23480 23431 23375 23968 25123 26462 27111 27147 27226 27269
25111 24328 24141 24219 24463 24652 24790 24521 24564 24487 24211 25151 26358 27187 26803 26172 25864 24828 23060 22085 21560 21350 21352 21282 21204 21382 21656 21905 22766 23220 23308 22789 23385 23550 23954 24425 25174 25914 26344 27057 26898 28171 28575 28724 28282 28316 28845 28169 27236 26439 26235 26673 27047 27771 27640 27517 27330 27657 28109 28036 27854 27603 28107 27879 26316 24595 23562 23406 23379 23328 23568 24525 25848 27226 27195 27187 27081
25840 25320 25231 25325 25420 25420 25197 25191 24706 24596 24574 25804 27106 27815 27423 25705 24971 24211 22497 21651 21505 21451 21310 21312 21322 21251 21626 22752 23266 23405 23123 22541 22634 23135 23332 24122 24677 25303 25497 25868 26401 27660 28329 28449 28209 28954 29305 29232 28867 28157 27931 28792 29190 29227 28784 28178 28286 28449 28291 27829 27746 27642 27640 27554 26738 24583 23486 23414 23518 23328 23387 24364 25741 26984 27051 26931 26965
26678 26791 26771 26807 26468 25722 25837 25600 25254 25039 25391 26525 27564 28107 27408 25481 24531 23340 22081 21636 21417 21350 21261 21263 21213 21192 21319 22617 23290 23390 22568 22190 22143 22344 22568 22986 23228 24071 24899 25219 25880 27237 28210 28403 28519 28969 29115 29319 29274 29222 29320 29418 29328 29379 29007 28743 28654 28615 28116 27365 27536 27638 27533 27672 27412 25422 23791 23649 23530 23441 24052 25385 26624 27065 27044 27009 26924
27120 27386 27581 27341 26460 26018 26459 26364 26027 25830 26351 27142 27577 28079 27159 24882 23744 22416 21843 21484 21365 21320 21171 21207 21178 21195 21176 22009 22852 23246 22301 21821 21908 21992 22161 22325 22559 23335 24141 24796 25786 27695 28547 28556 28365 28633 29111 29437 29326 29232 29356 29392 29242 29092 28833 28657 28602 28536 27809 27363 27553 27530 27433 27671 27554 26388 24931 24269 23983 24305 25222 26644 27497 27413 27069 26877 26765
27162 27309 27441 27139 26298 26297 27191 27395 27437 27162 27599 27725 27627 27911 27594 25503 23864 22050 21598 21412 21284 21249 21188 21193 21183 21225 21211 21755 22712 22995 22045 21634 21644 21657 21776 22023 22150 22583 23376 24584 25869 27938 29160 29054 28764 28716 29085 29399 29653 29538 29548 29406 29344 29090 28887 28680 28487 28393 28003 27749 27581 27462 27114 27187 27121 26779 26289 25983 25789 26134 26737 27335 27526 27219 26856 26648 26834
26596 26963 27022 26849 26197 26520 27508 27625 27775 27306 27751 27810 27729 28325 28210 26236 24658 22711 21655 21579 21438 21244 21207 21205 21181 21150 21253 21684 22414 22765 22068 21639 21561 21546 21599 21673 21781 22507 23599 24926 26005 28375 29453 29353 29045 28957 29140 29287 29508 29619 29687 29563 29009 28873 29102 28772 28507 28626 28644 28294 27778 27194 26951 26575 26547 26647 26449 26655 26833 26821 26891 27082 27122 27194 27075 26901 27220
25738 26304 26956 26984 26669 27296 27803 27762 27356 27023 26519 27044 27782 28329 28173 26208 25048 23381 21800 21503 21429 21266 21210 21199 21172 21159 21277 21518 21518 21708 21558 21634 21726 21746 21662 21716 22239 23025 24511 25324 26394 28805 29586 29904 29938 29681 29651 29433 29452 29707 29840 29500 27642 27711 28791 28251 28265 28824 28895 28830 28175 27505 26569 26617 26625 26693 26687 26515 26746 26729 26811 27066 27066 27172 27121 27758 27839
25059 26190 26940 27280 27244 27826 28243 27606 27431 27125 26116 26283 27013 27692 27680 27400 26258 23925 22093 21533 21329 21229 21171 21184 21187 21171 21249 21476 21467 21417 21418 21594 21673 21705 21668 21876 22831 24083 25347 25682 27073 29315 29956 30435 30588 30533 30131 29878 29664 29704 29897 29906 29249 28419 28268 27472 27445 28253 29025 28906 28466 27525 27010 26647 26566 26733 26730 26612 26598 26728 26999 27328 27125 25783 26575 27742 27704
24035 25523 26640 27497 27412 27735 28168 28003 27957 27881 26645 26136 26894 27531 27762 28130 27400 25337 23108 22026 21668 21406 21456 21330 21257 21236 21260 21223 21485 21646 21632 21614 21699 21696 21805 22779 24077 25404 25477 25953 27524 29858 30563 30742 30888 30875 30585 30251 30089 29721 29678 29791 29661 28918 27460 26730 26584 27373 28716 28935 28720 27790 27044 26824 26735 26771 26890 26889 26669 26789 27025 27352 27195 25412 26879 26654 25386
23300 24949 26268 27001 26869 27751 27782 27952 28112 28032 27047 26717 26772 27058 27690 28351 27987 26227 24712 23412 22784 22033 21757 21528 21521 21361 21314 21295 21428 22000 22290 21980 21806 22161 22874 24057 25123 25308 25831 27121 28003 29542 30383 30540 30109 30406 30464 30681 30469 30104 29693 29449 29190 28420 27284 26769 26756 27362 28520 28996 28809 28338 27613 27308 26998 27047 27196 26870 26666 27268 27367 27370 27283 26848 27999 27453 25184
23172 24415 25988 27183 27218 27668 27515 27526 27872 28050 27778 27571 27163 26963 27453 28174 27876 26967 25704 24668 24175 23467 22546 22270 21954 21849 21827 22092 22228 22645 22844 23000 22713 23250 24256 25077 25715 26108 27275 28233 28572 29197 29637 29377 28941 29195 30063 30696 30455 29985 29890 29534 29339 28313 27965 27627 27533 28074 28569 28705 28753 28808 28258 28006 27778 27683 27763 27700 27809 27962 27851 27466 27433 27573 28025 28068 27218
23297 24204 25407 26935 27209 26843 27240 27136 27460 27960 27791 27574 27283 26780 27290 27691 27677 27237 26581 25583 25093 24360 23420 23042 22490 22224 22304 22398 22268 23082 23847 24097 23896 24185 25099 25837 26337 26945 28481 29076 29050 28631 28745 28283 28173 28859 29854 30355 30358 30045 29955 29613 29413 28753 28921 28288 28324 28282 28619 29130 29233 29267 28952 28554 28324 28230 28252 28424 28551 28270 27543 26301 27141 27655 27778 28028 27975
23830 24499 25640 26863 27000 26498 26487 26656 27020 27447 27339 27047 27011 26913 26676 27080 27312 27718 27783 27138 26703 25936 24831 23947 23345 22646 22398 22499 22941 23707 24245 24428 24835 25920 26787 27142 27706 28439 29216 29911 29643 28925 28333 27846 28100 29015 30245 30422 30899 30717 30140 29504 29298 29504 29288 29028 28915 28651 28989 29311 29530 29525 29548 29286 28910 28707 28856 29041 28761 26995 25093 24481 25156 25783 27073 27756 27756
