Alternative/Moon/Lvl0_30x30/Ele_BA.asc
ncols         335
nrows         335
xllcorner     -20042508.343
yllcorner     3322833.042
cellsize      10000
nodata_value  -9999.0
[rows 68 to 101 of 335, columns 77 to 153 of 335]
24643 24663 24755 24854 25050 25080 25391 25510 25397 25461 25352 24933 24805 25066 25349 25332 25610 25550 25374 25173 25219 25060 24847 24812 24725 24969 24998 24948 24905 24352 23328 22591 22776 23469 24602 25516 25829 25873 25843 25825 25724 25708 25759 25793 25823 25838 25351 24573 24484 24219 23830 23748 23824 23909 23690 23456 23421 23516 23696 23627 24092 24577 24746 24839 25050 25458 25761 25871 26269 26355 26285 25939 25467 25158 25439 25471 25354
24311 24354 24472 24673 24949 25227 25495 25478 25275 25165 25456 25324 25079 25078 25111 24923 25406 25468 25354 25150 25092 24953 24674 24442 24456 24371 24223 24232 24425 24323 23871 24169 24307 24880 25518 25704 25554 24809 23893 23382 23068 23150 23701 24441 25143 25756 25685 25575 25007 24499 24271 24143 23964 23942 23743 23726 24103 24099 24017 24208 24490 24566 24797 24910 25099 25637 26043 26105 25654 25883 25850 25358 25050 24963 25020 24984 25051
24216 24275 24464 24562 24823 24999 25031 25143 25530 25535 25517 25260 25041 24988 24795 24513 24722 25110 25141 25122 24697 24525 24541 24230 23895 23964 23835 23663 23705 23752 23835 24161 24593 25351 25573 25329 23824 22165 21315 20598 20042 20077 20805 21588 22738 24306 25439 25772 25483 25033 24762 24533 24506 24446 23966 23719 24118 24063 23998 24317 24868 24706 24206 23503 23352 24374 25661 26263 26069 25544 25377 25037 24955 24970 25186 25249 25317
24241 24306 24392 24635 24808 25003 25124 25178 25472 25621 25650 25510 25621 25482 24549 23870 23849 24403 24894 24948 24513 23706 23086 22750 23078 23504 23630 23821 23736 23602 23713 24224 24881 25390 25504 24483 22528 20552 19461 19067 18881 18651 18958 19701 21154 23071 24592 25893 25948 25570 25312 25058 24739 24558 24229 23764 23923 23988 23928 24334 24577 24016 23142 22257 22190 23309 24648 26145 26164 25441 25185 25086 25065 25133 25334 25502 25699
24354 24394 24427 24675 24880 25102 25335 25671 25770 25784 25769 25780 25840 25844 25503 25143 25118 25417 25449 24791 23638 22665 22431 22436 22651 23308 23513 23506 23575 23722 23856 24336 24824 25428 25510 24053 21964 19979 18990 18829 18741 18856 19236 19813 20926 22706 24395 26050 26156 25868 25625 25381 24954 24534 24443 24034 23929 24049 24089 24712 24805 24241 23682 22936 22983 23900 24890 26038 26077 25502 25228 25172 25146 25231 25467 25666 25750
24444 24493 24506 24664 24936 24972 25292 25677 25923 25868 25868 25964 25816 25627 25595 25561 25536 25455 25458 25248 24423 23364 22776 22707 22789 23102 23399 23409 23681 23956 24330 24662 24824 25109 25200 24591 23023 21210 20043 19014 18739 19340 19994 20914 22014 23635 25012 26202 26223 26052 25872 25582 25170 24852 24817 24487 24254 24305 24545 25025 25327 25443 25387 24970 25282 25648 25778 25878 25846 25576 25526 25479 25404 25304 25389 25533 25537
24855 24745 24664 24813 25043 25441 25628 25870 26023 26010 25983 25912 26003 26104 25914 25327 25372 25439 25440 25319 24934 24247 23891 23794 23794 23690 23690 23725 24202 24471 24598 24814 24889 24805 24825 24799 24135 23075 22126 21198 20834 21469 22177 23298 24317 25403 25802 26085 26143 26161 26009 25757 25567 25449 25137 24447 24195 24422 24790 24934 25109 25226 25276 25362 25482 25590 25641 25656 25665 25611 25543 25536 25384 25065 24864 24689 24688
25001 24986 24953 25252 25539 25734 25882 26051 26344 26686 26739 26710 26771 26303 26057 26058 26071 25859 25702 25369 24955 24472 24516 24154 24023 23865 23829 23972 24247 24412 24177 23471 23690 24150 24148 24080 24129 23848 23601 23413 23664 23955 24360 24927 25322 25589 25604 25617 25934 25927 25366 25227 25527 25408 25160 24765 24828 25115 25055 25024 25078 25136 25094 25083 25134 25257 25317 25404 25383 25467 25563 25397 24798 24694 24559 23891 23773
25226 25530 25745 25709 25695 25761 26051 26263 26714 26821 26693 26588 26744 26624 26097 26051 26158 26081 25834 24918 23916 24700 25237 25129 24763 24207 23706 24012 24364 24540 24518 24140 24098 23799 23660 23356 23384 23471 23479 23538 23760 24093 24355 24763 24854 24910 25025 25652 25903 25289 23904 23228 24726 24852 24609 24552 24860 25103 25037 25051 25129 25155 25069 25200 25208 25144 25152 25206 24816 24793 24651 23719 22850 22635 23488 24649 24702
25536 25688 25742 25841 26057 26248 26327 26587 26813 26933 26423 26068 26762 26820 26533 26615 25993 26135 26113 25173 24452 24663 24986 25112 25077 24678 24388 24493 24861 25091 25220 25228 24735 24054 23714 23363 22951 22807 22724 22783 23021 23147 23476 23783 24119 24482 24864 25404 25592 25447 24549 23519 23267 23599 23612 23530 23954 24504 24807 24998 25345 25400 25358 25394 25248 25164 24947 24775 24476 24565 24486 23510 22780 23411 24718 25484 25472
25669 25783 26074 26411 26612 26975 26874 26473 26767 26980 26962 26906 26910 26873 26934 26841 26042 25592 25394 24884 24641 23529 22873 22966 23239 23874 24460 24732 24941 25311 25434 25399 25105 24478 24134 23430 22909 22562 22408 22457 22664 22936 23161 23511 23880 24640 24699 24655 24823 24758 24201 23502 23352 23310 23224 23202 23377 23770 24307 25011 25606 25384 24745 24703 24963 25019 24945 24853 24937 24865 24881 24633 24469 24509 25102 25392 25261
25556 25521 26005 26458 26588 26900 26815 26505 26639 26693 26700 26759 26823 26911 26895 26275 26509 26322 25277 25860 25899 25220 24459 24099 24206 24393 24401 23753 23393 23603 24282 25144 25149 24614 24031 22870 22272 22256 22299 22558 22795 23113 23281 23714 24382 25218 25584 25403 24937 24876 24391 23661 23313 23200 23223 23226 23420 23865 24294 25285 25511 25308 25002 24935 25176 25335 25366 25151 25403 25441 25235 24647 24259 24215 24419 24750 24819
24980 25056 25285 25535 25745 25841 25872 25923 25827 25880 26064 26409 26623 26506 26002 26358 26550 26335 25523 25903 26005 26191 26054 25962 26261 26258 26130 25129 23971 23454 23531 24359 24594 24481 23884 23217 22709 22454 22631 23014 23491 23763 23905 24389 25044 25481 25589 25354 25403 25362 25036 24394 23756 23384 23293 23554 23734 24205 24821 25514 25593 25416 24873 24767 24789 25129 25145 25051 25144 25234 25227 25155 24785 24694 24986 25117 25047
24176 24194 24022 24206 24340 24335 24497 24489 24468 24524 24686 24938 25077 24845 24633 24977 25129 25135 24918 24983 25878 26151 26138 26108 26228 26244 26269 26213 26183 25870 25497 25438 25363 24667 24204 24067 23750 23336 23280 23603 24503 24732 24827 25069 25263 25452 25511 25432 25439 25417 25217 24965 24637 24283 24192 24450 24652 25144 25631 25787 25818 25731 25480 25323 24629 24462 24827 24992 24886 25063 25267 25237 25287 25305 25186 25130 24974
22486 21507 21133 21741 22650 23278 23268 23172 23039 23108 23385 23644 23986 24475 24660 24586 23929 24280 24337 24572 25556 25762 25763 25621 25516 25812 26153 26366 26362 26297 26246 25830 25842 25724 25590 25480 24892 24672 24609 24641 24891 25104 25574 25900 26005 26078 26048 25862 25674 25532 25615 25601 25551 25158 25494 25689 25688 25934 26048 26021 25997 26001 25838 25530 25261 25011 24763 24783 24755 24868 25045 25329 25347 25367 25321 25134 24727
20233 18964 18349 19058 20669 21731 22292 22000 21664 21871 22152 22542 22913 22864 22961 23481 23746 24155 24222 24276 24279 24335 24467 25142 25787 26201 26370 26457 26427 26393 26176 25831 25685 25648 25604 25493 24982 24877 24779 24763 25312 25729 25843 25924 25987 26298 26356 26415 26391 25976 25962 25878 25799 25940 26350 26510 26256 25969 25996 26273 26269 26163 26056 25722 25379 24979 24911 24810 24922 25045 25200 25407 25484 24999 24419 24431 24464
18851 17629 17589 17616 19293 20607 21351 21053 20672 20955 21213 21606 21808 21351 21400 22374 22683 22970 23266 23323 23197 23608 24240 25224 26069 26259 26505 26658 26710 26577 26275 25926 25728 25711 25672 25462 25037 24678 24599 24892 25411 25460 24674 23815 23484 24265 25208 26273 26534 26383 26265 26238 26463 26776 27143 27144 27021 26330 26415 26834 26835 26506 26450 25978 25629 25401 25282 25016 24851 24911 24884 25309 25498 25258 24936 24711 24165
19797 18794 18461 18854 19721 20327 20450 20008 19710 19782 20021 20363 20776 21106 21431 21689 21756 21985 22279 22405 22283 23136 24232 25192 25879 26274 26578 26670 26723 26713 26709 26524 26685 26682 26326 25736 25058 24632 24590 25141 25135 23800 22212 20823 20481 21864 23134 24904 26661 26733 26492 26670 26889 27140 27268 27334 27225 26614 26722 27003 26978 26808 26644 26135 26116 25730 25317 25073 24903 24794 24711 25012 25058 25028 24742 24388 23701
19804 19587 19618 19682 19708 19703 19343 19029 18870 18986 19185 19550 19786 19852 20204 20552 20621 21062 21502 21941 22210 22572 23658 24687 25382 26149 26620 26726 26514 26406 26283 26108 26602 26956 26928 26142 25079 25065 24885 25129 25218 23805 22217 21091 20776 22026 23349 25141 26712 26789 26654 26798 26937 26984 26792 26485 26101 25584 25692 25932 25753 25968 26080 25968 25926 25792 25681 25371 25084 24904 24789 24865 24961 24992 24834 24247 23432
18680 18728 18814 18815 18713 18557 18423 18370 18390 18513 18611 18730 18640 19022 19350 19493 19782 20294 20790 21638 22234 22660 23254 23980 25058 26171 26668 27184 26918 25600 24664 24284 25163 26527 27103 26935 26128 25739 25345 25152 25560 25587 24785 23966 23638 24685 25645 26735 26765 26744 26696 26534 26096 25350 24686 24158 23733 23449 23508 23585 23339 23405 24073 24526 25049 25718 25734 25856 25621 25217 24603 24599 24883 24947 24789 24199 23363
18172 18170 18176 18196 18135 18158 18177 18085 18151 18246 18275 18335 18412 18565 18617 18915 19229 19835 20336 21009 21450 22015 22637 23541 24774 26033 26438 27171 27177 26521 25537 24996 25897 27112 27405 26964 26237 25905 25581 25211 25486 25873 26052 26159 26132 26588 26836 26864 26769 26712 26425 25559 24309 23189 22695 22213 22068 22145 22251 22256 22137 22155 22598 23207 23866 24784 25602 26025 25836 25292 24957 24602 24972 25038 24755 24250 23547
18070 18072 18080 18094 18108 18087 18057 18057 18128 18140 18096 18106 18147 18163 18268 18585 18878 19358 19792 20319 21153 21790 22397 23058 24455 25599 26241 27142 27640 27530 27138 27011 27138 27538 27553 26886 26511 26261 26173 26060 25811 25820 25912 26193 26453 26606 26651 26465 26480 25730 24562 23420 22193 21151 20890 20781 20910 21187 21422 21393 21093 21328 21702 22359 23079 24142 25032 25482 25420 25534 25508 25263 24898 24984 24661 24134 23771
18158 18124 18191 18305 18262 18271 18267 18124 18113 18072 18048 18051 18048 18134 18209 18196 18646 19346 19740 20221 20871 21577 22183 22925 24186 25326 26368 27462 27484 27081 26778 26992 27110 26800 27205 27097 26855 26738 26418 25750 25168 25150 25644 25932 26055 26308 26369 26271 25382 24236 22901 21832 20864 20264 20112 20008 20077 20577 20632 20555 20582 20842 21142 21791 22391 23157 24300 25371 25687 25711 25521 25208 24727 24377 24014 23781 23679
18252 18194 18337 18519 17446 17529 18370 18195 18106 18160 18174 18127 18142 18155 18268 18367 18807 19308 19674 20275 21012 21677 22215 22902 23855 25182 26299 26816 26454 26665 26593 26048 25937 25870 26388 26707 26679 26571 25490 23776 22721 22768 23404 24535 24758 24796 24774 24336 23350 22428 21554 20715 20159 20058 20041 20316 20666 20806 20877 20807 20667 20925 21215 21557 22064 22949 24122 25291 25477 25451 25353 24854 24151 23980 23813 23723 23755
18500 18403 18414 18636 18678 18615 18472 18198 18138 18104 18038 18074 18155 18180 18311 18550 18865 19116 19639 20289 21106 21524 21532 21795 23194 24906 25878 26649 26893 26748 26583 25950 25520 25100 25268 25729 25650 25160 24802 23330 22157 22065 22719 23742 24030 24099 24057 23333 22353 21688 21063 20361 20059 20035 20028 20376 20712 20860 20903 20819 20856 21060 21212 21532 22015 22840 23821 24733 25348 25523 25427 24856 24391 24118 23988 23712 23617
18927 19125 19150 18928 18753 18535 18389 18401 18234 18230 18064 17990 18069 18168 18177 18352 18630 18964 19418 20249 21287 21406 20718 20878 22455 24343 25406 26666 26894 26723 26330 25799 24791 24182 24400 24361 24730 25034 24895 23881 23342 23223 23298 23396 23514 23456 23274 22635 21889 21113 20501 20100 20061 20049 20044 20137 20479 20733 20763 20714 20874 20988 21280 21560 21856 22681 23793 24896 25929 25950 25613 24881 24520 24230 24075 24025 23978
18904 18978 19365 19567 19466 19046 18635 18482 18456 18389 18346 18176 18073 18234 18376 18570 18534 18925 19422 20045 21081 21628 21876 22251 23359 24595 25493 26221 26219 25822 25302 24725 23771 23453 23605 23714 23775 23805 23699 23144 23212 23166 22984 22914 23202 23249 22932 22937 22438 21537 20848 20331 20124 20084 20055 20128 20179 20225 20345 20534 20821 21058 21283 21667 22349 23137 24529 25660 25983 25898 25510 24974 24580 24387 24442 24438 24436
17824 17579 18602 19596 19707 19529 18988 18741 18700 18617 18533 18358 18412 18310 18210 18316 18587 19198 19650 20042 20710 21385 21772 22712 23566 24392 24846 25020 24946 24857 24393 23722 23634 23502 23271 23097 23082 23348 23494 23528 23439 23226 22887 22619 22673 22712 22800 22983 22810 22296 21803 21390 20879 20406 20364 20316 20425 20459 20479 20597 20831 21170 21548 22519 23701 24652 25673 25952 25819 25512 25287 24962 24663 24426 24555 24690 24699
16986 17133 17765 19061 19899 19879 19292 18934 18732 18599 18520 18322 18512 18680 18504 18895 19218 19311 19598 19764 20179 21022 21761 22708 23504 24315 24595 24533 24296 24311 24199 23866 23774 23494 23211 22884 22771 23190 23556 24103 24304 24221 23755 23209 22915 22859 22786 22923 22899 22613 22345 21992 21498 21168 20602 20160 20328 20914 20903 21079 21399 21746 22354 23777 24994 25785 26203 25877 25398 25156 24878 24670 24435 24444 24583 24634 24595
17807 17912 18135 19052 20145 20229 19782 19234 18992 18787 18499 18469 18812 19017 18977 19603 19942 20080 20005 19832 20222 21106 21849 22695 23559 24248 24520 24507 24224 24258 24283 24156 23833 23326 22971 22899 22752 23003 23331 23939 24278 24301 24040 23742 23436 23104 22985 22840 22794 22573 22541 22623 22483 22192 21773 21214 21627 22100 22234 22443 22391 22835 23521 24864 25465 25925 26192 25771 25217 24910 24840 24589 24489 24495 24463 24399 24578
18611 18693 19210 19878 20607 20621 20235 19844 19556 19418 19241 19161 19335 19530 19713 19945 20246 20636 20864 20989 20831 21767 22507 23281 23962 24740 24878 24508 24650 24542 24460 24185 23838 23545 23116 22859 22651 22692 22981 23421 23727 23766 23764 23553 23281 22882 22399 22467 22223 22148 22303 22700 22892 22626 22152 22034 22987 23247 23453 23878 24025 24645 25090 25619 25661 25967 25838 25345 25001 24850 24715 24633 24596 24694 24794 25033 25134
18220 18466 19414 20648 21213 20987 20601 20296 20168 20145 20085 19813 19694 19717 20034 20451 20465 21069 21338 21686 22118 22669 23280 24173 25020 25605 25521 25449 25141 24691 24502 23712 22864 22938 22940 22573 22492 22704 22937 23223 23615 24007 24167 24073 23822 23382 23046 22621 22352 22118 22152 22289 22344 22184 22078 22503 23495 23908 24237 24771 24958 25184 25418 25747 25721 25611 25416 25025 24899 24904 24844 24519 24690 24964 25051 25355 25470
18355 18163 18934 20568 21212 20919 20503 20247 20349 20398 20299 19815 19793 19931 20337 20966 21349 21935 22117 22654 23233 23873 24483 25151 25827 26309 26284 26020 25570 24755 24465 23930 23421 23197 22912 22551 22618 22686 22695 23066 23582 24163 24481 24407 24089 23928 23778 23424 23108 22557 22396 22269 22213 22861 23139 23299 23616 23952 24561 25139 25443 25368 25526 25604 25527 25333 25304 25219 25123 25197 25114 24886 24980 25140 25183 25391 25727
20527 20083 20576 21605 21761 21154 20699 20973 21059 20814 20611 20300 20444 20858 21269 22051 22832 23393 23950 24543 25034 25376 25838 26634 27215 27228 26961 26456 25746 25082 24704 24000 23645 23213 22865 22558 22518 22818 22821 23031 23432 23948 24164 24028 23898 23924 24070 24023 23740 23456 23226 22902 22793 23165 23623 23916 24257 24315 24753 25436 25481 25507 25647 25752 25658 25633 25584 25487 25695 25769 25654 25463 25325 25295 25298 25774 25866
