Alternative/Moon/Lvl0_30x30/Ele_EC.asc
ncols         335
nrows         335
xllcorner     -13342508.343
yllcorner     -6727166.958
cellsize      10000
nodata_value  -9999.0
[rows 136 to 169 of 335, columns 231 to 307 of 335]
23753 23926 24394 24566 24522 23904 23375 23037 22788 22976 23222 23424 23531 23427 23247 23766 23823 23783 22871 22491 20875 19986 20072 20489 20537 20405 20074 21095 22303 22739 23462 23821 24091 24658 24370 24016 23620 24214 24654 24683 24025 23498 23726 23676 23511 23426 23487 23412 22779 22478 22758 22779 22947 23137 23180 23154 23532 23566 23698 24221 24536 24419 24259 23939 23678 23733 23890 24224 24195 23454 23397 23649 23666 23641 23641 23211 23384
23825 23888 24265 24421 24387 23314 22870 22549 22915 23231 23343 23629 23620 23294 23538 23857 23854 23847 23133 22746 21246 19832 20236 20736 20934 20985 20537 20919 22049 23087 23751 23934 24373 24552 24337 24099 23727 24068 24482 24402 23585 23575 23594 23686 23633 23256 23141 23150 22770 22582 22784 23180 23351 23425 23192 23435 24054 24193 24578 24909 25108 24861 24470 24070 23740 23823 24284 24587 24679 24404 23945 23770 24032 24010 24232 24212 23910
23048 23319 23967 24024 23972 23242 22343 22694 23165 23475 23355 23740 23689 23427 23529 23812 23736 23629 23368 22880 21198 20046 20155 20649 20917 21005 21707 21916 22465 23542 23798 23984 24139 24568 24063 24334 24309 24011 24070 23690 23719 23795 23759 23884 23792 23633 23393 23015 22864 22680 22887 23237 23648 23681 23872 24533 24393 24377 24890 25209 25173 24842 24755 24701 23713 23595 24347 24962 25149 25204 25018 25083 25070 24849 24520 24652 24449
22906 23307 23551 23916 23912 23158 22562 22785 23209 23485 23621 23741 23670 23295 23608 23865 23901 23127 23185 22359 20514 20225 20264 20815 20834 20809 21567 22161 22394 23499 23706 23995 24023 24158 24017 24354 24334 24074 23584 23437 23707 23800 23762 23809 23801 23720 23393 22920 22795 22813 23079 23159 23563 24189 24636 24623 24697 24923 24849 25080 25165 24761 24857 24867 24252 23940 24122 24864 25101 25194 25418 25464 25186 25038 24794 24901 24707
22917 23240 23342 23464 23303 23227 22802 23025 23247 23409 23709 23774 23630 23394 23751 23815 23915 23005 22895 22101 20786 20841 21313 21486 21205 21390 22000 22719 22842 23213 23555 23871 23907 23918 24431 24503 24260 24164 23115 23458 23518 23456 23526 23673 23656 23232 23071 22988 22855 22933 23261 23221 23614 24257 24582 24817 24869 24944 24922 24923 24750 24510 24486 24542 24463 23976 23767 24239 24868 25000 25067 24658 24379 24383 24570 24702 24626
22950 23050 22900 22404 22615 23026 22919 23060 23308 23316 23649 23738 23635 23404 23712 23642 23301 22954 22907 22473 21580 20998 21634 21787 21550 22239 22407 22726 22875 23210 23499 23686 23681 23886 24409 24428 24102 23513 23373 23645 23647 23381 23366 23052 22908 22928 22978 22860 22840 22868 23135 23232 23363 24032 24722 24964 25012 24934 24995 24927 24718 24665 24639 24430 24501 24280 23474 23694 23861 23885 23736 23692 24012 24314 24566 24568 24613
23047 23060 23352 23578 23633 23103 23111 23016 23186 23181 23220 23347 23240 23311 23427 23280 22935 23627 23670 23171 22229 21346 21578 21720 21651 22213 22446 22591 22717 23158 23568 23677 23496 23576 23636 23434 23246 23424 23355 23690 23723 23568 23417 23016 22924 22865 22913 22778 22852 22877 23126 23291 23334 24031 24547 24667 24737 24729 24654 24453 24594 24702 24553 24416 24224 24108 23792 24266 24705 24142 23189 22962 23531 24362 24703 24734 24593
24039 23953 23898 23757 23789 23098 23065 22750 22422 22201 22702 23003 23226 23281 23155 23364 23418 23679 23720 23345 22713 21691 21332 21323 21253 21680 21957 22450 22695 23060 23462 23215 23316 23382 23404 23604 23794 23798 23486 23400 23502 23438 23293 22985 22875 22824 22965 22833 22766 23128 23204 23335 23267 23105 23860 24292 24626 24614 24431 24352 24514 24884 25032 24386 23923 23724 24173 24682 24857 23971 23749 23350 23098 24160 24661 24758 24691
24156 24258 24159 23737 23656 23518 23140 22642 21945 22422 23114 23392 23443 23314 23149 23121 23372 23343 23352 23104 22689 21926 21253 21379 21453 21574 21778 22468 22804 23157 23200 22918 22932 23021 23407 23846 24027 23913 23258 23241 23371 23354 23126 23057 22877 23062 23134 23025 22913 23409 23482 23480 23590 23709 23548 23355 23925 24178 23795 24087 24388 24673 24840 24536 23715 23889 24080 24222 24282 23737 23664 23254 23089 23722 24249 24681 24719
23925 24229 24006 23725 24137 24268 24125 23587 23048 23099 23181 23397 23604 23456 23186 22827 22929 23070 22897 22836 22604 21790 21124 21319 21690 21824 21864 22299 22875 23138 22977 22683 22643 22879 23196 23397 23761 23594 23228 23182 23150 23060 22959 22816 22857 23148 23222 23009 23147 23475 23548 23492 23858 23950 23547 23160 23981 24172 24106 24134 23981 24185 24237 24071 23409 23868 24175 24183 24152 23970 23613 23128 23035 23318 23675 24492 24495
23658 23647 23408 23371 24150 24468 24558 24228 24114 23958 23743 23408 23418 23383 22909 22665 22581 22702 22690 22239 22104 21515 21116 21406 21577 21794 21971 22444 22642 23077 22783 22657 22722 22521 22330 22861 23312 23285 23173 23184 23216 23102 22972 22975 23007 23195 23211 23058 23216 23500 23429 23448 23766 23838 23731 23246 23829 23784 24015 24076 24002 24132 23983 23759 24037 24030 24116 24411 24475 24086 23850 23431 22883 22724 22838 23717 23907
22959 22592 22848 23353 23925 24130 24328 24422 24376 24033 23771 23518 23324 23324 23002 23034 22914 22658 22519 22082 21577 21279 21381 21589 21611 21562 21780 22289 22599 22820 22933 22896 22912 22674 23049 23353 23364 23272 23353 23435 23388 23170 22977 23011 23074 23233 23309 23258 23268 23402 23405 23500 23996 24010 23609 24026 24861 24729 25112 24976 24651 24592 24477 24104 24335 24352 24256 24420 24498 24432 24013 23683 23058 22502 22527 22809 23290
22280 22441 22540 22956 23339 23702 23612 23749 23888 23931 23618 23421 23404 23531 23313 23142 23081 22964 22976 22467 21799 21348 21432 21799 21826 21682 21589 21715 22018 23048 23645 23817 23581 23200 23180 23297 23287 23323 23487 23574 23426 23249 22978 23111 23144 23199 23221 23221 23493 23331 23058 23624 24030 23984 23606 24384 25162 25268 25692 25577 25077 24672 24701 24523 24395 24359 24344 24541 24489 24393 24054 23553 22852 22338 22185 22214 22460
22026 21970 21881 22112 22932 23289 23330 23486 23987 24004 23754 23584 23365 23537 23397 23117 23168 23137 22885 22457 21847 21456 21723 21620 21748 21610 21438 21460 21665 22734 23636 24051 23799 23596 23504 23553 23285 23394 23501 23550 23414 23249 23145 23042 23122 23169 23206 23211 23413 23206 23432 23651 23724 23867 23638 24338 24738 25157 25587 25611 25066 24686 24586 24495 24448 24445 24462 24516 24480 24209 23660 23025 22486 22351 22062 21891 21973
22278 22124 21231 22281 23044 23004 23209 23312 23825 23856 23817 23653 23346 23329 23325 23038 22862 22322 21675 21054 21095 21339 21953 22517 22251 21884 21660 21608 21738 22715 23896 24241 23885 23513 23574 23612 23287 23331 23434 23423 23317 23264 23175 23178 23172 23336 23518 23565 23440 23373 23675 24403 24490 23644 23567 24390 24994 25065 25019 24929 24652 24559 24701 24510 24438 24615 24512 24568 24441 24042 23581 22961 22410 22138 21935 21775 21657
22545 22473 22160 22541 22779 22815 23187 23390 23744 23932 23783 23522 23508 23444 23305 23036 22447 21432 20913 20105 19838 20630 21577 22507 22465 22166 21786 21679 21837 22777 23777 23767 23490 23555 23625 23217 22928 23131 23418 23407 23284 23214 23136 23178 23307 23032 23667 23788 23695 23686 23893 24564 24655 24072 24960 25395 25412 25192 25458 25556 25265 25214 25223 24804 24387 24202 24116 23949 23908 23928 23462 23050 22579 22020 21852 21741 21475
22264 22241 22363 22640 22647 23117 23409 23576 23672 23943 23876 23643 23501 23344 23047 22661 22139 22054 21100 20176 20510 20236 20718 21969 22111 21995 21767 21739 22123 23041 23463 23332 23436 23238 23045 22716 22712 22965 23314 23450 23282 23314 23370 23238 23115 23126 23528 23739 23890 23914 24047 24425 24660 24775 25342 25520 25316 25502 25920 25960 25433 25201 25117 24172 23781 23939 23878 23671 23397 23369 23218 23025 22595 22156 21869 21753 21114
21646 22094 22274 22359 22381 23094 23465 23621 23610 23677 23769 23619 23060 22873 22905 22863 22561 22364 21675 20904 21007 20801 20967 21290 21420 21505 21754 22133 22218 22984 23259 23235 23137 22959 22925 22724 22632 22819 23176 23358 23273 23169 23141 23111 23041 23096 23285 23651 23777 23986 24125 24519 24743 24736 25101 25216 25175 25578 25685 25564 25328 24699 24482 23949 23928 23830 23522 23331 23216 22961 22749 22888 22785 22321 21741 21607 20866
21793 22354 22556 22426 22923 22985 23539 23848 23889 23805 23793 23446 23138 22771 22892 22857 22459 22378 22048 21949 21939 22092 21777 21605 21516 21484 22094 22342 22333 22883 23137 23181 23071 23079 22959 22652 22424 22671 22946 23133 23134 23062 22824 22981 23050 23001 22980 23448 23631 24004 24153 24632 24948 24937 24989 25016 24842 25236 25354 25243 24447 24347 24290 24013 23910 23392 23188 23066 22956 22784 22423 22720 22781 22603 21834 21382 20494
22777 23363 23426 23225 23231 23205 23541 23878 24063 24282 24180 23875 23638 23090 22970 22956 22936 22496 22470 22393 22451 22238 22080 21796 21637 21724 22158 22368 22379 22604 22938 22902 23032 23055 22918 22405 22160 22487 22899 23073 23090 22909 22770 22911 23042 22996 22836 22894 23442 23713 24215 24399 24773 24778 24373 24287 24365 24691 24657 23947 23378 23526 23579 23615 23578 23235 22798 22492 22423 22191 21982 22119 22619 22684 22039 21608 20840
22702 23410 23526 23187 23192 23852 23976 24123 24262 24400 24309 24218 24105 23637 22983 23287 23284 22959 22540 21488 20884 20402 20899 21809 22038 22050 22279 22334 22242 22428 22868 22842 22925 22942 22515 22173 22192 22342 22592 22865 22911 22862 22673 22852 22989 22974 22874 22876 22994 23305 23620 24166 24376 24198 23891 24345 24619 24543 23843 22440 22316 22335 22293 21995 22645 22712 22575 22341 22090 21819 21405 21664 21960 22251 22033 21522 20905
23478 23651 23568 23400 23521 24040 24053 24158 24223 24336 24275 24128 24010 23534 23444 23179 23145 22211 20937 19513 18724 18488 19443 21219 22225 22113 22309 22421 22380 22221 22743 22761 23096 23203 22863 22557 22248 22290 22597 22513 22819 22688 22719 22787 22871 22758 22709 22816 22877 22918 23047 23335 24293 24619 24992 25228 25173 24150 23138 22270 21160 21133 20719 21101 22243 22648 22577 22059 21624 21700 21376 21287 21439 21532 21655 21244 20956
23767 23946 23968 24379 24328 23806 23961 23954 23819 23840 23841 23885 23631 23293 23351 23103 22705 21007 19559 18521 18446 18066 19267 21173 22488 22389 22124 22090 21985 21838 22055 22689 23113 23268 23281 22832 22520 22586 22700 22692 22728 22488 22574 22656 22742 22674 22624 22511 22601 22543 22812 23412 24274 24943 25152 25224 25205 24307 22721 21822 20892 20415 20019 20076 21284 22077 22044 21667 21534 21302 21233 21128 20969 20690 20748 20875 21057
24082 23918 24141 24424 24365 24153 23749 23811 23846 23906 24016 23887 23756 23523 23399 23065 22170 21334 19671 18874 18749 18770 20232 21837 22551 22269 21556 21110 20868 21709 22201 22531 22696 23253 23473 22916 22788 22797 22840 22925 22814 22663 22390 22442 22488 22511 22440 22431 22752 23055 23039 23420 23540 24524 25197 25206 24927 24568 23194 22018 20890 20386 20122 20543 21217 21966 21853 21573 21593 21130 20880 20678 20508 20452 20560 20654 20952
24777 24598 24404 23959 24108 24085 23823 23761 23644 23822 23996 23919 23810 23521 23379 22944 22830 22046 20720 20024 19773 20727 22104 22291 22205 21975 21139 20485 20696 21651 22527 23163 23084 23373 23444 22916 22858 22797 22855 22980 22745 22625 22510 22559 22452 22437 22367 22627 22609 23060 23046 22934 23410 24166 25028 25149 24998 24440 23525 22178 21398 21252 21497 21507 21274 21847 21823 21488 21263 21031 20757 20604 20367 20351 20316 20528 20591
25115 24800 24430 23952 24025 24073 23958 23677 23632 23648 23866 23661 23670 23603 23391 22924 22798 22168 21311 20936 20640 21428 22378 22499 22339 21930 20953 20713 20818 21310 22449 23291 23223 23373 23447 22885 22786 22751 22627 22653 22568 22546 22508 22533 22543 22711 22592 22665 22698 22939 22702 22427 23394 24153 24570 24695 24529 23885 22660 22010 21518 21477 21602 21629 21225 21230 21565 21150 20745 20725 20715 20586 20589 20538 20393 20239 20231
24674 24510 24092 23832 23887 23963 23899 23841 23772 23741 23634 23572 23573 23599 23315 22930 22221 22039 21423 21085 20636 21429 21940 22005 21880 21738 21043 21051 21089 21419 22119 23032 23193 23385 23394 22694 22739 22620 22452 22479 22516 22448 22489 22568 22504 22573 22539 22551 22724 22761 22497 22450 22786 23485 23670 23622 23364 22474 22193 21840 21432 21303 21508 21389 20937 21086 21238 21045 20718 20752 20699 20637 20945 21098 20948 20525 20331
24172 24092 23947 24134 24186 24284 24176 23936 23726 23541 23640 23576 23573 23375 23075 22742 22190 22094 21583 21042 20896 21174 21316 21270 20974 20762 20946 21265 21275 21776 22417 23018 23087 23144 22903 22793 22807 22668 22440 22464 22310 22088 22360 22503 22574 22538 22326 22211 22716 22822 23092 23156 23548 23920 23934 23718 22981 22344 22041 21848 21717 21578 20960 20827 20746 20625 20894 20818 20656 20685 20687 20744 20876 21203 21107 20879 20517
23923 24128 24422 24393 24403 24457 24269 24059 23807 23487 23602 23635 23512 23080 22795 22401 21888 21698 21387 20914 20916 21171 21255 21108 20992 20840 21192 21493 21667 22130 22610 23133 23134 22986 22769 22753 22760 22763 22528 22199 21696 21798 22315 22428 22563 22494 22253 22040 22649 23027 23535 23700 23505 23775 23803 23773 23020 22021 22049 21836 21598 21529 20968 20575 20703 20834 20840 20627 20537 20699 20839 20865 20851 21064 21049 20776 20914
24037 24525 24667 24434 24418 24356 24193 24071 23804 23396 23414 23486 23272 22770 22689 22265 21902 21336 20936 21062 21014 21286 21306 21179 21149 21040 21322 21633 21861 22133 22689 23065 23065 22943 22770 22803 22688 22722 22724 22563 22534 22283 22190 22227 22253 22218 22272 22171 22032 22650 23349 23440 23351 23214 23268 23369 23068 22130 21545 21446 21362 21477 21157 20709 21076 20953 20959 20696 20596 20790 21033 21043 21008 20931 20858 20888 20946
24117 24478 24438 24212 23902 24007 24128 23973 23541 23131 23157 23177 23047 22573 22479 21934 22075 21733 21478 21419 21365 21453 21407 21324 21309 21235 21236 21652 22122 22424 22652 22767 22939 22902 22928 22898 22815 22712 22971 22954 22750 22659 22372 22355 22301 22365 22466 22452 22130 22254 22443 22618 22618 22691 23117 23055 22518 22061 21367 20937 20967 21256 21227 21121 21531 21478 21361 21141 20812 20678 21084 21136 21022 20960 20845 20618 20728
23446 24132 24307 24171 24290 24205 23753 23527 23421 23050 22979 23010 22908 22544 22240 21934 22204 22213 21768 21660 21442 21582 21570 21483 21508 21640 21777 22291 22489 22640 22857 22967 22963 22833 23006 23015 22931 22878 23032 23024 22729 22614 22659 22692 22525 22543 22484 22503 22361 22077 21855 22279 22519 22808 23107 23302 23046 22406 21826 21086 20812 20922 21147 21197 22103 22120 21690 21369 20985 20547 20546 20691 20727 20806 20713 20391 20733
24685 24555 24322 24519 24576 24265 23704 23338 23090 22958 22847 22622 22517 22466 22110 21765 21948 21957 21614 21481 21681 21883 21856 21919 22133 22205 22532 22803 23021 23137 23273 23297 23215 23115 23108 22950 22992 22932 23107 23099 23228 23150 22880 22794 22590 22564 22430 22438 22234 22288 22456 22750 22955 23208 23514 23637 23623 22764 21876 21181 20765 21193 21170 21286 22079 22134 21648 21025 20650 20489 20247 20265 20489 20556 20634 20737 21131
24778 24600 24175 24337 24338 24139 23570 23178 22770 22670 22592 22431 22353 22174 21864 21830 22024 22104 21939 21633 21785 21913 22168 22554 22758 22911 23440 23887 23986 23973 24042 23897 23686 23504 23390 23202 23101 23146 23290 23296 23413 23262 22972 22799 22489 22397 22315 22319 22259 22942 23012 22919 23480 23983 24160 24164 24085 23237 22049 21403 20961 21190 21356 21169 21616 21715 21247 20739 20792 20583 20054 19636 19556 20105 20672 21285 21450
