Alternative/Moon/Lvl0_30x30/Ele_CF.asc
ncols         335
nrows         335
xllcorner     -3292508.343
yllcorner     -27166.958
cellsize      10000
nodata_value  -9999.0
[rows 102 to 135 of 335, columns 154 to 230 of 335]
16846 16763 16723 16515 16417 16350 16335 16470 16499 16484 16502 16500 16504 16505 16453 16427 16385 16344 16306 16264 16237 16212 16191 16162 16149 16147 16146 16139 16153 16171 16203 16244 16243 16212 16172 16169 16161 16081 16034 16000 16004 16002 16010 16042 16043 16035 16024 16030 16065 16054 16040 15993 15963 15924 15931 15928 15908 15903 15900 15900 15904 15900 15862 15863 15872 15881 15893 15902 15911 15929 15930 15966 15989 16030 16582 16852 16803
16907 16810 16785 16626 16421 16353 16320 16393 16433 16446 16487 16481 16460 16465 16446 16421 16388 16347 16313 16263 16245 16230 16203 16173 16152 16161 16155 16149 16170 16172 16136 16207 16212 16146 16102 16067 16074 16059 16045 16027 16021 16019 16030 16055 16063 16046 16044 16059 16124 16090 16077 16043 15980 15936 15915 15922 15914 15906 15906 15923 15925 15901 15872 15868 15866 15879 15893 15901 15915 15936 15915 15918 15957 16492 16758 16841 16459
16890 16813 16785 16727 16608 16403 16296 16354 16380 16424 16469 16444 16423 16413 16417 16407 16366 16352 16327 16302 16271 16248 16223 16194 16184 16187 16179 16201 16236 16214 16149 16135 16118 16107 16099 16091 16097 16081 16066 16138 16154 16059 16073 16088 16093 16078 16076 16096 16125 16106 16129 16127 16014 15957 15931 15924 15924 15918 15926 15931 15923 15895 15891 15882 15879 15886 15886 15896 15917 15920 15919 15913 16155 16561 16444 16114 16109
16890 16823 16735 16764 16701 16574 16342 16271 16349 16406 16474 16404 16384 16378 16377 16395 16374 16367 16345 16338 16336 16311 16250 16220 16223 16238 16246 16267 16267 16206 16168 16164 16147 16131 16123 16110 16124 16119 16105 16181 16207 16115 16118 16128 16116 16138 16155 16095 16153 16905 16844 16551 16259 15990 15952 15937 15940 15934 15926 15915 15921 15907 15904 15900 15892 15882 15886 15899 15907 15967 15930 15914 16291 16413 16054 16049 16076
16784 16833 16801 16752 16718 16597 16375 16263 16290 16401 16422 16368 16363 16369 16363 16382 16381 16378 16372 16373 16379 16335 16283 16254 16275 16269 16297 16287 16249 16213 16169 16181 16175 16159 16149 16140 16149 16158 16165 16163 16149 16130 16131 16143 16121 16101 16112 16102 16138 16652 16401 16256 16122 16045 15968 15950 15955 15943 15936 15928 15924 15918 15911 15914 15903 15891 15905 15902 15922 15934 15927 15913 16455 16420 16032 16020 16048
16698 16779 16868 16765 16651 16560 16286 16247 16302 16395 16458 16342 16347 16355 16366 16376 16383 16380 16393 16380 16407 16380 16322 16272 16274 16291 16296 16277 16218 16188 16184 16194 16187 16173 16170 16181 16195 16199 16194 16187 16168 16126 16148 16164 16115 16086 16062 16112 16139 16342 16216 16175 16139 16081 15987 15954 15956 15952 15942 15940 15937 15927 15921 15918 15908 15917 15915 15907 15898 15913 15927 15947 16463 16428 16019 16007 16027
16670 16848 16889 16766 16647 16496 16309 16238 16208 16372 16385 16386 16371 16352 16361 16365 16383 16383 16374 16372 16421 16433 16410 16317 16270 16275 16262 16249 16215 16221 16222 16215 16196 16191 16186 16199 16209 16210 16206 16185 16168 16127 16205 16131 16115 16068 16050 16057 16110 16204 16206 16175 16142 16090 15999 15961 15969 15959 15953 15957 15951 15957 15940 15933 15917 15937 15935 15911 15907 15913 15912 15910 16198 16585 16450 16035 16046
16672 16833 16868 16828 16604 16449 16263 16217 16189 16174 16288 16384 16384 16353 16358 16371 16374 16396 16410 16397 16410 16431 16419 16417 16385 16305 16257 16234 16219 16229 16248 16247 16239 16230 16213 16199 16213 16240 16216 16181 16165 16133 16133 16108 16100 16072 16064 16057 16054 16139 16187 16169 16128 16056 15995 15980 15970 15967 15960 15965 15951 15950 15933 15934 15929 15949 15961 15925 15946 15913 15913 15917 15915 16374 16763 16919 16507
16691 16765 16814 16786 16501 16427 16283 16253 16217 16185 16180 16242 16299 16340 16354 16402 16387 16395 16423 16411 16410 16413 16421 16425 16429 16420 16311 16288 16253 16265 16286 16271 16265 16264 16254 16236 16233 16251 16236 16216 16205 16149 16118 16101 16095 16085 16076 16059 16045 16050 16133 16138 16095 16019 15987 15979 15988 15977 15976 15968 15955 15947 15943 15921 15925 15931 15932 15938 15938 15923 15938 15932 15932 15950 16497 17165 17252
16650 16705 16715 16744 16554 16412 16321 16276 16245 16215 16178 16179 16235 16287 16340 16385 16393 16400 16396 16422 16431 16405 16417 16423 16429 16439 16380 16310 16295 16292 16302 16290 16291 16290 16281 16259 16270 16259 16237 16226 16214 16168 16137 16107 16100 16093 16079 16059 16044 16037 16067 16073 16043 15996 15994 15991 16000 15987 15977 15965 15959 15956 15946 15934 15927 15940 15942 15956 15962 15963 15961 15945 15962 16016 16054 16721 17217
16645 16645 16674 16746 16618 16378 16317 16283 16271 16242 16210 16185 16202 16216 16245 16297 16477 16549 16389 16431 16441 16395 16413 16422 16449 16438 16413 16380 16355 16316 16321 16323 16325 16332 16306 16278 16287 16276 16230 16203 16184 16164 16141 16128 16108 16092 16084 16061 16044 16038 16042 16038 16035 16028 16035 15998 15993 15991 15984 15972 15981 15958 15953 15940 15941 15971 15980 15993 16000 15992 15995 16021 16043 16058 16062 16326 16642
16672 16654 16620 16717 16597 16317 16300 16315 16318 16306 16284 16248 16220 16197 16189 16219 16286 16351 16371 16415 16422 16414 16440 16429 16442 16430 16423 16417 16418 16389 16343 16345 16330 16320 16300 16290 16287 16273 16233 16209 16185 16174 16145 16130 16109 16085 16078 16055 16039 16044 16045 16095 16048 16051 16031 16029 16007 15999 15987 15993 15993 15968 15964 15954 15974 15995 16020 16037 16030 16045 16037 16088 16097 16089 16089 16118 16139
16684 16681 16644 16647 16557 16331 16327 16394 16393 16383 16342 16307 16271 16212 16190 16187 16254 16308 16346 16350 16396 16445 16446 16409 16409 16432 16437 16425 16449 16442 16365 16375 16357 16346 16307 16300 16296 16276 16225 16221 16209 16188 16156 16123 16112 16082 16083 16066 16063 16128 17109 17014 16288 16065 16048 16047 16033 16016 16004 16013 16001 16000 16005 16043 16073 16081 16112 16109 16113 16110 16128 16126 16130 16102 16105 16138 16161
16697 16703 16642 16663 16597 16361 16395 16444 16445 16425 16386 16344 16303 16242 16196 16184 16210 16284 16341 16330 16369 16408 16418 16417 16424 16435 16439 16438 16443 16470 16419 16393 16362 16354 16325 16314 16304 16265 16230 16216 16189 16181 16151 16145 16150 16096 16102 16086 16082 16171 17249 17408 16824 16084 16069 16082 16089 16052 16029 16041 16038 16050 16077 16084 16082 16078 16094 16105 16115 16165 16171 16170 16163 16153 16158 16165 16159
16691 16694 16652 16710 16731 16368 16432 16465 16468 16454 16417 16368 16326 16267 16231 16208 16192 16243 16318 16355 16370 16441 16421 16424 16444 16462 16519 16510 16490 16465 16442 16405 16357 16336 16324 16316 16298 16260 16248 16219 16197 16163 16158 16135 16132 16117 16097 16107 16103 16101 16157 16273 16267 16165 16189 16174 16169 16151 16084 16063 16065 16072 16093 16096 16101 16097 16124 16173 16186 16208 16196 16174 16164 16163 16169 16181 16182
16727 16679 16666 16799 16685 16414 16465 16459 16459 16454 16414 16362 16327 16277 16237 16218 16204 16243 16272 16367 16381 16437 16454 16465 16467 16476 16492 16487 16477 16464 16460 16411 16358 16339 16322 16322 16297 16297 16242 16210 16188 16159 16141 16172 16360 16646 16697 16553 16353 16353 16502 16533 16360 16439 16196 16188 16153 16150 16174 16197 16193 16199 16188 16193 16165 16187 16184 16175 16179 16192 16195 16184 16168 16169 16188 16197 16197
16735 16716 16729 16796 16580 16472 16534 16453 16449 16445 16411 16362 16337 16282 16254 16233 16230 16258 16269 16340 16463 16477 16485 16495 16478 16482 16498 16483 16474 16477 16461 16423 16390 16339 16325 16320 16297 16274 16237 16221 16225 16248 16219 16266 17462 17653 17570 16980 16426 16394 16703 16975 16922 16678 16225 16195 16185 16198 16201 16220 16219 16202 16201 16193 16194 16190 16157 16169 16182 16182 16183 16190 16188 16188 16213 16239 16233
16752 16737 16768 16796 16509 16422 16446 16438 16437 16415 16385 16349 16336 16290 16269 16259 16254 16253 16259 16354 16452 16466 16486 16498 16503 16562 16549 16506 16481 16473 16450 16414 16378 16335 16325 16325 16286 16275 16266 16344 16331 16222 16213 16303 17135 17276 16780 16232 16236 16242 16250 16481 16677 16238 16196 16180 16198 16198 16205 16207 16208 16199 16202 16194 16195 16169 16185 16208 16192 16190 16192 16189 16193 16200 16218 16252 16238
16762 16749 16731 16735 16433 16392 16392 16373 16371 16355 16331 16319 16312 16346 16654 16348 16264 16284 16289 16395 16428 16483 16502 16507 16498 16547 16533 16492 16483 16463 16458 16392 16363 16335 16350 16338 16319 16299 16257 16237 16211 16215 16211 16213 16276 16345 16309 16230 16228 16243 16239 16231 16210 16193 16198 16182 16187 16205 16185 16199 16196 16200 16224 16245 16209 16187 16194 16218 16237 16208 16202 16201 16196 16216 16219 16246 16253
16754 16751 16738 16703 16424 16395 16371 16374 16390 16345 16332 16327 16318 16395 16784 16390 16277 16293 16332 16481 16486 16511 16520 16502 16513 16496 16489 16487 16467 16517 16487 16432 16411 16392 16377 16344 16313 16299 16250 16214 16212 16210 16213 16213 16236 16275 16362 16313 16337 16266 16231 16218 16210 16194 16189 16188 16192 16189 16205 16205 16196 16196 16185 16192 16194 16193 16190 16209 16230 16241 16212 16206 16213 16221 16236 16254 16249
16823 16773 16740 16430 16399 16401 16383 16368 16349 16341 16337 16322 16320 16323 16318 16329 16289 16322 16348 16540 16524 16507 16538 16495 16502 16500 16477 16494 16509 16487 16457 16438 16409 16377 16361 16341 16296 16271 16243 16218 16270 16193 16229 16247 16354 16472 16749 16759 16604 16292 16230 16225 16221 16191 16190 16193 16203 16206 16217 16213 16201 16200 16196 16201 16205 16203 16192 16205 16233 16234 16226 16213 16212 16235 16248 16259 16258
16821 16708 16542 16411 16411 16414 16410 16379 16366 16349 16343 16336 16325 16343 16338 16332 16322 16390 16431 16543 16529 16515 16513 16506 16520 16508 16478 16499 16471 16440 16426 16406 16385 16356 16334 16298 16289 16266 16241 16237 16232 16228 16248 16277 16753 16698 16739 16798 16549 16261 16261 16236 16217 16200 16202 16203 16204 16209 16240 16236 16213 16204 16202 16208 16207 16212 16201 16220 16231 16228 16242 16240 16233 16235 16247 16275 16283
16789 16544 16441 16422 16420 16435 16425 16411 16378 16363 16347 16349 16338 16353 16352 16354 16374 16450 16453 16526 16542 16543 16526 16511 16507 16510 16443 16442 16439 16413 16400 16388 16351 16342 16323 16284 16311 16298 16295 16256 16276 16278 16282 16341 16417 16464 16498 16410 16290 16256 16267 16238 16236 16224 16234 16199 16205 16221 16345 16255 16218 16203 16210 16208 16212 16216 16208 16214 16251 16258 16234 16248 16244 16243 16243 16264 16295
16801 16472 16443 16447 16442 16421 16417 16413 16400 16381 16350 16346 16376 16361 16383 16375 16389 16470 16453 16573 16589 16551 16531 16495 16489 16491 16471 16412 16417 16391 16391 16354 16330 16308 16294 16295 16339 16342 16309 16285 16405 16355 16361 16521 16622 16543 16435 16438 16262 16253 16236 16236 16234 16242 16214 16206 16212 16254 16221 16283 16239 16218 16228 16211 16215 16220 16206 16224 16259 16263 16251 16271 16268 16264 16267 16263 16284
16776 16502 16470 16468 16447 16436 16423 16410 16401 16392 16365 16361 16376 16364 16374 16394 16471 16498 16499 16582 16604 16584 16556 16491 16472 16465 16447 16437 16513 16370 16361 16330 16312 16294 16293 16312 16337 16335 16819 16958 16851 16440 16364 16388 16482 16435 16444 16374 16273 16255 16240 16235 16233 16227 16220 16209 16218 16241 16274 16258 16248 16235 16231 16207 16214 16236 16218 16255 16258 16269 16275 16295 16285 16256 16253 16267 16271
16727 16506 16495 16501 16469 16474 16439 16418 16413 16399 16372 16364 16395 16390 16383 16413 16534 16526 16523 16589 16610 16587 16559 16490 16465 16448 16440 16420 16416 16377 16367 16356 16352 16313 16330 16341 16343 16348 16586 16688 16520 16398 16377 16381 16417 16435 16394 16287 16281 16274 16237 16234 16234 16234 16226 16222 16236 16238 16233 16253 16227 16232 16237 16232 16236 16237 16225 16255 16276 16296 16304 16327 16298 16266 16258 16268 16285
16732 16546 16501 16507 16481 16465 16468 16432 16426 16414 16394 16392 16405 16397 16412 16469 16536 16500 16546 16601 16633 16623 16583 16502 16483 16461 16457 16456 16451 16472 16431 16421 16388 16384 16364 16347 16338 16316 16369 16417 16427 16405 16387 16367 16384 16367 16306 16288 16277 16271 16243 16236 16235 16234 16239 16239 16241 16260 16243 16224 16232 16247 16245 16242 16242 16254 16264 16275 16272 16278 16326 16315 16299 16298 16283 16281 16283
16723 16589 16516 16506 16507 16475 16459 16444 16445 16439 16430 16413 16420 16413 16403 16508 16568 16559 16547 16588 16621 16618 16565 16512 16487 16507 16484 16502 16543 16536 16504 16473 16460 16453 16438 16409 16401 16348 16390 16402 16403 16413 16393 16354 16328 16324 16295 16302 16288 16305 16245 16242 16229 16242 16259 16258 16249 16259 16236 16234 16243 16266 16283 16260 16260 16274 16270 16294 16288 16296 16326 16324 16305 16307 16306 16323 16327
16723 16631 16564 16524 16495 16474 16476 16460 16460 16474 16450 16438 16437 16435 16424 16509 16593 16634 16641 16582 16617 16607 16568 16522 16504 16494 16523 16547 16560 16559 16547 16514 16485 16484 16483 16468 16449 16431 16400 16385 16389 16392 16368 16361 16336 16309 16310 16303 16293 16281 16259 16263 16230 16249 16255 16245 16254 16262 16255 16284 16291 16304 16293 16279 16280 16290 16301 16298 16316 16343 16346 16326 16338 16337 16348 16416 16459
16741 16660 16580 16558 16534 16497 16488 16481 16474 16495 16460 16447 16455 16453 16446 16516 16594 16638 16699 16617 16622 16615 16584 16560 16532 16508 16540 16585 16568 16585 16543 16513 16520 16525 16525 16520 16479 16458 16407 16387 16397 16419 16393 16342 16320 16300 16312 16301 16305 16292 16248 16267 16280 16339 16369 16288 16271 16276 16311 16300 16301 16305 16296 16291 16297 16323 16333 16324 16318 16324 16344 16330 16355 16359 16412 16459 16519
16773 16695 16616 16587 16546 16514 16502 16500 16487 16499 16506 16469 16462 16471 16477 16503 16603 16671 16705 16766 16670 16649 16624 16590 16581 16538 16541 16562 16574 16563 16556 16546 16551 16550 16541 16549 16533 16487 16445 16433 16399 16442 16414 16344 16330 16304 16304 16313 16304 16280 16250 16269 16285 16467 16466 16512 16329 16302 16330 16323 16322 16340 16337 16305 16309 16313 16350 16349 16339 16344 16346 16343 16372 16369 16419 16498 16544
16779 16750 16630 16612 16597 16544 16527 16518 16514 16508 16514 16498 16502 16501 16499 16487 16570 16713 16810 16849 16742 16686 16645 16642 16633 16595 16566 16559 16568 16568 16591 16568 16590 16619 16615 16581 16553 16498 16484 16435 16451 16363 16330 16329 16312 16308 16301 16299 16306 16259 16257 16287 16307 16522 16529 16428 16321 16313 16348 16356 16383 16348 16313 16330 16332 16319 16356 16371 16383 16372 16366 16370 16384 16388 16412 16506 16550
16794 16767 16656 16615 16606 16560 16539 16531 16535 16529 16527 16525 16514 16524 16507 16505 16511 16651 16857 16917 16764 16694 16669 16657 16642 16621 16620 16571 16594 16588 16607 16598 16552 16667 16649 16568 16538 16511 16457 16421 16357 16362 16334 16327 16339 16329 16318 16299 16295 16282 16292 16309 16325 16329 16341 16336 16304 16315 16368 16386 16413 16380 16374 16370 16417 16428 16479 16427 16419 16395 16399 16393 16404 16409 16419 16460 16510
16788 16768 16688 16635 16605 16554 16546 16536 16537 16530 16531 16524 16520 16538 16540 16525 16517 16641 16836 16872 16848 16717 16688 16686 16667 16646 16618 16581 16575 16573 16588 16589 16564 16574 16587 16582 16551 16503 16468 16418 16388 16353 16359 16325 16320 16324 16335 16333 16307 16316 16317 16330 16347 16343 16349 16356 16339 16345 16372 16399 16446 16379 16355 16361 16433 16265 16491 16462 16437 16422 16431 16414 16420 16426 16435 16446 16457
