Alternative/Moon/Lvl0_30x30/Ele_AI.asc
ncols         335
nrows         335
xllcorner     6757491.657
yllcorner     6672833.042
cellsize      10000
nodata_value  -9999.0
[rows 0 to 33 of 335, columns 154 to 230 of 335]
19991 19990 19987 19994 19988 19995 19998 19988 19996 19980 19995 19992 19994 19992 19993 19982 19988 19996 20000 19982 19990 19988 19991 19980 19991 19969 19993 19996 19998 19969 19986 19986 19980 19985 19990 19993 19984 19979 19976 19995 20002 19985 19985 19995 19977 19981 19984 19980 19987 19977 19977 19990 19978 19970 19978 19992 19973 19977 19964 19956 19962 19972 19994 19988 19982 19974 19974 19980 19981 19980 19982 19975 19984 19989 19980 19973 19996
20072 20056 20076 20079 20069 20092 20068 20062 20088 20085 20086 20080 20077 20063 20091 20076 20082 20077 20080 20074 20083 20090 20073 20090 20069 20097 20082 20099 20109 20055 20086 20082 20092 20103 20085 20089 20085 20096 20093 20070 20101 20091 20087 20097 20082 20110 20093 20083 20095 20084 20081 20075 20096 20087 20078 20096 20094 20096 20082 20089 20087 20083 20085 20091 20095 20094 20090 20112 20097 20081 20102 20108 20104 20119 20123 20102 20101
19934 19947 19939 19985 19914 19984 19924 19950 19976 19972 19976 19941 19969 19941 19978 19943 19940 19937 19976 19921 19964 19969 19955 19942 19939 19984 19960 19953 19962 19934 19938 19940 19973 19960 19970 19968 19957 19962 19957 19961 19980 19973 19988 19966 19963 19968 19956 19954 19958 19978 19975 19929 19978 19960 19965 19965 19967 19962 19973 19992 19990 19954 20006 19961 19998 19989 19971 20012 19966 19966 20011 20008 19992 20026 19993 19998 20021
17716 17737 17770 17726 17749 17706 17739 17734 17776 17769 17750 17762 17726 17762 17749 17781 17747 17754 17764 17744 17776 17780 17802 17777 17784 17797 17782 17795 17744 17761 17748 17803 17805 17754 17789 17758 17813 17796 17803 17796 17829 17829 17803 17780 17810 17838 17824 17826 17840 17807 17853 17814 17878 17874 17879 17858 17843 17889 17882 17848 17879 17871 17862 17864 17886 17904 17855 17854 17845 17870 17887 17902 17929 17883 17916 17884 17889
17273 17275 17277 17281 17283 17285 17287 17293 17294 17296 17299 17303 17307 17309 17314 17315 17319 17322 17323 17330 17326 17333 17336 17340 17342 17349 17352 17355 17356 17365 17365 17368 17367 17372 17376 17379 17384 17387 17393 17399 17405 17406 17413 17420 17427 17430 17435 17440 17447 17453 17461 17465 17471 17479 17484 17485 17488 17494 17497 17500 17496 17505 17515 17510 17516 17518 17518 17521 17524 17522 17521 17526 17521 17519 17519 17519 17517
17132 17134 17134 17139 17135 17137 17137 17145 17145 17147 17150 17153 17154 17154 17157 17159 17162 17165 17167 17166 17166 17173 17170 17169 17172 17175 17174 17175 17174 17176 17178 17182 17181 17185 17176 17183 17176 17170 17168 17167 17169 17167 17166 17168 17166 17165 17170 17171 17178 17179 17179 17182 17181 17189 17190 17188 17190 17196 17194 17196 17195 17197 17205 17206 17205 17205 17208 17209 17211 17213 17217 17217 17217 17222 17225 17228 17225
17082 17081 17081 17081 17081 17083 17083 17084 17083 17086 17087 17089 17089 17092 17093 17094 17097 17096 17098 17100 17100 17099 17101 17100 17102 17101 17103 17097 17095 17092 17101 17099 17086 17087 17092 17093 17080 17095 17090 17106 17104 17091 17100 17090 17094 17089 17092 17090 17087 17087 17086 17086 17089 17084 17083 17080 17077 17076 17078 17078 17083 17082 17085 17086 17087 17087 17089 17090 17092 17093 17096 17097 17101 17101 17103 17105 17107
17046 17045 17043 17043 17042 17041 17045 17047 17045 17046 17049 17047 17048 17051 17055 17057 17059 17063 17066 17068 17074 17074 17082 17080 17083 17089 17089 17089 17088 17090 17096 17099 17098 17100 17105 17105 17112 17113 17114 17118 17118 17123 17119 17121 17115 17118 17115 17113 17114 17106 17107 17103 17100 17099 17095 17091 17086 17086 17082 17082 17081 17083 17081 17082 17081 17083 17085 17086 17087 17091 17092 17095 17100 17100 17106 17110 17111
17061 17059 17059 17056 17055 17051 17047 17047 17044 17048 17048 17049 17051 17055 17058 17060 17063 17062 17061 17063 17062 17063 17063 17064 17063 17064 17066 17065 17064 17064 17063 17064 17064 17062 17058 17057 17057 17055 17061 17055 17056 17054 17053 17057 17054 17054 17052 17056 17052 17052 17052 17053 17053 17054 17054 17054 17057 17061 17061 17064 17067 17071 17073 17076 17078 17081 17082 17083 17083 17083 17085 17083 17081 17086 17085 17086 17091
17024 17024 17025 17024 17027 17029 17027 17025 17026 17027 17026 17025 17023 17020 17018 17017 17015 17017 17016 17016 17017 17014 17016 17018 17017 17017 17018 17020 17025 17027 17031 17032 17031 17035 17033 17036 17037 17040 17045 17048 17054 17059 17063 17067 17074 17075 17079 17083 17081 17081 17079 17077 17077 17075 17074 17075 17077 17079 17081 17085 17086 17090 17095 17093 17096 17092 17097 17093 17090 17090 17089 17084 17077 17079 17080 17078 17084
16966 16965 16965 16966 16967 16968 16967 16970 16971 16974 16976 16974 16974 16975 16975 16973 16972 16970 16968 16968 16976 16974 16971 16978 16980 16979 16979 16982 16985 16992 16995 16994 16998 16996 17001 16997 16988 16992 16989 16988 16980 16987 16982 16984 16975 16972 16976 16966 16964 16967 16972 16968 16972 16973 16988 16994 17003 17012 17019 17026 17033 17040 17044 17051 17062 17065 17068 17068 17066 17064 17059 17056 17053 17053 17055 17065 17060
17112 17113 17107 17103 17082 17095 17098 17087 17073 17057 17046 17020 17014 17005 16993 16986 16987 16976 16978 16978 16993 16999 17025 17016 17027 17047 17047 17056 17068 17069 17079 17083 17092 17089 17089 17087 17093 17090 17088 17089 17089 17089 17094 17091 17089 17088 17098 17093 17099 17107 17105 17105 17110 17102 17102 17092 17089 17086 17085 17083 17083 17087 17086 17095 17093 17093 17103 17102 17110 17135 17137 17144 17152 17155 17164 17170 17173
17282 17285 17284 17296 17298 17307 17325 17339 17346 17366 17382 17410 17435 17399 17458 17450 17468 17472 17487 17492 17493 17531 17529 17536 17548 17596 17599 17619 17648 17681 17646 17668 17681 17679 17671 17703 17719 17724 17717 17707 17734 17738 17727 17726 17711 17726 17730 17719 17725 17742 17746 17730 17732 17723 17758 17759 17739 17736 17777 17750 17750 17755 17756 17743 17769 17772 17757 17761 17766 17835 17785 17743 17769 17812 17836 17804 17807
17942 17964 17987 18023 18045 18071 18098 18114 18120 18134 18154 18169 18162 18182 18174 18186 18179 18182 18189 18190 18228 18230 18249 18257 18293 18323 18339 18360 18380 18403 18425 18431 18465 18472 18528 18551 18567 18593 18608 18620 18657 18684 18695 18719 18764 18779 18805 18839 18866 18929 18932 18942 18975 19008 19000 19023 19042 19075 19111 19105 19175 19189 19162 19180 19194 19263 19293 19275 19312 19291 19290 19318 19362 19348 19364 19354 19314
17989 18012 18036 18044 18066 18076 18098 18109 18115 18125 18152 18157 18149 18152 18144 18151 18150 18128 18126 18129 18171 18179 18198 18220 18259 18299 18322 18346 18362 18410 18433 18446 18484 18503 18522 18559 18604 18627 18636 18671 18724 18738 18777 18795 18839 18855 18908 18949 18966 19005 19033 19060 19097 19131 19158 19190 19206 19265 19292 19340 19391 19397 19437 19462 19492 19499 19533 19542 19574 19593 19599 19613 19633 19634 19648 19661 19671
17667 17661 17663 17674 17684 17685 17704 17706 17721 17731 17757 17799 17831 17864 17909 17940 17980 18036 18069 18096 18126 18181 18231 18247 18275 18324 18344 18363 18399 18442 18467 18498 18531 18571 18575 18624 18688 18714 18761 18787 18820 18822 18795 18904 18916 18945 18980 18962 19036 19029 19100 19144 19195 19261 19296 19294 19350 19365 19394 19398 19423 19469 19487 19485 19541 19539 19562 19627 19608 19637 19656 19661 19686 19694 19695 19691 19678
18572 18593 18625 18682 18706 18752 18807 18770 18874 18916 18921 18903 18982 18993 19021 19058 19049 19103 19125 19173 19187 19221 19208 19263 19307 19310 19295 19327 19330 19348 19338 19370 19420 19376 19381 19456 19430 19480 19493 19489 19479 19509 19525 19576 19564 19586 19648 19665 19660 19687 19698 19701 19728 19726 19741 19769 19795 19842 19835 19842 19834 19864 19865 19896 19912 19919 19910 19901 19903 19902 19889 19894 19888 19882 19883 19879 19848
19805 19823 19854 19883 19894 19943 19956 19935 19936 19944 19945 19954 19925 19914 19907 19872 19897 19843 19829 19826 19803 19808 19815 19795 19744 19733 19713 19753 19740 19700 19646 19636 19627 19661 19693 19714 19731 19756 19760 19758 19757 19759 19768 19745 19734 19735 19737 19699 19715 19691 19684 19674 19688 19664 19682 19699 19681 19733 19729 19755 19794 19802 19830 19845 19868 19868 19890 19898 19870 19883 19896 19885 19855 19860 19854 19841 19834
19946 19966 19968 19964 19983 20006 20021 20021 20019 20008 20018 20014 20007 20000 19986 19956 19946 19926 19896 19880 19865 19876 19861 19835 19817 19804 19772 19769 19751 19726 19672 19643 19594 19552 19503 19463 19420 19373 19316 19286 19229 19167 19136 19093 19045 18990 18960 18924 18906 18859 18814 18786 18763 18727 18722 18671 18660 18640 18609 18559 18539 18510 18486 18453 18422 18408 18434 18414 18327 18271 18337 18281 18277 18207 18264 18148 18156
19890 19882 19865 19852 19839 19824 19799 19780 19761 19743 19727 19705 19687 19683 19685 19682 19675 19678 19671 19669 19684 19695 19690 19691 19691 19698 19690 19684 19681 19665 19635 19623 19601 19599 19581 19558 19547 19509 19494 19455 19416 19396 19367 19351 19316 19288 19248 19215 19189 19185 19166 19146 19121 19097 19083 19081 19052 19035 19032 19026 19005 19011 19012 19003 19005 18980 18981 18973 18961 18953 18922 18896 18893 18900 18854 18822 18814
19361 19351 19337 19328 19311 19299 19281 19260 19240 19229 19214 19204 19198 19178 19160 19157 19148 19145 19141 19143 19136 19144 19149 19141 19146 19144 19128 19127 19119 19104 19105 19096 19084 19085 19078 19071 19058 19038 19026 19016 18985 18968 18945 18919 18895 18886 18860 18859 18852 18839 18838 18823 18801 18797 18791 18788 18795 18810 18837 18848 18870 18865 18870 18870 18850 18846 18831 18830 18806 18807 18809 18811 18802 18793 18793 18813 18795
19295 19279 19262 19242 19204 19183 19158 19126 19110 19095 19096 19070 19049 19043 19025 19014 18982 18976 18947 18954 18948 18922 18917 18907 18864 18866 18845 18803 18797 18776 18756 18755 18742 18735 18735 18734 18745 18752 18762 18786 18803 18805 18807 18811 18814 18819 18817 18824 18838 18851 18845 18853 18859 18843 18848 18836 18823 18798 18797 18792 18785 18778 18770 18762 18756 18760 18737 18726 18724 18703 18692 18685 18665 18649 18636 18615 18601
18804 18797 18805 18816 18814 18841 18847 18850 18853 18854 18848 18837 18778 18755 18739 18737 18707 18705 18686 18694 18682 18668 18658 18650 18643 18631 18632 18629 18625 18608 18603 18608 18618 18619 18626 18625 18648 18667 18676 18684 18705 18729 18723 18719 18734 18714 18722 18700 18707 18683 18665 18673 18641 18633 18623 18611 18604 18598 18586 18590 18615 18607 18606 18606 18592 18558 18541 18532 18527 18512 18511 18488 18492 18477 18469 18466 18469
18407 18402 18384 18374 18369 18339 18329 18325 18318 18312 18313 18333 18328 18323 18321 18328 18323 18326 18344 18331 18348 18344 18343 18342 18332 18325 18306 18293 18272 18261 18258 18250 18252 18249 18245 18250 18269 18298 18324 18345 18373 18401 18423 18439 18447 18461 18459 18448 18427 18407 18363 18329 18296 18317 18328 18349 18368 18390 18398 18426 18419 18437 18433 18435 18436 18422 18413 18398 18386 18383 18389 18402 18406 18415 18423 18418 18419
18444 18412 18368 18353 18332 18312 18291 18276 18268 18266 18258 18251 18239 18214 18208 18207 18250 18220 18257 18271 18260 18265 18272 18259 18263 18258 18263 18251 18262 18260 18271 18282 18305 18324 18352 18350 18375 18418 18409 18473 18504 18515 18541 18581 18598 18600 18610 18621 18607 18579 18549 18530 18506 18496 18459 18439 18405 18350 18320 18302 18307 18267 18257 18231 18242 18238 18230 18239 18211 18205 18196 18195 18193 18187 18192 18177 18177
18244 18256 18238 18254 18259 18243 18229 18246 18247 18261 18266 18279 18291 18300 18310 18312 18318 18325 18314 18328 18343 18348 18357 18353 18368 18358 18350 18348 18370 18368 18362 18376 18368 18369 18388 18409 18428 18442 18482 18486 18509 18543 18591 18607 18614 18601 18598 18534 18484 18489 18421 18407 18380 18400 18387 18430 18424 18425 18436 18438 18435 18415 18404 18390 18377 18365 18351 18329 18314 18298 18271 18250 18236 18210 18183 18152 18165
18378 18369 18367 18372 18361 18351 18344 18338 18335 18326 18341 18346 18345 18346 18344 18345 18339 18332 18317 18324 18339 18346 18360 18374 18376 18369 18357 18347 18330 18326 18338 18336 18329 18327 18329 18290 18301 18268 18256 18255 18245 18220 18212 18221 18250 18258 18282 18282 18308 18339 18341 18365 18389 18392 18401 18407 18412 18413 18396 18364 18319 18285 18274 18277 18203 18207 18193 18174 18160 18140 18150 18160 18163 18158 18157 18163 18172
18437 18431 18402 18382 18380 18378 18367 18365 18345 18338 18339 18342 18344 18363 18374 18370 18348 18328 18307 18290 18266 18257 18254 18258 18273 18264 18283 18299 18333 18359 18349 18375 18364 18326 18299 18262 18254 18254 18256 18260 18262 18269 18274 18276 18275 18289 18293 18302 18322 18328 18328 18328 18331 18338 18349 18362 18370 18377 18372 18371 18348 18340 18348 18355 18353 18358 18339 18312 18269 18225 18208 18205 18196 18187 18184 18162 18153
18688 18711 18713 18720 18726 18687 18699 18688 18675 18655 18653 18618 18638 18604 18615 18605 18585 18579 18552 18539 18514 18490 18467 18451 18421 18385 18361 18336 18322 18300 18275 18265 18260 18252 18251 18245 18243 18246 18242 18249 18248 18256 18246 18254 18248 18246 18247 18246 18240 18225 18215 18215 18222 18228 18251 18262 18282 18291 18311 18318 18329 18340 18342 18320 18320 18307 18293 18283 18237 18193 18135 18088 18046 17968 17935 17882 17826
18723 18721 18715 18694 18677 18648 18608 18587 18534 18477 18433 18436 18459 18486 18499 18503 18514 18475 18471 18432 18409 18372 18362 18312 18277 18263 18220 18195 18180 18155 18107 18106 18072 18004 17991 17924 17897 17832 17811 17783 17757 17735 17708 17692 17695 17687 17657 17663 17657 17632 17626 17621 17620 17599 17601 17573 17587 17592 17559 17541 17532 17519 17516 17513 17502 17503 17491 17487 17485 17478 17475 17485 17493 17504 17521 17527 17524
18775 18749 18733 18709 18683 18651 18601 18574 18516 18463 18372 18375 18313 18248 18209 18173 18083 18038 17948 17924 17832 17769 17718 17674 17634 17618 17593 17570 17548 17526 17501 17497 17469 17458 17453 17448 17432 17422 17401 17382 17384 17372 17370 17356 17331 17322 17314 17308 17301 17301 17289 17289 17309 17304 17308 17301 17311 17315 17271 17295 17302 17319 17319 17335 17355 17362 17371 17389 17393 17372 17378 17380 17369 17376 17372 17385 17407
18230 18202 18181 18146 18113 18057 18026 17987 17947 17892 17835 17798 17768 17740 17702 17690 17680 17659 17607 17582 17560 17563 17559 17544 17570 17563 17558 17529 17520 17503 17489 17506 17495 17478 17489 17463 17453 17456 17454 17451 17438 17447 17454 17460 17451 17447 17421 17461 17473 17477 17487 17502 17492 17494 17503 17506 17516 17517 17522 17523 17523 17515 17536 17517 17540 17555 17573 17573 17689 17603 17639 17658 17654 17656 17662 17677 17681
17866 17829 17753 17713 17653 17666 17662 17691 17685 17702 17724 17740 17774 17789 17799 17815 17842 17839 17850 17864 17878 17884 17886 17891 17879 17880 17883 17899 17899 17904 17895 17869 17860 17856 17827 17843 17818 17808 17784 17772 17751 17774 17758 17745 17810 17813 17814 17878 17943 18018 18103 18108 18176 18174 18196 18181 18204 18263 18252 18218 18206 18190 18190 18196 18186 18177 18147 18119 18101 18087 18066 18098 18143 18188 18248 18280 18332
17708 17726 17742 17718 17734 17742 17750 17740 17740 17734 17764 17769 17764 17775 17759 17772 17782 17785 17776 17759 17768 17743 17805 17838 17866 17881 17893 17916 17932 17951 17943 17961 17953 17948 17952 17978 17994 18001 18009 18000 18024 18063 18051 18053 18073 18113 18117 18153 18189 18202 18221 18270 18300 18306 18356 18328 18323 18330 18323 18322 18301 18264 18238 18222 18197 18176 18155 18133 18111 18079 18068 18062 18061 18067 18084 18106 18130
