Alternative/Moon/Lvl0_30x30/Ele_CJ.asc
ncols         335
nrows         335
xllcorner     10107491.657
yllcorner     -27166.958
cellsize      10000
nodata_value  -9999.0
[rows 68 to 101 of 335, columns 154 to 230 of 335]
17861 17892 17966 17951 17798 17757 17808 17788 17802 18236 18378 18249 18174 18192 18183 18239 18199 18274 18208 18479 18724 18765 18617 18650 18490 18733 18938 18637 18056 18150 18953 18859 18713 18740 17773 17484 17560 17852 18585 18917 18875 18867 18818 18926 18766 18739 18681 18579 18607 18640 18605 19207 19522 19701 19316 19460 20051 20217 20240 18989 17859 17622 17491 17436 17397 17369 17368 17349 17335 17311 17392 17341 17514 17588 17711 17803 18032
17780 17842 17800 17654 17727 17752 17830 17891 18027 18137 18133 18227 18139 18105 18151 18188 18253 18254 18245 18134 17778 17588 18588 18722 18412 18656 19172 18163 17993 18079 18906 18989 18725 18779 17963 17514 17800 18430 18893 18823 18926 19097 19103 19063 18947 18708 18498 18521 18552 18606 18630 18910 19379 19516 19514 19770 19612 20006 20316 19737 18625 17983 17547 17523 17502 17470 17425 17437 17474 17423 17503 17455 17697 17785 18041 18323 18554
17658 17623 17651 17623 17703 17777 17833 18010 18253 18373 18330 18319 18222 18180 18202 18189 18160 18196 18364 18358 18638 18822 19195 18680 18557 18733 19210 19008 18545 18542 19023 18941 18735 18776 18157 18376 18712 18978 19015 18726 18996 19049 18100 18549 19017 18760 18536 18528 18591 18622 18652 18776 18956 19084 19428 19656 19718 20115 20415 20267 19833 19021 18264 17836 17637 17628 17595 17615 17620 17579 17561 17614 18057 18422 18671 18648 18635
17603 17613 17629 17614 17680 17754 17875 17992 18270 18373 18366 18271 18174 18160 18102 18184 18177 18146 18183 18332 18518 18719 19012 18756 18503 18756 18918 19005 19055 19054 18971 18836 18681 18350 18824 18614 18826 18939 18961 18944 19009 17998 17501 18391 19130 18975 18631 18712 18695 18703 18783 18885 19189 19304 19366 19392 19741 19888 20339 20272 20290 19985 19038 18760 18231 18119 18131 18081 17770 18100 17910 18187 18551 18801 19240 19555 18431
17581 17615 17638 17641 17708 17735 17803 17862 18324 18306 18326 18293 18171 18132 18137 18109 18149 18156 18135 18169 18289 18493 18641 18670 18470 18673 18707 18702 18698 18628 18854 18686 18695 18775 18936 18703 18719 18848 18761 18939 18995 18985 18971 19142 18972 18726 18717 18949 18918 18823 18870 18934 19218 19269 19355 19291 19483 19532 19870 20068 20056 20050 20387 20393 19772 18999 18932 19056 18948 18778 18605 18890 19337 19486 19646 20180 19017
17591 17620 17650 17653 17763 17890 18124 18240 18337 18285 18319 18263 18173 18139 18120 18092 18014 18074 18091 18069 18143 18311 18351 18515 18197 18532 18560 18585 18676 18602 18657 18839 18662 18592 18637 18777 18815 18809 18883 18800 18954 18992 19057 18995 18763 18819 18862 18916 18893 18932 19003 19056 19045 19051 19184 19184 19284 19275 19681 19841 19881 19320 20497 20676 20565 20218 20014 20087 20042 20421 20670 20232 19770 19863 19729 19969 19650
17614 17636 17658 17661 17884 18293 18563 18546 18405 18356 18286 18300 18275 18172 18087 18090 18049 18107 18070 18065 18152 18335 18357 18394 18260 18598 18634 18678 18729 18775 18629 18670 18598 18600 18605 18792 18770 18868 18881 18715 18652 18726 18770 18731 18657 18716 18725 18880 18985 18974 19008 19073 19243 19367 19500 19552 19477 19489 19670 19904 19935 19170 19658 20336 20322 20203 20340 20344 20605 20941 21038 20187 19254 18883 18131 18470 18833
17621 17666 17707 17875 18285 18905 19141 18901 18646 18496 18489 18539 18468 18125 18095 18079 18106 18084 18131 18120 18186 18298 18360 18449 18433 18690 18968 18992 19003 18804 18684 18606 18625 18637 18689 18834 18844 18854 18761 18710 18665 18666 18671 18637 18674 18714 18745 18850 19140 19166 19196 19413 19770 19824 19753 19975 20034 19873 19843 19785 19771 19810 19743 19829 19841 19752 19954 20274 20575 20892 20449 19053 18281 17869 17373 17106 17072
17691 17770 17842 18259 18861 18960 19398 19433 18941 18713 18853 18823 18743 18259 18126 18095 18077 18081 18151 18156 18150 18220 18296 18403 18412 18746 19069 19262 19305 19058 18806 18637 18667 18719 18788 18827 18790 18743 18703 18671 18626 18735 18691 18675 18729 18739 18715 18889 19137 19237 19722 19831 19660 19731 19969 20139 20169 20061 19913 19838 19760 19690 19697 19713 19825 19916 20326 20594 20843 20795 20161 18551 17770 17274 17193 17034 16974
17803 17965 18349 18763 19235 18993 19050 19687 19394 19403 19197 19001 18675 18306 18189 18171 18205 18204 18130 18193 18208 18202 18242 18359 18729 18889 19035 18917 18997 18864 18781 18717 18703 18760 18806 18761 18797 18705 18665 18733 18658 18662 18709 18752 18801 18801 18851 18918 19111 19575 19753 19192 17876 17519 18492 19765 20017 19901 19742 19799 19828 19643 19645 19831 19981 20165 20286 20560 20936 20999 19766 18043 17414 17332 17194 17048 17016
17952 17962 18210 19101 19232 19278 19472 19653 19310 19782 19428 18973 18885 18573 18550 18521 18355 18354 18148 18118 18213 18216 18235 18598 18707 18690 18693 18711 18687 18688 18710 18718 18735 18764 18769 18906 18914 18805 18660 18725 18712 18730 18724 18771 18852 18870 18937 18986 19040 19441 19390 17300 16037 16193 17281 19404 20154 19800 19642 19735 19773 19649 19801 19926 20174 20404 19435 18100 19586 20421 19451 18017 17385 17182 17197 17224 17165
17910 18122 18176 18595 18469 19249 19567 19946 20152 20030 19461 19253 19122 19037 18907 18902 18474 18274 18227 18099 18107 18165 18317 18682 18961 18943 19126 19130 18814 18689 18763 18821 18816 18756 18647 18902 18898 18821 18719 18718 18790 18771 18741 18822 18865 18924 19064 19104 19225 19669 19458 17144 15875 15801 16348 18410 20203 19884 19568 19686 19757 19617 19761 19898 20023 20360 19857 18511 20102 20971 20428 18371 17506 17134 17165 17471 17242
17871 18079 18195 18472 18858 19305 19651 19789 19913 19589 18970 18539 19192 18925 18550 19043 18734 18349 18369 18285 18252 18175 18652 19227 19318 18522 18724 19195 18998 18397 18795 18860 18943 18871 18673 18695 18832 18781 18790 18812 18806 18799 18831 18812 18927 18921 19071 19100 19203 19669 19812 18887 17550 17490 18088 19238 19443 19651 19250 19483 19537 19363 19458 19326 19518 20080 20274 20460 20851 21307 21103 18951 17661 17126 17151 17172 17156
17513 18086 18320 18755 19075 19182 19224 18858 18174 17374 17126 17760 18797 18750 19061 19308 18943 18730 18558 18593 18466 18644 18745 19402 19456 17607 17245 19153 19058 18545 18757 18571 18898 19080 18880 18791 18751 18733 18798 18650 18890 18825 18841 18903 18913 18949 19022 19242 19357 19357 19856 19726 19830 19876 19924 19999 19930 19442 19119 19325 19351 19277 19090 18836 18796 19194 20065 20546 20553 21155 21236 20000 18453 17500 17170 17203 17232
17942 18414 18756 18857 18895 18834 17980 17234 16752 16857 16824 17028 17479 18529 18860 19086 19058 18834 18810 18580 18559 18607 18766 19365 19468 19332 18890 19056 18871 19151 19289 18847 18765 19090 19252 18961 18758 18738 18726 18779 18848 18810 18816 18800 18896 18914 18987 19082 19176 19256 19445 19584 19939 19923 19770 19603 19653 19344 19104 19162 19074 18705 18890 18878 18921 18976 19605 19963 20269 20580 21013 20557 19531 18545 17941 17707 17841
17937 18333 18961 19063 18265 17720 16756 15842 15405 15319 15346 15459 15987 16674 17222 18705 18714 19073 18520 18499 18543 18550 18541 18822 19241 19225 19093 19063 19496 20233 20064 19721 19482 18630 19082 18971 18809 18748 18794 18775 18756 18777 18746 18812 18896 18919 19027 19123 19196 19198 19296 19756 19847 19914 19677 19539 19461 19250 18844 18884 18861 18696 18915 19020 19123 19130 19372 19615 19839 19891 20265 20336 20085 19894 19393 19285 19492
17896 18280 19014 19034 17895 16819 15835 15085 15089 15090 15194 15324 15421 15889 16803 18309 19032 19488 19270 18890 18650 18680 18730 18627 19059 19260 19311 19828 20243 20355 20356 20257 19552 18876 19073 19037 18817 18779 18776 18747 18742 18738 18724 18779 18868 19128 19296 19362 19205 19141 19510 19768 18517 17897 19601 19804 19124 19127 18959 18426 18905 18945 18940 19038 18916 19120 19023 19173 19391 19778 20199 20038 20098 20252 20387 20282 20386
17714 18263 18649 18426 16900 15796 15064 14935 14933 14942 15005 15143 15305 15601 16519 17835 19180 19680 19564 19321 19401 19729 19863 20086 20095 19777 19746 20014 20493 20521 20301 20540 20280 19959 19965 19125 18878 18790 18738 18726 18706 18673 18700 18771 18878 19041 18348 18537 19100 19069 19456 19697 18116 17838 19572 19742 19027 19017 18905 18968 19083 19037 18987 18985 19009 18959 18929 19070 19225 19474 20006 19936 20029 20180 20207 20191 20205
17662 18287 18301 17882 16656 15430 14802 14890 14990 15026 15084 15139 15182 15375 16094 17365 18954 19703 19576 19449 19757 19684 20147 20720 20597 19845 18540 18071 17836 18170 19661 20648 20517 20173 19903 19480 19010 18789 18695 18651 18665 18687 18699 18872 19166 19091 17463 17322 19231 19339 19088 19464 19478 19509 19485 19368 18936 18960 18980 18882 18325 18670 18919 18876 18918 18917 18979 19164 19276 19335 19610 19853 19967 20061 20160 20338 20353
17669 18452 18617 18115 16435 15239 14772 14863 14976 15021 15090 15128 15175 15351 15912 17277 19008 19542 19947 19743 19667 20012 20846 20786 19655 18211 16539 15674 15918 16377 18492 20081 20390 20428 19667 19372 18930 18794 18711 18646 18666 18680 18649 18839 19299 19410 19272 19095 19309 19258 19020 19037 19307 19367 19220 18968 19020 18969 18944 18934 17623 17887 18856 18813 18822 18869 18904 19147 19275 19228 19439 19703 19717 19763 20069 20074 19899
17853 18400 18585 18142 16288 15527 15108 15126 14865 14922 15008 15177 15140 15596 16118 17105 18281 19595 20107 19977 19876 20706 21099 20339 17589 15894 14419 14447 15108 15663 16814 17790 19595 20164 19815 19687 18881 18843 18648 18625 18649 18643 18605 18659 18912 19084 19160 19311 19293 19093 18936 18885 18878 18878 18956 19149 18863 18811 18968 19020 18701 18671 18807 18763 18791 18838 18991 18990 19103 19116 19208 19327 19341 19544 19716 19233 18801
17788 18046 18512 18632 16835 15679 15494 15349 15182 15102 15114 15092 15205 16106 16858 17718 18493 19022 19547 19694 20013 20978 21434 19228 16081 14498 14135 14774 14941 14939 16367 17369 18319 19939 19925 19634 19072 18840 18602 18590 18622 18629 18593 18658 18735 18820 18785 18790 18827 18843 18907 18830 18782 18843 18845 18956 18843 18869 18990 18873 18895 18951 18838 18816 18770 18813 18845 18899 18950 18998 19121 19203 19173 19209 19537 19510 19527
17843 17978 18500 18717 17817 16660 16152 15524 15414 15243 15157 15155 15497 16677 17907 18814 18639 19116 19401 19559 19924 20943 21459 19364 16141 14409 14234 14621 15048 15000 15777 16506 18050 20128 20241 19570 19057 18868 18674 18553 18584 18602 18649 18698 18709 18782 18786 18820 18852 18798 18867 18899 18788 18853 18788 18810 18807 18891 18886 18882 18702 18686 18730 18724 18768 18775 18829 18928 18940 19000 19091 19211 19220 19200 19260 19249 19251
17913 17912 18262 18662 18700 17646 16876 15217 15622 15583 15458 15418 15825 16754 17960 19072 19148 19420 19453 19460 19738 20645 21221 19742 16686 15173 14471 14573 15314 15342 16018 16637 18576 20133 20153 19371 18895 18725 18681 18601 18604 18658 18870 19043 19134 19107 18981 18880 18910 18848 18876 18831 18814 18811 18804 18820 18737 18829 18923 18806 18739 18693 18721 18768 18808 18795 18864 18994 19030 18971 18975 19096 19131 19135 19114 19110 19096
17913 17952 18113 18581 18877 18782 18551 17145 15912 15949 15836 15878 16377 17114 17649 18926 19400 19367 19322 19385 19570 20231 21070 20345 17576 16135 15616 15536 15864 16558 16618 18092 19949 20198 19348 18951 18804 18606 18530 18534 18602 18937 19648 19693 19548 19626 19697 18993 18933 18898 18779 18839 18783 18793 18798 18835 18886 18892 18903 18698 18654 18689 18700 18763 18844 19056 19227 19144 19105 19148 19062 18979 19018 19023 19024 19039 19053
17876 17902 17954 18157 18562 18753 18738 18663 17781 16922 16594 16758 17512 17971 18584 18872 18927 18899 19032 19419 19616 19831 20569 20667 18708 16917 16838 16743 16595 17229 17834 19871 20468 20097 19142 18794 18713 18557 18540 18551 18745 19251 19921 19349 17408 18183 19710 19533 19029 18934 18836 18897 18818 18807 18836 18884 18886 18839 18670 18606 18600 18626 18690 18899 19029 19155 19411 19544 19628 19248 19036 18997 19011 19032 19061 19083 19117
17890 17912 17926 18068 18229 18528 18865 18957 18751 18690 18677 18586 19089 19171 18742 18723 18764 18824 18890 19185 19402 19362 19848 20335 20310 19170 18321 17842 18285 18952 20088 20344 20524 19656 18904 18732 18675 18714 18651 18729 18891 19427 19778 18531 15893 17087 19703 19641 19101 18926 18862 18990 18914 18888 18883 18834 18583 18575 18598 18666 18629 18602 18711 19095 18874 17590 17494 18684 19634 19542 19013 19015 19079 19087 19098 19263 19420
17930 18022 18023 18014 18148 18466 18673 18511 18520 18761 18813 18732 19167 19248 18850 18722 18712 18760 18869 18912 19174 19259 19625 19875 20300 20192 20206 20264 20594 20697 20702 20350 19991 19474 18935 18716 18745 18577 17930 18750 18968 19385 19831 19722 18439 19211 19827 19470 19025 18887 18924 18823 18945 18892 18891 18784 18534 18592 18713 18753 18765 18794 18808 19391 19246 17796 16306 17329 19391 19603 19021 19009 19144 19148 19118 19317 19485
17889 18051 18116 18190 18258 18333 18383 18547 18455 18426 18478 18593 18639 18791 18661 18744 18652 18597 18699 18717 18813 18919 19352 19542 19859 19850 20333 20465 20591 20562 20377 19884 19577 19195 18946 18716 18679 18770 18801 18874 18898 18972 19455 19853 19909 19803 19498 19095 18881 18826 18885 18840 18775 18825 18809 18771 18703 18728 18869 18923 18830 18843 18860 19379 19519 19332 18010 18024 19225 19417 19046 19015 19004 19051 19179 19365 19497
17898 17968 18111 18227 18288 18620 18626 18571 18466 18392 18459 18546 18713 18327 18256 18371 18560 18520 18512 18604 18679 18755 18905 19238 19270 19094 19558 20221 20187 20075 19800 19518 19200 18971 18884 18797 18822 18774 18645 18825 18808 18845 19080 19165 19166 19186 19018 18918 18833 18821 18744 18738 18736 18754 18756 18671 18593 18589 18958 18985 18901 18982 18917 19305 19625 19627 19593 19460 19317 19584 19318 19207 19122 19067 19343 19469 19617
17883 17936 18161 18226 18417 18470 18669 18680 18710 18412 18429 18556 18655 18628 18621 18510 18474 18485 18403 18454 18457 18567 18725 18782 18857 18750 18851 19485 19407 19204 19359 19175 18721 18769 18886 18886 18891 18882 18802 18799 18809 18802 18914 18945 18943 18987 18912 18883 18846 18803 18716 18706 18786 18788 18689 18611 18529 18573 18540 18075 18452 18940 18892 19034 19219 19263 19565 19363 18381 19285 19371 19276 19098 19200 19328 19503 19589
17895 18031 18171 18274 18383 18513 18660 18695 18736 18512 18459 18530 18519 18556 18509 18492 18471 18422 18389 18399 18408 18434 18604 18632 18677 18713 18712 18875 18713 18770 18757 18752 18567 18673 18893 18730 17948 18478 18799 18783 18782 18742 18761 18759 18809 18855 18831 18852 18813 18779 18720 18683 18702 18688 18550 18502 18585 18385 19031 18966 18719 18888 18751 18857 18906 18995 19159 19164 18461 18291 19200 19233 19088 19205 19335 19545 19674
17918 18031 18175 18300 18487 18552 18647 18670 18698 18654 18453 18544 18542 18504 18480 18446 18446 18403 18387 18381 18367 18343 18438 18425 18339 18374 18403 18597 18663 18729 18860 18841 18792 18726 18812 18336 18073 18282 19094 19014 18821 18769 18729 18710 18747 18775 18764 18792 18778 18771 18717 18678 18552 18571 18523 18455 18562 18672 18883 18951 18850 18758 18826 18936 18898 19034 19119 18869 19452 19488 19163 19142 19209 19216 19365 19409 19594
17889 18034 18159 18372 18484 18562 18661 18691 18719 18692 18535 18568 18506 18504 18482 18434 18374 18332 18315 18326 18288 18263 18353 18326 18241 18230 18276 18366 18405 18774 18978 18995 19015 18837 18934 18845 18795 18795 19015 19205 18891 18823 18732 18672 18682 18688 18712 18773 18763 18804 18678 18650 18438 18412 18431 18430 18464 18564 18781 18778 18804 18836 18836 18887 18938 18984 18942 18920 19303 19303 19177 19122 19246 19233 19312 19478 19473
