Alternative/Moon/Lvl0_30x30/Ele_DF.asc
ncols         335
nrows         335
xllcorner     -3292508.343
yllcorner     -3377166.958
cellsize      10000
nodata_value  -9999.0
[rows 238 to 271 of 335, columns 231 to 307 of 335]
15713 15782 15794 15837 15887 15952 16016 16066 16079 16105 16138 16208 16915 16978 16980 16981 16998 17012 17013 17018 17019 17030 17030 17049 17040 17048 17082 17100 17127 17185 17210 17253 17308 17380 17478 17758 18329 18742 19047 19804 19954 17023 14706 13710 13688 13888 16522 18783 18554 17184 16527 16459 16374 16200 16144 15967 16376 16693 16193 17217 18184 19747 20557 21703 21944 21868 21721 21037 20090 19351 19009 19231 19473 20136 20184 19618 19286
15739 15796 15854 15882 15941 15975 16017 16048 16075 16108 16137 16184 16784 16980 16985 16995 17005 17005 17013 17010 17012 17037 17019 17067 17070 17091 17092 17088 17115 17124 17172 17282 17315 17371 17475 17620 17918 18524 18897 19657 20070 18711 16295 14524 14576 15835 17830 18184 17913 16968 16706 16579 16555 16426 16186 16039 16146 16306 15911 16727 17570 18561 20254 21277 22133 22006 21785 21440 20912 20142 19569 19578 19927 20358 20279 19964 19595
15809 15927 15956 16008 16058 16077 16082 16087 16074 16111 16146 16195 16231 16985 16999 17002 17032 17055 17026 17045 17086 17076 17086 17102 17121 17102 17110 17114 17151 17238 17190 17214 17282 17419 17493 17645 17883 18044 18429 19214 20018 20042 19115 17823 17906 18360 18183 18010 17148 16714 16481 16615 16192 16272 15940 15884 15944 15767 15876 16654 17339 18353 20099 21099 22241 22059 21868 21485 21239 20817 20957 20722 20537 20454 20391 20161 19835
15940 16062 16097 16131 16151 16131 16140 16114 16092 16126 16157 16206 16232 16984 16997 17013 17049 17097 17042 17095 17113 17110 17081 17087 17075 17104 17140 17157 17142 17238 17219 17296 17318 17367 17474 17646 17859 17964 18214 18934 19649 19960 19951 19895 19447 18905 18006 17133 16592 16347 16411 16321 16042 15754 15795 15506 15445 15709 15897 16569 16936 18151 19281 21010 22184 22102 21929 21641 21346 21093 21136 20856 20791 20772 20453 20258 20184
16227 16548 16781 16713 16477 16347 16252 16209 16162 16131 16176 16207 16230 16563 17014 17046 17028 17099 17088 17055 17045 17108 17106 17167 17127 17144 17179 17192 17181 17180 17176 17248 17290 17454 17509 17537 17667 17961 18178 18638 19069 19371 19761 19628 18842 17911 17183 16414 16123 16142 16164 16183 15500 15347 15376 15421 15536 15634 15779 16151 16535 17956 19142 20878 22078 21940 21827 21821 21218 21248 21130 21070 21135 20999 20958 20748 20495
17038 17347 17341 17516 17517 17153 16578 16353 16153 16153 16169 16275 16280 16280 17064 17130 17068 17032 17022 17038 17027 17151 17152 17177 17153 17107 17112 17128 17144 17172 17185 17266 17334 17430 17497 17558 17587 17777 17857 18364 18883 18938 19293 19331 17809 16974 16660 15819 16072 16110 16264 16127 15711 15655 15657 15525 15665 15809 16079 16279 16803 18286 19126 20884 22025 22060 21785 21658 21449 21367 21370 21530 21438 21036 20929 20829 20725
17255 16999 15650 16019 17428 17594 17181 16498 16261 16152 16184 16228 16391 16308 16887 17096 17029 17083 17081 17087 17042 17132 17136 17061 17074 17105 17115 17155 17291 17373 17424 17288 17257 17399 17509 17536 17539 17503 17747 18229 18783 18822 19061 19400 17891 17826 16833 15746 15798 15813 15836 15920 15884 16008 15827 15692 15781 15895 16127 16627 17388 18469 19680 21241 22097 22243 22047 22062 21989 21717 21422 21507 21364 21063 20822 20714 20655
17057 14752 13130 13470 15509 17581 17511 16635 16275 16152 16171 16264 16305 16304 16539 17027 17037 17057 17061 17018 17034 17105 17112 17084 17083 17060 17176 17395 17013 17433 17452 17311 17287 17419 17570 17554 17538 17632 17659 17924 18592 18667 19032 19395 18039 18069 17534 16093 15788 15800 15740 15920 15993 15951 15810 15773 16034 15987 15868 16910 18206 19460 20066 21861 22599 22734 22517 22332 22048 21741 21259 21140 21056 20974 20826 20789 20671
16219 13038 10970 11699 13848 17027 17537 16810 16533 16178 16166 16221 16280 16288 16362 17009 17021 17008 17048 17047 17076 17087 17117 17054 17062 17144 17187 17346 17330 17355 17333 17345 17246 17333 17518 17702 17595 17483 17616 17874 18170 18494 18937 19367 19078 18112 17834 16926 16022 15840 15749 15936 16067 15861 15677 15894 16091 15931 16383 17378 18892 20165 21540 22653 23196 23244 22693 22335 21747 21361 21095 20942 20908 20835 20849 20878 20826
17207 14951 13563 13418 14814 15901 15783 16190 16546 16148 16148 16218 16301 16306 16324 16891 17028 16975 17093 17042 17080 17148 17143 17122 17154 17191 17211 17179 17188 17288 17298 17238 17332 17405 17939 18059 17480 17407 17910 18018 17936 18500 18996 19302 19726 18556 18577 17806 16993 16140 15778 15917 15980 15949 15977 15882 15935 16540 17338 18258 19117 20749 22541 23449 23371 23226 22587 22115 21795 21325 21204 21143 21035 21007 20900 20863 20819
17221 17374 16658 16545 17371 17495 16814 16461 16520 16116 16144 16199 16249 16289 16309 16658 17067 17208 17116 17028 17046 17058 17079 17059 17121 17202 17246 17230 17245 17144 17116 17178 17322 17676 18078 18183 17315 17458 18072 18123 17881 18318 18496 18786 19639 19490 18760 18238 18048 17927 17354 16800 16586 16435 16487 16610 16624 17372 18064 18288 19111 21289 23034 23470 23134 22853 22515 22240 21958 21454 21230 21249 21198 21161 21088 21086 21023
17009 17410 17436 17342 17370 17256 16794 16498 16164 16097 16129 16182 16238 16266 16303 16466 16987 17002 16998 17009 17005 17027 17018 17042 17053 17087 17101 17073 17179 17088 17120 17354 17744 17715 17981 17939 17405 17967 18278 18111 17921 18186 18525 18758 19190 19580 19560 19033 18425 18573 18609 18198 18016 17269 17098 17152 17125 18213 18609 19413 20126 22176 23331 23355 23135 22689 22512 22265 21867 21365 21434 21319 21145 21098 21066 21134 21199
16241 16386 16541 16625 16557 16446 16268 16070 16051 16093 16121 16166 16214 16259 16297 16378 16958 16976 16981 16986 17017 16994 16998 17023 17062 17137 17120 17080 17067 17070 17168 17756 17778 17587 17365 17291 17659 18176 18310 18051 18101 18141 18288 18630 19127 19794 19871 19963 19817 19563 19218 19106 19111 18415 17692 17950 18483 19364 19900 20737 21903 22743 23257 23333 22975 22440 22375 21675 20856 21339 21430 21315 21137 21086 20931 21151 21216
15978 16130 16135 16297 16245 16187 16053 16012 16032 16076 16114 16155 16207 16252 16285 16358 16487 16968 16967 17000 17012 16995 17001 17031 17043 17072 17067 17038 17052 17086 17471 17725 17709 17108 17128 17189 17254 17471 17561 17595 18059 18128 18304 18543 18858 19495 19716 19953 20146 20215 20327 20665 20999 20723 19766 19469 20677 21980 22104 21975 22268 22679 23080 23203 22608 21825 21360 20995 21081 21481 21355 20915 20687 20628 20723 20749 20908
15852 15903 15926 15959 15962 15952 15971 15981 16025 16069 16102 16146 16197 16233 16279 16337 16413 16940 16953 16955 16955 16981 16954 16955 16988 16973 17029 17018 17109 17077 17451 17628 17375 17154 17144 17190 17216 17199 17379 17503 17699 17821 17914 18367 18519 18832 19225 19510 19381 19781 20211 20762 21187 21462 21830 22306 22241 22073 22086 22044 22384 22448 22239 21944 21682 21292 21046 20852 20938 21206 20910 20595 20300 20223 20383 20694 20783
15751 15811 15844 15867 15901 15933 15952 15975 16009 16057 16094 16138 16189 16229 16266 16301 16342 16926 16970 16937 16943 16941 16942 16947 16964 16956 16989 17001 17007 16995 17076 17431 17123 17163 17151 17180 17145 17206 17324 17329 17715 17869 17817 18043 18455 18741 18937 19132 19180 19172 19513 20069 20802 21291 22185 22523 22507 22450 22337 22102 21895 21771 21403 21466 21359 20936 20736 20750 20584 20674 20703 20492 20157 20149 20163 20741 20813
15722 15767 15784 15818 15864 15906 15950 15962 16004 16051 16084 16125 16173 16214 16257 16300 16331 16826 16914 16919 16921 16930 16958 16958 16938 17072 17070 17043 16946 17014 17021 17029 17049 17103 17037 17059 17061 17164 17282 17217 17272 17548 17808 18226 18520 18934 18589 18644 19072 19020 19074 19621 20159 20964 21862 22286 22476 22569 22403 21964 21662 21140 21478 21672 21874 21755 21183 20729 20578 20577 20641 20343 20230 20143 20096 20399 20822
15681 15730 15768 15803 15849 15955 15968 15950 15988 16039 16073 16159 16169 16205 16243 16293 16322 16541 16895 16897 16908 16913 16976 17296 17708 17601 17130 16968 17022 16986 17021 17114 17096 17011 16999 17020 17011 17069 17037 17090 17075 17194 17369 17788 18236 18514 17754 18665 18855 18952 18994 19412 20164 20843 21496 21785 21660 22211 22360 22414 22013 21600 21800 21879 21918 21708 21267 20835 20595 20524 20502 20343 20251 20108 20112 20134 20245
15661 15707 15748 15771 15853 15921 15953 15939 15982 16028 16059 16124 16191 16368 16309 16269 16313 16451 16868 16950 16980 17047 17554 17901 17800 17104 16962 16963 17075 17028 17026 17101 17006 17005 17004 16978 17015 17063 17046 17054 17029 17068 17110 17357 17604 18016 18149 18538 18820 18872 19185 19556 20160 20635 21042 21597 22047 22105 22541 22550 22086 21881 21782 21933 21735 21019 20773 20373 20279 20098 20196 20220 20206 20234 20206 20156 20202
15654 15695 15731 15768 15837 15877 15891 15931 15978 16032 16061 16110 16179 16338 16274 16255 16341 16574 17284 17442 17409 17071 17446 17161 16999 16918 16949 16943 16988 17015 17030 17058 16962 17013 17044 16986 16989 17049 17055 16997 17001 17071 17088 17020 17259 17634 17827 18077 18465 18544 19382 19995 20467 20821 21079 21628 22044 22256 22558 22500 21380 21620 21626 21672 21472 20951 20790 20385 19978 19121 20034 20190 20316 20430 20413 20269 20244
15671 15710 15731 15790 15829 15888 15916 15958 15998 16044 16074 16100 16136 16170 16209 16252 16433 16823 17423 17436 17467 17691 17634 17185 16901 16927 16940 16934 16928 17005 17057 17091 16966 17000 17035 16986 16977 17085 17070 17003 16948 17022 16999 16848 17154 17367 17546 17864 18364 19097 19687 20011 20533 21077 21414 21621 22112 22341 22388 21739 20887 20881 21156 21231 21089 21135 20945 19936 18371 19210 19528 20379 20488 20494 20448 20314 20324
15683 15761 15781 15787 15816 15841 15877 15923 15966 16012 16052 16104 16151 16168 16404 16490 16702 17004 17491 17637 17480 17519 17525 17099 16907 16913 16915 16903 16910 16921 16928 16949 16921 16916 16916 16934 16918 16896 16909 17012 16961 16977 16889 16857 17013 17379 17568 17643 18063 19052 19574 20347 20799 21312 21758 21827 22095 22379 22259 21133 20793 20878 21086 21377 21430 21134 20457 18520 17928 19421 20799 20934 20685 20518 20426 20395 20353
15666 15715 15729 15741 15799 15856 15846 15908 15974 16000 16038 16089 16128 16167 16634 16860 17125 17237 17572 17639 17034 16867 17244 16966 16887 16890 16890 16889 16933 16970 17006 16907 16890 16901 16917 16902 16895 16867 16945 16882 16944 16964 16932 16881 16979 17350 17576 17511 17849 18703 19395 20480 21013 21445 21812 21855 22106 22090 21756 20912 20893 21373 21561 21470 21400 19775 19270 18879 17758 18652 20602 21266 21186 20862 20725 20413 20469
15627 15677 15678 15717 15789 15881 15844 15901 15982 15991 16037 16082 16120 16177 16546 16888 17191 17314 17333 16981 16795 16815 16831 16856 16871 16872 16874 16880 16921 16941 17036 16883 16875 16901 16902 16883 16901 16914 16906 16923 16962 16956 16948 16883 16985 17252 17375 17352 17547 18812 20097 20747 20825 21161 21736 22035 21897 21645 21184 21156 21090 21439 21557 21492 20386 19233 19093 18954 17886 18024 19482 21231 21138 20810 20694 20434 20462
15597 15642 15660 15696 15745 15792 15823 15883 15951 15986 16023 16080 16131 16178 16207 16279 16341 16499 17068 17350 16819 16792 16812 16833 16846 16855 16870 16873 16878 16928 16936 16874 16874 16888 16891 16873 16850 16846 16932 16973 16985 16915 16886 16881 16887 16935 17107 17152 17514 18537 20089 20991 21271 21520 21617 22154 22170 21767 21732 21700 21472 21484 21683 21045 18619 18067 17955 18027 17866 17865 18422 20652 20636 20027 19840 20279 20005
15584 15608 15643 15687 15735 15787 15821 15881 15927 15975 16023 16080 16133 16184 16227 16282 16363 16456 16990 17594 17421 16773 16795 16820 16834 16846 16859 16917 16926 16938 16884 16913 16922 16858 16866 16860 16835 16899 16980 16996 16941 16846 16850 16855 16832 16947 16926 17182 17547 18167 19443 20978 21405 21560 21939 22181 22261 22070 21881 21690 21430 21634 21796 20185 18138 17772 17702 17923 17840 17851 18208 19523 19893 19699 19374 19489 19392
15569 15613 15645 15715 15765 15799 15850 15918 15960 15989 16039 16090 16148 16187 16219 16260 16329 16455 16522 17384 17838 17105 16773 16803 16822 16839 16877 16896 16890 16869 16871 16905 16930 16827 16831 16836 16832 16895 16945 16943 16826 16830 16816 16819 17124 17121 17140 17660 17566 18088 18789 20412 21519 21641 21988 22283 22473 22432 21884 21800 21561 21698 21791 20157 18047 17645 17626 17568 17691 17734 17986 19196 19571 18923 18498 18409 18299
15557 15609 15657 15713 15767 15837 15871 15943 15994 16034 16057 16097 16134 16161 16205 16276 16341 16438 16526 17177 18055 17460 16766 16797 16814 16825 16855 16845 16880 16845 16840 16857 16892 16830 16834 16828 16820 16864 16861 16863 16821 16848 16812 16831 17318 17361 17275 17560 17588 17923 18416 19627 21219 21383 21857 22257 22551 22421 21839 21536 21563 21628 21716 20010 17961 17655 17556 17507 17557 17517 17883 19408 19599 18123 17863 17841 17862
15601 15618 15643 15696 15749 15801 15848 15906 15964 16012 16064 16102 16127 16180 16230 16281 16354 16440 16626 17146 18107 17766 17247 16779 16794 16806 16823 16830 16838 16867 16835 16839 16857 16830 16825 16816 16812 16825 16846 16806 16856 16855 16770 17077 17883 17822 17337 17523 17578 17772 18407 19208 19668 20486 22184 22403 22455 22266 21729 21184 21237 20994 21000 19805 17959 17737 17717 17558 17587 17521 17903 19332 18865 17434 17345 17264 17174
15598 15633 15670 15715 15752 15823 15871 15918 15963 16020 16072 16108 16141 16195 16247 16304 16370 16453 16674 17456 17983 17542 17403 16752 16769 16792 16813 16823 16812 16839 16834 16815 16821 16811 16804 16805 16815 16820 16813 16791 16792 16755 16792 16987 17797 17728 17296 17465 17574 17758 18875 19554 21112 22195 22681 22797 22906 22225 21502 20767 20573 20041 19420 19260 18189 17794 17790 17546 17587 17706 18453 19164 18438 17096 17144 17218 17223
15593 15636 15665 15722 15780 15827 15872 15926 15977 16036 16086 16115 16150 16215 16272 16328 16389 16515 16881 17455 17324 17371 17292 16740 16759 16775 16792 16806 16803 16804 16816 16809 16806 16798 16789 16786 16814 16796 16813 16757 16760 16764 16820 17307 17464 17264 17035 17429 17671 18300 19941 21347 22159 22533 22637 22608 22720 22212 21483 20419 20032 19814 19126 18801 18743 18575 18326 18148 17989 18132 18499 18439 17614 17117 17140 17173 17216
15593 15643 15680 15736 15785 15842 15880 15935 15988 16040 16095 16146 16178 16239 16286 16349 16461 16926 17226 17138 16711 16891 16807 16734 16745 16765 16791 16804 16793 16794 16796 16799 16792 16792 16800 16783 16757 16778 16790 16740 16752 16769 16937 17310 17428 17124 17005 17404 18047 18890 20442 22039 22344 22503 22433 22514 22521 22087 21171 20270 19881 19901 19283 18450 18594 18624 18614 18553 18442 18040 17995 17528 17486 17261 17156 17191 17202
15610 15648 15705 15751 15801 15851 15892 15951 16010 16066 16111 16252 16269 16289 16335 16512 16843 16829 16974 16780 16651 16637 16717 16737 16738 16746 16763 16789 16789 16780 16784 16784 16779 16782 16776 16773 16852 16749 16739 16757 16775 16738 17035 17166 17038 17117 17416 18040 19154 20157 20953 22163 22408 22458 22437 22451 22464 21921 20925 20120 19601 19239 18784 18042 17531 17354 17494 17686 17838 17636 17441 17402 17318 17218 17246 17317 17267
15643 15685 15720 15772 15835 15888 15932 16001 16040 16104 16170 16206 16282 16291 16325 16423 16795 16501 16520 16569 16639 16671 16711 16745 16732 16742 16752 16764 16766 16770 16809 16796 16776 16773 16766 16761 16740 16740 16733 16736 16755 16723 17066 16988 17160 18024 18572 18921 19987 20850 21602 22142 22277 22444 22494 22386 22423 22159 20671 19652 19187 18510 17912 17391 17322 17369 17625 17505 17360 17401 17527 17424 17099 17286 17329 17404 17350
