Alternative/Moon/Lvl0_30x30/Ele_CJ.asc
ncols         335
nrows         335
xllcorner     10107491.657
yllcorner     -27166.958
cellsize      10000
nodata_value  -9999.0
[rows 204 to 237 of 335, columns 154 to 230 of 335]
21092 20452 19801 20067 20914 21049 20886 20321 19935 19116 18467 18411 18279 17914 17680 18634 19397 19817 19590 19264 19122 19235 19295 19731 20140 20273 20218 20416 20287 20199 20020 19784 19613 19722 20001 19702 20048 20017 19670 18778 17338 17156 17106 17748 18424 18249 18046 18001 18078 18151 18213 18260 18264 18471 19405 19751 20162 20005 19809 19901 19694 19121 18147 18217 17837 18022 18249 18752 19543 19562 20060 19909 19848 19945 19891 19770 20013
20372 20217 19486 19880 20643 20960 21072 20118 19067 18422 17491 17145 17006 16818 17394 18255 19442 20191 19996 19559 19363 19183 19424 19684 19900 19983 20595 20823 20708 20318 19754 19447 19660 19671 19866 19897 20220 20405 20417 19063 17385 17264 17201 18228 18402 18173 18037 18122 18141 18209 18323 18440 18763 19533 20137 20176 19925 18882 18185 18431 18558 18073 16968 16979 16889 16928 17073 17798 18887 19254 20017 20013 19796 19854 20049 20105 19942
19711 19919 19174 19589 20390 21023 21057 20037 18630 17806 17050 16685 16636 16630 16965 18215 19534 20455 20387 19944 19699 19603 19525 19701 20212 20401 20732 20896 20732 20282 19468 19547 19731 19710 19766 19767 20018 20246 20368 19992 18689 17883 18385 19059 18815 18356 18379 18467 18457 18487 18578 18945 19471 20200 20294 19498 18028 17176 16962 16923 17107 17102 16865 16802 16693 16747 16887 17233 18017 18721 20061 20009 19965 20010 20373 20438 20007
20925 20601 19789 19337 20474 21011 20966 20065 18426 17498 16822 16672 16743 16757 16914 18033 19414 19934 20273 20111 20075 19850 19437 19470 20171 20430 20693 20671 19969 19596 19106 19686 19677 19699 19763 19806 19948 19973 20187 20276 20129 19563 19883 19811 18858 18853 18668 18818 18960 19009 19268 19647 20195 20412 19670 18510 17119 16863 16831 16685 16708 16749 16654 16690 16722 16749 16853 17169 17423 18264 19779 19957 19952 20103 20541 20664 20159
21016 20683 20168 19909 20222 20815 20723 20096 18528 17392 16888 16730 16794 16891 16869 16898 17278 17503 18155 19852 20213 20003 19472 19031 19398 19720 20217 20002 18889 18897 19270 19873 19623 19575 19688 19791 19894 19902 19897 20296 20272 20092 20267 20021 19517 19454 19370 19525 19514 19856 20292 20524 20838 20812 20127 19009 17765 17410 17309 16758 16750 16768 16702 16683 16697 16763 16888 17160 17271 17509 19314 20020 19973 20198 20473 20526 20016
20834 20428 20186 20159 20012 20354 20411 20131 19078 17903 17263 16821 17312 18076 18235 17439 17062 17091 17048 18777 20486 20505 19564 18977 19024 19093 19451 19509 19100 19613 20416 20410 19985 19634 19669 20047 20262 20286 19852 19878 19834 19957 20203 20217 20205 20199 20110 20465 20385 20781 21174 21170 21073 21186 21130 20575 19280 18728 17931 16969 16729 16660 16716 16737 16678 16776 16929 17191 17295 17684 18914 20257 20243 20263 20332 20270 20014
20619 20582 20048 20180 19919 19684 20379 20576 19678 18684 17653 17255 18166 19281 19649 19218 17884 17207 17482 19228 20824 20739 20059 19574 19067 18979 19085 19287 19226 19977 20773 20827 20531 20203 20335 20398 20400 20282 19839 20070 20018 19958 20034 20024 20283 20413 20584 20734 20775 21091 21324 21269 21077 21281 21301 20911 19602 18882 17759 17135 17105 16755 16778 16717 16863 17002 16850 17177 17327 17753 19006 20651 20753 20305 20212 20499 20243
20824 20862 19880 20181 20040 19974 20353 20666 20175 19486 18597 18087 18887 19815 20212 19309 18269 18185 18875 20317 20901 20750 19930 19705 19029 18688 18568 18819 19166 19868 20590 21093 21031 20915 20867 20702 20651 20530 19780 20405 20398 20415 20394 19992 20247 20391 20533 20723 20822 21084 21157 20951 20855 20982 21057 20479 19080 18215 17815 17819 17542 17311 17071 16827 16809 16979 16906 17001 17094 17617 19297 20734 20759 19616 19343 20496 20240
21298 20935 20109 20090 20291 20465 20414 20540 20717 20585 19697 19065 20123 21041 20935 18696 20051 20304 20384 20510 20819 20775 19861 19471 18666 18139 17792 18430 18722 19530 20405 21175 21433 21540 21174 20949 20978 20798 20267 20862 20686 20469 20384 20145 20332 20233 20307 20548 20837 20927 20747 20740 20539 20443 20566 20483 19480 18899 18357 17810 17414 17284 17671 17326 16874 16851 16932 17081 17385 17611 19242 20278 20170 19076 19171 20007 20434
21513 20752 20178 19991 20375 20588 20479 20510 20864 20952 20710 20460 20585 21414 21489 21185 21253 21102 20795 20451 20445 20086 19090 18588 17865 17350 17080 17092 17413 18123 19125 19828 20971 21075 21367 20949 21001 20856 20860 20866 20663 20420 20000 20064 20110 20111 19676 20332 20383 20218 19764 20083 20371 20562 20705 20699 19970 19410 17975 16018 15506 16383 17725 17496 17203 16988 17119 17358 17630 18372 19530 20233 19883 19679 20266 20356 20368
21560 20813 20165 20099 20287 20452 20416 20378 20482 20720 20667 20239 20417 20573 20908 21093 21069 20878 20871 20830 20125 19321 18393 17898 17162 16628 16639 16504 16806 17391 17964 19139 20888 21341 21262 20941 21395 21354 20971 20783 20414 20233 19701 19740 19736 19733 19820 20067 20280 20111 19717 20150 20413 20479 20752 20787 20007 19178 16983 15460 15056 15294 17069 17450 17360 16990 17178 17445 18024 18585 19695 20012 20460 20854 20868 20429 20299
21377 20554 19987 19819 20129 20064 19661 19993 20340 20217 19851 19358 19342 19451 19477 19827 20224 20632 21033 20968 19938 18941 18040 17456 16702 16440 16382 16422 16486 16523 17408 18443 20223 21116 20284 20028 21492 21507 20955 20798 20392 20158 19750 19718 19751 19689 19794 19988 20143 20108 20069 20304 20427 20492 20751 20789 20113 18315 16289 15441 15119 15681 17247 17487 17187 17144 17306 17710 18461 19079 19633 19809 20454 20757 20590 20170 20449
20801 20245 20221 20260 20442 20446 19869 20076 20180 20079 19387 18573 18349 18437 18661 18928 19988 20566 20982 20865 19447 18637 17795 17207 16648 16342 16367 16471 16415 16496 16651 17375 19521 20186 20750 21111 21474 21407 20768 20516 20292 20108 19806 19830 19818 19805 20081 20223 20155 19938 20119 20298 20453 20378 19614 20425 20373 19477 17318 16198 15845 17105 17924 17579 17163 17446 18041 19005 19353 19691 20011 19831 20044 20192 20226 20305 20827
20439 20062 20079 20534 20506 20349 19986 20111 20095 20148 19577 18430 18093 18138 18259 18942 19982 20367 20827 20497 19030 18475 18005 17432 16908 16414 16382 16655 16704 16903 16973 18056 19518 19856 21203 21975 21857 21543 20992 20765 20260 20073 20002 19897 19988 20158 20333 20313 20230 19824 20066 20295 20382 19439 18919 19947 20449 20051 18864 18200 18013 18265 18400 17814 17696 17975 18720 19941 20120 20324 20259 19907 19891 19980 20595 21157 21477
20913 20310 20467 20546 20377 19633 19020 19550 20013 20150 19618 18250 18054 18049 18502 18716 19575 20157 20617 20047 19364 18932 18593 18293 17178 16460 16585 16698 16859 17455 18163 19346 20567 21782 22157 22072 22286 21463 20930 20945 20796 20478 20417 20413 20361 20502 20711 20306 20237 19853 19876 20101 20181 19877 19573 19919 19880 19544 20363 20503 19675 18787 18418 18097 18233 18670 19712 20421 20507 20434 20399 20123 20142 20510 21397 21745 21834
20949 20532 20375 20155 19511 18783 18430 18968 19685 19803 19587 18597 18030 17895 18497 18681 19333 19779 20357 20466 20026 19317 18917 18455 17252 16558 16668 16700 16930 17161 18191 19562 20882 22155 22886 22922 22637 21763 21547 21215 21123 20801 20569 20561 20776 21273 21213 20418 19822 19233 19460 19479 19641 20111 20294 20132 19721 19514 20252 20518 19604 18711 18956 18799 19146 19642 20591 20529 20446 20348 20362 20124 20149 20458 21447 21862 22074
20772 20392 19867 19220 18533 18435 18284 18416 19071 19748 19989 19415 18317 17942 17861 17928 18454 19019 20077 20399 20328 20185 19413 18965 17645 16664 16718 17344 17646 17764 18742 19809 21521 22038 22737 22810 22627 22113 22026 21883 21581 21358 21138 20863 20941 21371 21133 19829 18727 18471 18669 18605 18955 20041 20385 20139 19846 20046 20296 20216 19252 18939 19334 20314 20313 20365 20552 20473 20277 19967 20109 19897 19922 20272 21257 21943 22120
20720 20439 19722 18786 18310 18305 18251 18424 19161 20219 20499 20061 18732 18297 18425 18502 18626 18453 19106 20096 20413 20425 20012 19568 18585 17439 17485 18321 18825 19113 19828 20564 21185 21349 21374 21206 21527 21828 21933 21834 21744 21712 21738 21493 21160 21089 20477 19005 18392 18327 18396 18632 19652 20395 20357 19978 19826 19957 20296 20276 19181 18825 19705 20456 20474 20161 20057 20024 20164 20000 19855 19598 19678 20341 21160 21909 21913
20680 20437 19669 19025 18755 18597 18353 18949 19984 20633 20714 20163 19612 19397 19575 19608 18641 18344 18831 20008 20450 20464 20429 20182 18919 18802 19249 19561 19543 20127 19901 20103 20248 20220 19748 19414 19696 20419 20942 21108 21231 21322 21593 21553 21498 21180 20319 19034 18485 18367 18525 18704 19639 20344 20305 19882 19717 19865 20011 20028 19751 19712 19961 19990 19971 19908 19633 19610 19728 19870 19924 20066 20684 21401 21789 21998 21974
20325 19920 19469 19272 19047 18936 19254 19787 20352 20554 20571 20245 20024 19581 19705 19729 19375 18882 19391 19903 20236 20601 20860 20567 19196 19287 20119 20149 19838 20154 19766 19208 18849 18690 18237 18024 17909 18461 19050 19328 19817 20133 20824 21525 21513 21435 20560 19412 18541 18485 18683 18502 18764 19521 20184 19850 19689 19740 20050 20057 20019 19923 19848 19755 19754 19822 19687 19781 19768 19761 19866 20409 21005 21931 22161 22056 22023
19810 19658 19539 19213 19586 19932 19904 20015 20312 20255 20083 20239 20036 19747 19856 19779 19610 19755 20012 20165 20307 20513 20917 20983 20594 20675 20679 20324 20008 19627 18709 17991 17244 16929 16611 16107 15356 16373 17039 17892 18768 19054 19740 20792 21553 21550 21101 19879 18829 18530 18795 18823 18852 19098 20023 19780 19661 19717 20127 20189 19978 19739 19502 19517 19698 19764 19663 19740 19685 19882 20135 20693 21244 22143 22413 22205 22177
19540 19666 19464 19097 19425 19971 19918 20421 20291 20015 19839 19953 19853 19831 19838 19755 19930 20146 20072 20083 20290 20472 21007 21048 21083 21032 20671 20243 19380 18898 17666 16703 15740 15453 15235 15057 14734 14854 15662 16825 18080 18368 18725 19768 21132 21467 21304 20800 20536 20181 20230 20109 19982 19466 19840 19682 19665 19713 19858 19930 19924 19618 19464 19398 19420 19417 19615 19654 19720 19936 20262 20754 21454 22093 22390 22103 22133
19849 19660 19514 19176 19603 20017 20513 20621 20288 19936 19814 19819 19784 19728 19788 19741 19994 20210 20153 20161 20303 20633 20809 20609 20424 20287 19876 19522 18312 17962 17023 15761 14911 14691 14622 14703 14816 14813 14777 15755 16924 17586 18029 18730 20321 20995 20674 21066 21139 21064 20594 19963 19990 20027 19919 19663 19668 19655 19645 19746 19735 19535 19376 19389 19482 19747 19811 19697 19674 19978 20276 20491 21227 21752 21902 21846 22045
19843 19888 19814 19411 19593 20181 20641 20660 20266 20107 19940 19813 19712 19758 19781 19727 19957 20150 20101 20197 20565 20848 20752 19812 18750 18367 18684 18346 16817 16299 16244 15489 14754 14633 14589 14588 14662 14659 14725 15377 16332 16942 17464 18175 19239 20336 20820 21292 21384 21447 20900 20275 20135 20148 19836 19663 19524 19499 19483 19482 19482 19410 19467 19488 19849 19906 19958 19706 19730 19987 20446 20452 21005 21450 21723 21959 22037
20696 20174 19862 19373 20176 20710 20790 20764 20418 20212 20190 20030 19960 19879 19787 19722 19853 19869 20036 20214 20499 20951 21175 20636 19372 18083 17829 16565 14487 13696 15197 15166 14819 14632 14529 14612 14646 14635 14697 15146 15944 16496 17202 17831 18538 19589 20892 21865 21944 21471 20867 20584 20474 20167 19828 19717 19477 19451 19463 19383 19445 19452 19538 19678 19795 19952 19924 19796 19888 19666 19991 20317 20906 21464 21720 21854 21845
21275 20954 20313 20155 20155 20714 20729 20386 20163 19914 20009 20001 20175 19949 19680 19619 19729 19739 19989 20583 20847 21219 21239 20483 20098 19568 18282 16328 14124 13563 15226 15189 14969 14653 14567 14633 14677 14709 14741 14967 15761 16469 17029 17597 18553 19556 20683 21864 21884 21465 20706 20415 20163 19982 19646 19494 19338 19326 19392 19455 19504 19460 19592 19642 19833 20013 19703 19830 19961 20034 19852 19957 20394 21511 22014 21881 21949
21323 21246 21412 21024 20420 20368 20348 19865 19411 19335 19465 19750 19867 19711 19421 19480 19708 19935 20610 20987 21230 21406 21397 20904 20759 19901 18936 17951 16413 15592 15698 15271 14903 14627 14646 14668 14749 14725 14839 15047 15693 16415 16957 17568 18414 19294 20389 21602 21701 21489 20827 20373 19821 19867 19618 19503 19508 19510 19529 19517 19583 19634 19428 19503 19632 19517 19635 19808 20034 20109 20173 19911 20561 21391 21903 21964 21862
21613 21521 21409 21025 20259 19992 19755 19487 18935 18722 18652 19300 19480 19560 19756 19658 19973 20286 20817 21136 21463 21568 21421 21070 20778 19557 18908 18067 17233 16458 15750 15082 14735 14677 14727 14767 14642 14777 14843 15239 15955 16549 17085 17602 18244 18867 19990 21306 21473 21355 20782 20154 19787 19581 19541 19548 19514 19545 19451 19369 19532 19632 19544 19482 19476 19591 19669 19777 19919 20117 20307 20136 20506 21124 21581 21876 21526
21528 21244 20518 20137 19444 19211 19048 18430 18271 18206 18347 18895 19182 18810 20158 20234 20547 20752 21084 21224 21406 21452 21200 20973 20555 19607 19200 18228 17245 16449 15777 15673 15394 15354 15084 14875 14829 14928 15394 15915 16434 16873 17426 17748 18463 19247 20271 20721 20841 20798 20564 20131 19905 19795 19669 19619 19507 19440 19613 19609 19249 19057 19379 19445 19696 19714 19727 19716 20032 20035 19996 20022 20044 20816 21760 21874 21423
21200 20826 20034 19383 18806 18252 18033 17937 17877 17947 18146 18718 19151 19405 20218 20739 21001 20919 21148 20624 20216 20937 21150 20988 20083 19651 19415 18722 17792 17212 16735 16673 16468 16362 16337 15934 15496 15548 15694 16602 16806 17052 17733 18212 18668 19498 20440 20584 20361 20100 20356 20535 20193 20281 19856 19725 19577 19693 19895 19944 19569 18942 19302 19468 19708 19744 19589 19714 20042 20047 20114 20144 20110 20746 21467 21691 21411
20929 20782 20018 18368 17873 17704 17755 17490 17289 17395 17754 18175 18686 19380 20259 21203 21337 20862 20006 19441 20047 20743 21181 21067 20700 20186 19784 19295 18469 17992 17777 17350 17194 17189 16914 16772 16589 16637 16784 17219 17302 17537 17798 18286 18867 19595 20537 20570 20378 20371 20570 20765 19750 20432 20267 19363 19641 19668 19750 19798 19730 19702 19832 19564 19601 19510 19567 19844 20048 19975 20146 20260 20209 20253 21034 21262 21208
20695 20613 19797 18066 17658 17775 17441 17274 17256 17300 17490 17787 18529 19241 20087 20997 20947 19777 18735 20103 20784 20847 21118 21137 21050 20584 20445 19689 19057 18801 18621 18098 18105 18095 17757 17648 17578 17524 17655 17516 17583 17900 17729 17603 19078 20478 20689 20645 20338 20421 20594 20435 19352 19908 20059 19259 19381 19558 19552 19587 19637 19674 19721 19501 19554 19547 19687 19875 20102 19924 19848 19973 20272 20201 20597 20873 20869
20372 20293 19450 18024 17434 17450 17273 17175 17276 17249 17427 17759 18380 18874 19535 19484 19054 18724 19082 20927 21437 21401 21277 21377 21338 21351 20823 20227 19991 19762 19421 19336 19190 19118 18445 18497 18737 18596 18431 18390 18025 18362 18541 18947 20286 21369 21405 21117 20599 20634 20594 20017 18772 18922 19620 19678 19721 19629 19715 19614 19606 19621 19647 19559 19621 19689 19721 19987 20031 19951 19801 19938 20359 20441 20292 20570 20936
20137 19902 18883 17813 17346 17255 17145 17117 17251 17319 17426 17667 18144 18648 19258 19458 19089 18789 19606 21275 21432 21381 21508 21686 21685 21956 21785 21366 20866 20463 20328 20075 19911 19657 18628 19090 19521 19479 19172 19139 19102 19078 19248 20076 21404 21860 21802 21335 20698 20643 20609 20445 19161 19675 19762 19693 19794 19806 19720 19660 19591 19616 19551 19604 19602 19757 19953 20296 20377 19845 19927 20037 20141 20429 20425 20580 20855
