Alternative/Moon/Lvl0_30x30/Ele_BD.asc
ncols         335
nrows         335
xllcorner     -9992508.343
yllcorner     3322833.042
cellsize      10000
nodata_value  -9999.0
[rows 204 to 237 of 335, columns 154 to 230 of 335]
16125 16194 16271 16339 16184 16128 16195 16268 16372 16348 16024 15672 15666 15659 15652 15638 15627 15616 15604 15586 15570 15550 15537 15525 15487 15473 15500 15520 15476 15454 15466 15481 15479 15456 15463 15461 15458 15441 15419 15373 15354 15346 15335 15328 15312 15303 15280 15286 15279 15303 15281 15277 15325 15315 15294 15321 15321 15313 15276 15203 15147 15114 15087 15074 15054 15052 15052 15055 15062 15066 15079 15077 15087 15097 15113 15128 15149
16153 16061 16188 16023 16189 16179 16289 16320 16213 15967 15710 15682 15670 15672 15651 15645 15638 15624 15614 15601 15572 15555 15538 15525 15496 15509 15533 15529 15470 15474 15485 15485 15473 15548 15596 15638 15636 15605 15597 15526 15428 15340 15335 15320 15311 15301 15323 15290 15277 15262 15240 15237 15249 15281 15279 15291 15316 15287 15221 15208 15185 15109 15083 15075 15069 15066 15067 15064 15067 15069 15069 15080 15094 15098 15116 15134 15159
16213 16023 16183 16028 16225 16255 16153 16079 15813 15700 15694 15685 15672 15669 15659 15655 15644 15642 15633 15599 15573 15556 15536 15510 15550 15531 15533 15504 15494 15489 15492 15490 15524 15619 15703 15725 15711 15836 15704 15594 15492 15361 15341 15329 15315 15306 15294 15282 15277 15260 15241 15236 15238 15265 15269 15304 15309 15275 15226 15177 15180 15154 15103 15113 15076 15075 15076 15079 15080 15080 15083 15090 15102 15112 15125 15139 15158
16165 15794 15976 15926 16110 16212 16200 15837 15714 15703 15702 15690 15677 15666 15660 15656 15650 15647 15621 15593 15573 15550 15528 15511 15563 15522 15523 15496 15503 15504 15504 15505 15568 15691 15740 15740 15819 15962 15781 15594 15482 15350 15347 15336 15322 15308 15298 15285 15281 15267 15251 15245 15258 15313 15280 15294 15302 15292 15253 15205 15151 15164 15103 15117 15110 15097 15096 15086 15093 15096 15097 15100 15114 15124 15130 15146 15177
16016 16026 15959 15925 15916 16236 16255 15788 15720 15706 15701 15693 15684 15670 15664 15658 15648 15631 15617 15594 15575 15547 15528 15500 15543 15557 15552 15506 15506 15506 15512 15513 15582 15693 15716 15699 15943 15305 15767 15577 15364 15363 15357 15348 15324 15313 15303 15302 15295 15279 15261 15251 15241 15275 15281 15289 15301 15303 15270 15225 15173 15134 15116 15075 15083 15077 15091 15084 15089 15099 15106 15112 15123 15132 15145 15168 15195
15903 16087 16283 16198 16020 16213 16239 15792 15719 15721 15724 15697 15694 15672 15667 15654 15650 15632 15615 15590 15567 15540 15521 15498 15476 15566 15552 15523 15509 15517 15522 15509 15581 15630 15639 15618 15831 15826 15885 15440 15374 15371 15365 15350 15333 15323 15314 15309 15304 15285 15279 15270 15252 15268 15288 15308 15323 15321 15288 15243 15191 15151 15114 15089 15076 15083 15084 15094 15095 15093 15111 15121 15138 15143 15155 15179 15208
15885 15919 15921 15927 15960 16096 16173 16060 15719 15726 15724 15710 15702 15678 15666 15660 15643 15624 15609 15590 15562 15538 15519 15491 15474 15579 15575 15528 15520 15524 15518 15523 15528 15582 15584 15557 15544 15507 15471 15383 15379 15376 15376 15361 15354 15330 15320 15315 15318 15298 15277 15283 15257 15272 15288 15318 15347 15351 15315 15249 15222 15209 15146 15123 15093 15097 15103 15114 15137 15138 15121 15125 15141 15152 15166 15198 15219
15891 15938 15977 15995 15985 15998 16147 16110 15788 15735 15739 15735 15701 15690 15678 15665 15641 15619 15602 15578 15555 15527 15510 15489 15479 15562 15571 15523 15534 15609 15627 15638 15657 15633 15623 15515 15465 15448 15398 15393 15391 15384 15379 15371 15357 15344 15329 15320 15327 15314 15298 15281 15268 15252 15288 15291 15355 15363 15316 15253 15231 15202 15178 15153 15119 15108 15111 15129 15154 15187 15204 15198 15148 15156 15171 15202 15232
15983 16041 16038 16045 16059 16015 16098 16047 15808 15747 15754 15729 15713 15691 15673 15671 15639 15613 15590 15568 15552 15533 15514 15494 15502 15582 15589 15529 15565 15641 15698 15701 15694 15670 15637 15535 15428 15407 15406 15402 15396 15392 15384 15378 15367 15353 15345 15342 15339 15325 15307 15286 15271 15254 15265 15291 15341 15363 15305 15258 15244 15221 15207 15197 15171 15124 15109 15125 15142 15181 15204 15238 15234 15220 15197 15219 15250
15932 15984 15909 16050 16193 16320 16293 16124 15853 15774 15753 15743 15727 15698 15697 15678 15639 15619 15604 15569 15553 15538 15526 15512 15510 15588 15604 15542 15621 15673 15703 15715 15688 15656 15618 15511 15417 15418 15413 15414 15409 15404 15393 15390 15375 15368 15362 15357 15349 15333 15314 15295 15282 15267 15267 15300 15330 15327 15299 15277 15261 15252 15233 15283 15225 15158 15130 15118 15111 15153 15189 15240 15258 15270 15266 15283 15319
15941 16053 16239 16630 17035 17226 17238 17008 16366 15966 15848 15796 15759 15726 15711 15680 15647 15623 15600 15576 15558 15550 15570 15583 15740 15585 15589 15570 15596 15652 15731 15716 15676 15624 15576 15483 15432 15432 15427 15415 15412 15411 15407 15399 15391 15385 15378 15369 15361 15341 15324 15306 15290 15276 15274 15297 15332 15334 15291 15275 15275 15273 15259 15242 15233 15205 15162 15137 15130 15138 15143 15150 15192 15246 15251 15265 15310
16242 16564 16862 17028 17154 17332 17522 17528 17227 16732 16727 16407 15877 15749 15717 15671 15645 15622 15604 15580 15573 15613 15611 15622 15964 15618 15665 15625 15580 15636 15680 15686 15650 15599 15555 15475 15445 15440 15434 15423 15421 15428 15420 15412 15405 15398 15391 15375 15362 15347 15332 15308 15296 15287 15290 15286 15272 15325 15275 15277 15277 15277 15271 15267 15264 15233 15183 15150 15150 15154 15162 15165 15177 15240 15237 15217 15277
16577 17223 17344 16749 15152 14814 15942 17074 17330 16951 16970 16083 15805 15731 15700 15765 15771 15825 15889 15781 15722 15851 16015 15971 15628 15555 15643 15619 15554 15558 15571 15615 15601 15557 15527 15479 15487 15493 15482 15439 15435 15444 15429 15420 15414 15405 15402 15387 15374 15355 15340 15319 15309 15303 15302 15302 15282 15297 15288 15269 15269 15278 15293 15310 15299 15275 15242 15167 15170 15172 15181 15190 15207 15256 15259 15233 15239
16898 17357 17184 15132 12982 12824 14141 16021 17122 16675 16395 15934 15776 15715 15701 15900 16011 16073 15888 15808 15905 15779 15934 15905 15849 15552 15502 15519 15511 15535 15536 15552 15552 15521 15509 15499 15498 15509 15513 15503 15453 15457 15446 15443 15430 15421 15410 15393 15383 15362 15357 15343 15337 15326 15321 15308 15296 15276 15286 15279 15274 15281 15307 15340 15309 15292 15330 15298 15195 15193 15201 15210 15223 15231 15235 15242 15253
16818 17544 17521 15458 13741 13355 14605 16269 17041 16512 16165 15964 15844 15777 15731 15718 15855 15867 15718 15698 15625 15648 15664 15676 15652 15545 15511 15493 15478 15510 15543 15553 15531 15507 15519 15508 15491 15487 15489 15473 15468 15468 15464 15455 15447 15435 15424 15399 15396 15380 15364 15371 15357 15347 15332 15316 15305 15286 15278 15279 15277 15279 15326 15350 15328 15301 15345 15351 15211 15199 15206 15212 15224 15232 15236 15247 15254
17313 17632 17752 17086 16090 15840 16364 17103 17030 16439 16152 15941 15860 15806 15748 15711 15687 15636 15647 15654 15615 15589 15580 15583 15556 15484 15479 15495 15500 15492 15494 15511 15505 15511 15522 15513 15506 15494 15497 15488 15484 15482 15478 15472 15455 15443 15439 15410 15397 15389 15382 15380 15361 15350 15334 15323 15309 15302 15292 15290 15282 15293 15337 15346 15348 15328 15285 15268 15207 15206 15216 15226 15229 15239 15245 15251 15263
17193 17160 16988 17493 17577 17306 17187 17034 16639 16222 16050 15898 15857 15830 15789 15709 15671 15632 15646 15644 15591 15559 15546 15525 15504 15486 15481 15471 15485 15485 15474 15488 15506 15509 15524 15527 15525 15513 15503 15497 15498 15493 15492 15487 15471 15452 15439 15417 15404 15405 15402 15388 15371 15357 15345 15337 15323 15320 15299 15299 15302 15320 15358 15375 15371 15332 15265 15215 15211 15217 15223 15231 15238 15244 15258 15267 15278
15750 15892 16559 16829 16868 16699 16577 16344 16196 16024 15948 15902 15859 15833 15805 15733 15686 15662 15646 15636 15595 15552 15562 15550 15516 15502 15489 15485 15480 15479 15478 15485 15499 15560 15572 15595 15591 15564 15523 15507 15511 15503 15507 15499 15485 15460 15450 15429 15427 15419 15419 15406 15387 15369 15360 15345 15349 15333 15310 15312 15316 15374 15374 15382 15377 15322 15250 15229 15232 15240 15246 15252 15264 15269 15278 15286 15296
15764 15926 16040 15947 16054 15912 16044 16144 16035 15912 15873 15879 15854 15833 15812 15765 15705 15694 15686 15630 15574 15527 15558 15572 15532 15521 15526 15520 15499 15497 15501 15490 15544 15596 15626 15646 15647 15627 15566 15517 15517 15515 15518 15519 15514 15479 15456 15436 15441 15439 15433 15422 15405 15383 15380 15377 15363 15353 15342 15338 15338 15370 15367 15382 15384 15335 15275 15243 15253 15261 15265 15270 15283 15300 15310 15305 15312
15708 15750 15718 15706 15737 15807 15861 15889 15885 16185 16258 16157 15959 15835 15821 16014 16013 16021 15763 15661 15568 15525 15514 15557 15534 15534 15542 15539 15518 15501 15501 15519 15566 15618 15656 15683 15687 15662 15606 15543 15526 15532 15532 15544 15516 15482 15471 15450 15451 15453 15447 15433 15416 15394 15397 15394 15376 15366 15353 15353 15358 15366 15362 15377 15374 15338 15303 15277 15269 15279 15284 15290 15300 15326 15327 15323 15333
15729 15702 15698 15721 15723 15744 15771 15814 16009 16242 15996 16217 16160 15904 15936 16190 15640 15917 15935 15771 15579 15525 15521 15517 15501 15518 15518 15531 15534 15529 15521 15519 15583 15641 15674 15692 15692 15683 15642 15564 15533 15544 15545 15541 15518 15502 15489 15470 15468 15463 15455 15438 15422 15415 15417 15408 15400 15375 15373 15383 15389 15382 15362 15377 15362 15341 15342 15305 15289 15297 15301 15310 15319 15332 15341 15354 15361
15759 15745 15746 15768 15778 15771 15771 15797 16078 16281 15750 16146 16325 15881 15925 16204 15619 15928 15865 15728 15562 15536 15534 15539 15512 15502 15507 15502 15533 15530 15529 15522 15582 15643 15673 15694 15703 15691 15662 15576 15557 15557 15558 15543 15529 15514 15495 15483 15477 15473 15466 15450 15431 15432 15430 15421 15410 15385 15386 15395 15423 15419 15378 15375 15363 15374 15378 15327 15311 15314 15322 15331 15343 15358 15369 15386 15407
15812 15792 15797 15789 15796 15793 15799 15782 15899 16145 16199 16103 16249 16474 16321 15883 16003 16011 15971 15650 15555 15550 15546 15537 15522 15509 15503 15491 15482 15505 15523 15505 15536 15575 15634 15685 15702 15685 15645 15565 15573 15576 15572 15559 15535 15522 15512 15496 15499 15498 15476 15459 15446 15445 15443 15435 15428 15409 15419 15422 15431 15428 15380 15369 15364 15383 15393 15369 15344 15338 15346 15353 15372 15388 15406 15434 15465
15840 15842 15829 15812 15819 15810 15803 15789 15792 15807 15838 15804 16240 16748 16722 16486 16133 15712 15655 15611 15569 15559 15552 15545 15535 15517 15508 15489 15479 15477 15490 15504 15510 15533 15589 15644 15669 15643 15592 15567 15579 15583 15578 15562 15543 15523 15515 15502 15498 15493 15485 15461 15456 15449 15448 15446 15447 15428 15452 15438 15418 15403 15382 15363 15363 15377 15397 15425 15399 15361 15370 15380 15398 15421 15442 15479 15497
15891 15871 15863 15858 15847 15823 15809 15793 15783 15780 15772 15752 15806 16032 16199 16343 16194 15993 15711 15594 15577 15579 15567 15549 15541 15521 15509 15513 15492 15489 15484 15490 15509 15528 15531 15579 15597 15575 15573 15587 15591 15590 15588 15564 15538 15524 15520 15512 15510 15500 15492 15468 15455 15451 15455 15454 15457 15450 15465 15450 15418 15394 15383 15367 15372 15403 15428 15473 15417 15382 15394 15413 15437 15467 15481 15528 15538
15912 15900 15884 15869 15857 15833 15821 15810 15794 15779 15771 15762 15744 15726 15717 15701 15811 15867 15698 15608 15595 15587 15578 15556 15545 15528 15520 15513 15509 15511 15507 15510 15523 15535 15534 15552 15578 15592 15617 15598 15594 15582 15575 15560 15541 15525 15524 15518 15518 15502 15484 15475 15464 15454 15457 15466 15462 15456 15481 15474 15442 15411 15395 15379 15396 15425 15500 15491 15413 15409 15420 15441 15470 15501 15515 15538 15548
15938 15925 15908 15874 15869 15847 15835 15815 15807 15796 15778 15763 15745 15731 15712 15682 15709 15833 15772 15668 15611 15605 15593 15579 15548 15540 15536 15527 15536 15541 15538 15539 15540 15542 15549 15560 15631 15601 15618 15600 15586 15570 15565 15550 15537 15532 15526 15520 15514 15494 15484 15480 15471 15459 15470 15473 15484 15451 15482 15487 15488 15448 15425 15412 15436 15471 15529 15477 15417 15430 15445 15471 15496 15523 15538 15552 15552
15947 15943 15918 15891 15881 15858 15849 15831 15816 15802 15792 15766 15750 15735 15710 15689 15681 15829 16423 16468 15635 15613 15606 15586 15563 15555 15553 15558 15553 15556 15553 15547 15547 15545 15546 15561 15639 15644 15582 15587 15579 15568 15559 15557 15549 15534 15530 15521 15508 15491 15483 15478 15472 15475 15484 15480 15478 15457 15464 15492 15501 15498 15471 15454 15460 15474 15521 15425 15430 15450 15467 15510 15517 15539 15550 15558 15556
15952 15945 15933 15906 15891 15875 15865 15850 15841 15825 15817 15795 15762 15743 15722 15701 15690 15993 16502 16577 15633 15625 15621 15602 15579 15581 15579 15573 15575 15581 15573 15562 15554 15546 15539 15545 15584 15584 15574 15576 15576 15570 15570 15557 15548 15535 15527 15519 15506 15493 15490 15488 15491 15491 15491 15485 15471 15452 15458 15478 15499 15521 15555 15569 15486 15512 15515 15430 15449 15464 15485 15514 15534 15550 15555 15555 15551
15968 15953 15940 15925 15906 15892 15886 15869 15854 15832 15832 15828 15809 15746 15730 15700 15668 15673 15751 15770 15646 15643 15632 15613 15596 15595 15593 15598 15606 15599 15581 15572 15563 15558 15549 15556 15579 15580 15587 15587 15585 15575 15569 15555 15544 15534 15525 15506 15505 15501 15500 15496 15496 15491 15490 15484 15474 15459 15463 15472 15489 15517 15558 15587 15552 15495 15436 15447 15465 15490 15515 15530 15546 15553 15554 15543 15527
15990 15981 15974 15937 15925 15921 15914 15885 15864 15877 16091 15976 15999 15780 15724 15694 15696 15768 16010 15853 15659 15653 15653 15634 15620 15624 15625 15621 15614 15605 15586 15578 15569 15560 15553 15556 15579 15593 15588 15591 15590 15580 15567 15551 15539 15532 15518 15509 15509 15505 15501 15500 15489 15489 15487 15489 15472 15465 15471 15479 15495 15520 15561 15640 15596 15460 15452 15462 15477 15499 15520 15540 15556 15557 15544 15529 15499
16015 15992 15990 15975 15953 15927 15913 15883 15861 15893 16081 15995 16011 15779 15712 15712 15706 15829 16063 15940 15676 15676 15668 15652 15647 15643 15635 15633 15613 15604 15593 15579 15570 15564 15564 15568 15566 15602 15605 15591 15598 15584 15573 15551 15531 15519 15518 15509 15502 15496 15485 15472 15481 15491 15490 15488 15471 15476 15482 15496 15509 15529 15559 15631 15583 15460 15459 15485 15489 15511 15530 15544 15557 15550 15530 15498 15436
16009 15995 15993 15979 15953 15928 15898 15859 15836 15828 15897 15969 15908 15765 15723 15727 15722 15713 15702 15707 15700 15688 15687 15677 15668 15667 15654 15646 15631 15614 15601 15593 15584 15579 15573 15577 15576 15605 15600 15595 15597 15580 15574 15551 15529 15521 15508 15498 15486 15494 15468 15459 15468 15478 15475 15485 15477 15492 15506 15520 15544 15538 15537 15538 15524 15465 15462 15481 15492 15505 15520 15529 15527 15508 15469 15422 15388
15983 15984 15964 15928 15908 15894 15869 15845 15827 15814 15801 15785 15766 15744 15745 15749 15735 15730 15727 15760 15817 15756 15723 15691 15693 15683 15673 15657 15636 15625 15611 15595 15587 15616 15596 15585 15578 15617 15615 15597 15596 15591 15579 15560 15539 15522 15493 15467 15462 15455 15447 15462 15475 15478 15482 15494 15515 15537 15542 15548 15549 15523 15495 15502 15511 15494 15447 15465 15470 15475 15477 15491 15483 15448 15413 15371 15366
