Alternative/Moon/Lvl0_30x30/Ele_EC.asc
ncols         335
nrows         335
xllcorner     -13342508.343
yllcorner     -6727166.958
cellsize      10000
nodata_value  -9999.0
[rows 68 to 101 of 335, columns 231 to 307 of 335]
24523 22609 22071 21571 20977 20392 20325 20440 20496 20083 18923 18988 19076 18921 19731 20859 22272 24322 24712 24903 24594 23446 23424 23711 23332 24842 25526 25804 26233 27276 27457 27259 25879 25343 25346 24797 24009 23947 23647 22717 22934 23428 23421 23403 23983 24243 24396 24169 24525 25533 25409 24544 24194 24287 24523 25079 25742 26118 27016 27568 27572 27114 27654 28407 28756 28695 28257 27886 27620 27432 28124 28616 28872 29529 29798 30430 30655
24639 23301 22252 21351 20942 20473 20243 20397 20657 20304 19161 18954 19016 19297 19790 20631 21681 23671 24800 24783 24088 23334 23411 23976 23903 24832 25521 25962 26349 27675 27747 26430 25263 25494 25380 24569 24369 24360 23714 22902 23228 23403 23546 24094 24687 24803 25394 25447 25550 25918 25736 24949 24680 24927 24925 24863 25692 26145 26278 26269 26296 26450 26948 27934 28647 28598 27537 26695 26555 27338 28185 28680 28940 29540 29492 29907 29941
24831 23996 22910 21741 21155 20582 20187 20064 20357 20442 19749 19400 19477 19276 20454 21529 22525 24370 25328 25104 24548 23851 23397 24632 24670 24326 24939 25752 26542 27747 27516 25779 25146 25125 24804 24073 24087 24045 23620 23269 23426 23268 23737 24221 24713 25042 25822 25859 25885 26099 25973 25127 24871 25071 25241 24947 25233 25691 25870 26323 26395 26467 26683 26849 27141 27081 26927 26906 26514 27341 28029 28642 28992 29473 29539 29802 29759
26141 25127 23318 21999 21257 20723 20229 20208 20329 20412 19913 19812 19934 19963 20482 22490 23769 24711 25895 25445 24729 24454 24479 25049 25250 24768 24985 25874 26568 26929 26305 26234 25682 24632 24117 24053 24300 24229 24063 23622 23575 23427 23727 24052 24413 24816 25253 25447 25386 25336 25197 24559 24708 24678 25008 25156 25164 25455 25770 26243 26410 26445 26463 26377 26236 26463 26606 27117 27426 27354 28152 28576 29128 29194 29114 29213 29207
27121 26215 24130 22919 22406 21532 20519 20335 20237 20446 20020 20165 20283 20797 21805 23578 24629 25622 26270 25982 25332 24870 24615 25731 25906 25766 24700 26042 26629 26734 27052 27158 26624 25624 25078 24637 24566 24443 24222 23557 23266 23192 23243 23393 24216 24672 25396 25438 25223 25390 24820 24099 24365 24555 24228 24571 24929 25378 25272 25521 26150 26278 25908 25833 25734 26854 27516 27289 27951 28047 28270 28575 29093 29137 29253 29482 29595
27138 26396 24700 23215 22403 21698 20503 20317 20395 20456 19981 20409 21008 21711 22383 23964 25861 27270 27356 26820 25872 25231 24802 26054 26189 26159 25285 25984 26803 26952 27203 27318 26999 26312 25380 24720 24551 24352 23737 23212 23158 23455 23396 23358 24232 24576 24907 24956 24954 25218 24999 23970 24358 24169 23749 23247 24085 24537 24683 25146 25534 25596 25745 26386 26408 27519 27975 28079 27933 27942 27698 28116 28295 28618 29290 29593 29834
26414 25717 24423 23121 22011 21419 20482 20591 20152 20222 20412 21005 21360 21986 23165 24867 26709 27674 27560 27215 26641 26139 25885 25883 26104 26059 25614 26029 26713 26679 27119 27124 26773 26129 25824 24967 24427 23970 23207 22954 23292 23626 23684 23653 23154 24105 24469 24599 24758 24797 24638 24323 24423 24255 23498 22494 22987 23497 23650 24088 24170 24664 25979 27093 27091 27251 27807 28097 27951 27644 27545 27648 27751 27565 28751 28962 29386
25952 25110 23808 22144 20873 20377 20583 20582 20246 20279 20535 21455 22095 22375 23128 24830 26596 27641 27860 27900 27531 27008 26450 26169 25912 25835 25563 26432 26722 26679 26699 26605 25611 25746 25673 25259 24317 24130 23036 23264 23422 23450 23757 23665 23093 23223 24300 23872 23448 23795 24169 24170 24316 24370 23499 22489 22794 22768 22758 23589 24169 25090 25964 27085 27120 27046 26380 27554 27643 27624 27378 28004 28056 27553 27825 28260 28776
25939 24788 22873 21066 20614 21080 20911 20313 20829 21208 21074 21531 22404 22453 23168 24399 25777 27029 27780 27791 27593 27637 27255 26898 26543 25563 26119 26695 27045 26800 26445 26145 25316 25423 25740 25163 24350 23844 23292 23435 23451 23687 24044 24038 23965 23725 23438 23027 22959 23019 23300 23678 23928 24111 23170 22575 22766 22951 23157 24115 24793 25614 25706 26700 26983 27175 26763 26488 26626 26670 26912 27819 27972 27365 27197 26944 27559
25798 24694 22817 20765 20598 20978 20547 20284 20857 21405 21425 21630 22374 22380 23107 23932 24909 26233 26900 27187 27565 27665 27483 27251 26775 26214 26852 26997 26829 26628 26241 25630 25357 25303 25583 24923 24327 24050 23952 23787 23300 23378 23910 23993 24119 24043 23806 23197 23764 24088 24272 24112 23858 23413 22872 22565 22640 22799 23142 24075 24816 25631 26208 26922 27282 27332 27285 26974 26221 26255 26411 26925 27092 27453 27499 27410 27182
24426 24429 22751 20658 20266 21038 21105 20413 21249 21666 21649 21621 21874 22266 23325 23871 23956 25410 26407 26862 27088 27440 27255 26864 26134 26462 26820 26765 26886 26805 26175 25812 25508 25171 25485 25486 25717 25794 25297 24645 24084 23589 23802 23899 24072 24014 23947 23706 24083 24373 24592 24572 24179 23336 22774 22713 22625 22814 22953 23496 24374 25742 26490 27072 27367 27513 27530 27205 27157 26935 27156 27114 26929 27469 27515 27520 28173
24556 23143 22261 20587 20574 20912 20955 20131 20572 20991 21275 21503 21472 22419 23098 23718 24029 24911 26202 26689 27003 27191 26655 25838 25066 24540 25364 26564 26950 27047 26305 26381 25977 25362 25962 26414 26781 27074 26031 25117 24620 24088 24084 23973 23734 23710 23531 23919 23874 24028 24981 24771 24243 23373 22828 23017 23140 22974 22999 23707 24532 25707 26388 26855 26834 27517 27494 27135 27308 27548 27566 27115 26987 27548 27592 27760 28490
24409 23277 22301 21510 20787 21218 20714 19423 19310 20256 20770 21087 21425 22459 23282 23596 23702 24198 25858 26482 26690 26591 26303 25253 24240 23805 25278 26414 26722 26770 26592 26534 26286 26149 26618 27521 27449 27507 26141 25408 24934 24834 24866 24446 23573 23489 23287 23485 23390 24133 24823 24479 23673 23378 22841 23242 23399 23312 23008 23460 24372 25111 25631 26324 26336 26616 26623 27163 27928 28284 28063 27546 27453 27661 27857 28162 28796
24187 23747 22687 21813 21428 21550 20719 19557 19197 19698 19932 20688 21028 22012 23239 23777 23793 24465 25366 26494 27063 26939 25834 24718 24136 24438 25659 26316 26577 26542 26572 26470 26338 26152 26769 27553 27954 27824 26432 26444 25400 25141 25077 24510 24001 23666 23619 23445 23675 24746 24968 24685 24248 24100 23582 23573 23443 23329 23214 23743 24152 24690 24863 25405 25585 26159 26107 27193 27933 28310 28044 27528 27614 27730 27711 28166 28827
23893 23651 23379 22633 22151 21516 20342 19472 19590 19510 20485 21676 21940 21995 22596 23557 23768 24607 25762 27514 27881 26965 25537 24660 23793 24835 25830 25990 26078 26110 26389 26369 26234 26546 26959 27577 28044 27830 26766 26527 25752 25451 25197 24798 24490 24326 24014 24899 25309 25831 25882 25054 24745 24150 23791 23736 23625 23480 23193 23609 23959 24927 25538 25711 26205 26677 26705 27077 27452 27571 27217 26661 27077 27293 27736 28356 28841
23672 23840 23905 23383 22686 21406 20287 20556 20994 20996 21292 22322 22550 22576 22458 22976 23661 24406 25980 27784 27886 26825 25698 24563 23835 24628 25358 25335 26104 26106 26305 26339 26528 27086 26824 26398 26998 27184 26596 25928 25904 25793 25649 24997 24721 25049 24828 26034 26611 26825 26531 25290 24851 24032 24009 23991 23884 23799 23233 23746 24533 25458 26368 26930 27032 27077 26873 27109 26962 26835 26938 26916 26323 27182 28147 28476 28802
23691 23891 23954 23372 22322 21310 21057 21089 21409 21547 21838 22573 22943 22929 22629 22567 23128 24168 25794 27054 26933 26114 24784 23677 23865 24223 24495 24567 24906 25549 25928 26146 26510 27290 26936 26527 26029 26343 26453 25813 25769 25643 25458 24997 25206 25538 26312 27452 27703 27487 26803 25545 24996 24116 24038 24091 23926 23749 23624 23618 24431 25741 26583 27577 27839 27586 27030 26997 27030 27461 27508 27360 26987 27418 28121 28472 28220
23647 23665 23583 22754 22319 22168 21996 22120 22006 22158 22227 22551 22914 22916 22550 22742 23295 24336 25552 26804 26572 25434 24329 23855 24127 24522 24678 24492 24715 25548 25746 25763 26488 27277 27157 27148 27107 26211 26053 25544 25200 25453 25331 24877 25607 26058 26870 27598 27972 27965 26917 25833 25225 24208 24055 24052 24134 24013 23833 23608 24755 26321 26952 27617 27944 27846 27110 26478 26810 27414 27898 28377 28308 28375 28406 28248 28244
23397 23351 22415 21853 22207 22281 22362 22403 22179 22345 22463 22741 23110 23546 23424 23260 23097 24656 25596 25997 25779 25201 24324 23854 24112 24257 24438 24222 24405 24924 24997 25334 26182 26601 27329 27974 27996 26755 25942 25600 25103 25337 25338 25552 26356 27112 27138 27453 28032 28147 26989 25924 25195 24386 24402 24572 25078 24972 24532 24866 25515 26721 27624 28353 28588 28117 27516 27209 27475 28505 28593 28571 28845 28903 28611 28361 28029
23448 22807 21327 20566 20806 21317 21951 22001 21967 22134 22239 22141 22461 23521 23699 23648 23424 24634 26158 26251 25792 24584 23638 23495 23557 24240 24768 24480 23838 24026 24262 25280 26021 27219 27995 28988 28979 27905 26839 26372 26080 26206 25902 26187 26712 27628 27837 27910 28229 28233 27569 26818 25400 25035 24695 25409 25982 26330 25996 25570 25830 26979 27658 28338 28614 28628 28396 28113 28084 28605 28484 28528 28665 28770 28545 28534 28622
23145 21784 20843 20392 20383 20611 20887 21313 20855 21229 21264 21156 21161 22479 23102 23613 23600 24533 26123 25978 25451 24499 23410 23411 24112 24380 24540 24134 23879 24420 24571 25441 26383 27771 28113 29095 29348 29424 28338 27416 26882 26582 26377 26636 27343 27815 28332 28234 28838 28851 28938 28557 27692 26926 26000 25914 26192 26625 26926 27348 27414 27471 28404 28519 28839 28753 28718 28772 28670 28141 28440 28400 28012 28145 28682 29176 29023
23034 22136 21729 21174 20914 20341 20231 20355 20539 20733 21339 21262 21168 21781 22786 23801 24302 24825 25965 25847 25576 24658 23523 24293 24986 24735 24654 24905 25271 25277 25085 25706 26890 27852 28401 29016 29350 29517 29091 27618 26944 26864 26563 27022 27442 27916 28738 29075 29484 29613 29561 29065 28326 27512 26730 26199 26306 26653 26997 27706 27702 27842 28451 28657 28992 29712 29682 29279 28699 27969 27715 27671 28001 28078 29132 29434 28701
22993 22999 23172 23036 21953 21033 20772 20735 20330 20499 20951 21412 21915 22409 23053 23583 24290 25661 26575 26462 25666 24353 24247 25003 25207 25185 25304 26004 26404 26636 26680 26876 27255 28030 28468 29016 29128 29453 29156 27894 26812 26848 26713 27359 27732 28163 28692 29629 30345 30317 30288 29683 28943 27662 26979 26404 26670 27394 27745 27753 27556 27699 28252 28767 29681 29993 29674 29340 28565 28088 27603 27706 27803 28104 29207 29421 28815
24385 24858 24894 24358 23313 22161 22568 21955 21713 21942 22571 22905 22959 23478 23653 23649 24024 26338 27250 27212 26598 25315 24453 25530 25521 24882 25585 26086 26511 26793 27215 27825 28455 28658 28750 28675 28439 28463 28477 27590 26628 26839 27399 27706 28158 28373 29018 29632 30426 30479 30387 29812 29208 28710 27058 26258 27053 27335 27496 27577 27561 28112 28459 29509 30293 30261 30042 29702 28903 28303 27763 27748 27407 27746 28915 29320 28509
25897 26203 25853 24613 23493 22890 22683 22395 22343 22368 22788 23258 23517 23745 24117 24733 25271 27006 27763 27866 27532 26404 25204 25477 25580 25298 26339 26588 26805 26950 26995 27645 28285 28715 28496 27613 27008 26497 26628 26456 26543 27691 28292 28453 28426 28726 29471 29594 29764 30051 30291 29798 29165 28857 27310 26203 26939 27173 27228 27719 27985 28247 29279 29984 30612 30636 30241 29714 29045 28378 27684 27653 27657 27972 28678 29145 28313
26243 26583 25866 25004 23903 22918 23078 23021 22333 22406 22634 23531 23823 23897 24952 25402 25880 27309 27920 28165 28046 27476 26441 25550 25793 25541 26305 26565 26795 27206 27458 27420 28863 29019 27993 26943 26934 26655 26105 26311 27214 28340 28952 28913 28829 28946 29482 29490 29246 29370 29479 29348 29029 28656 27377 26509 26827 27639 27726 27527 27765 28119 29264 30064 30424 30463 29889 29155 28307 27606 27351 27522 27716 27878 28395 28520 27818
26828 26929 26368 25705 24946 24035 23643 22972 22948 22932 22723 23620 23738 24487 25427 25825 25830 27025 27894 28688 28726 28334 27356 26181 25613 25528 26009 26424 26793 27320 27476 28467 29107 28995 27183 26830 26753 26761 26464 26951 27743 28500 29141 29158 29124 28936 29019 28976 28983 29348 29217 28422 28518 28317 27303 26496 26946 27522 28103 28036 27775 27527 28300 29152 29375 29275 28704 28201 27650 27362 26725 26650 27333 27434 27792 28367 28420
27507 27784 27331 26637 26030 24958 24807 24775 24009 23575 23037 23501 23958 24723 26059 26150 25712 26566 27681 28613 28808 27974 26929 25987 24957 24727 25120 25832 26286 26362 27557 28357 28505 28247 27511 27399 26927 26841 27083 27389 28243 28676 29016 29016 28787 28568 28934 28815 28903 28832 29045 28349 28173 27775 26762 26284 27292 28510 28776 28544 28096 27546 28002 28110 28387 28341 27605 27186 27237 26933 26661 26352 26220 26605 26921 28049 28485
27679 27949 27947 27869 27150 25771 25314 25193 24890 24147 23670 24055 24378 25307 26199 26260 25590 27060 27523 27970 27825 25723 25112 24363 23817 23084 23880 24462 25035 26230 26736 26881 27224 27101 27870 27537 27444 27550 27769 27814 28227 28299 28062 28095 28129 28119 28455 28715 28863 28755 28845 28458 28032 27486 27379 26884 27628 28823 28960 28593 28070 27858 27652 28033 27979 27394 27057 27219 27408 27161 27083 27033 26929 26836 26225 26440 27433
27658 27881 27951 27893 27550 26400 25893 25194 24986 25008 24199 24345 24797 25969 25955 26185 25721 27082 27410 27557 27165 24915 23901 23256 22162 21649 22174 23352 24962 25842 25611 25675 26134 26322 27094 27167 27478 27595 27851 28032 28098 28180 27959 27547 27677 27913 28426 28451 28429 28697 28648 28394 27776 27699 27851 27489 27897 28683 28703 28373 28144 27886 27687 27611 27424 27005 27060 27047 27064 27326 27319 27190 27096 26854 26336 25803 26422
27432 27850 27776 27747 27414 26519 26288 25752 25957 25784 25094 25097 25531 26233 26887 26829 26843 27128 27085 26543 25735 23570 22693 22386 21792 21229 21175 22163 23455 24795 25665 25679 26042 25943 26289 26800 27273 27526 27970 28211 28075 27983 27694 27965 27936 27966 28324 28486 28535 28313 28532 28401 28116 27681 27897 27551 27560 28357 28500 28383 28113 27919 27884 27319 27167 27111 27030 27543 27495 27297 27070 27099 26991 26801 26379 25862 25589
27335 27519 27700 27494 27071 27028 26372 26740 26996 26819 26401 26164 26230 26414 27001 26948 27199 27339 26961 26147 25148 23577 22450 21777 21377 21147 21140 21724 22895 24969 26541 26486 26283 26224 26833 26651 27241 27364 27487 27784 27842 27842 28083 28207 28249 27671 27754 28033 28017 28220 28075 27962 27939 27526 27348 26867 27132 28030 28361 28059 27673 27629 27549 27314 27014 27081 27330 27462 27323 26880 26651 26616 26409 26360 26135 25896 25310
27120 27612 27561 27288 27131 27392 27461 27532 27381 27388 26945 26211 26061 26103 26145 26190 26206 26355 26696 26218 25417 24211 23169 21652 21285 21741 22098 22482 23345 25224 27253 27549 27127 26280 26634 26635 26624 26594 27016 27241 27104 27314 28191 28653 28797 28083 27570 27379 27611 27660 28138 27911 27560 27403 27056 27105 27251 27648 27736 27911 27875 27823 27725 27326 27123 27282 27482 27304 27137 27016 26671 25907 25859 25788 25946 25912 25305
26760 27643 27640 27234 27245 27846 28279 28274 27923 27182 26832 25752 25270 25102 25489 25594 25657 25746 26206 26225 26156 25184 23718 21634 21293 22544 23372 23691 24325 25428 27259 27512 27040 26072 25618 25627 26175 26800 26587 25350 24512 24613 26220 28145 28782 28516 27665 27172 27589 27595 27408 27500 27447 27148 26787 26788 27042 27457 27472 27930 27818 27714 27531 27148 26984 27154 27323 27054 27049 26594 25954 25427 25695 25762 25689 25689 25337
