Alternative/Moon/Lvl0_30x30/Ele_EH.asc
ncols         335
nrows         335
xllcorner     3407491.657
yllcorner     -6727166.958
cellsize      10000
nodata_value  -9999.0
[rows 68 to 101 of 335, columns 231 to 307 of 335]
19532 19622 19561 19559 19574 19565 19591 19586 20106 20037 19967 19777 19547 19128 18871 19255 19347 19510 19535 19425 19147 18980 19373 19426 19181 19446 19478 19568 18850 18054 18720 19008 18835 18701 18788 18943 18692 18496 18618 18531 18396 18426 18411 18336 18318 18472 18486 18426 18302 18291 18305 18396 18605 18692 19105 19540 19727 19600 19599 19906 19916 20216 20808 21266 21472 21877 22279 22966 23257 23222 22751 22409 21672 20274 18816 17655 16772
19652 19623 19552 19527 19498 19373 19470 19547 19883 19889 19769 19449 18996 18723 18793 19062 19329 19330 19265 19099 19154 19089 19346 19418 19344 19237 19434 19594 19470 19712 19251 18687 18806 18789 18721 18732 18604 18492 18428 18448 18392 18410 18435 18383 18459 18361 18471 18490 18318 18432 18454 18499 18560 18767 19203 19665 19658 19575 19610 19711 20180 21118 21715 21693 21400 21883 22478 22671 23198 23359 22948 21803 20596 19617 18704 17792 17070
19516 19524 19476 19476 19463 19424 19290 19321 19251 19159 19142 18738 18855 18857 18843 19087 19352 19424 19401 19561 19587 18831 19654 19546 19598 19375 19388 19614 19662 19802 19626 19022 18943 19069 19294 19276 18817 18615 18391 18372 18345 18352 18342 18415 18456 18361 18522 18564 18648 18640 18659 18609 18628 18771 19397 19737 20017 19989 19865 19914 20483 21661 21942 21847 21519 21889 22520 22634 22881 23104 22265 20431 19267 18840 19101 18669 17433
19691 19657 19447 19440 19421 19015 19277 19245 19171 19351 19110 18810 18795 18885 19140 19386 19425 19303 19370 19505 19601 19345 19705 19531 19484 19425 19497 19555 19651 19885 19966 19549 19459 19478 19813 19486 19074 18869 18605 18556 18470 18317 18369 18352 18336 18397 18561 18826 19089 19009 19352 19194 19194 19083 19257 19635 19987 20159 20333 20813 21487 21962 21925 21766 21753 21871 20816 21459 21237 21370 21261 20334 20088 19987 19896 19145 17885
19633 19571 19400 18988 19164 19079 19036 19068 19240 19335 19259 18929 18876 19279 19809 19894 19684 19473 19212 19268 19299 19233 19296 19231 19255 19434 19473 19517 19805 19922 20251 20671 20594 20513 20052 19493 19304 18908 18791 18963 18907 18667 18453 18454 18448 18620 18655 19330 19292 19206 19178 19513 19489 19539 19597 19356 19657 19848 20195 20886 21408 21912 21936 21909 21857 21727 19591 20512 20491 20111 20147 20538 20515 20426 20001 19368 18574
19397 19538 19462 19076 18984 19032 18987 18856 18999 19056 19068 18886 18914 19386 19851 19876 19473 19279 19112 19230 19214 19190 19182 19093 19032 19209 19476 19568 19797 19934 20499 21069 21144 20853 20541 19550 19177 18984 18718 18920 18880 18677 18595 18598 18719 18803 18893 19347 19099 17607 16929 17843 18737 19786 19895 19426 19437 19503 19866 20198 20519 20967 21430 21580 22029 21795 20707 19987 20085 20056 19971 20048 20115 20043 20013 19743 18955
19018 19087 19068 18944 18781 18787 18722 18708 18692 18613 18617 18575 18574 18713 18960 18940 19116 19111 19141 19207 19150 19257 19302 19217 19051 18995 18991 19520 19513 19866 20340 20616 20643 20845 20640 19416 19153 18969 18755 18693 18724 18779 18886 18677 18728 18953 19318 18954 17533 15342 14867 15487 16985 19188 19846 19326 19319 19281 19407 19825 20237 20610 20846 21358 21693 21597 20712 20010 19939 19953 19953 20491 20439 20302 20572 20311 19878
18939 18884 18790 18735 18718 18756 18609 18663 18693 18558 18617 18530 18422 18386 18460 18648 18686 18874 18980 19089 19074 18978 19149 19119 19134 19253 19246 19334 19540 19848 20192 20222 20237 20062 19910 19093 19155 18860 18784 18858 18989 19009 18914 18575 18679 18872 19260 19179 17513 15704 15232 15584 16840 18787 19611 19358 19349 19359 19515 19741 20308 20489 20688 20983 21464 21570 21049 20613 20255 20004 20058 20602 20531 20544 21102 21055 20455
19207 18962 18898 19090 19041 18856 18576 18608 18484 18444 18520 18476 18417 18397 18384 18332 18376 18423 18659 18650 18687 18810 18819 18986 19081 19227 19311 19434 19530 19604 20050 20324 20304 19895 19857 19305 18984 18955 19136 19462 19548 18829 18704 18666 18631 18736 19139 19329 18942 17539 16633 17054 17667 19013 19669 19660 19750 19581 19568 19777 20162 20282 20545 20899 21369 21486 21458 20663 21020 20753 20070 20245 20884 21380 21473 21223 20857
19585 19547 19250 19200 19124 18898 18721 18597 18440 18417 18391 18351 18352 18359 18376 18318 18307 18365 18500 18517 18501 18484 18685 18714 18669 18938 19297 19637 19717 19560 19923 19954 20135 20174 20003 19660 19281 19560 19934 19911 19519 18574 18507 18734 18549 18530 18804 19223 19207 19120 18903 18905 18525 18836 19401 19473 19723 19774 19693 19723 19883 20103 20499 20807 21237 21522 21550 21759 21809 21477 21190 21380 21580 21763 21440 21048 20944
19486 19520 19509 19287 18709 18407 18562 18525 18324 18262 18237 18223 18253 18293 18262 18227 18269 18286 18491 18549 18585 18416 18506 18503 18515 18633 18816 18911 19070 19829 19872 19922 19956 20066 19978 19738 19638 19855 20134 20072 19485 18401 18168 18813 18769 18490 18495 18735 18990 19198 19392 19425 19133 19235 19287 19500 19731 19653 19463 19558 19702 19920 20245 20536 20547 21368 21649 22073 22197 22221 21921 21478 21318 21499 21225 20722 20758
19254 19215 19322 19347 19253 18806 18342 18350 18277 18232 18234 18256 18275 18211 18096 18245 18694 18928 18954 18835 18671 18524 18421 18504 18473 18658 18484 18572 18998 19590 19473 19537 19792 20008 20009 19919 20176 20197 19868 19866 19685 19496 19127 19061 18768 18619 18483 18494 18542 18579 18582 18760 18897 19069 19073 19102 19203 19282 19296 19620 19765 19769 19993 20426 20372 20469 20911 21484 21721 21865 21702 21228 20839 20844 20662 20624 20702
19345 19353 19191 19254 19160 18690 18253 18299 18219 18169 18228 18218 18210 18116 18186 18462 18856 18919 18777 18967 18980 18764 18519 18508 18474 18494 18970 18897 18908 19132 19518 19578 19667 19723 19928 20139 20151 20181 20069 19984 19845 19661 19248 18953 18894 18874 18642 18622 18577 18555 18543 18540 18489 18549 18682 18874 18935 19064 19454 19774 19860 20017 20054 20011 20129 20186 20350 20495 21034 21191 20793 20449 20410 20384 20402 20286 20576
18743 18807 18867 19343 19322 18824 18283 18108 18126 18169 18192 18138 18039 18073 18143 18545 18503 17246 16586 17981 18950 18837 18542 18590 18651 18550 18974 18917 18898 18917 19228 19527 19694 19688 20034 20190 20043 20044 20070 20065 19881 19565 19353 19104 18927 19048 18783 18810 18676 18544 18455 18474 18473 18516 18628 18796 19040 19143 19291 19844 19776 19960 20027 20005 19981 20149 20585 20356 20640 20730 20597 20722 20630 20480 20410 20353 20404
18922 18613 18267 18523 18748 18708 18313 18071 18054 18087 18079 18175 18258 18219 18029 18422 18458 16978 15824 17354 18819 18713 18371 18618 18706 18598 18669 18700 18895 18987 19206 19463 19708 19903 19999 19997 20024 20102 19940 19887 19783 19474 19507 19206 19147 19040 19015 18886 18938 18855 18552 18390 18406 18468 18545 18600 18849 19171 19411 19462 19562 19533 19743 19884 19778 19903 20173 20539 20792 20713 20701 20655 20558 20527 20441 20418 20612
18909 18712 18107 17853 17909 18156 18099 17950 17929 18041 18043 18198 18269 18281 18223 18356 18585 18668 18505 18925 18978 18659 18698 18828 18774 18705 18508 18517 18537 18981 19234 19104 19122 19511 19860 19951 19900 20011 19969 19836 19474 19458 19433 19442 19416 19207 19119 18320 18582 18842 18725 18596 18502 18414 18410 18436 18417 18593 18814 18633 18795 19394 19475 19633 19731 19751 19875 20212 20302 20424 20422 19767 19350 19956 20261 20160 20329
18366 18400 18073 17588 17543 17711 17749 17903 17938 18035 18185 18205 18155 18233 18201 18221 18464 18635 18665 18723 18658 18591 18660 18717 18517 18332 18448 18650 18641 19064 19347 19161 19081 19468 19688 19730 19652 19779 19843 19672 19535 19250 19364 19446 19436 19411 19456 18195 18146 19028 18912 18789 18651 18585 18453 18387 18389 18447 18553 18874 19260 19354 19421 19642 19886 19886 19939 20192 20387 20510 20211 19358 19428 19695 19966 19931 19900
18556 18333 17907 17522 17513 17545 17604 17535 17635 18017 18194 18312 18333 18313 18270 18112 18091 18090 18225 18217 18188 18219 18046 18294 18206 18208 18573 18718 18659 18541 18838 18877 19187 19531 19666 19759 19605 19876 19831 19682 19571 19264 19260 19166 19124 19341 19407 19338 19444 19347 18941 18799 18631 18555 18508 18512 18335 18460 18555 18691 18851 19231 19398 19660 19914 19967 19913 19918 20248 20314 19928 19304 19580 19782 18941 19589 20071
18731 18723 17982 17457 17436 17523 17607 17642 17620 17906 18155 18395 18453 18596 18572 18436 18158 18061 18066 17938 17995 17941 18001 18005 17977 18332 18737 18838 18720 18516 18287 18241 18703 18949 19263 19502 19507 19907 19868 19593 19345 19268 19308 19264 19345 19305 19049 19216 19393 19055 17459 18299 18725 18396 18416 18334 18295 18452 18405 18445 18647 18953 19283 19551 19549 19876 19924 19603 19604 19369 19239 19279 19425 19791 19719 19773 19676
18673 18652 18261 17635 17449 17490 17512 17551 17585 17613 17809 18294 18541 18626 18695 18526 18483 18273 18267 18343 18214 18129 18136 18401 18462 18401 18691 18413 18317 18724 18553 18383 18642 19252 19438 19436 19171 19358 19669 19688 19274 19145 19272 19337 19057 18891 19129 19008 18983 18984 19020 19011 18816 18356 18229 18210 18191 18260 18277 18330 18627 18977 19218 19428 19525 19639 19644 19677 19556 19281 19199 19310 19321 19733 19729 19674 19668
18489 18602 18356 17890 17456 17466 17476 17599 17615 17515 17674 18211 18461 18592 18734 18804 18771 18667 18349 18434 18483 18453 18569 18885 19040 19118 18733 17869 18091 18788 19077 19084 19117 19222 19613 19564 19484 19394 19657 19689 19295 19128 19181 19229 18960 18723 19093 19003 18778 18893 19106 19038 18679 18463 18255 18210 18196 18196 18230 18238 18433 18639 19198 19377 19511 19791 19846 19751 19442 19460 19331 19242 19257 19317 19657 19791 19992
18402 18599 18405 17963 17545 17480 17524 17869 17944 18036 17967 17882 18299 18485 18715 18874 18839 18680 18507 18175 18398 18422 18497 18820 18930 18980 18898 18701 19116 19151 19120 19249 19261 19190 19376 19550 19474 19521 19471 19525 19428 19288 19177 19095 19119 19131 19120 18874 18840 18858 19033 18910 18554 18311 18222 18228 18234 18302 18315 18250 18385 18724 18946 19010 18810 18877 19440 19571 19427 19526 19549 19260 19268 19351 19657 20285 20680
18837 18614 18312 17867 17912 18125 18086 17938 18022 17964 17811 17260 17032 17384 17942 18123 18664 18625 18478 18156 18024 17981 18035 18144 18225 18594 18814 19093 19153 19175 18774 18967 18972 19063 19112 19133 19426 19625 19620 19375 19254 19249 18968 19021 18921 18997 18964 18927 18868 18557 18811 18620 18461 18398 18271 18278 18255 18287 18289 18281 18419 18496 18399 18301 18388 18494 18603 19001 19426 19546 19358 19308 19497 19636 20138 20900 20884
18523 18584 18209 17712 17697 18092 18110 18129 18085 17762 17116 16772 16773 16687 17158 17742 18117 18524 18473 18066 18063 17947 17821 17782 17887 17909 18095 18535 18714 18785 18633 18665 18868 19033 19230 19256 19448 19582 19629 19451 19199 19034 18988 18972 18846 18585 18748 18847 18779 18780 18726 18519 18523 18507 18552 18523 18338 18292 18299 18293 18312 18312 18260 18593 18699 18541 18619 19037 19409 19341 19050 19470 19853 20183 20456 21007 20854
17853 17664 17493 17089 17225 17209 18014 18143 18062 17711 17106 17281 17311 17265 17266 18084 18401 18544 18481 18308 18129 18102 17836 17692 17652 17759 18193 18390 18619 18621 18346 18597 19039 19675 19716 19722 19732 19739 19680 19682 19377 19009 18991 19008 18856 18735 18654 18702 18796 18821 18624 18777 18685 18552 18518 18569 18487 18327 18296 18304 18319 18327 18305 18513 18725 18616 18650 18816 18843 18486 19149 19572 19888 20163 20189 20663 21032
17952 17612 17026 17061 16932 17004 17296 17470 17331 17246 17234 17413 17808 18305 18568 18777 19047 18952 18780 18599 18306 18105 17798 17794 17749 17906 18144 18798 18954 18588 18471 18701 18973 19853 20010 19761 19694 20053 19977 19834 19767 19456 19036 18812 18831 18807 18732 18736 18978 19040 18811 18783 18625 18564 18549 18443 18365 18322 18311 18322 18323 18330 18329 18390 18541 18504 18517 18492 18418 18685 19209 19495 19471 19269 19005 19906 20778
17964 17606 16964 17146 17222 17173 17104 17095 16951 17019 17529 18339 18504 18596 18640 18377 18850 19559 19545 18990 18352 17966 17845 17750 17768 17864 18322 19132 19427 19523 19537 19437 19476 19900 19898 19890 19921 20091 20093 20005 19621 19759 19111 19095 18890 19047 18970 18831 19060 19099 19051 18890 18870 18899 18683 18502 18369 18263 18311 18332 18302 18315 18350 18476 18534 18524 18426 18382 18636 19337 19303 18843 18415 17289 16794 17549 18641
17976 17488 16973 16998 17094 17235 17292 17222 17152 17284 17981 18568 18601 17709 16710 16570 17678 19060 19583 19439 18569 18048 18063 18033 17785 17933 18163 19170 19665 19664 19647 19740 19977 20257 20259 20149 20159 20362 20404 20191 19817 19702 19728 19256 18767 18844 18894 18957 19043 18988 18985 18842 19022 19056 18702 18624 18537 18364 18251 18247 18257 18286 18356 18465 18523 18519 18506 18490 18893 19216 19183 17607 16833 15909 15512 15804 16610
17814 17375 17325 17164 17131 17233 17398 17524 17508 17541 18163 18165 17340 15289 13757 13736 15028 16836 18273 19117 18973 18137 18067 18053 17892 18130 18266 18967 19458 19670 19899 19986 20030 20185 20122 20163 20242 20394 20496 20310 20027 20159 20165 19346 19351 19195 19141 19211 19429 19334 19176 18932 19036 19003 18733 18721 18720 18528 18449 18448 18443 18294 18327 18352 18416 18434 18464 18814 19305 19140 18111 16676 15725 15437 15419 15420 15507
17978 17595 17460 17380 17261 17307 17451 17711 17928 18101 18597 18168 16250 13857 13450 13518 14526 15627 16421 18711 18931 18283 18047 17832 17881 17945 18149 18897 18995 19665 19933 19908 19986 20019 20071 19796 19778 20070 19550 20297 20353 20183 20099 19440 19454 19405 19312 19152 19382 19383 19093 18870 18855 18858 18852 18781 18777 18621 18669 18586 18593 18577 18370 18307 18308 18336 18430 18810 19347 19126 17468 16182 15636 15428 15421 15518 15483
18330 17769 17531 17534 17641 17692 17755 17658 18181 18894 19416 18918 16963 14516 13995 14214 14869 16158 16748 18595 18900 18373 17983 17977 17966 17985 18022 18312 18617 19415 19625 19630 19694 19699 19865 19808 19710 20058 19681 20080 20187 20096 20060 19805 19759 19554 19625 19495 19320 19291 19184 18964 18913 18904 18819 18867 18876 18893 18778 18853 18793 18654 18435 18267 18239 18269 18571 18908 19444 19366 18112 16649 15962 15571 15721 15827 15616
18644 17962 17476 17604 18057 18381 18435 18153 18906 19614 19627 19612 18947 17192 15879 15378 15700 17017 18733 19290 19015 18182 17671 17958 18018 17951 18170 18202 18289 18754 19359 19740 19774 19709 19584 19658 19874 19945 19526 19415 19563 20362 20431 19693 19573 19601 19496 19405 19425 19409 19263 19321 19331 19296 19022 19040 18952 18891 18731 18735 18639 18557 18386 18350 18271 18524 18633 18718 18972 19353 19412 18567 17711 17335 17102 16624 15492
18577 18254 17755 17656 18433 18871 18670 18582 19036 19620 19652 19636 19708 19644 18909 18122 18525 19110 19188 19119 18338 18035 17885 17871 17799 17834 17950 18067 18254 18423 19004 19501 19527 19604 19567 19457 19455 19447 18688 19048 19605 20493 20428 19632 19450 19423 19485 19585 19823 19879 19586 19599 19518 19408 19242 19183 19112 18841 18856 18794 18650 18474 18376 18171 18041 18338 18436 18488 18656 19120 19393 18635 19439 19580 18855 17740 17032
18259 18149 17847 17730 18275 18759 18671 18386 18666 19181 19194 19263 19561 19760 19856 19753 19378 19176 18960 18183 17742 17680 17693 17884 17777 17682 17869 17979 17898 17735 18470 18880 19092 19340 19384 19271 19072 18958 18583 18907 19313 19693 20265 20144 19643 19366 19665 19757 19844 19847 19388 19385 19421 19351 19273 19153 19042 18840 18873 18723 18608 18299 18336 18164 17930 18218 18371 18440 18597 19011 19162 19296 19623 19519 18741 17644 17093
