Alternative/Moon/Lvl0_30x30/Ele_AC.asc
ncols         335
nrows         335
xllcorner     -13342508.343
yllcorner     6672833.042
cellsize      10000
nodata_value  -9999.0
[rows 68 to 101 of 335, columns 154 to 230 of 335]
20369 20470 20566 20604 20635 20663 20682 20732 20789 20776 20814 20776 20799 20785 20781 20737 20714 20672 20624 20549 20475 20366 20323 20207 20195 20227 20156 20139 20051 19974 19855 19788 19758 19699 19573 19481 19350 19211 19107 18989 18875 18754 18633 18597 18563 18464 18429 18438 18467 18461 18541 18636 18627 18752 18736 18783 18808 18805 18744 18665 18611 18525 18360 18320 18144 18004 17883 17835 17793 17710 17640 17608 17608 17616 17633 17680 17699
20388 20381 20361 20384 20435 20435 20387 20368 20376 20307 20519 20618 20660 20721 20726 20765 20744 20745 20710 20632 20557 20466 20364 20226 20085 19921 19797 19694 19606 19499 19371 19276 19171 19144 19036 19055 18988 18827 18703 18694 18527 18477 18382 18264 18130 17931 17806 17716 17586 17479 17415 17448 17414 17395 17384 17464 17405 17457 17602 17527 17635 17639 17626 17629 17634 17712 17753 17788 17764 17718 17674 17657 17672 17661 17636 17678 17681
20208 20310 20405 20491 20533 20552 20561 20592 20654 20710 20772 20779 20742 20736 20699 20675 20663 20687 20668 20687 20697 20639 20560 20430 20303 20207 19935 19738 19600 19411 19253 19149 19078 18920 18762 18650 18461 18300 18217 18115 18029 17957 17936 17940 17907 17898 17832 17795 17721 17658 17690 17588 17554 17516 17457 17397 17309 17206 17222 17196 17209 17157 17121 17123 17138 17231 17294 17332 17344 17320 17253 17208 17096 17031 17013 16994 16961
19895 19936 19962 20077 20222 20207 20227 20279 20352 20378 20475 20563 20570 20691 20796 20949 21035 21121 21131 21173 21182 21177 21142 21034 20913 20810 20700 20514 20330 20116 19903 19669 19499 19315 19135 18983 18820 18655 18584 18394 18339 18151 18053 18011 17884 17781 17678 17660 17580 17546 17451 17335 17348 17361 17353 17326 17273 17194 17143 17126 17178 17165 17169 17184 17184 17156 17077 17041 17007 16979 17005 17008 16988 17053 17038 17015 17011
19971 20033 20115 20169 20233 20251 20364 20450 20567 20651 20684 20782 20821 20896 21003 21078 21128 21211 21234 21258 21303 21306 21300 21276 21217 21154 21030 20872 20720 20494 20335 20146 20018 19894 19764 19646 19497 19435 19258 19188 19053 18900 18754 18661 18485 18278 18215 18088 17892 17785 17662 17570 17489 17413 17429 17434 17448 17406 17374 17378 17381 17406 17331 17276 17227 17147 17077 17058 17010 16947 16952 17062 17066 17038 17015 16934 16944
20056 20069 20101 20117 20145 20223 20346 20434 20560 20627 20645 20640 20680 20703 20780 20787 20821 20871 20890 20833 21028 20896 20931 20915 20832 20782 20720 20644 20586 20501 20403 20275 20199 20165 20079 19970 19779 19672 19495 19357 19185 19054 18954 18825 18755 18577 18492 18412 18310 18226 18076 17969 17863 17765 17698 17679 17636 17595 17512 17475 17460 17427 17379 17329 17265 17221 17180 17177 17160 17165 17191 17196 17223 17218 17229 17209 17230
20263 20292 20308 20316 20320 20282 20288 20305 20270 20228 20240 20193 20162 20184 20141 20130 20093 20109 20195 20153 20244 20289 20331 20434 20510 20538 20614 20628 20612 20573 20492 20424 20326 20187 20067 19918 19788 19605 19425 19269 19163 19047 18959 18882 18808 18680 18685 18601 18456 18369 18271 18133 18020 17914 17789 17749 17718 17804 17574 17528 17530 17420 17411 17376 17334 17305 17249 17223 17201 17250 17324 17395 17426 17425 17445 17423 17362
20478 20397 20311 20147 19981 19789 19645 19509 19374 19309 19295 19280 19290 19271 19255 19260 19261 19272 19243 19263 19266 19285 19401 19503 19609 19684 19801 19958 19965 20091 20253 20289 20276 20174 20201 20201 20133 20107 20070 20065 20019 19986 19897 19899 19701 19568 19505 19409 19191 19026 18903 18809 18772 18732 18653 18568 18513 18378 18268 17942 18162 18130 18033 17975 17886 17853 17777 17705 17606 17503 17444 17469 17445 17358 17377 17341 17304
20637 20615 20563 20446 20207 20090 19960 19912 19851 19751 19684 19589 19554 19470 19447 19447 19324 19314 19336 19466 19281 19302 19386 19341 19443 19510 19558 19862 19965 19866 20038 20077 20249 20349 20413 20492 20553 20599 20604 20613 20567 20551 20378 20288 20104 20104 19979 19972 19868 19748 19591 19470 19361 19140 18932 18763 18594 18412 18316 17928 18189 18175 18173 18189 18209 18212 18136 18057 18002 17981 17948 17923 17916 17896 17838 17854 17791
20446 20596 20668 20648 20564 20536 20315 20277 20140 20101 20128 20113 20103 20213 20243 20268 20205 20215 20266 20392 20353 20441 20497 20579 20575 20610 20709 20733 20725 20679 20628 20601 20502 20436 20472 20496 20537 20584 20618 20647 20698 20716 20699 20667 20471 20506 20400 20315 20164 20064 19934 19862 19740 19711 19521 19466 19361 19180 18982 18848 18682 18580 18564 18541 18489 18411 18285 18216 18333 18273 18242 18261 18244 18256 18290 18302 18263
21236 21187 21118 21087 21053 20971 20902 20867 20892 20877 20850 20817 20796 20785 20751 20759 20753 20817 20827 20839 20878 20890 20828 20826 20807 20859 20892 20908 20885 20886 20874 20879 20899 20929 20977 21000 21017 21072 21051 21056 21005 21126 21059 20961 20873 20837 20812 20788 20729 20623 20587 20615 20501 20436 20298 20290 20191 20104 20045 19973 19904 19769 19628 19456 19325 19326 19192 19123 19157 19121 18983 18929 18840 18744 18617 18570 18467
21574 21528 21500 21572 21666 21687 21675 21652 21682 21624 21625 21507 21479 21358 21365 21203 21114 20985 20905 20799 20729 20753 20703 20685 20729 20791 20801 20849 20862 20874 20888 20932 20978 21079 21104 21148 21156 21196 21258 21252 21273 21289 21299 21275 21235 21168 21141 21141 21137 21113 21046 20980 20865 20888 20933 20918 20923 20914 20834 20666 20640 20498 20454 20337 20285 20109 19989 19972 19683 19595 19420 19311 19212 19197 19063 19032 18968
21433 21347 21382 21499 21626 21754 21868 21940 21951 21958 21970 21927 21799 21857 21766 21680 21528 21391 21258 21163 21096 20989 20934 20889 20846 20746 20811 20763 20713 20689 20726 20721 20724 20808 20839 20863 20955 21032 21063 21107 21147 21179 21165 21139 21127 21113 21075 21092 21050 21063 21042 20998 20991 20976 21001 21015 21019 21003 20954 20954 20921 20914 20908 20838 20755 20741 20713 20695 20634 20541 20476 20418 20401 20253 20152 20017 19855
20807 21011 21050 21082 21148 21171 21245 21296 21411 21484 21582 21697 21723 21859 21807 21832 21892 21958 21929 21927 21744 21673 21571 21449 21461 21324 21198 21107 21045 21013 20928 20887 20858 20806 20750 20711 20671 20695 20574 20609 20580 20685 20752 20777 20802 20828 20844 20846 20859 20878 20887 20901 20934 20935 20942 20985 21044 21089 21116 21087 21070 21051 21054 21037 20969 20877 20828 20816 20792 20784 20813 20792 20812 20797 20772 20659 20403
19728 19918 20177 20387 20528 20728 20916 21009 21126 21256 21323 21424 21545 21624 21711 21782 21882 22077 22122 22227 22246 22265 22239 22148 22058 21955 21843 21737 21629 21492 21372 21363 21282 21201 21142 21068 21000 20925 20863 20802 20776 20667 20596 20628 20674 20719 20739 20726 20734 20733 20688 20709 20751 20834 20899 20978 21078 21101 21139 21150 21168 21187 21164 21132 21116 21058 21052 21016 20993 20994 20964 20939 20889 20855 20821 20772 20690
18094 18296 18475 18753 18943 19275 19450 19727 20016 20106 20266 20376 20405 20466 20650 20778 20934 21159 21444 21745 21874 22122 22191 22232 22248 22298 22309 22267 22187 22040 21845 21678 21544 21326 21153 21194 21114 21052 20990 20958 20950 20966 21036 21076 21071 21190 21180 21133 21092 20973 20915 20912 20960 21023 21093 21093 21097 21147 21161 21170 21204 21256 21260 21247 21231 21197 21152 21086 21060 21034 21008 20974 20880 20813 20731 20700 20645
16736 16989 17207 17459 17710 17898 18167 18530 18717 19237 19365 19660 19831 20038 20164 20270 20348 20430 20532 20776 21105 21253 21604 21849 22052 22257 22330 22326 22302 22195 22032 21890 21759 21636 21518 21440 21355 21368 21369 21323 21289 21411 21413 21377 21356 21315 21248 21181 21104 20993 20911 20900 20869 20834 20838 20894 20981 20981 21028 21087 21135 21184 21177 21181 21145 21091 21083 21084 21068 21036 20995 20951 20955 20910 20912 20937 20919
15967 16111 16359 16669 16811 17128 17416 17733 17894 18134 18520 18783 18977 19204 19512 19689 19963 19914 19983 20138 20219 20518 20721 21076 21233 21435 21713 21931 22035 22067 21963 21883 21765 21694 21575 21511 21383 21358 21371 21362 21407 21470 21465 21401 21405 21397 21306 21226 21010 21016 20987 20969 20896 20868 20873 20884 20883 20833 20858 20763 20777 20811 20865 20949 21022 21118 21245 21281 21302 21301 21279 21273 21258 21249 21243 21236 21280
15101 15370 15652 15957 16167 16514 16904 17080 17338 17613 17855 18086 18307 18509 18707 19010 19191 19409 19669 19842 19946 20071 20159 20259 20343 20469 20581 20713 21048 21310 21508 21635 21751 21728 21625 21506 21481 21413 21462 21594 21708 21687 21771 21807 21814 21674 21500 21328 21230 21186 21123 21079 21026 20993 20954 20922 20946 20908 20920 20974 20999 21004 21081 21127 21159 21201 21272 21301 21316 21362 21401 21448 21440 21384 21341 21316 21276
15135 15431 15734 15943 16120 16329 16546 16821 16955 17285 17539 17785 17983 18256 18496 18757 19023 19282 19552 19785 19917 20086 20128 20159 20170 20125 20072 20005 20032 19973 20024 20261 20401 20649 20850 21055 21245 21390 21601 21768 21871 21968 21953 21861 21718 21576 21451 21344 21302 21294 21269 21136 21069 21012 20960 20946 20939 20991 21006 21007 21016 21067 21080 21084 21050 21110 21127 21125 21174 21228 21311 21332 21364 21306 21246 21162 20999
15297 15514 15689 15834 15936 16085 16422 16614 16893 17163 17458 17664 17845 18097 18344 18608 18746 19083 19226 19432 19524 19614 19697 19735 19787 19740 19755 19743 19738 20093 20168 20280 20623 20763 21052 21005 21233 21453 21574 21664 21696 21719 21735 21749 21670 21572 21384 21348 21238 21191 21107 21002 20928 20883 20833 20791 20825 20831 20915 20965 21028 21058 21067 21048 21011 20994 21034 21100 21164 21192 21138 21106 21033 20983 20861 20664 20454
15556 15760 16079 16061 16239 16613 16743 16947 17212 17394 17627 17850 18055 18310 18476 18661 18751 18849 19142 19092 19191 19422 19579 19755 19806 19836 19852 19991 20221 20473 20602 21017 21167 21433 21667 21686 21705 21699 21690 21632 21550 21486 21311 21272 21226 21156 21001 20947 20868 20852 20852 20809 20776 20744 20659 20615 20548 20551 20532 20548 20574 20639 20700 20766 20845 20908 20969 21065 21155 21153 21164 21215 21230 21188 21080 20924 20705
15970 16163 16345 16612 16793 17125 17387 17622 17770 17938 18069 18187 18284 18581 18787 19158 19310 19579 19763 19903 19872 19790 19886 19920 20043 20283 20675 20919 21199 21335 21680 21689 21781 21896 21889 21838 21809 21711 21546 21520 21512 21404 21361 21345 21314 21181 21153 21114 21047 20898 20845 20774 20704 20671 20579 20522 20523 20484 20472 20466 20468 20462 20458 20483 20470 20494 20525 20666 20724 20785 20942 21054 21089 21077 21059 21022 21057
16350 16593 16751 17024 17226 17482 17667 17828 17874 18022 18208 18424 18639 18858 19142 19374 19695 19878 20060 20292 20533 20735 21107 21373 21615 21877 21997 22134 22162 22165 22159 22110 22084 21992 21952 21959 21947 21904 21816 21708 21584 21538 21386 21328 21270 21217 21193 21153 21091 21023 20949 20894 20785 20744 20561 20487 20467 20459 20435 20416 20399 20417 20408 20387 20361 20317 20338 20415 20466 20497 20537 20587 20662 20776 20900 21000 21063
17056 17148 17277 17472 17552 17629 17673 17858 18116 18354 18690 19107 19220 19763 19958 20479 20600 20989 21339 21552 21700 21939 21981 22112 22134 22081 22104 22175 22182 22193 22168 22155 22136 21982 21924 21820 21753 21699 21654 21638 21543 21494 21379 21368 21409 21379 21329 21329 21310 21276 21232 21221 21099 20948 20979 20883 20764 20693 20577 20496 20423 20455 20508 20457 20565 20519 20619 20637 20623 20632 20609 20585 20593 20598 20575 20571 20599
17194 17274 17488 17568 17734 17913 18384 18546 18824 19133 19590 19830 20358 20570 21003 21339 21613 21889 22097 22209 22248 22290 22274 22226 22154 22111 21996 21937 21925 21961 21933 21859 21767 21638 21564 21485 21466 21451 21374 21350 21349 21396 21412 21464 21482 21468 21487 21517 21531 21533 21511 21477 21421 21390 21160 20960 20815 20925 20798 20829 20753 20753 20786 20793 20792 20778 20779 20786 20758 20722 20736 20649 20684 20675 20649 20628 20603
17957 18698 18665 19029 19243 19570 19904 20239 20548 20964 21232 21390 21629 21761 21872 22039 22166 22319 22438 22452 22462 22411 22339 22283 22253 22179 22155 22102 22069 21977 21857 21767 21662 21578 21537 21463 21350 21297 21267 21285 21305 21352 21383 21343 21250 21148 20980 20833 21009 21220 21431 21472 21461 21420 21281 21181 21034 21040 21036 21023 20983 20932 20915 20912 20881 20902 20919 20939 20966 20946 20954 20874 20755 20691 20726 20754 20751
20094 20224 20386 20827 21128 21316 21484 21682 21801 21908 21922 21927 22075 22063 22080 22017 22015 22164 22280 22295 22262 22172 22137 22105 21969 21858 21781 21915 21948 21870 21789 21741 21635 21491 21353 21276 21185 21136 21119 21034 21138 21197 21294 21325 21259 21290 21341 21338 21290 21204 21071 21059 21074 21036 20986 20985 20989 21039 20997 20978 20986 20983 21056 21097 21105 21127 21136 21098 20979 20953 20911 20900 20876 20885 20924 20961 20954
21285 21392 21401 21441 21479 21576 21649 21738 21772 21784 21759 21593 21480 21460 21475 21370 21275 21397 21680 21935 21997 21998 21916 21810 21703 21543 21440 21382 21341 21432 21367 21391 21371 21354 21348 21428 21450 21408 21390 21319 21336 21327 21295 21268 21203 21171 21175 21151 21209 21209 21178 21172 21135 21086 21060 21071 21085 21100 21061 21055 21085 21112 21164 21181 21199 21219 21211 21197 21038 21054 21029 21070 21109 21086 21040 20944 20904
21271 21271 21266 21304 21247 21245 21166 21125 21140 21154 21221 21246 21263 21378 21373 21325 21246 21201 21259 21378 21328 21311 21291 21332 21269 21237 21306 21370 21360 21309 21169 21083 20990 21080 21249 21399 21442 21506 21463 21428 21383 21387 21321 21306 21231 21132 21071 21014 20999 20947 20953 21011 21029 21066 21103 21149 21224 21251 21264 21293 21310 21300 21223 21219 21117 21062 21041 20985 20912 20899 20994 21041 21096 21086 21041 20957 20871
20862 20807 20831 20838 20811 20777 20813 20825 20875 20923 21016 21070 21121 21122 21129 21159 21156 21149 21090 21039 21031 21018 21019 21037 21082 21174 21240 21241 21212 21235 21224 21119 21038 20964 21095 21175 21103 21228 21219 21186 21065 20921 20894 20861 20871 20848 20873 20915 20907 20934 20935 20906 20920 20980 21079 21170 21246 21236 21214 21184 21135 21090 21046 21074 21020 20993 20943 20940 20917 20882 20916 20926 20914 20873 20853 20834 20820
20712 20740 20714 20710 20724 20853 20893 20910 20951 20984 21083 21089 21114 21097 21088 21167 21165 21129 21029 20989 20971 20862 20819 20765 20766 20791 20763 20774 20761 20775 20813 20752 20726 20686 20674 20593 20655 20659 20672 20688 20723 20688 20689 20698 20650 20613 20549 20502 20374 20413 20170 20077 20092 20180 20331 20488 20566 20610 20704 20745 20711 20663 20719 20670 20696 20742 20790 20798 20825 20859 20918 20936 20953 21003 21050 21044 21019
20687 20729 20731 20723 20785 20801 20808 20757 20715 20797 20904 20903 20888 20847 20968 21066 21065 21047 21008 20950 20805 20728 20546 20517 20424 20381 20342 20270 20182 20133 20082 20013 20087 19949 19994 19907 19968 19953 20036 20096 20120 20199 20279 20316 20320 20199 20078 19936 19802 19724 19700 19711 19755 19766 19732 19742 19810 19917 20002 20166 20289 20346 20511 20538 20651 20723 20732 20731 20681 20682 20689 20731 20781 20795 20782 20724 20724
20805 20883 21008 21003 21067 21109 21197 21216 21218 21211 21176 21087 20930 20774 20793 20805 20800 20780 20720 20583 20537 20406 20268 20118 20073 20018 19916 19911 19858 19821 19743 19684 19628 19537 19558 19600 19555 19539 19509 19615 19685 19851 19828 19809 19733 19679 19686 19667 19618 19643 19654 19681 19715 19730 19720 19663 19626 19712 19804 19916 20001 20047 20168 20270 20319 20363 20453 20424 20446 20455 20512 20617 20649 20714 20740 20686 20656
