Alternative/Moon/Lvl0_30x30/Ele_DJ.asc
ncols         335
nrows         335
xllcorner     10107491.657
yllcorner     -3377166.958
cellsize      10000
nodata_value  -9999.0
[rows 34 to 67 of 335, columns 0 to 76 of 335]
12781 12758 13030 13078 13036 12908 13061 13307 13745 14370 14664 15308 15930 15894 15536 15227 14588 13906 13270 13187 13166 13223 13136 13469 13913 14098 14223 14072 14143 14141 14518 14606 14720 15064 15123 15979 17038 18365 19589 20872 21903 23671 24919 25073 25084 24375 23393 23666 23627 23548 23384 22786 22036 22032 21267 20730 20382 20315 20191 20011 19889 20172 20451 20670 20508 20183 20090 19906 19931 19974 20066 19854 19977 19982 20020 20414 20812
12959 12953 13023 13095 12968 12762 12897 13595 14019 14687 15531 15627 15873 16435 16420 15971 15433 14844 13997 13844 13834 13216 13378 13967 14407 14405 14625 14601 14346 14833 14873 15052 15238 15723 15740 16319 17585 19409 20995 22058 23114 24724 25211 25198 25036 24317 23853 23860 23614 23537 23230 22815 22172 21697 21135 20702 20381 20369 20145 19889 19969 20367 20713 20700 20730 20366 20021 19905 19914 19933 20059 20032 19987 19993 20015 20525 21116
12983 13207 12922 12964 12958 12908 13141 13798 14297 14908 15914 16178 16187 16750 16958 16781 16113 15571 15307 14128 13915 14075 14215 14676 14812 14952 14814 14968 15172 15826 15744 15683 16066 16322 16950 17706 18925 21043 22805 24170 24473 25013 25074 24762 24707 24041 23590 23358 23330 23108 22972 22951 22364 21777 20968 20338 20450 19972 19436 19417 19931 20369 20765 21041 20973 20366 20083 19931 19938 19953 19985 20011 20010 20035 20093 20372 21234
12786 13307 13472 13149 13045 12971 13200 13778 14480 15021 15863 16455 16838 17421 17773 17789 17314 16904 16388 15503 15348 15388 15672 15625 15624 16550 16511 16204 16555 16093 16514 16697 16810 16833 17498 18358 19828 22330 24133 24842 25146 25219 24845 24481 24511 23850 22479 21823 21839 22007 22746 22865 22293 21568 21214 20458 20389 19875 18969 18956 19380 20135 20650 20892 20716 20324 20263 20038 20000 19987 20104 20065 20061 20070 20088 20368 21051
12788 13113 13516 13217 13049 12954 13296 13829 14316 14904 15973 16778 17131 17694 17884 18443 18654 18415 17890 17130 16681 16805 17209 17709 17685 17510 17413 16975 17241 17907 18041 17994 17887 17919 18287 19130 20616 22712 24265 24730 24966 25033 24693 24386 24397 23959 22875 22615 22753 22203 22068 22641 22320 21834 21566 20389 20020 19899 19169 19037 19414 20000 20214 20268 20208 19973 20147 20151 20107 20034 20045 20127 20126 20232 20137 20260 20540
12718 12776 13180 12942 12798 13084 13411 13833 14089 14799 15975 16769 17162 17826 17975 18499 19527 19653 19427 18508 17807 18068 18494 18644 18386 17712 17366 16687 17055 18108 18676 18876 18687 18712 19114 19929 21152 22907 23509 23786 24241 24584 24625 24585 24356 23900 23512 23365 23348 23227 22883 23071 22740 21876 21799 21087 20455 20185 20048 19806 19902 19763 20074 20000 19856 19857 19905 20143 20102 20016 20028 20555 20729 20552 20363 20580 21102
12561 12557 13166 13112 12817 13019 13546 13849 13994 14374 14920 15343 16182 18071 18805 19329 19848 20350 20570 20010 19506 19550 19224 18894 18400 17166 15585 15690 15938 16861 18216 18866 19243 19528 20081 20777 21592 22836 22972 23188 23399 24025 24528 24614 24137 23211 23664 23404 23302 23426 22818 22584 22402 22161 22352 21828 21066 20118 20030 19932 20053 19982 20079 20031 19949 19826 19996 20062 20036 20131 20289 20466 20766 20765 20767 21229 21263
12510 12491 13103 12967 12548 12216 12809 13439 13551 14429 14435 14748 15407 17752 19026 19797 20062 20614 21324 21441 21094 20274 19202 17727 16392 15117 14315 14807 15119 15249 15782 16773 18562 19961 21264 21642 22073 22369 22613 22680 22225 22716 23601 23945 23365 23725 23898 23327 22608 21846 20916 20212 20062 20605 21871 21782 21547 20411 19769 19808 19814 19852 20269 20635 20389 20023 20055 20261 20198 20482 20428 19179 18925 20669 20969 21742 22363
12488 12835 13067 12727 12260 12282 12818 13317 13929 14832 14974 15546 16511 17993 19530 19948 20125 20510 21347 21473 20528 20047 17810 15901 14719 13456 13130 13567 13862 14114 14498 14894 16377 19353 21305 22091 22385 22311 21847 21352 21075 20929 21591 22773 23384 23788 23713 23694 22531 21005 19809 18779 18294 18241 20117 21546 21489 20368 19836 19837 19835 20011 20525 20976 20779 20664 20438 20442 20327 20513 20421 18666 18893 20908 21516 21815 22302
12756 12828 12933 13036 12723 12643 13260 13973 14314 15058 15973 17224 17968 18723 19590 19928 20074 20448 20935 20398 18429 18101 16942 15288 14070 12937 12366 12786 12683 13282 14037 14292 15287 17939 20278 21781 22104 21884 21283 20209 19903 19906 20352 21221 22328 23039 23406 23617 22626 20741 19211 18008 17581 17433 19143 20883 20961 20352 19973 19961 20060 20389 20926 20946 20803 20725 20743 20449 20212 19880 18911 18644 18922 20870 21547 22053 22117
12582 12415 13468 13912 13606 13196 14265 14567 14927 15826 16672 17600 18341 18739 19412 19725 19740 20126 20404 20035 17950 16687 15299 14010 13369 12129 11648 11885 12044 12465 13016 13696 14530 16602 18989 21218 21268 20859 20200 19255 19106 19352 19485 20180 20796 21560 22364 22899 22365 20418 18805 17482 17385 17853 20119 21606 21643 20613 20536 20631 20790 21027 21035 20822 20765 20725 20740 20361 19514 19285 18689 18486 18579 19765 21663 22582 22594
12326 12530 13628 14014 14238 14450 14806 15011 15432 16151 17031 17576 18219 18356 18451 18738 18963 19359 19518 18688 17290 15748 14300 12815 11864 11702 11606 11702 11679 11917 12338 13419 13949 15303 17414 19966 20313 20095 18994 18610 18509 18746 19074 19783 20271 20981 21801 22597 22481 21240 19034 17748 17591 18906 21226 22332 22280 21438 20717 21157 21397 21376 21191 20777 20524 20493 20305 19451 18786 18632 18692 18463 18514 19863 21588 22438 22469
12674 12668 13465 13996 14226 14471 14705 15145 15798 16417 17316 17739 17913 17945 17856 17740 17977 18139 18367 17646 16321 15139 13721 12222 11561 11497 11852 12582 12385 11910 11980 12820 13857 15075 16250 18551 19342 19262 18456 18214 17680 17845 18315 19305 19817 20441 21038 22227 22352 22116 20677 18962 19027 20356 22249 22423 22248 21259 21363 21653 21771 21727 21455 20715 20470 20211 19718 18865 18708 18643 18664 18655 19411 20671 21917 22539 22465
12945 12540 13350 13665 13921 14416 14623 15206 15975 16831 17313 17845 17948 17835 17751 17507 17393 17836 18169 17309 15564 14310 12955 11601 11495 11471 11996 13010 12962 12073 11886 12547 13911 15142 15990 17860 18810 18756 18085 17466 16914 17116 17494 18256 19163 19779 20348 21301 22056 22199 21795 20761 20733 21986 22592 22517 22012 21635 21901 22038 21993 21837 21608 20998 20656 20315 20002 19351 18751 18674 18669 18982 19936 20889 21893 22871 22900
13345 13437 13353 13624 13940 14120 14528 15382 16236 16951 17421 17760 17148 16196 16635 16782 17050 17273 17384 16629 15324 14111 12512 11514 11467 11484 11635 12761 12847 11882 11716 12469 13531 14881 16012 17771 17987 17910 17469 17001 16597 16507 16569 16962 17469 18601 19718 20073 20707 21207 21636 21826 22617 23112 23110 22707 22222 22290 22620 22318 21633 21680 21874 21471 21011 20514 20391 19952 19323 18948 18844 18896 19589 20601 21724 23129 23331
13389 13769 13588 13393 13542 14055 14788 15509 16216 16768 16920 17269 17265 16498 16400 16670 16797 17182 17379 16267 15643 14447 12868 11675 11465 11697 11872 11632 11710 11550 11531 12392 13257 14658 16283 17337 17921 17637 16934 16220 15740 15827 16058 16420 16879 17624 18295 18585 18919 19842 20498 21426 22403 23130 23102 22831 22799 22674 22968 22892 21647 21601 21851 21532 21214 20730 20528 20299 19849 19431 19333 19051 19462 20341 21401 22919 23396
13658 13659 13746 13867 13959 14461 15067 15819 16036 15602 15479 15781 16033 15907 15899 16292 16362 17055 17108 16595 15791 14769 13262 12233 11598 11445 11479 11598 11431 11392 11550 12917 13740 15158 16325 17891 17885 17005 16261 15747 15621 15591 15774 16322 16633 17212 17696 17884 17913 18713 19667 20696 21182 21915 22728 22817 22783 22850 22903 22899 22054 21991 22225 21713 21191 20867 20657 20374 20105 19874 19415 19382 19343 20115 21231 22805 23444
13724 13674 13889 14073 14201 14914 14409 15602 16111 15515 15273 15423 15582 15821 15813 15998 16246 16735 16830 16896 16217 14873 13517 12541 12016 11572 11432 11410 11404 11414 11947 13686 14371 15316 16844 17894 17688 16417 15916 15610 15487 15536 15509 15937 16258 16800 16993 17238 17699 18214 19188 20220 20743 21133 21661 22452 22684 23118 23411 22882 21364 21294 21990 21641 21210 21172 20953 20695 20419 20148 19929 19501 19446 20024 20603 22224 23340
13628 13762 14190 14581 15137 15923 15995 16291 16434 15908 15424 15535 15242 15175 15742 15823 16007 16309 16741 16912 16521 15280 14395 13201 12595 12049 11633 11496 11779 12395 13403 14493 15403 16149 17325 17334 16910 15970 15796 15393 15358 15391 15345 15270 15771 16508 16800 16908 17143 17688 18737 19946 20652 20848 20955 22074 22657 23189 23602 22998 21342 20666 21519 21548 21627 21323 21242 21137 20691 20464 20308 19994 19784 20010 20612 21398 22786
13588 13940 14458 15376 15969 16094 16306 16434 16468 16362 15759 15590 15635 15636 15636 15573 15786 16068 16588 16739 17053 16768 14979 14191 13719 13036 12709 12814 13267 14049 14832 15635 16679 17219 17226 16747 15948 15926 15677 15321 15343 15330 15255 15184 15331 15836 16256 16404 16688 17155 18310 19601 19993 18945 18123 19647 20891 21836 23408 23196 22624 22152 21696 21512 21885 22064 21985 21760 21529 21067 20439 20372 20170 20030 20758 21315 21380
14152 14369 14566 15740 16238 16305 16368 16675 16677 16320 15743 15320 15331 15407 15531 15589 15500 15773 16286 16381 16842 17045 16748 14999 14317 14351 14436 14544 14824 15491 16459 17318 17254 17135 16708 16145 15857 15784 15690 15362 15337 15225 15099 15121 15095 15113 15397 16046 16292 16321 17240 19273 19585 17794 16565 18302 19942 21236 22923 22917 22572 22175 21738 21647 21788 22126 22090 21476 20917 20964 19989 20004 20000 20050 20648 21263 21314
14592 14795 14561 15825 16062 16126 16771 16853 16861 16049 15527 15294 15257 15271 15496 15563 15439 15558 15973 16208 16409 16978 16862 16885 16377 15369 15181 15464 16183 17146 17413 17364 17204 16811 16482 15904 15740 15548 15550 15370 15299 15227 15032 15013 15018 14985 15078 15507 15439 15491 16551 18799 19276 19037 18600 20006 20961 22239 22809 22563 22115 21980 22224 21685 20903 20826 20890 19870 19206 19890 19790 18801 18915 19403 20257 20714 20844
14808 14940 14923 15446 15864 16205 16796 16996 16864 15791 15351 15311 15256 15212 15268 15391 15374 15509 15593 15815 16031 16535 16906 17063 17141 17023 16942 16791 16890 17190 17090 17005 16547 16272 16099 15843 15741 15387 15270 15316 15076 15037 14947 14929 14940 14990 15012 15024 15005 15047 15743 17637 18983 19699 19907 20484 21343 22770 22766 21748 22138 22379 22426 21219 19298 18578 18722 18488 18269 18854 18676 17573 17442 18411 19244 19683 20000
14834 15233 15282 15192 15457 16030 15924 15857 15655 15892 15580 15327 15259 15263 15318 15273 15387 15454 15479 15598 15681 16124 16182 16433 16809 16856 16980 16982 16822 16808 16664 16303 16074 15845 15548 15533 15252 15317 15259 15085 15032 14976 14954 14979 14944 14979 15027 14996 15067 15171 15334 16933 18239 19105 19222 19261 20511 22469 22442 22007 22398 22613 22529 22138 19999 18753 19056 18317 18034 18496 17868 16603 16495 17462 18397 18923 19363
14955 15537 15688 15424 14910 14979 14998 15059 15127 15418 15497 15345 15254 15250 15337 15359 15272 15431 15502 15468 15485 15594 15644 15763 16027 16271 16587 16648 16446 16170 16056 15841 15650 15557 15459 15486 15286 15365 15222 15051 15004 14959 14978 14968 14952 14942 15014 15021 15037 15288 15438 16994 17843 18181 18474 18693 19977 22132 22206 22017 22431 22680 22597 22506 21462 20462 20043 18416 17833 17377 16595 16548 16504 16447 16836 18197 18921
15415 15643 15700 15457 14925 14881 14947 14997 15076 15225 15391 15393 15238 15207 15259 15238 15371 15443 15480 15451 15359 15459 15499 15557 15636 15774 16043 16065 16011 15825 15668 15559 15535 15589 15465 15511 15396 15401 15280 15038 14952 14927 14922 14950 14923 14914 14937 14986 14994 15170 15890 16818 17235 17710 18359 18844 19524 21295 22237 22159 22290 22492 22467 22004 21308 20494 19896 18182 17170 16620 16511 16546 16554 16445 16516 17691 18411
15819 16013 15562 15223 14838 14799 14946 15027 15058 15221 15373 15387 15239 15199 15290 15307 15309 15407 15384 15357 15342 15356 15366 15320 15388 15613 15645 15652 15697 15698 15590 15486 15431 15561 15466 15455 15169 15351 15253 14996 14904 14896 14913 14915 14915 14930 14922 14969 15029 15331 15957 16657 17015 17427 18078 18490 18891 21140 22439 22395 22159 22218 22280 21994 21295 20326 18817 17228 16560 16532 16513 16506 16497 16464 16549 17664 18766
15904 16114 15792 15149 14851 14848 14906 15041 15084 15243 15371 15410 15319 15205 15327 15347 15496 15579 15532 15500 15421 15369 15311 15318 15316 15454 15475 15435 15540 15535 15568 15429 15277 15346 15295 15452 15272 15066 15019 14915 14903 14906 14922 14913 14919 14933 14937 14928 14989 15348 15728 16404 17006 17078 17456 18430 19035 20370 21926 22483 22304 22058 21529 21039 20981 19920 18367 16988 16572 16561 16566 16552 16497 16477 16532 17496 18921
15814 16602 16852 16161 15257 14877 14943 15032 15144 15270 15420 15557 15409 15428 15432 15514 15918 16105 15880 15762 15698 15529 15452 15409 15365 15369 15318 15331 15453 14849 15344 15320 15263 15127 15084 15084 15162 15114 14955 14936 14897 14909 14899 14889 14888 14905 14938 14950 14977 15065 15516 16121 16654 17029 17782 18352 18901 20283 22079 22658 22513 22171 21723 21392 20848 19621 18203 16786 16568 16583 16566 16531 16533 16497 16658 17641 19462
15760 16540 17491 17440 16168 15067 15100 15212 15334 15419 15547 15530 15354 15613 15680 16071 16388 16680 16682 16449 16047 15821 15549 15326 15391 15361 15307 15310 15410 15359 15359 15298 15098 15032 15004 15036 15099 15094 14941 14919 14917 14911 14900 14885 14877 14902 14939 14956 14992 15018 15216 15987 16295 16923 17629 18164 18886 20129 22208 22684 22424 22361 21929 21404 21045 19969 18483 17220 16647 16570 16589 16653 16671 16550 16658 17837 19336
15793 16554 17579 17696 17214 15984 15568 15835 15913 15891 15810 15731 15713 15933 16649 16852 16970 17048 17054 16995 16775 16487 15801 15519 15454 15319 15311 15263 15264 15209 15277 15323 15106 15023 15000 15009 15077 15092 14996 14929 14932 14922 14916 14889 14938 14894 14903 14924 14984 15011 15028 15620 16165 16565 17232 18364 19661 20532 21980 22435 22501 21993 21651 21791 21404 20683 19366 18228 17702 16825 16666 16910 16918 16768 17522 18403 19406
16011 16134 16994 17844 18274 17354 16997 17048 17019 16688 16372 15727 15799 16539 16950 16915 16182 15920 16099 16091 16899 16910 16257 15725 15526 15288 15402 15220 15386 15207 15186 15131 15098 15035 15000 14975 15028 15067 15332 15181 15063 14921 14920 14962 14928 14897 14897 14925 15007 15000 15005 15303 15891 16699 18255 19032 20171 21003 21409 22353 22518 22364 21683 21652 21441 21115 20246 19666 19008 18131 17309 16997 17372 17643 18606 19488 19479
16055 16445 17811 17967 18694 18715 18550 17177 16665 16431 16392 16100 16245 16534 16564 15595 14085 13411 14298 15133 16303 16741 16563 15969 15779 15339 15256 15206 15239 15158 15190 15105 15063 15052 15011 14978 14951 14988 15222 15203 15022 14935 14923 14916 14925 14885 14900 14956 15004 15054 15000 15096 15383 16690 18385 19187 20384 21077 21667 22303 22782 22873 22178 21634 21680 21186 20405 19912 19385 19081 18376 18095 18365 18810 19583 19894 19558
15833 16902 18061 18569 18753 19106 18512 16188 14427 13878 15670 16996 16981 16052 14022 13582 12164 11359 12039 13276 14480 16527 16669 16280 15862 15554 15253 15180 15190 15186 15198 15119 15093 15074 15010 14969 14951 14974 15026 14962 14931 14931 14930 14895 14923 14891 14910 14955 14995 14987 15024 15215 15888 16868 18412 19223 20199 21075 22187 22059 22336 22275 21829 21689 21568 20172 19014 18831 18783 19528 19368 19564 20007 20009 20052 20084 19685
