Alternative/Moon/Lvl0_30x30/Ele_DH.asc
ncols         335
nrows         335
xllcorner     3407491.657
yllcorner     -3377166.958
cellsize      10000
nodata_value  -9999.0
[rows 238 to 271 of 335, columns 231 to 307 of 335]
18225 18250 18274 18296 18295 18287 18292 18282 18276 18267 18232 18505 18760 18992 19098 19113 19158 19452 20015 20668 21079 21062 20723 20123 19858 19913 20037 20009 20364 20336 19109 18399 18412 18425 18335 18301 18258 18285 18222 18207 18212 17831 17466 18108 18091 18056 18028 18028 18120 18319 18372 18412 18494 18415 18333 18323 18298 18263 18287 18389 18345 18315 18718 18742 18680 18596 18491 18868 18665 18596 18862 18809 18658 18757 19183 19473 19459
18192 18213 18236 18252 18279 18271 18267 18267 18260 18264 18238 18751 19008 18859 19001 19074 19134 19347 20065 20533 21194 21394 21408 20867 20463 20665 20407 20060 20408 20399 19424 19171 19254 19136 18315 18271 18220 18239 18230 18283 18562 18076 18338 18524 18146 18049 18105 18085 18044 18270 18337 18365 18414 18414 18436 18375 18375 18263 18315 18443 18485 18366 18445 18490 18591 18766 18733 19041 18778 18960 19134 19149 18789 19145 19374 19647 19762
18184 18215 18221 18218 18223 18237 18248 18261 18264 18248 18235 18693 19021 18958 19088 19073 19114 19453 20090 20519 21076 21441 21742 21635 21441 21289 21206 20093 19965 19627 19415 19690 19473 19050 18311 18247 18241 18240 18256 18307 18574 18455 18319 18315 18158 18065 18085 18113 18136 18176 18106 18275 18395 18496 18624 18662 18433 18433 18348 18318 18545 18461 18388 18431 18836 18940 18628 18793 18645 18892 19044 19293 19259 19221 19430 19577 19639
18177 18197 18203 18200 18213 18229 18234 18238 18243 18242 18240 18285 18891 18947 19116 19042 19241 19789 20213 20523 21155 21448 21852 21756 21765 21667 21556 20436 19952 19499 19395 19591 19181 18409 18268 18201 18250 18242 18251 18170 18191 18117 18143 18161 18133 18143 18133 18090 18149 18193 18241 18246 18369 18497 18644 18677 18598 18454 18492 18466 18575 18568 18434 18471 18811 18957 18677 18679 18688 19010 18931 19119 19141 19328 19690 19989 19397
18260 18176 18173 18175 18196 18196 18204 18218 18219 18235 18233 18347 18658 18761 18801 19052 19418 19735 20420 21155 21768 21786 21901 21723 21828 21524 21061 20753 20404 20169 18557 18715 18463 18394 18230 18189 18175 18170 18163 18130 18152 18112 18138 18200 18130 18174 18130 18126 18121 18145 18234 18199 18298 18448 18639 18735 18701 18782 18836 18818 18690 18685 18555 18766 18611 18724 18721 18830 18934 18983 18849 18849 19341 19692 20228 20522 19695
18312 18192 18178 18169 18170 18169 18178 18194 18215 18233 18249 18266 18311 18311 18346 19018 19417 19805 20433 21157 21844 21856 21660 21391 21087 20927 20811 20855 20703 20513 20265 18374 17963 18498 18234 18193 18175 18142 18126 18157 18094 18126 18152 18168 18221 18163 18164 18226 18228 18236 18149 18236 18363 18479 18558 18820 18839 18854 19034 19128 18760 18794 18873 18879 18672 18672 18970 18998 18862 19058 19214 19517 19806 20504 20831 20929 20243
18225 18207 18186 18182 18169 18163 18172 18283 18343 18389 18314 18273 18291 18316 18325 18546 19440 19688 19993 20521 20931 20994 21042 20664 20441 20754 20743 21116 21249 21191 20922 19867 18997 18472 18252 18194 18194 18185 18156 18109 18108 18095 18140 18194 18220 18261 18265 18427 18284 18276 18259 18294 18370 18472 18535 18728 19082 19122 19012 19060 18867 18888 19009 18907 18924 18848 19051 19027 19179 19321 19350 19702 20187 21082 21303 21322 20898
18268 18216 18195 18191 18189 18175 18163 18281 18328 18362 18280 18285 18301 18321 18335 18361 18752 19034 19472 19493 19873 20450 20637 20275 20119 20495 20702 21007 21226 21330 21031 20137 19451 18632 18249 18191 18209 18185 18161 18171 18150 18224 18288 18265 18376 18370 18205 18450 18504 18427 18351 18422 18428 18639 18729 18765 18985 19103 19060 19146 18933 18944 19013 18861 18969 18984 18832 19164 19723 19704 19507 20012 20887 21123 21225 21287 21020
18247 18198 18223 18226 18184 18172 18236 18255 18272 18302 18293 18299 18312 18329 18363 18409 18346 18817 19221 19153 19191 19479 19655 19489 19765 19873 20162 20320 21037 21126 20331 19660 18857 18475 18233 18211 18206 18207 18165 18178 18278 18306 18356 18313 18293 18475 18485 18544 18470 18399 18367 18405 18600 18961 19029 18950 19113 19353 19374 18988 18979 18984 19107 19094 19191 19129 19109 19225 19443 19858 20293 20980 21205 21217 20724 21367 21055
18394 18268 18219 18206 18198 18196 18284 18312 18330 18315 18326 18332 18332 18329 18352 18390 18338 18825 19165 19143 19007 19079 18928 19410 19817 19930 20190 20202 20448 20955 20617 19829 18615 18365 18393 18333 18233 18198 18182 18201 18344 18426 18431 18474 18371 18352 18310 18392 18458 18359 18464 18497 18960 19229 19422 19362 19647 19888 19867 19120 19165 19149 19277 19329 19164 19210 19236 19259 19545 20280 21033 21476 22030 22289 21892 21525 20775
18759 18360 18254 18255 18265 18307 18329 18403 18368 18348 18323 18365 18375 18366 18335 18366 18492 18420 18670 18662 18514 18901 19031 18846 19012 19753 20159 20218 20508 20667 20591 19912 18967 18432 18525 18551 18277 18335 18235 18218 18284 18393 18461 18438 18439 18472 18408 18470 18550 18671 18726 18975 19544 19662 19596 19868 20217 20106 19734 19878 19946 19768 19676 19528 19557 19551 19587 19594 19893 20812 21531 21565 22321 22481 21994 21636 20872
19075 18394 18263 18263 18290 18312 18368 18364 18432 18403 18359 18427 18516 18457 18352 18331 18460 18290 18491 18562 18578 18652 19048 18880 18632 19213 19726 19926 20118 19984 20045 19937 19258 18747 18701 18760 17918 18336 18248 18244 18365 18403 18592 18474 18497 18400 18381 18616 18693 18840 19310 19470 19657 20004 20067 20083 20227 20159 19828 20306 20166 20053 19861 19681 19727 19713 20223 20424 20765 21328 21715 21626 21832 21991 21402 21409 21229
19037 18376 18251 18268 18355 18367 18349 18446 18436 18384 18349 18363 18486 18775 18657 18450 18389 18448 18505 18514 18428 18428 18467 18367 18546 19089 19615 19658 19607 19648 19597 19815 19339 18821 18739 18757 18482 18486 18541 18399 18390 18401 18576 18561 18433 18288 18416 18692 18950 19208 19555 19968 20003 20011 20088 20334 20558 20499 20675 20904 20881 20837 20328 20122 20071 20058 20673 21297 21892 22160 21961 21557 20936 20696 21240 21462 21177
18646 18324 18243 18318 18398 18433 18416 18414 18338 18346 18340 18334 18457 18828 18675 18459 18390 18381 18393 18381 18309 18288 18313 18401 18415 19204 19444 19642 19674 19676 19739 19730 19277 18924 18833 18778 18645 18692 18794 18957 18653 18650 18548 18663 18571 18478 18487 18923 19563 19669 20059 20123 20121 20308 20340 20407 20614 20761 21182 21398 21776 21701 21193 20549 20765 20934 21340 21707 22106 22238 21913 21660 21426 20921 21444 21411 21230
18436 18319 18303 18393 18455 18473 18396 18378 18378 18388 18428 18443 18408 18522 18506 18467 18438 18442 18441 18469 18410 18348 18305 18300 18406 18541 18787 19668 19914 19976 20227 20521 20434 19703 19038 18993 18923 18825 18792 19050 18763 18646 18673 18770 18878 18949 18968 19566 19960 20155 20348 20320 20141 20720 21274 21577 21497 21573 21653 21950 21962 22116 22097 21825 21568 22073 22376 22708 22735 21959 21666 21777 21677 21250 21399 21242 21203
18407 18412 18365 18455 18465 18515 18416 18353 18370 18429 18450 18442 18472 18466 18414 18403 18539 18639 18644 18466 18433 18337 18305 18345 18370 18581 18788 19207 19901 20095 20247 20663 20703 20241 19536 19261 19244 19127 18834 18725 18661 18715 18721 19066 19013 19191 19424 19848 20039 20188 20632 20625 21116 21427 21660 21718 21249 21196 21381 21401 21710 21946 22166 22245 22202 22713 23030 23219 23291 22512 22011 22038 21821 21281 21310 21315 21314
18331 18367 18450 18397 18416 18410 18430 18401 18370 18423 18472 18380 18472 18481 18458 18520 18538 18603 18674 18490 18377 18310 18212 18198 18248 18385 18714 18828 19041 19568 19950 20327 20431 20053 19477 19239 19422 19374 19263 18827 18919 18984 18834 19006 19043 19400 20085 20170 19991 20444 20659 20681 21325 21440 20904 20546 20516 20232 19995 20101 20113 20291 20977 21580 22150 22584 23252 23855 23763 22829 22699 22292 21454 21042 21372 21468 21350
18387 18417 18462 18412 18416 18409 18412 18413 18414 18418 18453 18412 18411 18387 18443 18567 18515 18458 18441 18446 18361 18265 18235 18278 18198 18210 18259 18282 18461 18548 19061 19610 19803 19836 19513 19182 19294 19181 19226 19205 19138 19017 18825 18945 19257 19526 20170 20270 20055 20808 21120 21025 20785 20440 20237 19611 19210 18981 18779 18599 18754 19367 20059 21033 21619 22341 23060 23827 23745 22933 23261 23389 22639 21733 21731 21613 21714
18373 18432 18424 18443 18451 18428 18393 18401 18433 18414 18436 18415 18388 18370 18351 18456 18477 18433 18436 18531 18423 18256 18288 18393 18331 18108 18211 18228 18238 17546 18156 18226 18727 18952 18952 18946 18878 19137 19071 19348 19482 19281 18853 19132 19246 19694 20059 20123 20767 21235 21329 20832 20130 19548 18820 18358 17512 16915 17056 17308 17493 18140 19057 19905 20842 21606 22268 23032 23051 23040 23212 23330 22845 22577 22363 22018 22217
18385 18387 18451 18509 18463 18465 18433 18412 18531 18491 18422 18416 18386 18415 18450 18433 18374 18361 18378 18481 18425 18282 18267 18410 18405 18180 18076 18046 18157 18187 18207 18056 18087 18364 18464 18796 18634 18960 19163 19501 19707 19668 19065 19033 19325 19758 20009 20448 21320 21410 21126 20249 19531 18590 17697 17065 16366 16184 15571 15774 16115 16768 17892 18586 19758 20446 21693 22470 22513 22992 23134 22836 22694 22743 22537 22440 22790
18389 18477 18530 18467 18599 18612 18570 18523 18492 18512 18479 18444 18374 18402 18434 18464 18431 18418 18384 18433 18331 18204 18139 18168 18156 18140 18130 18245 18259 18148 18086 18164 18335 18282 18495 18721 19075 19237 19530 19599 19430 19505 19337 19076 19246 19566 19895 20758 21238 21257 20552 19770 18889 17687 16386 15500 15244 14833 15136 14994 14916 15450 16226 17129 18222 19099 20138 21678 22301 23026 23615 23749 22909 22589 22538 22576 22965
18362 18510 18625 18548 18193 18479 18390 18485 18489 18506 18502 18460 18396 18413 18400 18380 18376 18503 18303 18380 18295 18266 18096 18063 18067 18063 18096 18173 18171 18217 18257 18255 18327 18303 18455 18779 19290 19829 19786 18534 17905 19260 19669 19321 19521 20005 20146 21078 21206 20462 19963 18679 17781 16122 15288 14949 14611 14634 14597 14572 14573 14508 15082 16116 17091 17596 18399 20380 21917 23080 23743 23718 23091 22970 22856 22572 23147
18525 18521 18491 18453 18519 18618 18585 18532 18622 18657 18680 18629 18448 18441 18429 18396 18307 18294 18296 18249 18177 18175 18123 18071 18066 18078 18118 18147 18240 18274 18316 18324 18498 18618 18597 18678 19055 19192 19282 18141 18717 19762 19783 19718 19756 20089 20390 20895 20995 19930 18986 17788 16410 15562 14869 14656 14486 14769 14697 14442 14364 14311 14717 15538 16040 16940 18082 19533 20922 22224 23216 23634 23654 23299 22963 22600 22971
18390 18431 18415 18415 18443 18504 18549 18539 18690 18675 18682 18628 18533 18520 18439 18304 18263 18279 18267 18277 18174 18166 18118 18144 18098 18121 18144 18347 18381 18392 18498 18523 18670 18703 18841 19003 19112 18823 18707 19361 19606 19748 19765 19882 20190 20380 20372 20733 20899 19318 18134 17177 16136 15017 14626 14688 14458 15545 15791 14798 14524 14377 14536 14804 15153 16277 17770 19121 20028 22016 22921 23617 23699 23318 22785 22338 22529
18344 18433 18386 18427 18499 18466 18432 18473 18557 18614 18577 18707 18594 18645 18542 18458 18338 18389 18435 18274 18219 18210 18118 18130 18323 18322 18256 18299 18334 18460 18715 18908 18875 19064 19139 18755 19172 19253 19442 19478 19467 19505 19601 19976 20211 20416 20291 20702 20378 19042 17763 16526 15133 14584 14203 14258 14371 15248 16060 16184 16065 14462 14509 14612 14754 15451 17163 18931 19817 21635 22648 22901 23025 22887 22285 22171 21894
18291 18318 18352 18415 18469 18501 18501 18491 18553 18481 18454 18507 18565 18731 18869 18876 18595 18457 18366 18260 18320 18391 18285 18275 18293 18450 18460 18528 18392 18410 18374 18705 18864 19136 19228 18805 19073 19150 19072 19297 19154 18851 19555 19971 20151 20235 20391 20756 19678 19161 17743 16244 15022 14461 14228 14272 14803 14763 14830 15939 15772 14699 14507 14498 14728 15166 17011 18521 19665 21048 21881 22085 22171 22195 21780 21454 21087
18459 18399 18420 18566 18652 18683 18719 18596 18563 18574 18731 18610 18502 18494 18573 18560 18478 18407 18350 18334 18363 18391 18306 18351 18398 18321 18414 18587 18683 18445 18431 18410 18514 18696 18508 18386 18548 18464 18687 18649 18649 18669 19155 19521 19784 20118 20651 21042 19840 19248 18221 16358 15462 14490 14245 14200 14369 14203 14809 14358 14340 14256 14222 14316 14489 15761 16606 18346 19519 20303 20903 21187 21355 21577 21012 20644 20541
18776 18771 18657 18897 19031 19030 18855 18709 18649 18776 19103 18943 18537 18502 18487 18519 18453 18382 18397 18337 18276 18314 18303 18357 18310 18296 18424 18545 18656 18401 18600 18596 18649 18689 18749 18815 18347 18237 18206 18290 18521 18655 18918 19049 19528 19979 20694 21191 20080 19002 18404 16654 15263 14497 14261 14358 14264 14306 14393 14171 14119 14174 14283 14239 14852 15734 17152 18532 18920 19970 20310 20830 21151 21206 20704 20053 20018
18880 18751 18868 18897 18781 19116 18974 18859 18896 19066 18242 18763 18543 18514 18547 18516 18498 18454 18479 18381 18286 18251 18279 18236 18224 18246 18367 18271 18651 18398 18662 18890 18761 18598 18627 18659 18590 18382 18354 18245 18495 18504 18851 19034 19098 19529 20166 20693 19568 18957 18253 17168 15845 14925 14418 14197 14307 14273 14208 14118 14354 14518 14614 14628 15330 16459 17791 18596 19887 20540 20082 20361 20980 20987 20183 19918 19962
19148 19203 19259 18913 19047 19223 18997 18958 18868 18981 18633 18766 18593 18568 18534 18515 18406 18508 18412 18423 18410 18231 18247 18230 18223 18207 18147 18140 18276 18293 18318 18664 18937 18813 18620 18731 18599 18510 18500 18353 18515 18693 19089 19044 18694 18718 19907 20501 20309 18746 18336 17458 16409 15716 14640 14574 14584 14580 14466 14358 14508 14808 15485 15529 16053 17392 18653 19941 21228 20794 20413 20461 20273 20161 19784 19977 20013
19407 19348 19214 19161 19398 19404 19011 19215 18403 17113 18499 18985 18549 18492 18390 18397 18354 18338 18347 18293 18477 18414 18412 18339 18318 18433 18697 18497 18430 18447 18425 18358 18364 18457 18584 18674 18782 18676 18750 18766 18877 18894 18847 18377 17947 18375 19584 20032 20136 20019 18806 18467 17125 16591 16178 15748 15450 15525 15348 15204 15903 15858 16414 17058 17529 18903 19758 21317 21460 20894 20945 20924 20277 19753 19872 20066 20033
19425 19520 19136 19146 19287 19202 19054 19211 18811 18557 18870 18668 18566 18468 18467 18395 18377 18358 18427 18549 18444 18411 18453 18468 18480 18639 18730 19120 19044 19030 18780 18747 18681 18662 18771 18889 18670 18563 18802 19065 19237 19096 18581 18024 17982 18269 18904 19585 20014 20129 19677 19153 18547 17843 17388 17438 17027 16905 16880 16897 17425 17503 17708 18355 18741 19796 20356 21522 21425 21319 21545 20868 20154 19685 20300 20084 19375
19355 19485 19239 18990 19288 19229 19137 18966 18933 18961 18927 18539 18469 18458 18488 18605 18459 18419 18465 18548 18568 18364 18423 18369 18464 18554 18668 19002 19155 19097 18979 18888 18995 19082 18965 18840 18904 18933 18901 19261 19345 19199 18369 17840 17975 18201 18710 19588 19678 19831 19933 19929 20111 19960 19571 19191 18504 18490 18240 18333 18745 18717 19350 20030 20184 21141 22114 21846 21487 22019 22121 21258 19945 19595 20231 20017 19007
19181 19472 19397 19305 19225 19201 19024 18951 19206 19091 18698 18589 18632 18572 18675 18657 18528 18539 18586 18705 18725 18739 18706 18524 18442 18473 18632 18741 18487 18649 19057 18865 18863 19001 18743 18817 18776 18686 18653 18990 19169 19138 18828 18106 17952 18307 18662 18839 19747 19979 20305 20526 20744 20621 20658 20235 19468 19529 19568 19498 19464 19647 19831 20238 21439 22320 22476 22221 22365 22425 22312 21297 20037 19744 20289 19518 18831
