Alternative/Moon/Lvl0_30x30/Ele_ED.asc
ncols         335
nrows         335
xllcorner     -9992508.343
yllcorner     -6727166.958
cellsize      10000
nodata_value  -9999.0
[rows 170 to 203 of 335, columns 154 to 230 of 335]
24830 24880 24629 24761 24611 24517 24346 23925 24088 23966 23316 22701 22009 21713 21532 21566 21616 21657 21640 21689 21705 22082 22398 22443 22382 22471 22607 22236 21790 21571 21462 21227 21155 21169 21387 21294 21247 21524 21743 21668 22022 22240 22351 21888 21579 21865 22029 21748 21826 22059 21903 21941 21945 21942 21782 21781 21853 21510 21328 21500 21632 21625 21630 21632 21820 22224 22334 22429 22227 22235 22298 22219 22737 23162 23277 23293 23261
24938 25158 25163 25258 25163 24608 24461 24238 24095 24243 24125 23731 23222 22579 22519 22210 22143 22087 22346 22892 23093 22946 22616 22527 22304 22210 21993 21656 21511 21443 21421 21406 21383 21312 21541 21477 21317 21428 21942 21894 21567 21350 21509 21435 21437 21447 21436 21493 21911 21930 21801 21979 22010 22139 21884 21808 21933 21961 21369 21553 21593 21597 21659 22040 22359 22371 22609 22643 22651 22484 22261 22598 22876 23185 23338 23549 23505
24799 25146 25137 25295 25294 25040 24480 24384 24338 24336 24347 24180 24058 23787 23401 23178 23290 23395 23496 23409 23172 22978 22681 22568 22248 21978 21864 21662 21673 21549 21359 21343 21353 21321 21219 21106 21078 21194 21437 21659 21565 21488 21523 21041 21215 21277 21285 21353 21503 21590 21824 22060 22051 21974 22233 22215 22361 22140 21925 21842 21759 21923 22109 22364 22595 22760 22591 22602 22481 22506 22628 22860 23105 23349 23458 23448 23453
24960 25025 25165 25269 25217 25043 24498 24434 24377 24237 24193 24275 24309 24041 23708 23501 23761 23844 23662 23517 23284 23059 22882 22679 22424 22231 22129 21996 21583 21542 21360 21303 21261 21274 21244 21179 21009 20890 21062 21310 21293 21608 21425 21255 21442 21544 21643 21660 21619 21618 21704 22012 22057 22119 22209 22171 22183 22142 22107 21928 21838 22131 22328 22546 22867 22970 22506 22404 22369 22360 22855 23072 23148 23377 23491 23534 23523
25001 25264 25303 25163 25052 24817 24629 24488 24316 24146 24127 23978 24056 23947 23807 23667 23780 23853 23568 23264 23252 23209 23076 22730 22467 22283 22060 22016 21747 21328 21281 21012 21191 21175 21077 21127 21013 20864 21000 21102 21256 21304 21239 21311 21545 21593 21701 21944 21897 21810 21654 21859 22145 22262 22314 22124 22154 22065 22132 22216 22235 22230 22347 22642 23195 23229 22557 22212 22062 22416 22934 22984 23048 23121 23325 23531 23556
24776 25229 25519 25496 24866 24817 24710 24465 24348 24196 23810 23604 23286 23087 22996 22985 23038 23100 23032 22827 22828 23005 23051 22791 22434 22119 21767 21541 21260 20982 20732 20804 20790 20812 20845 20766 20775 20912 20907 20843 20988 21027 21182 21229 21338 21587 21441 21770 21984 22034 21749 21612 22044 22132 22286 22042 22250 22417 22321 22390 22375 22461 22744 22968 23008 22918 22531 22623 22547 22295 22355 22529 22521 22337 22066 22380 22549
24762 25469 25704 25424 24944 24790 24827 24514 24111 24095 23759 23284 22834 22221 21951 21838 21813 21946 22075 22257 22282 22521 22525 22314 22157 21725 21603 21247 21000 20526 20172 20100 20368 20452 20538 20623 20730 20836 20962 20962 20945 21067 21078 21177 21232 21372 21351 21422 22031 22107 22019 21911 21736 21932 22031 22099 22144 22126 22351 22518 22675 22597 22938 23202 23227 22808 22880 22823 22384 21500 21268 21294 21399 21121 20532 20349 20406
24816 25183 25443 25049 24647 24599 24842 24592 24275 23721 23360 22887 22711 22113 21890 21862 21745 21731 21910 22187 22148 21954 21866 21497 21307 20984 20697 20585 20242 20060 20144 20125 20149 20227 20388 20523 20521 20752 20861 20873 20873 20973 21033 21154 21208 21323 21332 21315 21758 21923 21895 22195 22088 21925 22135 22267 22222 22189 22623 22843 22989 23001 22965 23109 23164 22732 22607 22363 21569 20702 21203 21002 20676 19812 19795 19851 19890
23883 24720 25146 25208 25354 25027 25001 25000 24654 23728 22838 22469 22166 21933 21747 21822 21886 21900 21878 21836 21660 21485 21215 20844 20546 20343 20175 20060 20043 19937 19854 19963 20039 20151 20166 20304 20394 20476 20768 20919 20929 20890 20940 21139 21199 21245 21219 21279 21483 21762 21966 22290 22406 22426 22316 22344 22274 22469 22725 22930 23091 23021 22837 22720 22233 21450 20935 20384 20019 20212 19894 19293 19292 18782 19036 19168 19378
24547 25153 25659 26089 25916 25684 25169 25007 24723 24045 23164 22478 22159 21930 21939 21808 22012 22181 22206 22183 21945 21675 21441 21137 20916 20616 20490 20322 20204 20203 20163 20014 19944 20153 20129 20114 20185 20411 20542 20814 20903 20940 21009 21112 21262 21371 21444 21645 21853 21896 21963 21785 22179 22363 22408 22556 22541 22684 22859 22916 22914 22440 22099 21583 20743 20230 19618 18988 18974 18852 18887 18684 18193 17840 18150 18368 18435
24071 25037 25969 26292 26435 26244 25530 24635 24476 24049 23403 22896 22439 22343 22331 22394 22386 22330 22270 22288 22155 21969 21484 21447 21376 21312 21169 21121 20989 20841 20589 20381 20259 20188 20004 20058 20051 20299 20429 20568 20779 20915 21042 21161 21192 21268 21510 21647 21775 22059 22098 22088 21854 21902 22143 22008 22149 22658 22860 22980 22791 21719 21093 20251 19916 19682 19028 19002 18912 18693 18458 18295 18230 17767 17759 18011 18084
23356 24341 25427 26241 26489 26781 25864 24318 24273 24119 23609 23109 22968 23088 23164 23041 23124 23133 23024 22895 22574 22151 21983 21763 21686 21588 21575 21450 21284 21150 20910 20521 20431 20337 20269 20124 20008 20176 20331 20459 20698 20909 20993 21222 21327 21379 21436 21744 21801 21841 21916 22013 21917 21702 21603 21813 22109 22486 22592 22594 22391 20647 19372 19290 19575 19208 18098 18385 18420 18120 18208 18161 18141 17878 17753 17614 18132
23289 24690 25858 26559 26477 26634 25667 23853 23981 24252 23965 23921 24008 23879 23871 24264 24277 24038 23754 23456 22864 22561 22402 22265 22178 22005 21608 21523 21339 21156 20964 20847 20766 20757 20654 20451 20370 20290 20295 20450 20539 20803 21066 21281 21352 21423 21592 21699 21732 21698 21801 21905 21920 21855 21395 20877 21219 21762 21719 21765 21605 20414 19248 19585 19705 19476 18180 18527 18559 18484 18137 17947 18070 18027 17537 17636 18065
23655 24716 25831 26652 26640 26449 25727 23962 23926 24499 24480 24341 24549 24573 24331 24715 25741 25704 24828 24043 23352 22775 22577 22313 22192 21898 21731 21479 21290 21227 21079 20913 20895 20953 20979 20950 20879 20763 20655 20589 20733 20818 21050 21249 21349 21562 21633 21580 21627 21683 21817 21919 21960 21954 21719 21079 20532 20298 20336 20641 20560 19697 18916 19283 19586 19404 18091 18052 18507 18524 18407 18225 17642 17478 17410 17473 17669
23707 23956 24907 25788 26098 26227 25457 24634 23950 24640 25031 24928 24823 24806 24969 25671 26334 26434 25814 25021 24035 23034 22500 22358 22129 21829 21763 21629 21515 21238 21014 21062 21112 21140 21113 21149 21163 21071 21028 20959 21218 21242 21451 21544 21535 21508 21615 21723 21769 21809 21965 22133 22101 22109 22104 21581 20976 20265 19605 19406 19178 19051 18857 18865 18683 18395 17963 17708 17714 17738 17674 17456 17295 16970 16855 17107 17353
23074 23438 24206 24955 25503 25719 25469 24773 23983 24604 25006 24895 24671 24673 24945 25594 26063 26119 25778 25088 24531 23356 22379 22315 22051 21719 21623 21513 21339 21224 21115 21347 21410 21430 21265 21238 21242 21289 21507 21579 21703 21197 21559 21606 21631 21595 21827 22009 22127 22172 22161 22215 22179 22169 22052 21594 21036 20810 20187 19448 19010 18693 18522 18460 18268 17970 17625 17539 17490 17316 17231 17119 16998 16740 16670 16822 17052
21281 22329 23506 24551 25332 25545 25287 24607 23931 24138 24651 24667 24679 24457 24571 24405 24488 24695 24749 24519 24299 23451 22813 22418 21948 22019 21681 21511 21304 21164 21465 21715 21909 21996 22023 22011 21572 21661 22254 22304 22126 22029 22046 22084 21634 21742 21989 22239 22282 22124 22266 22414 22459 22275 21878 21083 20880 20838 20409 19911 19113 18010 17776 17508 17482 17706 17539 17234 17276 17263 17098 16951 16831 16590 16477 16446 16594
21512 22199 23138 24769 25288 25250 24568 24055 23773 23596 24026 24396 24440 24425 24055 24142 24299 24572 24400 24097 23887 23708 23345 22854 22475 22138 21940 21798 21674 21623 21792 21930 22097 22192 22155 22123 21886 22465 22546 22377 22153 22027 22661 22790 22729 22290 22314 22337 22284 22121 22183 22375 22553 22401 21477 20523 20463 20648 20414 19775 19191 18471 17588 17062 16984 16984 16813 16367 16464 16420 16560 16550 16578 16477 16413 16397 16421
22079 22975 23777 24381 25129 25363 25048 24057 23751 23539 23496 23665 23691 23787 23943 24051 24184 24252 24124 24139 23861 23651 23366 23093 22928 22675 22272 22141 22146 22243 22184 22128 22123 22153 22117 22106 22239 22738 22823 22096 21800 22432 23127 23291 23258 22781 22830 22782 22624 22399 22288 22683 22937 22811 21488 20351 20434 20757 20435 19510 19252 18878 18261 17577 16839 16516 16251 16049 16378 16427 16360 16119 16138 16305 16369 16327 16296
21581 21676 22863 23969 24983 25317 25169 24138 23618 23498 23356 23605 23671 23758 23695 23746 23875 23998 24062 23953 23779 23476 23347 23238 22988 22593 22326 22181 22210 22337 22329 22154 22007 21877 21644 21449 21920 22518 22582 22095 21779 22750 23199 23189 22977 22795 22832 22826 22816 22829 22853 23059 23278 23357 22256 20814 20256 20487 20381 19642 19758 19348 18377 17739 17151 16509 16317 16686 16773 16724 16494 16500 16353 16248 16263 16051 16132
20650 19789 20448 21938 23213 24919 25057 24980 24567 23618 23293 22768 23149 23383 23450 23657 23823 24060 24071 23647 23255 23168 22934 22763 22519 21732 21392 21057 21114 21505 21712 21682 21298 20963 20879 20682 21138 21702 21917 21882 21889 22343 22820 22893 22708 22566 22664 22993 23137 23191 23161 23506 23594 23459 22808 21665 20789 19922 19566 19803 19867 19314 18230 17372 16924 16387 16203 16851 17114 17166 17030 16847 16656 16685 16704 16497 16186
22174 20994 20521 20826 21984 23655 24612 24824 24767 24452 23592 22631 22414 22594 22506 22622 22903 23695 23628 23247 23024 22917 22661 21940 21301 20337 19795 19530 19287 19589 19999 20160 20143 19806 20100 20285 20586 20686 21098 21337 21327 21390 21893 22279 22248 22386 22722 23270 23360 23209 23183 23859 23782 23173 22296 21464 21241 20678 19986 19502 19567 19118 18066 16877 16542 16446 16516 16650 16901 16952 16938 17000 16969 16801 16870 16677 16413
23891 23010 23096 23067 22426 22491 23432 23908 24319 24346 23716 23298 22593 22605 22306 22213 22314 22510 22992 22876 22699 22464 22231 21543 20567 19328 18757 18836 18608 18646 18905 19358 19306 18806 19175 19415 19606 19939 19929 20161 20853 21304 21760 22160 22455 22608 22875 23243 23341 23219 23338 23853 23874 23017 22075 21490 21564 20985 19999 19279 19417 19124 18146 17211 16978 16775 16469 16626 16895 17105 17098 17066 17046 17031 16932 16753 16625
25150 24425 24416 23951 23641 22875 22254 22742 23160 23593 23679 23357 22764 22560 22083 21818 22569 22966 22960 22813 22666 21889 21303 20780 19790 19091 18763 18675 18386 18476 18438 18821 18850 18420 18502 18959 19749 19948 20112 20366 20625 21235 21790 22143 22457 22587 22558 22875 23095 23052 23324 23848 24008 23750 22588 21779 21725 20974 19847 19275 19271 18810 18202 17662 17075 16913 16568 16389 16382 16345 16684 16751 17016 17200 17187 16837 16578
26892 26203 25063 24401 24126 23307 22553 22424 22733 23484 23586 23456 23100 22795 22578 22325 23014 23111 23179 23475 23483 22756 21982 20869 19624 19066 18891 18857 18763 18536 18818 19033 18991 18783 18675 18267 19004 19569 20381 20700 20624 21350 21749 22038 22262 22487 22527 22685 22474 22963 23647 23886 23977 23944 23372 21846 21397 20757 19878 19735 19732 19152 18349 17841 17253 17088 16964 16785 16530 16178 16170 16787 17659 17814 17598 17219 16955
28196 27385 26090 25340 25152 24610 23601 22821 22869 23295 23491 23519 23415 22859 22685 22540 22955 23381 23176 23540 23633 23360 22160 21371 20518 19069 18492 18708 18887 19126 19135 19264 19442 19491 19020 18576 19165 19366 20154 21459 21704 21744 21866 21845 22404 22384 22340 22374 22821 23204 23503 23712 23998 23946 23081 21869 21756 21164 20102 20067 19997 19681 18685 17841 17352 17168 16908 17193 17334 17310 16818 16849 17563 17698 17799 17633 17133
28347 27905 27818 27493 27144 26477 25455 24782 24257 23216 23401 23845 23939 23451 22531 22316 22503 22858 23235 23460 23557 23246 22201 21313 20704 19464 18191 18499 19079 19271 19422 19618 19682 19700 18919 19307 19298 19688 20464 21531 21927 22093 22015 22077 22471 22499 22282 22352 22610 22728 23257 23729 23801 23722 22689 22124 22126 21873 20901 20285 20005 19925 19225 18436 17966 17476 17311 17225 17408 17470 17010 16476 17190 17687 17695 17635 17338
28112 28314 28457 28351 27965 27483 26663 26269 25803 24388 23425 23831 23944 23612 22806 22102 22121 22599 22891 23223 23172 22519 22016 21158 20255 19470 18501 18024 18493 18910 19549 19688 19700 19441 19483 19846 19838 19489 19965 20754 21762 22101 22021 22237 22703 22674 22315 21955 22147 22655 23308 23650 23837 23806 22835 22371 22543 21953 21299 21015 20635 20061 19856 19021 18591 17973 17815 17608 17499 17614 17488 16947 16960 17348 17537 17255 17343
28711 28380 28517 28518 28248 28011 27781 26653 26229 25563 23813 23254 23298 23155 22776 22320 22057 22309 22440 22866 22779 22445 21874 21169 20301 19438 18774 18621 18479 18851 19298 19206 19164 19384 19864 20358 20402 20143 20641 21312 21982 22019 22040 22851 22838 22491 22195 21562 22030 22644 23245 23618 23792 23761 23219 22524 22545 22436 21802 21110 20889 20596 20473 19849 19038 18268 18129 17699 17656 17555 17661 17621 17479 17638 17680 17414 17308
28771 28735 28653 28616 28645 28191 27866 27225 26253 25694 24677 23507 23793 23632 23122 22570 22127 22175 22331 22565 22561 22461 21938 21213 20507 19407 18794 18903 18923 18775 18781 19090 19337 19520 19928 20494 20905 21259 21880 22306 22427 22174 22318 22968 23040 22576 22190 22029 22356 22641 22982 23519 23769 23803 23784 23604 23256 22998 22824 22157 21244 20583 20682 20352 19747 18939 18732 18082 17549 17805 17848 17765 17679 17645 17459 17267 17414
28967 28639 28348 28053 27971 27936 27839 27287 26721 26149 25494 24287 24415 24455 24346 23898 23419 23159 22832 22464 22500 22514 22468 21925 21007 20178 19456 19191 19066 18983 19144 19460 19822 20509 20484 20921 21455 22047 22518 22718 22625 22245 22660 22763 22378 22364 22308 22197 22417 22477 22543 23146 23729 23987 23975 23909 24019 24121 23967 23488 22708 21842 21246 20818 20571 19532 18794 18300 18253 18335 18286 18283 18263 17863 17518 17194 17179
28413 28229 27532 27564 27793 27937 27612 27257 26994 26858 26539 25466 24809 24470 24206 23931 23459 23250 22957 22672 22646 22536 22451 22122 21799 20896 20039 19700 19562 19793 19842 20119 20471 20809 21274 21374 21863 22188 22439 22494 22250 22313 22499 22494 22332 22434 22693 22688 22548 22582 22614 22930 23382 23786 23894 23865 24138 24435 24417 23825 23552 23006 22162 22078 21528 20382 19663 18972 18724 18624 18340 18359 18304 18206 17712 17392 17184
28325 28083 27670 26937 26980 27066 27232 27318 27134 27138 27011 26554 25735 25046 24935 24596 24025 23322 22684 22447 22524 22462 22323 22181 22057 21878 21044 20465 20269 20282 20445 20774 21095 21481 22007 22163 22050 21943 22105 22041 22107 22565 22586 22766 22710 22750 22813 22760 22843 22987 23211 23479 23497 23670 23852 24107 24223 24560 24419 23497 23170 22950 22971 22788 22223 21106 20437 20173 19714 19562 19159 18877 18868 18695 17888 17523 17295
28107 27609 27291 26384 26155 26190 27131 27156 27497 27331 27221 26788 26033 25526 25496 24613 24209 23827 23185 22170 22175 22164 22075 22023 22014 22041 21943 21581 21328 21555 21422 21243 21332 21460 21736 21831 21867 22004 22355 22580 22702 22741 22820 23086 23200 23143 23111 23172 23118 23416 23843 23974 23979 24025 24423 24582 24565 24372 23803 22670 22783 22972 23007 23412 23223 22156 21180 20921 20853 20873 20795 20401 20166 20133 19652 19094 18882
