Alternative/Moon/Lvl0_30x30/Ele_CG.asc
ncols         335
nrows         335
xllcorner     57491.657
yllcorner     -27166.958
cellsize      10000
nodata_value  -9999.0
[rows 272 to 305 of 335, columns 154 to 230 of 335]
19208 19185 19192 19237 19323 19180 19156 19168 19432 19464 19355 19141 19067 19062 19060 19068 19095 19115 19217 19274 19270 19299 19171 19223 19416 19454 19619 19807 20224 20282 20494 20742 20708 19685 18705 18606 18551 18549 18595 18683 19652 19928 19042 18702 18655 18623 18606 18596 18578 18556 18542 18527 18471 18408 18374 18336 18247 18194 18089 18015 17877 17770 17654 17560 17481 17365 17241 17151 17053 16942 16833 16750 16675 16607 16600 16606 16569
19245 19288 19242 19214 19301 19325 19255 19236 19264 19247 19108 19055 19062 19067 19065 19066 19083 19130 19212 19252 19230 19227 19188 19204 19329 19397 19638 19675 20046 20310 20534 20726 20615 19721 18876 18601 18572 18568 18570 18578 19039 19287 18755 18712 18666 18622 18602 18586 18586 18559 18537 18522 18470 18421 18387 18359 18239 18174 18082 18008 17875 17768 17671 17568 17468 17382 17258 17180 17090 16992 16891 16817 16743 16644 16670 16703 16682
19273 19286 19266 19225 19277 19398 19409 19334 19370 19256 19185 19072 19064 19068 19099 19111 19143 19158 19230 19282 19266 19247 19190 19229 19436 19440 19513 19539 19508 19588 20091 20633 20523 19871 18811 18622 18602 18603 18602 18616 18687 18785 18707 18680 18638 18635 18627 18587 18584 18557 18525 18512 18480 18417 18362 18316 18232 18156 18049 17982 17883 17801 17688 17598 17495 17395 17296 17233 17120 17029 16951 16864 16794 16717 16784 16787 16611
19245 19281 19280 19240 19264 19267 19360 19389 19484 19450 19218 19127 19079 19114 19149 19166 19184 19249 19284 19255 19301 19301 19221 19238 19334 19339 19213 19259 19282 19457 19410 19911 20596 20388 20004 18836 18681 18656 18655 18653 18646 18648 18660 18677 18676 18661 18642 18623 18592 18570 18512 18490 18444 18387 18289 18244 18209 18138 18060 17956 17886 17808 17682 17610 17515 17409 17334 17240 17146 17068 17021 16946 16866 16829 16804 16697 16610
19326 19404 19360 19309 19280 19287 19322 19415 19472 19437 19473 19167 19172 19222 19186 19195 19232 19263 19299 19262 19299 19299 19253 19212 19214 19278 19231 19336 19391 19258 19375 19836 20129 20264 20214 19908 19956 19572 18779 18678 18672 18667 18665 18708 18687 18696 18679 18652 18623 18587 18560 18513 18435 18371 18282 18217 18137 18072 18002 17951 17870 17807 17702 17642 17547 17437 17371 17286 17174 17110 17063 16980 16915 16947 16816 16783 16608
19286 19321 19379 19294 19302 19303 19380 19116 18333 19448 19445 19348 19275 19241 19295 19250 19227 19297 19341 19297 19282 19279 19306 19188 19237 19265 19366 19342 19434 19454 19659 19906 19906 19750 19776 19635 19643 19361 18711 18734 18716 18703 18670 18726 18752 18758 18709 18669 18651 18601 18546 18430 18338 18261 18197 18175 18149 18054 18056 18014 17890 17863 17791 17787 17707 17523 17398 17293 17202 17131 17097 17038 16986 16932 16871 16826 16637
19195 19193 19230 19283 19324 19366 19396 19107 18132 19428 19442 19389 19273 19329 19309 19259 19262 19297 19319 19369 19317 19298 19302 19283 19249 19268 19300 19301 19271 19288 19473 19376 19402 19833 20090 20018 19569 19324 19046 18756 18799 18736 18695 18670 18701 18732 18704 18648 18605 18491 18456 18381 18299 18217 18150 18085 18029 18000 17977 17971 17988 18170 18536 18609 18617 17902 17478 17306 17216 17144 17104 17066 17037 16929 16872 16837 16686
19171 19162 19219 19272 19330 19386 19422 19421 19397 19422 19335 19310 19272 19266 19267 19273 19274 19275 19307 19364 19427 19418 19333 19327 19306 19391 19337 19215 19150 19244 19302 19837 20058 20241 20393 20285 19675 19139 19227 18799 18750 18729 18700 18697 18672 18652 18618 18595 18563 18507 18434 18395 18329 18279 18180 18102 18033 17966 17960 18013 18670 18884 18388 18222 18699 18634 17723 17326 17209 17150 17115 17084 17111 17023 16928 16928 16770
19150 19131 19148 19157 19233 19298 19362 19403 19380 19358 19313 19276 19270 19271 19277 19279 19294 19293 19296 19322 19392 19403 19380 19371 19388 19320 19293 19281 19270 19234 19799 20047 19781 19621 19657 18162 19570 19313 18907 18756 18742 18738 18720 18715 18701 18670 18638 18605 18571 18516 18448 18416 18397 18341 18237 18156 18046 17982 17926 18097 18984 18349 15971 15601 16848 18553 18097 17430 17245 17105 17079 17092 17097 17017 16974 16938 16786
19103 19113 19126 19138 19172 19200 19277 19307 19301 19305 19299 19267 19269 19267 19271 19281 19296 19297 19292 19319 19369 19419 19431 19400 19383 19385 19346 19338 19334 19289 19917 19988 17393 17133 19329 19228 19362 19134 18842 18792 18732 18725 18716 18708 18689 18671 18650 18630 18585 18528 18449 18430 18382 18364 18271 18241 18141 18060 17999 18091 18577 17130 15460 15477 15521 18489 18198 17475 17176 17106 17062 17075 17093 17097 17015 16938 16787
19117 19124 19128 19149 19168 19192 19243 19311 19294 19351 19287 19284 19262 19270 19262 19273 19299 19302 19291 19283 19335 19369 19376 19397 19441 19403 19357 19391 19369 19295 19607 19656 18103 18640 20126 20060 19283 18946 18816 18786 18744 18714 18707 18691 18687 18666 18658 18641 18599 18549 18460 18437 18369 18325 18309 18317 18207 18133 18068 18146 18828 17891 15594 15626 16788 18602 17959 17412 17158 17050 17023 17094 17106 17138 17140 17090 16918
19182 19131 19139 19157 19172 19190 19210 19372 19368 19335 19289 19301 19262 19249 19257 19269 19293 19288 19285 19279 19314 19323 19352 19411 19480 19406 19375 19343 19315 19297 19284 19854 20083 19987 20075 19536 19062 18826 18800 18767 18751 18709 18701 18686 18667 18660 18639 18626 18580 18544 18466 18427 18390 18333 18333 18319 18220 18160 18140 18126 18954 19099 18344 18089 18645 18578 17732 17362 17177 17144 17054 17064 17029 17050 17090 17077 16961
19120 19151 19178 19181 19195 19217 19267 19434 19452 19489 19392 19367 19291 19256 19243 19253 19288 19278 19273 19268 19283 19287 19286 19290 19381 19449 19342 19359 19259 19252 19337 19492 19758 19595 19137 18950 18914 18796 18726 18733 18715 18702 18701 18698 18675 18634 18614 18604 18555 18521 18474 18415 18427 18372 18318 18283 18226 18194 18153 18112 18114 18908 18924 18766 18528 17836 17347 17160 17082 17084 17033 17002 16959 16973 16944 16883 16748
19109 19141 19144 19149 19188 19360 19850 20293 20406 20405 19884 19546 19346 19311 19269 19230 19248 19262 19243 19263 19274 19279 19279 19283 19283 19367 19335 19292 19225 19292 19326 19410 19334 19049 18924 18863 18842 18790 18703 18713 18705 18691 18693 18679 18661 18641 18597 18570 18537 18499 18459 18401 18399 18320 18307 18290 18257 18194 18152 18080 18000 17918 17860 17810 17657 17346 17190 17088 16953 16925 16887 16823 16805 16777 16746 16646 16533
19066 19096 19082 19112 19243 19738 20355 20389 20298 20633 20659 20029 19422 19312 19268 19244 19201 19223 19235 19239 19252 19258 19263 19261 19275 19271 19243 19290 19235 19202 19213 19366 19136 18915 18868 18864 18809 18775 18738 18697 18695 18688 18667 18655 18647 18612 18578 18555 18517 18482 18446 18397 18353 18309 18287 18276 18265 18180 18141 18055 17944 17844 17668 17607 17489 17306 17196 17110 16993 16957 16891 16849 16835 16796 16755 16666 16540
19015 19038 19074 19128 19351 20080 19799 18772 17320 18702 20511 20461 19543 19278 19238 19254 19208 19185 19206 19209 19237 19240 19244 19235 19259 19317 19321 19472 19873 19706 19260 19087 18953 18850 18844 18856 18788 18765 18732 18679 18688 18689 18684 18661 18640 18615 18579 18559 18523 18492 18448 18412 18358 18331 18284 18285 18257 18152 18104 18026 17925 17803 17667 17608 17452 17344 17212 17153 17064 16988 16935 16900 16853 16837 16802 16722 16586
19015 19005 19087 19142 19364 20199 19306 16895 14718 16664 20215 20445 19564 19260 19186 19188 19199 19171 19134 19157 19185 19225 19219 19219 19273 19556 19619 19559 19949 19734 19289 19063 19012 18847 18848 18827 18811 18777 18739 18710 18696 18706 18691 18676 18658 18635 18605 18587 18550 18516 18470 18438 18422 18358 18360 18323 18247 18162 18095 17998 17913 17829 17681 17582 17472 17351 17249 17185 17088 17005 16951 16933 16880 16856 16803 16722 16652
19008 19050 19088 19116 19309 20121 19754 18429 16602 18110 20346 20464 19444 19214 19165 19126 19123 19131 19104 19156 19166 19196 19180 19161 19306 20092 20186 20045 19672 19041 18801 18940 18970 18899 18865 18835 18827 18802 18757 18713 18726 18725 18710 18704 18695 18670 18635 18602 18566 18531 18489 18475 18461 18395 18377 18352 18300 18203 18098 17999 17907 17779 17646 17555 17479 17378 17265 17216 17101 17026 16992 16985 16915 16867 16801 16749 16708
19014 19073 19076 19088 19229 19872 20207 20285 19382 20185 20360 20000 19283 19143 19108 19092 19130 19134 19074 19145 19161 19188 19129 19105 19137 19706 20144 19969 19480 18859 18808 18965 18869 18871 18881 18855 18834 18824 18797 18740 18744 18732 18730 18719 18708 18681 18648 18616 18591 18553 18528 18495 18462 18417 18392 18372 18299 18185 18105 17997 17899 17767 17624 17547 17476 17371 17307 17242 17131 17072 17017 17003 16953 16900 16845 16821 16771
19004 19054 19065 19124 19187 19390 19755 20191 20125 20205 19764 19346 19146 19090 19062 19045 19101 19129 19086 19071 19097 19180 19138 19096 19120 19191 19998 19878 19452 19047 19001 19099 18887 18858 18884 18863 18852 18829 18818 18813 18771 18777 18774 18754 18734 18714 18672 18641 18515 17973 18620 18517 18493 18466 18425 18411 18321 18188 18100 18011 17904 17745 17650 17562 17501 17417 17351 17289 17169 17112 17050 17029 17011 16947 16943 16850 16760
19009 19040 19116 19123 19080 19201 19235 19295 19314 19304 19249 19141 19110 19077 18992 18996 19065 19125 19145 19097 19088 19126 19178 19127 19147 19218 20102 20538 19550 19250 19774 19732 19027 18891 18888 18862 18870 18857 18850 18854 18832 18841 18834 18802 18757 18738 18695 18670 18673 18581 18612 18578 18545 18525 18439 18409 18335 18178 18095 18021 17911 17743 17675 17619 17530 17453 17386 17303 17207 17159 17197 17505 17468 17190 16994 16868 16794
18981 19250 19106 19020 19043 19503 19479 19568 19149 19146 19155 19148 19102 19044 18967 18943 18982 18982 19049 19098 19121 19203 19436 19308 19249 19344 20732 21027 20080 19380 19424 19330 18890 18926 18931 18875 18885 18890 18907 18886 18869 18859 18865 18862 18872 18864 18768 18722 18722 18826 18880 18963 18867 18707 18513 18409 18330 18198 18083 17997 17917 17758 17666 17576 17545 17453 17391 17321 17251 17211 17487 17658 17417 17545 17110 16916 16856
18976 19300 19108 19230 19417 19409 19330 19605 19361 19194 19131 19113 19110 19157 19048 18971 18982 18962 18965 19028 19080 19160 19401 19672 19352 19371 20264 20312 20074 19437 19379 19416 18938 18931 18966 18949 18888 18913 18935 18925 18912 18881 18882 18858 18884 18889 18873 18893 19049 19246 19362 19375 19329 19301 18627 18432 18278 18179 18045 17991 17885 17761 17673 17634 17560 17472 17435 17354 17283 17244 17535 17586 16280 17591 17121 16957 16877
19064 19111 19266 19386 19570 18330 16817 19048 19505 19285 19262 19103 19138 19289 19215 19119 19296 19353 18958 18941 18974 19020 19098 19637 19492 19479 19495 19578 19554 19409 19432 19569 19070 19083 19016 19028 19002 18915 18945 18964 18931 18913 18910 18904 18889 18856 18868 18913 19425 18981 17933 17513 18703 19528 18912 18407 18249 18149 18038 17930 17861 17814 17735 17662 17569 17518 17460 17381 17334 17280 17551 17727 17699 17585 17109 16983 16877
19173 19283 19243 19330 19404 19379 18692 19232 19378 19179 19337 19078 19234 19474 19315 19130 19304 19508 19031 18930 18959 18984 19011 19053 19023 19079 19168 19494 19622 19514 19359 19305 19279 19362 19247 19169 19099 18998 18961 18993 18988 18988 18935 18936 18905 18881 18820 18907 19434 19182 17026 15324 16860 19346 18943 18382 18187 18107 18027 17964 17916 17818 17732 17678 17610 17552 17465 17396 17318 17269 17258 17290 17265 17177 17100 16988 16878
19657 19254 19261 19269 19294 19420 19371 19603 19098 19120 19329 19212 19894 19880 19463 19149 18810 18900 18892 18876 18878 18962 19008 19032 18931 18997 19079 19188 19394 19440 19637 19633 19944 19966 19749 19501 19173 19072 19064 19010 19025 19025 18983 18949 18928 18883 18791 18793 19189 19316 19208 17864 18672 19292 18678 18312 18183 18109 18039 17978 17914 17839 17735 17698 17646 17551 17467 17415 17339 17277 17310 17284 17245 17130 17069 16971 16878
19556 19557 19244 19237 19273 19266 19258 19251 19151 19484 19515 19656 19915 19954 19765 19474 18905 18853 18871 18878 18911 18923 18974 18973 18940 19057 19112 19117 19178 19482 19786 20389 20492 20503 20264 19951 19491 19315 19135 19078 19007 19015 19003 18977 18936 18849 18765 18680 18774 19100 19302 19073 19203 19271 18533 18271 18179 18122 18068 18018 17953 17882 17793 17720 17748 17630 17546 17442 17371 17298 17304 17269 17199 17134 17051 16937 16892
19992 19493 19308 19199 19227 19254 19238 19179 19361 19498 20083 20121 19436 19561 19904 19491 19151 18987 18914 18911 18856 18919 18949 18936 19017 19039 19116 19170 19474 19899 20321 20176 18723 19124 20398 20393 20094 19563 19209 19090 19025 19018 18998 18983 18909 18773 18666 18799 19224 19147 18911 19171 19090 18524 18348 18290 18203 18140 18113 18036 17975 17905 17831 17793 17708 17688 17552 17485 17467 17362 17321 17284 17196 17111 17036 16986 16950
20817 20175 19646 19516 19543 19375 19219 19114 19387 19788 20360 20681 20484 19473 19670 19528 19206 18896 18970 19022 18922 18851 18906 18967 19013 19069 19130 19347 19602 20283 20209 17907 15383 15957 17568 19310 20231 19709 19266 19175 19078 19026 18915 18867 18774 18679 18705 19201 19480 18795 17514 19030 19356 18855 18539 18337 18245 18249 18164 18087 18056 17958 17874 17843 17728 17706 17647 17590 17535 17470 17472 17380 17277 17165 17105 17061 17033
21740 21444 20522 19999 20259 19970 19405 19352 19240 19973 20631 20673 20479 19991 19841 19545 19201 18840 18852 18995 19003 18852 18887 18927 19017 19053 19194 19340 19557 20358 19318 16499 14517 15136 16708 17947 19912 19755 19242 19150 19065 18997 18840 18767 18733 18655 18745 19360 19542 17365 15755 17677 19448 19157 18553 18509 18406 18336 18282 18164 18076 17988 17909 17890 17865 17786 17759 17725 17670 17595 17529 17476 17402 17313 17231 17186 17128
21668 21419 20702 19793 20058 19887 19575 19644 19549 19950 20198 20402 20100 19973 19662 19539 19173 18816 18807 18809 18916 18930 18942 19020 19157 19355 19237 19287 19494 20322 19483 16790 15521 15628 16732 18783 19936 19582 19365 19161 19080 18949 18785 18760 18616 18619 18758 19360 19578 17553 16374 17164 19320 19251 18887 18862 18571 18442 18297 18224 18081 18034 17970 17953 17948 17860 17853 17860 17824 17721 17636 17559 17448 17365 17310 17291 17247
20373 19691 19096 19173 19191 19252 19376 21255 21408 20446 20495 20241 20075 19819 19670 19245 18903 18911 18973 18862 19078 19452 19360 20166 19932 20072 19634 19456 19455 19893 19945 18817 17324 18295 19648 20095 19958 19485 19316 19074 19045 18816 18718 18677 18617 18533 18725 19150 19723 19374 18515 19247 19390 19143 19154 19112 19022 18577 18447 18313 18168 18129 18059 18019 17967 17933 17900 17899 17872 17785 17695 17646 17551 17469 17407 17375 17310
19079 18762 18791 18857 19053 19069 19266 21312 21951 21272 21249 20392 19910 19712 19672 19435 18718 18884 19140 19208 19330 19738 20276 20657 20631 20566 20452 19564 19699 19616 19986 19980 19945 20114 20191 19965 19395 19323 19102 18980 18823 18698 18664 18633 18621 18557 18555 18726 19256 19266 19467 19673 19481 19312 19176 19256 19369 19191 18842 18568 18328 18184 18104 18087 18050 18025 17984 17974 17905 17851 17827 17761 17658 17581 17562 17501 17444
18933 18750 18787 18728 18852 18759 19044 20761 21882 21392 21233 20742 19896 19704 19630 19375 18731 19036 19511 19521 19524 20463 21199 21167 20710 20831 20851 20230 19790 19640 19232 19518 19655 19786 19552 19403 19458 19269 18884 18779 18652 18654 18619 18615 18604 18551 18515 18470 18614 18924 19172 19256 19225 19331 19595 19743 19944 19533 19157 18849 18517 18283 18173 18130 18104 18083 18138 18106 18031 17936 17911 17868 17784 17752 17728 17681 17595
