Alternative/Moon/Lvl0_30x30/Ele_CB.asc
ncols         335
nrows         335
xllcorner     -16692508.343
yllcorner     -27166.958
cellsize      10000
nodata_value  -9999.0
[rows 0 to 33 of 335, columns 77 to 153 of 335]
31763 31754 31357 29241 26798 25433 25167 27024 26743 25142 24112 23779 23626 23496 23496 23515 24104 24150 23318 23190 23149 23568 23499 24335 24607 24904 24982 25218 24694 24758 25340 24795 22762 21809 21384 22284 23585 24150 23820 23780 23932 24184 24786 25039 25362 26028 26948 27708 28896 30273 30638 29835 29063 29659 29822 29593 28752 27207 25825 25114 24949 24895 24884 25698 27165 29024 29182 28897 28604 28102 27913 27677 27696 27682 27557 27549 27565
31468 31562 31495 30250 28297 27220 26828 27427 26705 25505 24524 24042 23800 23602 23426 23037 23495 23477 22962 23395 23872 23923 23855 24174 24361 24472 24748 25370 25339 24977 23921 23295 23431 23205 23167 23875 24095 24141 23997 24603 24686 24960 25067 25830 25760 26726 27658 28685 29670 30778 31213 30572 29970 29925 29867 29858 29452 27896 26202 25337 24982 24913 24869 25882 26389 27996 28860 28758 28583 28109 27671 27591 27550 27495 27364 27316 27233
29747 30575 31086 30694 30528 29707 28794 28039 26860 26067 25243 24655 24431 24082 23757 23120 23066 23272 23512 23613 23904 23954 23791 23887 24308 24675 24954 25456 25977 25777 24232 23246 24166 24230 23722 24449 24416 24497 24570 25445 25726 26143 26196 27047 27439 28167 29039 29765 30465 30981 31302 30748 29877 29761 30268 29852 29746 29011 27230 25964 25478 25181 25730 26607 27160 28656 28681 28381 28187 27841 27642 27463 27408 27364 27218 27207 27362
27969 28517 29521 31011 31548 31307 29556 28439 27290 26682 26016 25073 24776 24611 24342 23881 23400 23699 23773 23619 23598 23600 23525 23867 24301 24873 25201 25800 26280 26317 25771 25501 26251 26354 25856 25322 25993 25930 25502 26795 27091 27086 26972 28297 28601 29503 29853 29334 29736 29740 29409 28988 28393 30152 30351 29687 29721 29637 28358 27201 26706 27004 27842 28689 28896 28885 28664 28143 27686 27656 27625 27489 27410 27333 27145 27115 27313
27273 27178 28032 30344 31810 31610 30053 29085 27925 27303 26614 25749 25126 24901 24708 24407 24181 24422 24299 23857 23852 23883 23800 23963 24049 24197 24522 25454 26108 26187 25971 26422 26585 26841 26991 26989 26829 26503 25436 27090 28357 28413 28537 29309 29599 30329 30810 30201 28804 27529 27238 27145 28728 30231 30136 29205 29465 29328 29010 28951 28762 29025 29204 29128 29129 28881 28425 27904 27685 27581 27542 27485 27398 27283 27165 27141 27225
27274 27679 28539 30841 32052 31977 30679 29688 28783 27997 27354 26522 25627 25414 25083 24828 24663 24767 24702 24674 24509 24339 24497 24450 23056 21988 22110 24174 26062 26211 25939 26117 26609 27250 27975 28445 28522 28518 27842 28219 29773 30351 30269 30429 30509 30789 31508 31572 30548 29103 28336 28830 30009 30325 29581 29334 29458 29465 29368 29522 29529 29450 29459 28973 28571 28310 28092 27875 27818 27757 27566 27461 27391 27243 27173 27137 27094
27235 27358 28851 31422 32333 32140 31378 30374 29311 28600 28072 27423 26683 26162 25516 25460 25315 25195 25128 25026 24816 24827 25358 25719 24862 23643 22447 23518 25656 26205 25992 26308 26925 27469 28546 29272 29615 29941 30081 30206 30158 30722 31313 31415 30947 30926 31298 31636 31533 31362 30890 30573 30584 30367 30189 29952 29456 29597 29368 29558 29519 29284 29105 28838 28306 28019 27908 27971 27938 27756 27788 27802 27262 27222 27108 27104 27078
27411 28036 29662 31876 32282 32081 31564 31247 30313 29508 29217 28596 27918 27333 26217 26110 26067 25911 25746 25690 25775 25666 26003 26730 26851 25956 24683 25275 26517 26672 26636 26996 27440 28024 28960 29533 30249 30850 31028 31249 31088 30146 30883 31343 30953 31033 30962 31143 31255 31503 31492 31215 30876 30406 30452 30281 29892 29495 29392 29485 29416 29252 28909 28687 28496 28103 28081 28161 28063 28109 27999 27776 27330 27225 27094 27037 26979
28684 29704 30980 31924 31985 31824 31507 31393 31116 30930 30302 29861 28989 28459 27625 27611 27426 27007 26574 26527 26578 26729 26884 27275 27413 27236 26928 27225 27947 27980 27921 27891 28249 28734 29325 29971 30589 30838 30771 31205 31136 30983 31300 31315 30870 31044 31115 31082 31089 31066 31064 31473 31012 29309 29943 30421 30267 29755 29337 29317 29111 28995 29055 28976 28306 28119 28042 28074 27835 27699 28114 28207 27823 27424 27234 27165 27062
30823 31161 31472 31838 31633 31454 31600 31410 31300 31273 30916 30974 30484 29762 29263 28824 28505 28413 27757 27592 27573 27832 27990 27484 27102 27118 27415 27765 28787 29490 29536 29460 29374 29317 29675 30475 31105 31293 30190 29419 30264 30604 31394 31425 31328 31436 31545 31229 31282 31520 31872 31754 31635 31307 31149 30403 30377 29699 29441 29110 29143 28925 28799 28719 28612 28626 28095 27635 27106 26668 28013 28355 27966 27844 27343 27317 27242
31968 31965 31934 31375 31412 31203 31629 31380 31028 30994 30862 31111 30886 30837 30242 29796 29028 28928 28763 28436 28254 28677 28468 27197 26203 26114 26440 27091 28722 29857 30247 30198 30096 30032 30401 30947 31262 31852 31653 31646 31316 31124 31158 31462 31418 31616 31601 30675 30830 31483 31918 31483 31814 31811 31294 30682 30455 30056 29682 29587 29299 28920 28961 29207 28824 28681 28693 28396 27759 27205 28048 28039 27752 27876 27494 27327 27241
32298 32244 32108 31546 31177 30990 30959 30959 30998 30882 30910 31139 31220 31242 30918 30434 29930 29311 28915 28859 28946 29180 28555 26919 26214 25971 25952 26459 28067 29669 30480 30688 30591 30476 30913 30935 31102 31554 31037 31575 31331 31114 31232 31107 31180 31656 31746 30854 31115 31600 31524 32126 32168 31859 29970 29823 30583 30399 30073 29544 29246 29458 29396 29492 29212 28813 28783 28774 28637 28559 28355 28230 27900 27853 27652 27470 27271
32124 32177 32121 31990 31389 30994 30974 31113 31150 30712 30852 31085 31068 31183 31018 30738 30532 30150 29731 29571 29668 29672 28988 27364 26205 25860 25938 26351 27588 29684 30950 30879 30618 30898 31344 31315 31061 31166 30822 30900 30980 30974 31214 31187 31000 31487 31742 31594 31759 32037 31581 32116 32192 32147 30937 31201 31201 30760 30226 30002 29927 29731 29758 29777 29446 29318 28860 28840 28862 28676 28527 28219 28032 27894 27667 27544 27386
31758 31726 31847 31892 31816 31330 31252 31696 31709 30841 31023 31250 31150 31201 31010 30820 30579 30316 30338 30346 30405 30357 29553 28098 26806 26315 26051 26850 28253 30357 30850 30492 29824 30793 31566 31465 30913 30564 30455 30344 30705 30767 31073 31274 31242 31150 31419 31508 31922 32531 32696 31396 31436 31804 31676 31722 31103 30897 30526 30189 30430 30387 29951 29620 29186 29333 29391 29410 29283 29258 28642 28311 28090 27189 27516 27538 27405
31838 31579 31580 31504 31649 31531 31346 31408 31430 30833 31007 31275 31207 31311 31317 30903 30798 30671 30435 30647 30556 30304 29664 28682 27845 28068 27917 28409 29481 30738 30959 30791 30705 31053 31342 30935 30292 29723 30006 30147 30400 30906 31082 30513 30447 31079 31051 31499 31825 32184 32293 30355 28880 29925 31750 32059 31145 31200 30850 30721 31444 31393 30936 30920 30298 29637 29821 29809 29164 29196 29087 28831 28407 27950 27826 27659 27577
31623 31670 31508 30915 30776 30749 30922 30993 31142 31075 31026 31075 30882 30829 30674 30805 30731 30611 30579 30578 30338 29916 29746 29908 30038 30154 30256 30120 29934 30497 30800 31258 31265 30902 30722 30560 30002 29991 30014 30194 30372 30888 31065 29943 29857 31050 31181 31591 31832 32256 32074 31282 30529 31119 32101 32182 31565 31392 31592 31818 31874 31837 31875 31696 31338 30738 29840 28310 26652 27526 29071 29553 29286 28486 27996 27821 27689
31557 31749 31677 30925 31019 30698 31209 31473 31205 31206 31198 31212 30836 30647 30401 30742 30732 30714 30640 30356 30111 30231 30490 30741 30925 30836 30323 30185 29752 29642 29758 30572 30673 30371 30102 29874 29712 29922 29993 30197 30197 30340 29843 30364 30532 31024 31244 31396 31724 32070 32176 32008 32136 32223 32105 31725 31498 31393 31656 31832 31877 31812 31871 31630 30939 30206 28781 27663 26579 26700 28588 29833 29819 28809 28022 28011 28002
29569 30353 31672 31388 30983 30651 31178 31468 31323 31353 31319 30983 30641 30149 30056 30540 30624 30565 30385 30140 30060 30413 30805 30896 30963 30608 29731 29057 28769 28535 28890 29682 29911 29920 29787 29417 29338 29556 29719 29804 29939 30146 30204 30368 30524 30221 31173 31249 31348 31577 31866 31656 31861 31951 31428 30861 30403 30383 31247 31359 31479 31275 30665 29649 28496 27411 26675 26891 26585 26626 28135 30023 30078 29068 28041 28363 28409
29074 29454 31542 31547 31270 30770 31111 31124 31227 31574 31561 30821 30265 29985 29875 29998 30132 29898 29814 29669 29578 29647 30216 30649 30449 29915 28960 28221 28006 27960 27885 28716 29816 30372 30122 29465 29272 29371 29236 29322 29568 29694 30056 30265 30568 30671 31005 31109 31183 31488 31681 31264 30862 30753 30279 29324 28409 28572 30088 30890 31132 30351 28806 27524 26711 27678 27976 27726 27534 27309 28725 29878 29675 29100 28455 28279 28690
27716 27905 29844 31503 31615 31236 31279 31357 31360 31522 31497 30623 30755 30661 30239 29827 29737 29559 29926 29910 29657 29536 30143 30178 29706 29309 28553 27981 27953 27902 27942 28557 29301 30187 30244 29499 29265 29107 29082 29057 29354 29620 30298 30193 30548 30899 31167 30824 30339 31065 31001 30450 30282 29974 28884 28021 27621 27994 28845 30407 30583 29380 27742 26237 26959 28430 30037 30322 30024 29525 29688 29091 28473 28279 29155 28842 28789
26456 27273 28723 31445 32140 32169 31560 31187 31521 31579 31506 31081 30959 30699 30318 30177 30073 30140 30348 30396 30222 30086 30266 30202 29758 29369 28965 28320 27959 28020 28017 28367 29283 30125 30300 29879 29404 29012 28945 28982 29185 29839 30425 30787 30882 31138 31205 31046 30050 30327 30311 29608 29405 29239 28565 28570 27660 28050 28629 29795 30199 29548 28585 27463 28160 29327 30859 31239 31233 31492 30933 28707 27349 28184 30039 29786 28651
25984 27278 29263 31091 32101 32424 32177 30578 31895 32193 32144 31507 31108 30776 30395 30633 30784 30875 31141 31167 30995 30406 30328 30490 29935 30474 30117 29471 29100 29000 29115 29498 30141 30713 30437 30017 29546 28813 28936 29086 29397 29885 30332 30737 30906 31144 31171 31019 30483 29929 29460 28718 28293 28297 28251 28427 28293 28092 28844 28876 29229 29242 29243 29177 28838 30131 30647 30630 30831 31652 31720 30297 29359 30069 30495 30098 29301
25766 27259 29345 29693 31107 32257 32402 32272 31886 32090 32169 31987 31222 30904 30741 30558 31021 31233 31619 31323 30838 29898 30026 30823 31430 31469 31153 30814 30625 29929 30765 30824 30925 31069 30348 29842 29410 28854 28893 29114 29263 29642 29919 30569 30665 30757 30625 30314 29535 28881 28442 28151 27634 27439 27245 27458 27650 27828 28717 28585 28140 28009 28662 28974 28947 29507 29169 29519 29895 31192 31425 31328 31344 31443 31103 30439 29893
27331 28040 28812 28910 28978 30298 32041 32207 31615 31142 31877 31979 31289 31240 30770 30527 30794 31243 31247 30703 29406 28487 28415 30221 31497 31876 31638 31338 31208 31277 31221 31115 30955 30892 30329 29423 29095 28834 28787 29072 29315 29395 29825 30317 30540 30553 30138 28835 27151 25842 26655 27282 27195 26717 26637 26894 27001 27441 27353 27669 27914 27733 27882 28313 28334 28318 28535 28922 29447 30384 30789 30715 30810 31137 31224 31040 30961
27197 28002 28321 28471 29048 29404 31013 32291 31956 31302 31310 31549 31591 31406 30748 30742 30893 31013 30972 29829 28363 27588 27779 29756 31465 31841 31673 31280 31027 31165 31156 30921 30754 30318 29759 29244 28935 28688 28721 28697 28879 29274 29694 30042 30105 30035 29553 28063 26244 24746 26157 26811 26726 26356 26393 26501 26980 27620 27163 25988 26408 26778 27715 27890 27727 27748 27851 28342 28925 29325 29497 28874 28810 29298 30612 30998 31105
26135 27022 27745 28198 28774 29574 31164 32377 32175 31428 31006 31414 31539 31446 30591 30631 30897 30925 31160 31012 29383 28418 27788 29832 31465 31662 31020 30813 30760 30896 30958 30755 30485 29947 29482 29189 28885 28650 28638 28721 28869 29826 29956 29782 29716 29421 29256 28387 27742 27029 27002 26992 26656 26583 26812 26580 26926 27554 27492 26666 25782 25966 27193 27356 26929 26984 27320 27406 27906 28455 28425 27346 27300 27718 29120 31010 31443
25829 26613 26756 28028 28500 28855 30456 32246 32261 31427 31272 31399 31371 30753 30411 30199 30271 30531 30915 30900 30129 29803 29864 30914 31626 31673 31039 30793 30708 30710 30670 30489 30291 30100 29564 28965 28855 28589 28861 29216 29413 30044 30141 29928 29527 28972 28582 27903 27631 27236 26951 26549 26477 26614 26662 26538 26436 26946 27431 27464 27374 27054 26960 26606 26337 26155 26566 26948 27142 27576 27795 27289 28282 28513 28477 30825 31198
24924 26055 26578 27597 28439 29024 29619 31427 31839 31660 31454 31486 31331 30980 30307 30207 30026 30140 30158 29911 30089 30093 30334 30960 31348 31291 30742 30382 30328 30488 30481 30228 30025 29782 29249 28700 28627 28557 28883 29348 29840 30115 30191 29780 29364 28749 28119 27362 26952 26812 26607 25440 25735 26691 26566 26381 26310 26406 26675 26948 26954 26474 25843 25440 24995 25319 25357 25824 26051 26095 26331 26884 28115 28844 29293 30175 30651
24189 25308 26551 27510 28442 29074 29422 30710 31666 31647 31271 30967 30703 30297 29700 30118 30026 29999 30002 29962 30014 30100 30205 30376 30648 30696 30448 30002 30111 30017 29806 29769 29590 29045 28895 28635 28575 28692 28896 29295 29841 30079 30150 29756 29299 28519 27810 27022 26740 26941 26991 25619 24683 26126 26506 26386 26171 25816 25869 25848 25820 25201 24832 23842 24021 24378 24230 24751 25335 25386 25766 25878 27045 27866 28604 29297 29926
23438 24552 25949 27388 28636 29440 29520 29551 31231 31235 30438 30221 30003 30168 30331 30210 30029 29953 30103 30136 30228 30086 30031 30284 30520 30503 29959 29663 29969 30018 29820 29351 28961 28650 28992 29106 28977 28913 29027 29328 29651 29724 29590 29352 29118 28272 27352 27027 26797 27176 27637 27579 26473 26133 26366 26503 25900 25501 25258 24890 24484 24114 23731 23516 23342 23305 23976 24251 24651 24914 24957 25319 25800 26336 27476 28214 28676
23372 24593 25935 27274 28606 29477 29647 29731 30804 30658 29952 29566 29526 29981 30641 30841 30569 30265 29979 29965 30111 30143 29992 30120 30375 30389 30040 29696 29704 29716 29332 29076 28738 28420 29013 29261 29302 28999 28885 29492 29697 29690 29685 29490 29079 28149 27892 27401 27239 27466 27526 27722 26607 26264 26686 26153 25808 25447 24763 24041 23561 23066 22813 23092 23033 21911 22169 23048 23956 24313 24175 24045 24843 25359 26360 27282 27994
23507 24917 26320 27953 29153 29433 29699 31253 31438 31017 29987 29530 29096 29533 30552 30712 30445 30214 29384 28652 28354 29080 29090 29661 30018 29992 29774 29584 29439 29386 29265 28968 28774 28526 28520 28849 29211 29084 28921 29377 29439 29431 29442 29431 29183 28603 28027 27698 27709 27891 27489 26679 25790 25278 26056 26099 25918 25250 24013 23235 22979 22387 22370 22311 22325 22472 22722 23099 23101 23146 22925 23291 24085 24481 25391 26099 26956
24169 25186 26310 28081 29186 29243 30949 31463 31510 31169 30071 30025 29522 29111 29981 29984 29912 29837 29002 28198 28114 28333 28391 29244 29783 29865 29352 29178 28948 29425 29602 29374 29222 28685 28584 28804 29155 29121 29277 29421 29287 29174 29218 29340 29340 28959 28604 28249 28249 28327 27728 26577 25553 24935 25630 25639 25304 24576 23774 23077 22759 22275 22164 21978 21954 21976 22568 22720 22563 22221 22359 23029 23454 23932 24659 25573 26514
24685 25614 26609 28044 29144 29997 31965 32106 31671 31355 31234 30939 30225 29912 29836 29696 29663 29716 29526 28888 28565 28369 28562 29276 29769 29829 29384 29163 29002 29486 29638 29457 29343 29242 29244 29141 28941 29085 29162 29094 29295 29462 29603 29864 30000 29643 28696 28491 28306 28870 28779 28010 27291 26762 26200 25639 24969 23846 23486 22640 22477 22184 21947 21695 21746 21785 21962 21980 21834 22292 22397 22606 22957 23638 24171 25095 26056
