Alternative/Moon/Lvl0_30x30/Ele_CA.asc
ncols         335
nrows         335
xllcorner     -20042508.343
yllcorner     -27166.958
cellsize      10000
nodata_value  -9999.0
[rows 204 to 237 of 335, columns 0 to 76 of 335]
-9999.0 23451 23522 23790 24019 24186 24339 24400 24456 24474 24751 25518 26261 27240 27591 27869 27788 27481 27490 27569 27731 28253 28906 29302 29293 29450 30542 31768 31862 31346 30870 30521 29570 29567 29458 28763 29474 29693 29864 29994 29990 29681 29800 29929 30047 29981 30005 30030 30275 30653 30827 30935 30875 30813 30746 30852 30183 30383 31001 31043 31612 31998 31402 32077 32084 31386 31082 30701 29283 28918 28950 28981 29161 30354 30464 30434 30619
-9999.0 23707 23882 23941 24026 24219 24331 24418 24412 24594 24966 25756 26319 27360 28316 28271 27826 27726 27762 27896 28162 28923 29886 30331 30482 30953 31462 32108 32219 31805 31458 31121 29831 29747 29651 29097 29429 29671 30103 30216 30246 29853 30015 30129 30409 30512 30560 30533 30823 30951 30803 30542 30881 30960 30731 30290 30111 30161 30747 31032 31893 32247 31675 31631 31621 30828 30406 30435 30232 29935 30448 30825 30742 30546 30933 31168 31160
-9999.0 24695 24675 24386 24078 24160 24284 24428 24550 24833 25291 26024 26554 27591 28356 28565 28212 27931 28082 29042 29718 30252 30744 31522 31729 31792 32375 32489 32563 32210 31779 31312 30567 30253 30184 30194 30068 30053 30093 29769 29101 29174 29920 30723 30865 30861 30581 30471 30658 30516 30318 29019 29655 30718 30804 30320 30190 30350 30795 30823 31086 31497 31495 31246 30665 30145 30019 30773 31275 31274 31061 31016 31139 31075 31362 31559 31475
-9999.0 25095 25023 24536 24233 24168 24398 24881 24834 25041 25381 26140 27036 27488 28163 28493 28472 28441 29090 30938 31766 31833 32023 31985 31623 31291 31896 32487 32557 32506 31933 31628 31094 30796 30456 30290 30460 30545 30393 28627 27971 27816 28700 30618 30734 30732 30720 30767 30945 30482 30120 29036 29666 30508 30782 30454 30143 30297 30632 30717 30680 30845 30774 30776 30199 29997 30471 31176 31785 31830 31229 31175 31843 32010 31688 31709 31755
-9999.0 25223 25002 24696 24640 24488 24642 25388 25699 25537 25715 26090 27000 27480 27854 28364 28525 28906 30205 31567 31895 31935 32185 31481 29552 28653 29374 30818 32166 32367 32081 31657 31255 31059 30782 30497 30663 30760 30515 29009 27869 28056 28901 30229 30668 30853 30783 30871 31117 31182 31220 30781 30661 30501 30565 30493 30302 29956 29969 30205 30446 30978 31233 30670 29864 30567 30640 31188 31583 30994 30208 29849 31198 31896 31820 31872 31883
-9999.0 25331 25396 25304 24952 24855 25057 25471 26000 25990 26011 26189 26584 27440 27975 28361 28635 29853 30773 31442 31581 32003 32020 30092 28029 27606 27995 29182 30391 31716 31545 31355 31120 31013 30952 30785 30681 30623 30672 29552 28948 28969 29445 29920 30002 30533 30819 31160 31347 31524 31525 31613 30416 29337 27973 29411 30180 29952 29580 29852 30119 30597 30726 29621 29730 30856 30953 31153 31847 31303 29764 29528 29815 31757 32246 32449 32411
-9999.0 25358 25445 25318 24876 24933 25037 25381 26059 26221 26395 26486 27016 27781 28315 28583 29287 30672 30801 31232 31559 32065 32035 29941 27977 27591 27634 29119 30728 31493 30986 30876 30922 30598 30903 30722 30487 30648 30773 30719 30510 30038 29766 28247 29224 31567 31607 31671 31855 31808 31600 31771 30476 28592 27735 28344 30182 30106 29589 29711 30022 30371 30743 30667 30651 30832 30940 30224 31903 31767 30157 29600 30040 31685 32369 32544 32532
-9999.0 25163 25163 25136 25112 25117 25137 25524 26215 26588 26720 27025 27707 28224 28409 29273 30634 31152 31096 30969 31427 31716 31786 31098 29228 28250 28971 30797 31701 31542 30902 30290 30068 30162 30288 30419 30296 30489 30598 30574 31259 31189 30532 29128 29975 31961 32436 32547 32164 31547 31481 31896 30469 29171 28385 28984 30313 30135 29639 29406 29984 30598 30795 30903 30752 30797 31287 31662 32068 32026 31698 30848 31222 32353 32546 32743 32738
-9999.0 25101 25090 25100 25260 25154 25253 25836 26231 26984 27333 27649 28013 28433 28751 30017 31058 31232 31167 30818 31188 30966 31305 31387 31200 30748 31174 31389 31779 31167 30457 30159 30175 30166 30363 30434 30155 30194 30261 30165 30882 31003 30832 30924 31370 31920 31251 32777 32308 31380 31372 31876 31764 31114 31042 31058 30987 30273 29946 30001 30595 30978 31219 31285 31000 31148 31754 32017 32529 32672 32597 32360 32200 33385 33362 33142 32846
-9999.0 25217 25400 25394 25457 25618 25927 26008 27244 28783 28817 27961 28054 28975 29429 30090 30866 30996 31001 30264 30486 30436 30432 30987 31018 31062 31347 31337 31004 30714 30150 30165 30125 30541 30665 30676 30681 30323 30096 30187 30416 30682 30728 30748 31496 32154 32621 32963 32330 31403 31635 31794 31909 31776 31826 31696 31013 30386 30447 30872 31099 31664 31938 32543 32535 32299 32473 32751 33228 33348 33111 32368 31979 33068 32977 33163 33705
-9999.0 25453 25419 25243 25375 26183 26221 26675 28185 29218 28864 27112 27257 29259 29916 30049 30290 30202 30445 29823 29918 29887 29849 30191 30276 29864 30466 30651 30215 30121 30033 30129 30109 30620 31216 31245 30876 30419 30097 30119 30341 30582 30532 30800 31782 32215 32300 32670 32357 31310 31627 31571 31470 31198 31354 31269 30630 30364 30871 31011 31188 31808 32400 33000 33636 33456 33025 32997 33510 33777 33717 32837 31690 31429 31258 32655 34016
-9999.0 25551 24562 24010 25181 26166 26506 27469 28877 29028 28312 26564 27019 29271 30146 29999 30005 29769 29426 29005 29155 29467 29440 28859 29287 29271 29406 30047 30102 30395 30285 30277 30427 31347 31868 31728 31035 30378 30339 30614 30739 30735 30774 31458 32196 32309 32023 31869 31784 30935 31094 31151 30783 30532 30697 30669 30353 30679 30860 31096 31543 32016 32428 33295 33839 33597 32694 32666 33593 34203 34374 33965 32744 31026 30692 31564 33664
-9999.0 25518 25239 25171 26584 26893 26556 27592 29333 29421 29293 27987 28260 29394 29977 29668 29714 29240 29076 28716 28561 28834 28901 28362 29298 29746 30026 30878 31400 31674 31753 31602 31382 31849 32252 31978 31574 30716 30765 30953 31078 31637 31890 32121 32311 32208 31786 31746 31525 31349 31259 31025 30712 30200 30802 31066 30782 31138 31226 32015 32433 32460 32492 33016 32830 31934 30972 31115 32410 33565 34090 33922 33061 31451 30791 31755 33076
-9999.0 25605 25747 26533 27103 27437 27880 28878 29765 29971 29491 29031 29534 29803 29704 29584 29151 29167 28879 28476 28410 28529 28839 29062 28857 29244 30470 31610 32383 32638 32606 32112 32568 32488 32361 31939 31774 31082 31431 31867 32457 32447 32391 32156 32211 31251 31496 31568 30768 31332 31185 30710 30237 29916 30573 30932 30725 31142 31535 32243 32512 32540 32811 32942 32228 30968 29978 30246 31842 33008 33338 33472 33365 32152 32243 33495 33463
-9999.0 25945 26206 27204 27675 27865 28420 29515 29825 29931 29559 29199 29451 29670 29524 29415 29180 29035 28958 28817 28735 29050 29058 29278 29503 30100 30669 31726 33007 32958 32165 31210 32502 32442 32228 32362 32207 32134 32479 32822 32757 32428 32090 31570 31279 31167 31200 30900 31091 31178 30810 30303 29898 29638 30261 30592 30306 30602 31420 31824 31866 32320 32560 31356 30317 30496 30031 29938 31303 32779 33572 33590 33523 32439 32935 34295 34039
-9999.0 26697 26773 27705 28221 28413 29020 29782 29825 29790 29602 29399 29416 29263 29191 29120 29071 28972 28963 28886 28967 29258 29395 29507 29881 30836 31177 31782 32770 32006 31533 30826 31664 31874 32043 32462 32396 32755 33014 32879 32639 31587 31006 30495 30411 30130 30292 30552 30898 30693 30506 30093 29726 29444 29800 29766 29734 29841 29761 30673 31063 31905 32117 30560 30990 31350 30893 29916 30990 32681 33561 33524 33509 33160 33858 34346 34331
-9999.0 27954 27767 27737 28177 29050 29582 29917 30138 30247 29799 29526 29284 29222 29114 29097 29000 28923 28799 28665 28580 28929 29158 29335 29879 30727 31027 31564 31924 31357 31818 31572 31415 30788 31044 31243 32345 32856 33249 33042 31742 30892 30531 29810 29742 29783 29917 30302 30917 30768 30301 29734 29351 28838 28990 28941 29045 29343 28737 29864 30495 30329 31313 31414 31857 32073 31733 30948 31411 32661 33416 33281 32774 33157 34127 34544 34534
-9999.0 28656 28398 28413 29185 29447 29898 30401 30637 30652 30438 29727 29625 29483 29315 29229 29001 28731 28447 28460 28470 28670 28875 28900 29436 30316 31109 31296 31030 31166 31339 31159 30999 30906 31526 31488 31694 32368 32881 32490 31244 30155 29427 28787 29082 29572 29948 30594 30876 30743 29996 29083 28937 28903 28880 28681 28680 28570 28277 29392 30040 29717 29926 30241 30349 30740 30549 30949 31995 33040 33387 33128 32406 32451 33844 34391 34312
-9999.0 28948 28822 28954 29697 29885 30345 30814 30640 30552 30350 29907 29666 29602 29655 29608 29260 28573 28443 28481 28456 28624 28792 28888 29102 30046 30714 30666 30487 30372 30273 30533 30450 31061 31260 31376 31333 31441 32136 32057 30899 30127 29234 28410 28639 29175 29910 30526 30490 29875 29024 28936 28993 29011 28767 28464 28648 28584 28533 29105 29725 29774 28916 28110 28224 28343 28348 29877 32148 33054 33094 32820 33188 33004 32325 33116 33802
-9999.0 29401 29187 29620 29967 30452 30712 30776 30571 30720 30674 30149 30002 30001 29928 29822 29556 28577 28698 28732 28414 28653 28839 28957 29190 29966 30260 30144 29907 29627 29690 29835 30706 31262 31200 30909 30593 30697 30826 30850 30169 29632 28963 28261 28548 29311 29372 29431 29296 29071 28814 28564 28303 28720 28682 28289 28670 28792 28785 29218 29592 28375 27113 26378 26883 26877 27511 28650 31308 32568 32571 32554 33168 32984 31696 32199 32829
-9999.0 30001 30227 30579 30519 30770 30748 30603 30758 31337 31068 30778 30216 29672 29839 30116 30040 28971 28909 28812 28311 28688 28875 28056 28132 29542 30351 30437 29666 29607 29660 30048 30443 30635 30634 30161 29809 29866 29706 29260 29100 28551 27986 27823 28502 29191 29213 29047 28839 28542 28412 28145 28009 28261 28250 28294 27846 28412 28444 29036 28999 27080 25686 25135 25554 25893 26916 28253 29858 32247 32373 32346 32829 32772 32644 32489 32555
-9999.0 30146 30364 30752 31023 31146 30948 30892 30972 31258 31211 30630 28673 27166 28036 30061 30307 29458 28805 28546 28233 28685 28989 28507 27836 28748 30190 30286 29852 29979 29965 30082 30108 29680 29603 29201 29328 29043 28902 28837 28408 27919 27167 27052 28332 28710 28448 28429 28231 27255 27707 27530 27799 27547 27372 27475 27685 28112 28129 28931 29111 26714 25002 24809 25372 25844 26369 27424 29952 32309 32397 32151 32612 32806 32690 32487 32422
-9999.0 30075 30380 30864 31289 31302 31046 31040 30526 30781 30939 30345 27585 26811 27186 29597 30344 29716 28720 28378 28206 28591 29503 29527 29157 30086 30647 30433 29938 30010 30264 29384 29599 29228 28742 28648 28739 28338 28224 28313 27657 27037 26862 26965 27278 27646 27780 27746 27615 27241 27148 26974 27091 26707 26582 26888 27557 27737 27959 28857 29152 27386 25467 24810 24926 25282 26139 27729 30283 31518 31664 32032 32704 32911 32852 32638 32337
-9999.0 29612 30156 31095 31873 32055 31560 31039 30733 30371 30364 30352 28861 28065 28828 30367 30564 29673 28651 28296 28126 28543 29540 30220 30927 31268 31193 30438 29948 29996 30272 29964 29398 28771 28105 28127 28186 27827 27750 27365 26547 26518 26373 26429 26806 27008 26925 26685 25979 26683 26987 26756 26645 26522 26596 26799 27179 27544 27947 28591 29051 28414 26693 24866 24828 25526 26909 28456 30499 31008 30805 31192 31720 32206 32138 32554 32020
-9999.0 30171 30834 31847 32356 32518 32388 31315 30558 30205 29922 30327 30507 30656 31119 31137 30780 29556 28995 28308 28069 28528 29554 30574 31053 31332 31322 30284 29644 29581 29634 29341 29149 28763 28584 28666 27961 27432 27281 26945 26589 26248 26051 25809 26109 26763 26667 24969 24500 25651 26534 26370 26198 26642 26692 26658 26641 27204 27639 27734 28588 28788 28303 26832 26003 27421 28912 29897 30400 30250 30116 30284 30608 31089 31355 31308 31173
-9999.0 31431 32218 32922 33691 33276 32699 31487 30574 30441 30249 30379 30782 31403 31381 31031 30803 29912 29390 28669 28314 28625 29291 30418 30728 30740 30671 29620 28996 28563 28420 28414 29093 29014 28666 28811 28053 27544 27054 26665 26080 26016 25993 25982 26084 26321 25861 24525 24531 25992 26198 25670 25504 26533 26602 25915 25946 26159 26078 26719 27775 28381 28384 28045 27888 28320 29132 29689 29573 28891 29141 29857 30170 30526 30612 30678 30643
-9999.0 32451 32776 33408 33993 33630 32690 31498 30796 30633 30619 30477 30776 31340 31380 31099 30974 30369 29708 28988 28662 28661 29350 30051 29924 29434 29347 29219 28951 28790 28202 27794 28900 28818 28208 28307 28024 27425 27075 26565 26050 25921 25958 25921 25989 25721 25685 25194 25283 25607 25632 25030 24897 25494 25479 25096 25212 25547 25428 25817 26317 27070 27546 27937 27822 28023 28097 28190 28508 28297 28804 29712 30769 30992 31008 30898 30365
-9999.0 32249 32323 33230 33086 33146 32546 31370 30220 29302 30376 29869 29231 29457 29684 30268 30748 30692 30362 29976 29493 29120 29414 29412 28798 28514 28469 28462 28699 28608 27910 27781 28302 28598 28103 28166 27997 27568 26094 24476 25638 25997 25863 25748 25760 25267 25299 25700 25712 25349 24702 24257 23984 24312 24492 24167 24255 24526 24916 24866 24730 25319 25372 26249 26161 26176 26617 27520 27670 28253 28863 29810 30835 31254 31603 31574 31189
-9999.0 31377 31709 32604 32823 32545 31992 31217 30512 28987 29224 29159 28138 27649 27498 27849 29532 30631 30746 30099 28736 28397 29068 29250 28510 28383 28451 28430 28203 28064 27656 27483 27697 27938 27975 28192 27910 27600 25888 24073 25550 26045 25732 25480 25424 24895 25026 25346 25194 24683 24170 23656 23709 23877 24005 23566 23257 23321 23933 24696 24728 24666 24383 24496 24891 25334 26193 27004 27312 28097 29053 30067 30713 31349 31740 31708 31409
-9999.0 31555 31681 31852 31779 31475 31228 30727 30919 30865 29716 28264 26987 26426 26331 26798 28488 30609 30706 28533 26051 25511 27081 28728 28359 28150 28098 27956 27485 27609 27477 27526 27685 27802 27810 27550 27164 27338 27028 26178 26395 26147 25676 25611 25399 24986 24666 24847 24755 24040 23641 23599 23705 23564 23435 22924 22413 22730 23117 23477 23920 24214 24052 24297 24841 25369 26091 26616 27511 28619 29632 30682 30770 30580 30116 30097 30391
-9999.0 31653 31747 31905 31315 30600 30369 30374 30850 30782 29224 27376 26496 26258 26206 26557 28554 30515 30417 27598 24953 23969 25596 28212 27965 27380 27343 27312 26690 27294 27416 27366 27215 26845 26867 26458 26603 26894 26955 26456 26408 26033 25493 25459 25322 25143 24965 24856 24304 23614 23370 23589 23458 23035 22515 22305 21934 22123 22574 23001 23380 23945 23980 24305 24735 25324 25880 26959 27731 28930 29970 30650 30212 28628 28063 28056 28586
-9999.0 31882 31739 31574 30637 30274 30276 31024 31656 31478 29532 27411 26457 26252 26255 26686 28731 30950 30985 28590 26109 25314 26687 28043 27666 26515 26292 26235 25934 26385 27005 26963 26656 25550 25906 26449 26371 26435 26201 25691 25649 25452 25192 25154 25330 25230 24978 24991 24467 23835 23541 23848 23783 23065 22319 21829 21817 21801 22125 22660 23206 23384 23645 23834 24222 24825 25662 26856 27801 29281 30026 30106 28487 26925 26644 26681 27058
-9999.0 31876 31804 31404 30929 31122 31066 31697 32265 32231 30783 28638 27211 26494 26720 27664 29483 31182 31229 30045 28547 28209 28512 28289 27194 26558 26478 25964 25571 25795 26531 26524 25961 25321 25274 26012 25914 26012 25886 25328 25374 24960 24887 24607 24556 24758 24449 24262 24192 23668 23588 23259 23679 23230 22222 21778 21885 21990 22195 22236 22878 23197 23411 24321 24794 25231 26000 27076 28049 29307 30127 29146 27098 26425 26421 26399 26438
-9999.0 31734 31489 31350 31147 31569 31756 31884 32320 32282 32000 30405 29021 28238 28548 29416 30723 31241 31257 30422 29913 29272 28897 27568 26918 26618 26370 25388 25286 25553 26059 26224 26095 25184 24742 24439 25535 25743 25610 25246 25219 24924 24592 23955 23703 23740 23653 23647 23673 23422 23516 23469 23445 23007 22459 21744 21844 22000 21334 20632 21242 22590 23401 24720 25621 26368 26499 27327 28022 29292 29526 28584 27089 26378 26409 26508 26658
