Alternative/Moon/Lvl0_30x30/Ele_FB.asc
ncols         335
nrows         335
xllcorner     -16692508.343
yllcorner     -10077166.958
cellsize      10000
nodata_value  -9999.0
[rows 252 to 287 of 335, columns 162 to 242 of 335]
13081 13140 13211 13262 13322 13435 13527 13595 13656 13724 13759 13770 13746 13710 13587 13491 13415 13327 13312 13394 13519 13623 13819 14005 14099 14095 14071 14051 14070 14114 14192 14261 14313 14348 14372 14400 14439 14471 14524 14577 14613 14626 14703 14769 14882 14951 15060 15166 15313 15441 15655 15767 15941 16038 16121 16158 16193 16218 16255 16262 16275 16299 16325 16342 16367 16387 16456 16526 16596 16643 16679 16717 16712 16692 16682 16670 16694 16710 16711 16658 16622
13080 13112 13158 13198 13225 13300 13400 13492 13547 13547 13504 13428 13361 13329 13313 13381 13463 13556 13658 13746 13830 13923 14022 14074 14099 14095 14086 14125 14214 14309 14426 14532 14635 14697 14779 14847 14944 15015 15143 15273 15422 15531 15654 15771 15888 15978 16134 16261 16350 16337 16332 16297 16263 16207 16286 16294 16297 16320 16326 16349 16341 16357 16370 16452 16525 16587 16680 16711 16755 16772 16805 16846 16850 16840 16835 16822 16803 16787 16769 16748 16717
12134 12177 12296 12384 12479 12573 12697 12805 12912 13021 13072 13102 13182 13185 13199 13187 13184 13217 13267 13283 13346 13345 13399 13433 13488 13569 13659 13767 13869 13963 14063 14158 14257 14394 14534 14715 14885 15059 15292 15505 15791 15890 16076 16229 16397 16520 16665 16800 16909 16911 16856 16790 16561 16414 16259 16102 15984 15846 15747 15654 15617 15697 15834 15982 16196 16353 16501 16648 16672 16718 16722 16695 16670 16642 16591 16526 16450 16402 16360 16309 16261
11385 11438 11482 11532 11609 11678 11778 11889 12002 12093 12207 12304 12413 12496 12622 12716 12822 12904 12932 13024 13155 13275 13453 13605 13731 13831 13952 14089 14237 14370 14513 14639 14764 14868 14969 15118 15307 15476 15688 15887 16064 16211 16370 16536 16694 16829 16975 17106 17243 17330 17381 17365 17280 17206 17162 17147 17076 17021 16909 16786 16569 16439 16305 16171 16076 15981 15827 15845 15973 16028 16071 16075 16083 16083 16054 16047 16024 16020 16012 16004 15983
11303 11350 11408 11478 11536 11571 11597 11641 11682 11722 11773 11847 11911 11963 12072 12233 12389 12515 12695 12897 13097 13248 13445 13609 13771 13915 14107 14297 14492 14632 14800 14946 15082 15180 15342 15460 15560 15653 15789 15926 16025 16110 16275 16452 16608 16767 16921 17085 17233 17355 17432 17461 17447 17420 17376 17330 17247 17178 17041 16880 16763 16658 16498 16374 16237 16131 16011 15911 15861 15834 15866 15877 15884 15875 15831 15793 15780 15818 15842 15930 15972
11272 11296 11365 11403 11436 11450 11470 11501 11528 11542 11568 11589 11624 11652 11701 11782 11886 12000 12165 12336 12558 12729 12973 13210 13432 13612 13822 14043 14229 14413 14584 14870 15009 15150 15316 15449 15501 15610 15660 15763 15872 15965 16022 16110 16190 16257 16361 16420 16497 16531 16576 16632 16703 16730 16730 16757 16762 16767 16790 16755 16685 16596 16493 16385 16265 16157 16042 15936 15833 15800 15759 15757 15758 15761 15761 15750 15739 15714 15719 15729 15762
11254 11281 11321 11392 11425 11445 11460 11471 11504 11523 11535 11566 11609 11639 11687 11746 11843 11937 12063 12230 12417 12578 12779 12976 13174 13347 13547 13744 13922 14063 14227 14373 14527 14649 14773 14897 14973 15030 15095 15160 15175 15202 15269 15318 15387 15421 15482 15527 15579 15600 15631 15657 15668 15671 15712 15695 15725 15756 15800 15815 15808 15777 15733 15721 15712 15689 15601 15530 15477 15429 15381 15346 15352 15361 15389 15438 15469 15498 15511 15565 15576
11223 11250 11273 11288 11308 11316 11340 11368 11409 11439 11485 11531 11618 11690 11768 11828 11891 11943 12015 12093 12207 12336 12512 12680 12850 12914 12908 12963 13047 13142 13299 13456 13674 13808 14096 14300 14512 14604 14672 14735 14780 14807 14833 14878 14961 14980 15024 15049 15058 15068 15074 15118 15188 15208 15244 15254 15264 15287 15296 15297 15292 15275 15254 15228 15198 15184 15148 15115 15086 15070 15064 15076 15093 15106 15140 15175 15200 15233 15253 15290 15310
11216 11244 11287 11354 11440 11446 11496 11548 11641 11710 11857 11967 12135 12230 12360 12490 12587 12657 12730 12808 12871 12903 12944 12975 13017 13036 13098 13197 13272 13237 13303 13309 13329 13351 13498 13623 13732 13846 13943 14059 14140 14254 14340 14440 14510 14563 14627 14695 14738 14744 14772 14788 14800 14813 14819 14803 14794 14793 14797 14806 14832 14843 14856 14877 14906 14943 14953 14952 14952 14976 15021 15065 15124 15197 15280 15369 15480 15581 15710 15829 15921
11770 11788 11848 11893 11934 11941 12007 12098 12206 12334 12512 12625 12762 12853 13002 13186 13292 13387 13512 13603 13730 13784 13881 14003 14127 14208 14333 14484 14577 14683 14789 14790 14832 14849 14838 14896 14877 14869 14848 14799 14745 14747 14746 14759 14787 14795 14784 14754 14728 14715 14718 14729 14738 14735 14726 14717 14732 14744 14742 14754 14757 14740 14732 14752 14778 14803 14835 14887 14926 14970 15023 15095 15171 15248 15357 15478 15589 15717 15860 15994 16095
12552 12619 12734 12825 12941 13008 13126 13323 13292 13420 13564 13687 13817 13932 14022 14269 14333 14432 14584 14757 14873 15014 15107 15253 15364 15462 15581 15702 15773 15823 15873 15914 15940 15961 15967 15981 15989 15962 15933 15894 15892 15839 15792 15764 15713 15666 15608 15573 15503 15457 15421 15394 15352 15342 15382 15385 15376 15365 15344 15273 15216 15145 15082 15068 15067 15081 15119 15176 15236 15304 15412 15502 15594 15661 15738 15834 15904 15937 15966 15969 15973
13363 13434 13574 13715 13820 13922 14043 14161 14309 14429 14522 14688 14833 14935 15049 15179 15282 15367 15465 15575 15686 15761 15826 15881 15989 16067 16126 16183 16253 16306 16353 16427 16494 16531 16639 16724 16783 16812 16862 16860 16869 16869 16896 16882 16845 16795 16762 16672 16593 16510 16420 16339 16291 16229 16198 16151 16133 16107 16042 15980 15882 15803 15687 15626 15537 15485 15483 15514 15547 15627 15717 15827 15912 15951 16006 16050 16108 16152 16174 16158 16131
13173 13212 13342 13434 13573 13653 13784 13922 14018 14137 14215 14406 14507 14625 14721 14820 14895 15020 15077 15190 15192 15258 15336 15328 15353 15377 15549 15509 15647 15676 15801 15914 16072 16177 16321 16422 16605 16654 16772 16835 16979 17034 17061 17058 17068 17045 17030 16980 16961 16912 16889 16889 16855 16807 16748 16676 16585 16525 16435 16367 16317 16259 16191 16140 16104 16074 16054 16039 16033 16009 15993 15993 16002 16024 16027 16058 16097 16098 16085 16073 16046
11906 11784 11632 11535 11519 11486 11470 11494 11612 11498 11657 11743 11833 11983 12143 12251 12343 12483 12575 12679 12754 12798 12848 12940 13000 13060 13130 13206 13288 13373 13407 13525 13641 13779 13862 14020 14168 14236 14413 14577 14764 14925 15078 15291 15533 15678 15924 16128 16338 16523 16710 16867 16969 17005 17038 17084 17097 17076 16998 16902 16830 16777 16724 16640 16548 16490 16436 16378 16344 16304 16260 16209 16145 16081 16019 16010 15983 15961 15918 15877 15865
10037 9959 9929 9867 9830 9811 9828 9876 9915 9973 10075 10184 10327 10446 10644 10795 10999 11171 11338 11526 11727 11820 12024 12162 12280 12391 12463 12600 12631 12649 12655 12644 12621 12565 12511 12472 12600 12681 12745 12907 13165 13340 13634 13895 14182 14417 14707 14966 15269 15509 15821 16082 16371 16594 16854 17052 17271 17363 17364 17308 17218 17132 17066 17002 16907 16834 16738 16634 16555 16486 16431 16380 16318 16272 16229 16191 16141 16087 16036 15997 15954
9976 10017 10023 10003 9912 9925 9933 9960 9996 10020 9996 9999 10006 10005 10006 10027 10085 10198 10292 10447 10578 10678 10848 10944 11016 11104 11180 11248 11360 11449 11601 11720 11950 12016 12207 12345 12483 12558 12612 12670 12831 13040 13297 13601 13894 14148 14443 14750 15061 15332 15669 15985 16305 16554 16837 17098 17341 17487 17522 17497 17408 17312 17157 17048 16928 16865 16769 16681 16595 16544 16506 16452 16432 16405 16374 16364 16392 16402 16418 16400 16414
10406 10285 10204 10101 10068 10046 10089 10142 10204 10241 10317 10367 10382 10480 10439 10492 10533 10576 10654 10756 10824 10902 11004 11111 11235 11324 11439 11535 11640 11735 11815 11936 12071 12192 12372 12586 12808 12992 13229 13480 13737 13961 14206 14489 14725 14963 15226 15479 15746 16017 16268 16534 16806 16968 17200 17420 17593 17658 17656 17595 17507 17411 17308 17220 17136 17080 17053 17018 17004 16989 16992 16981 16968 16970 16997 17037 17088 17132 17181 17199 17223
11876 11804 11635 11599 11571 11596 11517 11516 11500 11502 11478 11496 11479 11482 11490 11489 11444 11440 11471 11567 11706 11798 11931 11995 12083 12111 12159 12257 12372 12506 12714 12896 13106 13367 13549 13830 14015 14264 14544 14769 15054 15248 15532 15790 16089 16330 16557 16845 17059 17267 17465 17623 17726 17731 17759 17756 17755 17717 17657 17597 17528 17489 17446 17412 17428 17441 17471 17506 17543 17548 17553 17547 17586 17636 17671 17701 17724 17735 17754 17789 17809
14390 14318 14157 13988 13814 13787 13584 13469 13366 13328 13219 13078 13030 12981 12920 12943 12914 12872 12989 13074 13105 13123 13276 13431 13576 13710 13868 14085 14204 14360 14562 14682 14915 15087 15283 15528 15683 15895 16111 16351 16580 16744 16952 17145 17270 17358 17404 17450 17489 17535 17607 17661 17651 17620 17549 17477 17401 17371 17365 17373 17378 17381 17413 17491 17560 17630 17711 17799 17860 17898 17929 17933 17924 17892 17861 17848 17874 17902 17939 18004 18070
16458 16418 16290 16211 16045 15942 15910 15867 15730 15665 15580 15534 15434 15443 15420 15464 15428 15422 15545 15476 15585 15577 15650 15741 15800 15944 16041 16143 16247 16370 16532 16615 16740 16791 16902 16968 16986 17005 17033 17095 17127 17160 17237 17287 17345 17373 17363 17334 17297 17265 17233 17196 17159 17166 17163 17163 17185 17203 17251 17317 17361 17406 17461 17512 17590 17654 17729 17812 17853 17879 17893 17895 17886 17861 17821 17790 17819 17844 17875 17923 17994
16513 16508 16501 16491 16482 16450 16418 16422 16382 16355 16395 16397 16386 16425 16432 16452 16458 16476 16457 16466 16483 16497 16501 16514 16547 16568 16622 16679 16723 16760 16795 16795 16798 16798 16776 16745 16712 16695 16675 16658 16640 16639 16651 16669 16664 16672 16680 16708 16726 16760 16810 16860 16898 16931 16936 16949 16973 17027 17129 17223 17305 17339 17388 17428 17466 17528 17593 17657 17689 17718 17749 17754 17727 17712 17767 17827 17874 17941 17999 18053 18106
15556 15570 15611 15614 15603 15600 15595 15591 15589 15585 15587 15596 15586 15592 15609 15624 15647 15648 15690 15702 15704 15720 15714 15717 15718 15730 15752 15758 15775 15795 15820 15814 15812 15799 15792 15790 15806 15813 15841 15889 15930 15942 15966 16008 16042 16078 16120 16187 16237 16273 16306 16374 16402 16454 16503 16565 16623 16680 16752 16820 16876 16917 16930 16977 17035 17094 17158 17223 17269 17339 17410 17479 17542 17596 17665 17744 17808 17908 18001 18072 18134
14990 15033 15080 15106 15114 15113 15132 15127 15114 15095 15093 15107 15104 15106 15097 15092 15088 15081 15078 15077 15086 15091 15082 15073 15104 15129 15137 15142 15153 15157 15177 15190 15193 15213 15232 15254 15274 15308 15382 15440 15494 15544 15611 15666 15711 15746 15787 15831 15885 15922 15965 16013 16070 16108 16165 16202 16238 16269 16302 16352 16421 16477 16547 16620 16696 16756 16811 16866 16940 16997 17061 17123 17201 17280 17391 17502 17611 17750 17868 18039 18173
14942 14957 14971 14979 14973 14958 14931 14923 14920 14923 14913 14902 14894 14890 14903 14915 14918 14918 14920 14923 14925 14924 14944 14962 14965 14961 14957 14956 14956 14964 14989 15007 15031 15057 15087 15121 15175 15205 15258 15297 15349 15394 15457 15517 15559 15596 15657 15721 15785 15852 15932 16003 16061 16108 16152 16213 16267 16318 16394 16465 16542 16606 16678 16763 16852 16923 17037 17126 17221 17332 17438 17560 17701 17800 17899 18020 18131 18285 18433 18585 18710
14871 14869 14884 14897 14904 14910 14924 14926 14925 14917 14900 14892 14901 14898 14887 14880 14862 14850 14849 14857 14858 14855 14879 14885 14889 14888 14882 14879 14907 14930 14956 14971 15009 15031 15074 15105 15156 15200 15255 15317 15370 15418 15482 15552 15622 15689 15776 15860 15945 16016 16104 16207 16300 16385 16490 16584 16690 16775 16873 16963 17047 17120 17227 17313 17430 17522 17634 17750 17851 17959 18084 18197 18327 18434 18566 18682 18770 18886 19019 19124 19227
14937 14967 14982 14984 14977 14965 14960 14954 14941 14926 14908 14903 14890 14875 14858 14849 14832 14823 14812 14810 14806 14800 14782 14777 14766 14773 14800 14830 14851 14892 14934 14960 15007 15063 15118 15189 15244 15305 15371 15402 15422 15462 15527 15600 15652 15693 15766 15862 15965 16045 16148 16270 16384 16481 16604 16740 16861 16967 17097 17220 17343 17443 17562 17692 17815 17912 18034 18159 18276 18377 18503 18641 18761 18880 18991 19107 19208 19334 19455 19574 19672
14855 14865 14883 14888 14905 14908 14901 14898 14893 14874 14894 14926 14932 14927 14926 14895 14873 14870 14878 14884 14908 14938 14949 14956 14997 15021 15051 15078 15117 15151 15202 15250 15313 15352 15412 15485 15566 15631 15722 15802 15889 15954 16021 16068 16119 16149 16189 16239 16304 16349 16408 16498 16578 16638 16680 16708 16825 16930 17060 17184 17293 17393 17511 17601 17748 17856 18015 18120 18274 18378 18521 18667 18777 18900 19028 19164 19267 19396 19528 19659 19765
14841 14848 14844 14853 14885 14913 14935 14971 14989 15007 15043 15060 15099 15103 15103 15094 15098 15109 15140 15185 15228 15287 15329 15366 15387 15407 15409 15402 15379 15367 15371 15394 15426 15465 15500 15552 15604 15657 15729 15802 15867 15934 15990 16039 16093 16130 16174 16223 16289 16342 16419 16512 16589 16655 16719 16800 16887 16965 17045 17103 17146 17226 17283 17396 17483 17576 17688 17807 17959 18084 18235 18379 18497 18638 18787 18932 19077 19237 19397 19540 19659
15593 15590 15544 15487 15395 15373 15351 15297 15298 15312 15369 15420 15460 15501 15570 15618 15688 15729 15765 15775 15776 15767 15758 15739 15729 15720 15714 15730 15697 15714 15701 15705 15723 15733 15758 15815 15884 15915 15959 16017 16067 16076 16090 16102 16119 16137 16158 16188 16232 16280 16341 16404 16477 16516 16635 16743 16832 16908 17000 17102 17189 17260 17358 17432 17528 17609 17717 17854 17952 18048 18169 18288 18390 18509 18636 18769 18865 18986 19118 19231 19326
15839 15840 15840 15861 15918 15954 16000 16023 16044 16060 16080 16100 16152 16170 16215 16242 16273 16284 16295 16302 16308 16328 16330 16339 16329 16335 16300 16278 16247 16215 16194 16176 16152 16140 16137 16138 16135 16136 16137 16133 16124 16133 16136 16147 16152 16163 16179 16197 16233 16256 16282 16311 16343 16374 16420 16472 16517 16560 16611 16657 16697 16741 16798 16872 16957 17040 17145 17246 17373 17458 17587 17729 17837 17955 18075 18198 18317 18450 18589 18704 18803
15994 16009 16030 16057 16102 16152 16195 16259 16323 16365 16423 16487 16532 16568 16599 16632 16642 16647 16644 16628 16601 16576 16538 16515 16514 16516 16504 16484 16463 16428 16389 16357 16350 16331 16305 16284 16255 16238 16211 16184 16159 16146 16127 16131 16147 16169 16201 16235 16273 16305 16340 16376 16410 16445 16491 16539 16579 16600 16613 16635 16673 16717 16775 16836 16898 16954 17028 17076 17136 17192 17259 17347 17427 17526 17646 17740 17815 17911 18012 18090 18149
15810 15817 15843 15860 15889 15907 15945 15974 16049 16113 16211 16295 16386 16435 16490 16522 16536 16536 16505 16469 16425 16395 16335 16300 16278 16275 16269 16254 16259 16260 16264 16266 16260 16243 16226 16206 16174 16148 16125 16103 16080 16075 16069 16072 16086 16101 16133 16153 16190 16210 16227 16269 16303 16337 16384 16423 16461 16491 16514 16541 16584 16623 16683 16726 16779 16825 16890 16960 17025 17055 17112 17160 17206 17241 17288 17331 17374 17422 17455 17507 17529
15459 15472 15504 15547 15582 15596 15613 15613 15597 15582 15578 15570 15569 15584 15628 15672 15703 15727 15724 15717 15709 15714 15720 15735 15733 15734 15733 15752 15749 15749 15747 15748 15752 15770 15779 15780 15802 15799 15799 15780 15809 15824 15855 15880 15877 15834 15910 15990 16016 16031 16046 16046 16088 16100 16131 16190 16237 16265 16291 16321 16346 16364 16393 16412 16432 16455 16491 16525 16548 16564 16595 16638 16660 16691 16717 16748 16765 16804 16823 16846 16851
15359 15360 15353 15355 15350 15351 15360 15384 15405 15410 15405 15380 15338 15324 15321 15325 15329 15335 15344 15362 15378 15384 15397 15421 15430 15435 15436 15433 15439 15465 15490 15505 15505 15495 15481 15468 15450 15439 15423 15431 15430 15455 15471 15481 15515 15553 15595 15623 15658 15699 15747 15785 15822 15874 15919 15965 16000 16020 16052 16049 16043 16033 16016 15981 15968 15958 15955 15948 15964 15984 15996 16033 16059 16096 16128 16159 16181 16209 16239 16263 16284
15443 15427 15407 15391 15372 15373 15367 15375 15393 15401 15413 15417 15412 15397 15381 15368 15336 15325 15316 15299 15285 15272 15266 15266 15269 15280 15310 15329 15367 15401 15435 15465 15487 15495 15508 15536 15586 15612 15642 15655 15667 15677 15693 15704 15715 15719 15734 15739 15742 15739 15736 15743 15743 15750 15759 15772 15774 15782 15784 15787 15790 15789 15780 15784 15797 15813 15850 15885 15907 15928 15949 15958 15962 15969 15972 15976 15993 16013 16037 16056 16073
15689 15695 15702 15705 15713 15718 15724 15734 15754 15758 15777 15793 15798 15803 15801 15769 15749 15725 15715 15683 15653 15618 15601 15574 15561 15570 15592 15641 15683 15728 15767 15795 15810 15818 15820 15811 15805 15798 15796 15790 15792 15795 15793 15791 15788 15785 15783 15782 15788 15805 15818 15825 15831 15827 15845 15856 15862 15862 15869 15885 15903 15919 15938 15954 15957 15951 15949 15973 16009 16046 16084 16122 16152 16172 16202 16222 16227 16217 16206 16231 16247
