Alternative/Moon/Lvl0_30x30/Ele_FG.asc
ncols         335
nrows         335
xllcorner     57491.657
yllcorner     -10077166.958
cellsize      10000
nodata_value  -9999.0
[rows 136 to 169 of 335, columns 154 to 230 of 335]
18961 19038 19160 19284 19253 19111 19052 19003 19024 19012 18948 18905 18903 18862 18876 18871 18823 18884 18897 18951 19084 19300 19448 19776 20162 20576 20855 21043 21208 21624 21987 22408 22880 23447 23784 24283 24765 25294 25741 26309 26934 27562 28125 28948 29840 30648 31218 31832 32039 32074 31973 31747 31407 31113 30865 30542 30063 29599 29218 28653 28165 27806 27426 27025 26622 26162 25771 25346 25032 24819 24675 24480 24340 24127 23941 23742 23613
18944 18958 18985 19037 19143 19177 19203 19167 19179 19197 19177 19077 19037 18996 19087 19160 19306 19352 19357 19425 19609 19943 20227 20502 20713 21105 21351 21557 21684 21868 22167 22607 23121 23664 24049 24473 24976 25466 25974 26487 27085 27716 28316 28945 29643 30456 31080 31729 31985 31931 31640 31442 31186 30821 30613 30454 30104 29823 29631 29333 29063 28948 28767 28434 28045 27591 27217 26838 26630 26461 26261 26002 25795 25484 25198 24870 24731
18963 18987 19063 19061 19084 19123 19180 19375 19525 19730 19843 19896 19843 19794 19808 19807 19695 19707 19777 19884 20042 20251 20482 20732 21119 21496 21758 21976 22241 22458 22686 23141 23538 23973 24294 24797 25398 25961 26455 26973 27528 28179 28619 29268 29822 30373 30741 31256 31467 31396 31192 30908 30611 30403 30272 30207 30072 29865 29719 29475 29374 29225 29050 28782 28629 28553 28531 28433 28393 28228 28111 27808 27397 26903 26522 26125 25777
19385 19453 19502 19584 19618 19588 19706 19688 19695 19914 20000 20045 20240 20396 20444 20492 20634 20770 20757 20960 21117 21244 21452 21703 21939 22357 22796 23114 23399 23655 23865 24090 24346 24765 25040 25441 25928 26545 27095 27665 28129 28414 28854 29431 29952 30247 30420 30456 30407 30212 30098 29957 29957 29820 29645 29612 29613 29451 29390 29249 29159 29077 29052 28984 29007 28983 28967 28925 28727 28442 28304 28001 27576 27116 26759 26315 25877
20026 20136 20276 20404 20385 20293 20335 20368 20297 20334 20493 20757 20887 21038 21028 20847 20987 21168 21372 21503 21659 21949 22178 22581 22862 23157 23356 23757 24112 24474 24793 25206 25669 26129 26521 26985 27331 27512 27661 27845 28131 28111 28316 28770 29106 29347 29387 29319 29279 29091 28897 28701 28671 28648 28600 28600 28609 28543 28507 28467 28393 28388 28340 28316 28313 28302 28291 28221 28006 27740 27442 27149 26853 26558 26312 26020 25634
20842 20956 21063 21205 21177 21132 21087 21070 21043 20981 21142 21324 21517 21687 21729 21835 22035 22214 22367 22481 22592 22827 23078 23439 23682 23946 24251 24701 25107 25531 25779 26084 26317 26655 26943 27138 27431 27589 27600 27656 27690 27683 27775 28060 28271 28443 28469 28377 28192 27768 27707 27595 27562 27569 27549 27741 27848 27889 27880 27749 27540 27420 27315 27243 27220 27023 26914 26804 26623 26349 26185 25925 25680 25655 25595 25533 25551
21335 21504 21759 21818 21783 21789 21826 22001 21977 21761 21894 22268 22517 22599 22742 23021 23269 23404 23587 23689 23772 24004 24090 24112 24425 25079 25475 25724 25857 25878 25881 25978 26543 27053 27426 27607 27663 27788 27928 27983 27819 27836 27822 27824 27845 27928 27928 27808 27615 27415 27420 27428 27425 27387 27351 27594 27758 27741 27660 27513 27211 26970 26835 26848 26890 26947 26989 26996 26803 26384 26011 25879 25755 25659 25641 25667 25965
22364 22421 22571 22758 22856 22860 22903 23142 23273 23362 23414 23497 23652 23782 23912 24063 24278 24450 24593 24775 24968 25097 25210 25486 25814 25986 26094 26086 26166 26368 26583 27014 27488 27625 27912 28266 28432 28459 28439 28418 28299 28007 27872 27512 27444 27476 27534 27424 27412 27339 27361 27307 27111 27159 27084 26953 27092 27146 27123 27036 26898 26810 26830 26932 27125 27230 27385 27454 27448 27379 27158 26744 26276 25986 25931 25874 26070
22828 22909 23068 23162 23314 23437 23499 23667 23785 23911 24037 24180 24390 24584 24724 24955 25187 25381 25485 25635 25828 25939 26093 26407 26692 26833 26961 27180 27387 27617 27907 28260 28477 28512 28451 28733 28900 28893 28647 28433 28137 27950 27738 27556 27368 27350 27281 27318 27324 27320 27328 27207 27094 26868 26847 26819 26836 26912 26956 26958 27122 27206 27368 27628 27762 27973 28171 28259 28336 28147 27911 27453 27099 26768 26647 26681 26659
24192 24207 24291 24527 24662 24748 24872 25068 25275 25487 25693 25740 25932 26183 26393 26568 26713 27086 27149 27359 27558 27743 27872 28241 28531 28793 29021 29219 29245 29189 29331 29552 29629 29632 29634 29649 29582 29450 29224 28939 28516 28054 27872 27688 27537 27242 27204 27249 27222 27145 27033 26981 26897 26821 26860 26812 26891 27107 27264 27280 27338 27588 27707 27855 27873 28032 28230 28407 28376 28242 28073 27783 27519 27249 27054 26919 26857
26455 26620 26750 26945 27062 27288 27438 27610 27829 27974 28217 28298 28236 28408 28638 28917 28999 29172 29280 29466 29480 29500 29512 29455 29443 29531 29589 29809 29887 29886 29843 30013 30033 29893 29810 29779 29770 29627 29447 29090 28576 28128 27895 27581 27513 27228 27004 26784 26656 26757 26710 26636 26543 26685 26748 26772 26754 27008 27139 27209 27317 27431 27460 27579 27636 27639 27797 27973 28152 28178 28067 27823 27521 27060 26901 26675 26499
27700 27839 28005 28344 28641 28948 29342 29737 29825 29965 30237 30252 30279 30357 30317 30301 30056 29973 29989 29874 29834 29904 29979 30064 30264 30274 30398 30416 30277 29835 29622 29667 29815 29789 29720 29528 29234 29071 28923 28848 28540 28254 27909 27368 27176 27117 27199 27283 27204 26785 26939 26897 26707 26760 26743 26711 26828 26897 26957 26956 27084 27038 27098 27117 27248 27366 27619 27810 27856 27780 27716 27533 27086 26753 26546 26352 26180
27697 27824 28038 28401 28707 29062 29464 29997 30313 30371 30398 30518 30602 30553 30439 30385 30133 30147 30365 30554 30658 30661 30695 30626 30553 30570 30535 30526 30446 30080 29843 29717 29469 29247 29201 29142 28959 28794 28575 28455 28428 28161 27902 27537 27181 27161 27347 27373 27350 27203 27030 26895 26917 26803 26752 26803 26893 26904 26766 26725 27080 27028 27080 27098 27153 27152 27235 27294 27292 27210 27209 27145 26967 26720 26608 26476 26257
28078 28212 28268 28437 28757 29123 29412 29827 30146 30150 29976 29862 29821 30128 30316 30327 30342 30396 30510 30733 30827 30844 30813 30790 30611 30482 30234 30126 29951 29462 29085 29099 28989 28772 28635 28519 28316 28122 28121 28106 28108 28087 27826 27969 27897 27754 27588 27464 27244 27134 26963 26482 26265 26254 26102 25681 25280 25348 25431 25349 25187 25085 25013 25021 25046 25086 25133 25180 25103 25283 25489 25688 25899 26093 26198 26153 26061
28092 28167 28267 28339 28544 28767 28899 28919 28788 28818 28818 28811 29058 29265 29423 29547 29604 29762 29820 29904 29904 29869 29559 29196 28936 28491 28169 28049 28060 28284 28359 28281 27873 28134 28198 28309 28573 28620 28670 28744 28616 28529 28488 28192 28031 27799 27529 27045 26481 25895 25558 25519 25265 24765 24395 23937 23617 23335 23128 22827 22529 22505 22450 22420 22437 22549 22613 22733 22889 23071 23248 23468 23758 23934 24064 24203 24346
27578 27553 27533 27550 27564 27619 27628 27554 27268 27312 27326 27320 27582 28030 28177 28273 28195 28142 28123 28218 28105 27904 28036 28039 27849 27581 27270 26891 27206 27541 27698 27808 27934 28134 28243 28517 28792 29001 29140 29244 29167 28992 28766 28366 27870 27344 26840 26254 25715 25234 24807 24321 23846 23397 23012 22501 22005 21610 21430 21354 21256 21266 21204 21174 21409 21527 21534 21679 21713 21687 21742 21841 21945 22106 22295 22431 22538
26977 26957 26914 26811 26785 26640 26564 26613 26636 26651 26683 26774 27037 27350 27415 27536 27541 27396 27367 27153 27059 26816 26603 26245 26290 26294 26211 26095 26138 26314 26567 26923 27228 27630 27896 28250 28554 28819 28892 29044 28965 28657 28411 27954 27379 26725 26168 25514 24929 24352 23940 23470 23015 22534 22183 21780 21373 20999 20882 20784 20698 20715 20711 20655 20821 21029 21156 21156 21064 20953 20969 21049 21026 21091 21271 21553 21741
26718 26544 26437 26271 26193 26129 26163 26131 26118 26113 26207 26342 26461 26488 26462 26237 25985 25870 25775 25717 25617 25373 25148 25059 24960 24942 24949 24998 25188 25466 25718 26000 26204 26504 26755 27018 27315 27720 27898 27946 27906 27679 27355 26796 26191 25634 25163 24557 24070 23509 23142 22657 22413 22130 21816 21363 20978 20845 20732 20837 20835 20751 20666 20766 20804 20779 20681 20728 20726 20695 20701 20779 20860 21055 21165 21247 21446
26471 26506 26506 26307 26277 26178 26207 26296 26398 26438 26516 26602 26631 26603 26459 26093 25778 25574 25434 25197 25035 24794 24725 24747 24803 24821 24795 24767 24846 24874 24938 25157 25511 25807 26028 26362 26691 26894 26918 26832 26815 26698 26213 25544 25048 24633 24276 23837 23431 23046 22676 22379 21984 21573 21411 21081 20882 20829 20846 20775 20679 20601 20698 20759 20844 20872 20884 20883 20890 20871 20826 20812 20808 20878 20976 21123 21280
26223 26138 26235 26306 26303 26244 26159 26058 25999 26088 26231 26313 26365 26341 26216 25916 25868 25722 25668 25557 25367 25222 25075 24948 24948 24918 24874 24839 24859 24969 24971 25128 25319 25531 25736 25946 26183 26322 26300 26331 26383 26016 26057 25812 25313 24808 24408 23966 23549 23159 22785 22282 21841 21517 21371 21137 20902 20838 20744 20679 20627 20686 20786 20823 20905 20983 21075 21090 20991 21049 21076 21123 21176 21147 21059 20963 21047
25926 25953 25887 25500 25046 24620 24267 23918 23743 23858 23955 24096 24172 24130 24107 24011 23927 23895 23943 24167 24522 24832 24995 25030 25103 25185 25165 25075 24960 24961 25076 25104 25150 25300 25423 25397 25365 25279 25444 25672 25952 26083 26117 25966 25795 25437 25049 24547 24077 23589 23223 22900 22501 22010 21656 21362 21048 20812 20736 20642 20710 20758 20825 20931 21057 21105 21130 21124 21011 20989 21114 21405 21518 21604 21712 21854 22082
25653 25052 24472 23799 23315 22777 22460 22369 22469 22482 22441 22333 22169 22026 21935 21714 21420 21316 21440 21885 22469 22976 23438 24077 24670 25125 25201 25166 24986 24898 24863 24843 24647 24659 24664 24677 24842 24925 25049 25269 25542 25793 25881 25933 25908 25660 25285 24759 24454 24091 23597 23161 23019 22796 22442 22063 21781 21597 21350 21065 21004 21023 21132 21255 21352 21441 21497 21545 21590 21765 21874 21953 22176 22408 22541 22808 23154
24563 23782 23125 22416 21885 21637 21489 21500 21263 21192 21287 21219 21023 20895 20805 20688 20579 20777 20864 20874 21020 21433 21909 22551 23309 23996 24548 24781 24784 24738 24707 24696 24711 24695 24558 24343 24419 24414 24506 24629 24810 24984 25163 25245 25310 25301 25141 25020 24937 24737 24574 24519 24469 24162 23934 23672 23425 23245 23053 22821 22640 22509 22459 22481 22517 22465 22532 22544 22616 22804 23040 23272 23451 23616 23829 24197 24572
23547 22809 22264 21755 21186 20712 20477 20364 20361 20409 20396 20260 20087 20078 20131 20090 20195 20323 20428 20526 20713 21175 21632 22426 23231 23950 24329 24678 24716 24534 24496 24535 24528 24390 24286 24379 24394 24374 24432 24446 24513 24593 24593 24565 24689 24778 24870 24881 24804 24755 24797 24833 24897 24846 24696 24598 24404 24237 23991 23826 23805 23752 23710 23724 23594 23577 23621 23670 23714 23918 24200 24465 24588 24843 25046 25104 25010
23218 22366 21646 20975 20518 20131 20027 20038 20031 19952 19992 20046 20119 20206 20289 20328 20256 20398 20580 20791 21248 21785 22340 23010 23763 24339 24589 24646 24571 24404 24310 24252 24232 24108 24047 24095 24095 23994 23934 24010 24135 24267 24323 24387 24400 24431 24441 24411 24538 24661 24714 24853 25024 25082 25060 25007 24933 24718 24661 24623 24475 24453 24550 24578 24522 24425 24347 24298 24367 24402 24602 24964 25060 25080 25114 25135 24949
23981 23515 23002 22493 22016 21514 21156 20844 20617 20501 20521 20565 20724 20799 20951 21174 21394 21725 22123 22491 22858 23376 23792 24185 24404 24435 24478 24393 24251 24170 24098 24092 24029 23890 23874 24003 24105 24062 23950 23797 23755 23867 24007 24215 24266 24207 24109 24128 24273 24421 24541 24699 24833 24828 24708 24627 24505 24446 24396 24432 24347 24328 24402 24474 24450 24412 24262 24166 24327 24419 24546 24802 24948 24965 24769 24541 24646
24093 24201 24308 24354 24311 24087 23910 23618 23557 23390 23295 23220 23336 23355 23382 23504 23752 24058 24354 24643 24736 24700 24703 24622 24550 24491 24432 24412 24579 24611 24546 24335 24219 24165 24078 24000 23979 24011 23865 23837 23823 23827 23833 23929 24055 24150 24195 24235 24269 24328 24432 24672 24695 24632 24504 24321 24276 24264 24145 24013 24029 24200 24274 24228 24132 24125 24143 24004 23839 24141 24387 24407 24526 24575 24630 24642 24634
23934 24022 24058 24098 24249 24277 24270 24376 24404 24273 24371 24577 24734 24734 24731 24670 24720 24806 24834 24815 24779 24760 24630 24484 24605 24820 24959 25213 25374 25390 25329 25196 25077 24916 24747 24525 24302 24165 24099 23939 23851 23982 24114 24240 24274 24249 24135 24239 24333 24431 24443 24331 24177 24066 24091 24209 24123 24185 24116 23956 24000 24258 24308 24245 24200 24246 24364 24476 24464 24448 24523 24778 25002 25168 25253 25349 25371
23979 24025 23991 23966 23979 24016 24088 24125 24045 24200 24360 24370 24416 24537 24585 24534 24470 24465 24573 24655 24647 24588 24593 24681 24724 24884 25070 25300 25560 25697 25698 25778 25735 25522 25272 25053 24816 24524 24301 24246 24396 24502 24535 24465 24281 24113 24041 23939 23746 23725 23895 24130 24210 24234 24310 24446 24613 24681 24687 24600 24342 24158 24197 24387 24575 24763 24831 24994 25039 25104 25324 25647 25718 25731 25666 25528 25508
23689 23790 23791 23777 23787 23729 23733 23837 23935 24081 24191 24244 24493 24613 24613 24584 24616 24690 24752 24739 24652 24581 24609 24734 24799 24975 25186 25418 25658 25803 25982 26142 26130 26046 26006 25912 25797 25613 25453 25380 25474 25537 25564 25519 25401 25432 25394 25353 25378 25329 25347 25273 25258 25307 25361 25420 25438 25509 25492 25404 25409 25460 25478 25569 25621 25517 25524 25565 25591 25578 25671 25780 25790 25739 25733 25726 25861
23972 23970 23971 23954 23963 24048 24132 24229 24342 24522 24654 24730 24730 24660 24529 24431 24426 24593 24668 24663 24509 24486 24559 24673 24702 24680 24756 25070 25373 25687 25932 26111 26172 26253 26249 26222 26341 26420 26424 26342 26210 26136 26180 26176 26326 26548 26688 26768 26837 26819 26840 26801 26701 26708 26675 26589 26585 26451 26379 26262 26195 26132 26191 26298 26302 26243 26091 26165 26171 26072 26015 26049 26096 26078 26074 26109 26247
24751 24711 24650 24628 24685 24742 24883 25058 25176 25188 25158 25034 24905 24750 24689 24500 24475 24384 24545 24589 24594 24606 24563 24603 24486 24482 24585 24899 25204 25503 25772 26040 26205 26444 26497 26475 26370 26381 26412 26400 26271 26292 26292 26421 26571 26754 26864 26965 27011 27008 27044 27152 27342 27420 27437 27412 27300 27324 27320 27144 27084 27170 27242 27247 27209 27117 27072 27123 27120 27033 26948 27048 27050 26972 26912 26989 27135
25057 25000 24973 24967 25056 25062 25069 25202 25239 25219 25170 25050 24903 24739 24631 24464 24505 24491 24526 24577 24725 24790 24782 24762 24567 24713 24899 25147 25429 25771 25998 26176 26331 26321 26296 26326 26333 26417 26424 26374 26321 26297 26282 26214 26299 26425 26532 26623 26693 26794 26824 26901 27008 27059 27102 27121 27169 27308 27330 27492 27546 27498 27613 27767 27795 27829 27865 27837 27790 27668 27619 27626 27723 27687 27721 27950 28080
25033 25049 24971 24956 24888 24981 25045 25103 25136 25224 25237 25234 25024 25003 24954 24920 24817 24884 25048 25216 25321 25374 25366 25456 25729 25861 25948 26009 26050 26016 26110 26230 26319 26469 26534 26512 26470 26467 26426 26347 26313 26242 26137 26125 26175 26160 26074 26226 26308 26265 26337 26517 26589 26608 26730 26958 27169 27307 27428 27526 27566 27601 27759 27956 28257 28365 28413 28484 28502 28368 28227 28360 28553 28624 28617 28522 28414
