Alternative/Moon/Lvl0_30x30/Ele_BI.asc
ncols         335
nrows         335
xllcorner     6757491.657
yllcorner     3322833.042
cellsize      10000
nodata_value  -9999.0
[rows 170 to 203 of 335, columns 77 to 153 of 335]
19297 19068 18921 18898 19101 19382 19726 19791 19804 20047 20077 19955 19817 20227 20768 20513 19300 18403 17265 16258 15543 15615 15980 17052 17328 17163 17104 17925 18749 19522 19938 19882 19311 18591 18922 18938 18935 19243 19585 19725 19634 19415 20078 20505 20520 19956 18863 17897 17205 16245 15426 14821 14344 13991 13656 13543 13400 13438 13431 13438 13543 13464 13359 13365 13359 13373 13588 14199 14948 15885 17350 18041 18326 18499 18216 18208 17999
18675 18295 18203 18278 18619 18915 18977 19030 19314 19502 19454 19290 19625 20359 20493 19794 18745 18044 17381 16022 15396 15313 15596 16890 17120 16810 16567 17475 18402 19420 20306 20480 20017 19600 19707 19575 19435 19433 19405 19040 18788 18852 19722 20190 20193 19871 19009 18250 17587 16594 16014 15214 14836 14741 14151 13700 13780 13764 13569 13461 13501 13633 13628 13518 13519 13536 14290 15232 15972 16779 17763 18429 18909 18890 18464 18430 18185
17809 17749 17926 17981 18029 18016 18353 18582 18802 18901 18940 18792 19389 19988 20403 19964 18907 18345 17882 16736 15948 15435 15372 16064 16067 15835 16231 17207 18288 19856 20685 20964 20788 20107 19387 18349 17946 17814 17422 16796 16442 16709 17883 19489 19944 19712 19430 18552 17834 17564 16957 16097 15481 15131 14751 14397 14175 13858 14191 14411 14386 14087 14065 13740 13928 13751 14384 15990 16759 17585 18143 18629 18912 18691 18433 18458 18272
17639 17743 17805 17835 17767 17866 17846 17865 18035 18037 18188 18523 18928 19782 20152 20235 19583 19198 19034 18099 17364 16336 15635 15811 15828 16286 16886 17967 19174 20569 21462 21632 21246 19759 17781 16517 16533 15898 15725 15378 15376 15614 16140 17178 18594 19656 19506 19186 18678 18085 17843 17326 16702 15775 15624 15502 15142 14393 14384 14543 14561 14570 14430 14640 14810 14938 15695 16659 16993 17454 18105 18270 18055 17946 17942 17821 17954
17161 17550 17659 17581 17584 17632 17625 17625 17677 17708 18075 18299 18995 19692 20016 20127 20201 19965 19856 18812 17657 16461 15816 15935 16078 17053 18030 19250 20341 21426 21807 21818 20663 18630 16677 16154 15731 15123 15033 14587 14588 14997 15380 15703 16630 18087 19230 19306 19159 18760 18271 17845 17454 16826 16663 16811 15871 14689 15236 15278 15607 15929 15916 16125 16231 16948 17181 17209 17708 17577 16970 17183 17085 17076 16873 16940 17614
16976 17345 17379 17433 17457 17423 17475 17569 17680 17635 17614 17966 18985 19663 19739 20112 20556 20833 20265 18844 17799 16730 16252 16430 16796 17496 18685 20419 21341 21781 21920 21280 19480 17481 15601 15187 14749 14535 14024 13803 13513 13390 13957 14550 14673 16096 18032 19299 19273 19044 18959 18805 18812 18487 18049 17797 17311 16400 16273 17376 17846 18198 18173 17620 18088 18273 18422 18489 18511 18134 17396 16335 16419 16508 16290 16664 17300
16900 16962 17123 17144 17167 17261 17313 17327 17415 17442 17729 18638 19312 19569 19659 20025 20564 20801 20040 19422 18523 17564 17043 17301 17663 18268 19168 20548 21428 21769 21850 20559 18643 16820 15008 14605 14405 13937 14110 14012 13189 12943 13018 13601 13989 15256 17158 19159 19273 19213 19004 18916 18981 18860 18684 18804 18903 18795 18267 17770 18277 18813 18914 18948 19204 19162 18842 18595 18398 17982 17082 16150 15880 15853 15886 16108 16660
16948 16939 16985 17092 17135 17174 17195 17234 17277 17866 18129 18544 19073 19166 19556 19731 20234 20650 20563 19756 18784 17918 17679 17933 18000 18294 19235 20574 21490 21618 21333 19459 17746 16277 14636 14421 14348 14178 14390 14725 14414 13151 12787 12878 13385 14692 16360 18435 19376 19334 19117 18734 18639 18643 18522 18803 19152 19374 18884 17306 16145 17398 18878 19440 19359 18959 18678 18451 18167 17945 17472 17234 17277 17042 16849 17185 17238
17751 17264 17048 17084 17100 17134 17191 17413 17695 18045 18163 18194 18359 18700 19135 19526 20124 20570 20429 19723 18895 18414 18288 18178 18437 19216 19638 20859 21416 21450 20995 18914 17314 16081 14716 14418 14109 14194 14366 14612 14574 13523 12683 12990 13458 14309 16551 18376 18693 18936 19205 18811 18519 18538 18378 18532 18860 19147 18500 16543 14927 15524 17650 19009 18681 18106 18167 18084 18103 18048 17510 17475 17472 17113 17335 17675 17736
17707 17567 17310 17247 17240 17193 17301 17524 17659 17811 17845 17881 17874 17964 18847 19479 19541 19750 20023 19174 19284 19906 19903 19858 19840 20080 20890 21295 21246 21074 20775 19169 17777 16701 15038 14147 13528 13091 13584 13781 13379 12713 12704 13260 13637 14995 17017 17189 17361 17867 18135 18052 17950 17894 17974 18060 18138 18674 18397 17762 16910 17310 17995 18322 17956 17588 17392 16926 16118 16487 17492 17624 17478 16948 16940 17328 17480
17628 17616 17345 17344 17330 17391 17489 17543 17767 17885 17856 17866 17915 18001 18572 18747 18820 19352 19396 19080 19563 20667 21006 21094 21083 21121 21303 21308 21014 20441 20124 19458 18457 17216 15611 14832 14031 13319 12976 12818 12834 12772 13065 13697 14449 16231 17281 17085 16575 16836 17261 17487 17796 17708 17511 17499 17093 17531 17996 17848 17807 17894 17952 17695 17338 16919 16724 15209 14493 14651 16021 16922 16987 16172 16335 16885 16944
17761 17924 17920 17667 17697 17809 18007 18173 18134 17887 17891 18027 18032 18045 18103 18205 18230 18414 18618 18643 19512 20630 21048 21223 21365 21381 21190 21020 20340 19650 19546 19499 19386 18653 17280 15623 14506 14277 13773 13502 13383 13473 14247 14718 16126 17348 17289 16682 16083 15969 16823 17406 17710 17729 17095 16697 16423 16790 16675 16967 17325 17330 17085 16649 16454 16023 16153 16192 15686 15498 16079 16480 16460 15618 15679 16646 16710
17952 18231 18256 18115 17853 17968 18042 18231 18225 18167 18380 18552 18502 18236 18152 18197 18400 19032 19155 19173 19336 19464 19412 20195 20433 20422 20136 19795 19568 19393 19070 18902 19217 19170 18848 17578 16234 15261 15236 15000 14789 15010 15259 16746 17044 17254 16833 16180 16065 15675 16373 16882 16999 16911 16438 16112 16546 16966 16867 16612 16536 16524 16433 16390 16119 15721 15863 16122 16126 16297 16399 16152 15551 15608 15648 15975 16149
18772 17789 17421 17843 18134 18484 18146 18031 18108 18147 18172 18346 18347 18207 18270 18546 18825 18845 18515 18015 18335 19008 19050 19012 18839 19001 19109 19086 18923 18721 18540 18234 18213 18450 18793 18531 18122 17653 16951 16411 16505 16712 16689 16908 16853 16252 16149 16050 15858 15596 16013 16690 16866 16781 16044 15919 16347 16702 16625 16438 16426 16285 15901 15856 15687 15678 15653 15769 15691 15606 15552 15598 15549 15497 16010 16270 16335
18795 18706 17258 16794 17598 18551 18214 18091 17907 17996 18040 18051 18053 18232 18429 18596 18627 18035 17003 16531 16690 17561 18372 18900 18972 18808 18685 18727 18670 18793 18635 17966 17649 17769 17834 17963 17960 17835 17545 17089 16991 16900 16791 16504 16371 16259 16133 15957 15762 15563 15647 16448 16513 16280 15661 15976 16062 16219 16399 16438 16339 16096 15877 15541 15620 15640 15664 15794 15532 15498 15548 15557 15522 16054 16217 16250 16302
18540 18738 18658 18072 17966 18322 18297 17920 17698 17814 17988 18018 18020 18131 18235 18078 18062 16829 16364 16361 16443 16521 17251 18550 18907 18888 18577 18625 18690 18754 18465 17879 17520 17344 17282 17062 16928 16770 16664 16551 16334 16303 16228 16061 15916 15771 15706 15700 15607 15549 15703 15796 15691 15552 15712 16079 16336 16333 16221 16196 16000 15560 15511 15665 15818 16112 16191 15710 15527 15535 15541 15542 16001 16196 16272 16159 15896
18546 18472 18582 18596 18575 18391 18069 17912 17485 17732 17846 17932 17968 17776 17801 17863 17662 16410 16382 16413 16501 16482 16619 17668 18565 18676 18637 18732 18758 18555 18439 17884 17524 17113 16990 16674 16500 16412 16308 16136 16208 16154 15897 15830 15662 15692 15805 15521 15548 15554 15592 15506 15328 15445 15866 16223 16326 16214 16127 16010 15691 15611 15541 15617 15579 16276 16194 15233 15499 15630 15608 15587 15845 15957 16160 16030 15638
18440 18186 18159 18312 18325 18145 17763 17312 17332 17653 17849 17918 17946 17740 17821 17542 16593 16458 16429 16507 16540 16512 16584 17487 18693 18672 18568 18663 18708 18704 18310 17979 17505 17182 17010 16563 16359 16286 15964 15738 15750 15731 15685 15594 15678 15867 15715 15476 15495 15499 15466 15279 15319 15594 15907 15372 14996 14935 15072 15440 15527 15612 15355 15178 15430 15660 15963 15594 15116 15359 15561 15614 15536 15190 15237 15132 15169
18122 18039 18071 18055 17987 17798 17314 17220 17348 17572 17663 17815 17857 17753 17766 17731 17120 16464 16495 16587 16780 16854 17123 17816 18599 18598 18535 18573 18635 18478 18342 18086 17539 17237 16996 16835 16797 16652 16177 15809 15644 15599 15627 15649 15691 15724 15664 15517 15591 15632 15372 15160 15325 15794 16314 15734 15164 15058 15057 15404 15468 15163 14995 14988 15042 15201 15529 15299 15143 15216 15208 15175 15199 15186 15139 15029 15130
17980 18034 18067 18007 17537 17122 17011 17139 17393 17664 17686 17709 17748 17849 18267 18400 18068 17302 16695 17500 17830 18015 18026 18038 18103 18309 18324 18457 18463 18406 18265 18139 17645 17188 17179 17182 17203 16673 16693 16321 15793 15551 15549 15544 15530 15546 15502 15583 15664 15638 15132 15436 16166 16447 16344 15581 14953 15397 15361 15117 15023 14893 14784 14737 14788 15109 15160 15118 15136 15143 14957 15237 15233 15221 15026 14967 14925
17622 17711 17698 17496 17176 16954 16985 17305 17395 17526 17619 17682 17866 17969 18490 18649 18558 18326 18083 17862 18108 18449 18315 18169 18112 18045 18213 18375 18410 18361 18379 18227 17982 17964 17968 17915 17470 17128 16845 16595 16328 15926 15663 15640 15627 15531 15526 15425 15250 15241 14847 15490 16160 16446 15724 14887 15799 16208 15661 14942 14829 14787 14767 14766 14765 14900 14893 14932 14930 14944 14985 15050 14998 15004 15000 14999 15056
17845 17863 17456 16968 16831 16899 17044 17303 17389 17445 17486 17581 17981 18159 18403 18648 18612 18567 18339 18157 18051 18023 18148 18135 18122 18061 18059 18135 18258 18331 18362 18249 18286 18373 18272 17972 17737 17517 17154 16896 17137 17016 16430 15976 15959 16006 15604 14978 14480 14221 14203 14257 14565 15391 15577 16135 16280 16029 15081 15040 14863 14754 14772 14756 14785 14925 14943 14956 14954 15035 15011 14991 14978 15001 15008 15027 15036
17774 17694 17101 16780 16788 16911 17191 17329 17405 17427 17501 17884 18075 18153 17831 18084 18387 18251 18050 18228 18103 18050 18051 17914 17924 17963 17897 18005 18207 18220 18258 18236 18334 18410 18450 18351 17922 17975 17857 17479 17316 17172 16721 16303 16088 16042 15207 14362 14211 14177 14163 14193 14201 14274 14586 15436 15771 15465 15150 14993 14858 14800 14760 14754 14758 14831 14870 14968 14937 15053 14960 15003 15021 15032 15020 15044 15055
17404 17126 16848 16801 16879 17012 17109 16923 16959 17341 17856 18124 18008 17066 16421 16390 17030 18549 18655 18102 17911 17908 17844 17883 17890 17868 17846 18008 18022 18078 18184 18301 18340 18463 18477 18428 18249 18310 18053 17914 17690 17252 16771 16533 16248 15703 14440 14256 14196 14315 14373 14390 14324 14341 14337 14647 15632 15990 15495 14984 14931 14807 14779 14753 14830 14835 14856 14920 14969 15007 14959 15065 15041 15074 15053 15033 15070
17220 16971 16772 16844 16888 16915 16988 17033 17283 17563 17799 17924 17746 16689 16271 16356 16849 18533 18688 18088 17888 17743 17789 17810 17835 17782 17823 17978 17990 18088 18224 18245 18352 18473 18452 18376 18296 18320 18161 18209 18276 17812 17130 16421 16209 15723 14614 14333 14260 14428 15028 14736 14506 14429 14382 15000 15639 15958 15733 14985 14868 14808 14780 14800 14773 14774 14839 14965 14989 15006 15027 15046 15097 15117 15192 15217 15214
17057 16803 16826 17007 16980 16976 17023 16980 17093 17703 17902 17924 17749 16579 16257 16232 16502 18230 18415 18004 17699 17768 17801 17747 17744 17763 17960 18012 18073 18058 18212 18471 18646 18702 18510 18568 18702 18797 18957 19157 18521 17800 17265 16891 17031 16821 15583 14533 14588 14776 15035 14637 14504 14608 14547 15254 15714 15526 15409 15046 14895 14857 14790 14782 14781 14789 14919 14951 15023 15039 15051 15092 15054 15137 15225 15286 15292
16956 16780 16805 17004 16993 16977 16995 16994 17104 17744 17823 17847 17449 16391 16329 16188 16468 17685 17912 17758 17559 17659 17708 17704 17690 17793 18032 18140 18188 18203 18451 18651 18777 18789 19059 19140 19555 19933 20015 19961 19358 18269 17270 16942 17155 17169 16482 15167 14642 14790 14497 14398 14387 14519 14847 15543 15943 15796 15454 15038 14886 14885 14888 14812 14801 14794 14846 15025 15058 15026 15023 15111 15065 15051 15196 15290 15390
17231 16894 16738 16757 16859 16931 17207 17203 17028 17174 17375 17329 17289 16524 16354 16413 17032 17827 17719 17639 17535 17571 17677 17664 17630 17728 18095 18283 18393 18363 18462 18588 18687 19027 19056 19291 19755 20223 20452 20304 19483 18268 17308 16911 16929 16932 16561 15752 15149 14755 14586 14718 14511 14624 15627 15942 15956 15722 15510 15063 14895 14909 14877 14812 14819 14860 14860 14987 15038 15013 14962 15001 14988 15015 14997 15641 16010
17075 16805 16642 16573 16584 16778 17051 17051 16880 16929 16946 16783 16627 16481 16432 16476 16898 17820 17797 17474 17478 17444 17526 17483 17461 17833 18258 18391 18549 18539 18464 18574 18755 19191 19210 19353 19699 20087 20250 20031 19033 18115 17275 16796 16691 16061 15608 15654 15301 14712 14604 14898 14860 14934 15881 16041 15969 15474 15216 14928 14860 14823 14818 14843 14867 14870 14902 14988 15041 15018 15106 15067 15077 15546 15491 15457 16329
17111 16823 16659 16575 16583 16879 17221 17311 17312 17276 16938 16808 16514 16523 16366 16790 17306 17599 17585 17490 17368 17425 17438 17399 17431 17881 18152 18459 18641 18658 18554 18886 19222 19792 19998 19984 20017 20236 20376 19739 18974 18262 17579 17398 17412 17191 16329 15071 14936 14695 14828 14844 14686 15055 15579 15747 15562 15240 14978 14945 14923 14853 14847 14846 14876 14866 14911 14979 14973 14983 15139 15172 15631 16115 15860 15325 16397
17238 16954 16712 16638 16596 16797 17320 17511 17529 17547 17157 17099 16774 16506 16545 17415 17435 17479 17456 17496 17418 17441 17339 17323 17322 17714 18062 18566 18703 18718 18848 19234 19551 19859 20067 19981 19929 20195 20359 20255 19445 18972 18263 17996 18027 17537 16545 15296 14746 14920 14970 14852 14552 15075 15169 15272 15328 15129 15132 15104 15090 15058 14960 14860 14879 14868 14953 14974 15018 14941 15139 15650 16225 16368 16062 15334 16037
17359 17168 16988 16783 16709 16831 17129 17323 17221 17163 16993 16966 16650 17039 17282 17225 17273 17376 17315 17315 17289 17358 17287 17227 17192 17496 18119 18551 18801 19044 19242 19494 19457 18732 18540 18381 18491 18644 19833 20266 20073 19732 19357 18577 18123 17734 16881 15518 14774 14892 14965 14799 15150 15259 15967 16092 15811 15607 15435 15227 15071 15112 14997 15013 14941 14893 14919 15022 15003 15010 15813 16779 16810 16768 16603 15883 16493
17532 17419 17253 16946 16783 16712 16830 16755 16823 16882 16755 16514 16733 17265 17300 16487 16499 16679 16967 17060 17146 17221 17232 16887 17364 17723 17884 18200 18591 19094 19408 19428 18991 16945 16626 17318 17764 17886 18994 20278 20495 20101 19804 19286 18436 17394 16956 15766 15085 14766 14911 15418 15817 16152 16704 16823 16674 16470 16177 15456 15262 15204 15051 14904 14993 14985 14931 14967 14964 15929 16900 17376 17999 18203 17682 17307 17844
17526 17462 17410 17183 17021 16934 16922 16739 16830 16776 16630 16498 17127 17491 17110 16569 16623 16699 16587 16997 17035 16997 17031 17352 17542 17725 17838 17908 18207 18722 19151 18617 17350 15984 15130 15618 16450 17481 18442 19546 19800 19770 20054 19993 19596 18501 17108 16367 15651 15932 16385 16477 16875 17177 17081 17326 17367 17079 16814 16330 16065 15492 15142 14930 14931 14938 14939 15114 15526 16691 17471 18194 18097 18206 17292 17503 18331
