Alternative/Moon/Lvl0_30x30/Ele_FK.asc
ncols         335
nrows         335
xllcorner     13457491.657
yllcorner     -10077166.958
cellsize      10000
nodata_value  -9999.0
[rows 170 to 203 of 335, columns 231 to 307 of 335]
11148 11330 11819 12594 13302 14099 14672 14784 14664 14317 14148 14015 13894 13675 13582 13180 13241 12909 12505 12087 12046 12306 12719 13053 13398 13640 13904 14402 15059 15346 15363 15140 14883 14470 14071 13483 12843 12094 11817 11665 11598 11918 12165 12167 12041 11911 11716 11518 11337 11195 11181 11236 11224 11203 11243 11166 11092 11065 11094 11096 10943 10823 10798 10885 10884 10966 11032 11030 11005 11066 11066 11043 11074 11082 11110 11103 11217
11226 11746 12333 12966 13671 14288 14604 14621 14212 13655 13336 12982 12950 12959 13333 13423 13303 12908 12738 12795 12602 12276 12070 12305 12593 13027 13557 14066 14339 14384 14356 14021 13315 12855 12492 12137 11828 11507 11233 11235 11416 11645 11866 11991 12001 11984 11870 11569 11438 11349 11310 11499 11837 11965 11971 11956 11943 11717 11528 11300 11370 11376 11293 11161 11021 11118 11129 11132 11118 11073 11064 11071 11081 11196 11256 11412 11537
11551 12256 12875 13577 14207 14346 14542 14463 13969 13409 12966 12786 12794 12877 13189 13395 13903 14508 14730 14721 14500 14075 13440 13058 12460 11862 12022 12107 12099 12163 12262 12157 11981 11760 11609 11443 11285 11292 11250 11175 11152 11097 11146 11521 11844 11872 11840 11704 11632 11557 11648 11690 11905 12009 11993 12130 12148 11970 11655 11332 11359 11385 11360 11358 11431 11443 11452 11384 11290 11295 11230 11277 11323 11477 11652 11851 11914
11794 12495 13080 13863 14222 14201 13955 13571 13257 12995 12889 12869 12731 12465 12497 12938 13529 13976 14250 14344 14269 14011 13603 13128 12553 11931 11751 11687 11700 11656 11638 11479 11259 11010 11086 11159 11164 11089 11059 11106 11081 11111 11029 11003 11088 11180 11346 11480 11424 11355 11337 11318 11460 11649 11652 11752 11794 11761 11642 11365 11287 11301 11394 11498 11583 11571 11555 11551 11478 11542 11614 11627 11626 11857 11934 11945 11913
12776 12856 13166 13878 14406 14523 14419 14097 13788 13475 13245 12967 12788 12767 12756 12644 12600 12522 12429 12392 12405 12316 12273 12166 12003 11856 11758 11734 11528 11391 11347 11555 11803 11678 11497 11352 11250 11130 10945 10944 10958 10932 10964 11021 11075 11088 11041 11021 10991 10969 10920 11014 11208 11079 11080 11176 11294 11269 11249 11130 11162 11254 11336 11417 11548 11556 11544 11508 11613 11726 11745 11816 11905 11982 12029 12076 12051
13134 13171 13053 13535 14205 14733 14790 14692 14523 14277 13800 13208 12849 12471 12108 11431 11285 11138 11193 11407 11680 12034 12198 12340 12377 12358 12377 12616 12791 13032 13007 12965 12771 12522 12448 12383 12123 11817 11525 11171 10952 11115 11129 11043 11010 10942 10854 10891 10898 10906 10870 10831 10813 10860 10880 10978 11062 11116 11118 11118 11170 11288 11308 11326 11352 11426 11446 11556 11812 11950 12077 12225 12244 12209 12162 12180 12179
12402 12287 12383 13030 13719 14300 14720 14746 14626 14229 13631 12747 11857 11013 10429 9672 9205 8945 8873 9274 9931 10637 11199 11843 12321 12534 12495 12427 12780 12977 12961 12855 12787 12589 12767 12795 12761 12649 12237 11744 11301 10975 10899 10986 10976 11171 11263 11235 11108 11077 10996 11020 11157 11240 11335 11375 11305 11246 11238 11212 11150 11199 11289 11489 11682 11961 12197 12384 12639 12772 12747 12697 12688 12557 12443 12330 12557
12170 11990 12353 13022 13405 14004 14227 14248 14222 14138 14030 13787 13383 12665 12252 11818 11569 11566 11481 11713 11862 12276 12523 12643 12668 12712 12973 13014 12738 12388 12333 12270 12249 12111 12071 11929 11955 11895 11913 11769 11667 11565 11456 11372 11366 11357 11325 11401 11452 11464 11462 11565 11740 11808 11983 12020 11865 11710 11700 11747 11834 11980 12127 12223 12353 12551 12643 12790 12889 12933 12924 12896 12947 12977 13026 13053 13091
12468 12827 13203 13605 13780 13866 13834 14165 14497 14468 14327 13964 13771 13505 13327 13248 13136 13133 13004 12935 13028 12962 12710 12570 12395 12674 13109 13259 12783 12481 12759 13217 13520 13498 13292 13269 13211 13066 12991 12854 12779 13017 13199 13116 12732 12519 12534 12235 12012 12020 11904 11686 11721 11792 11851 11845 11872 12084 12270 12357 12399 12439 12501 12684 12843 12969 13170 13324 13297 13259 13287 13431 13419 13332 13351 13298 13214
13116 13576 13802 13692 13736 13801 13693 13211 13108 13146 13104 12980 12730 12399 12145 12096 12092 12363 12692 13123 13307 13168 12743 12452 12448 12560 12691 12916 12938 12865 12894 13029 13197 13507 13562 13515 13302 13325 13407 13454 13307 13597 13875 13819 13526 13530 13611 13653 13584 13329 13021 12672 12403 11916 11864 12009 12112 12215 12352 12517 12665 12928 13091 13125 13176 13328 13425 13601 13608 13653 13627 13686 13710 13599 13559 13567 13567
12207 12403 12712 12934 12878 12607 12464 12480 12417 12240 12142 11944 11675 11468 11285 11526 12162 12599 12684 12745 12538 12560 12553 12459 12432 12427 12714 12977 13065 13106 13538 13608 13794 13892 13798 13731 13918 13935 13636 13824 13975 14005 14017 13941 13900 13782 13934 14134 14153 14077 13955 13803 13510 13186 12971 12757 12669 12686 12778 12905 12961 13015 13188 13384 13513 13524 13509 13617 13623 13703 13706 13696 13761 13803 13804 13784 13832
11086 10950 10835 11074 11225 11114 11139 11122 11087 10926 10859 10821 10795 10808 10959 11333 11781 12108 12242 12373 12080 12102 12213 12559 12683 12550 12535 12567 12670 13014 13292 13400 13650 13846 13974 13982 13970 13756 13526 13595 13713 13820 13975 13993 13934 13907 13935 14153 14237 14226 14077 14215 14239 14135 14003 13849 13781 13899 13922 13830 13673 13554 13480 13473 13551 13935 14150 14260 14359 14349 14282 14090 13993 13932 13930 13916 13941
10739 10779 10758 10704 10685 10668 10661 10651 10629 10609 10594 10572 10558 10559 10600 10669 10820 10993 11307 11750 12173 12315 12280 12353 12259 12091 12001 12162 12433 12774 13041 13558 13942 14051 14092 14017 13935 13716 13431 13239 13459 13633 13627 13618 13607 13830 13833 13758 13647 13662 13773 13891 14073 13969 13884 14063 14163 14198 14101 13915 13894 13960 14016 14092 14088 14032 14099 14222 14319 14410 14478 14653 14728 14820 14766 14601 14406
10801 10800 10741 10728 10709 10695 10665 10650 10637 10612 10595 10610 10701 11008 11426 11646 11742 11590 11474 11359 11519 11880 12085 12115 12174 12311 12304 12294 12169 12125 12246 12343 12715 13079 13464 13794 13791 13591 13256 13110 12866 12466 12361 12461 12607 12631 12673 12715 12672 12540 12674 12813 12975 13163 13247 13291 13400 13503 13549 13650 13764 13879 14003 14177 14215 14291 14322 14459 14502 14552 14673 14909 15037 15000 14927 14749 14580
10823 10844 10992 11102 11261 11275 11182 10892 10666 10635 10624 10664 11152 11766 12324 12732 12831 12649 12377 12332 12560 12520 12378 12299 12438 12468 12369 12484 12570 12560 12465 12483 12341 12446 12446 12318 12132 11956 11776 11692 11858 12043 12039 12061 12099 12101 12177 12283 12383 12573 12873 13100 13390 13597 13695 13910 13946 13985 14063 14116 14094 13947 13815 13972 14083 14235 14215 14271 14434 14524 14533 14632 14616 14475 14367 14303 14285
11032 11070 11037 10953 10951 10944 10934 10814 10780 10684 10689 10638 10650 10985 11394 11631 11897 11844 11820 12000 12204 12230 12273 12231 12174 12215 12335 12596 12721 12647 12323 11848 11602 11487 11593 11613 11458 11367 11297 11231 11270 11475 11454 11390 11528 11756 11980 12177 12736 13244 13425 13594 13631 13619 13626 13890 14052 14152 14215 14237 14224 14085 14076 14087 14081 14052 14058 14153 14149 14113 14064 14029 14082 14102 14104 14148 14173
11140 11148 11100 11112 11116 11113 11165 11102 10900 10784 10776 10721 10644 10618 10587 10566 10550 10584 10651 10839 10984 11162 11336 11307 11083 11037 11130 11287 11217 11005 10892 10760 10735 10772 10813 10843 10833 10848 11027 11299 11617 11792 11816 11807 11955 12143 12328 12457 12892 13311 13570 13799 13850 13713 13512 13501 13562 13700 13812 13857 13897 13919 14002 14037 14062 14021 14025 14011 13988 13994 13964 14001 14031 14056 14072 14113 14180
9994 10197 10474 10914 11113 11091 11005 10869 10790 10719 10710 10702 10680 10670 10643 10640 10665 10643 10623 10589 10623 10634 10654 10674 10677 10644 10620 10581 10526 10507 10480 10459 10452 10463 10435 10514 10623 10863 11061 11492 11870 12011 12045 11999 12248 12517 12784 12988 12976 13013 13150 13166 13128 13148 13212 13348 13427 13435 13437 13527 13515 13494 13631 13772 13773 13765 13840 13861 13976 14001 14017 14015 14065 14233 14273 14278 14288
11202 11148 11126 11033 11002 11017 10898 10804 10778 10760 10753 10781 10831 10782 10695 10559 10600 10833 10864 10675 10649 10555 10604 10627 10525 10538 10543 10530 10570 10534 10538 10546 10579 10598 10721 10803 10955 11128 11336 11813 12014 12224 12286 12370 12442 12516 12722 12996 13002 12952 12948 13015 12969 13036 13184 13310 13295 13380 13391 13327 13302 13285 13285 13370 13622 13680 13775 13951 13988 13878 13837 14040 14214 14281 14312 14331 14285
11077 11054 10999 10917 10842 10826 10805 10800 10808 10810 10820 10893 10930 10779 10591 10761 10870 10931 10842 10698 10611 10608 10639 10626 10636 10627 10627 10601 10691 10738 10802 10968 10946 11076 11320 11520 11620 11837 12067 12250 12496 12834 13005 13047 13020 12939 12934 12907 12884 12915 12919 12779 12684 12727 12745 12715 12658 12661 12650 12742 12767 13016 13159 13427 13680 13847 13848 13845 13898 13892 13958 13981 14028 14179 14247 14221 14179
10879 10864 10846 10838 10823 10802 10786 10804 10821 10862 10863 10814 10798 10862 10857 10800 10762 10731 10683 10659 10643 10623 10659 10766 10919 10921 10903 10999 11188 11358 11493 11597 11651 11837 11940 12093 12208 12341 12587 12813 12938 12947 13000 13018 12987 12906 12780 12592 12513 12491 12430 12437 12480 12515 12513 12515 12520 12564 12595 12631 12640 12842 13016 13263 13406 13418 13484 13542 13542 13512 13521 13511 13440 13338 13468 13635 13713
10887 10883 10855 10837 10827 10822 10870 10863 10889 10977 11059 11089 11071 10996 10868 10732 10694 10715 10717 10640 10620 10629 10668 10736 10799 10841 10862 10939 11147 11346 11494 11622 11704 11893 12074 12246 12402 12503 12597 12795 12973 13023 13002 12896 12781 12714 12577 12388 12314 12280 12339 12391 12419 12414 12415 12428 12595 12817 12875 12865 12889 12907 12936 13238 13416 13403 13324 13237 13273 13272 13222 13229 13219 13495 13649 13796 13966
10930 10932 10893 10871 10870 10857 10841 10840 10832 10827 10854 10853 10835 10796 10763 10716 10710 10700 10685 10671 10684 10640 10617 10716 10862 11011 11179 11194 11186 11198 11226 11278 11365 11434 11572 11763 11862 11817 11844 11895 11915 11915 12026 12119 12090 12129 12221 12264 12265 12264 12220 12213 12307 12382 12389 12372 12538 12718 12755 12730 12699 12733 12727 12722 12722 12662 12651 12742 12872 12959 13001 13046 13133 13269 13383 13674 13843
11083 10994 10948 10895 10864 10831 10840 10830 10789 10764 10749 10729 10716 10703 10747 10752 10695 10664 10641 10628 10650 10645 10592 10637 10899 11113 11192 11210 11221 11251 11272 11317 11393 11468 11508 11538 11569 11734 11896 12106 12382 12581 12616 12631 12520 12326 12208 12295 12339 12367 12400 12419 12439 12443 12430 12398 12379 12415 12457 12497 12543 12566 12582 12590 12578 12584 12602 12798 12896 13054 13198 13297 13430 13537 13634 13837 14099
11016 10985 10974 10895 10854 10860 10814 10824 10778 10758 10751 10741 10722 10721 10714 10692 10675 10666 10652 10683 10737 10696 10711 10714 10684 10818 10969 11055 11122 11243 11267 11343 11364 11338 11348 11384 11412 11516 11669 11919 12183 12257 12332 12381 12350 12185 12092 12141 12250 12298 12346 12389 12399 12394 12390 12368 12338 12371 12374 12369 12477 12538 12533 12520 12625 12888 13142 13278 13473 13529 13724 13756 13809 13800 13828 14004 14257
10873 10875 10862 10830 10793 10792 10785 10766 10763 10764 10792 10809 10760 10778 10744 10700 10697 10691 10754 10706 10681 10725 10733 10701 10777 10862 10943 10980 11008 11107 11167 11138 11189 11327 11420 11493 11504 11492 11499 11538 11606 11634 11641 11671 11738 11766 11903 12047 12237 12332 12362 12382 12391 12392 12389 12377 12369 12393 12390 12372 12371 12364 12423 12685 12966 13269 13454 13753 13926 14127 14189 14293 14389 14479 14639 14918 15251
10870 10899 10887 10844 10832 10822 10804 10828 10828 10780 10793 10847 10795 10750 10728 10715 10701 10712 10695 10670 10707 10713 10746 10730 10673 10704 10715 10762 10862 10907 10991 11201 11290 11320 11340 11367 11305 11311 11347 11505 11583 11655 11726 11731 11885 12058 12164 12366 12597 12681 12669 12640 12555 12475 12466 12442 12424 12346 12375 12587 12747 12807 13080 13532 14025 14553 14992 15434 15727 15892 16056 16282 16540 16628 16564 16400 16381
10902 10929 10909 10892 10922 10900 10862 10816 10823 10817 10791 10764 10764 10725 10731 10757 10735 10704 10699 10687 10666 10647 10647 10628 10607 10610 10619 10710 10851 10975 11034 11171 11245 11274 11286 11296 11372 11430 11464 11649 11763 11787 11906 12038 12199 12292 12410 12570 12680 12756 12793 12787 12755 12763 12719 12556 12599 12855 13127 13476 13800 14150 14473 14870 15338 15795 16211 16645 16793 16686 16605 16670 16967 17146 17141 16997 16983
10973 10986 10980 10979 10967 10954 10920 10876 10840 10839 10833 10861 10844 10722 10704 10753 10818 10829 10807 10777 10772 10783 10762 10730 10733 10781 10787 10787 10949 11112 11119 11065 10933 11067 11111 11175 11382 11553 11601 11764 12001 12119 12276 12456 12551 12684 12714 12679 12663 12716 12902 13084 13241 13324 13278 13070 13236 13416 13664 13872 14224 14654 15022 15540 16024 16411 16660 16795 16888 16962 16982 17104 17175 17286 17503 17563 17651
11055 11045 11050 11023 11004 10967 10930 10902 10830 10808 10848 10808 10767 10790 10775 10792 10791 10863 10838 10955 11052 11002 11032 11120 11204 11241 11235 11238 11244 11217 11151 11169 11251 11426 11578 11705 11774 11915 12109 12298 12444 12550 12682 12827 12992 13013 12972 12859 12879 13027 13241 13445 13585 13719 13827 13974 14139 14316 14497 14822 15137 15618 15935 16421 16825 17225 17398 17522 17637 17576 17557 17480 17472 17408 17538 17586 17662
11059 11020 11021 10953 10969 10926 10868 10886 10855 10858 10850 10822 10804 10841 10817 10834 10834 10973 11113 11257 11334 11419 11475 11469 11406 11401 11397 11419 11557 11651 11730 11795 11901 11919 11932 11940 11923 11921 12148 12368 12666 12894 13010 13145 13295 13384 13454 13620 13764 13909 14009 14202 14370 14499 14667 14791 14908 15138 15349 15717 16161 16665 17050 17400 17879 18039 18153 18301 18281 18126 18053 18054 17930 17756 17645 17508 17423
11086 11065 11040 11009 11002 10972 10960 10897 10885 10929 10991 11078 11183 11229 11271 11236 11155 11264 11378 11424 11461 11600 11650 11652 11677 11722 11893 12101 12100 12036 12151 12244 12257 12228 12197 12143 12202 12298 12368 12478 12772 13036 13222 13558 13781 13967 14109 14309 14518 14742 14960 15229 15330 15405 15632 16003 16354 16647 17018 17432 17784 17955 17938 17840 17846 17940 17933 17731 17735 17662 17505 17323 17228 17081 17090 17141 17157
11201 11141 11151 11272 11328 11309 11359 11502 11641 11720 11751 11763 11753 11766 11749 11776 11806 11883 11967 12025 12111 12228 12292 12351 12402 12482 12482 12493 12485 12425 12510 12622 12664 12681 12805 13006 13239 13348 13327 13448 13453 13527 13684 13841 14014 14306 14651 15029 15468 15870 16140 16274 16291 16280 16447 16423 16608 16802 17089 17566 17907 17991 17966 17676 17470 17320 17222 17117 17017 16899 16889 16877 16893 16884 16841 16798 16773
11462 11303 11273 11293 11292 11314 11427 11583 11679 11728 11728 11737 11729 11769 11878 12011 12083 12203 12292 12368 12438 12560 12687 12896 12973 12970 12949 12946 12971 13012 12964 13048 13246 13482 13566 13589 13615 13611 13628 13779 13919 13980 14105 14329 14599 14915 15195 15541 15818 16058 16236 16422 16476 16505 16474 16414 16371 16418 16479 16600 16762 16839 16900 16851 16787 16846 16836 16839 16993 17078 17047 17056 16930 16843 16833 16793 16745
