Alternative/Moon/Lvl0_30x30/Ele_FA.asc
ncols         335
nrows         335
xllcorner     -20042508.343
yllcorner     -10077166.958
cellsize      10000
nodata_value  -9999.0
[rows 102 to 135 of 335, columns 0 to 77 of 335]
-9999.0 14198 14208 14143 14005 14341 14922 15106 14392 13385 12158 11004 9971 9204 8760 8414 8395 8306 8014 8009 7898 7917 7925 7400 7475 7174 7079 7139 7154 7027 6925 6560 6838 6885 6647 6398 6049 5954 6036 5803 5791 5582 5598 5480 5582 5674 5584 5414 5396 5605 5566 5538 5495 5338 5343 5338 5335 5326 5328 5347 5350 5347 5335 5336 5328 5332 5325 5327 5328 5324 5324 5316 5315 5329 5322 5316 5319 5317
-9999.0 14138 14121 14042 14336 14621 14814 14927 14623 13684 12742 11628 10750 10124 9415 8958 8616 8297 8113 8177 7886 7801 7718 7606 7998 7902 7151 7027 7031 7034 6821 6836 6827 6818 6649 6576 6364 6167 6008 5713 5636 5597 5682 5884 5885 5748 5623 5752 5665 5478 5547 5622 5571 5334 5333 5337 5344 5364 5383 5383 5351 5340 5335 5336 5331 5328 5330 5334 5335 5326 5329 5323 5322 5329 5328 5324 5318 5311
-9999.0 13957 13917 13833 14169 14533 14595 14777 14826 14711 13869 12703 11688 10717 9630 8864 8609 8331 8267 8278 7955 7991 7996 7963 7946 7878 7317 6965 7196 7261 7127 6969 6905 6737 6715 6611 6571 6557 6287 6238 6228 6224 6352 6437 6518 6269 5683 5642 5499 5425 5338 5335 5338 5577 6159 6595 7037 7243 6778 6420 6434 6030 5481 5349 5340 5404 5397 5343 5336 5334 5335 5333 5335 5370 5390 5338 5329 5323
-9999.0 13923 13913 13844 14022 14360 14690 14861 15008 15011 14555 13494 12232 11338 10191 9309 8769 8630 8435 8282 8092 8190 8326 8280 8150 8318 8305 7625 7368 7232 6218 5371 5272 6035 6853 6835 6511 6772 6522 6258 6180 6169 6276 6525 6648 6270 5866 5496 5341 5339 5340 5344 5501 6231 6774 7075 7458 7611 7494 7435 6919 6287 5575 5965 5965 6343 6537 6408 6067 5565 5343 5339 5337 5338 5329 5330 5337 5351
-9999.0 13750 13899 13925 14145 14369 14683 14809 14898 14975 14847 14000 12855 11993 10920 9932 9566 9544 9215 8816 8578 8220 8486 8568 8695 8655 8516 8386 7712 7271 7228 6992 6980 6930 6892 6712 6571 6567 6491 6470 6298 6066 6134 6043 6186 6201 5944 5546 5349 5347 5350 5343 5592 6079 6534 6689 6416 6869 7175 7368 7781 8084 8012 7306 6977 6953 7203 7090 6756 6518 5792 5369 5353 5356 5391 5380 5377 5376
-9999.0 13682 13892 14076 14189 14153 14222 14499 14534 14594 14623 14284 13312 12369 11375 10359 10291 10159 9874 9453 9354 9239 9137 8942 8914 8940 8792 8680 8426 7702 7671 7666 7376 7006 6882 6918 6972 7014 6820 6422 6262 6287 6385 6411 6255 6193 6133 6248 6303 6190 5483 5413 5378 5533 5519 5529 5516 5596 6415 7309 7681 8162 8766 9172 9478 9445 8903 8028 7277 6557 5731 5554 5978 6625 6782 6288 6039 6041
-9999.0 13430 13660 13867 14070 14111 14098 14301 14397 14503 14531 14262 13237 12352 11347 10508 10424 10417 10728 10680 10076 9300 9196 8975 8974 9161 9121 8842 8646 8366 8012 7885 7886 7711 7414 7520 7363 7209 6933 6616 6630 6552 6451 6478 6361 6302 6438 6587 6674 6730 6568 6187 5774 5613 5321 5320 5347 5426 5744 6610 7242 8227 8882 9243 9459 9423 8838 7742 7012 6054 5858 6485 7171 7918 8087 8407 8433 8310
-9999.0 13490 13638 13653 13630 13627 13754 13967 14062 14153 14203 13718 12552 11734 10807 10745 10715 10602 10642 10830 10802 10715 9891 9227 9233 9313 9124 8950 8818 8577 8363 8248 8168 8094 8000 7773 7541 7406 7349 7264 7205 6756 6577 6625 6530 6336 6448 6513 6454 6328 6400 6255 5992 5578 5727 5650 5594 5612 6337 6934 7203 7381 7490 7703 7741 8075 8528 8472 8320 7797 7507 7840 8231 8211 8104 8702 8822 8740
-9999.0 13135 13320 13326 13335 13442 13607 13823 14026 14102 14102 13880 13219 12055 11574 11208 11003 10746 10691 10555 10876 10844 10538 10025 9683 9363 9312 8944 8941 8900 8529 8271 8181 8155 8105 7993 7963 7911 7741 7549 7299 7059 6978 6885 6771 6784 6679 6668 6314 6120 5967 5899 5943 5973 5893 5725 5595 5679 6213 6661 6838 6836 7105 7200 7491 7777 7979 7925 7939 8160 8281 8375 8697 8616 8346 7900 7925 7962
-9999.0 12730 12666 12604 12553 12673 12893 13038 13256 13551 13840 13903 13918 13714 13061 12094 11406 10911 10752 10869 10851 10646 10669 10623 10289 9800 9217 9195 9053 9070 8974 8757 8607 8451 8330 8205 8149 8040 7843 7722 7716 7561 7494 7335 7099 6640 6570 6314 6248 6087 6198 6183 6118 6092 5849 5908 6040 6201 6348 6477 6700 6813 6722 6423 6417 6421 6480 6579 6618 6977 6999 6764 6606 6654 7308 7781 7936 8047
-9999.0 12803 12720 12607 12485 12336 12434 12802 12995 12960 13288 13703 13824 13778 13763 13423 12521 11698 10842 10860 10913 10850 10733 10582 10499 9692 9259 9234 9258 9171 9029 8789 8667 8549 8489 8411 8314 8143 8133 7939 7802 7737 7572 7348 7061 6804 6633 6333 6273 6132 6120 6202 6264 6303 6259 6299 6469 6800 6924 6771 6803 6952 6826 6492 6351 6331 6122 6403 6338 6371 6415 6463 6538 6787 7365 7753 7759 7768
-9999.0 12958 12552 12285 12273 12399 12527 12657 12633 12654 12937 12988 13532 13658 13642 13689 13614 13473 13070 12293 11610 10797 10786 10907 10892 10439 10078 9216 9005 9216 9202 9090 8896 8725 8616 8519 8473 8432 8216 8027 7804 7594 7241 7137 7155 6908 6873 6703 6599 6484 6340 6382 6392 6333 6331 6400 6606 6814 6878 6766 6791 6703 6505 6529 6527 6433 6276 6238 6133 6029 6412 6627 6629 6667 6802 6785 6779 6864
-9999.0 14024 13713 13625 13341 13004 12989 12904 12812 12978 13387 13791 13835 13738 13560 13483 13720 13883 14079 13988 13543 12712 11935 11224 10794 10603 10397 10160 9704 9300 9354 9245 9146 8933 8771 8685 8643 8611 8482 8295 8244 8113 7815 7298 7239 7145 6797 6866 6708 6726 6721 6650 6575 6448 6443 6501 6592 6555 6504 6549 6695 6687 6469 6493 6598 6568 6424 6283 6292 6180 6182 6307 6326 6354 6397 6188 5966 5965
-9999.0 13975 13756 13683 13449 13299 13325 13138 13181 13536 13643 13656 13857 13857 13704 13605 13822 14016 14169 14130 14187 14071 13285 12236 11412 10587 10656 10826 10800 10495 9635 9380 9301 9045 8883 8844 8849 8783 8524 8358 8197 8134 8150 8015 7929 7630 7239 6930 6862 6741 6756 6699 6637 6554 6549 6566 6576 6675 6571 6660 6660 6583 6611 6548 6560 6512 6556 6505 6458 6428 6440 6396 6355 6416 6482 6567 6606 6622
-9999.0 13220 13153 13146 13303 13354 13256 13092 13438 13767 14015 13954 13676 13725 13745 13768 13692 13774 13902 14018 14092 14015 13250 12234 11380 10648 10524 10720 10987 11013 10578 10233 9923 9708 9509 9351 9112 8975 8856 8814 8759 8401 8145 8060 7972 7688 7545 7285 7271 6987 6847 6754 6706 6608 6584 6601 6613 6601 6671 6667 6650 6575 6510 6364 6521 6571 6661 6598 6549 6467 6456 6453 6502 6633 6649 6706 6768 6821
-9999.0 12418 12524 12703 12921 13137 13167 13022 13275 13459 13731 13706 13590 13681 13803 13880 13883 13903 13736 13500 13387 13448 13320 12637 12020 11235 10653 10088 10013 10169 10191 9981 9733 9439 9257 9091 9101 9160 9172 8984 9042 9039 8796 8367 7899 7695 7571 7339 7244 7220 7173 7146 7102 6985 6943 6838 6765 6737 6684 6686 6682 6703 6682 6624 6699 6706 6698 6644 6640 6687 6603 6592 6602 6619 6666 6708 6627 6686
-9999.0 12363 12316 12528 12865 13158 13237 13391 13445 13503 13506 13459 13480 13483 13486 13568 13607 13595 13520 13386 13473 13666 13689 13712 13694 13325 12365 11525 10837 10293 9798 9223 8965 9041 9121 9162 9216 9237 9257 9169 9230 9243 9185 9104 8993 8798 8472 8272 8284 8218 8205 8116 8024 7758 7499 7322 7216 7208 7161 7112 7065 6942 6845 6799 6733 6737 6783 6799 6761 6730 6730 6711 6682 6711 6786 6873 7071 7067
-9999.0 12590 12544 12434 12533 12766 12955 13165 13207 13245 13179 12939 12769 12767 12817 12816 12782 12742 12741 12817 12881 13007 13130 13485 13598 13653 13564 12743 12019 11232 11089 10744 10249 9649 9439 9350 9351 9306 9294 9275 9268 9264 9285 9352 9354 9129 9081 8978 8931 8858 8858 8830 8717 8705 8607 8346 8157 7993 7689 7695 7477 7421 7355 7248 7063 7011 6983 6975 7004 7013 7030 7121 7262 7617 7713 7945 7983 8056
-9999.0 12241 12403 12428 12315 12252 12215 12282 12386 12370 12190 12014 11954 11948 11894 11933 12045 12342 12737 12877 12847 12681 12833 13067 13379 13650 13558 12967 12319 11519 11412 11341 11130 10819 10566 10251 10019 9708 9673 9658 9718 9778 9667 9510 9479 9353 9301 9174 9067 9086 8998 8858 8748 8755 8670 8646 8565 8383 8332 8186 8186 8023 7788 7771 7785 7598 7499 7529 7486 7509 7580 7596 7585 7647 7791 8088 8248 8429
-9999.0 12108 12168 12230 12205 12023 11964 12080 12099 12062 11947 11697 11522 11462 11385 11551 11877 12300 12651 12817 12812 12853 12795 12822 12967 13327 13587 13618 13475 13364 13232 12848 12475 11877 11500 11315 10874 10508 10313 10607 10716 10753 10699 10740 10747 10714 10611 10566 10281 9747 9048 8898 8793 8755 8780 8724 8708 8691 8792 8859 8784 8573 8442 8692 8736 8579 8457 8254 8062 8153 8212 8294 8427 8601 8685 8663 8703 9027
-9999.0 11887 12047 12091 12080 12015 11933 11851 11762 11616 11734 11974 12055 12044 11855 11779 11999 12359 12654 13022 13163 13141 13020 12921 12923 13059 13177 13155 13046 13183 13382 13410 13477 13745 13853 13801 13574 13139 12594 12130 11904 12079 12198 12316 12447 12695 12909 13167 12892 12583 12187 11759 11639 11317 11203 10996 10855 10810 11120 11254 11282 11165 10735 10433 10399 10354 10219 10060 9932 9915 9792 9711 9934 10121 10245 10308 10399 10487
-9999.0 12190 12188 12130 12052 11975 11919 11848 11671 11677 11787 12043 12110 12146 12175 12133 12234 12517 12749 12956 13045 13033 12991 13225 13419 13435 13173 13037 12844 12601 12725 12936 13227 13586 13900 14016 14071 14192 14317 14384 14445 14500 14551 14606 14628 14787 14851 14819 14866 14927 14947 14736 14650 14568 14454 14187 13692 13135 12394 11842 11929 11996 11985 11839 11632 11245 11170 11149 11069 10953 10778 10633 10562 10434 10364 10302 10429 10562
-9999.0 12236 12229 12230 12305 12383 12397 12207 12058 11962 11863 11936 12059 12119 12150 12337 12426 12565 12864 13129 13197 13180 13228 13617 13800 13876 13847 13715 13462 13225 13323 13309 13249 13288 13467 13719 13903 14086 14312 14392 14490 14527 14544 14587 14596 14734 14740 14707 14863 14998 14988 15032 15069 15179 15243 15126 14788 14144 13183 12287 11991 11926 11957 12020 11999 11733 11282 11161 11067 10957 10915 10921 10871 10773 10783 10703 10616 10707
-9999.0 12100 12097 12238 12421 12506 12549 12541 12509 12389 12086 12031 12076 12109 12194 12311 12433 12485 12687 12661 12672 12809 13200 13532 13613 13636 13643 13533 13326 13297 13599 13896 13925 13955 13921 13949 13840 13911 14055 14248 14482 14709 14982 15068 15018 14884 14672 14395 14469 14464 14372 14425 14457 14500 14523 14537 14502 14257 13882 13585 13353 13003 12813 12679 12593 12513 12387 12308 12290 12055 11770 11513 11491 11702 11843 12307 12716 13007
-9999.0 12137 12106 12197 12287 12264 12401 12474 12424 12449 12441 12322 12220 12062 12009 12178 12339 12347 12435 12700 12901 13204 13390 13448 13553 13408 13062 12986 13017 13226 13497 13929 14114 14159 14352 14406 14387 14349 14204 14271 14457 14613 14830 15010 14967 14774 14638 14343 14132 13853 13528 13242 13113 13027 13018 13177 13286 13442 13569 13658 13655 13507 13557 13448 13197 12768 12558 12416 12541 12570 12508 12516 12459 12505 12557 12759 12811 12942
-9999.0 12484 12666 12698 12700 12643 12704 12743 12795 12924 12989 12987 12960 12749 12416 12424 12358 12616 12818 13021 13274 13482 13722 13911 14025 13981 13726 13403 13357 13461 13571 13666 13671 13856 14011 14117 14180 14133 13996 13746 13548 13456 13441 13605 13743 13818 13837 13646 13501 13385 13258 13268 13251 13234 13121 13173 13179 13187 13152 13157 13157 13111 13022 12919 12667 12355 11935 11936 11772 11581 11651 11849 11983 12124 12282 12378 12617 12880
-9999.0 12480 12646 12711 12772 12848 13099 13172 13150 13124 13076 13045 12995 12734 12556 12634 12730 12904 13079 13129 13195 13442 13532 13534 13537 13485 13312 13172 13110 13104 13126 13260 13340 13341 13328 13420 13515 13517 13500 13523 13375 13052 12701 12696 12792 12857 13051 13101 13147 13212 13227 13212 13204 13170 13072 13055 13001 12961 12965 12948 12928 12834 12673 12640 12653 12594 12435 12446 12485 12580 12641 12682 12657 12593 12771 12994 13242 13281
-9999.0 12509 12668 12692 12703 12860 13129 13175 13172 13056 13036 13034 12889 12620 12612 12854 13047 13152 13343 13451 13468 13398 13314 13116 12908 12803 12766 12969 13191 13266 13531 13813 13830 13745 13754 13695 13622 13606 13568 13466 13250 13028 12731 12553 12393 12256 12314 12362 12362 12285 12148 12006 11962 11888 11854 11892 11869 11898 11946 12111 12270 12486 12610 12790 12921 12940 12907 12869 12905 12969 13014 13022 12950 12982 13121 13259 13344 13468
-9999.0 12156 12299 12264 12371 12549 12772 13188 13494 13556 13503 13279 13174 13194 13292 13314 13284 13300 13483 13543 13563 13629 13610 13483 13464 13431 13368 13102 13006 13207 13370 13523 13556 13554 13541 13548 13567 13544 13317 13004 12825 12496 12228 12037 11933 11707 11522 11473 11463 11417 11280 10992 10783 10696 10723 10847 10941 11026 11157 11348 11465 11709 12159 12367 12631 12909 12873 12918 12870 12746 12797 12946 12956 12967 13014 12987 12940 12949
-9999.0 11352 11573 11916 12247 12489 12712 13073 13333 13358 13256 13050 12906 12891 12926 12944 12962 12973 12955 13020 13090 13228 13383 13431 13376 13210 13212 13362 13458 13512 13465 13377 13284 13165 13231 13240 13144 12890 12618 12324 12103 11907 11851 11727 11470 11181 10921 10688 10507 10320 10094 10074 10076 10008 10047 10046 10146 10234 10333 10526 10576 10789 11078 11260 11370 11526 11746 11995 12196 12443 12437 12477 12483 12380 12261 12074 11984 12046
-9999.0 11454 11767 12008 12295 12482 12690 12709 12636 12557 12415 12199 12032 11786 11755 11717 11786 11842 11904 11987 12155 12321 12494 12883 13075 13140 13259 13452 13644 13679 13588 13504 13443 13313 12962 12761 12695 12596 12320 11996 11723 11414 11453 11454 11320 10958 10906 10816 10800 10761 10520 10320 10121 9923 9651 9637 9787 9925 9895 9926 9918 9971 10137 10277 10480 10686 10936 11172 11301 11523 11678 11612 11636 11507 11496 11411 11314 11170
-9999.0 10957 11305 11461 11532 11728 11939 11927 11839 12042 12125 11978 11652 11369 11303 11270 11339 11367 11354 11409 11402 11549 11763 12019 12252 12576 12769 12955 13225 13374 13425 13297 13265 13146 12785 12381 12078 11756 11534 11404 11249 11187 11123 11056 10947 10923 10863 10727 10652 10515 10337 10123 9853 9626 9571 9383 9421 9718 10056 10226 10277 10229 9970 9967 9928 9824 9810 9763 9929 10131 10230 10320 10473 10560 10583 10611 10690 10771
-9999.0 9885 10051 10294 10451 10571 10752 11043 11395 11764 11895 11901 11734 11510 11310 11252 11169 11167 11141 11165 11223 11249 11451 11687 12013 12408 12859 13018 12977 12848 12914 12772 12688 12695 12603 12577 12634 12529 12269 12085 12026 11687 11377 11146 11079 10916 10697 10492 10268 9982 9771 9643 9839 9869 9792 10000 10051 9966 10093 10288 10336 10332 10242 10178 10137 10180 10164 10089 10009 9972 9929 9997 10127 10178 10340 10404 10349 10404
-9999.0 11006 11560 11864 12032 12194 12173 12284 12292 12143 12046 11955 11916 11748 11492 11260 11096 11088 11017 11185 11368 11566 11665 11765 11987 12285 12488 12741 13000 13453 13678 13653 13348 13014 12834 12865 12886 12750 12575 12375 12305 12141 11742 11277 11069 11081 10967 10662 10616 10717 10619 10427 10115 9787 9705 9822 9959 9959 9910 9903 9948 10050 10081 9978 9869 9917 9900 9867 9820 9683 9596 9470 9450 9399 9676 10020 10060 9876
