Alternative/Moon/Lvl0_30x30/Ele_BL.asc
ncols         335
nrows         335
xllcorner     16807491.657
yllcorner     3322833.042
cellsize      10000
nodata_value  -9999.0
[rows 136 to 169 of 335, columns 152 to 227 of 335]
24867 24826 25578 26009 25892 25595 25473 25727 25863 26103 26120 25955 25610 25585 25709 25744 25756 25398 24986 25146 25020 24408 24164 24136 24198 24096 24390 24475 24467 24558 24425 24029 24474 25142 25484 26417 26901 26951 26885 26970 26887 27385 27231 26770 26708 26455 26221 25709 25262 25333 25540 25504 25279 25438 25765 25950 26100 26176 25799 25739 26383 26342 25876 25440 25015 25198 24949 24471 24454 24228 23872 23849 24339 24343 24108 23636
26076 25899 25315 26215 26364 26576 26647 26665 26668 26598 26260 25999 25732 25485 25087 25150 25024 25212 25733 25823 25448 24883 24822 24800 25046 25151 25055 25455 25664 25497 25398 25275 25716 26654 27040 27072 27025 26811 26861 27166 27244 27323 27378 26941 27149 26910 26676 26323 25797 25730 25920 25869 25713 25768 26230 26363 25804 25892 25860 25915 25909 25815 25435 25057 25133 25341 25457 25511 25006 24477 24019 23832 23732 23849 23701 22822
26530 26237 26068 25490 25784 25842 26240 26652 26804 26676 26235 25821 25546 25342 25148 25078 25082 25481 25856 26006 26214 26921 27083 26973 26655 26199 25872 25786 25810 25808 25642 25924 26283 26826 27014 26774 26423 26430 26706 27183 27278 26791 27258 27652 27521 27126 26972 26737 26423 26229 26080 25986 25870 25960 26347 26457 25815 26077 26308 25973 24468 23137 22744 22259 22874 23986 25146 25710 25928 25513 24962 24600 24359 24067 23971 23157
27107 26717 26290 25643 24794 23519 23964 25143 26334 26338 25944 25753 25480 25294 25580 25769 25845 26350 26736 27343 27924 28535 28651 28747 28808 28247 27975 27688 27547 27166 26812 26781 26692 26997 27030 26768 26575 26411 26481 26631 26971 27302 27530 27740 27493 27067 26849 26480 26365 26104 25963 25901 25601 25611 25810 26059 26333 26396 26233 24963 23063 21391 20684 20497 20881 22177 23482 25275 26027 25961 25371 24822 24459 23980 23798 23657
26953 26802 27105 26393 24727 23311 23726 24885 26268 26341 26054 26192 26249 26261 26288 26401 26826 27272 27657 27844 28214 28875 28997 28926 28925 28526 28561 28509 27920 27359 26965 26876 26625 26633 26666 26607 26550 26428 26448 26616 26871 27237 27724 27610 27326 27105 26982 26611 26623 26482 26238 25839 25533 25468 25750 26062 26441 26508 26249 24721 22662 20947 20537 20447 20493 21567 22929 24614 25910 25918 25371 24781 24254 23844 23622 23762
26983 26928 27204 27156 26252 25309 25620 26342 27057 26934 26539 26644 26940 26851 27119 27257 27874 28194 28399 28575 28613 28616 28586 28292 28274 28060 28067 28085 27461 26820 26595 26577 26542 26614 26656 26732 26826 26565 26702 26782 27152 27445 27731 27573 27253 27254 26897 26548 26635 26525 26072 25833 25495 25445 25614 26048 26041 25805 25902 25304 23586 22147 21256 20628 20904 22198 23511 23881 25307 25636 25161 24397 23734 23401 23305 23812
26210 26853 27181 27200 27383 27236 27229 27224 27062 26899 26538 26609 27183 27443 27701 27765 27958 28247 27713 28437 28641 28383 28005 28143 27918 26977 26758 27271 27008 26602 26584 26652 26838 26892 27099 27404 27448 27271 27248 27360 27502 27451 27350 27039 27021 27012 26779 26490 26147 26334 26232 25902 25772 25772 26005 25941 25823 25666 26182 26237 25706 24201 23519 22955 22984 23352 23769 24382 24956 24999 24683 24219 23690 23441 23336 23456
26176 26882 27047 27192 27093 26958 26743 26766 26450 26133 26268 26366 26964 27459 27625 27866 28152 28509 28146 27416 27972 28112 27876 28043 27523 25400 25791 27148 26841 26882 27114 27346 27594 27490 27296 27418 27511 27506 27611 27537 27384 27309 27036 26569 26846 26832 26763 26606 26452 26161 25996 25927 25884 26087 26358 26294 26245 25898 25829 26158 26293 26033 25846 25680 24967 24846 24701 24747 24472 23910 23938 24076 23824 23386 23375 23542
26793 26252 26458 26729 26733 26177 25812 26060 25961 26102 26240 26310 26422 26879 27436 27603 27973 28438 28217 27809 28173 28344 28166 28014 27809 27460 27352 27197 27014 27471 27896 28066 27997 27740 27732 27764 28005 27969 27721 27636 27587 27369 27194 26642 26582 26601 26430 26452 26419 25872 25648 25680 25709 26115 26360 26357 26289 25951 25835 25668 26191 25781 26103 26060 25211 24956 24545 24342 24274 24178 24014 23830 23897 23752 23567 23843
26493 25875 25941 25956 25793 25706 25783 25964 26017 26283 26681 26976 26996 26747 27492 27629 27403 27656 28249 28311 28552 28781 29037 28854 28213 27781 27866 27774 27850 28505 28817 28806 28578 28027 27967 28171 28161 28080 27822 27783 27529 26908 26808 26468 26535 26658 26295 25951 25964 25461 25429 25440 25954 25996 26056 26090 25787 25470 25099 25067 25945 26139 26172 25942 25346 24929 24752 24766 25059 24998 24773 24588 24749 24618 24302 24577
24991 25095 25222 25323 25569 25647 25718 25901 26572 26815 26941 27442 27596 27555 27267 27208 27111 27239 27855 28382 28880 29148 29319 29012 28355 28044 28073 27924 28139 28809 28895 28864 28533 28319 28020 28001 27892 27706 27569 27523 27216 26819 26462 26590 26513 26252 25925 25377 25534 25613 25492 25208 25579 25798 25715 25547 25195 25109 24889 25143 25385 25381 25300 25339 24797 23490 23007 24461 25674 25734 25823 25795 25592 25310 25100 24899
24331 24867 25171 25200 25491 25741 26153 26570 27006 27232 27234 27451 27809 27769 27605 27475 27346 27439 27940 28403 28923 29180 29275 28992 28527 27952 27388 27391 28074 28612 28648 28719 28637 28270 27997 28116 28140 27764 27494 27045 26943 26689 26418 26358 25880 25276 25194 25212 25422 25503 25417 25162 25097 25231 25287 24852 24787 24488 25131 25863 25901 25475 24909 24796 23765 22400 22833 24742 25801 25787 25757 25969 25809 25206 25018 24967
23466 23915 24284 24708 25406 25780 26447 26874 27168 27243 27266 27357 27662 27843 27673 27580 27483 27460 27762 27938 28546 29261 29444 29062 28778 28114 27204 27269 27596 27995 28292 28420 28192 27870 27790 28135 28134 27668 27226 26658 26708 26648 26530 25902 25389 25351 25353 25276 25257 25096 25012 25009 25209 25372 25295 24805 24427 24234 24566 25681 25788 25314 24614 24606 24606 24436 24875 25839 25926 25610 25537 25667 25590 25139 24804 25035
23221 23446 23901 24479 25214 25802 26283 26290 26199 25906 25448 25781 26749 27587 27543 27185 27011 27099 27276 27553 28173 28578 28880 28927 28666 27987 27633 27773 27856 27352 27469 27815 27797 27726 27885 27917 27879 27263 26862 26306 26299 26446 25632 24148 24154 25170 25236 25339 25381 24860 24643 24717 24836 25076 25108 24685 24410 24428 24486 24714 24833 24685 24388 24432 24876 25123 25387 25962 25923 25496 25501 25316 25144 25089 24759 24721
23158 23195 23670 24262 24954 24993 24299 23673 23057 22693 22310 22921 24368 25817 26899 26962 26750 26742 26979 27029 27328 27367 27544 27708 27707 27574 27747 27988 28104 27767 27569 27703 27931 28184 28311 27878 27681 26842 26229 25763 25892 26011 25399 24464 24809 25118 25433 25654 25733 25284 24999 24751 24393 24084 24761 25553 25614 25236 25409 25340 25057 24634 24727 25022 25422 25546 25625 25957 25897 25508 25549 25160 24859 24812 24677 24582
23252 23166 23489 24019 24215 23209 22105 20989 20427 20335 20313 21001 22714 24621 26425 26990 26947 26848 26830 26785 26563 26357 26611 26704 27004 27076 27186 27297 27107 27037 27230 28005 28099 28058 27968 27607 26990 26377 25482 25175 24989 25355 25418 25454 25586 25498 25466 25838 25883 25766 25443 25254 24935 24828 25179 25749 25790 24859 25580 25797 25438 25483 25860 25896 25632 25665 25706 25778 25645 25219 25197 25104 24777 24847 24903 24828
23973 23638 24349 24479 24251 22999 21983 21406 20724 20710 21069 21804 23394 25306 26776 27102 27049 26824 26388 25786 25774 25732 26249 26514 26425 26348 26610 26745 26653 26771 27297 28020 28234 28175 28011 27365 27101 26389 25860 25370 25012 25307 25383 25388 25310 25469 25694 25715 25836 25844 25733 25816 25362 25007 25063 25889 26213 26151 26305 26364 26077 25590 26203 26271 25846 25411 24973 25526 25504 25099 25029 24941 24654 24676 24949 24921
24072 23869 24630 24781 24746 24688 24201 23847 23414 23319 23322 24120 24542 25262 26945 27157 27073 26378 25416 24949 24889 25092 25391 25856 26143 26358 26512 26754 26543 26474 26935 27770 28254 28193 28177 27852 27202 26756 26446 26207 25917 26201 26329 26308 26227 25895 26144 26231 26161 26282 26516 26531 26046 25394 25422 26260 26736 26883 26538 26274 26209 25920 26103 26065 25749 25153 24753 24864 24960 24769 24607 24290 24217 24449 24504 24595
23653 23557 24016 24235 24602 24795 24962 25034 25169 25379 25420 25759 26428 26583 26772 26870 26586 25777 25004 24921 24519 24109 24269 24724 24893 25572 26011 26063 25847 25628 25931 26553 27529 27876 27971 27796 27498 27337 27532 27720 27734 27449 27218 27046 26771 26271 25962 26133 26222 26037 26146 26465 26166 25819 25585 25981 26469 26807 26560 26459 26432 26190 25440 25419 25813 25096 24351 24128 23638 24664 24844 24785 24534 24224 24190 24590
23346 23352 23033 22883 23279 23475 24060 24284 24691 25014 25202 25383 26139 26488 26520 26188 25011 24359 25291 25590 25323 24861 24271 24202 24263 24791 25227 25464 25365 25450 25550 25569 26229 27137 27681 27750 27442 27925 28306 28810 28625 27839 27472 27148 27002 26677 26201 26133 26062 25299 25015 25796 25917 25920 25786 25360 25895 26311 26297 26479 26492 26355 26264 26074 25859 25039 24748 24447 24596 24678 24730 24877 24845 24769 24785 25018
23820 23866 23489 22876 22589 22602 23003 23390 23660 24053 24507 24833 25604 25946 25740 25433 24879 25232 25846 26104 26013 25363 25010 24438 24483 24392 24350 24728 24982 24991 24874 24597 25324 26573 27415 28188 28049 28104 28265 28639 28489 27918 27648 27061 26812 26698 26252 26320 26332 26081 25796 25695 25802 25880 25820 25465 25857 26185 26303 26355 26372 26466 26368 25999 25609 25186 24945 24880 24937 25090 25125 24697 24973 25437 25513 25800
24742 24701 24077 23500 22882 22819 22506 22579 22811 22921 23215 23492 24029 24539 24992 25225 25484 25747 26147 26313 26188 26067 25845 25194 24887 24557 24356 24335 24368 24415 24441 24633 25241 26241 27184 28088 28087 28159 28013 27517 27332 27348 27333 26886 26749 26434 26351 26420 26419 26105 25757 25551 25689 25798 25740 25471 25327 25381 25844 26104 26291 26284 26237 25876 25424 25111 24755 25123 25341 25554 25611 25675 25752 25622 25420 25810
25312 25180 24589 23873 23237 22737 22606 22347 22563 22608 22442 22329 22590 23191 24039 24399 25343 25630 25671 25883 26178 26301 26331 26107 26007 25849 25326 24912 24728 24734 24762 24706 25271 25918 26353 27294 27223 26819 26380 26435 26725 26981 27081 26828 26742 26409 26506 26441 26107 25715 25399 25346 25291 25330 25345 25218 25173 25258 25593 26075 26124 25806 25337 25373 25090 24729 24408 24964 25231 25709 26061 26016 25684 25231 25304 25476
25335 25002 24724 24293 23553 22717 22474 22324 22267 22292 22221 22167 22256 22647 23735 24738 25399 25619 25483 25650 26086 26450 26552 26388 26181 25954 25665 25366 24866 24516 24442 24558 24781 25330 25771 25814 25468 25286 25179 25322 26268 26598 26603 26730 26353 26359 26472 26467 26078 25727 25778 25909 25575 25163 25107 25800 26163 26043 25991 25925 25652 24965 24866 24948 24897 24491 24472 24433 24723 25646 25775 25713 25545 25584 25525 25757
25070 24905 25138 25140 24317 23080 22301 22192 22162 22304 22231 22187 22211 22823 23854 24999 25586 25661 25519 25616 26023 26219 26000 25112 24169 23700 24054 24742 24990 24291 24199 24196 24265 24530 24990 25081 25003 24820 24647 25013 25840 26078 26133 26228 26060 26549 26745 26606 26281 26029 26230 26351 25932 25249 25547 26164 26406 26036 26070 26165 25970 25494 25009 25068 25044 24673 24894 25218 25395 25524 25803 26066 26020 25758 25611 25800
25107 25734 25629 25531 25370 23887 23216 23119 23158 23167 22860 22733 22400 22940 24193 25393 25642 25491 25132 25426 25647 25283 23827 22656 21684 21203 22438 24463 25433 24735 24319 24454 24292 24324 24316 24779 24937 24714 24492 24616 25059 25521 26031 26057 26095 26743 26936 26857 26601 26284 26281 26310 25876 25447 25696 26394 26677 26565 26706 26457 26073 25582 25350 25184 24996 24797 24983 25256 25473 25944 26370 26632 26577 26345 26030 25969
26335 26538 26231 25813 25617 24567 24066 24150 24307 24299 23615 23615 23328 23129 24005 24927 25042 24177 23518 24771 25461 25271 24351 22885 22120 22864 23992 25475 25463 24902 24626 24453 24318 24303 24241 24162 24217 24478 24833 25009 24856 25169 25723 25861 25894 26386 26440 26770 26665 26302 26159 25990 25738 25690 25738 25978 26316 26587 26632 26342 25865 25535 25583 25341 24873 24791 24826 25127 25491 25738 25781 25246 25606 25861 25698 25152
26308 26433 25806 25381 25403 25380 25230 24983 24694 24787 24511 24378 24236 23793 23914 24265 24439 23952 23314 24205 25171 25369 25360 24934 25046 25703 26021 25896 25495 24611 24562 24558 24442 24274 24357 24728 24659 24926 25028 25202 25199 25314 25315 25375 25805 26094 26180 26568 26478 26211 26041 26220 26092 25899 25915 25791 26445 26663 26733 26375 26095 26273 26270 25834 25396 25683 26203 26163 25920 26080 26130 25361 24546 24468 24753 24618
25276 25671 25726 25545 25607 25777 25996 25356 24758 24935 25112 25028 24882 24837 24669 24763 24697 24411 24207 24264 24765 24989 25350 25574 26034 26051 26133 25855 24732 23610 23889 24607 24620 24549 25026 25230 25187 25066 25031 25231 25125 25488 25595 25427 25665 26087 26314 26381 26163 26007 25753 25862 25997 26332 26489 26626 27057 27137 26893 26540 26280 26509 26515 25932 25898 26026 26348 26245 25764 26131 26507 26528 26061 25426 24797 25209
24880 24947 24969 25303 25671 26024 26048 25441 25020 25179 25543 25805 25707 25447 25001 24852 24773 24673 24312 24212 24052 24036 24282 25132 25673 25497 25446 25751 24808 23442 23345 24244 24714 24775 24913 24995 25281 25276 25187 25180 25290 25339 25455 25657 25525 25926 26326 26246 26207 25879 25793 26025 26081 26557 26954 27074 27121 27218 26967 26588 26642 26826 26831 26740 26324 26512 26821 26602 25459 24998 26101 26664 26242 25304 25781 25848
25055 24879 24895 25004 25247 25529 25392 24926 25229 25590 25633 25384 25075 24657 24752 24587 24237 24565 24182 23774 23736 23954 24356 24640 25434 25522 25056 25259 24243 23163 23033 23441 23931 24125 23860 23365 23664 24401 25141 25715 25739 26018 26231 26282 25658 25703 25716 25627 26053 25879 25988 26236 25983 24952 26214 27133 27035 26953 26983 27037 27070 26803 26777 26756 26955 27015 26964 26923 26602 26548 26749 26971 26925 26843 26390 26182
25037 25175 25125 25117 25175 25101 24883 24970 25370 25737 25841 25641 25058 24912 24538 24466 24446 24280 23755 23478 23687 24273 24620 24361 24146 24312 23960 24288 23863 23705 23459 24098 24118 23938 23652 23514 23429 23896 25046 26174 26386 26218 26345 26095 25878 26043 25951 25720 25801 25882 26287 26577 26462 26674 27252 27541 27419 27555 27628 27524 27342 27273 27207 27035 27253 27149 26943 26765 26368 26510 26625 26737 26777 26741 26361 26209
25558 25798 25741 25476 25445 25117 24915 25290 25723 25875 25610 25378 24978 24838 24565 24324 24196 24151 24162 23685 24403 24548 25028 24933 24149 23582 24070 24370 24607 24657 24829 25472 25294 24514 24650 24537 24022 24468 25572 26474 26417 26570 26321 25595 26203 26296 26260 26090 26107 26235 26411 27369 27772 27992 28038 27868 27483 27975 28154 27812 27697 27472 27263 27120 27252 27049 26738 26535 26341 26518 26560 26424 25889 25613 25314 24992
26018 26192 26041 26238 26141 25866 25559 25657 26120 26198 25648 25092 24504 24486 24443 24420 24312 24284 23996 24403 24845 24795 24636 24810 24550 23476 23143 23838 24950 25226 25118 25615 25975 26256 26397 26324 25536 23650 24817 26464 26645 26942 27109 27146 27076 27143 27138 27027 26714 26524 26648 27690 28441 28741 28890 28666 28228 28420 28566 28554 28167 27423 27157 27248 27097 26812 26348 25600 25249 25188 25178 24990 24543 24081 23744 23736
