Alternative/Moon/Lvl0_30x30/Ele_AF.asc
ncols         335
nrows         335
xllcorner     -3292508.343
yllcorner     6672833.042
cellsize      10000
nodata_value  -9999.0
[rows 102 to 135 of 335, columns 0 to 76 of 335]
18153 18137 18135 18134 18120 18121 18126 18087 18102 18122 18123 18122 18116 18112 18085 18075 18083 18084 18083 18064 18059 18060 18070 18093 18087 18097 18108 18128 18126 18141 18140 18145 18171 18191 18206 18215 18225 18215 18241 18333 18471 18687 18977 19117 19207 19204 19153 19097 19051 19024 19021 19019 18955 18934 18929 18895 18874 18859 18842 18842 18809 18800 18792 18765 18746 18733 18718 18690 18687 18711 18699 18678 18682 18682 18754 18814 18855
18168 18147 18148 18140 18141 18139 18139 18131 18133 18131 18131 18106 18122 18133 18099 18095 18085 18081 18105 18102 18080 18081 18105 18114 18118 18127 18137 18129 18131 18154 18175 18146 18177 18183 18197 18196 18209 18197 18196 18271 18332 18494 18689 18768 18832 18906 18963 19050 19089 19188 19268 19316 19295 19351 19283 19100 18936 18834 18832 18820 18811 18791 18767 18749 18738 18744 18740 18724 18713 18713 18743 18903 18995 19034 19024 19014 19071
18163 18141 18135 18109 18143 18148 18133 18123 18133 18123 18132 18132 18118 18108 18094 18092 18083 18096 18096 18107 18122 18119 18119 18142 18143 18132 18128 18134 18135 18142 18144 18155 18164 18168 18175 18169 18172 18181 18215 18316 18461 18758 19049 19286 19413 19449 19428 19413 19394 19370 19293 19251 19267 19239 19122 18938 18848 18821 18787 18773 18745 18751 18724 18723 18726 18727 18733 18729 18726 18737 18758 18806 18856 18909 18964 19056 19127
18135 18123 18138 18142 18131 18118 18112 18113 18114 18115 18126 18122 18121 18110 18119 18113 18121 18122 18133 18129 18130 18130 18128 18152 18157 18137 18129 18133 18136 18137 18143 18152 18162 18179 18192 18199 18255 18352 18550 18751 18951 19044 19155 19296 19426 19441 19360 19239 19190 19181 19151 19085 19021 18918 18856 18862 18857 18844 18835 18796 18768 18762 18748 18747 18752 18749 18740 18753 18752 18762 18760 18785 18787 18823 18887 18947 19007
18217 18159 18216 18225 18212 18201 18175 18191 18201 18192 18194 18198 18192 18188 18170 18174 18165 18155 18152 18157 18162 18177 18170 18177 18179 18175 18195 18214 18216 18220 18245 18249 18320 18403 18539 18700 18840 19017 19148 19169 19154 19126 19125 19094 19064 19038 19033 19000 19016 18993 19039 19015 19004 18969 18963 18971 18981 19003 18964 18916 18887 18866 18852 18806 18773 18811 18793 18781 18781 18774 18771 18778 18774 18808 18860 18923 18950
18278 18253 18278 18280 18285 18300 18288 18266 18267 18248 18251 18256 18258 18253 18252 18261 18259 18275 18259 18257 18281 18249 18267 18304 18289 18329 18344 18543 18695 18864 18998 18935 18970 19129 19177 19124 19174 19286 19282 19231 19290 19303 19258 19214 19178 19144 19121 19132 19119 19159 19149 19124 19143 19135 19111 19074 19012 19016 19004 18978 18979 18975 18918 18901 18885 18896 18919 18869 18843 18863 18887 18839 18819 18791 18817 18856 18852
18391 18385 18377 18420 18388 18528 18624 18585 18580 18592 18666 18697 18842 18873 18854 18854 18779 18934 18826 18973 19143 19226 19320 19478 19701 19802 19847 19915 19875 19813 19828 19751 19627 19457 19434 19444 19471 19508 19524 19581 19609 19629 19616 19550 19583 19565 19540 19512 19493 19414 19369 19309 19277 19184 19194 19149 19180 19173 19188 19179 19170 19119 19033 18950 18997 18986 18971 18958 18929 18902 18815 18824 18811 18761 18762 18734 18720
19063 19051 19124 19188 19166 19249 19323 19453 19513 19579 19555 19652 19791 19871 19911 19860 19841 19862 19962 20031 20004 20012 20004 20087 20186 20298 20430 20449 20420 20378 20301 20231 20121 20081 19961 19762 19619 19609 19693 19767 19878 19923 19931 19869 19803 19830 19775 19575 19536 19545 19627 19562 19422 19354 19292 19250 19225 19204 19183 19181 19149 19115 19094 19086 19085 19032 18968 18961 19002 19034 19000 18890 18757 18699 18667 18656 18647
20173 19938 19678 19777 20037 20036 20066 20196 20200 20261 20254 20231 20247 20306 20357 20466 20592 20630 20587 20589 20582 20458 20436 20558 20615 20589 20553 20461 20415 20393 20423 20491 20489 20562 20590 20546 20405 20148 19865 19787 19835 19887 19903 19888 19827 19815 19859 19913 19905 19882 19984 20012 19957 19836 19608 19517 19441 19367 19356 19297 19259 19182 19203 19199 19157 19139 19167 19310 19467 19514 19472 19238 19013 18797 18680 18615 18613
20642 20528 20539 20779 20875 20858 20874 20948 21018 20969 20942 20934 20909 20839 20879 20915 20929 21037 21058 21004 20969 20881 20836 20871 20779 20675 20586 20733 20826 20815 20781 20706 20612 20616 20617 20596 20424 20110 19834 19684 19656 19660 19633 19646 19659 19691 19740 19923 20038 20234 20312 20352 20354 20312 20298 20299 20204 20155 20019 19917 19811 19678 19581 19473 19372 19381 19377 19271 19277 19285 19325 19317 19206 19068 18882 18695 18605
21376 21517 21575 21513 21446 21304 21079 21189 21337 21389 21294 21198 21232 21014 21063 21200 21333 21323 21260 21255 21290 21251 21269 21220 21060 20918 20965 20997 20924 20881 20849 20771 20770 20719 20658 20725 20775 20900 20923 20928 20773 20572 20197 19854 19587 19453 19502 19524 19667 19699 19825 19853 19878 19913 20086 20218 20281 20290 20224 20148 20164 20289 20382 20351 20247 20182 20115 20029 19942 19805 19687 19595 19478 19381 19324 19206 19034
21471 21616 21688 21696 21684 21613 21659 21630 21596 21533 21519 21551 21611 21686 21466 21323 21311 21372 21424 21445 21442 21445 21425 21262 21139 20962 20968 21067 21054 21170 21113 21023 21030 21064 21048 21016 21013 21013 21038 21049 20970 20892 20725 20378 20149 19718 19364 19341 19367 19397 19429 19496 19563 19667 19749 19775 19798 19884 19918 19969 20122 20297 20442 20442 20434 20401 20278 20138 20019 19942 19990 20193 20251 20290 20170 19892 19589
21122 20716 20336 20213 20185 20428 20646 20927 21215 21504 21573 21571 21541 21471 21483 21407 21388 21423 21421 21396 21300 21286 21324 21341 21303 21262 21201 21182 21180 21180 21159 21016 20994 20967 20946 20931 20882 20818 20816 20648 20568 20427 20363 20250 20065 19761 19386 19074 18886 18753 18493 18423 18446 18435 18552 18797 19061 19307 19459 19583 19712 19979 20135 20171 20210 20106 20115 20088 20045 20270 20282 20383 20500 20578 20464 20285 20154
21504 21345 21156 20977 20873 20799 20862 20934 21043 21095 20974 20701 20414 20369 20510 20618 20832 21068 21088 21111 21142 21107 20988 20804 20623 20532 20299 20135 20126 20149 19978 19852 19752 19891 19804 19709 19681 19578 19514 19441 19375 19184 19079 18886 18788 18622 18519 18428 18437 18308 18207 18261 18285 18293 18369 18429 18550 18663 18748 18875 18910 18944 18938 18928 18987 18971 19175 19030 19128 19340 19675 20086 20333 20572 20600 20589 20531
20601 20583 20437 20355 20339 20282 20205 20044 20047 19943 19825 19767 19661 19687 19847 19946 19664 19550 19472 19418 19286 19133 18993 19010 18916 18861 18883 18767 18670 18419 18428 18290 18253 18219 18245 18351 18216 18203 18186 18186 18160 18165 18152 18148 18143 18126 18132 18112 18110 18082 18059 18046 18048 18049 18049 18037 18021 18062 18054 18048 18034 18028 18014 18021 18029 18022 18009 18026 18136 18363 18517 18734 18883 19030 19431 19312 19420
19605 19476 19438 19435 19372 19279 19163 19179 19216 19105 18958 18757 18549 18522 18400 18401 18335 18315 18418 18337 18332 18325 18300 18286 18290 18288 18285 18266 18283 18301 18278 18229 18200 18165 18174 18217 18213 18191 18190 18192 18171 18150 18139 18134 18133 18109 18113 18086 18040 18025 18026 18010 18003 18013 18025 18022 18005 17987 17978 18007 17998 18002 18007 18010 18021 18022 18024 18062 18065 18048 18102 18061 18025 18029 18038 18148 18187
18433 18362 18424 18381 18328 18272 18249 18261 18262 18256 18255 18262 18271 18272 18271 18283 18267 18256 18262 18256 18241 18226 18225 18223 18210 18182 18140 18160 18103 18089 18054 18007 17981 17973 17955 17966 17933 17942 17953 17944 17941 17965 17939 17974 17972 17970 17951 17966 17958 17953 17972 17992 17981 17973 17948 17944 17955 17963 17960 17965 17939 17930 17929 17926 17941 17947 17972 18039 18117 18166 18113 18154 18157 18163 18119 18163 18172
18095 18061 18045 18018 18010 18017 18004 18012 17952 17916 18018 18005 17973 17994 17992 18013 18024 18063 18099 18126 18138 18082 18046 18048 18059 18044 18057 18062 18052 18046 17940 17990 17953 17904 17922 17928 17927 17895 17878 17871 17871 17834 17828 17819 17811 17819 17839 17797 17803 17819 17820 17821 17839 17835 17852 17840 17845 17850 17840 17838 17832 17840 17853 17848 17900 17969 18085 18104 18040 17963 18131 18173 18162 18168 18136 18161 18170
18037 17946 18002 17990 17936 17889 17894 17892 17883 17888 17870 17847 17871 17880 17871 17871 17885 17894 17884 17875 17892 17881 17888 17869 17860 17833 17842 17850 17842 17847 17815 17839 17847 17869 17847 17883 17859 17868 17863 17863 17836 17841 17843 17831 17850 17848 17867 17818 17788 17813 17820 17794 17793 17805 17795 17787 17783 17770 17783 17769 17785 17791 17826 17849 17883 17958 18051 18117 18114 18105 18121 18113 18080 18049 18044 18048 18051
17877 17753 17899 17988 18035 18011 17914 17864 17816 17804 17802 17781 17771 17769 17782 17768 17755 17745 17743 17715 17690 17681 17697 17698 17703 17708 17695 17745 17763 17741 17753 17752 17783 17825 17806 17776 17778 17771 17770 17810 17800 17815 17810 17826 17841 17858 17867 17825 17838 17833 17824 17781 17791 17814 17772 17774 17757 17771 17771 17762 17779 17812 17898 17974 18004 18053 18073 18112 18118 18064 18041 18044 18044 18052 18048 18065 18065
18013 17967 17977 17963 17973 17903 17872 17833 17827 17824 17814 17789 17777 17767 17749 17755 17765 17744 17723 17698 17692 17678 17655 17668 17676 17712 17705 17699 17718 17745 17745 17776 17762 17775 17780 17814 17818 17805 17806 17811 17834 17865 17860 17857 17863 17842 17897 17860 17854 17874 17872 17877 17889 17880 17854 17861 17874 17881 17942 17992 18021 18076 18113 18138 18163 18201 18207 18159 18138 18133 18089 18092 18060 18048 18081 18082 18060
17875 17857 17853 17847 17843 17828 17827 17826 17834 17836 17822 17808 17782 17774 17769 17791 17768 17775 17805 17802 17761 17769 17774 17766 17792 17837 17805 17736 17781 17818 17828 17856 17891 17888 17893 17909 17897 17852 17883 17887 17863 17844 17842 17845 17849 17854 17912 17926 17924 17990 18023 18064 17998 18004 18012 18007 17994 17998 18031 18071 18103 18137 18169 18203 18209 18229 18185 18145 18141 18116 18066 18064 18050 18048 18034 18031 18051
17868 17845 17838 17847 17825 17826 17841 17827 17823 17812 17811 17809 17802 17792 17789 17821 17797 17795 17816 17832 17830 17784 17821 17812 17826 17802 17760 17788 17805 17817 17829 17837 17843 17811 17886 17892 17922 17893 17915 17997 18027 18021 17961 17900 17917 17934 18002 18049 18031 17936 17892 17873 17910 17958 18008 18011 17999 18003 18022 18058 18066 18077 18098 18111 18137 18117 18101 18071 18072 18066 18050 18033 18032 18036 18045 18062 18050
17876 17872 17879 17877 17879 17885 17885 17862 17848 17860 17857 17868 17855 17846 17853 17858 17868 17865 17848 17817 17831 17823 17842 17821 17840 17816 17792 17816 17817 17790 17823 17880 17951 17935 17869 17881 17950 17968 18055 18076 17957 17954 17839 17902 17891 17932 17907 18064 18027 17980 17943 17920 17929 17909 17938 17942 17957 18010 18006 18048 18075 18086 18077 18089 18089 18097 18083 18048 18059 18059 18035 18055 18060 18072 18050 18076 18067
17954 17944 17943 17943 17940 17936 17958 17939 17943 17904 17894 17907 17904 17889 17895 17937 17947 17894 17894 17892 17880 17859 17849 17837 17859 17876 17930 17958 17924 17894 17904 17859 17926 17938 17969 17967 17956 17984 18053 18092 18083 18051 18061 18040 18032 18013 18002 18037 18011 17959 17889 17900 17872 17930 17941 17946 17949 17983 18018 18030 18038 18042 18070 18078 18073 18060 18055 18079 18074 18075 18083 18059 18051 18041 18038 18032 18015
18003 17993 17990 17957 17974 17983 17961 17947 17936 17931 17928 17931 17936 17939 17928 17914 17938 17908 17890 17882 17874 17842 17837 17827 17827 17861 17874 17879 17893 17922 17929 17898 17892 17937 17978 17989 17978 17962 17955 17980 17969 17973 17977 17987 17978 17936 17931 17908 17908 17932 17938 17919 17928 17971 17969 18000 18000 18010 18025 18058 18055 18045 18072 18071 18085 18080 18129 18185 18232 18235 18224 18203 18152 18089 18073 18084 18021
18031 18030 17991 18081 18077 18013 18033 18019 17971 17959 17945 17960 17960 17939 17919 17932 17927 17932 17916 17890 17893 17870 17833 17825 17828 17856 17836 17825 17837 17844 17827 17821 17863 17873 17894 17944 17960 17985 18004 17996 17985 17994 17998 17997 18035 18030 18022 18005 18008 18018 17991 18031 18019 18031 18014 17994 18003 18026 18098 18246 18250 18161 18119 18148 18220 18307 18412 18517 18594 18512 18497 18496 18460 18401 18374 18405 18429
17996 17998 18016 18129 18122 18044 18042 18031 17997 17974 17968 17969 17947 17943 17939 17958 17972 17966 17946 17934 17931 17917 17880 17859 17879 17902 17935 17819 17840 17889 17898 17864 17843 17868 17891 17904 17934 17952 17984 18053 18071 18068 18056 18081 18101 18080 18049 18011 18009 18022 18069 18080 18053 18082 18088 18072 18045 18028 18034 18043 18056 18092 18171 18322 18532 18727 18719 18630 18647 18424 18072 17705 17579 17568 17896 18083 18229
17996 18054 18224 18263 18207 18054 18013 17996 17999 18008 18038 18042 17992 17987 17980 17999 17968 17952 17955 17955 17936 17940 17953 17918 17898 17885 17887 17875 17898 17936 17965 17955 17872 17891 17897 17900 17897 17923 17950 18019 18026 18056 18069 18098 18097 18118 18149 18149 18156 18134 18132 18122 18087 18083 18077 18075 18080 18066 18058 18069 18072 18110 18183 18346 18508 18735 18723 18665 18257 17779 17300 16883 16775 16778 17118 17352 17857
18061 18020 18062 18088 18008 18023 18059 18065 18042 17994 18034 18023 18014 18063 18073 18059 18028 18020 18020 17996 17954 17897 17942 17962 18049 18108 18098 18088 18084 18058 17985 17934 17900 17909 17922 17929 17984 18012 18065 18141 18199 18188 18113 18156 18155 18228 18255 18239 18286 18280 18203 18200 18196 18193 18155 18156 18172 18151 18073 18070 18144 18272 18383 18338 18370 18545 18621 18639 18635 18644 18649 18689 18720 18757 18795 18808 18787
18091 18067 17996 18018 18045 18024 17989 18004 17998 18008 18106 18334 18425 18448 18283 18100 17914 17810 17844 17947 17985 17944 17915 17951 18012 18084 18125 18171 18060 18135 18093 18018 17989 18064 18046 18034 18046 18050 18282 18266 18053 18080 18177 18258 18250 18172 18225 18252 18243 18226 18229 18282 18255 18203 18180 18177 18174 18169 18148 18132 18109 18142 18157 18144 18144 18205 18237 18293 18329 18367 18355 18310 18316 18321 18334 18337 18370
18048 18052 17985 17982 17986 17979 17988 18012 18015 18086 18098 18159 18253 18231 18124 18083 18036 18009 17985 17989 17943 17927 17928 17933 17970 17987 17975 18015 18037 18129 18085 18023 17989 18084 18101 18075 18185 18186 18173 18249 18264 18219 18211 18266 18224 18216 18127 18256 18364 18415 18295 18209 18177 18158 18179 18143 18164 18172 18145 18147 18157 18186 18206 18182 18228 18244 18209 18239 18246 18284 18246 18233 18229 18244 18305 18285 18254
17978 17982 17998 18032 18026 17993 17992 17983 18017 18012 18037 18011 18035 18058 18060 18025 18005 17956 17947 17959 17953 17942 17940 17945 17950 17962 17968 17972 17984 17974 17982 17972 17994 18036 18063 18137 18163 18126 18173 18267 18274 18216 18216 18207 18144 18172 18171 18172 18156 18135 18171 18193 18172 18163 18167 18183 18221 18273 18300 18284 18248 18244 18284 18360 18347 18331 18372 18396 18392 18376 18259 18229 18257 18262 18278 18305 18312
18126 18102 18179 18176 18158 18092 18158 18190 18146 18067 17998 17966 17949 17960 17973 17978 17998 17971 17973 17983 17987 17949 17944 17983 17982 17980 17969 17967 17987 18023 18010 18011 17997 18034 18057 18103 18181 18197 18202 18197 18134 18141 18122 18064 18081 18144 18162 18133 18143 18179 18240 18197 18177 18196 18180 18199 18232 18300 18362 18357 18356 18361 18356 18383 18366 18341 18347 18311 18329 18328 18329 18425 18428 18403 18350 18308 18320
