Alternative/Moon/Lvl0_30x30/Ele_BL.asc
ncols         335
nrows         335
xllcorner     16807491.657
yllcorner     3322833.042
cellsize      10000
nodata_value  -9999.0
[rows 0 to 33 of 335, columns 152 to 227 of 335]
17116 16955 17080 17292 17638 18217 18614 18845 19071 19620 19860 19900 19934 20201 20558 20832 21359 21985 22039 21965 22470 22790 23027 23518 23942 24031 23919 24123 24213 24147 23727 23082 22476 22443 22298 21931 22032 22696 23509 23775 23925 23925 23939 24160 24417 24665 24932 24907 24821 25178 25433 25446 25362 25287 25280 25235 25204 24922 24734 24346 23871 23295 22762 22306 22250 22215 22338 22616 23046 23598 23839 23917 23891 23575 23484 23270
16797 16860 17027 17045 17303 17510 17665 17874 18284 19015 19475 19804 19869 19976 20186 20256 20695 20937 20780 20892 21412 21858 22217 22522 22834 22740 23116 23482 23697 23851 23621 22957 21742 21854 22021 21939 22244 22647 23538 23689 23465 23280 23226 23504 23947 24139 24022 24411 24538 24703 25179 25093 24948 25340 25479 25470 25384 25155 24895 24474 23933 23192 22861 22379 22301 22287 22295 22566 23016 23590 23809 23926 23933 23638 23671 23540
16936 16924 16954 17020 17137 17169 17425 17693 18020 18072 18028 18231 18374 18234 18293 18634 19017 19409 19577 19853 20475 20958 21190 21385 21795 22230 22558 22905 23096 23071 22494 21792 21434 21522 21930 22589 23186 23349 23247 23310 22951 22410 22294 22349 22340 22750 23598 23892 23755 24047 24800 25137 25261 25384 25449 25477 25525 25217 24622 24077 23730 23389 23074 22559 22419 22500 22465 22512 22736 23128 23506 23813 23888 23992 23941 23422
17269 17131 16941 17098 17102 17055 17081 17193 17153 17244 17312 17335 17351 17473 17536 17663 17694 17723 18719 19446 19572 19821 20167 20478 20919 21248 21567 21942 21963 22001 22019 21867 21826 21768 21815 22364 22692 22759 22675 22397 22173 22002 21936 21980 22200 22613 22894 22917 22569 22527 23036 23712 24362 24352 24063 23770 23982 24328 24362 24629 24663 24244 23579 22702 22288 22336 22342 22344 22391 22894 23626 24155 24243 23923 23775 23255
16895 16781 16890 16940 16836 16882 16976 16996 17040 17042 17146 17151 17191 17328 17579 17671 17655 18008 18522 19012 19106 19054 19320 19442 19882 20247 20380 20802 21127 21515 21687 21742 21878 21801 21370 21496 21922 22103 21999 21749 21687 21613 21544 21549 21720 22372 22359 22127 21460 21251 21373 22071 22660 22568 22117 21973 22807 23847 24605 24894 24842 24476 24102 23480 22890 22569 22620 23070 23831 24385 24526 24630 24596 24289 24058 23841
16717 16740 16743 16841 16930 16966 16989 17009 17038 17040 17092 17108 17215 17402 17547 17763 17879 18159 18472 18670 18730 18872 18967 18969 19191 19633 19973 20340 20595 20973 21316 21501 21489 21415 21073 21101 21566 21866 21870 21856 21820 21635 21404 21405 21624 21856 22033 22060 21599 21260 21204 21370 21910 22113 22004 22018 22736 23939 24572 24569 24569 24504 24328 24096 23343 23592 23754 24285 24434 24487 24494 24221 24143 23726 23765 23759
16799 16910 16981 16878 16927 17020 17008 17026 17018 17050 17128 17181 17443 17433 17470 17461 17706 17767 17860 18061 18561 18556 18743 18741 18935 19043 19280 19560 20033 20461 20898 21146 21169 21050 20957 20770 20992 21386 21537 21440 21422 21337 21239 21154 21206 21327 21539 21589 21528 21200 21305 21695 22446 23078 23159 23169 23208 23519 23925 24070 24555 24752 24663 24052 23710 24387 24937 24921 24454 23577 22626 21679 21395 20992 21212 21925
16960 17045 17147 17146 17025 17013 17072 17129 17158 17200 17351 17501 17584 17518 17542 17544 17552 17575 17693 17898 18308 18292 18225 18381 18759 19167 19301 19639 20018 20454 20777 20931 20885 20813 20579 20616 20424 20722 20746 20697 20584 20772 20853 20919 20945 20970 21265 21392 21183 21519 21968 22079 22515 23076 23138 23132 23109 23004 23254 23793 24422 24721 24714 24154 24000 24508 25004 24856 23582 22203 20961 19819 19641 19661 20101 20702
17130 17056 17049 17107 17136 17080 17226 17378 17267 17095 17112 17475 17596 17563 17598 17480 17605 17777 17784 17589 17650 17967 17910 18133 18521 19007 19610 20088 20384 20418 20487 20762 20862 20742 20556 20597 20606 20531 20473 20393 20433 20489 20681 20751 20850 21107 21542 21999 22188 22114 21853 21655 22038 22475 22443 22581 22692 23069 23369 23575 23908 24326 24570 24816 25055 25006 25225 25328 24724 23650 22534 21263 20312 20234 20750 21937
17100 17084 17039 17100 17145 17241 17491 17476 16871 16376 16471 16576 16922 16970 16746 16770 17353 17693 17705 17491 17454 17455 17669 18157 18514 19215 19965 20328 20637 20703 20601 20738 20771 20590 20515 20386 20527 20501 20464 20474 20498 20525 20514 20689 21204 21409 21537 21994 22197 22101 21349 20877 20931 21281 21708 22040 22284 22535 22870 23375 23857 24291 24607 25170 25305 25277 25303 25639 25768 25217 24182 22798 21641 21531 22156 23542
17175 17216 17081 17225 17415 17424 17414 17423 16681 16405 16335 16518 16625 17274 17807 17768 17625 17580 17673 17641 17490 17744 18354 19007 19375 19654 20217 20591 20824 20936 20576 20472 20385 20780 20976 20866 20451 20533 20527 20556 20806 20904 21307 21576 21949 22070 21862 21544 21674 21559 21210 20905 21077 21137 21459 21857 22188 22466 22625 22983 23395 23692 24383 25106 25293 25213 25261 25361 25722 25649 25342 24488 24091 24277 24587 25367
17770 17506 17379 17671 17738 17841 17866 17590 17271 17628 17655 17710 17764 17527 17492 17515 17467 17067 16869 16758 17409 17969 18476 19194 19829 20434 20797 20846 20848 20833 20422 20314 20406 20699 20790 20725 20684 20926 21129 21261 21414 21583 21878 21928 21980 22028 21570 21149 21180 21171 21067 20954 21238 21414 21420 21264 21363 21641 21824 22235 22789 23172 23538 24316 24782 25021 25177 25368 25362 25578 25604 25675 25720 25331 25327 25629
18396 18100 18020 18180 18311 18291 18064 17919 17720 17732 17823 17877 17793 17513 17737 17974 17906 17197 17033 17706 18652 18867 18803 19062 19948 20627 21118 21154 20860 20654 20514 20517 20670 20737 20461 20338 20582 20875 21295 21586 21954 21946 21875 21854 21652 21676 21588 21545 21354 21063 20817 20818 21002 21185 21208 21308 21478 21542 21826 22153 22500 22959 23354 23802 24086 24460 24886 25176 24783 24340 24646 25320 25579 25489 25430 25145
18889 18448 18216 18383 18334 18337 18158 17936 17888 17972 18050 18027 17920 17779 17796 18127 18240 18256 18565 18949 19110 19243 18865 18959 19677 20541 21172 21296 21249 20785 20476 20482 20686 20681 20119 19854 20117 20660 21190 21560 21977 21943 21779 21463 21209 21292 21522 21571 21539 21150 20791 21244 21425 21054 20953 21455 21916 21988 22291 22550 22855 23172 23571 23918 24017 24283 24593 24953 24881 23959 23651 24524 25266 25458 25418 25292
19037 18987 18907 18734 18711 18519 18481 18411 18381 18426 18563 18598 18498 18053 17346 17001 17465 17921 18554 19030 19465 19741 19802 19939 20096 20385 20968 21156 21107 20689 20729 20761 20878 20596 19856 19761 19785 20091 20632 20953 21166 21568 21680 21644 21400 21438 21779 22130 21934 21177 20837 21142 21527 22030 22461 22527 22299 22392 22650 22895 23200 23508 23644 23868 24035 24233 24309 24836 24881 24332 23972 23935 24428 25233 25354 25156
17855 18811 19219 19204 18923 18827 18742 18686 18732 18602 18621 18526 18271 18696 18484 18005 17411 17164 17368 17821 19054 19930 20453 20492 20447 20398 20435 20625 20840 21102 21160 21123 20899 20609 20289 20073 19763 19752 19823 19895 20026 20828 21323 21449 21526 22056 22134 22259 22072 21405 21119 21285 21689 22307 22669 22652 22523 22610 22739 22773 22803 22809 22954 22951 23108 23276 22990 23005 23132 23117 23297 23830 24315 24663 24799 24867
17134 18637 19456 19428 19097 19114 19175 19124 19010 18644 18631 18718 18878 19180 19713 19720 19528 19548 19809 19960 20239 20718 20911 20980 21052 20970 20907 21362 21493 21102 21030 20868 20782 20875 20616 20203 19951 19820 19905 20253 20653 21044 21182 21252 21571 22095 22153 22043 21827 21562 21696 21680 21683 21579 21665 21626 21625 21682 21605 21871 21915 21916 22080 21910 21465 21273 21316 21259 21317 22107 22875 23600 23745 23708 23465 23101
17927 18953 19446 19410 18963 19171 19174 19093 18982 18776 19059 19077 19056 19337 19711 19899 20026 20318 20564 20586 20633 20827 21231 21392 21337 21119 20842 21370 21502 21262 21118 21319 21322 21149 21018 20738 20451 20452 20468 20784 21107 21153 21095 21188 21271 20950 21163 21065 20329 20650 21537 21559 21212 20877 20493 20332 20514 20574 20484 21003 21145 21223 21313 21328 21033 20832 20955 20965 20963 21710 22263 22587 23085 23284 23392 23376
19165 18550 18680 18771 18773 18823 18917 18921 18902 18664 18843 19077 19098 19447 19675 20025 20429 20681 20998 21057 20962 20818 21077 21166 20929 20561 20533 20618 20930 21101 21218 21476 21521 21522 21234 21167 21091 20981 20484 20598 21034 21276 21252 21056 20671 20000 19863 20162 20308 20541 20661 20575 20252 19810 19451 19148 18414 18791 19151 19654 19863 19793 19972 20166 20141 20044 19995 20158 20407 20901 21094 21574 22215 22720 22999 22875
19108 18673 18543 18512 18222 18101 18038 18292 18241 19098 19229 19489 20058 20161 20388 20832 21303 21484 21482 21424 21383 21001 20710 20739 20715 20886 20779 20581 20713 21137 21196 21057 21340 21500 21394 21404 21608 21661 21263 20637 20354 20557 20378 20242 19571 18793 18338 18840 19058 19020 19104 19040 18697 18258 17841 17530 17267 17160 17209 17642 18004 18090 18273 18487 18631 18742 18931 19378 19726 20382 20868 21122 21473 21668 21955 22515
19894 19018 18954 19491 19329 18574 18214 18532 19264 20494 20985 20984 20683 20638 21143 21363 21643 21798 21759 21553 21379 21203 21200 21109 21161 21316 21372 21440 21361 20796 20881 20802 20875 21058 21326 21385 21487 21495 21216 20833 20468 20185 19739 18928 17687 17223 17144 17054 17092 17450 17980 18083 17808 17237 16806 16535 16485 16528 16682 16641 16771 17023 17277 17899 18050 18158 18378 18836 19290 19804 20356 20744 20759 20875 21244 21836
20901 20259 19971 19904 19857 19801 19766 20129 20558 20904 21022 20992 20578 20670 21235 21427 21684 21772 21662 21454 21494 21582 21704 21730 21529 21392 21672 21732 21749 21293 20976 20760 20629 20553 20582 20819 21079 21053 20863 20484 19652 19114 18865 18094 16799 16369 15907 15494 15093 15282 16375 17398 17538 17073 16794 16549 16497 16501 16542 16536 16554 16730 17172 17691 18024 18135 18036 18022 18338 18807 19396 19857 19977 20216 20613 21157
21377 20881 20181 19949 19924 19919 19960 20231 20538 20843 20717 20606 20373 20736 21271 21494 21642 21700 21578 21454 21580 21776 22289 22408 22325 22136 22102 22152 22124 22099 22078 21950 21370 21167 21207 20992 20773 20790 20570 19827 18598 17757 18035 17872 16517 15195 14398 13902 13898 14792 16156 17260 17575 17205 16827 16616 16542 16674 16688 16638 16547 16565 16909 17367 17432 17269 17117 17050 17420 17950 18358 18685 18864 19141 19572 20298
21216 21205 20980 20653 20319 19969 20036 20186 20379 20510 20665 20771 20962 21168 21346 21360 21441 21628 21846 21840 21715 21634 22097 22204 22158 22097 22030 21992 21987 22141 22206 22073 21765 21231 21017 20883 20562 20410 19898 19450 18705 18300 17854 17750 17612 16764 16178 15893 16272 17008 17601 17736 17505 17124 16829 16628 16609 16614 16650 16579 16551 16586 16639 16668 16921 16979 16888 17013 17369 17513 17358 17535 17923 18625 19230 19575
21315 21375 21339 21364 21213 20807 20482 20640 20736 20705 21026 21375 21277 21549 21864 21881 21702 21667 21929 21940 21962 21663 21577 21805 21817 21757 21543 21510 21525 21972 22264 22278 21917 21604 21107 20763 20521 20365 19709 19092 18631 18144 17703 17699 17681 17933 17969 17941 17848 17848 17868 17659 17158 16882 16751 16632 16709 16701 16673 16688 16675 16646 16627 16763 16885 16892 16827 16900 16901 16906 17113 17449 17907 18499 18812 18677
19556 20039 21225 21915 22026 21537 21101 21102 21170 21156 20995 21253 21233 21542 21900 21919 21740 21739 21613 21670 21761 21569 21426 21714 21845 21641 21480 21532 21904 22061 22383 22422 22293 21967 21724 21487 20794 20221 19636 19035 18610 18078 17640 17563 17513 17620 17733 17680 17560 17405 17420 17446 17332 17220 17086 17008 16852 16819 16727 16796 16780 16749 16715 16770 16830 16652 16470 16797 16864 16876 17109 17239 17504 17695 18078 18174
21649 21631 22514 23007 23053 22669 22007 21631 21702 21668 21536 21573 21274 21133 21216 21348 22020 22183 21791 21553 21430 21496 21378 21270 21455 21482 21878 22219 22488 22536 22461 22504 22241 21882 21506 21509 20768 19664 19175 18918 18400 17911 17547 17426 17251 17185 17133 17071 17003 17117 17524 17670 17585 17430 17316 17302 16803 16825 16855 16847 16819 16852 16771 16741 16842 16889 16931 16948 16945 16878 16857 16898 17035 17257 17477 17799
24292 23539 23554 23732 23869 23744 22943 22522 22067 21942 21937 21792 21664 21594 21611 21768 22152 22401 22377 22122 21907 21790 21733 21753 21908 22084 22028 22096 22291 22485 22438 22281 21845 21555 20865 20687 20350 20138 19480 19124 18538 17960 17739 17580 17563 17638 17519 17360 17168 17170 17236 17461 17483 17132 17082 17261 17130 16818 16791 16739 16770 16795 17091 17356 17426 17367 17280 17176 17011 16975 16975 16928 17026 17215 17368 17575
24575 23978 23628 23788 24038 23888 23094 22683 22482 22543 22567 22414 22200 21993 22116 22186 22264 22447 22467 22256 22292 22010 21682 21676 21929 22334 22311 22135 21941 21691 21680 21656 21648 21216 20319 20463 21043 20973 20406 19562 18714 17580 16698 16791 17344 17729 17618 17495 17179 17068 16963 17132 17117 16852 16779 16809 16824 16780 16674 16580 16642 16748 17002 17390 17523 17502 17424 17528 17531 17404 17255 17156 17189 17252 17311 17372
24879 24116 23590 23539 23769 23654 23482 23337 23288 23233 23038 22694 22396 22269 22820 22999 22804 22299 22009 21912 21914 21837 21618 21999 22547 22694 22532 22157 22002 21658 21671 21716 21893 22060 21835 21590 21283 21049 20635 19871 18876 18035 17436 17170 17035 17712 17838 17827 17479 17136 16931 16889 16902 16898 16872 16747 16698 16632 16474 16564 16712 16583 16596 16825 17125 17281 17457 17551 17561 17408 17289 17370 17377 17335 17335 17366
25606 24956 24126 23729 23435 23511 23680 23733 23669 23625 23362 22877 22457 22391 23008 23189 22889 22240 22139 21998 21491 21267 21419 22027 22566 22614 22366 21992 21676 21313 21631 21996 22198 22094 21924 21523 20865 20780 20649 20045 19227 18472 18449 18283 17277 17133 17558 17690 17656 17418 17269 17034 16818 16762 16727 16649 16589 16710 16956 17226 17158 16851 16588 16646 16665 16826 16819 17287 17672 17568 17276 17168 17183 17307 17434 17491
25509 25128 24618 24581 24369 24136 24250 24230 23976 23511 23207 22977 22700 22303 22581 22677 22334 21937 21991 21934 21653 21154 21164 21335 21426 21461 21299 21287 21308 21063 20998 21450 21659 21597 21557 21498 20974 20591 20599 20471 19625 18775 18427 18279 17613 16898 16421 16483 16831 17607 17781 17566 17301 16898 16697 16585 16640 16762 17251 17690 17741 17750 17760 17659 17339 16823 16861 17430 17720 17567 17410 17339 17491 17515 17539 17563
25987 25289 24787 24835 24819 24780 24637 24482 24479 23922 23593 23624 23158 22372 22207 21991 21987 21909 22157 22206 22052 21638 21487 21274 21274 21312 21133 21599 22089 21913 21176 20973 21267 21460 21680 22076 22163 22058 21818 21167 20320 19394 18782 18750 18687 17926 17070 17012 17401 17878 18027 18023 17778 17354 17004 16639 16702 16758 17053 17499 17730 18030 18048 17915 17711 17286 17033 16849 17017 17156 17274 17373 17511 17517 17522 17694
26029 25025 24358 24490 24975 25035 24617 24477 24514 24188 24161 23726 23147 22591 22312 22514 22878 22892 22595 22511 22241 22021 22087 22135 22109 22202 22448 22561 22683 22336 21910 21578 21253 21881 22326 22588 22650 22530 21856 21291 21165 20215 19630 19359 19089 18461 17635 17427 17437 17660 17628 17484 17253 17094 16924 16688 16717 16773 16823 17083 17517 17839 17873 17841 17629 17214 17053 17033 16959 17266 17522 17596 17596 17561 17718 17890
