Alternative/Moon/Lvl0_30x30/Ele_FG.asc
ncols         335
nrows         335
xllcorner     57491.657
yllcorner     -10077166.958
cellsize      10000
nodata_value  -9999.0
[rows 102 to 135 of 335, columns 231 to 307 of 335]
22502 22511 22149 21542 21665 22046 22567 22741 22549 22505 22933 23026 23089 23239 23265 23336 23634 23666 23537 23158 22843 22651 22220 21601 20991 20611 20570 20578 20577 20580 20573 20588 20588 20586 20592 20613 20645 20699 20823 21092 21465 21868 21908 21439 20862 20573 20473 20520 20519 20487 20493 20639 20762 21007 21521 22079 22634 23020 23012 22847 22766 22746 22714 22726 22737 22787 23270 24017 24609 24782 24701 24539 24280 24026 23816 23686 23578
22436 22054 21377 20762 20693 20979 21426 21747 22013 22295 22588 22871 23075 23164 23318 23435 23580 23626 23585 23560 23766 23834 23710 23044 22374 21878 21422 21101 20832 20674 20625 20594 20561 20609 20614 20651 20709 20839 21122 21504 21884 22491 22838 22821 22496 21788 21250 20710 20466 20418 20486 20621 21008 21427 21971 22590 22980 23171 23171 22950 22820 22744 22759 22777 22842 23161 23588 23905 24012 24067 24126 24175 24168 23990 23788 23536 23469
21050 20774 20467 20319 20270 20269 20219 20269 20521 20782 21076 21606 22044 22568 23111 23237 23490 23570 23568 23657 23805 23888 23825 23568 23220 23060 22915 22749 22409 22220 21769 21489 21239 21180 21055 21057 21292 21446 21623 21969 22205 22675 23018 23575 23793 23700 23178 22683 22248 21974 22132 22363 22725 23315 23904 24347 24406 24265 23868 23479 23399 23392 23575 23815 23981 24209 24255 24218 24090 24077 24089 24107 24104 23948 23835 23722 23660
20229 20223 20221 20213 20216 20216 20211 20215 20212 20218 20256 20520 20931 21418 22156 22772 23175 23220 23166 23081 22983 22958 23000 23143 23149 23136 23231 23473 23541 23495 23274 23057 22736 22631 22497 22388 22472 22569 22740 23016 23307 23405 23418 23804 24057 24034 23986 23960 23942 23985 24037 24188 24262 24323 24381 24551 24573 24468 24281 24168 24071 24093 24288 24463 24467 24411 24342 24214 23984 23816 23755 23825 23817 23949 23910 23808 23709
20234 20229 20225 20215 20212 20218 20219 20251 20224 20210 20212 20214 20419 20748 21351 21985 22526 22736 22721 22615 22613 22549 22641 22605 22671 22857 23181 23315 23382 23388 23314 23168 22973 22869 22835 22899 22892 22835 22879 23078 23358 23375 23374 23267 23244 23291 23404 23496 23571 23667 23801 23857 23887 23870 23818 23923 23936 23959 23981 23943 23969 23949 23887 23952 23989 23932 23717 23481 23437 23398 23372 23375 23374 23471 23606 23645 23648
20245 20225 20228 20220 20217 20217 20228 20233 20229 20226 20221 20255 20594 21059 21748 22328 22754 22864 22781 22590 22536 22573 22560 22528 22540 22656 22826 22959 22970 22887 22513 22466 22605 22684 22686 22765 22846 22833 22823 22710 22908 22903 22864 22861 22925 22932 22872 22811 22824 22886 23058 23125 23130 23174 23223 23290 23302 23285 23292 23282 23341 23362 23681 23688 23650 23622 23579 23534 23504 23404 23405 23398 23487 23567 23470 23485 23391
20276 20226 20224 20217 20213 20220 20216 20220 20224 20216 20356 20735 21303 21690 21975 22379 22751 22849 22766 22448 22471 22493 22415 22206 21993 21952 22205 22524 22574 22430 22406 22297 22410 22494 22550 22532 22620 22629 22534 22482 22490 22573 22518 22428 22520 22534 22519 22506 22510 22658 22853 22856 22879 22905 23067 23098 23117 23114 23144 23223 23222 23352 23520 23497 23318 23444 23612 23620 23557 23649 23654 23460 23609 23656 23488 23196 23203
20547 20484 20502 20612 20445 20296 20256 20394 20660 21017 21440 21736 22101 22386 22551 22519 22395 22299 22281 22121 22094 22066 22202 22209 22147 22110 22244 22398 22454 22442 22467 22408 22388 22351 22331 22311 22310 22324 22332 22324 22413 22462 22401 22394 22369 22417 22455 22445 22501 22639 22686 22766 22877 22937 22977 23017 23018 22995 23065 23073 23118 23112 23143 23321 23391 23529 23528 23562 23558 23652 23678 23469 23277 23293 23341 23196 23045
21060 21450 21775 22078 22214 22113 21950 21813 21727 21874 22188 22340 22354 22383 22502 22533 22315 22153 21910 21910 21907 21869 21905 22033 22119 22176 22207 22239 22335 22365 22369 22300 22261 22257 22263 22257 22296 22320 22342 22336 22331 22379 22433 22429 22392 22429 22558 22790 22803 22622 22818 22872 22980 23022 23066 23085 23144 23202 23215 23198 23245 23377 23465 23289 23491 23588 23709 23671 23636 23717 23758 23858 23900 23911 23913 23765 23685
21442 21988 22514 22501 22455 22421 22321 22304 22319 22406 22406 22387 22351 22297 22156 22039 21927 21878 21902 21937 21855 21829 21803 21810 21814 21818 21884 21924 21956 22014 22099 22104 22150 22200 22211 22298 22268 22217 22300 22414 22555 22568 22525 22497 22514 22727 22945 22998 22993 23078 23061 23099 23180 23323 23405 23655 23708 23705 23641 23669 23603 23524 23712 23681 23689 23820 23903 23978 23991 24027 23983 24062 24082 24057 24179 24327 24423
21706 22043 22479 22441 22176 21879 21847 22021 22137 22124 22106 22102 22064 22043 21898 21897 21949 21959 21906 21871 21903 21848 21845 21814 21806 21802 21798 21846 21850 21912 22054 22168 22213 22253 22308 22322 22321 22301 22248 22376 22556 22633 22712 22730 22698 22712 22944 23182 23186 23289 23323 23468 23545 23668 23777 23876 23930 23940 23782 23810 23784 23876 23862 23834 23922 24097 24130 24067 24076 24105 24067 24020 24026 24020 24068 24134 24210
22197 22111 22054 21927 21882 21863 21858 21846 21851 21864 21853 21892 21849 21834 21834 21860 21921 21861 21852 21894 21921 21868 21839 21846 21840 21830 21819 21828 21836 21854 21975 22045 22021 22105 22257 22323 22326 22230 22137 22303 22606 22730 22868 23006 23072 23186 23381 23489 23558 23697 23802 23898 23913 23831 23857 23895 23901 23895 23657 23403 23330 23166 23048 23105 23221 23391 23485 23589 23583 23459 23308 23166 23138 23152 23123 23188 23304
22300 22177 22057 22011 21903 21810 21806 21831 21846 21846 21861 21843 21838 21829 21826 21827 21833 21843 21838 21840 21841 21845 21849 21851 21856 21856 21864 21864 21873 21886 21881 21870 21871 22045 22125 22194 22187 22134 22238 22446 22537 22488 22890 23194 23223 23203 23384 23491 23625 23757 23758 23714 23599 23335 22879 22702 22485 22222 22041 21834 21665 21557 21453 21404 21537 21934 22248 22311 22286 22146 22024 22077 22061 22042 22095 22257 22365
22140 22093 22040 22011 21949 21898 21824 21744 21736 21736 21734 21734 21759 21762 21783 21806 21796 21813 21829 21834 21838 21849 21854 21877 21878 21872 21842 21828 21840 21816 21821 21827 21948 22078 22245 22365 22408 22338 22230 22209 22357 22549 22908 23198 23448 23592 23758 23760 23688 23513 23375 23097 22600 22098 21585 21432 21243 21206 21163 21154 21153 21157 21214 21202 21228 21443 21566 21490 21375 21189 21180 21177 21190 21201 21253 21382 21498
21836 21522 21318 21280 21296 21365 21593 21840 21772 21707 21681 21675 21674 21669 21682 21711 21712 21718 21726 21740 21737 21764 21784 21806 21751 21769 21777 21774 21804 21795 21806 21942 22189 22280 22379 22418 22414 22362 22245 22104 22126 22196 22435 22793 23134 23515 23738 23754 23849 23798 23562 22989 22407 21866 21384 21118 21213 21195 21143 21134 21089 21099 21181 21166 21174 21164 21148 21130 21132 21149 21155 21171 21179 21166 21182 21193 21193
21390 21417 21459 21362 21755 21899 21935 21907 21783 21714 21709 21717 21712 21708 21708 21703 21701 21710 21719 21715 21706 21753 21768 21784 21722 21734 21723 21729 21736 21770 21803 21946 22166 22223 22206 22140 22142 22144 22158 22129 22143 22129 22163 22269 22508 23062 23648 23933 23938 23781 23626 23190 23128 22635 21986 21584 21314 21125 21100 21093 21105 21118 21198 21187 21193 21170 21113 21126 21122 21135 21133 21147 21157 21177 21207 21193 21209
21354 21412 21445 21725 21860 22022 22007 21863 21759 21730 21747 21745 21744 21746 21728 21793 21717 21716 21733 21761 21757 21769 21765 21740 21737 21734 21770 21797 21797 21891 21918 22039 22238 22293 22218 22159 22170 22235 22222 22150 22169 22148 22115 22234 22424 22915 23391 23702 23910 23930 23902 23875 23837 23594 23291 22965 22624 22198 21935 21709 21539 21454 21353 21182 21164 21143 21107 21122 21121 21140 21149 21170 21189 21205 21218 21208 21234
21757 21859 22083 22316 22418 22327 22258 22245 22064 22081 22113 22078 22018 21977 21890 21855 21856 21805 21863 21948 21959 21891 21754 21667 21634 21699 21887 22012 22168 22259 22417 22446 22443 22443 22560 22544 22545 22584 22571 22600 22560 22472 22570 22779 22978 23065 23367 23473 23464 23761 23841 23665 23785 23907 23882 23577 23280 22907 22547 22267 22050 21792 21546 21417 21362 21258 21146 21158 21144 21172 21174 21165 21213 21268 21319 21375 21453
22444 22552 22717 22691 22636 22431 22373 22386 22384 22426 22425 22371 22339 22250 22184 22170 22032 21926 21888 21939 21928 21780 21524 21404 21539 21859 22134 22449 22479 22449 22511 22606 22654 22696 22694 22766 22688 22618 22612 22626 22567 22541 22627 22813 22951 22964 22862 22953 23174 23329 23499 23667 23795 23832 23827 23654 23460 23082 22785 22516 22331 22216 22070 21992 21892 21787 21675 21606 21566 21450 21343 21293 21326 21558 21719 21942 22062
22673 22595 22652 22650 22563 22577 22534 22506 22485 22565 22719 22738 22723 22703 22386 22199 21930 21708 21356 21242 21157 21090 21122 21194 21384 21756 22168 22224 21918 21536 21369 21345 21378 21686 22111 22599 22708 22921 22818 22687 22641 22578 22562 22569 22605 22660 22752 22853 22941 23124 23191 23289 23507 23670 23802 23886 23957 23946 23736 23510 23341 23168 22959 22844 22925 22846 22801 22689 22622 22499 22357 22212 22128 22234 22487 22807 23043
22539 22556 22602 22556 22470 22608 22642 22651 22639 22645 22817 22823 22727 22592 22246 21837 21550 21333 21213 21135 21072 21055 21032 21102 21319 21627 21857 21824 21870 21732 21607 21494 21509 21735 22188 22586 22769 22923 22783 22799 22694 22591 22590 22687 22735 22760 22944 22936 23051 23162 23240 23372 23407 23597 23875 24088 24277 24417 24461 24455 24430 24434 24324 24236 24227 24325 24235 24207 24079 24013 23847 23838 23932 24051 24140 24213 24246
22453 22527 22548 22715 22794 22807 22775 22704 22597 22522 22590 22469 22200 21890 21661 21397 21084 21109 20860 20840 20884 20941 21013 21099 21330 21549 21824 22207 22478 22830 23042 23078 23079 23045 22985 22935 22884 22701 22656 22630 22611 22608 22595 22687 22737 22762 22849 22929 23074 23174 23292 23328 23366 23449 23560 23729 23894 24132 24348 24496 24649 24822 25115 25354 25499 25595 25597 25587 25556 25388 25268 25179 25174 25290 25341 25364 25323
22311 22608 22899 23029 22987 22854 22589 22434 22057 21649 21292 20985 20712 20502 20329 20255 20263 20250 20184 20211 20369 20502 20779 21029 21469 21787 22315 22771 22983 23029 23022 23025 22980 22898 22746 22713 22714 22664 22673 22670 22666 22582 22664 22663 22703 22822 22997 23025 23079 23191 23282 23332 23413 23540 23560 23599 23731 23867 24041 24383 24583 24674 25097 25358 25522 25675 25751 25732 25678 25457 25304 25244 25124 25208 25198 25220 25117
22350 22536 22855 22981 22909 22690 22159 21490 20911 20533 20271 20208 20231 20207 20213 20292 20392 20389 20263 20307 20233 20300 20399 20692 21159 21641 22234 22752 23026 23059 23003 22969 22850 22748 22635 22587 22570 22607 22624 22641 22595 22662 22687 22687 22735 22778 23040 23051 23063 23095 23081 23232 23352 23507 23513 23725 23922 24097 24209 24324 24598 24685 24885 24893 24851 24846 24882 25142 25100 24651 24359 24215 24190 24143 24004 23909 23764
22360 22485 22804 22987 22967 22677 21985 21263 20598 20337 20260 20252 20270 20331 20468 20308 20324 20195 19898 20340 20411 20400 20439 20382 20624 20899 21436 21965 22339 22764 22957 22941 22796 22667 22601 22645 22647 22617 22572 22533 22552 22614 22572 22572 22586 22700 22858 22919 22973 23044 23106 23183 23309 23467 23607 23791 24042 24228 24353 24557 24711 24763 24791 24814 24798 24703 24512 24129 23866 23633 23413 23059 22911 22814 22711 22546 22292
22771 22864 22982 23085 23081 22930 22566 21746 20889 20423 20274 20245 20264 20397 20458 20344 20150 19993 19901 20258 20528 20475 20380 20372 20811 21382 22090 22629 22934 23003 22953 22697 22593 22766 22677 22632 22635 22606 22603 22601 22593 22615 22639 22640 22644 22632 22615 22659 22868 23103 23147 23172 23207 23262 23461 23688 24010 24379 24756 25053 25107 24979 24804 24436 24163 23779 23365 22919 22638 22273 21896 21596 21344 21236 21105 21003 20930
23240 23275 23310 23356 23283 23165 22915 22362 21718 21213 20680 20341 20284 20264 20269 20278 20289 20356 20458 20456 20399 20378 20446 20689 21237 21810 22416 22863 23045 23062 23028 22807 22826 22790 22732 22665 22608 22584 22565 22455 22528 22529 22532 22518 22529 22550 22467 22639 22734 22809 22849 23056 23324 23606 23881 24126 24367 24790 25195 25260 25177 24935 24411 23906 23495 22996 22577 22197 21843 21383 21024 20802 20755 20778 20750 20699 20749
23316 23273 23203 23368 23367 23291 23262 23161 22963 22719 22221 21741 21161 20739 20373 20361 20364 20342 20271 20401 20362 20401 20644 21073 21587 21997 22458 22657 22793 22835 22786 22704 22785 22731 22709 22582 22533 22476 22398 22381 22348 22344 22260 22308 22379 22566 22624 22713 22766 22947 23131 23339 23608 23963 24263 24693 25072 25301 25692 25697 25443 24870 24064 23349 22850 22321 21808 21480 21206 20990 20811 20719 20711 20706 20733 20821 21064
23143 23150 23150 23174 23090 23027 23139 23161 23103 22816 22501 22164 21826 21575 21349 21210 21041 20956 20886 20869 21026 21204 21455 21692 21959 22205 22342 22509 22615 22716 22654 22526 22534 22438 22351 22324 22242 22228 22237 22196 22241 22323 22377 22459 22511 22588 22592 22578 22564 22578 22787 23025 23354 23770 24195 24695 25071 25462 25718 25711 25512 24974 24283 23549 23025 22416 21953 21559 21236 20818 20695 20652 20720 20741 20684 20844 21119
23061 22983 22944 22918 22964 22944 22977 23048 23048 22941 22795 22549 22253 22026 21768 21579 21458 21441 21422 21494 21487 21456 21670 21986 22299 22299 22467 22561 22582 22563 22485 22345 22266 22168 22122 22132 22111 22098 22107 22132 22221 22302 22426 22456 22507 22508 22459 22520 22554 22581 22576 22627 22698 22976 23369 23981 24337 24682 24919 25204 25240 25070 24558 23936 23477 22990 22410 21851 21482 21188 20852 20550 20513 20679 20779 20853 21042
22984 22909 22920 22899 22934 22955 23037 23130 23131 23116 23122 22924 23043 23032 22820 22542 22435 22224 22077 21970 22151 22218 22246 22318 22392 22357 22389 22436 22393 22348 22272 22183 22174 22250 22292 22260 22233 22210 22172 22202 22222 22384 22489 22649 22643 22489 22497 22477 22551 22605 22565 22551 22821 23017 23320 23661 24003 24493 24895 25200 25202 25039 25008 24727 24366 23788 23211 22586 22236 21824 21454 21146 20952 20886 20811 20933 21081
22792 22700 22683 22730 22872 23006 23059 23052 22898 22995 23144 23123 23104 23101 22968 22876 22880 22800 22841 22787 22642 22706 22717 22574 22554 22514 22408 22425 22428 22355 22360 22377 22342 22293 22343 22293 22213 22208 22255 22330 22384 22521 22692 22768 22747 22849 22785 22748 22867 22918 23048 23255 23409 23494 23702 23952 24231 24546 24674 24749 24914 25002 25123 25164 25047 24761 24354 23859 23428 22986 22456 22323 22123 22017 21903 21931 22078
22827 22845 22741 22390 22191 22214 22295 22299 22195 22144 22346 22644 22737 22753 22792 22786 22675 22660 22847 22762 22601 22469 22531 22489 22509 22428 22398 22441 22453 22448 22470 22462 22473 22522 22537 22655 22691 22661 22517 22645 22713 22753 22873 22931 22958 22963 23024 23112 23279 23487 23685 23856 23900 23864 23868 23962 24074 24416 24628 24743 24861 25036 25176 25281 25283 25003 24489 24165 24006 23810 23629 23596 23542 23623 23502 23432 23494
23354 23226 23078 22915 22648 22401 22239 22225 22186 22348 22439 22514 22501 22324 22497 22639 22573 22568 22553 22488 22427 22365 22362 22373 22367 22351 22382 22403 22450 22516 22589 22596 22671 22675 22554 22596 22596 22683 22760 22744 22689 22753 22823 23017 23016 22920 22988 23162 23349 23509 23680 23853 23937 23935 24014 24010 24125 24213 24301 24345 24419 24551 24576 24580 24506 24450 24291 24384 24531 24514 24455 24488 24639 24823 24928 24991 24987
