Alternative/Moon/Lvl0_30x30/Ele_CK.asc
ncols         335
nrows         335
xllcorner     13457491.657
yllcorner     -27166.958
cellsize      10000
nodata_value  -9999.0
[rows 170 to 203 of 335, columns 154 to 230 of 335]
20704 20824 20816 20981 22109 23127 24269 24388 23891 23376 22925 22669 22771 23117 23530 24018 24182 23906 23923 23541 22925 22436 22101 22056 22722 23403 24269 25908 27980 28692 28497 28219 27596 27123 26214 26459 26376 26472 26512 26624 26621 26040 25538 26080 26072 25870 25809 25776 25715 25854 26740 27040 25805 25755 26815 26876 27126 27110 26614 25617 25245 24926 25406 26003 26197 26082 26734 27469 26945 23885 22335 23038 24434 27107 29171 29201 29096
20369 20498 20503 20913 21757 22676 23798 24082 23647 23044 22744 22492 22681 23136 23620 24183 24266 24525 24930 24959 24477 23643 23135 23210 24112 24446 25619 26999 28524 28686 28518 27845 27259 26522 26447 26399 26373 26619 26723 26702 26712 26453 26173 26021 26103 25886 25770 25685 25527 26149 27097 27366 27185 27034 27072 27063 27218 27125 26710 25787 25137 24915 24787 25388 25782 26237 27062 27641 27573 25237 23647 24504 25890 28298 29710 29560 29720
20423 20347 20434 20621 21228 22207 23194 23612 23383 23050 22575 22229 22438 22864 23430 24030 24134 24387 24974 25104 25471 25522 25314 25075 25317 26198 27694 28192 28544 28552 28065 27286 26925 26521 26502 26431 26273 26482 26571 26777 26769 26607 26305 25903 26062 26264 25950 25940 26045 26465 26834 26986 26888 26988 26947 27081 27103 27009 26859 26238 25796 25301 25153 25403 25801 26453 27087 27683 27676 27336 26705 26787 27825 29405 30135 29891 29519
20596 20439 20433 20536 21252 22217 23360 23522 23119 22786 22179 21925 22019 22347 22633 22956 23664 23631 24194 24867 25632 25920 26228 26587 26929 27370 28009 28092 28235 28130 27389 26895 26638 26513 26701 26608 26299 26393 26523 26755 26757 26423 26170 26016 26171 26344 26184 25953 26082 26576 26384 25526 25690 26017 26481 26776 27102 27169 27168 26808 26873 26274 25565 25407 26271 26632 26620 27092 27593 28321 28673 28791 28338 29277 29993 29768 28551
20665 20505 20519 20805 21907 22866 23684 23658 22979 22487 22254 22028 21832 21877 22120 22359 22875 23220 23794 24442 25463 25946 26324 26865 27425 27750 28052 28076 27962 27708 27051 26755 26867 26893 26834 26496 26534 26688 26707 26767 26632 26268 26284 26158 25884 26164 26261 25657 25434 26220 26150 25327 24610 24548 25302 26537 27337 27492 27268 27369 27370 26616 25556 25292 26291 26472 26208 26365 27086 28124 28614 28715 28509 28460 28699 28406 27395
20612 20569 20670 21433 22684 23507 23867 23655 23065 22817 22586 22081 21898 22063 21948 21995 22250 22739 23464 24218 25327 25894 26274 26798 27337 27556 27571 27246 27567 27624 27353 27139 26979 26996 26810 26196 26593 26718 26575 26503 25990 25948 26203 26170 25787 26082 26204 25363 24624 25371 24977 24423 23713 23801 24588 26427 27334 27458 27274 27349 27343 26752 26346 25291 25778 25844 25712 25636 26488 28056 28080 28077 28213 27749 27713 27185 26435
20715 20791 21454 22553 23564 23880 23920 24027 23223 22815 22549 21980 21759 21894 21816 21817 21963 22664 23855 24671 25538 25973 26046 25888 25870 25620 25202 25044 25380 26573 27376 27618 27198 26679 26570 25797 26150 26485 26425 26191 25819 25781 26128 26230 26184 25486 25395 24325 24081 24283 24138 23691 23513 23615 24564 26474 27256 27314 26988 27004 27109 26736 26412 25738 25570 25776 25692 25273 26008 27419 27681 27632 27692 27023 26747 26506 25821
21132 21623 22583 23925 24800 25021 24869 24446 23395 22492 21900 21655 21701 21762 21660 21848 22067 22734 24068 25088 25391 25554 25031 24469 24061 23697 23640 23843 24412 24346 25909 27493 27654 27512 26587 25979 26083 26146 25946 25981 25591 25454 25657 26134 26211 25501 24717 24682 25081 25478 24732 24309 23999 24062 25063 26292 26881 26836 26427 26624 26636 26559 26340 25922 25794 25565 25654 25953 26053 26742 27404 27749 27609 26508 26169 25774 24962
22070 23184 24400 25550 25764 25758 25563 25016 24091 23150 22342 22081 22053 21895 21784 21895 22321 23026 24389 25132 25170 24468 23469 22913 21948 21724 21759 22071 22869 23598 24713 26104 27663 28021 27579 26802 26521 26505 26015 26070 25550 25525 25326 25996 26157 25965 25620 26252 26091 26169 25593 25400 25368 25669 26084 26168 26287 25676 25904 26702 26823 26566 26135 25599 25451 25589 26127 26918 26754 25916 27063 28022 28024 26774 25645 25141 24582
23501 24693 25788 26399 26452 26385 26075 25460 24656 23858 23288 22822 22544 22317 22071 22324 22770 23360 24669 25088 24709 24123 22633 21207 20334 20311 20219 20660 21644 22085 23430 24942 26652 28045 28302 27229 26716 26646 25766 25678 25425 25425 25568 25826 25900 25692 25814 26386 26222 26194 25790 26041 26074 25971 26334 26058 25718 24893 24904 25828 25885 26053 25514 24794 25286 25913 26286 27077 27156 26010 27181 28073 28078 26814 25502 25211 25099
25316 26179 26158 26211 26142 26223 26526 26177 25372 24584 24067 23642 23133 22531 22737 23003 23327 24212 25438 25791 24757 23670 21985 20160 19730 19583 19547 19960 20387 20801 22240 24120 25519 27793 28481 27511 26978 26800 26531 25501 25340 25550 25668 25389 24847 25043 25575 25880 25881 25829 25656 26169 26412 26178 26095 26247 25953 25745 24908 24650 25276 25432 24891 24970 25974 26287 26529 26979 27374 27772 27779 27789 27844 27271 25872 25356 25321
26751 26925 26027 25648 25124 25729 26333 26245 25700 25268 24901 24470 23895 23695 23309 23286 23515 24489 25840 25988 24402 22998 21078 20062 19752 19645 19763 19858 19930 20263 21687 23622 25144 27472 28561 27869 27127 26925 26363 25644 25904 25916 25493 25087 25243 25044 25027 25797 25447 25051 25741 26444 26804 26457 26571 26633 26305 26492 25537 25000 25453 25188 24865 25334 26645 26983 26732 27053 27605 27967 27861 27751 27917 27377 26447 25434 24928
27008 27103 26337 25361 24760 25153 25635 25828 25871 25818 25703 25664 25636 25063 24330 23550 23747 24583 26021 25865 24011 22045 21270 19982 19752 19739 19977 20144 20361 20468 21277 23061 25333 27727 28949 27885 27135 26817 26343 25939 25887 25914 25403 25003 25300 25174 25464 25845 25326 24854 25923 26187 26527 26364 26599 26745 26718 26913 26613 26455 26395 25584 25412 26399 26837 27177 26913 27372 28119 28053 27495 27296 27455 27419 26788 25416 24337
26810 27078 27014 25838 24836 24993 25372 25726 25950 26035 25946 25689 25892 25730 24582 23903 24089 24776 25870 25640 23893 22346 21283 20252 19825 20027 20379 20769 20956 20890 21908 23759 26163 28388 28983 27996 27133 26905 26380 25908 25813 25790 25459 25105 25296 25341 25648 25959 25595 25325 25577 26083 26165 26930 27274 27866 28146 28168 27661 27247 26948 25430 26319 27085 27190 27145 27013 27511 28147 28042 27366 26925 27048 26738 26294 25171 24331
26379 26931 26944 25523 24661 25480 25824 25675 25869 26020 25469 24877 25775 25753 24793 24419 24902 25012 25543 25272 24077 23362 21935 20888 20685 20705 20660 20834 20951 21444 21941 24183 26878 28643 29018 27968 26591 26198 25997 25645 25261 25464 25153 25097 26124 26089 25833 25732 25667 25897 26211 26214 26151 26909 27644 28261 29021 29312 28587 27682 27023 26782 26335 27091 27335 27055 27423 27926 28261 27854 26935 26578 25801 25525 25115 24655 23837
25887 26110 26059 24881 25080 25960 26113 25661 25704 25747 25502 25368 25783 25674 24993 24592 24880 25062 25745 25942 25305 23525 22668 21906 20742 19911 20555 20575 20341 21401 22632 25071 27759 28557 28039 26894 25787 25393 25349 24552 24437 24556 24647 25471 26575 26749 26291 25658 25791 26453 27142 27597 27461 27573 28058 28934 29237 29378 28781 27886 26932 26303 25870 26757 27433 27628 28376 28622 28700 27781 26164 25575 25622 25535 24803 24711 23694
25098 24871 24940 25036 25198 25706 26040 25341 25344 25269 25285 25272 25271 25154 24629 24477 24490 24786 25457 25792 25327 23805 23049 22472 20508 18941 19090 20990 21339 21854 23867 26324 28151 28272 26906 25228 24819 24823 24651 24187 24198 24201 24100 25251 26611 26827 26401 25451 26144 27033 27447 28444 28680 28610 29080 28945 29043 28931 28741 28768 28146 26794 26486 27382 27922 28429 28544 28664 28027 27142 25591 24759 25204 25479 25274 24762 24478
24235 23965 24070 25011 25419 25767 25550 25213 24937 24802 24602 24398 24580 24569 24277 24173 24146 24192 24842 25246 25263 24794 23344 22686 21285 19958 20406 22030 22155 22764 25295 27293 28073 27836 26468 25346 25129 25177 24747 24246 24118 23781 23689 25047 26412 26608 26137 25867 26497 27592 28172 29188 29446 29020 29238 28665 28853 29239 29311 29497 29232 28249 27777 27618 28609 29092 28807 28139 26929 26103 25207 24835 25282 25384 25196 24616 24493
23120 23028 23169 23846 24793 25507 25404 24920 24338 23977 23871 23857 24065 23983 23787 23884 23743 23870 24115 24464 24889 25076 24906 23494 23204 22012 22548 23320 23578 24550 26813 27965 27781 27189 26525 26068 25956 25944 25291 24323 24098 23931 23898 25144 26427 26355 25453 25775 26342 27505 28254 29125 29341 28978 29283 29561 29596 29435 29890 30075 29750 29409 29198 28869 29058 29295 28600 27447 26317 25685 24823 25152 25453 25411 24886 24402 22415
22413 22245 22712 22912 23565 24566 25140 25036 24542 24117 23678 23643 23717 23842 23515 24030 24261 24280 24192 24107 24408 24871 24981 24973 24902 24850 24878 25863 26371 26896 27397 27671 27356 27295 26916 26596 26367 25788 25059 24917 24939 24866 24852 25662 25940 25697 25810 26477 26458 26543 27845 28566 29094 29368 29833 30375 30430 30323 29994 30036 29992 29787 30046 30139 29794 29475 28289 27150 26174 25885 25579 25646 25753 24991 24940 25404 24894
22249 22259 22952 23278 24113 25064 25318 25268 24855 24469 24161 24072 23991 24069 24248 24265 24455 24523 24437 24802 24478 24431 24970 25367 25374 25326 26022 26604 26937 26832 26741 27075 27290 27288 27155 27138 26342 25534 24692 25012 25014 25260 25747 26139 26468 26091 26767 26773 26935 27169 27688 28449 29134 29428 29867 30278 30547 30541 30169 29982 29950 29650 29977 30394 30273 29446 28355 27045 26351 26539 26400 25956 25887 25061 24589 25263 25212
22519 22814 23109 23312 24217 25274 25915 25605 25037 24618 24259 24188 23934 24397 24367 24469 24898 24691 23566 24890 25112 24663 24670 24868 24677 24853 25662 26098 26188 26115 25602 25515 25689 26259 27075 27049 26382 25555 24251 24562 25413 25860 25983 26157 26888 26797 26931 27142 26951 27174 27479 28660 28993 29187 29818 30215 30249 30266 30240 30133 29954 29316 28989 29761 29919 29196 28186 27005 26271 27076 26817 26161 26061 26150 25647 25290 25512
22871 22900 23164 23309 24314 25304 26181 25912 24851 24411 23986 23731 23501 24435 25073 24876 24978 24982 24280 24947 25160 24957 24597 25064 25234 25398 25140 24854 25570 25525 24005 23082 23154 24046 26008 26472 25805 25068 24324 25073 25761 26534 26294 26173 26940 26834 27278 27022 26434 26997 27270 28661 28733 28514 29310 29757 29952 30070 29988 30090 29796 28811 28713 28434 28588 28633 28300 27577 26542 27090 26795 27134 27179 27045 26718 26630 26439
23189 23296 23023 23523 24585 25491 25937 25882 25501 25254 24291 23470 22709 24092 25672 25886 25714 25638 24673 24898 25008 25165 25240 25601 25877 25791 25236 23677 23530 23542 22813 22269 22310 22713 24497 26143 25535 24969 24667 25702 26798 26749 26400 26150 26831 27246 27415 27008 26207 26822 27537 28113 28437 28397 28534 29541 29615 28245 27444 28544 29420 29147 28795 27013 27582 28624 28579 28097 27627 26745 27736 27958 27793 27556 27695 27208 27078
23201 23239 23165 24255 24572 25412 25383 25426 25557 25362 24251 23516 22694 23671 25488 26013 25661 25789 25422 25037 25682 26220 26082 25718 25812 25702 25192 24433 24340 24590 23576 22510 22248 23040 25138 26515 26473 26158 25715 26178 26891 26910 26463 26162 27010 28050 28217 27982 27037 27347 27822 28149 28114 28277 28760 29070 28835 26303 24813 26595 28854 29097 28800 27879 28561 28798 28622 28786 28356 27994 28452 28851 28882 28504 28052 27854 27457
23756 24023 24301 24435 24609 24776 25209 25292 25280 25049 24625 23742 23510 22957 24487 25367 25420 25803 25345 25493 26191 26546 26481 25779 25339 25025 25443 25648 26273 26402 24778 23425 22826 23545 25885 26396 26657 26762 26322 26154 26803 26859 25986 25515 27086 28135 28733 28720 27827 27482 27648 27813 27953 28338 28776 29083 29005 26956 25589 27165 28747 28884 28763 28842 28820 29147 29358 29078 29646 29305 28776 28897 28956 28632 28240 28385 27567
24586 24689 24976 24895 24485 24747 25078 25215 25135 24982 24796 24713 24501 24343 24052 23855 24200 24239 24837 25516 26350 26469 26463 26297 25870 25110 25069 25674 26286 26429 26278 25594 25203 25699 26363 26358 27032 27181 26371 25626 25814 25760 25432 26581 27326 28123 28651 28712 28067 28062 28183 27570 27974 28228 28538 28957 29055 29023 28283 28674 28602 28394 28467 28627 28569 29150 29537 29524 30081 29953 29264 28851 29058 29168 28687 28432 27283
24870 24924 24940 24855 24900 24927 25265 25461 25191 24887 24765 24759 24777 24855 24660 23850 23461 24164 25573 25947 26439 26561 26396 26447 26027 25504 25408 25559 25714 25838 26252 26315 26292 26091 26003 25927 26852 26924 26405 26010 26133 25774 25584 26808 27513 28635 28836 27882 28124 28322 28355 27913 28506 28776 28124 28069 28876 29141 28713 28704 28318 28014 28411 28896 28916 28940 29452 29609 29517 29642 29257 28948 29264 29139 28608 27744 27193
24860 24927 25002 25225 25090 25022 25632 25833 25315 25003 25256 25097 25560 25693 25428 23949 23504 24453 25709 25949 26381 26662 26362 25720 25676 25455 25401 25594 25578 25514 25712 25928 25837 25653 25633 25554 26206 26211 26065 26379 26679 26546 26122 26711 27393 28298 28354 27903 27554 28387 28519 28281 28873 28870 28070 28198 28346 28164 27993 27911 27755 27954 27480 28850 29060 28894 29930 29939 29500 29420 29327 28988 29074 29051 28325 27948 27198
24844 24627 25007 25204 25090 25197 25376 25529 25336 25537 25613 25730 26561 26526 25811 24206 24343 25460 25772 25455 26013 26211 25924 25899 25836 25214 25459 25570 25709 25322 25493 25727 25663 25484 25432 25252 26330 26363 26966 26817 26985 26887 26851 26865 27310 27534 27190 27325 27443 28428 28593 28724 28950 28736 27884 28390 28433 27980 27765 27745 28036 28560 28360 29411 29540 28875 29992 30174 29800 29612 29241 28684 28743 28728 28620 28120 27605
25033 24921 24687 25042 25228 25393 25754 25941 26162 26348 26412 26503 26886 26708 25740 24318 25151 26199 26430 26212 25532 25955 26143 25891 25851 25399 25915 25827 26101 25674 25334 25426 25341 25062 24803 25392 26303 27103 27271 27122 26841 26729 27032 27106 27370 27229 27013 26833 27847 28433 28526 28860 28929 28653 28198 28278 28119 27755 27763 27790 28165 28911 29361 29799 29814 27679 29115 30019 29905 29564 29204 28622 28610 28111 28210 28001 27521
25021 25140 25156 24948 25268 25448 25839 26256 26545 26497 26433 25923 25754 25377 24604 24320 25224 25817 26500 26422 25900 25757 25937 25843 25473 25025 25859 25960 26227 25824 25404 25035 25201 25090 25127 25537 25862 26597 26962 26607 26413 26292 26889 27122 27212 27324 27251 27250 28075 28548 28678 29083 29116 28768 28900 28635 28003 27812 27773 27788 28313 28928 29594 29967 30358 29991 30037 29938 29968 29550 29066 28791 28273 28146 28052 28030 27277
24332 24994 25303 24993 25580 25713 26178 26357 26432 26485 25986 24952 24582 24385 23868 23779 24850 25232 25923 26080 26100 26396 25899 25274 25209 24966 25797 25874 25849 25604 25710 25499 25372 25710 25698 25556 25158 25690 26031 25446 25504 26233 27023 26774 27693 28260 28085 28009 28303 28830 29334 29455 29509 29514 29258 28610 28301 27863 27848 27976 28321 28736 29093 29989 30210 30065 29920 29859 29224 29218 29129 28732 28311 28221 27672 27416 26841
24337 25624 25493 25012 25548 25918 25934 25776 25661 25832 25406 24785 24276 24158 24142 23835 24840 25876 25758 25842 26167 26523 26220 25617 25267 24723 25797 26005 26098 25659 25822 25627 26059 26184 25863 25632 25446 25246 25321 25114 25337 25992 26828 27549 28351 28703 28480 29005 29115 29133 29426 29465 29558 29739 29040 28769 28324 28277 28129 27970 28607 28636 29014 29823 29746 29934 30456 29807 29154 29098 28932 28703 28810 28457 28190 27213 26801
