Alternative/Moon/Lvl0_30x30/Ele_AG.asc
ncols         335
nrows         335
xllcorner     57491.657
yllcorner     6672833.042
cellsize      10000
nodata_value  -9999.0
[rows 170 to 203 of 335, columns 77 to 153 of 335]
18012 18145 18180 18211 18210 18154 18145 18168 18160 18170 18173 18157 18166 18143 18124 18206 18279 18281 18192 18167 18324 18333 18210 18159 18287 18338 18380 18484 18535 18659 18778 18810 18877 19022 19183 19264 19263 19233 19281 19318 19115 19016 19162 19148 19060 18941 18868 18844 18714 18656 18756 18908 18941 19050 19145 19288 19470 19642 19791 19923 19933 19838 19786 19592 19279 18877 18507 18165 18063 18013 18021 18018 17965 17906 17907 17915 17900
18111 18208 18225 18229 18287 18285 18340 18326 18225 18016 18005 18058 18105 18105 18100 18082 18071 18073 17985 17867 17836 17858 17871 18019 18213 18266 18175 17950 17838 17795 17810 17853 17984 18271 18571 18770 19052 19128 19113 19093 19050 18977 18916 18905 18719 18530 18380 18443 18453 18468 18523 18701 18824 18993 19111 19264 19430 19724 19902 20035 20024 19863 19828 19676 19478 19210 18931 18636 18305 18170 18211 18375 18409 18335 18187 18090 18022
17905 17959 18099 18179 18232 18330 18362 18306 18269 18151 18050 17898 17927 17857 17868 17849 17823 17827 17824 17825 17831 17836 17798 17799 17765 17767 17777 17769 17748 17755 17792 17857 17885 18138 18393 18507 18642 18808 18874 18963 19009 18849 18748 18573 18722 18888 19004 19030 18947 18779 18685 18766 18858 18889 18961 19015 19225 19581 19593 19701 19756 19681 19696 19652 19415 19157 18989 18785 18686 18440 18311 18299 18330 18257 18202 18091 18033
17877 17859 17842 17904 17922 17916 17987 17884 17893 17856 17837 17839 17849 17863 17824 17836 17815 17818 17831 17840 17836 17800 17789 17782 17767 17768 17756 17749 17754 17797 17967 18168 18277 18377 18418 18512 18366 18047 17882 17863 17916 17971 18046 18182 18614 18908 19035 19136 19096 19039 18884 18775 18856 18929 19105 19161 19133 19278 19297 19312 19236 19273 19178 18954 18783 18607 18681 18705 18577 18405 18243 18226 18104 18048 17994 17938 17966
17875 17860 17825 17804 17827 17811 17790 17805 17792 17780 17779 17772 17781 17806 17808 17778 17793 17776 17771 17748 17718 17708 17747 17746 17759 17776 17769 17744 17756 17754 17755 17795 17878 17995 18352 18447 18360 18007 17769 17677 17646 17675 17689 17708 17811 18225 18604 19018 19132 19066 18918 18767 18735 18847 19029 19055 18882 18755 18737 18650 18535 18445 18328 18164 18118 18081 18062 18018 17998 17981 17973 17876 17939 17964 17951 17953 17925
17832 17823 17811 17815 17810 17816 17809 17796 17782 17786 17786 17781 17785 17782 17792 17780 17768 17760 17761 17773 17749 17764 17747 17706 17716 17724 17754 17749 17744 17725 17729 17739 17764 18002 18325 18486 18410 18210 17963 17854 17872 17901 17906 17915 18192 18690 19043 19148 19104 19005 18750 18692 18638 18539 18366 18174 18128 18009 18042 18096 18130 18098 18046 18088 18041 17989 17936 17892 17859 17829 17826 17796 17807 17774 17766 17809 17798
17822 17811 17803 17801 17797 17813 17806 17802 17779 17772 17773 17779 17773 17753 17770 17753 17746 17755 17738 17738 17726 17732 17719 17719 17721 17718 17714 17717 17693 17695 17693 17665 17641 17625 17656 17660 17704 17728 17766 17785 17902 17948 17769 17821 18018 18378 18517 18580 18586 18559 18585 18595 18446 18278 18020 17922 17966 18019 18076 18094 18099 18136 18140 18132 18019 17953 17900 17870 17827 17841 17842 17798 17782 17802 17776 17772 17812
17813 17805 17798 17796 17796 17797 17795 17784 17775 17768 17766 17763 17771 17797 17815 17741 17814 17795 17735 17733 17716 17702 17711 17708 17706 17713 17699 17699 17689 17689 17677 17638 17630 17618 17621 17622 17622 17646 17654 17652 17666 17683 17704 17722 17744 17761 17860 17930 17994 18119 18178 18125 17989 17901 17909 17925 17946 18000 18038 18119 18181 18021 17946 18096 18026 17945 17894 17903 17829 17779 17687 17754 17783 17801 17796 17780 17803
17819 17799 17797 17808 17803 17806 17787 17790 17784 17772 17762 17778 17780 17808 17777 17740 17702 17711 17720 17741 17719 17711 17706 17693 17694 17700 17709 17700 17679 17678 17689 17687 17680 17654 17618 17624 17620 17658 17719 17785 17721 17723 17769 17779 17820 17893 17966 17994 18000 17897 17848 17854 17940 17950 17956 18025 17974 18013 18029 18089 18140 18066 18060 18029 17958 17935 17900 17885 17852 17833 17854 17784 17777 17784 17748 17744 17755
17827 17817 17819 17808 17800 17795 17792 17767 17755 17749 17836 17766 17753 17748 17744 17735 17734 17737 17721 17716 17686 17701 17698 17689 17694 17692 17694 17709 17705 17708 17711 17706 17712 17694 17694 17691 17766 17814 17728 17779 17799 17788 17824 18001 17950 17772 17638 17996 18303 18315 18318 18277 18175 18041 18025 17997 17981 17969 17972 17975 17964 17946 17941 17928 17931 17892 17863 17840 17812 17793 17788 17777 17773 17740 17725 17750 17742
17812 17812 17809 17806 17804 17795 17807 17780 17769 17771 17766 17758 17741 17736 17734 17746 17758 17758 17736 17702 17687 17694 17690 17682 17675 17676 17689 17688 17703 17719 17810 17939 18010 18033 18073 18143 18249 18229 18096 17845 17790 17777 17745 17822 17862 18074 18242 18349 18371 18242 18266 18229 18184 18043 17973 17972 17973 17952 17950 17941 17945 17956 17910 17912 17878 17858 17839 17817 17798 17775 17765 17743 17721 17668 17675 17719 17695
17812 17822 17809 17803 17792 17785 17796 17781 17768 17765 17764 17755 17755 17744 17757 17761 17764 17759 17743 17728 17718 17710 17700 17684 17674 17692 17695 17754 17761 17799 17850 17872 17986 18016 18100 18273 18512 18579 18456 18197 17930 17776 17794 17836 17780 17917 18081 17998 17892 17905 17919 17955 17982 18009 18029 18019 17996 17983 17958 17995 17952 17921 17951 17888 17893 17858 17831 17802 17775 17762 17746 17724 17731 17708 17667 17703 17691
17822 17820 17807 17801 17794 17783 17773 17789 17812 17815 17802 17759 17782 17783 17772 17773 17772 17756 17745 17746 17726 17724 17737 17725 17767 17739 17692 17783 17844 17838 17969 18007 17983 18034 18016 18224 18446 18499 18265 17988 17896 17858 17882 17868 17801 17771 17761 17791 17891 18001 18354 18615 18728 18651 18307 18058 18021 18021 17970 17963 17956 17949 17930 17915 17859 17858 17821 17795 17767 17752 17749 17714 17701 17706 17687 17647 17656
18037 18130 18061 17828 17813 17864 17917 17946 17871 17838 17845 17830 17789 17781 17774 17748 17756 17751 17755 17762 17756 17739 17760 17780 17751 17787 17763 17771 17807 17975 17947 18053 18122 18042 18020 18088 18510 18886 18979 18939 18860 18964 18805 18387 17898 17787 17772 17826 17858 18002 18357 18578 18586 18579 18365 18097 18036 18023 18021 18008 17988 17944 17918 17898 17899 17858 17853 17845 17804 17852 17849 17833 17749 17765 17757 17711 17634
17947 18231 18258 18209 18091 17990 17973 17965 17906 17884 17879 17832 17802 17776 17781 17751 17757 17757 17781 17761 17759 17733 17742 17737 17784 17788 17861 18143 18205 18224 18344 18339 18380 18373 18406 18565 18807 18998 18907 18944 19187 19237 19062 18538 18005 17887 17930 17894 17845 17857 17948 18101 18320 18362 18327 18090 18058 18053 18040 18018 18000 17963 17958 17943 17922 17907 17884 17867 17838 17837 17825 17807 17764 17737 17730 17710 17634
18036 18030 18111 18155 18038 18151 18290 18246 18047 17899 17900 17849 17934 17999 17927 17891 17848 17929 17987 17977 17922 17803 17800 17834 17833 17999 18094 18217 18310 18331 18339 18348 18366 18370 18373 18530 18552 18635 18816 18855 18755 18780 18627 18591 18558 18406 18350 18157 17928 17855 17917 17963 17991 18001 18012 18027 18044 18051 18052 18077 18067 18081 18087 18039 17983 17930 17907 17872 17843 17821 17810 17812 17759 17711 17678 17664 17633
18321 18418 18428 18460 18559 18727 18806 18840 18714 18513 18342 18229 18298 18312 18293 18194 18153 18175 18196 18339 18338 18222 18155 18124 18143 18194 18225 18172 18098 18045 17968 17955 18008 17952 17830 17837 18118 18118 18092 17875 17874 18018 18101 18083 18029 18047 18029 17926 17855 17853 17869 17923 17974 18074 18107 18059 18131 18212 18479 18549 18449 18270 18159 18072 18017 17976 17943 17922 17901 17871 17843 17835 17769 17722 17721 17597 17605
18139 18187 18293 18524 18842 19062 19256 19334 19108 18811 18587 18275 18154 18147 18143 18132 18143 18153 18202 18288 18617 18684 18650 18588 18169 17864 17746 17715 17685 17649 17654 17664 17644 17655 17634 17622 17610 17617 17689 17748 17675 17832 17826 17852 17908 17915 17875 17844 17799 17831 17850 17886 17918 17944 17972 18092 18359 18632 18717 18778 18705 18560 18295 18121 18077 18068 18035 17955 17918 17906 17914 17878 17783 17716 17724 17671 17625
18945 19156 19394 19530 19566 19711 19812 19622 19235 18724 18448 18268 18233 18227 18232 18216 18218 18392 18487 18888 19101 19142 19045 18966 18537 17984 17821 17739 17676 17677 17669 17629 17613 17607 17604 17578 17600 17580 17588 17588 17606 17665 17727 17793 17834 17888 17831 17780 17801 17834 17869 17874 17913 17940 17970 18025 18103 18176 18422 18715 18673 18469 18211 18673 18752 18560 18236 18081 18004 17951 17925 17915 17830 17788 17802 17722 17688
19705 19673 19702 19787 19897 20012 20053 20084 19994 19512 19317 19140 19218 19308 19294 19112 19173 19396 19601 19594 19668 19727 19489 19233 18910 18504 18300 17994 17769 17712 17687 17668 17660 17649 17655 17652 17630 17619 17609 17610 17629 17678 17679 17738 17815 17853 17885 17791 17838 17877 17915 17961 17985 18023 18050 18160 18507 18892 18939 19072 19294 19709 19872 19937 19677 19071 18554 18127 18026 17978 17959 17911 17846 17795 17800 17795 17712
20722 20720 20685 20600 20575 20407 20439 20421 20266 20409 20422 20308 20132 19973 19736 19567 19406 19425 19657 19694 19833 19973 19978 19885 19595 19169 18916 18564 18166 17961 17801 17766 17734 17697 17679 17671 17664 17645 17655 17641 17655 17677 17706 17749 17786 17825 17834 17828 17874 17898 18066 18178 18348 18534 18602 18855 19280 19765 19888 19755 19683 19839 20048 19983 19616 19015 18470 18091 18035 17986 17953 17893 17913 17907 17879 17861 17834
20983 21017 21034 20861 20711 20540 20449 20399 20440 20427 20385 20086 19720 19498 19427 19477 19631 19600 19492 19369 19363 19392 19528 19618 19539 19207 19110 19142 18843 18426 18041 17872 17838 17785 17776 17764 17744 17735 17724 17743 17739 17742 17785 17848 17832 17837 17845 17894 17964 18260 18526 18858 19095 19205 19430 19909 20237 20350 20303 19867 19658 19662 19562 19189 19057 18865 18741 18660 18426 18123 18186 18259 18306 18219 18137 18047 17983
20792 20751 20743 20669 20556 20381 20337 20334 20301 20330 20289 20174 19981 19830 19831 20164 20557 20600 20358 20176 20381 20487 20522 20424 20324 20075 20024 19726 19466 19268 18881 18700 18557 18108 17920 17862 17871 17882 17837 17908 17931 17948 17973 18075 18226 18465 18462 18666 18841 19172 19383 19410 19589 19727 19762 20045 20213 20107 19957 19461 19326 19575 19681 19719 19574 19146 18911 18818 18792 19008 19167 19317 19374 19263 19065 18695 18320
20282 20217 20195 20066 20074 20174 20117 20072 20046 20038 20167 20149 20097 20091 20268 20499 20680 20765 20577 20611 20682 20865 20883 20880 20753 20595 20648 20699 20529 20287 19966 19481 18997 18508 18436 18377 18554 18839 18821 18911 18946 19124 19273 19520 19608 19712 19772 19788 19874 19980 19946 19772 19931 19968 19884 19704 19669 19259 19043 19137 19381 19607 19746 19821 19709 19196 19004 18986 18909 19042 19080 19203 19164 19025 18835 18690 18687
19199 19145 19154 19151 19173 19163 19213 19417 19441 19363 19460 19501 19484 19601 19697 19754 19743 19806 19890 20018 20075 20203 20259 20391 20417 20512 20835 20980 20999 20937 20812 20321 19817 19684 19717 19966 20183 20366 20466 20579 20580 20757 20828 20660 20527 20278 20166 19974 20049 20175 20268 20239 20097 19918 19648 19189 18670 18430 18366 18462 18519 18587 18669 18569 18598 18761 18836 18814 18654 18576 18690 19009 18977 18833 18780 18629 18523
18714 18355 18257 18135 18262 18327 18344 18382 18428 18521 18584 18589 18555 18503 18434 18557 18611 18447 18585 18890 19263 19361 19491 19844 20054 20110 20156 20374 20333 20383 20331 19943 20359 20650 20691 20983 21243 21586 21687 21595 21439 21346 21092 20675 20454 20325 20401 20410 20387 20375 20372 20260 19976 19506 19159 18703 18417 18433 18473 18459 18172 18085 18092 18151 18214 18201 18162 18068 18029 17999 17972 17936 17925 17920 17895 17890 17875
18042 18027 18022 18009 17987 17935 17987 17997 18001 18015 18027 18063 18078 18080 18096 18119 18119 18146 18141 18098 18101 18168 18361 18448 18723 19154 19297 19345 19455 19515 19581 20032 20383 20720 20918 21220 21549 21893 21968 21973 21776 21632 21493 21465 21381 21167 21004 20715 20426 20131 19894 19484 18948 18449 18336 18195 18172 18226 18208 18197 18255 18222 18198 18086 18033 17963 17929 17920 17903 17886 17866 17828 17821 17824 17799 17804 17809
17829 17834 17821 17830 17832 17812 17800 17818 17845 17856 17857 17873 17894 17929 17950 17947 17926 17938 17938 17949 17974 17993 18005 18047 18046 18102 18260 18425 18548 18698 19077 19670 20142 20597 20735 20936 21199 21535 21670 21625 21693 21844 21823 21733 21574 21293 21063 20687 20255 19827 19401 18892 18435 18279 18274 18227 18140 18114 18112 18117 18196 18098 17985 17926 17886 17860 17854 17867 17873 17814 17835 17808 17785 17750 17744 17724 17731
17591 17617 17617 17634 17640 17652 17641 17657 17660 17669 17649 17685 17674 17718 17717 17749 17742 17748 17759 17771 17786 17790 17798 17837 17839 17871 17893 17919 17972 18089 18208 18678 19066 19518 19847 20062 20169 20430 20678 21038 21366 21419 21421 21345 21320 21240 20963 20406 20008 19706 19767 19766 19565 19445 19341 19155 18897 18650 18306 17989 17916 17883 17872 17842 17822 17818 17804 17811 17771 17758 17759 17777 17743 17699 17681 17676 17681
17565 17564 17565 17522 17489 17481 17493 17500 17507 17509 17506 17498 17492 17549 17547 17577 17569 17637 17634 17663 17632 17737 17690 17655 17655 17693 17695 17756 17778 17894 17937 18060 18119 18459 18868 19207 19546 19592 19823 20142 20309 20472 20708 20954 20993 20899 20723 20268 19851 20017 20124 20053 19877 19706 19539 19233 18953 18695 18364 18069 17942 17887 17871 17850 17816 17824 17813 17810 17787 17771 17748 17728 17725 17721 17704 17752 17709
17557 17531 17499 17465 17429 17424 17426 17436 17482 17477 17465 17456 17449 17448 17438 17442 17441 17446 17452 17491 17538 17550 17512 17612 17606 17608 17596 17590 17635 17729 17801 17946 18039 18038 18096 18174 18440 18789 18840 18720 18702 18615 18502 18547 18823 18945 19111 19432 19818 20148 20172 20155 20162 20059 19872 19562 19273 18946 18744 18365 18043 17895 17865 17845 17838 17831 17863 17851 17811 17814 17780 17728 17706 17687 17686 17727 17682
17544 17492 17468 17437 17415 17399 17407 17431 17449 17442 17459 17441 17406 17390 17383 17412 17402 17423 17409 17406 17391 17402 17426 17452 17478 17512 17543 17647 17694 17698 17750 17815 17811 17814 17848 17887 17917 17989 18009 18036 18096 18137 18176 18179 18149 18191 18212 18308 18613 19136 19300 19825 19985 19976 19829 19662 19459 19049 18764 18472 18223 17991 17870 17855 17843 17842 17870 17886 17873 17839 17807 17749 17694 17698 17704 17656 17645
17454 17438 17418 17406 17415 17393 17391 17377 17392 17387 17385 17433 17444 17381 17374 17390 17380 17402 17373 17368 17366 17375 17416 17436 17483 17556 17578 17600 17621 17657 17615 17631 17634 17625 17640 17662 17689 17760 17826 17896 17908 17929 17933 17926 17938 17942 17967 17948 17971 18034 18082 18220 18459 18862 19207 19230 18946 18793 18657 18424 18117 17949 17891 17856 17825 17831 17834 17793 17786 17785 17782 17749 17731 17715 17724 17699 17691
17420 17416 17408 17396 17385 17373 17374 17374 17363 17362 17365 17360 17365 17353 17340 17342 17333 17340 17327 17361 17349 17366 17396 17486 17537 17548 17550 17548 17554 17550 17555 17529 17559 17584 17618 17658 17658 17713 17711 17725 17704 17689 17724 17714 17739 17781 17786 17804 17814 17872 17908 18006 18045 18073 18137 18142 18163 18138 18240 18164 17984 17978 17909 17851 17817 17840 17815 17786 17764 17752 17741 17756 17770 17701 17689 17703 17709
