Alternative/Moon/Lvl0_30x30/Ele_DH.asc
ncols         335
nrows         335
xllcorner     3407491.657
yllcorner     -3377166.958
cellsize      10000
nodata_value  -9999.0
[rows 136 to 169 of 335, columns 0 to 76 of 335]
15106 15054 14981 14838 14800 14740 14747 14744 14673 14648 14549 14449 14419 14400 14429 14456 14480 14509 14545 14498 14418 14443 14428 14427 14429 14436 14479 14497 14505 14522 14550 14541 14476 14482 14473 14461 14468 14485 14620 14836 14526 14479 14519 14487 14471 14421 14448 14441 14500 14561 14579 14570 14558 14553 14543 14515 14519 14480 14446 14350 14308 14271 14242 14276 14284 14267 14247 14371 14548 14554 14663 14656 14521 14489 14459 14465 14487
15175 15061 15004 14886 14789 14758 14832 14717 14593 14626 14618 14483 14418 14428 14416 14508 14487 14482 14423 14420 14416 14416 14424 14422 14441 14460 14470 14521 14516 14508 14552 14517 14487 14481 14501 14715 14631 14549 14631 14530 14696 14462 14431 14432 14517 14487 14492 14494 14497 14531 14592 14596 14578 14698 14651 14580 14525 14480 14418 14368 14313 14288 14257 14344 14319 14275 14254 14253 14405 14580 14660 14569 14667 14555 14591 14495 14497
15166 15079 14895 14821 14724 14681 14601 14731 14583 14563 14539 14457 14431 14455 14432 14444 14431 14379 14362 14370 14368 14386 14393 14409 14438 14459 14501 14508 14518 14507 14519 14517 14503 14647 14593 14789 14554 14517 14432 14419 14933 14420 14463 14455 14521 14518 14542 14524 14497 14502 14526 14546 14557 14564 14620 14577 14529 14479 14416 14371 14330 14304 14303 14317 14339 14303 14285 14252 14268 14433 14590 14794 14751 14573 14593 14595 14520
15003 15028 14896 14785 14737 14743 14774 14779 14531 14611 14490 14451 14441 14444 14404 14394 14390 14376 14352 14343 14377 14402 14398 14400 14436 14458 14499 14591 14513 14472 14456 14459 14459 14438 14440 14439 14467 14496 14440 14430 14709 14448 14393 14509 14509 14522 14527 14522 14507 14480 14464 14433 14433 14470 14508 14510 14484 14448 14388 14372 14352 14330 14321 14329 14325 14310 14304 14287 14254 14363 14453 14624 14729 14647 14620 14623 14636
15004 14886 14835 14749 14707 14679 14651 14707 14762 14693 14498 14449 14407 14462 14412 14377 14389 14358 14362 14344 14412 14399 14376 14404 14446 14448 14485 14515 14534 14509 14473 14458 14425 14402 14407 14419 14457 14479 14454 14426 14495 14480 14498 14580 14569 14544 14516 14494 14486 14467 14445 14410 14393 14385 14364 14365 14374 14404 14397 14387 14362 14363 14356 14358 14327 14330 14324 14301 14278 14309 14391 14569 14719 14672 14647 14660 14639
14938 14826 14772 14770 14644 14633 14610 14639 14678 14645 14518 14453 14403 14424 14420 14430 14440 14375 14372 14388 14451 14492 14488 14401 14428 14446 14497 14514 14495 14475 14480 14440 14488 14412 14393 14419 14426 14427 14431 14440 14504 14472 14472 14595 14599 14532 14502 14482 14454 14436 14415 14404 14385 14357 14337 14341 14359 14389 14407 14407 14389 14397 14396 14379 14356 14337 14315 14322 14344 14365 14415 14519 14717 14752 14725 14717 14706
14938 14854 14846 14798 14692 14635 14567 14537 14600 14612 14504 14459 14454 14403 14437 14406 14357 14345 14332 14424 14422 14485 14416 14418 14476 14479 14530 14536 14529 14493 14423 14428 14389 14372 14370 14385 14422 14431 14442 14454 14492 14476 14497 14561 14548 14528 14499 14465 14436 14418 14398 14378 14372 14351 14337 14338 14355 14357 14395 14429 14436 14442 14400 14373 14367 14340 14319 14328 14329 14355 14431 14493 14607 14749 14736 14735 14732
14928 14867 14884 14918 14791 14733 14564 14508 14504 14463 14483 14469 14487 14464 14405 14439 14372 14345 14354 14354 14517 14579 14445 14466 14446 14471 14474 14561 14564 14521 14401 14402 14388 14389 14399 14411 14421 14446 14464 14473 14532 14510 14535 14568 14555 14545 14502 14474 14430 14414 14393 14381 14358 14343 14337 14382 14350 14349 14379 14434 14450 14445 14406 14378 14358 14370 14347 14352 14355 14355 14456 14506 14523 14635 14694 14707 14708
14810 14858 14770 14799 14818 14778 14596 14485 14447 14437 14488 14494 14553 14543 14430 14401 14401 14404 14362 14384 14595 14484 14445 14429 14467 14519 14506 14557 14611 14525 14413 14386 14389 14384 14393 14421 14449 14457 14487 14508 14522 14546 14565 14577 14560 14542 14495 14472 14438 14406 14397 14370 14371 14358 14349 14357 14355 14367 14419 14465 14462 14457 14433 14390 14365 14372 14355 14361 14385 14400 14489 14526 14496 14595 14682 14718 14685
14811 14808 14674 14696 14736 14714 14626 14454 14401 14425 14446 14451 14442 14457 14375 14374 14347 14383 14416 14413 14657 14659 14480 14470 14459 14546 14528 14516 14573 14573 14464 14395 14396 14417 14441 14445 14445 14463 14496 14535 14547 14549 14546 14568 14559 14544 14493 14474 14436 14407 14385 14421 14418 14387 14388 14384 14383 14391 14451 14494 14495 14490 14476 14437 14432 14424 14385 14391 14395 14402 14502 14562 14613 14586 14669 14732 14692
14817 14807 14700 14636 14783 14827 14644 14553 14481 14475 14434 14427 14475 14454 14413 14428 14376 14335 14372 14457 14537 14533 14479 14448 14445 14491 14501 14529 14545 14514 14471 14440 14415 14433 14456 14455 14443 14473 14516 14577 14542 14536 14538 14574 14565 14534 14485 14468 14447 14417 14415 14404 14451 14422 14420 14420 14422 14429 14470 14501 14506 14497 14499 14479 14493 14523 14490 14436 14442 14461 14454 14538 14629 14618 14658 14674 14628
14800 14722 14681 14707 14708 14656 14638 14615 14530 14413 14414 14468 14431 14424 14509 14570 14363 14359 14388 14427 14572 14657 14406 14448 14443 14458 14508 14547 14530 14517 14476 14457 14423 14437 14529 14478 14482 14490 14512 14501 14549 14556 14531 14534 14530 14503 14489 14468 14442 14440 14428 14408 14420 14428 14430 14419 14449 14462 14493 14502 14509 14512 14511 14507 14505 14543 14545 14522 14498 14520 14540 14600 14669 14633 14624 14634 14600
14685 14709 14632 14618 14608 14611 14602 14447 14465 14445 14434 14476 14419 14414 14630 14467 14410 14446 14418 14401 14455 14398 14406 14435 14430 14470 14516 14549 14532 14585 14546 14477 14476 14438 14606 14609 14604 14546 14495 14506 14529 14734 14524 14515 14501 14493 14485 14473 14460 14435 14426 14420 14425 14417 14421 14431 14465 14461 14476 14506 14527 14527 14520 14528 14531 14558 14576 14591 14593 14590 14644 14666 14738 14724 14693 14648 14645
14732 14754 14704 14667 14686 14612 14528 14502 14543 14455 14451 14438 14455 14490 14494 14404 14434 14465 14436 14393 14389 14387 14396 14428 14473 14480 14478 14543 14508 14600 14797 14503 14517 14484 14603 14622 14607 14493 14484 14502 14503 14839 14484 14491 14503 14491 14479 14457 14440 14422 14409 14417 14453 14454 14414 14410 14452 14464 14477 14515 14535 14537 14534 14547 14568 14582 14627 14676 14734 14713 14636 14626 14783 14791 14773 14790 14706
14638 14751 14793 14661 14658 14642 14564 14554 14516 14491 14454 14418 14402 14421 14438 14439 14433 14460 14481 14449 14425 14419 14400 14440 14465 14480 14475 14521 14552 14661 14915 14552 14529 14520 14563 14576 14578 14515 14470 14501 14569 14758 14458 14461 14465 14467 14453 14448 14435 14422 14401 14391 14425 14432 14411 14391 14404 14444 14479 14520 14534 14547 14554 14566 14573 14586 14729 14627 14644 14706 14704 14557 14596 14783 14776 14826 14879
14676 14685 14657 14639 14606 14574 14531 14454 14471 14495 14479 14449 14425 14421 14416 14438 14416 14437 14437 14459 14444 14450 14434 14423 14455 14464 14470 14500 14517 14550 14592 14618 14574 14545 14472 14500 14478 14507 14478 14442 14486 14664 14422 14431 14459 14470 14452 14449 14427 14415 14402 14388 14506 14618 14504 14415 14412 14422 14452 14504 14525 14548 14562 14577 14588 14598 14724 14563 14654 14575 14702 14539 14560 14618 14636 14795 14911
14697 14664 14602 14616 14608 14548 14567 14511 14512 14518 14467 14441 14442 14420 14406 14422 14430 14428 14452 14484 14506 14465 14456 14461 14447 14452 14477 14544 14517 14575 14606 14611 14644 14581 14482 14439 14449 14469 14423 14429 14535 14755 14415 14441 14438 14432 14427 14421 14419 14403 14390 14394 14524 14620 14561 14396 14415 14441 14465 14473 14532 14575 14646 14611 14599 14608 14715 14737 14495 14658 14695 14532 14540 14542 14580 14615 14730
14695 14687 14633 14675 14634 14539 14532 14531 14548 14498 14473 14459 14448 14438 14539 14455 14424 14448 14474 14496 14496 14579 14550 14474 14470 14461 14576 14512 14546 14594 14679 14636 14585 14560 14493 14430 14459 14431 14409 14416 14514 14801 14513 14569 14546 14454 14418 14415 14428 14416 14388 14390 14473 14627 14499 14389 14407 14430 14501 14480 14522 14562 14635 14624 14619 14616 14627 14712 14693 14647 14489 14500 14541 14553 14589 14651 14676
14748 14770 14676 14647 14622 14572 14548 14541 14541 14526 14512 14569 14466 14452 14517 14506 14449 14452 14509 14499 14510 14596 14549 14505 14503 14466 14588 14504 14538 14574 14658 14658 14600 14553 14495 14429 14399 14438 14432 14680 14378 14688 14538 14524 14448 14415 14400 14419 14409 14396 14376 14378 14405 14439 14420 14399 14415 14440 14495 14513 14531 14559 14607 14620 14617 14619 14628 14592 14494 14461 14459 14475 14532 14577 14627 14681 14701
14753 14860 14766 14729 14690 14669 14670 14698 14640 14525 14678 14686 14612 14510 14500 14491 14475 14495 14477 14475 14472 14592 14618 14528 14498 14500 14561 14586 14541 14560 14639 14651 14605 14560 14485 14425 14406 14404 14429 14457 14362 14573 14428 14440 14418 14394 14382 14394 14394 14386 14384 14378 14395 14443 14536 14458 14427 14451 14496 14539 14557 14560 14598 14610 14615 14604 14601 14502 14442 14434 14439 14434 14499 14563 14624 14688 14710
14786 14859 14832 14831 14697 14725 14763 14722 14635 14608 14641 14613 14558 14494 14470 14495 14488 14477 14488 14480 14467 14621 14638 14560 14595 14521 14577 14604 14529 14543 14631 14645 14620 14562 14486 14424 14417 14396 14385 14388 14497 14740 14375 14361 14367 14377 14390 14383 14380 14376 14454 14392 14405 14447 14485 14418 14442 14489 14515 14550 14582 14584 14595 14595 14579 14561 14518 14442 14411 14411 14407 14421 14436 14465 14525 14601 14633
14842 14919 14872 14814 14797 14685 14677 14752 14630 14627 14571 14547 14572 14577 14500 14499 14488 14497 14492 14469 14496 14466 14558 14542 14569 14562 14570 14585 14538 14533 14633 14626 14619 14548 14467 14425 14383 14368 14370 14379 14499 14707 14381 14384 14362 14369 14390 14382 14378 14371 14409 14402 14401 14415 14442 14433 14454 14515 14519 14544 14581 14601 14626 14579 14539 14519 14440 14393 14390 14390 14392 14414 14430 14441 14475 14531 14567
14891 14986 14986 14874 14798 14724 14670 14624 14608 14641 14619 14583 14600 14642 14571 14536 14516 14515 14509 14492 14475 14566 14530 14548 14554 14567 14551 14541 14541 14551 14603 14626 14593 14534 14455 14410 14380 14375 14387 14383 14447 14684 14380 14380 14381 14386 14392 14399 14386 14384 14415 14411 14411 14413 14439 14458 14493 14547 14544 14572 14605 14613 14598 14552 14511 14454 14402 14381 14376 14379 14391 14393 14406 14418 14454 14516 14543
14816 14826 14852 14870 14893 14811 14702 14661 14668 14654 14666 14615 14609 14637 14590 14573 14561 14546 14546 14512 14479 14482 14526 14534 14558 14570 14538 14563 14549 14557 14594 14626 14594 14534 14444 14396 14372 14369 14382 14372 14401 14661 14398 14392 14387 14400 14402 14404 14418 14408 14510 14516 14412 14421 14426 14473 14502 14566 14579 14600 14623 14634 14583 14537 14469 14413 14381 14370 14367 14372 14373 14381 14390 14404 14432 14466 14515
14846 14769 14781 14928 15011 14911 14737 14738 14708 14687 14674 14666 14663 14654 14611 14613 14618 14611 14561 14534 14529 14515 14525 14547 14564 14545 14545 14539 14556 14553 14563 14570 14576 14567 14454 14404 14398 14384 14399 14449 14488 14535 14401 14408 14401 14427 14406 14424 14429 14441 14545 14473 14428 14425 14439 14460 14511 14551 14597 14626 14653 14659 14596 14524 14453 14407 14383 14393 14366 14366 14378 14382 14390 14408 14426 14461 14496
14712 14774 14763 14865 14845 14805 14757 14738 14724 14694 14678 14672 14690 14697 14633 14636 14617 14588 14594 14567 14555 14531 14525 14543 14551 14549 14540 14541 14541 14546 14552 14536 14551 14566 14489 14404 14400 14429 14444 14431 14436 14464 14404 14428 14513 14395 14516 14433 14431 14438 14456 14479 14472 14459 14458 14458 14504 14543 14590 14623 14643 14652 14624 14574 14428 14393 14412 14399 14379 14377 14386 14392 14400 14425 14445 14471 14495
14706 14740 14744 14794 14798 14783 14713 14733 14709 14699 14678 14671 14664 14658 14646 14652 14613 14605 14597 14584 14603 14589 14551 14544 14535 14522 14516 14511 14518 14530 14534 14535 14519 14524 14536 14466 14425 14442 14438 14435 14429 14513 14420 14439 14543 14545 14500 14465 14434 14436 14458 14501 14501 14491 14474 14475 14500 14530 14590 14630 14646 14649 14630 14579 14422 14448 14376 14426 14385 14374 14378 14383 14395 14413 14433 14475 14506
14698 14754 14719 14713 14723 14761 14724 14703 14704 14707 14690 14673 14653 14658 14647 14653 14627 14616 14622 14612 14590 14594 14567 14551 14530 14492 14475 14476 14484 14485 14504 14512 14513 14501 14520 14521 14448 14458 14473 14462 14461 14849 14457 14468 14649 14610 14595 14547 14497 14504 14472 14482 14491 14489 14491 14501 14515 14555 14591 14638 14656 14658 14638 14575 14424 14407 14414 14398 14370 14373 14371 14382 14411 14424 14470 14479 14513
14690 14745 14734 14719 14716 14701 14751 14815 14767 14663 14671 14668 14645 14643 14638 14629 14648 14634 14638 14618 14590 14568 14560 14531 14512 14485 14452 14439 14450 14515 14499 14517 14492 14530 14529 14521 14454 14465 14478 14478 14472 14827 14474 14467 14648 14664 14593 14510 14518 14512 14499 14491 14496 14491 14496 14496 14524 14561 14606 14655 14671 14672 14637 14568 14482 14496 14458 14422 14365 14367 14382 14389 14407 14432 14474 14486 14518
14695 14757 14755 14705 14707 14715 14853 14910 14681 14684 14661 14659 14638 14635 14625 14646 14656 14649 14637 14614 14572 14542 14535 14515 14492 14444 14422 14437 14428 14434 14523 14495 14507 14531 14553 14551 14512 14477 14482 14483 14486 14887 14470 14466 14469 14493 14479 14461 14455 14529 14546 14495 14491 14487 14490 14555 14662 14721 14604 14651 14662 14659 14621 14541 14452 14456 14514 14377 14374 14373 14378 14398 14406 14422 14447 14470 14498
14652 14733 14744 14708 14716 14717 14805 14837 14648 14604 14615 14629 14643 14633 14625 14653 14652 14644 14631 14592 14552 14520 14498 14490 14456 14414 14394 14408 14390 14404 14492 14473 14514 14518 14542 14565 14544 14524 14481 14498 14494 14869 14476 14473 14464 14464 14463 14455 14468 14534 14557 14501 14488 14474 14480 14548 14691 14655 14603 14649 14655 14654 14615 14511 14454 14428 14429 14399 14384 14380 14375 14388 14408 14418 14447 14469 14489
14609 14683 14777 14768 14738 14719 14741 14745 14651 14602 14605 14612 14621 14626 14634 14651 14648 14635 14594 14565 14526 14479 14452 14427 14401 14368 14341 14339 14340 14364 14397 14436 14456 14483 14519 14524 14578 14575 14489 14484 14496 14926 14510 14500 14479 14466 14470 14476 14513 14543 14522 14603 14516 14489 14479 14474 14489 14557 14619 14651 14652 14638 14567 14514 14462 14426 14424 14409 14451 14426 14380 14381 14400 14415 14432 14463 14476
14604 14656 14708 14833 14776 14758 14754 14783 14657 14617 14637 14637 14653 14652 14642 14640 14628 14613 14571 14534 14483 14457 14411 14382 14353 14352 14296 14302 14309 14325 14387 14419 14436 14453 14474 14494 14576 14557 14488 14507 14497 14633 14506 14501 14491 14475 14471 14470 14493 14511 14546 14576 14517 14477 14473 14475 14495 14577 14628 14653 14651 14629 14581 14525 14480 14441 14430 14420 14443 14419 14391 14394 14403 14408 14438 14472 14472
14625 14666 14744 14773 14725 14773 14764 14698 14664 14664 14648 14662 14663 14678 14657 14634 14620 14572 14573 14500 14453 14425 14384 14350 14307 14282 14275 14275 14289 14303 14343 14387 14401 14421 14442 14466 14496 14557 14536 14505 14500 14591 14519 14520 14515 14491 14481 14476 14478 14485 14483 14489 14485 14475 14485 14488 14544 14609 14643 14667 14675 14640 14590 14581 14511 14461 14439 14481 14489 14450 14413 14415 14406 14410 14449 14461 14477
