Alternative/Moon/Lvl0_30x30/Ele_AD.asc
ncols         335
nrows         335
xllcorner     -9992508.343
yllcorner     6672833.042
cellsize      10000
nodata_value  -9999.0
[rows 0 to 33 of 335, columns 77 to 153 of 335]
20012 20009 20009 20030 20009 20014 20028 20014 20019 20029 20019 20034 20034 20007 20019 20032 20020 20022 20016 20013 20024 20039 20023 20038 20023 20023 20017 20036 20024 20037 20030 20032 20005 20024 20026 20050 20047 20046 20027 20047 20049 20031 20032 20033 20052 20040 20041 20034 20031 20041 20015 20035 20039 20046 20029 20036 20033 20050 20040 20024 20058 20047 20052 20053 20041 20050 20017 20049 20036 20022 20013 20033 20045 20064 20043 20055 20029
19998 19988 19994 19990 20000 19991 20000 20004 19997 20000 20002 20002 20008 19993 20000 19999 20002 19995 19998 20000 20003 20003 20006 19997 19997 20002 20009 20005 20017 20006 20019 20014 20008 20010 20002 20010 20008 20009 20011 20013 20014 20015 20016 20016 20013 20014 20013 20019 20014 20018 20024 20016 20019 20015 20020 20022 20016 20019 20023 20021 20022 20024 20023 20032 20021 20025 20020 20028 20031 20017 20022 20028 20029 20031 20027 20032 20029
19696 19694 19694 19705 19716 19713 19716 19718 19754 19727 19757 19756 19745 19747 19766 19769 19748 19768 19766 19788 19775 19788 19776 19788 19792 19807 19813 19811 19812 19818 19805 19789 19822 19823 19824 19819 19830 19845 19836 19835 19833 19846 19858 19857 19841 19855 19884 19865 19865 19867 19891 19869 19885 19887 19890 19883 19892 19885 19917 19897 19913 19916 19906 19906 19913 19920 19927 19935 19923 19926 19935 19937 19931 19946 19950 19951 19954
19582 19584 19586 19593 19593 19601 19602 19607 19608 19615 19616 19622 19625 19626 19633 19636 19636 19641 19648 19652 19655 19663 19660 19668 19672 19670 19680 19682 19688 19689 19693 19697 19699 19708 19711 19709 19716 19719 19721 19725 19729 19730 19734 19737 19741 19742 19747 19750 19754 19751 19760 19761 19763 19768 19772 19778 19778 19777 19782 19784 19790 19793 19794 19799 19802 19804 19811 19811 19810 19816 19817 19824 19822 19826 19830 19829 19834
19362 19371 19379 19384 19393 19401 19404 19413 19418 19427 19430 19439 19438 19446 19456 19461 19467 19469 19480 19482 19488 19491 19500 19503 19511 19512 19514 19519 19526 19530 19542 19547 19552 19559 19559 19570 19582 19584 19591 19593 19605 19610 19611 19614 19612 19628 19630 19636 19633 19638 19642 19652 19647 19659 19668 19665 19667 19680 19693 19677 19684 19679 19683 19686 19695 19703 19705 19699 19708 19710 19723 19719 19728 19738 19743 19749 19753
19237 19246 19252 19260 19264 19266 19270 19277 19280 19284 19289 19293 19295 19299 19302 19302 19302 19302 19302 19302 19302 19304 19305 19306 19308 19306 19310 19305 19302 19302 19300 19300 19296 19296 19297 19298 19288 19286 19286 19285 19281 19286 19283 19283 19280 19282 19283 19290 19279 19284 19290 19285 19288 19289 19296 19290 19303 19290 19291 19294 19295 19299 19299 19299 19298 19297 19300 19302 19297 19294 19293 19287 19285 19280 19277 19273 19271
19220 19228 19229 19235 19240 19241 19246 19251 19255 19254 19264 19265 19266 19270 19273 19278 19277 19281 19276 19283 19274 19280 19277 19277 19281 19270 19270 19266 19265 19264 19260 19262 19252 19245 19235 19232 19229 19216 19208 19205 19190 19185 19180 19165 19164 19158 19149 19145 19133 19123 19113 19110 19103 19098 19096 19089 19076 19067 19061 19062 19055 19047 19042 19044 19036 19034 19032 19028 19033 19035 19028 19024 19019 19016 19008 19007 19012
18856 18855 18860 18856 18855 18864 18863 18868 18868 18871 18872 18874 18875 18877 18879 18880 18879 18882 18882 18884 18886 18885 18888 18896 18898 18899 18898 18900 18898 18909 18902 18914 18916 18922 18925 18932 18934 18939 18946 18950 18956 18959 18962 18965 18967 18974 18980 18983 18986 18992 18996 19001 19006 19012 19016 19019 19027 19038 19041 19041 19044 19048 19058 19062 19067 19068 19070 19076 19080 19083 19083 19090 19092 19096 19101 19101 19106
18412 18414 18424 18422 18424 18426 18427 18435 18432 18435 18436 18443 18444 18453 18443 18450 18451 18454 18461 18471 18472 18484 18493 18496 18507 18512 18526 18534 18537 18549 18567 18573 18574 18581 18585 18598 18610 18613 18619 18633 18636 18641 18645 18659 18664 18663 18668 18671 18677 18674 18671 18674 18674 18672 18674 18680 18686 18691 18688 18687 18690 18693 18694 18708 18705 18713 18712 18720 18726 18731 18739 18751 18756 18763 18772 18782 18790
17893 17886 17889 17890 17894 17894 17888 17893 17897 17898 17904 17909 17915 17924 17929 17935 17939 17947 17954 17961 17962 17963 17965 17970 17967 17965 17960 17954 17955 17949 17949 17953 17942 17933 17933 17920 17913 17907 17902 17905 17900 17900 17895 17906 17902 17910 17913 17917 17922 17925 17921 17934 17933 17949 17959 17972 17979 17973 17978 17986 17983 17984 17982 17993 17997 17994 18009 18012 18016 18009 18017 18023 18027 18036 18054 18058 18065
17812 17794 17794 17771 17766 17746 17735 17710 17688 17674 17693 17650 17646 17650 17663 17651 17612 17582 17567 17550 17543 17520 17506 17499 17505 17495 17497 17467 17452 17450 17443 17453 17446 17453 17454 17458 17456 17469 17471 17482 17486 17496 17519 17530 17542 17571 17586 17606 17627 17643 17659 17685 17699 17723 17744 17764 17781 17799 17822 17842 17859 17875 17890 17909 17927 17954 17970 17983 18005 18018 18027 18040 18047 18061 18072 18084 18088
17342 17330 17318 17301 17293 17297 17312 17325 17345 17366 17386 17405 17418 17431 17436 17450 17457 17465 17474 17481 17483 17486 17489 17490 17482 17477 17473 17474 17470 17471 17467 17471 17466 17466 17465 17469 17476 17477 17480 17482 17483 17481 17479 17475 17469 17462 17453 17445 17436 17425 17419 17415 17414 17423 17439 17451 17458 17470 17484 17496 17503 17514 17531 17555 17560 17573 17585 17591 17596 17593 17589 17590 17586 17587 17584 17578 17565
17598 17609 17612 17624 17638 17601 17629 17604 17607 17597 17594 17598 17577 17566 17576 17572 17558 17539 17539 17550 17555 17560 17553 17549 17549 17540 17538 17544 17525 17517 17496 17501 17497 17495 17476 17496 17523 17499 17502 17524 17516 17538 17550 17560 17556 17553 17558 17572 17569 17577 17573 17575 17570 17570 17580 17596 17597 17596 17601 17611 17617 17623 17641 17650 17659 17669 17675 17685 17690 17691 17695 17703 17704 17700 17690 17682 17679
17488 17487 17485 17501 17524 17556 17589 17617 17637 17664 17691 17722 17743 17771 17794 17814 17830 17850 17866 17878 17890 17897 17911 17919 17920 17929 17938 17945 17952 17956 17960 17963 17969 17977 17982 17983 17985 17986 17995 18002 18008 18016 18025 18030 18027 18022 18022 18011 18006 17993 17983 17963 17948 17931 17921 17909 17896 17876 17864 17855 17841 17822 17832 17824 17827 17833 17854 17860 17861 17863 17885 17895 17891 17889 17892 17892 17877
18060 18073 18090 18108 18123 18129 18132 18120 18142 18157 18146 18146 18156 18136 18141 18147 18131 18139 18146 18148 18142 18156 18150 18147 18139 18137 18135 18108 18118 18098 18082 18102 18110 18095 18088 18105 18097 18098 18088 18078 18083 18081 18084 18076 18063 18050 18045 18058 18060 18064 18063 18068 18068 18067 18063 18057 18052 18042 18032 18014 18002 17991 17996 18007 18021 18028 18048 18065 18069 18084 18082 18083 18078 18078 18078 18082 18066
18344 18353 18348 18335 18323 18314 18312 18308 18309 18310 18310 18298 18316 18335 18339 18342 18351 18347 18358 18366 18366 18362 18363 18387 18403 18420 18427 18437 18450 18451 18454 18450 18441 18430 18420 18404 18391 18390 18390 18392 18387 18376 18367 18348 18340 18328 18313 18295 18287 18272 18236 18196 18182 18163 18146 18132 18120 18088 18062 18037 18009 18018 18034 18039 18038 18037 18021 18003 17991 17987 17972 17966 17955 17948 17946 17938 17926
18435 18478 18485 18494 18492 18525 18536 18534 18522 18517 18514 18515 18524 18529 18545 18569 18584 18576 18582 18555 18595 18628 18602 18613 18611 18605 18609 18611 18604 18611 18611 18598 18588 18584 18581 18569 18546 18528 18505 18483 18456 18440 18424 18394 18368 18338 18323 18307 18300 18309 18320 18332 18346 18371 18371 18388 18393 18402 18409 18412 18400 18392 18386 18376 18365 18357 18331 18321 18307 18286 18269 18246 18223 18206 18196 18183 18184
18814 18812 18834 18858 18863 18888 18901 18900 18899 18905 18912 18911 18912 18903 18902 18894 18892 18880 18867 18852 18842 18828 18836 18860 18853 18854 18883 18876 18875 18854 18892 18897 18886 18862 18864 18853 18847 18878 18889 18881 18883 18899 18895 18911 18899 18908 18902 18931 18927 18905 18873 18837 18838 18822 18810 18761 18731 18721 18681 18626 18600 18592 18526 18481 18475 18454 18410 18349 18334 18292 18262 18247 18233 18192 18177 18140 18147
18624 18620 18629 18642 18648 18658 18676 18684 18689 18692 18703 18707 18717 18738 18746 18760 18783 18816 18847 18897 18935 18968 19005 19042 19071 19103 19125 19149 19171 19196 19191 19214 19233 19254 19273 19277 19279 19288 19287 19295 19277 19273 19286 19290 19278 19288 19268 19252 19244 19231 19225 19220 19184 19163 19158 19109 19082 19043 19019 18960 18926 18895 18853 18810 18786 18750 18715 18679 18663 18659 18651 18644 18647 18643 18637 18628 18598
18944 18928 18904 18909 18887 18854 18829 18807 18792 18760 18752 18739 18720 18695 18690 18695 18700 18702 18715 18727 18728 18736 18742 18744 18749 18746 18747 18748 18738 18723 18691 18664 18643 18610 18580 18537 18522 18488 18472 18441 18432 18428 18401 18392 18415 18413 18405 18398 18405 18405 18413 18408 18399 18404 18413 18433 18428 18431 18427 18422 18411 18398 18383 18370 18354 18339 18354 18381 18396 18399 18412 18451 18460 18482 18490 18512 18532
18988 18968 18954 18927 18917 18910 18900 18869 18855 18842 18837 18827 18821 18815 18825 18824 18814 18806 18797 18789 18768 18752 18738 18719 18711 18698 18691 18686 18678 18668 18640 18619 18595 18566 18531 18502 18473 18440 18400 18370 18343 18313 18293 18267 18247 18236 18228 18234 18228 18228 18230 18230 18215 18225 18226 18195 18193 18194 18213 18192 18204 18192 18195 18201 18197 18200 18203 18207 18220 18242 18276 18321 18355 18394 18436 18493 18535
18795 18806 18811 18797 18795 18794 18791 18783 18775 18774 18768 18748 18737 18717 18689 18675 18668 18663 18652 18640 18634 18628 18630 18618 18614 18613 18609 18593 18584 18583 18584 18582 18578 18574 18561 18557 18562 18566 18563 18562 18561 18570 18553 18551 18534 18531 18510 18481 18452 18422 18409 18388 18381 18412 18446 18480 18514 18558 18583 18610 18626 18660 18684 18711 18734 18771 18791 18821 18849 18885 18917 18939 18958 18977 18996 19018 19030
18710 18710 18700 18706 18727 18730 18739 18740 18730 18736 18734 18733 18727 18715 18692 18667 18644 18628 18607 18587 18566 18554 18545 18523 18514 18506 18494 18489 18475 18460 18443 18428 18420 18410 18398 18391 18379 18375 18375 18370 18367 18370 18363 18365 18367 18366 18368 18369 18367 18359 18357 18366 18387 18424 18461 18499 18528 18575 18597 18616 18620 18634 18664 18669 18674 18698 18706 18735 18724 18753 18774 18801 18816 18862 18883 18950 18965
18505 18509 18513 18489 18490 18483 18456 18437 18422 18395 18352 18339 18346 18339 18321 18319 18310 18318 18318 18316 18321 18327 18343 18355 18350 18340 18345 18339 18335 18334 18320 18306 18294 18275 18263 18249 18260 18268 18280 18296 18310 18323 18337 18348 18358 18373 18386 18399 18393 18392 18402 18415 18417 18415 18417 18419 18430 18425 18447 18447 18455 18461 18462 18457 18452 18450 18464 18473 18480 18478 18476 18482 18503 18527 18543 18578 18611
18288 18308 18307 18267 18293 18244 18254 18234 18226 18204 18170 18169 18154 18144 18135 18127 18132 18122 18123 18116 18121 18128 18129 18142 18149 18168 18184 18190 18196 18207 18218 18223 18221 18222 18222 18229 18235 18226 18229 18234 18235 18249 18261 18266 18277 18293 18311 18328 18344 18357 18373 18398 18401 18415 18416 18425 18429 18439 18451 18466 18465 18467 18463 18455 18444 18424 18408 18390 18370 18360 18346 18338 18330 18335 18339 18328 18343
17454 17470 17518 17581 17635 17687 17741 17785 17809 17843 17850 17872 17883 17893 17899 17912 17923 17935 17946 17972 17979 18011 18035 18052 18072 18083 18089 18093 18096 18117 18135 18144 18153 18156 18159 18139 18140 18113 18104 18114 18121 18128 18131 18132 18130 18132 18146 18162 18168 18194 18208 18222 18232 18234 18247 18240 18241 18253 18248 18262 18259 18268 18271 18271 18261 18260 18246 18243 18247 18248 18265 18263 18261 18275 18264 18275 18270
17299 17347 17403 17467 17505 17529 17595 17593 17619 17656 17695 17738 17758 17790 17799 17818 17832 17836 17852 17856 17867 17893 17911 17926 17963 17975 17999 18020 18034 18068 18071 18077 18101 18100 18103 18080 18084 18071 18067 18036 18005 17994 17975 17968 17972 17976 17975 17991 18000 18002 18010 18003 17998 18001 18004 18005 17989 17989 17983 17987 17971 17985 18006 18007 18026 18032 18049 18052 18055 18086 18105 18108 18128 18110 18114 18102 18091
16537 16496 16508 16505 16532 16553 16559 16572 16579 16576 16599 16595 16615 16670 16696 16756 16781 16837 16889 16923 16985 17041 17088 17093 17157 17238 17245 17277 17285 17310 17350 17395 17439 17494 17554 17607 17652 17711 17742 17782 17812 17834 17857 17872 17888 17901 17900 17896 17910 17884 17866 17869 17844 17868 17902 17940 17963 18007 18050 18079 18103 18155 18182 18192 18241 18281 18306 18323 18361 18351 18390 18402 18409 18425 18422 18420 18417
16305 16320 16381 16382 16420 16447 16438 16489 16491 16523 16533 16558 16552 16549 16544 16531 16539 16520 16515 16514 16480 16462 16452 16448 16447 16465 16510 16553 16587 16662 16703 16759 16785 16871 16895 16976 16994 17077 17115 17153 17203 17266 17253 17296 17363 17392 17422 17479 17504 17540 17603 17635 17677 17736 17707 17813 17838 17892 17911 17947 17989 18053 18081 18130 18136 18193 18234 18250 18270 18302 18336 18319 18344 18275 18306 18325 18315
15638 15640 15640 15655 15653 15649 15655 15658 15670 15669 15690 15699 15720 15742 15769 15806 15834 15877 15917 15960 15982 16030 16048 16071 16092 16088 16075 16061 16039 16042 16082 16124 16146 16188 16220 16236 16245 16263 16324 16393 16453 16511 16586 16637 16690 16746 16788 16831 16863 16919 16954 16982 17009 17041 17086 17138 17167 17199 17242 17283 17297 17308 17337 17371 17394 17415 17440 17456 17461 17487 17515 17540 17545 17589 17631 17656 17701
15739 15734 15734 15733 15731 15727 15720 15708 15708 15693 15691 15689 15696 15697 15708 15732 15760 15779 15801 15816 15832 15882 15918 15964 15995 16024 16058 16079 16120 16156 16196 16260 16287 16310 16350 16378 16379 16388 16400 16434 16465 16504 16530 16556 16589 16635 16687 16731 16782 16829 16880 16930 16974 17022 17074 17124 17160 17200 17238 17284 17297 17327 17354 17384 17398 17424 17438 17449 17458 17457 17474 17500 17530 17571 17624 17662 17684
15905 15878 15860 15818 15809 15804 15794 15807 15800 15798 15791 15784 15783 15787 15785 15775 15755 15759 15771 15782 15812 15834 15871 15901 15922 15956 15981 16003 16033 16047 16072 16114 16123 16145 16155 16176 16180 16203 16194 16209 16228 16225 16211 16228 16241 16213 16246 16244 16244 16245 16225 16256 16184 16257 16223 16267 16247 16240 16289 16265 16269 16273 16274 16283 16248 16273 16294 16223 16259 16222 16263 16219 16217 16242 16183 16209 16208
16135 16081 16032 15985 15953 15917 15894 15874 15855 15818 15779 15775 15760 15722 15720 15706 15690 15690 15678 15668 15661 15660 15682 15663 15680 15683 15689 15681 15676 15669 15650 15627 15621 15620 15632 15634 15628 15634 15636 15635 15639 15647 15670 15670 15665 15650 15641 15640 15615 15623 15631 15656 15649 15645 15646 15642 15638 15632 15622 15633 15640 15644 15644 15638 15640 15632 15644 15642 15646 15647 15658 15641 15626 15631 15642 15647 15656
15984 15951 15921 15893 15862 15845 15819 15809 15791 15758 15723 15711 15687 15682 15686 15684 15685 15674 15670 15662 15665 15653 15641 15651 15654 15660 15648 15600 15594 15593 15593 15590 15589 15588 15587 15594 15600 15600 15601 15601 15603 15602 15596 15602 15605 15600 15607 15605 15606 15607 15603 15604 15607 15605 15605 15604 15605 15606 15604 15613 15618 15621 15623 15611 15621 15616 15619 15616 15628 15642 15644 15652 15660 15674 15692 15710 15714
