Alternative/Moon/Lvl0_30x30/Ele_BB.asc
ncols         335
nrows         335
xllcorner     -16692508.343
yllcorner     3322833.042
cellsize      10000
nodata_value  -9999.0
[rows 272 to 305 of 335, columns 231 to 307 of 335]
28918 28601 28476 28455 28295 27963 27935 27466 26772 26566 26640 26837 27202 27304 27151 26750 26847 26873 26435 26042 26056 26198 26094 26080 26590 26776 26511 25635 25399 25794 26119 26198 25514 25403 25368 25312 25721 25813 25723 25509 25678 25858 26255 26701 26510 25279 23781 22845 23613 24810 26547 27740 27392 26411 25966 25941 26157 26090 26040 25861 25707 25725 25731 24717 23559 23041 22135 21113 21028 20979 20967 20957 20950 20912 20909 20884 20929
29102 28830 28710 28573 28215 27261 27696 27765 27236 26723 26816 27079 27195 27199 26882 26263 26678 26854 26803 26801 26474 26068 26091 26263 26852 26955 26537 25568 25561 25883 25916 25890 25408 25285 25461 25562 25647 25786 25700 25165 25547 25797 25981 26464 26676 26697 26427 26152 26666 27249 27294 27200 26434 25546 25439 25675 26112 26084 25772 25695 25761 25878 25766 24396 22983 22029 21197 21069 20996 20989 21001 20969 20990 20924 20927 20923 20884
28492 27917 27845 27530 27693 28119 28209 28009 27386 27099 26986 27064 27209 26660 25492 24430 24733 25290 25893 26380 26584 26424 26398 26433 26856 26946 26402 26031 26199 26457 26245 25976 25571 25226 25368 25444 25443 25605 25439 25343 25692 25850 25801 25955 26166 26362 26495 26964 27474 27580 27236 26061 25067 24691 25006 25208 26164 26174 25713 25576 25735 25825 25546 24434 22463 21374 21136 21090 21064 21048 21188 21530 21340 20971 20960 20918 20932
27655 27302 26336 26265 27743 28285 28261 27907 27277 27195 27203 27192 27091 25634 24136 23761 23899 23976 24717 25528 26026 26412 26643 26425 26449 26471 26538 26576 26810 26849 26451 25446 25440 25392 25379 25659 25549 25699 25599 25867 25816 25915 26313 26369 26163 26001 26221 26548 26953 27116 26617 25454 24762 24995 25077 25846 26324 26191 25795 25526 25604 25700 25628 25228 23706 22231 21527 21159 21062 21056 21222 21550 21374 21118 20973 20949 20932
27821 27845 27916 27685 27584 27928 27952 27264 27268 27518 27532 27441 26639 24736 23554 23629 23768 23792 23989 24660 25768 26188 26586 26573 26360 26272 26517 26598 26552 26425 25569 25324 25904 25954 25821 25557 25524 25592 25824 26193 25683 25742 26664 26785 26498 26436 25887 26289 26512 26449 26824 26825 26405 26176 26468 26876 26859 26283 25992 25564 25374 25485 25525 25477 24890 24036 22866 21877 21356 21029 21059 21220 21889 21756 21567 21192 21330
27144 27852 28215 28159 27814 27652 27762 27453 27272 27512 27584 27808 27020 24687 23665 23658 23720 23752 23913 24033 24801 25841 26133 26481 26418 26420 26537 26041 25984 25837 26308 26586 26604 26476 26206 25905 25794 25870 25854 25663 25640 26066 26422 26704 26528 26414 26129 26101 25540 26376 26822 27035 27213 27253 27310 27263 26948 26496 26027 25635 25260 25322 25550 25743 25726 25233 23841 22830 22488 21505 21015 21606 23149 23350 22934 22326 22507
27214 27363 27783 27934 27744 27466 27768 27518 27258 27405 27547 27896 27928 25998 24656 23704 23755 23832 23930 24061 24672 26222 26568 26467 26391 26374 26454 25798 25531 26172 26269 26161 26147 26058 25921 25870 25817 25892 25927 25511 25496 26094 26378 26643 26317 26261 25952 25810 25856 26159 26430 26888 27012 27079 27192 27236 26823 26397 26039 25699 25554 25566 25571 25745 25895 25844 25532 24425 23512 22155 21255 22620 24211 24259 23986 23939 24239
26926 27087 27398 27877 27856 27994 27957 27026 27105 27274 27448 27830 27961 26967 25713 24474 24163 23972 24105 24448 25626 26595 26607 26477 26436 26329 25743 25792 25974 26048 26003 25852 25707 25439 25421 25596 25696 25616 25645 25243 25132 25779 26257 26412 26401 26253 25974 25567 25655 26047 26182 26121 26759 26865 27053 27114 26679 26418 26320 25980 25895 25567 25551 25729 26312 26406 26376 26246 25569 23571 22367 24168 25265 25059 24891 24911 25054
25710 26513 26931 27692 28062 28002 28062 27553 26932 27203 27265 27433 27509 27241 26972 25888 25462 25336 25466 26018 26490 26560 26597 26731 26372 25851 25274 25671 25848 26036 26044 25902 25724 25474 25378 25332 25390 25490 25456 25092 25380 25597 25989 26188 26205 26146 25917 25802 25696 25684 25710 25857 26301 26534 26176 26261 26303 26414 26339 26059 25762 25310 25184 26171 26665 26577 26566 26769 26698 25252 24456 25528 25634 25413 25286 25309 25251
25460 26058 26734 27550 28144 28256 28072 28035 27461 27028 27316 27527 27094 27159 27136 27048 26992 26990 26878 26579 26387 26375 26629 26881 25707 25016 25535 25912 26288 26198 26026 25868 25700 25497 25458 25439 25372 25459 25112 25012 25647 25955 26008 25997 25765 25357 25894 25954 25646 25167 25549 25929 25694 24919 25212 25720 25751 25841 26357 26341 25659 25212 25492 26257 26945 26941 26689 26591 26730 26646 26457 26160 25988 25241 25209 25266 25090
24813 25629 26454 27422 27995 28165 27909 28053 27766 26428 26001 27044 26845 26491 26523 26575 26611 26806 26793 26519 26492 26450 26667 27034 26106 26102 26733 26607 26556 26495 26156 25971 25761 25538 25465 25382 25445 25609 25449 25528 25647 25869 25737 25463 24705 24633 25447 25823 25455 25460 25173 25095 24926 24637 25536 25632 25639 25564 25833 26052 26035 25688 25837 26327 26507 26562 26504 26473 26482 26522 26491 26233 25934 25562 25454 25302 25133
24914 25775 26795 27494 28007 28001 27735 27858 27698 27210 25921 26533 26816 26661 26457 26427 26325 26398 26385 26461 26493 26431 26420 26892 26070 26246 26745 26624 26412 26385 26154 25961 25682 25560 25542 25486 25468 25610 25566 25680 25625 25707 25710 25627 24765 24538 25307 25592 25240 25099 25151 25319 25341 24993 25283 25202 25005 25156 25449 26051 26143 26268 26269 26315 26190 25999 25867 26119 26180 26191 26012 25981 25882 25530 25388 25536 25590
24829 25747 26841 27540 27813 27903 27688 27729 27459 27170 27017 26853 26768 26639 26765 26685 26407 26192 26216 26439 26473 26308 26407 26292 26266 26621 26603 26645 26555 26220 26081 25851 25545 25574 25508 25433 25357 25511 25597 25587 25567 25282 25363 25535 25424 25180 25408 25452 25210 25035 24912 24922 25217 25237 25180 25042 24879 24967 25355 25812 26044 26173 26151 26188 25810 25719 25742 25796 25822 25822 25788 25991 26011 25862 25720 25638 25699
24751 25516 26542 27417 27861 28070 28057 27869 27195 26816 26835 26792 26476 26648 26779 26712 26448 26211 26228 26084 25994 26072 26371 25407 26330 26467 26355 26520 26439 26298 26126 25252 25568 25807 25648 25525 25322 25532 25533 25135 24869 24913 25208 25205 25228 25356 25408 25067 24911 24886 24807 24816 24788 24804 24842 24864 24812 24976 25277 25559 25725 25644 25426 25275 25373 25671 25789 25759 25673 25586 25862 25951 25694 25714 25666 25491 25501
25274 25752 26618 27625 28190 28491 28222 28152 27277 27057 26764 26708 26577 26619 26636 26442 26223 26222 26212 26208 26097 25989 26077 25828 26456 26470 26388 25684 24882 25984 25876 25131 25371 25822 25613 25502 25365 25363 25333 25131 25066 25162 25214 25211 25003 25055 25136 25003 24942 24806 24778 24895 24823 25003 25156 25054 25222 25164 24970 24860 25006 24993 24828 24761 25021 24830 25121 25581 25466 25483 25559 25359 24997 24963 25006 25077 24959
25196 25878 26632 27668 28212 28531 28248 28191 27781 27523 27218 26862 26773 26796 26768 26450 26198 26403 26415 26217 26187 25827 25351 26116 26187 26091 26105 25840 25522 26018 26005 25949 25570 25283 25194 25216 25578 25561 25646 25612 25527 25294 25151 25143 24879 24975 24940 25062 25069 24969 24946 24992 25069 25303 25393 24964 25233 25238 24921 24705 24699 24622 24518 24467 24498 24904 25126 25187 25223 25176 25077 24923 24591 24779 24696 24310 24319
26095 26189 27121 27893 28277 28484 28475 28400 27895 27568 27241 26911 27190 26949 26967 26598 26502 26653 26571 26227 26118 25126 25454 26144 26301 26257 25842 25576 25501 25695 25837 25985 25566 25297 25358 25511 25912 25655 25611 25644 25153 25396 25318 25009 24979 24878 24765 24989 24750 24789 24898 25114 25131 25182 24954 24351 25404 25295 25100 24818 24516 24514 24408 24354 24384 24583 24674 24773 24975 24977 24718 24598 24197 24113 24069 23915 23816
26751 26347 27075 28073 28110 28057 28439 28374 28085 27696 27211 27158 27171 26867 26845 26884 26868 26671 26537 26155 25515 24999 25020 26013 26346 26291 26091 25633 25422 25382 25434 25571 25492 25510 25657 25517 25864 25750 25593 25418 25447 25521 25482 25264 25019 24804 24725 24794 24934 24930 25020 25158 24673 25023 25006 24935 24903 25169 25194 24989 24740 24405 24388 24334 24318 24518 24548 24764 24864 24869 24669 24360 24145 24088 24015 23885 23818
26871 26010 25553 26617 26559 26699 27404 27925 28031 27639 27571 27708 27796 27421 27254 27277 27288 26911 27173 26524 26320 26095 25234 25197 26260 26712 26476 25580 25577 25380 25281 25103 25276 25388 25681 25659 25636 25537 25557 25374 25492 25512 25243 25168 25045 24935 24952 24944 25276 25314 25321 25134 25000 24889 24922 24743 24704 24877 24883 24574 24613 24501 24534 24407 24518 24510 24525 24847 24819 24620 24520 24263 24205 24125 24139 23956 23815
26440 24779 23761 24678 24656 25695 26537 27503 27954 27675 27625 27688 27839 27653 27391 27184 27222 26892 27159 26587 26665 26636 26501 25935 26234 26338 26234 25865 25677 25084 25313 25161 25182 25310 25448 25660 25711 25158 25274 25449 25623 25659 24785 24943 25275 25052 25179 25217 25177 25304 25348 25256 25049 25020 24952 24687 24659 24836 24867 24535 24509 24494 24516 24506 24475 24376 24824 25181 25116 24555 24335 24265 24215 24137 24147 24036 23877
26022 24235 22764 22949 23839 24918 25989 27312 27969 27820 27798 27544 27466 27458 27055 26897 26963 26440 26163 26355 26412 26584 26536 25834 25863 26005 26108 25918 25708 24723 25235 25167 25318 25474 25580 25658 25697 25735 25731 25513 25536 25705 25765 25490 25534 25216 25097 25109 25513 25645 25618 25415 25323 25274 25160 25015 24819 24504 24504 24481 24429 24488 24626 24619 24553 24672 24823 25139 25107 24610 24459 24543 23973 23924 23815 23873 24057
26582 25457 24079 23408 24331 25343 26201 27565 28327 28372 28157 27803 27275 27045 26919 26752 26658 26518 26460 26459 26414 26198 26084 25775 25708 24726 25180 25716 25675 25334 25284 25267 25365 25493 25800 25690 25756 25828 25839 25226 24938 25515 25489 24867 25224 25310 25175 25267 25403 25532 24438 24052 25205 25619 25354 25063 24859 24489 24472 24322 24221 24573 24598 24593 24546 24609 24581 24623 24684 24526 24548 24715 24301 23757 23835 23968 23813
26825 26444 25658 25298 25500 26385 27386 28480 28690 28499 28309 27846 27487 27274 27223 26891 26586 26400 26409 26308 26143 26372 26471 26464 25837 25619 25428 25344 25865 25577 25290 25522 25681 25579 25569 25710 25682 25701 25640 25420 25416 25456 25326 25348 25492 25515 25312 25388 25627 25281 23801 23458 24855 25639 25357 24902 24831 24718 24771 24386 24491 24572 24609 24586 24469 24653 24642 24650 24641 24615 24605 24585 24624 24468 24145 24053 24041
26994 27079 27018 26940 26929 27394 28558 28796 28712 28632 28472 28006 27749 27845 27665 26940 26442 26006 26190 26159 26125 26200 26356 26362 26163 25888 25903 25368 25756 25713 25912 25783 25517 25343 25637 25770 25569 25316 25189 25494 25598 25523 25290 25390 25410 25458 25468 25681 25696 25818 25233 25353 25607 25655 25460 24899 24939 24996 25043 24827 24841 24831 24885 25070 24808 24699 24641 24390 24489 24449 24624 24537 24577 24452 24307 24132 24178
26804 27536 28167 28319 28189 28680 29351 29252 28772 28721 28599 28235 28132 28007 27802 27306 26319 26029 26039 26172 26145 25976 26434 26597 26443 26469 26355 25196 23669 24406 25635 25703 25660 25440 25643 25696 25503 25468 25382 25426 25395 25327 25435 25561 25469 25481 25542 25596 25858 26274 26326 26393 26206 26241 25899 24481 25606 25867 25853 25225 25175 25256 25312 25093 24730 24628 24536 24335 24483 24469 24484 24337 24251 24152 24053 23943 24111
27500 27717 28004 28971 29463 29565 29289 29230 28840 28245 27914 27732 28175 27515 27188 27011 26352 25969 25991 26070 26443 26530 26501 26509 26527 26728 26613 25143 23059 23088 24723 25662 25609 25662 25677 25555 25457 25325 25319 25575 25409 25564 25643 25673 25584 25723 25717 25634 25723 26134 26290 26428 26320 26377 25405 23738 24451 25642 25846 25762 25677 25107 25174 24787 24753 24453 24545 24554 24245 24343 24266 24207 24202 24069 24004 23946 24159
28056 28408 28953 29437 29761 29822 29518 29016 28568 27795 26805 25982 26326 26278 26873 27274 27023 26625 26447 26368 26525 26498 26241 25386 25866 26931 26786 25808 25162 24820 25623 25667 25380 25543 25398 25705 25859 25747 25734 25648 25478 25674 25751 25502 25632 25872 25861 25736 26045 26117 26314 26603 26644 25747 23797 21764 22836 24459 25424 24907 24189 24450 24437 24847 25212 24172 24402 24627 24313 24165 24172 24127 24209 24288 24082 23943 23902
28778 29423 29800 29919 29983 30046 29949 29195 28497 27907 26920 25528 25084 26427 27556 27611 27224 26893 26857 26619 26482 26132 25323 24365 25378 26239 26379 25824 25490 25345 25579 25490 25234 25471 25651 25937 26012 25791 25743 25571 25582 25647 25871 26142 26153 25618 25614 25896 26101 26130 26168 26717 26604 24532 23088 21883 22041 23288 24290 23900 23794 24788 24913 25079 25256 25057 24641 24546 24294 24291 24293 24425 24475 24543 24470 24002 23943
28805 29485 30449 30894 30808 30589 30229 29455 28876 28508 27775 26717 26373 27354 27578 27553 27376 27396 27094 26837 26770 26634 26243 25408 25802 26400 26177 25706 25397 25238 25216 25170 25165 25213 25477 25548 25547 25675 25815 25860 25773 25811 25940 26485 26589 26278 25949 26030 25961 25771 26111 26719 26450 25427 23922 22705 22441 23046 23384 23333 23426 24273 25080 25363 24972 24865 24702 24386 24379 24258 24313 24723 23735 23513 24465 24410 23938
29396 29527 30104 30587 30541 30442 30233 29570 28877 28237 27807 27315 27495 27771 27631 27383 27468 27474 27100 26649 26932 26911 26711 26489 26754 26632 26230 25511 25254 25145 25220 25550 25563 25298 25390 25624 25689 25699 25780 25741 25590 25406 24333 25255 26311 26526 26321 26303 26306 26315 25872 26123 26255 26297 26019 25225 24766 24452 23324 23290 23605 24180 25226 25502 24983 24915 24733 24274 24246 24278 24301 24749 24108 23972 24450 24410 23997
29947 30028 29891 29849 29842 29722 29738 29457 29160 29089 28422 28017 28057 28111 27920 27640 27571 27330 27023 26777 26584 26410 26595 26725 26819 26418 26066 25748 25679 25450 25354 25393 25485 25300 25171 25571 25791 25700 25722 25795 25972 26183 25736 24810 26001 26685 26892 26969 27161 27193 26918 26530 26209 26190 26154 26054 25978 24878 23879 23372 23861 24840 25397 25302 24741 24601 24547 24480 24458 24292 24374 24502 24632 24573 24529 24087 23937
30161 30122 30093 30091 30116 30018 30102 29995 29537 29416 29147 28522 28175 27949 27595 27631 27903 27694 26952 26767 26428 25827 26110 26369 26482 26179 26135 25906 25731 25508 25238 25448 25617 25644 25426 25310 25595 25599 25881 25999 25877 26167 26091 26256 26695 26996 27086 27321 27306 27073 26870 26643 26393 26197 26144 26144 25988 25960 25432 24872 25248 25643 25639 25096 24584 24740 24690 24484 24409 24207 24286 24369 24309 24335 24117 24040 24030
29200 29857 29984 30187 30173 30334 30308 29767 29564 29625 29555 29063 28891 28486 27995 27434 27756 27583 26869 26391 26363 25560 25151 25318 25583 25935 26424 26477 25948 25584 25598 25601 25526 25591 25591 25457 25266 25537 25792 25874 25846 25889 25989 26170 26495 26938 26867 26499 25793 25083 25218 25620 26194 26411 26455 26198 26153 26220 25956 25854 25952 25771 25484 25188 24786 24596 24535 24506 24391 24285 24440 24384 24322 24281 24218 24084 24054
26341 27104 27962 28908 29657 29969 30089 30074 29777 29677 29434 29265 28706 28372 28065 27430 27402 27364 26670 25932 25366 24823 24822 24848 25394 26169 26522 26527 25918 25629 25637 25435 25406 25722 25713 25614 25394 25288 25515 25594 25429 25770 25896 25969 26312 26543 25743 24694 23528 22600 23134 23808 24735 26176 26609 26143 24713 25139 25665 25570 25561 25582 25266 25034 24657 24570 24384 24301 24242 24477 24500 24549 24274 24240 24223 24135 24153
