Alternative/Moon/Lvl0_30x30/Ele_FK.asc
ncols         335
nrows         335
xllcorner     13457491.657
yllcorner     -10077166.958
cellsize      10000
nodata_value  -9999.0
[rows 170 to 203 of 335, columns 0 to 76 of 335]
11876 11872 11864 11882 11912 11914 11908 11902 11933 11927 11912 11923 11901 11903 11885 11838 11771 11804 11811 11844 11828 11808 11788 11759 11782 11823 11851 12042 12064 11975 11855 11810 11767 11773 11827 11810 11778 11820 11872 11901 11901 11920 11922 11873 11873 11914 11898 11859 11805 11811 11823 11830 11824 11850 11860 11896 11903 11927 11986 12099 12325 12415 12428 12580 12793 13031 13327 13604 14143 14656 14848 14979 15203 15237 15098 15278 15596
11844 11835 11878 11990 12012 12013 12051 12039 12000 12004 11995 12086 12011 12005 12008 12019 11945 11938 11960 11990 11948 11949 11907 11955 11964 11957 11954 11983 11962 11845 11912 11882 11793 11765 11769 11747 11805 11761 11778 11774 11791 11781 11769 11752 11759 11768 11775 11787 11792 11809 11819 11903 12045 12372 12615 12840 12804 12832 12828 12818 13040 13232 13536 13816 13966 14267 14460 14625 14749 15009 15060 14915 14833 14802 14767 14888 15086
11858 11877 11916 11957 12000 12017 12057 12048 12027 12027 12062 12094 12010 11954 11937 11943 11965 12022 11987 12030 12115 12141 12170 12166 12146 12099 12003 11925 11886 11840 11811 11756 11760 11785 11750 11736 11800 11827 11787 11766 11759 11749 11751 11768 11768 11766 11781 11787 11780 11780 11795 11844 12024 12155 12285 12399 12515 12788 13024 13221 13487 13855 14067 14311 14533 14657 14805 14897 15037 15244 15262 15063 14735 14607 14603 14789 14985
11876 11890 11924 11934 11964 11963 11980 11994 11981 11975 11977 11939 11921 11922 11914 11918 11903 11975 11953 12065 12115 12140 12177 12132 12106 12003 11931 11789 11702 11717 11720 11715 11699 11722 11723 11723 11737 11780 11747 11763 11780 11781 11792 11805 11821 11837 11849 11830 11840 11860 11951 12091 12210 12417 12638 12868 13064 13207 13391 13677 14090 14213 14371 14706 14940 15014 15021 14864 14545 14318 14225 14311 14404 14601 14910 15127 15262
11893 11845 11852 11860 11877 11866 11867 11890 12007 11998 11976 11886 11812 11783 11788 11784 11774 11791 11801 11784 11812 11901 11890 11814 11793 11741 11751 11750 11751 11788 11774 11822 11811 11810 11778 11754 11758 11761 11803 11827 11813 11829 11826 11818 11853 11816 11849 11910 11898 11909 11984 11985 12259 12539 12884 13058 13170 13222 13237 13576 13978 14007 13803 14129 14254 14345 14286 13947 13947 13499 13345 13607 14044 14227 14345 14395 14539
11926 11897 11911 11988 12001 11962 11969 12022 11947 11931 11909 11813 11740 11748 11740 11745 11753 11748 11755 11817 12008 11955 11815 11746 11757 11789 11838 11895 11814 11816 11810 11848 11936 11943 11906 11831 11798 11813 11869 11901 11835 11830 11838 11831 11814 11816 11844 11873 11925 11887 11919 11968 11965 12003 12016 12146 12510 12735 12798 13026 13111 13095 12877 12596 12768 13065 13330 13546 13468 13103 13027 13011 13119 13232 13533 13792 14029
11866 11909 11909 12018 11995 11937 11887 11913 11819 11805 11798 11784 11750 11799 11836 11715 11741 11801 11903 12034 12117 12122 12067 11992 11993 11942 11913 11822 11805 11793 11767 11757 11774 11851 11856 11783 11771 11768 11766 11771 11815 11816 11793 11789 11852 11824 11837 11885 12025 12230 12300 12313 12255 12250 12232 12255 12290 12285 12259 12117 12029 12013 12002 12015 12048 12091 12174 12313 12435 12461 12639 13014 13445 13600 13698 13805 13890
11967 12015 12059 12092 12121 11978 11805 11869 11920 11937 11883 11873 11843 11857 11822 11827 11986 12031 12022 12045 12078 12119 12087 12051 12049 12197 12322 12273 11977 11835 11750 11710 11716 11766 11749 11738 11720 11719 11724 11759 11740 11757 11789 11856 11846 11844 11870 11941 12178 12308 12274 11879 11355 10883 10704 10872 11490 12113 12574 12704 12441 12284 12117 12034 12479 13104 13655 14313 14592 14582 14381 14004 13614 13790 13852 13860 13803
11979 12009 12143 12153 12109 12109 12061 12023 11954 12133 12158 11975 11864 12092 12032 11824 11749 11898 11972 12024 12008 12091 12152 12160 12139 12135 12060 11956 11964 11913 11850 11763 11825 12044 12192 12209 12284 12294 12241 12149 12073 11948 12068 11989 11863 11883 11823 11805 11945 12112 12155 12254 12396 12438 12538 12543 12567 12686 12865 12811 12712 12726 12771 12917 13323 13783 14082 14340 14454 14431 14233 14117 13882 13665 13648 13575 13307
12010 11982 11970 11964 11895 11823 11791 11808 11840 11885 11955 11889 11975 12140 12079 11824 11766 11955 11996 11986 12000 11987 12090 12193 12188 12173 12131 11933 11899 11843 11798 11782 11837 11978 12138 12170 12182 12142 12108 12076 11945 11862 11872 11820 11760 11737 11751 11828 11903 11944 11990 12087 12124 12237 12282 12258 12178 12348 12561 12596 12546 12611 12793 13021 13149 13197 13237 13219 13367 13429 13342 13077 13035 13098 13081 13134 13158
11828 11829 11872 11905 11974 11966 11924 11844 11871 11834 11829 11787 11820 11795 11802 11837 11852 12013 12037 11956 11932 11989 11970 11938 11993 11777 11761 11958 11939 11854 11819 11792 11847 11826 11819 11788 11899 11920 11916 11894 11845 11836 11871 11861 11877 11885 11832 11830 11904 11941 11996 12149 12156 12072 11990 11964 11964 11946 11940 12012 12097 12178 12214 12399 12855 13159 13247 13306 13458 13485 13412 13170 13081 13047 13065 13120 13122
12023 12139 12162 12179 12159 12050 11947 11900 11918 11922 11912 11917 11935 11899 11941 11937 11909 11885 11881 11889 11905 11914 11938 11958 11948 11922 11978 11985 11924 11974 11950 11870 11759 11747 11773 11824 11849 11849 11910 11943 11954 11943 12128 12111 12001 12013 11925 11872 11923 11884 11981 12025 11992 12081 12137 12322 12400 12360 12232 12289 12396 12479 12494 12537 12583 12678 12769 12779 12805 12893 12791 12436 12246 12030 12065 12103 12186
12360 12316 12272 12267 12278 12246 12210 12222 12230 12187 12127 12088 12127 12090 12082 12072 12024 11990 12110 12166 12152 12032 11901 11936 11970 11900 11906 11991 12000 11974 11986 11944 11852 11810 11775 11823 11833 11829 11802 11962 11990 11941 11913 12006 11927 11882 11920 11931 11948 11938 11984 12010 11954 12004 12063 12127 12146 12177 12199 12155 12096 12078 12125 12126 12113 12099 12190 12106 11984 11913 11894 11901 11850 11855 11931 12061 12253
12256 12365 12464 12457 12464 12433 12370 12293 12307 12434 12457 12317 12202 12147 12145 12143 12094 12014 11968 11924 11884 11859 11843 11797 11831 11861 11879 11874 11915 11989 11991 11872 11868 11862 11845 11883 11899 11884 11955 11976 11990 11878 11851 11784 11824 11833 11889 11953 11993 12009 11951 11850 11864 11947 12024 12180 12174 12083 11966 12044 12170 12237 12203 11990 11979 11989 12012 11991 11918 11900 11862 11900 11922 12055 12018 11994 12201
12453 12436 12369 12364 12288 12286 12371 12393 12525 12553 12494 12477 12386 12270 12273 12193 12091 12067 12065 12051 11951 11905 11898 11975 12013 12007 11991 11993 11950 11846 11828 11776 11801 11826 11793 11926 11982 11895 11837 11906 11906 11904 11867 11862 11756 11787 11754 11856 11896 11831 11780 11774 11893 11918 11938 12107 12299 12379 12371 12248 12263 12261 12223 12072 11896 12145 12183 12070 11979 11946 11884 11957 12050 12071 12007 12092 12239
12397 12417 12416 12403 12366 12352 12387 12459 12591 12570 12557 12567 12513 12442 12379 12304 12211 12196 12165 12147 12110 12041 11998 11992 12033 12050 12088 12103 12000 11969 12003 12005 11877 11910 11886 11872 11980 12091 12094 11987 11939 11836 11825 11785 11766 11787 11802 11929 11903 11761 11797 12054 12122 12084 12016 11997 12064 12118 12110 12005 11950 11948 12063 12070 12132 12190 12206 12159 12082 12026 11922 11923 11937 11866 11803 11897 12087
12504 12492 12509 12598 12625 12655 12663 12697 12647 12716 12650 12492 12433 12389 12357 12309 12279 12226 12211 12166 12106 12121 12125 12144 12127 12074 12062 12044 11979 12007 12010 12032 11990 11904 11941 11881 11861 11856 11725 11719 11911 11834 11850 11740 11834 11850 11766 11676 11749 11770 11720 12000 12031 11912 11901 11920 11839 11785 11750 11778 11932 12000 11984 11924 11772 11804 11853 11932 12089 12113 12097 12090 12172 12241 12231 12133 11954
13065 13069 12954 12746 12827 12856 12833 12826 12756 12666 12689 12662 12552 12415 12374 12371 12308 12209 12205 12185 12149 12168 12211 12146 12096 12045 12028 11959 11931 11924 11932 11853 11876 11844 11798 11730 11746 11735 11688 11678 11708 11833 11892 11726 11579 11564 11603 11689 11725 11690 11679 11690 11785 11867 11877 11860 11773 11826 11855 11847 11965 12012 12003 11885 11759 11840 11852 11846 11847 11828 11785 11926 11997 11989 11945 11808 11713
12550 13114 13193 13271 13494 13502 13398 13086 12840 12619 12515 12454 12377 12292 12268 12223 12185 12226 12212 12182 12179 12164 12106 11958 11952 11905 11875 11818 11934 11914 11829 11792 11813 11919 11898 11817 11841 11754 11689 11652 11659 11770 11844 11727 11517 11482 11478 11483 11562 11608 11691 11639 11500 11533 11562 11613 11690 11732 11741 11660 11641 11830 11961 12019 12034 11937 11899 11781 11872 11926 11843 11611 11588 11607 11590 11574 11582
10904 11526 12185 12996 13498 13503 13354 13066 12963 12728 12513 12426 12375 12207 12153 12145 12108 12053 11961 11966 12019 11949 11968 11982 11924 11861 11771 11735 11714 11731 11740 11762 11766 11677 11670 11691 11827 11888 11880 11855 11772 11773 11813 11790 11645 11476 11464 11459 11475 11460 11535 11544 11539 11548 11618 11841 11915 11834 11828 11820 11777 11712 11768 11765 11772 11847 11846 11778 11706 11755 11757 11752 11770 11742 11767 11895 11919
13037 13191 13339 13389 13400 13139 12986 12830 12742 12539 12358 12331 12276 12179 12189 12192 12082 12041 11993 11936 11893 11865 12083 12108 12023 11921 11798 11671 11733 11703 11809 11849 11755 11726 11704 11698 11671 11630 11625 11629 11611 11565 11500 11497 11477 11421 11423 11517 11745 11754 11708 11719 11616 11539 11452 11564 11672 11730 11799 11746 11735 11744 11884 11950 11940 11917 11842 11789 11913 11913 11797 11686 11681 11692 11697 11726 11704
13111 13127 13090 13068 12880 12799 12753 12621 12549 12330 12254 12230 12218 12221 12179 12125 12090 12059 11995 11930 11887 11928 12092 12104 12051 11911 11750 11677 11713 11682 11622 11639 11689 11671 11611 11634 11638 11509 11681 11717 11629 11515 11456 11419 11425 11460 11517 11534 11760 11858 11970 11982 11750 11555 11610 11637 11750 11796 11821 11740 11681 11742 11889 11957 11963 11946 11879 11860 11989 11997 11977 11971 11971 11967 11933 11819 11683
12463 12476 12577 12632 12621 12601 12547 12479 12389 12285 12256 12168 12154 12142 12107 12074 12054 12056 12064 12029 12018 12016 11971 11863 11801 11854 11847 11721 11523 11507 11475 11467 11477 11427 11413 11473 11552 11560 11486 11414 11408 11444 11447 11414 11411 11413 11417 11460 11552 11545 11504 11577 11571 11533 11511 11554 11631 11723 11789 11741 11714 11763 11779 11792 11659 11632 11622 11647 11635 11626 11573 11642 11662 11714 11661 11687 11637
12358 12388 12458 12479 12496 12505 12498 12489 12414 12360 12276 12170 12079 12062 12017 11994 11987 11967 11987 11983 11853 11844 11814 11764 11788 11703 11662 11661 11604 11571 11548 11501 11466 11453 11444 11517 11556 11495 11377 11362 11379 11367 11380 11387 11386 11370 11359 11354 11357 11367 11363 11404 11431 11515 11523 11503 11522 11467 11470 11471 11493 11525 11531 11528 11530 11540 11541 11581 11699 11851 11844 11772 11728 11755 11726 11686 11692
12219 12240 12310 12363 12416 12456 12480 12486 12405 12373 12341 12240 12174 12055 12007 11999 12026 11978 12005 12014 11884 11799 11747 11740 11615 11591 11666 11676 11584 11579 11578 11484 11442 11476 11423 11410 11295 11305 11314 11344 11334 11324 11316 11318 11303 11300 11321 11317 11316 11356 11384 11410 11447 11455 11472 11491 11497 11450 11443 11447 11450 11523 11565 11522 11590 11601 11581 11552 11631 11660 11632 11617 11634 11785 11817 11714 11586
12113 12155 12213 12294 12308 12321 12365 12375 12382 12363 12343 12340 12143 12054 11987 11977 11922 11854 11858 11857 11805 11773 11728 11696 11611 11559 11581 11575 11519 11474 11478 11399 11433 11511 11483 11346 11316 11276 11260 11253 11293 11279 11265 11310 11335 11343 11347 11380 11377 11370 11377 11403 11440 11466 11497 11488 11459 11452 11453 11463 11456 11453 11558 11661 11639 11569 11570 11549 11646 11650 11651 11749 11831 11893 11830 11751 11609
12123 12147 12058 12125 12158 12201 12299 12316 12346 12276 12201 12161 12168 12040 11935 11861 11866 11840 11803 11789 11746 11710 11644 11606 11562 11546 11555 11564 11552 11516 11497 11472 11413 11366 11386 11488 11496 11417 11433 11411 11418 11454 11500 11567 11548 11583 11568 11558 11499 11520 11534 11475 11558 11617 11648 11641 11639 11637 11602 11629 11671 11719 11707 11683 11686 11587 11545 11616 11633 11608 11573 11550 11599 11710 11771 11804 11902
11857 11961 11930 11884 11898 11959 12008 12000 12058 12088 12125 12086 12028 12006 11955 11899 11831 11760 11720 11675 11604 11603 11598 11552 11559 11575 11531 11461 11451 11388 11378 11465 11517 11511 11561 11604 11634 11674 11645 11632 11653 11698 11654 11677 11694 11701 11650 11540 11550 11550 11582 11575 11551 11571 11577 11573 11562 11571 11579 11592 11655 11705 11702 11641 11656 11701 11738 11780 11845 11821 11751 11788 11782 11729 11669 11640 11734
11549 11666 11677 11680 11732 11771 11797 11843 11864 11919 11923 11889 11910 11880 11937 11980 11977 11949 11906 11865 11767 11705 11672 11674 11682 11666 11650 11587 11548 11507 11548 11625 11623 11623 11661 11693 11696 11697 11729 11765 11777 11812 11854 11885 11888 11836 11745 11678 11651 11642 11640 11647 11611 11622 11650 11691 11688 11724 11713 11708 11667 11717 11725 11754 11813 11865 11891 11969 11929 11898 11934 11944 11927 11861 11829 11822 11728
11769 11707 11679 11516 11531 11549 11548 11560 11624 11655 11764 11795 11816 11842 11853 11901 11891 11859 11790 11727 11788 11812 11740 11688 11692 11668 11680 11696 11707 11674 11636 11671 11675 11679 11700 11809 11797 11768 11790 11783 11791 11745 11766 11771 11771 11765 11742 11683 11633 11636 11652 11670 11701 11690 11680 11703 11739 11704 11752 11763 11767 11809 11828 11844 11924 11965 11959 12015 12008 11923 11870 11888 11933 11944 11924 11925 11822
12123 12136 12048 11965 11922 11781 11706 11587 11539 11434 11465 11504 11531 11507 11561 11592 11644 11663 11679 11674 11683 11690 11684 11704 11728 11689 11673 11683 11680 11638 11643 11627 11653 11647 11640 11667 11702 11720 11747 11759 11773 11754 11755 11911 11952 11923 11874 11851 11964 11991 11912 11897 11906 11914 11916 11946 11919 11854 11862 11863 11912 11965 11967 11966 11957 11958 11953 12017 12042 12000 12066 12128 12117 12085 12082 12035 11952
12024 12034 12058 12165 12355 12522 12598 12633 12559 12380 12332 12183 11878 11538 11481 11505 11533 11558 11573 11593 11609 11639 11647 11659 11644 11656 11648 11647 11636 11675 11703 11713 11684 11701 11717 11725 11837 11873 11845 11770 11736 11769 11814 11906 11928 11919 11856 11951 12009 12013 11991 11983 11967 12019 12023 12038 11986 11942 11918 11927 11959 11965 11983 12034 12042 12054 12074 12094 12190 12207 12205 12122 12106 12067 11987 11940 11927
12070 12110 12157 12149 12243 12393 12396 12297 12290 12255 12243 12072 11885 11597 11413 11415 11416 11427 11458 11477 11506 11515 11508 11533 11545 11563 11574 11589 11603 11612 11650 11672 11691 11648 11665 11697 11695 11722 11729 11693 11719 11726 11724 11809 11788 11768 11812 11851 11845 11865 11867 11826 11850 11877 11979 12038 12054 12009 11961 11958 11939 11904 11920 11969 11940 11939 11947 11973 12055 12061 11982 11955 11946 11964 11964 11970 12057
12579 12566 12495 12374 12244 12221 12234 12209 12133 11986 11840 11586 11473 11372 11361 11356 11369 11377 11387 11399 11415 11407 11442 11452 11486 11503 11518 11533 11554 11571 11585 11591 11607 11634 11640 11670 11686 11730 11731 11679 11713 11720 11716 11833 11795 11758 11751 11796 11770 11784 11793 11805 11849 11902 11937 11996 12007 11975 11954 11918 11915 11951 11956 11960 11993 12049 12031 11914 11954 11986 11928 11917 11919 11985 11987 12006 12115
