Alternative/Moon/Lvl0_30x30/Ele_FB.asc
ncols         335
nrows         335
xllcorner     -16692508.343
yllcorner     -10077166.958
cellsize      10000
nodata_value  -9999.0
[rows 252 to 287 of 335, columns 0 to 80 of 335]
13267 13204 13133 13144 13182 13261 13312 13349 13367 13388 13406 13410 13425 13441 13454 13497 13543 13601 13655 13698 13776 13847 13973 14075 14152 14236 14351 14398 14463 14503 14559 14564 14565 14517 14448 14378 14273 14157 14020 13928 13800 13722 13643 13655 13662 13684 13705 13697 13699 13722 13758 13792 13835 13910 13986 14050 14158 14293 14422 14517 14637 14756 14885 14975 15102 15232 15321 15401 15497 15619 15694 15742 15807 15828 15811 15761 15719 15701 15695 15693 15703
13201 13211 13226 13256 13249 13312 13413 13491 13519 13514 13475 13397 13367 13334 13279 13205 13165 13150 13147 13166 13177 13194 13195 13224 13239 13271 13282 13305 13309 13354 13349 13341 13338 13346 13340 13392 13446 13508 13535 13531 13544 13545 13565 13585 13660 13699 13847 13940 13929 13957 14010 14039 14097 14223 14370 14491 14630 14768 14892 14972 15064 15143 15222 15293 15381 15472 15541 15615 15704 15786 15836 15889 15958 16003 16029 16045 16062 16065 16078 16086 16089
13062 13076 13135 13238 13292 13338 13370 13413 13428 13392 13349 13255 13179 13051 12938 12899 12895 12904 12930 12953 12972 12996 13023 13057 13090 13113 13120 13135 13135 13157 13155 13188 13213 13229 13251 13301 13300 13240 13326 13381 13442 13532 13639 13710 13824 13889 13980 14045 14052 14149 14229 14284 14339 14404 14439 14496 14623 14748 14863 14946 15037 15109 15208 15295 15389 15454 15530 15585 15654 15706 15734 15784 15835 15901 15938 15967 16021 16045 16069 16091 16120
12896 12900 12910 12911 12915 12930 12946 12977 12971 12979 12971 12969 12954 12924 12892 12878 12901 12976 13006 13053 13084 13131 13167 13173 13198 13268 13333 13403 13397 13457 13492 13507 13539 13531 13545 13554 13578 13635 13665 13711 13755 13801 13827 13878 13962 14063 14160 14241 14306 14354 14452 14511 14594 14654 14729 14812 14899 15002 15068 15142 15247 15293 15365 15377 15387 15412 15448 15474 15493 15495 15544 15601 15649 15673 15703 15724 15742 15775 15807 15812 15820
12895 12907 12918 12900 12900 12895 12866 12821 12826 12830 12823 12775 12810 12896 12901 12962 13038 13117 13209 13279 13323 13393 13476 13548 13627 13688 13748 13794 13843 13884 13918 13952 13967 13985 13988 14000 14014 14031 14049 14058 14073 14067 14115 14159 14187 14222 14271 14311 14362 14422 14497 14552 14620 14720 14820 14946 15105 15242 15386 15492 15567 15629 15719 15788 15861 15912 15919 15916 15928 15955 15944 15965 15961 15910 15869 15859 15874 15918 15895 15836 15690
13007 13015 13033 13040 13057 13066 13070 13100 13119 13140 13168 13209 13244 13298 13332 13354 13424 13457 13473 13493 13528 13560 13596 13650 13689 13730 13785 13842 13892 13941 13993 14035 14077 14122 14167 14217 14262 14293 14332 14371 14435 14512 14599 14691 14760 14855 14905 14981 15054 15079 15176 15179 15234 15283 15301 15312 15352 15444 15561 15684 15833 15949 16067 16106 16174 16222 16228 16237 16245 16248 16222 16233 16240 16212 16137 16039 15955 15877 15812 15756 15608
13254 13261 13272 13275 13281 13317 13371 13391 13389 13423 13487 13547 13582 13630 13676 13722 13775 13839 13878 13902 13920 13955 13976 13996 14012 14027 14059 14063 14078 14075 14136 14213 14268 14273 14349 14414 14509 14634 14661 14679 14748 14848 14953 15035 15128 15209 15283 15336 15393 15455 15510 15549 15573 15604 15662 15705 15755 15825 15907 15985 16079 16151 16208 16243 16232 16249 16267 16276 16269 16264 16215 16168 16080 15986 15866 15742 15620 15459 15339 15209 15053
13614 13656 13691 13705 13699 13674 13605 13536 13529 13577 13629 13683 13740 13803 13852 13923 13999 14067 14123 14159 14184 14201 14207 14239 14311 14379 14441 14451 14469 14512 14564 14617 14660 14686 14695 14708 14733 14776 14826 14862 14902 14937 14989 15042 15116 15190 15243 15251 15289 15379 15474 15533 15588 15633 15705 15738 15787 15866 15950 16025 16125 16222 16314 16408 16480 16522 16528 16508 16418 16233 16023 15879 15731 15588 15466 15392 15313 15220 15123 15105 15056
13808 13847 13865 13843 13807 13789 13775 13800 13825 13796 13758 13758 13785 13840 13872 13950 14022 14136 14276 14364 14441 14506 14560 14597 14648 14659 14705 14725 14766 14788 14794 14807 14778 14751 14735 14732 14733 14761 14799 14844 14896 14955 15041 15093 15135 15157 15230 15284 15350 15406 15448 15494 15567 15643 15724 15777 15838 15907 16008 16103 16240 16361 16491 16560 16599 16621 16637 16629 16595 16526 16379 16256 16112 15960 15842 15777 15751 15680 15615 15521 15450
14014 13967 13905 13901 13925 14077 14118 14196 14250 14307 14383 14435 14455 14457 14423 14404 14466 14528 14538 14496 14490 14527 14540 14575 14583 14634 14651 14651 14651 14663 14659 14691 14663 14632 14632 14648 14658 14673 14713 14750 14800 14870 14913 14950 14969 15032 15100 15151 15195 15260 15348 15429 15548 15662 15799 15907 16070 16208 16366 16500 16671 16842 17018 17067 17085 17045 16948 16805 16614 16357 16127 15980 15792 15544 15368 15265 15023 14818 14671 14573 14554
14648 14599 14520 14551 14638 14704 14747 14809 14837 14885 14918 14955 14986 15029 15068 15081 15095 15083 15105 15120 15157 15169 15160 15123 15083 15052 15059 15049 15048 15050 15071 15073 15051 15030 15013 15008 14994 14958 14989 14954 15000 15037 15116 15159 15218 15312 15396 15483 15616 15720 15836 15933 16042 16159 16285 16375 16466 16560 16684 16764 16865 16964 17096 17204 17276 17336 17414 17465 17480 17474 17429 17380 17287 17139 16952 16764 16561 16439 16232 16083 16061
14759 14787 14816 14837 14864 14896 14933 14969 15016 15069 15122 15182 15225 15274 15263 15169 15087 15017 14953 15018 15099 15215 15315 15359 15385 15406 15439 15459 15460 15447 15419 15382 15378 15396 15420 15425 15434 15443 15425 15438 15468 15537 15592 15635 15682 15733 15784 15829 15897 15976 16031 16069 16129 16234 16370 16469 16593 16704 16805 16886 16965 17026 17093 17153 17230 17318 17405 17458 17483 17501 17546 17548 17551 17546 17532 17511 17462 17385 17356 17361 17396
14770 14773 14772 14781 14812 14865 14932 14992 15041 15098 15166 15249 15328 15395 15421 15435 15421 15418 15434 15460 15516 15581 15671 15747 15783 15802 15787 15773 15754 15729 15677 15608 15545 15463 15425 15411 15379 15355 15359 15380 15415 15466 15534 15571 15641 15712 15791 15851 15918 15969 16012 16043 16097 16150 16220 16283 16375 16465 16524 16574 16641 16704 16765 16785 16801 16801 16808 16847 16894 16939 17000 17060 17112 17141 17160 17191 17242 17263 17290 17296 17294
15151 15097 15054 15009 14990 14968 15003 15037 15075 15110 15148 15170 15184 15193 15192 15212 15232 15254 15264 15322 15357 15413 15454 15465 15490 15510 15558 15575 15572 15532 15499 15472 15435 15390 15331 15297 15274 15279 15309 15314 15312 15329 15390 15420 15464 15522 15606 15682 15754 15811 15857 15888 15933 16003 16049 16089 16132 16151 16149 16142 16172 16194 16223 16221 16254 16247 16231 16211 16223 16237 16281 16266 16255 16265 16261 16278 16292 16348 16387 16408 16463
15322 15283 15276 15227 15176 15109 15014 14923 14845 14751 14672 14624 14592 14568 14568 14547 14544 14552 14582 14611 14639 14644 14683 14772 14821 14873 14933 14970 15021 15026 15028 15004 14982 14967 14986 14991 14998 15011 15043 15066 15120 15170 15174 15180 15164 15165 15209 15248 15309 15382 15438 15493 15549 15597 15640 15665 15675 15691 15702 15726 15757 15801 15803 15804 15798 15826 15836 15845 15864 15862 15853 15826 15798 15840 15882 15925 15965 16022 16093 16138 16168
15147 15186 15190 15167 15134 15086 15009 14939 14909 14857 14781 14698 14624 14553 14505 14452 14391 14327 14291 14252 14235 14268 14341 14398 14420 14439 14461 14465 14478 14500 14511 14528 14564 14593 14628 14648 14676 14702 14724 14739 14749 14755 14773 14789 14823 14881 14931 14974 14996 15020 15055 15052 15061 15071 15077 15107 15143 15201 15259 15298 15346 15380 15426 15422 15433 15400 15385 15371 15400 15395 15404 15492 15502 15580 15611 15674 15726 15770 15754 15751 15760
14086 14147 14244 14315 14408 14506 14674 14727 14775 14750 14683 14618 14587 14481 14428 14385 14340 14310 14316 14288 14272 14280 14297 14313 14327 14329 14328 14313 14352 14366 14371 14378 14388 14400 14412 14415 14428 14463 14487 14511 14510 14517 14513 14514 14510 14497 14482 14485 14469 14492 14529 14582 14658 14775 14888 14959 15075 15144 15193 15195 15219 15197 15154 15101 15085 15084 15011 15023 15031 15041 15057 15055 15042 15053 15057 15047 15006 14955 14894 14857 14826
14894 14899 14923 14876 14842 14801 14740 14715 14714 14703 14687 14673 14630 14564 14557 14532 14503 14508 14524 14534 14524 14497 14474 14459 14439 14392 14392 14397 14406 14434 14450 14452 14488 14519 14515 14543 14555 14569 14602 14644 14664 14658 14647 14586 14541 14464 14383 14340 14339 14348 14370 14391 14442 14513 14591 14643 14727 14791 14859 14918 15000 15082 15144 15179 15196 15187 15170 15143 15117 15115 15127 15132 15134 15123 15122 15122 15140 15163 15194 15223 15263
14731 14668 14632 14584 14570 14561 14545 14535 14553 14577 14591 14602 14602 14596 14578 14561 14542 14546 14567 14595 14619 14645 14682 14688 14702 14747 14787 14830 14891 14935 14973 15002 15035 15049 15053 15037 15006 14960 14919 14898 14880 14869 14830 14775 14690 14598 14551 14510 14471 14437 14401 14357 14363 14380 14408 14418 14464 14464 14493 14497 14510 14529 14559 14570 14595 14622 14646 14674 14704 14736 14768 14804 14842 14882 14901 14932 14959 14972 14993 15006 15027
14882 14840 14820 14804 14787 14733 14674 14600 14566 14577 14586 14588 14584 14570 14555 14562 14557 14550 14569 14594 14623 14657 14695 14700 14706 14741 14775 14808 14860 14896 14935 14964 15005 15013 15009 14997 14964 14924 14878 14828 14776 14731 14689 14661 14635 14602 14583 14572 14546 14509 14454 14400 14345 14307 14302 14306 14306 14297 14303 14327 14362 14398 14450 14486 14535 14586 14630 14696 14745 14801 14851 14898 14934 14982 15031 15057 15109 15149 15207 15246 15289
14768 14716 14690 14680 14658 14590 14532 14443 14461 14494 14589 14616 14602 14568 14558 14575 14598 14615 14677 14709 14752 14792 14817 14841 14860 14871 14871 14851 14854 14857 14869 14876 14875 14849 14801 14755 14704 14668 14622 14584 14549 14519 14484 14458 14432 14416 14392 14373 14352 14355 14363 14348 14340 14380 14425 14471 14498 14536 14619 14611 14606 14615 14589 14510 14424 14459 14489 14518 14542 14537 14552 14582 14539 14539 14560 14580 14652 14675 14733 14824 14918
14879 14847 14823 14786 14759 14732 14726 14724 14719 14706 14690 14691 14692 14699 14709 14723 14745 14772 14801 14832 14872 14889 14901 14907 14903 14898 14899 14893 14871 14833 14790 14749 14695 14642 14593 14554 14518 14468 14425 14418 14418 14464 14478 14500 14566 14632 14689 14766 14803 14870 14910 14935 14952 14985 15010 15037 15074 15120 15143 15161 15186 15225 15218 15199 15151 15065 14999 14948 14883 14846 14841 14851 14873 14904 14965 14983 15046 15089 15123 15153 15182
15528 15477 15468 15374 15322 15270 15236 15198 15151 15104 15068 15048 15045 15004 14985 14944 14923 14889 14874 14861 14864 14836 14787 14761 14768 14781 14792 14809 14830 14891 14947 14963 14996 15010 15008 15002 14965 14946 14946 14934 14909 14908 14930 14952 14990 15021 15045 15061 15064 15053 15052 15053 15074 15083 15087 15081 15071 15070 15072 15066 15053 15014 14986 14954 14938 14908 14900 14886 14877 14892 14914 14940 14972 15021 15066 15111 15157 15196 15218 15224 15216
16209 16098 16004 15893 15843 15761 15709 15645 15622 15590 15567 15554 15535 15531 15519 15554 15592 15643 15690 15715 15711 15740 15777 15793 15806 15793 15775 15739 15708 15664 15606 15559 15500 15427 15368 15310 15248 15192 15127 15087 15066 15065 15084 15101 15117 15126 15132 15135 15135 15131 15140 15162 15196 15229 15247 15268 15284 15275 15272 15263 15223 15184 15143 15114 15118 15093 15062 15016 14968 14898 14849 14831 14814 14813 14817 14824 14823 14816 14812 14806 14836
16293 16191 16135 16037 15974 15901 15838 15805 15792 15795 15792 15780 15762 15748 15767 15798 15820 15846 15856 15878 15889 15892 15900 15918 15924 15914 15882 15831 15785 15729 15708 15691 15673 15657 15650 15651 15648 15655 15655 15654 15654 15644 15642 15652 15653 15644 15648 15652 15655 15655 15647 15653 15656 15660 15669 15664 15662 15607 15558 15503 15410 15343 15304 15238 15224 15248 15287 15315 15311 15293 15223 15165 15092 15033 14956 14910 14861 14843 14814 14799 14770
15762 15682 15625 15544 15518 15482 15446 15451 15480 15493 15524 15560 15589 15608 15630 15643 15649 15629 15655 15659 15655 15656 15665 15688 15705 15719 15723 15725 15732 15745 15753 15764 15774 15793 15807 15819 15841 15861 15874 15874 15870 15860 15846 15833 15814 15795 15777 15771 15781 15789 15793 15795 15791 15793 15809 15805 15799 15782 15781 15789 15806 15821 15826 15833 15837 15828 15811 15798 15749 15710 15650 15612 15579 15591 15602 15621 15658 15669 15661 15654 15628
15578 15582 15580 15573 15566 15542 15512 15475 15435 15434 15428 15418 15411 15410 15414 15432 15447 15463 15469 15473 15501 15523 15542 15561 15572 15576 15578 15586 15577 15577 15577 15593 15615 15647 15681 15698 15714 15726 15724 15720 15716 15701 15701 15704 15698 15692 15691 15689 15705 15748 15799 15843 15903 15966 16016 16049 16073 16097 16128 16159 16193 16213 16243 16263 16260 16258 16247 16249 16262 16285 16268 16256 16221 16205 16197 16190 16184 16167 16150 16129 16103
15514 15515 15518 15527 15528 15514 15489 15466 15436 15404 15359 15333 15304 15285 15257 15226 15194 15170 15166 15165 15163 15156 15155 15163 15152 15149 15149 15153 15169 15178 15181 15194 15214 15248 15274 15302 15339 15390 15441 15490 15538 15617 15698 15767 15855 15945 16039 16107 16179 16234 16278 16289 16298 16316 16362 16390 16439 16469 16474 16463 16449 16457 16480 16488 16483 16469 16465 16444 16419 16381 16341 16307 16282 16251 16241 16254 16271 16270 16269 16260 16250
14717 14779 14846 14928 14985 15046 15086 15093 15091 15070 15031 14972 14931 14889 14864 14852 14840 14816 14791 14780 14775 14742 14708 14664 14650 14639 14640 14648 14668 14696 14733 14756 14777 14803 14826 14855 14892 14956 15006 15083 15176 15233 15343 15405 15516 15605 15672 15738 15818 15889 15907 15975 16031 16096 16139 16186 16230 16278 16291 16325 16356 16373 16407 16418 16431 16443 16448 16440 16421 16380 16340 16307 16290 16290 16288 16302 16331 16338 16339 16323 16298
14518 14547 14567 14567 14568 14561 14504 14483 14434 14391 14328 14281 14226 14173 14107 14066 14019 13970 13944 13925 13932 13953 13975 13961 13985 13992 13999 14037 14069 14158 14202 14263 14316 14365 14426 14494 14533 14588 14645 14691 14741 14758 14812 14822 14852 14898 14907 14947 14996 15023 15059 15117 15176 15242 15307 15362 15429 15485 15544 15608 15666 15725 15783 15824 15866 15894 15924 15948 15963 15999 16030 16040 16066 16092 16112 16116 16116 16134 16169 16189 16203
14132 14133 14143 14136 14134 14100 14055 14037 13996 13967 13933 13909 13893 13878 13860 13859 13858 13854 13848 13847 13850 13836 13834 13860 13868 13886 13920 13961 14007 14069 14153 14184 14247 14311 14346 14395 14434 14486 14532 14568 14606 14641 14673 14718 14779 14824 14862 14898 14936 14979 15012 15041 15076 15111 15149 15186 15224 15264 15296 15327 15363 15389 15419 15446 15472 15522 15563 15601 15644 15681 15716 15749 15773 15824 15886 15941 16011 16088 16160 16223 16300
14121 14141 14161 14171 14168 14157 14146 14170 14178 14192 14194 14200 14200 14201 14198 14203 14205 14209 14216 14220 14227 14234 14234 14241 14254 14275 14298 14313 14334 14361 14394 14418 14458 14501 14540 14556 14591 14603 14631 14649 14667 14688 14707 14733 14749 14765 14806 14852 14913 14979 15041 15084 15142 15189 15247 15299 15344 15394 15439 15473 15517 15557 15603 15631 15668 15709 15758 15801 15858 15921 15989 16050 16121 16187 16257 16304 16366 16435 16493 16545 16589
14035 14031 14053 14062 14125 14164 14164 14129 14105 14049 14074 14081 14084 14079 14070 14059 14056 14063 14065 14061 14061 14062 14058 14066 14062 14068 14083 14096 14104 14124 14148 14187 14221 14257 14299 14330 14367 14414 14459 14479 14522 14556 14594 14633 14686 14745 14808 14862 14924 14995 15057 15111 15176 15241 15297 15347 15402 15450 15501 15542 15590 15637 15683 15720 15766 15808 15846 15880 15926 15969 16011 16058 16120 16185 16251 16301 16368 16438 16505 16554 16611
14131 14255 14308 14359 14369 14339 14292 14226 14189 14149 14096 14054 14029 14016 14008 14018 14016 14021 14018 14010 14010 14014 14014 14012 14008 14014 14016 14018 14021 14026 14033 14051 14073 14102 14143 14177 14231 14304 14374 14432 14502 14575 14645 14701 14766 14829 14888 14938 14991 15041 15092 15138 15194 15243 15297 15342 15390 15444 15491 15529 15576 15614 15655 15686 15722 15762 15804 15843 15885 15931 15988 16047 16118 16181 16236 16277 16334 16400 16472 16530 16602
14248 14223 14228 14219 14202 14177 14152 14135 14130 14134 14135 14131 14125 14121 14122 14130 14129 14136 14129 14123 14124 14144 14178 14204 14222 14236 14256 14259 14280 14305 14321 14337 14363 14386 14420 14445 14482 14522 14569 14605 14651 14693 14740 14776 14819 14863 14907 14948 14993 15040 15079 15113 15152 15194 15230 15259 15299 15329 15365 15394 15425 15491 15562 15622 15699 15782 15872 15948 16037 16125 16214 16283 16375 16465 16558 16638 16735 16852 16959 17041 17147
14436 14425 14407 14388 14376 14355 14336 14319 14287 14259 14223 14202 14179 14172 14163 14155 14146 14142 14139 14140 14157 14177 14194 14212 14240 14262 14275 14290 14324 14356 14391 14418 14460 14497 14530 14552 14588 14615 14645 14670 14695 14723 14762 14791 14824 14852 14884 14916 14951 14994 15039 15076 15134 15197 15255 15294 15329 15366 15395 15426 15473 15521 15591 15669 15764 15860 15964 16042 16142 16238 16338 16417 16518 16598 16684 16753 16837 16939 17049 17129 17237
