Alternative/Moon/Lvl0_30x30/Ele_DE.asc
ncols         335
nrows         335
xllcorner     -6642508.343
yllcorner     -3377166.958
cellsize      10000
nodata_value  -9999.0
[rows 0 to 33 of 335, columns 77 to 153 of 335]
16184 16191 16190 16185 16155 16125 16106 16077 16031 16014 16016 16001 16029 16045 16073 16026 16020 16074 16070 16064 16077 16106 16134 16166 16207 16243 16238 16249 16258 16261 16266 16281 16282 16296 16298 16310 16308 16322 16331 16334 16338 16322 16323 16286 16253 16228 16216 16204 16242 16234 16230 16238 16225 16215 16207 16212 16203 16158 16134 16140 16158 16183 16205 16246 16272 16305 16338 16368 16408 16445 16467 16497 16525 16544 16558 16591 16636
16176 16184 16186 16178 16156 16130 16116 16082 16058 16036 16017 16013 16017 16116 16173 16186 16021 16013 16047 16083 16088 16069 16119 16149 16185 16218 16221 16230 16241 16253 16272 16294 16293 16282 16281 16291 16281 16292 16316 16322 16327 16305 16311 16276 16218 16211 16207 16205 16212 16214 16208 16227 16225 16207 16210 16210 16212 16144 16123 16134 16150 16164 16181 16212 16251 16290 16319 16352 16381 16405 16437 16460 16489 16513 16539 16563 16593
16165 16182 16186 16177 16161 16158 16152 16108 16085 16083 16065 16030 16043 16049 16107 16192 16149 16072 16012 16030 16097 16081 16087 16132 16168 16193 16209 16219 16229 16251 16278 16292 16293 16278 16265 16262 16267 16275 16291 16302 16298 16284 16279 16236 16213 16210 16205 16190 16187 16194 16195 16200 16197 16196 16209 16220 16245 16151 16111 16119 16135 16150 16172 16197 16213 16248 16276 16322 16356 16376 16407 16437 16464 16488 16511 16538 16569
16161 16184 16176 16172 16163 16156 16140 16120 16101 16087 16075 16064 16058 16066 16065 16138 16152 16127 16099 16059 16061 16134 16153 16156 16191 16191 16200 16201 16213 16245 16276 16278 16278 16269 16250 16258 16248 16254 16277 16285 16284 16266 16253 16210 16204 16196 16194 16183 16174 16174 16184 16196 16182 16180 16178 16222 16251 16163 16114 16112 16129 16143 16161 16174 16191 16220 16253 16286 16339 16366 16386 16413 16438 16455 16479 16514 16545
16229 16240 16227 16229 16213 16151 16148 16132 16123 16111 16099 16093 16071 16078 16076 16071 16101 16133 16109 16089 16089 16083 16154 16177 16207 16236 16234 16206 16205 16225 16249 16264 16259 16255 16231 16237 16232 16252 16266 16270 16262 16238 16204 16179 16175 16175 16181 16173 16168 16158 16163 16164 16165 16161 16156 16183 16220 16223 16122 16105 16121 16144 16143 16152 16172 16201 16236 16256 16295 16339 16371 16391 16410 16436 16472 16499 16531
16254 16267 16263 16258 16230 16211 16152 16154 16127 16125 16114 16109 16086 16078 16081 16091 16097 16119 16115 16081 16117 16107 16129 16188 16243 16257 16271 16263 16252 16235 16238 16240 16240 16251 16240 16239 16226 16250 16326 16290 16230 16196 16171 16163 16153 16148 16172 16174 16155 16140 16136 16141 16137 16142 16136 16161 16174 16178 16157 16102 16113 16145 16127 16140 16161 16186 16217 16241 16285 16321 16349 16370 16386 16407 16451 16481 16511
16310 16256 16247 16280 16271 16253 16222 16197 16179 16144 16127 16109 16100 16089 16090 16099 16105 16102 16110 16114 16114 16126 16135 16181 16223 16242 16278 16283 16292 16286 16256 16235 16247 16256 16259 16255 16250 16236 16231 16228 16193 16153 16148 16131 16135 16132 16143 16142 16126 16116 16105 16116 16112 16111 16122 16146 16155 16138 16147 16109 16100 16157 16133 16117 16140 16162 16206 16230 16264 16299 16331 16361 16363 16387 16425 16449 16477
16344 16307 16282 16264 16255 16237 16230 16201 16200 16143 16133 16121 16109 16103 16098 16110 16113 16110 16100 16112 16106 16121 16131 16172 16218 16255 16255 16275 16295 16287 16300 16252 16240 16248 16253 16259 16276 16259 16223 16195 16177 16143 16126 16124 16118 16116 16109 16111 16110 16101 16095 16095 16089 16092 16108 16115 16137 16126 16101 16104 16092 16151 16145 16115 16125 16146 16184 16215 16238 16276 16325 16360 16359 16386 16413 16422 16457
16392 16361 16344 16325 16309 16279 16249 16233 16211 16186 16157 16138 16131 16120 16112 16115 16107 16111 16096 16104 16107 16123 16137 16156 16246 16279 16254 16282 16291 16309 16346 16365 16242 16245 16261 16266 16274 16267 16237 16187 16155 16135 16126 16110 16099 16097 16083 16084 16087 16081 16076 16074 16077 16074 16087 16103 16124 16114 16086 16075 16072 16070 16114 16121 16124 16156 16172 16205 16232 16264 16309 16347 16347 16370 16396 16409 16436
16431 16413 16397 16381 16357 16331 16318 16309 16302 16265 16234 16199 16152 16145 16131 16133 16136 16105 16095 16086 16107 16131 16144 16169 16252 16304 16279 16294 16289 16309 16362 16317 16270 16253 16269 16283 16287 16275 16255 16190 16161 16122 16115 16109 16088 16085 16070 16078 16078 16063 16069 16053 16060 16063 16067 16151 16081 16044 16065 16090 16090 16109 16056 16104 16116 16138 16158 16181 16196 16247 16295 16331 16332 16354 16398 16414 16435
16446 16443 16432 16427 16428 16421 16424 16434 16430 16417 16415 16395 16359 16248 16148 16150 16149 16124 16101 16105 16116 16128 16145 16181 16244 16306 16313 16320 16332 16328 16316 16306 16283 16269 16288 16295 16297 16283 16240 16196 16165 16140 16130 16110 16094 16083 16070 16072 16064 16054 16047 16035 16044 16053 16084 16172 16057 16013 16025 16038 16061 16099 16088 16083 16100 16117 16140 16160 16185 16220 16279 16307 16318 16359 16397 16409 16421
16447 16444 16441 16457 16472 16494 16496 16493 16485 16481 16468 16446 16400 16327 16332 16210 16194 16144 16134 16144 16140 16124 16148 16168 16219 16306 16315 16346 16337 16344 16328 16306 16297 16288 16299 16298 16290 16259 16230 16193 16160 16155 16150 16125 16100 16094 16064 16066 16063 16044 16036 16024 16028 16059 16120 16161 16012 16003 16006 16024 16033 16080 16107 16087 16091 16097 16116 16142 16180 16227 16271 16304 16317 16351 16374 16386 16417
16421 16426 16448 16458 16476 16505 16520 16532 16526 16509 16504 16492 16479 16461 16431 16389 16325 16210 16173 16215 16227 16217 16142 16164 16206 16272 16318 16322 16319 16343 16359 16325 16315 16336 16331 16303 16287 16237 16196 16157 16157 16151 16151 16135 16109 16104 16080 16073 16060 16041 16032 16011 16035 16057 16177 16115 15999 15997 15999 16009 16020 16029 16081 16103 16092 16079 16094 16127 16178 16230 16249 16279 16312 16329 16344 16363 16378
16386 16399 16413 16429 16459 16497 16521 16534 16526 16509 16503 16499 16492 16508 16537 16538 16512 16474 16389 16356 16327 16338 16323 16158 16193 16258 16289 16297 16314 16369 16389 16345 16350 16355 16338 16303 16275 16216 16178 16146 16150 16139 16135 16126 16107 16103 16080 16070 16074 16029 16028 16048 16043 16050 16109 16061 15998 15999 16002 16006 16017 16017 16025 16082 16137 16097 16101 16134 16172 16221 16235 16254 16287 16317 16333 16331 16356
16350 16371 16375 16377 16400 16423 16466 16483 16487 16478 16477 16482 16481 16485 16545 16579 16556 16582 16532 16555 16460 16390 16398 16368 16189 16240 16265 16278 16313 16401 16435 16439 16418 16397 16356 16310 16260 16206 16172 16149 16141 16135 16121 16122 16103 16090 16068 16071 16067 16049 16078 16055 16016 16033 16054 16060 16002 15998 15999 16011 16015 16017 16028 16050 16124 16145 16120 16143 16175 16216 16211 16230 16255 16279 16300 16316 16339
16327 16346 16351 16355 16370 16379 16389 16413 16431 16440 16447 16453 16456 16464 16471 16476 16552 16595 16597 16597 16503 16491 16453 16423 16389 16241 16260 16275 16311 16385 16425 16439 16445 16401 16366 16325 16260 16218 16191 16155 16140 16122 16109 16110 16092 16079 16064 16057 16053 16083 16089 16042 15999 16012 16046 16044 16008 15994 15997 16005 16025 16009 16030 16056 16074 16118 16118 16146 16167 16203 16205 16213 16226 16254 16277 16288 16302
16306 16313 16328 16339 16344 16353 16358 16359 16385 16390 16410 16421 16424 16437 16451 16473 16474 16476 16522 16543 16556 16567 16558 16533 16511 16326 16368 16349 16302 16313 16331 16375 16430 16421 16358 16316 16272 16242 16217 16169 16144 16131 16107 16107 16083 16065 16067 16050 16104 16123 16081 16022 15990 16009 16037 16045 16014 16000 15997 15996 15996 16009 16029 16050 16076 16096 16105 16140 16153 16192 16199 16194 16212 16224 16243 16252 16262
16270 16291 16306 16312 16319 16326 16330 16330 16335 16348 16359 16376 16392 16405 16427 16451 16466 16472 16481 16530 16551 16565 16562 16549 16557 16521 16413 16393 16351 16265 16281 16303 16341 16388 16354 16306 16259 16251 16252 16237 16184 16159 16146 16115 16094 16079 16069 16070 16122 16110 16049 15993 15994 16002 16020 16030 16022 16001 16000 15990 15997 16010 16026 16054 16075 16086 16100 16114 16146 16169 16184 16185 16184 16200 16215 16236 16248
16245 16272 16285 16293 16301 16303 16301 16304 16306 16312 16321 16339 16353 16369 16399 16422 16447 16460 16472 16490 16503 16523 16548 16538 16545 16555 16536 16445 16362 16325 16244 16277 16255 16283 16286 16276 16263 16249 16249 16256 16211 16183 16163 16126 16111 16097 16082 16078 16105 16139 16064 16002 15987 15998 16020 16027 16012 15991 15984 15984 15997 16003 16025 16047 16061 16074 16085 16119 16136 16159 16167 16161 16164 16180 16202 16216 16227
16234 16256 16272 16275 16278 16281 16278 16274 16271 16284 16296 16303 16322 16344 16373 16398 16425 16437 16452 16477 16493 16501 16525 16544 16920 16783 16680 16553 16418 16351 16335 16257 16240 16233 16265 16255 16269 16266 16259 16252 16218 16201 16177 16149 16133 16116 16090 16072 16079 16125 16105 16009 15983 15990 16020 16017 16001 15973 15967 15972 15978 15989 16006 16022 16051 16062 16068 16112 16137 16133 16134 16145 16153 16162 16188 16195 16202
16205 16230 16238 16242 16249 16256 16258 16254 16253 16260 16272 16283 16306 16328 16357 16390 16404 16417 16432 16457 16477 16490 16548 16518 16885 16765 16712 16699 16556 16433 16367 16314 16229 16200 16228 16239 16243 16256 16253 16252 16235 16219 16189 16157 16135 16104 16079 16065 16086 16121 16116 16020 15977 15995 16022 16006 15975 15961 15948 15959 15961 15973 15982 16021 16041 16049 16061 16086 16110 16117 16117 16135 16140 16144 16158 16166 16176
16173 16200 16207 16216 16224 16241 16243 16243 16242 16243 16247 16276 16303 16341 16344 16370 16378 16401 16417 16435 16453 16466 16794 16786 16800 16711 16680 16883 16746 16466 16390 16397 16336 16199 16201 16223 16236 16241 16244 16249 16241 16213 16181 16148 16125 16088 16061 16058 16082 16097 16097 16048 15996 15995 16005 15993 15954 15950 15943 15946 15960 15975 15994 16008 16035 16039 16059 16095 16106 16104 16098 16095 16119 16146 16161 16277 16431
16154 16165 16194 16194 16200 16218 16233 16236 16242 16237 16248 16268 16295 16318 16337 16351 16357 16383 16398 16407 16432 16454 16786 16904 16792 16655 16556 16616 16594 16426 16404 16386 16434 16310 16255 16204 16221 16251 16258 16258 16289 16234 16197 16162 16122 16088 16066 16057 16062 16066 16122 16090 16030 16024 15987 15973 15945 15945 15959 16090 16086 15986 16005 16022 16030 16045 16072 16094 16099 16063 16061 16082 16117 16202 16201 16159 16404
16137 16146 16160 16168 16182 16197 16214 16229 16231 16233 16234 16265 16290 16308 16329 16340 16351 16375 16384 16391 16535 16851 17024 17044 16627 16467 16502 16411 16412 16419 16415 16387 16455 16364 16297 16331 16220 16253 16284 16280 16299 16246 16209 16169 16138 16103 16070 16049 16045 16046 16115 16101 16017 16013 15990 15956 15945 15943 15956 16089 16109 16002 16009 16028 16036 16048 16070 16091 16082 16040 16049 16081 16115 16135 16142 16154 16173
16110 16123 16128 16137 16164 16180 16214 16221 16219 16218 16223 16252 16280 16299 16314 16332 16350 16408 16423 16371 16939 16840 17106 17131 16792 16509 16360 16375 16412 16401 16387 16392 16447 16470 16405 16407 16324 16269 16296 16291 16288 16276 16231 16193 16164 16115 16079 16059 16033 16037 16072 16098 16012 15995 15983 15962 15937 15931 15946 15977 15991 16025 16029 16032 16035 16043 16063 16082 16045 16035 16065 16086 16106 16122 16135 16146 16157
16088 16099 16108 16122 16146 16168 16183 16193 16201 16200 16209 16233 16262 16279 16298 16335 16336 16418 16465 16588 17226 17451 17132 16968 16572 16314 16335 16357 16362 16391 16383 16411 16438 16497 16463 16478 16403 16379 16361 16316 16307 16294 16258 16209 16175 16127 16084 16061 16039 16039 16040 16084 16024 15991 15976 15966 15939 15937 15971 15987 15990 16002 16022 16031 16031 16027 16017 16023 16014 16030 16073 16083 16091 16106 16229 16139 16215
16079 16086 16088 16117 16134 16156 16169 16175 16178 16175 16199 16220 16237 16256 16276 16302 16578 16922 16937 16975 17445 17815 17416 16876 16455 16294 16305 16343 16354 16356 16378 16401 16437 16500 16463 16485 16426 16451 16416 16410 16478 16349 16265 16220 16181 16142 16102 16058 16035 16032 16037 16089 16029 15985 15974 15974 15950 15957 15996 16008 16002 15995 16003 16013 16015 16007 16005 16006 16002 16029 16047 16050 16067 16097 16132 16115 16163
16071 16082 16082 16103 16128 16145 16154 16162 16156 16163 16189 16200 16217 16238 16262 16479 16869 16857 16817 17156 17612 17957 17349 16665 16371 16270 16299 16312 16335 16330 16345 16375 16405 16426 16408 16359 16406 16365 16380 16403 16491 16430 16285 16224 16181 16151 16105 16061 16034 16028 16057 16064 16017 15977 15976 15977 15973 15964 15995 16008 16003 15995 15987 15994 16004 16005 15997 15984 16007 16028 16038 16046 16064 16125 16101 16152 16147
16083 16071 16078 16090 16112 16125 16137 16144 16151 16159 16180 16199 16252 16336 16689 16997 17092 16783 16743 17049 17432 18131 17566 16482 16278 16244 16249 16279 16286 16302 16327 16347 16354 16365 16373 16354 16319 16353 16330 16338 16515 16520 16476 16253 16168 16143 16101 16063 16045 16040 16053 16049 16000 15978 15970 15963 15977 15969 15967 15990 16004 15992 15986 15982 16005 16005 15982 15979 16005 16028 16031 16044 16049 16114 16093 16129 16156
16082 16066 16073 16089 16106 16112 16123 16152 16174 16154 16160 16177 16201 16207 16294 17334 17446 16772 16650 17005 17352 18009 17628 16779 16353 16239 16229 16249 16252 16278 16314 16319 16319 16357 16404 16334 16378 16277 16272 16283 16550 16515 16494 16399 16268 16136 16101 16076 16070 16045 16055 16036 16001 15981 15973 15960 15970 15967 15961 15979 16005 16019 16001 15986 16020 16010 15990 15975 15995 16017 16023 16034 16037 16057 16086 16083 16093
16057 16089 16117 16315 16349 16207 16399 17019 16450 16133 16144 16156 16179 16192 16208 17414 17917 17130 17267 17178 17561 17981 17644 16883 16362 16240 16267 16231 16243 16264 16291 16303 16426 16501 16410 16302 16337 16280 16248 16221 16406 16537 16540 16459 16342 16205 16136 16095 16080 16056 16044 16019 16005 15981 15977 15967 15977 15965 15972 15985 15995 16029 16031 16012 16018 16007 15996 15984 15994 16011 16025 16033 16044 16054 16076 16089 16089
16059 16242 16216 16278 16564 16943 17276 17604 16478 16124 16130 16141 16170 16181 16195 17483 17985 17338 17397 17347 17553 17487 16928 16469 16228 16229 16254 16239 16254 16321 16307 16279 16313 16377 16267 16278 16286 16301 16257 16225 16437 16477 16535 16509 16410 16295 16185 16094 16075 16078 16068 16041 16019 15995 15984 15980 15982 15966 15972 15988 16001 16016 16036 16010 16011 16008 16011 16013 16011 16010 16025 16028 16037 16056 16067 16086 16093
16172 16243 16314 16578 17001 17686 17980 17848 16349 16103 16114 16126 16153 16168 16177 17967 17989 17227 17040 16808 16795 16838 16666 16429 16207 16200 16217 16229 16248 16268 16251 16244 16262 16257 16259 16260 16270 16260 16254 16223 16392 16501 16551 16588 16539 16538 16362 16195 16146 16113 16097 16106 16113 16049 15992 15996 16001 15985 15984 15988 15992 15990 16022 16023 16031 16017 16015 16016 16011 16010 16017 16022 16037 16049 16065 16083 16095
16051 16061 16093 16524 16732 17656 18175 18216 16809 16088 16098 16114 16130 16142 16392 18172 18002 17077 16924 16730 16596 16526 16419 16231 16243 16174 16192 16208 16237 16236 16247 16247 16249 16253 16253 16256 16254 16247 16236 16217 16274 16413 16530 16575 16561 16603 16601 16448 16313 16211 16134 16108 16080 16065 16077 16018 16011 16010 16007 16012 16003 15982 16030 16051 16040 16005 16005 16002 16003 16048 16063 16021 16043 16050 16056 16084 16111
