Alternative/Moon/Lvl0_30x30/Ele_EG.asc
ncols         335
nrows         335
xllcorner     57491.657
yllcorner     -6727166.958
cellsize      10000
nodata_value  -9999.0
[rows 0 to 33 of 335, columns 154 to 230 of 335]
20936 21115 21431 21965 22660 23199 23737 23764 23667 22951 22173 21661 21785 22794 24131 24646 24739 23895 23532 23052 22551 21930 21444 21532 21585 21075 21336 21367 21206 21264 21209 21304 21446 21957 22183 21886 23468 23664 23345 23189 23228 23189 23556 24234 25016 25606 25812 25853 25855 25846 25862 25570 24958 24258 23942 23616 23608 23861 24105 24619 25483 26056 26105 26082 26151 26070 26289 25863 27030 27008 26673 26602 26470 26451 26311 26067 25748
21173 21057 21341 21941 22185 22862 22756 22085 22051 22660 22615 22690 23196 23673 24039 24055 23587 23513 22898 22470 22158 21825 21662 21510 21607 21568 21488 21451 21490 21184 21322 21353 21510 21851 22661 23119 23444 23191 22813 22719 22978 23385 23526 23644 24134 25178 25376 25566 25868 25891 25700 25601 24831 24064 23871 23819 24013 24545 25100 25678 26051 26149 26159 26078 26292 26429 26673 27008 27078 26889 26805 26776 26726 26435 26650 26681 25916
21194 20865 20913 21463 21857 22555 21932 20920 20600 21638 22123 22365 22997 23262 23177 23208 23048 22822 22768 22453 22029 21835 21728 21583 21565 21576 21478 21549 21554 21387 21382 21517 22024 22373 22659 22924 22902 22761 22619 22792 22861 23793 23998 22968 23119 23644 23814 24828 25873 25945 25654 25644 24738 24205 24007 23882 24057 24713 25419 25964 25874 25437 24978 25104 25674 26369 26766 26947 26964 26953 27108 27151 26972 26975 26991 26792 26263
20988 20791 20842 21538 21710 22483 21650 20441 19534 20203 20783 20664 21421 22406 22843 22884 23154 22955 22892 22929 22183 21903 21617 21645 21362 21438 21713 21589 21517 21570 21565 21718 22455 22657 22688 22725 22655 23008 23174 23089 23350 23910 24018 23043 21958 21622 22625 23899 25125 25757 25580 25422 24697 23991 24113 24026 24265 24829 25498 25912 25345 24353 24221 24242 24562 25389 26350 26917 26967 26954 27224 27515 26763 27002 27063 26691 26364
20791 20793 20964 21539 21748 22604 22343 21494 19917 19162 19630 20024 20871 21665 22029 22199 22681 22795 23081 23059 22347 21856 21677 21634 21744 21727 21823 21729 21598 21542 21581 21823 22637 22685 22694 22725 22713 22919 23040 23006 23200 23454 23191 21631 20777 20243 21757 23216 24323 25330 25333 24931 24354 24177 24194 24138 24455 24991 25526 25733 24657 24216 24220 24207 24357 25023 25799 26750 27251 27423 27298 27698 27582 27574 27474 27053 26347
20654 20600 20834 21113 21647 22377 22516 22506 21543 20097 19968 20402 21241 22320 22239 21407 21343 21876 22703 22793 22531 22105 21957 22014 21874 22023 22099 21926 21610 21561 21824 22212 22535 22643 22692 22738 22839 23151 23245 23130 23549 23497 22481 20979 19880 19769 20872 22343 23929 24941 24895 24731 24448 24277 24209 24322 24606 24866 25070 25521 25096 24294 24190 24306 25040 25857 26633 26957 27309 27655 27271 27895 27729 27583 27261 26648 25931
20641 20542 20680 20871 21236 21761 22254 22584 22514 21583 21458 21735 22289 22663 22628 21698 21681 21919 22511 22591 22406 22392 22422 22619 22475 22134 22148 22193 21448 22059 22435 22929 22891 22878 22850 22824 22791 23188 23258 23154 23769 23613 22050 20600 20264 20639 21324 22201 23814 24705 24930 25040 24583 24255 23924 24199 24567 24897 25187 25538 25333 24439 24196 24924 25692 26314 26645 27104 27418 27799 27841 27813 27632 27414 26073 25703 25019
20580 20538 20625 20880 21155 21600 21958 22275 22341 21916 22098 22299 22551 22574 22511 21960 22210 22112 22315 22290 22166 22420 22504 22657 22478 22295 22101 22072 21906 22098 22538 22931 22968 22939 22831 22967 23008 23252 23269 23169 23555 23631 22415 21333 20658 21137 21788 23341 23920 24766 24866 24722 24623 24467 24260 24090 24293 24545 24697 24973 24854 24290 24227 24942 25956 26701 27010 27352 27663 27625 27888 27355 27063 26141 25376 24359 23807
20366 20425 20658 20776 21006 21404 21721 21783 21639 21150 20959 21713 22365 22471 22268 22043 22057 21780 21470 21029 21225 21651 22136 22529 22539 22443 22041 22035 22030 22220 22516 22620 22771 22833 22952 23106 23202 23307 23299 23214 23448 23887 23677 22947 22341 22114 22767 23979 24014 24254 24420 24385 24431 24522 24551 24544 24267 24363 24433 24354 24147 24208 24411 25185 25888 26631 26905 27389 27686 27857 27902 27444 25576 24504 24498 23558 23324
20400 20522 20585 20579 20834 21301 21678 21688 21684 20334 20275 21377 22473 22426 22011 21321 21202 20576 20108 19637 19678 20583 21407 21907 22261 22286 22510 22321 21914 22438 22615 22596 22849 22910 23171 23386 23402 23258 23467 23155 23085 23768 24018 24218 24186 22699 22727 23933 23932 23746 23067 23360 23653 24237 24705 24663 24566 24418 24239 24212 24172 24226 24624 25079 25731 26391 26782 27441 27664 27542 27568 26986 25860 24736 24036 23247 23196
20397 20381 20513 20512 20762 21338 21673 21720 21810 21549 21386 21578 22236 22169 21672 21193 20338 19686 18809 18291 18528 19317 20537 21192 22136 22286 22580 22281 22291 22521 22668 22788 22904 23003 23310 23431 23501 23328 23326 23003 22860 22893 23730 24187 24342 23832 23220 24059 23943 23320 22807 23296 23651 23923 23964 23772 24704 24579 24452 24342 24191 24543 25082 24940 25925 26274 26660 27135 27498 27449 27381 26413 25294 24478 23679 22472 22431
20436 20425 20421 20425 20681 21092 21437 21495 21523 21519 21510 21555 21919 22054 21392 20422 19340 18244 18053 18106 18515 18336 19028 19948 21406 22204 22632 22384 22413 22752 22675 22796 22891 23261 23601 23602 23542 23652 23493 23149 22986 23027 23212 23727 24351 24557 24020 23920 23940 23361 23242 23683 23513 22576 21715 22188 23683 24849 24846 24351 24215 24941 25198 25171 25996 26468 26668 27116 27257 26907 26750 25581 24674 23719 23269 22575 22012
20404 20521 20572 20376 20496 20659 20737 20760 21399 21295 21187 21140 21576 21751 21180 19601 18242 18052 18000 18629 19003 18476 18466 19473 21193 22175 22308 22199 22412 22707 22788 22896 23122 23421 23709 23816 23743 23562 23579 23211 23246 23428 23507 23542 23982 24516 24340 24143 24163 23492 23720 24007 23866 22479 21693 21415 22525 24233 24683 24509 24459 25106 25424 25668 25950 26375 26687 27148 27140 26648 26082 24992 24227 23134 22532 21789 21579
20538 20688 20853 20334 20569 20540 20524 20533 20838 21001 20888 21113 21434 21606 20917 20265 18971 17970 18027 18519 18655 18075 18672 19654 21100 22121 21957 21006 22343 22441 22803 23072 23247 23608 23719 23879 23792 23552 23514 23198 23446 23913 23990 23860 23892 24440 24571 24611 24633 24373 24274 24594 24633 23467 22847 22122 22332 24038 24696 24532 24628 25230 25478 25649 25970 26108 26772 27531 27447 26453 25325 24134 23212 22090 21575 21367 21271
20616 20693 20839 20726 20680 20620 20540 20627 20663 20793 20789 21017 21502 21423 20202 20390 20064 18736 18052 18176 18141 18072 18863 20040 21217 22055 22198 21609 22022 22297 22752 22842 23188 23170 22917 22931 22576 22508 22376 22546 23444 24040 24031 24225 24362 24659 24754 24716 24640 24509 24700 25018 25020 24794 24357 23734 23351 24453 24683 24517 24885 25008 25300 25752 26072 26373 26943 27388 27400 26166 24718 23620 22610 21572 21326 21268 21206
21117 20929 20824 20780 20746 20811 20826 20816 20830 20961 21139 21149 21326 21198 20228 19894 20023 20100 18832 18905 18890 18817 19695 21055 21917 22011 22092 21608 21646 22229 22570 22688 22212 21495 20892 20728 20544 20610 20889 21445 22529 23688 24076 24493 24679 24654 24470 23226 22215 22522 23320 24679 24875 24985 24843 24589 24625 24743 24875 24962 24991 25082 25274 25644 26189 26515 26897 26944 26382 25208 23961 23109 21953 21357 21319 21257 21196
21403 21321 21143 21127 20935 21009 21129 21090 20971 21230 21287 21152 21203 21753 21456 20365 21150 20963 20385 20514 20573 20785 20771 21517 21958 21838 21764 21697 21682 22258 22242 21426 20099 19711 19708 19484 19441 19542 20009 20627 21730 22752 23534 24010 23851 22939 21941 20953 20436 20262 20820 21744 22969 24569 24787 24608 24698 24744 24918 25124 25221 25413 25585 25881 26013 25994 26745 26849 25983 24389 23426 22659 21571 21354 21293 21211 21285
22034 21831 21879 21813 21663 21301 21188 21177 21352 21349 21465 21746 21730 21940 21726 21529 21560 21633 21550 21577 21951 21942 21531 21381 21391 21528 21600 21616 21661 21890 21357 19738 17974 17610 17967 18290 18086 18425 19216 20259 21172 22439 22632 21914 21044 20022 19232 18853 18361 18748 19215 19409 20803 23385 24836 24840 24783 24860 24712 25084 25221 25579 25645 25803 26167 26651 26645 26755 25869 24501 23411 22303 21508 21347 21310 21326 21326
22327 22213 21997 22087 22002 21701 21618 21619 21467 21232 21208 21810 21761 21798 21658 21468 21589 21912 21793 21441 21728 21632 21366 21064 21069 21422 21444 21529 21642 21536 20199 18790 17543 16829 17102 17686 17660 17959 18910 19845 21062 21882 21818 20812 19537 18521 17910 17686 17784 18360 18627 18999 20195 22577 24118 24807 24715 24641 24627 24749 25065 25546 25633 25615 26149 26705 26629 26055 25468 24477 23407 22284 21426 21334 21335 21367 21334
22011 22318 22204 22285 22534 22514 22369 22032 21734 21146 20927 21103 21274 21440 21677 21810 21863 21949 22063 21969 21243 21337 20778 20789 20836 20968 21310 21662 21684 20707 19237 18844 18096 17390 17194 17350 17304 17881 18831 19215 20348 21148 20751 19709 18744 17738 17346 17225 17727 17798 18138 18328 19130 21106 22974 24802 24725 24464 24459 24505 24846 25240 25491 25767 26258 26157 25807 25616 25554 24483 23378 22226 21579 21341 21335 21335 21289
19814 20479 21727 22322 22627 22831 22997 22752 22128 21378 20715 20725 20956 21599 21919 22101 22196 21992 22071 21900 21179 21104 20595 20592 20739 20813 21326 21648 21560 20893 19931 19305 18742 18094 17886 17793 17558 17791 18813 19106 19904 20396 20430 19673 18720 17669 17443 17625 17691 17686 17719 18186 18629 20408 22286 24716 24697 24385 24420 24076 24307 24855 25436 26095 26658 26587 26577 26635 25798 24424 23402 22280 21617 21381 21389 21379 21324
18441 18960 19630 20700 22102 22815 23002 22961 22399 22002 21465 20997 21139 21776 21888 21929 22073 21906 21772 21342 21002 20596 20518 20519 20825 20912 21229 21573 21579 21100 20493 19856 19556 18684 18414 18206 18379 17748 18176 18613 19781 20293 21027 20838 20086 19097 17928 17525 17523 17554 18041 18252 19524 20510 21978 24029 24151 24206 24182 23940 24168 24616 25153 25809 26429 26466 26468 26370 25322 24539 23412 22342 22066 21521 21402 21391 21308
17827 18138 18298 18988 20599 22486 22937 22919 22725 22445 22049 21366 21644 22042 21977 21666 21633 21670 21408 21041 20808 20619 20522 20580 20748 20899 21253 21448 21144 21015 20791 20200 19684 17949 16853 17670 18650 18593 17565 18013 18843 20199 21358 21757 21055 20301 19298 18433 18121 17624 17716 18168 20233 22025 23208 23638 23435 23941 23997 23907 24411 24616 24845 25104 25570 26081 26135 25735 25250 24721 23881 22809 22522 21845 21399 21379 21298
17575 17656 17929 18699 19600 21360 22575 22913 23086 22965 22247 21898 22396 22361 22099 21805 21488 21412 21133 21186 20863 20514 20643 20748 20976 21129 21356 21451 21854 21765 21445 21241 19388 16724 15997 15716 17820 18730 18457 19133 19987 21099 21533 22266 22515 21608 20674 20208 20044 19378 18956 19975 21884 23524 23510 23402 22883 23056 23630 24073 24396 24592 24481 24472 24591 25204 25675 25501 24927 24683 23947 23714 23176 22176 21471 21370 21305
17563 17557 17897 18721 19416 21630 23009 23249 23377 23016 22241 22342 22343 22379 21836 21598 21538 21651 21521 21332 20740 20547 20578 20969 21291 21460 21430 21586 21853 21644 21628 21792 20317 17726 17065 17857 19583 19819 19607 20137 20718 21066 21368 21998 22697 22580 22053 21380 21203 21648 21844 22458 23071 23425 23310 22712 22326 22964 23718 24111 24231 24536 24374 24431 24542 24930 25308 25283 25102 24627 24135 24282 23568 22836 22093 21533 21382
17543 17541 17680 18224 19464 22169 23614 23568 23510 22846 22448 22695 22521 21989 21621 21724 21808 21941 21768 21320 20794 20548 20661 21023 21253 21469 21537 21230 21854 22014 22048 21977 21937 20251 19903 20702 20953 20713 20861 21163 21344 21278 21437 21750 21975 22215 22246 22282 22165 22533 22580 22872 22816 22411 22280 22118 22676 23278 23767 23931 23961 24025 24345 24190 24744 25290 25311 25397 25623 25663 25156 24588 23840 23130 22405 22056 21496
17539 17546 18002 18448 19849 22462 23743 23595 23328 22410 22354 22683 22615 22438 21912 21763 22043 22151 22083 21351 21044 20636 20832 21025 21148 21374 21291 20813 20730 21643 22150 22071 21904 21517 21530 21372 21527 21522 21437 21484 21381 21230 21127 21191 21212 21326 21464 21729 21614 21700 21613 21717 21618 21830 21983 22005 22632 23391 23383 23741 23854 24010 24051 24166 24721 25279 25528 25783 26164 26064 26015 25367 24655 23790 22910 22258 21773
17555 17625 18519 19207 20530 22509 23804 23649 22637 21892 22332 22384 22477 22935 22317 22184 22262 22318 22124 20891 21092 20885 20894 21162 21199 21285 21294 20123 19603 20492 21786 21705 21414 21479 21526 21488 21559 21480 21182 21140 21131 20908 20769 20687 20771 20765 20789 20730 20713 20737 20831 20879 20916 21080 21586 21773 22269 23015 23105 23288 23709 24012 23981 24076 24534 25068 25457 25745 26303 26322 26298 26180 25630 25049 24332 23233 22505
18063 18171 19650 20126 21032 23169 23710 23311 22294 21935 22373 23274 23351 23376 22926 22612 22386 22299 21748 21121 21097 21210 21253 21319 21359 21261 21275 20640 20556 20499 20748 21133 21003 21039 21194 21276 21261 21136 21002 20881 20786 20483 20467 20505 20435 20450 20391 20406 20295 20316 20365 20578 20705 20815 21265 21657 22032 22511 22608 23048 23722 24195 23919 22935 24242 24722 24690 23797 23772 24589 25850 26156 25807 25513 25267 24802 23835
18714 18868 19868 21072 22468 23794 23643 22663 22223 22482 23030 23454 22980 22637 23050 22610 22237 21821 21451 21423 21262 21009 21151 21358 21279 20218 20093 20853 20880 20197 20444 20588 20686 20705 20652 20707 20688 20635 20614 20507 20398 20164 20316 20328 20255 20187 20209 20201 20125 20122 20153 20323 20297 20428 20914 21048 21489 22148 22461 23001 23584 23968 23909 22966 23175 23936 23792 21881 21434 22750 24478 25985 25911 25789 25700 25488 25018
19603 20349 21221 22407 24180 24216 23496 22960 22884 23377 23498 23630 23394 23167 23028 22558 22183 21792 21712 21670 21587 21264 21395 21509 20634 19124 19045 20059 20912 20716 20613 20569 20665 20508 20565 20361 20417 20405 20324 20255 20245 20274 20212 20273 20047 20065 20056 20068 20011 20062 20035 20149 20146 20181 20202 20583 21117 21740 21993 22569 23011 23107 23274 23169 22969 23585 23598 22472 22439 24122 25315 25856 25864 25786 25805 25778 25611
20882 22177 23515 24177 24561 24416 24004 23822 23825 24486 23992 23453 23304 23052 22752 22467 22305 22037 21811 21629 21533 21385 21441 21511 21272 20053 19370 20374 20842 20768 20305 20359 20555 20371 20375 20414 20532 20408 20298 20314 20282 20351 20272 20095 19977 19992 19979 19992 19964 19974 20001 19984 20017 19964 19969 20199 20595 20982 21585 22121 22499 22873 23228 23336 23068 22999 23342 23304 23413 24724 25649 25764 25768 25556 25753 25844 25815
21713 22997 23919 24299 24377 24205 24198 24287 24639 24802 24211 23554 23124 22917 22675 22349 22353 22109 22044 21734 21642 21461 21071 21258 21611 21565 20964 20726 20667 20455 20383 20370 20401 20346 20334 20361 20531 20666 20846 20860 20436 20262 20266 20261 20058 19927 19942 20040 19963 19968 19904 19902 19917 19900 19949 20025 20451 20784 21231 21954 22503 23165 23531 23472 22984 22348 22031 22717 23353 23496 24220 25533 25605 25512 25587 25756 25707
21792 22673 22875 23010 23362 23801 23921 23467 24019 24513 24227 23612 23337 22909 22432 22270 22031 22026 22003 21842 21657 21313 21173 21311 21599 21535 20918 20505 20261 20367 20312 20315 20296 20275 20253 20220 20339 20845 20900 20779 20473 20170 20282 20256 20125 19932 19958 19915 19883 19870 19865 19860 19869 19868 20033 20341 20638 21118 21614 22342 22668 23499 23843 23777 23493 22454 21814 21857 22665 23322 23966 25263 25482 25501 25489 25554 25504
