Alternative/Moon/Lvl0_30x30/Ele_BG.asc
ncols         335
nrows         335
xllcorner     57491.657
yllcorner     3322833.042
cellsize      10000
nodata_value  -9999.0
[rows 204 to 237 of 335, columns 154 to 230 of 335]
18460 17607 16749 16637 16697 16726 16718 16754 16825 16911 17041 17016 16910 16951 16945 17050 17129 17031 17095 17093 17025 17036 16860 16935 17180 17058 16915 17043 17019 16859 17047 17501 17556 17404 17502 17355 17670 17903 17496 17587 17645 17507 17318 17219 17255 17363 17398 17276 17417 17309 17266 17124 17338 17483 17295 17121 16879 16929 16847 16566 16439 16358 16286 16255 16306 16255 16159 16166 16192 16390 16217 16268 16246 16209 16256 16220 16217
18475 17744 16859 16689 16672 16719 16817 16794 16720 16760 16847 16773 16941 16886 16934 17041 16986 16886 16988 17055 16951 16864 16887 16900 17048 16962 17095 17025 17007 16965 17127 17132 17230 17366 17451 17413 18013 18133 17336 17246 17310 16898 17340 17446 17284 17496 17392 17424 17481 17243 17229 17210 17340 17375 17378 17546 17161 16877 16696 16617 16534 16435 16346 16518 16463 16295 16356 16419 16384 16311 16229 16330 16284 16215 16197 16128 16114
18224 17666 17048 16644 16669 16756 16727 16668 16717 16753 16858 16905 16833 16933 16985 17034 16943 16879 16993 17025 17016 16970 16961 16807 16869 16966 17038 16908 16874 17026 17080 17062 17061 17166 17045 17245 17318 17327 17096 17396 17484 17157 17171 17783 17805 17582 17340 17288 17403 17278 17224 17162 17182 17198 17392 17450 17284 17122 16828 16648 16582 16529 16443 16451 16448 16499 16511 16432 16509 16619 16342 16217 16265 16152 16134 16116 16114
18812 18263 17585 16768 16673 16715 16673 16743 16678 16693 16896 16944 17025 16976 17137 16978 16971 17029 17035 17110 17142 16891 17043 17075 17089 17248 17168 17065 16962 17113 17002 17043 17145 17152 17230 17348 17221 17321 17097 17514 17543 17223 17393 17300 17320 17521 17801 17552 17308 17141 17097 17148 17199 17075 17262 17349 17337 17244 17081 16748 16612 16537 16549 16546 16577 16556 16663 16470 16636 16584 16659 16388 16164 16160 16125 16286 16337
18807 18272 17477 16759 16821 16923 16849 16743 16785 16799 16775 16797 16686 16904 17311 17255 17167 17076 17026 17015 16933 16827 17075 17061 17191 17192 17430 17357 17508 17521 17281 17177 17211 17201 17234 17330 17113 17120 17099 17575 17549 17295 17369 17335 17329 17552 17824 17514 17148 17074 16966 17055 17052 17060 17243 17380 17421 17403 17073 16951 16653 16513 16484 16675 16808 16767 16712 16617 16522 16575 16515 16359 16187 16138 16202 16368 16405
16754 16648 16678 16677 16689 16865 16955 16925 16727 16859 16723 16783 16700 16935 17373 17482 17193 17275 17266 17281 17088 17210 17623 17094 17217 17249 17487 17547 17767 17739 17186 17372 17361 17222 17253 17181 16968 16961 17232 17405 17059 16927 17037 17265 17294 17258 16933 16824 16935 16897 16863 17187 17235 17194 17349 17587 17796 17876 17626 17266 17075 16814 16752 16799 16916 16695 16547 16535 16469 16351 16394 16371 16276 16188 16361 16357 16334
16355 16382 16472 16526 16513 16581 16573 16660 16742 16678 16718 16676 16765 17008 17012 17111 16931 16977 17218 17149 17009 16921 17239 17072 17059 16984 17107 17048 17177 17204 17077 17158 17012 17098 17773 17791 17024 17074 17105 16998 16964 17152 16977 17051 17051 16906 16833 16889 17000 16863 16884 17353 17418 17200 17769 18110 18085 17876 17445 17167 17229 17113 16955 16993 17089 16686 16405 16436 16423 16482 16389 16261 16180 16149 16184 16232 16269
16353 16349 16450 16453 16449 16613 16569 16603 16807 16692 16635 16625 16719 16657 16589 16599 16605 16709 16856 16792 16756 16709 16871 16921 16879 16974 17129 17038 17000 17165 17088 17213 17185 17357 17462 17162 16982 16979 17058 16997 16977 17651 17314 16982 16924 16871 16788 16765 16748 16883 16859 16895 16871 17102 17767 18173 18104 17529 17183 16884 16980 16918 16661 16896 16982 16565 16526 16299 16219 16225 16294 16399 16215 16176 16185 16202 16294
16277 16340 16396 16405 16438 16651 16643 16620 16623 16642 16600 16644 16511 16490 16562 16488 16569 16593 16725 16922 16754 16707 16593 16616 16657 16770 16867 16845 16975 17127 16941 16979 17037 17154 16963 16986 16951 16993 17139 16986 16929 16892 16835 16882 16880 16861 16830 16801 16778 16835 16811 16859 16940 16931 17266 17603 17328 16924 16893 16862 16946 16815 16740 17038 17000 16722 16584 16491 16333 16190 16238 16471 16440 16467 16204 16188 16183
16293 16262 16319 16412 16474 16483 16335 16647 16608 16868 16781 16534 16559 16558 16553 16528 16476 16713 16586 16683 16665 16799 16774 16650 16584 16806 16831 16706 16761 16846 16798 16824 16772 16966 16927 17043 17010 16912 17105 17001 16901 16914 16878 16923 16930 17015 16955 16952 16870 16928 16919 16908 16938 16893 17176 17406 17219 16907 16792 16762 16751 16739 16886 16995 17091 17088 16730 16602 16374 16429 16329 16646 16816 16806 16203 16243 16176
16239 16273 16300 16330 16263 16536 16536 16585 16581 16599 16502 16531 16481 16589 16652 16644 16620 16733 16524 16702 16652 16761 16930 16795 16705 16524 16705 16718 16784 16861 16843 16880 16871 17046 16907 17167 16840 16962 16832 16943 16921 16991 16931 16986 16994 16950 16917 16853 16860 16839 16823 16797 16786 16793 16779 16753 16796 16847 16870 16835 16848 16881 16914 16988 17052 16944 16701 16654 16451 16421 16368 16914 16987 16705 16208 16186 16195
16246 16219 16302 16355 16582 16609 16553 16431 16493 16527 16358 16500 16465 16462 16597 16813 16894 16716 16652 16874 16962 16686 17057 17271 17308 16816 16821 16845 16996 16932 17273 17387 16918 16886 17225 17474 17543 17136 16899 16849 16852 16929 16840 16920 16943 16836 16898 16820 16889 16806 16801 16791 16837 16808 17020 16947 16965 16913 16905 16930 16959 16999 17126 16936 16912 16882 16976 17021 16851 16409 16324 16689 16781 16257 16252 16266 16283
16195 16213 16371 16370 16571 16623 16568 16469 16513 16555 16639 16516 16452 16478 16413 16630 16736 16430 16719 16817 16968 16709 17099 17258 17343 16980 16887 16888 16996 16940 17211 17417 16839 17078 17265 17204 17445 17085 16938 16817 16800 17475 17374 17017 17050 16774 16861 16894 16993 16863 16863 16785 16837 16800 17058 16944 16996 16959 17011 16997 16943 17315 17493 16976 16909 16803 17004 17269 17225 16503 16395 16213 16219 16264 16289 16287 16709
16185 16221 16358 16325 16320 16442 16577 16538 16490 16574 16572 16366 16487 16504 16448 16438 16517 16632 16950 16641 16555 16519 16671 16946 17035 16759 16906 16778 17082 16918 16901 16833 16926 17051 17551 17709 17478 17124 16871 16926 16852 17194 17216 16776 16761 16780 16761 16796 17023 17222 16798 16808 16908 16825 16917 16891 16889 16862 16837 16941 16907 16951 17201 17047 16894 16426 16478 17153 17176 16522 16307 16227 16232 16230 16225 16309 16294
16135 16201 16341 16247 16205 16263 16385 16511 16499 16398 16296 16308 16378 16378 16304 16318 16380 16306 16400 16466 16519 16807 17039 16789 16870 16775 16882 16893 17014 16766 16716 16817 16965 17092 17692 17853 17684 17098 16989 17200 16796 16842 16943 16744 16762 16806 16978 16706 16832 16940 16804 16804 16777 16831 16773 16849 16761 16911 17177 17236 17108 17099 17236 17003 16946 16464 16264 16356 16532 16549 16302 16260 16511 16255 16329 16374 16631
16070 16125 16187 16227 16225 16224 16372 16529 16517 16446 16347 16308 16356 16221 16152 16209 16375 16233 16442 16396 16517 16680 16987 17422 17543 17141 16908 16835 16753 16737 16728 16765 16804 17147 17274 17253 16972 17097 16859 16908 17002 16874 16784 16796 16776 16766 16944 16826 16884 16806 16824 16993 16964 16756 16744 16775 16910 16929 17523 17534 17268 17347 17422 16770 16778 16508 16531 16493 16451 16493 16368 16475 16391 16345 16405 16569 16572
16086 16139 16172 16186 16202 16262 16384 16510 16454 16395 16349 16385 16410 16266 16191 16087 16097 16044 16355 16393 16478 16507 16611 17368 17605 17062 16908 16882 16804 16671 16663 16890 16929 16860 17300 16805 16844 17263 16984 16987 17034 16726 16726 16755 16863 16846 16809 16838 16843 16770 16866 17103 17057 16683 17259 17277 16882 16964 17054 17250 17313 17303 17178 16583 16759 16869 16629 16474 16553 16508 16398 16468 16449 16536 17164 17331 17327
16056 16153 16159 16251 16173 16223 16337 16377 16267 16465 16409 16186 16220 16264 16407 16167 16074 16525 16537 16220 16221 16315 16466 16972 17080 16906 16782 16706 16858 16689 16637 16861 16845 16667 16895 16844 16900 16905 16745 17017 16815 16869 16759 16758 16725 16880 16821 16758 16763 16828 16968 16972 16803 16822 17486 17427 16979 16860 17355 17662 17523 17120 17126 16811 17007 16981 16447 16539 16539 16534 16379 16515 16578 16580 17115 17215 17034
16077 16096 16116 16085 16123 16163 16175 16197 16338 16470 16282 16213 16236 16407 16707 16148 16118 16596 16509 16141 16155 16340 16394 16689 16810 16821 17082 16827 16685 16658 16787 17006 17009 16709 16753 16787 16916 16774 16953 16855 16959 16791 16727 16741 16780 16872 16782 16734 16871 16870 16737 16876 16666 16869 17260 17139 16815 16893 17102 17435 17358 16926 16899 16910 17025 16769 16603 16592 16623 16458 16401 16441 16469 16496 16505 16829 16934
16070 16087 16062 16108 16100 16110 16128 16183 16331 16159 16149 16135 16174 16120 16300 16158 16188 16030 16184 16196 16087 16274 16402 16578 16391 16494 16998 16998 16941 16911 16873 17012 17041 17101 16938 16721 17013 17080 16836 16977 17286 16941 16700 16695 16648 16813 16790 16669 16648 16644 16758 16791 16628 16790 16556 16730 16667 16560 16912 17405 17637 16950 16941 17096 17101 16975 16575 16619 16675 16433 16396 16430 16873 16731 16491 16615 16659
16052 16035 16049 16067 16098 16122 16110 16112 16151 16151 16127 16137 16161 16102 16153 16141 16178 16349 16377 16134 16469 16512 16580 16714 16735 16955 17406 16799 16813 16849 16770 16655 17120 17083 17205 17140 17326 17301 17108 16638 16967 16907 16695 16847 16657 16787 16861 16807 16956 16999 16656 16632 16661 16532 16503 16647 16618 16479 16480 16934 17363 16960 16658 16851 16936 16878 16449 16469 16466 16377 16370 16479 16818 16787 16512 16430 16539
16021 16026 16058 16064 16080 16103 16116 16132 16127 16133 16137 16145 16160 16231 16492 16391 16151 16498 16486 17675 18339 18150 17973 18329 18233 17546 17807 17172 16616 16651 17058 16844 16540 16738 17469 17847 17864 17623 17138 16985 16721 16582 17040 17038 16988 16640 16471 16828 16795 16932 16895 16788 16931 16496 16422 16489 16553 16491 16479 16627 16640 16697 16586 16528 16570 16543 16452 16574 16548 16482 16394 16342 16463 16443 16490 16489 16632
16064 16047 16030 16050 16075 16091 16125 16139 16187 16130 16123 16118 16149 16296 16695 17007 17643 17776 17503 17790 18896 19172 18569 18242 17790 17260 16980 17060 17099 17089 17379 17385 17832 17843 17507 17970 17968 17165 17146 17399 17316 17041 17050 17186 17214 16674 16451 16559 16651 16634 16553 16215 16241 16263 16513 16402 16838 16711 16763 16648 16572 16609 16487 16628 16587 16505 16576 16548 16418 16385 16412 16415 16504 16455 16512 16567 16609
16019 16060 16029 16046 16061 16078 16092 16101 16114 16144 16192 16850 16939 16915 16896 17213 17645 17628 17414 17714 17699 17604 17212 16849 16659 17215 17180 17126 17418 17053 17208 17658 18018 17939 17467 17283 16880 16769 17008 17415 17523 17516 17532 16740 16759 16568 16427 16779 16728 16572 16394 16353 16586 16263 16478 16683 16619 16612 16534 16652 16785 16499 16473 16527 16602 16531 16337 16494 16495 16471 16427 16475 16455 16616 16530 16531 16575
16197 16162 16032 16035 16089 16148 16135 16155 16326 16268 16212 16896 17095 17124 17247 16935 16709 16704 17056 17100 17040 16970 16961 16777 16918 17182 17109 16654 16656 16828 16919 17111 17251 17071 16723 16503 16575 16767 16782 16729 16930 17174 17156 16789 16788 16532 16327 17033 16651 16359 16412 16345 16623 16879 16702 16804 16480 16457 16354 16483 16519 16425 16484 16503 16533 16551 16335 16490 16471 16608 16687 16464 16560 16679 16588 16523 16498
16580 16512 16363 16114 16051 16100 16175 16129 16180 16242 16262 16818 17018 17158 16970 17082 16916 16462 16644 16555 16426 16431 16165 16079 16499 16522 16359 16321 16275 16256 16305 16411 16425 16380 16584 16351 16181 16392 16505 16224 16414 16830 16306 16307 16490 16453 16379 16851 16578 16224 16240 16339 16720 16679 16669 16488 16392 16441 16755 16544 16529 16342 16433 16566 16473 16570 16700 16379 16458 16519 16324 16402 16487 16469 16479 16490 16510
17160 17131 17015 16568 16360 16097 16085 16157 16120 16149 16608 16632 16630 16540 17078 17150 16882 16581 16368 16827 16906 17347 16778 15897 15956 16012 15872 16363 16303 16204 16162 16117 16081 16361 16416 16179 16087 16079 16354 16278 16263 16367 16424 16798 16672 16662 16734 16506 16421 16569 16369 16409 16763 16767 16599 17022 16822 16609 16663 16552 16523 16371 16630 16401 16367 16456 16632 16456 16386 16474 16550 16448 16687 16659 16431 16438 16440
17953 17985 18000 17650 17462 17078 16399 16054 16087 16096 16490 16449 16140 16281 16447 16421 16598 16412 16302 16392 16686 16826 16530 16018 15715 15771 15797 15913 16100 15829 15788 15893 15761 15775 15981 15999 15991 16195 16196 16131 16128 16166 16677 17216 17067 16553 16493 17211 16763 16705 16781 16742 16402 16369 16563 16756 16627 17196 17405 16510 16539 16621 16420 16309 16760 16549 16769 16535 16405 16535 16556 16387 16717 16934 16469 16677 16685
19012 19148 19001 18218 17703 17370 16672 16311 16656 16628 16150 16139 16126 16259 16506 16072 16486 16472 16472 16327 15999 16270 16723 16419 15755 15803 15881 15757 15720 15810 15865 15776 15710 15577 15909 16071 15835 16249 16189 15818 15894 16187 16361 16777 16858 16608 16990 17307 16854 16604 16644 16749 16611 16389 16890 16738 16467 17213 17456 16615 16705 16663 16508 16423 16707 16504 16665 16660 16565 16707 16572 16440 16569 16623 16730 16734 16669
19555 19618 18977 18371 17567 16957 16719 16706 16939 16720 16073 16092 16258 16192 16410 16705 16733 16351 16296 16242 16079 15783 15871 16119 15822 15786 15949 16128 16145 15510 15533 15807 15742 15547 15715 15742 15849 15962 16015 15920 16763 16934 16629 16375 16920 17037 17171 17178 16461 16112 16717 16744 16636 16490 16825 16649 16627 16787 16889 16548 16560 16730 16586 16699 16726 16454 16577 16825 16937 16548 16530 16445 16437 16388 16679 16665 16627
18600 18813 18436 17525 16925 16283 16729 16777 16472 16078 16059 16383 16448 16365 16682 17060 17058 16149 15697 15567 15616 15636 15668 15631 15952 15957 16325 16661 16589 16299 16275 16606 16503 15782 15679 15824 15670 15841 15921 16040 16549 16706 16538 16588 16843 17125 17107 16408 16261 15953 16699 16993 16734 16448 16551 16502 16582 16740 16976 16717 16498 16666 16505 17152 16982 16941 16694 16647 16674 16536 16450 16488 16635 16630 16488 16353 16276
16864 16802 16419 16467 16236 15980 16309 16250 15959 15504 16254 16217 16061 16071 15731 16422 16402 15890 15526 15607 15676 15612 15683 15724 15792 15877 16190 16741 16730 16363 16249 16471 16417 15906 16017 16075 15710 15520 15763 16199 16043 16223 16793 16811 16583 16800 16894 16413 16101 16116 16492 16881 16893 16380 16782 16610 17192 17026 17283 17174 17387 16793 16526 17172 17143 16865 16656 16576 16483 16523 16484 16451 16608 16533 16560 16496 16462
16483 16126 15976 15712 15655 15668 15529 15609 15408 15574 16117 16037 15960 15787 15725 15738 15751 15843 16004 16119 16006 15635 15900 16277 16271 16174 16074 16184 16367 16273 16146 16009 16257 16159 16080 15971 15666 15362 15481 15746 15669 16214 16813 16787 16621 15659 16119 16306 16141 15973 15949 16049 16172 16349 16682 17232 17633 17004 17015 17082 17424 16915 16713 16832 16888 16784 16389 16521 16760 16542 16655 16444 16430 16481 16479 16426 16625
16639 16499 16138 15674 15733 15834 15845 15530 15484 15637 15964 15908 15580 15374 15661 15814 15800 15750 15950 16049 15814 15571 15802 16279 16641 16719 16657 16341 16370 16404 16382 16164 16096 15994 15894 15554 15334 15212 15294 15252 15049 15384 15548 15630 15490 16013 16149 16174 16200 16342 15893 15944 15974 16211 16899 17039 17041 16958 17055 16796 16822 16826 16959 16751 16994 16618 16832 17049 17024 16598 16945 16736 16566 16788 16612 16288 16587
