Alternative/Moon/Lvl0_30x30/Ele_AI.asc
ncols         335
nrows         335
xllcorner     6757491.657
yllcorner     6672833.042
cellsize      10000
nodata_value  -9999.0
[rows 272 to 305 of 335, columns 77 to 153 of 335]
19850 20110 20114 20067 20584 21176 21578 21544 21177 20505 20050 19653 19477 19153 18853 18739 18743 18556 18389 18214 18057 18113 18146 18168 18168 18209 18748 19357 19612 19560 19189 18876 19245 19579 19616 19676 19440 19327 19267 19133 18921 19098 19203 19060 18944 18917 18768 18637 18634 18378 17845 17572 17914 18117 18111 18166 18172 17790 17207 16643 16382 16251 16036 15646 15387 15322 15310 15238 15071 15160 15870 16579 16634 16586 16110 15691 15168
19612 19904 19882 19872 20038 20840 21658 21787 21665 21364 20986 20760 20602 20499 20225 19784 19777 19757 19651 19210 18775 18504 18457 18515 18545 18498 18454 18522 18489 18487 18450 18742 19239 19650 19692 19656 19383 19044 19087 19068 18654 18212 18258 18158 18039 17797 17762 17575 17636 17571 17171 17084 17197 17300 17406 17671 17881 17871 17542 16987 16405 15637 15205 14748 14394 14323 14360 14553 14573 14852 15210 15456 15666 15730 15464 15111 14939
18169 18575 18738 18884 19136 19850 20828 21256 21298 21071 20830 20690 20660 20645 19914 19103 18940 19470 19547 19339 18925 18546 18514 18549 18468 18257 18208 18281 18271 18348 18475 18665 18698 18896 19173 19302 19220 19000 18945 18871 18145 17355 16845 16968 17078 17110 16959 16810 16763 16768 16694 16688 16791 16916 16776 16782 16834 17057 17103 16938 16867 16237 15465 14706 14283 13997 13987 13983 14194 14533 14559 14783 15040 15007 14823 14732 14868
17044 17420 17724 17869 18175 18798 19529 19795 19573 19200 19759 19997 20283 20185 19163 18387 18564 19064 19183 18954 18586 18349 18163 18052 18081 17984 17797 17772 17758 17736 17837 17961 17946 18259 18623 18691 18706 18633 18310 17779 17226 16647 16069 15794 15865 16484 16932 17002 16959 16901 16808 16822 16818 16820 16600 16611 16619 16819 16916 16851 16859 16379 15634 15224 14896 14327 14040 13901 13925 14156 14100 14003 14204 14589 14615 14762 14973
16930 17001 17115 17326 17660 18255 18770 18968 18951 18855 18835 19014 19078 19157 18911 18605 18638 18873 18828 18491 18070 17921 17667 17586 17579 17367 17045 17009 16974 17036 17110 17273 17792 18252 18584 18565 18588 18427 18079 17634 16837 15791 15032 15062 15139 15933 16838 16999 16988 16986 16924 16952 16873 16826 16698 16700 16749 16752 16635 16079 15939 15294 15575 15541 15140 14537 14576 14515 14187 13711 13947 13999 14051 14138 14301 14730 14952
16890 17080 17166 17118 17120 16874 17108 17455 17772 18288 18241 18106 18197 18512 18670 18622 18204 17899 17640 17453 17368 17136 17372 17303 17118 16957 16908 16617 16671 16816 16958 17088 17136 17537 17932 18074 17993 17727 17703 17286 16497 15479 14774 14570 14479 14507 15004 15413 15979 16545 16817 16944 16919 16764 16758 16748 16714 16797 16825 16330 15684 15093 15584 15483 14978 14732 14787 14640 14249 13605 13660 13987 14291 14447 14613 15109 15322
16888 16909 17306 17809 18065 17933 17619 17382 17663 18045 18052 17823 17908 18062 18003 17835 17518 16886 16604 16486 16649 16858 16826 16501 16311 16317 16335 16259 16204 16440 16634 16652 16678 16572 16756 16883 16977 17155 17155 16767 16185 15490 14702 14124 14011 13646 13480 13899 14587 15480 16296 16804 16918 16909 16813 16762 16742 16697 16669 16457 16316 16040 15522 14811 14496 14551 14560 14121 13620 13334 13295 13460 14028 14265 14586 15361 15518
18126 18247 18529 18732 18897 18827 18641 18172 17774 17756 17807 17568 17414 17164 17317 17192 16806 16440 16389 16498 16495 16527 16518 16488 16379 16305 16266 16249 16244 16275 16213 16262 16276 16213 16214 16232 16354 16615 16865 17244 17108 16365 15132 14092 13565 13279 13253 13320 13625 14596 15452 16022 16164 16148 16126 16063 16015 15987 16199 16286 16252 16237 15895 15270 14611 14024 14003 13925 13702 13457 13262 13269 13268 13667 14196 14913 15080
18389 18631 18741 18726 18780 18674 18383 18077 17965 17794 17581 17282 16818 16338 16289 16361 16382 16345 16438 16513 16409 16330 16413 16301 16318 16349 16305 16292 16297 16301 16276 16260 16302 16282 16253 16267 16240 16468 16791 17238 17113 16320 15127 13999 13459 13256 13274 13341 13330 13754 14504 15245 15717 15836 15470 14886 14432 14063 14602 15062 15481 15800 15748 15257 14692 14018 13850 13883 13942 13977 13721 13520 13370 13301 13523 13887 14090
18999 18983 18935 18978 18924 18710 18455 18211 17920 17733 17590 17382 17018 16706 16515 16267 16221 16379 16396 16480 16627 16631 16516 16396 16387 16435 16391 16377 16397 16396 16344 16341 16316 16303 16185 16062 15975 16089 16107 16325 16329 16042 15061 14060 13444 13337 13384 13365 13349 13456 14392 15173 15219 14997 14108 13367 13076 13014 13021 13228 13669 14486 14811 14721 14281 13917 13818 14141 14246 14191 13969 13607 13431 13357 13375 13609 13769
19645 19662 19756 19866 19869 19919 19697 19233 18891 18468 18204 18037 17712 17169 16649 16352 16330 16500 16600 16595 16587 16696 16590 16670 16608 16568 16590 16639 16721 16621 16581 16521 16380 16118 16068 15970 15916 15758 15555 15164 15078 14863 14389 13798 13534 13436 13413 13423 13427 13509 14156 15006 15094 14987 14597 14101 13462 13306 13319 13396 13704 14218 14377 14288 14048 14219 14314 14284 14088 14028 13952 13596 13401 13385 13382 13428 13521
18375 18375 18612 18984 19302 19702 19838 19873 19910 19575 18755 18155 17829 17319 16828 16627 16485 16379 16475 16551 16514 16577 17078 17204 17132 16810 16882 16880 16930 16805 16862 16894 16950 16997 16850 16673 16277 16011 15989 15843 15653 14983 14328 13924 13640 13565 13554 13556 13540 13524 13734 14378 14864 15059 15042 14734 14716 14609 14420 14216 14048 14207 14152 13980 14100 14395 14477 14389 14166 13676 13494 13417 13426 13379 13388 13451 13405
17508 17497 17540 17618 17568 18015 18716 19764 20000 20024 19475 18554 18016 17571 17178 16791 16585 16469 16397 16340 16514 16629 17021 17252 17257 17195 17223 17060 16917 16967 17217 17209 17191 17139 16982 16762 16705 16347 16222 16282 16049 15382 14493 13982 13786 13638 13632 13620 13616 13614 13648 13718 14108 14622 14741 14680 14671 14516 14294 14066 13873 13750 13701 13665 13883 14313 14430 14391 14083 13685 13576 13483 13487 13534 13409 13514 13482
17495 17503 17594 17630 17583 17591 18105 19099 20033 20408 19852 18957 18301 17741 17341 17093 16767 16504 16500 16426 16335 16468 16767 17047 17051 17047 17252 17188 17082 16926 16925 16899 16923 16954 16875 16870 16841 16872 16954 16855 16612 15964 15371 14874 14429 13923 13780 13750 13749 13714 13719 13790 13834 13835 13886 14161 14179 14030 13826 13960 13946 13913 13891 13844 13575 13612 13720 13762 13716 13581 13478 13448 13466 13527 13600 13574 13639
17363 17468 17496 17541 17561 17924 18647 19722 20164 20414 19926 18951 18297 17737 17288 16987 16701 16538 16387 16231 16242 16314 16374 16490 16753 17009 17137 17123 16957 16786 16886 17141 17144 16757 16440 16323 16623 16978 17083 16950 16467 15692 15194 14477 14215 13899 13796 13806 13805 13807 13831 13865 13843 13895 13984 14256 14393 14299 14003 14109 14010 13864 13782 13698 13604 13574 13535 13532 13530 13504 13514 13573 13591 13556 13604 13604 13843
17298 17323 17393 17616 18001 19294 20250 20332 20088 19654 19088 18276 17573 16954 16612 16396 16145 16053 16074 16214 16279 16330 16413 16445 16567 16579 16543 16686 16701 16665 16930 17131 17064 16152 15374 14723 14439 15252 16105 16309 16147 15484 14914 14401 13950 13947 13919 13934 13926 13909 13919 13906 13876 13881 13827 13941 14042 13941 13750 13863 13957 13837 13696 13645 13638 13613 13590 13602 13617 13726 13708 13832 13822 13969 14082 14131 14091
17490 17415 17566 18047 18554 19421 20268 20283 19692 18902 18155 17665 17197 16592 16239 15963 15928 16009 16005 16025 16180 16233 16165 15996 15959 16035 16258 16252 16262 16148 16342 16754 16750 16537 16182 15722 15424 15367 15025 14762 14770 14785 14813 14533 14187 14062 14066 14077 14058 14105 14100 14022 14020 13995 13911 13818 13824 13735 13707 13925 14027 13998 13752 13736 13699 13670 13688 13780 13886 13815 13804 13918 13994 13958 13938 14115 14096
19079 19183 19229 19658 19945 19959 20041 19753 19143 18156 17506 17340 17127 16410 15741 15273 15111 15140 15159 15183 15410 15713 15745 15611 15443 15550 15802 15915 16018 15968 15702 15536 15742 16007 15999 15944 16080 16078 16108 16045 15753 15301 15056 15317 15309 15215 14609 14767 14793 14849 14746 14370 14254 14227 14134 14151 14612 14782 14564 14269 14201 14055 13830 13740 13722 13792 13917 13933 13861 13846 13956 14272 14299 14198 14128 14178 14186
20488 20657 20529 20097 19930 19546 18999 18701 18106 17505 16969 16625 16229 15870 15422 15196 15170 15189 15208 15235 15288 15389 15440 15363 15431 15597 15684 15645 15450 15380 15383 15296 15168 15283 15442 15542 15784 16045 16065 16026 16056 16117 15987 16085 16024 15963 15960 15800 15779 15560 15308 15167 15217 15227 15171 15205 15348 15359 15112 15145 14699 14113 14243 14298 14112 14053 14079 14070 14059 14294 14364 14446 14458 14453 14435 14497 14548
20617 20637 20423 20049 19658 19156 18503 17713 17287 17135 17084 16869 16448 15915 15557 15308 15276 15222 15271 15311 15257 15264 15374 15674 15919 15985 16130 16073 16112 16047 15930 15769 15527 14836 14638 14195 14901 15820 16218 16326 16328 16379 16120 15936 16075 16434 16435 16161 16093 16082 16069 15885 15669 15472 15282 15286 15033 15107 14984 14992 14782 14371 14365 14354 14249 14181 14202 14173 14072 14065 14221 14445 14489 14416 14288 14475 14460
20910 20440 19868 19352 18957 18427 17934 17522 17291 17132 17078 16975 16567 15997 15859 15855 15847 15753 15690 15562 15396 15407 15518 15694 16117 16354 16508 16449 16327 16174 15900 15497 15230 15098 14853 14377 13883 14755 15745 15903 15882 15733 15671 16028 16238 16476 16494 16314 16304 16296 16277 16169 16131 15934 15464 15160 14976 14901 14890 14774 14728 14362 14219 14194 14265 14250 14180 14213 14153 14000 13973 13999 14008 14234 14261 14304 14272
21100 20452 19563 18836 18415 17864 17557 17364 17194 16877 16760 16607 16286 16270 16218 16223 16279 16375 16361 16142 16140 15995 15840 16086 16390 16477 16448 16233 15873 15291 15016 14672 14529 13975 13617 13366 13171 13169 13402 13450 13608 13968 14743 15270 15642 15797 15811 15827 15883 15996 15975 15976 16073 16084 15844 15789 15788 15648 15417 15217 15056 14932 14850 14720 14551 14358 14218 14264 14219 14107 14063 14067 14215 14401 14586 14653 14374
20254 19505 18715 17994 17624 17522 17509 17546 17472 17076 16789 16655 16702 16766 16785 16814 16949 17452 17543 17399 16978 16341 15868 15875 15621 15355 14725 14505 14441 13833 13461 13077 12822 12562 12306 12290 12315 12217 12061 12145 12536 12948 13004 13108 13429 13732 14168 14516 14731 15019 15330 15539 15618 15669 15625 15919 16097 16069 15931 15654 15339 15038 14974 14914 14889 14842 14669 14502 14479 14496 14451 14312 14451 14496 14366 14456 14405
19701 19182 18361 17608 17180 16984 17226 17219 16764 16136 15868 16084 16432 16940 16998 16992 17154 17571 17673 17617 17434 16832 15956 14901 14416 14213 13964 13672 13260 12769 12435 12134 11739 11514 11248 11103 11070 11131 11204 11143 11129 11270 11814 12476 12789 13239 13421 13701 14059 14417 14650 14695 14730 14809 14911 14978 15434 15941 16058 16005 15692 15300 15214 15423 15465 15451 15468 15284 15117 14798 14528 14583 14510 14626 14582 14577 14589
19671 19423 18665 17810 17387 17084 16716 15798 15143 14369 13738 14099 14625 15393 16395 16983 17167 17439 17404 17336 17023 16233 15395 14833 14472 14254 13662 13070 12572 12080 11406 11025 10974 10987 11015 11119 11072 11045 11056 11067 11069 11072 11120 11221 11451 11714 12109 12591 12834 13087 13644 13946 14133 14223 14551 14682 14962 15692 16222 16211 16140 15892 15557 15411 15445 15334 15263 15081 14855 14591 14468 14689 14671 14643 14693 14583 14639
17697 18022 18047 17968 17754 17623 17046 16008 14942 13954 13651 13732 13909 14557 15859 16592 16788 16805 16952 17160 17116 16084 15290 14746 14305 13727 13124 12535 12177 11738 11169 11026 11057 11082 11103 11111 11118 11146 11190 11338 11398 11406 11363 11554 11631 11664 11678 11684 11697 12054 12450 12880 13257 13885 14480 14781 14782 15015 15649 16262 16248 16145 15999 15528 15098 14719 14537 14554 14559 14448 14411 14508 14518 14540 14475 14426 14376
17537 18214 18556 18541 18276 17823 17273 16871 16140 15781 16183 16516 16635 16616 16446 16478 16570 16650 16750 16942 16949 16059 15017 14204 13869 13267 12797 12278 11940 11550 11056 11127 11154 11180 11197 11208 11221 11405 11664 11770 11768 11788 11813 11814 11739 11706 11667 11596 11590 11709 11977 12385 12938 13535 14067 14708 15033 15145 15639 15796 16240 16342 16279 15661 15048 14524 14578 14659 14615 14472 14486 14507 14505 14376 14335 14345 14289
18189 18001 17995 18027 17753 17416 17123 17110 17092 16887 16806 16744 16753 16626 16433 16410 16525 16815 16807 16640 16408 15511 14222 13380 13171 12814 12353 12025 11732 11236 11105 11143 11173 11209 11253 11528 11765 11798 11832 11801 11769 11756 11742 11683 11654 11613 11564 11507 11489 11466 11654 12304 13015 13363 13800 14355 14708 15187 15657 16521 16751 16621 16206 15579 15071 14628 14519 14551 14498 14406 14374 14237 14224 14136 14167 14120 14096
18056 17865 17887 17811 17619 17212 16799 17110 17113 16943 16658 16650 16704 16791 16644 16506 16547 16701 16587 16367 15811 14775 13717 13331 13021 12633 11982 11340 11036 11020 11075 11125 11178 11247 11622 11748 11758 11772 11791 11761 11715 11678 11657 11610 11590 11543 11501 11465 11466 11444 11574 12115 12755 13131 13618 14021 14321 14789 15902 17091 17202 16977 16254 15650 15223 14692 14379 14307 14296 14311 14183 14018 13920 13887 13934 14013 14116
17803 17894 18032 17979 17796 17547 17402 17067 17056 16562 15641 15806 16516 16807 16709 16579 16760 16620 16114 15908 15376 14564 13942 13386 13106 12347 11534 11217 11036 11047 11100 11268 11384 11691 11724 11729 11731 11702 11690 11597 11564 11524 11525 11613 11500 11450 11451 11408 11379 11367 11356 11501 11773 12179 12433 13537 14234 15130 16444 17256 17342 17080 16519 15962 15382 15022 14669 14416 14285 14220 14187 14192 14127 14092 14186 14215 14232
17468 17595 17860 17871 17954 18022 18032 17638 17173 16675 16371 16423 16677 16713 16575 16525 16549 16432 15834 15461 15246 14974 14549 14062 13680 12969 12015 11300 11059 11118 11199 11293 11498 11661 11661 11645 11642 11612 11578 11557 11541 11476 11462 11464 11422 11387 11354 11351 11338 11332 11574 11966 12545 13156 13907 14243 14735 15787 16838 17283 17306 17131 16696 16122 15610 15110 14677 14486 14350 14255 14166 14140 14038 14040 13994 14059 14124
16457 16987 17302 17696 17840 18024 18030 17715 17243 17069 16663 16190 16028 16092 16253 16525 16627 16351 15700 15645 15572 15397 14943 14388 13998 13471 12553 11835 11424 11263 11428 11524 11601 11593 11584 11573 11558 11525 11500 11500 11487 11449 11386 11344 11318 11322 11258 11238 11259 11432 11759 12224 12627 13381 14209 14992 15752 16693 17223 17431 17430 17293 17029 16288 15562 14936 14657 14565 14424 14254 14083 13985 14029 14008 14034 14113 14122
15429 15755 16145 16633 16828 17149 17131 17113 17212 17128 16694 16173 16243 16203 16167 16549 16667 16379 15953 15747 15792 15621 15195 14673 14234 13736 13257 12731 12138 11853 11696 11620 11518 11547 11558 11494 11457 11432 11426 11394 11379 11343 11301 11254 11233 11230 11210 11197 11553 11766 12108 12427 12896 13632 14576 15553 15972 16655 16694 16734 16879 17216 17111 16414 15815 15209 14885 14704 14481 14237 14163 14148 14179 14022 14003 14036 14066
14626 14835 15073 15626 16020 16509 16839 16905 16903 16443 15625 15577 16183 16315 16399 16438 16498 16499 16145 15859 15888 15824 15760 15403 15014 14627 13859 13166 12647 12190 11956 11788 11503 11407 11402 11379 11367 11345 11304 11281 11252 11218 11200 11180 11150 11137 11131 11183 11543 12036 12570 13198 13638 14011 14590 15687 16532 16936 16361 15668 15684 16112 16583 16280 15759 15206 14860 14620 14466 14275 14254 14010 14084 14129 14121 14112 14075
