Alternative/Moon/Lvl0_30x30/Ele_BA.asc
ncols         335
nrows         335
xllcorner     -20042508.343
yllcorner     3322833.042
cellsize      10000
nodata_value  -9999.0
[rows 272 to 305 of 335, columns 231 to 307 of 335]
23126 23194 23190 23110 23122 23173 23183 23220 23511 24329 25542 26195 26207 26010 25817 25879 25806 25903 26637 27430 28619 29531 30226 30852 31162 32100 32257 31659 29649 27982 26541 26518 26697 25935 25401 25206 24855 24662 24518 24938 25288 25269 25499 26400 27916 28922 28977 28924 29189 29275 28785 28738 27916 26818 25155 24160 24046 25478 27246 27379 27709 28265 29184 30883 30944 30102 29724 29908 29890 29638 29536 30082 30093 29895 29233 29370 29237
23193 23134 23140 23141 23145 23205 23179 23183 23505 24247 25238 26408 26666 26136 25761 25621 25599 26035 26896 27579 28943 29558 30224 30713 31737 32075 32048 31539 30757 29776 28504 27946 27185 25856 25441 25077 24421 24714 24789 25033 25152 25180 25301 25874 27014 28070 28562 28898 29137 29235 29128 28969 28518 28172 26600 24742 23930 25948 27848 28682 29293 29782 30620 31419 31228 30351 29702 29881 29716 29444 29713 29909 29672 29607 29154 28811 28385
23930 23247 23187 23174 23183 23196 23219 23322 23760 24553 25273 26385 26714 26107 25599 25594 25854 26091 26983 28024 28960 29583 30045 30900 32099 31989 31618 31503 30635 29719 28379 27822 26990 25909 25195 24565 24588 25059 25037 24816 25449 25545 24875 25750 27182 28374 28961 28949 29052 29161 29052 29157 29198 29094 28574 27387 26685 27973 29397 30204 31167 31271 31464 31617 31323 30330 29673 29373 28786 27727 27936 28789 28897 28813 28663 28532 28507
23961 23458 23391 23275 23218 23233 23315 23527 24083 24671 25263 26256 26718 26111 25701 25761 26038 26460 27084 28048 29058 29126 30230 31127 32126 32112 31738 31638 30722 29251 28219 27450 26217 25671 24755 24874 25027 24587 24591 24189 25050 25500 25584 26908 27740 28821 28993 28920 28857 29112 29008 29162 29469 29597 29643 29491 29122 29317 30284 30724 31227 31214 31567 31601 31032 29974 28970 28024 27108 26048 26213 27135 27504 27427 27446 27646 27890
23716 23508 23420 23401 23349 23277 23581 23940 24500 25242 25740 26288 26616 26205 26309 26304 26340 27055 27727 28372 29137 29526 30683 31616 31865 31894 31598 31583 30984 29959 28549 27708 26461 25633 25141 24650 24366 23118 22953 22562 23473 25235 26643 28016 28809 29172 29070 28662 28702 28914 28822 28560 29281 29485 29653 29648 29653 29830 30216 30693 31049 31147 31126 30325 29272 28143 27467 26791 26068 25461 25403 25153 25283 25416 25656 26012 26449
23758 23636 23554 23544 23571 23745 24175 24484 24418 24807 26523 27067 27159 26852 27031 27008 26830 27337 27876 28531 30066 31081 31919 32085 32070 31832 31741 31022 30491 29862 29149 28488 27371 26714 26041 25407 24053 22994 23125 23350 23267 25167 27411 29160 29465 29541 29096 28575 28429 28530 28571 28508 28820 28927 29038 29090 29394 29864 30189 30405 30600 30496 29869 28555 27313 26213 25873 25376 24872 24817 24671 24062 24333 24139 22821 23762 25229
23833 23787 23714 23636 23806 24407 24972 25924 26422 26980 27928 28120 27589 27546 28171 28137 28041 28166 28613 29328 30689 31842 32124 32171 32069 31647 31448 30681 29325 29917 30110 29506 28393 27573 27420 27327 26797 25918 25854 25902 25480 25635 27642 29914 29860 29344 28995 28507 28400 28524 28546 28513 28442 28617 28769 28992 29332 29907 30270 30332 29823 28509 27795 27215 26108 25613 25060 24306 23839 23742 23299 23049 23245 22372 20544 22336 24444
24787 24546 24157 24025 24264 25241 25840 26582 27552 27932 28200 28202 28158 28415 28412 28811 29395 29646 29955 30265 31108 31886 32026 32069 31983 31257 31124 30556 29535 30432 30401 30030 29214 28868 27478 27915 27666 27640 28029 28154 28048 27523 28644 29977 29897 29102 28626 28421 28501 28612 28586 28491 28570 28622 28769 29035 29450 29901 30188 30248 29174 27461 26665 26234 25352 24866 24134 23185 22836 22621 22197 21759 22194 22244 22170 22980 24099
25637 25795 25329 24931 25537 26527 27427 27939 28169 28069 28071 28594 29167 29111 28944 29563 29608 29513 30493 31707 31851 31797 31828 31620 31254 30957 30710 30078 30032 30054 30261 30150 30174 29899 29526 28799 28006 28085 28849 29654 29847 29742 29662 29817 29310 28775 28423 28453 28546 28569 28553 28467 28794 28853 29123 29278 29630 29985 30234 30325 29003 27296 26335 25538 24509 23472 22739 22344 22108 21816 21222 21168 21312 21397 21761 22107 22293
27021 27019 26625 26146 26504 27504 28531 28886 29095 28427 28044 27969 29261 29906 29579 30019 29776 28584 30549 32144 32252 31699 31573 31221 30876 30679 30241 30104 29957 29875 29815 29932 30208 30152 30067 30025 29437 28819 29829 30244 29982 29616 29109 29179 28845 28483 28574 28485 28523 28277 28133 28198 28806 29095 29319 29711 29828 30236 30530 30676 29093 27148 25503 24275 23419 22452 22117 21978 21625 21354 21174 21071 20986 20952 20893 20849 21024
27535 27633 27805 27957 28366 28776 29383 29846 30444 30494 30486 30243 30651 30596 30062 30532 31041 31241 32616 32831 32283 31410 30864 30621 30623 30470 29953 29537 29422 29317 29614 29887 29954 29990 29981 30207 29769 28529 29418 30196 29515 28385 27732 28446 28786 28712 28906 29108 29087 28787 28523 28914 29161 29329 29638 29882 30069 30335 30699 30687 28669 26774 25103 23562 22591 21928 21573 21486 21383 21292 21223 21065 20935 20853 20815 20731 20777
28024 28314 28973 29677 30312 30702 30748 30640 31067 31804 32017 31906 31820 31243 30832 31159 32078 32507 32801 32776 31912 31277 30597 30293 30209 30118 29808 29473 29228 29297 29565 29600 29719 29756 29752 30026 29433 27952 29505 29896 29341 27473 26680 28075 29045 29007 29126 29268 29361 29337 29294 29052 29326 29452 29662 29938 30191 30569 30843 30765 28557 26572 25072 23584 22718 22360 21820 21448 21346 21223 21085 20982 20930 20854 20816 20733 20715
29519 29906 30772 31793 32486 33049 33110 32674 33018 33530 33599 33169 32922 32874 32740 32576 32459 32497 32254 31829 31177 30877 30435 30222 30209 30072 29569 29274 29101 29184 29428 29511 29598 29632 29741 30008 29946 29895 29881 29957 29528 27867 28277 29113 29275 29198 29014 27344 27843 29068 29395 29498 29381 29397 29574 29956 30202 30654 31000 31036 29616 27633 25942 23932 22779 22339 22059 21869 21490 21329 21092 21012 20938 20884 20854 20812 20830
31502 32093 32392 32636 32487 33159 33532 33587 33575 33839 33643 32885 32489 32788 32849 32624 32260 32006 31724 31215 30551 30318 30164 30106 29972 29635 29312 29172 29229 29529 29751 29567 29665 29755 29750 29745 29800 29773 29583 29297 29315 28985 28736 28673 28814 29354 29415 29009 27621 27122 28614 29427 29047 29267 29593 30036 30383 30535 30749 31037 30291 28540 26621 24507 22675 22073 21967 21874 21561 21326 21123 21039 20973 20910 20906 20868 21585
32432 32350 32313 32402 32579 33226 33267 33186 33136 33067 32282 31201 30303 30898 31890 32031 31973 31521 30956 30650 30476 30293 30122 29993 29739 29453 29511 29461 29442 29652 29893 29891 29937 29950 29928 29874 29926 29812 29505 29363 29029 28741 28500 28426 28679 29065 29454 29481 29032 27808 28597 29111 29077 29404 29504 30251 30587 30827 31233 31353 30789 29114 27253 25075 23513 22304 21993 21821 21544 21342 21200 21080 21034 20988 20964 21582 23060
32151 31921 31782 31901 32233 32457 32603 32587 32385 32087 31008 29787 29550 29724 30270 30697 31408 31334 30740 30497 30284 30300 30109 30025 29581 29588 29595 29466 29143 28924 29309 29250 28594 29742 29928 29764 29788 29698 29646 29436 28796 28819 28839 28785 28776 28850 28827 28962 28963 28719 28755 28712 29117 29461 29653 30251 30465 30781 31229 31362 30830 29389 27599 25466 24188 23353 22404 21798 21653 21387 21254 21134 21100 21034 21212 22823 24307
31977 31776 31457 31269 31872 32137 32139 32008 31806 31897 31474 30410 30127 30600 31280 31595 31591 31148 30680 30375 30313 30303 30099 30027 30014 29896 29624 29252 28373 27845 27683 27666 27631 28278 28667 28612 28820 29025 29328 29279 29127 29067 29080 28985 29069 28824 28675 28271 28463 28594 28446 28619 28974 29306 29601 29745 29827 30122 30748 31000 30701 29403 27674 25960 24986 24028 22844 22737 22530 21631 21364 21251 21281 21494 22359 24012 25074
31965 31825 31587 31445 32093 32210 32182 31985 31692 31999 32125 31807 31932 32278 32282 32291 31969 31304 30500 29972 28987 28900 28843 29021 29619 29707 29556 28685 27423 26771 26161 25975 25991 26292 26724 27173 27382 27515 28016 28812 29011 28741 28547 28401 28842 28538 28157 28186 28403 28546 27688 28823 29385 29539 29422 29346 29670 29933 30362 30576 30356 29135 27818 26465 25904 24863 23537 23304 23521 23170 22863 22117 22451 23167 24061 24869 25199
31646 31568 31344 31119 31407 31576 31601 31711 31649 31831 32110 31883 31987 32151 31972 31735 31664 31232 30323 29404 28407 27980 27661 27620 28050 28622 28802 28122 26799 25483 24803 24678 24648 24696 25109 25708 25695 26143 26647 27277 27252 27083 26972 27216 27765 28625 28782 28682 28665 28789 28917 28607 29452 29510 29300 29323 29533 29796 30182 30438 29984 29070 27981 27244 27239 26427 25334 24887 24709 24078 23895 23900 24222 24493 24583 24704 24604
31359 31221 31155 30788 30838 30971 31513 31739 31658 31598 31903 31726 31588 31066 30739 31073 31219 31124 30226 29030 28345 27777 27552 27486 27306 27698 27850 27468 26090 24802 24290 24262 24204 24288 24382 24571 24899 25487 25880 25921 26101 26346 26590 27190 28442 29519 29511 29106 28753 29003 29048 28962 29040 28554 28066 28836 29652 29921 30018 30084 29711 28908 28055 27373 27313 26983 26634 26039 25245 24953 24477 24239 24316 24443 24492 24385 24080
31371 31216 30867 30692 30647 30455 31230 31414 31466 31529 31498 31418 31050 30471 30438 30521 30830 30850 30694 30242 28659 27888 27583 27593 27668 27672 27253 26659 25664 24737 24254 24243 24194 24130 24159 24199 24413 24937 25410 25651 26408 27204 27808 28906 29540 29667 29491 29326 29061 29090 29093 28287 27565 27175 27099 27966 28876 29633 29862 29874 29714 29049 28284 27655 27162 26857 26571 26036 25369 24783 24397 24219 24030 24026 23892 23769 24219
31552 31285 30887 30539 30275 30022 30473 31294 31524 31165 31027 30992 31037 30554 30704 30869 30917 30775 30887 30643 30041 28927 28441 28578 28820 28760 27639 26734 25470 24735 24256 24245 24193 24154 24116 24208 24391 24778 25146 25664 26551 27742 28661 29945 29893 29664 29502 29385 28939 28378 28104 26865 26539 26596 27119 27186 26179 27456 29426 29843 29675 28947 28444 27531 26806 26442 26349 25779 24987 24456 24147 24017 23984 23946 23918 24117 24248
31740 31497 30896 30447 30232 30166 30349 31307 31376 31033 30952 30989 30781 30827 30833 30948 30862 30618 30948 30856 30624 30370 29739 29993 30002 29420 27623 26636 25469 24551 24339 24246 24149 24085 24095 24150 24355 24826 25139 25667 26563 27385 28910 30149 30128 29922 29427 29123 28844 28246 27378 26547 26315 26381 26870 26786 26323 28177 29897 29957 29742 29481 28963 27910 26979 26433 25959 25509 24831 24321 24276 24044 24062 23893 23895 24144 24407
32138 31573 30960 30509 30376 30312 30487 31148 31344 31257 30890 30337 30598 30826 30799 30730 30244 29614 30620 30701 30524 30368 29941 30181 30217 29424 27754 26760 25519 24623 24361 24236 24167 24135 24133 24158 24585 25023 25367 25877 26686 27570 29139 30070 30110 29942 29319 29014 28858 28551 27843 26420 26198 26257 26649 27634 28254 29469 29946 29981 29866 29748 29475 28553 27654 26884 26287 25401 24772 24557 24612 24317 24183 24231 24208 24556 24576
32512 31658 31083 30836 30576 30504 30700 31153 31351 31285 30896 30441 30219 30219 30405 29825 29687 29896 30551 30514 30404 30191 29896 30061 30014 29148 28292 27623 26342 25288 24603 24380 24338 24479 24515 24633 25126 25608 26047 26532 27397 28366 29592 29946 29958 29572 29058 28937 28848 28745 28664 27564 27120 27233 27733 28736 29093 29583 29672 29700 29884 29970 29976 29554 28691 27957 27332 26389 25309 25316 25337 24905 24767 24616 24716 24888 24873
32075 31923 31576 31023 30790 30680 30910 31396 31535 31489 31287 31004 30735 30807 30666 29686 29043 29883 30532 30518 30387 30105 29976 29964 29870 29079 28473 28118 27257 26747 26282 25610 25417 25410 25392 25199 25661 26432 26931 27492 28201 29221 29942 30095 29832 29406 28734 28524 28644 28826 29113 29231 28958 29147 29170 29079 29155 29087 29276 29405 29760 30025 30053 29685 29628 29190 28551 27677 27185 26652 26294 25870 25573 25305 24925 24571 24594
30511 30932 31296 31058 31168 31178 31150 31428 31789 31800 31770 31639 31402 30701 30411 29756 30529 30638 30692 30459 30338 30172 30049 30038 29846 29427 29135 28722 28374 27845 27641 27342 27152 26954 26659 26062 26122 26666 27213 28130 29626 30282 30298 30100 29433 28265 27711 27389 27378 27959 29071 29224 29104 29081 29047 28816 28607 28694 28955 29241 29569 30025 30216 30414 30322 29442 29043 28355 28043 27787 27314 26819 26232 25862 25187 24307 24287
29411 30008 30832 31611 31917 31892 31367 31141 31689 31414 31360 31529 31203 30305 29697 29305 30570 30591 30422 30138 30100 30003 29766 29856 29815 29550 29551 29258 28793 28109 27938 28089 28102 27863 27003 26362 26112 26514 27108 28289 30135 30488 30312 30037 29104 27736 27193 26987 26973 27415 28744 28947 28888 28626 28514 28410 28482 28620 28849 29045 29367 29843 30319 30443 30395 29390 28658 28183 28047 27981 27998 27436 26771 26351 26126 25675 25404
29164 29799 30827 32081 32514 32383 32171 31950 30814 29429 28649 28974 29059 29042 28992 29018 29939 30188 29867 29722 29784 29646 29449 29505 29621 29547 29556 29397 29056 28455 28053 28269 28582 28373 27701 26959 26720 26805 27135 28023 29597 30369 30166 29708 28772 27678 27007 26934 27355 27504 27972 28416 28355 28100 28223 28380 28402 28504 28694 28623 28828 29430 29770 30124 30026 28440 27872 27833 28197 28645 28568 28400 27780 27431 27084 26830 26499
28603 29694 31544 32398 32273 32280 32222 31885 31020 28943 28175 28831 29986 30100 29205 29133 29963 30048 29134 29085 29238 29113 29146 29469 29502 29536 29610 29649 29173 28435 28695 28674 28899 29263 29196 28897 28219 27652 27665 28155 29355 29813 29672 29549 29268 28209 27929 27794 28005 28068 28305 28364 27994 28028 28040 28186 28277 28389 28574 28774 28943 29302 29503 29662 29614 28737 28169 28288 28763 29124 29097 28956 28398 27973 27960 28151 27821
28155 29662 31697 32386 32233 32000 31716 31708 31703 31099 30662 30730 30452 29693 29214 29352 29676 29710 29026 28780 28612 28622 29085 29523 29487 29518 29561 29681 29520 29241 29552 29391 29223 30048 30346 30128 29248 28760 28500 28916 29501 29525 29106 29165 29243 29143 28842 28702 28254 28065 28008 27991 27907 27869 27911 27823 28134 28363 28395 28389 28749 28914 29157 29313 29421 29438 29284 29547 29981 29922 29766 29440 29147 28813 28538 28683 28803
27783 29288 31513 32205 31867 31699 31471 31680 31612 31453 31148 30934 30388 29926 29901 29805 29669 29651 29537 29102 28625 28631 28986 29511 29547 29494 29520 29688 29647 29614 29500 28911 28662 29960 30212 30198 29602 28959 29375 29460 29441 29315 29015 28848 28994 29034 28787 28611 28100 27936 27854 27890 27835 27912 28055 28188 28102 28340 28406 28340 28475 28753 29031 29232 29318 29468 29430 29661 29957 29932 29744 29362 29222 29522 29558 29490 29510
28028 29449 31368 31975 31961 31553 30609 30675 31230 31048 30540 30302 30201 29997 29827 29605 29540 29547 29593 29090 28636 28643 28779 29423 29516 29375 29243 29229 29227 29826 29854 28509 28362 28569 28646 29173 28324 28740 29751 29628 29438 29142 28860 28477 28635 28618 28602 28527 28023 28131 28063 27924 27917 28001 28162 28405 28470 27849 27876 28354 28446 28371 28776 28877 28937 29111 29105 29404 29305 28664 28320 29161 29328 29749 29818 29770 29910
28569 29965 31650 31995 32081 31361 30071 29747 30985 30863 30552 30420 30127 29909 29480 29335 29357 29311 29005 28700 28750 28685 29182 29353 29261 29052 29091 29118 28998 29683 29848 29298 29361 29622 29249 29383 29499 28551 29460 29751 29607 29033 28550 28503 28539 28413 28362 27811 27604 27709 28011 28018 27968 27996 28152 28361 28513 28475 28496 28606 28735 28657 28445 28540 28767 28802 28904 28948 28475 27547 27470 28338 29245 29547 29548 29513 29393
