Alternative/Moon/Lvl0_30x30/Ele_CD.asc
ncols         335
nrows         335
xllcorner     -9992508.343
yllcorner     -27166.958
cellsize      10000
nodata_value  -9999.0
[rows 272 to 305 of 335, columns 231 to 307 of 335]
18733 18993 19221 19440 19741 19943 20114 20668 20683 20982 21487 21489 21865 22093 19465 18323 17255 16139 14758 13428 12897 12802 12781 12896 12894 12614 12798 13176 13279 13962 15523 17509 18933 19866 20248 20101 19137 18388 18006 17719 17604 17378 17265 17107 17039 17014 16984 17048 17009 16905 16878 16830 16786 16763 16724 16677 16643 16638 16630 16651 16647 16639 16605 16595 16570 16546 16583 16622 16645 16587 16581 16564 16574 16592 16623 16676 16689
18611 18600 18788 19213 19215 19882 19976 19943 19894 20666 20814 21287 21944 21530 18850 18337 17063 15628 13837 13043 12809 12804 12848 12944 12983 12908 12776 12705 13081 13729 14993 16699 18522 19301 20010 19961 19413 18981 18086 17716 17665 17422 17279 17080 17048 17051 16997 17042 17074 17013 16985 16911 16875 16802 16824 16779 16785 16733 16688 16671 16660 16668 16675 16636 16596 16560 16583 16609 16589 16594 16613 16610 16601 16616 16658 16687 16683
18776 18725 18711 18762 18772 19524 19650 19582 19641 20226 20767 21252 21638 20540 18949 17860 16845 15359 13754 13020 12845 12875 13228 13198 13175 13392 12832 12686 13001 13262 14990 16806 17665 19038 19580 19122 19549 19393 18383 17958 17785 17330 17223 17156 17014 17155 17154 17134 17104 16979 16910 16884 16790 16784 16845 16784 16784 16731 16690 16744 16718 16680 16656 16629 16628 16635 16605 16626 16642 16645 16638 16645 16621 16650 16661 16656 16645
18839 18771 18686 18712 18795 18897 18935 19114 19331 19793 20423 21058 21420 20234 18661 17824 16795 15258 13665 13175 12974 12808 13095 13233 12655 12667 12553 12636 12758 13236 14587 16381 17807 18706 19326 18740 19410 19303 18446 17947 17856 17341 17217 17192 17088 17106 17119 16976 17003 16940 16887 16861 16815 16918 16784 16765 16735 16724 16749 16753 16727 16688 16673 16645 16636 16644 16667 16662 16642 16639 16641 16641 16645 16656 16648 16639 16655
18652 18683 18706 18720 18805 18927 18971 19044 19110 19603 20370 20830 21134 20550 18705 17358 16489 15145 13486 13123 13074 13080 14028 13841 13085 12840 12686 12644 12781 13328 14746 16884 18034 19086 19278 18744 18808 19005 18871 17743 17696 17317 17308 17234 17053 17048 17037 16990 17035 17002 16930 16898 16853 16850 16811 16771 16767 16761 16820 16794 16701 16698 16681 16633 16627 16639 16691 16661 16648 16649 16659 16664 16667 16660 16700 16685 16667
18661 18684 18764 18745 18851 18782 18976 19012 19255 19851 20258 20533 20906 20247 19057 17292 16340 14874 13736 13126 13134 13098 13953 14049 13493 12969 12936 12765 13020 13503 15396 17257 18469 19382 19450 18842 18766 19288 18861 17700 17505 17289 17165 17147 17059 17003 16959 16979 17002 16850 16832 16844 16827 16831 16790 16772 16779 16770 16745 16748 16732 16698 16721 16655 16667 16666 16677 16678 16670 16671 16686 16713 16702 16721 16728 16680 16643
18956 19070 19073 18879 18795 18837 18980 19161 19338 19910 20038 20225 20710 20864 19306 17692 16603 15195 13869 13162 13229 13107 13164 13119 13049 12954 12967 12963 13167 14436 16175 17760 18611 19393 19564 18984 18975 19102 18622 17546 17435 17241 17131 17077 17028 16980 16928 16970 17024 16898 16902 16835 16799 16740 16719 16700 16704 16702 16704 16700 16702 16685 16675 16669 16671 16661 16668 16677 16672 16699 16733 16740 16738 16735 16703 16601 16551
19849 19604 19648 19424 18927 18914 19069 19173 19262 19705 19831 19964 20709 20945 19559 18099 16972 15480 14670 14041 13578 13147 13161 13104 12992 12908 12976 13210 13791 15511 16936 18406 19220 19582 19496 19272 19217 18678 17946 17505 17378 17299 17216 17125 17036 16972 16953 16894 16852 16882 16821 16813 16791 16773 16754 16735 16743 16720 16721 16709 16708 16699 16686 16681 16673 16654 16657 16673 16682 16712 16734 16737 16722 16691 16611 16544 16521
20553 20034 19417 19314 19034 18804 19047 19115 19182 19737 20255 19988 20231 20618 20489 18825 17535 16414 15776 14940 14336 13819 13423 13388 13229 13304 13488 13788 15055 16720 17342 18740 19346 19865 19538 19074 18776 18379 18197 17478 17293 17264 17231 17139 17111 16951 16919 16913 16863 16845 16866 16816 16788 16796 16793 16795 16782 16805 16753 16714 16710 16706 16705 16698 16678 16700 16683 16680 16699 16711 16716 16671 16610 16548 16511 16499 16520
20968 20783 19944 19279 18996 18850 18957 19068 19131 19628 20388 20584 20503 20487 20701 20208 19135 17235 17239 16264 15325 14913 14706 14596 14719 14335 14568 15001 16364 17887 18597 19894 19908 19642 18975 18558 18300 18363 18185 17510 17334 17277 17243 17157 17088 16966 16901 16890 16890 16867 16885 16862 16873 16831 16860 16846 16824 16840 16831 16833 16749 16777 16846 16726 16709 16712 16691 16674 16680 16669 16605 16540 16513 16486 16467 16473 16497
20913 20749 20150 19392 18979 18867 18911 19079 19073 19512 20178 20951 21000 20556 20535 20906 20893 19104 18078 17163 16392 15975 15827 16171 16280 16107 16107 16541 17676 18720 19370 19919 19890 19123 18731 18477 18253 18041 17787 17444 17356 17276 17237 17123 17101 17056 17033 16930 16932 16975 16923 16892 16904 16891 16980 16866 16832 16837 16817 16819 16763 16818 16828 16744 16701 16699 16681 16665 16648 16600 16545 16499 16479 16472 16465 16468 16483
20265 20228 19997 19236 18814 18923 18962 18981 18893 19115 19959 20863 20981 20819 20774 21018 21643 21143 19121 18527 18058 17256 16868 17201 17969 18106 18375 18816 19175 19614 19697 19807 19460 18564 18409 18236 18055 17768 17496 17434 17391 17242 17116 17081 17053 17029 17048 16975 16958 16967 16925 16876 16852 16911 16916 16876 16837 16828 16797 16791 16790 16723 16727 16731 16727 16720 16681 16721 16690 16575 16509 16473 16462 16456 16466 16472 16479
19832 19542 19277 19035 18939 18925 18959 18807 18838 18944 19307 20297 20737 20685 20761 20967 21464 21837 21382 19852 18843 17907 17404 18502 18841 19642 19990 20052 19898 19979 19801 19429 18969 18708 18366 18123 17977 17521 17484 17373 17269 17248 17129 17078 17371 18283 18379 18192 17534 16964 17054 16900 16893 16905 16859 16875 16855 16834 16818 16773 16779 16751 16743 16708 16692 16727 16707 16675 16612 16522 16464 16443 16451 16457 16460 16469 16476
20195 19151 19105 18953 19162 19946 19595 19070 18915 19037 19646 19992 20097 20383 20642 20685 20817 21750 21877 21611 20152 18775 18992 19229 19956 20699 20844 20837 20235 19860 18966 18709 18762 18894 18241 17753 17788 17513 17478 17270 17189 17131 17064 17021 17458 18147 18247 18037 17263 17015 16978 17068 17142 16974 16936 16857 16819 16799 16782 16765 16765 16710 16701 16675 16669 16641 16623 16562 16568 16504 16486 16472 16458 16452 16455 16463 16470
20160 19651 20080 20027 19896 20545 20532 20043 19558 19773 20609 20697 20510 20440 20972 20981 20960 21019 21376 21494 21235 20858 19302 19491 20860 21879 21958 21700 20860 19724 19329 19217 18863 18605 17730 18152 18280 17816 18273 18085 17181 17073 17409 17444 17631 17961 17857 17654 17003 17026 16953 17057 17139 16958 16900 16824 16762 16778 16736 16741 16736 16705 16682 16639 16636 16635 16584 16483 16491 16504 16462 16458 16457 16458 16455 16460 16463
19911 20416 21020 21180 20890 20671 20688 20531 20656 20962 20780 20818 20746 20577 20925 20973 20914 20970 21001 21220 21176 21007 21073 21508 22073 22267 22311 21999 21264 20296 20227 19864 19374 18663 18738 18925 18719 17985 18316 18141 17602 17446 17847 18052 18015 17949 17176 17010 17023 17110 16947 16956 16937 16958 16880 16783 16682 16661 16649 16680 16672 16626 16626 16642 16601 16568 16462 16438 16427 16438 16447 16456 16463 16450 16454 16461 16475
20628 21130 21172 21286 21103 20655 20675 20855 20949 20993 20627 20163 20082 19752 19780 20219 20464 20441 20895 21111 21277 21679 21675 22043 22411 22449 22295 21840 21151 20570 20357 19637 18870 18545 18933 18993 18770 18584 19009 18648 17901 17554 17735 18083 17860 17038 16935 16845 16866 17066 16868 16818 16812 16776 16746 16653 16593 16598 16598 16558 16546 16577 16599 16547 16490 16463 16450 16438 16447 16445 16435 16446 16463 16450 16453 16464 16476
21050 21229 21097 21623 21656 21440 20934 20970 20919 20654 19966 19757 19602 19461 19389 19787 19800 19923 20112 20988 21405 21675 21693 21943 22375 22354 22221 21845 21474 20804 20096 19757 19369 19212 19445 19999 20054 19859 19416 18880 18134 18200 18091 17918 17454 16792 16862 16761 16717 16682 16651 16621 16643 16628 16624 16556 16562 16545 16522 16522 16531 16487 16483 16446 16437 16455 16418 16401 16439 16438 16420 16418 16460 16473 16462 16446 16466
20988 21156 21188 21568 21606 21474 21143 20860 20408 19827 19355 19186 18854 18857 19027 19313 19522 19657 19771 20341 20507 20840 20879 21230 21712 21976 22006 21832 21360 20868 20624 20287 19796 19860 19924 20631 21105 20590 19464 18625 18643 18168 18033 17748 17120 16697 16674 16689 16650 16643 16616 16586 16582 16610 16588 16557 16562 16533 16506 16469 16475 16474 16451 16454 16424 16418 16409 16409 16399 16392 16396 16433 16451 16463 16499 16482 16479
20752 20996 21269 21046 20942 21133 21113 20654 19942 19319 18693 18611 18314 18531 18574 18724 18936 18777 18969 19224 19311 19747 20361 20529 20571 20651 20976 21294 20845 20695 20853 20862 20869 20550 20570 20969 21336 20822 19912 19106 18668 17949 17364 17122 16690 16665 16652 16652 16662 16631 16646 16563 16537 16551 16529 16525 16509 16489 16470 16478 16464 16470 16461 16455 16439 16425 16411 16422 16417 16393 16399 16410 16427 16438 16448 16453 16453
20770 20866 20945 20950 20939 21055 20997 20683 19976 18791 17971 17578 17463 18066 18015 17775 18097 18125 17631 17796 18007 18401 19122 19442 19830 20171 19831 19599 19056 19791 20812 21292 21340 20774 21031 21144 20980 21103 20092 19085 18169 17508 17318 16759 16709 16685 16659 16626 16588 16576 16553 16537 16524 16511 16504 16499 16508 16505 16474 16508 16433 16445 16453 16447 16457 16441 16434 16430 16426 16426 16401 16418 16424 16417 16422 16448 16455
20868 20977 21415 21065 21060 21081 20862 20110 19128 18160 17786 17383 17278 17436 17518 17261 17230 17239 17461 17546 17797 17776 18296 18466 18400 18700 18950 18792 18592 19170 20550 21287 21283 20911 20994 21100 21091 21099 19751 18591 18409 18144 17656 17206 17160 17329 16772 16619 16598 16581 16556 16592 16592 16553 16525 16497 16458 16453 16482 16522 16488 16441 16455 16436 16455 16427 16433 16429 16425 16419 16426 16417 16426 16419 16421 16428 16468
21016 21703 22167 21432 21056 21010 20121 19007 18265 17865 17482 17267 17208 17207 17308 17160 17234 17116 17236 17280 17344 17418 17790 17954 18125 18299 18557 18587 18502 18452 19474 20432 21181 20990 20897 20856 20862 20763 19799 18967 18891 18799 18288 17745 17457 17460 16819 16641 16615 16594 16550 16582 16586 16557 16530 16499 16479 16466 16475 16548 16505 16511 16449 16436 16461 16421 16427 16425 16434 16421 16423 16420 16418 16415 16425 16460 16448
21608 22100 22293 21237 20658 19944 19223 18307 17670 17399 17409 17156 17142 16922 17029 16851 17064 16878 17043 17059 17032 16939 17239 17436 17840 18291 18466 18228 18140 18776 18611 19039 20207 20731 20773 20659 20784 20899 20842 19965 19251 19305 18948 18024 17835 17293 16653 16619 16617 16601 16595 16549 16549 16542 16525 16502 16471 16458 16459 16439 16461 16463 16442 16441 16437 16437 16412 16418 16427 16426 16428 16415 16420 16416 16434 16433 16438
21966 21822 21098 19376 18882 18900 18378 17524 17181 17365 17276 16999 16966 16846 16818 16767 16902 16898 17206 17362 17255 17220 16937 16957 17453 17975 18065 17369 18163 18707 18610 18337 19505 20538 20845 20590 20638 21114 21094 20966 20324 20050 19036 18335 17921 17038 16781 16838 16630 16597 16577 16559 16563 16576 16556 16527 16511 16488 16447 16447 16429 16418 16414 16441 16415 16426 16439 16454 16433 16431 16413 16420 16429 16436 16459 16453 16457
21992 22102 20765 19127 19169 18926 17914 17645 17840 17770 17237 16892 16897 16868 16815 16728 16744 16977 17169 17290 17270 17806 17823 17115 16738 16976 17045 17340 17456 17627 17780 18473 18453 19188 20475 20548 20240 20871 21146 21014 20383 20115 19267 18323 17974 17336 16876 16761 16737 16596 16561 16551 16550 16545 16519 16511 16500 16482 16472 16447 16422 16411 16413 16410 16421 16416 16414 16428 16445 16438 16443 16420 16433 16471 16454 16472 16470
21875 22077 20923 19142 19067 18301 18017 18006 18099 17921 17840 17700 17330 17012 17042 17038 17113 17115 17162 17111 17086 17676 17741 17362 16868 16891 17015 17040 17205 17511 17571 17973 18438 18701 19840 20079 19747 20521 21106 20577 19958 19845 19046 18202 17810 17288 17571 16877 16682 16591 16562 16584 16580 16546 16513 16490 16485 16481 16477 16449 16425 16415 16397 16426 16443 16460 16433 16450 16445 16454 16448 16442 16446 16471 16455 16459 16465
21402 21245 20097 17968 17997 17851 18433 17517 16089 16077 18015 18117 17475 17128 17100 17134 17090 17111 17124 17143 17097 17118 17209 16963 17065 17270 17105 16981 17318 17353 17397 17698 17955 18404 19247 18747 18542 20228 20581 20028 19641 18898 18209 17863 17166 17070 17443 16789 16635 16602 16577 16605 16596 16537 16523 16497 16471 16465 16471 16450 16441 16416 16411 16423 16449 16437 16466 16465 16452 16438 16435 16430 16438 16437 16443 16467 16459
21134 19057 17911 16939 17327 17909 18219 15736 13485 13302 16363 17909 17604 17223 17157 17262 17209 17182 17221 17259 17200 17178 17041 16926 16867 17143 17085 17366 17460 17491 17734 17923 18015 18137 18612 18694 18674 19609 19827 19571 19599 18620 18166 17189 16817 16867 16798 16719 16731 16805 16604 16588 16570 16544 16519 16507 16477 16460 16442 16432 16425 16408 16411 16417 16412 16432 16427 16422 16421 16412 16436 16493 16440 16441 16442 16447 16465
21162 18724 17046 17140 17255 17716 18407 16606 14662 14753 17408 18106 17674 17258 17316 17366 17296 17294 17334 17282 17237 17271 17183 17022 16958 16836 16988 17304 17440 17521 17519 17949 18069 18152 18693 19449 19466 19200 19123 19394 19321 18411 17930 16932 16810 16763 16759 16752 16758 16630 16612 16656 16789 16587 16530 16505 16483 16467 16453 16437 16420 16401 16404 16412 16411 16421 16414 16387 16382 16384 16436 16441 16417 16468 16449 16446 16459
20555 17806 17021 17101 17144 17568 18353 18141 17106 17394 18253 18221 17470 17398 17456 17512 17393 17387 17370 17309 17295 17297 17172 17109 17055 16907 16803 16778 16874 17298 17291 17652 17966 18214 18624 19063 19322 19363 19613 18906 18967 18473 17723 16979 16844 16851 16764 16746 16724 16674 16657 16620 16936 16978 16627 16526 16493 16473 16458 16442 16416 16394 16403 16403 16401 16402 16389 16381 16371 16372 16424 16416 16401 16404 16469 16452 16450
18623 16850 16845 16944 17032 17653 18050 18394 18323 18182 18173 17694 17463 17489 17546 17519 17511 17451 17412 17384 17352 17315 17258 17185 17158 17003 16875 16808 16773 17081 17338 17543 17801 18091 18324 18553 18491 19569 19603 19411 19468 18588 17366 16886 16900 16843 16813 16720 16713 16686 16654 16639 17006 17099 16590 16542 16519 16498 16452 16437 16415 16402 16393 16383 16386 16389 16372 16371 16375 16393 16420 16404 16414 16404 16416 16446 16448
17615 17595 17814 17498 17054 17352 17292 17659 17715 17551 17527 17468 17476 17551 17589 17670 17615 17580 17583 17442 17423 17359 17287 17232 17186 17085 16956 16845 16807 16774 17017 17357 17721 18251 18369 18316 18651 19390 19423 19470 18551 18073 17034 16865 16854 16834 16817 16791 16813 16709 16694 16751 16743 16609 16565 16534 16517 16493 16479 16460 16442 16434 16416 16387 16374 16374 16373 16379 16364 16399 16396 16391 16395 16420 16430 16425 16439
17542 17896 18032 17885 17075 17248 17160 17330 17406 17405 17450 17490 17522 17595 17595 17683 18047 18126 17734 17596 17492 17372 17311 17305 17202 17158 17046 16863 16874 16803 17054 17001 17384 18207 18392 18418 18615 18506 19031 18856 18348 17252 16940 16871 16824 16840 16992 17187 17041 16811 16751 16956 16731 16623 16576 16541 16535 16557 16517 16489 16462 16445 16411 16388 16368 16357 16360 16362 16362 16376 16381 16381 16414 16428 16432 16442 16444
