Alternative/Moon/Lvl0_30x30/Ele_AG.asc
ncols         335
nrows         335
xllcorner     57491.657
yllcorner     6672833.042
cellsize      10000
nodata_value  -9999.0
[rows 34 to 67 of 335, columns 77 to 153 of 335]
22641 22754 22837 22925 23051 23087 23124 23129 23109 23064 23021 22942 22872 22780 22718 22619 22521 22412 22339 22227 22144 22057 21991 21911 21856 21808 21779 21789 21765 21761 21767 21798 21802 21795 21844 21829 21810 21790 21823 21825 21820 21822 21844 21819 21796 21804 21767 21722 21677 21609 21590 21560 21522 21517 21502 21496 21449 21382 21406 21407 21420 21416 21423 21409 21400 21379 21364 21283 21268 21187 21181 21134 21053 21034 20982 20896 20843
21280 21446 21493 21657 21734 21809 21874 22026 22077 22170 22215 22250 22320 22325 22338 22276 22233 22174 22133 22047 21956 21832 21802 21717 21610 21524 21477 21411 21336 21267 21235 21169 21088 20992 20955 20966 20841 20843 20781 20754 20660 20621 20566 20510 20416 20344 20275 20266 20190 20260 20140 20107 20184 20103 20128 20138 20206 20147 20188 20172 20074 20017 19964 19967 19889 19768 19783 19623 19584 19519 19454 19378 19434 19297 19231 19162 19150
20213 20324 20444 20482 20564 20664 20692 20762 20819 20885 20929 20959 20949 20979 20885 20891 20784 20760 20703 20557 20517 20416 20295 20191 20124 20015 19898 19826 19695 19615 19488 19457 19437 19300 19244 19130 19124 19020 18916 18902 18766 18786 18710 18641 18628 18559 18549 18506 18531 18459 18457 18473 18430 18455 18445 18445 18486 18498 18411 18480 18394 18383 18346 18302 18248 18282 18196 18118 18118 18071 18071 18077 18039 18047 18033 18030 18078
19351 19417 19358 19391 19359 19433 19483 19566 19424 19427 19526 19424 19368 19283 19201 19191 19105 19011 18916 18902 18744 18633 18576 18487 18416 18291 18201 18172 18148 18105 18096 18031 18045 18009 18077 18048 18124 18129 18171 18205 18198 18265 18250 18223 18242 18186 18156 18084 17998 17941 17920 17909 17895 17894 17897 17924 17936 17950 17976 17997 18002 17987 17971 17945 17933 17924 17919 17917 17922 17914 17922 17949 17964 17966 17970 17983 18003
18184 18185 18218 18258 18291 18340 18362 18390 18430 18455 18435 18424 18397 18382 18338 18295 18233 18191 18137 18070 18022 17999 17982 17972 17959 17935 17914 17921 18004 18092 18162 18192 18251 18279 18287 18292 18307 18328 18345 18400 18415 18412 18409 18366 18316 18266 18217 18136 18034 17950 17884 17856 17834 17804 17779 17761 17746 17727 17714 17721 17722 17733 17747 17766 17784 17803 17801 17843 17834 17851 17864 17887 17891 17907 17918 17944 17945
17803 17796 17792 17777 17835 17818 17840 17923 17931 17981 17992 18036 18063 18084 18082 18111 18086 18083 18101 18110 18101 18052 18030 17999 17982 17942 17911 17896 17867 17831 17819 17813 17768 17775 17731 17713 17724 17725 17726 17694 17702 17729 17740 17757 17748 17758 17770 17774 17758 17743 17738 17743 17762 17757 17760 17786 17788 17780 17771 17765 17786 17832 17845 17858 17873 17883 17909 17938 17967 17966 17882 17877 17889 17899 17910 17914 17914
17656 17661 17667 17673 17709 17717 17736 17763 17729 17699 17707 17679 17725 17759 17768 17811 17788 17890 17928 17978 17989 18016 18033 18008 18014 17996 17978 17952 17948 17928 17912 17910 17904 17899 17889 17883 17873 17888 17882 17836 17844 17798 17786 17784 17791 17793 17795 17810 17819 17828 17833 17850 17868 17874 17869 17851 17863 17880 17892 17883 17909 17921 17916 17913 17903 17896 17923 17931 17927 17940 17918 17901 17831 17842 17858 17858 17836
17493 17507 17499 17496 17499 17506 17503 17516 17519 17517 17510 17518 17523 17497 17483 17494 17501 17516 17555 17574 17573 17568 17570 17578 17590 17595 17610 17624 17636 17618 17610 17575 17600 17607 17604 17588 17588 17660 17613 17602 17652 17685 17694 17699 17703 17693 17675 17655 17645 17661 17671 17689 17698 17684 17695 17678 17613 17599 17578 17617 17626 17645 17659 17651 17641 17641 17638 17630 17644 17621 17619 17597 17591 17600 17631 17622 17625
17454 17458 17454 17450 17448 17446 17447 17438 17446 17444 17448 17459 17463 17460 17459 17469 17463 17479 17485 17495 17475 17478 17481 17461 17491 17518 17523 17520 17518 17477 17445 17469 17509 17516 17514 17490 17507 17493 17493 17512 17517 17533 17516 17522 17509 17507 17515 17515 17511 17510 17510 17516 17518 17514 17522 17538 17552 17554 17542 17536 17493 17508 17517 17527 17549 17559 17557 17553 17557 17562 17555 17526 17545 17560 17562 17549 17539
17456 17438 17427 17410 17415 17408 17403 17400 17401 17399 17400 17397 17398 17394 17382 17382 17380 17386 17396 17415 17412 17415 17415 17405 17406 17412 17418 17443 17441 17429 17422 17425 17436 17428 17436 17438 17444 17455 17456 17456 17444 17441 17430 17462 17462 17479 17492 17490 17472 17463 17461 17471 17475 17479 17485 17483 17503 17507 17495 17484 17489 17494 17488 17473 17484 17488 17463 17495 17478 17489 17490 17478 17472 17486 17489 17509 17509
17358 17342 17350 17350 17351 17364 17382 17386 17380 17388 17376 17384 17398 17410 17420 17406 17411 17407 17420 17418 17420 17426 17434 17470 17471 17477 17473 17445 17436 17418 17419 17420 17416 17400 17403 17411 17418 17428 17430 17424 17417 17424 17425 17410 17411 17425 17438 17440 17441 17446 17452 17456 17451 17445 17444 17451 17446 17444 17437 17444 17447 17445 17439 17436 17430 17435 17434 17432 17443 17466 17485 17481 17469 17455 17456 17460 17470
17372 17371 17372 17357 17361 17371 17380 17398 17396 17414 17437 17408 17401 17394 17395 17415 17424 17424 17432 17430 17417 17431 17460 17467 17462 17443 17437 17435 17434 17430 17431 17417 17404 17396 17407 17415 17425 17431 17446 17442 17433 17423 17432 17430 17425 17420 17424 17429 17449 17464 17466 17468 17457 17446 17444 17442 17447 17450 17445 17442 17440 17445 17443 17427 17432 17441 17451 17459 17464 17474 17486 17499 17471 17462 17458 17470 17475
17335 17341 17354 17379 17379 17371 17356 17351 17361 17369 17376 17388 17388 17385 17384 17402 17403 17411 17425 17426 17420 17421 17432 17445 17450 17445 17438 17428 17424 17409 17412 17415 17395 17399 17411 17415 17422 17422 17418 17411 17406 17419 17422 17428 17421 17409 17414 17423 17429 17431 17432 17430 17429 17430 17449 17459 17455 17450 17445 17454 17440 17442 17450 17458 17467 17477 17479 17472 17484 17491 17488 17482 17472 17469 17467 17473 17454
17328 17330 17345 17361 17365 17368 17358 17357 17356 17355 17350 17373 17370 17376 17381 17379 17396 17387 17392 17422 17441 17451 17442 17397 17419 17454 17465 17465 17459 17441 17433 17435 17418 17427 17430 17424 17419 17421 17422 17415 17428 17430 17426 17434 17434 17427 17434 17441 17437 17445 17441 17449 17448 17454 17453 17455 17447 17456 17453 17453 17454 17456 17463 17466 17464 17476 17480 17476 17474 17485 17479 17473 17487 17495 17492 17487 17492
17320 17335 17348 17369 17377 17367 17349 17350 17347 17342 17358 17357 17351 17364 17373 17372 17378 17384 17400 17439 17446 17435 17404 17401 17397 17388 17389 17396 17408 17408 17391 17415 17439 17445 17446 17412 17409 17412 17413 17422 17421 17421 17410 17406 17405 17412 17415 17413 17409 17429 17433 17444 17447 17447 17448 17447 17448 17452 17453 17456 17465 17475 17473 17472 17478 17464 17461 17477 17467 17462 17459 17448 17457 17452 17458 17462 17473
17299 17303 17310 17307 17332 17333 17303 17296 17310 17338 17348 17354 17345 17327 17315 17330 17334 17343 17350 17353 17352 17356 17351 17332 17328 17328 17325 17338 17339 17347 17354 17355 17365 17378 17384 17385 17385 17389 17385 17384 17393 17391 17398 17400 17411 17422 17413 17410 17414 17411 17414 17416 17418 17418 17419 17423 17429 17430 17448 17455 17462 17464 17467 17471 17473 17478 17487 17491 17480 17471 17466 17465 17462 17464 17464 17474 17460
17327 17314 17299 17313 17331 17342 17341 17346 17341 17336 17311 17313 17326 17327 17327 17332 17338 17342 17350 17359 17357 17359 17350 17347 17346 17337 17344 17340 17335 17336 17349 17363 17359 17381 17388 17391 17380 17382 17383 17388 17404 17416 17441 17452 17421 17431 17419 17412 17419 17413 17434 17438 17446 17442 17422 17421 17417 17429 17465 17459 17440 17439 17457 17457 17449 17441 17439 17436 17434 17427 17413 17418 17432 17431 17437 17444 17433
17337 17340 17319 17307 17323 17329 17340 17336 17344 17346 17334 17321 17319 17320 17327 17329 17325 17295 17311 17326 17337 17329 17344 17348 17348 17333 17316 17341 17360 17354 17352 17348 17334 17339 17345 17360 17360 17350 17345 17340 17337 17358 17369 17372 17367 17365 17368 17364 17359 17351 17365 17369 17360 17364 17343 17352 17351 17362 17360 17361 17365 17365 17368 17372 17369 17378 17400 17422 17419 17399 17405 17402 17419 17411 17434 17415 17422
17330 17320 17307 17307 17291 17303 17341 17346 17340 17324 17315 17304 17298 17295 17298 17301 17309 17307 17317 17320 17317 17298 17282 17287 17293 17300 17301 17301 17299 17308 17296 17303 17314 17317 17303 17298 17316 17332 17328 17315 17324 17340 17342 17335 17350 17356 17365 17373 17367 17373 17369 17387 17385 17383 17390 17389 17404 17403 17407 17402 17412 17416 17407 17391 17410 17391 17409 17470 17488 17491 17531 17536 17550 17545 17541 17542 17545
17235 17237 17246 17236 17253 17247 17243 17260 17265 17283 17295 17309 17329 17344 17342 17339 17376 17385 17388 17388 17383 17348 17356 17391 17405 17419 17414 17410 17409 17390 17379 17370 17355 17339 17333 17328 17339 17348 17353 17365 17364 17364 17381 17375 17380 17412 17428 17420 17415 17391 17372 17404 17414 17418 17414 17418 17417 17423 17428 17432 17450 17445 17444 17470 17517 17546 17567 17580 17560 17539 17532 17530 17535 17546 17544 17549 17549
17177 17183 17226 17248 17259 17263 17276 17301 17323 17357 17364 17364 17370 17351 17345 17353 17368 17377 17389 17357 17352 17356 17383 17402 17419 17433 17423 17439 17442 17416 17429 17452 17452 17442 17408 17411 17426 17420 17414 17366 17369 17369 17374 17373 17377 17377 17381 17372 17389 17384 17386 17393 17394 17389 17389 17391 17409 17426 17431 17430 17442 17453 17475 17503 17532 17540 17552 17561 17556 17548 17530 17533 17534 17548 17549 17547 17547
17226 17240 17242 17276 17277 17288 17303 17301 17304 17351 17365 17351 17340 17329 17301 17290 17275 17298 17295 17278 17305 17314 17305 17329 17335 17339 17350 17359 17369 17362 17357 17358 17361 17382 17390 17422 17433 17434 17431 17402 17399 17375 17340 17311 17322 17342 17341 17315 17325 17339 17340 17328 17355 17369 17371 17343 17360 17367 17380 17381 17390 17400 17406 17420 17448 17467 17468 17467 17507 17511 17517 17523 17510 17493 17478 17485 17490
17180 17148 17174 17198 17211 17211 17209 17220 17225 17186 17184 17169 17191 17232 17238 17252 17255 17255 17237 17228 17254 17260 17248 17270 17274 17280 17280 17271 17268 17304 17300 17279 17270 17306 17331 17330 17328 17346 17357 17356 17354 17344 17333 17330 17331 17329 17321 17309 17332 17312 17302 17325 17332 17346 17356 17360 17339 17323 17317 17325 17342 17360 17371 17399 17428 17452 17451 17457 17455 17466 17465 17461 17455 17440 17452 17463 17457
17133 17152 17181 17170 17174 17174 17147 17156 17171 17174 17172 17161 17180 17162 17130 17211 17259 17243 17197 17188 17236 17240 17230 17249 17225 17235 17213 17197 17210 17212 17216 17219 17233 17244 17245 17246 17246 17264 17265 17268 17270 17284 17301 17309 17314 17318 17308 17305 17304 17300 17287 17290 17317 17338 17327 17324 17349 17380 17414 17442 17426 17431 17411 17399 17400 17405 17412 17399 17388 17386 17392 17387 17353 17360 17380 17383 17371
17128 17164 17188 17174 17219 17217 17200 17153 17169 17169 17164 17171 17181 17196 17193 17158 17148 17162 17178 17161 17161 17159 17168 17167 17174 17185 17181 17178 17179 17193 17190 17165 17162 17198 17201 17193 17181 17166 17171 17191 17203 17209 17213 17219 17230 17247 17254 17231 17275 17249 17253 17294 17328 17328 17336 17335 17275 17327 17252 17340 17241 17345 17377 17388 17427 17451 17444 17415 17361 17356 17380 17392 17382 17383 17390 17381 17417
17153 17150 17165 17147 17155 17150 17148 17142 17145 17107 17137 17151 17148 17145 17157 17168 17166 17092 17078 17125 17164 17169 17173 17177 17171 17159 17143 17138 17149 17144 17151 17158 17155 17149 17147 17150 17151 17144 17136 17148 17151 17148 17151 17157 17147 17141 17139 17164 17169 17175 17176 17176 17193 17236 17229 17227 17232 17229 17263 17248 17292 17332 17349 17347 17370 17337 17356 17375 17411 17413 17399 17392 17398 17387 17379 17411 17420
17200 17190 17138 17169 17197 17170 17201 17229 17219 17207 17175 17159 17141 17128 17121 17123 17133 17132 17131 17120 17129 17122 17136 17131 17140 17141 17120 17118 17105 17115 17117 17111 17119 17113 17118 17116 17118 17120 17123 17140 17144 17158 17141 17131 17152 17136 17149 17167 17182 17183 17181 17180 17184 17173 17162 17171 17170 17193 17212 17214 17235 17245 17249 17242 17250 17267 17284 17335 17377 17392 17402 17384 17386 17384 17381 17405 17440
17238 17239 17233 17231 17212 17200 17219 17196 17200 17187 17173 17177 17176 17166 17154 17107 17077 17120 17159 17151 17162 17168 17169 17144 17127 17123 17128 17175 17182 17155 17125 17153 17151 17140 17146 17145 17147 17159 17152 17158 17170 17172 17178 17191 17190 17171 17152 17155 17169 17205 17226 17224 17207 17220 17237 17238 17277 17279 17268 17253 17243 17228 17239 17223 17222 17263 17271 17265 17241 17246 17258 17278 17273 17261 17282 17276 17269
17234 17219 17214 17210 17211 17193 17194 17225 17216 17188 17162 17167 17166 17181 17166 17158 17171 17179 17178 17161 17212 17238 17224 17211 17214 17234 17241 17251 17271 17257 17301 17383 17293 17330 17266 17292 17301 17310 17311 17315 17330 17292 17275 17309 17281 17266 17257 17259 17264 17252 17244 17253 17274 17295 17302 17295 17270 17277 17258 17268 17259 17267 17258 17234 17218 17269 17281 17290 17286 17302 17328 17295 17273 17261 17300 17305 17319
17223 17268 17283 17253 17217 17203 17201 17206 17197 17200 17202 17194 17197 17204 17281 17325 17338 17336 17309 17264 17253 17236 17230 17273 17288 17275 17277 17363 17412 17388 17393 17385 17376 17387 17346 17325 17356 17369 17409 17383 17384 17361 17339 17336 17289 17287 17354 17355 17316 17314 17278 17269 17282 17277 17273 17289 17265 17286 17283 17282 17279 17283 17289 17283 17288 17292 17294 17302 17313 17315 17312 17319 17306 17320 17316 17317 17347
17252 17254 17249 17256 17253 17269 17263 17231 17240 17264 17241 17245 17259 17266 17313 17348 17335 17299 17299 17317 17354 17367 17358 17376 17357 17342 17334 17335 17346 17349 17324 17436 17406 17405 17386 17316 17317 17355 17397 17468 17471 17446 17436 17437 17430 17425 17431 17430 17411 17401 17380 17407 17439 17461 17411 17428 17430 17401 17396 17424 17447 17445 17437 17404 17453 17465 17471 17463 17464 17475 17464 17449 17469 17458 17447 17484 17506
17368 17330 17359 17370 17345 17306 17306 17296 17296 17343 17328 17321 17400 17400 17357 17362 17379 17413 17419 17442 17445 17468 17457 17467 17534 17523 17542 17552 17580 17578 17580 17627 17576 17549 17473 17459 17462 17462 17444 17452 17457 17452 17453 17449 17449 17460 17479 17485 17508 17579 17598 17538 17505 17519 17505 17476 17519 17563 17573 17631 17646 17655 17646 17625 17610 17606 17607 17609 17619 17623 17594 17591 17590 17575 17592 17631 17626
17494 17478 17447 17481 17497 17461 17388 17465 17478 17458 17472 17474 17474 17498 17509 17490 17541 17594 17716 17850 17856 17924 17872 17886 17836 17807 17827 17872 17902 17928 17987 17987 17943 17829 17719 17643 17553 17503 17486 17486 17487 17482 17446 17454 17478 17477 17487 17502 17515 17575 17598 17579 17551 17567 17593 17647 17664 17675 17692 17708 17686 17676 17696 17691 17688 17661 17712 17717 17674 17617 17607 17592 17626 17656 17650 17669 17668
17995 17831 17864 17838 17757 17758 17739 17785 17770 17748 17759 17826 17917 17893 17893 17970 18010 18072 18153 18171 18140 18107 18044 18022 18070 18104 18107 18135 18141 18114 18087 18040 17993 17921 17849 17815 17785 17732 17665 17625 17630 17623 17642 17646 17639 17656 17666 17637 17657 17667 17712 17798 17870 17968 18015 18045 18003 18033 18028 18031 18046 18070 18096 18120 18155 18118 18068 18055 17979 17951 17887 17844 17837 17813 17753 17704 17706
