Alternative/Moon/Lvl0_30x30/Ele_BD.asc
ncols         335
nrows         335
xllcorner     -9992508.343
yllcorner     3322833.042
cellsize      10000
nodata_value  -9999.0
[rows 170 to 203 of 335, columns 77 to 153 of 335]
17241 16950 16868 16764 16840 17025 17301 17327 16743 16311 16079 15895 15759 15592 15512 15463 15473 15578 15549 15568 15674 15567 15440 15440 15552 15730 15841 15977 16514 16383 16148 16142 16055 16389 16480 16188 16035 15884 15966 16042 15990 15934 16200 16634 16505 16283 16330 16710 17107 16914 16738 16719 16604 16440 16353 16345 16238 16256 16148 16037 16016 15982 15951 15928 15957 15915 15916 15893 15897 15889 15905 15934 15902 15848 15840 15852 15816
16871 16937 16757 16737 16850 17019 17261 17375 16807 16259 16260 16429 16153 15792 15680 15506 15408 15323 15495 15606 14976 15156 15662 15372 15494 15722 16009 16046 16257 16273 16167 16258 15839 15882 16006 15976 15863 15823 15876 15947 15932 15795 15942 16519 16459 16135 16202 16815 17054 16931 16837 16692 16528 16487 16344 16370 15889 16276 16229 16037 16043 16002 15965 15940 15930 15917 15917 15891 15845 15833 15836 15823 15811 15788 15776 15748 15743
16617 16657 16686 16716 16916 17025 17366 17694 17478 16658 16342 16451 16174 15889 15714 15590 15427 15336 15425 15513 15487 15512 15445 15328 15437 15716 16106 16141 15958 15805 16264 16382 15973 15772 15780 15825 15887 15864 15755 15752 15707 16023 16110 16002 16011 16059 16306 16950 17172 16834 16689 16510 16093 16498 16683 16497 16608 16392 16144 16009 15991 15995 15992 15998 15937 15884 15892 15956 15832 15772 15743 15736 15741 15744 15737 15728 15700
16632 16479 16468 16613 16545 17089 17499 17758 17693 17064 16373 16333 16200 16077 15855 15660 15472 15683 15776 15567 15428 15392 15557 15585 15861 15960 15930 16042 16086 16112 15931 16025 15855 15783 15779 15781 15783 15767 16027 15895 15927 16156 16318 16326 16224 16271 16417 16981 17097 16787 16475 16230 16004 16262 16433 16102 16353 16296 16041 15986 15979 15976 15973 15980 15911 15884 15879 15863 15838 15783 15715 15702 15705 15695 15660 15672 15641
16723 16624 16532 16794 16753 16586 16516 16505 16569 16667 16659 16614 16501 16182 15978 15924 16033 16191 16234 15991 15831 15585 15862 16087 16041 15967 15972 16016 16120 16360 16471 16110 15800 15781 15747 15738 15729 15835 16226 16125 16025 15995 16298 16320 16222 16325 17223 17239 16970 16707 16436 16202 15994 15980 15980 16035 16027 15994 15977 15986 15986 15988 15949 15941 15889 15866 15898 15902 15925 15875 15808 15786 15741 15716 15664 15618 15600
16690 16680 16934 16849 17016 16870 16636 16782 17070 17234 16976 16568 16350 16174 16163 16121 16083 16386 16422 16290 16093 15963 15934 15986 15997 15956 15964 15964 16155 16327 16427 16028 15730 15755 15757 15775 15956 16174 16293 16377 16218 16326 16348 16256 16309 16709 17182 17188 16807 16708 16418 16345 16182 16010 15973 15974 15957 15956 15982 15987 15988 15989 16001 15989 15948 15879 15883 15898 15894 15870 15873 15860 15816 15735 15721 15683 15632
16727 16915 16947 16753 16679 16665 16814 16802 17041 17136 17003 16505 16522 16573 16490 16333 16170 16279 16404 16266 16255 16072 16054 16040 16019 15967 16102 16254 15998 16060 16025 15942 16015 16006 15812 15972 16203 16293 16592 16608 16256 16484 16358 16469 16666 16978 16941 16874 16806 16505 16501 16349 16287 16088 15972 15937 15969 15962 15965 15983 16067 16096 16077 16011 15973 15991 15891 15875 15848 15813 15794 15777 15753 15729 15740 15719 15662
16576 16669 16712 16575 16607 16619 16565 16560 16813 17244 17919 18077 18205 18029 16883 16536 16375 16329 16293 16212 16119 16150 16069 16054 16097 16139 16223 16169 16101 16211 16273 16213 16260 16117 16264 16320 16245 16219 16089 16136 16173 16289 16937 17094 17268 17163 16640 16587 16589 16439 16440 16375 16102 16095 16091 15975 15973 15959 15955 16003 16202 16124 16173 16225 16040 15967 15976 15919 15874 15840 15817 15798 15776 15740 15716 15675 15677
16566 16581 16684 16584 16776 17524 17789 17663 17856 18427 18698 18921 18642 17849 16815 16527 16422 16321 16202 16206 16237 16251 16483 16415 16226 16293 16328 16375 16297 16447 16411 16315 16360 16281 16431 16535 16512 16303 16339 16264 16317 16616 17219 17398 17196 17061 16587 16444 16323 16341 16194 16126 16102 16067 16093 16035 15962 15926 15941 16007 16135 15943 15765 16184 16042 15991 15705 16001 15918 15887 15861 15834 15797 15772 15784 15730 15675
16986 17210 17444 17733 17965 18113 17513 17769 17887 18393 18646 18804 18783 18210 17283 16637 16430 16210 16121 16074 16063 16172 16342 16297 16281 16302 16241 16232 16245 16268 15983 15933 16135 16176 16299 16559 16641 16406 16726 16516 16330 16553 16885 16936 16939 16817 16694 16629 16456 16274 16011 15858 16036 16196 16284 16106 15878 15877 15874 15902 16011 16092 16090 16147 16004 16029 16053 16025 15926 15913 15879 15870 15816 15805 15804 15808 15713
16995 17463 17662 18017 17975 18104 17940 18161 18074 18230 18468 18736 18814 18224 17143 16623 16481 16217 16025 15927 15876 16011 15970 16100 16052 16091 15869 15914 15952 15823 15965 15947 15841 15899 15964 16226 16353 16317 16119 16129 16147 16505 16956 16980 16858 16788 16802 16741 16358 16169 15983 16004 15972 16281 16448 16107 15851 15840 15832 15859 15882 15904 15915 15945 15985 15938 15990 15940 15908 15918 15897 15880 15848 15814 15808 15866 15688
17287 17377 17656 17696 18022 17988 17996 18018 18011 18159 18505 18679 18658 18169 17373 16885 16477 16198 16022 15974 15854 15783 15807 15727 15700 15659 15692 15690 15752 15784 15778 15829 15735 15760 15882 15985 16318 16295 16228 16125 16182 16469 16938 16926 16945 16869 16832 16734 16339 16191 16446 16725 16696 15888 15937 15833 15813 15808 15813 15853 15903 15946 15920 15891 15902 15936 15907 15887 15873 15908 15898 15898 15869 15852 15863 15809 15933
17471 17199 16999 17430 17637 17462 17529 17755 17876 18278 18668 18813 18819 18723 18078 17321 16496 16241 16087 15982 15907 15975 15823 15840 15717 15628 15668 15657 15852 15809 15789 15906 16103 16011 16128 16296 16352 16291 16229 16672 16852 16929 16752 16927 16974 16832 16685 16593 16339 16215 16346 16753 16803 16192 16223 15842 15746 15777 15813 15831 15879 15904 15915 15941 15948 15948 15949 15916 15880 15882 15891 15884 15867 15860 15822 15820 15796
17159 16647 16278 16315 16417 16432 16843 17346 17968 18630 18825 18827 18863 18806 18363 17738 16573 16220 16078 16001 16007 15946 15864 15808 15821 15630 15778 15723 15883 15926 16036 16044 15958 16024 16157 16521 16343 16352 16351 16646 16538 16898 16692 16752 16638 16583 16469 16518 16603 16422 16295 16127 16014 16127 16077 15824 15708 15738 15787 15796 15825 15851 15860 15870 15830 15816 15885 15930 15971 15911 15908 15915 15855 15846 15814 15792 15781
17284 16828 16385 16059 16005 16114 16445 17332 18024 18556 18705 18500 18346 18385 18276 17750 16886 16152 16071 16019 15996 15927 15828 15919 15772 15809 15746 15843 15861 15932 16046 16077 16146 16087 16211 16476 16408 16219 16299 16549 16567 16650 16643 16575 16322 16279 16404 16624 16647 16437 16331 16224 16065 15894 15784 15749 15714 15695 15737 15768 15781 15809 15821 15808 15760 15707 15783 15888 15984 16000 15945 15949 15890 15872 15836 15829 15787
17886 17963 17274 16563 16085 16013 16642 17260 17454 17694 17478 17183 17112 17479 17767 17880 17824 17418 16556 15965 16102 16191 16028 16004 15992 15934 16110 16065 16029 16145 16217 16167 16440 16496 16331 16453 16404 16178 16171 16294 16278 16483 16610 16544 16393 16501 16601 16630 16384 16168 16055 16092 16100 15841 15758 15694 15693 15679 15675 15714 15740 15749 15766 15763 15763 15797 15811 15839 15871 16021 16081 16047 15971 15943 15923 15858 15789
17951 18117 17753 17375 17083 17178 17257 16863 16679 16576 16554 16542 16866 17533 18003 18275 18188 18160 17832 17144 16496 16351 16080 15951 15951 15843 16078 16037 16166 16241 16191 16280 16370 16469 16413 16295 16302 16233 16210 16084 16156 16647 16767 16533 16380 16397 16536 16649 16449 16069 15899 15918 15812 15751 15736 15662 15648 15666 15667 15669 15703 15722 15727 15748 15770 15808 15828 15818 15843 15913 15963 15959 15951 15843 15855 15828 15783
17682 17636 17417 17395 17630 17883 17771 16863 16436 16498 16588 16542 17055 18002 18240 18189 18044 18196 18064 17821 17847 17784 17532 16996 16337 16068 16012 16280 16408 16552 16724 16764 16748 16988 16894 16826 16711 16372 16201 16123 16504 16770 16691 16430 16172 16214 16377 16586 16505 16131 15881 15826 15786 15728 15705 15658 15636 15653 15652 15645 15671 15685 15696 15730 15753 15768 15775 15767 15802 15802 15863 15869 15808 15816 15814 15809 15817
17490 17103 17005 17184 17429 17503 17517 16904 16724 16384 16393 16408 16977 17807 17895 18045 17680 17879 17829 17836 17892 17855 17694 17632 17252 16803 16678 16827 16789 16914 17033 17060 17136 17471 17499 17137 16889 16583 16508 16598 16597 16783 16499 16207 16044 16170 16264 16254 16273 15921 15773 15779 15789 15805 15706 15664 15620 15608 15611 15617 15634 15643 15668 15685 15707 15712 15721 15738 15760 15772 15735 15736 15756 15779 15789 15807 15799
17269 17073 17285 17251 17261 16976 16680 16670 16580 16787 16638 16520 16889 17239 17420 17669 17741 17657 17400 17144 17134 17141 17268 17266 17193 16982 16728 16990 17286 17268 17227 17188 17198 17227 17224 17065 16873 16712 16594 16798 16775 16201 16106 15926 15969 16084 16469 16315 15866 15685 15623 15642 15760 15821 15771 15695 15649 15620 15618 15616 15619 15614 15662 15658 15660 15658 15674 15696 15702 15680 15680 15684 15699 15741 15782 15775 15771
16891 17008 17157 17139 17026 16626 16394 16346 16305 16597 16518 16389 16512 16650 17044 17285 17389 17071 16558 16307 16355 16373 16439 16708 16992 17011 17172 17255 17582 17579 16903 16450 16672 16668 16557 16493 16496 16489 16478 16302 16397 16609 15994 15853 15855 16088 16469 16372 15873 15671 15574 15601 15751 15767 15740 15689 15683 15623 15588 15607 15603 15608 15631 15613 15616 15615 15596 15631 15634 15639 15656 15677 15680 15675 15667 15688 15726
16412 16535 16468 16564 16690 16607 16528 16459 16244 16122 16229 16281 16269 16244 16404 16829 16974 16773 16422 16265 16356 16333 16255 16349 16560 16876 17132 17028 17146 17078 16495 16103 16210 16293 16328 16274 16226 16210 16154 16006 16082 16187 15896 15810 15776 16137 16445 16454 16399 16025 15830 16045 16219 16138 15986 15762 15695 15630 15630 15596 15592 15599 15584 15600 15588 15617 15602 15613 15624 15652 15709 15714 15693 15675 15630 15616 15603
16161 16012 16030 16088 16367 16465 16588 16557 16245 16047 16100 16189 16143 16079 16239 16396 16700 16695 16550 16342 16286 16261 16136 16173 16228 16375 16484 16508 16488 16215 16099 16069 16129 16298 16352 16253 16129 15992 15899 15895 15922 15832 15830 15790 15749 15864 16138 16529 16582 16850 16804 16745 16604 16549 16454 16212 15888 15670 15632 15610 15629 15602 15586 15607 15608 15639 15638 15612 15605 15651 15649 15665 15665 15655 15576 15579 15573
16701 16546 16327 16690 16624 16653 16787 16703 16435 16146 16097 16170 16139 15918 15944 15902 16174 16453 16455 16265 16000 15913 15913 16021 16072 16176 16194 16264 16195 15978 16005 16051 16099 16190 16335 16230 16101 15897 15818 15793 15786 15821 15769 15760 15764 15731 15950 16272 16615 16910 16821 16910 16748 16538 16721 16684 16184 15863 15742 15653 15623 15601 15596 15600 15592 15537 15584 15574 15565 15555 15581 15602 15582 15559 15554 15562 15538
16864 16753 16701 16966 16983 16818 16815 16874 16682 16251 16019 16021 15992 15985 15749 15814 15871 15970 16071 15975 16058 15985 15968 15922 15913 16172 16300 16244 16105 16270 16163 16220 16266 16280 16279 16311 16267 15960 15842 15781 15786 15784 15816 15769 15741 15732 15737 15865 16197 16426 16512 16684 17032 17044 17201 17357 17476 16723 16271 16077 16029 15750 15701 15711 15750 15564 15654 15638 15538 15524 15520 15529 15524 15525 15524 15531 15501
16810 16614 16647 16725 16941 17137 17093 17124 16888 16638 16412 16307 16248 16166 16015 16043 16063 16212 16118 16033 16220 16196 16061 15936 15937 15972 16039 16059 16166 16299 16337 16327 16347 16549 16692 16569 16300 16043 15956 15838 15780 15864 16051 16153 16013 15873 16083 16149 16119 16139 16295 16702 16901 17028 17250 17451 17622 17382 17024 16674 16487 16078 15765 15922 16114 15888 15984 15804 15533 15503 15506 15499 15491 15491 15481 15470 15478
17093 17056 17135 17182 17194 17293 17281 17301 17179 17007 16901 16723 16769 16423 16641 16612 16521 16488 16300 16166 16298 16299 16028 15982 16000 16016 16081 16087 16254 16482 16536 16535 16567 16862 16851 16586 16190 16066 15970 15926 15878 15997 16215 16182 15994 15865 16208 16419 16536 16532 16559 16811 17062 17196 17312 17529 17700 17716 17037 16572 16183 16006 15854 15956 15822 15957 15870 15605 15559 15531 15531 15516 15509 15624 15527 15510 15546
17161 17219 16998 16778 16449 16078 15892 16034 16581 17062 17217 17243 17091 16844 17019 16991 16865 16642 16586 16645 16631 16257 16217 16142 16152 16183 16220 16329 16487 16530 16571 16563 16581 16695 16590 16381 16161 16076 16037 15984 16002 15951 16094 16048 15816 15950 16219 16728 16854 16911 16905 16909 17289 17423 17495 17574 17697 17842 17429 17190 16921 16621 16869 16764 16380 16468 16201 15911 15942 15931 15830 15592 15597 15831 15793 15860 16055
16860 16543 15701 14993 14844 14829 14875 14920 15380 16224 16943 16841 16256 16070 16231 16399 16593 16731 16965 16491 16528 16435 16183 16226 16337 16343 16410 16590 16590 16558 16522 16645 16676 16646 16291 16475 16388 16142 16151 16130 16037 16243 16217 15927 15894 16235 16769 17025 17163 16983 17005 17114 17426 17679 17611 17564 17767 17836 17421 17327 17231 17416 17908 17668 17064 17113 16953 16843 16448 16795 16779 16684 15873 16003 16043 16319 16586
16483 15802 14891 14814 14777 14798 14804 14867 15037 15426 15587 15158 14948 15022 15210 15287 15515 16486 16902 16869 16733 16468 16509 16599 16648 16726 16862 16945 17051 16937 16920 16963 17028 16979 16770 16656 16598 16394 16281 16224 16245 16419 16310 16446 16677 17251 17367 17138 17345 17115 17105 17129 17108 17032 17162 17408 17624 17673 17832 18209 18260 18092 18052 17961 17376 17295 17342 17243 16952 16868 16752 16563 16172 16397 16651 16635 16666
16527 15845 14817 14766 14760 14778 14790 14879 14983 14992 14949 14876 14862 15014 15164 15270 15501 16007 16744 16922 16830 16778 16850 16911 16907 17030 17108 17238 17343 17572 17567 17393 17260 17071 16936 16858 16696 16630 16526 16476 16403 16306 16301 16521 16809 17429 17386 16578 16491 16673 16580 16244 15726 15677 15882 16232 16823 17455 17894 18358 18470 18462 18444 18241 17613 17378 17318 17023 16931 16630 16030 15816 15798 15931 16468 16505 16376
16791 15888 14848 14754 14761 14869 14835 14833 14898 14956 14928 14936 14987 15170 15346 15415 15676 16182 16860 16972 17146 17169 17312 17324 17377 17428 17493 17480 17654 17871 17885 17764 17598 17395 17241 17193 17231 17194 17008 16685 16620 16703 17003 17057 16912 16812 16564 16062 15633 16053 15619 15273 15267 15724 15858 16327 16861 17000 17167 17308 17745 18356 18481 18247 17810 17489 17470 17407 16746 15904 15743 15714 15782 15757 15867 16115 16293
16955 16627 15350 14870 14856 14793 14988 14889 14906 14891 14961 14961 15133 15236 15478 15663 16078 16544 17125 17427 17805 17949 18017 17949 17947 18263 18284 18296 18120 18119 17907 17775 17711 17763 17832 17825 17826 17554 17266 17063 16966 17299 17433 17206 16698 16256 16166 16130 15901 15908 15673 15827 15763 15795 15828 15745 16183 16801 17046 17345 17231 17606 18096 18313 18021 17836 17685 17466 16788 15944 15713 15704 15702 15757 16085 16394 16394
17024 16934 16240 15272 14917 14920 14961 14888 14927 15180 15351 15373 15545 15703 15983 16385 16822 17782 18096 18075 18212 18320 18314 18111 17992 17985 18087 18233 18198 18215 18192 18244 18515 18602 18465 18475 18078 17881 17485 17416 17601 17478 17520 16990 16559 16412 15975 15561 15351 15180 15560 15548 15522 15396 15171 15245 15500 15575 15366 15767 16717 16997 17556 17799 17875 17734 17600 17655 17526 17128 16156 15883 16222 16579 16491 16619 16517
