Alternative/Moon/Lvl0_30x30/Ele_AE.asc
ncols         335
nrows         335
xllcorner     -6642508.343
yllcorner     6672833.042
cellsize      10000
nodata_value  -9999.0
[rows 272 to 305 of 335, columns 154 to 230 of 335]
19180 18965 18927 18679 18694 18606 18533 18545 18409 18377 18218 18091 18055 17873 17732 17695 17710 17619 17541 17533 17523 17520 17481 17459 17448 17430 17401 17384 17386 17379 17381 17365 17368 17332 17331 17327 17322 17325 17356 17411 17460 17425 17372 17339 17313 17289 17296 17312 17304 17312 17349 17397 17427 17375 17423 17393 17398 17356 17331 17340 17349 17360 17317 17341 17335 17457 17596 17941 18242 18222 18022 17871 17438 17287 17265 17267 17238
19166 19078 18944 18749 18622 18597 18448 18327 18193 18087 18036 17972 17976 17958 17891 17809 17796 17698 17589 17540 17503 17487 17478 17463 17458 17450 17422 17404 17377 17348 17328 17344 17310 17289 17294 17276 17295 17322 17345 17443 17483 17431 17376 17316 17288 17287 17308 17375 17375 17429 17624 17859 17877 17859 17857 17700 17570 17516 17490 17349 17328 17414 17510 17512 17683 17824 17932 17959 18256 18263 18035 17839 17388 17290 17232 17203 17225
19142 19039 18966 18779 18616 18561 18519 18494 18213 18208 18096 18029 17920 17887 17834 17803 17719 17692 17744 17725 17559 17503 17480 17456 17442 17434 17409 17375 17373 17342 17318 17309 17299 17270 17272 17276 17256 17278 17334 17428 17452 17395 17318 17299 17300 17343 17395 17472 17660 17940 17893 17918 17538 17340 17632 17830 17939 17997 17906 17904 17819 17687 17693 17747 17749 17836 17857 17810 17762 17715 17561 17236 17224 17239 17244 17271 17240
19162 18990 18986 18877 18665 18615 18587 18468 18300 18182 18074 18032 18007 17931 17771 17718 17790 17868 17827 17817 17660 17569 17490 17472 17448 17433 17393 17405 17377 17341 17330 17312 17294 17279 17270 17261 17251 17279 17297 17304 17304 17320 17347 17366 17322 17371 17449 17609 17791 17932 17378 16303 15297 14790 15267 16631 17551 18053 18008 18023 17860 17614 17530 17401 17396 17342 17315 17323 17285 17131 17083 17151 17212 17200 17212 17243 17241
19220 19161 18915 18757 18665 18580 18640 18522 18259 18064 18042 18042 18005 17922 17823 17752 17786 17777 17820 17814 17763 17770 17700 17535 17476 17465 17429 17401 17378 17337 17349 17307 17295 17297 17275 17266 17255 17243 17275 17286 17285 17280 17362 17338 17357 17437 17466 17507 17767 18129 18169 17820 17373 16932 17149 17628 17879 17951 17874 17867 17735 17494 17330 17135 17098 17038 17009 16942 16857 16851 16846 17015 17087 17147 17200 17290 17368
19085 19148 19124 19024 18888 18594 18492 18435 18359 18308 18207 18080 18024 17919 17883 17948 18113 18198 18303 18539 18690 18680 18662 18408 18110 17659 17500 17462 17391 17348 17333 17314 17324 17318 17274 17263 17279 17306 17315 17295 17286 17246 17236 17424 17470 17550 17688 17733 17830 18019 18144 18169 18097 18164 18158 18018 17884 17995 18016 17579 17315 17039 16941 16958 16884 16844 16819 16807 16811 16881 17056 17468 17698 17768 17665 17480 17477
19125 19102 19077 19011 18935 18865 18746 18429 18271 18189 18251 18254 18184 18172 18138 18194 18327 18489 18669 18785 18953 19012 18978 18819 18686 18484 18189 17837 17784 17575 17495 17364 17349 17381 17362 17346 17333 17355 17340 17310 17319 17505 17608 17774 18143 18350 18402 18405 18438 18473 18480 18437 18021 18278 18365 18336 18317 18208 18122 17723 16953 16132 16433 16630 16740 16791 16958 17001 17168 17370 17384 17551 17762 17901 17888 17810 17526
18889 18989 19015 18975 18842 18798 18681 18470 18234 18165 18167 18204 18212 18176 18178 18205 18519 18827 18739 18716 18984 19129 19075 18987 18808 18645 18575 18587 18605 18503 18088 17988 17859 18058 18167 17978 17922 17874 17809 17790 17885 18014 18072 18152 18221 18388 18415 18636 18916 18992 18962 18844 18512 17969 18022 18193 18160 17841 17755 17341 16768 16142 16016 16591 17253 17639 17639 17372 17516 17683 17848 17884 17575 17502 17589 17631 17559
18737 18906 18907 18894 18895 18713 18660 18596 18446 18467 18424 18309 18291 18316 18215 18295 18463 18782 18682 18540 18558 18813 19105 19018 18975 18993 18951 18696 18605 18529 18123 17710 17515 17953 18207 18181 17983 18024 18020 17968 17978 18084 18162 18154 18101 18377 18542 18768 18972 19057 18991 18869 18542 17969 17809 17685 17402 17296 17195 16835 16322 15689 15624 16301 17264 17793 17898 17753 17621 17714 17884 17979 17812 17553 17347 17337 17554
18571 18670 18762 18903 18977 19079 19088 19082 18981 18835 18787 18714 18745 18863 18903 18747 18720 18827 18913 18923 18884 18856 18962 19160 19138 19116 19051 18813 18473 17964 17479 17082 16781 16885 16917 17261 17238 17138 17513 17665 17515 17362 17332 16998 16857 16979 17086 17705 17799 17704 17601 17796 17351 17017 16993 16949 16868 16859 16750 16376 16086 15773 15626 15649 16386 17056 17248 17403 17114 17509 17696 17922 17994 17991 17922 17866 17884
18442 18574 18676 18883 19119 19326 19428 19395 19418 19319 19351 19266 19148 19203 19214 18951 18938 18720 18836 18824 18490 18511 18809 19095 19149 19030 18841 18664 18185 17574 16910 16332 16448 16364 16208 16200 16146 16169 16284 16368 16240 15912 15861 15828 15817 15747 15708 15540 15490 15446 15430 15454 15547 15658 15724 15717 15614 15833 15824 15866 15847 15771 15760 15730 15633 15584 15703 15759 16064 16584 17399 18199 18732 18802 18694 18511 18485
18953 18888 18886 19099 19364 19482 19616 19531 19600 19508 19548 19521 19295 19223 19181 19159 19066 18356 17919 17565 17542 17642 17789 18082 18080 17970 17739 17561 17527 17347 16814 16301 16187 16211 16186 16217 16225 16123 15945 15834 15769 15781 15821 15746 15680 15547 15478 15438 15409 15322 15281 15326 15345 15361 15389 15331 15299 15318 15344 15504 15667 15773 15810 15761 15635 15597 15600 15621 15636 15765 16446 17475 18043 18307 18523 18498 18691
19107 19142 19168 19287 19338 19414 19382 19432 19416 19235 19167 19189 19177 18843 18738 18736 18739 18097 17554 17375 17461 17406 17396 17308 17240 17224 17109 16825 16731 16680 16421 16330 16230 16264 16155 16157 16031 15969 16005 15810 15825 15809 15857 15782 15717 15590 15491 15384 15344 15345 15338 15327 15305 15294 15277 15255 15279 15306 15325 15478 15547 15549 15518 15502 15767 15843 15806 15577 15604 15739 16057 16304 16957 17522 17757 17799 17944
19135 19220 19247 19295 19234 19157 19306 19333 19162 19000 18761 18624 18485 18329 18229 18144 17940 17584 17231 17126 17097 17159 17151 17106 17071 16968 16994 16905 16696 16513 16494 16560 16324 16471 16431 16375 16218 16001 15967 15879 15835 15854 15726 15629 15537 15526 15505 15480 15410 15357 15292 15295 15301 15293 15281 15281 15265 15306 15298 15336 15402 15521 15514 15442 15628 15810 15842 15645 15566 15549 15827 15892 16186 16329 16565 16794 16969
19163 19234 19242 19149 18971 18823 18958 18903 18768 18591 18290 18046 17938 17828 17757 17714 17564 17383 17204 17007 17003 16960 16883 16912 16924 16976 16950 16552 16529 16418 16535 16626 16615 16458 16362 16284 15844 15816 15737 15782 15676 15632 15569 15521 15533 15513 15503 15475 15457 15505 15479 15349 15307 15292 15267 15268 15299 15299 15306 15410 15404 15432 15417 15397 15429 15459 15464 15501 15550 15576 15582 15524 15420 15635 15933 16256 16645
19065 19256 19285 19057 18671 18334 18090 18125 18089 17979 17807 17800 18010 18020 17738 17342 17245 17118 16868 16930 16788 16710 16692 16647 16608 16567 16521 16542 16609 16644 16614 16650 16521 16415 16350 16286 16150 16017 15936 15806 15649 15529 15504 15461 15429 15385 15328 15353 15370 15441 15454 15484 15444 15285 15301 15307 15320 15305 15324 15411 15363 15331 15322 15389 15475 15457 15495 15494 15481 15542 15553 15520 15439 15449 15471 15696 16084
18827 19053 19019 18752 18438 18268 18064 17937 17788 17759 17738 17682 17632 17597 17319 17060 17036 16915 16821 16846 16752 16674 16556 16475 16481 16497 16498 16525 16602 16634 16611 16714 16793 16785 16580 16612 16650 16554 16331 16133 15985 15688 15526 15353 15352 15358 15332 15301 15407 15454 15501 15547 15457 15319 15319 15329 15341 15345 15337 15351 15366 15404 15420 15435 15470 15450 15465 15410 15433 15395 15396 15399 15409 15471 15487 15488 15515
17951 18330 18343 18235 18200 18088 17958 17872 17725 17639 17603 17660 17427 17166 16929 16752 16636 16598 16545 16451 16374 16438 16474 16482 16399 16529 16544 16546 16514 16507 16706 16883 16898 16886 16848 16625 16607 16428 16335 16278 16073 15656 15515 15389 15323 15275 15269 15292 15304 15321 15350 15379 15359 15381 15399 15361 15375 15390 15405 15367 15412 15445 15452 15412 15403 15362 15331 15378 15319 15269 15193 15214 15278 15414 15479 15525 15572
17156 17188 17200 17300 17503 17824 17928 17854 17543 17249 17131 16976 16838 16564 16481 16417 16455 16486 16479 16415 16500 16534 16499 16521 16397 16353 16382 16363 16387 16549 16619 16686 16747 16882 16883 16636 16547 16491 16440 16520 16568 16398 15812 15406 15442 15375 15309 15297 15380 15381 15370 15439 15404 15488 15424 15420 15395 15439 15436 15479 15449 15524 15465 15466 15525 15482 15490 15451 15333 15334 15278 15267 15242 15232 15167 15308 15427
17552 17564 17392 17048 16948 17066 17104 16990 16760 16587 16538 16499 16439 16470 16527 16433 16395 16428 16481 16449 16449 16491 16588 16612 16473 16374 16365 16408 16465 16575 16565 16489 16356 16432 16472 16528 16493 16425 16332 16433 16427 16345 15913 15357 15342 15354 15383 15418 15308 15380 15348 15305 15286 15414 15401 15423 15314 15333 15358 15463 15462 15414 15450 15467 15478 15429 15545 15481 15419 15375 15368 15464 15453 15344 15212 15210 15166
17789 17837 17667 17123 16876 16803 16810 16570 16508 16524 16482 16440 16416 16433 16405 16301 16257 16242 16300 16435 16486 16535 16495 16496 16471 16322 16364 16421 16558 16557 16610 16761 16790 16881 16851 16482 16422 16451 16461 16449 16229 15919 15673 15521 15381 15479 15610 15617 15540 15493 15449 15331 15274 15298 15278 15271 15280 15486 15482 15423 15450 15450 15386 15457 15418 15445 15472 15472 15533 15644 15482 15518 15514 15527 15385 15302 15202
17504 17560 17544 16919 16557 16608 16456 16379 16342 16208 16140 16030 16036 16008 15987 15950 16016 16064 16069 16118 16325 16405 16497 16589 16520 16343 16330 16313 16532 16553 16689 16714 16813 16782 16744 16768 16466 16611 16501 16328 16073 15928 15887 15793 15602 15703 15778 15784 15789 15713 15565 15536 15297 15304 15322 15322 15372 15453 15451 15499 15430 15435 15441 15549 15562 15539 15494 15466 15535 15724 15574 15328 15533 15554 15384 15301 15254
17161 17008 16993 16862 16564 16449 16453 16408 16197 16097 16117 16046 16087 16056 15993 15851 15858 15887 15955 15875 15985 16105 16196 16253 16241 16291 16258 16201 16259 16429 16446 16550 16656 16718 16878 16991 16866 16695 16465 16824 16589 16149 16100 15959 15879 15868 16007 16009 15966 15932 15679 15545 15621 15607 15514 15470 15466 15408 15501 15518 15540 15514 15628 15694 15698 15569 15603 15637 15691 15707 15521 15562 15477 15402 15346 15290 15247
16817 16632 16642 16539 16458 16458 16445 16356 16168 16192 16269 16145 16110 16069 16054 15993 16052 16146 16185 16123 16175 16249 16355 16386 16303 16282 16239 16195 16284 16607 16622 16507 16408 16634 16775 17036 16773 16703 16817 16859 16675 16338 16322 16278 16097 16039 16049 16085 15911 15806 15755 15794 15823 15734 15773 15777 15605 15479 15399 15434 15485 15518 15605 15637 15577 15551 15521 15686 15677 15735 15655 15561 15367 15358 15417 15434 15394
16565 16452 16389 16391 16371 16288 16177 16042 15979 16104 16146 16098 16090 16169 16181 16064 16105 16199 16214 16291 16327 16233 16286 16219 16193 16225 16142 16193 16260 16590 16686 16664 16663 16652 16688 16750 16678 16548 16879 16860 16686 16644 16583 16263 16106 16142 16213 16142 16006 15846 15769 15700 15649 15759 15783 15645 15603 15518 15472 15472 15485 15545 15599 15782 15778 15752 15694 15643 15617 15574 15582 15575 15473 15456 15418 15426 15442
16344 16248 16227 16200 15999 15903 15852 15814 15777 15817 15860 15900 15936 16003 15993 15980 16040 16057 16109 16140 16073 16175 16214 16246 16301 16357 16262 16163 16184 16337 16554 16598 16602 16568 16597 16666 16649 16609 16464 16443 16429 16704 16709 16529 16387 16369 16269 16165 16141 15847 15880 15960 15907 15952 15944 15852 15746 15581 15561 15651 15692 15700 15709 15272 15827 15827 15739 15749 15818 15718 15733 15532 15558 15499 15466 15519 15504
16190 16158 16134 15983 15744 15695 15682 15641 15605 15554 15509 15570 15629 15705 15783 15823 15859 15903 15980 16002 15995 16122 16285 16302 16333 16349 16323 16113 16144 16256 16338 16416 16460 16474 16471 16601 16689 16710 16567 16319 16339 16316 16431 16490 16422 16415 16362 16414 16247 16180 16016 16018 15965 15833 15882 15840 15713 15641 15635 15670 15720 15720 15834 15819 15657 15651 15718 15765 15776 15917 15978 15829 15700 15781 15734 15595 15506
16024 15985 15902 15901 15685 15597 15578 15484 15501 15484 15480 15568 15677 15729 15767 15744 15813 15994 16026 16085 16155 16290 16296 16351 16376 16251 16141 16083 16122 16088 16122 16132 16166 16153 16156 16143 16476 16485 16345 16282 16323 16405 16414 16243 16241 16250 16231 16144 16131 16073 15987 15888 15867 15732 15722 15777 15778 15755 15664 15710 15707 15834 15757 15832 15845 15786 15912 15984 16152 16230 16312 16307 16193 15999 15934 15834 15814
15818 15700 15789 15737 15679 15562 15630 15654 15448 15499 15518 15546 15639 15723 15719 15718 15782 15859 15927 16094 16132 16251 16264 16345 16343 16207 16069 16023 15891 15843 15843 15987 16028 16088 16118 16153 15970 15989 16108 16308 16291 16427 16484 16365 16201 16122 16043 15997 15996 16008 16072 15987 15879 15734 15699 15719 15897 15920 16069 16121 15759 15878 15962 16067 16012 15849 15939 16180 16223 16255 16263 16269 16232 16151 16096 15896 15873
15781 15553 15623 15539 15503 15536 15688 15684 15595 15510 15553 15620 15592 15704 15721 15706 15703 15769 15858 15936 15988 15991 15988 16041 16041 15960 15891 15899 15787 15727 15724 15896 16088 16078 16024 16131 16036 15951 15843 15952 16081 16188 16305 16335 16247 16131 16113 15996 15873 15917 15846 15803 15882 15829 15868 15991 16044 16074 16107 16237 15995 16345 16361 16016 16043 15958 16168 16349 16030 14980 14096 14002 14731 15931 16184 15918 15889
15881 15650 15578 15558 15521 15548 15694 15606 15527 15604 15493 15467 15490 15564 15549 15564 15602 15646 15691 15728 15751 15872 15975 15953 15946 15908 15920 15872 15816 15787 15819 15806 15828 15786 15797 16061 15950 15866 15836 15860 15899 15956 15951 16178 16276 16271 16256 16231 16117 15974 15871 16018 16166 16126 15968 15925 15919 15945 15988 16198 16255 16355 16346 16187 16198 15970 16116 16420 16379 16210 15842 15945 16260 16356 16341 15954 15926
15880 15740 15721 15688 15634 15546 15554 15554 15550 15665 15772 15803 15956 16034 16077 15993 15961 15973 15883 15734 15622 15783 15922 15976 16050 16030 15964 15825 15822 15649 15815 15766 15668 15738 15775 15671 15639 15746 15753 15697 15859 15841 15628 15873 16063 16107 16086 15926 15858 15839 15910 16034 16083 15976 15883 15802 15788 15816 15851 15988 16143 16176 16203 16049 16017 15849 15865 15857 15889 15928 16009 16001 15921 15948 15978 15929 15703
15790 15781 15720 15727 15677 15546 15510 15531 15540 15695 15775 15833 15982 16071 16171 16169 16189 16181 16052 15935 15843 15698 15868 15936 16049 16051 16036 15982 16001 15976 15787 15720 15690 15619 15658 15581 15718 15777 15815 15692 15588 15599 15563 15557 15633 15730 15751 15755 15723 15791 15886 16061 16154 16001 15976 15855 15781 15883 15844 15866 15888 15967 16055 16107 16120 16106 16110 16078 15980 15700 15429 15923 15991 15980 15873 15834 15777
15815 15729 15725 15662 15552 15479 15408 15536 15528 15652 15703 15681 15872 16063 16162 16146 16061 15909 15896 15823 15850 15977 15962 15926 15966 15930 16055 16150 15947 15786 15810 15775 15791 15841 15863 15902 15805 15954 16016 15860 15977 15975 15857 15828 15800 15755 15717 15682 15755 15804 15718 15831 15911 15981 15988 15873 15916 15936 15910 16177 16459 16518 16464 16371 16710 16882 16916 16433 16389 16329 15541 15881 15872 15878 15880 15870 15828
