Alternative/Moon/Lvl0_30x30/Ele_FG.asc
ncols         335
nrows         335
xllcorner     57491.657
yllcorner     -10077166.958
cellsize      10000
nodata_value  -9999.0
[rows 238 to 271 of 335, columns 154 to 230 of 335]
24603 24692 24757 24796 24825 24877 24889 24871 24865 24889 24910 24933 24955 25008 25020 24975 24972 24972 24989 25048 25066 25073 25079 25064 25077 25106 25201 25374 25518 25650 25728 25802 25841 25816 25758 25734 25657 25577 25479 25352 25287 25275 25323 25392 25452 25485 25512 25506 25509 25495 25498 25520 25536 25581 25687 25780 25836 25910 25966 25955 25960 25976 25954 25994 26036 26030 25991 25896 25800 25681 25598 25587 25518 25458 25402 25327 25252
24454 24476 24585 24680 24722 24741 24691 24670 24704 24702 24650 24555 24500 24445 24402 24378 24380 24344 24362 24461 24527 24532 24554 24595 24594 24668 24756 24842 24971 25093 25164 25315 25412 25519 25573 25553 25535 25423 25283 25063 24902 24790 24722 24616 24584 24511 24368 24429 24682 24930 25116 25258 25403 25568 25688 25838 25933 25988 26031 26039 26046 26073 26146 26240 26293 26394 26464 26510 26570 26601 26591 26564 26557 26569 26564 26541 26492
24724 24743 24780 24829 24810 24741 24624 24460 24258 24088 23957 23859 23796 23770 23756 23678 23641 23674 23759 23809 23831 23794 23743 23627 23498 23467 23388 23318 23345 23410 23469 23628 23818 24026 24161 24349 24334 24334 24283 24207 24148 24108 24113 24095 24086 24186 24266 24385 24530 24689 24845 25036 25240 25467 25659 25876 26083 26264 26363 26447 26490 26519 26550 26631 26691 26689 26661 26596 26588 26644 26668 26655 26567 26512 26526 26536 26491
24678 24718 24759 24827 24887 24940 24927 24884 24845 24758 24673 24598 24509 24430 24284 24234 24189 24132 24126 24095 24050 23988 23932 23845 23804 23825 23812 23826 23891 23964 24042 24098 24161 24190 24164 24161 24154 24158 24210 24289 24355 24441 24546 24666 24817 25024 25112 25263 25449 25604 25723 25895 26034 26130 26172 26313 26329 26406 26467 26539 26650 26747 26812 26836 26866 26926 26975 26994 26981 26928 26787 26627 26454 26289 26083 25865 25638
23901 24250 24504 24754 24951 25074 25179 25208 25199 25167 25213 25394 25617 25712 25736 25723 25694 25635 25624 25617 25589 25518 25448 25367 25308 25270 25262 25293 25306 25309 25321 25290 25265 25278 25251 25212 25228 25238 25328 25415 25591 25725 25874 26044 26238 26364 26467 26619 26740 26858 26934 27000 27078 27127 27158 27205 27211 27235 27237 27242 27293 27306 27323 27309 27253 27176 27116 27005 26943 26880 26721 26557 26369 26190 25958 25752 25532
23740 24089 24358 24590 24715 24905 24997 25054 25207 25368 25537 25675 25743 25777 25872 25962 26001 26052 26079 26099 26103 26108 26110 26113 26091 26095 26141 26180 26191 26208 26215 26222 26242 26271 26292 26305 26306 26311 26317 26306 26350 26398 26475 26581 26663 26732 26796 26876 26934 26971 27003 27023 27053 27053 27035 27010 26982 26996 27003 27065 27130 27196 27246 27285 27302 27298 27275 27181 27043 26894 26693 26480 26254 26071 25856 25648 25448
23361 23721 24006 24300 24559 24706 24786 24899 25049 25174 25250 25310 25349 25378 25397 25491 25564 25667 25728 25755 25795 25845 25867 25865 25884 25879 25862 25874 25889 25883 25885 25963 26016 26090 26115 26140 26140 26182 26198 26227 26273 26307 26387 26466 26588 26694 26790 26885 26896 26832 26721 26632 26568 26515 26454 26391 26435 26610 26720 26752 26672 26536 26577 26548 26639 26803 26855 26820 26671 26515 26271 26064 25872 25742 25593 25448 25313
23393 23675 23899 24095 24223 24283 24311 24324 24353 24387 24403 24467 24479 24546 24612 24706 24802 24885 24976 25070 25094 25116 25228 25349 25446 25510 25530 25534 25550 25553 25605 25657 25669 25713 25748 25792 25816 25843 25875 25916 25967 26030 26090 26162 26266 26297 26244 26089 26000 25935 25872 25903 25986 26134 26259 26448 26535 26684 26845 26929 26903 26766 26658 26481 26330 26205 26087 25938 25866 25773 25680 25602 25486 25428 25308 25200 25095
23589 23652 23674 23698 23705 23708 23726 23800 23924 24051 24182 24345 24522 24724 24851 24993 25066 25147 25162 25175 25171 25154 25129 25123 25178 25233 25270 25286 25325 25379 25377 25406 25467 25484 25526 25544 25559 25619 25652 25690 25741 25798 25852 25905 25972 26020 26078 26129 26206 26314 26377 26460 26466 26461 26416 26342 26306 26119 25997 25799 25596 25418 25276 25142 24930 24767 24634 24426 24333 24242 24112 23991 23874 23793 23707 23594 23494
23773 23932 24019 24134 24228 24322 24430 24578 24662 24866 24996 25139 25253 25352 25393 25400 25412 25428 25419 25368 25335 25301 25301 25264 25210 25130 25070 25036 25037 25060 25085 25154 25194 25178 25190 25280 25311 25338 25350 25411 25468 25515 25572 25648 25684 25742 25810 25916 26007 26085 26126 26142 26132 26108 25998 25831 25646 25450 25421 25319 25110 24881 24685 24457 24265 24116 23928 23792 23674 23606 23520 23462 23409 23377 23339 23295 23224
23586 23850 24020 24233 24431 24599 24729 24908 25064 25171 25254 25315 25351 25383 25386 25374 25312 25283 25210 25164 25159 25127 25139 25128 25076 25019 24956 24874 24797 24726 24678 24659 24662 24624 24635 24724 24772 24796 24814 24843 24869 24849 24845 24874 24916 24942 25021 25163 25345 25516 25630 25656 25629 25510 25628 25803 25851 25843 25812 25731 25679 25608 25533 25415 25309 25230 25156 25116 25035 24995 24913 24801 24748 24703 24599 24486 24400
22676 22934 23140 23387 23625 23833 23981 24141 24169 24111 24279 24497 24654 24680 24664 24586 24427 24193 24195 24152 24140 24136 24175 24204 24273 24385 24391 24310 24105 23888 23803 23696 23759 23890 23974 23980 23914 23821 23784 23787 23817 23804 23789 23785 23800 23859 23928 24002 24101 24220 24301 24444 24624 24814 24967 25115 25202 25251 25259 25278 25266 25295 25258 25209 25197 25173 25161 25161 25108 25035 24952 24845 24748 24696 24577 24467 24364
21068 21370 21641 21936 22175 22403 22611 22811 22974 23103 23192 23290 23405 23510 23599 23724 23823 23892 23926 23916 23884 23822 23836 23863 23791 23773 23719 23693 23686 23704 23699 23663 23579 23513 23463 23404 23347 23334 23370 23484 23530 23592 23614 23609 23575 23533 23607 23622 23647 23678 23722 23884 23950 23938 23966 24016 24060 24085 24144 24172 24171 24166 24144 24114 24074 24068 23990 23883 23790 23710 23615 23455 23304 23212 23127 23030 22959
20052 20386 20580 20849 21152 21373 21587 21823 22041 22237 22324 22391 22426 22605 22781 23051 23217 23244 23242 23293 23345 23348 23330 23254 23180 23149 23158 23171 23217 23227 23285 23300 23299 23277 23278 23238 23240 23257 23300 23319 23316 23287 23266 23239 23233 23211 23189 23155 23133 23133 23144 23114 23085 23103 23101 23073 22985 22944 23019 23096 23114 23228 23277 23238 23207 23156 23077 22970 22877 22793 22676 22546 22420 22326 22195 22095 22059
18788 19054 19285 19533 19789 20059 20260 20502 20700 20906 21075 21305 21509 21665 21733 21760 21858 22058 22211 22298 22315 22256 22242 22311 22409 22542 22580 22566 22553 22496 22483 22418 22384 22380 22392 22426 22417 22395 22392 22435 22436 22466 22488 22472 22492 22518 22540 22548 22552 22550 22536 22476 22372 22298 22261 22300 22316 22327 22317 22264 22234 22210 22205 22235 22237 22199 22208 22221 22185 22150 22060 21938 21865 21771 21662 21550 21479
17789 18058 18262 18497 18744 18983 19189 19447 19727 19984 20210 20447 20695 20888 21051 21206 21359 21491 21599 21680 21686 21678 21673 21662 21688 21680 21661 21650 21641 21664 21643 21640 21635 21611 21628 21634 21625 21631 21641 21638 21656 21690 21712 21747 21802 21844 21867 21899 21895 21959 21954 21935 21916 21911 21934 21932 21918 21878 21842 21817 21800 21740 21707 21705 21693 21656 21679 21704 21720 21756 21809 21834 21804 21777 21804 21835 21827
17511 17639 17778 17962 18185 18402 18588 18800 19021 19256 19493 19764 20016 20256 20464 20674 20865 20995 21081 21141 21176 21203 21208 21211 21223 21235 21237 21195 21153 21153 21176 21251 21279 21286 21258 21204 21278 21294 21300 21296 21299 21302 21312 21318 21337 21375 21397 21448 21462 21458 21453 21433 21463 21494 21504 21483 21478 21516 21522 21518 21544 21580 21613 21661 21715 21755 21803 21806 21786 21764 21832 21926 22000 22051 22094 22153 22200
17958 18116 18265 18442 18616 18756 18821 18819 18755 18756 18776 18815 18883 19015 19109 19252 19393 19585 19766 20029 20238 20558 20771 20981 21088 21094 21127 21162 21189 21265 21307 21318 21316 21302 21265 21198 21154 21195 21275 21321 21345 21352 21363 21390 21440 21508 21540 21553 21584 21589 21566 21551 21609 21621 21624 21647 21696 21730 21742 21749 21755 21768 21814 21871 21916 21914 21890 21947 21960 21950 21956 21979 22037 22079 22123 22180 22239
18505 18654 18773 18913 19093 19265 19403 19556 19684 19787 19858 19916 19934 19881 19790 19649 19522 19421 19398 19431 19484 19561 19738 19946 20167 20387 20546 20735 20924 21135 21262 21364 21439 21476 21530 21611 21705 21817 21857 21830 21749 21683 21686 21714 21761 21823 21871 21966 22098 22217 22267 22292 22287 22317 22325 22324 22319 22300 22269 22254 22266 22265 22275 22243 22176 22206 22207 22231 22235 22232 22189 22194 22161 22232 22325 22397 22483
19187 19306 19389 19516 19632 19776 19883 20005 20169 20291 20378 20474 20580 20701 20803 20913 20998 21124 21216 21296 21362 21474 21596 21719 21867 21969 22152 22238 22314 22374 22397 22437 22497 22534 22570 22594 22656 22683 22728 22803 22783 22779 22767 22827 22874 22944 23011 23128 23196 23290 23385 23434 23447 23507 23534 23537 23529 23487 23439 23454 23465 23491 23484 23467 23453 23396 23394 23416 23442 23424 23440 23456 23515 23503 23541 23579 23617
20314 20457 20548 20679 20826 21003 21100 21291 21472 21753 21917 22068 22088 22055 21913 21685 21528 21402 21352 21303 21325 21341 21454 21698 21896 22131 22340 22608 22780 23020 23300 23629 23920 24044 24037 23925 23822 23809 23861 23998 24152 24303 24391 24425 24405 24313 24243 24187 24126 24071 24053 24028 23992 23968 23959 23910 23821 23748 23704 23774 23814 23862 23886 23913 23965 24013 24073 24134 24217 24308 24455 24582 24727 24845 24947 25012 25060
21549 21686 21801 21927 22067 22204 22324 22495 22652 22820 22953 23136 23205 23206 23110 23021 22802 22667 22525 22422 22383 22415 22573 22587 22744 22949 23221 23447 23713 24006 24225 24447 24627 24700 24702 24691 24680 24647 24581 24525 24453 24405 24415 24420 24348 24238 24093 23921 23790 23634 23544 23404 23287 23184 23101 23037 22964 22924 22881 22876 22930 22982 23089 23181 23318 23447 23611 23776 23971 24143 24342 24510 24705 24853 24995 25167 25357
22714 22895 23044 23206 23326 23386 23408 23413 23375 23352 23332 23318 23356 23415 23480 23568 23647 23718 23731 23702 23888 23944 23963 24020 24078 24182 24265 24361 24469 24566 24621 24645 24606 24579 24593 24557 24466 24330 24204 24044 23840 23651 23496 23288 23124 22943 22799 22628 22509 22423 22363 22330 22298 22290 22282 22276 22276 22272 22267 22258 22254 22259 22268 22289 22339 22403 22544 22745 22980 23201 23481 23763 24057 24317 24614 24901 25182
23314 23417 23514 23598 23669 23687 23698 23729 23750 23773 23778 23780 23787 23780 23792 23816 23832 23851 23891 23954 24064 24176 24261 24362 24512 24649 24786 24935 25089 25197 25275 25322 25301 25238 25132 24968 24773 24544 24366 24156 23937 23717 23541 23325 23130 22928 22806 22694 22597 22530 22467 22424 22413 22382 22357 22387 22382 22374 22358 22306 22287 22294 22287 22286 22344 22460 22609 22774 22969 23146 23381 23635 23905 24130 24413 24706 24983
24146 24210 24242 24297 24336 24389 24486 24616 24750 24886 24993 25091 25145 25171 25190 25171 25160 25149 25150 25149 25106 25163 25253 25351 25433 25481 25474 25435 25467 25501 25559 25697 25807 25920 25984 26035 26036 26036 25953 25757 25544 25358 25246 25003 24790 24610 24484 24324 24167 24042 23892 23750 23583 23422 23319 23206 23105 23051 23027 22975 22979 23023 23002 23016 23035 23115 23236 23375 23536 23673 23886 24087 24320 24495 24717 24957 25184
25427 25455 25491 25525 25591 25673 25714 25799 25843 25920 26021 26158 26225 26311 26371 26390 26409 26430 26435 26454 26502 26543 26552 26577 26588 26613 26656 26709 26756 26820 26874 26944 27037 27100 27151 27210 27273 27331 27350 27313 27243 27112 26995 26865 26707 26531 26347 26126 26044 25847 25696 25526 25386 25226 25132 24990 24850 24705 24604 24556 24527 24510 24473 24415 24371 24323 24275 24264 24262 24292 24373 24521 24650 24782 24928 25070 25232
25944 26021 26076 26156 26242 26315 26395 26477 26504 26566 26645 26709 26741 26759 26773 26808 26809 26823 26862 26873 26885 26875 26884 26907 26943 26965 26998 27020 27032 27065 27100 27146 27222 27306 27357 27453 27474 27585 27675 27707 27727 27761 27757 27737 27714 27603 27477 27322 27140 26988 26885 26732 26611 26465 26412 26264 26177 26054 25999 25959 25876 25818 25725 25652 25574 25546 25522 25525 25497 25486 25495 25501 25524 25551 25613 25666 25751
24804 24912 25014 25144 25255 25378 25473 25595 25716 25864 25991 26123 26196 26245 26252 26237 26261 26241 26235 26223 26208 26239 26286 26428 26532 26602 26669 26676 26692 26688 26699 26707 26693 26740 26813 26898 26981 27063 27158 27291 27405 27532 27624 27712 27754 27841 27963 28117 28247 28366 28431 28499 28508 28527 28524 28503 28480 28405 28338 28251 28142 28047 27920 27816 27694 27620 27491 27376 27289 27196 27054 26966 26872 26791 26773 26774 26831
22983 23142 23286 23462 23626 23747 23846 23955 24042 24074 24112 24184 24210 24269 24265 24269 24266 24295 24339 24363 24423 24485 24562 24662 24764 24845 24938 25031 25140 25238 25306 25415 25532 25642 25758 25904 26052 26233 26391 26591 26799 26996 27154 27344 27548 27728 27884 28081 28265 28444 28582 28714 28826 28920 29031 29142 29199 29197 29160 29102 29025 28938 28837 28740 28633 28546 28445 28332 28182 28054 27911 27776 27649 27552 27490 27472 27433
21909 22037 22158 22278 22408 22515 22568 22650 22707 22756 22783 22828 22871 22912 22964 23024 23083 23138 23203 23328 23454 23566 23663 23783 23913 24058 24177 24340 24511 24698 24855 25049 25256 25459 25653 25867 26118 26363 26558 26801 27046 27282 27477 27720 27942 28163 28334 28536 28734 28902 28992 29081 29159 29210 29217 29220 29194 29118 29047 28912 28765 28629 28493 28398 28344 28287 28264 28208 28133 28054 27962 27883 27805 27778 27728 27675 27720
21347 21497 21606 21733 21862 21982 22075 22184 22271 22348 22383 22490 22686 22882 23034 23185 23332 23505 23628 23767 23896 24037 24147 24285 24430 24607 24757 24952 25126 25313 25447 25637 25835 26043 26206 26420 26657 26896 27084 27333 27571 27787 27942 28107 28231 28290 28327 28431 28622 28768 28895 29000 29068 29145 29150 29141 29118 29055 29003 28938 28867 28830 28743 28693 28674 28613 28659 28794 29000 29133 29225 29210 29149 29077 29037 29052 29047
20759 20892 21007 21146 21331 21521 21677 21879 22088 22279 22470 22678 22880 23066 23222 23415 23621 23829 24008 24229 24442 24654 24846 25061 25313 25520 25709 25919 26120 26320 26461 26657 26856 27055 27229 27434 27637 27836 28004 28197 28364 28515 28631 28763 28868 28949 28989 29028 29031 29058 29099 29143 29166 29174 29168 29146 29142 29136 29124 29110 29100 29096 29135 29244 29348 29417 29485 29525 29594 29594 29592 29543 29480 29446 29444 29468 29472
20734 20903 21040 21210 21406 21602 21775 21986 22190 22391 22560 22778 22981 23200 23399 23620 23846 24068 24255 24482 24727 24960 25100 25345 25580 25773 25949 26132 26296 26432 26559 26694 26855 27071 27232 27411 27624 27822 27966 28114 28276 28428 28554 28683 28821 28901 28975 29039 29069 29110 29127 29148 29150 29144 29129 29122 29123 29120 29119 29117 29110 29104 29095 29152 29215 29251 29281 29316 29342 29354 29360 29363 29361 29359 29342 29332 29366
20375 20558 20722 20902 21115 21325 21513 21744 21973 22219 22401 22633 22865 23092 23256 23488 23689 23903 24072 24272 24486 24659 24807 24942 25088 25227 25350 25459 25559 25694 25798 25937 26094 26260 26393 26547 26688 26839 26959 27083 27241 27379 27497 27629 27723 27855 27982 28074 28194 28281 28379 28465 28529 28605 28661 28706 28755 28806 28875 28935 28964 28988 29024 29067 29085 29105 29181 29222 29275 29285 29327 29376 29397 29393 29371 29330 29334
