Alternative/Moon/Lvl0_30x30/Ele_FH.asc
ncols         335
nrows         335
xllcorner     3407491.657
yllcorner     -10077166.958
cellsize      10000
nodata_value  -9999.0
[rows 170 to 203 of 335, columns 231 to 307 of 335]
20236 20256 20311 20308 20160 19893 19578 19212 18899 18797 18449 18341 18339 18086 17947 17764 17587 17438 17334 17471 17554 17832 18201 18486 18560 19037 19475 19890 20273 20591 21157 21560 21902 22323 22741 23086 23271 23392 23504 23642 23745 23835 23815 23605 23905 23995 23981 23796 23733 23664 23322 23125 23047 23062 23173 23349 23453 23548 23679 23784 23760 23736 23729 23579 23360 23300 23324 23337 23362 23345 23241 23346 23299 23097 22908 22852 22831
19696 19914 20085 20218 20314 20473 20594 20724 20742 20723 20922 20973 20935 20801 20720 20546 20435 20484 20289 20479 20332 20528 20856 21228 21479 21777 22103 22423 22777 22987 23107 23238 23341 23458 23546 23600 23665 23678 23794 23901 24054 24140 24206 24211 24181 24177 24129 24104 23962 23776 23688 23703 23723 23736 23707 23708 23738 23782 23936 24000 24011 24029 23999 23927 23829 23644 23574 23492 23489 23478 23376 23271 23191 23110 22977 23000 23056
19339 19544 19672 19816 20020 20273 20453 20699 20804 21007 21208 21317 21451 21637 21722 21726 21770 21825 21890 22034 22150 22233 22289 22311 22370 22508 22632 22782 22955 23067 23161 23326 23390 23421 23496 23767 23885 23964 24016 24048 24065 24197 24243 24284 24293 24298 24343 24323 24283 24178 24051 24022 24007 23942 23861 23830 23778 23869 23963 24033 24125 24168 24153 24118 24019 23788 23637 23540 23550 23541 23481 23388 23334 23336 23460 23530 23650
20050 20309 20521 20676 20877 21092 21307 21533 21642 21738 21825 21899 22017 22079 22038 21962 22166 22313 22306 22369 22459 22455 22252 22291 22315 22375 22388 22460 22647 22879 23124 23345 23394 23452 23557 23739 23929 24094 24174 24198 24324 24344 24240 24487 24585 24617 24722 24748 24740 24660 24572 24440 24335 24284 24302 24275 24268 24265 24250 24158 24142 24167 24113 23981 23837 23616 23460 23407 23516 23605 23618 23677 23687 23609 23674 23737 23747
21191 21457 21697 21777 21878 21959 22018 22133 22180 22164 22102 22065 22058 22146 22137 22159 22210 22375 22500 22684 22817 22884 22860 22869 22879 22886 22914 22923 22870 22817 22744 22772 22871 22988 23064 23305 23610 23807 23973 24185 24313 24425 24593 24759 24809 25003 25160 25200 25179 25105 25082 25021 24964 24898 24753 24757 24911 24932 24892 24847 24698 24622 24465 24256 24099 23914 23915 24090 24120 24135 24045 23988 23908 23977 24157 24342 24435
22524 22698 22774 22746 22703 22655 22556 22429 22389 22350 22236 22175 22223 22235 22285 22302 22530 22836 22996 23136 23172 23162 23162 23120 23083 23214 23194 23025 23117 23076 23189 23330 23410 23419 23485 23580 23546 23638 23817 23992 24179 24530 24838 25012 25195 25321 25461 25539 25531 25427 25301 25240 25204 25187 25243 25262 25216 25097 25124 25125 25140 25099 24988 24940 24938 24860 24742 24605 24473 24363 24331 24419 24405 24395 24391 24601 24771
23124 23203 23188 23166 23107 22993 22881 22769 22709 22562 22548 22490 22498 22449 22476 22503 22515 22896 23081 23138 23154 23142 23158 23278 23443 23542 23611 23707 23724 23566 23761 23773 23727 23631 23678 23722 23878 23891 23909 24055 24294 24573 24842 25010 25164 25291 25384 25573 25622 25699 25725 25719 25770 25870 25917 25901 25859 25670 25213 24855 24856 24962 25068 25151 25438 25567 25641 25780 25782 25796 25751 25672 25774 25751 25797 25860 25870
23292 23274 23242 23200 23092 22954 22842 22778 22789 22793 22952 23006 22978 22934 22868 22822 22835 22853 22917 22988 23030 23120 23252 23408 23494 23682 23864 24086 24152 24223 24230 24228 24279 24325 24329 24315 24247 24213 24244 24393 24581 24837 25061 25246 25394 25614 25639 25646 25732 25935 26043 26135 26275 26426 26453 26545 26615 26665 26401 25994 26075 26294 26388 26321 26322 26512 26638 26588 26542 26661 26809 26961 26937 26752 26437 26203 26183
23593 23548 23423 23309 23226 23207 23234 23248 23207 23117 22982 23110 23112 23115 23114 23147 23147 23176 23278 23381 23485 23622 23732 23786 23832 23913 24107 24193 24405 24441 24436 24442 24451 24515 24626 24806 24917 24980 25165 25187 25330 25586 25708 25849 26058 26173 26293 26405 26418 26500 26467 26500 26502 26530 26573 26558 26618 26626 26581 26574 26655 26829 26880 26976 26982 26939 26784 26768 26790 26784 26672 26644 26611 26475 26409 26305 26301
23818 23744 23596 23486 23330 23302 23289 23257 23200 23098 22976 22967 23011 23176 23278 23286 23231 23421 23542 23665 23782 23953 24106 24332 24507 24699 24779 24707 24538 24455 24630 24749 24937 25191 25294 25470 25540 25537 25674 25675 25578 25890 26188 26259 26390 26438 26416 26403 26362 26337 26332 26379 26331 26283 26384 26410 26419 26345 26454 26481 26473 26389 26350 26143 26056 25821 25568 25451 25438 25383 25303 25202 25268 25487 25687 25812 25827
23923 23829 23664 23530 23479 23390 23291 23225 23181 23223 23233 23287 23395 23516 23676 23830 23938 24070 24213 24360 24460 24658 24836 25133 25252 25248 25222 25134 25095 25138 25203 25187 25237 25223 25251 25291 25292 25162 25155 25185 25038 25143 25242 25261 25229 25210 25202 25223 25208 25114 25079 24995 25471 24941 24872 24909 24796 24777 24752 24708 24595 24441 24314 24102 23945 23640 23515 23584 23872 24047 24033 24052 24118 24252 24374 24529 24598
25032 24970 24831 24686 24529 24393 24363 24450 24524 24635 24826 24937 24977 25095 25345 25401 25456 25615 25608 25603 25591 25489 25435 25134 24920 24722 24570 24542 24681 24844 24859 24800 24762 24671 24595 24585 24513 24400 24320 24281 24185 24030 24152 24108 24038 24013 23944 23982 23931 23652 23516 23376 23201 23435 22849 22598 22469 22414 22326 22253 22289 22288 22312 22298 22210 22100 22607 22250 22274 22280 22291 22227 22268 22369 22475 22524 22619
25119 25219 25219 25207 25192 25137 25165 25152 25139 25249 25450 25769 26038 26337 26543 26689 26748 26712 26377 25986 25760 25648 25660 25760 25731 25527 25330 25260 25188 25149 25067 25008 24928 24920 24852 24716 24549 24314 24065 23864 23756 23803 23512 23403 23390 23376 23356 23415 23422 23458 23399 23150 22805 22360 22254 21936 21843 21742 21639 21601 21546 21417 21248 20897 20803 20801 20930 21268 21207 20761 20650 20679 20825 20824 20902 20973 20960
25497 25429 25365 25378 25468 25515 25455 25446 25618 25706 25839 26072 26294 26559 26801 26898 26928 26903 26642 26384 26121 26045 25989 25821 25668 25540 25508 25437 25339 25279 25155 25031 24893 24671 24450 24187 23928 23484 23219 23082 22966 22952 23049 22964 22947 22914 22883 22839 22797 22660 22301 21897 21685 21650 21682 21596 21375 21188 21031 20856 20708 20567 20422 20283 20163 19973 19870 19744 19760 19743 19624 19691 19748 19950 19980 19916 19992
25724 25717 25664 25705 25735 25811 25864 26019 26163 26357 26643 26974 27195 27392 27460 27451 27392 27218 27010 26658 26344 26065 25961 25706 25444 25133 24865 24726 24599 24371 24041 23862 23781 23820 23836 23729 23508 23243 22923 22648 22482 22271 22264 22403 21968 21847 21735 21632 21480 21415 21298 21231 21226 21168 21141 21054 21013 20714 20566 20417 20242 20017 19759 19413 19138 18945 18758 18584 18444 18546 18533 18657 18773 18883 18934 19001 19064
26111 26285 26343 26373 26428 26387 26457 26420 26575 26912 27235 27462 27477 27449 27319 27034 26676 26227 25748 25303 24874 24489 24049 23662 23485 23148 23087 23089 23306 23354 23262 22983 22780 22609 22281 22083 22011 21847 21549 21284 21133 21083 21051 21050 20960 20730 20713 20620 20583 20610 20589 20468 20409 20336 20179 20014 19856 19880 19419 19232 19018 18801 18581 18358 18202 18157 18260 18333 18404 18429 18388 18305 18128 17904 17731 17669 17584
26484 26688 26705 26723 26781 26824 26883 26918 26937 27036 27179 27188 27055 26694 26213 25718 25203 24696 24156 23597 23145 23036 22817 22749 22722 22701 22740 22821 23048 23023 22879 22474 22242 21952 21618 21351 21184 21053 20797 20576 20417 20174 19965 19843 19809 20025 19502 19551 19555 19465 19334 19263 19267 19163 18933 18551 18303 17979 17675 17526 17442 17354 17429 17415 17450 17545 17632 17649 17601 17456 17229 17057 17181 17328 17338 17379 17423
26528 26647 26749 26770 26713 26660 26640 26522 26291 26146 26050 25882 25648 25304 24915 24530 24210 23815 23477 23295 23224 23119 22947 22728 22613 22453 22344 22149 22012 21800 21563 21356 21165 21008 20811 20577 20388 20163 19878 19630 19560 19422 19241 19022 18864 18736 18764 18603 18472 18292 18125 18001 17935 17858 17751 17595 17410 17066 16795 16757 16633 16612 16599 16566 16464 16263 16164 16079 16063 15980 16023 16104 16171 16462 16466 16525 16542
26471 26403 26362 26284 26182 25915 25576 25225 24998 24726 24543 24302 24036 23643 23208 22776 22499 22258 22104 21939 21724 21429 21160 20940 20879 21054 21236 21312 21283 21184 21087 20942 20743 20513 20257 20084 19912 19768 19688 19490 19253 19116 18939 18806 18637 18360 18111 18071 17713 17534 17445 17445 17395 17291 17237 17125 16971 16804 16537 16339 16201 16028 15823 15744 15651 15558 15527 15528 15541 15597 15650 15725 15796 15886 15981 15864 15893
26347 25871 25386 24981 24790 24623 24415 24154 23909 23615 23332 23027 22705 22313 21854 21430 21149 20999 20999 20940 20831 20639 20445 20323 20222 20007 20012 20081 20162 20064 20068 20021 19980 19849 19625 19423 19324 19165 18951 18774 18617 18474 18439 18438 18344 18241 18022 17781 17522 17278 17055 17017 17067 17098 17029 16856 16798 16692 16567 16482 16392 16175 15929 15646 15487 15448 15440 15411 15415 15483 15528 15517 15517 15557 15694 15742 15732
25609 25270 24969 24577 24216 23801 23317 22824 22397 21955 21524 21184 20928 20625 20405 20250 20185 20088 20015 19898 19943 20010 20011 20004 19961 19897 19839 19786 19714 19646 19627 19666 19640 19518 19269 19053 18904 18753 18590 18463 18429 18353 18269 18252 18285 18271 18119 17764 17498 17219 16855 16551 16424 16348 16262 16126 15982 15887 15888 15875 15848 15700 15657 15634 15509 15370 15354 15371 15419 15447 15504 15499 15438 15374 15318 15272 15319
24804 24404 23995 23548 23112 22618 22078 21621 21260 20870 20643 20534 20424 20265 20138 20070 20044 20016 20033 20045 20096 20096 20070 20015 19912 19819 19701 19589 19428 19213 19026 18855 18699 18382 18239 18223 18184 18141 18075 18002 17939 17851 17822 17735 17536 17262 17092 16869 16684 16539 16417 16139 16036 15994 15995 15974 15909 15806 15733 15740 15784 15847 15837 15716 15507 15259 15268 15288 15235 15161 15170 15133 15125 15104 15087 15115 15147
23530 23134 22713 22261 21922 21436 21131 20951 20858 20861 20776 20681 20496 20347 20207 20120 20066 20002 19961 20000 20019 19999 19920 19839 19756 19612 19304 18910 18591 18304 18103 17953 17917 17834 17723 17683 17704 17763 17778 17727 17591 17476 17454 17375 17232 16898 16561 16324 16177 16084 15923 15871 15746 15656 15522 15398 15345 15328 15420 15525 15551 15530 15526 15409 15296 15212 15108 15043 15004 14917 14874 14881 14843 14851 14910 14892 14863
21732 21415 21063 20875 20782 20748 20853 20870 20861 20741 20635 20435 20230 20085 19970 19856 19823 19812 19709 19520 19386 19175 18952 18828 18698 18513 18303 18075 17848 17598 17390 17310 17381 17478 17556 17568 17535 17464 17450 17474 17384 17179 16888 16640 16520 16265 16028 15938 15838 15771 15690 15506 15368 15184 15107 15137 15143 15114 15047 15025 15051 15039 14928 14878 14840 14782 14784 14810 14851 14924 14905 14855 14801 14801 14797 14768 14772
21209 20979 20788 20650 20541 20539 20549 20516 20387 20156 20040 19998 20096 20092 19928 19658 19401 19100 18795 18566 18334 18127 17992 17901 17813 17784 17682 17465 17337 17227 17204 17282 17408 17518 17539 17545 17562 17571 17448 17286 17073 16726 16431 16250 16170 16091 16017 15933 15787 15667 15520 15335 15198 14984 14951 14955 14943 14901 14858 14856 14840 14820 14856 14845 14828 14808 14798 14751 14799 14784 14777 14762 14744 14731 14709 14691 14695
21489 21204 20884 20633 20489 20303 20191 20123 20008 19904 19834 19741 19508 19159 18792 18442 18240 18229 18211 18144 18042 17851 17659 17531 17445 17406 17411 17400 17382 17297 17258 17204 17212 17173 17307 17338 17280 17105 16905 16901 16801 16537 16212 15860 15597 15444 15501 15480 15442 15324 15171 15059 15008 14984 14900 14903 14950 15021 15016 14955 14906 14812 14832 14817 14790 14810 14800 14759 14753 14729 14731 14718 14724 14735 14705 14703 14692
21661 21395 21194 20905 20665 20484 20248 19914 19632 19443 19379 19117 18888 18669 18476 18349 18259 18188 18105 18038 17966 17763 17581 17408 17283 17278 17362 17375 17374 17319 17236 17175 17099 17079 17044 16989 16857 16593 16310 16037 15863 15700 15476 15213 15109 15113 15104 15085 15038 15004 15013 15012 15008 14977 14942 14899 14926 14972 15005 14994 14937 14842 14807 14815 14774 14771 14752 14760 14747 14752 14719 14711 14712 14705 14697 14688 14683
21624 21459 21243 21025 20930 20693 20358 19936 19649 19363 19012 18655 18534 18494 18293 18039 17873 17728 17627 17552 17443 17323 17272 17190 17112 17110 17091 17098 17169 17224 17173 16960 16850 16667 16341 16272 16110 15962 15737 15496 15286 15140 15076 15073 15078 15070 15046 15014 15012 15001 14924 14891 14920 14954 14929 14868 14843 14868 14837 14827 14812 14807 14832 14827 14814 14791 14783 14811 14796 14737 14730 14708 14790 14809 14793 14759 14739
21810 21567 21352 21187 20987 20650 20299 19996 19778 19492 19181 18828 18600 18406 18350 18401 18389 18281 18077 18007 17988 17843 17589 17383 17269 17174 17202 17194 17131 17067 17000 16915 16840 16719 16476 16317 16225 16067 15886 15914 15913 15721 15460 15126 14957 14960 14976 14981 14965 14946 14856 14880 14868 14845 14852 14867 14862 14812 14790 14781 14778 14777 14781 14777 14771 14765 14769 14755 14747 14742 14729 14715 14715 14742 14887 14903 14957
21391 21270 20968 20669 20466 20340 20098 19802 19582 19270 19051 18856 18561 18330 18438 18476 18424 18300 18157 18016 17879 17708 17515 17363 17224 17114 16867 16787 16796 16617 16513 16479 16452 16254 16031 15899 15844 15843 15814 15808 15722 15584 15394 15168 15040 15012 14998 14970 14928 14915 14896 14916 14876 14838 14817 14818 14811 14790 14793 14794 14772 14773 14760 14767 14756 14759 14759 14750 14746 14734 14815 15095 15372 15695 15814 16266 16388
21321 21119 20761 20455 20261 19955 19665 19464 19277 19106 19007 18834 18581 18447 18462 18488 18408 18204 17999 17766 17555 17332 17168 17142 17108 17001 16767 16522 16365 16162 16085 16007 15930 15892 15831 15764 15804 15806 15715 15516 15388 15234 15124 15075 14970 14941 14906 14953 14991 14914 14795 14904 14892 14858 14840 14808 14809 14785 14801 14815 14784 14773 14763 14753 14743 14733 14734 14735 14730 14732 14877 15138 15431 15747 15934 16235 16342
21143 20975 20621 20223 19926 19645 19470 19337 19230 19066 18860 18656 18552 18507 18418 18283 18092 17800 17492 17216 17033 16897 16760 16641 16590 16579 16570 16508 16419 16336 16207 16112 16025 15883 15797 15648 15664 15697 15623 15544 15412 15207 15053 15020 14971 14965 14972 14946 14893 14849 14867 14868 14872 14838 14845 14822 14805 14799 14792 14801 14805 14794 14772 14760 14743 14751 14738 14730 14730 14738 14744 14762 14745 14731 14744 14775 14833
20619 20174 19821 19500 19246 19029 18854 18740 18607 18508 18428 18346 18336 18340 18320 18219 18051 17750 17505 17310 17121 16873 16697 16574 16547 16562 16579 16589 16648 16668 16603 16484 16336 16181 16042 15827 15666 15532 15512 15376 15143 14915 14912 15049 15042 15041 14945 14894 14892 14856 14850 14833 14829 14820 14808 14802 14795 14783 14772 14758 14756 14745 14737 14739 14740 14750 14748 14737 14726 14718 14717 14722 14721 14689 14685 14668 14671
20625 20221 19800 19475 19292 19137 19015 18846 18664 18522 18470 18446 18419 18259 18084 17900 17753 17598 17452 17300 17123 16920 16751 16670 16633 16588 16577 16543 16525 16459 16404 16369 16322 16204 16076 15863 15750 15648 15580 15484 15384 15340 15286 15239 15175 15056 14945 14891 14892 14862 14835 14834 14824 14810 14808 14803 14795 14782 14781 14780 14775 14773 14763 14754 14753 14748 14750 14736 14694 14698 14683 14729 14729 14690 14659 14656 14657
