Alternative/Moon/Lvl0_30x30/Ele_EB.asc
ncols         335
nrows         335
xllcorner     -16692508.343
yllcorner     -6727166.958
cellsize      10000
nodata_value  -9999.0
[rows 204 to 237 of 335, columns 154 to 230 of 335]
13073 13228 13441 12765 11322 10974 10440 10236 10663 11635 12599 13988 14496 14140 13729 13924 14869 16020 16545 16504 16308 15791 15124 15595 16690 16959 16704 16676 17168 18105 18870 19645 20323 21125 21671 22436 22682 22733 22890 23021 23325 23270 23508 23871 24459 24894 25302 26055 27259 28065 28402 27997 26339 24869 23371 22737 23534 23776 23129 22363 21913 21854 21547 20870 20305 19889 19304 18681 18541 18523 17988 17203 16687 16561 16426 16208 16000
12967 13164 13615 13360 12369 11774 11368 10690 10513 11921 12740 13855 14676 14594 14296 14973 15608 16491 16699 16520 15580 14680 14128 14472 14611 14671 14649 14555 14897 15904 17073 18452 19506 20219 20725 21525 21953 22174 22471 22502 22551 22540 23004 23665 24042 24430 24520 25100 25727 26506 26734 26424 24596 22997 21272 20527 21251 21513 21413 20556 20299 20858 21068 20724 20340 20053 19663 19362 18963 18869 18400 17546 16719 16476 16175 15976 15650
13597 13946 13893 13975 14103 14034 13649 12652 10921 11706 12302 12643 13517 14242 14523 15281 15637 16161 16232 16027 15067 14373 14158 13999 13696 13668 13638 13621 13707 14035 14766 16358 18045 19011 19753 20549 21355 21720 22179 22507 22483 22324 22611 23454 23759 23776 23956 24063 24239 25064 25999 25400 23217 21474 19667 19673 19704 19623 19702 18861 18501 18916 19258 19576 19748 19811 19738 19435 19178 18842 18298 17408 16494 16155 15877 15734 15712
14141 14463 14547 14555 15132 15249 14507 12935 11362 10963 11487 11452 11589 13000 14133 15015 15372 15894 16041 15880 15116 13848 13113 13111 13032 12758 13319 13416 13433 13575 14517 14596 16207 17582 18591 19520 20279 21125 21681 21761 21620 21490 21595 21976 22511 22867 22902 22762 23232 23915 24563 24000 22193 20438 19255 19412 19442 19234 18602 17186 17121 17056 16668 17137 17749 18460 18786 18354 18436 18301 17829 16959 16373 15930 16021 15766 15779
12425 12873 13264 14205 15009 15153 14390 12580 11384 10922 10614 10978 11349 12664 13523 14369 15986 16496 16182 15500 14180 13044 12371 12061 11617 12243 12792 12987 13289 13822 14095 15461 17235 17960 17688 18196 19063 19689 20368 20639 20732 20709 20906 21509 21925 22097 22099 22528 23154 23489 23353 22565 20983 19286 18435 18253 18180 18147 17411 16110 15488 15386 15369 15524 15832 16159 16720 17491 17791 17667 17209 16675 16266 15957 15990 15920 15850
10436 10971 11591 12967 14555 14630 13883 12115 11232 10705 10532 11054 12092 12963 13427 14459 15953 16272 15857 15156 13717 12456 11594 11023 11487 12323 12813 13469 13893 14293 14882 16507 17938 18027 17581 17217 17874 18384 18939 19336 19757 19801 20147 20870 21079 21085 21394 22308 23161 23230 22140 20999 19598 18443 17611 17750 17713 17497 16741 15877 15265 14881 14695 14612 14886 15179 15588 16391 16871 16888 16737 16299 16068 15986 15970 15818 15687
9846 10654 11789 13091 13918 13814 12760 11427 11224 10825 11364 12435 13089 13375 14069 14764 14234 15400 15654 15002 13659 12316 11201 10817 11848 13491 14471 14758 14707 14675 15866 17298 17922 17793 17183 16561 16604 17065 17414 18059 18592 18839 18907 19600 19734 20036 20810 22062 22761 22766 21468 19833 18410 17432 16676 17105 17079 16445 16100 15795 15122 14585 14523 14386 14165 14254 14492 15277 16050 16506 16501 16211 16043 15850 15852 15567 15017
9723 10957 12183 13175 13478 12866 12612 13119 13078 12844 13299 14368 14892 14921 14739 14703 14640 15058 15009 14129 13591 12571 11691 11833 12425 13614 14281 14517 15370 16343 16709 17168 17100 16874 16568 16429 16325 16507 16610 17022 17430 17589 18322 18816 18940 19102 19932 20833 21376 21442 20587 19012 17502 16562 16077 16294 16341 15941 15779 15334 14771 14406 14241 14159 14220 14133 14280 14764 15486 15957 16118 16030 15793 15768 15717 15640 14805
10993 12415 13555 13824 13274 13307 13771 13976 13804 13974 14464 14978 14995 14808 14189 13642 13945 14006 13925 13744 13390 13215 13690 14031 14432 15127 15625 15899 16390 16698 16693 16581 16695 16562 16409 16228 16156 16188 16467 16462 16501 17095 18249 18622 18635 18238 18863 19754 19913 20071 19757 18649 17018 16314 15715 15545 15627 15624 15335 14634 14407 14308 14460 14561 14681 14682 14822 14903 15074 15475 15967 15980 15747 15711 15807 15836 15451
12698 13311 13821 13870 13319 13357 13579 13517 13438 13731 14179 14526 14367 13766 13328 12907 13454 13573 13710 13962 14071 14364 14447 14488 14843 15167 15571 15720 15882 15952 16130 16057 16074 16129 16033 15764 15644 15619 15893 16174 16584 16972 17611 18324 18391 17759 18745 19410 19348 19108 18994 18467 16809 16034 15390 15135 15020 14777 14336 14242 14345 14503 14562 14660 14739 14728 14827 14913 15078 15571 15953 15968 15797 15675 15732 15681 15693
14222 13862 13445 13289 13353 13017 12905 12873 12640 12515 12867 13278 13220 13091 12979 13368 13554 13719 13817 14011 14097 14321 14292 14314 14664 14519 14155 14541 14953 15364 15486 15455 15825 15854 15740 15703 15586 15292 15449 15662 15962 16290 16361 17096 17339 17247 18011 18664 18650 18415 17760 17402 16483 15791 15293 15229 14655 14667 14601 14707 14660 14807 14797 14661 14628 14709 14603 14446 14976 15502 15917 15988 15931 15745 15692 15737 15828
14349 13883 13649 13291 13309 12809 12301 12230 12309 12377 12527 12736 12738 12858 12943 13377 13676 13727 13560 13388 13220 13098 13086 13218 13358 13465 13555 13913 14313 14497 14665 15018 15195 15300 15369 15488 15456 15255 15144 14947 14743 15124 15796 16228 16277 16302 16620 17628 17808 17794 17682 17516 17097 16053 15651 15689 15351 15241 15336 15263 15129 15165 15157 14940 14774 14645 14579 14707 15190 15454 15717 15686 15756 15884 15899 15423 14248
13667 13621 13483 13304 13030 12472 12338 12490 12520 12258 12196 12225 12209 12243 12357 12742 12830 12860 12944 13017 13014 12728 12726 12952 12996 12970 13002 13237 13448 13753 13919 14230 14530 14678 14666 14583 14560 14602 14340 14541 14832 15041 15249 15700 16226 16442 16607 16835 17024 17285 17460 17521 17256 16345 15966 15972 15867 15931 16074 16015 15903 15694 15506 15201 14957 14822 14856 15220 15898 15945 15855 15533 15587 15843 15418 13884 12506
13462 13221 13123 13264 13156 12743 12622 12632 12578 11862 12055 12490 12296 12299 12249 12300 12523 12589 12519 12617 12626 12518 12555 12624 12554 12538 12641 12804 13027 13209 13169 13245 13563 13580 13823 13912 13897 14126 14244 14400 14492 14640 14734 15098 15664 16017 16167 16443 16797 16954 17323 17447 17457 17213 16755 16635 16460 16376 16519 16375 16032 15769 15463 15186 15180 15391 15591 15912 16221 16213 15868 15702 15564 15538 14453 14023 13747
12902 13030 13104 13031 12967 12620 12474 12397 12625 12450 12689 12683 12402 12361 12395 12426 12420 12506 12481 12435 12507 12525 12536 12648 12703 12656 12390 12398 12790 12884 12732 12450 12386 12544 12858 13164 13364 13490 13665 14024 14467 14749 14993 15179 15334 15584 15900 15999 16312 16546 17031 17354 17500 17491 17013 16323 15930 15939 16458 16394 16325 16091 15758 15831 15838 16024 15985 16015 16066 15953 15739 15516 15164 14730 14249 14710 14512
12195 12897 13098 13067 12762 12568 12453 12325 12349 12365 12372 12382 12413 12441 12599 12595 12579 12315 12227 12467 12593 12647 12727 12962 12942 12773 12376 12011 12096 12175 12199 12129 12107 12172 12218 12431 12708 13051 13583 14133 14573 14809 15043 15245 15338 15524 15554 15720 15965 16188 16617 16723 16711 16488 15543 14767 14488 14587 15028 16033 16253 16336 16499 16493 16549 16532 16242 15851 16002 15615 14831 14516 14620 14839 15662 15763 15201
11164 12307 12620 12727 12473 12222 12279 12262 12246 12184 12162 12129 12268 12424 12532 12620 12688 12655 12704 12606 12660 12781 12959 13276 13355 13318 12939 12309 12007 12096 12141 12159 12144 12034 12129 12373 12459 12704 13204 13908 14416 14592 14863 15006 15138 15212 15349 15576 15756 16066 16258 16347 15864 15118 14369 14168 14269 14321 14523 14821 15643 16345 16628 16398 16540 16498 16217 15336 14311 13679 12927 12983 13930 14667 15790 16059 15545
9999 11200 12088 12580 12636 12345 12241 12248 12227 12128 12068 12076 12099 12283 12392 12617 12724 12933 12978 12967 12723 12792 12988 13280 13347 13330 13126 12560 12226 12108 12152 12148 12111 12115 12218 12389 12463 12627 13048 13550 14042 14251 14351 14545 14760 14893 15056 15329 15542 15754 15788 16105 15980 15360 14421 14120 14184 14328 14642 14946 15468 16334 16511 16184 16055 15999 15316 14264 13192 12543 11632 12250 13379 13878 14651 15096 14755
8920 9977 11151 12398 12778 12678 12343 12243 12261 12326 12295 12212 12036 12125 12245 12416 12648 12830 12979 12969 12832 12618 12514 12678 12850 12891 12881 12629 12317 12162 12178 12183 12200 12177 12182 12300 12472 12894 13384 13828 14105 14269 14355 14266 14370 14072 14012 14193 14431 14911 15505 15939 16205 16065 15849 15433 15015 15225 15454 15310 15755 16047 15958 15903 16122 16151 14913 13336 12011 11203 10469 11227 12093 12515 13492 14734 15531
8839 9634 10675 12218 12753 12627 12428 12233 12235 12305 12313 12203 11771 11385 11467 11583 11753 12081 12462 12760 12680 12253 11998 11882 12182 12335 12389 12436 12301 12202 12173 12183 12177 12188 12236 12406 12877 13331 13977 14294 14210 14156 14060 13667 12781 12207 12122 12351 12913 13667 14782 15788 16035 16057 16082 16302 16335 16155 15783 16072 16464 16470 16041 16116 16756 16905 15919 14220 12644 11491 11632 11713 11801 12506 13996 15624 15770
9094 9751 10360 11669 12506 12508 12434 12311 12101 12127 12236 12127 11604 11044 10850 10836 10871 11085 11327 11585 11781 11775 11480 11665 12142 12309 12364 12680 12679 12479 12159 12156 12187 12270 12555 13076 13300 13936 14434 14414 13894 13500 13023 12392 12032 12002 11999 12029 12155 13174 14753 15837 15980 15798 15807 16431 16532 16114 15417 15966 16106 16062 15893 16197 16452 16756 16347 15544 14567 13980 14272 14256 14412 15027 15783 15885 15765
9195 9902 10293 11272 12400 12924 12944 12858 12486 12020 11950 11886 11399 10936 10745 10705 10675 10602 10540 10932 11158 11287 11309 11656 12432 12867 13313 13366 13289 13082 12732 12693 12657 12789 13077 13391 13353 13926 14258 14161 13777 13385 12482 12143 11998 11991 11976 12001 12400 13292 14600 15706 16152 16152 15482 15565 15455 15004 14516 14203 13958 13848 14003 14778 15756 16135 16087 16109 16050 15999 15775 15784 15865 16020 16115 15908 14980
9127 10026 10721 11212 12120 13054 13271 13282 13094 12294 11885 11583 11183 10870 10733 10692 10640 10594 10529 10694 10667 11045 11186 11719 12430 13045 13560 13774 13808 13601 13300 13007 12895 12800 13187 13459 13175 12879 12843 12964 13418 13604 13586 13293 12979 12768 12542 12828 13588 14325 14690 15349 15740 15634 15433 15294 14619 13839 12911 12260 11917 11981 12372 12737 14017 15206 15812 15832 15748 15849 15910 15920 15539 15255 15013 14609 14782
10344 10815 11241 11863 12595 13207 13380 13482 13376 12810 12260 11719 11291 11176 11121 11107 11050 10742 10831 10793 10659 10721 10724 11308 12370 12715 12918 13728 13939 13812 13402 13231 13123 13159 13680 13702 13068 12819 12679 12695 13281 13874 14035 14069 13939 13813 14057 14205 14271 14514 14593 14528 15107 15771 15800 14901 13513 12584 12297 12200 12109 12102 12037 12066 12731 14011 15440 15644 15584 15374 15243 15050 14800 14683 14610 14568 14368
11386 11914 12319 12639 13284 13617 13683 13590 13401 12816 12485 11762 11473 11448 11601 11690 11612 11182 10853 10592 10600 10684 10735 10942 11980 12817 13642 13909 13957 13729 13317 13137 13158 13225 13628 13390 12562 12923 13428 13484 13457 13488 13518 13701 13882 13872 14008 14161 14246 14034 14325 15365 15558 15811 15808 14414 12747 12443 12264 12160 11987 11991 12081 12086 12132 13359 15026 16172 16149 15798 15398 15276 14931 14745 14455 14474 14468
12764 13167 13199 13259 13569 13683 13706 13572 13252 12746 12249 11608 11544 11533 11716 11904 11816 11655 11423 11012 10873 11119 11525 11876 12265 12876 13510 13603 13580 13410 13222 13181 12761 12730 12883 13380 13576 13806 13865 13658 13493 13427 13440 13449 13681 13547 13405 13632 13470 13244 14009 15327 15554 15770 15894 15018 13279 12271 12226 12180 11995 11957 12048 12254 12777 13771 15464 16346 16340 15854 15241 15161 14854 14712 14208 14391 14409
12991 13229 13225 13247 13444 13564 13235 13142 12584 12009 11668 11589 11576 11712 11767 11915 11808 11687 11635 11400 11356 11724 12535 12995 13272 13274 13256 13254 12999 12859 12880 12800 12688 12639 12633 13132 13427 13417 13440 13395 13326 13310 13283 13293 13078 12905 13366 14214 14455 13807 12873 12988 13382 13910 15003 15614 15508 14535 13415 12942 12627 12735 13225 13874 14061 14773 15959 16108 15671 15279 14660 14692 14604 14353 14142 14397 14727
12981 12937 12964 12953 12632 12440 12467 12425 11983 11842 11708 11711 11776 11704 11426 11357 11432 11409 11485 11398 11258 11537 12189 12623 13005 13043 12978 12833 12823 12841 12977 13125 13058 12965 12460 12515 12409 12452 12724 13061 13119 12991 12779 12709 12690 13368 13772 14179 14235 14165 13396 12522 12168 12731 14332 15878 16262 16352 15991 15280 14790 15028 15175 15657 15594 15542 15848 15356 14867 14871 14455 14492 14423 14690 15291 15596 15216
13154 13080 12600 12315 12371 12267 12161 12179 11994 11949 11991 11853 11517 11132 10791 10366 10231 10135 10090 10019 9980 10214 10673 10980 11307 11262 11694 12380 12727 12805 12813 13008 13201 13233 12764 12523 12377 12393 12994 13284 13117 12807 12514 12970 13232 13466 13646 13973 14415 14900 14842 14468 14501 15014 15656 15849 16086 16260 16323 16338 16328 16418 16465 16347 15806 15422 15301 15112 14768 14571 14495 14436 14304 15099 15891 15893 15541
13370 13392 12665 12230 12304 12206 12054 11971 12100 12329 12435 12097 11513 10887 10145 9490 9212 9027 8988 8976 9010 9160 9277 9489 10011 10455 11028 11593 12357 12492 12611 12688 12816 12897 12772 12449 12204 12400 12991 13169 13151 13100 12928 12985 13124 13310 13758 14153 14469 15005 15395 15687 15833 15833 15666 15835 15866 15680 15686 15887 16066 16129 16182 16029 15447 15127 14883 14466 14413 14541 14529 14418 14813 15748 16014 15939 15683
13205 13169 12465 11873 11830 11863 11858 11882 12073 12466 12583 12418 11736 11082 10591 10122 9139 8907 8956 8943 8890 8917 8917 8943 9357 9988 10453 10912 11656 12216 12462 12491 12644 12659 12515 12216 12167 12334 13009 13283 13267 13093 12892 12810 13121 13608 13849 14181 14662 15078 15693 16021 16019 15963 15904 15702 15630 15410 15174 15361 15581 15675 15932 15939 15705 15129 15123 14951 14764 14812 14852 15254 15677 15649 15844 15500 15549
13903 12816 11881 11822 11849 11814 11809 11821 12559 12748 12821 12624 12906 12419 11618 11028 10457 9609 9080 8932 9010 8933 8901 8868 9102 9612 10104 10645 11107 11653 12226 12290 12372 12594 12569 12276 12000 12039 12310 12675 12766 12698 12546 12261 12606 13166 13308 13441 13836 14408 14475 14593 14537 14429 14547 14815 15159 15149 15139 15250 15274 13829 13648 15353 15706 15470 15477 15452 15724 16154 16239 16273 16329 15864 15218 14995 14766
13892 13225 12469 11844 11817 11843 11808 12049 12769 12893 12804 12716 12972 12765 12207 11535 11363 10634 9874 9241 9019 9025 9017 8969 9094 9337 9817 10483 11811 12758 12806 12249 11697 12092 12654 12680 12456 12299 12452 12661 13011 13166 13251 13072 12629 12499 12123 11890 11948 12172 12173 12193 12097 12157 12449 12680 13070 13285 13544 14456 14836 15167 15329 15682 15699 15306 15248 15554 15837 16155 16103 15844 15788 15450 14884 14532 14517
13562 13518 13104 12561 12157 12074 12388 13093 13235 13139 13040 12818 12670 12614 12058 12308 12409 12104 11585 10657 9992 9875 10066 10074 10055 10027 10198 11190 12206 12801 12825 12244 12194 12205 12550 12727 12952 13029 12851 12833 13138 13504 13701 13602 13025 12671 12036 11337 10724 10876 10945 11025 11223 11413 11623 11896 12240 12605 12650 13364 14143 14781 14979 15011 14978 14873 15051 15274 15423 15454 15300 15079 14998 14846 14736 14648 14568
