Alternative/Moon/Lvl0_30x30/Ele_AL.asc
ncols         335
nrows         335
xllcorner     16807491.657
yllcorner     6672833.042
cellsize      10000
nodata_value  -9999.0
[rows 204 to 237 of 335, columns 152 to 227 of 335]
16077 15741 15420 15112 14859 14836 14960 15205 15450 15559 15511 15433 15330 15294 15324 15297 15218 15198 15042 14975 14943 14896 14845 14832 14874 14759 14677 14674 14698 14807 14750 14769 14832 14827 14683 14652 14560 14704 14727 14820 14944 15036 15091 15095 15071 15018 15051 15100 15081 15092 15384 15486 15610 15749 15841 16010 16083 16037 16107 16305 16589 17207 17435 17731 18549 19124 19595 19921 20179 20278 20482 20411 20675 21004 21367 21656
16839 16480 16077 15582 15363 15186 15316 15483 15548 15612 15469 15338 15191 15249 15416 15680 16096 16193 16087 15962 15882 15855 15835 15829 15754 15636 15611 15612 15737 15861 15946 16030 15988 15865 15776 15760 15719 15553 15486 15414 15491 15597 15535 15539 15531 15701 15912 16070 16208 16503 16903 17073 17013 17082 17145 17401 17832 18120 18230 18621 18891 19241 19733 20171 21039 21288 21801 22197 22494 22479 22438 22484 22528 22471 22395 22480
18508 18155 17724 17373 17137 16874 16710 16649 16595 16163 15795 15445 15444 15588 16054 16497 16998 17347 17431 17430 17396 17286 17203 17193 17181 17103 17074 17138 17129 17133 17149 17211 17205 17160 17138 17137 17003 16765 16764 16966 17183 17319 17276 17256 17257 17443 17501 17573 17697 17991 18200 18256 18817 19313 19781 20165 20567 20967 21269 21583 21790 22030 22275 22466 22597 22791 22919 22954 22926 22834 22761 22721 22873 23041 22946 22670
21010 20738 20447 20161 19843 19437 18965 18405 18363 17909 17883 17904 17960 18071 18021 17949 17910 17901 17955 17942 17831 17718 17475 17399 17622 17843 18322 18673 18864 19077 19129 19064 18984 18934 18917 18747 18456 18571 18744 18840 18941 18840 18777 18801 18848 18972 19197 19340 19954 20273 20721 21067 21640 22024 22348 22623 23011 23196 23190 23086 22947 22901 22841 22891 22989 23015 23002 22978 22834 22731 22649 22784 23022 23126 23108 23007
22254 22324 22391 22413 22256 21917 21178 20387 19761 18887 18528 18324 18167 18167 18160 18217 18030 18182 18279 18282 18296 18261 18406 18520 18657 18734 18906 19131 19381 19495 19577 19662 19707 19652 19653 19637 19738 20244 20384 20919 21113 21322 21458 21607 21695 21892 22022 22248 22460 22593 22663 22801 22996 23012 23054 23100 23160 23150 23016 22850 22739 22730 22649 22702 22762 22718 22717 22657 22578 22619 22804 22826 22815 22940 22988 22915
22216 22308 22414 22530 22565 22476 22247 21689 21276 20840 20446 20091 19874 19747 19680 19505 19303 19005 18762 18947 19120 19369 19520 19793 19956 20266 20360 20484 20548 20593 20484 20424 20686 20962 21288 21537 21946 22268 22545 22762 22931 22975 22966 22932 22835 22812 22815 22851 22971 22996 22983 22947 22911 22874 22813 22703 22560 22506 22366 22377 22395 22337 22365 22327 22227 22055 22063 22134 22337 22548 22692 22713 22676 22755 23125 23167
21938 21796 21839 22039 22186 22216 22269 22242 22175 22157 22113 22082 21973 21869 21704 21792 21808 21756 21536 21648 21806 21999 22217 22318 22447 22635 22669 22768 22837 22846 22994 23072 23042 23086 23035 23004 22983 23028 23006 23032 23062 23053 23094 23071 23127 23193 23210 23214 23325 23322 23332 23323 23088 22806 22618 22395 22210 22155 22346 22437 22349 22021 21883 21801 21810 21877 21952 21999 22182 22220 22296 22472 22768 23078 23242 23295
21747 21623 21598 21547 21644 21719 21965 21944 21828 21855 21857 21798 21797 21763 21634 21863 22077 22206 22278 22303 22344 22403 22428 22543 22613 22730 22773 22760 22798 22771 22991 23060 23102 23108 23229 23357 23447 23405 23373 23251 23142 22954 23033 23003 23017 23004 23042 23083 23040 22944 22882 22841 22743 22535 22393 22565 22788 22823 22688 22541 22339 21986 22001 22218 22365 22303 22336 22369 22385 22359 22232 22364 22640 22966 23085 23077
21119 21017 20973 21038 21192 21384 21622 21761 21884 21837 21678 21642 21661 21812 21861 22052 22228 22291 22241 22088 21934 22050 22276 22401 22475 22461 22537 22602 22667 22645 22736 22906 22845 22664 22754 23067 23156 23194 23176 23077 22876 22686 22394 22324 22381 22432 22398 22537 22454 22365 22172 22160 22159 22315 22422 22571 22623 22586 22428 22251 22137 21955 22044 22129 22115 22012 21896 21782 21671 21638 21510 21408 21666 21822 22159 22363
20629 20660 20711 20795 20925 21133 21304 21505 21726 21735 21626 21674 21875 22112 22320 22389 22447 22405 22287 22170 22099 22007 21844 21901 21885 21855 21826 21885 22114 22261 22343 22296 22247 22227 22088 21953 21948 22225 22369 22379 22279 21974 21742 21755 21710 21591 21662 21683 21650 21645 21827 21874 21952 22167 22241 22111 21930 21776 21677 21212 21103 21693 21627 21439 21403 21336 21331 21219 21184 21066 20839 20896 21136 21355 21541 21738
20807 20843 20821 20698 20528 20548 20507 20463 20704 20968 21106 21283 21709 21975 22090 22101 22138 22191 22106 22194 22205 22195 21992 21675 21524 21435 21562 21660 21794 21780 21600 21761 21895 22029 21930 21824 21773 21858 21841 21765 21748 21716 21535 21440 21437 21498 21504 21398 21202 20995 21002 21042 21145 21042 20951 20870 20730 20615 20638 20757 20800 20709 20664 20601 20477 20378 20554 20730 20897 20907 20872 20837 21051 21276 21537 21642
20498 20535 20677 20707 20694 20803 20859 20832 20773 20833 20805 20850 20977 21103 21374 21564 21701 21924 22175 22219 22243 22094 21939 21720 21552 21470 21535 21733 21802 21736 21406 21357 21364 21347 21280 21208 21097 21142 21101 21055 21024 21013 21171 21360 21414 21326 21205 21118 21037 20893 20604 20503 20436 20417 20263 20178 20020 19975 20039 20045 20045 20070 20057 20217 20497 20596 20496 20394 20285 20308 20384 20386 20497 20751 21042 21332
20477 20548 20594 20756 20863 20904 20842 20679 20673 20824 20832 20819 20971 21148 21234 21276 21475 21567 21820 21879 21892 21747 21454 21381 21501 21556 21526 21445 21289 21266 21180 21140 21028 20981 20944 21005 21175 21417 21464 21375 21276 21153 21027 20816 20706 20866 20908 20779 20595 20493 20287 20275 20270 20274 20234 20130 20057 20038 20068 20058 20067 20155 20224 20193 20174 20072 20020 19880 20031 20131 20176 20239 20354 20470 20717 20968
20507 20574 20660 20778 20864 20908 20878 20751 20601 20463 20599 20601 20657 20766 20972 21085 21086 21161 21242 21306 21258 21201 21127 21067 21049 21045 20973 20911 20871 20871 20911 20887 20644 20527 20643 20869 21188 21387 21386 21257 21291 21194 21036 20817 20627 20480 20421 20341 20309 20269 20266 20272 20254 20256 20075 19910 19909 20026 20138 20135 19980 19924 19954 19944 19900 19915 19912 19903 20010 20139 20164 20301 20375 20496 20721 20963
20270 20229 20082 20133 20201 20300 20257 20216 20073 20026 19908 19774 19745 19846 20001 20172 20271 20343 20484 20580 20704 20693 20695 20689 20592 20656 20660 20575 20524 20373 20366 20568 20515 20483 20592 20746 20892 20968 21079 21175 21164 20842 20523 20236 20244 20221 20167 20057 20011 20012 19921 19839 19883 19965 20042 20059 20026 20180 20345 20342 20298 20211 20183 20083 19865 20012 20017 20033 20344 20391 20245 20215 20293 20312 20300 20464
20186 20065 20020 19954 19627 19487 19507 19507 19440 19467 19525 19829 19895 19885 19916 19946 20074 20238 20261 20345 20473 20843 21003 20973 20951 20953 20637 20422 20108 19881 19873 19770 19752 19785 20055 20203 20179 20063 20061 20097 20216 20099 20089 19959 19766 19684 19654 19780 19961 20020 20051 20027 20017 20209 20523 20576 20668 20769 20800 20747 20670 20483 20327 20157 19943 20314 20658 20703 20655 20708 20823 20821 20880 20923 20747 20890
19900 19870 19748 19571 19314 19200 19136 19089 19193 19316 19473 19838 19880 19851 20010 19993 20045 20113 20160 20330 20649 20919 21042 20962 20908 20882 20558 20299 20151 20249 20184 20148 20067 19793 19938 19975 20017 19986 20093 20191 20181 20083 20011 20041 20080 20219 20234 20289 20188 20071 20111 20144 20162 20221 20457 20508 20401 20117 20089 20186 19892 19907 19877 19705 19686 20022 20450 20685 20730 20784 20955 21089 21139 21156 21098 20997
19451 19145 18894 18784 18766 18688 18631 18517 18595 18758 18975 19252 19579 19609 19545 19546 19602 19755 19989 20219 20413 20516 20557 20483 20423 20389 20272 20139 20179 20321 20397 20415 20298 20042 20083 20198 20248 20185 20262 20275 20112 20113 20288 20456 20611 20671 20668 20607 20330 20041 20024 19993 20120 20111 20282 20475 20503 20408 20112 20003 19938 19904 19875 19902 20109 20286 20410 20525 20528 20674 20902 21110 21154 21123 21076 20912
19399 19097 18968 18856 18718 18537 18428 18493 18513 18549 18666 18876 18946 19151 19273 19268 19309 19342 19378 19458 19471 19429 19420 19455 19457 19535 19631 19763 19865 19897 19922 19966 19998 19880 19953 20095 20128 20093 19896 19766 19841 19985 20165 20404 20507 20516 20522 20527 20385 20240 20203 20144 20002 19995 20018 20078 20161 20226 20392 20483 20579 20716 20746 20734 20667 20706 20851 20875 20909 21021 21067 21021 21103 21071 21015 20940
19744 19553 19094 18888 18648 18481 18433 18384 18467 18457 18427 18447 18497 18440 18536 18816 19073 19118 19015 18958 18959 18998 19033 19034 19172 19254 19263 19321 19259 19337 19460 19573 19608 19623 19777 19848 19869 19630 19762 19882 19894 19967 19980 19986 20017 20062 20074 20069 20030 19920 19826 19795 19813 19905 19821 19771 19944 19931 19712 19887 20177 20640 20900 20946 21033 21142 21146 21123 20950 20949 20914 20774 20748 20795 20804 20823
19186 19106 18836 18621 18392 18386 18412 18411 18435 18362 18369 18377 18445 18696 18895 19008 19234 19324 19220 19157 19097 19026 19016 19019 19038 19152 19161 19161 19252 19181 19196 19189 19143 19125 19272 19317 19305 19491 19828 19940 19914 19812 19772 19732 19662 19641 19609 19696 19732 19780 19775 19727 19818 19836 19582 19060 18533 18033 17808 17916 18447 19178 19955 20386 20703 20842 20852 20885 20769 20664 20646 20605 20565 20577 20591 20567
18540 18397 18396 18303 18341 18391 18413 18365 18247 18280 18417 18545 18608 18692 18877 18969 19034 19013 19123 19173 19188 19051 18770 18522 18613 18946 19012 19073 19010 19050 19144 19103 19092 19144 19115 19087 19284 19569 19698 19815 19827 19803 19619 19556 19466 19339 19348 19386 19416 19464 19491 19546 19696 19579 19130 18431 17834 17669 17837 17889 18075 18445 19198 19707 20272 20553 20756 20837 20843 20775 20681 20573 20445 20304 20310 20270
18204 18198 18211 18212 18179 18258 18302 18328 18396 18501 18642 18688 18593 18302 18063 17945 17931 18168 18375 18520 18500 18526 18684 18706 18689 18878 18942 19035 19110 19094 18855 18723 18646 18788 18858 18974 19282 19456 19461 19609 19657 19668 19705 19722 19735 19649 19511 19456 19427 19455 19545 19551 19547 19609 19660 19561 19166 19024 18920 18949 19232 19466 20196 20404 20605 20816 20969 20932 20768 20497 20267 20189 20195 20297 20338 20220
18209 18245 18166 18222 18212 18274 18385 18343 18256 18482 18563 18507 18575 18582 18261 17936 17834 18190 18460 18610 18740 19040 19173 19114 19021 19134 19267 19267 19246 19341 19590 19592 19548 19226 18988 18953 19159 19414 19507 19614 19667 19736 19714 19691 19699 19623 19649 19720 19731 19692 19515 19481 19621 19867 20243 20420 20518 20514 20520 20601 20600 20493 20513 20635 20695 20759 20806 20779 20605 20515 20532 20397 20272 20274 20331 20285
18069 18074 18104 18134 18160 18124 18205 18218 18236 18368 18590 18613 18693 19146 19384 19339 19251 19216 19230 19132 18928 18709 18812 18823 19041 19124 19260 19438 19502 19472 19146 19346 19629 19709 19702 19550 19498 19642 19643 19559 19583 19602 19563 19569 19525 19638 19813 19928 20028 19985 20129 20117 20032 20187 20364 20401 20394 20384 20365 20349 20332 20305 20175 20189 20234 20318 20354 20478 20469 20604 20736 20760 20724 20513 20489 20428
18075 18024 18018 18061 18046 18067 18151 18156 18139 18273 18327 18438 18706 19263 19534 19533 19480 19373 19297 19149 18994 19017 19093 19095 19028 18979 19185 19354 19396 19362 19315 19390 19636 19681 19618 19483 19560 19717 19679 19491 19529 19607 19545 19608 19604 19750 19859 19916 20018 20176 20412 20503 20508 20516 20508 20492 20470 20391 20377 20310 20361 20340 20269 20114 20050 20040 20179 20299 20352 20380 20418 20409 20396 20472 20477 20401
18228 18218 18033 18161 18241 18393 18398 18257 18283 18461 18669 18779 18891 19059 19177 19234 19113 19264 19305 19225 19192 19187 19132 19159 19066 19008 19082 19167 19179 19209 19370 19397 19356 19364 19332 19298 19045 19064 19166 19203 19427 19567 19638 19672 19725 19907 20004 20129 20245 20279 20231 20541 20567 20475 20417 20383 20446 20441 20455 20505 20592 20528 20371 20209 20141 20267 20539 20595 20561 20404 19989 20018 20295 20337 20427 20525
18237 18242 18278 18338 18383 18310 18268 18307 18328 18318 18453 18663 18913 19080 19143 19231 19239 19099 18950 18888 18883 18979 19197 19252 19185 19118 19092 18971 18955 18985 19107 19151 19354 19543 19615 19574 19322 19342 19435 19534 19514 19320 19320 19628 19929 20001 19954 19708 19165 19318 19374 19277 18820 18090 17702 17673 18164 18619 19320 20009 20575 20587 20365 20211 19834 19589 20241 20432 20637 20633 20396 20332 20517 20574 20585 20727
18232 18240 18262 18291 18345 18306 18429 18478 18473 18526 18532 18602 19009 19037 18998 18548 18010 17600 17510 17468 17538 17555 17816 18144 18775 19199 19389 19251 19096 19132 19048 19072 19109 19302 19348 19382 19349 19398 19469 19533 19618 19668 19737 19728 19712 19644 19667 20001 20427 20528 20276 19535 18769 18010 17478 17248 17784 18360 19119 19948 20600 20560 20218 20014 19998 19841 19859 19830 19759 19722 19600 19494 19367 19495 19917 20311
18214 18211 18161 18179 18381 18426 18524 18626 18602 18620 18804 18879 19145 19203 18871 18320 17817 17499 17468 17447 17540 17664 17952 18481 19082 19593 19652 19499 19276 19248 19231 19309 19299 19378 19483 19534 19691 19650 19416 19237 19182 19429 19513 19533 19719 19880 19991 20031 20270 20248 20271 20456 20366 19958 19770 19643 19981 20279 20652 20815 20775 20627 20311 20138 19862 19648 19360 19126 18960 18939 18937 18963 18954 18856 18800 18892
18299 18188 18253 18449 18503 18473 18493 18625 18607 18603 18691 18885 19074 19166 18990 18894 18793 18438 18133 18141 18569 18954 19230 19488 19567 19606 19590 19414 19159 19033 19126 19292 19315 19396 19531 19665 19885 19761 19512 19724 19703 19567 19547 19583 19709 19848 19927 19899 20000 20162 20338 20562 20590 20566 20566 20718 20817 20767 20591 20529 20416 20248 19986 19805 19792 19845 19703 19410 19193 18943 18771 18694 18468 18436 18461 18505
18411 18480 18491 18435 18391 18337 18402 18464 18530 18547 18582 18589 18735 18752 18841 19119 19219 19199 19339 19551 19611 19782 19964 19969 19690 19452 19404 19398 19358 19390 19405 19428 19556 19666 19886 20038 20052 19836 19673 19945 20001 19693 19456 19628 19819 19841 19821 19789 19815 19821 19847 19887 20091 20207 20198 20223 20423 20486 20492 20407 20244 20262 20243 20319 20408 20358 20204 19969 19773 19689 19468 19109 18665 18465 18471 18497
18277 18299 18340 18325 18304 18375 18354 18325 18410 18421 18534 18645 18750 18735 18814 19019 19014 19122 19233 19485 19603 19873 19949 20008 20108 20157 20122 20018 20038 19998 19806 19810 19903 20090 20306 20356 20326 20244 20040 19995 19961 19733 19672 19764 19669 19596 19714 19736 19659 19687 19678 19620 19591 19669 19843 20047 20113 20088 19981 19957 20097 20069 20246 20338 20365 20396 20483 20451 20277 20125 20033 19880 19435 19089 18655 18541
18333 18328 18317 18183 18169 18335 18447 18481 18489 18560 18669 18684 18755 18880 18975 19096 19286 19534 19742 19815 19874 19897 19944 20039 20037 20042 19888 19813 19845 19790 19564 19434 19600 19789 20108 20322 20320 20240 20071 19996 19960 19886 19853 19843 19788 19579 19631 19657 19663 19644 19697 19745 19781 19778 19794 19896 20010 20016 19975 19915 20101 20100 20270 20324 20334 20370 20468 20476 20295 20112 20031 20048 19916 19810 19573 19263
