Alternative/Moon/Lvl0_30x30/Ele_AA.asc
ncols         335
nrows         335
xllcorner     -20042508.343
yllcorner     6672833.042
cellsize      10000
nodata_value  -9999.0
[rows 68 to 101 of 335, columns 231 to 307 of 335]
14468 14512 14519 14549 14631 14694 14754 14729 14747 14735 14739 14696 14688 14670 14646 14598 14591 14632 14546 14566 14538 14620 14645 14702 14702 14755 14749 14464 14758 14709 14665 14653 14688 14736 14702 14672 14697 14749 14737 14785 14731 14709 14631 14619 14534 14484 14420 14402 14372 14395 14327 14277 14243 14223 14220 14219 14206 14216 14207 14230 14165 14161 14185 14171 14149 14148 14156 14170 14170 14186 14192 14193 14191 14167 14148 14142 14139
14573 14566 14568 14564 14526 14522 14506 14507 14487 14469 14465 14436 14420 14449 14482 14455 14457 14457 14481 14533 14562 14583 14587 14536 14521 14508 14499 14458 14449 14376 14375 14328 14322 14338 14309 14323 14346 14335 14305 14286 14316 14327 14321 14311 14289 14283 14308 14278 14283 14282 14247 14228 14212 14213 14214 14217 14207 14193 14210 14222 14232 14240 14248 14257 14255 14236 14189 14207 14239 14263 14243 14251 14236 14271 14301 14280 14265
14487 14485 14488 14504 14511 14524 14557 14594 14599 14650 14688 14676 14627 14581 14595 14549 14503 14448 14434 14429 14425 14425 14435 14424 14416 14407 14413 14387 14329 14376 14378 14350 14322 14322 14342 14341 14330 14298 14259 14253 14252 14267 14319 14323 14300 14271 14298 14294 14277 14292 14283 14247 14249 14252 14248 14245 14232 14240 14267 14302 14341 14350 14319 14308 14319 14329 14330 14342 14342 14382 14375 14376 14365 14366 14364 14367 14361
14410 14422 14419 14406 14380 14328 14332 14331 14301 14384 14317 14313 14289 14268 14302 14311 14314 14253 14205 14218 14226 14211 14197 14203 14154 14185 14166 14177 14160 14192 14192 14161 14150 14111 14145 14180 14189 14202 14198 14225 14242 14246 14262 14248 14249 14238 14217 14245 14249 14251 14267 14275 14286 14375 14416 14395 14402 14387 14330 14307 14301 14354 14399 14407 14381 14335 14353 14359 14342 14290 14293 14314 14281 14320 14289 14258 14259
14348 14355 14357 14391 14395 14347 14332 14342 14345 14371 14399 14414 14402 14378 14375 14312 14336 14347 14362 14359 14354 14343 14329 14267 14271 14237 14213 14224 14258 14273 14284 14301 14286 14264 14272 14254 14282 14315 14283 14298 14325 14367 14375 14353 14273 14259 14258 14264 14267 14339 14344 14381 14404 14437 14464 14488 14469 14421 14369 14354 14361 14369 14389 14409 14392 14354 14410 14412 14480 14493 14501 14482 14409 14395 14441 14469 14483
14346 14360 14369 14345 14306 14347 14354 14367 14384 14402 14408 14445 14444 14412 14405 14381 14347 14338 14341 14337 14334 14322 14315 14267 14269 14237 14240 14254 14260 14264 14261 14257 14205 14202 14217 14226 14222 14251 14287 14289 14264 14235 14275 14293 14281 14257 14266 14297 14363 14358 14296 14291 14286 14259 14286 14289 14234 14269 14259 14316 14391 14412 14409 14386 14335 14277 14221 14219 14190 14229 14242 14264 14368 14345 14435 14477 14532
14285 14272 14248 14242 14253 14236 14211 14217 14220 14215 14219 14222 14228 14216 14192 14200 14200 14185 14231 14295 14334 14340 14329 14276 14217 14222 14191 14166 14149 14139 14139 14145 14137 14123 14150 14180 14187 14182 14197 14212 14215 14225 14198 14203 14209 14235 14243 14269 14309 14317 14321 14340 14344 14322 14319 14328 14349 14349 14348 14345 14357 14379 14366 14386 14438 14461 14481 14513 14576 14592 14601 14576 14562 14550 14548 14511 14511
14229 14237 14238 14184 14164 14173 14246 14282 14275 14263 14222 14173 14181 14215 14240 14270 14276 14368 14402 14404 14424 14427 14430 14423 14363 14308 14317 14315 14305 14279 14246 14264 14319 14274 14387 14345 14298 14292 14293 14278 14313 14352 14381 14373 14318 14239 14222 14240 14238 14251 14296 14329 14426 14468 14466 14440 14449 14490 14504 14522 14566 14585 14541 14507 14473 14461 14474 14480 14492 14456 14441 14449 14490 14545 14572 14593 14595
14417 14416 14405 14378 14395 14409 14377 14357 14354 14346 14363 14407 14436 14441 14433 14372 14338 14386 14386 14352 14336 14327 14310 14273 14312 14391 14418 14449 14466 14465 14493 14505 14503 14520 14556 14569 14563 14531 14465 14429 14433 14453 14467 14475 14496 14488 14531 14546 14564 14600 14608 14601 14591 14625 14635 14652 14654 14629 14660 14691 14670 14642 14614 14615 14634 14621 14611 14558 14515 14555 14548 14616 14652 14746 14791 14803 14793
14511 14478 14414 14377 14371 14364 14347 14354 14345 14362 14391 14413 14447 14442 14446 14368 14372 14362 14326 14356 14361 14370 14409 14441 14491 14530 14512 14469 14479 14478 14490 14476 14459 14499 14532 14506 14521 14512 14467 14421 14409 14395 14377 14418 14471 14479 14470 14484 14510 14539 14567 14570 14579 14614 14653 14707 14728 14761 14816 14855 14900 14897 14880 14872 14822 14748 14744 14753 14720 14704 14690 14709 14771 14795 14910 14972 15089
14417 14340 14323 14345 14346 14357 14367 14338 14326 14333 14352 14353 14334 14322 14301 14275 14280 14281 14317 14336 14353 14409 14439 14451 14484 14523 14513 14494 14472 14488 14467 14463 14455 14440 14422 14401 14400 14425 14469 14509 14544 14542 14555 14555 14594 14584 14595 14598 14601 14611 14622 14628 14638 14622 14692 14740 14816 14851 14883 14907 14930 14924 14909 14924 14960 14932 14928 14916 14917 14878 14892 14949 15014 15092 15157 15191 15234
14456 14415 14313 14292 14244 14251 14282 14303 14415 14375 14349 14373 14376 14356 14363 14378 14410 14428 14417 14396 14425 14417 14419 14398 14356 14302 14283 14264 14247 14240 14276 14311 14305 14346 14377 14397 14481 14667 14800 14867 14953 14990 15094 15096 15022 14794 14888 14870 14913 14905 14876 14844 14854 14887 14941 14971 15040 15115 15178 15349 15389 15493 15539 15596 15568 15621 15660 15700 15671 15530 15465 15565 16031 16006 15688 15743 15809
15427 15377 15331 15320 15352 15266 15174 15026 14957 14959 14941 14883 14838 14749 14673 14610 14588 14571 14595 14561 14593 14562 14628 14620 14628 14611 14639 14749 14863 14877 14869 14875 14980 15059 15089 15242 15316 15400 15393 15422 15443 15435 15387 15353 15305 15261 15172 15130 15142 15133 15100 15085 15039 15091 15210 15333 15399 15584 15696 15805 15882 16029 16170 16278 16274 16431 16447 16521 16485 16523 16575 16469 16969 16722 16595 16702 16775
15807 15740 15596 15497 15465 15432 15333 15242 15147 15117 15064 14992 14922 14824 14850 14883 14978 14956 14978 14984 15014 15074 15147 15237 15337 15410 15569 15660 15727 15723 15778 15801 15815 15783 15774 15769 15731 15745 15754 15720 15663 15624 15617 15613 15571 15659 15529 15342 15321 15252 15204 15157 15196 15250 15325 15414 15480 15611 15752 15908 16083 16327 16502 16667 16834 16942 17005 17038 17068 17048 17024 16999 16959 16941 16876 16926 17024
16293 16202 16056 15983 15827 15739 15591 15757 15578 15625 15538 15568 15625 15676 15822 16107 16018 15949 15957 15770 15805 15896 15935 16044 16076 16106 16189 16268 16297 16434 16390 16467 16412 16517 16599 16621 16672 16676 16704 16711 16697 16722 16647 16582 16548 16690 16650 16456 16452 16278 16175 16160 16012 16067 16020 16017 16117 16233 16376 16506 16790 16857 17016 17091 17149 17208 17242 17255 17245 17266 17251 17260 17253 17272 17353 17356 17439
17278 17216 17189 17086 17009 16939 16826 16729 16641 16492 16400 16435 16480 16549 16618 16655 16698 16755 16804 16959 16924 16964 16991 17016 17068 17044 17054 17033 16996 16951 16935 16962 17015 17033 17039 17045 17048 16977 16968 16963 16981 16995 17044 17064 17134 17122 17116 17166 17160 17167 17187 17174 17181 17224 17271 17369 17183 17186 17295 17268 17360 17393 17406 17431 17485 17517 17517 17544 17576 17645 17702 17702 17736 17798 17974 18024 18133
18150 18041 18008 17810 17674 17653 17538 17471 17431 17339 17300 17230 17282 17402 17463 17591 17587 17672 17629 17596 17592 17577 17616 17664 17640 17708 17605 17665 17514 17441 17508 17555 17589 17622 17624 17615 17559 17503 17459 17418 17397 17383 17353 17309 17297 17335 17339 17327 17304 17412 17497 17553 17653 17725 17864 17865 17947 17884 17892 17844 17833 17848 17864 17918 17899 17817 17845 17860 17911 18017 18159 18232 18329 18454 18558 18678 18784
19193 19046 18887 18741 18555 18353 18177 17965 17893 17965 17933 17996 18088 18305 18497 18703 18765 18902 18738 18810 18729 18771 18794 18771 18791 18661 18540 18427 18359 18235 18136 18154 18156 18129 18115 18039 17981 17858 17748 17656 17649 17648 17637 17656 17672 17747 17738 17759 17820 17892 18039 18115 18140 18188 18208 18182 18166 18124 18083 18011 17993 17996 18020 18075 18166 18269 18376 18463 18511 18555 18603 18664 18743 18865 18980 19079 19167
19443 19484 19492 19393 19390 19343 19255 19223 19161 19250 19376 19268 19330 19392 19402 19414 19474 19495 19545 19526 19535 19520 19393 19270 19210 19111 19037 18925 18742 18555 18453 18461 18359 18446 18468 18627 18730 18683 18732 18735 18650 18629 18574 18552 18489 18482 18364 18358 18367 18295 18317 18269 18245 18221 18240 18223 18294 18311 18347 18363 18388 18421 18459 18493 18550 18641 18686 18749 18761 18853 18971 19095 19168 19275 19350 19454 19554
20114 20107 20125 20165 20187 20172 20160 20107 20080 20010 19894 19815 19761 19686 19589 19463 19404 19404 19449 19507 19559 19550 19452 19435 19360 19314 19293 19246 19282 19317 19330 19519 19630 19662 19772 19819 19816 19749 19675 19655 19611 19624 19620 19608 19666 19643 19687 19573 19478 19454 19211 19149 19065 19041 18990 19033 19016 18886 19034 19021 18996 19013 19023 19034 19041 19051 19104 19185 19373 19420 19589 19673 19767 19871 19922 20047 20176
20290 20309 20283 20213 20202 20235 20197 20111 20048 20049 20082 20089 20056 20034 20004 19927 19878 19793 19737 19712 19723 19773 19839 19801 19823 19880 19927 19989 20026 19995 19975 19949 20068 20204 20344 20403 20399 20423 20438 20447 20453 20464 20429 20388 20396 20363 20363 20377 20332 20351 20374 20492 20415 20418 20413 20441 20455 20332 20301 20190 20156 20032 19972 20022 19973 20013 20076 20160 20204 20223 20209 20238 20279 20294 20314 20311 20322
20817 20794 20664 20554 20468 20414 20365 20345 20341 20373 20372 20415 20391 20365 20367 20336 20404 20442 20546 20560 20615 20613 20779 20784 20784 20749 20756 20738 20688 20706 20699 20628 20637 20621 20551 20529 20492 20471 20458 20504 20537 20545 20508 20476 20463 20461 20441 20444 20459 20536 20617 20668 20656 20647 20660 20665 20653 20639 20633 20571 20482 20397 20366 20281 20215 20213 20206 20182 20216 20241 20222 20229 20241 20256 20317 20329 20351
21037 20881 20926 20910 20970 21003 21104 21166 21148 21179 21155 21216 21186 21139 21099 21056 21093 21272 21432 21532 21652 21780 21908 21804 21804 21756 21738 21640 21484 21388 21305 21173 21122 21027 20986 21037 21181 21209 21212 21204 21067 20936 20856 20827 20687 20653 20676 20619 20608 20538 20544 20539 20525 20515 20493 20502 20510 20518 20477 20423 20356 20306 20223 20114 20031 19992 19997 19995 20042 20109 20063 20039 20022 20080 20199 20246 20350
21509 21447 21374 21270 21203 21222 21236 21309 21316 21272 21345 21509 21595 21770 21890 22002 22042 22019 22066 22067 22052 22052 22050 21930 21886 21897 21882 21820 21821 21831 21748 21645 21501 21438 21387 21444 21394 21363 21358 21363 21317 21224 21143 21076 20997 20999 20991 20984 20955 20898 20840 20793 20783 20696 20652 20565 20534 20492 20461 20411 20335 20284 20219 20153 20180 20197 20200 20233 20227 20129 20039 20016 20020 19998 19986 20033 20133
21342 21367 21397 21416 21407 21427 21479 21568 21663 21747 21894 21990 22019 22027 22022 22019 22054 22041 22023 21985 22006 22057 22072 22018 22092 22155 22228 22230 22196 22163 22159 22137 22066 21961 21897 21802 21633 21481 21294 21174 21002 20881 20844 20807 20829 20898 20880 20879 20807 20651 20495 20342 20218 20111 19994 20044 20025 19972 20007 20027 20035 20019 20024 20054 20143 20149 20099 19961 19927 19906 19907 19818 19797 19760 19738 19772 19821
21402 21365 21397 21390 21377 21432 21497 21574 21631 21704 21778 21853 21876 21810 21791 21764 21705 21702 21625 21615 21690 21700 21778 21742 21837 21934 22071 22152 22187 22200 22205 22126 22053 21893 21820 21661 21464 21268 21061 20913 20744 20652 20621 20714 20772 20774 20825 20774 20691 20563 20481 20432 20336 20289 20250 20213 20215 20265 20329 20319 20325 20287 20286 20278 20269 20213 20214 20154 20055 20000 19904 19906 19881 19780 19657 19644 19692
21658 21650 21602 21492 21387 21325 21269 21252 21267 21259 21243 21215 21213 21187 21105 21026 21052 21155 21290 21435 21577 21688 21768 21797 21820 21842 21797 21713 21639 21613 21463 21348 21311 21145 20999 21012 20907 20861 20786 20725 20633 20563 20561 20515 20490 20441 20455 20463 20463 20480 20548 20539 20487 20502 20524 20515 20544 20567 20568 20589 20671 20685 20637 20547 20488 20410 20317 20206 20124 20078 19990 19976 19953 19856 19710 19629 19483
22107 22031 21892 21809 21769 21687 21596 21555 21438 21307 21196 21099 21065 20972 20877 20759 20841 21012 21194 21321 21341 21381 21345 21291 21241 21195 20961 20912 20824 20760 20690 20650 20594 20594 20644 20789 20949 21087 21102 21067 20999 20957 20887 20792 20686 20575 20453 20426 20490 20557 20560 20570 20504 20370 20299 20229 20185 20351 20432 20472 20589 20647 20641 20577 20545 20467 20332 20232 20115 19993 19802 19702 19615 19508 19472 19397 19311
22110 22035 21946 21896 21863 21758 21581 21466 21300 21192 21067 20904 20803 20723 20690 20814 20902 21032 21110 21126 21117 21090 20988 20804 20613 20462 20331 20290 20335 20377 20420 20441 20611 20736 20828 20889 20966 21048 21067 21029 20879 20757 20616 20480 20414 20288 20247 20201 20108 20165 20139 20181 20172 20207 20231 20232 20181 20076 19997 19986 20057 19970 19916 19941 19961 19981 19950 19893 19766 19685 19598 19546 19509 19576 19602 19596 19529
21476 21487 21511 21482 21474 21464 21307 21206 21110 20952 20768 20613 20575 20532 20483 20479 20541 20515 20513 20487 20399 20297 20262 20217 20152 20107 20094 20080 20082 20174 20288 20414 20516 20650 20744 20792 20809 20779 20752 20650 20643 20453 20348 20186 20054 19920 19893 19901 19905 19904 19841 19810 19869 19950 19949 19956 19966 19950 19919 19901 19914 19948 19953 19927 19894 19862 19856 19995 20088 20133 20075 20008 19900 19818 19756 19700 19629
20731 20642 20635 20667 20640 20628 20596 20609 20618 20588 20554 20498 20421 20345 20278 20280 20258 20219 20162 20125 20130 20108 20105 20168 20240 20329 20378 20378 20326 20341 20360 20363 20366 20396 20418 20422 20442 20436 20434 20324 20219 20048 19950 19883 19878 19876 19888 19929 19943 19938 19917 19879 19837 19801 19795 19819 19821 19837 19816 19832 19835 19896 19978 20022 20080 20191 20338 20396 20428 20442 20409 20352 20240 20197 20134 20107 20057
20499 20435 20441 20424 20421 20343 20388 20430 20485 20486 20469 20371 20301 20252 20206 20157 20122 20106 20100 20112 20108 20088 20126 20201 20283 20354 20376 20373 20324 20339 20357 20342 20326 20375 20396 20390 20348 20298 20186 20095 20053 19980 19934 19952 19979 19981 19943 19933 19933 19954 19974 19943 19978 19988 19973 19973 19982 19993 20031 20128 20226 20510 20635 20735 20788 20802 20782 20802 20759 20695 20655 20685 20706 20755 20772 20797 20788
20146 20168 20224 20265 20278 20259 20258 20244 20221 20219 20172 20120 20124 20103 20092 20100 20061 19994 19998 20024 20001 20002 20002 20000 19999 19983 19955 19995 20026 20044 20041 20055 20069 20108 20138 20086 20083 20076 20049 19991 19920 19922 19924 19934 19967 19970 19980 19994 19986 19965 19978 20058 20231 20354 20537 20512 20502 20522 20577 20626 20730 20886 20954 21030 21162 21253 21270 21243 21229 21215 21286 21361 21440 21452 21462 21452 21513
20257 20360 20334 20444 20542 20568 20530 20512 20510 20567 20429 20365 20302 20146 20162 20087 20065 20090 20100 20107 20094 20118 20046 20072 20035 20019 20031 20047 19999 19983 20042 20019 20043 20019 19991 20001 20011 20002 20022 20005 20018 19994 19990 19995 19985 20000 20043 20082 20131 20225 20423 20485 20669 20834 20968 21045 21061 21033 21047 21088 21124 21190 21186 21095 21152 21184 21158 21162 21165 21187 21261 21336 21417 21496 21571 21635 21765
