Alternative/Moon/Lvl0_30x30/Ele_AH.asc
ncols         335
nrows         335
xllcorner     3407491.657
yllcorner     6672833.042
cellsize      10000
nodata_value  -9999.0
[rows 34 to 67 of 335, columns 154 to 230 of 335]
19613 19589 19566 19554 19529 19512 19478 19461 19454 19434 19391 19365 19311 19264 19208 19154 19093 19063 19085 19046 19075 19062 19137 19149 19124 19117 19139 19175 19214 19274 19320 19311 19313 19304 19275 19251 19218 19198 19169 19148 19134 19119 19122 19103 19079 19084 19069 19033 19044 19023 19027 19024 19024 19005 18998 18998 19000 19012 19031 19043 19065 19065 19071 19052 19040 19034 19033 19037 19041 19053 19042 19049 19049 19048 19048 19036 19046
19346 19351 19315 19266 19197 19081 19141 19224 19237 19248 19228 19189 19157 19218 19240 19259 19243 19215 19210 19216 19204 19201 19222 19219 19207 19221 19166 19149 19088 19149 19157 19183 19185 19171 19142 19111 19081 19049 19044 19078 19078 19066 19029 19024 19075 19112 19088 19059 19047 19037 19032 19030 19037 19014 18967 18974 18963 18937 18981 19017 19038 19050 19040 19035 19028 19031 19030 19026 19019 19013 19019 19013 19023 19033 19056 19087 19103
19065 19064 19098 19113 19162 19184 19222 19273 19275 19237 19186 19168 19140 19138 19126 19129 19132 19127 19122 19105 19124 19142 19145 19138 19114 19102 19093 19080 19087 19101 19103 19107 19091 19100 19088 19065 19045 19036 19025 19029 19029 19019 19019 19009 18999 19001 18985 18972 18991 18978 18966 18970 18967 18967 18966 18975 18975 18950 18956 18953 18973 18994 19001 18998 18982 18970 18977 18970 18978 19005 18993 18981 18995 19016 19043 19051 19031
19077 19066 19078 19068 19046 19039 19024 19022 19007 19022 19024 19091 19133 19169 19141 19110 19070 19017 18990 18992 18992 19009 19014 19020 19020 19029 19045 19032 19028 19028 19044 19041 19030 18994 19026 19016 19012 19021 18996 19024 19037 19047 19043 19050 19055 19108 19155 19224 19269 19310 19350 19367 19388 19397 19369 19339 19294 19244 19205 19185 19191 19213 19219 19241 19230 19192 19166 19170 19154 19136 19156 19159 19173 19150 19169 19168 19168
19145 19149 19147 19141 19122 19125 19139 19136 19095 19079 19107 19031 18998 18931 18917 18945 18975 19002 19037 19055 19050 19044 19047 19064 19075 19085 19012 18968 19008 18997 19044 19072 19121 19145 19147 19155 19153 19163 19152 19139 19123 19154 19172 19200 19215 19243 19261 19292 19319 19354 19397 19428 19447 19473 19481 19473 19449 19396 19370 19278 19212 19146 19134 19092 19046 19044 19010 19074 19036 19083 19186 19243 19269 19239 19232 19234 19194
19877 19780 19655 19532 19464 19404 19327 19248 19221 19185 19204 19212 19208 19176 19135 19114 19077 19066 19042 19057 19061 19083 19100 19125 19157 19141 19067 18927 18853 18751 18700 18777 18893 18911 19026 18988 19001 19146 19130 19224 19235 19320 19282 19285 19318 19340 19321 19278 19233 19191 19231 19242 19228 19223 19194 19187 19190 19190 19214 19204 19189 19207 19198 19187 19210 19210 19188 19209 19220 19219 19211 19193 19187 19169 19192 19193 19193
20310 20197 20073 19963 19888 19822 19774 19748 19743 19750 19707 19713 19648 19621 19594 19578 19578 19613 19522 19517 19496 19459 19411 19382 19361 19322 19329 19266 19255 19252 19257 19251 19245 19240 19217 19240 19240 19252 19260 19223 19259 19264 19260 19247 19251 19244 19230 19231 19228 19209 19191 19167 19142 19113 19096 19077 19066 19033 19056 19066 19057 19039 19034 19032 19068 19131 19225 19306 19379 19461 19459 19446 19399 19301 19237 19141 19101
20250 20298 20314 20330 20319 20287 20217 20130 20078 20045 20042 20029 20030 20083 20144 20192 20177 20228 20287 20298 20311 20343 20264 20203 20167 20104 20031 20003 19973 19947 19886 19842 19788 19695 19626 19607 19570 19550 19530 19513 19522 19532 19561 19533 19518 19553 19624 19619 19602 19577 19575 19555 19506 19452 19426 19347 19293 19276 19253 19285 19335 19368 19369 19323 19410 19483 19551 19627 19693 19737 19752 19705 19668 19564 19441 19299 19175
20602 20601 20606 20627 20636 20624 20630 20583 20561 20569 20565 20555 20573 20593 20619 20630 20657 20681 20692 20695 20658 20576 20511 20452 20433 20370 20299 20153 20106 20012 19929 19877 19820 19746 19621 19571 19540 19498 19438 19340 19303 19205 19121 19071 19110 19173 19140 19146 19095 19075 19069 19088 19078 18977 18943 18955 18909 18878 18865 18873 18910 18991 18991 19013 18992 19056 19045 19092 19115 19154 19200 19101 19139 19176 19130 19024 18955
20425 20402 20380 20366 20376 20356 20352 20343 20336 20330 20354 20327 20295 20268 20226 20239 20077 20015 19984 19873 19800 19742 19605 19528 19439 19341 19220 19088 18918 18765 18606 18483 18345 18158 18036 17871 17770 17609 17480 17409 17267 17211 17128 17105 16997 16997 16933 16932 16888 16875 16866 16864 16888 16902 16913 16923 16936 16951 16977 16966 16984 17002 16998 16986 16962 16979 17041 17073 17126 17193 17280 17369 17483 17543 17652 17761 17850
19872 19784 19683 19634 19558 19472 19409 19338 19301 19153 19093 18968 18884 18767 18742 18603 18496 18386 18308 18183 18121 18065 18046 18008 17992 17998 17998 17959 17860 17823 17752 17660 17580 17472 17337 17251 17185 17119 17065 17006 16978 16958 16948 16941 16928 16908 16899 16934 16952 16939 16955 16892 16873 16852 16780 16774 16778 16786 16816 16827 16824 16821 16829 16841 16827 16818 16842 16850 16870 16885 16909 16999 17036 17128 17221 17323 17396
19378 19333 19277 19045 19000 18919 18712 18569 18542 18300 18178 18072 17906 17818 17726 17669 17627 17576 17522 17456 17427 17394 17359 17322 17277 17239 17205 17139 17101 17048 17014 17034 17069 17091 17110 17118 17116 17070 17018 16970 16888 16847 16797 16767 16890 16812 16893 17051 17035 17151 17222 17229 17206 17196 17168 17151 17093 17031 17027 16990 16953 16993 17036 16997 16967 16940 16913 16884 16879 16873 16898 16933 16930 16937 16958 16961 16967
20510 20425 20366 20259 20131 19900 19770 19612 19396 19302 19096 18961 18750 18579 18357 18140 17959 17807 17506 17372 17274 17186 17202 17078 16981 16936 16992 16957 16981 16998 17047 17076 17138 17195 17239 17268 17245 17270 17263 17264 17261 17219 17214 17172 17199 17190 17202 17214 17165 17190 17151 17124 17090 17069 17005 17091 17098 17193 17234 17272 17270 17264 17240 17199 17186 17168 17159 17179 17173 17140 17124 17078 17116 17123 17130 17184 17222
20427 20468 20475 20464 20456 20456 20439 20391 20378 20281 20188 20063 19940 19824 19667 19545 19444 19245 19090 18924 18779 18620 18453 18297 18185 17987 17918 17809 17749 17652 17580 17549 17531 17499 17469 17439 17418 17407 17398 17395 17388 17379 17368 17348 17335 17295 17289 17289 17292 17287 17275 17263 17259 17254 17263 17264 17258 17256 17268 17264 17244 17232 17230 17236 17234 17229 17255 17277 17288 17255 17253 17223 17225 17257 17279 17297 17290
20276 20304 20318 20298 20317 20269 20263 20151 20119 20093 20128 20106 20091 20050 19936 19812 19686 19528 19336 19113 18977 18783 18563 18426 18237 18063 17932 17850 17778 17723 17655 17622 17604 17583 17601 17502 17507 17425 17377 17360 17364 17308 17334 17300 17359 17314 17328 17367 17383 17384 17398 17412 17428 17438 17437 17430 17436 17442 17429 17386 17351 17285 17252 17244 17253 17270 17285 17355 17412 17447 17441 17453 17458 17455 17448 17469 17501
19937 19906 19943 19932 19925 19954 19895 19845 19798 19821 19691 19605 19565 19492 19371 19214 19091 18956 18819 18732 18754 18793 18812 18813 18825 18810 18804 18796 18767 18691 18717 18678 18614 18636 18569 18584 18598 18538 18476 18323 18373 18204 18261 18225 18205 18159 18095 18092 18191 18113 18096 18122 18056 17961 17922 17821 17916 17896 17906 18031 18131 18201 18203 18252 18316 18396 18383 18303 18264 18183 18071 18016 17979 18055 18106 18218 18333
19722 19667 19632 19537 19434 19371 19266 19221 19158 19088 19047 19055 19074 19125 19165 19190 19219 19251 19271 19299 19324 19360 19385 19432 19457 19480 19490 19531 19563 19579 19633 19669 19743 19769 19808 19818 19822 19820 19724 19699 19618 19546 19437 19324 19254 19135 19048 19065 18977 18936 18891 18865 18817 18849 18767 18771 18676 18667 18630 18621 18658 18710 18806 18892 18911 18969 19051 19122 19135 19275 19299 19402 19400 19358 19390 19420 19468
19358 19381 19410 19421 19412 19418 19396 19401 19392 19421 19448 19493 19542 19600 19663 19738 19740 19775 19780 19807 19808 19806 19785 19748 19741 19743 19741 19746 19705 19708 19704 19733 19793 19849 19862 19857 19855 19901 19881 19886 19871 19852 19835 19833 19820 19801 19727 19635 19647 19615 19600 19565 19538 19526 19501 19534 19519 19622 19613 19592 19680 19797 19842 19906 19953 19974 20032 20081 20113 20146 20189 20209 20240 20282 20313 20350 20365
19746 19716 19670 19616 19581 19543 19519 19504 19506 19519 19539 19584 19627 19669 19718 19778 19815 19833 19845 19844 19826 19805 19794 19774 19772 19749 19713 19657 19656 19623 19627 19617 19582 19562 19492 19514 19554 19570 19645 19669 19661 19698 19676 19653 19641 19630 19627 19652 19659 19626 19580 19490 19525 19610 19718 19833 19934 20037 20153 20205 20276 20335 20382 20414 20427 20431 20410 20381 20378 20358 20350 20333 20327 20321 20301 20295 20304
19596 19572 19549 19567 19614 19581 19604 19664 19661 19683 19762 19791 19849 19805 19864 19869 19887 19897 19926 19902 19882 19826 19791 19779 19745 19743 19811 19917 19950 20063 20105 20148 20156 20178 20222 20259 20293 20341 20339 20351 20381 20413 20420 20393 20385 20381 20366 20340 20326 20337 20255 20261 20247 20267 20270 20301 20263 20264 20249 20224 20173 20142 20122 20090 20120 20171 20254 20272 20278 20261 20213 20169 20132 20067 19979 19897 19831
20087 20104 20116 20104 20132 20184 20203 20225 20220 20199 20235 20193 20168 20152 20126 20103 20102 20070 20114 20145 20198 20219 20220 20235 20255 20312 20337 20350 20362 20369 20387 20376 20382 20381 20433 20471 20470 20485 20523 20535 20531 20547 20557 20554 20532 20523 20523 20504 20497 20463 20474 20449 20413 20367 20398 20442 20445 20453 20422 20406 20468 20475 20529 20540 20563 20572 20583 20538 20519 20499 20466 20373 20297 20171 20069 19882 19802
20113 20075 20014 19939 19906 19831 19804 19780 19767 19801 19870 19897 19896 19896 19876 19894 19878 19900 19946 19990 20051 19991 19999 20038 20018 20005 20093 20026 20083 20038 20001 20078 19961 19945 19928 19818 19642 19636 19508 19506 19446 19458 19492 19463 19334 19153 19177 19010 19102 19047 19158 19255 19183 19190 19345 19378 19462 19587 19718 19840 19953 20133 20235 20387 20491 20544 20600 20612 20599 20567 20528 20527 20510 20438 20363 20245 20175
18790 18823 18720 18791 18667 18651 18600 18506 18491 18345 18320 18280 18205 18219 18145 18138 18047 18032 17904 17862 17831 17794 17698 17743 17831 17687 17721 17940 17933 17765 17779 17760 17791 17797 17884 17799 17859 17852 17870 17988 17982 17975 17955 18057 17968 17984 17997 17923 17928 17909 17898 17913 17953 18002 18048 18110 18164 18365 18457 18657 18777 19010 19200 19349 19562 19723 19977 20145 20246 20386 20504 20549 20550 20502 20431 20330 20220
17572 17562 17506 17487 17462 17435 17444 17420 17437 17426 17377 17324 17304 17277 17280 17311 17303 17310 17255 17185 17170 17191 17214 17287 17302 17335 17394 17419 17430 17418 17409 17330 17317 17355 17371 17398 17408 17366 17333 17304 17388 17454 17480 17463 17441 17451 17441 17412 17439 17471 17556 17623 17652 17695 17737 17776 17799 17848 17895 17973 18062 18194 18318 18497 18614 18763 18952 19086 19235 19362 19534 19571 19474 19511 19491 19585 19709
17565 17543 17491 17465 17422 17393 17361 17345 17299 17275 17305 17358 17385 17362 17334 17356 17420 17422 17343 17274 17214 17219 17258 17342 17370 17424 17432 17471 17459 17452 17488 17555 17559 17619 17603 17611 17571 17493 17430 17385 17399 17406 17382 17294 17265 17293 17295 17309 17284 17355 17398 17374 17387 17418 17472 17465 17475 17482 17462 17457 17448 17544 17629 17678 17726 17717 17772 17860 17944 18042 18265 18355 18458 18637 18848 18972 19172
17759 17670 17547 17417 17346 17347 17346 17318 17323 17334 17293 17316 17387 17366 17303 17280 17280 17342 17353 17334 17376 17398 17380 17380 17395 17399 17401 17404 17403 17414 17456 17503 17558 17560 17548 17532 17498 17463 17391 17362 17407 17430 17454 17420 17371 17297 17277 17251 17255 17291 17376 17397 17391 17389 17414 17434 17435 17380 17352 17359 17318 17357 17408 17416 17486 17562 17660 17733 17792 17894 17992 18119 18264 18418 18654 18849 19038
17596 17529 17474 17445 17496 17487 17468 17393 17305 17320 17315 17279 17298 17332 17394 17340 17300 17293 17296 17287 17283 17285 17309 17284 17295 17302 17310 17323 17313 17348 17343 17323 17297 17304 17323 17307 17305 17299 17340 17383 17370 17355 17311 17288 17361 17456 17528 17493 17415 17344 17332 17306 17290 17328 17363 17434 17488 17517 17529 17561 17635 17733 17748 17743 17727 17730 17782 17867 17968 18100 18302 18474 18668 18858 19049 19211 19346
17217 17170 17143 17182 17162 17177 17221 17271 17338 17326 17300 17370 17479 17503 17452 17246 17198 17108 17115 17128 17139 17153 17147 17142 17156 17207 17262 17281 17244 17223 17261 17307 17302 17290 17335 17380 17368 17346 17310 17371 17427 17484 17535 17534 17494 17457 17434 17381 17391 17363 17386 17403 17405 17432 17507 17557 17557 17576 17599 17696 17694 17671 17745 17846 17908 17929 17954 18025 18100 18230 18397 18559 18702 18920 19086 19304 19416
17280 17232 17164 17105 17091 17120 17117 17080 17110 17090 17102 17115 17131 17108 17059 17001 17030 17012 17066 17050 17026 17076 17131 17202 17249 17265 17284 17300 17299 17271 17223 17214 17246 17274 17278 17314 17339 17319 17338 17457 17474 17556 17534 17485 17468 17489 17542 17553 17541 17483 17472 17464 17511 17511 17547 17596 17654 17704 17751 17818 17838 17862 17876 17913 17961 18002 18002 18034 18103 18205 18345 18445 18576 18698 18798 18865 18929
17485 17503 17519 17523 17487 17372 17352 17287 17309 17334 17381 17385 17398 17378 17385 17305 17316 17332 17332 17300 17248 17241 17186 17192 17222 17197 17245 17235 17263 17295 17283 17289 17312 17335 17416 17456 17462 17464 17469 17441 17481 17507 17508 17558 17602 17603 17619 17619 17626 17641 17633 17640 17620 17594 17584 17596 17621 17626 17677 17703 17741 17721 17765 17785 17788 17804 17834 17847 17838 17810 17748 17694 17724 17649 17744 17826 17848
17413 17436 17448 17459 17480 17457 17427 17401 17390 17391 17413 17414 17381 17354 17330 17322 17327 17343 17341 17372 17392 17440 17481 17532 17524 17485 17419 17374 17371 17395 17435 17486 17502 17512 17518 17541 17540 17557 17594 17606 17616 17603 17629 17669 17679 17693 17706 17711 17698 17702 17693 17678 17648 17605 17572 17558 17555 17533 17537 17549 17531 17564 17554 17573 17583 17594 17593 17611 17664 17690 17696 17712 17718 17709 17761 17776 17739
17435 17359 17292 17253 17238 17229 17229 17183 17152 17183 17250 17280 17261 17197 17188 17200 17209 17285 17303 17336 17367 17343 17325 17306 17301 17291 17308 17317 17299 17322 17377 17391 17397 17389 17385 17387 17407 17404 17395 17398 17408 17393 17386 17344 17362 17383 17378 17385 17386 17391 17389 17379 17370 17366 17386 17385 17364 17359 17415 17490 17513 17522 17506 17533 17556 17619 17655 17654 17662 17671 17669 17685 17745 17822 17894 17956 17992
17439 17412 17421 17421 17410 17361 17365 17381 17389 17364 17360 17323 17330 17323 17311 17296 17303 17321 17405 17474 17504 17491 17477 17451 17401 17326 17327 17325 17339 17378 17396 17396 17385 17390 17397 17432 17443 17435 17421 17443 17442 17422 17407 17394 17400 17393 17381 17374 17388 17394 17392 17390 17387 17375 17416 17413 17412 17461 17473 17526 17528 17525 17544 17559 17566 17583 17604 17617 17630 17684 17739 17765 17769 17793 17829 17885 17934
17490 17502 17502 17508 17535 17534 17517 17520 17520 17562 17586 17576 17533 17488 17491 17507 17489 17460 17435 17415 17368 17378 17413 17427 17404 17377 17391 17360 17332 17329 17345 17362 17366 17367 17366 17402 17414 17392 17393 17416 17461 17457 17467 17469 17476 17512 17532 17578 17567 17564 17565 17568 17571 17581 17579 17541 17531 17529 17550 17563 17643 17690 17726 17777 17786 17777 17804 17836 17829 17845 17864 17914 17927 17976 17993 18046 18047
