Alternative/Moon/Lvl0_30x30/Ele_AK.asc
ncols         335
nrows         335
xllcorner     13457491.657
yllcorner     6672833.042
cellsize      10000
nodata_value  -9999.0
[rows 0 to 33 of 335, columns 77 to 153 of 335]
19958 19930 19948 19947 19939 19915 19940 19921 19928 19928 19925 19916 19925 19924 19908 19921 19931 19962 19918 19911 19939 19931 19915 19928 19946 19949 19918 19909 19929 19933 19956 19930 19942 19933 19912 19895 19907 19942 19948 19945 19937 19941 19917 19913 19922 19947 19935 19918 19918 19902 19902 19909 19934 19910 19899 19917 19919 19938 19926 19905 19891 19914 19894 19906 19921 19892 19931 19953 19948 19935 19928 19914 19928 19954 19963 19905 19907
20395 20388 20382 20380 20381 20408 20362 20378 20370 20370 20383 20383 20387 20391 20379 20370 20369 20371 20361 20365 20374 20371 20367 20370 20350 20378 20363 20364 20357 20349 20351 20347 20353 20336 20346 20352 20357 20346 20330 20328 20341 20327 20325 20340 20325 20321 20331 20338 20320 20320 20327 20314 20316 20307 20313 20305 20311 20309 20300 20295 20286 20292 20284 20289 20280 20270 20274 20280 20275 20270 20269 20265 20256 20258 20274 20262 20251
20473 20472 20473 20473 20471 20474 20467 20470 20468 20464 20465 20469 20461 20463 20463 20458 20459 20460 20457 20456 20456 20454 20448 20446 20450 20444 20443 20443 20440 20440 20437 20435 20433 20429 20429 20428 20424 20425 20417 20421 20413 20408 20409 20407 20406 20399 20396 20397 20393 20388 20385 20383 20381 20380 20378 20376 20371 20373 20368 20364 20364 20356 20360 20355 20351 20347 20344 20342 20338 20336 20338 20329 20326 20324 20324 20321 20318
20382 20382 20374 20372 20370 20368 20360 20359 20366 20352 20354 20358 20353 20345 20338 20340 20333 20331 20331 20332 20331 20323 20317 20319 20313 20321 20307 20313 20305 20309 20302 20295 20298 20298 20298 20295 20290 20290 20284 20281 20274 20268 20263 20268 20271 20269 20273 20272 20263 20267 20275 20271 20268 20275 20270 20264 20271 20276 20273 20275 20270 20274 20273 20276 20273 20275 20279 20277 20278 20277 20279 20279 20279 20280 20280 20286 20279
20173 20168 20163 20159 20153 20147 20143 20139 20134 20130 20125 20123 20117 20111 20110 20107 20102 20095 20095 20089 20079 20077 20073 20069 20064 20060 20055 20054 20051 20052 20040 20038 20036 20034 20034 20030 20026 20027 20022 20016 20014 20011 20006 20004 20002 19996 19998 19994 19987 19991 19990 19983 19986 19986 19984 19983 19980 19977 19974 19974 19971 19974 19972 19967 19972 19970 19964 19977 19974 19966 19969 19964 19969 19963 19971 19971 19975
20279 20278 20280 20277 20289 20291 20296 20296 20298 20304 20313 20310 20311 20319 20321 20321 20326 20325 20329 20333 20335 20338 20339 20341 20342 20343 20343 20342 20342 20342 20343 20341 20339 20337 20332 20329 20330 20326 20325 20318 20313 20307 20300 20297 20292 20286 20281 20274 20269 20267 20256 20258 20250 20244 20243 20237 20226 20215 20216 20211 20201 20191 20183 20174 20164 20154 20152 20143 20141 20129 20124 20113 20106 20091 20081 20083 20072
20385 20385 20380 20376 20373 20370 20365 20364 20360 20357 20354 20354 20351 20346 20345 20340 20335 20332 20332 20327 20324 20321 20320 20318 20312 20308 20302 20298 20292 20288 20280 20279 20274 20271 20261 20257 20258 20254 20247 20240 20237 20234 20227 20217 20210 20198 20197 20192 20183 20180 20171 20170 20158 20159 20156 20142 20140 20131 20128 20119 20113 20107 20106 20097 20086 20084 20082 20074 20075 20058 20051 20043 20035 20033 20027 20025 20012
20797 20801 20788 20807 20793 20803 20805 20803 20802 20806 20814 20816 20807 20817 20812 20807 20809 20782 20787 20777 20781 20774 20774 20779 20798 20812 20801 20805 20797 20803 20806 20816 20810 20812 20814 20821 20807 20811 20802 20806 20776 20793 20789 20780 20791 20811 20801 20788 20794 20779 20776 20770 20771 20772 20758 20750 20729 20743 20733 20723 20719 20717 20699 20698 20693 20682 20677 20672 20672 20666 20652 20631 20616 20611 20601 20590 20588
19229 19202 19250 19265 19274 19293 19355 19345 19407 19403 19443 19461 19505 19531 19542 19568 19602 19651 19673 19680 19730 19742 19757 19823 19810 19840 19851 19880 19874 19944 19979 19985 20024 20048 20062 20096 20103 20133 20140 20191 20209 20246 20232 20254 20296 20362 20338 20360 20373 20396 20425 20458 20467 20507 20521 20563 20565 20577 20590 20606 20629 20629 20648 20661 20677 20692 20693 20698 20705 20718 20714 20714 20716 20714 20713 20708 20699
16506 16534 16578 16623 16665 16664 16727 16753 16808 16871 16907 16913 16971 16986 17043 17076 17108 17150 17207 17211 17265 17293 17325 17392 17430 17459 17498 17546 17573 17641 17656 17719 17753 17784 17850 17861 17934 17965 18018 18056 18084 18127 18178 18239 18296 18305 18381 18397 18449 18476 18535 18557 18619 18665 18707 18750 18803 18843 18891 18932 18972 19018 19075 19106 19154 19207 19243 19300 19345 19391 19431 19469 19512 19559 19580 19640 19675
16326 16362 16436 16463 16504 16524 16568 16637 16652 16730 16751 16802 16829 16898 16973 17001 17030 17078 17128 17161 17237 17273 17332 17374 17403 17471 17546 17590 17620 17684 17735 17778 17797 17870 17925 17951 18005 18073 18123 18179 18233 18314 18357 18383 18458 18497 18561 18603 18639 18690 18757 18794 18849 18902 18958 18974 19041 19101 19135 19187 19238 19275 19331 19363 19406 19451 19488 19518 19552 19590 19635 19676 19706 19725 19751 19771 19784
18852 18867 18880 18916 18974 18998 19021 19039 19039 19070 19101 19159 19187 19228 19251 19265 19277 19336 19370 19400 19405 19420 19456 19461 19496 19503 19506 19517 19530 19541 19548 19538 19548 19552 19533 19547 19544 19538 19525 19519 19515 19505 19497 19482 19470 19472 19461 19460 19447 19449 19449 19443 19434 19429 19424 19412 19403 19400 19405 19418 19442 19462 19485 19505 19523 19547 19564 19569 19577 19589 19597 19613 19616 19633 19635 19625 19617
19438 19435 19459 19460 19473 19481 19473 19480 19481 19501 19501 19490 19478 19479 19486 19492 19477 19496 19486 19478 19471 19491 19448 19440 19422 19427 19416 19393 19377 19345 19363 19342 19335 19319 19319 19311 19309 19284 19282 19244 19230 19215 19207 19199 19184 19170 19166 19131 19133 19126 19112 19105 19100 19090 19060 19065 19071 19034 19034 19017 19007 18997 18993 18982 18983 18963 18944 18944 18936 18930 18927 18922 18906 18883 18883 18867 18849
18481 18488 18488 18482 18475 18478 18479 18472 18472 18477 18462 18458 18449 18450 18451 18449 18438 18452 18454 18461 18467 18481 18477 18485 18481 18483 18500 18498 18521 18513 18519 18515 18511 18506 18516 18517 18498 18493 18496 18501 18502 18502 18499 18498 18497 18495 18489 18482 18479 18469 18473 18467 18459 18443 18430 18421 18418 18411 18406 18403 18395 18392 18393 18390 18381 18385 18398 18390 18396 18404 18403 18406 18413 18422 18430 18434 18437
17881 17879 17879 17870 17858 17844 17827 17826 17824 17814 17805 17800 17779 17774 17780 17796 17809 17819 17825 17824 17817 17800 17809 17811 17806 17802 17783 17774 17766 17752 17730 17729 17742 17723 17725 17742 17716 17727 17735 17735 17712 17705 17714 17741 17740 17722 17717 17746 17754 17759 17769 17778 17792 17809 17821 17823 17857 17860 17868 17883 17900 17916 17935 17949 17976 17986 18010 17994 17990 17983 17990 17991 18012 18028 18050 18060 18067
17755 17756 17747 17737 17733 17725 17729 17726 17730 17732 17738 17745 17756 17759 17761 17764 17764 17757 17753 17747 17742 17739 17728 17728 17726 17726 17713 17706 17692 17677 17664 17650 17632 17631 17615 17617 17618 17603 17612 17635 17629 17632 17652 17657 17661 17671 17672 17672 17680 17675 17679 17683 17683 17690 17701 17709 17716 17728 17736 17745 17751 17760 17767 17770 17788 17798 17815 17841 17853 17865 17875 17887 17899 17913 17922 17922 17924
17750 17747 17746 17745 17735 17731 17728 17725 17724 17722 17716 17709 17706 17718 17734 17753 17760 17768 17762 17755 17747 17735 17724 17719 17718 17720 17720 17720 17718 17724 17726 17727 17744 17757 17781 17791 17806 17820 17835 17842 17848 17858 17864 17863 17871 17874 17875 17881 17886 17893 17893 17896 17897 17900 17901 17900 17901 17903 17905 17910 17917 17917 17923 17922 17922 17917 17913 17915 17910 17900 17890 17888 17887 17882 17882 17881 17885
17798 17800 17802 17804 17810 17801 17807 17812 17822 17834 17848 17854 17863 17870 17881 17888 17890 17887 17883 17884 17869 17863 17862 17867 17875 17877 17895 17897 17899 17907 17915 17915 17913 17909 17902 17890 17878 17868 17865 17866 17870 17870 17868 17870 17879 17884 17885 17888 17901 17905 17905 17904 17908 17909 17920 17927 17941 17953 17961 17968 17969 17974 17973 17983 17996 18021 18037 18055 18066 18086 18094 18109 18112 18118 18118 18113 18112
17671 17677 17669 17685 17690 17686 17696 17706 17709 17715 17717 17718 17715 17709 17695 17687 17672 17651 17645 17631 17636 17641 17645 17651 17654 17662 17669 17670 17695 17718 17736 17748 17761 17769 17775 17784 17786 17776 17768 17759 17749 17739 17729 17723 17714 17700 17694 17691 17693 17694 17700 17705 17710 17717 17723 17733 17746 17766 17784 17806 17816 17857 17869 17888 17906 17916 17925 17920 17929 17922 17917 17908 17891 17888 17876 17878 17872
17633 17644 17647 17650 17652 17644 17638 17628 17625 17617 17612 17608 17607 17606 17603 17606 17612 17609 17598 17592 17594 17597 17602 17606 17607 17609 17612 17611 17613 17615 17614 17607 17595 17599 17589 17582 17576 17585 17593 17596 17593 17592 17599 17614 17616 17622 17644 17650 17656 17668 17672 17676 17697 17713 17733 17737 17753 17761 17766 17766 17774 17795 17787 17806 17814 17825 17855 17879 17893 17892 17897 17916 17916 17910 17875 17864 17849
17668 17688 17708 17721 17742 17750 17761 17762 17764 17754 17755 17748 17752 17759 17762 17766 17765 17775 17783 17790 17801 17811 17819 17819 17815 17804 17778 17776 17762 17767 17784 17790 17772 17770 17770 17768 17768 17771 17742 17760 17763 17744 17736 17743 17727 17722 17692 17679 17664 17662 17658 17683 17697 17696 17690 17679 17663 17655 17653 17645 17639 17616 17609 17602 17594 17591 17586 17578 17565 17560 17555 17567 17579 17603 17613 17625 17630
17906 17921 17936 17933 17938 17950 17953 17957 17957 17949 17944 17940 17931 17924 17920 17913 17907 17901 17896 17884 17867 17851 17822 17808 17770 17752 17745 17729 17694 17677 17664 17661 17635 17636 17614 17584 17587 17594 17574 17575 17565 17560 17578 17575 17566 17579 17573 17576 17577 17566 17558 17567 17594 17619 17607 17599 17587 17611 17616 17628 17622 17614 17608 17612 17615 17613 17628 17638 17661 17678 17689 17689 17680 17650 17630 17614 17593
18185 18181 18173 18171 18165 18155 18138 18123 18102 18091 18063 18029 18001 17962 17930 17909 17875 17863 17846 17829 17810 17792 17764 17745 17716 17690 17671 17650 17631 17610 17587 17572 17550 17532 17516 17517 17517 17498 17505 17505 17510 17519 17508 17526 17534 17551 17554 17553 17562 17559 17556 17548 17553 17534 17535 17511 17472 17480 17483 17497 17517 17543 17562 17574 17577 17575 17569 17565 17553 17540 17527 17533 17542 17552 17562 17561 17562
17903 17914 17950 17989 18023 18079 18102 18105 18146 18156 18173 18178 18196 18198 18214 18229 18249 18271 18278 18283 18307 18324 18332 18337 18347 18354 18359 18356 18357 18358 18349 18335 18320 18303 18279 18258 18243 18204 18188 18184 18169 18159 18157 18155 18157 18153 18158 18168 18173 18190 18164 18157 18145 18144 18111 18102 18059 18036 17995 18002 18014 17983 17941 17958 17948 17897 17902 17881 17829 17774 17721 17691 17656 17596 17559 17494 17530
17331 17344 17355 17364 17374 17386 17404 17419 17436 17459 17473 17487 17508 17540 17591 17621 17681 17749 17812 17869 17943 18007 18074 18131 18174 18216 18255 18284 18315 18326 18339 18347 18347 18343 18346 18349 18355 18356 18356 18353 18349 18348 18351 18353 18356 18355 18350 18344 18330 18322 18306 18320 18336 18336 18335 18332 18325 18314 18317 18312 18303 18289 18277 18267 18264 18258 18246 18238 18219 18207 18197 18196 18195 18190 18184 18158 18129
17388 17428 17456 17486 17527 17567 17593 17638 17677 17716 17776 17804 17883 17929 17995 18045 18094 18145 18215 18250 18283 18341 18392 18423 18462 18487 18500 18510 18522 18519 18507 18504 18491 18482 18461 18446 18423 18415 18398 18384 18366 18356 18354 18353 18356 18364 18363 18367 18369 18366 18358 18351 18338 18329 18312 18296 18283 18265 18237 18233 18197 18179 18158 18147 18121 18096 18067 18039 18016 18007 18000 18001 18008 18017 18021 18013 17999
18159 18203 18231 18328 18313 18387 18437 18488 18570 18612 18632 18672 18717 18731 18766 18776 18782 18791 18789 18783 18765 18767 18762 18755 18746 18740 18741 18740 18741 18743 18733 18730 18715 18688 18661 18623 18588 18568 18545 18527 18503 18480 18462 18442 18425 18400 18367 18361 18348 18335 18321 18302 18287 18266 18239 18217 18197 18162 18129 18094 18079 18034 18026 18015 17993 17998 17989 17975 17977 17966 17994 18005 18000 17992 17977 17987 18012
18759 18781 18806 18817 18832 18843 18858 18870 18876 18886 18901 18911 18925 18933 18941 18940 18937 18931 18924 18910 18908 18918 18919 18924 18926 18913 18875 18852 18850 18850 18848 18843 18821 18792 18759 18738 18709 18691 18672 18671 18632 18583 18582 18557 18524 18493 18457 18435 18413 18369 18343 18300 18278 18242 18221 18200 18179 18159 18153 18136 18122 18109 18098 18085 18070 18055 18055 18053 18048 18038 18025 18005 18019 18013 18004 17995 17974
18688 18695 18717 18717 18721 18719 18716 18736 18776 18819 18843 18871 18878 18883 18903 18903 18897 18896 18902 18902 18893 18892 18893 18875 18872 18863 18860 18866 18868 18863 18859 18859 18849 18834 18816 18797 18770 18729 18706 18676 18611 18537 18485 18452 18404 18368 18323 18291 18242 18216 18185 18156 18125 18095 18051 18044 18010 18007 17989 17983 17959 17933 17913 17896 17879 17865 17863 17856 17855 17870 17873 17892 17902 17910 17916 17919 17918
18919 18914 18914 18907 18903 18904 18883 18912 18944 18972 19009 19033 19045 19051 19056 19058 19056 19048 19034 19021 19001 18978 18998 19009 19035 19053 19040 19048 19046 18983 18952 18951 18918 18923 18892 18885 18856 18828 18816 18807 18797 18782 18770 18760 18735 18712 18679 18662 18633 18607 18606 18598 18578 18566 18554 18540 18520 18506 18495 18499 18481 18463 18446 18426 18410 18389 18357 18344 18327 18313 18305 18281 18279 18266 18262 18251 18241
19445 19444 19457 19476 19463 19465 19472 19454 19442 19444 19442 19422 19402 19367 19350 19336 19282 19248 19200 19186 19179 19188 19184 19157 19146 19148 19164 19175 19191 19199 19219 19261 19296 19331 19347 19347 19322 19288 19261 19249 19236 19215 19183 19169 19148 19116 19096 19081 19056 19044 19026 19003 18984 18959 18920 18911 18873 18869 18805 18802 18785 18800 18795 18803 18818 18809 18783 18781 18728 18733 18747 18744 18734 18730 18687 18660 18625
19643 19635 19630 19636 19613 19595 19574 19567 19555 19537 19523 19520 19520 19537 19553 19549 19531 19507 19471 19464 19465 19490 19502 19513 19512 19514 19527 19527 19538 19544 19563 19587 19611 19633 19655 19656 19660 19646 19619 19582 19543 19490 19469 19430 19374 19341 19323 19325 19332 19358 19393 19409 19426 19424 19425 19389 19383 19392 19417 19446 19471 19459 19487 19497 19504 19510 19498 19503 19513 19513 19490 19488 19459 19449 19434 19415 19384
19618 19596 19575 19563 19556 19556 19533 19515 19531 19561 19599 19611 19590 19551 19582 19597 19587 19571 19579 19604 19608 19598 19581 19569 19579 19605 19633 19671 19704 19728 19746 19754 19755 19761 19774 19781 19769 19784 19782 19769 19745 19731 19732 19731 19708 19698 19698 19687 19692 19713 19717 19728 19761 19756 19753 19738 19715 19677 19655 19637 19618 19597 19591 19589 19579 19558 19531 19528 19517 19524 19494 19503 19479 19443 19401 19366 19319
19837 19834 19822 19788 19772 19726 19707 19672 19656 19648 19643 19640 19583 19570 19549 19519 19518 19464 19453 19443 19421 19390 19346 19294 19270 19224 19178 19145 19080 19050 18991 19001 18954 18929 18912 18902 18945 18882 18862 18820 18764 18739 18722 18668 18658 18624 18590 18549 18582 18528 18560 18535 18470 18455 18451 18457 18476 18424 18403 18378 18348 18308 18304 18282 18279 18256 18236 18238 18243 18240 18235 18271 18229 18294 18269 18280 18244
