Alternative/Moon/Lvl0_30x30/Ele_ED.asc
ncols         335
nrows         335
xllcorner     -9992508.343
yllcorner     -6727166.958
cellsize      10000
nodata_value  -9999.0
[rows 0 to 33 of 335, columns 77 to 153 of 335]
19445 19318 19543 20221 20749 21904 21908 22439 23166 23120 22561 22834 23373 23276 22959 22469 21530 21757 22275 22593 23110 23484 24055 24155 23810 23704 24323 25053 25124 24230 23271 22437 21867 21474 21059 20943 21166 21443 21928 23848 24477 24290 23968 24446 24480 24364 24093 23662 22416 22087 22084 21708 21557 21039 20576 20858 21623 22315 22428 22040 21719 21841 21909 21562 21330 21265 20944 20694 20982 21170 21042 20594 20309 20278 20000 20156 20408
19361 19195 20069 20598 21368 21890 22093 22465 22945 22990 22362 22545 23254 22906 21376 20948 21055 21065 20997 21363 21911 22601 23036 23308 23162 23442 23874 24659 24901 25016 25115 24406 23276 22570 22148 22240 21916 23164 24058 24383 24406 24046 24026 24406 24405 23914 23982 23308 22357 21968 22013 21945 22375 22449 21712 22520 22449 22093 22108 22199 22260 21956 22290 22084 21367 21425 21284 21244 20798 21191 21100 20971 20238 20186 19661 19502 19309
19301 19405 20124 20975 21844 21934 22196 22473 22202 21886 21975 22317 22542 21712 21489 20991 20798 20481 20634 21047 21380 22321 22622 22833 22763 22857 23094 23894 24310 24879 25201 25140 24622 24182 23829 23432 24030 24830 24948 24451 24151 23971 24103 24322 24194 23747 23627 22701 22054 21828 21914 21866 22367 22649 23081 23552 22964 22460 22022 22187 22339 22075 22422 22194 21672 21408 21321 21637 21503 21276 21229 21012 20342 19272 19341 19246 19080
19133 19011 19940 20822 21940 22310 22307 22218 21567 21295 21470 21952 22000 21591 21650 21028 20011 20019 20283 20313 20763 21513 21929 21991 22140 22165 22285 22746 23314 24090 24491 24499 24310 24400 24655 24866 24867 24587 24494 24519 24357 24134 24123 23828 23738 23049 22659 22004 21449 21736 21777 21464 21750 22455 23240 23570 23367 23140 22895 22983 22392 22146 21915 22227 22126 21941 21598 21555 21550 21450 21340 20980 20019 19820 18943 19044 19058
19006 19543 20479 21095 22005 22147 22125 21806 21156 21033 20994 21456 21326 21259 21212 20786 20035 19978 20132 20323 19811 20999 21547 22353 22571 22761 22731 23068 23334 23543 23745 23791 23706 23695 23981 24336 24349 24414 24273 24694 24754 24337 24127 23670 23074 22411 22159 21451 21613 21584 21667 21694 21252 21807 22742 23147 23074 22864 23213 23102 22734 22483 22800 23087 22929 22453 22048 21519 21304 20890 20445 20274 20383 19991 19426 19637 19797
18920 19471 20366 21105 22514 22611 22231 21995 21181 21010 20966 21071 20905 20602 20496 20775 19987 19381 19613 19822 19659 20505 21384 22568 22980 22832 22725 23039 23397 23452 23405 23096 23021 23274 23508 23649 24249 24249 24202 25054 25527 25079 24200 23471 22799 22580 22018 21676 21535 21742 21995 21945 22404 22483 22771 23147 23196 23186 23460 23380 23154 22801 23484 23592 23128 22269 21743 21118 20736 20758 20489 20241 20133 19626 19467 20009 20289
19173 19647 20225 20974 22179 22421 22204 21940 21074 20903 20894 21013 20765 20451 20443 20514 19887 19070 19081 19117 19511 20017 21177 22380 22941 22667 22240 22525 23006 23255 23182 22603 23048 23385 23473 23451 23715 23978 24015 24719 25609 25586 24873 23678 22648 22287 21980 21958 21655 21905 22521 23409 23999 24184 24045 23864 23956 23906 23628 23333 23790 23990 24058 24275 23631 22874 22240 21530 21029 20337 20197 20014 19846 19749 19523 19890 20174
19337 19565 20060 20806 20943 21561 21543 21374 20906 20722 20556 20573 20213 19745 19698 19767 19486 19093 19151 19100 19263 19862 20539 21303 21862 21861 22070 22359 22447 22460 22340 22394 22406 23503 24083 24019 24098 24025 24494 24891 25390 25678 25712 24451 23046 22101 21979 22041 22060 22076 22598 23361 24520 24679 24540 24535 24480 24268 24183 24197 24563 24986 25009 24402 23418 23069 22957 22344 22123 21595 20816 20274 20075 19717 19407 19100 19626
19200 19193 19408 20112 20764 20735 20636 20737 20983 20856 20457 20341 19845 19496 19296 19053 19027 19052 19085 19044 18884 19413 20133 20709 20736 21374 22058 22458 22983 23059 22870 22649 23466 24391 24843 25119 25167 25358 25188 25778 26090 26442 26458 24813 23829 23348 23050 22530 22688 22491 22625 23285 24133 24637 24733 24483 24182 24059 24351 24497 24472 25176 25241 24643 23648 23337 23338 23379 23006 22760 21826 20320 19952 19737 19383 18889 19448
19556 20142 20900 21069 21042 20889 20040 20207 20480 20553 20484 20221 19994 19782 19635 19255 19676 19489 20070 19966 19177 19683 20100 20201 20123 20700 22240 23368 23807 23773 23882 23922 24081 24892 24940 25148 25517 26258 26369 26434 26348 26404 26401 25231 24440 23990 23725 23459 23114 22964 22902 23401 24259 24695 24603 24171 24069 23600 23518 23873 23823 24677 24757 24179 23546 23271 23183 23107 22909 23098 22921 21312 20413 20137 19810 19034 18473
19976 20332 20907 21079 20929 20720 19999 20186 20268 19773 19884 19932 19843 19941 19960 19461 19956 20259 20565 20268 19542 20568 20815 20725 20674 21538 23163 24362 25040 25029 24665 24816 24817 25250 25787 26254 26314 26766 27070 27189 27123 26631 26152 25216 24776 24301 23913 23618 23131 23030 22945 22945 23598 24071 23980 23642 23406 23263 23267 23390 23118 23432 23381 23102 22876 23280 23499 23103 22956 23373 23368 22439 21535 20945 20009 18957 18199
20356 20419 20515 20610 20317 20324 20114 19833 19945 20328 20040 19693 19754 19779 19956 19714 20293 20526 20759 20502 19712 20743 21164 21305 21582 22043 23462 25155 25354 25299 25887 26160 26261 26646 26908 26801 26577 27195 27501 27461 27038 26650 25520 25087 24430 23682 23433 23120 22822 22900 22745 22497 22823 23287 23222 22937 22550 22813 23261 23299 22868 22439 22725 22781 22735 23606 23694 23437 23073 23295 23300 22364 21216 20685 20270 18705 17959
20538 20735 20816 20475 20297 20293 20240 20029 20159 20751 20802 20692 20487 20383 20289 20249 20439 19961 20119 20177 19632 20443 21008 21397 22010 22839 24033 25053 24981 26222 26273 26461 26510 26831 26884 26686 26935 27132 27223 27005 27187 26807 25545 24437 23978 23169 22716 22494 22557 22453 22116 21777 21899 22104 22019 21782 22218 22602 23144 23154 22711 22024 21928 22250 22549 22697 22916 22719 22690 22620 22006 21544 20690 20354 19986 19243 17889
20542 20823 20845 20590 20317 20322 20334 20528 20704 20852 21386 21332 20859 20323 20163 20301 20414 19639 19224 19021 19182 19495 20021 21079 21867 22809 24121 25144 25173 26059 26335 26763 26738 26462 26592 26394 26448 26062 25991 26180 26316 25831 24750 23510 22498 22151 22486 22592 22467 22361 22060 21468 20875 21034 21050 21638 22132 22444 23159 23174 23291 23212 22857 22530 22086 22140 22250 22218 22087 21553 21087 20723 20145 19551 19365 19219 18504
20913 21015 20828 20493 20069 20610 20935 21054 20972 21163 21426 21370 20781 20242 19993 19822 20252 19767 19114 19109 19240 19874 20418 21185 21835 22278 23609 24800 25264 25945 26084 26218 26078 25923 26088 25874 25800 25559 25388 25925 25811 24939 24079 23195 22400 22932 23163 22988 22916 22800 22599 21942 21122 20612 20799 21555 22038 22132 22121 23035 23432 23553 23565 22921 22044 21679 22558 22683 22384 21579 21000 20096 19295 19069 18804 18895 18595
21065 21102 20596 20334 20391 21049 21570 21919 21556 21441 21616 21407 20168 20260 19994 19324 19259 19218 19178 19825 20619 20912 21561 22021 22645 23356 23680 24173 25073 25241 25222 24883 24651 24389 24945 25124 25202 25021 25011 25267 25126 24946 24070 23091 23027 23186 23238 23257 23355 23174 22850 22924 22354 22142 22009 21933 21742 22255 22478 22836 23315 23623 23766 23553 22652 21704 22722 22993 22740 21905 21606 20385 19155 19115 19047 18618 18425
21054 20901 20600 20342 20569 21322 21977 22462 22479 21975 22178 21902 20679 20188 19839 19321 19286 19252 19463 20175 20802 21914 22449 22852 23153 23442 23992 24031 24472 24373 23556 23615 23886 23649 24516 24684 24957 25204 25877 25731 25187 24425 23764 23534 23402 22486 22891 23231 23189 22677 22952 23057 22787 22892 22767 22328 21557 22026 22334 22974 23346 23423 23918 23880 23012 21932 22148 22755 22500 21732 21157 20401 19452 19103 19099 18899 18696
21644 21136 20680 20122 20378 21150 21801 22517 22502 22626 22385 22059 20853 19883 19520 19213 19243 19385 20023 20591 21729 22699 22862 22814 23057 23326 23781 23840 23624 23295 22679 22469 22741 22634 23809 24702 24583 24891 25389 25528 25017 24565 23589 23543 23459 22235 22337 22467 22361 22411 22658 22754 23012 22987 23025 22701 22002 21642 21644 22543 23043 23217 23592 23598 23505 22529 22251 21580 21873 21739 21115 19935 19679 19673 19502 19346 18969
22159 21009 20522 20191 20172 20816 21702 23140 23376 23418 23008 22142 21383 20352 20392 20321 19884 19596 19792 20384 21740 22694 22734 22653 22989 23414 23849 23829 22978 22462 22408 22328 22687 22479 23253 23907 23870 24084 24329 24702 24625 24288 23999 23169 22993 22400 22276 22169 22717 22887 22801 22768 23056 23527 23511 22766 22569 22085 22066 22324 22804 23166 23480 23347 22767 22583 22482 22324 21664 21580 20920 20460 19728 19853 19601 19138 18895
23205 22265 21521 20296 20315 20444 21304 23133 23775 23713 23522 22917 22560 21048 20747 20684 21037 20800 20613 20714 21096 22127 22332 22451 22742 23346 23736 23431 22245 21786 21644 21745 21536 21820 22242 23033 23255 23950 24409 24424 24315 24064 23665 23348 22679 22456 22228 22250 22819 23016 23037 22827 22892 23423 23520 23510 23255 22647 22684 22840 22976 23229 22981 22804 23045 23116 23079 23181 23213 23152 22617 21359 21224 20483 19885 19170 18814
24972 23124 21847 21103 20210 20188 20859 22592 23765 23733 23635 22818 22702 21937 21098 21113 21142 20840 20611 21137 21507 21444 21938 22394 22538 22998 23106 22848 22012 22104 22022 21343 21353 21612 22131 22594 22977 23880 24377 24488 24572 24546 24166 23804 23771 23411 23132 22872 22924 23149 23144 22661 22978 23315 23655 23727 23662 23116 23234 23395 23123 23254 23077 22783 22934 23462 24199 24500 24096 23114 22191 21210 21351 20779 20143 19621 19002
25844 23709 22691 21327 21047 20404 20058 21416 22423 23127 23178 22699 22724 22566 22020 21575 21189 20380 20764 21011 21554 21641 21722 22137 22357 22843 22808 22932 22785 22408 22179 21709 21947 22208 22138 22024 23062 23555 24162 24566 24625 25015 25019 24465 24088 24015 23878 23426 22962 23061 22987 22717 22690 23241 23444 23829 23847 23513 23373 23616 23743 23735 23646 23360 23335 23350 24055 24325 23836 22218 21387 20533 20440 20355 20058 20029 19505
26157 23986 22754 22297 22178 21242 20308 20310 21031 21344 21690 22533 22883 22908 22636 21737 21433 20750 20571 20646 21292 21353 21390 22022 22124 22639 22710 22726 22775 22681 22268 22164 22140 22799 22825 22660 22872 23351 23394 24059 24451 25046 25084 25007 24872 24933 24864 24111 23394 23176 22807 22829 23060 23296 23327 23481 23662 23695 23573 23569 23723 23678 23550 23544 23543 23245 23260 23293 22637 21712 21376 20641 19805 20196 20228 20043 19794
26146 24827 22997 22538 22460 21637 20369 19341 19177 19526 20269 21856 22610 22781 22754 22639 22676 21795 21052 20854 20843 20902 20771 21633 22207 22592 22711 22249 22586 22707 22626 22526 22571 23070 23454 23395 23341 23004 22626 23021 24052 24807 25024 25006 24905 24953 24751 24299 24243 24329 23986 23555 23542 23391 23166 23773 24133 24288 24225 24236 24274 23671 23536 23464 23315 22796 22302 22301 22024 21687 21268 21022 20505 19835 20106 20007 19906
26162 25706 24366 22750 22226 21554 20854 19481 19093 19002 19585 20597 21460 22691 22924 23056 22958 22623 21802 21510 20981 21039 20809 21407 21841 22279 22471 22836 22255 22696 22919 23778 23643 23397 23446 23271 23255 23332 23243 22885 23631 24887 25161 25191 25076 24994 24339 24343 24952 25243 24945 23758 23621 23619 23761 24049 24278 24616 24583 24430 24338 23995 23827 23392 23128 23003 22645 22391 21569 21275 21068 20959 20594 19986 19989 20041 20158
25398 25266 24742 23088 22146 21434 21041 20153 19165 19089 19257 21484 23220 24361 24341 23304 22924 22699 22736 21775 21082 21416 21468 22023 22317 22361 22825 23322 23105 22700 23479 24479 24728 23641 23320 23057 23091 23352 23603 23927 24250 24309 24688 24529 24333 24172 24045 23996 24413 24767 24667 24413 24243 24051 24290 24368 24180 24013 24290 24327 24321 23951 23719 23184 22835 22721 22747 22164 21656 21086 20510 19997 19941 20048 20320 20732 20824
24673 24700 24444 23146 22135 21262 20900 20001 19454 19064 19641 22085 24495 25086 24793 23528 23228 22699 22733 22485 22112 21766 22373 22658 22867 22528 23007 23461 23658 22494 23542 24784 25151 24559 23679 23320 23667 24558 24595 24648 24337 23977 24111 24140 23485 23607 23433 23378 23832 24495 24458 24716 24591 24378 24372 24313 24135 23759 23503 23748 23781 23475 23491 23031 22912 22598 22598 22549 21893 21324 20989 20117 20345 20559 20601 20860 21063
24592 23528 22826 22464 21973 21209 20742 19869 19854 19535 19821 22250 24693 25130 24585 23567 23401 22820 23183 23419 23076 23049 22930 23272 23284 22538 22883 23436 23633 22811 23554 24593 24543 24697 24337 24721 24502 25152 25516 25392 24610 24267 24500 23958 22976 23452 23502 23453 23980 24275 24663 24789 24230 24574 24600 24474 24473 24473 23546 23687 23689 23475 23528 23235 23014 22563 22496 22754 22857 22385 21584 20729 21235 21469 21354 20901 21236
24241 22986 22279 22352 22269 21687 21198 20869 20863 20795 20284 21577 23875 24610 24330 23749 23497 23417 23532 23613 23543 24132 24112 23688 23594 23107 22584 22507 22516 22791 23770 24611 24936 24863 25019 24906 24972 25266 25467 25360 23954 24262 24265 23789 23780 23513 23571 23937 24105 24443 24794 24784 24506 24459 24943 25174 25108 24824 24349 23723 23291 23849 23849 23797 23082 22918 22689 22892 23108 22957 22584 22220 21880 21371 21160 20931 21384
23893 23129 22408 22952 23067 23047 22427 21940 21260 21037 21028 20978 23359 24069 23896 23541 23353 23265 23197 23368 23566 23788 23874 23881 23552 23028 22565 22528 22792 22767 23235 24527 25138 25076 25527 25303 24893 24620 24741 24725 24415 23694 23785 23959 24044 23997 23981 24429 24383 24274 24400 24459 24565 24497 24805 25187 25533 25496 25029 24984 24816 24342 24156 23827 23791 23666 23688 23320 23207 23174 22903 22532 22032 21868 21497 21040 21222
23260 23038 22687 22953 23275 23273 22712 22599 22341 21341 21042 20842 22862 23507 23554 23344 22941 22961 22775 23100 23385 23578 23508 23635 23310 23213 23475 23127 22872 23001 23354 24292 25115 25111 25103 25168 24967 24502 24554 24776 24511 23623 23525 23907 24043 23565 24271 24662 24476 23992 24104 24345 24640 24452 24198 24590 25449 25501 25587 25793 25665 25227 24570 24432 24300 24319 24450 23798 23113 23184 23053 22626 22042 21874 21659 21457 21336
23187 23263 22980 22894 23285 23291 22601 22439 22504 22227 21834 20563 21223 21608 21744 22229 22435 22556 22567 22932 23258 23469 23686 23832 23760 23657 23986 23930 22864 22677 23300 24519 25028 24637 23567 24275 24034 23791 23782 23746 23709 23085 23398 23837 23897 23644 23978 24022 23080 22952 23007 23549 23985 24219 24191 24631 25069 25561 25604 25436 25438 25435 25476 25489 24704 24487 24416 23853 23475 23415 24140 24204 23263 22130 21582 21653 21709
23490 23921 23744 23432 22588 22777 22761 21908 21211 21809 21717 20646 20090 20368 20283 20310 20509 21218 21898 22317 22764 23340 23686 23888 23771 23994 24066 23863 22849 22734 23127 24009 24220 24207 23749 24398 24166 23762 23686 23450 23315 22868 23381 23854 23854 23689 23775 23579 22732 22986 23364 23380 23575 23471 23842 24223 25006 25341 25383 25506 25317 25512 25575 25093 24301 23991 23957 23340 23365 23629 24323 24482 23969 23714 23394 22748 22333
23571 24266 24507 24253 23695 23335 23344 22494 21200 21286 21383 21081 20191 20004 19907 19756 20060 21598 22132 21982 22111 23307 23424 23616 23647 23743 23744 23181 22615 22425 22572 23373 23748 23965 23806 23997 23789 23772 23842 23814 23060 22719 22677 22782 22516 22958 23015 22915 22269 22622 23047 23251 23040 23168 23644 24193 25072 25348 25296 25445 25600 25555 25491 24830 23788 23218 23416 23013 23200 23259 24150 24318 24094 23819 23597 23338 23354
