Alternative/Moon/Lvl0_30x30/Ele_FJ.asc
ncols         335
nrows         335
xllcorner     10107491.657
yllcorner     -10077166.958
cellsize      10000
nodata_value  -9999.0
[rows 238 to 271 of 335, columns 154 to 230 of 335]
15760 15803 15871 15955 15993 16048 16109 16181 16243 16336 16375 16393 16401 16368 16354 16330 16330 16381 16469 16561 16682 16827 16889 16886 16886 16909 16934 16927 16899 16870 16830 16783 16757 16693 16651 16701 16678 16560 16439 16298 16111 15858 15600 15301 15083 14765 14411 14217 13959 13723 13446 13262 13186 13146 13053 12944 12788 12623 12553 12574 12691 12707 12684 12640 12611 12552 12491 12442 12434 12438 12436 12437 12469 12515 12545 12629 12687
15610 15636 15696 15751 15826 15900 15983 16037 16099 16176 16230 16260 16278 16302 16313 16325 16336 16365 16416 16484 16555 16633 16725 16786 16809 16835 16880 16894 16880 16863 16832 16791 16788 16804 16883 16947 16973 16970 16977 16947 16830 16673 16522 16420 16323 16154 15909 15671 15429 15237 14939 14819 14560 14443 14283 14131 13907 13748 13574 13406 13292 13117 13019 12967 13023 13219 13250 13219 13274 13141 13141 13057 13071 13011 13004 13030 13060
15650 15650 15660 15697 15726 15792 15836 15918 15960 16012 16044 16077 16117 16139 16157 16199 16235 16301 16366 16471 16548 16616 16677 16713 16746 16773 16783 16786 16775 16751 16725 16720 16748 16772 16799 16827 16846 16867 16860 16826 16804 16766 16755 16728 16713 16676 16621 16586 16544 16520 16497 16471 16473 16450 16395 16345 16277 16209 16106 16084 15998 15925 15825 15808 15813 15763 15777 15785 15881 15909 15884 15774 15712 15524 15410 15228 15141
15690 15662 15626 15620 15610 15603 15582 15567 15566 15566 15553 15579 15607 15638 15674 15712 15721 15764 15832 15911 16026 16155 16302 16346 16385 16426 16485 16508 16502 16507 16504 16504 16506 16552 16569 16617 16629 16656 16660 16664 16657 16629 16631 16643 16657 16661 16620 16607 16585 16558 16552 16554 16565 16575 16589 16610 16575 16541 16462 16388 16358 16359 16361 16309 16295 16270 16333 16463 16518 16556 16560 16586 16575 16551 16534 16554 16568
15561 15568 15569 15587 15614 15637 15649 15659 15664 15682 15702 15722 15720 15716 15716 15699 15719 15715 15700 15697 15727 15788 15815 15864 15884 15927 15974 16042 16093 16134 16167 16197 16241 16274 16306 16347 16389 16430 16468 16498 16509 16544 16567 16606 16647 16652 16667 16635 16599 16547 16523 16519 16489 16403 16329 16309 16308 16302 16275 16267 16259 16250 16246 16258 16256 16228 16222 16177 16155 16133 16124 16117 16176 16229 16249 16300 16341
15395 15472 15552 15605 15633 15655 15670 15685 15697 15706 15727 15731 15736 15733 15720 15717 15729 15731 15725 15758 15795 15824 15859 15887 15906 15936 15961 15980 16014 16070 16120 16169 16198 16229 16244 16276 16299 16307 16318 16321 16325 16327 16332 16340 16350 16351 16371 16364 16343 16337 16325 16291 16284 16273 16256 16236 16232 16237 16234 16232 16223 16214 16203 16224 16224 16225 16230 16196 16182 16157 16143 16113 16108 16110 16097 16048 16019
15404 15431 15429 15461 15483 15504 15528 15550 15560 15582 15576 15593 15593 15627 15642 15646 15641 15661 15685 15715 15736 15764 15795 15811 15823 15850 15857 15859 15862 15900 15897 15903 15926 15943 15968 15995 16019 16055 16080 16100 16110 16116 16127 16126 16136 16182 16232 16233 16220 16213 16195 16194 16192 16190 16208 16211 16218 16198 16190 16158 16137 16119 16120 16098 15955 15984 16066 16073 16059 16038 16002 15967 15937 15905 15888 15864 15846
15245 15234 15220 15215 15238 15257 15278 15298 15325 15411 15491 15554 15583 15598 15598 15577 15576 15596 15612 15641 15650 15650 15656 15656 15663 15684 15703 15706 15708 15717 15725 15731 15743 15741 15738 15736 15754 15765 15773 15782 15792 15795 15815 15839 15859 15848 15831 15826 15822 15850 15861 15877 15885 15879 15892 15903 15910 15915 15907 15902 15884 15869 15861 15834 15814 15784 15774 15777 15748 15675 15584 15496 15466 15497 15528 15506 15460
15236 15345 15373 15341 15283 15252 15254 15273 15302 15344 15356 15389 15396 15371 15361 15384 15387 15391 15404 15428 15438 15450 15446 15449 15444 15433 15431 15436 15429 15447 15464 15478 15482 15496 15516 15518 15511 15508 15508 15518 15536 15565 15590 15613 15612 15619 15634 15651 15644 15654 15631 15629 15653 15665 15684 15698 15713 15718 15705 15666 15638 15602 15571 15523 15480 15434 15370 15308 15230 15158 15102 15046 15023 14991 14954 14950 14937
15260 15245 15255 15233 15239 15253 15269 15308 15328 15346 15381 15401 15409 15413 15399 15378 15373 15352 15346 15359 15368 15388 15402 15409 15424 15410 15410 15415 15411 15406 15403 15381 15349 15327 15324 15318 15338 15362 15372 15376 15369 15386 15392 15422 15436 15444 15462 15500 15526 15530 15556 15571 15604 15634 15649 15661 15653 15630 15597 15567 15530 15485 15443 15406 15358 15359 15326 15266 15224 15158 15090 15029 14965 14906 14862 14842 14846
15205 15207 15219 15222 15226 15217 15231 15230 15245 15239 15250 15247 15250 15245 15238 15233 15225 15220 15220 15193 15194 15218 15226 15227 15260 15314 15363 15366 15352 15309 15303 15301 15280 15218 15222 15225 15200 15166 15147 15155 15190 15223 15234 15271 15294 15335 15375 15389 15385 15386 15385 15367 15351 15324 15328 15295 15278 15273 15265 15250 15263 15308 15346 15360 15369 15381 15369 15317 15252 15185 15105 15038 14998 14917 14845 14778 14759
15275 15278 15274 15260 15275 15263 15226 15224 15244 15232 15218 15200 15204 15198 15187 15184 15184 15171 15173 15172 15178 15180 15178 15166 15160 15162 15162 15150 15154 15154 15147 15142 15141 15137 15136 15136 15133 15124 15120 15133 15154 15164 15203 15226 15235 15245 15270 15280 15280 15278 15262 15235 15204 15157 15127 15132 15134 15127 15139 15170 15176 15180 15198 15220 15213 15186 15143 15094 15037 14985 14928 14878 14872 14882 14877 14909 14920
15763 15727 15723 15734 15729 15716 15690 15638 15605 15559 15530 15476 15438 15388 15343 15290 15266 15236 15232 15218 15235 15215 15213 15206 15201 15199 15197 15188 15185 15194 15201 15204 15201 15180 15156 15151 15149 15141 15135 15131 15132 15128 15129 15131 15123 15139 15144 15124 15123 15126 15120 15121 15118 15118 15122 15123 15122 15137 15190 15199 15180 15158 15129 15144 15136 15124 15154 15195 15221 15277 15366 15458 15615 15661 15710 15712 15710
16228 16192 16138 16105 16064 16015 15990 15950 15908 15886 15845 15794 15739 15679 15633 15586 15554 15503 15444 15415 15386 15336 15275 15243 15234 15235 15236 15232 15239 15237 15217 15210 15217 15217 15215 15200 15187 15182 15153 15145 15144 15140 15132 15134 15133 15129 15130 15133 15136 15126 15133 15126 15129 15132 15137 15132 15135 15141 15172 15193 15206 15265 15302 15312 15310 15364 15521 15701 15860 16032 16193 16338 16404 16438 16461 16486 16489
16446 16444 16422 16410 16378 16352 16314 16290 16286 16245 16211 16164 16129 16073 15998 15939 15891 15826 15770 15697 15640 15589 15535 15478 15441 15430 15431 15395 15331 15258 15213 15206 15205 15204 15203 15210 15211 15213 15204 15206 15207 15200 15196 15194 15191 15192 15218 15246 15244 15273 15265 15284 15264 15236 15230 15240 15242 15256 15268 15279 15289 15331 15361 15414 15466 15547 15599 15657 15749 15925 16052 16163 16244 16335 16365 16406 16457
16863 16863 16869 16846 16827 16808 16794 16776 16753 16726 16718 16693 16678 16618 16568 16517 16437 16377 16280 16213 16122 16032 15958 15962 15924 15840 15803 15748 15673 15633 15587 15523 15480 15448 15416 15375 15385 15358 15365 15405 15409 15402 15390 15398 15413 15461 15522 15533 15518 15458 15403 15381 15336 15300 15309 15300 15323 15357 15431 15469 15505 15516 15498 15464 15431 15438 15466 15516 15538 15577 15626 15703 15723 15762 15798 15887 15968
17143 17174 17210 17230 17232 17230 17250 17280 17297 17286 17223 17215 17181 17136 17097 17111 17145 17157 17157 17122 17094 17030 16937 16854 16794 16714 16697 16612 16599 16530 16459 16394 16325 16241 16199 16149 16091 16030 15962 15895 15818 15748 15645 15547 15492 15445 15436 15432 15417 15432 15441 15440 15449 15461 15475 15482 15502 15509 15510 15505 15506 15497 15475 15445 15423 15411 15412 15397 15380 15362 15354 15342 15348 15344 15340 15343 15347
17161 17192 17214 17225 17232 17235 17244 17276 17297 17285 17272 17302 17305 17285 17220 17172 17116 17101 17097 17071 17061 17041 17060 17096 17077 17070 17051 16986 16973 16943 16839 16704 16592 16452 16338 16266 16218 16148 16074 15989 15921 15830 15736 15674 15662 15631 15600 15662 15720 15768 15805 15842 15854 15810 15791 15885 15947 15962 15941 15907 15796 15661 15551 15477 15440 15420 15425 15399 15382 15350 15356 15360 15366 15358 15352 15339 15355
16968 16990 17050 17163 17263 17304 17293 17258 17278 17291 17286 17282 17334 17398 17381 17347 17341 17300 17228 17141 17106 17092 17077 17100 17111 17121 17115 17076 17020 16911 16777 16622 16484 16350 16235 16125 16021 15915 15826 15727 15681 15662 15644 15646 15644 15646 15633 15632 15644 15624 15664 15682 15682 15636 15604 15663 15667 15665 15578 15558 15605 15624 15577 15527 15522 15511 15473 15468 15456 15422 15355 15406 15431 15439 15425 15419 15442
17141 17145 17151 17196 17263 17346 17404 17417 17440 17464 17510 17567 17587 17583 17536 17492 17472 17383 17307 17253 17228 17191 17140 17110 17086 17024 16939 16862 16767 16618 16496 16390 16325 16248 16141 16069 16014 15976 15917 15876 15862 15817 15766 15716 15657 15601 15561 15554 15550 15538 15534 15532 15522 15521 15520 15522 15550 15546 15528 15527 15517 15538 15537 15533 15503 15495 15498 15499 15502 15551 15530 15494 15570 15573 15578 15588 15587
17054 17042 17017 17013 17033 17063 17119 17173 17214 17259 17283 17320 17318 17321 17287 17257 17223 17192 17136 17073 17021 16943 16850 16827 16807 16791 16771 16659 16555 16417 16311 16264 16220 16158 16108 16057 16033 15996 15957 15918 15880 15824 15801 15744 15690 15639 15604 15611 15604 15573 15542 15548 15549 15536 15536 15531 15543 15548 15542 15547 15545 15545 15553 15550 15535 15521 15508 15500 15466 15568 15573 15525 15522 15578 15618 15643 15667
16708 16691 16742 16778 16865 16884 16896 16894 16905 16958 17022 17046 17056 17087 17121 17136 17129 17101 17016 16891 16791 16714 16658 16647 16627 16589 16513 16407 16352 16309 16255 16192 16134 16083 16044 15988 15926 15855 15777 15727 15669 15635 15633 15595 15569 15570 15563 15570 15572 15562 15560 15553 15549 15540 15547 15549 15579 15572 15565 15567 15567 15564 15575 15572 15554 15548 15530 15604 15605 15560 15509 15554 15556 15588 15614 15638 15672
17150 17131 17111 17109 17093 17060 17055 17059 17056 17051 17009 16992 16996 16962 16937 16922 16903 16887 16866 16841 16823 16767 16717 16673 16664 16660 16649 16626 16601 16539 16470 16355 16279 16212 16166 16139 16121 16084 16038 16011 15966 15924 15883 15842 15805 15803 15751 15722 15694 15724 15728 15710 15713 15726 15713 15673 15669 15679 15689 15686 15674 15671 15683 15701 15727 15749 15746 15751 15748 15741 15716 15691 15665 15655 15654 15652 15660
17240 17251 17245 17207 17191 17175 17177 17177 17160 17130 17078 17065 17058 17011 16970 16934 16908 16863 16833 16786 16775 16746 16720 16699 16678 16665 16668 16661 16613 16535 16458 16466 16455 16434 16433 16375 16366 16352 16344 16326 16310 16306 16293 16274 16257 16256 16230 16225 16194 16166 16130 16111 16083 16062 16049 16016 15997 15983 15950 15944 15950 15944 15922 15906 15895 15893 15885 15851 15803 15790 15804 15861 15916 15926 15929 15914 15879
17100 17058 17056 17042 17067 17064 17043 17032 17021 16983 16902 16906 16898 16883 16861 16822 16779 16722 16679 16633 16609 16590 16567 16533 16514 16505 16509 16506 16481 16486 16488 16473 16457 16432 16428 16423 16418 16409 16405 16401 16402 16397 16393 16401 16431 16460 16456 16437 16414 16417 16398 16374 16364 16342 16320 16280 16257 16221 16211 16198 16170 16143 16128 16113 16105 16087 16066 16056 16016 15967 15960 15981 15975 15910 15915 15884 15867
16756 16765 16757 16753 16781 16785 16811 16830 16825 16813 16791 16749 16748 16744 16726 16720 16736 16725 16698 16689 16694 16688 16661 16642 16626 16587 16517 16470 16484 16467 16463 16460 16459 16463 16436 16448 16451 16446 16441 16437 16435 16431 16426 16421 16421 16420 16424 16414 16416 16417 16405 16377 16374 16368 16356 16350 16349 16334 16304 16281 16257 16250 16232 16201 16171 16179 16155 16130 16107 16065 16036 15995 15962 15935 15917 15894 15906
16789 16778 16792 16788 16814 16819 16836 16862 16861 16871 16898 16909 16918 16929 16918 16871 16906 16914 16905 16916 16904 16877 16814 16777 16742 16709 16658 16605 16574 16550 16554 16543 16478 16473 16477 16515 16520 16523 16519 16506 16496 16488 16459 16454 16454 16465 16466 16458 16447 16420 16412 16397 16386 16372 16355 16338 16333 16314 16288 16252 16245 16251 16219 16176 16177 16174 16148 16117 16094 16049 16028 16012 15999 15961 15946 15928 15914
16964 16899 16846 16830 16857 16889 16870 16853 16864 16884 16894 16937 16944 16955 17004 17079 17109 17101 17085 17078 17072 16993 16928 16886 16873 16844 16780 16712 16686 16653 16599 16566 16558 16556 16575 16582 16578 16572 16578 16576 16557 16547 16548 16552 16547 16544 16530 16538 16516 16488 16461 16424 16389 16360 16320 16280 16263 16238 16220 16209 16191 16182 16171 16135 16101 16099 16060 16013 15994 15962 15936 15905 15889 15867 15838 15807 15778
17021 16995 16940 16861 16754 16696 16684 16656 16635 16648 16654 16637 16664 16769 16843 16829 16782 16787 16890 16920 16938 16944 16963 16948 16953 16878 16845 16817 16810 16778 16748 16722 16691 16623 16557 16585 16577 16585 16579 16570 16566 16561 16569 16586 16577 16571 16561 16529 16516 16485 16459 16446 16411 16325 16267 16180 16107 16029 15968 15943 15923 15935 15900 15815 15785 15769 15778 15777 15760 15736 15714 15708 15684 15643 15612 15576 15563
17066 17026 16973 16919 16864 16819 16779 16730 16684 16671 16671 16695 16703 16707 16698 16685 16638 16661 16694 16701 16706 16723 16743 16758 16772 16783 16786 16774 16762 16741 16732 16716 16694 16682 16643 16627 16630 16609 16585 16571 16570 16576 16599 16612 16609 16593 16586 16584 16582 16579 16600 16612 16601 16564 16507 16423 16331 16250 16147 16072 16035 15990 15958 15937 15907 15874 15837 15840 15830 15790 15733 15692 15702 15699 15671 15635 15626
17044 16995 16930 16868 16823 16814 16797 16750 16704 16670 16665 16688 16693 16717 16731 16720 16718 16688 16693 16685 16707 16721 16729 16729 16728 16722 16708 16692 16678 16666 16651 16635 16611 16580 16560 16532 16519 16469 16360 16315 16305 16306 16349 16362 16378 16390 16395 16405 16406 16445 16449 16462 16469 16481 16489 16472 16466 16429 16374 16354 16314 16241 16203 16185 16153 16137 16124 16112 16095 16075 16041 15993 15953 15889 15831 15792 15755
17218 17151 17132 17096 17070 17015 16954 16912 16864 16807 16763 16734 16710 16696 16656 16626 16608 16593 16569 16560 16560 16574 16568 16584 16593 16594 16557 16523 16512 16505 16491 16448 16408 16379 16348 16334 16309 16303 16291 16287 16282 16285 16272 16268 16268 16268 16268 16260 16260 16261 16251 16259 16257 16250 16247 16247 16250 16248 16243 16243 16238 16226 16221 16203 16183 16159 16133 16115 16097 16057 16005 15953 15917 15882 15817 15764 15734
17299 17264 17256 17222 17173 17108 17027 16954 16885 16868 16837 16799 16744 16701 16634 16611 16580 16568 16555 16500 16461 16437 16418 16406 16388 16373 16349 16335 16348 16343 16324 16326 16328 16318 16319 16318 16313 16306 16304 16295 16295 16298 16282 16287 16283 16278 16275 16272 16270 16267 16264 16262 16259 16258 16253 16254 16255 16255 16249 16246 16248 16248 16251 16235 16227 16192 16160 16117 16068 15982 15899 15800 15745 15683 15629 15569 15530
17279 17254 17248 17227 17195 17149 17080 17010 16952 16891 16834 16802 16756 16719 16677 16640 16615 16571 16531 16507 16464 16449 16436 16406 16402 16398 16396 16418 16441 16465 16462 16446 16446 16432 16436 16441 16450 16479 16481 16474 16469 16474 16464 16461 16448 16416 16409 16390 16364 16342 16321 16312 16306 16301 16298 16297 16288 16286 16277 16235 16201 16131 16054 15960 15901 15814 15746 15681 15642 15613 15538 15509 15482 15459 15430 15378 15338
