Alternative/Moon/Lvl0_30x30/Ele_BH.asc
ncols         335
nrows         335
xllcorner     3407491.657
yllcorner     3322833.042
cellsize      10000
nodata_value  -9999.0
[rows 68 to 101 of 335, columns 154 to 230 of 335]
16090 16143 16183 16194 16199 16287 16393 16422 16445 16557 16512 16494 16426 16459 16388 16323 16299 16539 16570 16453 16370 16293 16229 16317 16419 16503 16637 16660 16657 17035 17164 17229 17220 17210 17120 17004 16939 16849 16885 16878 16916 17002 16931 16952 16881 16806 16986 17267 17585 17713 17685 17634 17584 17505 17142 16970 16893 16848 16860 16850 17121 17205 16905 17013 16987 16883 16871 16848 16821 16786 16765 16736 16716 16709 16700 16702 16709
16186 16191 16188 16463 16520 16659 16868 16843 16645 16624 16574 16528 16593 16628 16583 16523 16534 16512 16450 16357 16317 16264 16283 16391 16675 16849 16984 16992 17201 17378 17437 17449 17379 17524 17430 17189 17003 16880 16835 16813 16800 16791 16849 16847 16815 16885 17266 17378 17867 18168 18161 18112 17785 17454 17128 16989 16918 16896 16888 16892 17053 16993 16910 17071 17051 16972 16952 16908 16989 17074 17031 16886 16783 16737 16730 16688 16656
16243 16269 16475 16499 16539 16831 16970 16982 17008 17140 17078 17000 16759 16686 16656 16627 16537 16488 16333 16256 16253 16402 16701 16858 16964 17198 17560 17589 17448 17307 17460 17479 17420 17251 17243 17185 17013 16912 16848 16837 16809 16802 16805 16818 16873 16834 16942 17016 17842 18540 18582 18350 17894 17550 17111 16982 16964 16950 17038 17037 16939 17026 17014 16931 17027 16909 16979 17051 17250 17812 17852 17740 17375 16940 16736 16711 16698
16581 16605 16531 16474 16463 16629 17050 17480 17815 18020 17926 17662 17435 17067 16776 16616 16520 16436 16347 16396 16766 17240 17245 17305 17324 17318 17316 17347 17269 17161 17146 17141 17202 17165 17198 17192 17210 17075 16951 16952 16974 16952 16904 16994 17079 17302 17389 17477 18080 18627 18766 18560 18290 17764 17137 17022 17009 16997 17005 16990 16986 17026 17121 16982 16943 16958 16980 17030 17021 17146 17138 17292 17307 17008 16891 16968 16965
16135 16196 16423 16511 16570 16670 17119 17857 18234 18211 18044 17954 17614 17162 17085 17038 17029 17067 17115 17112 17100 17088 17079 17170 17245 17216 17240 17184 17095 17087 17098 17097 17152 17093 17398 17498 17503 17420 17116 17203 17253 17313 17055 17271 17309 17333 17594 17670 18293 18586 18580 18793 18648 17722 17149 17083 17082 17072 17033 17004 16963 16940 16932 16927 16944 16956 16967 16993 16982 16971 17059 16987 16907 16885 16895 16936 16966
16495 16555 16195 16246 16853 17688 18251 18443 18477 18300 18262 18144 17830 17491 17404 17333 17369 17382 17363 17247 17234 17148 17120 17147 17216 17244 17191 17119 17065 17079 17087 17163 17246 17242 17316 17356 17439 17332 17329 17516 17378 17491 17291 17088 17249 17398 17794 17876 18184 18038 18432 18831 18860 18390 17468 17135 17137 17113 17075 17016 16986 16951 16938 16916 16944 16943 16938 16971 16946 16957 16953 16912 16884 16866 16880 16884 16987
16287 16153 16041 16051 16703 17787 18533 18609 18519 18294 18255 18087 17910 17747 17561 17542 17489 17435 17464 17443 17160 17297 17414 17390 17301 17253 17450 17479 17469 17444 17302 17289 17205 17164 17445 17394 17552 17269 17387 17394 17440 17453 17250 17029 17279 17375 17712 17828 17981 17934 17708 18495 18841 18553 17796 17185 17179 17139 17102 17070 17090 17031 17079 17121 17122 17103 17124 17089 16900 16909 16958 16948 16967 16944 17016 17067 16973
16145 16162 16635 16825 17314 17829 18188 18315 18309 18244 18241 18137 18125 17971 17773 17613 17467 17401 17383 17377 17420 17412 17412 17322 17424 17350 17421 17456 17413 17410 17383 17319 17405 17377 17377 17217 17292 17315 17158 17199 17176 17015 16955 16981 17190 17313 17293 17184 17317 17576 17674 17468 17320 17373 17207 17176 17177 17163 17125 17101 17072 17061 17197 17208 17183 17167 17135 17070 16979 17145 17134 17146 17102 17157 17289 17228 17145
16044 16904 17280 17396 17546 17756 17990 18066 18115 18220 18235 18115 18072 18041 17810 17550 17461 17392 17360 17287 17236 17350 17365 17383 17435 17321 17222 17391 17449 17421 17397 17479 17564 17531 17525 17411 17155 17044 17198 17247 17274 17235 17105 17093 17119 17192 17168 17121 17337 17584 17738 17707 17200 17095 17102 17105 17111 17110 17082 17074 17227 17405 17402 17300 17106 16994 16901 16921 17113 17119 17321 17324 17303 17187 17351 17236 17253
16615 17275 17545 17645 17637 17874 18006 17901 17817 17883 17946 17760 17797 17811 17577 17497 17400 17344 17265 17222 17296 17365 17396 17415 17666 17724 17652 17688 17611 17503 17548 17556 17691 17859 17983 17875 17792 17858 17750 17709 17712 17398 17204 17260 17177 17189 17180 17131 17096 17095 17081 17093 17069 17063 17065 17065 17076 17063 17044 17039 17165 17350 17358 17318 17196 17007 16822 16754 16814 17104 17306 17305 17373 17238 17245 17203 17235
17264 17519 17662 17716 17733 18006 18040 18022 17828 17448 17429 17458 17466 17429 17363 17330 17351 17313 17287 17298 17365 17376 17359 17488 17653 17749 17697 17607 17598 17549 17795 18193 18216 18140 18252 18224 18228 18247 17839 17735 17888 17795 17352 17285 17247 17466 17618 17705 17661 17705 17729 17255 17040 17051 17046 17043 17028 17018 17063 17201 17154 17329 16989 17402 17217 16949 16794 16728 16783 17212 17237 17268 17360 17021 17386 17341 17162
17591 17688 17700 17706 17758 17751 17891 17841 17605 17564 17636 17640 17615 17562 17384 17388 17350 17299 17306 17362 17444 17392 17547 17676 17791 17827 18102 18612 18712 18869 18892 18829 18871 19022 18839 18601 18190 17701 17481 17384 17720 17724 17342 17315 17438 17676 17700 17781 17916 17872 17823 17339 17041 17042 17065 17172 17509 17707 17698 17681 17495 17457 17390 17404 17129 16843 16704 16658 16797 17249 17324 17416 17606 17459 17212 17488 17286
17676 17665 17746 17713 17663 17569 17490 17482 17697 17726 17731 17647 17449 17466 17351 17373 17350 17309 17388 17483 17484 17503 17553 17679 18003 18326 18531 18645 18849 18791 18788 18752 19021 19282 18998 18677 17849 17249 17225 17297 17569 17656 17495 17292 17266 17368 17319 17440 17488 17484 17493 17226 17052 17061 17236 17348 17702 17991 17938 17598 17369 17319 17447 17494 17224 16969 16915 16790 16723 16847 16939 17068 17181 17088 17206 17238 17256
17692 17684 17686 17521 17339 17527 17427 17415 17265 17491 17625 17584 17333 17324 17288 17310 17302 17317 17330 17474 17506 17570 17810 17821 18106 18425 18568 18537 18604 18558 18572 18647 18890 18996 18789 18520 17793 17393 17329 17381 17736 17816 17493 17384 17225 17248 17196 17155 17192 17141 17127 17175 17183 17505 17545 17455 17399 17262 17452 17611 17645 17481 17619 17707 17659 17587 17423 17432 17525 17641 17511 17180 17101 17029 17046 17181 17220
17526 17411 17263 17223 17152 17297 17288 17358 17347 17240 17149 17108 17140 17167 17217 17278 17482 17402 17390 17428 17557 17664 17857 17888 17806 18122 18209 18285 18396 18392 18244 18256 18549 18613 18547 18294 17734 17564 17468 17581 17557 17505 17391 17247 17156 17218 17063 17121 17140 17105 17104 17306 17693 17907 17787 17413 17016 16770 16804 17173 17573 17553 17213 17271 17674 17603 17433 17458 17506 17713 17630 17227 16967 16950 16954 17158 17225
17015 17044 17081 16986 16947 16933 17113 17376 16936 17354 17290 17105 17145 17187 17288 17516 17595 17560 17649 17701 17741 17832 17821 17907 17869 18058 18133 18097 18180 18167 18183 17968 17968 18016 17969 17852 17910 17705 17592 17460 17425 17410 17232 17137 17174 17004 16880 16874 16945 16846 16768 16905 17305 17791 17741 17327 16985 16909 16902 16959 17197 17152 17093 16971 17045 17091 17131 17225 17260 17266 17261 16966 16798 16960 17518 17683 17813
17064 17113 17004 17058 16967 16908 17037 17204 17270 17391 17296 17238 17202 17403 17363 17466 17518 17527 17538 17592 17706 17897 17900 17915 17872 17823 17893 17861 17919 17916 17912 17885 17917 17981 17983 17995 17906 17775 17732 17643 17207 17223 17217 17269 17226 17101 16859 16902 16817 16810 16787 16740 16670 16761 16931 16985 16946 16916 16973 16897 16905 16878 16932 16865 16794 16852 16944 16945 16894 16708 16867 17051 17597 17960 18205 18247 18227
16818 16865 16775 16811 16973 16977 16913 17014 17242 17562 17504 17421 17565 17551 17438 17392 17368 17359 17376 17444 17636 17923 18067 18088 18084 17983 18053 18114 18061 18171 18199 18177 18243 18240 18181 18144 17957 17922 17928 17902 17733 17656 17571 17358 17413 17443 17241 16960 16728 16716 16736 16658 16638 16614 16660 16600 16837 16958 16959 16836 16876 17019 17010 16886 16731 16702 16663 16683 16710 16718 17011 17434 17816 18473 18878 18903 18785
16699 16595 16796 16967 17241 17027 16993 17025 17183 17129 16993 17055 17088 17171 17086 16998 17003 17103 17348 17451 17587 17863 17988 18046 18052 17977 17995 18060 18008 18190 18156 18159 18137 18087 18094 18103 18036 17980 17861 17805 17898 17931 17792 17944 18025 17772 17352 16918 16707 16516 16639 16711 16404 16562 16562 16429 16612 17007 17091 17121 17228 16973 17083 16968 16829 16797 16732 16661 16763 16872 17145 17568 17937 18435 18505 18597 18663
16928 16831 17156 17217 16958 16998 17031 16995 17188 17439 17395 17283 17175 16999 16962 16939 16968 17165 17364 17494 17584 17512 17679 17682 17700 17617 17619 17687 17715 17851 18152 18264 18231 18326 18306 18258 18174 18195 18029 17796 17717 17537 17289 17659 17738 17471 16923 16590 16488 16577 16530 16570 16417 16371 16448 16584 16602 16701 17018 17150 17373 17160 17227 17074 16955 16930 16650 16605 16746 16949 17351 17574 17658 17606 17489 17453 17622
16681 16645 16651 16676 16739 16756 16851 16928 17208 17421 17395 17141 17089 16974 16920 16986 17122 17200 17360 17564 17750 17974 18090 18124 18064 17687 17902 17929 17968 17864 18159 18243 18037 18109 18111 17760 17885 17631 17458 17230 16742 16690 16572 16546 16610 16757 16499 16452 16460 16597 16474 16352 16574 16598 16634 16606 16642 16680 16617 16613 16784 17123 17069 17034 16914 16982 16960 16785 16791 17135 17451 17546 17568 17523 17477 17453 17348
16630 16673 16578 16579 16583 16551 16572 16594 16705 16712 16905 16866 17040 17198 17296 17338 17735 18204 18503 18247 18512 18577 18350 18204 18111 17851 17893 17914 17902 17811 17606 17562 17726 17825 17821 17540 17179 16992 16870 16757 16821 16906 16915 16825 16609 16428 16395 16220 16180 16174 16144 16420 16718 17089 17152 17044 16879 16814 16751 16724 17209 17293 17520 17440 17198 16939 16969 16884 16911 17169 17247 17282 17469 17404 17077 16757 16778
16733 16731 16659 16572 16590 16564 16558 16605 16707 16790 16990 17159 17318 17438 17568 17667 17970 18311 18430 18077 18462 18565 18499 18409 18212 17905 17708 17550 17450 17321 17149 16854 16816 16964 17132 17157 16950 16859 16806 16762 16765 16746 16753 16666 16629 16447 16599 16507 16370 16276 16605 16790 16889 17061 17313 17381 17224 17080 16913 17143 17522 17676 17522 17373 16996 16961 16927 16859 16916 16814 16707 16666 17073 17112 16994 16725 16701
16818 16725 16652 16582 16504 16498 16615 16715 16760 16871 17191 17310 17447 17658 17739 17588 17106 17151 17694 17848 18161 18413 18399 18261 18124 17811 17550 17266 17084 16795 16769 16658 16665 16681 16671 16637 16698 16783 16697 16642 16593 16517 16455 16531 16401 16298 16242 16396 16433 16375 16525 16618 16791 17043 17040 17265 17253 17211 17104 16888 16932 17264 17267 17057 16833 16599 16545 16550 16582 16554 16629 16842 17074 16906 16823 16865 16734
17035 16764 16654 16665 16542 16481 16632 16714 16771 16851 17173 17267 17765 17875 17232 16745 16434 16424 16634 17019 17523 17963 18265 18291 17563 17508 16981 16804 16650 16616 16637 16645 16705 16613 16560 16555 16708 16744 16738 16617 16485 16410 16322 16222 16172 16188 16256 16449 16499 16513 16744 16777 16670 16608 16603 16703 16865 17498 17536 17113 16671 16654 16653 16661 16666 16608 16611 16613 16599 16584 16665 16850 16823 16691 16600 16848 16753
17446 17173 16829 16735 16553 16495 16591 16684 16748 16840 17067 17263 17579 17671 16785 16343 16249 16155 16239 16307 16408 16471 16753 17248 17375 17168 16888 16752 16638 16577 16461 16632 16700 16509 16524 16507 16515 16613 16595 16499 16395 16308 16179 16162 16114 16123 16120 16065 16150 16252 16395 16522 16614 16505 16464 16770 17616 18157 18078 17558 16916 16879 16840 16732 16711 16656 16654 16643 16608 16599 16616 16668 16945 16910 16884 16872 16585
17775 17458 17160 16840 16663 16613 16473 16637 16658 16893 16987 17119 16977 16701 16482 16198 16054 16308 16769 16774 16405 16510 16555 17026 17483 17377 16968 16772 16545 16336 16215 16219 16178 16281 16372 16617 16611 16552 16496 16390 16279 16184 16150 16099 16078 16149 16211 16249 16307 16653 16694 16618 17295 17295 17081 16933 17083 17302 17253 17098 16897 16793 16774 16683 16667 16687 16674 16653 16623 16601 16597 16596 16582 16575 16573 16578 16597
17433 17599 17170 16835 16600 16529 16480 16456 16519 16638 16701 16720 16721 16764 16750 16386 16157 16376 16740 16785 16574 16830 16757 16576 16738 16729 16549 16532 16486 16448 16316 16408 16289 16261 16494 16743 16654 16532 16543 16271 16195 16139 16133 16028 16190 16280 16032 16246 16369 16345 16377 16504 17185 17308 17131 16918 16765 16802 16659 16612 16645 16662 16638 16643 16612 16623 16624 16624 16624 16602 16625 16636 16628 16612 16609 16603 16614
17183 17296 17012 16699 16486 16368 16261 16353 16445 16503 16477 16497 16611 16732 16870 16597 16357 16490 16632 16624 16522 16610 16506 16681 16961 17019 16733 16605 16552 16241 16246 16068 16125 16132 16179 16229 16359 16507 16763 16640 16368 16189 16122 16111 16237 16312 15987 16360 16484 16309 16332 16394 16454 16623 16614 16807 16809 16596 16605 16649 16628 16593 16635 16616 16590 16584 16594 16609 16622 16629 16637 16659 16658 16648 16640 16632 16868
16583 17250 16721 16518 16349 16291 16221 16165 16114 16089 16337 16386 16403 16535 16761 16686 16662 16594 16336 16325 16338 16606 16603 16633 16556 16666 16752 16636 16574 16393 16203 16063 16005 16000 15992 16035 16136 16440 16808 16759 16584 16441 16397 16248 16124 16081 16276 16326 16354 16334 16271 16261 16240 16297 16360 16412 16412 16571 16624 16608 16512 16507 16548 16563 16576 16590 16609 16622 16630 16636 16647 16660 16670 16670 16669 16794 16989
17195 17167 16957 16591 16243 16151 16041 15981 16050 16114 16251 16281 16302 16452 16725 16875 16719 16682 16668 16582 16533 16695 16728 16756 16771 16801 16728 16555 16649 16797 16766 16727 16489 16348 16192 16331 16551 16623 16693 16659 16564 16540 16590 16504 16280 16000 16391 16805 16736 16256 16181 16180 16136 16197 16245 16319 16407 16486 16500 16500 16505 16506 16545 16546 16568 16600 16626 16631 16637 16649 16654 16657 16671 16689 16708 16726 16752
17221 17058 17001 16526 16185 16007 16044 16048 16037 16206 16319 16327 16311 16489 16518 16752 16794 16589 16646 16377 16276 15986 15920 16046 16690 17169 17342 17283 16824 16561 16673 16602 16528 16560 16662 16853 16846 16766 16599 16331 16315 16481 16525 16260 16076 15927 15898 16188 16212 16304 16470 16494 16218 16227 16237 16263 16313 16526 16503 16432 16455 16462 16501 16526 16557 16584 16603 16625 16632 16642 16672 16670 16660 16680 16740 16734 16742
16952 16897 16738 16347 16195 16122 16002 15975 16007 16099 16314 16295 16274 16178 16301 16318 16350 16294 16404 16424 15903 15643 15601 15775 15861 16211 16961 17113 16972 16478 16421 16467 16496 16426 16629 16761 16682 16782 16596 16148 16200 16232 16208 16165 16050 15845 15777 15783 15821 15822 16142 16346 16288 16298 16348 16414 16482 16569 16629 16578 16680 16670 16545 16573 16601 16669 16586 16607 16627 16646 16674 16680 16671 16681 16726 16739 16785
16769 16694 16545 16357 16171 16081 15899 15795 15807 15879 16013 16178 15917 16200 16228 16225 15956 15830 15804 15663 15544 15479 15493 15552 15713 15659 16160 16755 16889 16542 16293 16342 16340 16404 16497 16483 16254 16647 16741 16302 16204 16628 16569 16538 16261 15910 15884 15855 16070 16090 16071 15882 16293 16305 16454 16418 16328 16280 16780 16922 17108 17152 17011 16875 16655 16598 16575 16625 16649 16618 16637 16647 16674 16692 16742 16770 16834
