Alternative/Moon/Lvl0_30x30/Ele_FE.asc
ncols         335
nrows         335
xllcorner     -6642508.343
yllcorner     -10077166.958
cellsize      10000
nodata_value  -9999.0
[rows 170 to 203 of 335, columns 154 to 230 of 335]
23179 23282 23280 23200 23144 23181 23148 23122 23130 23126 22944 22915 22811 22654 22445 22244 22085 21977 21885 21774 21596 21693 21954 22043 22282 22650 23010 23323 23565 23720 23819 23826 23753 23548 23346 23237 23101 22951 22902 22894 22855 22803 22714 22740 22671 22655 22636 22691 22723 22662 22505 22309 22348 22611 22768 22957 23227 23575 23772 23950 24061 24067 23925 23663 23393 23081 22874 22853 22830 22803 22840 22872 22630 22424 22350 22449 22434
22276 22145 21920 21722 21530 21480 21497 21505 21490 21491 21509 21445 21447 21311 21319 21284 21240 21217 21207 21203 21210 21275 21405 21527 21647 21875 22132 22500 22817 23109 23239 23417 23500 23441 23252 23191 23194 23251 23428 23497 23495 23379 23403 23409 23436 23408 23261 23141 23011 22906 22793 22751 22984 23177 23382 23636 23969 24203 24387 24456 24553 24558 24564 24470 24346 24470 24554 24524 24470 24383 24332 24277 24201 24040 23806 23640 23505
21273 21188 21197 21193 21188 21178 21175 21179 21182 21195 21207 21206 21202 21195 21201 21194 21190 21192 21179 21171 21165 21164 21173 21160 21137 21139 21254 21474 21735 22030 22387 22683 22831 23062 23350 23576 23702 23762 23857 23878 23833 23946 23993 23998 24102 24089 24011 23908 23855 23815 23770 23751 23845 24093 24355 24438 24592 24838 24951 24954 24958 24911 24834 24806 24859 24883 24837 24759 24723 24691 24651 24552 24421 24374 24363 24237 24181
21187 21173 21177 21175 21179 21212 21192 21203 21186 21181 21187 21189 21187 21190 21182 21181 21192 21185 21166 21159 21153 21157 21160 21140 21134 21118 21113 21137 21317 21601 21903 22195 22562 22897 23210 23425 23489 23511 23510 23533 23680 23957 24220 24372 24396 24444 24693 24896 25043 24961 25100 25185 25312 25515 25588 25564 25457 25370 25333 25274 25359 25360 25304 25216 25193 25236 25272 25170 25062 25041 25075 25083 25038 25047 25013 24986 24820
21244 21230 21236 21249 21222 21255 21248 21256 21236 21231 21224 21221 21210 21202 21209 21207 21207 21202 21201 21189 21179 21182 21179 21163 21163 21187 21178 21195 21216 21341 21500 21690 21949 22261 22576 22819 23211 23559 23900 24162 24408 24636 24868 24976 25027 25145 25263 25400 25564 25539 25569 25573 25789 25918 25978 25994 26051 26045 25809 25635 25526 25559 25552 25557 25658 25732 25785 25767 25748 25763 25753 25642 25551 25603 25621 25587 25455
21261 21263 21266 21260 21255 21272 21291 21246 21264 21251 21245 21251 21257 21252 21244 21241 21234 21224 21216 21203 21200 21180 21179 21172 21188 21212 21284 21305 21335 21651 22028 22161 22301 22498 22833 23086 23387 23641 23862 24075 24459 24858 25295 25532 25584 25678 25810 25887 25879 25856 25855 26035 26145 26237 26276 26226 26190 26147 25947 26067 26126 26127 26024 26139 26137 26097 26013 25970 26023 26011 25882 25689 25440 25417 25658 25786 25870
21282 21306 21303 21301 21301 21297 21301 21300 21297 21316 21336 21269 21302 21314 21292 21267 21250 21239 21229 21218 21211 21201 21193 21199 21201 21325 21532 21718 21885 21988 22212 22429 22732 23073 23460 23844 24244 24615 24938 25191 25463 25735 25868 25903 25918 25943 26018 26092 26118 26132 26157 26181 26237 26266 26241 26134 25848 25770 25867 26089 26317 26343 26298 26264 26289 26270 26246 26088 26020 26009 25995 26053 26033 25998 25944 25927 25824
21422 21382 21363 21358 21357 21354 21356 21352 21348 21376 21404 21330 21328 21306 21290 21286 21266 21249 21243 21256 21217 21221 21208 21204 21230 21374 21625 21857 22157 22450 22696 22839 23027 23309 23702 24066 24579 25039 25504 25737 25884 26026 26126 26158 26187 26250 26278 26347 26390 26344 26359 26363 26344 26286 26247 26241 26260 26265 26298 26318 26326 26338 26370 26410 26389 26342 26266 26147 26031 26036 26044 25992 25938 25959 25935 25785 25706
21826 21645 21564 21486 21438 21417 21409 21411 21389 21380 21365 21352 21348 21353 21341 21308 21282 21258 21257 21250 21249 21217 21187 21170 21167 21353 21599 21860 22159 22527 22962 23260 23571 23773 24000 24280 24635 25009 25305 25455 25686 25967 26140 26245 26254 26347 26483 26595 26741 26809 26832 26861 26810 26625 26319 26184 26023 25816 25744 25731 25776 25831 25938 25988 26071 26104 26107 26099 26078 26055 26040 25996 25930 25837 25771 25707 25623
23405 23072 22665 22371 22054 21727 21511 21387 21351 21331 21326 21330 21332 21324 21281 21246 21218 21197 21160 21157 21158 21167 21141 21151 21199 21328 21563 21788 22158 22496 22888 23153 23478 23770 24051 24327 24719 25118 25326 25350 25310 25207 25325 25448 25614 25683 25814 25969 26116 26255 26332 26530 26371 26277 26046 25861 25611 25456 25547 25558 25537 25595 25688 25680 25775 25930 26116 26284 26343 26316 26189 26112 26104 26047 25858 25743 25683
24180 23800 23356 23076 22710 22373 22026 21768 21489 21262 21214 21193 21219 21215 21134 21142 21132 21105 21088 21088 21106 21165 21126 21136 21168 21215 21163 21351 21649 21953 22224 22518 22823 23158 23461 23785 24094 24356 24488 24520 24469 24228 24072 24045 24121 24190 24251 24324 24499 24586 24793 24838 25060 25089 25130 25195 25375 25570 25963 26236 26493 26569 26636 26648 26710 26659 26558 26460 26468 26410 26274 26215 26156 26105 26044 25941 25774
24655 24190 23715 23346 22911 22477 22075 21789 21529 21370 21243 21305 21284 21098 20821 21147 21279 21236 21171 21137 21113 21107 21104 21123 21108 21102 21112 21169 21281 21461 21646 21891 22129 22421 22769 22980 23148 23340 23388 23335 23132 23064 23061 23072 23017 22905 22972 23241 23242 23270 23428 23483 23675 23959 24305 24610 25064 25572 26043 26369 26678 26805 26965 27044 27007 26806 26543 26401 26284 26159 26081 26043 26009 25989 25900 25732 25522
24748 24219 23634 23170 22653 22224 21983 21711 21383 21190 21164 21159 21194 21135 21111 21154 21155 21155 21135 21123 21102 21092 21063 21043 21042 21071 21111 21130 21129 21177 21248 21337 21494 21838 22197 22419 22645 22789 22817 22809 22784 22789 22897 22942 22913 22818 22847 22887 22982 23083 23241 23395 23635 23882 24262 24567 25019 25470 25928 26289 26577 26722 26770 26769 26706 26542 26421 26200 25848 25835 25761 25711 25631 25701 25649 25564 25540
24448 24014 23605 23270 22881 22503 22157 21874 21569 21381 21234 21130 21113 21090 21068 21005 21015 21020 20994 20990 20980 20970 20963 20958 20956 20937 20926 20911 20894 20854 20849 20864 20883 20928 21082 21328 21686 21948 22164 22288 22415 22526 22579 22681 22866 23038 23130 23199 23338 23501 23753 23988 24299 24580 24840 25048 25299 25503 25812 26081 26324 26412 26412 26372 26304 26196 26057 25833 25531 25387 25370 25292 25297 25301 25302 25308 25340
24925 24434 23997 23672 23296 22919 22609 22397 22170 21980 21840 21656 21509 21369 21258 21157 21138 21104 21089 21051 20973 20947 20945 20942 20952 20932 20935 20937 20898 20889 20876 20873 20876 20907 21031 21132 21147 21183 21334 21558 21790 22038 22292 22563 22823 23029 23189 23414 23700 23974 24259 24516 24794 25013 25224 25404 25596 25705 25756 25732 25834 25987 26029 26000 25896 25805 25731 25631 25479 25362 25330 25325 25306 25303 25339 25398 25502
25701 25239 24776 24433 24065 23818 23570 23331 22924 22536 22232 21972 21718 21514 21398 21321 21256 21290 21271 21251 21164 21223 21294 21348 21437 21416 21162 20937 20901 20896 20892 20883 20864 20854 20839 20844 20849 20875 20884 20918 21090 21357 21650 21925 22310 22732 23153 23475 23820 24154 24484 24744 24993 25278 25495 25657 25793 25856 25862 25812 25794 25798 25760 25645 25514 25492 25459 25429 25358 25341 25339 25333 25347 25362 25426 25549 25593
26193 25731 25293 24998 24687 24292 23810 23373 22813 22280 21755 21351 21090 21043 21034 21027 21022 21002 20998 20984 20971 20968 20957 21051 21246 21374 21555 21598 21517 21393 21108 20973 20903 20887 20870 20866 20869 20868 20885 20916 20969 21188 21559 21793 22170 22561 23023 23316 23639 24001 24222 24425 24698 24988 25107 25115 25195 25354 25492 25497 25326 25380 25457 25447 25409 25374 25359 25347 25341 25332 25332 25337 25377 25486 25619 25670 25853
27059 26707 26215 25852 25547 25180 24578 24111 23581 22939 22392 21987 21642 21356 21164 21093 21037 21066 21039 21088 21109 21158 21339 21523 21834 22197 22479 22571 22581 22347 22005 21803 21655 21627 21598 21608 21712 21804 22052 22220 22323 22525 22523 22530 22563 22495 22680 22948 23255 23517 23706 23896 24100 24382 24543 24562 24582 24700 24860 24932 24945 24900 24874 24995 25023 24917 24891 25029 25099 25129 25185 25279 25447 25561 25688 25834 25986
27524 27366 27171 26925 26532 26188 25754 25351 24860 24277 23677 23245 22794 22446 22229 22079 22011 21998 22299 22313 22695 22935 23101 23346 23622 23862 23967 24015 23923 23776 23638 23576 23448 23404 23457 23482 23553 23574 23803 23946 23866 23908 23973 23984 24024 24018 23947 23845 23838 23815 23903 23963 24092 24165 24193 24220 24205 24179 24209 24329 24438 24472 24422 24378 24426 24488 24449 24469 24596 24829 25048 25242 25410 25511 25624 25796 25963
28733 28609 28445 28351 28128 27791 27467 27267 26914 26543 26072 25877 25532 25191 25116 25000 24910 24866 24940 24946 25092 25194 25202 25181 25067 25071 25300 25391 25490 25645 25679 25653 25611 25578 25585 25598 25496 25299 25103 24965 24897 24699 24489 24363 24269 24283 24216 24138 24052 24058 24100 24175 24287 24394 24424 24518 24717 24746 24746 24716 24624 24660 24694 24680 24624 24573 24730 24737 24797 24842 24885 24962 25062 25129 25223 25363 25575
29286 29322 29305 29264 29179 29106 28971 28800 28532 28351 28148 28055 27911 27796 27696 27551 27470 27269 27123 26980 26778 26581 26438 26345 26175 26138 26088 26176 26327 26443 26446 26445 26371 26313 26249 26182 26070 25785 25743 25609 25490 25403 25300 25157 24845 24582 24426 24305 24219 24186 24219 24277 24409 24564 24787 24966 25159 25154 25158 25153 25068 24992 24943 24864 24878 24875 24925 24995 25083 25124 25191 25216 25226 25216 25317 25410 25502
29284 29318 29211 29029 28903 28830 28699 28520 28234 28113 28129 28170 27962 28096 28401 28284 28218 28139 28069 27976 28030 28003 27868 27786 27595 27333 27036 27031 27148 27255 27211 27159 27153 27187 27151 27079 26940 26749 26558 26380 26243 26158 26071 25929 25840 25723 25517 25366 25213 25116 25218 25281 25351 25463 25530 25554 25548 25418 25333 25324 25334 25267 25156 25131 25137 25051 25172 25319 25586 25744 25754 25717 25716 25660 25611 25555 25517
28394 28641 28839 28828 28624 28196 27796 27516 27432 27622 27962 28277 28676 28987 29134 29132 29074 28996 28884 28811 28673 28591 28616 28600 28440 28233 28017 27920 27835 27732 27574 27408 27208 27157 27089 26954 26762 26557 26346 26167 25990 25913 25872 25829 25822 25714 25565 25475 25359 25255 25269 25297 25277 25224 25135 25063 24999 24992 25086 25088 25167 25179 25110 25211 25273 25377 25437 25572 25758 25883 25908 25931 25926 25868 25881 25810 25768
27015 27436 27743 27900 27839 27735 27699 27642 27814 28038 28382 28683 29011 29242 29375 29472 29547 29539 29505 29487 29545 29510 29473 29425 29284 29096 28870 28654 28459 28185 27904 27642 27293 26953 26579 26289 25924 25713 25434 25187 25045 24944 24838 24767 24672 24534 24500 24463 24434 24389 24293 24253 24098 23995 23985 23977 24000 23967 24029 24159 24268 24389 24596 24792 24993 25224 25386 25551 25783 25910 26189 26425 26696 26968 27173 27198 27164
25337 25696 26051 26299 26481 26633 26813 26952 27255 27558 27894 28227 28611 28941 29169 29337 29398 29449 29425 29364 29449 29578 29720 29832 29856 29763 29481 29206 28859 28500 28120 27788 27375 26968 26541 26207 25799 25402 25035 24802 24589 24398 24272 24143 24013 23978 23943 23931 23961 23905 23837 23746 23739 23750 23727 23709 23687 23667 23720 23735 23843 23977 24069 24188 24348 24636 24958 25252 25634 25991 26418 26789 27278 27747 28143 28394 28612
23830 24186 24619 24924 25403 25822 26229 26519 26870 27192 27521 27813 28021 28127 28197 28237 28317 28398 28799 29066 29341 29499 29631 29711 29755 29733 29541 29307 28918 28509 28049 27746 27349 26925 26505 26180 25819 25412 25107 24829 24516 24276 24045 23904 23812 23737 23706 23714 23710 23705 23704 23694 23685 23603 23603 23617 23592 23578 23581 23613 23697 23848 24053 24248 24496 24788 25084 25364 25729 26157 26595 26949 27418 27873 28275 28550 28789
22486 22981 23328 23675 24170 24633 24996 25252 25626 25856 26093 26264 26466 26776 26959 27190 27519 27847 28221 28480 28897 29121 29289 29360 29371 29267 29015 28806 28550 28286 28003 27734 27347 26953 26609 26290 25878 25492 25150 24921 24608 24338 24080 23898 23776 23655 23568 23534 23517 23506 23533 23577 23579 23592 23608 23618 23635 23615 23652 23695 23775 23907 24065 24230 24449 24764 25085 25350 25684 25998 26434 26759 27075 27435 27633 27870 28178
20833 21136 21421 21642 21946 22363 22878 23086 23417 23560 23894 24099 24417 24680 25143 25423 25857 26294 26637 26827 26990 27178 27323 27379 27372 27197 26963 26684 26468 26232 25984 25739 25546 25405 25286 25121 25083 24980 24766 24628 24391 24176 23890 23676 23601 23576 23575 23523 23503 23520 23599 23609 23583 23532 23576 23601 23613 23649 23701 23700 23717 23863 23993 24159 24377 24489 24660 24732 25128 25367 25530 25743 26114 26418 26688 26835 26998
19665 19994 20317 20616 20917 21184 21459 21616 21803 22005 22206 22394 22659 22903 23343 23550 23906 24180 24364 24600 24697 24766 24812 24854 24762 24632 24495 24386 24134 23796 23583 23463 23301 23186 23166 23273 23288 23300 23300 23301 23298 23159 23260 23329 23358 23274 23079 23054 23246 23467 23546 23527 23435 23340 23224 23119 23181 23227 23271 23264 23307 23334 23393 23528 23687 23801 24006 24009 24037 24053 24278 24489 24575 24644 24761 24824 24955
18834 19132 19410 19654 19817 20060 20127 20234 20257 20435 20596 20832 20914 21156 21393 21579 21792 21956 22192 22252 22342 22438 22515 22541 22503 22549 22517 22434 22298 22114 21988 21935 21906 21908 21909 21964 22002 22047 22062 22109 22059 22082 22020 22084 22243 22472 22586 22691 22763 22813 22840 22843 22815 22774 22735 22640 22484 22319 21998 21804 21453 21302 21166 21289 21306 21311 21453 21795 21956 22172 22505 22742 22954 22953 22885 22862 22874
18093 18343 18419 18532 18680 18742 18944 18984 18915 18934 19208 19449 19625 19794 19952 20077 20146 20297 20398 20454 20513 20596 20615 20660 20776 20860 20813 20844 20822 20811 20750 20713 20758 20896 21036 21100 21155 21167 21267 21373 21419 21535 21683 21748 21858 21999 22176 22294 22410 22448 22450 22333 22055 21647 21200 20840 20389 19995 19689 19381 19105 18792 18573 18489 18505 18610 18846 19107 19586 19895 20308 20824 21246 21654 21898 21994 21959
17600 17594 17578 17582 17583 17617 17722 17827 17952 18065 18115 18230 18341 18425 18485 18559 18659 18790 18900 18949 18955 19016 19079 19151 19152 19187 19232 19229 19165 19039 19032 19098 19354 19686 19986 20207 20297 20332 20460 20524 20551 20534 20589 20728 20926 21211 21494 21741 21792 21659 21247 20972 20464 19954 19403 18989 18493 17946 17528 17279 17144 17322 17425 17476 17553 17645 17718 17863 18112 18498 18980 19459 20011 20580 21100 21537 21889
17463 17534 17586 17600 17566 17562 17600 17650 17700 17691 17666 17729 17760 17813 17889 17950 18032 18091 18133 18148 18184 18197 18175 18159 18210 18281 18414 18583 18716 18836 18840 18812 18655 18631 18712 18798 18926 19078 19258 19424 19616 19946 20244 20458 20738 20982 21039 20991 20638 20167 19677 19221 18706 18209 17726 17367 17025 16789 16744 16728 16762 16863 16982 17025 17101 17218 17329 17467 17612 17774 18017 18355 18875 19396 19985 20456 20918
17685 17744 17743 17785 17829 17869 17909 17914 17911 17972 18001 17989 18016 17999 18018 18018 17910 17782 17637 17471 17305 17196 17176 17158 17251 17346 17393 17572 17654 17709 17742 17772 17794 17869 17953 18036 18101 18252 18421 18607 18905 19225 19616 19966 20297 20515 20530 20400 20071 19523 19027 18594 18066 17562 17070 16810 16758 16731 16641 16615 16616 16630 16668 16736 16818 16917 16957 17028 17107 17424 17819 18253 18737 19263 19796 20232 20677
