Alternative/Moon/Lvl0_30x30/Ele_AJ.asc
ncols         335
nrows         335
xllcorner     10107491.657
yllcorner     6672833.042
cellsize      10000
nodata_value  -9999.0
[rows 204 to 237 of 335, columns 77 to 153 of 335]
19362 19230 19208 18953 18770 18577 18532 18446 18358 18230 17938 17594 17675 17921 18029 18129 18122 18069 17974 17931 17932 17865 17620 17297 17419 17483 17615 17808 17905 17950 17996 18096 18095 18004 18059 17963 17995 17950 17983 18058 18096 18192 18460 18655 18653 18354 18152 18095 18192 18501 18947 19330 19628 19737 19728 19724 19750 19785 19752 19697 19595 19668 19667 19392 19596 19682 19698 19761 19730 19643 19567 19427 19019 18609 18405 18432 18324
18797 19218 19224 19013 18899 18670 18541 18456 18324 18234 18081 17963 18096 18167 18233 18150 18120 18070 18005 17911 17895 17804 17634 17474 17518 17553 17630 17870 17963 17975 17926 17807 17799 17843 17940 18048 18097 18112 18041 17953 17888 17823 17868 18049 18311 18626 18860 19239 19376 19449 19578 19616 19654 19773 19765 19745 19767 19827 19801 19793 19741 19817 19781 19850 19852 19704 19733 19780 19741 19650 19558 19455 19397 19079 18945 18789 18794
17550 17921 18348 18591 18668 18646 18508 18538 18535 18642 18696 18567 18241 18009 17897 17878 17752 17458 17202 17251 17258 17287 17308 17306 17419 17733 17976 18050 18092 18024 17848 17697 17772 17851 17892 17951 17961 17996 18008 17850 17958 18074 18133 18218 18247 18664 19120 19434 19509 19481 19177 19074 18953 19392 19579 19868 19927 19901 19984 20041 20000 20060 20092 20074 20055 19764 19397 19253 19344 19573 19758 19957 20066 19998 19746 19523 19366
18582 18396 18286 18294 18464 18646 18841 19039 19134 19150 19049 18838 18547 17957 17420 17140 17073 17013 16974 17100 17287 17416 17478 17495 17454 17592 17794 17841 17832 17761 17719 17684 17748 17772 17967 18002 18005 18192 18389 18417 18436 18426 18447 18529 18626 18721 18793 18969 18929 18910 18867 18979 18925 19340 19800 20116 20203 20253 20324 20314 20290 20244 20232 20137 19956 19768 19662 19568 19409 19533 19757 19986 20148 20165 20020 19938 19962
19522 19599 19390 19047 18728 18731 19174 19511 19584 19530 19287 18971 18606 17976 17404 17229 17173 17081 16942 16893 16933 17081 17168 17452 17532 17530 17517 17542 17733 17870 17980 18021 17960 17878 17823 17868 18025 18301 18424 18410 18395 18259 18273 18345 18360 18361 18423 18394 18667 18819 18988 19147 19267 19530 19851 20023 20077 20033 19950 20061 20078 19891 19491 19452 19679 19686 19672 19752 19863 20019 20247 20374 20385 20483 20462 20401 20349
19475 19639 19675 19608 19515 19336 19214 19512 19564 19479 19218 18922 18703 18327 17862 17624 17433 17335 17262 17180 17185 17181 17258 17389 17427 17510 17574 17601 17619 17784 18094 18254 18236 18305 18275 18279 18288 18304 18320 18334 18465 18590 18582 18506 18366 18281 18289 18449 18671 18897 18917 18912 19014 19240 19424 19482 19380 19396 19510 19456 19374 19172 19008 18972 19163 19197 19433 19714 19922 20088 20303 20436 20587 20767 20831 20845 20859
18835 19008 19262 19443 19442 19273 19053 18796 18769 18763 18667 18547 18455 18190 17570 17395 17360 17281 17352 17500 17524 17522 17522 17524 18002 18285 18578 18732 18797 18804 18800 18307 17987 18393 18787 18686 18526 18384 18395 18574 18632 18748 19057 19045 18977 18935 18670 18580 18535 18724 18841 18786 18768 18935 18922 18812 18630 18536 18412 18350 18244 18220 18246 18288 18423 18637 18793 19073 19270 19542 19846 20172 20447 20655 20828 20889 20910
18794 19068 19109 19116 19051 18913 18619 18429 18452 18465 18171 17867 17856 17640 17522 17763 18045 18334 18470 18462 18364 18096 18072 18592 18998 19159 18977 18841 18705 18734 18730 18787 18857 18990 19147 18989 18816 18688 18746 18872 18992 19115 19260 19335 19309 19227 18990 18805 18778 18427 18423 18492 18626 18563 18440 18574 18578 18490 18489 18500 18456 18383 18369 18285 18157 18380 18548 18514 18512 18889 19316 19671 20016 20382 20759 20873 20932
19050 19089 19125 18997 18869 18872 18792 18820 18695 18529 18489 18387 18210 18347 18455 18693 18912 19050 18715 18294 17910 18111 18466 19002 19200 19217 18778 18515 18388 18337 18894 19330 19339 19299 19236 19162 19133 18871 18690 18774 18858 19027 19124 19152 19099 19054 19036 19057 19029 18908 18855 18851 18818 18887 18860 18844 18641 18425 18427 18434 18356 18421 18466 18407 18346 18319 18384 18348 18381 18540 18849 19255 19708 19973 20383 20520 20523
19073 19253 19269 19170 19025 18921 18923 18924 18902 18965 19128 19330 19378 19632 19764 19747 19698 19513 19766 19904 19903 19818 19715 19694 19547 19275 19004 19245 19306 19286 19182 19231 19182 18791 18874 18889 19028 18882 18781 18954 19023 19066 19087 19075 19123 19158 19141 19071 18937 18653 18807 19063 19349 19654 19737 19627 19227 18745 18468 18387 18302 18410 18444 18435 18470 18439 18316 18260 18326 18370 18433 18659 19075 19408 19605 19622 19574
18712 18949 18941 18830 18755 18593 18804 19361 19718 20116 20306 20286 20222 20134 20164 20088 19934 19737 19803 20214 20320 20212 19774 19638 19485 19131 18895 19064 19194 19212 19136 19075 19109 19020 18864 19017 18989 18681 18783 18945 19004 19222 19329 19234 18933 18889 19224 19577 19676 19715 19807 20004 20234 20447 20573 20548 20390 20359 20339 20348 20010 19713 19222 18878 18355 18262 18254 18178 18227 18222 18344 18447 18599 18805 18914 18913 18868
17612 17535 17631 17838 18333 18880 19339 19734 20089 20263 20286 20344 20334 20264 20148 20014 19826 19525 19746 19960 19900 19549 19426 19247 19173 18991 18822 18769 18798 18967 19056 19228 19253 19278 19267 19117 19053 19000 18878 18695 18840 19046 19290 19348 19366 19437 19540 19688 19861 20078 20355 20480 20596 20753 20957 20952 20958 20929 20921 20864 20655 20303 19918 19539 19081 18778 18604 18459 18358 18297 18154 18237 18363 18468 18469 18546 18706
17652 17646 17777 18175 18456 18943 19331 19569 19847 19990 20061 20023 19997 19697 19445 19320 19279 19296 19393 19297 19193 19123 19103 19159 19142 19057 19088 19165 19143 19175 19300 19405 19355 19171 19285 19171 19032 19049 18899 18853 19012 19220 19313 19420 19471 19421 19453 19415 19542 19822 19839 19749 19895 20206 20410 20566 20833 20942 20951 20874 20580 20274 19963 19514 18846 18299 18388 18439 18427 18339 18363 18284 18227 18218 18385 18573 18638
17868 17940 18001 18224 18387 18547 18867 19167 19500 19674 19683 19640 19583 19378 19213 19162 19095 19096 19037 18935 18868 18817 18881 19015 19188 19248 19190 19144 19192 19181 19213 19233 19226 19232 19110 19001 18938 18966 18892 18977 19255 19321 19322 19334 19403 19391 19380 19383 19318 19370 19387 19589 19760 19935 20086 20282 20556 20608 20652 20506 20261 20074 19825 19553 19164 18876 18646 18534 18496 18609 18642 18620 18587 18540 18513 18651 18659
17696 17903 17935 17883 17784 17830 17984 18260 18389 18636 18868 19057 19055 18708 18509 18487 18684 18722 18493 18500 18704 18762 18879 19049 19077 19049 18967 19127 19196 19184 19237 19203 19196 19196 19168 19032 18729 18308 18376 18770 19155 19162 19305 19517 19513 19082 18715 18785 18748 19074 19583 19823 19892 19943 19956 19989 19961 19893 20028 20024 19904 19681 19559 19511 19318 19189 19029 18905 18827 18618 18552 18655 18738 18743 18905 19058 19108
17527 17608 17547 17687 17839 17971 18076 18128 18266 18290 18068 18393 18567 18570 18608 18687 18617 18592 18407 18307 18347 18366 18392 18673 18721 18746 18418 17962 17762 18209 18831 19132 19099 18877 18728 18735 18747 18758 18807 18840 18844 18990 19110 19068 18790 18388 18448 18426 18334 18668 19489 19996 20030 19891 19753 19702 19715 19834 19841 19883 19780 19670 19394 19322 19431 19539 19642 19569 19455 19345 19284 19124 19081 19259 19472 19544 19494
17691 17641 17593 17727 17822 17981 18191 18374 18376 18290 18340 18389 18569 18735 18885 18952 18922 18802 18606 18397 18199 17990 17845 17743 17713 17796 17946 18097 18305 18544 18794 18880 18727 18436 18407 18475 18547 18501 18631 18730 18751 18821 18949 19001 18713 18616 18574 18724 18836 19067 19652 19987 19985 19784 19893 20017 20057 20103 20068 19941 19827 19791 19829 19927 19949 19963 19989 19823 19694 19620 19553 19546 19566 19646 19708 19718 19680
17637 17659 17641 17780 17816 18083 18326 18396 18463 18671 18577 18535 18543 18605 18887 18988 18894 18800 18605 18346 18168 17987 17780 17587 17746 17740 17864 18039 18091 18152 18057 17956 17979 18029 18193 18231 18172 18167 18390 18390 18506 18570 18568 18741 18823 18823 18833 19022 19265 19438 19608 19622 19767 19792 19944 20057 20116 20036 20001 19876 19727 19779 19876 19973 20004 19884 19903 19764 19698 19510 19559 19477 19448 19308 19161 19234 19318
17445 17724 17856 18267 18438 18536 18497 18255 18442 18687 18593 18698 18843 19022 19128 19161 19040 18868 18474 18157 17855 17744 17729 17658 17710 17688 17680 17625 17599 17706 17768 17860 18145 18410 18412 18499 18505 18418 18363 18311 18352 18387 18612 18823 18885 18916 19068 19095 19163 19185 19314 19447 19563 19790 19914 20045 20113 19997 19746 19631 19579 19697 19924 19996 20006 19827 19795 19788 19739 19601 19480 19378 19363 19287 19163 19194 19324
18302 18491 18506 18449 18572 18631 18578 18642 18663 18666 18451 18270 18157 18299 18419 18356 18267 18144 17980 17988 18043 17911 17831 17818 17914 17847 17715 17673 17595 17504 17634 17780 18136 18515 18647 18678 18665 18563 18571 18582 18568 18659 18772 18766 18662 18585 18583 18843 19071 19297 19408 19401 19379 19597 19709 19789 19949 19899 19581 19452 19230 19297 19317 19462 19709 19864 20053 20073 19970 19818 19645 19577 19272 18989 18823 18756 18963
18647 18744 18780 18564 18541 18671 18714 18769 18771 18629 18395 18059 17940 17947 17935 17990 17965 17955 17981 18044 18083 18322 18291 18212 18005 17851 17769 17790 17792 17875 17972 18195 18342 18550 18796 18843 18802 18773 18729 18689 18684 18690 18643 18416 18569 18882 18951 19233 19279 19454 19512 19533 19706 19813 19891 19949 19930 19786 19562 19328 19152 19108 19316 19497 19612 19585 19700 19820 19851 19820 19573 19161 19001 18820 18744 18916 19041
18540 18626 18620 18504 18508 18476 18391 18559 18564 18506 18344 18291 18256 18141 18096 17993 18006 18312 18403 18441 18408 18353 18256 18021 17900 17836 17852 17814 17926 18014 18043 18145 18409 18755 18961 18997 19032 18963 18766 18551 18492 18417 18484 18476 18653 18922 19095 19295 19470 19614 19558 19477 19479 19594 19890 19992 19984 19811 19569 19374 19230 19159 19136 19157 19084 19037 19071 19118 19189 19183 19036 18819 18601 18681 18741 18852 19011
18492 18476 18333 17983 18014 18146 18070 18111 18136 18127 18118 18127 18140 18150 18106 18099 18040 18357 18397 18221 17799 17392 17151 17211 17500 17825 17915 18026 18104 18085 18086 18073 18289 18582 18906 18932 18886 18776 18532 18344 18351 18338 18431 18452 18592 18834 18942 19111 19255 19318 19330 19343 18901 18087 18563 19176 19655 19760 19749 19704 19562 19479 19279 19084 18637 18302 18342 18303 18107 18416 18486 18666 18787 18760 18881 18964 19031
18065 17926 17653 17554 17543 17581 17513 17330 17322 17259 17244 17433 17705 17759 17502 17351 17286 17445 17620 17855 17985 18092 18100 18029 17860 17673 17662 17687 17753 18111 18243 18221 18165 18077 18270 18344 18362 18394 18347 18139 18075 18320 18357 18419 18665 18857 18909 18939 19100 19224 19397 19556 19594 19388 19112 19311 19730 19846 19731 19610 19478 19532 19505 19379 19387 19467 19369 19121 18858 18752 18710 18786 19114 19582 19774 19823 19975
18149 17955 17735 17484 17313 17165 17236 17275 17278 17230 17058 17353 17506 17520 17488 17512 17654 17620 17668 17713 17775 17838 17746 17526 17417 17422 17528 17593 17600 17726 17769 17822 17786 17862 17924 17873 17878 17976 17975 17837 17767 17854 18279 18621 18838 19114 19215 19198 19176 19304 19409 19530 19659 19601 19542 19787 19933 19983 19873 19891 19720 19912 20057 20108 20064 20074 20017 19819 19783 19780 19745 19922 20205 20445 20456 20370 20313
18092 17882 17531 17682 17718 17553 17156 16997 16958 17048 17326 17299 17522 17835 17884 17872 17733 17599 17435 17468 17469 17387 17250 17395 17513 17549 17660 17665 17653 17674 17750 17813 17730 17616 17817 17836 17842 17858 17862 17978 18464 18770 18933 19078 19125 19330 19553 19669 19761 19779 19756 19767 19607 19635 19448 19401 19708 19866 20075 20167 20147 20061 20435 20782 21056 21159 21048 20897 20786 20712 20516 20545 20593 20635 20612 20466 20272
18028 18018 17883 17910 17705 17435 17435 17209 17096 17205 17312 17494 17558 17595 17577 17529 17351 17347 17393 17436 17453 17371 17346 17567 17658 17665 17628 17520 17453 17400 17515 17564 17575 17572 17626 17717 17739 17852 18087 18208 18520 18864 19013 18970 18883 18736 19313 19795 19917 20310 20279 20312 20400 20478 20448 20107 20189 20408 20526 20519 20471 20622 20984 21213 21498 21609 21557 21235 20947 20840 20769 20708 20532 20460 20448 20375 20211
18219 18054 17717 17725 17833 17888 17795 17468 17345 17254 17291 17346 17309 17190 17282 17558 17618 17535 17678 17674 17525 17464 17565 17577 17415 17238 17330 17359 17272 17258 17548 17586 17625 17740 17797 17596 17713 18014 18561 18711 18599 18211 18072 18192 18787 19621 19820 20011 20370 20488 20583 20672 20747 20963 20971 20707 20475 20279 19905 19807 20131 20462 20656 20762 20823 20820 20952 20940 20666 20295 19897 19724 19651 19474 19281 19267 19030
17806 17605 17526 17817 18005 17933 17803 17522 17321 17295 17242 17287 17293 17253 17538 17743 17805 17851 17880 17750 17700 17763 17705 17651 17517 17496 17441 17353 17326 17370 17564 17720 17804 17817 17795 17712 17681 18028 18473 18713 18877 19246 19451 19680 19943 20113 20290 20481 20512 20473 20525 20646 20705 20820 20685 20178 19628 19164 19056 19216 19419 19585 19724 19808 19938 20022 19961 19702 19724 19752 19572 19515 19425 19284 19074 18629 18447
17982 17753 18124 18273 18305 18045 17778 17603 17435 17289 17351 17462 17451 17232 17480 17617 17774 17770 17561 17590 17701 17749 17631 17504 17506 17538 17577 17514 17415 17481 17587 17707 17713 17837 18058 18435 18491 18277 18286 18600 18898 19228 19393 19565 19837 20090 20292 20465 20543 20702 20730 20687 20393 20235 19753 19194 18949 19032 19136 19338 19649 19710 19750 19765 19694 19648 19670 19701 19479 19212 19006 18803 18704 18518 18068 17905 17725
18198 17981 18348 18618 18644 18464 18165 17944 17906 17890 17911 17712 17519 17605 17683 17641 17552 17521 17418 17575 17605 17610 17621 17572 17592 17581 17539 17466 17461 17444 17539 17791 17824 17865 18091 18502 18719 18720 18786 18870 19033 19315 19435 19811 20013 20275 20487 20536 20607 20693 20668 20668 20439 20069 19832 19690 19523 19464 19568 19638 19639 19528 19268 19409 19495 19540 19442 19363 18998 18844 18699 18582 18421 18225 17878 17575 17422
18097 18112 18573 18754 18745 18645 18533 18439 18454 18371 18253 18146 18105 17934 17813 17792 17718 17825 17944 17930 17851 17666 17642 17639 17624 17533 17315 17271 17381 17413 17418 17607 18020 18587 18755 18661 18611 18723 18785 18780 18944 19066 19328 19871 20228 20449 20595 20634 20540 20482 20431 20394 20258 20077 19880 19659 19613 19719 20065 20107 19913 20061 20010 19953 20005 19857 19474 19414 19126 18872 18539 18329 18054 17853 17595 17458 17237
18919 18879 18978 18941 18819 18633 18436 18425 18436 18389 18372 18249 18027 17892 17487 17532 17538 17576 17525 17295 17193 17156 17240 17229 17088 16972 17079 17273 17452 17456 17520 17862 18081 18428 18653 18627 18770 19023 19104 19126 19110 19088 19114 19203 19488 19753 20004 20084 20180 19940 19732 19737 19696 19690 19735 19685 20056 20268 20301 20347 20387 20307 20276 20211 20019 19880 19535 19253 18851 18585 18471 18030 17885 17488 16674 15948 15083
19124 19116 19189 19130 19015 18840 18773 18597 18452 18425 18540 18441 18200 17863 17623 17514 17547 17578 17450 17209 17162 17093 17256 17312 17258 17176 17092 17175 17349 17410 17637 17850 17920 17890 18076 18123 18370 18679 18774 18951 18963 18958 19009 19027 18963 19222 19478 19704 19705 19631 19732 20046 20134 20055 19906 19951 20228 20351 20446 20664 20679 20644 20606 20575 20468 20298 19991 19623 19004 18693 18512 17992 17377 16798 16193 15668 14970
