Alternative/Moon/Lvl0_30x30/Ele_FF.asc
ncols         335
nrows         335
xllcorner     -3292508.343
yllcorner     -10077166.958
cellsize      10000
nodata_value  -9999.0
[rows 0 to 33 of 335, columns 0 to 76 of 335]
13509 13518 13520 13521 13530 13605 13654 13757 14035 14566 14708 13924 12485 10992 10157 10576 11965 13547 14733 14886 14302 14040 13874 13841 13856 13843 13931 13849 13798 13738 13615 13625 13820 14015 14000 14335 14534 14510 14554 14605 14966 15260 15583 15880 16157 16200 16688 17047 17559 17824 18649 18827 19576 20468 21638 22297 22806 23162 23339 23476 23288 22994 22476 22208 22405 22513 22210 21470 20380 19880 20425 21102 22020 22247 22102 21893 21813
13514 13515 13507 13511 13526 13576 13633 13756 14031 14572 14801 14424 13161 11986 11229 10869 11894 13455 14463 14817 14249 13983 13840 13734 13711 13714 13669 13692 13972 14165 14195 14126 14301 14462 14436 13995 14303 14418 14601 14741 15053 15397 15533 15587 15863 16200 16819 17386 18045 18455 18814 19505 20198 20911 21485 21714 22098 22414 22842 23130 22982 22624 22397 22271 22376 22461 21582 19950 18479 17555 17966 19219 20695 21357 21107 20676 20891
13531 13523 13533 13552 13583 13613 13640 13762 13939 14262 14815 14831 14877 14681 14322 14212 14437 14454 14502 14273 13954 13989 13807 13759 13754 13845 14071 14205 14235 14114 14154 14147 14331 14373 14314 14134 14109 14144 14237 14440 14753 14859 14861 15026 15538 16118 17013 17989 18462 18777 19188 19885 20749 21066 21428 21605 21842 22083 22453 22779 22863 22797 22512 22176 21843 21315 20696 19265 17901 17457 18371 19557 20577 20595 19828 19226 19288
13527 13537 13544 13575 13639 13719 13890 14012 14052 13997 14082 14341 14591 14671 14663 14570 14410 14156 13975 13811 13859 13905 14083 14071 13966 14064 14170 14228 14165 14117 14196 14396 14373 14252 14342 14316 14474 14546 14484 14373 14365 14399 14622 14946 15330 15956 16892 17318 17561 18026 18377 19566 20670 20992 21352 21395 21557 21761 22071 22123 22260 22267 22183 21882 21337 20281 19103 18387 17767 17683 18340 19412 20413 20544 20093 19467 19666
13565 13597 13590 13615 13637 13668 13928 14158 14190 14104 13858 13955 13917 13844 14052 14298 14411 14388 14250 14085 13905 13920 13930 13924 13905 13846 13751 13728 13906 13841 14178 14293 14279 14066 14156 14194 14592 14673 14590 14551 14590 14821 15190 15345 15799 16273 16831 17307 17364 17912 18273 19048 19772 20459 20827 21066 21261 21430 21546 21440 21366 21323 21083 20731 20369 19871 19234 18461 18007 18088 18626 19308 19656 19649 19159 18783 18801
13675 13752 13687 13586 13581 13620 13639 13699 13884 13840 13740 13765 13964 14204 14276 14319 14385 14346 14111 13884 13882 13869 13847 13863 13824 13727 13668 13696 13709 13665 13682 13730 13711 13687 13677 13712 14234 14838 14941 14967 15268 15447 15702 15914 16138 16313 16958 17550 17992 18209 18680 19075 19768 20374 20699 20951 21198 21172 20960 21002 20880 20526 20351 19963 19466 19441 19240 18898 18920 18932 19028 19306 19143 18743 18687 18561 18603
13487 13527 13551 13520 13540 13562 13596 13662 13725 13912 13913 14001 14107 14099 14006 13890 13871 13882 13875 13876 13830 13790 13768 13731 13732 13702 13669 13675 13668 13657 13643 13637 13650 13750 13975 14211 14416 14742 14851 14867 15061 15475 15785 16098 16460 16834 17264 17692 18272 18482 18928 19133 19793 20282 20952 21717 21805 21663 21191 20593 20229 19920 19568 18958 18485 18174 18131 18224 18270 18311 18288 18331 18623 18864 18897 18736 18559
13463 13526 13552 13621 13708 14088 14223 14156 14027 13848 13883 13894 13851 13833 13830 13815 13818 13836 13838 13822 13825 13819 13815 13828 13743 13633 13613 13650 13743 13770 13747 13687 13860 14112 14364 14392 14371 14381 14555 14687 14928 15268 15864 16371 16953 17287 17695 17811 18439 18595 18649 18932 19495 20140 21115 21814 21894 21699 21439 20968 20192 19612 18631 18111 18106 18083 18086 18108 18134 18113 18082 18131 18502 18871 18940 18823 18531
13474 13532 13617 14085 14293 14478 14417 14187 13872 13838 13834 13830 13833 13823 13805 13801 13816 13830 13835 13814 13815 13800 13769 13718 13668 13650 13712 13740 13808 13814 13766 13795 13897 14175 14392 14417 14579 14995 15245 15556 15558 15960 16475 16702 16727 17329 18325 19330 19647 19600 19410 19413 19906 20385 21095 21764 21691 21475 21220 20554 19573 18727 18228 18113 18089 18166 18117 18070 18078 18190 18559 18690 18839 18870 18743 18800 18794
13548 13608 13837 14385 14375 14255 14077 13860 13904 13922 13942 13959 13934 13855 13867 13841 13795 13808 13800 13781 13795 13798 13752 13788 13754 13665 13826 13793 13852 13858 13882 14077 14491 14668 14700 14705 15101 15409 15686 16218 16735 17070 17340 17762 18323 18978 19633 19824 20022 19979 19956 20065 20357 20658 21098 21356 21423 21270 20728 20083 19608 19428 19111 18792 18382 18269 18181 18269 18803 19104 19239 19323 19275 19143 19231 19254 19160
15558 15403 15556 15566 15315 14909 14611 14589 14453 14351 14292 14215 14210 14235 14448 14498 14487 14406 14139 13945 14043 14030 13898 13773 13837 13863 14017 13963 13929 14106 14535 15165 15600 15894 16015 16445 16761 16938 17014 17001 17507 18000 18469 18515 18615 18961 19529 19892 20335 20516 20644 20848 20933 20983 21099 21159 21119 20945 20525 20466 20396 20123 19476 19005 18379 18247 18270 18668 19180 19412 19492 19505 19416 19728 19939 19908 19874
17467 17372 16813 15912 15627 15298 15134 15038 15186 15282 15405 15487 15498 15505 15505 15388 15280 15156 15223 14996 15090 15003 14773 14688 14675 14505 14500 14384 14498 14887 15380 15766 16007 16333 16482 16923 17242 17531 17644 17862 18380 18487 18727 18954 19016 19267 19669 20110 20522 20802 20876 21149 21278 21279 21234 21219 21133 20990 20825 20734 20484 20074 19338 18785 18772 18695 18572 18664 19187 19603 19599 19822 19890 19866 20013 20029 19871
18217 17861 17274 16499 16303 16240 16267 16533 16832 17140 17188 16947 16347 16128 16093 16073 16348 16352 16143 15931 15964 16075 16065 16065 16126 16089 16049 15774 15709 15918 16014 16065 16162 16252 16609 17160 17699 18034 18305 18365 18629 18751 18906 19208 19479 19550 19943 20493 20971 21096 21059 21204 21330 21181 21023 21001 20880 20770 20338 20224 19933 19425 18967 18715 18688 18688 18545 18684 19362 19608 19599 19578 19671 19703 19791 19837 19676
18073 17734 17354 17212 17257 17615 17817 17851 18035 18035 17750 16870 15923 15445 15402 15721 16559 17352 17394 17037 16908 17101 17067 17119 17041 16944 16807 16599 16567 16672 16743 16820 17110 17375 17817 18172 18610 18744 18823 18864 19124 19309 19455 19641 19694 20070 20251 20925 21243 21314 21277 21007 21076 21087 20881 20935 20869 20668 20225 19907 19507 19241 19192 19058 18865 18951 18872 18806 19085 19278 19298 19439 19401 19362 19242 19311 19193
17970 17771 17724 17967 18374 18732 19137 19106 18955 18823 18532 17608 16556 15945 16110 16809 17740 18621 18897 18914 18720 18810 18836 18611 18382 18203 17974 17736 17727 17724 17927 17767 18226 18499 18827 19054 19251 19396 19421 19641 20025 20140 20173 20140 20555 21043 21581 21800 21792 21699 21218 21022 20989 20964 20880 21019 20935 20752 20208 20191 20219 20091 19923 19290 18934 18985 18952 18856 18750 18719 18583 18648 18530 18409 18366 18320 18280
19913 19845 19780 20001 20232 20053 19725 19926 19947 19637 19443 19381 19037 18654 18721 19121 19544 19560 19690 19872 19965 20092 20126 20083 19784 19509 18705 18706 18725 18912 19104 19301 19890 20217 20316 20372 20498 20616 20582 20756 21108 21347 21642 21674 21987 22183 22253 22222 22020 21889 21316 21069 20962 20918 21021 21067 20955 20687 20233 20276 20308 20178 19781 19293 19093 19128 19013 18807 18723 18567 18546 18487 18332 18187 18523 18720 19107
21441 21586 21590 21533 21137 20585 20243 19955 20157 20482 20563 20464 20258 20182 20117 20010 19981 19956 19896 20034 20253 20293 20285 20245 19922 19802 19977 20022 20035 20253 20793 21424 21824 22241 22507 22705 22708 22436 22185 22168 22389 22356 22167 21961 22213 22269 22210 22104 21914 21611 21231 20633 20383 20355 20508 20661 20564 20364 19957 19769 19530 19233 19318 19491 19522 19472 19385 19195 18902 18898 18770 18675 18564 18549 18598 18844 19000
21647 21717 21724 21855 21907 21543 21185 20951 21123 21471 21725 21778 21561 21329 20879 20521 20426 20272 20089 20233 20190 20408 20537 20713 20711 20711 20823 20930 20874 20834 20996 21848 22526 22849 23067 23206 23248 22986 23006 22840 22567 22419 22092 21651 21595 21670 21675 21768 21668 21497 21250 20674 20378 20332 20336 20361 20243 19960 19539 19275 19348 19289 19545 19571 19510 19465 19457 19482 19313 19098 18965 18870 18735 18577 18577 18513 18513
22171 22120 22069 22184 22362 22428 22501 22744 22721 22686 22805 22793 22235 22517 22304 21839 21721 21729 21789 21727 21649 21760 22015 22023 22033 22258 22507 22464 22039 21543 21442 21887 22335 22487 22550 22873 22931 22717 22750 22635 22336 22001 21967 21603 21096 21020 21272 21381 21359 21297 21033 20639 20376 20156 19930 19909 19694 19543 19751 20035 19904 19817 19991 19959 19740 19879 19955 20016 19826 19620 19327 18966 19147 19289 19324 19326 19224
22501 22327 22283 22342 22561 22632 22836 23275 23177 23007 23037 22936 22749 22582 22484 22408 22301 22371 22401 22396 22395 22418 22371 22456 22568 22787 23010 22976 22587 22307 22482 22595 22440 22450 22138 21822 21798 21886 21868 21750 21837 21888 21949 21630 21258 20971 20946 20886 20763 20507 20342 20356 20276 19894 19539 19647 19933 20229 20280 20219 19944 19824 19863 19759 19772 19957 19939 19691 19732 19612 19410 19508 19620 19702 19694 19720 19662
22730 22999 22985 22909 22841 22858 22853 23199 23147 22845 22960 22766 22522 22462 22251 22262 22360 22413 22326 22297 22264 22338 22214 22140 22337 22471 22764 22884 22635 22370 22554 22652 22660 22535 22044 21489 21390 21430 21593 21695 21661 21809 21976 21763 21630 21682 21621 21706 21620 21326 20905 20408 20083 19803 19939 19979 20091 20132 19990 19771 19350 19311 19256 19174 19125 19149 19292 19271 19128 19078 18733 18838 18837 18368 18164 18485 18458
22772 22942 22980 22930 22744 22765 22738 22702 22719 22404 22365 22377 22509 22556 22619 22655 22608 22538 22336 22024 22002 21991 21955 22171 22346 22393 22373 22261 22089 22118 22123 22287 22721 22771 22465 21907 21657 21599 21594 21554 21534 21520 21653 21707 21753 21780 22081 22111 21899 21496 20976 20434 20177 20184 20014 19915 19589 19366 19166 19088 18990 18931 18860 18718 18564 18369 18251 18102 18021 17940 17618 17677 17713 17398 17225 16815 16886
22023 22020 22057 22098 22227 22214 22199 22155 22223 22347 22326 22312 22131 21945 22068 22397 22535 22477 22158 21999 22001 21827 21899 21956 21973 21856 21529 21308 21866 22301 22515 22754 22926 22937 22364 21889 21129 21341 21512 21530 21562 21563 21525 21683 21908 22107 22289 22226 21951 21207 20506 20253 20276 20193 19819 19420 19163 18975 18881 19010 19040 18962 18689 18320 18057 17826 17797 17716 17148 16864 16382 16200 16361 16579 16705 16397 15860
21537 21401 21318 21391 21547 21794 21915 22072 22137 21972 21064 19934 19184 18774 18965 19538 20308 21348 21906 21712 21402 21368 21545 21542 21230 21035 21191 21788 22091 22275 22369 22505 22558 22529 22231 21895 21568 21426 21395 21508 21469 21364 21401 21616 21922 22092 22202 22175 22063 21624 20862 20653 20209 19948 19585 18964 18696 18868 18874 18886 18745 18617 18059 17651 17328 17268 16476 15927 15603 15435 15459 15224 14681 15081 15252 15132 15213
21501 21399 21307 21321 21346 21574 21685 21976 21996 20969 19848 18416 17096 16299 16415 17385 18786 20055 21366 21389 21003 20939 20875 20542 20175 20680 21225 21725 22090 22168 22216 22134 22054 22007 21817 21435 21335 21335 21343 21463 21752 21905 22250 22488 22579 22531 22300 22172 21858 21126 20489 20405 20150 19967 19330 18645 18543 18547 18763 18789 18135 17538 17306 17073 16942 16545 16071 15495 15182 15099 14663 14356 14597 14522 14114 14133 14087
21474 21453 21332 21391 21333 21305 21237 21585 21815 21681 21062 20014 18987 18387 18500 19195 20171 20761 21009 20985 20698 20514 19880 19366 19216 19000 19054 19550 20118 20917 21770 22130 22080 21679 21359 21463 21555 21646 21640 22030 22461 22698 22831 22795 22773 22555 22431 22148 21882 21481 21040 20632 20455 19859 19320 19018 18680 18435 18341 17829 17135 16945 16927 16702 16474 15904 15329 15196 15190 14696 14089 14222 14185 13964 13726 13410 13345
21473 21498 21450 21574 21664 21602 21462 21342 21417 21552 21439 21245 20970 20795 20689 20786 20753 20766 20542 20261 20182 20012 19535 19152 18220 17738 17552 17665 18127 18826 19869 21032 21677 21677 21391 21536 21687 21733 21906 22185 22488 22851 23126 23244 23172 23037 22925 22809 22316 21938 21590 21432 20778 20033 19680 19378 18857 18358 17677 17625 17171 16821 16352 15783 15347 15261 14869 14491 14106 13549 13282 13283 13113 13019 12928 12851 12845
20867 20970 20990 20969 20697 20126 19948 20032 20108 20340 20652 20685 20670 20540 20383 20538 20524 20280 20055 20054 20254 20737 21092 20924 19920 19233 18804 19020 19702 20268 20863 21105 21232 21139 21119 21216 21349 21638 22020 22234 22275 22707 23166 23387 23333 23190 23116 23074 23028 22756 22411 21772 20677 19888 19376 19140 18762 18372 18013 17456 16542 15932 15827 15530 15147 14757 14593 14375 14000 13557 13114 12865 12774 12766 12767 12775 12785
19375 19281 19217 19181 18934 19363 19780 20278 20482 20754 20821 20742 20673 20522 20632 20422 20312 20272 20202 20409 20758 21082 21302 21493 21403 21138 20772 20796 21008 21172 21308 21190 21004 21088 21293 21560 21861 22009 22193 22773 22892 23027 23252 23246 23189 23093 23187 23358 23206 22924 22694 22235 21360 20456 19469 18860 18210 17970 17585 16772 16117 15901 15673 15433 15155 14669 14032 13266 12762 12761 12739 12763 12761 12770 12769 12767 12767
17848 17854 17878 18454 18762 19065 19414 19789 19925 20281 20492 20498 20288 20369 20439 20214 20037 20002 20195 20477 20817 21121 21187 21304 21344 21274 21156 20929 20581 20446 20559 20630 20919 21157 21364 21533 21873 21982 22278 22712 22729 22795 22944 23025 22958 23093 23159 23090 22266 21723 21930 22016 21473 20934 19970 18944 18111 17537 17005 16475 16123 15943 15604 15101 14549 14104 13665 13014 12745 12692 12667 12722 12735 12771 12791 12813 12833
17020 17042 17099 17189 17248 17548 17989 18344 18556 19005 19337 19735 19700 19888 19955 19908 19894 19898 20074 20305 20507 20695 20854 21052 21141 21096 20941 20761 20414 20311 20242 20335 20558 20945 21251 21268 21702 21783 22028 22326 22574 22736 22848 22854 23033 23174 22682 21368 20154 19369 19663 20699 20786 20348 19868 19036 18059 17195 16438 15966 15531 14944 14144 13335 13158 13129 12959 12759 12697 12681 12678 12684 12672 12681 12752 12826 12839
16895 16909 16952 16978 17032 17079 17142 17209 17462 17873 18228 18751 19345 19811 19976 19954 19897 20033 20023 20095 20189 20317 20483 20611 20591 20568 20584 20344 20165 20000 19895 19946 20256 20530 20774 21149 21419 21742 21557 20578 19949 19888 20412 21010 21809 22535 22609 22608 21915 21286 20700 20391 20196 19472 19173 18289 17170 16200 15175 14581 14623 14395 13483 13032 12906 12708 12663 12649 12655 12644 12659 12658 12692 12685 12815 12650 12780
16800 16807 16851 16859 16895 16959 16974 17046 17104 17419 18150 19084 19704 20067 20072 19857 19788 19880 19913 20014 20095 20173 20182 20056 20028 20026 20075 20049 19895 19867 19873 19868 19893 20021 20352 20679 20904 21297 21178 20953 20339 20389 20473 20601 21159 21697 22405 22466 22177 21566 20740 20132 19625 19027 18139 17260 16124 15249 14302 13803 13619 13430 12974 12729 12665 12666 12660 12661 12658 12655 12653 12672 12674 12693 12714 12779 12805
16776 16811 16809 16829 16866 16890 16898 16965 17035 17531 18389 19356 19973 20067 20016 19795 19772 19874 19928 20033 20070 20128 20226 20191 20224 20229 20071 20044 19881 19868 19872 19892 20124 20266 20447 20600 20574 20759 21087 21140 21290 21492 21627 21648 21533 21656 21576 21155 20569 19944 19155 18680 18368 18140 17475 16518 15630 14889 14129 13320 12885 12843 12814 12641 12633 12683 12692 12687 12676 12666 12670 12664 12678 12675 12686 12699 12726
