Alternative/Moon/Lvl0_30x30/Ele_BK.asc
ncols         335
nrows         335
xllcorner     13457491.657
yllcorner     3322833.042
cellsize      10000
nodata_value  -9999.0
[rows 204 to 237 of 335, columns 154 to 230 of 335]
19995 20194 20261 19821 19666 19334 19433 19719 20088 20089 20037 19952 19772 19783 20287 20812 21005 21014 20884 20562 20861 20840 20637 20564 20656 20941 20984 21191 21643 21881 22316 22553 22753 22721 22507 22563 22436 22156 22286 22098 21947 21918 21407 21154 20972 20595 20553 20440 20477 20551 20320 20215 19940 20179 20210 20518 20645 21007 21385 21669 21699 21651 21513 21474 21424 21289 21162 21244 21369 21358 21551 21788 22058 22086 22067 22001 21945
21179 21054 20672 20318 20017 19814 19551 19426 19743 20371 20410 20259 20233 20474 20935 21102 21227 21233 21151 20489 20445 20385 20504 20564 20516 20546 20806 20963 21480 22041 22351 22496 22621 22591 22314 22088 22028 22079 21840 21304 20919 20844 20432 20637 20754 20636 20976 20827 20643 20479 20409 20233 20243 20315 20377 20601 20965 21460 21996 22293 22414 22349 22325 22356 21916 21917 22022 22255 22328 22278 22285 22244 22501 22511 22584 22424 22291
21583 21548 21584 21357 20804 20519 20215 19705 20137 20463 20365 20300 20425 20711 20999 21263 21382 21367 21326 21241 21094 20670 20377 20307 20383 20536 20764 21192 21792 22189 22781 22824 22332 22000 22098 21538 21222 21076 21058 20585 20321 20100 20129 20270 20261 20613 20956 21146 21051 20987 20974 20550 20315 20437 20905 21322 21574 21713 21799 21807 22324 22642 23248 23289 22611 22411 22636 22877 22986 22987 23065 23130 23070 22986 22726 22899 22737
21792 21823 21720 21367 20331 20285 20177 19642 20046 20110 19408 18936 19145 19817 20576 21266 21528 21496 21740 21838 21438 21260 20848 20501 20371 20552 20793 21128 21754 22301 22780 22837 22711 22396 22047 21692 21371 20866 20734 20582 20504 20576 20379 20095 20297 20716 21216 21672 21755 21583 21281 21194 20834 20887 21160 21648 21808 20878 19454 18822 19698 21176 23005 23398 22998 22741 22813 22928 23207 23274 23417 23554 23257 23126 23246 23386 22851
21434 21360 21241 20970 19906 19693 19544 19220 19222 19023 17961 17344 17589 18412 19867 21119 21501 21635 21794 21818 21483 21409 21476 21166 20843 20579 20735 21114 21741 22196 22730 22871 22884 22562 21956 21692 21429 21197 21059 20904 21045 21048 20912 20728 20927 21321 21572 21853 21996 22004 21848 21541 21243 21176 21254 21897 21847 20062 17820 17168 17969 19674 21960 23356 23078 22741 22884 22970 23521 23652 23800 24054 23615 23303 23613 23367 22880
21035 20963 20436 19781 19577 19073 18457 18426 18125 17712 17128 16995 17198 17668 18997 20587 21483 21654 21684 21164 21459 21381 21668 21597 21432 21119 21694 21908 21987 22149 22445 22504 22481 22399 22109 21818 21382 21434 21249 20987 21221 21294 21281 20999 21306 21589 21810 22083 22228 22188 22189 22046 21665 21595 21651 22284 22430 20824 18644 17699 18489 19798 21917 23486 23410 23181 23217 23317 23622 23938 24126 24259 24283 24114 23235 22572 21703
20360 20111 19478 18949 18481 17840 17668 17977 18058 17880 17349 17343 17742 18357 19675 20788 21612 21808 21823 21904 22071 22012 21650 21636 21581 21867 21980 22064 22015 21733 21818 21982 22145 22135 21833 21542 21190 21115 21028 20901 21255 21256 21343 21157 21720 21996 21898 22049 21830 21695 22253 22376 22127 21985 21863 22275 22563 22417 21174 20606 21234 21960 23296 23738 23557 23155 22824 23100 23802 24460 24900 24916 24451 24095 22399 20854 20457
19711 18995 18925 18160 17775 17787 17603 17571 17799 17890 18140 18242 18716 19146 19684 20517 21340 21427 21546 21978 22126 22166 21923 21262 21451 22057 22056 21837 21641 21699 21636 21698 21879 21748 21420 21256 21215 21040 20835 20761 20994 21197 21344 21848 22189 22305 22295 21776 21412 21694 22333 22343 22135 22021 22029 22077 22565 22882 23346 23568 23832 23910 23746 23682 23345 22995 22729 23098 24182 24933 25261 24974 24057 23733 22195 20597 19826
19481 19062 18342 17940 17773 17729 17575 17505 17685 17779 18146 18329 18698 18967 19274 19904 20757 21135 21655 22051 22142 22081 21625 20885 21195 21880 22009 21825 21694 21714 21812 21666 21502 21351 21025 20951 20928 21042 20965 21009 20992 21026 21328 21846 22281 22314 22253 21830 22236 22401 22480 22399 22168 22154 22086 21943 22252 22670 23365 23691 23866 23911 23764 23515 23391 23062 23149 23585 24553 25010 25283 25117 24282 23630 22155 20350 19552
18947 18771 18334 17925 17744 17655 17589 17535 17664 17694 17638 17875 18264 18525 19022 19739 20621 21166 21729 21972 21756 20916 20087 20132 21116 22210 22385 22401 22168 22358 22377 22270 21892 21471 21004 20787 20834 20837 21047 21044 20949 21071 21220 21661 21978 21967 21356 21444 22398 22683 22537 22299 22381 22467 22406 22502 22594 22806 23288 23244 23230 23390 23095 23395 23444 23662 23941 24246 24873 25303 25459 25028 24260 23633 22293 20749 19684
18530 18384 17722 17413 17349 17087 17338 17275 16977 17192 17491 17824 18226 18511 19068 19817 20575 21091 21760 21811 20667 19612 19337 19994 21021 22014 22671 22541 22283 22476 22462 22190 22089 21911 21388 20940 20828 20926 21051 20963 20947 20980 21049 20848 21371 21365 20876 21445 21910 22300 22424 22503 22532 22691 22800 22902 22911 23013 23360 23378 22414 21256 20545 21184 22292 23414 23832 24096 24208 24952 25445 25260 24633 23962 22746 21373 20265
18259 18003 17613 17393 16818 16729 16751 16649 16776 17070 17311 17957 18592 18838 19395 19712 20297 20817 21222 20921 19735 19161 19763 20328 20922 21812 22806 22763 22392 22230 21948 22063 22031 21874 21668 21302 21071 20951 20819 20715 20711 20687 20670 20990 21082 20931 21095 21482 21747 21934 22179 22426 22627 22732 22965 22973 22897 23011 23110 22526 20754 19561 18582 19144 20973 22571 23120 22997 23414 23866 24655 24993 24755 24490 23502 22364 21373
17966 17534 17132 16995 16825 16903 16903 16786 17035 17351 17784 18455 18932 19245 19604 19653 19178 20000 20965 20891 19961 19703 20258 20950 21585 22277 22829 22849 22591 22309 21860 22065 22126 21955 21743 21543 21311 20913 20716 20653 20708 20743 20711 20907 20843 20639 20883 21208 21285 21475 21702 21806 22146 22674 22838 22905 22891 22678 22686 22109 20197 18859 17941 18305 20237 22012 22603 22512 22659 22837 23330 24298 24675 24627 24143 23552 22405
17378 17024 16707 16708 16798 17028 17026 16870 17297 17596 17921 18475 19098 19638 19950 19592 19389 20391 21026 21139 21198 21045 21210 21379 21538 22069 22570 23249 23316 22821 22439 22047 21975 21879 21815 21468 21287 21014 20780 20647 20697 20700 20694 20828 20774 20620 20726 20804 21093 21136 21353 21383 21804 22320 22735 22822 22694 22224 21673 20962 19768 18599 17939 18316 19768 20759 21246 21874 22124 22298 22663 23516 24107 24653 24566 24281 23421
17216 16969 16812 16960 17026 17164 17057 17186 17289 17568 17856 18423 19111 19546 19855 19924 19549 20511 20832 21203 21368 21364 21481 21548 21067 21045 21606 22779 23173 23156 23074 22690 22353 22304 22255 22133 21702 21347 21126 20802 20773 20673 20638 20734 20772 20935 20942 20800 20776 21027 21383 21544 21898 22263 22489 22416 22150 21074 19826 19132 19036 18405 17964 18222 18728 18911 19453 20133 21000 21852 22785 23753 24440 25112 25232 24493 24011
17288 17002 16954 17225 17428 17567 17543 17503 17668 17749 17905 18174 18698 19176 19809 19829 19630 20062 20360 20304 20398 20600 21207 21307 21088 20817 21350 22349 23021 23276 23314 22904 22670 22373 22460 22253 21781 21530 21437 21003 20986 20904 20964 20757 20951 21305 21276 20979 20842 20933 21168 21398 21747 22118 22360 22330 21912 20677 19393 18377 17811 17536 17526 17663 17745 17700 18121 19106 20238 21646 22986 23887 24845 25518 25543 24913 24300
16999 17076 17227 17167 17387 17579 17568 17521 17756 17768 17937 18067 18540 18973 19364 19374 19416 19401 19693 19741 19791 20083 20543 21163 21264 21328 21873 22533 22735 22488 22539 21903 22410 22397 22404 22240 21751 21439 21390 21062 21254 21237 21045 20833 20878 21183 21248 21006 20917 20763 20901 21046 21008 21539 22184 22239 21455 20153 19046 18041 17629 17527 17564 17544 17546 17595 18160 19181 20485 21860 22977 23937 24805 25295 25248 24850 24320
17303 17242 17213 17056 17064 17152 17148 17121 17478 17527 17632 17876 18275 18590 18657 18373 18186 18659 19177 19057 19003 19353 19833 20404 21261 21660 22069 22506 22591 21923 20917 20280 20810 21496 22137 22039 21439 21185 21130 21344 21525 21469 21129 20898 20815 20831 20868 20898 20904 20946 20995 21320 21732 21954 22210 22210 21109 20034 18897 18029 17531 17500 17497 17519 17610 17751 18648 19830 21093 22384 23456 23915 24360 24353 23875 23455 23212
17391 17344 17248 17243 17224 17118 17178 17173 17372 17415 17382 17890 18057 18222 18333 18328 18879 19148 19197 19017 18966 19188 19894 20182 20806 21462 21976 22351 22030 20786 19708 19574 20008 20966 22084 22215 21798 21600 21589 21651 21503 21350 21047 21273 21268 21010 20988 20925 21145 20981 20927 21126 21645 21843 22095 22127 21494 20467 19489 18335 17745 17701 17747 17653 17846 18355 19416 20740 22033 22971 23731 23837 23539 23067 22368 21819 21320
17434 17419 17499 17478 17671 17726 17711 17808 17437 17300 17487 17667 17849 18044 17957 18076 18939 19050 18925 18959 19097 19698 20463 20601 20784 21010 21596 22337 22303 21099 20148 20069 20868 21758 22062 22034 21919 21630 21218 21403 21018 20835 21213 21209 21202 21208 21306 21310 21376 21124 20837 20803 21230 21402 21755 22162 22310 21690 20556 19883 19340 19220 19149 18834 19035 19532 20878 22134 22813 23220 23466 23344 22510 21876 21008 20689 20396
17488 17450 17502 17320 17686 17800 17810 17887 17690 17362 17365 17513 17637 17670 17774 17778 18333 18775 18900 19178 19502 20276 21299 21416 21137 21186 21587 22408 22318 21883 21506 21358 21656 21874 21931 21848 21928 21304 20343 20687 20766 20822 21232 21288 21322 21407 21694 21604 21380 20907 20796 20729 20943 21534 21952 22521 23016 23106 22465 21909 21148 20727 20590 20182 20432 21171 22246 22696 22865 23077 22812 22164 21401 20795 20160 19885 19736
17571 17522 17568 17578 17660 17683 17624 17539 17581 17597 17691 17733 17898 18079 18171 18326 18771 19133 19443 19945 20385 20778 21368 21474 21609 21846 21772 21885 22059 22102 22106 21850 21795 21616 21432 21758 21790 21369 20848 20717 20907 20812 20936 21303 21700 22087 22246 21861 21108 20783 20814 20806 21043 21680 22233 22992 23509 23917 24051 24038 23458 23111 22814 21985 22143 22175 22486 22538 22266 21891 21299 20866 20253 19826 19441 19017 18884
17859 17743 17839 17866 17850 17682 17615 17598 17506 17529 17848 18432 18292 18442 18428 18787 19247 19648 20169 20591 20913 21163 21227 21327 21786 22288 22210 21682 21502 21672 21854 21578 21477 21379 21403 21522 21484 21351 21411 21395 21208 21055 20768 21069 21766 22134 22286 21823 21344 21075 20823 20822 21853 22344 22631 23218 23543 23721 23988 24142 23928 23638 23203 22554 22230 22119 21623 21413 20738 20533 20123 19578 19101 18754 18436 18291 18090
18145 18042 17992 18086 18024 18040 17939 17511 16696 16622 17484 18900 19167 18994 18775 19068 19611 20262 20966 21419 21755 22241 22363 22405 22805 22785 22451 21995 21850 21778 21538 21381 21260 21316 21484 21531 21439 21499 21580 21457 21156 21215 21330 21444 21495 21721 21729 21740 21576 21722 21832 22134 22489 22744 22954 23067 23242 23381 23711 23704 23517 23027 22625 21884 21275 21070 20682 20151 19569 19033 18469 18256 18065 17832 17573 17928 17973
18455 18361 18137 18121 18162 18188 18372 18187 17348 16871 17893 19591 19775 19598 19362 19217 20142 20952 21985 22331 22739 23219 23306 22832 23278 23068 22628 22267 22275 22100 21665 21387 21211 21131 21067 21487 21366 21330 21373 21343 21519 21622 21836 21772 21825 21734 21776 21639 21866 22189 22298 22447 22650 22806 23024 22959 21668 22263 23475 23362 22803 22059 21611 21092 20624 20145 19788 19177 18564 18245 17920 17842 17464 17282 17408 17989 18124
18899 18738 18508 18281 18417 18405 18465 19018 19053 18968 19437 20135 20217 20464 20742 21217 21538 22063 22862 23423 23867 23841 23777 23296 23718 23784 22976 22259 22408 22690 22480 21578 21180 21299 21247 21542 21710 21609 21391 21609 21895 22204 22444 22511 22347 21892 21685 21804 22135 22132 22534 22730 22526 22553 23057 23300 22809 22598 22899 22541 21771 21114 20402 19861 19526 19412 18789 18336 17957 17698 17328 17064 17150 17161 17369 17797 18165
19456 18860 18701 18879 19176 19210 19317 19470 19885 20068 20334 20482 20752 21001 21641 22165 22055 22110 22246 22830 23566 23533 23064 22660 23498 23711 23077 21924 22208 22981 22860 21833 21099 21107 21230 21723 21811 21789 21579 21812 22222 22690 23037 22847 22290 21711 21726 21850 21908 22020 22616 22965 22851 22571 23225 23422 22936 22563 22209 21635 21123 20302 19354 18715 18529 18160 17929 17906 17485 17137 17378 17483 17334 17165 17178 17499 17838
20408 19663 19245 19283 19850 20422 20550 20334 20039 20373 20930 21181 21645 22110 22693 22528 21500 21026 20695 20989 21875 21916 21733 22405 23310 23692 23455 23360 23058 22622 22257 21139 20151 19463 19529 20617 21261 22111 22169 22368 22570 22736 23012 22824 22126 21863 21780 21865 22202 22432 22929 23016 23019 23027 23305 23340 22364 21837 21478 21065 20520 19731 18545 18218 18075 17732 17608 17984 18103 17661 17729 17820 17789 17550 16933 16845 17068
20912 20324 19702 20269 20507 20640 20589 20247 20276 20676 21441 22031 22539 22990 23109 22555 20832 20313 20097 20231 21093 21103 20958 21821 22580 22987 23665 23821 23364 22233 20729 19633 18685 18542 18669 20011 21322 22268 22610 22826 22747 22941 23006 22768 22108 22085 22360 22365 22598 22818 23267 23244 23076 23312 23371 22756 21905 21659 21353 20890 20173 19326 18278 17943 17582 17457 17523 18059 17952 16644 15600 16925 17836 17796 17081 16808 16789
21810 21491 20625 21129 21491 21819 21664 21259 21573 21936 22488 23061 23122 23353 23250 22914 21487 20609 20077 19968 19995 20325 21051 22392 23145 23151 23758 23748 23675 22906 21191 20015 19456 19348 19818 21039 22612 23355 23314 23357 23183 23240 23204 22597 22015 22151 22648 22559 22779 23220 23472 23282 23298 23459 22976 22084 21781 21609 21296 20677 19689 18630 18021 17778 17441 17275 17544 17987 16499 14478 13106 14742 17341 17827 17310 16809 16714
21880 21660 21599 21879 22504 22527 22309 22925 22923 23217 23640 23605 23533 23481 23510 23268 21499 20352 19370 19617 20539 21565 22646 23851 24000 23998 24105 24057 23898 23289 22332 21622 21375 21437 22040 22884 23375 23519 23311 23477 23476 23263 23169 22403 21738 21935 22371 22519 22811 23341 23459 23134 23334 23418 22451 21841 21468 21226 20790 20302 19313 18559 17670 17651 17334 17093 17444 17998 17616 16251 14805 16030 17716 17813 17244 16820 16722
21779 22049 22157 22203 22783 22873 22983 23607 23985 24012 23789 24015 24010 23829 23514 23406 21950 20834 19963 20201 21484 23077 24219 24299 23552 23088 22615 22434 22669 23175 23755 23627 23453 23475 23438 23532 23508 23337 23228 23199 23082 23044 22650 22114 21885 21994 22373 22870 23199 23327 23289 23134 22969 22584 21897 21578 21416 21165 20541 19841 18855 17837 17640 17341 17174 16932 17122 17675 17965 18104 17954 17824 17713 17477 16957 16811 16855
22138 22129 22381 22327 22647 22989 23507 24329 24634 24660 24269 24052 24046 24078 23888 23580 23095 22304 21656 21631 22464 23322 24266 24240 22923 21484 20629 20380 21139 22805 24002 23919 23629 23530 23412 23361 23125 23073 23106 23021 22709 22414 22220 22140 22237 22278 22424 22841 23292 23342 23238 23292 23011 22098 21536 21384 21132 20957 20273 19518 18611 17976 17684 17177 16992 16917 16934 17198 17615 17930 17820 17664 17364 17035 16928 16871 16934
22376 22000 22338 22440 22882 23291 24043 24547 24725 24669 24499 24346 24156 24169 24126 24133 23388 24061 24063 23829 23862 23495 23362 23291 23092 22854 21875 21178 22165 23084 23493 23370 23325 23280 23314 22992 22896 22873 23098 23136 22501 22231 22479 22462 22391 22350 22357 22591 23152 23303 23507 23578 23004 22288 21687 21147 21152 20721 19964 19191 18181 17671 17492 17193 16951 16884 16913 17000 17016 16958 17065 17024 16873 16911 17264 17279 16814
