Alternative/Moon/Lvl0_30x30/Ele_BI.asc
ncols         335
nrows         335
xllcorner     6757491.657
yllcorner     3322833.042
cellsize      10000
nodata_value  -9999.0
[rows 102 to 135 of 335, columns 154 to 230 of 335]
12044 12086 12791 13618 14814 15408 16667 17571 17335 17061 16772 16490 16648 16800 16600 16252 16472 16584 16408 16233 15590 15337 15508 15572 15570 15494 15494 15506 15820 15691 15437 15021 14769 14819 14944 14934 14722 14562 14490 14303 14382 14328 14210 14207 14292 14261 14217 14189 14200 14205 14167 14153 14138 14124 14135 14140 14159 14109 14101 14102 14116 14170 14137 14079 14074 14105 14101 14094 14423 14860 14852 14503 14501 14732 15219 15925 16139
12270 12308 13327 14195 14889 15611 16547 17385 17121 16776 16488 16431 16620 16726 16557 16344 16905 17007 16472 16282 15801 15540 15494 15530 15435 15222 15204 15194 15204 15254 15099 14834 14782 14597 14751 14787 14871 14839 14602 14403 14309 14269 14283 14346 14394 14340 14557 14658 14576 14151 14139 14117 14107 14114 14107 14088 14122 14071 14085 14304 14417 14428 14586 14696 14518 14258 14211 14171 14129 14125 14034 13699 13883 14706 15438 15791 15994
12472 13367 14086 14650 15451 16110 16438 16916 16801 16539 16392 16429 16479 16550 16265 15865 16737 16844 16411 16076 16367 16184 15583 15408 15215 15120 15092 15098 15114 15091 14837 14787 14758 14620 14654 14657 14622 14629 14542 14389 14263 14355 14441 14444 14629 14891 14966 14850 14550 14153 14107 14092 14094 14090 14078 14080 14074 14051 14096 14651 14907 14789 14866 14957 14932 14793 14455 14318 14226 14191 13947 14039 14092 14413 14821 15260 15646
13378 14468 15241 15833 16214 16291 16591 16703 16476 16315 16313 16320 16276 16227 16309 16298 16229 16061 16121 16137 16401 16285 15619 15171 15070 15070 15081 15126 15137 15237 15419 15288 15052 14526 14241 14224 14243 14246 14232 14246 14344 14405 14471 14544 14655 15123 15248 15051 14413 14126 14083 14085 14069 14093 14052 14105 14091 14277 14381 14823 15074 15090 15517 15474 15122 15147 14934 14659 14665 14708 14574 14395 14361 13995 13971 14266 14919
14564 15076 15645 16160 16214 16224 16430 16418 16035 16168 16043 15939 15997 16015 16017 16074 16047 16097 16116 16227 16323 16182 15595 15183 15098 15137 15119 15156 15367 15615 15740 15722 15498 14593 14180 14203 14208 14190 14199 14233 14362 14362 14472 14456 14401 14485 14430 14248 14123 14103 14064 14045 14043 14050 14083 14221 14369 14517 14580 14752 14988 15329 15821 15841 15635 15369 14948 14570 14553 14724 14829 14952 14767 14117 14078 13999 14119
14727 14908 15741 16100 16117 16224 16303 16188 15920 15912 15830 15791 15823 15742 15718 15747 15836 16095 16090 15979 16085 15825 15246 15110 15117 15117 15121 15024 15659 15542 15645 15602 15317 14421 14138 14155 14166 14143 14129 14142 14149 14332 14594 14637 14355 14143 14087 14084 14076 14115 14118 14119 14135 14126 14085 14203 14358 14777 14877 14807 15107 15379 15806 15918 16106 16131 15599 15416 15541 15476 15458 15483 15176 15382 15361 15096 15073
14846 15047 15885 16191 16261 16319 16292 16170 15933 15769 15647 15654 15717 15690 15574 15658 15797 16126 16170 16034 15629 15156 15065 15063 15058 15067 15136 15275 15684 15468 15488 15510 15093 14701 14168 14110 14114 14112 14108 14120 14118 14228 14429 14427 14243 14087 14072 14067 14081 14166 14145 14053 14106 14138 14059 14084 14374 14718 14842 14841 15151 15444 15598 15567 16249 16267 15984 16037 16111 15843 15887 15854 15540 15904 16045 16172 16083
16544 16463 16423 16415 16422 16437 16245 16101 15935 15877 15760 15598 15562 15514 15515 15569 15655 15771 15911 15903 15409 15038 15000 15015 15015 15019 15078 14970 15027 15132 14882 14761 14861 14781 14178 14137 14076 14088 14221 14229 14191 14174 14317 14338 14207 14033 13996 14007 14033 14066 14060 14020 14030 13999 14019 14006 14072 14307 14412 14551 14990 15220 15222 15374 15519 15878 16069 16109 16059 15899 16071 16221 16312 16091 16372 16509 16497
16441 16422 16278 16165 16163 16237 16134 15689 16100 15898 15805 15648 15595 15666 15644 15535 15504 15556 15659 15709 15262 14970 14915 14917 14918 14927 15010 14927 14833 14868 14535 14403 14227 14180 14210 14099 14582 14736 14416 14270 14206 14130 14132 14138 14006 14003 13978 13973 13981 13981 13976 13971 13977 13974 13985 13977 13938 14112 14283 14335 15042 15446 15850 15800 15446 15501 15496 15606 15710 15666 15839 16134 16369 16126 16036 16249 16616
16088 15963 16026 16004 16013 15973 15963 16087 16215 15941 15790 15651 15664 15666 15607 15511 15506 15407 15593 15648 15397 14912 14819 14810 14829 14960 14896 14827 14669 14597 14321 14221 14053 14027 14042 14110 14511 14581 14396 14225 14296 14188 13959 13976 13952 13978 13937 13932 13937 13935 13932 13937 13960 13958 13951 13952 13948 14062 14213 14470 15255 15828 16160 16061 15686 15734 15511 15524 15617 15803 15960 16289 16525 16586 16526 16635 16604
15929 15774 15687 15771 15788 15871 16073 16051 16006 15806 15768 15648 15590 15554 15480 15508 15468 15287 15255 15209 15103 14971 15085 15370 15441 15552 15248 14791 14431 14368 14198 14149 14028 14042 14025 14170 14248 14449 14294 14181 14186 14090 13943 13894 13901 13921 13904 13904 14400 14943 14912 14199 13918 13914 13944 13960 13943 14009 14185 14875 15463 15894 16421 16270 15800 15584 15474 15560 15850 16302 16358 16409 16583 16636 16616 16768 16924
15688 15697 15573 15555 15586 15603 15654 15639 15659 15630 15654 15669 15652 15545 15770 15782 15830 15626 15787 15812 15555 15156 15167 15237 15109 15130 15143 15017 14765 14840 14308 14245 14211 14203 14131 14112 14119 14160 14279 14247 14079 13951 13913 13876 13961 13946 13877 13937 14578 15110 15022 14436 13932 13894 13897 13848 13953 14001 14229 14648 14979 16285 17042 16929 16340 15716 15559 15877 16128 16379 16319 15293 14630 14822 14905 15651 16711
15689 15621 15632 15553 15541 15566 15608 15609 15590 15590 15612 15627 15603 15630 15930 15957 15852 15632 15857 15913 15807 15351 15023 15099 14949 14839 15244 15316 15117 15114 14348 14236 14176 14177 14126 14099 14012 14005 14046 14056 13966 13930 14211 14228 13976 13954 13953 13863 14059 14319 14483 14290 14052 14015 13991 13858 13868 14051 14180 14328 15108 16359 16829 16675 16298 15907 15899 16320 16457 16036 15358 14123 13871 13793 13665 14001 15064
15612 15582 15525 15503 15519 15541 15554 15572 15562 15555 15579 15567 15623 15616 15761 15804 15880 15805 15883 15968 15704 15391 14734 14648 14503 14605 14913 15013 14592 14370 14219 14190 14132 14082 14058 14164 14200 14127 14026 14203 14352 13952 14384 14242 13956 13935 14034 14085 14090 14435 14840 14821 15095 14948 14538 14296 14030 14645 15070 14796 14625 15150 15627 15684 15806 15785 16060 16541 16624 15286 13857 13043 12912 12977 12956 12909 13608
15408 15421 15466 15479 15510 15521 15497 15535 15541 15530 15533 15538 15600 15629 15580 15681 15656 15741 15769 15823 15655 15522 14776 14426 14445 14433 14368 14369 14335 14184 14192 14240 14223 14285 14209 14133 14040 14193 14113 14421 14466 14027 13920 13953 13922 13897 14007 14110 14152 14637 14915 14874 15024 14946 14595 14474 14110 14761 15125 14832 14635 14814 14960 15043 15229 15900 16434 16763 16775 15359 14146 13166 12968 12839 12737 12800 13372
15372 15382 15405 15437 15450 15444 15455 15470 15494 15512 15543 15500 15484 15561 15684 15585 15569 15571 15698 15822 15841 15452 14942 14764 14334 14413 14306 14246 14177 14139 14139 14146 14267 14458 14462 14301 14107 14331 14018 14221 14237 14104 13820 13808 13836 13856 14044 14124 14115 14678 14669 14582 14526 14427 14422 14313 14148 14456 14595 14615 14679 14828 14842 14882 15136 15873 16150 16539 16603 15690 14441 14088 13374 12756 12784 13244 13985
15321 15332 15345 15354 15381 15397 15401 15429 15417 15691 15859 15682 15484 15463 15515 15514 15594 15543 15675 15882 16231 16141 15512 14807 14306 14318 14244 14320 14461 14788 14534 14331 14232 14314 14443 14436 14256 14504 14104 13961 13934 13964 13947 13796 13801 13826 13834 13917 14073 14266 14398 14270 14173 14208 14305 14202 14024 14054 14214 14285 14348 14420 14405 14498 14619 14944 15199 15436 16002 15902 15727 15523 15412 15063 14977 15197 15473
15380 15283 15301 15303 15324 15321 15337 15367 15415 15525 15696 15741 15554 15483 15519 15485 15478 15538 15576 15761 16108 16102 15919 15475 14664 14409 14307 14378 14437 14634 14659 15041 15148 14673 14305 14301 14185 13869 13878 13864 14113 14340 14062 13867 13763 13710 13725 13786 13763 13814 13856 13920 13926 13920 13988 14000 13973 14152 14216 14259 14275 14284 14344 14504 14580 14762 14711 14999 15471 15867 16289 16672 16775 16748 16712 16731 16626
15377 15256 15264 15273 15283 15292 15348 15368 15517 15426 15505 15596 15536 15559 15469 15450 15459 15495 15702 15709 15656 15829 15974 16017 15905 15292 14546 14566 14615 14774 14807 15232 15460 14743 14380 14242 14180 14093 13893 13916 14097 14149 13734 13689 13693 13659 13642 13629 13637 13650 13684 13709 13725 13749 13839 13908 14026 14156 14151 14154 14154 14235 14287 14348 14430 14507 14496 14650 15292 15687 15820 16353 16520 16586 16520 16446 16346
15379 15625 15605 15392 15265 15277 15326 15897 15939 15712 15604 15648 15651 15658 15536 15480 15422 15446 15610 15571 15605 15645 15629 15919 16126 15921 14901 14857 14923 14894 14932 14832 14868 14530 14302 14380 14192 14101 13919 13952 13862 13777 13737 13668 13650 13633 13594 13590 13582 13612 13677 13753 13799 13807 13866 13892 14043 14114 14136 14165 14149 14260 14233 14172 14236 14251 14582 14645 14854 15529 15769 15877 15575 15226 15509 15273 15239
15978 16078 16177 15957 15408 15527 15990 16095 16136 16121 16252 16051 15909 15702 15629 15566 15489 15449 15478 15496 15528 15500 15623 15813 15901 15869 15958 15945 15299 15123 14852 14515 14360 14204 14165 14138 14049 14012 13975 13984 13869 13667 13674 13686 13606 13608 13576 13632 13832 13872 13787 13903 13923 13883 13858 13878 13979 14116 14528 14478 14383 15092 15118 14674 14529 14731 14648 14793 14722 14987 15483 15864 15916 15800 15354 14841 14728
16323 16611 16609 16333 16154 16338 16427 16486 16285 16303 16345 16314 16147 16128 16258 16128 15846 15555 15671 15646 15527 15506 15599 15783 15896 15886 16166 16385 16386 15800 15301 14766 14276 14020 14044 13980 13921 13914 14074 14102 13977 14087 14236 14273 14548 14656 14649 14238 14002 13985 13879 13977 14008 13985 13898 13906 14078 14179 14678 14639 14685 15630 15714 15455 14947 14797 14699 14946 14916 14895 14931 15275 15528 15567 15413 15169 14544
16584 16584 17009 17071 17022 16945 16741 16584 16501 16467 16404 16326 16213 16329 16380 16712 16724 16460 15785 15625 15620 15607 15608 15643 15699 15832 15904 16149 16166 15819 15387 14888 14441 14214 14692 14652 14228 13934 13920 13914 14018 14457 14574 14666 14986 14993 14894 14279 13985 13906 13932 13933 13993 14055 14029 14227 14367 14326 14638 14741 14778 15435 15579 15470 14948 14712 14649 15064 15252 15205 15065 15489 16130 15988 15148 14791 14387
16694 16566 16923 17273 17307 16984 16838 16836 16684 16609 16483 16412 16605 16768 16657 16688 16483 16394 16133 16080 15954 15747 15742 15903 16175 16148 16166 16068 15805 15302 14915 14865 14650 14558 14791 14732 14236 14087 13960 13928 13896 14245 14637 14658 14579 14436 14391 14121 14102 14128 14261 14155 14228 14184 14103 14203 14458 14546 14598 14772 14906 15245 15291 15139 14779 14655 14958 15639 15827 15891 16039 16212 16698 16454 15312 14707 14466
16827 17364 18254 18157 17755 17405 17434 17310 17084 17158 17508 17426 17189 17141 16852 16419 17018 17537 17610 17483 17050 16483 16488 16616 16723 16616 16486 16410 16298 15836 15341 15284 15440 15336 15220 14872 14584 14201 14107 14122 14168 14208 14364 14543 14681 14841 14925 14903 14455 14560 14689 14787 14389 14468 14751 14640 14730 14637 14788 14766 15201 15408 15647 15840 15524 15503 15733 15944 15989 16620 17055 16563 16618 16263 15802 15632 15287
17519 18651 18970 18879 18687 18472 18060 17898 17857 18077 18483 18472 17999 18036 17733 17525 17653 17803 17855 17847 17660 17203 17343 17232 17052 17046 17208 17321 17134 17351 17376 17754 18078 17894 17670 17243 16541 15386 14848 14782 14485 14705 15150 15322 15583 15630 15311 14993 14746 15139 15734 16196 16053 15788 15879 15937 15911 15823 15758 15502 15754 16493 16360 16298 16303 16114 15883 16248 16723 16888 16975 16961 16637 16476 16215 16233 15730
18787 19444 19647 19577 19490 19171 19052 18590 18100 18491 18262 18026 17774 17933 17914 18472 18662 18625 18149 18288 18216 17731 18004 18177 18649 18696 18413 18296 18584 18510 19103 19515 19505 19054 18560 18385 17973 17332 16861 16514 15793 15113 15795 16437 16384 16258 15913 15472 15244 15712 16063 16298 16103 16030 16031 15904 15907 15865 15777 15974 15960 16547 16473 16487 16328 16285 16379 16396 16989 17328 17378 17329 16773 16554 16388 16397 15480
19000 19754 20105 20243 20295 20243 19892 19591 19186 19980 19748 19433 18806 18130 18047 18707 19588 19856 19419 18823 19238 19501 19541 19760 19817 20059 19749 19906 19884 19834 20341 20374 20258 19462 18937 18900 18986 19123 19257 18821 17846 16302 16088 16710 16891 16609 16316 16084 15693 15669 16042 16136 16109 16147 16175 16013 15943 15769 15793 15938 15894 15981 16280 16499 16322 16349 16428 16400 16758 17112 17343 17291 17150 16735 16735 16741 16324
19726 19857 20264 20532 20701 20590 20461 20366 20050 20878 20905 20838 20708 20777 20703 20733 20668 20493 20621 20486 20443 20944 21194 21082 21129 21107 20862 20828 20540 20570 20495 20442 20308 19873 19356 19532 19477 19453 19424 19143 18996 17920 16494 16658 16878 16651 16415 16299 15803 16273 16565 16589 15987 15344 15355 15805 16125 15965 15800 15785 15807 15861 16100 16227 16435 16728 16739 16814 16828 17025 17127 17471 17616 17414 17107 17321 16862
20599 20624 20301 20346 20486 20431 20398 20513 20810 21026 20930 21226 21620 21671 21369 21267 21391 21366 21596 21851 21972 21903 21550 21494 21606 21570 21280 20864 20565 20407 19912 19779 20218 19752 19663 19710 19451 19305 19276 19123 19003 18665 18094 17704 17502 16077 16577 16442 16600 17044 17397 17522 17288 16647 16467 16940 17076 16967 16761 16507 16360 15826 16327 16680 17263 17335 17354 16885 16814 16839 16975 17196 17418 17499 17560 17229 17248
21001 21116 20099 18808 20263 21404 21259 21656 21792 22083 21967 22269 22224 22221 21835 21572 21952 22083 22297 22675 22939 22867 22571 22321 21822 21602 21500 20996 20449 20288 20159 19840 19787 19554 19489 19393 19039 18863 18909 18837 18879 18776 18596 18386 18395 17858 17711 17503 16754 16930 17312 17497 17398 16947 16798 17541 17851 17783 17454 17212 16772 16499 17186 17888 18046 17823 17857 17253 17087 16819 16926 17191 17440 17720 17731 17480 17591
21715 21679 21624 21217 21585 21666 21323 21629 22203 22574 22904 23188 23266 23263 22657 22495 22379 22766 22962 22961 23005 22961 22836 22393 22111 21850 21264 20964 20490 20051 19790 19724 19619 19412 19322 19159 19068 19030 18983 18808 18861 18790 18726 18474 18451 18063 17796 17877 17711 17315 17269 17361 17673 17940 17843 17711 18288 18369 18177 17684 17178 16911 17396 18273 19018 19133 19051 18723 18025 17030 17319 18470 18607 18343 17756 17437 18006
22699 22777 22641 22225 21500 21240 21240 21286 22000 22541 23173 23739 23916 23327 22623 22375 22431 22966 23226 23235 22903 22899 22696 22405 22627 22240 21573 21070 20689 19996 19621 19288 19203 19474 19362 18977 19031 19042 18892 18641 18667 18733 18715 18506 18177 17974 17782 17744 17598 17570 17990 18830 18809 18472 18137 17956 18369 18435 18463 18543 18542 18461 18429 18472 19439 19693 19602 18795 17943 17161 17601 18952 19602 19444 18793 17801 18002
23886 24097 23955 23919 22993 22018 22009 22187 22372 22655 22981 23725 23830 23706 22798 22500 22715 22899 22967 22775 22561 22689 22481 22601 22641 22507 21716 21250 20662 19845 19388 19033 18973 18965 18989 18961 18969 19005 18879 18824 18556 18571 18562 18450 18200 17895 17815 17634 17571 17650 18075 18654 18700 18409 18278 18302 18176 18438 18712 19947 20492 20476 19980 19558 19428 19748 19838 19140 17777 17536 18347 19524 19749 19560 18817 18006 18460
