Alternative/Moon/Lvl0_30x30/Ele_AA.asc
ncols         335
nrows         335
xllcorner     -20042508.343
yllcorner     6672833.042
cellsize      10000
nodata_value  -9999.0
[rows 68 to 101 of 335, columns 77 to 153 of 335]
17112 17055 16946 16934 16772 16605 16529 16426 16280 16209 16152 16097 16056 16065 15983 15852 15763 15683 15579 15486 15445 15415 15341 15256 15248 15241 15173 15141 15086 15027 14963 14924 14901 14849 14791 14760 14764 14774 14780 14767 14753 14711 14676 14648 14631 14698 14783 14881 14944 14977 14989 14996 14948 14950 14931 14968 14895 14837 14824 14795 14734 14701 14678 14607 14599 14553 14505 14456 14416 14372 14353 14290 14271 14277 14240 14216 14174
17183 17143 17027 16965 16846 16672 16642 16552 16482 16380 16328 16334 16342 16382 16390 16269 16232 16084 16058 15960 15867 15861 15864 15899 15804 15814 15806 15693 15590 15417 15333 15228 15182 15086 14962 14981 14804 14701 14657 14560 14489 14462 14447 14392 14444 14514 14630 14776 14924 15007 15015 15028 15141 15273 15331 15383 15402 15340 15237 15099 14947 14813 14718 14677 14599 14537 14472 14403 14384 14358 14343 14276 14242 14207 14192 14190 14188
17700 17504 17334 17227 17085 16896 16772 16713 16616 16535 16489 16408 16394 16376 16367 16370 16393 16340 16291 16245 16185 16164 16131 16113 16071 16084 16137 16152 16158 16114 16070 15980 15890 15774 15596 15550 15428 15321 15248 15167 15081 15058 15052 15026 14995 14968 14954 14982 15009 15047 15066 15061 15139 15246 15342 15412 15428 15393 15313 15253 15198 15043 14928 14793 14699 14608 14557 14498 14439 14408 14370 14376 14398 14410 14428 14417 14423
18231 18248 18025 17922 17734 17616 17448 17261 17207 17065 16984 16903 16902 16907 16912 16881 16784 16692 16711 16596 16532 16429 16439 16352 16251 16115 16088 16068 16073 16055 16013 15934 15862 15787 15774 15721 15680 15615 15542 15475 15357 15281 15216 15113 15059 15023 15001 14968 14920 14883 14891 14863 14876 14929 14965 15047 15127 15147 15151 15155 15117 15008 14976 14937 14887 14859 14821 14752 14678 14623 14581 14523 14442 14390 14372 14321 14295
19474 19233 19154 18921 18786 18555 18563 18502 18263 18000 17890 17740 17691 17551 17517 17509 17386 17328 17213 17086 17017 16903 16874 16875 16842 16807 16773 16632 16506 16416 16416 16276 16144 16108 15949 15894 15768 15658 15601 15517 15444 15362 15294 15183 15118 15049 15006 14990 14943 14917 14925 14941 14958 14993 15000 15036 15049 15079 15078 15042 14991 14977 14958 14946 14908 14857 14832 14781 14698 14617 14545 14486 14456 14403 14380 14303 14262
19933 19858 19822 19726 19564 19457 19409 19354 19288 19213 19186 19096 19022 18933 18692 18651 18445 18368 18125 17949 17901 17944 17669 17576 17619 17529 17488 17400 17347 17273 17286 17153 17074 16935 16793 16679 16500 16366 16130 16032 15918 15816 15700 15668 15542 15451 15369 15310 15232 15294 15218 15220 15199 15201 15145 15153 15090 15011 14887 14791 14681 14677 14686 14577 14572 14506 14506 14494 14437 14363 14321 14338 14334 14289 14280 14228 14194
21011 20754 20632 20484 20336 20269 20216 20158 20173 20061 19996 19991 19936 19850 19763 19561 19381 19288 19410 19333 19398 19505 19443 19353 19266 19025 18850 18587 18365 18120 17947 17754 17590 17326 17170 17079 16921 16775 16636 16479 16401 16235 16143 16046 15992 15920 15870 15808 15798 15735 15637 15667 15592 15575 15541 15502 15432 15361 15311 15147 15090 14993 14953 14816 14796 14673 14602 14589 14534 14421 14407 14411 14412 14362 14339 14326 14301
21340 21197 21104 20916 20694 20545 20499 20510 20495 20471 20432 20315 20270 20134 20004 19912 19857 19810 19794 19838 19815 19791 19794 19730 19740 19621 19520 19193 18967 18747 18641 18498 18370 18262 18160 17969 17885 17782 17615 17442 17208 17081 16887 16712 16573 16384 16340 16243 16180 16139 16112 16038 15980 15965 15868 15863 15794 15775 15825 15852 15761 15750 15704 15625 15685 15459 15346 15193 15087 15010 14846 14732 14652 14542 14443 14402 14373
21554 21495 21523 21521 21456 21267 21186 21035 21060 20935 20761 20617 20548 20509 20346 20299 20131 20024 19964 19974 20121 20124 20217 20232 20205 20187 20133 20057 19912 19738 19628 19428 19160 18992 18816 18548 18296 18060 17891 17608 17539 17391 17281 17177 17130 16985 16939 16911 16891 16822 16763 16720 16617 16498 16506 16362 16227 16109 16105 16121 16099 16099 16078 16018 15987 15860 15744 15598 15354 15258 15186 15071 14975 14891 14840 14755 14694
21610 21586 21680 21777 21865 21975 21969 21907 21868 21778 21747 21536 21374 21077 20980 20736 20621 20561 20453 20612 20487 20528 20538 20461 20357 20260 20192 20080 19974 19861 19794 19616 19393 19243 19010 18878 18611 18446 18259 18271 17953 17754 17696 17567 17482 17470 17312 17203 17150 17104 17083 17020 16958 16867 16730 16604 16507 16362 16231 16133 16102 15909 15902 15873 15852 15792 15715 15686 15551 15497 15506 15469 15405 15318 15226 15146 15058
22077 21973 21856 21901 21974 22112 22121 22099 22136 22202 22198 22272 22321 22331 22337 22296 22194 22143 22092 22060 22029 21849 21715 21465 21308 21147 21113 20997 20880 20880 20663 20442 20187 19993 19875 19545 19383 19143 19002 18936 18794 18614 18496 18440 18375 18201 18107 18076 17978 17890 17814 17746 17676 17576 17597 17476 17318 17221 17400 16827 16980 17032 17202 17063 17079 16928 16788 16710 16841 16482 16502 16244 16212 16121 16043 15995 15910
22697 22653 22613 22610 22574 22585 22538 22635 22692 22782 22824 22792 22724 22769 22664 22673 22618 22622 22557 22462 22403 22340 22261 22209 22157 22193 22171 22088 21971 21747 21565 21369 21226 21080 20962 20819 20725 20516 20408 20258 20109 20021 19911 19753 19609 19484 19320 19192 18971 18893 18804 18688 18650 18760 18773 18721 18711 18680 18666 18690 18672 18682 18651 18601 18575 18509 18431 18242 18049 17988 17760 17682 17413 17283 17158 17096 17069
22589 22781 22803 22943 23016 23121 23179 23295 23353 23415 23458 23463 23415 23338 23362 23403 23371 23262 23141 23045 22993 23001 22991 22829 22742 22889 22940 22880 22703 22459 22271 21969 21846 21714 21607 21592 21480 21344 21211 21033 20882 20746 20585 20455 20219 20255 20197 20167 20220 20131 20088 20041 19901 19895 19838 19846 19837 19887 19797 19744 19537 19480 19382 19371 19282 19267 19247 19192 19150 18984 18822 18603 18484 18338 18169 17996 17864
21495 21592 21851 22042 22358 22654 22854 23113 23326 23413 23452 23455 23406 23432 23438 23518 23600 23555 23510 23552 23527 23429 23361 23315 23196 22976 22954 22907 22784 22572 22397 22330 22217 22127 22100 22105 22140 22137 22128 22033 21893 21784 21691 21570 21586 21397 21319 21069 21062 20839 20845 20828 20666 20664 20721 20753 20779 20797 20657 20568 20423 20200 20131 20047 19969 19838 19706 19518 19326 19140 18974 18903 18717 18568 18473 18434 18305
21751 21916 22133 22438 22794 22959 23013 23013 22969 22981 23014 23141 23233 23457 23630 23744 23750 23784 23855 23888 23802 23787 23766 23692 23549 23368 23166 22916 22785 22627 22512 22373 22302 22370 22377 22332 22309 22290 22319 22286 22281 22288 22258 22245 22144 22027 21961 21965 21965 21749 21786 21707 21554 21493 21510 21496 21508 21501 21546 21554 21548 21453 21366 21238 21080 20893 20725 20650 20438 20405 20439 20094 20029 19899 19681 19540 19376
21329 21701 21935 22303 22635 22781 22745 22742 22711 22589 22586 22669 22892 23114 23248 23291 23316 23378 23529 23652 23680 23663 23612 23540 23372 23183 23043 22862 22649 22387 22258 22200 22305 22306 22298 22275 22192 22138 22175 22196 22192 22185 22191 22166 22099 22015 22033 22066 22098 22056 22025 21975 21768 21579 21531 21496 21505 21522 21581 21584 21592 21585 21541 21526 21495 21390 21329 21203 21099 21006 21002 20933 20952 20821 20688 20520 20338
20357 20754 20949 21373 21677 21892 22029 22129 22191 22197 22248 22408 22650 22878 22941 23067 23227 23306 23283 23238 23206 23171 23179 23161 23123 22978 22866 22699 22584 22368 22131 21993 21909 21891 21817 21723 21694 21794 21879 21866 21916 21962 21962 21951 21904 21925 21958 21930 21909 21947 21972 21945 21770 21637 21509 21335 21253 21155 21144 21176 21175 21161 21139 21059 21026 20999 20975 20953 21011 20916 20889 20823 20773 20688 20596 20469 20384
19578 19892 20204 20529 20774 20977 21094 21153 21291 21530 21495 21542 21827 21896 22013 22216 22507 22779 22840 23037 23061 23144 23178 23147 23175 23081 23058 23035 22936 22859 22788 22744 22686 22622 22519 22432 22376 22256 22222 22221 22187 22140 22057 22019 21914 21825 21768 21714 21688 21625 21588 21478 21395 21354 21312 21270 21259 21248 21123 21114 21064 21016 20916 20789 20724 20618 20604 20554 20559 20536 20552 20573 20664 20762 20894 20962 20983
19528 19796 20060 20422 20700 20950 21112 21169 21150 21088 21075 21022 20978 20993 20985 20976 21048 21292 21541 22000 22111 22462 22726 23108 23275 23378 23443 23572 23576 23535 23432 23388 23254 23033 22900 22782 22811 22878 22940 22947 22942 22888 22775 22560 22418 22205 22024 21782 21531 21436 21449 21343 21258 21232 21232 21206 21182 21193 21099 21001 20905 20891 20883 20813 20729 20647 20626 20620 20635 20655 20671 20735 20912 21102 21266 21328 21401
19157 19473 19743 20134 20453 20760 21052 21182 21224 21315 21379 21414 21461 21477 21425 21303 21172 21065 21041 21115 21446 21751 22050 22423 22735 23086 23342 23537 23574 23641 23653 23621 23579 23498 23503 23534 23564 23625 23682 23779 23714 23525 23338 23172 22817 22612 22415 22288 22204 21885 21746 21549 21482 21359 21234 21232 21271 21450 21515 21452 21486 21278 21284 21147 21065 20928 20884 20806 20787 20884 20890 20901 20998 20887 21066 21298 21471
18908 19162 19235 19308 19523 19841 20107 20437 20834 21153 21420 21619 21665 21597 21494 21437 21361 21401 21376 21311 21373 21416 21417 21421 21714 22078 22381 22720 23265 23392 23600 23651 23642 23600 23689 23801 23885 23985 24046 24092 24069 24033 23856 23759 23616 23507 23386 23321 23195 23065 22950 22764 22600 22554 22481 22507 22494 22605 22697 22665 22682 22822 22534 22376 22278 22137 22187 22005 22070 22245 22190 22179 22213 22209 22204 22248 22195
17875 18316 18339 18438 18738 19137 19410 19634 20200 20499 20881 21023 21334 21391 21400 21518 21612 21736 21704 21836 21831 21808 21762 21757 21713 21605 21453 21725 21918 22358 22683 23072 23334 23414 23559 23642 23757 23844 23946 24050 24083 24078 24072 24102 24084 24021 23960 23822 23766 23597 23536 23318 23315 23284 23219 23250 23323 23459 23461 23588 23585 23604 23562 23525 23479 23372 23319 23294 23185 23071 23039 23064 22916 22820 22772 22719 22661
17912 18028 18205 18477 18787 19050 19197 19280 19386 19557 19734 20088 20307 20611 20859 21115 21299 21558 21439 21628 21811 21837 21846 21813 21785 21722 21593 21432 21675 22008 22322 22645 23013 23187 23210 23237 23166 23352 23584 23684 23881 23958 24099 24131 24133 24123 24069 23964 23880 23704 23617 23497 23387 23489 23528 23592 23637 23745 23825 23934 24073 24044 24038 23981 23883 23786 23667 23529 23430 23353 23271 23156 23074 22962 22865 22758 22648
17960 18046 18170 18306 18518 18726 18817 18913 18940 19051 19248 19452 19709 19865 19974 20017 20073 20263 20394 20775 20854 21365 21545 21561 21568 21492 21443 21779 22145 22504 22807 23117 23516 23660 23727 23698 23849 23994 24115 24130 23943 23939 24061 24087 24050 23860 23693 23551 23511 23526 23552 23526 23472 23391 23415 23455 23541 23624 23636 23769 23829 23934 23950 23946 23790 23653 23534 23420 23276 23097 22945 22785 22666 22567 22378 22296 22197
17924 17897 18010 18039 17829 17636 17798 18135 18438 18760 18934 19106 19197 19266 19403 19483 19489 19435 19455 19720 20152 20457 20729 20896 21029 21211 21488 21907 22277 22665 22974 23319 23569 23723 23741 23804 23945 24012 24096 24156 24115 24091 24050 23955 23805 23562 23369 23125 22950 22796 22776 22704 22788 22792 22808 22870 22949 23021 23052 23064 23179 23218 23232 23179 23108 23127 23177 23124 22996 22727 22524 22271 22077 21867 21702 21607 21584
18027 17900 17854 17747 17713 17677 17853 18153 18475 18759 18987 19380 19596 19791 19865 19875 19763 19583 19391 19369 19513 19755 19952 20261 20660 21105 21406 21773 22234 22644 22924 23280 23420 23383 23339 23469 23586 23595 23642 23730 23648 23592 23550 23404 23321 23181 23034 22865 22845 22937 23005 23027 23032 23020 23003 22980 22908 22748 22699 22758 22788 22792 22713 22606 22542 22569 22457 22343 22246 22309 22358 22367 22307 22199 22141 22080 21971
17804 17954 17967 18022 18037 17974 17950 18033 18323 18732 19009 19413 19716 19974 20055 20038 19979 20045 20108 20140 20228 20427 20649 21023 21334 21741 21976 22335 22710 22983 23169 23258 23367 23314 23225 23176 23115 23038 23016 23020 23046 23134 23191 23156 22979 22798 22684 22631 22699 22847 22864 22897 22886 22936 22978 23023 22976 22814 22689 22551 22468 22337 22239 22082 21995 21978 22064 22100 22130 22264 22258 22321 22327 22349 22378 22372 22288
18238 18248 18266 18273 18267 18175 18061 18034 18133 18381 18666 18870 19104 19527 19690 20092 20437 20700 20965 21292 21440 21703 22009 22091 22364 22597 22764 22838 22923 23032 23061 23058 23276 23315 23235 23172 23034 22993 22988 23000 23028 22912 22702 22586 22533 22419 22472 22678 22757 22821 22879 22874 22881 22850 22781 22617 22483 22417 22338 22255 22134 22115 22155 22188 22128 22019 21937 21735 21638 21672 21794 21914 21924 21979 21913 21981 21922
18162 18128 18090 17990 17923 17861 17945 18260 18661 19116 19321 19720 20120 20670 20833 21289 21632 21858 22122 22320 22655 22698 22934 22945 22997 23054 23131 23165 23233 23325 23440 23497 23552 23543 23478 23375 23249 23087 22973 22845 22768 22695 22670 22636 22697 22773 22778 22852 22853 22843 22739 22680 22617 22616 22463 22364 22280 22172 22186 22128 22084 22017 21945 21928 21897 21870 21837 21721 21614 21591 21552 21615 21651 21674 21628 21513 21435
18174 18179 18127 18021 18236 18481 18665 18919 19226 19549 19803 20156 20498 20942 21235 21555 21814 22051 22307 22559 22799 22886 22974 22969 23020 23144 23163 23260 23369 23405 23539 23568 23558 23564 23469 23350 23213 23100 23076 23016 22918 22848 22763 22690 22667 22670 22684 22801 22778 22671 22690 22597 22487 22378 22248 22205 22117 21998 21895 21838 21825 21804 21728 21688 21681 21638 21615 21540 21492 21521 21517 21503 21550 21560 21502 21432 21369
18138 18412 18670 18915 19159 19331 19470 19609 19715 19841 19793 19932 20390 20738 21019 21466 21859 22255 22517 22618 22691 22697 22803 23073 23209 23259 23297 23341 23342 23268 23170 23123 23053 23106 22965 22898 22842 22779 22771 22835 22831 22915 22952 23006 23049 23230 23319 23362 23346 23360 23310 23209 23026 22843 22682 22470 22270 22119 22033 21899 21733 21669 21682 21708 21697 21688 21694 21670 21602 21503 21392 21299 21269 21231 21203 21226 21250
18789 19198 19307 19450 19641 19790 19828 19850 20098 20240 20506 20761 21108 21409 21609 21871 22135 22308 22416 22644 22854 23067 23206 23311 23361 23516 23541 23556 23479 23389 23325 23273 23064 22943 22867 22778 22741 22827 22879 22976 23043 23244 23397 23568 23682 23791 23762 23696 23627 23504 23435 23292 23072 22938 22805 22612 22433 22259 22131 21971 21832 21776 21760 21638 21615 21578 21488 21350 21311 21322 21302 21242 21201 21184 21170 21135 21119
19458 19566 19637 19882 20177 20505 20897 21195 21544 21781 21816 21860 21854 21780 21821 22136 22545 22843 22963 23035 23037 23076 23288 23434 23516 23400 23396 23423 23478 23500 23485 23382 23244 23017 22916 22776 22791 22945 23122 23297 23464 23741 23858 23997 24028 24008 23983 23894 23745 23443 23312 23180 22940 22716 22516 22283 22084 21969 21976 21909 21719 21647 21643 21549 21472 21391 21318 21236 21226 21205 21186 21197 21203 21238 21261 21242 21166
19533 19803 20112 20454 20842 21195 21453 21719 21895 22078 22149 22114 22021 21855 21862 22149 22476 22799 22865 23005 23010 22925 22891 23117 23263 23312 23327 23300 23265 23220 23149 23176 23097 22957 22871 22797 22804 22950 23170 23366 23514 23772 23840 23884 23886 23800 23640 23448 23193 22875 22725 22530 22316 22164 21998 21827 21695 21608 21574 21549 21517 21419 21349 21221 21134 21136 21140 21214 21244 21255 21220 21173 21101 21128 21142 21152 21125
