Alternative/Moon/Lvl0_30x30/Ele_BL.asc
ncols         335
nrows         335
xllcorner     16807491.657
yllcorner     3322833.042
cellsize      10000
nodata_value  -9999.0
[rows 68 to 101 of 335, columns 228 to 303 of 335]
23713 23694 23559 23420 23532 23517 23522 23158 23186 23226 23604 23562 22485 21157 20413 21037 22347 23174 23366 23732 24033 24120 24034 23937 23665 23735 23347 23377 23514 23219 23478 23777 23968 23478 22819 23530 23836 23842 23863 24128 24327 24046 23702 23356 23467 23339 23322 23588 23501 23540 23663 23648 23639 23717 23510 23265 23250 23239 23184 23223 23271 23192 22765 22171 22097 22278 22613 23316 23402 22871 22475 22503 22467 22307 22421 22357
23640 23610 23469 23455 23379 23267 23240 23148 23146 23345 23688 23747 22796 21722 21324 21788 22878 23459 23502 23705 23814 23600 23111 23548 23641 23627 23598 23654 23679 23324 23530 23661 23297 22238 21880 22508 23664 23794 23768 24114 24382 24135 23590 23656 23828 23806 23664 23700 23535 23746 23797 23681 23739 23915 23873 23668 23565 23546 23507 23515 23465 23582 23500 22878 22709 22704 22405 22847 22955 22791 22416 22402 22444 22367 22220 22269
23426 23400 23494 23737 23700 23635 23458 23387 23318 23288 23576 23887 24271 24120 23879 23947 24082 23749 23587 23841 24244 24146 23308 23023 23768 23872 23601 23523 23425 23441 23607 23367 23390 23253 22948 23206 23058 22976 23432 23814 23897 23972 24010 24252 24255 23887 23648 23834 24214 24437 24440 24330 24302 24277 24013 23981 24153 24152 24020 24263 24306 23927 23672 23367 23293 23198 22912 22894 22928 22772 22577 22551 22575 22549 22276 21995
23582 23665 23952 24301 24355 24019 23529 23572 23700 23767 23878 23995 24455 24490 24307 24045 23943 23640 23350 23784 24258 24413 24354 23780 23792 23885 23573 23488 23531 23351 23096 22984 23057 23146 23060 23151 23420 23597 23612 23766 23829 23986 24139 24347 24167 23557 23262 23817 24321 24493 24502 24345 24327 24259 24138 23870 23813 23954 23949 24310 24394 24013 23668 23442 23341 23256 23262 23095 22889 22347 21847 21668 22024 22205 22234 22233
23718 24164 24173 24237 24290 23771 23469 23631 23891 23972 23980 23750 23899 23776 23599 23558 23360 23246 23397 23831 24014 24130 24137 23946 23715 23401 23407 23532 23483 23250 23046 22822 23203 23362 23233 23327 23750 24045 23903 23529 24041 24568 25033 25032 24183 23323 23024 23226 23340 23223 23056 23119 23319 23857 24063 23966 23422 23207 23617 23963 23977 23700 23291 22902 23292 23539 23540 22906 21894 20814 20271 19938 20582 21565 22294 22439
23931 24143 24166 23913 23579 23431 23434 23559 23911 23969 23853 23499 23538 23474 23299 23203 23211 23267 23418 23841 23958 24059 23905 23437 23212 23243 23508 23351 22964 22788 22882 23162 23336 23388 23582 23881 24117 24290 24266 24036 24141 24706 25112 25143 24457 23385 23015 22829 22841 22577 22011 22051 22421 23137 23666 23802 23456 23253 23623 23899 23888 23580 23663 23460 23669 23726 23489 22508 21278 20032 19569 19443 19799 20783 21677 22297
23938 24076 24203 24035 23488 23298 23361 23441 23540 23548 23722 23870 23751 23652 23469 23398 23565 23621 23607 23700 23999 24334 24337 24010 23778 23635 23628 23324 22911 22972 23169 23328 23334 23512 23695 23952 24027 24150 24171 24203 24169 24258 24349 24271 23675 22714 21958 21345 20783 20774 20927 21323 21390 21101 21673 22156 22490 23227 23785 23972 23969 23930 23910 23453 23254 23305 23288 22942 22092 21029 20467 20216 20643 21324 21970 22106
23696 23946 24106 24031 23471 23205 23396 23570 23738 23957 23964 23928 23790 23476 23490 23568 23611 23628 23712 23908 24084 24474 24473 24219 23896 23612 23396 23163 22951 22948 23097 23172 23346 23712 23838 23990 23989 23998 23783 23913 23955 23209 22468 22083 21469 20799 20198 19645 19368 19366 19658 20090 20288 20549 20865 21381 21929 22802 23202 23540 23436 23415 23387 23656 23674 23467 23401 23382 23289 22883 22512 22277 22336 22339 22201 22074
23491 23639 23619 23342 22937 23140 23262 23435 23836 24142 24292 24292 24273 23798 23508 23774 23875 23950 24007 23875 23822 24078 24076 24061 23985 23700 23443 23437 23269 23642 23717 23097 23110 24005 24246 24021 23904 23751 23483 22962 22389 21708 20908 19952 19178 18937 18663 18069 18028 18024 18007 18290 18906 19463 19905 20594 21271 21755 22091 22263 22149 22574 23019 23619 23829 24236 24227 23821 23372 23518 23791 23749 23237 22649 22103 21991
23334 23309 23197 22873 22877 22922 22926 23011 23739 24095 24249 24252 24234 23862 23871 24251 24328 24205 23850 23414 23490 23678 23684 23675 23564 23453 23422 23389 23316 23701 23957 24070 24013 24357 24586 24483 23737 23351 22681 21652 20922 20377 19489 18897 18295 18014 17725 17390 17270 17366 17354 17518 17785 18256 18604 19535 20172 20569 20850 20920 21302 22195 23004 23728 24312 24311 24254 23780 23592 23673 23774 23675 23207 22519 21979 22043
23020 22925 22891 22901 22905 22918 23172 23431 23630 23803 23836 23748 23746 23787 23947 24194 24333 24321 23898 23674 23511 23545 23487 23453 23280 23334 23421 23378 23719 23956 23883 24294 24443 24532 24441 24332 24113 23573 22755 21508 20397 19288 18534 17850 17662 17369 17056 16984 17007 17220 17107 16237 17491 18176 18317 18543 18780 19416 19866 20529 21216 22096 22875 23825 24348 24364 24189 23726 23536 23491 23305 22910 22559 22460 22279 22216
23134 22980 22938 22913 22989 23343 23905 24168 24227 24323 24170 24021 23906 23832 23967 24013 23924 23951 23874 23830 23644 23584 23453 23100 23065 23181 23181 23457 24043 24491 24478 24464 24468 24515 24285 23734 22933 22345 21717 20733 19559 18588 17946 17432 16971 16969 17038 16939 17020 17235 17395 17428 17270 17159 17212 17013 17882 18772 18956 19569 20852 21720 22375 23420 24201 24225 23807 23431 23305 23111 22940 22819 22727 22549 22516 22416
23391 22962 22929 23110 23819 24287 24467 24890 24950 25010 24988 24581 24004 23920 24068 24135 23997 23871 23597 23357 23105 23112 23052 23003 22839 22673 22767 22970 23462 24237 24317 24232 24356 24321 24176 23838 22914 21950 21193 20103 19368 18663 18140 17580 17247 16902 17196 17762 18078 18355 18562 18588 18294 17509 17166 17210 17581 18433 19469 20466 21447 21786 21799 22711 23784 24203 24137 23649 23429 23052 22809 22656 22634 22741 22700 22697
23368 22948 22846 23185 23873 24681 25307 25470 25354 25071 24911 24430 24358 24664 24814 24727 24146 23856 23378 23073 22761 22699 22707 22345 22262 22176 22261 22576 23206 24045 24145 24198 24240 24265 24129 23679 22627 21667 21064 19981 19217 18639 18116 17856 17626 17649 17704 18044 18267 18418 18647 18736 18446 17802 17447 17265 17512 18601 19536 20542 21474 22001 22501 23367 24084 24406 24402 24143 23513 22924 22441 22577 22573 21868 21845 22992
22963 22861 22885 23006 23444 24502 25266 25435 25202 24653 24379 24533 24663 24960 25017 24734 24252 23933 23364 23076 23056 22550 22459 22391 22205 22326 22774 23302 23424 23351 23402 23683 23547 24009 24178 24047 23426 22254 21215 19807 18722 18141 18130 18017 17960 17611 17529 17696 17992 18181 18237 18235 18072 17857 17682 17766 17930 18828 19674 20532 21500 22114 22554 23278 24082 24277 24256 23952 23344 22905 22558 22396 22500 22643 22928 23222
22827 22838 22862 22994 23314 24112 24346 24369 24407 24345 24317 24260 24376 24588 24722 24696 24697 24361 23953 23830 23414 23350 23211 23098 22931 22896 23109 23482 23564 23328 23170 23320 23198 23692 24299 24208 23949 22825 21751 20462 19299 18501 18289 18374 18341 17903 17593 17672 17815 17863 17844 17718 17743 17740 17839 18235 18704 19302 19893 20563 21356 21639 21657 21962 22759 23152 23211 23221 23091 22496 22211 21961 22232 22608 22885 23251
22849 22877 22848 23120 23384 23783 23756 24110 24184 24184 24188 23999 24223 24442 24542 24801 24858 24717 24426 24571 24497 24156 24003 23452 23318 23205 22802 22933 23122 23183 23229 23108 22931 23026 23694 24219 24205 23505 22653 21436 20180 19417 19175 18920 18404 18234 17749 17660 17894 17984 17948 17987 18151 18377 18581 19123 19771 20150 20295 20311 20533 21046 21766 22073 22482 22903 22950 22971 22952 22648 22337 22280 22187 22387 22807 23149
22875 22855 22862 22938 23303 23416 23635 23799 23832 24086 24276 24264 24328 24351 24378 24647 24871 24725 24895 24962 24782 24556 24115 23447 23869 23743 23188 22838 22214 21728 22592 23139 23148 23391 23871 24209 24091 23524 22830 22408 21225 20375 19832 19277 18652 18269 17800 17990 18174 18301 18303 18344 18427 18520 18577 19128 19947 20512 20626 20460 20273 20753 21401 21645 21857 22324 22687 22914 22838 22666 22365 22111 22171 22253 22496 22985
22987 22959 22866 23120 23623 24157 24396 24361 24296 23852 23853 24104 24199 24548 25050 25253 25263 25366 25369 25212 25031 25071 24616 24194 24119 24102 23929 23665 23295 22881 23206 23354 23300 23534 23804 23545 22788 23282 23577 23377 22529 21599 20636 19616 18989 18223 18033 18368 18416 18578 18739 18763 18681 18539 18812 19405 20351 21129 21430 21778 22022 21905 22004 22888 22983 22447 22173 22491 22524 22202 22182 22306 22258 22235 22159 22481
23045 23053 23112 23330 23513 23968 24419 24527 24411 23952 24079 24233 24445 24951 25285 25342 25469 25574 25413 25340 25047 24890 24724 24443 24138 24067 24012 23932 23516 23182 23236 23224 23541 24033 23972 23483 23284 23742 23884 23678 23246 22901 22172 21349 20581 19602 18847 19002 19642 19575 19416 19653 19809 20062 20358 20814 21375 22111 22768 23368 23615 23100 22139 23086 23087 22519 22571 22438 22098 21779 21874 21889 21541 21756 22179 22370
23260 23166 23150 23307 23329 23613 24208 24528 24637 24673 24924 25154 25190 25059 25205 25170 25132 25167 25048 25031 24842 24893 25024 24901 24424 24146 24097 23727 23312 22893 23030 23095 23252 23543 23522 22985 22429 22451 22515 22946 23401 23439 23599 23516 23145 22363 21934 21387 21158 21076 20615 20880 20983 20422 21003 22008 22503 23137 23729 23731 23717 23281 22425 22356 22140 22358 22301 22329 22267 22243 22198 21600 21100 21379 21849 22127
23733 23534 23382 23433 23381 23935 24745 24775 24686 24953 25103 25180 25286 24928 25172 25121 25154 24962 24820 24901 24968 25010 25070 24886 24680 24353 24039 23615 23082 22846 22996 22939 22774 22834 22896 22674 22076 21973 22112 22624 23097 23436 23685 23649 23635 23705 23706 23186 22078 21397 21607 21889 22139 22041 22321 22851 23477 23590 23779 23747 23191 22677 22070 21683 21665 22037 22024 21911 21858 22031 21801 21253 21345 21882 22086 22126
24157 23656 23872 23752 23699 24164 24885 24875 24711 24848 24865 24842 24994 25400 25402 25307 25183 25130 25430 25690 25597 25153 24725 24658 24558 24273 24045 23329 22930 22941 23298 23064 22637 22549 22553 22514 22465 22384 22415 22420 22718 23016 23001 23054 23528 23718 23751 23333 22397 21979 22277 22589 23318 23862 23900 23569 23261 23104 22814 22938 22595 22419 22211 21689 21261 21482 21791 22067 21999 21802 21688 21533 21535 21746 21778 21742
24166 24233 24431 24731 24806 24623 24638 24751 24383 24277 24248 24505 25164 25552 25546 25393 25271 25356 25429 25529 25323 25024 24747 24421 24350 24390 24218 23605 23101 23278 23267 22940 22744 23286 23293 23130 22646 22324 22336 22356 22599 22789 22753 22918 22977 23021 23010 22785 22616 22489 22540 22781 23492 23907 23983 23723 23130 22755 22729 22609 22229 22006 22138 22512 22584 22351 22110 22122 21876 21651 21685 21607 21483 21562 21662 21754
24146 24143 24471 25003 25104 24873 24734 24626 24608 24379 24076 24096 24384 24980 25378 25737 25748 25760 25815 25722 25457 25221 24866 24619 24617 24494 24211 23770 22676 21957 22506 22818 22658 23221 23278 23165 22542 22152 21906 21671 21755 22234 22739 23264 23311 23004 22857 22752 22587 22614 23009 23692 23935 23819 23728 23305 23072 22254 21758 22137 22172 21875 22127 22742 22890 22624 22256 22183 22195 21985 21974 21896 21678 21731 21754 21821
24225 24117 24207 24616 24839 24852 24867 24694 24603 24065 23824 24222 24725 25695 25955 26100 26081 25870 25766 25515 25267 25030 24881 24441 24298 24320 24439 24288 23134 22061 22584 22751 22583 22393 22553 22555 22278 22191 21941 21697 21790 22224 22624 22794 22960 22815 22755 22771 22497 22800 23145 23725 23851 23535 22993 22365 21700 20284 19488 20761 21845 21657 21992 22435 22571 22519 22241 22156 22231 22117 22063 22045 21921 22164 22250 22238
24144 24151 24143 24267 24477 24547 24571 24262 24053 24325 24241 24167 24917 25767 25910 26083 26082 26094 25761 25311 24616 24474 24704 24713 24550 24455 24477 24462 23828 23316 23172 23005 22610 21882 21859 22041 22159 22274 22182 22373 22340 22131 22220 22154 22196 22273 22571 22565 22395 22705 22842 22964 23323 23378 22785 22635 22199 22137 22182 22407 22377 22221 22081 22315 22185 22315 22362 22323 22355 22170 22409 22420 22428 22596 22624 22466
24507 24379 24377 24052 24079 24040 24014 24056 24093 24222 24203 24144 24408 24976 25347 25913 26023 26015 25647 25171 24586 24594 24887 24861 24747 24499 24246 24029 23919 23521 23382 22897 22403 21719 21894 22238 22332 22352 22175 22435 22424 22302 22352 21508 21953 22104 21903 22048 22353 22527 22557 22482 22379 22749 22748 22702 22388 22681 22682 22350 22399 22430 22213 22199 22125 22524 22523 22484 22672 22691 22605 22586 22555 22659 22688 22485
24928 24888 24693 24402 24516 24404 24219 24232 24161 24166 24208 24413 24386 25117 25533 25782 25837 25833 25211 24860 24770 24994 24938 25089 24996 24792 24591 24445 24128 23450 22626 22054 22086 22024 22417 22837 22914 22622 22397 22100 22148 22096 22243 22279 22339 22395 22302 22067 22067 22407 22604 22578 22536 22405 22071 21695 22376 22452 22255 22344 22403 22453 22586 22733 22532 22366 22505 22584 22586 22546 22348 22099 21601 20530 21608 21992
25066 25217 25132 24939 24788 24612 24356 24381 24306 24261 24560 24924 25129 25326 25484 25548 25777 25670 24894 24753 25090 25340 25324 25047 24800 24781 24598 24361 24104 23301 22326 22039 22328 22136 22523 22852 22920 22958 22695 22003 21923 21951 22116 22001 22034 22029 21904 21760 22260 22516 22457 22401 22350 22461 22137 21692 22355 22494 22310 22388 22266 22251 22526 22628 22280 22364 22476 22318 21848 21562 21325 20889 20641 20293 20444 20581
25532 25555 25555 25261 24830 24474 24307 24395 24416 24823 25204 25354 25351 25442 25454 25500 25558 25228 24947 24750 24974 25132 25154 24904 24720 24592 24302 24129 23647 22932 22387 22105 21932 22136 22335 22506 22588 22926 22899 22490 22079 22010 21832 21814 21937 21892 21866 22238 22634 22747 22466 22170 22424 22461 22390 22099 21986 22060 21986 21937 21820 22095 22269 22383 22510 22448 22192 21747 20820 20282 20029 19546 19237 18983 18896 18991
25753 25452 25206 24647 24610 24559 24402 24572 24794 25083 25365 25476 25337 25298 25324 25228 24719 24635 24688 24552 24373 24133 23991 24284 24400 24230 23933 23386 23162 22935 23081 23148 23036 22749 22825 22750 22350 22302 21806 22011 21853 21719 21803 21964 22434 22432 22316 22346 22438 22118 21610 21471 22124 22374 22368 21930 21699 21605 21666 21706 22022 22248 22207 22284 22368 22169 21674 20868 20028 19409 19111 18836 18298 18078 17946 17974
25735 25626 25502 25206 24972 25040 24781 24552 24639 24604 24907 25181 25129 25004 24557 24167 23676 23614 23565 23287 22950 22740 22621 22870 22980 23289 23325 23351 23357 23319 23528 23520 23551 23321 23181 22731 22296 21989 22031 22081 21923 21722 21992 22456 22931 22968 22913 22646 22331 22079 21832 21754 21982 22035 21536 20977 21202 21507 21579 21649 21641 22384 22534 22504 22166 21793 20972 20004 19289 18577 18343 18270 17955 17765 17654 17607
26098 26104 25797 25504 25225 25172 24934 24359 24825 24902 24952 25146 24970 24249 23394 22873 22784 22757 22680 22161 21629 21491 21643 21736 22145 22702 22926 23268 23384 23727 24127 24140 24140 24089 23659 22920 22461 22807 22806 22582 22443 22277 22107 22435 22692 22929 22954 22680 22331 22083 21971 21922 21853 21838 21414 20503 20375 20483 20570 20972 21410 22151 22512 22610 22245 21667 20912 19914 19026 18575 18357 17888 17623 17657 17631 17520
