Alternative/Moon/Lvl0_30x30/Ele_DJ.asc
ncols         335
nrows         335
xllcorner     10107491.657
yllcorner     -3377166.958
cellsize      10000
nodata_value  -9999.0
[rows 272 to 305 of 335, columns 231 to 307 of 335]
17186 17176 17229 17701 18902 18843 19175 19586 20350 20551 20716 20931 22032 22458 22106 21580 21491 21740 21335 21278 20823 20565 20356 19836 19524 19259 18484 17852 17606 17550 17495 17578 17601 17726 17737 17516 17364 17291 17269 17152 17219 17297 17308 17439 17412 17714 17850 18249 18297 18944 19290 19550 19854 20354 20915 20971 20678 20616 20386 20111 19773 19717 19600 19271 19070 19339 19272 18945 19240 19386 18987 18849 18940 19350 19523 19503 20006
17201 17260 17599 18460 19348 19594 19768 20118 20183 20739 20880 21330 21768 22067 21738 21309 21624 21783 21089 21018 20758 20534 20361 20076 19666 18888 18299 17659 17485 17411 17400 17503 17553 17656 17701 17476 17381 17210 17325 17207 17224 17215 17249 17219 17152 17310 17472 17739 18124 18870 19147 19323 19750 20283 21149 21307 21140 20660 20308 19899 19758 19889 19824 19514 19514 19722 19537 19178 18894 18949 18940 18933 19246 19803 19891 19870 20371
17742 18143 18535 19644 20241 20266 20574 21223 21188 21137 21484 21672 21718 21961 21755 21646 21390 21404 21239 20822 20715 20745 20106 19571 18925 18244 17787 17530 17536 17529 17493 17459 17389 17393 17354 17225 17142 17179 17135 17246 17198 17293 17326 17270 17245 17178 17278 17506 18159 18612 18847 19125 19380 20176 21181 21188 20953 20179 20091 19918 19676 19657 19873 19939 19958 20037 19680 19274 19021 19041 18964 18908 19599 20166 20294 20415 20696
17867 18673 19665 19806 20397 20591 20953 21249 21462 21629 21686 21966 21762 21903 21766 21473 21337 21347 21169 21178 21143 20848 19806 19032 18384 17893 17734 17608 17618 17626 17555 17507 17344 17314 17170 17150 17131 17140 17211 17274 17192 17271 17290 17325 17319 17277 17285 17494 18132 18461 18631 18902 19579 20122 20996 21001 20399 19992 20310 20185 19885 19696 19777 19904 19743 20032 19489 19311 19347 19326 19306 19356 19781 20325 20287 20369 20561
18668 18960 19511 19889 20242 20289 20764 21001 21482 21442 21525 21517 21813 21927 21713 21510 21577 21540 21542 21503 21264 20607 19907 19216 18553 18136 17845 17762 17665 17659 17542 17502 17348 17267 17186 17190 17154 17171 17176 17188 17248 17260 17200 17175 17156 17163 17344 17950 18158 18247 18660 19102 19613 20000 20443 20504 20490 20586 20677 20409 19935 19666 19551 19403 19273 19653 19521 19712 20012 19961 19635 19737 19987 20342 20289 20188 20394
19334 19566 19788 20082 20646 21124 21594 21584 21275 21221 21343 21678 21806 21903 21830 21856 22014 22033 21951 21683 21231 20670 20131 19192 18551 18327 18231 17955 17871 17682 17473 17439 17348 17287 17273 17367 17175 17180 17167 17198 17183 17279 17276 17227 17234 17251 17603 17975 18107 18137 18672 19121 19333 20273 20696 21240 21419 21194 21212 21108 20508 19996 19481 19186 19314 19680 20321 20248 20200 19976 19897 20037 20230 20591 20575 20597 21119
19834 20365 20324 20708 21117 21655 21996 22188 22249 22083 22010 22170 21962 21995 22560 22972 23092 22906 22467 22034 20869 20620 20041 19286 18797 18587 18341 17895 17821 17943 17651 17723 17542 17438 17412 17512 17284 17230 17240 17256 17218 16968 17358 17326 17336 17352 17661 17790 17897 18503 18703 18893 19298 20123 21062 21752 22042 22306 21976 21589 21146 20338 19695 19817 19423 20803 20905 20701 20495 20591 20780 20552 20707 20715 21022 21065 21665
20400 20802 20931 21572 22012 22534 23227 23246 22815 22337 21812 21992 22268 22506 23353 23452 23379 22852 22770 22139 21460 20856 20186 19511 18943 18808 18431 16709 17144 18048 17712 17570 17416 17375 17318 17254 17153 17218 17276 17309 17242 17319 17319 17332 17483 17614 17500 17626 17972 18722 19105 19099 19481 20275 21069 22335 23150 22806 21805 21215 21086 20998 20727 20859 21423 21592 21402 21502 21354 21400 21293 21586 21976 21444 21877 21891 21787
21258 21702 22339 22548 22836 22968 23350 23304 22633 22388 21333 21313 22339 22748 23421 23621 23294 22689 22515 22275 22081 21244 20677 19778 19101 18940 18076 17650 17974 18338 18085 17948 17762 17635 17514 17502 17331 17199 17211 17235 17175 17223 17377 17369 17273 17471 17587 17614 18158 18969 19262 19473 19924 19877 20701 22212 22959 22103 20612 19926 20757 22083 22176 21865 21930 22003 21699 21542 21612 21708 21958 22202 22320 21940 22359 22396 21945
21510 21867 22655 22707 22785 22614 22704 22613 22108 21954 21734 21802 22213 22654 23050 23284 23101 22765 22775 22898 22752 22084 21023 20051 19250 19243 18702 18486 18060 18656 18571 18611 18551 18092 17597 17582 17429 17274 17147 17153 17151 17240 17450 17202 17151 17341 17401 17541 17908 18683 19370 19974 20435 20550 20592 21761 22507 21551 20479 20593 21609 22876 22674 22038 21555 21279 20504 20031 20214 20922 22019 22299 22342 22176 22537 22557 22110
21799 21980 22428 22581 22648 22483 21973 21904 21654 21226 21092 21004 22009 22089 21782 22653 22666 22790 23027 23219 23101 22639 21506 20518 19818 19687 19041 18635 18264 17995 18010 18489 18742 18598 17736 17559 17389 17262 17213 17165 17296 17336 17495 17265 17204 17296 17261 17566 17930 18954 20039 20463 20811 21102 21356 21740 21989 21674 21652 22181 23128 23293 22462 21325 19625 19238 18946 19180 19120 19368 20465 21447 22062 22045 22256 22264 22725
21822 21837 22364 22323 22312 21963 21340 21252 20894 20823 20569 20781 21969 22749 23077 22929 22604 22695 22743 22911 22909 22589 21625 20821 20198 19377 17631 16947 16917 16146 15774 16458 18064 18509 18136 17714 17377 17206 17234 17317 17383 17136 17126 17284 17300 17530 17951 18036 18434 19328 20508 20865 20669 21383 21921 21942 22026 22388 23286 23564 23764 23286 22071 20697 19319 19056 18979 19189 19152 19144 19298 19769 20294 20637 21152 22152 23302
22034 21871 21899 21614 21737 21345 20941 20803 20765 20642 20704 21021 22235 22890 23329 23261 22671 22346 22193 22131 21836 21655 21363 20782 20138 20010 18671 17821 16731 15719 15318 15329 17098 18921 18860 18059 17494 17269 17225 17231 17250 17168 17156 17223 17742 18039 18351 18610 18888 19727 20304 20522 20642 21502 21989 21984 22055 22514 23343 23704 23743 22249 20523 19588 18895 18936 19074 19195 19094 19094 19066 19094 19360 19788 20504 21167 23182
22684 22505 22307 21935 21204 20796 20719 20781 20724 20729 21096 21419 22184 22659 23272 23330 22390 21813 21748 21582 21480 21390 21281 21016 20429 20011 18469 17690 16817 16081 15721 15639 17290 19193 19108 18136 17516 17361 17200 17070 17137 17245 17377 17558 17999 18437 18841 19395 19665 20023 20316 20633 21046 21851 21784 21708 21883 22404 22747 22918 22757 21196 19720 19444 18797 18912 18960 18972 19019 19019 19058 19065 19070 19578 20341 20803 22165
22662 22576 22252 21737 21149 21049 20793 20711 20523 20639 21346 21710 21463 21726 22444 22434 21647 21020 20887 20867 21302 21355 21389 21048 20434 19647 17897 16932 16812 16990 16777 16732 18277 19249 18928 17760 17818 17841 17541 17824 18058 18219 18192 18281 18051 18736 19438 20022 20247 20217 20698 20878 21247 21836 21654 21361 21598 21708 21997 22090 21300 20292 19363 18902 18806 18891 18961 18956 18978 19037 19017 19030 19042 19032 19240 20021 20634
21909 21867 21697 21118 20862 20845 20750 20587 20264 20465 21176 21598 21364 20545 21610 21614 21275 20739 20692 20721 21234 21224 21380 20977 20521 20349 19997 18645 17144 17449 17689 17992 18754 19192 18709 18258 18261 18035 18444 18866 19035 18920 18693 18620 18685 18922 19531 20396 20375 20721 21322 21370 21157 21497 21457 21551 21505 21552 21771 21656 20346 19937 19043 18733 18790 18845 18915 18909 18953 18944 18967 18967 18943 18908 18966 19234 20326
21464 21244 21232 21138 21029 20714 20372 20374 20169 20185 20547 20895 20490 19473 19370 19708 20682 21001 20716 20498 20837 20532 20968 20912 20364 20862 21231 20620 19799 19556 19718 19683 19399 19208 18570 18753 18887 18796 18991 19170 19392 19374 19353 18891 19275 19998 20584 20712 21081 21691 21725 21349 21266 21183 21693 21712 21084 21601 21446 20504 20215 19140 18710 18749 18802 18856 18816 18862 18858 18843 18862 18839 18819 18803 18931 18995 19870
21374 20879 20739 21110 21020 20465 20249 20204 20240 20152 20072 20364 20295 20141 20036 19207 20493 21463 21150 20484 20713 20671 20586 20291 20386 20937 21375 21417 21506 21673 21648 20822 20009 19587 19441 19540 19604 19507 19460 19410 19633 19657 19768 19731 19939 20816 21093 21189 21129 22174 22139 21478 21164 21186 21721 21732 21474 21899 21642 20849 19717 18745 18707 18754 18819 18843 18779 18782 18778 18732 18740 18703 18719 18763 18917 19013 19707
21322 21285 20597 20612 20563 20444 20440 20243 20230 19972 19861 19966 20295 20353 20598 20689 21141 21578 21411 21112 20197 20304 20541 20419 20499 21318 21608 21762 21970 22255 22323 21890 20858 20816 20649 20657 20333 20370 19945 19807 19738 20162 20290 20491 20926 21243 21882 22005 21551 22072 22073 21353 20670 21310 21627 21598 21817 22104 21660 20959 19506 18614 18688 18720 18765 18724 18736 18742 18685 18659 18645 18641 18622 18725 18873 18993 19753
21443 21484 20808 20635 20376 20233 20135 20010 20005 19967 19979 20041 20046 20353 20582 20925 21376 21528 21475 21162 20316 19992 20134 20092 20467 21529 22255 22401 22403 20906 22107 22004 21487 21534 21217 20662 20464 20606 20134 20118 20282 20334 20995 21299 21551 21975 22413 22843 22575 21114 21194 21227 20993 21458 21627 21733 22176 22189 21573 20844 19389 18717 18722 18684 18658 18675 18675 18683 18604 18593 18576 18583 18562 18700 18944 19113 19728
21330 21278 20880 20515 20232 20301 20077 20084 20099 20025 20124 20297 20350 20745 20753 20533 20998 21152 21334 20961 20092 19919 19886 19941 20968 21809 22249 22379 22281 22396 22211 21929 21594 21639 20762 19140 18661 19914 20536 20568 20979 21670 21990 22017 21826 21901 22604 22704 22555 21391 20798 21456 21520 21807 21723 22013 22693 22637 22302 20637 19282 18715 18714 18685 18617 18602 18582 18560 18525 18540 18504 18530 18585 18809 19017 19311 20170
21519 21100 20600 20434 20257 20229 20192 20528 20550 20472 20492 20710 20790 21113 20806 20542 20780 20776 20900 20758 20076 19896 19933 20417 21118 21771 21979 22184 22362 22408 22032 21913 21909 21944 20139 18309 18119 20028 21448 21483 21573 21962 22433 22384 22082 22259 22635 22643 22562 22118 21290 21404 21722 21807 21785 22229 22616 22520 22357 21293 20343 19227 18826 18684 18610 18607 18591 18558 18547 18511 18588 18700 18832 18981 19190 19509 20782
21683 21062 20848 20542 20188 20254 20784 21412 21296 21042 20946 20920 20929 20981 20596 20501 20805 21254 21038 20942 20268 19802 20040 20099 21128 22108 22301 22195 22415 21576 21331 22088 21967 22100 21552 20012 19832 21410 21817 21566 21783 22022 22710 22784 22825 22829 22779 22822 22854 22712 22265 21860 21683 21775 21920 22474 22864 23198 23341 22144 20827 20242 19155 18780 18680 18624 18597 18546 18644 18774 18992 18980 19039 19122 19556 20719 21314
21733 21185 20760 20451 20134 20378 20849 21255 21182 21091 21109 21072 20698 20772 20605 20910 21647 21793 21296 20722 20326 19842 19925 20192 21480 22155 22368 22269 22360 21724 22102 21857 21924 22241 22353 22134 22144 22178 21862 21845 21709 22125 22705 22779 22929 23159 23060 23140 23169 23051 22662 22575 22302 21279 21469 22247 22572 23182 23406 22982 21415 20181 19114 18763 18805 18787 18781 18929 19044 19031 19048 19028 19108 19752 20998 21550 21444
22018 21636 20640 20268 20190 20905 21121 20982 20874 21010 21261 21240 20636 20592 20538 21304 21677 21752 21173 20585 20119 19793 19804 20167 21696 22749 22877 22451 22194 22091 21841 21686 21980 21865 22002 22021 22161 22034 21950 22035 22043 22013 22484 22588 22488 23120 23144 23006 23317 23095 22607 22517 22390 22159 21524 21848 22042 22283 22995 23032 22637 21018 19478 18919 18854 18959 19138 19159 19047 18955 18952 19016 20018 20887 21485 21479 21805
22170 21535 20350 20259 20383 21103 21214 20946 20855 20950 20908 20881 20468 19944 20408 20774 21030 20965 20540 20141 20026 19865 19850 20201 21557 22405 22443 22254 21893 21790 21036 21451 21507 21503 21651 21727 22002 21936 21728 22003 22103 22200 22410 22544 22735 22773 22854 22475 23001 22789 22560 22413 22252 22245 21868 21418 21739 21918 22313 22770 23195 22191 20276 19681 19045 19157 19250 19297 19210 19141 19372 19897 21144 21405 21443 21521 22481
21992 21295 20569 20283 20371 20910 21028 20524 20393 20211 19939 19661 19595 19419 19380 19784 19853 19612 19447 19774 20093 19891 19850 20239 21360 21832 21785 21218 21163 20861 20557 20590 20348 20371 21174 21272 21289 21589 21942 22101 22247 22840 22733 22831 22823 22567 22693 22773 22675 22137 22048 21897 22064 22159 22047 22023 21384 22054 22378 22721 23260 23254 22120 20689 20096 19565 19846 19686 19327 20167 20856 21448 21649 21628 21969 22844 22966
21946 21341 20654 20488 20164 19917 19832 19134 18937 18846 18853 18684 18773 18818 18642 18798 18716 18683 18764 18804 19182 19427 19497 19839 20430 20746 20779 20763 20409 20133 19993 19966 19989 20034 20183 20507 20522 21515 21972 22220 22611 22841 22851 22803 22639 22569 22258 22307 22108 21794 21825 21899 21932 22011 21959 21958 21242 21729 22019 22423 22977 23273 23169 22062 21231 21019 20427 20209 20692 21341 21648 21605 21834 22660 22888 22839 22774
21792 21116 20374 19991 19623 19125 19187 18830 18639 18457 18438 18574 18567 18533 18416 18469 18575 18566 18751 18462 18628 18963 19149 19369 19552 19712 19841 19634 19932 20022 19975 19870 19823 19653 19679 19695 19667 20726 21513 21848 22372 22613 22820 22814 22592 22510 22197 22150 21715 21705 21727 21718 21665 21806 21208 21073 21035 21040 20995 21329 21946 22597 23028 22751 22326 21848 21581 21836 22444 22517 22257 22181 22451 22690 22663 22373 22095
21668 20963 20010 19306 19217 19009 18828 18633 18467 18360 18271 18309 18304 18319 18508 18551 18662 18538 18519 18362 18527 18705 18749 18905 18774 18362 18324 18239 18639 19243 19720 19831 19788 19628 19623 19640 19634 20946 21531 21533 21591 22352 22662 22686 22554 22373 21977 21868 21681 21578 21562 21439 21630 21632 20787 20625 20690 20755 20588 21050 21680 22205 22605 22742 22491 22083 21814 21879 22409 22486 22380 22215 22265 22405 22323 22031 21742
21097 20467 19825 19566 19105 18754 18804 18736 18587 18291 18327 18180 18298 18307 18273 18329 18488 18358 18311 18386 18951 18979 18551 18015 17840 17810 17785 17705 17813 18298 18992 19625 19746 19639 19565 19376 19585 20923 21183 21330 21178 21144 21836 22185 22305 22190 22054 22025 21564 21726 21637 21547 21392 21090 20697 20677 20699 20905 20845 20841 21632 22188 22315 22372 22275 22492 22739 22595 22636 22939 22824 22426 22390 22474 22274 21989 21662
20348 20270 19777 19266 18949 18746 18764 18732 18553 18329 18362 18239 18210 18188 18161 18124 18216 18284 18356 18699 18845 18553 18102 17904 17726 17563 17532 17448 17428 17516 18663 19317 19209 19230 19115 18968 18983 19617 19887 20051 20291 20992 21677 21794 22308 22425 21910 21908 21756 21668 21629 21669 21277 21034 20979 20914 20790 20890 20890 20972 21407 21742 21814 21993 22048 22216 22777 22755 22778 22946 22937 22832 22709 22571 22444 22362 22088
20415 20103 19697 19376 18896 18774 18596 18637 18379 18257 18224 18179 18159 18163 18284 18231 18193 18629 18646 18682 18445 17891 17861 17830 17649 17459 17289 17224 17208 17181 17738 18715 19014 18867 18948 18982 18769 18706 18909 19420 19873 20502 20897 21101 21981 22181 22056 21587 21796 21609 21789 21912 21776 21414 21424 21081 20847 20880 21031 21305 21293 21753 21915 21709 21567 21840 22279 22620 23248 23373 23116 23085 23046 23043 22738 22624 22395
20334 20157 19695 19111 18933 18803 18573 18608 18327 18204 18158 18073 18142 18124 18223 18166 18303 18610 18722 18358 18104 17889 17791 17714 17547 17323 17232 17176 17190 17153 17448 18304 18870 18884 19035 19047 18747 18709 18685 19006 19481 19927 20258 20382 21089 21831 21857 21634 21731 21704 21845 22026 22002 21449 21467 21265 21083 21056 20936 21181 21119 21213 21253 21198 21147 21488 22067 22407 23283 23429 23140 23143 23081 23097 22780 22604 22363
