Alternative/Moon/Lvl0_30x30/Ele_AF.asc
ncols         335
nrows         335
xllcorner     -3292508.343
yllcorner     6672833.042
cellsize      10000
nodata_value  -9999.0
[rows 0 to 33 of 335, columns 154 to 230 of 335]
20106 20116 20120 20118 20106 20113 20115 20110 20126 20104 20117 20112 20103 20111 20118 20110 20119 20107 20118 20105 20100 20111 20100 20101 20103 20099 20110 20099 20111 20110 20101 20113 20099 20103 20098 20102 20101 20101 20111 20105 20106 20089 20102 20107 20098 20100 20095 20104 20097 20102 20100 20101 20104 20107 20109 20109 20115 20102 20105 20103 20108 20108 20115 20108 20104 20104 20095 20101 20106 20105 20107 20105 20111 20108 20101 20101 20104
20074 20077 20095 20074 20074 20073 20082 20081 20081 20079 20080 20077 20078 20073 20081 20082 20090 20081 20080 20083 20070 20077 20071 20075 20082 20075 20086 20086 20081 20081 20072 20081 20073 20077 20073 20076 20068 20074 20076 20068 20077 20071 20070 20071 20076 20069 20078 20075 20068 20079 20074 20068 20071 20073 20070 20068 20078 20074 20063 20072 20053 20067 20074 20071 20071 20063 20047 20048 20052 20054 20066 20059 20072 20063 20055 20051 20063
19849 19845 19844 19845 19841 19834 19835 19836 19832 19827 19830 19831 19828 19830 19828 19823 19819 19823 19821 19817 19817 19819 19817 19813 19812 19806 19811 19810 19809 19807 19807 19807 19805 19800 19802 19802 19803 19799 19797 19796 19797 19793 19797 19797 19792 19791 19792 19787 19790 19787 19788 19786 19784 19785 19783 19783 19787 19784 19784 19787 19788 19779 19778 19779 19777 19779 19778 19783 19782 19777 19784 19782 19780 19783 19786 19781 19787
19982 19980 19977 19976 19967 19966 19964 19961 19961 19956 19953 19954 19949 19945 19943 19937 19933 19931 19929 19926 19924 19921 19916 19914 19912 19908 19907 19905 19901 19898 19895 19894 19890 19886 19887 19885 19880 19885 19879 19876 19876 19871 19869 19870 19869 19861 19863 19864 19862 19866 19859 19862 19855 19856 19854 19857 19854 19849 19848 19845 19841 19842 19836 19839 19836 19833 19832 19835 19833 19831 19830 19829 19825 19829 19823 19824 19822
19705 19707 19707 19690 19684 19665 19660 19649 19653 19639 19630 19624 19613 19595 19606 19609 19585 19585 19570 19558 19563 19562 19557 19523 19522 19539 19527 19516 19508 19508 19492 19464 19482 19478 19453 19438 19438 19422 19419 19418 19405 19400 19404 19386 19373 19372 19361 19357 19347 19355 19336 19316 19331 19314 19299 19278 19283 19254 19275 19263 19251 19254 19251 19243 19241 19223 19206 19211 19194 19195 19189 19196 19167 19162 19155 19172 19142
18395 18381 18377 18379 18378 18371 18362 18365 18359 18365 18349 18352 18356 18341 18342 18331 18335 18328 18312 18309 18302 18302 18302 18291 18288 18285 18300 18272 18272 18266 18264 18258 18252 18237 18226 18220 18211 18213 18211 18198 18191 18191 18178 18169 18162 18155 18164 18159 18171 18145 18146 18140 18116 18129 18134 18115 18107 18124 18110 18110 18095 18092 18068 18069 18061 18074 18079 18061 18048 18042 18036 18026 18032 18021 18010 18027 18018
18173 18161 18153 18148 18137 18127 18121 18109 18101 18091 18089 18079 18071 18067 18058 18052 18047 18039 18030 18026 18014 18007 18005 17995 17996 17991 17984 17981 17979 17974 17969 17964 17959 17955 17951 17948 17944 17940 17936 17927 17925 17919 17910 17900 17894 17890 17879 17875 17868 17864 17856 17849 17841 17835 17828 17823 17822 17818 17816 17813 17808 17806 17804 17801 17803 17807 17805 17800 17807 17806 17806 17798 17800 17810 17804 17806 17804
18152 18142 18139 18132 18120 18114 18115 18110 18100 18097 18089 18086 18081 18077 18074 18064 18059 18055 18048 18044 18036 18032 18025 18021 18016 18010 18005 17999 17993 17990 17980 17977 17974 17967 17966 17963 17958 17955 17956 17951 17941 17934 17925 17919 17913 17905 17893 17886 17881 17871 17869 17873 17874 17875 17880 17889 17888 17894 17893 17899 17901 17903 17905 17908 17909 17904 17904 17899 17899 17897 17896 17892 17885 17880 17875 17873 17869
17966 17970 17966 17971 17968 17972 17970 17969 17969 17969 17967 17973 17965 17969 17964 17961 17962 17960 17960 17958 17962 17961 17956 17956 17956 17958 17951 17949 17948 17947 17946 17946 17943 17938 17936 17932 17931 17925 17927 17922 17915 17910 17906 17905 17905 17908 17906 17905 17903 17903 17900 17896 17896 17899 17902 17906 17910 17909 17912 17914 17911 17914 17914 17910 17911 17909 17906 17898 17891 17886 17881 17875 17875 17864 17853 17846 17847
17767 17771 17764 17762 17762 17754 17754 17748 17734 17734 17723 17724 17693 17698 17701 17682 17673 17671 17665 17660 17648 17634 17636 17626 17617 17601 17596 17591 17585 17571 17551 17538 17537 17528 17517 17512 17503 17501 17490 17496 17497 17489 17484 17487 17483 17489 17482 17472 17471 17470 17467 17465 17453 17436 17432 17430 17422 17423 17418 17415 17409 17398 17402 17396 17385 17377 17370 17368 17361 17358 17350 17341 17338 17338 17334 17328 17323
17342 17339 17336 17332 17326 17322 17320 17314 17310 17307 17302 17301 17301 17300 17297 17294 17293 17288 17283 17280 17274 17274 17274 17273 17274 17275 17274 17274 17270 17271 17272 17268 17268 17264 17266 17264 17264 17260 17257 17253 17245 17248 17239 17237 17232 17227 17215 17212 17214 17214 17214 17212 17212 17212 17214 17212 17213 17215 17213 17212 17212 17213 17213 17213 17214 17213 17214 17211 17214 17213 17214 17213 17219 17221 17215 17214 17214
17237 17238 17237 17238 17237 17237 17237 17237 17238 17236 17236 17236 17237 17238 17238 17237 17236 17236 17235 17233 17231 17229 17227 17227 17225 17225 17224 17224 17224 17223 17222 17218 17214 17214 17209 17210 17211 17211 17210 17210 17210 17209 17208 17209 17208 17208 17210 17213 17215 17215 17218 17217 17219 17222 17222 17220 17221 17223 17224 17225 17227 17227 17227 17228 17227 17224 17222 17218 17217 17217 17217 17216 17214 17214 17211 17210 17206
17289 17285 17291 17295 17300 17306 17307 17307 17305 17302 17302 17304 17302 17301 17301 17300 17299 17302 17301 17300 17302 17305 17304 17304 17300 17295 17290 17287 17287 17283 17277 17267 17265 17264 17260 17255 17251 17250 17247 17245 17235 17241 17244 17243 17244 17245 17243 17241 17241 17239 17239 17241 17241 17242 17244 17247 17248 17251 17251 17250 17249 17248 17247 17247 17245 17245 17243 17239 17238 17234 17232 17229 17225 17222 17218 17213 17209
17302 17303 17303 17301 17300 17298 17293 17289 17288 17285 17286 17286 17284 17282 17285 17284 17286 17287 17288 17289 17288 17287 17291 17293 17292 17291 17287 17284 17279 17274 17273 17267 17264 17264 17262 17264 17267 17271 17272 17272 17271 17270 17268 17264 17261 17258 17254 17247 17245 17243 17241 17239 17242 17245 17247 17248 17249 17254 17253 17253 17257 17253 17250 17244 17236 17230 17222 17217 17212 17209 17203 17201 17199 17197 17194 17195 17194
17196 17193 17195 17200 17208 17212 17213 17222 17226 17230 17228 17226 17218 17212 17198 17190 17198 17174 17188 17202 17210 17222 17224 17230 17230 17226 17224 17219 17218 17216 17214 17214 17215 17214 17214 17212 17213 17213 17212 17214 17216 17213 17212 17210 17209 17208 17204 17203 17204 17205 17207 17210 17210 17206 17208 17206 17204 17201 17197 17192 17192 17189 17189 17184 17180 17178 17174 17170 17169 17163 17157 17149 17140 17138 17131 17127 17136
17134 17127 17121 17111 17101 17096 17092 17084 17081 17078 17076 17074 17075 17071 17071 17078 17086 17092 17094 17098 17095 17092 17085 17084 17076 17077 17085 17093 17098 17104 17113 17122 17131 17139 17141 17143 17147 17147 17143 17142 17139 17132 17129 17133 17134 17132 17135 17145 17149 17149 17151 17153 17146 17143 17136 17124 17121 17120 17121 17116 17117 17116 17115 17114 17118 17119 17118 17116 17108 17101 17094 17094 17091 17087 17086 17086 17087
17097 17092 17089 17085 17083 17080 17078 17075 17073 17070 17066 17064 17065 17063 17059 17057 17056 17053 17053 17052 17049 17043 17035 17032 17038 17044 17047 17047 17047 17041 17036 17037 17041 17045 17047 17049 17052 17053 17055 17057 17057 17058 17061 17059 17058 17060 17060 17061 17060 17062 17063 17065 17066 17066 17067 17067 17066 17068 17072 17072 17072 17075 17076 17076 17077 17077 17077 17084 17094 17096 17098 17099 17102 17096 17097 17089 17088
17081 17072 17067 17056 17054 17050 17047 17045 17043 17042 17041 17035 17033 17030 17028 17025 17023 17028 17018 17018 17019 17021 17022 17022 17022 17021 17021 17023 17022 17023 17019 17019 17017 17016 17014 17010 17012 17016 17018 17021 17027 17032 17033 17035 17031 17031 17025 17023 17019 17015 17014 17010 17010 17008 17012 17022 17028 17032 17041 17051 17060 17063 17064 17064 17059 17050 17032 17029 17033 17038 17035 17036 17034 17037 17029 17033 17035
17131 17123 17113 17107 17097 17088 17085 17090 17088 17089 17083 17076 17083 17089 17086 17090 17091 17087 17084 17081 17084 17082 17079 17080 17079 17077 17079 17081 17086 17092 17098 17099 17106 17109 17115 17121 17122 17122 17119 17113 17109 17109 17105 17103 17105 17104 17096 17095 17087 17086 17093 17106 17110 17111 17116 17117 17117 17118 17115 17111 17101 17087 17080 17075 17067 17059 17055 17051 17047 17044 17036 17034 17022 17017 17026 17024 17026
17170 17170 17170 17177 17171 17169 17162 17156 17154 17158 17162 17166 17166 17173 17181 17186 17196 17203 17211 17223 17236 17245 17250 17251 17244 17230 17217 17208 17207 17209 17198 17194 17202 17204 17202 17198 17193 17187 17177 17179 17167 17162 17143 17154 17153 17165 17166 17167 17163 17163 17170 17169 17168 17171 17174 17173 17177 17187 17197 17191 17194 17200 17218 17230 17255 17264 17267 17263 17253 17236 17218 17189 17157 17137 17119 17114 17100
17218 17242 17263 17274 17282 17278 17270 17247 17229 17216 17210 17197 17193 17197 17200 17210 17214 17218 17221 17228 17230 17237 17243 17244 17248 17247 17239 17235 17238 17238 17229 17231 17229 17241 17235 17231 17236 17234 17239 17238 17235 17233 17242 17236 17237 17246 17250 17249 17249 17254 17265 17266 17267 17266 17261 17253 17246 17246 17239 17239 17239 17242 17247 17255 17253 17254 17271 17274 17270 17273 17260 17234 17213 17203 17192 17170 17173
17390 17387 17373 17367 17364 17368 17376 17384 17388 17394 17401 17415 17422 17426 17448 17455 17450 17451 17433 17434 17406 17398 17399 17410 17418 17415 17403 17396 17378 17366 17361 17337 17314 17298 17271 17255 17245 17258 17263 17282 17304 17329 17342 17345 17345 17343 17346 17340 17347 17348 17367 17374 17384 17395 17402 17430 17454 17478 17486 17508 17515 17538 17542 17551 17557 17544 17508 17488 17451 17417 17354 17301 17254 17173 17147 17071 16994
17676 17659 17620 17590 17577 17553 17569 17555 17526 17527 17542 17547 17544 17545 17544 17537 17541 17532 17521 17518 17520 17524 17521 17516 17507 17496 17490 17487 17485 17468 17489 17498 17494 17497 17492 17497 17488 17487 17486 17463 17465 17460 17450 17462 17439 17463 17435 17441 17451 17447 17442 17444 17446 17414 17408 17390 17363 17358 17354 17378 17420 17425 17461 17480 17514 17501 17509 17505 17504 17499 17466 17466 17445 17426 17449 17448 17484
17752 17738 17712 17688 17657 17634 17615 17602 17587 17621 17589 17584 17564 17542 17521 17508 17503 17495 17505 17494 17497 17473 17482 17470 17474 17479 17491 17493 17490 17480 17481 17486 17482 17481 17479 17487 17478 17469 17472 17469 17475 17467 17465 17458 17458 17449 17446 17442 17448 17457 17460 17451 17438 17429 17424 17425 17429 17413 17418 17415 17411 17413 17413 17406 17416 17400 17405 17391 17396 17405 17413 17422 17422 17428 17415 17411 17417
17949 17924 17919 17909 17885 17855 17821 17800 17797 17780 17758 17725 17684 17651 17603 17520 17517 17516 17509 17543 17560 17560 17550 17539 17538 17541 17539 17540 17553 17541 17540 17556 17562 17560 17565 17582 17573 17570 17566 17556 17561 17570 17583 17587 17583 17585 17577 17580 17580 17578 17579 17576 17574 17569 17578 17586 17599 17603 17594 17584 17579 17566 17561 17555 17550 17542 17548 17544 17562 17572 17579 17571 17572 17571 17571 17577 17563
17946 17918 17895 17885 17871 17852 17853 17832 17810 17810 17787 17776 17767 17761 17764 17776 17793 17799 17807 17804 17809 17812 17813 17807 17792 17785 17792 17805 17826 17857 17880 17892 17926 17927 17935 17931 17937 17947 17953 17967 17959 17943 17920 17901 17889 17873 17878 17855 17827 17809 17795 17796 17808 17796 17806 17847 17848 17872 17911 17959 18003 18032 18051 18058 18048 18028 18029 18043 18037 18037 18026 17992 17977 17968 17954 17923 17884
17563 17547 17535 17535 17544 17535 17561 17570 17574 17557 17566 17559 17588 17576 17590 17637 17648 17685 17692 17711 17694 17694 17698 17694 17687 17674 17669 17711 17695 17734 17754 17765 17781 17828 17810 17835 17852 17885 17908 17951 17956 17974 17995 18008 18007 18030 18030 18026 18043 18048 18063 18062 18072 18066 18075 18070 18064 18078 18080 18077 18076 18069 18087 18107 18110 18110 18088 18075 18033 18021 17982 17937 17947 17932 17912 17882 17856
17476 17474 17467 17474 17474 17486 17484 17493 17513 17533 17561 17597 17645 17669 17710 17717 17759 17717 17756 17719 17737 17740 17713 17669 17649 17630 17633 17639 17665 17675 17676 17677 17687 17704 17727 17752 17779 17786 17781 17777 17794 17819 17843 17872 17903 17906 17906 17930 17962 17979 17981 17999 18015 18029 18042 18049 18052 18047 18034 18022 18011 17994 17979 17964 17935 17917 17890 17881 17861 17853 17844 17838 17816 17807 17772 17764 17740
17505 17506 17513 17511 17516 17520 17524 17529 17528 17537 17552 17559 17602 17613 17634 17684 17699 17717 17738 17728 17723 17723 17724 17711 17703 17688 17677 17676 17683 17696 17719 17739 17731 17734 17750 17771 17797 17841 17883 17914 17945 17994 18016 18049 18076 18085 18073 18067 18031 18041 18014 17967 17932 17890 17891 17825 17810 17734 17728 17650 17648 17621 17609 17635 17706 17688 17700 17773 17821 17838 17889 17916 17928 17940 17941 17939 17933
17596 17579 17575 17583 17588 17592 17589 17574 17569 17568 17573 17582 17592 17612 17626 17638 17644 17645 17643 17650 17647 17658 17673 17670 17686 17691 17720 17747 17761 17761 17753 17778 17789 17814 17808 17818 17821 17828 17824 17856 17858 17863 17866 17882 17890 17890 17882 17861 17848 17839 17818 17801 17791 17788 17754 17748 17720 17705 17686 17681 17671 17676 17660 17674 17701 17707 17736 17737 17743 17741 17725 17715 17707 17693 17666 17657 17649
17661 17673 17669 17672 17661 17650 17636 17618 17618 17619 17615 17630 17632 17639 17639 17635 17637 17638 17657 17670 17678 17683 17686 17664 17675 17669 17702 17713 17735 17736 17730 17708 17714 17685 17640 17615 17624 17647 17664 17674 17682 17680 17674 17663 17650 17656 17656 17656 17652 17656 17654 17655 17657 17660 17653 17649 17659 17641 17637 17642 17657 17659 17654 17651 17649 17654 17649 17642 17643 17639 17638 17635 17630 17627 17625 17623 17628
17637 17627 17620 17609 17601 17597 17589 17576 17574 17553 17576 17563 17558 17561 17568 17565 17578 17577 17581 17574 17562 17591 17556 17565 17559 17559 17576 17583 17587 17593 17593 17591 17589 17585 17580 17581 17593 17586 17586 17587 17593 17602 17610 17620 17627 17630 17632 17641 17635 17638 17647 17647 17645 17646 17652 17661 17664 17672 17681 17691 17708 17742 17777 17801 17808 17808 17817 17825 17831 17817 17864 17866 17858 17841 17813 17809 17773
17638 17622 17689 17689 17671 17671 17701 17749 17801 17866 17899 17915 17941 17944 17936 17939 17927 17922 17897 17883 17845 17837 17837 17838 17822 17797 17791 17751 17749 17762 17733 17738 17703 17680 17680 17665 17652 17640 17631 17627 17615 17629 17623 17634 17638 17636 17640 17644 17648 17658 17662 17656 17658 17657 17666 17677 17685 17704 17709 17713 17705 17728 17756 17765 17774 17775 17795 17805 17816 17796 17857 17858 17827 17821 17818 17782 17756
17797 17805 17828 17845 17877 17911 17948 17990 18056 18097 18118 18134 18133 18140 18160 18153 18156 18150 18148 18119 18082 18062 18054 18000 17956 17933 17869 17815 17781 17775 17778 17778 17763 17760 17737 17714 17680 17673 17687 17687 17694 17686 17681 17672 17673 17671 17667 17662 17661 17672 17685 17681 17685 17690 17695 17711 17721 17729 17747 17752 17764 17801 17803 17829 17862 17872 17868 17865 17848 17816 17810 17799 17797 17805 17801 17808 17814
