Alternative/Moon/Lvl0_30x30/Ele_DD.asc
ncols         335
nrows         335
xllcorner     -9992508.343
yllcorner     -3377166.958
cellsize      10000
nodata_value  -9999.0
[rows 0 to 33 of 335, columns 231 to 307 of 335]
19906 19994 20112 20403 20417 20323 20243 19988 19995 19990 20324 21335 21583 21490 20253 18996 18638 18516 18318 18315 18336 18521 19881 20638 20429 19930 19589 18820 19028 19114 19141 19195 18990 18740 18720 18684 17684 18432 18498 18573 18503 18100 18314 18272 17977 17839 17713 17710 17660 17668 17573 17634 17608 17576 17471 17362 16677 16658 16595 16599 16577 16577 16567 16576 16582 16594 16579 16555 16571 16594 16606 16581 16578 16571 16560 16582 16582
20110 20046 19970 20070 20012 20144 20105 19559 19342 19738 20305 21084 21462 20845 19511 18570 18500 18476 18304 18247 18231 18254 19145 20036 20073 19807 19018 18879 18820 18889 19915 19871 18861 18715 18708 18884 18990 18896 18678 18246 18274 18241 18352 18192 18065 17914 17997 17720 17673 17658 17638 17514 17505 17465 17474 17411 17400 17234 16996 16792 16646 16596 16591 16622 16629 16637 16646 16665 16705 16711 16702 16679 16625 16587 16555 16594 16581
18486 20049 19823 19615 19569 19449 19163 19015 19135 19462 20011 20797 21217 20565 19372 18332 18601 18435 18265 18213 18229 18245 19263 20261 19854 19113 19246 18966 18754 19036 19844 19391 18762 18730 18717 18625 18654 18568 18569 18382 18291 18427 18357 18367 18161 18205 18179 18063 17887 17693 17707 17591 17548 17557 17575 17416 17404 17351 17289 17278 17199 17035 16932 16879 16834 16801 16762 16898 17062 17092 17021 16926 16703 16622 16602 16612 16596
19013 20049 19811 19520 19461 19196 19055 18909 18890 18999 19440 20485 21065 20803 19380 18308 18514 18422 18208 18192 18211 18245 19384 20420 19971 18778 18767 18733 18755 19026 19016 18842 18760 18745 18831 18574 18452 18567 18416 18172 18546 18547 18361 18221 18149 18145 18218 18089 17926 17973 17701 17668 17737 17587 17531 17404 17399 17359 17303 17287 17218 17166 17092 17028 16987 16911 16922 17366 17785 17699 17783 17576 16961 16664 16612 16609 16593
19964 19988 19621 19499 19461 19171 18898 18823 18790 18818 19171 20110 20754 20902 19648 18288 18416 18388 18176 18165 18193 18613 20312 20588 19872 18880 18976 18722 18868 18838 18831 18782 18601 18840 18875 18672 18673 18587 17650 18478 18632 18257 18145 18221 18252 18147 18331 18370 18135 18027 17894 17886 17737 17709 17663 17468 17406 17355 17340 17275 17229 17188 17106 17071 17023 16968 17171 17872 17264 16619 17481 17831 17334 16787 16633 16569 16524
19536 19492 19497 19454 19452 18935 18923 18741 18784 18805 19426 20099 20796 21199 20496 18674 18385 18164 18128 18114 18404 19222 20490 20415 19611 18623 18864 18717 18931 18844 18733 18753 18812 18783 18786 18726 18616 18533 18577 18573 18246 18224 18158 18388 18393 18158 18259 18120 18145 18127 17899 17891 17765 17721 17664 17587 17481 17362 17328 17311 17243 17171 17140 17082 17037 17046 17333 17984 16219 13823 15213 17748 17447 16821 16643 16586 16541
19295 19389 19425 19409 19446 19528 19651 19475 19215 18732 19224 19883 20682 21634 21811 20857 19787 18470 18213 18371 18602 20233 20449 19880 19106 19160 18676 18641 18744 18764 18513 18538 18636 18720 18454 18408 18362 18507 18542 18554 18517 18174 18124 18414 18386 18169 18247 18153 18184 18200 18123 17916 17838 17754 17717 17611 17517 17421 17363 17399 17260 17236 17303 17109 17064 17071 17451 17954 17072 15035 16603 17721 17299 16787 16635 16562 16557
19595 19405 19528 19888 19893 19708 19754 19554 19383 18904 18629 18948 20457 21577 21887 21597 21281 20523 19529 19054 19888 20301 20153 18759 18486 19034 18758 18760 18883 18751 18335 18513 18566 18715 18396 18259 18441 18501 18626 18513 18486 18442 18237 18296 18218 18122 18227 18171 18284 18299 18229 18131 18012 17896 17749 17699 17612 17567 17474 17374 17265 17241 17200 17112 17069 17042 17238 17911 17882 17684 17750 17761 17069 16741 16634 16574 16572
20527 20355 19607 19692 19676 19531 19321 19221 19051 18838 18587 18552 19197 20295 20919 21485 21697 21732 21301 20663 20301 20022 19395 18400 18275 18843 18511 18810 18861 18570 18434 18582 18401 18145 18043 18175 18507 18570 18595 18516 18468 18396 18300 18253 18390 18364 18266 18238 18337 18328 18220 18141 18105 18087 17986 17843 17764 17604 17477 17431 17296 17217 17161 17108 17083 17046 17063 17297 17599 17722 17536 17097 16814 16704 16633 16607 16595
20962 20246 19559 19616 19256 18862 18878 18668 18601 18550 18529 18496 18500 18847 19595 20512 21236 21403 21020 20313 20156 19057 18463 18237 18210 18283 18491 18538 18275 18324 18368 18398 18327 18631 18992 19159 19109 19066 19094 19038 19000 18831 18645 18685 18683 18480 18281 18818 18513 18319 18182 18167 18209 18135 18076 17997 17923 17646 17529 17564 17350 17222 17156 17105 17096 17033 16996 17010 17036 16983 16893 16830 16911 16802 16654 16632 16645
20711 19611 19296 19304 19432 18972 19043 19256 19113 18484 18464 18438 18423 18454 18505 18854 19591 20279 20213 19776 19266 18596 18380 18294 18146 18275 18425 18171 18216 19148 19045 19178 19102 19181 19244 19147 19094 19095 19140 19084 19075 18875 19012 18967 18805 18603 18602 18845 18566 18466 18315 18139 18208 18197 18212 18174 18143 17782 17647 17487 17381 17307 17160 17102 17100 17059 17008 16976 16966 16911 16864 16798 16800 16795 16686 16688 16691
20529 19691 19688 19621 19635 19247 19606 19767 19702 19054 18406 18384 18386 18353 18323 18351 18891 19681 19760 19309 19075 18486 18268 18429 18297 18374 18393 18324 18998 19200 19023 19086 19036 19111 19192 19164 19060 19025 19021 18969 18891 18876 18857 18831 18746 18633 18726 18644 18660 18439 18400 18207 18226 18219 18190 18281 18128 17916 17961 17588 17409 17301 17176 17144 17145 17095 17013 16970 16919 16892 16873 16786 16801 16758 16746 16753 16726
21152 20525 20292 19800 19521 19410 19630 19866 19712 19410 18769 18854 18637 18615 18520 18306 18607 19081 18799 18673 18838 19146 19134 18821 18527 18233 18323 18762 19115 19253 19073 19123 19117 19033 19050 19044 19084 19051 18995 18946 18809 18660 18629 18634 18678 18581 18711 18654 18600 18503 18403 18354 18353 18391 18052 17987 18068 18408 18015 17738 17492 17324 17177 17155 17161 17099 17046 16993 16932 16899 17009 16804 16793 16761 16771 16770 16734
21088 20437 20199 20160 19760 19626 19694 19582 19485 18735 18682 18895 19404 19539 18824 18277 18258 18452 18522 18772 19063 20136 20413 19123 18775 18536 18595 18852 19114 19305 18952 18826 18832 18996 19037 19114 19060 18840 18709 18735 18724 18589 18558 18562 18556 18587 18635 18680 18674 18591 18336 18369 18461 18419 18234 18275 18284 18457 18133 17762 17475 17317 17305 17161 17148 17120 17063 17002 16948 16922 16864 16813 16804 16781 16782 16745 16724
20144 19898 20235 20260 19841 19858 19613 19527 19001 18195 18353 18890 19600 20045 19670 19270 19057 18987 19197 18914 19273 20476 20596 19286 19850 19234 18372 18644 19056 19091 18695 18897 18932 19119 19214 19153 19011 18802 18704 18625 18590 18557 18502 18493 18482 18500 18490 18650 18679 18471 18501 18413 18390 18355 18376 18319 18374 17960 17831 17646 17459 17415 17401 17335 17254 17207 17068 17017 16976 16942 16896 16848 16824 16798 16912 16736 16725
19009 19470 20049 19978 19444 19345 19578 19639 19103 18387 18366 19075 19818 20081 19999 19834 19817 20142 20234 18858 19072 19202 19213 20484 20444 19178 18277 18240 18357 18676 18896 19014 19047 19515 19430 19146 19040 18711 18654 18608 18540 18516 18473 18484 18464 18472 18396 18602 18654 18455 18591 18453 18460 18401 18378 18304 18045 17869 17695 17853 17771 17537 17521 17539 17326 17363 17217 17042 17014 16973 16912 16876 16852 16813 16776 16753 16747
18817 18873 19029 18965 18788 18968 19645 19287 19280 19793 18902 19052 19593 19945 20468 19711 19495 20539 20519 18897 18746 18728 19076 20918 20867 19407 18148 18105 18123 18809 19235 19283 19281 19492 19380 19027 18980 18761 18584 18480 18533 18589 18479 18402 18359 18423 18348 18377 18375 18544 18405 18365 18477 18525 18625 18222 18107 17969 17762 18066 18058 17879 17668 17711 17611 17596 17397 17088 17031 17000 16955 16933 16889 16865 16810 16735 16688
18718 18686 18888 18869 18613 19101 19374 18889 19579 19911 19043 18848 19466 20091 20506 19839 19868 20476 20316 19088 18595 18487 18820 19506 19784 19109 18060 18051 18017 18658 19053 19003 19111 19109 18967 18693 18754 18634 18517 18411 18512 18482 18428 18345 18383 18371 18284 18299 18408 18391 18508 18675 18590 18556 18468 18302 18289 18090 18212 18254 18226 18133 17960 18066 17917 17767 17559 17073 17052 17054 17011 16991 16970 16951 16823 16745 16701
18347 18747 18879 18672 18671 19046 19110 18670 19540 19601 18791 18642 18984 19734 20502 20415 20285 20149 20311 18945 18368 18439 18501 18395 18497 18509 17996 18009 18022 18000 18787 18665 18627 18682 18650 18453 18492 18465 18560 18675 18462 18383 18378 18333 18378 18314 18394 18331 18424 18397 18521 18429 18593 18430 18465 18453 18370 18502 18403 18417 18323 18208 17991 18047 17931 17852 17678 17423 17152 17102 17077 17053 17023 16941 16797 16726 16703
18286 18250 18403 18546 18559 18698 18638 18594 18954 18918 18401 18511 18581 19005 19895 19985 19985 19655 19097 18342 18254 18304 18240 18230 18251 18207 17911 17979 18259 18818 18482 18456 18447 18373 18361 18487 18505 18553 18529 18691 18476 18377 18282 18445 18297 18227 18389 18313 18317 18374 18328 18403 18483 18397 18446 18400 18372 18526 18496 18442 18301 18180 18128 17955 17928 17855 17834 17469 17190 17112 17093 17057 17019 16867 16789 16746 16709
18226 18176 18183 18130 18275 18393 18334 18089 18105 18093 18115 18367 18469 18569 18668 18653 18908 18810 18408 18348 18090 17962 18034 18216 18161 18179 17871 17978 18718 19165 18605 19172 19072 18225 18133 18335 18448 18500 18695 18572 18436 18380 18333 18282 18294 18309 18443 18412 18325 18226 18214 18225 18276 18295 18321 18314 18429 18516 18466 18334 18202 18176 18190 17967 17869 17948 17955 17555 17527 17170 17076 17014 16921 16835 16804 16763 16741
18227 18119 18183 18153 18251 18322 17864 17693 17807 17959 18147 18254 18345 18392 18447 18449 18444 18399 18027 18155 18012 18326 18348 18171 18160 18112 17805 17861 17952 17935 18905 19475 19210 18004 18005 18193 18794 19307 19304 18956 18858 19034 19021 18630 18240 18332 18305 18347 18182 18177 18194 18238 18258 18372 18433 18395 18336 18337 18392 18299 18204 18191 18178 17930 17672 17805 17689 17662 17704 17284 17063 16918 16881 16836 16799 16761 16735
18356 18302 18018 18172 18131 17915 17607 17565 17613 17743 18338 18316 18214 18238 18231 18129 18032 17904 17905 17961 18007 18443 18464 18021 18043 17913 18072 17786 17702 17924 18208 18381 17992 18802 19334 19557 19474 19283 19353 19092 19003 19055 19055 18696 18564 18508 18457 18449 18401 18373 18259 18447 18370 18438 18390 18421 18272 18277 18383 18333 18152 18359 18067 17781 17561 17319 17704 17693 17473 17233 17125 17068 16898 16827 16875 16897 16813
18180 18213 18220 17991 17315 17844 17162 17461 17393 17129 17180 18343 18113 18096 18127 17997 17774 17753 17893 17883 17911 18069 17890 17814 17797 17882 18038 17790 17635 17756 17729 17926 18739 19464 19676 19586 19455 19242 19176 19033 18953 19094 19024 18885 18468 18549 18596 18620 18535 18449 18367 18389 18516 18733 18597 18494 18346 18118 18182 18133 18138 18216 17902 17478 17403 17348 17644 17530 17488 17243 16980 17050 16974 16846 16946 16956 16920
17966 18436 18156 17124 17104 17131 17308 17403 17414 17192 17391 17431 17793 17563 17505 17570 17651 17651 17823 17826 17875 17713 17881 17574 17743 17897 17776 17832 17842 17987 18495 19250 19519 19516 19520 19377 19225 19031 18905 18783 18866 18914 18927 18794 18489 18478 18454 18470 18518 18416 18347 18856 18598 18852 18853 18496 18440 18288 18247 18246 18112 17788 17683 17271 17493 17507 17348 17297 17365 17338 17206 17102 17066 16998 16943 17005 16981
17962 17635 17117 17084 17296 17071 16841 16823 16871 17470 17455 17075 16989 17401 17315 17572 17700 17583 17672 17680 17497 17481 17369 17369 17617 17671 17653 17876 18145 18542 18727 19389 19574 19529 19329 19263 19076 18974 18848 18810 18893 18902 18805 18667 18441 18422 18315 18415 18524 18515 18564 18950 18633 18325 18635 18268 18351 18353 18246 18073 18032 18148 18045 17854 17799 17717 17609 17204 17215 17225 17159 17179 17040 17077 17056 17048 17122
18131 17654 17115 17469 17439 16793 16888 16943 17084 17143 17054 16970 16979 16879 17168 17137 17199 17338 17367 17437 17443 17325 17398 17540 17468 17718 17716 18778 19307 19260 19611 19849 19808 19837 19770 19105 19034 18938 18884 18838 18839 18838 18750 18534 18492 18541 18504 18459 18501 18463 18654 18739 18619 18516 18446 18340 18344 18273 18122 17904 17856 18107 17989 17992 18026 17946 17563 17274 17155 17167 16985 16883 17021 17082 17226 17131 17262
18397 17779 17562 17594 17548 16595 16938 17125 17234 17310 16778 17179 17100 16947 16929 17037 17177 17290 17286 17284 17593 17681 17450 17566 17690 18181 18040 19183 19583 18763 19485 19855 19409 18834 19550 19174 18921 18936 18954 18883 18788 18776 18601 18651 18708 18549 18502 18451 18426 18331 18607 18617 18561 18447 18328 18222 18288 18216 18000 18037 18032 17995 17949 18025 18052 17929 17688 17503 17295 17257 16991 16972 17040 17093 17240 17211 17207
18662 17876 17683 17541 17372 16772 16614 16947 16940 16882 16627 17110 17045 16823 17022 17074 17397 17495 17394 17326 17688 17712 17596 17709 17424 18154 17906 18806 19250 18480 18695 19483 19364 19426 19383 19052 18847 18891 18951 18884 18695 18558 18547 18571 18560 18611 18496 18489 18393 18376 18493 18535 18541 18352 18178 18232 18275 18004 18257 18390 18374 18102 17950 18068 18079 17904 17831 17612 17186 17538 17420 17206 17115 17044 17122 17020 17171
18514 18138 17481 17071 17189 16884 16739 16670 16648 16629 16624 16660 16792 16847 17044 17025 17266 17616 17532 17928 17980 17716 17460 17147 17193 18036 18354 18620 19259 18928 17980 18377 18698 18931 19021 18858 18704 18731 18691 18547 18483 18469 18513 18471 18572 18625 18627 18494 18405 18496 18482 18405 18435 18440 18313 18350 18271 17997 18396 18505 18378 18077 17972 17992 18001 17930 17881 17785 17539 17425 17351 17269 17176 16988 16918 16990 17090
18191 18096 17319 16944 16886 16738 16701 16660 16649 16659 16678 16696 16847 16824 16976 16756 16914 17033 17728 18278 18225 17660 17278 17127 17472 17854 18271 18250 18422 18267 17772 17371 17971 18706 18473 18657 18650 18642 18613 18569 18856 18637 18688 18590 18593 18483 18525 18486 18435 18463 18431 18335 18362 18228 18197 18404 17886 18036 17981 18194 18287 18042 18111 18022 17951 18037 18112 17796 17576 17494 17420 17340 17351 17333 17291 16947 17061
18205 17766 17088 16913 16807 16754 16678 16670 16654 16638 16671 16691 16702 16688 16760 16690 16661 17037 17392 17696 17548 17496 17210 17309 17802 17925 18432 17964 18017 17908 17746 17332 17783 18010 18021 18603 18753 18639 19108 19320 19335 18791 18688 18685 18649 18587 18468 18577 18501 18445 18428 18328 18361 18119 17938 17843 17821 18274 18028 17970 17946 18034 18199 18049 17991 18048 18080 17957 17614 17636 17603 17397 17546 17460 17306 17386 17342
18417 17632 16937 16838 16771 16694 16711 16650 16622 16581 16600 16599 16608 16623 16899 16742 16710 16741 16891 16994 17107 17341 17116 17354 17619 18223 18290 18531 18365 17815 17560 17523 17216 17265 17991 18565 18565 18694 18986 19393 19281 18876 19230 19328 19010 18686 18456 18582 18543 18462 18376 18392 18162 17898 18042 18108 18240 18140 17877 18026 18058 18072 18172 17949 18019 18090 18070 17991 17890 17690 17667 17511 17517 17409 17346 17716 17350
18067 17415 16881 16785 16710 16670 16630 16606 16572 16539 16535 16534 16598 16602 16614 16582 16569 16569 16603 16612 16619 16644 17043 17143 17235 18052 18302 18620 18380 17605 17637 17388 17153 17901 18088 18596 18597 18066 17952 18297 18431 18340 19414 19439 18940 18804 18681 18604 18587 18476 18398 18336 18093 18268 18318 18275 18320 18528 18489 18534 18335 18163 18046 18093 18140 17970 18209 18215 18114 17989 17780 17421 17500 17431 17542 17435 16909
