Alternative/Moon/Lvl0_30x30/Ele_FL.asc
ncols         335
nrows         335
xllcorner     16807491.657
yllcorner     -10077166.958
cellsize      10000
nodata_value  -9999.0
[rows 272 to 305 of 335, columns 76 to 151 of 335]
16933 17019 17068 17105 17180 17253 17351 17482 17609 17730 17856 17988 18094 18170 18221 18259 18307 18350 18413 18448 18451 18425 18363 18285 18195 18142 18103 18088 18082 18052 17983 17903 17820 17749 17666 17601 17542 17486 17434 17362 17296 17227 17128 17016 16906 16813 16715 16643 16548 16449 16375 16260 16180 16122 16057 16000 15952 15908 15907 15953 15994 16000 15984 15914 15836 15744 15623 15493 15376 15294 15245 15195 15156 15116 15094 15076
16621 16666 16718 16798 16870 16950 17032 17125 17214 17299 17421 17572 17712 17840 17980 18122 18241 18341 18419 18464 18465 18444 18362 18249 18142 18057 17992 17896 17821 17736 17640 17570 17490 17436 17406 17376 17320 17283 17232 17166 17103 17045 16977 16887 16787 16701 16592 16482 16374 16296 16197 16124 16053 15999 15922 15857 15762 15695 15597 15504 15421 15352 15292 15260 15230 15217 15203 15166 15127 15099 15055 15010 14961 14903 14809 14710
16689 16720 16753 16775 16816 16889 16999 17131 17214 17304 17401 17511 17639 17755 17888 18020 18135 18229 18307 18379 18423 18431 18419 18381 18351 18355 18365 18354 18315 18251 18163 18048 17947 17864 17779 17689 17579 17513 17439 17384 17327 17260 17173 17078 16990 16920 16848 16779 16733 16682 16654 16597 16541 16477 16393 16284 16178 16092 15995 15920 15853 15816 15760 15704 15671 15638 15627 15611 15582 15544 15503 15439 15403 15347 15295 15236
16969 17005 17018 17053 17076 17087 17093 17105 17103 17094 17066 17131 17237 17368 17509 17629 17750 17833 17914 17981 18030 18053 18107 18189 18285 18349 18404 18428 18429 18396 18322 18259 18237 18230 18208 18173 18107 18045 17945 17847 17739 17638 17523 17427 17341 17305 17288 17243 17178 17096 16975 16847 16748 16652 16526 16426 16273 16166 15998 15836 15715 15637 15540 15498 15479 15486 15541 15573 15588 15609 15604 15593 15593 15594 15620 15600
17373 17378 17408 17437 17484 17523 17557 17610 17670 17698 17750 17796 17842 17881 17902 17926 17940 17950 17975 18005 18024 18060 18086 18113 18145 18181 18246 18316 18410 18503 18604 18673 18699 18707 18702 18682 18635 18583 18558 18503 18478 18448 18451 18464 18442 18454 18419 18445 18497 18565 18637 18612 18627 18566 18506 18402 18338 18207 18108 17996 17852 17736 17615 17489 17368 17289 17139 17063 16933 16801 16664 16561 16471 16417 16388 16331
17936 17985 18021 18052 18079 18102 18137 18149 18176 18208 18214 18220 18252 18278 18333 18369 18406 18439 18469 18482 18493 18507 18534 18575 18616 18647 18669 18674 18654 18640 18616 18626 18672 18744 18830 18915 18998 19078 19166 19216 19236 19244 19282 19304 19309 19319 19293 19313 19346 19381 19439 19472 19493 19490 19484 19446 19393 19318 19209 19086 18959 18842 18690 18539 18400 18276 18126 17978 17849 17743 17603 17514 17438 17395 17313 17285
18509 18514 18515 18534 18543 18568 18603 18622 18620 18612 18639 18661 18688 18693 18701 18701 18679 18642 18590 18551 18523 18520 18561 18582 18594 18626 18688 18750 18800 18817 18839 18838 18837 18829 18857 18897 18957 19000 19035 19057 19070 19086 19116 19130 19134 19137 19144 19143 19142 19164 19225 19316 19373 19400 19397 19375 19334 19288 19220 19133 19048 18990 18914 18831 18766 18699 18627 18564 18492 18451 18403 18326 18231 18165 18071 17959
18803 18801 18795 18807 18813 18838 18860 18875 18896 18919 18938 18945 18943 18937 18922 18918 18901 18883 18856 18836 18833 18820 18795 18778 18755 18762 18801 18836 18863 18868 18875 18863 18848 18832 18834 18835 18839 18835 18832 18845 18844 18849 18838 18845 18872 18896 18926 18961 19018 19024 19058 19041 18983 18935 18935 18910 18902 18899 18873 18844 18802 18779 18750 18713 18659 18615 18559 18508 18456 18401 18325 18190 18045 17922 17744 17590
18623 18627 18651 18666 18684 18693 18710 18714 18742 18757 18757 18768 18785 18782 18786 18788 18783 18776 18766 18760 18756 18749 18725 18696 18686 18673 18655 18619 18570 18528 18514 18505 18546 18561 18558 18499 18412 18331 18249 18186 18227 18262 18287 18323 18363 18359 18340 18328 18354 18360 18354 18315 18270 18242 18208 18181 18156 18109 18107 18098 18076 18036 17990 17972 17968 17984 17961 17946 17884 17787 17639 17476 17367 17317 17232 17165
18097 18104 18125 18178 18230 18249 18250 18225 18228 18235 18225 18216 18224 18222 18218 18237 18248 18245 18264 18264 18254 18256 18245 18233 18217 18195 18187 18168 18178 18170 18159 18150 18144 18127 18112 18098 18076 18047 18025 17994 17978 17974 17983 17979 17952 17930 17897 17849 17803 17778 17726 17687 17630 17583 17530 17481 17473 17457 17418 17375 17338 17297 17256 17220 17166 17126 17099 17070 17045 17022 16993 16969 16973 16954 16939 16916
17875 17873 17875 17875 17865 17863 17844 17844 17871 17892 17897 17886 17875 17859 17848 17829 17809 17794 17775 17758 17734 17715 17691 17676 17684 17670 17679 17705 17709 17717 17727 17715 17713 17715 17696 17682 17659 17631 17598 17571 17543 17507 17488 17452 17401 17380 17341 17308 17272 17248 17222 17173 17126 17091 17048 17005 16946 16912 16884 16843 16799 16750 16702 16631 16597 16557 16523 16471 16427 16368 16302 16234 16191 16154 16092 16028
17834 17819 17789 17763 17725 17706 17693 17700 17704 17693 17686 17685 17666 17648 17623 17612 17608 17591 17581 17558 17511 17466 17434 17402 17381 17360 17351 17297 17327 17338 17320 17306 17278 17256 17228 17211 17188 17159 17131 17123 17086 17073 17032 17014 16992 16966 16952 16917 16882 16853 16794 16749 16736 16719 16686 16643 16598 16570 16520 16464 16391 16347 16312 16268 16221 16188 16136 16085 16023 15973 15915 15865 15812 15753 15702 15651
18003 17962 17923 17884 17847 17808 17766 17730 17704 17676 17646 17612 17576 17540 17505 17470 17435 17404 17368 17331 17299 17272 17242 17206 17169 17140 17125 17112 17095 17084 17065 17057 17033 17015 16985 16961 16934 16909 16871 16846 16819 16799 16748 16678 16607 16548 16527 16515 16505 16476 16421 16355 16291 16254 16207 16163 16111 16083 16043 15984 15919 15872 15832 15776 15709 15667 15617 15571 15515 15470 15422 15372 15312 15268 15213 15158
18131 18090 18048 18012 17975 17950 17925 17899 17875 17871 17858 17836 17819 17806 17789 17778 17746 17714 17652 17594 17554 17525 17488 17428 17374 17316 17246 17167 17092 17059 17022 16996 16958 16944 16913 16875 16836 16811 16759 16712 16644 16576 16506 16431 16363 16302 16235 16204 16168 16127 16092 16045 16000 15963 15924 15884 15840 15804 15755 15718 15677 15644 15596 15551 15508 15471 15426 15380 15328 15280 15229 15183 15133 15089 15037 14983
18166 18149 18126 18103 18078 18055 18046 18031 18012 17994 17977 17946 17933 17918 17900 17878 17863 17832 17814 17784 17748 17708 17650 17590 17516 17451 17372 17295 17206 17120 17011 16911 16818 16745 16658 16580 16506 16461 16424 16383 16361 16338 16304 16261 16212 16164 16110 16068 16027 15999 15962 15920 15882 15852 15826 15790 15757 15727 15697 15678 15651 15625 15577 15527 15473 15438 15393 15349 15295 15260 15219 15171 15124 15079 15024 14979
18107 18077 18039 18009 17977 17944 17912 17853 17817 17772 17740 17714 17674 17621 17603 17556 17507 17467 17459 17446 17437 17423 17401 17374 17343 17312 17273 17228 17176 17137 17080 17026 16961 16907 16839 16766 16700 16655 16605 16559 16511 16472 16426 16385 16321 16282 16224 16166 16108 16065 16005 15932 15868 15818 15744 15681 15612 15552 15483 15396 15334 15273 15219 15167 15127 15102 15088 15079 15054 15031 14999 14967 14936 14914 14883 14860
18068 18047 18022 17994 17963 17938 17922 17921 17913 17889 17857 17858 17859 17838 17805 17764 17712 17663 17627 17598 17564 17540 17514 17469 17400 17340 17265 17175 17096 17044 16989 16927 16870 16811 16745 16678 16609 16546 16477 16395 16320 16252 16179 16108 16039 15976 15909 15834 15757 15693 15624 15569 15511 15470 15425 15385 15363 15330 15290 15250 15206 15171 15122 15079 15038 15004 14973 14948 14922 14900 14874 14847 14823 14801 14779 14760
18146 18135 18120 18108 18099 18086 18053 18021 17996 17969 17910 17841 17784 17751 17754 17752 17743 17711 17658 17594 17533 17491 17438 17378 17309 17254 17191 17123 17055 17005 16945 16892 16828 16768 16700 16632 16572 16503 16453 16377 16293 16226 16136 16051 15966 15901 15820 15737 15662 15600 15526 15458 15398 15347 15296 15249 15218 15188 15151 15109 15075 15041 14999 14952 14900 14856 14810 14775 14753 14725 14690 14643 14607 14579 14551 14530
18233 18214 18196 18175 18153 18136 18114 18084 18061 18045 18023 17988 17950 17918 17874 17832 17800 17775 17745 17705 17658 17616 17572 17533 17487 17449 17404 17346 17277 17211 17133 17046 16962 16884 16793 16692 16596 16521 16434 16346 16268 16207 16132 16045 15961 15895 15808 15715 15617 15534 15433 15340 15251 15186 15120 15066 15038 14988 14964 14932 14893 14874 14842 14824 14800 14773 14740 14715 14683 14653 14613 14586 14561 14540 14530 14516
18231 18205 18175 18152 18138 18125 18100 18065 18030 18000 17970 17942 17908 17882 17846 17811 17782 17755 17725 17700 17678 17662 17642 17622 17592 17563 17528 17496 17457 17417 17362 17310 17226 17175 17104 17000 16912 16834 16749 16649 16567 16535 16507 16353 16253 16213 16123 16063 15977 15898 15835 15773 15665 15615 15529 15465 15359 15308 15245 15189 15163 15100 15046 15001 14963 14933 14905 14883 14852 14824 14794 14769 14740 14720 14713 14702
18193 18168 18144 18112 18083 18054 18025 17980 17940 17929 17904 17866 17849 17826 17803 17789 17782 17770 17756 17738 17721 17703 17682 17662 17652 17636 17622 17611 17586 17572 17534 17502 17468 17434 17394 17368 17322 17295 17263 17213 17189 17149 17102 17060 17012 16966 16913 16867 16806 16773 16711 16658 16597 16533 16464 16401 16337 16296 16188 16137 16066 16022 15946 15854 15788 15723 15664 15589 15523 15472 15409 15359 15284 15255 15194 15149
18393 18371 18354 18346 18325 18305 18281 18255 18234 18211 18191 18162 18130 18103 18087 18058 18034 18003 17984 17958 17937 17910 17877 17847 17819 17792 17763 17730 17713 17696 17680 17672 17661 17649 17637 17625 17614 17608 17600 17580 17548 17511 17461 17423 17371 17342 17292 17248 17189 17141 17070 17009 16945 16899 16841 16785 16716 16657 16579 16505 16432 16376 16304 16234 16166 16120 16074 16021 15969 15927 15875 15826 15763 15709 15644 15591
18562 18551 18543 18535 18519 18509 18503 18513 18532 18550 18571 18583 18587 18577 18555 18542 18507 18490 18452 18400 18329 18270 18191 18092 18007 17937 17871 17811 17766 17747 17736 17724 17699 17679 17645 17610 17565 17557 17547 17519 17507 17490 17475 17469 17435 17410 17363 17319 17270 17222 17164 17100 17045 16997 16951 16898 16854 16809 16772 16737 16710 16679 16644 16609 16571 16540 16501 16463 16427 16394 16355 16314 16274 16241 16194 16146
18565 18557 18552 18544 18543 18548 18552 18552 18558 18566 18584 18612 18631 18626 18617 18599 18565 18535 18488 18423 18348 18275 18188 18093 17979 17894 17779 17661 17553 17476 17393 17322 17252 17216 17168 17130 17097 17076 17061 17039 17013 16997 17004 16987 16977 16963 16963 16946 16932 16931 16927 16921 16907 16892 16876 16869 16862 16849 16829 16803 16773 16741 16706 16676 16635 16604 16563 16523 16478 16441 16391 16343 16293 16247 16192 16141
18820 18790 18757 18739 18717 18704 18700 18693 18680 18676 18660 18645 18629 18615 18593 18568 18534 18505 18465 18421 18370 18326 18277 18247 18215 18190 18158 18124 18083 18053 18019 17982 17948 17916 17878 17841 17792 17757 17712 17668 17622 17580 17528 17488 17445 17414 17381 17342 17308 17270 17237 17209 17176 17125 17072 17006 17000 17009 16995 16955 16892 16856 16805 16769 16727 16697 16653 16620 16587 16564 16521 16478 16435 16393 16348 16300
18886 18851 18821 18813 18827 18836 18836 18837 18813 18800 18788 18777 18771 18768 18773 18770 18762 18738 18715 18684 18683 18683 18694 18681 18675 18633 18612 18592 18565 18516 18474 18443 18382 18350 18294 18260 18203 18158 18131 18077 18044 18013 17991 17958 17924 17899 17858 17814 17783 17747 17705 17678 17635 17604 17558 17506 17468 17434 17396 17354 17320 17283 17250 17203 17162 17136 17088 17042 16998 16964 16922 16866 16825 16790 16747 16696
19268 19267 19262 19259 19249 19239 19235 19236 19228 19228 19230 19241 19243 19244 19239 19234 19219 19208 19185 19166 19148 19135 19123 19101 19076 19048 19017 18988 18962 18943 18917 18887 18856 18832 18801 18784 18766 18746 18723 18700 18669 18639 18597 18550 18495 18447 18387 18317 18258 18203 18149 18093 18034 17988 17938 17889 17840 17809 17773 17727 17682 17655 17612 17570 17535 17498 17451 17408 17355 17319 17271 17220 17179 17129 17082 17039
19379 19356 19332 19308 19294 19287 19278 19270 19264 19259 19250 19252 19251 19247 19238 19227 19215 19204 19179 19157 19130 19103 19068 19032 19012 18992 18970 18949 18925 18902 18875 18844 18820 18793 18769 18749 18730 18720 18703 18690 18665 18640 18604 18568 18528 18508 18477 18450 18410 18365 18312 18264 18211 18165 18110 18065 18023 17990 17949 17908 17866 17824 17777 17734 17683 17638 17581 17530 17479 17437 17387 17346 17306 17280 17236 17204
19357 19340 19320 19297 19275 19256 19236 19212 19192 19173 19136 19107 19080 19051 19023 18995 18967 18948 18918 18885 18857 18834 18805 18772 18744 18718 18682 18654 18626 18594 18560 18528 18503 18483 18469 18464 18449 18424 18387 18349 18314 18287 18258 18247 18251 18253 18258 18262 18255 18243 18223 18191 18163 18136 18101 18063 18027 17995 17968 17936 17913 17896 17893 17894 17921 17960 17994 18018 18038 18049 18051 18049 18054 18055 18057 18068
19083 19070 19047 19017 18990 18963 18942 18916 18894 18866 18844 18814 18784 18760 18710 18669 18634 18603 18592 18575 18555 18538 18507 18466 18413 18372 18332 18305 18285 18292 18307 18329 18343 18360 18367 18375 18388 18398 18409 18430 18450 18455 18463 18466 18459 18448 18440 18417 18403 18397 18389 18382 18388 18400 18409 18416 18417 18421 18413 18402 18389 18376 18369 18356 18354 18359 18364 18370 18376 18385 18399 18420 18438 18450 18464 18482
19010 18993 18974 18957 18935 18917 18898 18871 18847 18841 18813 18796 18796 18792 18789 18782 18788 18788 18783 18781 18776 18783 18782 18779 18780 18787 18783 18796 18784 18781 18790 18794 18804 18804 18811 18807 18803 18805 18805 18803 18811 18807 18809 18816 18825 18824 18820 18813 18798 18785 18762 18738 18713 18692 18666 18640 18629 18619 18610 18605 18603 18600 18601 18596 18602 18606 18613 18623 18633 18640 18658 18676 18702 18724 18750 18778
19554 19540 19523 19502 19474 19453 19426 19406 19381 19365 19348 19332 19325 19309 19305 19302 19293 19283 19275 19254 19229 19202 19174 19141 19109 19083 19057 19045 19041 19035 19022 19018 19012 19017 19019 19021 19024 19024 19027 19023 19016 19000 18988 18967 18945 18921 18901 18878 18854 18838 18814 18798 18775 18759 18772 18782 18789 18788 18793 18792 18797 18799 18802 18812 18822 18824 18839 18843 18856 18870 18888 18912 18945 18977 19017 19060
19880 19873 19858 19844 19825 19812 19805 19790 19778 19763 19750 19729 19711 19689 19662 19637 19613 19583 19553 19530 19515 19491 19470 19446 19410 19395 19368 19337 19308 19286 19257 19239 19219 19203 19193 19181 19180 19176 19162 19154 19155 19156 19169 19172 19174 19173 19172 19181 19184 19187 19195 19202 19205 19212 19220 19222 19229 19239 19240 19249 19263 19272 19272 19283 19300 19309 19320 19334 19374 19358 19374 19389 19410 19427 19434 19443
20396 20384 20378 20371 20369 20354 20337 20323 20306 20296 20268 20253 20236 20217 20188 20161 20131 20108 20075 20049 20020 19995 19970 19948 19918 19899 19873 19855 19838 19824 19807 19795 19771 19755 19733 19721 19713 19691 19684 19666 19665 19669 19673 19672 19671 19673 19669 19673 19666 19659 19659 19660 19648 19646 19649 19651 19647 19652 19651 19647 19644 19643 19641 19634 19632 19630 19619 19607 19600 19588 19587 19589 19594 19601 19617 19627
