Alternative/Moon/Lvl0_30x30/Ele_CC.asc
ncols         335
nrows         335
xllcorner     -13342508.343
yllcorner     -27166.958
cellsize      10000
nodata_value  -9999.0
[rows 136 to 169 of 335, columns 77 to 153 of 335]
22403 21639 21524 21402 21271 21115 20755 20271 20176 19874 20673 21710 22555 24391 25411 25886 25572 25530 26100 24804 23090 22494 22026 22438 22117 21038 20747 20615 20688 20688 20621 20720 20905 21609 23427 23757 23773 23204 22937 22961 22973 23196 23343 23397 23841 24243 24114 23805 23636 23469 23763 23651 23287 23164 23016 22768 22849 22986 23302 23547 23494 23210 22878 22939 22962 22881 23013 22763 22371 22339 22455 22527 22542 22655 22960 23148 23304
21575 21545 21568 21366 21013 20919 20571 20078 20109 20027 20750 21793 22571 23715 25356 25704 25628 26108 26314 25493 24754 23918 23304 22262 21459 20413 20583 20533 20495 20605 20512 20331 20630 21467 22739 23410 23578 23223 22990 22955 23129 23170 23340 23297 23738 23976 23512 22974 23136 23619 23787 23757 23210 23109 23040 22796 22703 22330 22300 22348 22729 22847 22746 22737 22529 22572 22376 22223 22227 22334 22479 22511 22529 22561 22711 22837 23019
21736 21631 21550 21212 20857 20104 19819 19621 19801 19881 20918 22240 22745 23909 25404 25592 25588 25792 25829 25545 25044 24355 23038 21400 20029 20200 20658 20472 20494 20491 20316 20220 20308 21133 22339 23353 23652 23295 22901 22855 23000 23125 23363 23233 24062 24434 24784 24772 23421 23146 23057 23076 23093 23176 23046 22862 22199 21876 21782 21793 22431 22480 22368 22303 22276 22205 22111 22160 22318 22382 22515 22532 22606 22717 22730 22811 22868
21314 21146 20924 20784 20458 20070 19756 19941 20320 20594 21711 22635 22943 24129 25446 25615 25650 25551 25638 25478 25084 24351 22960 21522 20658 20409 20542 20650 20558 20146 20161 20137 20149 20871 21961 23238 23589 23288 22854 22893 23029 23152 23244 23503 24233 24735 25251 25238 23859 22473 22113 22368 22645 22916 23055 22818 21903 21839 21732 21593 21822 22184 22143 22214 21970 21849 22065 22151 22383 22306 22656 22594 22592 22627 22832 22839 22932
21145 20742 20156 20262 20158 19929 19961 20538 21114 21985 22837 23086 23468 24721 25689 25639 25621 25597 25573 25362 24860 24202 23405 22089 21864 20842 20550 20705 20452 20170 20212 20021 20422 21029 22161 22804 23411 23201 23012 22995 23047 23129 23222 23446 23725 24658 25067 25096 24130 22822 21962 21988 22080 22186 22568 22427 21692 21485 21255 21264 21335 21613 21862 21835 21679 21643 21790 21962 22067 22376 22601 22558 22503 22613 22790 22825 22831
21196 20760 20564 20576 20555 20284 19996 20850 21586 22604 23055 23282 24427 25327 25537 25263 25242 25535 25349 25080 24937 24204 23640 22598 21657 20561 20436 20881 20331 19810 19837 19939 20589 21450 22545 23212 23457 23284 23049 23063 23129 23185 23436 23422 23675 23849 24433 24559 24136 23459 22973 22138 22073 22150 21969 21852 21455 21255 21259 21286 21200 21582 21763 21481 21504 21649 21751 21712 21740 22112 22212 22508 22809 22785 22732 22980 23030
21262 20855 20886 20838 21584 21494 20931 22162 22766 23314 23782 24334 25155 25320 24886 24526 24477 25109 25065 25118 25309 24723 24116 23030 21445 20360 20568 21002 21006 20545 20301 20835 21391 22314 23289 23749 23585 23532 23190 23162 23187 23339 23549 23545 23655 23885 24249 24327 24045 24472 24052 23497 22806 22294 21691 21566 21381 21215 21169 21161 21299 21348 21454 21464 21499 21611 21654 21674 21812 22384 22692 22738 22822 22928 22768 23106 23153
22402 21059 21192 21401 21807 21871 21978 22782 23160 23473 24691 24895 25096 25275 24827 24440 24460 25092 25141 25232 25284 24652 24262 23599 22105 20377 21251 21951 21931 21742 21612 21770 22033 22998 24083 24111 24002 23610 23332 23227 23248 23383 23504 23577 23827 24121 24239 24185 24200 24587 24500 23670 22831 21974 21542 21571 21357 21253 21180 21156 21224 21483 21532 21500 21551 21613 21639 21591 22014 22494 22720 23020 23169 23161 22850 23165 23312
23878 23008 22729 23032 22943 22733 22422 23106 23818 24899 25224 24938 24989 24938 24712 24775 24888 25124 25035 24913 24784 23990 24297 24301 23801 22644 22802 22893 22392 22960 23676 23650 23491 23948 24184 24145 24108 23618 23369 23368 23382 23507 23648 23653 23853 24158 24486 24414 24155 24625 24425 23691 22627 21816 21709 21487 21345 21201 21152 21164 21107 21078 21405 21519 21559 21595 21594 22044 22520 22784 22976 23158 23295 23336 23126 23088 23614
25420 25191 24665 24826 24585 24071 24095 24366 24963 25140 25303 24911 24901 24777 24576 24678 24574 24445 24544 25426 25373 25195 25588 25253 24440 24284 24397 23604 22475 22660 23800 24066 24339 24288 24247 23979 23846 23662 23684 23491 23553 23626 23647 23626 23909 24467 24679 23780 22378 23645 24317 23926 22835 22201 21815 21546 21395 21309 21288 21243 21101 20910 21358 21467 21447 21540 21765 22559 23098 23169 23433 23443 23498 23565 23545 23279 23881
26042 25742 25175 25465 25455 25104 24957 25295 25233 24998 25071 25000 24917 24787 24563 24273 24292 24888 24710 25479 25608 25530 25617 25170 24845 25119 24996 23300 22029 21241 22694 24101 24343 24448 24483 24015 23919 23873 23875 23768 23665 23552 23690 23703 23909 24535 24813 23451 20907 21500 23207 23633 23033 22564 22195 21616 21398 21359 21283 21272 21018 21057 21812 21872 21942 21948 22382 23146 23574 23680 23734 23751 23670 23942 24078 23909 24152
26109 25363 24257 25388 25430 25314 25072 25276 25297 25234 25037 25070 24873 24858 24504 24104 24576 24793 23806 23576 24832 25372 24963 24911 25298 25677 24905 22730 21456 20947 22152 23653 23958 24491 24628 24250 24266 23757 23916 23792 23776 23776 23724 23854 23880 24072 24009 23547 22546 22242 22549 23665 23549 23089 22750 22200 21604 21523 21298 21181 20991 21492 21998 22244 22291 22319 23002 23326 23984 24130 24100 24104 23841 23930 24169 24111 24233
25994 24225 23787 24904 25292 25320 25253 24948 25231 25369 25430 25174 24807 24739 23997 23600 23659 23720 22329 22412 23228 24130 24453 24538 25286 25885 25487 22781 21343 21353 22210 22952 23810 24478 24603 24122 24110 24110 24173 23888 23802 23937 23842 23996 24149 24060 23640 24033 24552 23703 22406 23390 23742 23931 23205 22754 22301 21710 21668 21366 21121 21820 22171 22536 22966 23298 23428 23721 24178 24235 24157 24349 24092 23494 23265 23864 24161
25956 25394 25125 25248 25260 25405 24981 24342 23912 24980 25314 25205 24531 23538 23193 23169 23152 22945 22360 22439 22825 23889 23987 24525 24698 25858 25911 24123 22626 22116 22742 23395 24202 24408 24465 24147 23211 24244 24243 23849 23833 23920 23893 23664 23950 23929 23777 24125 24371 23416 22058 22213 23585 24112 23912 23512 22884 22160 21771 21546 21663 22196 22761 23327 23577 23591 23616 23893 24238 24248 24636 24683 24168 23405 22041 21649 22569
25556 25415 25282 24732 24878 25367 23965 21605 21127 23159 24793 24849 24512 23384 23001 23020 22911 22899 23005 22785 22824 23449 23456 24349 24453 25715 26086 25147 23824 23747 23605 24184 24392 24509 24645 24131 23247 24391 24389 23645 23684 23698 23682 23476 23379 23380 23473 23722 23942 23255 21998 22176 23783 24577 24403 23974 23320 22309 21822 21774 22120 22668 23044 23641 23872 23847 23954 23971 23877 24123 24623 24745 23320 21652 20732 19996 20284
25372 24914 24944 24706 25045 24117 22370 20808 21294 22849 24973 24910 24603 24026 23015 23192 22935 22851 22805 22703 22871 23097 23305 23756 24178 25650 26109 25774 25038 24253 23846 24192 24368 24405 24680 23798 22537 22935 23884 23718 23361 23373 22987 22812 23025 23221 23205 23332 23603 23336 23174 23455 24225 24568 24324 23960 23319 22237 21836 21869 22330 22935 23233 23640 23751 23671 23958 23945 23947 24124 24159 24151 22983 21021 19746 20040 19306
24618 24786 24626 24595 25058 24198 21497 22192 22688 23200 24825 24650 24335 24208 23372 23699 23748 23271 23211 23148 23059 22997 23183 23417 23891 24637 25385 25768 25263 24518 24267 24144 24080 24017 24256 22994 21570 22211 23630 23677 23202 22826 22687 22482 22499 22797 22906 22777 23077 23400 23739 24067 24267 24160 23945 23594 22860 21928 21796 22044 22629 23064 23285 23629 23244 23566 23773 23681 23862 23998 23889 23847 23096 21492 20049 19325 19657
23079 23664 24235 24501 24719 24622 23772 23468 23750 24113 24781 24619 23895 23159 23285 24260 24336 23810 23368 23194 23208 23117 23069 23610 23661 22808 23850 24556 24129 24241 24090 23717 23659 23777 23848 23761 23218 23494 23666 23549 23571 22772 22566 22453 22485 22521 22664 22734 22569 22848 23466 23523 22769 22163 22873 22940 22381 21670 21569 21984 22554 22956 23182 23579 23809 23752 23632 23635 23570 23615 23805 23876 23536 22825 21601 20670 20845
21854 23167 24103 24576 24410 24549 24673 24814 24854 24437 23755 23254 23441 23450 23666 24308 24373 23902 23445 23264 23170 23089 23180 23700 22823 20834 22018 23247 23306 23682 23933 23863 23284 23331 23816 23675 23478 23482 23369 23516 23556 22889 22569 22525 22792 22661 22520 22404 22459 22556 22992 22570 21285 20943 21665 22209 21882 21401 21464 21918 22368 22342 22676 23097 23763 23677 23445 23308 23274 23174 23675 23688 23429 23192 22201 21948 22190
21459 22786 24231 24697 24424 24039 24396 24631 24594 24120 22613 21262 22703 23555 23922 23893 24139 23967 23553 23424 23214 22991 23144 23678 22963 21717 21308 21333 21143 21951 23889 23913 23276 23291 23429 23278 23303 23478 23387 23665 23722 23299 22677 22887 22905 22782 22491 22458 22368 22371 22484 21933 20774 20801 21452 21762 21467 21363 21387 21445 21682 21956 22533 23024 23432 23354 23119 22940 22979 23037 23134 23289 23476 23320 23061 23392 23339
21684 23468 24586 24689 24313 23914 24054 24293 24585 24304 22249 22068 23413 24251 24235 23918 24060 24026 23606 23318 23032 22869 23021 23465 23548 23879 22662 20796 19998 20782 23434 23788 23560 23272 23576 23556 23528 23470 23538 23671 23712 23664 23376 23393 23271 23143 22831 22566 22350 22103 21930 21875 21525 21209 21491 21671 21434 21373 21353 21309 21323 21563 21950 22872 23009 22310 22430 22651 22731 22935 22810 23094 23132 23150 23376 23614 23432
23242 25109 25021 24482 23993 23672 23785 24184 24772 24944 24790 24300 24466 24804 24791 24227 23974 23777 23854 23289 23208 23115 23193 23626 23959 24685 24224 22354 21307 22183 23684 24252 24133 23939 23795 23758 23656 23451 23618 23727 23754 23826 23632 23588 23564 23521 23136 22484 21889 21629 21601 21539 21489 21431 21583 21609 21747 21390 21294 21211 21214 21403 21824 21217 21212 22464 22659 22633 22521 22331 22298 22926 22951 22649 22934 22923 22626
24608 25091 24682 24022 23549 23635 23698 23803 24594 24881 24936 24579 24222 24841 24686 24286 23950 23575 23580 23385 23267 23231 23167 23568 23941 25000 25142 24545 23613 23641 24430 24599 24205 23971 23936 23841 23619 23366 23666 23835 24076 24327 24219 23950 22717 23750 23511 22267 21587 21525 21208 21443 21107 21006 21602 21598 21755 21415 21193 21241 21184 21489 21648 21301 21458 22300 22937 22944 22729 22260 22076 22380 22341 22435 22359 22352 22448
24461 24494 24172 23630 23536 23610 23569 23923 24250 24970 24965 23643 23086 22929 23899 24267 24040 23482 23527 23512 23354 23368 23336 23526 23772 24617 24975 24676 23781 23727 24113 24532 24458 23939 23915 23723 23524 23296 23710 24268 24626 24721 24421 24017 22086 23492 23746 22801 21820 21583 21593 22036 22240 21970 21664 21627 21523 21297 21197 21188 21188 21255 21399 21526 22035 22447 22769 22832 22733 22419 22205 22012 22234 22494 22538 22231 22276
23861 23684 23961 24157 24156 24067 24239 24548 24992 25225 25214 24236 23397 22109 23158 24283 24143 23468 23146 23096 23478 23495 23468 23439 23638 24147 25049 24660 23364 22222 22125 23200 24062 24212 23916 23798 23766 23687 24380 24993 24572 22852 22355 22807 22654 23001 23415 22960 22225 21583 21995 22648 22716 22381 21989 21631 21547 21144 21313 21245 21244 21249 21314 21420 21836 22316 22529 22535 22392 22466 22039 21882 22058 22576 22749 22627 22458
23817 23756 24053 24469 24521 24456 24624 25176 25364 25315 24954 24564 24894 24533 23888 24213 23872 23517 22948 23207 23346 23718 23698 23695 23500 24059 24950 24224 22195 20675 20506 21951 22817 23247 24056 24007 23787 23905 24743 25133 23122 20046 19175 21421 22611 21765 22742 22810 22194 22750 22721 22876 22729 22397 22018 21835 21730 21778 21696 21335 21311 21352 21333 21309 21555 21961 22481 22513 22539 22452 22091 21935 22013 22602 22635 22605 22526
23725 24047 24196 24492 24734 24724 25433 25928 24984 23801 22926 23568 25117 25431 24399 23822 23898 23924 23438 23343 23559 23685 23808 23861 23847 24111 24649 23554 21100 19813 20350 20751 22007 23064 24230 24178 23472 22292 23884 24430 22888 20368 20978 22019 21926 21082 22510 22584 22844 23029 22824 22758 22318 21934 22352 21889 20309 21835 21816 21407 21392 21406 21448 21344 21348 21704 22199 22348 22373 22233 22159 22047 22112 22251 22462 22469 22377
23920 23833 24143 24526 24777 24831 25810 25924 24241 22044 21254 23045 24585 25525 24760 24143 24044 23859 23430 23421 23657 23662 24043 24031 23975 24309 24591 23082 20595 19816 20575 21071 22141 23778 24438 24384 23137 21610 22711 23098 22941 23530 23910 23956 22576 22316 23305 22974 22869 23221 22943 22606 22452 22297 22344 21397 20104 20781 20845 21213 21443 21495 21548 21670 21956 22695 22421 22266 22263 22187 22219 22132 22070 22153 22362 22343 22457
24337 23838 23974 24199 24185 24753 25515 25263 23763 21145 20219 22767 24028 25511 24829 24188 23978 23619 23327 23209 23561 23582 24070 24182 23938 24123 24323 23418 21764 20928 21343 21921 23098 24398 24584 24739 24198 22464 21547 22521 22960 24386 24541 24296 23831 23667 23956 23653 23055 23663 23484 23129 22678 22636 22531 22600 22409 22327 21698 21996 21782 21641 21707 21896 22244 22904 22338 21915 22409 22539 22168 22183 22247 22544 22407 22731 22758
24207 23648 23633 23943 23987 24190 24405 22645 21533 20310 20535 22575 25183 25602 24682 24264 23963 23565 23674 23455 23728 23938 24199 24075 23358 22853 23721 23809 23271 22359 23621 24038 24390 24506 24800 25002 24534 22875 21699 22030 23295 24102 24185 24049 23764 23740 23916 23946 22902 23911 23718 23538 23460 23017 22921 22936 22704 22843 22580 22676 22289 21792 21913 21997 22234 22385 22226 22116 21903 22541 22543 22694 22573 22641 22344 22863 23152
24125 23742 23703 23839 23834 24157 23945 21922 20879 21432 22392 24319 25308 25304 24326 24196 24000 23631 23628 23661 23775 24182 24245 23621 22738 22515 22625 22834 23078 23097 24014 24303 24324 24526 24770 24835 24037 23757 23808 23691 24172 24154 23985 23748 23615 23267 23700 23904 23555 23234 22927 23114 23460 23485 23445 23084 22854 22962 22886 22806 22406 22091 22027 22075 22262 22405 22421 22426 22669 22693 22647 22765 22825 22971 21794 22036 22772
23701 23249 23453 23770 23802 24189 24290 23604 23017 23751 24315 25148 25350 24685 23916 23876 23827 23593 23646 24092 24039 24049 23800 23465 22571 22310 22448 22474 22482 22638 23290 23806 24086 24284 24475 24376 23418 23782 24307 24287 24208 24036 23960 23799 23348 23342 23602 23915 23721 21707 21896 22084 23111 23545 23599 23034 23114 23037 22763 22702 22681 22231 22154 22144 22274 22469 22554 22652 22845 23196 23185 23103 22848 23008 22544 22332 22759
23094 23071 23044 23316 23406 23810 24307 24225 24495 24827 24722 24554 24320 23883 23601 23815 23809 23649 23749 24087 24182 23960 22991 22407 22109 22231 22241 22309 22366 22152 22393 22918 23944 24135 24055 24092 23670 24132 24153 23894 23903 24015 23847 23733 23082 22848 23230 23893 23040 20699 21481 21864 22394 23379 23491 23112 23230 22997 22830 22818 22826 22596 22227 22159 22280 22386 22738 22718 23000 23256 23238 23234 22851 22814 22873 22772 22892
23262 23262 23346 23304 23267 23555 23578 23555 23954 23876 23899 23684 23541 23382 23350 23686 23837 23556 23655 24017 24055 23717 21930 21912 22063 22141 22186 22229 22234 22194 22079 22825 23724 24289 24182 24092 23621 23839 23860 23712 23803 23763 23628 23643 22919 22483 22907 23327 23016 21891 21787 21917 22737 23794 23793 23592 23608 23213 23130 23006 22828 22665 22375 21989 22239 22574 22971 22940 23151 23200 23149 23132 22930 22493 22559 22701 22889
