Alternative/Moon/Lvl0_30x30/Ele_DE.asc
ncols         335
nrows         335
xllcorner     -6642508.343
yllcorner     -3377166.958
cellsize      10000
nodata_value  -9999.0
[rows 34 to 67 of 335, columns 77 to 153 of 335]
16044 16050 16072 16089 16135 16266 16835 17657 17890 16637 16082 16100 16144 16155 17374 17929 17431 16887 16786 16631 16522 16513 16367 16268 16233 16164 16185 16186 16236 16236 16242 16262 16266 16274 16279 16273 16266 16238 16225 16256 16240 16336 16421 16497 16495 16566 16597 16562 16384 16321 16196 16154 16121 16093 16078 16086 16033 16024 16011 16012 15995 15970 16013 16021 15984 15989 15991 15985 15981 15999 16013 16028 16061 16073 16075 16086 16101
16039 16037 16094 16299 16296 16229 16563 17426 17990 18081 16726 16088 16105 16595 17768 17718 17302 16901 16762 16593 16433 16473 16480 16230 16208 16205 16220 16220 16211 16317 16299 16286 16290 16281 16287 16283 16269 16242 16220 16284 16352 16210 16312 16440 16399 16483 16545 16564 16422 16367 16276 16185 16148 16115 16099 16082 16074 16048 16014 16006 15972 15989 16036 16009 15991 15984 15987 15986 15994 16003 16013 16043 16067 16076 16083 16089 16101
16038 16035 16471 16483 16279 16228 16615 17455 17842 18032 17380 16166 16093 16420 17025 17121 17097 17030 16651 16289 16186 16268 16281 16246 16258 16258 16425 16488 16432 16618 16347 16288 16295 16285 16283 16282 16270 16246 16227 16251 16261 16195 16191 16345 16402 16435 16459 16463 16432 16376 16334 16247 16175 16155 16156 16117 16091 16082 16057 16004 15990 15988 16067 16018 16011 16000 15991 15999 15997 16000 16025 16050 16070 16076 16082 16093 16108
16030 16061 16372 16405 16093 16076 16295 16755 16457 16617 16529 16073 16088 16099 16103 16327 16787 16751 16471 16150 16160 16179 16218 16317 16315 16275 16538 15995 16474 16502 16352 16306 16300 16296 16288 16279 16270 16254 16240 16233 16214 16198 16175 16173 16378 16464 16464 16427 16466 16446 16370 16303 16237 16209 16180 16181 16128 16131 16127 16069 16021 16011 16180 16070 16048 16006 16004 16007 16015 16022 16035 16048 16065 16079 16089 16090 16084
16033 16202 16192 16198 16056 16061 16056 16046 16054 16059 16065 16069 16084 16085 16099 16107 16140 16462 16410 16168 16130 16150 16162 16193 16246 16267 16471 16522 16401 16328 16299 16302 16306 16311 16290 16274 16261 16252 16251 16245 16250 16249 16219 16220 16308 16370 16548 16544 16504 16501 16469 16389 16317 16265 16224 16214 16190 16145 16134 16135 16089 16169 16225 16125 16056 16042 16035 16020 16035 16040 16039 16049 16061 16115 16166 16089 16071
16040 16088 16135 16025 16042 16053 16054 16049 16056 16060 16058 16061 16073 16075 16089 16092 16105 16166 16129 16160 16117 16133 16158 16188 16206 16211 16235 16315 16272 16273 16283 16288 16289 16556 16271 16255 16257 16246 16251 16250 16300 16314 16307 16248 16228 16272 16521 16593 16633 16596 16566 16517 16405 16332 16269 16217 16205 16157 16121 16091 16076 16115 16245 16112 16075 16057 16057 16054 16044 16045 16043 16050 16069 16106 16151 16077 16066
16042 16020 16015 16009 16025 16042 16045 16048 16068 16069 16058 16053 16055 16066 16079 16082 16092 16103 16105 16241 16275 16380 16279 16177 16230 16179 16189 16208 16235 16240 16259 16256 16383 16690 16267 16244 16248 16240 16256 16313 16352 16385 16435 16340 16239 16225 16281 16533 16639 16717 16723 16613 16494 16396 16327 16265 16217 16181 16148 16100 16081 16166 16185 16131 16103 16084 16089 16090 16082 16073 16066 16062 16073 16083 16077 16069 16051
16043 16069 16037 16009 16015 16029 16032 16037 16046 16055 16052 16045 16050 16060 16070 16065 16081 16088 16092 16104 16180 16384 16348 16376 16276 16178 16163 16181 16202 16214 16223 16239 16372 16582 16351 16211 16220 16231 16263 16433 16439 16483 16508 16575 16276 16216 16232 16272 16491 16791 16727 16648 16541 16447 16391 16322 16274 16222 16190 16156 16121 16110 16242 16189 16134 16124 16128 16124 16117 16111 16111 16097 16098 16091 16068 16058 16049
16091 16057 16021 16011 16012 16016 16022 16023 16035 16045 16042 16036 16040 16053 16058 16061 16077 16075 16080 16101 16111 16228 16460 16472 16385 16206 16187 16241 16216 16186 16201 16220 16294 16650 16527 16481 16349 16252 16340 16621 16537 16547 16576 16569 16348 16212 16241 16303 16314 16841 16754 16652 16598 16497 16441 16384 16311 16262 16235 16203 16158 16143 16325 16232 16160 16151 16155 16154 16148 16130 16120 16128 16120 16101 16073 16056 16050
16078 16036 16032 16021 16007 16005 16014 16017 16025 16036 16037 16028 16033 16047 16048 16049 16044 16065 16076 16092 16103 16104 16403 16540 16490 16299 16231 16187 16170 16167 16181 16207 16275 16622 16500 16497 16744 16367 16448 16585 16515 16592 16686 16731 16753 16225 16259 16300 16310 16726 16873 16661 16614 16536 16467 16411 16335 16300 16268 16227 16183 16159 16297 16311 16206 16182 16183 16178 16167 16149 16131 16132 16118 16110 16082 16050 16048
16037 16034 16029 16019 15998 15991 15997 16008 16010 16017 16017 16017 16024 16029 16034 16031 16037 16055 16070 16082 16089 16087 16085 16284 16513 16452 16282 16122 16173 16144 16169 16172 16187 16292 16202 16656 16662 16389 16425 16455 16531 16657 16701 16899 17046 16778 16555 16481 16520 16657 16881 16685 16610 16543 16479 16421 16360 16322 16287 16248 16218 16189 16203 16318 16281 16235 16246 16209 16195 16182 16171 16155 16126 16100 16093 16067 16058
16045 16029 16020 16006 15995 15993 15993 15990 15992 15990 16000 15998 16011 16016 16021 16018 16027 16059 16059 16062 16077 16079 16077 16073 16138 16403 16387 16115 16173 16244 16170 16153 16158 16163 16181 16389 16278 16380 16384 16376 16507 16644 16951 17189 16954 16832 16815 16783 16708 16688 16791 16681 16640 16549 16477 16418 16368 16330 16299 16262 16230 16212 16182 16262 16337 16363 16290 16232 16220 16219 16207 16178 16156 16128 16093 16073 16049
16042 16021 16011 15999 15984 15974 15979 15988 15987 15984 15985 16092 16024 16004 16003 16008 16024 16033 16037 16054 16066 16071 16071 16060 16065 16322 16493 16367 16263 16352 16270 16129 16137 16148 16166 16179 16277 16388 16416 16327 16548 16783 17239 16989 16724 16282 16486 16544 16518 16421 16646 16626 16647 16607 16493 16417 16371 16334 16300 16271 16246 16228 16213 16210 16319 16348 16378 16279 16243 16234 16239 16226 16189 16176 16120 16087 16096
16040 16021 16006 15993 15986 15968 15972 15982 15980 15978 15985 16090 16017 16000 16003 16003 16013 16020 16032 16049 16062 16068 16066 16063 16067 16050 16488 16546 16372 16365 16243 16120 16120 16130 16157 16158 16273 16356 16517 16548 16579 16789 17333 16940 16251 16163 16168 16179 16194 16204 16285 16572 16641 16628 16618 16430 16372 16324 16305 16273 16261 16250 16248 16244 16269 16363 16457 16391 16278 16276 16275 16254 16216 16203 16150 16104 16119
16037 16018 16003 15993 15993 15978 15971 15974 15970 15976 16013 16189 16010 15999 16002 16003 16001 16017 16027 16043 16047 16060 16060 16051 16049 16046 16166 16819 16652 16596 16275 16106 16107 16113 16414 16298 16191 16291 16643 16876 16543 16432 16713 16423 16180 16164 16166 16147 16159 16169 16191 16483 16598 16586 16579 16468 16382 16339 16312 16297 16295 16293 16287 16294 16299 16327 16431 16471 16399 16323 16289 16263 16232 16204 16188 16156 16144
16020 16017 16008 15997 15994 15984 15985 15981 15972 15966 15994 16239 16008 15993 15992 15995 15995 15999 16014 16024 16035 16050 16050 16055 16043 16045 16049 16860 16724 16595 16265 16401 16087 16105 16438 16483 16130 16195 16406 16562 16206 16199 16197 16177 16164 16165 16159 16147 16153 16155 16164 16203 16470 16565 16637 16496 16400 16349 16322 16333 16342 16363 16399 16387 16348 16355 16355 16441 16448 16425 16328 16280 16256 16230 16210 16197 16144
16018 16016 16004 15999 15995 15983 15983 15983 15967 15967 15990 16191 15998 15989 15987 15990 15991 16006 16009 16020 16026 16033 16045 16046 16039 16039 16209 16801 16599 16447 16221 16270 16085 16097 16439 16592 16116 16159 16166 16174 16175 16174 16171 16156 16142 16142 16137 16135 16138 16143 16146 16152 16256 16400 16620 16597 16432 16439 16398 16429 16469 16457 16440 16519 16522 16474 16409 16391 16423 16476 16474 16317 16277 16262 16254 16211 16159
16020 16013 16008 16001 15999 15980 15973 15976 15968 15970 15972 16113 15987 15992 15990 15989 15992 15995 16003 16012 16020 16029 16041 16040 16029 16033 16292 16591 16396 16204 16083 16377 16135 16091 16102 16186 16118 16157 16175 16172 16165 16161 16153 16140 16123 16116 16112 16113 16120 16128 16127 16126 16147 16255 16495 16577 16518 16441 16444 16429 16489 16491 16484 16510 16548 16568 16562 16445 16424 16481 16500 16352 16312 16294 16292 16241 16197
16028 16016 16011 16004 16007 15978 15982 15980 15976 15973 15969 15992 15988 15990 15993 15993 15996 16005 16009 16014 16020 16028 16034 16031 16023 16029 16361 16513 16416 16033 16074 16520 16601 16068 16085 16113 16169 16276 16251 16178 16159 16144 16145 16126 16115 16104 16099 16083 16089 16094 16100 16111 16119 16123 16257 16502 16515 16414 16382 16376 16398 16424 16429 16454 16557 16649 16612 16453 16459 16468 16540 16551 16357 16361 16338 16289 16252
16034 16030 16020 16010 15999 15989 15985 15985 15982 15975 15973 15980 15995 15997 16002 16003 16006 16009 16020 16019 16017 16030 16029 16027 16026 16587 16941 16592 16462 15986 16029 16478 16581 16045 16081 16103 16279 16195 16398 16178 16145 16126 16121 16126 16110 16101 16083 16063 16053 16057 16067 16087 16103 16112 16108 16187 16379 16399 16309 16316 16346 16366 16382 16402 16498 16612 16635 16469 16437 16483 16509 16572 16508 16458 16401 16334 16295
16037 16036 16032 16017 16007 15999 15997 15995 15985 15987 15978 15981 16001 16006 16008 16011 16011 16011 16018 16029 16019 16027 16025 16021 16284 17097 17113 16734 16284 15995 16264 16481 16593 16041 16079 16107 16211 16324 16335 16151 16124 16108 16093 16101 16090 16062 16052 16044 16028 16028 16044 16060 16084 16091 16094 16093 16143 16221 16224 16244 16280 16291 16329 16351 16411 16547 16563 16526 16430 16433 16467 16514 16540 16561 16559 16404 16334
16045 16040 16041 16029 16019 16007 16001 15998 15995 15994 15981 15988 16004 16007 16010 16014 16022 16026 16027 16031 16025 16024 16025 16031 16754 16897 16720 16358 16115 16222 16400 16236 16641 16319 16068 16109 16155 16167 16147 16127 16119 16103 16080 16084 16070 16044 16037 16021 16016 16013 16021 16041 16079 16090 16080 16121 16141 16118 16126 16185 16201 16253 16268 16307 16334 16398 16511 16491 16429 16378 16441 16485 16504 16619 16647 16497 16362
16058 16054 16047 16043 16034 16016 16014 16022 16005 15996 15990 15988 15998 16010 16019 16018 16023 16034 16028 16033 16032 16021 16094 16868 16962 16587 16422 16213 16222 16290 16400 16629 16540 16347 16159 16114 16143 16140 16128 16107 16087 16076 16062 16054 16041 16031 16036 16012 16011 15995 16003 16015 16049 16065 16070 16094 16112 16088 16063 16119 16146 16170 16206 16260 16283 16322 16439 16397 16394 16354 16438 16696 16727 16670 16662 16638 16523
16071 16069 16063 16071 16060 16041 16036 16028 16022 16004 16003 15991 16003 16013 16021 16073 16071 16037 16029 16031 16064 16491 16639 16842 16850 16367 16279 16159 16214 16288 16376 16539 16608 16308 16213 16174 16132 16123 16100 16083 16065 16051 16051 16037 16021 16016 16017 15999 15995 15985 15990 16012 16030 16044 16065 16076 16048 16063 16065 16090 16115 16142 16180 16236 16238 16275 16347 16347 16363 16569 16884 16976 17008 16973 16658 16635 16562
16084 16083 16078 16068 16079 16093 16064 16041 16031 16012 15999 15998 16009 16025 16036 16059 16101 16151 16208 16300 16451 16742 16750 16691 16444 16152 16168 16142 16099 16156 16324 16496 16658 16412 16319 16192 16126 16115 16088 16074 16048 16033 16029 16021 16015 16010 16000 16000 15988 15988 15990 16001 16015 16053 16055 16036 16032 16052 16060 16074 16100 16126 16154 16203 16212 16252 16261 16284 16346 16667 16841 15247 16452 17032 16596 16636 16625
16121 16111 16100 16093 16329 16248 16240 16057 16040 16028 16019 16015 16017 16022 16023 16026 16027 16020 16105 16161 16385 16591 16589 16421 16006 15943 16055 16013 16117 16057 16271 16612 16489 16457 16443 16285 16173 16101 16087 16055 16026 16016 16014 16010 16001 15993 15985 15994 15992 15983 15988 16000 16010 16033 16030 16019 16030 16117 16132 16169 16236 16149 16142 16170 16191 16187 16255 16276 16295 16645 16805 15112 16474 16931 16607 16552 16582
16160 16148 16139 16128 16287 16279 16309 16065 16053 16041 16033 16032 16043 16028 16023 16030 16037 16029 16027 16009 16015 16163 16144 15995 15962 16052 16057 16044 16047 15994 16103 16263 16373 16484 16544 16356 16204 16074 16072 16034 15995 15988 15991 15987 15991 15987 15979 15985 15988 15981 15987 15994 16006 16009 16006 16013 16108 16151 16148 16252 16305 16329 16164 16286 16303 16196 16174 16223 16264 16407 16768 16721 16852 16732 16363 16323 16405
16189 16181 16166 16153 16135 16109 16097 16072 16067 16062 16177 16221 16056 16032 16029 16035 16036 16027 16031 16020 16011 16086 16031 16009 16035 15958 15957 15953 15952 15993 15992 16190 16306 16374 16480 16481 16443 16101 16032 16020 15986 15968 15979 15980 15975 15984 15975 15972 15979 15974 15987 15989 16002 15997 16000 16000 16049 16135 16230 16246 16422 16398 16302 16307 16408 16176 16147 16130 16227 16122 16275 16380 16276 16238 16199 16220 16254
16209 16188 16179 16168 16151 16133 16124 16090 16078 16093 16339 16253 16131 16048 16041 16038 16042 16035 16036 16030 16017 16133 16273 16181 16010 15973 15954 15943 15954 15976 16070 16278 16555 16596 16571 16544 16438 16068 16028 16010 15987 15976 15979 15975 15966 15973 15974 15975 15974 15977 15989 15990 16013 15998 15996 16007 16033 16079 16207 16250 16409 16386 16191 16147 16184 16181 16146 16105 16111 16038 16084 16116 16115 16124 16150 16194 16211
16221 16207 16191 16186 16169 16149 16136 16124 16097 16095 16304 16283 16137 16050 16046 16045 16042 16040 16045 16044 16026 16009 16029 16233 16098 15985 15986 15972 15967 15985 16067 16245 16494 16608 16513 16606 16246 16171 16006 15996 15975 15968 15995 15983 15976 15973 15969 15971 15967 15977 15990 16002 16013 16014 16005 16013 16081 16095 16138 16165 16091 16071 16116 16175 16199 16182 16156 16065 16015 15993 15998 16050 16040 16057 16091 16117 16153
16242 16236 16215 16207 16192 16175 16158 16156 16125 16106 16103 16094 16073 16052 16049 16047 16046 16046 16053 16045 16027 16012 16002 16192 16342 15993 16050 16041 16006 16094 16172 16337 16388 16376 16327 16115 16185 16113 15998 15995 15965 15962 15975 15976 15974 15971 15960 15960 15965 15973 15969 16007 16028 16129 16080 16091 16060 16069 16088 16057 16046 16082 16117 16185 16213 16232 16160 15989 15968 15959 15970 16019 16051 16066 16061 16076 16085
16267 16253 16244 16242 16226 16213 16175 16156 16149 16139 16109 16085 16070 16061 16059 16052 16101 16067 16098 16074 16034 16021 16012 16048 16518 16056 16238 16226 16202 16266 16225 16298 16362 16348 16267 16215 16300 16366 16050 15997 15977 15972 15976 15978 15972 15971 15963 15982 15994 15978 16002 16032 16035 16102 16110 16141 16111 16051 16060 16064 16084 16103 16136 16198 16223 16213 16084 15934 15932 15955 15954 15966 16016 16056 16073 16061 16048
16281 16265 16259 16256 16270 16239 16252 16250 16191 16159 16152 16112 16085 16071 16074 16062 16109 16067 16073 16069 16054 16035 16018 16126 16575 16197 16233 16222 16193 16260 16102 16078 16143 16125 16158 16173 16218 16337 16207 16054 16024 15984 15975 15974 15974 15968 15968 15986 15990 15975 16031 16028 15989 16003 16016 16045 16110 16077 16072 16090 16104 16118 16140 16217 16220 16127 16030 15919 15940 15946 15945 15960 15978 15997 16026 16024 16016
16289 16286 16275 16290 16274 16270 16281 16281 16227 16196 16174 16181 16149 16100 16075 16064 16060 16081 16079 16075 16064 16042 16024 16584 16528 16097 16152 16144 16082 16030 15939 15926 15924 15941 16033 16057 16077 16344 16481 16325 16177 15978 15973 15967 15961 15977 15976 15971 15975 16003 16051 16030 15988 16001 16029 16068 16097 16088 16097 16108 16123 16139 16189 16203 16148 16047 15968 15943 15950 15931 15940 15962 15971 15970 15985 15993 15990
