Alternative/Moon/Lvl0_30x30/Ele_CI.asc
ncols         335
nrows         335
xllcorner     6757491.657
yllcorner     -27166.958
cellsize      10000
nodata_value  -9999.0
[rows 68 to 101 of 335, columns 0 to 76 of 335]
13319 13336 13315 13273 13221 13247 13344 13352 13316 13283 13236 13265 13393 13475 13645 13672 13675 13673 13658 13641 14711 15325 14928 14061 14047 14258 14165 13807 15057 15922 16386 17244 17563 18107 18125 18475 18527 18407 17858 15585 14558 13091 11786 11086 10489 10610 10649 10447 11412 12179 12703 13471 15543 17225 17248 16108 15515 15163 15061 15064 15071 15078 15077 15076 15074 15075 15540 15643 15766 15884 16092 16411 16707 16779 16730 17293 17784
15235 14336 13427 13330 13297 13387 13421 13424 13525 13400 13306 13276 13412 13553 13614 13660 13677 13674 13674 13634 14819 15010 14373 14438 14921 14993 14861 14466 13728 13998 14217 15390 16016 16712 17592 18023 18134 18081 17875 16914 15267 14641 13646 12741 12152 12037 12220 12323 12751 13209 13684 14484 16815 18013 17917 16861 16150 15430 15052 15044 15064 15065 15078 15077 15078 15068 15196 15429 15738 16518 17395 17821 17715 17936 17128 17250 17736
17113 16648 14863 13483 13317 13343 13387 13413 13455 13440 13325 13262 13439 13632 13680 13652 13687 13690 13667 13639 13624 13639 14291 15641 15638 15535 15150 14741 13819 13565 13684 13945 14377 15455 16405 17060 17270 17241 17076 17031 16641 15861 15215 14493 13948 14038 14110 14066 13947 14138 14249 14796 17174 18215 18050 17453 16999 16256 15496 15038 15037 15047 15066 15071 15075 15052 15038 15048 16097 16861 17921 18871 18877 19213 18523 17172 17718
18033 17815 15929 13929 13371 13371 13314 13346 13318 13278 13267 13284 13414 13600 13701 13914 14112 14013 13738 13673 13641 13632 15175 16263 16470 16250 15374 14649 13837 13582 13557 13636 13893 14234 15210 15885 15932 15880 15942 16619 16961 17148 16683 16107 15917 15687 15823 15735 15203 14734 15303 16683 17959 18149 18043 17971 17776 17381 16519 15387 15042 15033 15042 15049 15047 15044 15045 15185 16582 17064 18291 18975 19193 19699 19244 17751 16709
17426 17384 16104 14036 13369 13326 13322 13346 13331 13310 13297 13300 13330 13459 13798 13388 13647 14006 13783 13717 13648 13621 15018 15922 16554 16385 15517 14241 13673 13581 13588 13806 14092 14235 14424 14754 14921 15177 15605 16116 16834 17288 17640 17614 17452 17005 17410 17341 16935 16355 16946 18249 18328 18132 18231 18693 18549 18130 17054 16048 15182 15027 15037 15042 15042 15047 15044 15322 16802 17200 17774 17880 18337 19161 19202 17718 15953
14874 15602 15626 14029 13578 13631 13575 13406 13359 13362 13387 13374 13310 13359 13885 12997 12758 14748 14282 13681 13649 13602 14349 15505 16390 16318 15623 14006 13613 13590 13613 14129 14318 14128 14337 14516 14544 14744 14972 15313 16171 17049 17593 17813 17929 18466 18754 18937 18839 18713 18484 18496 18365 18047 17674 18860 18761 17963 16958 16634 15833 15089 15029 15030 15013 15026 15036 15158 16414 17004 17232 17137 17074 17389 17592 16950 16074
13415 13413 13436 13406 13995 14049 14084 13910 13361 13469 13136 13098 13335 13374 13785 14257 14317 14780 14356 13696 13649 13603 13647 14620 15385 15611 15228 13793 13645 13600 13692 14035 13692 13442 13468 13867 14681 14675 14911 15350 15942 16362 16737 17229 17823 18336 18581 18720 18682 18689 18611 18413 18096 17983 17972 17871 17563 17551 17808 17953 17021 16284 15316 15006 14998 15006 15016 15086 15200 16142 16647 16774 16921 16810 17009 17182 16231
13392 13387 13376 13374 13567 13845 14134 14257 13813 13418 13379 13387 13338 13412 13743 13965 14041 14058 13933 13685 13627 13588 13627 13666 14183 14333 14587 14804 14832 14465 13702 13997 13551 13450 13443 13811 14721 14945 15447 15917 16163 16499 17433 17807 17963 18240 18223 18274 18247 18341 18604 18608 18863 19449 19460 19059 18782 18731 17838 18071 17366 17152 17105 16149 15464 15020 15020 15097 15096 15090 15317 15810 16038 16450 17096 17174 15682
13394 13380 13381 13374 13369 13492 14051 14237 13985 13453 13357 13342 13332 13392 13751 13941 14004 13975 13827 13707 13647 13601 13577 13590 13397 13616 15148 15799 15820 15227 14062 14054 14071 13572 13762 14353 14793 15419 15923 16285 16788 17207 17932 18146 18269 18314 18749 18770 18835 18860 18676 18799 19768 20742 20652 20290 19831 18883 17762 17736 17412 17660 17619 17324 16367 15422 15061 15091 15088 15081 15078 15086 15153 15716 16229 15544 15200
13390 13381 13377 13371 13555 13768 14093 14231 14159 14032 13533 13363 13428 13413 13679 13965 14051 13990 13859 13752 13665 13608 13567 13327 13082 13219 14858 16262 16131 15718 14285 13957 14580 15050 15021 15052 15757 16596 16604 16804 17048 17348 18024 18686 19303 19404 19195 19275 19145 18899 18374 18691 19991 20897 20667 20269 19881 18528 16838 17040 17239 17929 18017 17655 17031 16277 15201 15090 15085 15074 15074 15086 15085 15092 15102 15134 15146
13366 13369 13415 13704 14476 14468 14495 14800 14920 14899 14076 13833 14526 14649 14450 13987 14045 13952 13867 13772 13704 13630 13742 13391 13298 13690 15758 16706 16694 15968 14459 14751 15295 15334 14907 16359 17135 17290 17248 17197 17321 17592 18597 19987 20624 20830 20133 19389 19003 18425 17602 18232 19428 20075 19953 19491 18755 17904 16680 16521 17140 17927 18012 17634 17106 17062 16852 15421 15075 15066 15063 15075 15087 15081 15090 15128 15134
13350 13466 13888 14379 14436 14276 13713 13973 14908 15074 14782 14113 14609 15115 15179 14344 14044 13921 13870 13789 13736 13682 13881 14237 14487 15400 16245 16798 16719 15379 14109 15410 15734 15551 15448 17218 17886 17959 17772 17784 18481 18714 19009 20256 20804 20875 20111 19352 18878 18318 17549 17894 18402 18837 19378 19486 18440 17651 16701 16593 17054 17792 17907 17689 17326 17028 16864 15646 15062 15062 15057 15064 15069 15072 15082 15102 15111
13392 13701 14453 14361 13623 13323 13493 13500 13705 15182 15164 14685 14648 15102 15297 15111 14767 14598 14083 13809 13766 13732 13829 15111 15725 15995 16028 16691 16253 14806 13950 15021 15335 15098 16218 17951 18726 18742 18689 18809 18869 19007 19234 19855 20099 20062 19374 19233 19183 18458 17516 18039 18837 19269 19656 19565 18084 16895 16481 16358 16698 16946 17433 17570 17418 17231 16920 15756 15064 15047 15053 15069 15066 15066 15087 15103 15088
13415 14112 14625 13793 13255 13285 13287 13405 13453 13553 15032 14968 14737 14970 15286 15240 15137 15021 14494 13967 14296 14242 13950 15058 15785 15858 15820 15523 14618 13620 13410 13811 14174 14534 16767 18262 19133 19172 19376 19352 19476 19532 19556 19653 19760 19302 18881 19124 19203 18504 17635 18460 18672 18639 18210 17861 16766 16309 16099 16125 16179 16550 16999 17380 18321 18268 17391 16398 16218 15358 15035 15053 15052 15049 15080 15082 15068
13491 14161 14462 13346 13222 13246 13237 13290 13375 13393 14489 14671 13826 13805 14039 14379 14928 15061 14893 14041 14323 14130 14094 15092 15458 15465 15108 14110 13398 13535 14987 15569 15880 16117 17214 18648 19496 19549 19715 19885 19883 19829 19805 19975 19891 19198 18576 19028 19031 18194 18420 17717 17673 17163 16406 15956 15537 15629 15561 16084 16353 16462 16505 17212 18007 18013 17386 17238 17191 16577 15070 15025 15026 15041 15067 15071 15080
13525 14098 14353 13336 13177 13199 13252 13249 13354 13346 14451 14313 13548 13620 13901 13990 14026 14795 14908 14420 13821 13753 13736 14727 14388 13624 13763 13509 13371 14485 16713 17339 17127 16960 17814 18930 19658 19940 20065 19826 19803 19720 19813 19639 19652 18778 18319 18055 18048 18117 18394 17416 16318 15747 15538 16593 16916 16666 15828 15706 16565 16773 16607 16585 17136 17765 18051 17665 17914 17710 15446 15012 15016 15040 15035 15066 15076
13439 13849 14110 13454 13339 13247 13168 13214 13261 13394 14466 14146 13445 13508 13831 13947 13973 14102 14573 14247 13825 13745 13756 14671 14058 13533 13491 13440 13724 15896 18128 18790 18750 18503 17997 18884 19859 20213 20109 18897 17822 17730 18801 19146 19358 18962 18374 17695 17813 17903 17309 15854 14717 14556 16258 17639 18423 18402 17260 16511 16268 16338 16313 16364 17137 18053 18659 18729 18670 18558 16333 15060 15033 15036 15025 15041 15057
13331 13402 14048 13896 13307 13291 13276 13308 13647 14053 14180 13635 13345 13350 13581 13850 13968 13973 13968 14175 13936 13745 13690 13645 13604 13554 13529 13490 14641 16942 18113 18759 18830 18709 18012 18777 19833 20054 19376 17204 15778 15735 17355 19094 19153 18734 18010 17519 17948 17787 16182 14482 14040 14441 16245 17525 18207 18287 17865 17239 17365 17898 17965 17559 17133 18032 19095 19400 19247 19048 17874 16475 15247 15011 15021 15024 15036
13141 13193 13425 14054 14043 13918 13679 14132 14161 14018 13678 13204 13146 13179 13271 13619 13846 13925 13942 14052 13906 13728 13687 13650 13610 13596 13557 13530 14752 17028 17574 17632 17982 18016 17865 18548 19514 19760 19276 17185 15681 15509 16744 19000 19428 19185 18010 17773 17525 17363 16175 14354 13971 14071 15949 17206 18274 18946 18377 17462 16545 17421 18016 18022 17626 17508 18741 19096 19522 19493 18352 17182 15519 15008 14996 15010 15015
12990 13012 13083 13463 13807 13875 13859 14019 13759 13432 13187 13085 13072 13078 13128 13273 13676 13813 13880 13862 13773 13726 13692 13660 13644 13627 13591 13560 14752 16532 17034 17049 16753 17337 17691 18210 18996 20057 20058 18615 17277 17111 18234 19690 19825 19448 18422 17826 17700 17365 16896 14904 14005 14174 16164 17200 18233 18904 18387 17818 16976 15530 16332 17094 17465 17634 18278 18449 18801 18796 18295 17014 15216 15006 15000 14997 15014
12910 12917 12914 12941 13045 13156 13300 13141 13031 13031 12995 12985 13015 13030 13071 13163 13525 13671 13768 13837 13774 13743 13709 13690 13662 13651 13621 13596 13872 15489 16127 16250 16621 16727 17146 17726 18761 19914 20136 20103 19646 19395 19682 19808 19953 19598 18458 18233 18142 17582 16974 16119 14489 14203 16324 17245 17432 17700 17572 17673 17636 16848 15399 15305 16898 17487 18173 17979 17410 17633 17435 15745 14997 14998 14995 14984 14993
12880 12891 12881 12894 12909 13011 13138 12991 13003 12988 12964 12967 12984 12998 13010 13052 13506 13596 13700 13858 13782 13820 13831 13710 13682 13678 13657 13626 13607 14805 15726 16121 16360 16547 16787 17426 18317 19118 19870 20052 19953 19632 19615 19533 19847 19621 18603 18271 17879 17174 16796 16324 15013 14192 16004 17058 17148 17017 16632 17050 17761 17716 16168 15816 17134 17863 17149 16875 17156 16926 15825 14982 14987 14984 14979 14980 14983
12865 12886 12882 12866 12887 12904 12987 12956 12969 12983 12982 12983 12978 12976 12985 13022 13196 13445 13550 13774 13728 13834 13862 13857 13805 13788 13685 13665 13643 14007 15037 15478 15667 15887 16090 17017 17841 18341 19256 19496 19608 19503 19363 19005 19195 18960 18626 18177 17584 16946 15849 15951 15273 14254 15310 16629 16879 16546 16237 16734 17155 16983 15520 16150 17058 17426 16970 17006 17280 16379 15252 14958 14984 14977 14974 14961 14964
12848 12854 12869 12850 12867 12889 12919 12953 12958 12981 12986 12996 13006 13018 13016 13020 13205 13332 13547 13511 13598 13746 13853 13866 13834 13840 13833 13680 13671 13644 13671 13896 14219 14542 15245 15266 15749 16280 17132 17588 18588 18913 18956 18841 19043 18935 18572 17977 17208 16687 16117 15226 15040 14191 14256 15924 16349 16449 16545 16915 16799 15597 15396 15822 16807 17209 16892 17645 17998 17092 16051 15246 14970 14975 14977 14971 14996
12840 12837 12844 12834 12834 12854 12874 12916 12954 12978 13009 13020 13032 13050 13083 13106 13086 13169 13209 13327 13453 13581 13759 13833 13815 13869 13951 13847 13677 13668 13705 13712 13652 13598 13557 13527 13588 13979 14516 14981 15967 16847 17162 16962 16983 17318 17289 16764 16121 15762 15667 13952 13784 13619 13779 14804 16072 16229 16756 17129 17148 15241 15095 15360 16954 17526 16927 17933 18154 17387 16402 15610 14951 14966 14975 14977 15018
12828 12829 12841 12832 12821 12823 12827 12860 12923 12966 13017 13034 13039 13039 13058 13086 13099 13083 13065 13164 13302 13405 13550 13749 13764 13858 13946 13922 13816 13688 13702 13680 13633 13593 13592 13562 13538 13559 13542 13627 13964 14292 14306 14171 14168 14274 14323 14318 13720 13498 13420 13371 13317 13224 13981 15772 16861 16772 16678 16952 17294 16815 15910 16967 17926 18098 16669 15823 16068 16809 17368 16169 14944 14946 14957 14960 15011
12827 12830 12832 12832 12827 12827 12829 12844 12885 12925 12979 13008 12998 13000 12999 12981 12965 13002 13028 13053 13110 13207 13324 13465 13626 13765 13878 13939 13901 13750 13693 13669 13635 13606 13604 13577 13542 13533 13525 13524 13553 13558 13528 13487 13468 13497 13531 13530 13435 13350 13285 13244 13154 13284 15000 16823 17392 17044 15987 16448 17372 17533 17817 18472 18837 18986 17501 14437 13936 16405 17617 16512 14937 14944 14954 14951 14985
12833 12829 12842 12841 12833 12833 12843 12871 12915 12938 12944 12944 12939 12939 12940 12933 12936 12970 13003 13017 13039 13061 13158 13233 13441 13562 13752 13933 13916 13814 13715 13676 13628 13601 13601 13580 13546 13517 13510 13524 13539 13539 13495 13463 13416 13415 13387 13373 13319 13266 13235 13206 13149 13255 14761 16866 17375 17257 16359 15642 16306 16899 17744 18600 18890 19034 18276 15687 15439 16368 17490 16460 14922 14941 14959 14980 15015
12830 12838 12845 12845 12841 12846 12873 12906 12934 12928 12919 12907 12900 12901 12903 12911 12910 12933 12967 12994 13006 13018 13072 13095 13193 13384 13543 13714 13812 13830 13934 14216 14267 13729 13586 13571 13544 13517 13510 13528 13534 13534 13482 13431 13383 13350 13308 13282 13258 13234 13214 13194 13170 13216 13710 15544 16672 16886 16565 16104 15142 15861 16848 17329 17873 18570 18472 17743 17047 16860 15915 15399 14925 14967 15388 16175 16684
12826 12832 12845 12855 12853 12873 12917 12942 12944 12935 12913 12882 12866 12867 12877 12890 12893 12906 12931 12953 12978 13003 13012 13055 13062 13195 13422 13491 13726 13823 13821 13838 14191 14128 13635 13557 13530 13514 13515 13523 13515 13512 13484 13433 13375 13341 13304 13293 13299 13291 13300 13287 13250 13239 13445 13356 13827 14636 15620 15757 14437 14750 16232 16511 16593 16831 17300 17377 16725 16456 15034 14917 14915 15042 16133 16973 17718
12838 12837 12850 12866 12893 12921 12960 12960 12946 12929 12902 12865 12832 12840 12851 12857 12871 12887 12904 12922 12948 12980 12993 13009 13041 13152 13232 13285 13376 13663 13755 13743 13722 13921 13762 13552 13527 13508 13526 13549 13555 13550 13507 13460 13399 13359 13332 13384 13382 13400 13394 13339 13283 13244 13229 13254 13159 13148 13212 13453 13769 15051 15738 15906 16108 16252 15976 15740 15249 15441 15005 14915 14909 14909 16000 17857 18798
12842 12847 12868 12894 12920 12949 12959 12961 12940 12920 12885 12842 12820 12812 12833 12844 12862 12878 12885 12905 12931 12950 12966 12984 13033 13111 13033 13158 13226 13343 13648 13716 13713 13839 13738 13547 13522 13507 13542 13594 13598 13693 13526 13504 13438 13378 13369 13474 13473 13435 13400 13362 13289 13248 13209 13178 13155 13135 13119 13122 13713 15146 15976 15960 16218 16787 16989 16553 15469 15235 14989 14963 14948 14918 15708 17743 18790
12850 12874 12893 12939 12955 12964 12964 12944 12915 12889 12843 12814 12799 12792 12800 12819 12840 12855 12865 12885 12909 12918 12924 12944 12958 12997 13004 12967 12967 13163 13452 13623 13676 13737 13688 13584 13518 13516 13560 13629 13825 13963 13657 13538 13468 13406 13454 13515 13513 13487 13401 13364 13297 13258 13242 13200 13171 13147 13125 13115 13358 14360 16233 16126 16889 17196 17416 17214 15890 15290 15023 15019 14993 14962 15293 16693 17711
12923 12907 12938 12957 12983 12962 12952 12932 12904 12860 12813 12790 12778 12767 12777 12794 12812 12822 12839 12846 12859 12868 12881 12893 12910 12948 12969 12946 12905 12912 13369 13534 13612 13642 13627 13647 13649 13567 13576 13595 13609 13609 13591 13561 13482 13438 13515 13512 13495 13466 13458 13364 13303 13267 13257 13266 13226 13273 13135 13118 14071 15968 16595 16972 16856 16829 17148 16630 15742 15332 15038 15010 14985 14973 14972 15751 16615
