Alternative/Moon/Lvl0_30x30/Ele_DI.asc
ncols         335
nrows         335
xllcorner     6757491.657
yllcorner     -3377166.958
cellsize      10000
nodata_value  -9999.0
[rows 204 to 237 of 335, columns 231 to 307 of 335]
21241 20861 20699 20084 19335 19954 20056 19431 19681 20008 19927 20307 20372 20532 20312 20909 21091 20366 19119 17635 16023 15100 14197 14058 13952 13886 13927 13950 13880 13961 14011 14341 14983 14806 14416 14487 14750 14459 14485 15337 16099 16456 18394 19174 19881 20465 22840 23073 23181 23218 23244 22884 22395 21765 21534 21499 21307 21027 20818 20809 20667 20299 19324 18785 18785 18571 18444 18446 18551 18502 18351 19009 19406 20118 20425 20889 21410
21478 20726 20646 20042 19449 18989 19333 18798 19006 19110 19266 19829 20281 20012 20434 20781 20966 20746 19114 18063 16474 15450 14659 14058 13995 14018 13971 13966 13934 13999 14094 14201 14521 14564 14474 14566 14667 14904 15150 15660 16515 17875 18813 19685 20485 20549 22751 23146 22856 23136 23155 23035 22473 21592 21161 21259 21143 20779 20594 20591 20042 19586 19677 19318 19209 19117 19175 19101 18937 19134 19202 19624 19810 19835 20472 20793 21512
21614 21386 20866 20412 19958 19831 19147 18716 18633 18688 19048 19390 19815 19691 20241 20633 20872 20803 19411 18332 16750 15509 14967 14407 14023 14048 13969 13917 13944 13998 14023 13976 13980 14289 14436 14810 15106 15222 15444 16103 17364 18017 18712 19823 20507 21645 22722 22912 22763 22721 23130 23186 22922 21871 20967 20997 20921 20531 20529 20674 20285 20436 20516 20094 19741 19632 19692 19599 19364 19322 19623 19983 20315 20136 19657 20485 21492
21455 21225 20854 20543 20449 20396 19368 18994 18583 18522 19373 19593 19409 19523 19517 20387 20381 20779 20656 18531 17410 16309 15820 14706 14305 14195 14038 14029 13928 13895 13999 13926 14121 14202 14187 14646 14944 15172 16009 16972 17437 18164 18352 19887 21606 22612 22900 22895 22791 22915 23047 23028 23004 21984 20939 20641 20523 20213 20433 20696 20440 20631 20792 20674 20283 19885 19606 19473 19190 19183 19729 20384 20737 20727 19787 20664 21217
21438 21280 20998 20592 20513 20224 19371 19361 18731 18704 19329 19488 19383 19926 20244 19945 19961 21072 21264 19847 18458 16906 16026 15117 14874 14748 14272 14236 14063 13938 14050 14170 14163 14306 14427 14784 15321 15433 16269 17088 17743 18812 19123 20634 22453 22672 22903 22896 23079 23225 23255 22900 22712 21939 21092 20720 20314 20170 20123 20014 19467 19503 20581 20538 20120 19373 18754 18341 18294 18745 19455 20433 20978 21428 21613 21666 21250
21302 21376 21234 20791 20443 19951 18541 19090 19100 19066 19374 19709 19656 19943 20476 20319 20107 20836 21311 20832 19064 17777 16759 15925 15191 14813 14581 14326 14264 14127 14167 14422 14407 14284 14510 14920 15453 16166 16784 17295 17825 18917 19954 20743 22396 22567 22417 22509 22674 22581 22369 22366 22286 21637 20897 20531 20259 20247 20302 18973 18266 18170 19520 19707 18695 18289 17736 17595 17868 18258 18690 19552 20192 21350 21841 21790 21331
21098 21286 21310 20857 20468 19628 19043 19148 19277 19360 19213 19621 19605 19612 20255 20287 19996 20615 21017 21026 20107 17878 17386 16008 15700 15150 14821 14379 14295 14270 14571 14420 13775 14383 14414 14606 15337 16145 16914 17798 18860 20431 20769 21924 22314 22469 22111 21721 21471 21096 20725 21500 21862 21497 20801 20487 20213 20236 20340 19305 17987 17511 18341 18451 18027 17911 17472 17025 17039 18091 18285 18846 19607 20269 21649 21677 21487
20446 20911 21031 20905 20783 20259 19158 19269 19685 19963 19826 19337 19639 19503 19419 20019 20291 20374 20589 21046 20823 18771 17359 16501 15886 15543 15389 14905 15050 15055 15180 15514 15416 14975 14852 15211 16125 16999 17954 19270 20711 21342 21226 22305 22308 21572 21299 20938 20491 19874 20544 21726 21887 21572 20965 20564 20377 20504 20426 20264 19576 18777 18143 17658 17642 17331 17022 17008 17092 17197 17781 18667 18831 19698 20936 21612 21602
20547 20839 20882 20892 20869 20442 19510 20015 20231 20117 19817 19208 19620 19635 19548 19915 20339 20382 20345 21047 21253 20169 18626 17590 16575 16134 15656 16370 16614 16617 16474 16446 16355 16910 16531 16684 17945 18584 19355 20375 21508 21512 21749 21585 21692 21448 20935 21379 21324 20227 20652 21810 22265 21951 21009 20821 20508 20501 20313 20260 20047 19399 18398 17511 17202 17064 17186 17229 17137 17121 17902 18572 18666 19361 20448 21739 21852
20839 20584 20374 20731 20686 20198 19696 20023 20321 20068 19553 19137 19075 19250 19570 19735 19836 20287 20181 21060 21419 21539 20603 19096 18187 17407 17126 17344 17368 17619 17508 17625 17504 17497 17547 18552 19678 19950 20298 21471 21686 21556 21804 21692 21740 21139 20891 21353 21338 20150 19533 20809 21209 20864 20883 20587 20156 19641 19367 19474 19440 18811 17977 17189 16916 17170 17125 17057 16920 17268 17941 18590 18734 19595 20520 21807 22005
21021 20304 20170 20486 20523 20041 19538 19672 19693 19655 19651 19108 18909 19081 19417 19593 19735 19983 20043 20513 21435 21586 21263 20797 20427 19649 19108 18381 18261 18271 18094 17934 17817 18081 18388 19719 20855 20968 21422 21847 21703 21299 21304 21653 21542 20998 20739 20695 20502 19200 18668 19270 20151 20897 20736 20145 19345 18863 18633 18683 18631 17961 17411 16921 16938 17059 17087 17098 17079 17386 18079 18576 18832 19460 19916 21159 21742
20919 20235 20231 20130 19812 19511 18834 18453 18879 19224 19460 19279 19021 18953 19124 19627 19728 20155 20336 20345 20455 20383 20656 20930 21481 21565 21176 20871 20247 19624 19594 19355 19664 20229 20569 21072 21416 21625 22344 22156 21700 21570 21374 21114 21018 20782 20478 20142 19623 18283 17951 18849 19729 20418 20359 19401 18648 18203 18342 17976 17756 17367 17043 17180 17431 17368 17620 17672 17414 17549 17558 17412 17595 17586 17627 19020 19756
19972 19499 19632 19924 19438 19399 19346 18794 18633 18072 18669 18646 18727 18634 18936 19144 19232 19951 20225 20277 20566 20692 20702 21129 21236 21302 21225 21062 20762 20581 20564 20424 20388 21262 21810 21938 21709 21945 22281 21916 21461 20969 21051 20941 20525 19909 19615 19885 19519 18051 18302 19789 20644 20588 20004 18987 17962 18048 18043 17734 18029 17444 17244 17565 17695 18194 18310 17914 17388 17344 16899 16260 15983 15923 16017 16814 17592
20070 18920 19321 19153 19012 19393 19461 19386 19267 19018 18495 18100 17949 18059 18386 18964 19118 19694 19842 19930 20257 20669 20880 21213 21194 21104 20759 20645 20284 20603 20100 19919 20329 20919 21585 21628 21267 21551 21429 20804 20519 20426 20358 20228 19948 19162 19315 19543 19388 19163 19329 20188 20661 20513 19031 18534 17728 17864 17570 17804 17908 17881 17903 18389 18823 18976 18386 17720 17382 16533 16025 15127 14555 14343 14473 15054 15966
20289 19826 19580 19208 19185 19401 19435 19379 19311 19009 18514 18090 18056 17888 18106 18562 19019 19347 19911 20313 20365 20613 20713 21072 21054 20910 20730 20633 19926 20199 19557 19253 19473 20316 20915 20982 21145 21417 21085 20423 20087 19907 19830 19775 19378 18763 18925 19338 19466 19731 19974 20233 20379 19956 19022 17972 17817 17489 17567 17804 17956 18324 18497 18843 19338 19245 18398 17663 16940 15771 15094 14333 13808 13651 13757 14272 14714
20276 20092 19563 19498 19583 19704 19459 19226 19061 18717 18115 18085 18094 17917 18146 18203 18280 18957 19630 20238 20232 20257 20273 20240 20187 20225 20174 20064 20030 19911 19598 19831 19861 19909 20631 20867 20840 20514 20019 19360 18952 19402 19420 19218 18896 18802 18969 19266 19339 19692 20035 20412 20265 19293 18387 17763 17732 17757 17770 17729 17869 18685 19048 19422 19674 19259 18306 17289 16136 14898 13986 13619 13445 13348 13471 13687 13872
20611 20788 20210 20411 20235 20124 19638 19307 18812 18141 17887 17888 18002 18012 17957 17984 17978 18334 18952 19636 19980 19889 19960 20281 20215 19962 19575 19921 19723 19827 19835 19978 19979 19859 19754 19514 19654 19921 19696 18599 18359 18998 19167 18963 18699 18615 18939 19288 19463 19552 20138 20214 20219 19635 19349 18537 18096 17750 17885 18004 18253 18899 19578 20226 20261 19430 18268 16851 15632 13815 13328 13061 13378 13195 13380 13431 13627
20867 21127 21162 21161 21063 20475 19941 19188 18951 18588 18005 18058 18079 17980 18225 18193 17824 18415 18873 19126 19577 19706 19822 19754 19751 19518 18830 19303 19388 19360 19519 19489 19402 19444 19209 18721 18791 19281 19219 18810 18788 18534 18051 17806 17865 18271 18233 18732 19399 19879 20175 20029 19495 19173 19133 19101 18590 18248 18100 18524 18562 19148 19510 20278 20280 19018 17953 16446 15085 13732 13138 13247 13220 13389 13515 13410 13548
20901 21169 21207 21190 21075 20610 19959 19064 18901 18708 18378 18096 18092 17993 18438 18490 18047 18429 18843 18689 19083 19221 19257 19013 19077 18974 19116 19353 19306 19213 19086 19238 19164 19078 19033 18371 18800 19006 18833 18498 18422 18016 16795 16449 16922 17790 18106 18523 18891 19868 19496 18468 17619 17192 18969 19392 18808 18317 18317 18840 19104 19887 20045 20084 19925 18320 17313 15853 14684 13387 13070 13074 13314 13520 13360 13494 13378
21182 21112 20864 21177 21070 20686 19498 19059 19115 19055 18969 18767 18385 18188 18389 18545 18467 18391 18488 18284 18521 18609 18436 18205 18001 18349 19112 19270 19259 19316 19235 18980 19038 18775 18265 18155 18400 18570 18162 17665 17589 16940 15891 15496 15967 17208 18168 18593 18734 18978 18892 18089 16607 16770 18858 19234 18846 18848 18689 18972 19383 20095 20403 20468 20150 18508 17372 15644 14382 13270 13096 13092 13086 13250 13464 13520 13549
21399 21433 21081 20833 20933 20758 20064 19531 19368 19231 18923 18829 18677 18636 18284 18160 18115 18035 18386 18778 18562 18428 18298 18361 18147 17976 18509 18883 19133 19158 19218 18770 18589 18079 17725 18077 18369 18281 17589 17312 17143 16715 15954 15484 15569 17121 18874 19024 18854 18236 18180 17802 17661 18008 18859 19203 19035 19100 18463 19487 19879 20026 20599 20834 20281 18328 17024 15461 14287 13237 13055 13070 13032 13424 13480 13659 13875
21256 21383 21097 20942 21070 20919 20374 19689 19395 19367 19068 18671 18707 18535 18078 17932 17998 18049 18562 19025 18993 18724 18904 18892 18704 18243 18288 18237 18561 18891 18985 18588 18138 18135 18119 18167 18243 18299 17782 17198 16847 16952 16756 15642 16457 17532 18818 18997 18495 17636 17648 18185 18803 19076 18589 18461 18977 19108 19220 19562 19680 19663 20428 20729 20229 18079 16874 15773 14335 13215 13207 12984 13070 13302 13545 13920 14085
20677 21141 20811 20931 20958 20763 20290 19624 19448 19580 19347 18898 18774 18261 17923 17884 17743 17789 18518 19067 19019 18797 19071 18472 18335 18185 18548 18610 18341 18016 17889 17655 17978 18175 18293 18295 18062 18293 18091 17261 16660 16922 16925 16608 17757 18377 18452 18354 18144 17936 17574 18148 19028 19056 18386 17751 18529 19098 19287 19667 19334 19862 20276 20260 19784 17883 16617 15576 14622 13719 13192 13100 13242 13815 14300 14550 14023
19931 20493 20156 20532 20518 19873 19327 19078 19250 19428 19310 18883 18728 18081 17991 17911 17825 17994 18986 19016 18924 18775 18856 18471 18261 18235 18670 18673 17974 16570 15652 15410 16493 18041 18249 17998 17961 18097 18112 17280 16761 16582 16822 17092 17796 18284 18125 17912 18083 17940 17663 18241 18726 18522 17067 16128 17237 18769 19003 19370 19132 19886 19977 19896 19815 19084 17350 16569 15142 13662 13134 13190 13107 13418 13813 14008 13711
19191 19848 19927 19913 20146 19559 18541 18351 18244 18698 18808 18846 18586 18045 17837 17849 17759 17897 18798 18808 18742 18172 18430 18405 18225 18182 18650 18321 16947 15243 14339 14289 15174 17066 17943 17739 17865 17862 17597 17255 17089 17177 17242 17303 17581 17800 17610 17547 17808 17761 18061 18572 18646 18251 16641 15881 16291 17499 17875 18963 19351 19670 19677 19721 19794 19718 18213 16736 15749 13915 13532 13250 13169 13172 13052 13284 13374
18534 19284 19919 19984 19986 19565 18884 18635 18291 18422 18738 18709 18491 18088 17885 17723 17766 18021 18491 18646 18440 18037 18076 18122 18303 18319 18764 18417 16470 14592 14394 14589 14845 16751 17816 17655 17564 17434 17145 17182 17372 17418 17284 17264 17334 17352 17004 17123 16954 17763 18069 18634 18743 18589 17595 16765 17009 17518 17477 17714 19046 19102 19754 19932 19953 19815 18465 16832 16456 14702 14060 13628 13326 13185 13230 13376 13385
17549 18517 19829 19880 19951 19637 19278 18809 18544 19093 19288 18912 18490 18332 18222 18049 17673 17925 18143 18183 18087 17924 17986 18068 18234 18157 18324 18375 17545 15856 15436 15467 15799 16861 17854 18019 17827 17348 16914 16913 17181 17204 17437 17387 17166 16887 16710 16520 17277 17893 17933 17959 18290 18429 18580 18564 18176 17793 17453 17644 18328 19045 19822 20117 19956 19976 19385 17463 16811 16026 15322 14669 13857 13449 13446 13557 13569
16850 17526 18253 19212 19592 19777 19867 19911 19647 19733 19806 19510 19166 18799 18576 18138 17645 17490 17628 17671 17623 17720 17868 17815 18203 18225 17959 18263 18434 17780 17403 17380 17440 18435 18292 18017 17586 17215 16916 16830 16932 17167 17450 17445 17079 16866 16680 16877 17571 17805 17737 17869 17872 17919 18316 18554 18498 18390 17859 17226 17776 18908 18549 20073 20094 20277 19970 19255 18267 17010 16533 15713 15414 14576 14210 13759 14042
16347 17047 17269 17925 18872 19849 20030 20121 20006 19566 19762 19610 19549 19020 18568 18201 17885 17442 17404 17573 17561 17652 17880 17872 17918 17898 17762 18299 18526 18687 18721 18716 18441 18631 18143 17637 17248 17080 16795 16843 16844 16643 16579 17030 16939 16724 16547 17235 17544 17617 17590 17920 18033 18047 18043 18276 18429 18489 17965 17073 17534 17494 18512 19733 19770 20129 20604 20356 19984 19308 17942 17396 17278 16617 16059 15112 14891
16469 16967 17155 17146 17953 19702 20256 20043 20055 19328 19324 19570 19576 19037 18459 18326 18079 17550 17282 17635 17633 17707 17777 17728 17687 17751 17980 18202 18283 18610 18666 18749 18636 18604 17944 17555 17304 17228 17018 16984 16831 16051 15966 16933 16937 16591 16992 17366 17401 17352 17325 17429 17947 18133 18031 18280 18297 18238 17810 17120 17199 17225 17739 18425 18599 19543 20303 20282 20453 20117 19561 18615 18252 17754 17323 16675 16716
16670 17125 17146 16837 17348 19119 20627 20315 20150 19863 19312 19104 19098 18815 18509 18382 18186 17696 17644 17779 17689 17767 17830 17934 17929 18103 18039 18185 18481 18575 18490 18334 18303 18143 17832 17710 17647 17604 17508 17171 16888 16733 17000 17132 16768 17047 17346 17456 17304 17056 17196 17424 17218 17550 18154 18303 18263 18153 18260 17483 17180 17748 17873 18326 18357 19725 20199 20615 20544 20023 19946 19233 19432 19262 18254 18045 18686
16148 17023 17138 16915 17603 19007 19876 19671 20335 20070 19529 19423 19549 19467 18730 18195 17976 17859 17563 17622 17530 17783 18096 18302 18531 18017 17762 18139 18537 18743 18758 18340 18133 17933 17675 17637 17851 17972 17788 17277 16957 16850 16985 16888 16780 16939 17170 17336 17204 17180 17322 17475 17418 17723 18082 17935 17930 18179 18444 18336 18005 17686 17802 18560 19336 19978 20115 20274 19881 19887 19824 19313 19784 19887 18971 18752 19246
15605 16384 16797 17015 17914 19338 19853 20143 20022 19572 19586 19558 19662 19667 19164 18770 18526 18098 17904 17781 17825 17714 18062 17956 18091 17781 17578 17845 18226 18696 18724 18240 18079 17662 17538 17693 17963 18047 17846 17764 17597 16615 16403 17058 17152 17020 16970 16775 16921 17326 17455 17420 17455 17589 17744 17401 17901 18116 18077 18269 18142 17183 17762 18770 19391 20161 20062 19722 19536 19526 19660 18754 19064 19464 19160 18491 18974
15289 16237 16817 17118 17973 19986 20169 20344 19795 19867 20093 19532 19267 19386 19518 19145 18601 17915 17778 17789 17858 17677 17728 17567 17685 17619 17338 17824 18136 18389 18644 18557 18152 17721 17420 17442 17577 17627 17779 18109 18102 16626 17086 17368 17304 16979 16905 16210 16753 16964 17145 16952 17344 17394 18036 17685 17634 18098 18213 18080 17685 17533 17860 18671 19317 20165 19940 19684 19458 19291 19544 19522 19794 19910 19575 18963 18761
