Alternative/Moon/Lvl0_30x30/Ele_BF.asc
ncols         335
nrows         335
xllcorner     -3292508.343
yllcorner     3322833.042
cellsize      10000
nodata_value  -9999.0
[rows 34 to 67 of 335, columns 0 to 76 of 335]
14774 14763 14743 14734 14725 14773 14812 14846 14799 14698 14698 14691 14672 14663 14661 14646 14642 14636 14622 14595 14584 14612 14656 14653 14652 14622 14620 14645 14654 14646 14599 14603 14590 14593 14589 14582 14584 14579 14575 14572 14576 14568 14570 14576 14577 14576 14685 14721 14635 14775 14728 15023 15065 14960 15102 15081 14879 15048 14939 14949 14951 14930 14901 14870 14828 14795 14782 14790 14803 14801 14791 14844 14919 14901 14898 14884 14850
14793 14773 14790 14771 14764 14815 14847 14809 14717 14762 14857 14692 14709 14746 14661 14654 14647 14633 14619 14606 14597 14593 14635 14623 14645 14660 14659 14645 14646 14623 14597 14598 14582 14578 14576 14581 14580 14590 14584 14572 14562 14563 14578 14606 14615 14588 14986 14946 14618 14715 15132 15304 14978 14746 14798 14838 14882 15028 15014 14997 14975 14959 14940 14925 14910 14885 14871 14860 14842 14846 14827 14864 14978 14935 14929 14910 14874
14831 14813 14814 14825 14801 14782 14774 14749 14736 14761 14938 14953 14778 14719 14675 14707 14937 14778 14672 14652 14621 14617 14602 14618 14630 14636 14622 14608 14603 14598 14614 14617 14582 14572 14572 14579 14575 14552 14581 14586 14571 14555 14628 14697 14588 14569 14650 14618 14597 14608 15186 15252 14733 14770 14890 15180 15284 15277 15062 15040 15019 14980 14977 14966 14967 14963 14924 14908 14882 14870 14861 14891 14974 14955 14944 14927 14895
14855 14854 14856 14900 14938 14803 14877 14851 14758 14759 14886 15066 14730 14697 14691 14679 14991 14999 14741 14656 14635 14635 14623 14607 14600 14592 14591 14601 14591 14601 14622 14617 14587 14582 14578 14571 14569 14557 14586 14588 14575 14571 14603 14675 14614 14613 14639 14611 14610 14642 14754 14759 14773 14882 15260 15318 15289 15066 15007 15009 14970 14980 14988 14993 14994 14999 14949 14940 14913 14900 14879 14885 14982 14981 14964 14942 14927
14885 14871 14870 14941 15073 14975 14950 14843 14808 14795 14807 15063 14948 15067 15015 14913 14985 14977 14733 14662 14652 14633 14633 14626 14614 14600 14603 14660 14660 14616 14619 14607 14595 14599 14577 14578 14581 14572 14582 14590 14591 14586 14576 14591 14617 14646 14619 14600 14627 14671 14748 14800 14838 14896 14902 14895 14921 14936 14951 14964 14981 15007 15081 15107 15108 15093 15082 15050 15032 15012 14979 14897 14962 14987 14960 14963 14967
14911 14901 14901 14895 14937 14991 14914 14842 14827 14819 14804 14803 14793 14867 14832 14838 14733 14708 14689 14682 14681 14666 14647 14636 14625 14626 14632 14613 14606 14613 14612 14623 14630 14641 14644 14622 14620 14596 14589 14600 14601 14584 14620 14623 14652 14635 14620 14641 14693 14757 14811 14835 14860 14878 14920 14954 14959 14954 14962 14980 14998 15066 15112 15099 15074 15055 15048 15058 15043 15057 15089 14942 14919 14949 14955 14984 14994
14930 14921 14919 14951 14928 14909 14869 14867 14861 14844 14834 14830 14820 14808 15067 15084 14790 14761 14743 14729 14716 14694 14668 14649 14662 14666 14655 14637 14630 14626 14635 14691 14714 14797 14708 14699 14712 14706 14647 14637 14616 14603 14634 14627 14654 14680 14648 14713 14787 14844 14877 14891 14924 14925 14937 14961 14976 14975 14994 15004 15010 15075 15083 14964 14939 14934 14912 14889 14903 14905 14960 14988 14915 14876 14895 14944 14977
14938 14929 14980 15046 15068 14970 14910 14891 14885 14881 14866 14849 14848 14844 14896 14935 14880 14794 14775 14754 14735 14716 14694 14679 14682 14691 14662 14644 14649 14654 14735 14701 14860 14975 14937 14896 14865 14748 14725 14703 14683 14640 14686 14680 14688 14691 14698 14780 14857 14877 14895 14924 14943 14943 14961 14981 14986 15001 14996 14998 14982 14945 14848 14830 14874 14992 14864 14916 14946 14921 14970 14907 14859 14864 15010 14864 14875
14940 14981 15177 15134 14978 15064 14945 14913 14911 14910 14903 14931 14900 14883 14925 14970 14955 14844 14828 14798 14789 14734 14719 14704 14684 14680 14663 14747 14682 14682 14794 14889 14985 15118 14986 15077 15053 14882 14785 14771 14692 14648 14727 14716 14692 14742 14804 14827 14891 14885 14880 14930 14936 14941 14973 14973 14987 15023 14965 14908 14816 14768 14757 14744 14738 14728 14636 14639 14650 14658 14684 14695 14778 14770 14903 14831 14792
15012 15039 15053 15178 15115 15093 14920 14922 14935 14950 15073 15067 14948 14972 14985 14986 14997 14955 14920 14899 14866 14823 14801 14777 14772 14771 14770 14812 14722 14719 14849 15065 15083 14836 15084 14963 14942 15027 14818 14791 14714 14670 14776 14797 14767 14872 14900 14872 14896 14867 14855 14883 14868 14907 14940 14923 14901 14861 14791 14747 14746 14730 14718 14698 14702 14759 14676 14618 14632 14653 14647 14688 14962 14879 14744 14777 14755
15065 15060 15084 15113 15064 14958 14928 14957 14999 15071 15136 15098 15051 15126 15103 15059 15100 15063 14969 14953 14933 14869 14827 14815 14803 14801 14781 14865 14854 14903 14912 14944 15012 14937 15168 15020 14869 14855 14887 14913 14900 14838 14837 14896 14926 15010 14980 15034 14975 14860 14689 14716 14736 14711 14659 14671 14713 14716 14719 14727 14715 14708 14705 14707 14675 14602 14621 14724 14702 14685 14605 14629 14633 14672 14700 14692 14761
15133 15064 14968 14961 14980 14950 14949 14967 14982 15030 15160 15159 15133 15404 15352 15158 15159 15127 15075 15020 14974 14912 14869 14846 14820 14788 14768 14783 14843 14897 14936 14965 14958 14936 14971 14934 14938 14920 14902 14868 14837 14822 14813 14882 14900 15053 15058 15063 14989 14764 14710 14682 14596 14604 14633 14644 14663 14678 14696 14714 14690 14710 14753 14724 14821 14685 14529 14503 14511 14534 14545 14551 14554 14560 14573 14682 14713
14842 14844 14846 14861 14882 14934 15002 15236 15267 15208 15193 15197 15193 15181 15225 15245 15247 15205 15112 15020 14978 14979 14905 14858 14823 14789 14759 14773 14815 14875 14896 14945 14951 14952 14914 14978 14983 14911 14845 14804 14764 14706 14705 14758 14777 14840 14855 14858 14742 14686 14645 14610 14597 14596 14582 14580 14604 14625 14633 14640 14646 14722 14787 14698 14759 14673 14528 14488 14498 14514 14532 14536 14545 14548 14569 14711 14673
14657 14744 14759 14906 14937 15046 15151 15360 15470 15483 15420 15212 15317 15255 15347 15270 15278 15204 15111 15050 15031 14985 14941 14899 14855 14801 14771 14756 14780 14835 14828 14860 14866 14885 14858 14824 14833 14788 14683 14636 14591 14523 14709 14758 14680 14669 14695 14850 14837 14630 14607 14582 14587 14573 14560 14537 14540 14551 14553 14562 14611 14663 14754 14634 14749 14719 14611 14533 14492 14494 14501 14508 14527 14533 14545 14598 14578
14680 14825 14809 14855 14975 15277 15430 15414 15478 15499 15326 15139 15279 15207 15314 15218 15165 15089 15065 15032 15024 15016 14995 14934 14874 14840 14784 14989 15197 14930 15134 15093 14818 14785 14732 14695 14617 14577 14558 14564 14494 14447 14493 14588 14626 14622 14609 14692 14686 14722 14604 14569 14566 14572 14586 14595 14519 14563 14536 14563 14588 14588 14543 14703 14739 15243 15310 14958 14519 14485 14493 14509 14520 14525 14526 14531 14536
15103 15079 14811 15090 15048 15219 15286 15382 15452 15398 15115 15017 15024 15123 15124 15069 14989 14925 14905 14883 14966 14993 14970 14896 14862 14858 14817 14951 15409 15363 14802 14817 14633 14567 14537 14625 14596 14564 14494 14477 14564 14503 14473 14476 14543 14588 14581 14516 14832 14952 14907 14799 14540 14584 14615 14592 14512 14590 14536 14585 14584 14545 14521 14530 14701 15227 15270 15098 14580 14483 14488 14487 14511 14521 14523 14530 14533
15323 14867 14932 15059 15037 15084 15371 15381 15308 15114 14949 15099 15299 15310 15298 15259 14928 14824 14791 14764 14746 14747 14795 14834 14826 14812 14797 14777 14788 14767 14691 14583 14563 14529 14538 14595 14587 14538 14512 14600 14584 14509 14504 14617 14670 14726 14437 14553 15083 15044 14700 14449 14463 14751 14831 14627 14604 14493 14496 14483 14480 14494 14423 14427 14524 14725 14807 14823 14787 14485 14476 14482 14491 14501 14514 14556 14546
15529 15137 15071 15290 15270 15230 15280 15300 15251 15021 15083 15550 15893 15896 15797 15560 15113 14825 14808 14757 14734 14725 14714 14684 14684 14684 14696 14722 14689 14649 14621 14587 14603 14697 14724 14551 14547 14642 14604 14534 14798 14773 14682 14803 14796 14770 14517 14542 15061 14819 14387 14373 14458 14905 14970 14628 14412 14421 14423 14420 14406 14412 14409 14417 14427 14495 14698 14623 14442 14459 14458 14466 14470 14491 14504 14509 14511
15485 15068 14887 15110 15122 15214 15496 15505 15301 15314 15982 15985 16274 16022 15674 15580 15567 15311 15120 15024 14837 14720 14695 14713 14699 14700 14686 14664 14663 14650 14640 14634 14724 14701 14647 14591 14653 14891 14952 14492 14558 15083 15020 14579 13961 14394 14503 14491 14606 14758 14642 14378 14504 14809 14545 14421 14403 14409 14409 14413 14400 14403 14415 14412 14413 14592 14856 14714 14436 14437 14449 14459 14468 14477 14498 14503 14760
15547 14763 14523 15014 15109 15463 15621 15538 15220 15856 16180 16364 16364 16041 15756 15444 15606 15467 15410 15196 15435 15296 14725 14710 14685 14661 14658 14643 14639 14631 14621 14619 14707 14671 14594 14586 14577 14745 14793 14477 14530 14932 14581 13688 14140 14688 14683 14444 14415 14505 14598 14415 14385 14376 14375 14398 14454 14489 14411 14413 14384 14395 14403 14403 14415 14413 14408 14409 14414 14428 14442 14448 14462 14462 14469 14473 14787
15805 14842 14802 15361 15656 15624 15418 15058 15147 15752 15951 16097 16145 15972 15775 15747 15668 15679 16061 15578 15512 15409 14732 14695 14677 14655 14636 14611 14591 14645 14671 14581 14588 14587 14577 14558 14529 14594 14755 14599 14543 14503 14534 14561 14515 14633 14572 14448 14436 14440 14437 14413 14402 14403 14395 14376 14375 14375 14380 14388 14388 14389 14398 14398 14433 14416 14429 14406 14414 14428 14435 14442 14443 14464 14454 14465 14484
15806 15629 15502 15321 15516 15710 15641 14882 14973 15435 15033 15159 15262 14949 14199 14537 14537 15440 15707 15311 14968 14794 14922 14801 14668 14644 14635 14644 14626 14628 14577 14553 14550 14539 14530 14521 14583 14549 14533 14573 14505 14491 14525 14500 14517 14446 14439 14448 14449 14447 14452 14454 14465 14487 14460 14404 14371 14376 14381 14388 14393 14395 14408 14410 14417 14470 14467 14454 14448 14433 14452 14467 14443 14482 14509 14534 14532
15809 15873 15571 15470 15385 15643 15548 14848 14846 14916 15019 15129 15134 14978 14607 13633 14285 14728 14935 14857 14720 14822 14910 14792 14698 14654 14614 14616 14624 14636 14642 14634 14618 14591 14549 14787 14795 14506 14453 14692 14690 14512 14489 14477 14466 14463 14459 14459 14468 14464 14449 14441 14460 14478 14486 14476 14437 14430 14420 14413 14450 14487 14532 14560 14567 14543 14570 14567 14587 14646 14682 14618 14613 14576 14597 14706 14559
15777 15724 15571 15479 15127 15148 15096 15370 14983 14716 14699 14686 14668 14759 14814 14673 15010 15094 14894 14706 14668 14675 14688 14737 14742 14726 14674 14666 14643 14636 14648 14646 14624 14654 14747 14804 14834 14649 14887 14859 14667 14510 14490 14479 14472 14488 14490 14497 14496 14492 14468 14463 14450 14454 14481 14489 14473 14504 14583 14596 14632 14601 14587 15001 15095 14868 14635 14628 14706 14840 14897 15060 15115 14960 14699 14573 14574
15606 15443 15386 15140 14709 14654 15483 15674 15182 14691 14659 14728 14612 14604 14581 14574 14617 14691 14701 14630 14616 14606 14623 14674 14706 14707 14700 14675 14646 14633 14628 14616 14610 14617 14836 14596 14461 14725 14845 14603 14577 14584 14506 14483 14497 14502 14502 14499 14506 14513 14518 14514 14502 14467 14448 14506 14628 14878 15020 15053 15142 15136 15082 15100 15555 15842 15871 15624 15045 15124 15201 15287 15462 15570 15615 15283 14839
16031 15618 15560 15458 15419 15691 15881 15464 14908 14686 14619 14626 14588 14574 14549 14533 14518 14505 14506 14618 14581 14475 14466 14466 14479 14548 14566 14615 14625 14653 14628 14648 14642 14626 14640 14599 14613 14812 14788 14681 14652 14650 14618 14632 14620 14591 14688 14841 14820 14622 14614 14588 14658 14925 15174 15216 15364 15531 15502 15491 15345 15429 15602 15467 15540 15883 16089 15659 15091 15251 15282 15230 15569 16144 16206 15415 14821
16158 15640 15580 15378 15467 15716 15965 15977 15358 14702 14618 14573 14592 14529 14516 14496 14477 14456 14473 14597 14545 14437 14432 14452 14451 14450 14471 14492 14506 14548 14572 14592 14602 14623 14580 14556 14553 14572 14654 14929 14846 14663 14675 14850 14751 14661 14693 14830 14757 14641 14742 15210 15269 15352 15515 15399 15382 15571 15568 15472 14534 15170 15653 15617 15467 15432 15312 15086 15296 15691 15601 15696 16100 16253 16267 15264 14509
16082 15493 15177 15358 15460 15480 15923 15954 15395 15083 14825 14684 14504 14470 14455 14435 14421 14810 14863 14642 14424 14361 14368 14355 14357 14360 14365 14350 14345 14368 14401 14451 14517 14533 14509 14520 14586 14650 14639 14910 14810 14629 14645 14977 14828 14664 14628 14633 14658 14646 14638 15093 15369 15467 15347 15301 15407 15495 15681 15809 15591 15492 15428 15243 15170 14998 14895 14898 14896 15163 15310 15727 15829 15721 15528 15643 15738
16104 15534 15206 15280 15520 15601 15560 15501 15500 15483 15243 14897 14708 14771 14824 14878 15017 15224 15209 14925 14615 14387 14364 14298 14292 14288 14279 14264 14304 14323 14601 14609 14712 14715 14687 14675 14718 14643 14656 14644 14683 14586 14761 14777 14599 14575 14596 14593 14588 14589 14588 15245 15475 15395 15452 15421 15813 15981 15856 15505 15159 15144 15124 15220 15186 15180 14988 14911 14876 14749 14794 15293 15498 15089 14416 15380 15535
15979 15275 15266 15287 15404 15585 15404 15568 15689 15672 15472 15303 15120 15288 15293 15345 15387 15373 15212 14954 14707 14758 14441 14325 14249 14238 14241 14224 14240 14391 14534 13766 13334 14611 14919 14750 14628 14499 14454 14535 14495 14420 14386 14430 14432 14440 14441 14452 14461 14478 14524 14567 14745 15361 15567 15578 15712 15755 15438 15235 15319 15101 15137 15267 15152 15177 15180 15009 14954 14919 15069 15095 15261 15464 15453 15744 15755
15483 15358 15707 15622 15359 15085 15049 15465 15774 15903 15841 15599 15538 15533 15454 15518 15789 15845 15678 15413 15199 15004 14898 14445 14419 14512 14561 14233 14339 14354 14401 14337 14404 14526 14745 14518 14562 14516 14462 14519 14624 14536 14302 14328 14341 14362 14366 14363 14358 14373 14418 14445 14463 14508 14780 15155 15493 15190 15250 15268 15043 14920 15203 15289 15196 15165 15069 15089 15082 14930 15031 15103 15220 15418 15549 15724 15809
15446 15356 15656 15602 15524 15078 14994 15310 15547 15782 15436 15374 15514 15476 15194 15264 15679 15910 15861 15823 15982 15952 15850 15326 14962 14845 14778 14575 14473 14494 14386 14401 14341 14272 14405 14372 14323 14274 14535 14554 14792 14791 14456 14411 14396 14335 14389 14382 14363 14383 14388 14395 14406 14418 14424 14428 14747 15023 15247 15316 15132 15186 15172 15174 15260 15281 15159 15298 15310 15134 15076 15080 15516 15779 15859 15850 15799
15750 15420 15350 15475 15345 15375 15239 15225 15159 14555 14058 14443 14560 14384 13955 13757 13910 14616 15304 15354 15493 15631 15648 15790 15516 15585 15519 14856 14759 14827 14791 14676 14444 14492 14407 14394 14299 14408 14565 14549 14732 14807 14583 14449 14458 14564 14950 14659 14406 14536 14563 14469 14458 14490 14484 14478 14766 14836 15530 15885 15875 15278 15237 15329 15890 15830 15606 15486 15562 15624 15875 15892 16093 16407 16394 16270 16345
16302 15907 15418 15125 15388 15342 15074 14370 14103 13866 13802 13756 13756 13635 13606 13620 13583 13601 13897 14136 14413 14578 15400 15805 15702 15395 15376 14655 15082 15306 14889 14803 14648 14476 14404 14480 14505 14541 14512 14486 14709 14826 13862 13033 13272 14063 14833 14740 14874 14974 14897 14714 14630 14686 14760 15019 15458 15455 15955 16210 15878 14482 14866 15436 15887 15848 15776 15797 15841 15815 16058 16014 16301 16468 16274 16492 16523
