Alternative/Moon/Lvl0_30x30/Ele_EG.asc
ncols         335
nrows         335
xllcorner     57491.657
yllcorner     -6727166.958
cellsize      10000
nodata_value  -9999.0
[rows 204 to 237 of 335, columns 77 to 153 of 335]
17645 17051 17026 17402 17772 19264 20890 21994 22063 21824 20163 18784 19128 20643 21076 20954 20509 20184 19791 19568 19496 19421 19532 19768 19790 19787 20086 20030 20044 20136 19733 19786 19758 19574 19682 19713 19655 19561 19585 19425 19340 19294 19401 19477 19880 20083 20549 20937 20883 20342 19409 18495 17755 17131 16561 15974 15391 14957 14546 14211 13991 13931 14056 14251 14931 15783 16624 17307 17921 18016 17821 17572 17924 17885 17920 17480 16844
18253 17578 17489 17881 17957 18914 20598 21515 21705 21896 21523 20245 20011 21052 21113 21174 20204 20154 19980 19694 19564 19605 19831 19994 19972 19397 19759 19943 20097 20158 19852 19762 19157 19328 19419 19784 19809 19772 19674 19515 19396 19324 19207 19328 19525 19661 20237 20788 20838 20440 19898 19102 18641 18198 17533 16961 16518 16221 15535 15148 14902 14896 15072 15419 16142 16801 17503 18148 18631 18615 18360 18429 18818 18860 17906 17102 16320
18728 18707 18128 18548 19084 19364 19695 20037 20822 21856 21888 21728 21494 21414 21091 21047 20556 20318 20139 19982 19896 19913 20047 19968 19477 18097 17761 18341 19268 19604 19211 18593 18214 17884 18333 19463 19818 19907 19800 19618 19558 19497 19285 19258 19285 19556 19915 20372 20679 20801 20799 20535 20162 19489 18967 18118 17572 17160 16797 16719 16762 16863 17230 17710 18395 18872 19096 19105 19623 19594 18975 19093 19126 19078 17950 16768 15645
18317 18413 18012 18372 18832 19042 18958 19621 20245 21303 21683 21683 21409 21266 21027 20850 20477 20307 20358 20385 20387 20584 20461 20000 18927 17878 17550 17845 18135 18212 17997 17287 16863 16911 17475 17997 18834 19509 19864 19915 19834 19529 19305 19238 19291 19391 19837 20145 20387 20721 21030 20838 20841 20782 20673 19684 19157 18969 18219 17632 18084 18992 19456 19937 20339 20493 20611 20347 20421 20405 19569 19114 18902 18449 17501 16392 15277
17122 17279 17309 17349 17811 18488 18867 19100 19750 20499 21134 21333 21316 21140 21123 20934 20639 20172 20435 20395 20286 20755 20706 20605 20298 19488 19118 19074 18926 18059 17382 16937 16672 16617 16812 17245 17746 18673 19742 19900 19848 19514 19268 19170 19229 19603 19479 18493 19112 20484 20688 20351 19715 20757 21064 20664 19886 19226 18401 19078 19834 19994 20432 20506 20454 20538 20627 20451 20575 20457 20024 20043 20018 19328 17641 16545 15458
16830 16968 17060 17027 17085 17966 18518 18992 19560 20376 21061 21443 21396 21242 21044 20985 20713 20114 20189 19638 18661 19653 20279 20461 20386 20074 19619 19462 19092 17991 17205 16794 16637 16675 16888 17299 17607 18549 19507 19810 19771 19513 19313 19189 19270 19527 19406 18302 18336 19955 20187 19172 18767 19835 20937 20598 19456 18793 18835 19853 20222 20217 20347 20358 20309 20243 20256 20252 20189 20161 20412 20422 20526 19944 18155 16953 15777
16334 16808 16907 17308 17850 18266 18852 19444 20020 20828 21425 21503 21393 21259 20880 20394 20364 20170 19920 19413 19007 19192 19238 19157 19272 19278 19027 17961 17945 17341 16630 16553 16600 16597 17234 18096 18833 19659 20058 20129 19768 19648 19659 19506 19332 19234 19441 19116 19110 19680 19840 19636 19625 20476 20560 19695 18536 18058 18793 19750 20225 20142 20154 20243 20170 19829 19408 19244 19345 19706 20071 20323 20426 20109 18593 17348 16345
17275 17064 17057 17923 18689 19045 19429 20354 20927 21680 21706 21468 21394 21025 20013 19377 19599 19344 18970 18203 18354 18178 17813 17773 17842 18001 18038 17977 17940 17267 16940 16630 16609 16971 17783 18887 19392 19900 20208 20232 19859 20007 20014 19697 19068 18908 18865 18883 18891 19091 19466 19661 19969 20502 20436 19331 18340 17842 17934 18641 19674 19643 19270 19607 19641 19597 19120 19072 19076 19292 19705 19888 20012 20046 19071 18078 17282
17433 18013 18446 18965 19572 19990 20699 21438 21545 21834 21696 21268 21001 20782 20045 19432 19277 18482 17829 17629 17275 16783 16482 16218 16267 16305 16511 16344 16563 16849 16923 16661 16808 17195 17708 18518 18735 18914 19254 19437 19521 19877 19886 19661 19277 18909 18871 18872 18900 19077 19307 19461 19540 19728 19830 19688 19251 17969 17852 18216 18713 18805 19107 19182 19288 19180 18994 18969 19024 19205 19508 19570 19464 19655 19363 18744 18254
17121 18089 18881 19477 19866 20523 21379 21748 21767 21564 21368 20900 20445 19998 19908 19362 18802 17732 16881 16531 16181 15871 15674 15380 15354 15423 15593 15596 15833 15935 16012 16102 16341 16564 16959 16867 17567 17815 18312 18638 18961 19577 19811 20042 20021 19316 19132 19016 19102 19400 19441 19380 19352 19286 19427 19538 19439 18552 17944 18218 18615 18904 19156 19165 18965 18855 18790 18856 18877 18981 18922 19089 19091 19015 18967 18797 18865
17296 17694 18967 19751 20254 20963 21675 21726 21724 21413 20819 20428 20038 19507 18977 18506 17916 16937 16383 15849 15477 15093 14806 14662 14476 14768 14794 14393 14240 14652 15019 15165 15376 15505 15525 15667 15927 16505 17348 17772 18255 18860 19469 20076 19973 19766 19642 19524 19644 19578 19361 19158 19062 18931 19284 19248 19120 18816 18599 18547 18598 18886 18944 18780 18815 18694 18647 18693 18745 18751 18776 18836 18969 19012 19110 19028 18945
18498 18539 19288 20217 20702 21458 21912 21622 21095 20881 20337 20045 19559 18916 18183 17377 16708 16221 15534 15426 15185 14649 14311 14148 14145 14142 14079 13726 13612 14006 14319 14462 14471 14388 14372 14611 14808 15367 16175 16782 17331 17901 18645 19156 19325 19558 19605 19657 19679 19618 19469 19190 19116 19039 19023 19082 18849 18865 18925 18916 18720 18744 18432 18364 18284 18404 18547 18694 18783 18770 18657 18111 17859 18121 18796 19052 18930
18811 18384 19330 20687 21292 21552 21739 21304 20631 20481 20170 19530 18715 17704 16738 15722 15160 15016 15002 14976 14847 14367 14212 14215 14218 14163 14070 13847 14055 13693 13571 13674 13644 13564 13993 14022 14248 14606 15184 15531 16363 17284 17916 18489 18744 19000 19346 19622 19754 19713 19430 19273 19108 18853 18897 18837 18784 18735 18750 18727 18276 18230 18357 18335 18325 18431 18479 18524 18561 18571 17757 17295 17246 17513 18314 18697 18656
19324 19402 20223 21505 21911 21870 21552 20920 20535 20255 19571 18946 18167 17037 15851 15083 14688 14553 14557 14559 14465 14189 14202 14183 14184 14112 13991 14055 14222 14200 13665 14071 14038 14040 14115 14002 14044 14110 14548 15166 15979 16742 17478 18126 18542 18864 19350 19723 19921 20049 19853 19445 19214 18994 18900 18796 18680 18731 18743 18576 18562 18355 18363 18332 18289 18278 18215 18032 18259 18282 17398 17230 17315 17572 18420 18695 18617
20280 20534 21345 22143 22129 21337 21078 20657 20344 19750 19058 18310 17588 16471 15576 14985 14666 14570 14493 14435 14277 14051 14027 14022 14009 14000 14035 14025 14022 14027 14121 14143 13990 13971 13972 13990 14020 13972 14069 14623 15132 15830 16684 17569 18206 18968 19177 18241 18315 19555 20222 19879 19382 19007 18977 19022 18957 18870 18879 18711 18700 18565 18277 18304 18218 18116 18033 17883 17822 17935 18020 17918 18029 18265 18467 18470 18355
20698 21435 22050 22167 22094 21654 21101 20554 20294 19753 18677 17829 17218 16459 15916 15329 15024 14723 14594 14376 14236 14101 14030 14023 14066 14053 13975 13979 13955 14023 14035 14004 13984 13935 13941 13903 13903 13923 14069 14342 14755 15317 16040 16623 17566 18875 19077 18354 18375 19539 20332 19881 19367 18945 18937 18941 18946 18260 17970 17982 18648 18683 18570 18442 18244 18228 17947 17934 17901 18002 18262 18342 18421 18339 18148 18051 18182
20921 21760 22226 22073 21871 21514 21174 20541 19685 19302 18297 17390 16699 16020 15533 15328 15061 14696 14506 14235 14133 14100 14071 14086 14174 14165 14060 14005 13969 13938 13966 13983 13949 13962 13918 13913 13907 13912 13976 14089 14494 15161 15717 16553 17460 18768 19496 20229 20523 20514 20364 19597 19254 18917 18780 18845 18546 17389 17142 17217 17920 18712 18620 18460 18135 18212 18045 18003 17926 17977 18158 18179 18180 18299 18244 18166 18196
21111 21812 22334 22160 21951 21703 21173 20389 19513 18620 17635 16697 16161 15642 15260 14920 14691 14296 14120 14219 14123 14068 14073 14112 14092 14073 14123 14102 14057 13963 13942 13949 13988 13929 13966 13919 13919 13926 13958 14067 14509 15036 15794 16435 17088 18112 19075 20038 20333 20306 20009 19753 19410 19186 19008 18893 18902 18327 17561 17952 18255 18510 18408 18322 18098 18143 18126 18047 17953 18032 17980 17965 17924 17972 17994 17944 17898
21849 22131 22290 22255 21932 21460 21021 20048 19231 18338 17386 16430 15908 15287 14921 14685 14531 14311 14171 14099 14082 14055 14091 14129 14121 14117 14131 14075 14029 13952 13941 13999 13960 13947 13933 13931 13945 13949 13965 14102 14535 15077 15682 16360 16887 17775 18850 19743 20021 20015 19863 19616 19367 19278 19072 18988 18891 18797 18377 18384 18425 18264 18012 18100 17927 17892 17927 17689 17764 17785 17717 17740 17844 17895 17839 17833 17883
22240 22224 22260 22038 21699 21423 20752 19765 19108 18264 17290 16228 15615 15006 14692 14381 14205 14137 14120 14095 14085 14147 14164 14186 14151 13998 14036 14077 13967 13956 13949 13943 13936 13933 13933 13935 13938 13969 13992 14035 14272 14964 15533 16160 16755 17609 18661 19625 19817 19949 19837 19587 19405 19046 18999 18864 18705 18541 18231 18260 18196 18024 17973 17890 17820 17766 17759 17723 17629 17682 17605 17694 17726 17852 17760 17828 17907
22248 22313 22228 22028 21649 21034 20352 19342 18517 17824 16850 15930 15335 14786 14340 14243 14212 14141 14137 14113 14108 14093 14201 14126 14046 14008 14061 14013 13970 13966 13957 13951 13942 13946 13937 13944 13952 13986 14016 14060 14269 14570 15308 16059 16907 17507 18682 19424 19880 20029 19863 19506 19313 19116 18863 18685 18549 18373 18251 18247 17952 17875 17906 17746 17779 17736 17739 17718 17757 17744 17701 17615 17704 17754 17678 17819 17931
22216 22224 22120 21865 21497 21013 20441 19557 18664 17770 16676 15821 15273 14843 14393 14196 14157 14133 14131 14129 14119 14102 14077 14051 14037 14022 14056 14023 13987 13977 13969 13982 13959 13958 13961 13971 13986 13999 14025 14057 14321 14727 15408 16134 16890 18055 19131 19673 19853 19933 19712 19256 19235 19089 18907 18694 18193 18283 18050 17987 17806 17640 17664 17796 17757 17716 17776 17739 17752 17751 17705 17621 17627 17621 17747 17859 17856
22203 22166 21868 21567 21381 21162 20761 20037 18812 18328 17301 16348 15836 15272 14768 14212 14138 14128 14129 14132 14126 14099 14086 14065 14047 14030 14027 14010 13995 13989 14137 14070 14024 13978 13998 13996 14004 14028 14025 14159 14468 14871 15592 16423 17299 18596 19622 19917 19780 19902 19663 19118 18999 18743 18655 18635 18257 18185 18027 17849 17663 17617 17774 17701 17717 17679 17718 17705 17704 17712 17665 17638 17632 17645 17802 17864 17901
21702 21824 21876 21732 21158 21170 21012 20985 20426 19406 18082 16978 16424 15824 15347 14885 14334 14150 14143 14130 14128 14108 14085 14071 14064 14048 14036 14022 14015 14007 14151 14078 14102 14190 14147 14099 14066 14094 14352 14880 15278 15711 16310 17179 18268 19274 19961 20023 19941 19592 19366 19108 18914 18659 18179 18069 18275 18260 17788 17763 17618 17625 17587 17549 17572 17622 17598 17626 17667 17659 17626 17627 17644 17653 17828 17909 18010
19999 20856 21831 21707 21359 21039 21071 21048 20456 19819 18838 17739 16994 16132 15440 15024 14652 14526 14258 14214 14291 14220 14132 14095 14080 14068 14051 14046 14035 14026 14079 14117 14139 14215 14229 14171 14452 14600 14752 15464 15743 16431 17126 17902 18642 19541 19920 19926 19888 19582 19373 19069 18721 18586 18366 18233 18217 17964 17756 17696 17664 17610 17593 17561 17555 17588 17557 17627 17721 17655 17681 17669 17664 17735 17848 17932 18050
21356 21454 21642 21430 21231 21233 21199 21092 20841 20273 19743 18340 17803 16798 15847 15212 15051 14834 14821 14602 14571 14337 14239 14185 14175 14155 14121 14098 14074 14071 14065 14064 14091 14213 14336 14585 14684 14974 15546 15821 16330 17039 17774 18316 18983 19260 19858 19968 19910 19554 18996 18648 18656 18684 18506 18293 18022 17666 17709 17679 17624 17584 17667 17613 17581 17598 17616 17569 17645 17689 17717 17714 17652 17630 17688 17909 18061
21271 21320 21398 21461 21615 21600 21408 21182 21039 21042 20404 19499 18726 17542 16551 15661 15265 15103 15087 14621 14736 14612 14408 14399 14299 14383 14310 14274 14215 14206 14162 14153 14199 14529 14596 14796 15022 15453 16070 16747 16754 17163 18088 18883 19711 19877 19902 19988 19673 19148 19549 19327 18967 18738 18469 18253 18063 17819 17723 17659 17747 17641 17776 17753 17635 17647 17701 17676 17635 17610 17648 17608 17580 17613 17706 17891 17975
21179 21609 21693 21814 21909 21876 21537 21457 21562 21505 20896 20277 19492 18337 17295 16582 16171 15922 15827 15559 15220 15096 14954 14760 14577 14645 14581 14476 14464 14446 14438 14670 14951 15133 15153 15347 15783 16406 16963 17930 18565 19066 19618 19988 20086 19786 19491 19196 18683 18715 19417 19379 19124 18792 18449 18199 17966 17699 17676 17649 17700 17806 17688 17222 17264 17685 17685 17721 17690 17694 17650 17784 17814 17800 17820 17806 17872
21028 21580 21602 21349 21501 21593 21507 22186 22154 21782 21463 20797 20466 19521 18526 17856 17418 17046 16651 16076 15740 15599 15458 15185 14837 15061 15178 15089 15075 14939 15159 15438 15535 15928 16211 16660 17023 17508 18302 19191 19733 19959 20020 20081 20095 19513 19335 19456 19216 18619 18734 18953 19037 18682 18270 18123 18039 17707 17685 17706 17682 17827 17704 17665 17691 17729 17733 17714 17730 17772 17668 17747 17826 17842 17828 17792 17805
20801 19898 19064 18611 18890 19895 21008 22145 22169 21828 21457 21017 20927 20713 20164 19488 18935 18173 17814 17233 16879 16655 16247 16003 16269 16311 16242 16109 16091 16051 16219 16550 16762 17225 17559 17887 18201 18982 19925 20447 20498 20364 20065 19964 19832 19483 19339 19573 19512 19085 19016 18947 18358 18399 18157 18077 18061 17728 17670 17653 17681 17703 17700 17714 17715 17731 17759 17770 17774 17883 17884 17942 17945 17935 17855 17879 17869
19486 17817 16994 16934 17095 17794 19371 21031 21931 21815 21564 21035 20937 20863 20720 20396 19919 19659 19437 19075 18815 18323 18314 18140 18049 17922 17869 17799 17788 17751 17779 17974 18349 18912 19381 19677 19859 20021 20318 20456 20265 19642 19635 19631 19558 19433 19238 19218 19020 18785 18737 18688 18354 17868 18044 18002 17760 17602 17607 17640 17690 17789 17737 17711 17729 17766 17804 17909 18030 18304 18354 18510 18586 18324 18217 18185 18049
19745 18014 16933 16915 16905 17026 18365 20209 21386 21545 21554 21319 21012 20897 20753 20657 20618 20512 20451 20288 20227 20186 20231 20182 20003 19752 19871 19873 19802 19515 19687 19725 19598 19214 19420 19669 19918 20053 20236 20074 19868 19647 19614 19485 19329 19260 18955 18903 18711 18649 18521 18519 17816 17682 17961 17929 17658 17560 17582 17546 17559 17695 17725 17720 17738 17748 17868 18015 18237 18505 18530 18621 18723 18703 18695 18577 18350
19842 18854 17711 17126 17106 17464 18611 19856 20163 21046 21256 21189 20966 20882 20687 20649 20581 20494 20543 20616 20648 20525 20429 20428 20356 20279 20268 20143 20155 20168 20259 19867 19538 19072 18552 18663 19079 19800 20053 19879 19654 19648 19437 19313 19252 19150 18802 18724 18646 18416 17848 17928 18181 18332 18137 17829 17517 17478 17414 17422 17433 17540 17654 17732 17798 17908 18019 17951 17861 17378 16751 16741 17253 18190 18405 18559 18627
19179 18902 18318 18111 17752 18076 18635 18925 19018 19717 20510 20763 20751 20628 20576 20502 20486 20466 20320 20538 20642 20544 20493 20481 20407 20277 20276 20215 20166 20218 20346 20308 19647 18663 18496 18520 18600 19240 19523 19523 19519 19553 19438 19132 19123 19062 18693 18438 18361 18164 18221 18034 18167 18235 18048 17739 17536 17449 17373 17422 17452 17526 17617 17689 17801 18241 18447 18065 16617 15426 14980 15015 15373 16189 17713 18586 18608
