Alternative/Moon/Lvl0_30x30/Ele_EB.asc
ncols         335
nrows         335
xllcorner     -16692508.343
yllcorner     -6727166.958
cellsize      10000
nodata_value  -9999.0
[rows 272 to 305 of 335, columns 0 to 76 of 335]
7748 9729 10406 9781 9381 9142 9010 8909 8905 8953 9112 9119 9116 9188 9366 9276 9437 9418 9417 9533 9605 9598 9567 9811 10155 10186 10334 10487 10477 10021 9688 9366 9271 9231 9233 9013 8660 8337 8428 8530 8587 8546 8427 8487 8566 8505 8465 8722 8807 8991 9256 9455 9459 9254 8868 8645 8479 8754 9312 9995 10330 10670 10950 11571 12266 12620 12569 12457 12398 12173 11755 11615 12300 12928 13063 13544 13491
8719 10180 10372 9636 9254 9028 8900 8953 8940 9232 9239 9161 9157 9187 9273 9395 9435 9374 9503 9603 9598 9510 9166 8924 9001 9308 9604 9655 9398 8711 8766 8349 7961 7806 7895 7939 8047 8030 8088 8122 8110 8087 8032 7661 7449 7352 6903 7192 7902 8298 8516 8775 8910 8656 7772 7368 7144 7433 8103 9204 9917 10165 10178 10530 10923 11401 11723 12063 12081 12240 12433 12587 12836 13115 12973 12572 12044
10021 10056 9676 9185 8941 8855 8890 8904 8932 9194 9341 9520 9583 9531 9471 9462 9520 9767 9733 9233 9198 8393 7764 7648 7582 8105 8854 8896 8372 8033 7865 7405 7172 7009 6967 7300 7677 7901 8219 8244 8250 8075 7547 7047 6721 6403 6325 6189 6160 6571 7534 8435 8637 8183 7243 6684 6458 6787 7371 8155 9216 10033 10168 10154 10213 10330 10663 11104 11596 12280 12531 12811 12953 12811 12039 11303 10672
9595 9302 9124 8959 8891 8951 8900 9016 9096 9204 9392 9471 9608 9594 9618 9896 9994 9860 9729 9028 8617 8081 7726 7647 7499 7609 7777 8145 7959 7468 6988 6745 6588 6726 6713 6791 6846 7143 7515 7540 7507 7394 7024 6380 6044 5978 5991 6065 6201 6581 6921 6960 7063 7087 6667 6419 6187 6345 6853 7922 9028 9806 10056 10026 9756 9468 9541 9581 9745 10525 11621 12597 12874 12932 12205 11234 10742
8925 8912 8940 8953 8986 8968 8871 9067 9220 9446 9590 9449 9494 9945 10166 10112 10039 9820 8995 8856 8913 8773 8157 7619 7513 7439 7471 7544 7452 7000 6496 6510 6528 6543 6577 6567 6574 6630 6835 6872 6772 6512 6247 5951 5941 5948 5977 5998 6018 6060 6121 6086 6079 6062 6119 6216 6287 6519 7140 7972 8876 9648 9701 9077 8116 8073 8749 8979 9005 9372 10259 11521 12473 12766 12159 11215 10894
8832 8863 8928 8959 8972 8979 8951 8973 9197 9395 9724 9872 9921 10250 10250 10022 9782 9074 8637 8745 8766 8706 8132 7955 7594 7313 6916 6554 6653 6635 6332 6394 6440 6529 6542 6552 6538 6549 6760 6844 6845 6512 6222 6161 5934 5938 5954 5943 5944 5935 5951 5958 5958 5959 6064 6369 6497 6733 7176 7963 8550 8680 7996 7455 7217 7341 7762 8090 8258 8655 9024 9941 10936 11377 10992 10806 11195
8883 8916 8966 9021 9062 9000 8951 8946 8972 9321 9733 9624 9090 9291 9725 9725 9083 8689 8387 7930 7921 7884 7777 7629 7221 6834 6319 6241 6211 6253 6296 6358 6418 6423 6459 6508 6529 6545 6630 6630 6562 6508 6362 6228 5988 5909 5912 5915 5910 5915 5923 5929 6030 6178 6145 6189 6342 6652 6933 7254 7578 7655 6862 6196 6105 6435 6714 7178 7744 8108 8387 9444 10568 11305 11715 12045 12459
9013 8937 8882 9168 9187 8911 8803 8791 8844 9321 9734 9878 9855 10107 10344 10354 9341 9546 9456 8762 8417 8107 7637 7179 6643 6216 6214 6207 6260 6239 6420 6383 6473 6497 6502 6499 6514 6515 6511 6544 6449 6461 6457 6383 6271 5884 5899 5827 5930 5916 5938 6061 6112 6201 6131 6070 6126 6334 6516 6597 6876 7055 7007 6556 6329 6352 6673 7158 7550 8097 9221 9997 10679 11094 11581 11883 12189
9425 9251 9120 9187 9179 9032 8870 8844 9098 9350 9661 9958 10170 10403 10563 10660 10592 10411 9907 9259 8737 8229 7618 6955 6412 6152 6190 6217 6222 6263 6418 6456 6403 6479 6497 6480 6490 6488 6507 6475 6445 6473 6445 6460 6360 5923 5898 5937 5927 5913 5986 6054 6110 6156 6067 6093 6242 6272 6517 6587 6650 7065 7527 7653 7606 7380 7772 8632 9186 9223 9465 9958 10026 10378 11111 11538 11852
9444 9240 9135 9046 9056 9087 9131 9074 9242 9187 9851 10001 10492 10905 10710 10193 9765 9984 9797 8927 8324 7750 6871 6368 6147 6158 6202 6217 6231 6254 6278 6360 6390 6428 6519 6565 6542 6525 6552 6536 6531 6491 6430 6427 6295 5965 5936 5937 5954 5940 6020 6023 6082 6106 6033 6176 6276 6292 6304 6424 6565 6842 7411 7785 8055 8201 8470 8913 9200 9365 9408 9407 9584 9830 10436 11040 11536
9268 9419 9317 9260 9080 9170 9139 9358 9372 9343 10025 10603 10850 10972 10376 9092 8004 8468 8878 8174 7401 6917 6530 6171 6150 6152 6160 6190 6247 6275 6301 6506 6565 6298 6369 6531 6596 6548 6561 6557 6488 6553 6543 6470 6267 5948 6020 6041 5949 5967 5983 6164 6205 6192 6019 6154 6222 6268 6272 6263 6317 6553 6839 6949 7184 7518 7730 7916 8264 8539 9006 9226 9446 9501 9656 10305 10806
9025 9487 9439 9312 9275 9285 9189 9488 9567 9674 10092 10802 10824 10831 10381 9530 8891 8409 8082 7274 6649 6449 6426 6175 6185 6161 6171 6199 6244 6252 6451 6647 6637 6633 6501 6538 6582 6568 6573 6581 6617 6651 6646 6616 6538 6086 6022 5991 6026 5987 5989 6000 6008 6020 6025 6035 6057 6079 6102 6122 6303 6290 6215 6188 6264 6548 7347 7853 8233 8385 8731 9071 9178 8973 9417 9708 9808
9005 9290 9262 9264 9247 9358 9494 9627 9791 9971 10315 10653 10629 10440 9834 9048 8499 7888 7292 6722 6561 6444 6444 6212 6170 6173 6188 6200 6249 6271 6419 6645 6680 6656 6613 6609 6533 6623 6766 6740 6825 6894 6895 6872 6876 6647 6271 6178 6090 6111 6010 6008 6021 6031 6035 6060 6078 6103 6132 6148 6139 6143 6142 6142 6144 6162 6822 7808 8253 8348 8563 8902 9034 8926 8689 9148 9668
9572 9525 9401 9475 9618 9669 9758 9904 9943 10002 10293 10352 10319 10111 9212 8629 8243 7857 7235 6693 6483 6362 6512 6225 6271 6221 6176 6197 6220 6264 6291 6475 6656 6770 6786 6869 6999 7009 7134 7184 7396 7527 7571 7570 7549 7463 7247 6735 6533 6352 6099 6019 6022 6033 6046 6071 6080 6106 6119 6131 6137 6142 6139 6139 6139 6181 6581 7110 7046 7799 8217 8594 8794 8956 9090 9407 9695
9947 9904 9738 10105 10167 10248 10184 10547 10579 10609 10608 10685 10722 10122 9476 9101 8530 7944 7435 6887 7009 6949 6684 6289 6299 6256 6207 6217 6223 6249 6280 6369 6474 6932 7186 7408 7543 7575 7724 7842 7775 7512 6779 6521 6806 7216 7314 7502 7288 6577 6128 6020 6018 6041 6046 6074 6091 6111 6194 6300 6306 6175 6152 6160 6184 6482 6769 7182 7542 7859 8164 8365 8886 9163 9525 9989 10124
10302 10382 10666 10831 10662 10592 10923 11176 11333 11345 11379 11236 11174 10386 9715 9131 8568 8119 7879 7894 7797 7630 7122 6424 6334 6240 6226 6235 6247 6232 6257 6299 6447 7065 7539 7755 7918 8007 8281 7990 6837 5366 4002 3337 3712 5232 6797 7779 7769 6919 6236 6025 6024 6038 6054 6228 6257 6260 6383 6611 6620 6554 6538 6672 6731 6754 6926 7231 7646 8183 8471 8699 9110 9358 9620 9962 10218
10710 11011 11217 11318 11134 11140 11377 11497 11620 11698 11684 11360 11193 10405 9842 9359 8816 8455 8341 8282 8419 8249 7735 7248 6888 6371 6333 6297 6307 6284 6274 6279 6398 6819 6856 7228 7884 8182 8425 8153 6752 5207 3901 2902 3622 5133 6814 8004 8007 7109 6495 6115 6032 6045 6061 6232 6337 6295 6367 6522 6555 6498 6817 6735 6460 6205 6206 6315 6976 8109 8581 8669 9144 9317 9442 9547 9800
11182 11398 11585 11548 11611 11983 12013 11845 11798 12051 12028 11407 11034 10324 9742 9496 9186 8805 8654 8559 8482 8465 8140 7554 7107 6360 6369 6311 6321 6301 6273 6278 6283 6468 6815 7327 7689 7991 8441 8623 8527 7116 6263 5524 6073 7119 7794 7979 7912 7117 6608 6477 6214 6156 6097 6089 6112 6151 6238 6333 6368 6465 6861 6636 6180 5941 5998 6258 6270 7123 8472 8789 8986 8909 8792 8581 8736
11632 11667 11846 12110 12273 12316 12107 12384 12374 12344 12278 12131 11437 10554 10018 9708 9436 8909 8624 8570 8496 8411 8165 7648 7084 6476 6381 6404 6368 6329 6286 6297 6295 6290 6343 6705 7118 7637 8088 8543 8665 8616 8344 8037 7697 7796 7761 7359 6767 6493 6396 6145 6159 6270 6179 6095 6102 6128 6128 6326 6437 6449 6859 6928 6792 6260 6093 6581 7255 8108 8560 8544 8653 7886 6662 6245 6704
11992 11975 12270 12287 12477 12610 12665 12683 12718 12683 12683 12565 12063 11214 10543 10042 9695 9286 8984 8697 8552 8290 8060 7525 7062 6668 6449 6416 6424 6515 6313 6290 6287 6296 6287 6406 6495 7103 7381 7729 7917 7939 8051 7888 7462 6878 6628 6485 6303 6172 6099 6055 6065 6095 6081 6098 6108 6312 6360 6259 6159 6238 6488 6828 6880 7030 7118 7558 7967 8260 8825 9512 9531 8918 7849 7252 7262
12329 12348 12373 12337 12556 12640 12766 12827 12898 12790 12793 12724 12472 11882 10996 10266 9887 9692 9493 8976 8604 8476 7920 7443 7058 6713 6516 6504 6474 6512 6399 6390 6291 6296 6284 6418 6430 6765 7062 7219 7093 7032 7193 7046 6776 6366 6181 6184 6178 6094 6057 6050 6069 6079 6092 6097 6128 6317 6349 6341 6358 6304 6412 6516 6549 6655 6862 7291 7738 8272 8834 9593 9958 10029 9895 9679 9678
12267 12348 12503 12457 12450 12466 12607 12755 12787 12736 12707 12684 12627 12226 11358 10567 10401 10332 9860 9089 8794 8563 8052 7679 7157 6735 6594 6638 6466 6483 6548 6403 6328 6455 6316 6335 6335 6472 6481 6599 6593 6438 6303 6297 6178 6142 6171 6217 6226 6120 6062 6058 6041 6068 6126 6134 6149 6224 6234 6284 6313 6310 6220 6243 6282 6483 6915 7360 7955 8411 8637 9324 9560 10146 10741 11124 11235
11851 12098 12404 12372 12291 12256 12165 12206 12280 12271 12288 12390 12483 12215 11516 10981 10864 10592 10445 10022 9563 9229 8519 7865 7449 7028 6746 6655 6663 6562 6582 6471 6648 6683 6691 6649 6496 6404 6345 6281 6251 6161 6202 6171 6164 6101 6390 6429 6595 6621 6527 6350 6131 6100 6170 6206 6137 6140 6146 6174 6207 6170 6262 6392 6463 6694 6947 7199 7904 8552 8656 8871 9437 10187 10721 10837 10794
11668 12048 12260 12385 12354 12170 12027 11987 11905 11813 11808 11829 11888 11911 11684 11428 11139 10856 10529 10164 10119 9960 9269 8314 7825 7386 6980 6805 6741 6800 7076 7049 7042 6928 6844 6818 6687 6757 6726 6508 6445 6423 6361 6319 6229 6245 6467 6527 6578 6775 6749 6564 6504 6471 6356 6291 6257 6129 6147 6199 6202 6118 6128 6273 6551 7001 7402 7970 8299 8816 9217 9618 10232 10933 11080 11142 11041
11606 11901 11989 12042 11975 11962 12005 12082 12046 11785 11845 11799 11742 11791 11894 12010 11957 11529 10851 10454 10328 10302 9964 9054 8353 7866 7539 7384 7253 7070 7197 6859 6056 5894 5452 5521 5922 6673 6761 6674 6582 6516 6464 6494 6382 6328 6539 6753 6736 6768 6753 6697 6531 6550 6379 6053 6246 6158 6159 6133 6214 6328 6369 6527 6826 7258 7652 8048 8470 9064 9343 10141 10848 11111 11102 11225 11253
11155 11223 11212 11154 11351 11344 11235 11907 11981 11703 11793 11746 11805 11865 11895 12045 12082 12056 11690 11179 10804 10607 10235 9712 9317 8826 8548 8200 7997 7786 7607 6689 5726 4960 4622 4615 4717 5574 6647 6861 6807 6790 6785 6777 6675 6673 6754 6764 6761 6772 6813 6842 6807 6576 6446 6348 6260 6309 6456 6599 6681 6824 7045 7359 7372 7712 8219 8812 9173 9628 10019 10453 10898 11205 11357 11426 11387
10295 10360 10611 10630 10680 10686 10894 11444 11581 11334 11427 11539 11620 11984 11983 11784 11521 11918 12114 12180 11808 11080 10480 9946 9601 9342 9231 9103 9124 9038 8853 8151 7287 6428 5898 5724 5922 6705 6971 6931 6839 6829 6817 6838 6799 6792 6805 6880 6873 6767 6826 6813 6932 6700 6491 6467 6565 6830 7182 7354 7411 7279 7717 8239 8444 8849 9015 9578 9849 10253 10622 11268 11436 11362 11501 11564 11608
10143 10293 10555 10571 10654 10498 10621 10776 10791 10839 10938 10862 11317 11533 11822 11924 11906 12003 12192 12254 12244 11824 11179 10349 9907 9548 9453 9309 9325 9409 9401 9275 8930 8764 8335 8089 7883 7508 7012 6948 6829 6873 6995 6992 7050 7066 6801 6784 6796 6849 6678 6902 6928 6753 6839 6763 6654 7131 7701 8080 8256 8677 9020 9000 9147 9471 9684 10096 10582 11020 11484 11615 11563 11447 11339 11522 11707
10199 10622 10813 10769 10752 10617 10560 10500 10580 10649 10822 10994 11161 11496 11866 12026 12031 12066 12136 12264 12227 12107 11988 11129 10450 9879 9658 9731 9404 9551 9551 9579 9526 9320 8954 8362 8067 7597 7249 6904 6933 6990 7100 7357 7366 7344 7154 7089 6953 6955 6960 6998 7014 7204 7528 7490 7478 7652 8261 8613 8814 9418 9809 9790 10122 10604 10613 11320 11792 11911 11905 11639 11508 11399 11464 11685 11884
10650 10689 10837 10791 10857 11143 11237 11051 10712 10830 10936 11190 11415 11513 10895 10406 10499 11226 11998 11998 11928 11934 11941 11786 11725 10984 10505 10234 9897 9750 9705 9453 9123 8774 8760 8643 8607 8234 7983 7533 7436 7539 7563 7288 7510 7572 7542 7363 7137 7332 7388 7643 7757 8369 8517 8482 8766 8802 9254 9699 9726 9752 9948 10451 11234 11903 12004 12133 12184 11979 11847 11635 11554 11488 11925 12020 11975
10733 10938 11042 11138 11113 11219 11317 11321 10982 10714 10796 11046 11048 10258 9055 7980 8324 9738 11167 11687 11594 11185 11351 11819 11894 11911 11966 11659 11051 10572 10164 9153 8427 8000 8370 9116 9362 9094 8638 8262 8225 8178 7714 7961 7980 7944 7691 7833 7848 8099 8168 8698 8887 9121 9461 9586 9753 9972 10300 10609 10611 10370 10108 10729 11306 11891 11851 11893 12065 11956 11985 11995 11984 12203 12217 12085 11896
10799 10960 11171 11237 10820 9965 9637 9940 10660 10907 10831 11267 11045 9845 9025 9681 10397 11029 11791 11787 11362 11200 11143 11548 11766 11942 11985 11947 12065 11914 11375 10839 10449 10278 10446 10811 10805 10627 10264 9853 9739 9572 9343 9040 8868 8624 8427 8345 8602 8831 8179 8727 9634 9745 9920 10237 10576 10843 10780 10942 11156 11166 11234 11347 11307 11838 12093 12012 12293 12487 12640 12442 12286 12227 12093 11729 11389
11011 11126 11240 10143 9102 8020 7694 8477 9659 10862 10783 10957 10931 11087 10987 11120 11406 11518 11620 11262 10951 10833 10832 10973 11088 11321 11576 11983 12156 12464 12422 11955 11533 11103 10916 11017 11145 11526 11516 11428 11230 10952 10395 10536 10265 9819 9596 9327 9420 9532 9870 9941 9914 10145 10421 10720 10966 11121 11314 11356 11375 11551 11649 11926 11949 12173 12160 12141 12390 12639 12667 12475 12105 11914 11631 11218 11266
11046 11014 11078 10763 9950 9051 9349 10169 10927 11087 10879 10508 10663 10836 10889 10851 10968 10989 10956 11048 11061 10967 10878 10823 10844 10997 11159 11502 12067 12459 12480 11944 11458 11037 10801 10524 10656 11044 11322 11598 11632 11621 11479 11259 10982 10539 10143 10477 10619 10707 10841 11017 11370 11686 11773 11781 12006 12159 12073 12074 12171 12295 12191 12053 12169 12137 11781 11821 12033 12111 12015 11749 11573 11092 10648 10485 10640
