Alternative/Moon/Lvl0_30x30/Ele_FG.asc
ncols         335
nrows         335
xllcorner     57491.657
yllcorner     -10077166.958
cellsize      10000
nodata_value  -9999.0
[rows 68 to 101 of 335, columns 77 to 153 of 335]
19444 19839 19973 20255 20562 21020 21196 21109 20821 20480 20132 20010 19950 20006 20043 20138 20329 20593 20630 20832 21198 21355 21525 21577 21913 22011 21965 21858 22264 22879 23279 23483 23591 23597 23681 23998 24137 24333 24487 24532 24702 24596 24586 24585 24406 24355 24145 23975 24004 23916 23998 24106 24080 23793 23621 23587 23517 23491 23517 23641 23646 23652 23737 23745 23742 23713 23462 23008 22427 22100 22013 22020 22098 22127 22350 22511 22803
18780 19270 19794 20314 21023 21159 21137 21101 20861 20441 20100 19917 19798 19878 19942 19952 19859 19806 19881 20085 20287 20251 20636 20957 21316 21425 21594 22005 22546 22982 23303 23357 23542 23920 23990 23981 24054 24198 24361 24388 24370 24217 24036 23872 23678 23653 23538 23253 23206 23308 23338 23323 23490 23309 23141 23196 23260 23235 23140 23188 23215 23336 23444 23541 23607 23648 23628 23554 23407 23313 23162 23110 23126 23242 23271 23244 23279
17766 18402 19256 19908 20697 21058 20892 20675 20626 20526 20303 20131 19967 19919 20045 20057 19933 19905 19903 19945 19978 19940 20093 20280 20528 20767 21305 21902 22478 22914 23265 23450 23675 23696 23662 23722 24005 24026 24084 23979 23910 23657 23307 23145 23129 23068 23014 23116 23145 23137 23145 23319 23441 23374 23279 23291 23173 22904 22615 22454 22290 22099 21845 21906 22074 22250 22449 22562 22639 22667 22623 22470 22369 22312 22264 22315 22397
17417 18122 18579 18968 19779 20329 20461 20519 20628 20552 20413 20487 20467 20218 19924 19886 19810 19842 19822 19814 19792 19745 19732 19903 20331 20651 20866 21360 22046 22466 22742 23077 23487 23979 24193 24147 24097 24037 23711 23534 23422 23246 23112 23050 22924 22863 22866 22969 22998 23042 22993 22948 22832 22774 22541 22224 21731 21102 20847 20714 20537 20230 20152 20147 20285 20287 20431 20529 20610 20626 20591 20517 20568 20595 20749 20774 20907
17368 17385 17517 18247 19129 19887 20473 20732 20793 20889 20928 20884 20718 20550 20149 20096 20103 19921 19735 19733 19719 19706 19695 19828 20260 20828 21559 21743 21894 22190 22658 22973 23555 24003 24154 24071 23985 23727 23486 23290 23175 23125 23093 22965 22908 22850 22956 23035 23002 22727 22596 22524 22277 21792 21139 20732 20418 20051 19655 19269 18978 18872 18992 19104 19052 18999 18995 18982 18981 18896 19005 19153 19375 19581 19858 20164 20451
17830 17969 17935 18165 18907 19516 19924 20205 20655 21048 21217 21090 20786 20435 20191 20118 20163 20121 19881 19668 19648 19683 19856 20066 20542 21162 21770 22000 22048 22053 22494 22860 23066 23359 23706 23822 23719 23555 23454 23388 23357 23159 23036 23050 23015 23054 23010 22978 22751 22366 22024 21704 21362 20766 20250 19797 19273 18821 18436 18184 17816 17493 17567 17599 17547 17508 17539 17570 17608 17550 17651 17714 18011 18444 18934 19317 19676
17296 16848 16434 16683 16804 17011 17397 18064 18754 19383 19847 19842 19711 20038 20250 20245 20158 20056 19999 19932 19834 19869 20127 20467 20920 21382 21514 21680 22022 22181 22492 23037 23369 23503 23513 23517 23647 23728 23528 23389 23290 23119 23008 22946 23052 23011 22668 22574 22209 21766 21293 20835 20225 19545 19025 18582 18102 17559 17120 17038 17011 17008 16992 16961 16946 16920 16903 16903 16888 16874 16876 16921 17067 17527 17939 18290 18620
16221 15813 15773 15822 15846 16064 16356 16690 17345 18218 18849 19163 19243 19851 20363 20360 20149 20125 20322 20384 20318 20566 20930 21027 21384 21746 21949 21957 22059 22344 22896 23167 23413 23627 23709 23614 23638 23628 23503 23410 23277 23188 23024 22945 22936 22754 22174 21925 21709 21184 20505 20010 19269 18482 17777 17382 17105 17057 16977 16984 16979 16951 16923 16911 16942 16934 16868 16878 16877 16902 16873 16879 16887 16946 17172 17457 17695
16562 16055 15795 15862 16096 16393 16855 17152 17632 18429 19190 19337 19553 20276 20446 20412 20376 20359 20490 20455 20332 20544 20918 21041 21476 22095 22350 22402 22334 22516 22817 23165 23385 23663 23710 23622 23617 23476 23425 23422 23382 23189 23074 23107 23156 22789 22117 21771 21168 20581 20044 19456 18673 17956 17322 17063 17031 16972 16993 16999 17014 17042 16976 16921 16865 16903 16899 16858 16868 16890 16889 16888 16878 16904 16975 16963 17097
18058 17963 17765 17643 17693 17701 18110 18544 19094 19545 19806 20198 20919 21129 20984 20765 20511 20440 20401 20425 20655 20960 21443 21827 22327 22417 22822 22995 23122 23162 23265 23309 23484 23510 23580 23586 23480 23328 23306 23343 23398 23389 23340 23317 23215 22836 22232 21725 21092 20565 19875 19254 18435 17797 17306 17081 16979 16911 16957 16946 16988 16947 16942 16993 16905 16862 16872 16873 16874 16887 16899 16898 16894 16883 16890 16910 17083
18446 19248 19856 20182 20383 20442 20471 20927 21262 21282 21370 21417 21389 21306 21168 20992 20640 20331 20788 21209 21490 21925 22132 22430 23041 23592 23749 24009 24064 23749 23651 23526 23202 23006 23067 23293 23310 23168 23106 23162 23287 23266 23229 23233 23010 22741 22270 21819 21190 20488 20033 19613 18886 18174 17373 17043 16881 16871 16883 16901 16915 16915 16921 16915 16906 16889 16886 16883 16863 16881 16897 16901 16872 16899 16951 16973 17404
18559 19233 19830 20278 20675 20829 20997 21039 21105 21124 21218 21200 21148 21401 21528 21515 21426 21783 22241 22511 22599 22700 22744 22986 23400 23538 23892 24202 24229 23852 23621 23311 23242 23033 22956 22948 22897 22940 23033 23036 23026 23092 23105 23036 22806 22540 22320 22113 21754 21206 20556 19919 19118 18396 17908 17468 17073 16951 16918 16911 16936 16931 16946 16941 16937 16944 16944 16942 16949 16941 16943 16932 16916 16991 17109 17394 17985
18780 19259 19698 20002 20347 20540 20668 21068 21245 21318 21262 21144 21161 21540 21718 21747 22016 22461 22987 23307 23189 23010 23029 23143 23270 23566 24011 24141 24089 23765 23518 23307 23045 22899 22808 22720 22647 22703 22752 22754 22677 22649 22574 22542 22554 22441 22385 22426 22239 21691 21106 20600 19873 19289 18948 18597 18022 17263 17054 16974 16968 16971 17038 17039 17069 17056 17080 17064 16939 17124 17115 17148 17345 17458 17792 18166 18688
18903 19268 19663 19944 20207 20603 21248 21553 21699 21904 21948 21951 22101 22188 22249 22195 22542 23028 23321 23509 23609 23586 23611 23571 23389 23478 23883 24027 23889 23721 23582 23268 22961 22788 22615 22554 22610 22808 22853 22841 22725 22469 22329 22317 22240 22339 22545 22588 22550 22258 21699 21198 20680 20205 19845 19616 19297 18742 18079 17697 17551 17529 17601 17681 17747 17970 18007 18012 18034 18077 18309 18558 18758 18901 19122 19257 19281
19572 19956 20265 20559 20825 21139 21686 22297 22697 22874 22803 22606 22567 22808 22728 22853 23256 23450 23519 23439 23630 23681 23717 23649 23457 23228 23261 23256 23414 23414 23379 23182 22944 22731 22560 22498 22539 22647 22532 22486 22417 22694 22533 22298 22277 22119 22335 22368 22305 22263 21982 21894 21466 20961 20619 20280 20041 19765 19629 19384 19091 18924 18942 19032 19278 19406 19475 19455 19366 19303 19475 19637 19870 20104 20264 20125 19566
20347 20691 20958 21296 21804 22182 22653 22819 23079 23075 23051 23076 23318 23419 23574 23730 23864 23906 23780 23644 23279 22994 22956 23093 23241 23645 23952 23977 23898 23804 23599 23360 23216 23020 22835 22611 22450 22382 22385 22306 22309 22060 22098 22153 22055 22016 21993 21974 21892 21904 22025 22118 22282 22255 21998 21429 21133 21151 20893 20799 20643 20889 20959 20883 20603 20565 20717 20925 21249 21497 21481 21401 21179 21087 21111 21111 21074
21473 22179 22546 22845 23221 23283 23418 23583 23554 23490 23300 23475 24060 24070 23966 24039 24093 24029 24163 24238 24196 23884 23414 23053 23231 23700 24009 24060 24003 23841 23588 23404 23139 22971 22721 22598 22371 22100 21875 21766 22020 22078 22158 22154 21964 21840 21801 21755 21826 21903 21963 22085 22298 22385 22419 22362 22303 22006 21936 21795 21778 21780 21222 20877 20263 19787 20036 20442 21097 21612 22114 22184 21903 21630 21412 21516 21671
23403 23914 24023 24087 24145 24207 24041 23913 24018 24146 24174 24338 24458 24409 24334 24232 24056 24164 24334 24355 24326 24137 23638 23391 23403 23376 23465 23402 23192 23105 22886 22785 22562 22413 22137 21959 21809 21829 21813 21839 21894 21858 21751 21596 21564 21581 21563 21567 21596 21621 21743 21791 21918 21905 21740 21919 22059 22022 22121 22318 22766 22698 21661 20750 19861 19033 18776 19385 20406 21498 22534 22907 22744 22788 22745 22811 22767
24272 24171 24056 24046 24091 24083 23976 23949 24091 24181 24211 24321 24313 24248 24198 24078 23994 23848 24116 24148 23891 23400 23026 23318 23442 23363 23171 23040 22942 22620 22382 22176 22030 21876 21827 21796 21849 21849 21795 21685 21566 21662 21695 21598 21683 21781 21836 21856 21829 21884 21993 21947 21812 21961 21846 21908 22046 22182 22220 22354 22866 22976 23027 22733 22174 21726 21649 21830 22398 22956 23116 23055 22742 22933 23097 23101 23003
24232 24084 24060 23929 23792 23942 24156 24167 24226 24224 24013 23711 23572 23676 23571 23393 23573 23647 23487 23535 23425 22753 22086 22605 22835 22815 22601 22521 22245 22005 21829 21719 21765 21823 21729 21793 21737 21750 21707 21669 21655 21627 21683 21651 21765 21747 21853 21860 21836 22044 22136 22098 21955 22019 22000 22017 22036 22214 22257 22286 22469 22768 23119 23183 23217 23156 23125 23091 23082 23045 22968 22846 22735 22692 22727 22748 22661
24097 23956 23853 23941 24042 24152 24217 24153 23923 23708 23522 23295 23150 23208 23301 23348 23333 23303 23395 23402 22770 21840 21147 20799 21194 21795 22171 22171 22001 21800 21819 21821 21736 21738 21740 21748 21710 21736 21753 21860 21818 21753 21804 21884 21907 21817 21748 21661 21797 22017 22137 22096 21927 21863 21798 21835 21910 21961 22029 22168 22291 22391 22618 22831 22868 22837 22751 22863 22875 22777 22650 22531 22492 22579 22634 22568 22490
23651 23540 23741 23817 23867 23785 23634 23547 23398 23194 23072 23093 23129 23248 23279 23285 23410 23218 23157 23119 23066 22912 22784 22584 22472 22322 22182 22109 21997 21789 21781 21714 21827 21742 21730 21751 21777 21786 21743 21799 21817 21759 21757 21715 21772 21696 21635 21620 21671 21808 21855 21816 21750 21778 21759 21777 21797 21839 21878 21935 22037 22168 22219 22318 22387 22396 22376 22379 22405 22493 22549 22562 22537 22441 22336 22402 22427
23222 23089 23020 23094 23085 23022 22986 23261 23292 23236 23098 23129 23297 23305 23273 23247 23247 23236 23233 23182 22981 22815 22660 22560 22425 22293 22123 22030 22007 21944 21903 21958 21968 21829 22135 22262 22260 22079 21885 21861 21819 21713 21774 21835 21758 21673 21646 21625 21630 21621 21638 21655 21645 21687 21767 21762 21810 21855 21895 21960 22009 22041 22023 22073 22117 22184 22302 22301 21941 22340 22401 22375 22431 22444 22441 22512 22625
23210 23118 22974 22738 22840 22945 23054 22997 22985 23099 23059 22781 22830 22870 22783 22582 22624 22643 22598 22527 22421 22320 22306 22295 22234 22240 22071 22056 22009 21896 22049 22094 22095 21994 22116 22256 22132 21973 21910 21845 21780 21621 21612 21615 21616 21604 21636 21634 21596 21614 21610 21615 21633 21660 21770 21819 21877 21872 21881 21883 21888 21892 21934 22050 22005 22034 22037 21997 22085 22280 22398 22390 22344 22394 22386 22507 22597
23071 23087 22922 22807 22735 22842 22868 22815 22754 22779 22556 22663 22737 22659 22510 22425 22311 22231 22219 22074 22073 22278 22424 22479 22281 22164 22079 21958 21920 21880 21756 21869 21893 21777 21699 21805 22026 21996 21803 21771 21742 21605 21579 21579 21582 21593 21618 21621 21579 21577 21593 21597 21635 21708 21767 21826 21830 21850 21862 21886 21875 21866 21939 22004 22055 22109 22123 22198 22199 22239 22276 22384 22413 22406 22510 22491 22473
22540 22420 22625 22575 22767 22782 22641 22504 22494 22531 22502 22489 22543 22462 22248 22197 22176 22144 22166 22218 22236 22216 22081 22089 22090 21955 21832 21719 21779 21808 21762 21840 21906 21872 21831 21859 21819 21773 21736 21731 21643 21638 21622 21614 21652 21622 21656 21589 21582 21604 21647 21664 21698 21718 21764 21802 21854 21873 21920 21924 21886 21890 21880 21946 22230 22258 22185 22310 22353 22382 22625 22691 22640 22878 23025 23047 23035
22504 22640 22618 22594 22752 22680 22448 22511 22477 22554 22466 22195 21847 22114 22121 22159 22123 22017 21989 22087 22153 22117 22067 21942 21946 21997 22004 21939 21879 21748 21739 21738 21843 21831 21439 21535 21823 21754 21746 21786 21795 21706 21623 21637 21599 21633 21625 21595 21609 21712 21789 21813 21770 21815 21866 21932 21931 21912 21948 21934 21864 21913 21890 22015 22238 22383 22544 22609 22735 22981 23309 23327 23417 23535 23672 23674 23649
22410 22632 22628 22709 22711 22619 22653 22616 22578 22489 22408 22453 22266 22287 22180 22136 22020 21994 22011 22013 22029 21994 22150 22256 22290 22259 22523 22526 22217 21925 21941 21967 22042 22046 22100 22086 22014 21847 21894 21903 21866 21789 21695 21652 21629 21639 21644 21664 21733 21807 21944 21928 21903 22017 22024 22027 21963 21879 21906 21978 22060 22071 22011 22056 22290 22545 22841 23023 23222 23371 23440 23742 23792 24063 24206 24350 24431
22200 22234 22353 22623 22679 22765 22659 22583 22554 22395 22455 22475 22335 22349 22259 22194 22137 22158 22157 22062 22067 22439 22583 22508 22317 22375 22698 22781 22861 22735 22480 22436 22285 22395 22511 22532 22435 22371 22283 22126 22061 22072 21990 21836 21862 21750 21810 21848 21801 21766 21709 21711 21685 21979 22016 22007 22090 22088 21980 22043 22215 22213 22176 22266 22505 22656 22822 23033 23291 23572 23833 24019 24134 24385 24578 24588 24726
22480 22536 22762 23182 23209 23033 22888 22947 23036 23111 23193 23173 23129 22952 22784 22646 22664 22628 22619 22660 22636 22818 22947 22949 22516 22497 22855 23167 23408 23379 23298 23229 23093 23036 23051 22891 22864 23085 23041 22854 22698 22580 22572 22634 22461 22199 22046 21875 21998 22003 21957 21937 21985 22147 22133 22084 22137 22236 22263 22338 22355 22430 22528 22598 22803 22960 23188 23546 23827 24250 24590 24600 24716 24909 24944 24927 24983
22866 23021 23015 22903 22862 22744 22684 22892 23215 23506 23730 23781 23770 23647 23526 23515 23389 23410 23341 23301 23341 23349 23237 23450 23822 24050 24133 24175 24088 24031 23875 23680 23474 23467 23461 23410 23174 22961 22954 22960 23010 22927 22675 22749 22882 22847 22706 22606 22528 22550 22476 22465 22461 22472 22571 22546 22376 22478 22527 22536 22560 22674 22745 22900 23170 23374 23552 23916 24255 24578 24747 24842 25023 25055 25152 25286 25332
23263 23489 23300 22827 22494 22384 22259 22459 22900 23152 23633 23878 23896 23718 23669 23675 23799 23892 24030 24034 24234 24286 24296 24334 24263 24335 24347 24332 24124 24088 23861 23628 23518 23486 23355 23191 22950 22818 22803 22861 22948 22933 22997 23037 23167 23211 23124 22973 23047 23135 23182 23114 22997 22947 22974 22987 22660 22939 22963 22873 22920 23097 23199 23328 23449 23653 23929 24226 24610 25005 25227 25242 25242 25343 25347 25257 25176
23239 23399 23400 23337 22997 22332 22575 22785 23024 23229 23299 23342 23309 23335 23494 23620 23719 23699 23901 23960 24269 24349 24268 24264 24136 23974 23679 23317 22818 22745 22395 22142 21938 21788 21690 21640 21557 21557 21363 21644 21646 21845 21998 22143 22311 22634 22862 22889 23067 23449 23784 23774 23721 23654 23545 23366 23370 23371 23263 23292 23289 23303 23342 23445 23728 24057 24197 24557 24948 25342 25457 25408 25725 25825 25673 25361 25025
23109 23183 23178 23177 22840 22847 22933 23089 23136 23050 22993 22872 22769 22737 22665 22794 22799 22789 23133 23397 23458 23378 23147 22980 22693 22238 21772 21448 20952 20678 20460 20328 20088 20102 20023 19958 19937 20002 20108 20093 20179 20390 20727 21000 21318 21541 21828 22214 22760 23290 23710 23866 23925 23906 23912 23914 23727 23557 23581 23575 23686 23727 23994 24338 24642 24692 24942 25223 25504 25858 26260 26276 26090 25863 25504 24891 24143
