Alternative/Moon/Lvl0_30x30/Ele_DC.asc
ncols         335
nrows         335
xllcorner     -13342508.343
yllcorner     -3377166.958
cellsize      10000
nodata_value  -9999.0
[rows 102 to 135 of 335, columns 77 to 153 of 335]
26114 26834 26820 27224 28022 28166 28568 28543 28299 28728 28750 28957 29713 29840 30113 29739 27764 27514 26902 26276 26409 26838 27682 27922 28214 28756 28712 28302 28226 28257 27210 27531 27479 27066 27370 27533 27687 28594 29238 29078 29494 30256 30599 30378 30163 29811 29398 28876 28415 28739 28988 28970 28541 28627 29107 29015 29369 30443 30668 30410 30065 29991 30169 30250 30580 30731 30643 30632 30366 29901 28912 28121 27747 27723 27822 27841 27656
26914 25896 25994 26243 27205 27571 27574 27433 27485 27889 27987 28174 28565 28367 29538 29517 27909 26678 27182 27239 26163 26409 26593 27255 28006 28623 28595 28218 27949 27859 27332 26921 27382 27674 27171 27551 27550 28055 29083 29373 29482 29484 30283 30222 29972 29869 29422 28786 27912 28583 28751 28518 28533 29243 29741 29805 29589 30264 30639 30382 29766 29801 29870 30186 30974 31091 30881 30595 30302 30047 28986 28399 28148 27945 28504 29028 28674
26778 26140 26153 26403 26470 26419 25968 25758 26517 26764 27521 27565 27401 28374 29342 29848 28955 26225 27023 27115 26557 26401 26047 26539 27422 27949 27905 27805 27305 27224 27110 27088 27274 27754 27078 27142 27168 27401 28425 29158 29312 28452 28842 29288 29293 29273 29143 28841 27928 28086 28391 28594 28969 29750 30503 30549 30690 30677 30044 29865 29225 29396 29628 30045 30952 31048 30777 30350 30097 29979 29583 29065 28198 28092 28597 29758 29983
26495 26312 26083 26091 25913 24666 24506 24535 25119 26405 27497 27835 27751 27969 29315 29810 29323 26779 26236 26651 26405 26473 26363 26190 26490 27033 27126 27017 26690 26918 26972 26730 26925 26920 26599 26746 27122 27327 27230 27569 27991 27621 28327 28756 28842 28812 28348 28038 27894 27829 27871 28171 28615 29543 30413 30692 30933 30840 29670 29097 29169 29402 29532 29700 30324 30359 30116 30140 30108 30102 29448 29282 28909 28967 29228 29493 30304
26499 25905 25454 25662 25331 24575 24268 24302 24442 25792 27004 27811 27795 28173 28981 29394 29264 27101 25448 25682 26151 26385 26397 25816 25962 25771 26215 26484 26645 26551 26908 26447 26892 26942 26180 26005 26644 26990 26523 27374 28198 27859 28045 28674 28727 28603 28466 28280 28369 29210 28918 27936 28349 28861 30176 30436 30542 30453 29737 29334 29332 29652 29892 30247 30424 30676 30529 30448 30323 30343 29885 29645 29395 29538 29781 29803 30087
25863 25628 25957 25988 25538 24552 24314 24314 24327 24850 25992 26774 27707 28109 28678 29030 28783 27335 25868 25448 26352 26504 26400 25687 25173 25043 25189 26280 26803 26827 26284 26266 26346 26249 25694 25796 26474 26352 27437 27767 27786 27898 27741 27512 28167 28483 28432 28352 28921 29155 28603 28073 27969 28437 29483 29701 29988 29823 29543 29327 29697 30449 30557 30606 31407 32022 32024 32048 31752 30867 30871 30986 30948 30935 30629 30263 29782
26243 25618 25426 25263 24899 24333 24293 24320 24255 24263 25279 26220 27231 27917 28229 28844 28763 27732 25714 25584 25914 26199 26058 25444 25185 25068 25082 25965 26608 26926 26385 26158 25820 25812 25464 25420 26733 26732 27370 27551 27304 27873 28123 27938 27712 28359 28905 28950 28488 29101 28793 28583 28338 28124 28244 28813 29844 29799 29289 29631 30069 30491 30079 28938 30281 32234 32707 32903 32964 32191 32277 32029 31699 31557 30731 30193 28903
26629 25807 25586 25409 24635 24349 24264 24243 24200 24225 24685 25901 26650 27794 28612 28907 28817 27903 27082 26523 26089 25830 25840 25681 25658 25179 25233 25641 26182 26284 26556 26570 26398 25828 25693 25353 25867 26176 26331 26563 27290 28268 28347 28203 27164 28298 28664 28663 28520 28644 28656 28639 28292 28217 28329 28492 28679 28792 29011 29488 30001 30124 27538 26041 27908 30845 33130 34372 34409 33396 33411 32805 30933 30194 29458 28057 26659
26371 25866 25638 25384 24521 24352 24322 24294 24242 24209 24304 25159 26390 27619 28829 29030 28726 27856 27434 26716 26308 25779 25707 25768 25567 25241 25306 25392 25619 25821 25900 26344 26301 25995 25698 25337 25167 25204 25436 25538 27361 28048 28096 27908 27404 28008 27868 27381 27446 27988 28585 28623 28394 28361 28273 28383 28350 28452 28612 28970 29682 29050 26140 25250 26867 29897 32998 34381 34480 33440 33533 32327 29326 28634 27899 26685 25587
25654 25433 25133 24632 24461 24366 24393 24412 24275 24224 24292 24459 25835 27401 28221 28393 28207 28222 27512 26799 26732 26163 25896 25860 25417 25420 25408 25524 25606 26202 26397 26302 27109 26792 26630 26165 25372 25099 25733 26494 27132 27529 27392 26838 27148 27223 27138 26770 26732 27524 27993 28188 28410 28392 28451 28633 28703 28610 28777 29071 30186 30300 28064 25910 26080 29322 32282 32983 32416 32655 32136 31036 28209 27106 25792 24598 24511
24639 24622 24390 24558 24553 24450 24490 24521 24501 24290 24284 24288 24549 25425 26826 27685 28561 28195 27640 26974 26881 27119 26945 26946 26448 26102 25771 25815 26177 26436 26996 27337 28043 27845 27238 26888 26750 26398 26470 26567 26795 26800 26553 26497 26325 26164 26446 26568 26664 26904 27467 28191 28355 28466 28863 29073 28999 29069 28983 29294 30511 31212 30489 28432 27803 29707 30592 30940 29833 29167 28462 27847 26237 24794 24357 23161 22492
23245 24260 24303 24271 24440 24553 24578 24461 24403 24363 24382 24522 24554 24850 26388 27744 28323 27755 27039 27015 26984 26991 27054 27054 26616 26501 26462 26148 25983 26450 27393 27763 28143 27915 27100 27017 27058 26701 26461 26520 26773 26768 25984 25952 25825 25844 25753 25875 26471 26825 26775 27345 27914 28238 28860 29152 29200 29156 28951 29152 30209 31290 31814 31775 31372 30150 29756 28482 27738 26650 25746 25476 24705 23192 22646 22571 22224
23161 23681 24315 24781 25086 24711 24585 24510 24576 24573 24497 24494 24571 24775 26235 27244 27252 26950 26882 26515 26501 26556 26819 26873 26782 26833 26811 26720 26534 27071 27332 27447 27582 27509 27131 26791 26445 26118 26020 26076 26628 26746 26346 26044 25630 25696 25578 25704 26068 26198 26528 26510 26920 27724 28386 29022 29009 28807 28769 28879 29293 30655 32069 32418 32254 29898 27945 26676 26334 25943 25817 25730 25088 23428 22440 22430 21912
23173 23595 24431 25122 25426 25324 24681 24541 24740 24677 24593 24564 24774 25057 25293 25609 25836 26074 26112 26204 26347 26414 26510 26612 26746 26903 27031 27300 27417 27064 27370 27562 27521 27256 27123 26896 26318 25904 25623 25803 25901 26185 26370 25935 25917 25860 25657 25756 25595 25701 25796 26019 26548 27289 28037 28817 28796 28624 28871 29073 28987 29455 31360 32293 31651 29041 26653 25752 25840 25840 25685 25514 24830 23183 21983 21862 21517
23347 23921 24592 24855 25457 25412 25218 24989 24792 24656 24635 24699 24792 24944 25183 25368 25748 26124 26144 26340 26526 26516 26580 26604 26579 26691 26808 27132 27536 27658 27675 27834 27716 27255 26926 26757 26031 25691 25602 25599 25846 25863 25905 25890 25912 26039 25864 25764 25547 25438 25852 26077 26649 27206 27603 28045 28428 28532 29716 29852 29501 29401 30570 30899 29345 27797 26058 26100 26178 26204 25743 25307 24049 22422 22143 21906 21876
23589 23844 24337 24421 24749 25095 25365 25404 25364 25141 24861 24874 24904 24926 25334 25546 25967 26220 26420 26668 26651 26601 26641 26752 26669 26653 26946 27224 27495 27957 28561 28506 27828 27214 26443 25998 25641 25511 25499 25624 25795 25895 25909 26005 26019 26225 26243 25795 25432 25493 25445 26161 26985 27285 27602 27481 27673 29465 30473 30692 30475 30344 30545 31314 29280 26574 25655 25972 26043 25935 25250 23891 22432 22322 22208 22020 21815
23976 24027 24355 24556 24784 25005 25124 25478 25524 25603 25549 25327 25299 25202 25506 25792 26211 26490 26403 26713 26660 26544 26636 26624 26787 26852 27069 27134 27426 27923 28576 28450 28102 27272 26460 25737 25530 25550 25523 25636 25772 25952 26077 26188 26148 26221 26273 25792 25401 25391 25776 26168 27149 27314 27134 27141 28150 29501 30491 30800 30689 30827 31352 31747 29313 25912 25327 25495 25299 24851 23729 22791 22370 22283 22139 22015 21733
24396 24486 24472 24592 24834 25121 25280 25407 25528 25576 25599 25657 25526 25388 25755 25828 26240 26396 26285 26335 26383 26975 27149 27370 27239 26897 27090 27081 27025 27557 28188 27577 27349 26305 25531 25440 25447 25626 25699 25781 25879 25881 26077 26082 25954 25998 25981 25990 25702 25649 26280 26596 26653 26706 27180 27816 28550 29140 30323 30720 31211 32119 32235 31053 28670 25896 24224 23517 23475 23047 22827 22658 22398 22269 22139 22056 21855
25453 25298 25240 25122 25212 25178 25333 25484 25752 25616 25690 25777 25779 25674 25937 25912 26140 26284 26089 26018 26275 27273 27379 27554 26955 26772 26834 26800 26703 27038 26598 25567 25342 25230 25084 25290 25383 25644 25710 25743 25835 25781 25891 25680 25420 25379 25548 25754 25929 26016 26713 27177 27139 27120 27768 28137 28171 29259 30628 31310 32452 32794 32602 31172 29782 27014 24084 23659 23481 23215 22913 22833 22728 22332 22040 22192 22147
26752 26684 26611 26360 26042 25456 25454 25625 25743 25636 25692 25802 25824 25762 26053 26179 26099 26122 26051 26010 26194 26697 27161 27512 26890 26552 26474 26019 25686 25658 25475 25312 25163 25138 25687 25823 25296 25403 25515 25527 25620 25826 25797 25768 25327 25235 25522 25956 26230 26376 27354 27580 27611 28081 28457 28771 28881 29381 30984 31593 32454 32513 31908 31300 30366 27845 24604 23696 23401 23383 22967 23323 22931 22429 22281 22766 22739
26703 26621 26883 27071 26867 26030 25735 25793 25817 25725 25717 25919 25803 25804 25972 26209 26176 26072 26043 26017 26055 26371 26575 26580 26520 26360 26088 25625 25563 25670 25561 25299 25217 25370 25821 26049 25422 25360 25438 25633 25544 25756 25772 25812 25626 25621 25544 26028 26398 26914 27441 27708 27892 28230 28547 28575 28901 29199 30315 30534 30469 30401 29831 29965 29940 27877 25012 23477 23472 23492 23100 23060 22637 22478 22447 22619 22911
24019 24289 25498 26698 27039 26769 26323 26079 25960 25844 25777 25898 25831 25842 26021 26118 26416 26074 26057 26057 26025 26023 26049 26180 26013 25633 25551 25595 25858 25558 25496 25388 25229 25376 25241 25324 25312 25472 25341 25324 25372 25500 25604 25743 25802 25817 25609 26241 26759 27017 27466 27679 27927 28240 28347 28583 28550 28942 29322 29333 28869 29113 29514 29718 28035 26087 24998 23836 23558 23506 23119 23064 22873 22837 22597 22566 22677
22368 21828 23178 24121 26568 26849 26514 26229 25966 25826 25805 25852 25825 25942 26034 26115 26188 26045 26141 26079 26006 26027 26035 26199 26034 25529 25362 25485 25485 25454 25617 25614 25206 25109 25255 25339 25347 25386 25371 25324 25500 25681 25618 25700 25851 25983 25685 26342 27161 27153 27364 27852 29007 28725 28400 27921 27872 27916 27848 28103 27818 27560 27918 27961 26913 25788 25242 24763 23659 23367 23275 23175 23172 23098 22827 22789 22812
22270 22153 21875 22917 25528 26817 26569 26105 25982 25729 25777 25845 25892 26259 26282 26169 26124 26102 26112 26051 26028 26065 26087 25917 25694 25456 25390 25325 25928 25369 25407 25154 25228 25024 25103 25109 24977 25305 25204 25253 25450 25611 25896 25556 25664 25527 25629 26206 27172 27157 27210 28389 29057 28680 28583 27441 26313 26450 26767 26747 27109 27245 26622 26489 26249 25839 25242 24967 23820 23573 23466 23241 23232 23227 23036 23022 23072
22271 22173 22012 23099 25681 26652 26498 26058 25768 25735 25804 25890 25951 26395 26416 26158 26135 26186 26111 26105 26127 26154 26150 26037 25926 25889 26474 25480 25882 25410 25286 25198 25248 25168 25175 25100 24933 24967 24958 25099 25344 25344 25619 25461 25644 25553 25587 26052 26298 25934 26083 27714 28058 28145 28127 27008 26332 25949 26044 26210 26220 26188 26291 25916 25961 25991 25092 24750 23774 23723 23845 23424 23172 23273 23157 23285 23476
22235 22037 23081 24224 26216 26840 26558 26128 25840 25801 25766 25818 25867 25984 26075 26359 26459 26439 26323 26210 26097 26095 26141 26180 25967 25990 26759 26136 25330 25266 25179 25459 24983 25102 24926 24832 24884 24835 24959 25098 25284 25432 25434 25451 25626 25529 25601 25539 25595 25847 26011 26780 28039 27933 27662 26200 26396 25639 25512 25557 25582 25510 25522 25559 25631 25843 24432 24154 23828 23817 23873 23570 23595 23297 23318 23351 23670
24062 23986 24974 26017 26830 26863 26557 26209 26069 26017 25761 25739 25850 25992 26217 26178 26168 26503 26482 26494 26405 26086 26071 26134 25957 25511 25599 25386 25324 25312 25121 25062 25040 25011 25096 25012 24913 24900 24876 24980 25106 25130 25375 25413 25460 25405 25292 25379 25557 26013 26995 27336 27438 27372 26629 25745 25385 25131 25189 25444 25781 25644 25551 25423 25609 25411 24288 24183 24143 24141 23947 23883 23665 23334 23491 23644 23928
25873 25925 26869 26990 26887 25646 25654 25981 25790 25526 25757 25968 25987 26071 26104 26162 26175 26252 26377 26471 26306 25942 25925 25878 25764 25415 25569 25435 25451 25232 25112 25092 25050 25049 25000 24935 25074 24931 24990 25106 24976 25239 25482 25552 25519 25529 25395 25439 25651 25718 27163 27427 26901 27069 25888 25163 25099 24687 25310 25846 25807 25586 25308 25133 25396 25230 24455 24203 24075 24090 24000 23847 23506 23506 23515 23745 23901
26883 26781 26956 26835 26080 25661 25725 25800 25579 25503 25788 26005 26026 26106 26198 26342 26306 26311 26336 26291 26085 25908 25854 25883 25604 25355 25360 25326 25353 25239 25233 25150 25053 25079 24928 25195 24969 24913 24930 24798 24859 25024 25310 25491 25511 25592 25632 25531 26036 25982 26958 27213 26431 25982 25025 24450 24527 24378 24876 25312 25335 25207 25085 24841 24812 24962 24121 24202 23941 23811 23679 23550 23616 23626 23745 23706 23842
28239 27204 26500 26039 25620 25580 25503 25320 25162 25632 25646 25723 26042 26085 26443 26543 26344 26279 26289 26067 26015 26014 25964 25767 25753 25338 25405 25414 25342 25214 25104 25200 25044 25013 25078 25006 24939 24926 24794 24880 24881 24819 25284 25548 25657 26158 27675 27759 27313 27417 27548 27546 26425 25717 24456 23645 23582 23784 24432 24770 25148 25483 25309 24828 24735 23862 23416 23542 23811 23723 23523 23568 23627 23642 23607 23563 23775
28529 28040 27444 26932 26216 25502 25532 25431 24998 24765 25397 25811 26587 27023 27142 26806 26455 26249 26156 26143 26077 26012 25910 25893 25758 25584 25602 25442 25408 25314 25239 25183 25141 25002 24891 24791 24834 24742 24679 24720 24680 24551 24936 25763 25955 26328 27611 28284 27967 27524 28013 27806 25551 25228 24217 23551 23380 23671 24112 24664 25378 25689 25518 24788 24842 24104 23360 23517 23826 23835 23875 23829 23613 23499 23510 23631 23691
28624 28521 28247 27909 27272 25966 26017 25980 25143 24666 25446 26325 27098 27299 27076 27004 26389 26259 26084 26072 26032 25994 25861 25831 25688 25670 25565 25475 25447 25392 25255 25232 25237 25179 25024 24933 24945 24757 24695 24775 24719 24439 24693 25168 25859 26271 27447 27607 27755 27814 28142 27777 25075 25061 24198 23330 23210 23702 24443 25349 25492 25137 24167 23327 23221 22941 23084 23206 23333 23531 23977 24058 23895 23723 23478 23826 24386
28929 28732 28546 28340 27739 26702 26364 26001 25734 25481 25190 26107 26791 26913 26396 26483 26210 25981 25959 26058 26035 25921 25860 25776 25704 25698 25570 25470 25416 25355 25407 25355 25360 25257 25413 25187 25044 24776 24675 24849 24761 24493 24120 24743 25360 25481 25735 26555 27100 27378 27524 27227 25088 24333 23592 23022 23132 24078 24942 25670 25769 24615 23255 23117 22945 22852 22786 22746 23017 23298 23639 23591 23959 23646 23409 23629 23690
29714 29380 28856 28381 27717 27123 26502 26473 26190 26501 26509 26119 25709 25697 25905 25970 26027 25875 25884 25890 25747 25766 25957 25907 25738 25790 25801 25618 25468 25441 25401 25536 25643 25454 25259 25201 25142 25007 24804 24661 24661 24536 23881 23828 24223 24044 23962 24863 26067 26691 26305 25554 24079 23253 22878 22363 22807 23890 25039 25196 24895 23327 22980 22963 22619 22439 22533 22694 22921 23593 23465 23435 23532 23589 23820 23716 23414
