Alternative/Moon/Lvl0_30x30/Ele_FD.asc
ncols         335
nrows         335
xllcorner     -9992508.343
yllcorner     -10077166.958
cellsize      10000
nodata_value  -9999.0
[rows 170 to 203 of 335, columns 0 to 76 of 335]
21883 22196 22352 22450 22433 22326 22288 22419 22729 22852 22973 23054 23060 23155 23016 23204 23600 23615 23643 23441 23381 23332 23184 23052 23043 22805 22768 22562 22796 23047 23126 23073 22763 22309 21823 21640 21863 21946 21838 21705 21666 21559 21556 21447 21465 21598 21647 21724 21784 21915 22077 22286 22639 23070 23451 23890 24256 24381 24477 24511 24574 24619 24618 24573 24501 24353 24311 24467 24591 24587 24531 24411 24156 24030 24096 24115 24048
22086 22435 22759 22778 22759 22608 22540 22547 22659 22743 22974 23086 23113 23012 23057 23263 23510 23593 23588 23471 23399 23316 23258 23168 23066 22958 22895 22730 22864 22924 23006 22932 22453 22108 22288 22806 23187 23235 23147 22922 22618 22423 22392 22252 22052 21854 21786 21983 21999 21994 22104 22302 22626 23093 23471 23913 24271 24350 24426 24526 24653 24743 24745 24770 24772 24807 24877 24836 24788 24634 24620 24644 24668 24548 24424 24459 24540
21961 22129 22284 22427 22525 22405 22184 22049 22070 22087 22109 22083 22153 22219 22287 22330 22466 22559 22585 22539 22584 22734 22809 22781 22757 22648 22418 22165 22172 22432 22505 22511 22300 22162 22605 23169 23452 23438 23344 23184 22925 22718 22580 22501 22418 22293 22223 22117 22206 22401 22539 22741 22792 22793 23168 23575 23873 23987 24059 24175 24326 24435 24577 24778 24996 25189 25214 25242 25174 25025 24945 24883 24820 24582 24444 24815 24929
21097 21189 21309 21309 21324 21472 21654 21724 21790 21835 21820 21697 21567 21405 21252 21186 21252 21382 21402 21467 21480 21451 21511 21636 21639 21549 21662 21935 22166 22367 22583 22774 22843 23359 23728 23923 24074 24120 24113 24020 23799 23608 23373 23171 22986 22851 22756 22722 22707 22642 22568 22691 22795 22798 22810 22898 23161 23271 23271 23233 23257 23410 23810 24235 24651 24853 24957 24951 24779 25050 25320 25604 25854 25881 25825 25913 25798
20458 20578 20695 20788 20878 21025 21172 21211 21335 21364 21310 21294 21246 21072 21074 21095 21082 21092 21076 21149 21222 21317 21509 21672 21746 21813 21946 22136 22520 22910 23015 22883 22893 23290 23710 23895 24042 24195 24250 24235 24234 24210 24078 23941 23736 23760 23813 23829 23777 23777 23756 23735 23776 23864 23951 24117 24180 24206 24180 24045 23986 23934 23990 24282 24753 25276 25497 25616 25761 26046 26375 26773 27188 27496 27530 27553 27481
19860 19856 20009 20253 20470 20665 20692 20752 20768 20730 20675 20557 20472 20613 20712 20799 20940 21010 21058 21126 21232 21339 21523 21834 22129 22363 22512 22680 22704 22961 22996 22845 22868 23092 23194 23374 23484 23661 23777 23845 23846 23856 23789 23786 23894 23961 23986 24008 24027 24005 23989 24041 24068 24218 24275 24328 24563 24790 24754 24586 24425 24383 24633 24977 25453 26080 26437 26637 26647 26621 26764 26979 27213 27557 27727 27798 27880
20009 20021 19880 19912 20016 20079 20026 20039 19946 19897 19889 20038 20219 20312 20429 20607 20826 20974 21113 21295 21519 21832 22059 22313 22640 22956 23059 23054 22826 22730 22925 23209 23447 23408 23439 23425 23494 23599 23697 23793 23851 23962 24009 24093 24139 24123 24097 24096 24062 24103 24205 24329 24452 24465 24584 24912 25232 25442 25518 25569 25713 25861 25955 26056 26215 26401 26541 26751 27043 27237 27395 27403 27635 27710 27677 27642 27883
20116 20153 20141 20126 20110 20100 20099 20082 20073 20105 20098 20185 20359 20531 20648 20786 20983 21205 21401 21713 22017 22359 22686 23056 23466 23774 23789 23616 23281 22879 22924 23426 23815 24015 24076 24030 23986 23861 23919 23941 23954 24039 24090 24148 24154 24349 24555 24743 24877 24895 24871 24860 24834 24822 24850 24998 25125 25324 25458 25548 25627 25656 25787 25955 26168 26420 26656 26916 27165 27399 27551 27620 27688 27701 27664 27640 27526
20191 20157 20164 20178 20204 20221 20291 20388 20469 20569 20584 20653 20776 20932 21055 21277 21555 21857 22148 22350 22765 23181 23450 23733 23978 24064 24012 23624 23215 22883 22739 23193 23818 24438 24820 24908 24664 24376 24154 23967 24087 24629 24737 24808 24841 24885 24942 24915 24863 24804 24696 24684 24673 24703 24703 24644 24743 24843 24915 24909 24936 25002 25085 25237 25428 25546 25557 25513 25587 25747 25913 26132 26197 26230 26342 26300 26264
20646 20739 20811 20821 20824 20750 20742 20767 20905 21055 21152 21197 21314 21522 21773 22072 22347 22644 22902 23311 23616 23651 23689 23808 23833 23918 23978 24099 24143 23985 23992 24305 24639 24715 24773 24857 24714 24651 24517 24574 24665 24848 24922 24781 24651 24529 24380 24189 24059 24055 24135 24200 24193 24259 24311 24330 24337 24317 24329 24234 24215 24145 24080 24177 24248 24312 24350 24367 24423 24466 24657 24777 24893 24958 24983 25000 24998
21154 21223 21273 21314 21434 21506 21597 21732 21752 21827 21947 22052 22266 22635 22934 23092 23015 22996 23081 23336 23563 23554 23726 23801 23885 24175 24420 24488 24487 24507 24514 24487 24604 24708 24690 24679 24678 24655 24488 24529 24549 24413 24229 24026 23933 23833 23743 23687 23664 23715 23714 23673 23601 23540 23476 23425 23470 23527 23580 23640 23569 23567 23622 23691 23708 23678 23682 23714 23825 23926 24039 24184 24376 24587 24715 24840 24919
21784 21598 21579 21647 21724 21767 21882 22020 22253 22508 22726 22902 22913 22935 23146 23168 22834 22335 22381 22801 23338 23843 24152 24186 24109 24068 24181 24293 24338 24336 24303 24241 24218 24096 23992 23853 23786 23657 23571 23396 23245 23178 23199 23176 23181 23218 23227 23271 23326 23408 23422 23391 23348 23201 23112 23070 23024 22956 22943 22906 22906 22913 22891 22886 22979 22960 22877 23023 23119 23038 22989 22954 22977 23102 23256 23428 23427
21562 21141 20941 21023 21306 21845 22296 22638 22662 22709 22916 23004 23159 23402 23554 23909 24065 24158 24242 24215 24080 23985 24025 23992 23948 23837 23812 23644 23527 23595 23641 23593 23453 23319 23332 23334 23219 23138 23103 23044 23016 23085 23071 23135 23158 23199 23196 23144 23000 23001 22918 22938 22888 22735 22594 22499 22394 22305 22193 22176 22070 21907 21831 21892 21953 22019 22079 22120 22171 22186 22271 22381 22520 22555 22427 22476 22538
23977 23810 23792 23776 23916 24109 24339 24382 24385 24227 24292 24334 24349 24321 24379 24415 24355 24254 24192 24077 23834 23599 23454 23395 23330 23250 23187 23109 23062 23153 23211 23195 23192 23184 23122 23007 22919 22911 22930 22939 22907 22873 22783 22748 22661 22580 22483 22466 22330 22134 22148 22066 22019 22021 22043 22049 22066 22110 22114 22080 22003 21898 21726 21578 21580 21530 21437 21387 21396 21507 21618 21654 21644 21615 21606 21588 21584
24393 24489 24594 24619 24606 24583 24638 24611 24450 24232 24301 24311 24291 24269 24262 24262 24166 24071 24084 24001 23932 23811 23821 23715 23509 23414 23462 23486 23479 23300 23262 23293 23313 23200 23083 22891 22664 22297 22116 21755 21528 21305 21070 20927 20806 20708 20711 20765 20856 20614 20504 20396 20434 20467 20568 20667 20845 20982 21224 21606 21738 21748 21583 21420 21282 21279 21278 21183 21102 21042 21039 21254 21333 21355 21283 21223 21196
24233 24226 24194 24225 24027 23870 23739 23651 23501 23261 23016 22874 22812 22854 23068 23353 23648 23906 23999 24073 24057 23855 23816 23681 23521 23423 23382 23373 23288 23013 22795 22490 22103 21779 21560 21328 21099 20856 20688 20643 20532 20420 20415 20319 20048 19806 19687 19534 19510 19416 19394 19305 19237 19259 19256 19306 19444 19704 19818 19920 19985 20109 20145 20123 19952 19771 19571 19380 19388 19339 19407 19431 19587 19753 19932 20108 20255
22017 21870 21877 21696 21539 21267 21142 21056 21028 20966 20961 20987 21153 21175 21222 21397 21455 21739 21879 22021 22093 22024 21935 21733 21619 21518 21280 21083 21027 20854 20722 20429 20075 19835 19822 19967 20051 20056 19975 20081 20062 19930 19751 19562 19557 19414 19227 19000 18730 18492 18272 18058 17969 17870 17887 17817 17714 17576 17585 17733 17813 17998 18107 18402 18458 18554 18595 18604 18583 18569 18568 18547 18511 18505 18543 18608 18710
19459 19476 19327 19199 19091 19154 19380 19534 19763 19948 20106 20231 20313 20464 20547 20463 20325 20104 20032 20124 20209 20283 20303 20177 20179 20131 19981 19739 19589 19323 19127 19000 19069 19114 19159 19070 19010 18890 18850 18800 18758 18591 18450 18371 18331 18287 18279 18227 18181 18008 17945 17807 17763 17647 17576 17440 17288 17086 17044 17027 17010 17004 17002 17022 17196 17499 17694 17866 18042 18145 18181 18146 18170 18178 18160 18171 18166
18880 18656 18456 18485 18547 18670 18771 18929 19064 19142 19209 19315 19382 19380 19349 19216 19148 19058 18966 18980 18959 18926 19002 18971 19043 19019 18903 18821 18749 18543 18356 18208 18152 18044 17946 17789 17631 17531 17433 17349 17295 17299 17207 17107 16990 16970 17024 17026 16938 17015 17035 17105 17216 17218 17163 17016 16844 16756 16726 16727 16685 16556 16451 16328 16242 16284 16430 16508 16595 16696 16757 16848 16820 16836 16789 16861 16961
17740 17768 17902 17910 17898 17830 17853 17893 18054 18203 18306 18395 18427 18377 18318 18382 18404 18452 18356 18237 18210 18213 18174 18188 18114 18124 18142 18226 18217 18178 17978 17855 17774 17657 17497 17297 17178 17073 17003 16930 16772 16643 16585 16536 16526 16427 16373 16463 16462 16401 16358 16182 16292 16295 16202 16211 16110 16028 15925 15815 15537 15338 15180 15182 15239 15248 15250 15235 15164 15190 15264 15351 15402 15482 15582 15674 15780
17745 17807 17880 17947 17905 17831 17752 17636 17469 17296 17061 16780 16639 16562 16526 16467 16405 16534 16469 16552 16562 16539 16500 16344 16118 16021 16022 16223 16465 16637 16881 17128 17199 17191 17154 17127 17055 16999 16901 16654 16440 16415 16371 16316 16303 16230 16251 16206 16191 16118 16045 15913 15746 15603 15579 15567 15421 15126 14844 14576 14467 14431 14432 14412 14308 14190 14120 14213 14357 14399 14379 14322 14357 14252 14257 14358 14454
17769 17748 17640 17549 17446 17390 17274 17106 16882 16752 16552 16323 16134 15908 15761 15726 15720 15753 15817 15875 15934 15991 15957 15943 15845 15804 15769 15664 15652 15625 15517 15551 15779 15981 16148 16197 16282 16271 16247 16107 15927 15815 15732 15657 15542 15495 15171 14984 14992 14943 14873 14744 14422 14170 14170 14057 13869 13679 13547 13500 13327 13223 13063 12954 12812 12858 12885 12956 13082 13046 13035 12940 12919 12957 13105 13320 13506
17284 17300 17280 17152 17007 16796 16624 16293 16152 15962 15891 15756 15625 15516 15472 15374 15353 15332 15328 15387 15430 15420 15401 15400 15377 15379 15423 15407 15387 15378 15364 15319 15169 14910 14784 14698 14799 14943 15028 15101 15116 15118 15090 14959 14850 14727 14581 14534 14488 14383 14313 14025 13756 13518 13327 13195 13283 13439 13552 13551 13403 13226 13041 12888 12845 12829 12747 12630 12580 12661 12738 12779 12849 12979 13059 13181 13387
15990 15888 15716 15638 15510 15440 15362 15297 15133 15078 15094 15147 15239 15229 15190 15133 15192 15182 15171 15134 15036 14900 14867 14736 14592 14516 14422 14322 14273 14179 14109 14005 13911 13823 13785 13857 13861 13863 13828 13791 13781 13727 13826 13777 13878 13891 13891 13726 13658 13706 13720 13554 13274 13152 13159 13115 12987 12597 12328 12364 12408 12284 12272 12435 12533 12535 12407 12338 12548 12818 12956 12972 13018 13045 13060 13023 12921
14136 14031 13998 13964 13911 13926 13892 13940 13973 14002 14022 13971 13904 13930 13964 13976 13894 13859 13794 13692 13609 13549 13616 13547 13476 13482 13457 13438 13393 13348 13315 13311 13274 13276 13358 13384 13475 13528 13523 13446 13201 12952 12695 12504 12480 12280 12245 12193 12150 12014 11999 12269 12472 12651 12702 12709 12570 12382 12321 12188 12114 11999 11905 11863 11798 11851 12030 12221 12235 12188 12174 12143 12183 12272 12300 12317 12305
13287 13366 13450 13503 13567 13578 13557 13488 13526 13409 13321 13249 13162 12981 13000 12969 13133 13295 13333 13372 13358 13378 13346 13402 13379 13294 13221 13160 13140 13133 13145 13139 13123 13121 13142 13134 12939 12552 12255 12080 12074 12000 11775 11474 11256 11100 11044 10941 10877 10839 10889 10908 11162 11419 11698 11824 11841 11873 11868 11838 11709 11640 11538 11367 11204 11240 11234 11200 11230 11262 11250 11288 11417 11602 11681 11682 11609
12617 12658 12765 12839 12909 13010 13149 13226 13266 13282 13169 13037 12979 12899 12859 12878 12980 12967 12879 12689 12632 12773 12922 12841 12828 12938 13014 13065 13085 13071 13111 13136 13069 12847 12679 12464 12238 11988 11752 11480 11277 11138 11039 10919 10900 10907 10880 10871 10853 10866 10878 10821 10807 10713 10619 10621 10644 10702 10743 10795 11005 11073 11080 10971 11197 11388 11417 11423 11420 11388 11361 11355 11303 11270 11151 11125 11156
12152 12121 12022 11933 12089 12213 12269 12350 12450 12601 12599 12565 12566 12529 12480 12521 12613 12628 12568 12514 12509 12411 12370 12313 12347 12451 12401 12386 12356 12234 12103 11819 11826 11729 11648 11497 11369 11180 11010 10877 10847 10784 10747 10694 10717 10739 10768 10801 10801 10788 10784 10738 10761 10758 10727 10627 10536 10384 10456 10647 10754 10806 10823 10837 10879 11065 11213 11371 11419 11390 11412 11525 11506 11379 11144 11015 11094
11667 11652 11666 11640 11577 11507 11512 11647 11638 11563 11573 11473 11442 11451 11459 11409 11380 11421 11404 11461 11440 11422 11421 11473 11445 11189 10975 10778 10780 10715 10766 10836 10872 11035 11024 10794 10559 10530 10547 10557 10597 10705 10755 10737 10699 10758 10761 10774 10774 10526 10424 10532 10627 10692 10735 10673 10599 10626 10588 10624 10604 10493 10530 10684 10804 10776 10749 10827 10841 10819 10830 10886 10831 10790 10812 10818 10781
10754 10812 10922 10954 10973 11022 10973 10846 10807 10770 10757 10761 10726 10714 10718 10760 10810 10790 10742 10770 10853 10954 10956 11028 11110 11073 10983 10784 10740 10745 10757 10810 10770 10830 10640 10277 10345 10560 10556 10496 10545 10560 10567 10587 10621 10614 10578 10547 10487 10491 10442 10472 10454 10496 10541 10587 10624 10708 10718 10718 10722 10773 10687 10227 9856 9990 10213 10663 10792 10811 10800 10779 10795 10771 10767 10785 10748
10805 10752 10727 10708 10683 10725 10734 10725 10728 10695 10673 10619 10620 10524 10521 10501 10458 10518 10527 10606 10625 10625 10633 10600 10760 10716 10686 10644 10642 10631 10625 10692 10608 10545 10531 10527 10447 10508 10503 10441 10490 10488 10480 10553 10531 10571 10612 10599 10580 10598 10576 10572 10543 10493 10522 10532 10529 10528 10529 10517 10613 10631 10622 10507 10719 10737 10685 10783 10817 10698 10717 10737 10752 10710 10709 10708 10718
10632 10679 10703 10594 10656 10678 10607 10538 10544 10572 10587 10553 10617 10681 10744 10723 10711 10765 10760 10591 10398 10382 10410 10521 10603 10588 10534 10537 10542 10528 10456 10426 10474 10431 10426 10408 10419 10437 10446 10418 10429 10414 10438 10428 10542 10622 10665 10600 10520 10616 10638 10626 10573 10518 10502 10509 10502 10524 10528 10507 10497 10579 10566 10568 10649 10698 10671 10639 10603 10543 10521 10506 10543 10572 10590 10599 10607
10680 10645 10590 10562 10542 10517 10503 10571 10641 10693 10716 10671 10556 10564 10560 10551 10564 10589 10596 10588 10583 10543 10494 10449 10445 10465 10473 10468 10499 10490 10464 10461 10404 10355 10378 10402 10414 10419 10416 10452 10444 10432 10455 10507 10549 10549 10509 10504 10507 10482 10531 10548 10565 10586 10574 10560 10569 10573 10545 10520 10500 10514 10534 10571 10593 10645 10645 10637 10600 10579 10606 10648 10635 10609 10648 10687 10706
10862 10848 10864 10867 10883 10832 10757 10654 10581 10626 10646 10631 10562 10537 10535 10496 10496 10520 10495 10471 10463 10536 10548 10507 10470 10494 10533 10542 10548 10562 10528 10498 10469 10450 10459 10488 10499 10489 10500 10527 10520 10478 10493 10548 10544 10524 10535 10560 10569 10570 10593 10647 10683 10685 10670 10603 10578 10573 10553 10528 10516 10526 10563 10594 10591 10583 10593 10605 10588 10594 10640 10653 10629 10611 10610 10726 10734
