Alternative/Moon/Lvl0_30x30/Ele_FB.asc
ncols         335
nrows         335
xllcorner     -16692508.343
yllcorner     -10077166.958
cellsize      10000
nodata_value  -9999.0
[rows 108 to 143 of 335, columns 243 to 323 of 335]
15837 15865 15745 15659 15585 15684 15736 15841 15843 15688 15517 15413 15319 15149 14968 14803 14709 14468 14194 14024 13826 13790 13793 13665 13705 13861 13956 14000 13975 13922 13865 13876 13816 13631 13443 13353 13281 13359 13394 13337 13258 13190 13113 13048 13011 13003 13012 13001 13085 13249 13287 13277 13229 13251 13108 12875 12627 12459 12507 12593 12629 12636 12663 12871 13240 13475 13821 14114 14362 14514 14732 14867 15021 15242 15354 15408 15463 15465 15101 14705 14346
15511 15610 15608 15550 15510 15444 15593 15838 15926 15927 15909 15849 15607 15333 15004 14801 14740 14694 14549 14645 14568 14433 14244 14224 14044 13949 13805 13633 13674 14110 14111 14058 13889 13770 13795 13781 13707 13688 13656 13594 13568 13521 13334 13197 13058 13047 12921 12947 12998 13054 13077 13146 13148 13131 13035 12842 12689 12704 12558 12516 12577 12682 12839 12933 13195 13562 13833 13976 14262 14388 14483 14561 14622 14725 14874 14948 15135 15315 15369 15294 15276
14488 14834 15112 15464 15483 15481 15610 15785 15923 15979 16135 16154 15860 15120 14503 14433 14649 14795 15025 15017 14850 14674 14609 14615 14401 14180 14219 14342 14338 14396 14461 14415 14371 14319 14273 14176 14145 14202 14275 14304 14293 14055 13846 13678 13509 13463 13350 13354 13316 13359 13396 13333 13307 13304 13206 13066 13166 13184 13108 13018 12910 12955 13151 13403 13568 13788 13979 14031 14096 14215 14238 14312 14371 14370 14316 14287 14249 14335 14373 14440 14564
12971 13378 14021 14650 15090 15438 15625 15693 15794 15894 16112 16268 16232 15977 16053 15962 15910 15870 15678 15278 15044 15023 14830 14692 14748 14894 14988 14949 14781 14752 14744 14697 14572 14457 14334 14490 14614 14700 14776 14706 14402 14180 14288 14261 14076 13876 13717 13536 13453 13474 13489 13444 13444 13240 13041 13120 13321 13335 13320 13217 13082 13089 13105 13293 13395 13475 13569 13679 13893 14060 14095 13998 13969 13956 13816 13929 14024 14130 14216 14265 14318
12257 12628 13190 13813 14272 14787 15181 15508 15711 15750 15838 15938 15950 15918 15941 15840 15788 15741 15659 15637 15612 15423 14956 14612 14566 14788 15011 15013 14986 14891 14757 14587 14457 14134 14249 14402 14404 14300 14335 14442 14501 14511 14533 14503 14417 14208 13896 13637 13524 13335 13313 13380 13404 13245 13302 13489 13477 13389 13419 13345 13265 13215 13153 13197 13217 13264 13289 13309 13321 13388 13575 13666 13766 13876 13931 13900 13929 14076 14103 14165 14131
11888 12070 12400 12960 13433 13821 14257 14729 15032 15234 15277 15220 15054 14943 14958 15295 15362 15444 15622 15625 15480 15163 14762 14496 14180 13704 13485 13800 14031 14409 14583 14557 14330 14038 13908 13932 13857 13929 13919 13888 14059 14131 14336 14387 14384 14275 13940 13786 13550 13311 13255 13460 13467 13472 13469 13507 13562 13535 13489 13384 13235 13256 13315 13273 13219 13227 13246 13253 13338 13458 13698 13876 13912 13999 14012 13964 13911 13889 13886 13810 13740
11491 11794 12117 12465 12764 13229 13528 13734 13879 14180 14512 14820 14914 14998 14990 14834 14809 14802 14883 14792 14682 14584 14897 14940 14766 14306 14046 14464 14796 14911 14946 14832 14582 14334 14245 13990 13752 13711 13558 13524 13520 13532 13745 14100 14294 14360 14298 14156 13962 13778 13904 14002 13981 13953 13830 13736 13701 13681 13619 13495 13515 13516 13530 13505 13459 13445 13466 13587 13845 13901 13979 14022 14041 14102 14093 14091 14054 14016 13970 13932 13891
11315 11576 11592 11483 11679 12152 12444 12767 13261 13491 13677 13845 13944 14081 14141 14085 14215 14261 14204 14112 13980 14086 14384 14498 14451 14216 14129 14368 14566 14641 14678 14646 14517 14418 14381 14251 14235 14178 14145 14151 14096 14155 14393 14570 14675 14694 14591 14494 14203 13860 13844 13878 13987 14315 14397 14311 14089 13901 13703 13628 13585 13566 13534 13542 13548 13560 13726 13827 13920 13942 13969 13978 13965 14023 14123 14178 14253 14411 14403 14124 14437
11003 11239 11566 11900 12079 12242 12486 12647 12811 13042 13203 13376 13458 13528 13625 13678 13780 13953 13972 13988 13984 13993 14010 14030 14037 13852 13726 13730 13754 13727 13818 13930 13983 13993 13965 14170 14206 14334 14575 14820 14873 14983 14994 14937 14908 14874 14819 14759 14693 14351 14024 14067 14410 14637 14702 14693 14468 14119 13904 13752 13723 13720 13692 13708 14154 14013 13891 13851 13875 13957 13994 14007 14038 14083 14243 14395 14514 14493 14460 14185 14318
10815 11051 11229 11605 11925 12073 12255 12451 12523 12626 12724 12885 13067 13154 13145 13007 12865 12993 13003 12852 12654 12879 13046 13122 13129 13007 12644 12788 13077 13116 12814 12929 12941 13001 13515 13819 14039 14309 14622 14840 14950 15101 15103 15073 15023 14846 14699 14652 14636 14741 14808 14729 14670 14706 14688 14613 14454 14109 13877 13859 13835 13830 13815 13905 14065 14165 14171 14214 14332 14284 14156 14152 14213 14316 14398 14456 14440 13888 13132 12534 12040
11109 11239 11521 11649 11780 12039 12186 12163 12039 11951 11829 12046 12378 12496 12439 12200 11934 11645 11611 11958 11980 12228 12380 12458 12455 12310 12239 12601 12876 13006 12908 12954 12941 12970 13093 13384 13857 14180 14318 14425 14673 14857 14997 15036 15022 14854 14611 14395 14378 14527 14579 14560 14313 14126 14077 14107 14078 13995 14051 14051 14041 13979 14145 14282 14285 14342 14427 14535 14566 14558 14556 14480 14475 14437 14261 13968 13505 12996 12344 11971 11588
11095 11301 11553 11669 11670 11807 12066 12201 12197 12375 12613 12701 12781 12868 12866 12806 12674 12438 12166 11943 11935 11987 12255 12533 12694 12812 12974 13191 13214 13168 13035 12870 12802 12825 13128 13625 13946 14185 14286 14419 14482 14538 14659 14773 14771 14699 14514 14402 14351 14286 14375 14378 14455 14469 14442 14433 14404 14430 14477 14551 14515 14804 14829 14747 14864 14930 14915 14829 14681 14634 14632 14559 14511 14392 14313 14068 13458 12855 12353 12003 11629
11559 11436 11554 11574 11778 12059 12302 12605 12872 13157 13339 13404 13433 13451 13477 13447 13361 13302 13180 13008 12807 12768 12928 13102 13228 13339 13329 13365 13418 13314 13058 12910 12869 12911 13020 13388 13554 13677 13858 14049 14103 14183 14407 14532 14634 14642 14496 14522 14437 14329 14401 14421 14485 14816 15019 15129 15055 14798 14683 14650 14700 14901 15124 15193 15180 15140 14895 14786 14587 14523 14418 14164 14222 14331 14393 14287 13790 13249 12621 12189 11621
11651 11656 11771 11885 12098 12319 12532 12861 13310 13709 14083 14195 14212 14231 14231 14190 14182 14156 14100 14056 14021 13904 13898 13860 13940 14053 14051 13998 13986 13831 13486 13058 12768 12599 12651 12720 12870 12981 13159 13245 13355 13605 13929 14227 14416 14640 14782 14780 14720 14860 14902 15065 15267 15358 15403 15416 15346 15016 14615 14438 14401 14506 14702 14784 14938 14975 14843 14592 14464 14273 14234 14380 14431 14442 14537 14548 14376 13848 13086 12627 12204
11871 12005 12121 12368 12606 13091 13364 13372 13577 13930 14471 14691 14720 14708 14754 14724 14668 14615 14715 14772 14796 14744 14443 14046 13887 13865 13884 13899 13796 13531 13145 12800 12517 12430 12483 12745 12888 12818 12534 12395 12671 13151 13720 14195 14593 14968 15101 15232 15264 15284 15252 15263 15323 15330 15323 15347 15224 14879 14584 14368 14211 14153 14159 14225 14278 14293 14496 14487 14405 14318 14302 14326 14392 14517 14793 14932 14989 14942 14551 14073 13371
12373 12595 12802 13089 13303 13508 13742 13957 14204 14403 14745 15068 15088 15093 15067 14897 14952 14969 14924 14809 14841 14765 14446 14112 13892 13796 13739 13619 13388 13254 12938 12563 12338 12355 12473 12362 12430 12541 12734 12902 13069 13269 13674 14181 14619 14965 15181 15320 15416 15457 15388 15236 15116 14996 14994 14980 14866 14697 14606 14470 14336 14337 14357 14384 14323 14275 14378 14379 14393 14495 14444 14410 14436 14506 14689 14876 15158 15343 15396 15263 14819
12602 12702 12858 13038 13264 13483 13696 13922 14152 14348 14540 14735 14809 14994 15002 14856 14947 14985 14952 14785 14684 14575 14299 14181 14189 14186 14154 13957 13749 13387 13091 12801 12647 12583 12482 12404 12472 12598 12809 12959 13063 13080 13270 13621 13986 14245 14530 14839 15141 15436 15430 15407 15358 15217 15152 15059 14910 14877 14900 15030 15083 15015 14891 14850 14636 14528 14474 14444 14559 14573 14489 14422 14480 14610 14807 14912 15142 15297 15437 15583 15632
13205 13248 13343 13242 13112 13091 13285 13422 13577 13768 14018 14220 14474 14756 14759 14808 14805 14779 14760 14709 14614 14437 14330 14305 14414 14555 14619 14660 14483 14162 13750 13414 13166 13146 13138 13119 13061 12861 12576 12546 12518 12375 12440 12697 13009 13432 13869 14366 14730 15159 15385 15417 15345 15178 15123 15049 14910 14927 14904 15048 15230 15251 15153 14991 14839 14484 14256 14130 14317 14349 14347 14376 14433 14575 14734 14881 15022 15211 15307 15529 15681
13413 13410 13375 13416 13480 13644 13643 13601 13593 13752 13912 14178 14331 14548 14756 14946 14997 14984 14760 14535 14442 14339 14285 14314 14548 14804 14892 14862 14619 14191 13800 13353 13023 12668 12808 12813 12778 12698 12502 12343 12333 12344 12606 13020 13305 13593 14011 14473 14799 14894 14886 14707 14734 14809 14769 14625 14518 14493 14548 14575 14668 14701 14709 14657 14508 14387 14290 14252 14203 14178 14199 14208 14212 14403 14722 14837 14966 15150 15260 15370 15588
13383 13381 13350 13366 13464 13671 13713 13718 13734 13931 14106 14260 14378 14511 14742 14924 14949 14829 14751 14605 14508 14265 14018 13946 13889 13838 13836 13864 13794 13524 13119 12725 12567 12415 12134 11930 12028 12071 12239 12258 12215 12140 12372 12777 13128 13489 13992 14417 14792 14870 14925 15108 15132 15168 15106 14922 14734 14813 14667 14541 14562 14431 14367 14330 14305 14263 14219 14193 14194 14180 14192 14192 14367 14738 14994 15100 15157 15186 15148 15115 15355
13456 13410 13398 13424 13435 13425 13448 13469 13599 13894 14076 14125 14196 14381 14532 14704 14790 14774 14601 14385 14210 14013 13750 13562 13480 13344 13302 13274 13265 13234 13086 12848 12470 12277 12134 12068 12143 12087 12064 12073 12067 12049 12070 12078 12218 12544 12965 13479 13963 14475 14937 15201 15336 15387 15412 15373 15390 15269 15064 14797 14558 14402 14315 14276 14267 14254 14219 14192 14191 14196 14203 14232 14445 14812 15170 15407 15463 15487 15439 15394 15459
13481 13513 13592 13616 13589 13492 13497 13517 13580 13706 13760 13885 13960 13988 14093 14138 14158 14130 14114 14063 13912 13704 13468 13362 13323 13266 13197 13176 13188 13126 13047 12794 12453 12091 12049 12029 12045 12053 12011 12021 12033 12041 12086 12085 12084 12063 12185 12357 12763 13299 13781 14258 14632 14875 14951 15026 15098 15044 14930 14721 14532 14355 14263 14247 14241 14213 14195 14190 14190 14184 14232 14227 14372 14722 15180 15427 15853 16122 16328 16299 16418
13509 13503 13492 13527 13532 13528 13530 13551 13573 13583 13650 13623 13635 13654 13666 13687 13715 13706 13732 13924 14061 14081 14009 13943 13897 13802 13630 13406 13300 13204 12978 12678 12506 12396 12308 12352 12247 12157 12113 12087 12131 12172 12174 12223 12243 12253 12346 12478 12585 12893 13176 13418 13861 14202 14491 14729 15090 15166 15056 14984 14832 14481 14308 14275 14228 14226 14233 14210 14226 14213 14283 14465 14817 15255 15659 16017 16457 16689 16523 16462 16959
13711 13675 13509 13483 13478 13547 13551 13619 13747 13947 14040 14044 14043 14062 14128 14208 14237 14286 14435 14689 14945 15089 15082 15096 15076 15022 14900 14709 14647 14473 14134 13855 13670 13586 13672 13700 13598 13266 12888 12705 12549 12497 12685 12822 13000 13335 13485 13477 13295 13224 13199 13442 13756 14127 14501 14810 15106 15125 15097 15059 14955 14812 14789 14651 14468 14457 14443 14387 14438 14467 14414 14665 15252 15818 16297 16555 16827 17080 17412 17669 18052
14325 14425 14392 14384 14329 14287 14249 14282 14377 14448 14435 14300 14241 14208 14443 14863 15194 15438 15530 15540 15658 15825 15785 15709 15694 15590 15568 15536 15373 15298 15063 14887 14808 14770 14682 14582 14384 14102 13869 13495 13268 13186 13123 12788 12936 13330 13821 13903 13757 13508 13646 13808 14065 14252 14454 14559 14529 14581 14578 14558 14452 14381 14336 14326 14354 14410 14438 14476 14614 14656 14763 15150 15536 15975 16384 16628 16849 17094 17395 17688 18075
15830 16052 16114 16054 15643 15546 15429 15461 15481 15339 15135 15009 14910 15035 15385 15956 16326 16519 16482 16295 16034 15937 16000 16098 16162 16116 15993 15969 15888 15625 15534 15442 15283 15108 14999 14935 14880 14611 14536 14513 14360 13898 13942 13941 14021 14165 14214 14149 13933 13891 13908 13916 14013 14135 14118 13973 13820 13781 13783 13796 13829 13833 13852 13832 13886 13940 14141 14328 14475 14545 14735 14990 15267 15590 15955 16180 16478 16766 17011 17197 17655
16758 16898 17046 17070 17054 16986 16909 16756 16692 16703 16746 16807 16778 16755 16854 16958 17015 17023 17010 16956 16891 16764 16668 16396 16260 16161 16181 16164 16109 16038 15816 15594 15417 15236 15114 15051 15050 15055 15062 15047 14948 14740 14402 14174 14081 14083 14066 14097 14236 14382 14467 14465 14408 14369 14238 14083 13832 13828 13785 13806 13827 13844 13869 13904 13922 13930 13946 13968 14054 14151 14399 14612 14954 15288 15500 15647 15784 16038 16309 16357 16607
16851 17057 17306 17492 17657 17822 17962 17959 17934 17953 17981 17856 17451 17154 17011 16883 16895 16943 17033 17034 16914 16796 16636 16308 16244 16223 16264 16119 16033 15972 15754 15567 15573 15536 15449 15539 15582 15594 15565 15583 15578 15544 15458 15411 15397 15279 15074 14818 14642 14603 14510 14451 14437 14425 14279 14138 13850 13827 13814 13829 13867 13898 13983 13987 13972 13991 13992 14048 14040 14061 14205 14337 14344 14474 14768 15067 15230 15468 15888 16167 16560
16678 16863 17073 17377 17671 17907 18046 18036 18010 18047 18017 17907 17800 17684 17440 17104 17006 17034 17081 17108 17062 16956 16749 16502 16182 15965 15944 15920 15899 15697 15495 15517 15585 15717 15950 16143 16160 16110 16023 15908 15879 15890 15879 15854 15807 15741 15649 15569 15289 15074 14882 14693 14458 14294 14031 13828 13820 13846 13845 13867 13889 13900 13939 13958 13956 13966 13962 13968 13958 13965 14065 14142 14108 14276 14461 14661 14730 14989 15234 15634 16072
16583 16994 17327 17815 18060 18133 18296 18308 18190 18193 18219 18172 18012 18005 17973 17791 17577 17448 17581 17692 17639 17478 17174 16871 16677 16476 16299 16165 15845 15631 15645 15667 15713 15793 15951 16175 16218 16248 16251 16302 16355 16321 16143 16032 15939 15736 15669 15628 15546 15520 15253 14884 14552 14348 14204 14171 14138 14201 14170 14147 14135 14063 14022 13998 14007 14046 14083 14086 14068 14090 14121 14248 14521 14654 14717 14750 14747 14975 15314 15485 15746
16358 16830 17313 17833 18126 18338 18454 18449 18464 18267 18156 18206 18212 18182 18087 18046 17847 17936 17937 17892 17805 17626 17492 17254 17010 16668 16393 16174 16012 15910 15804 15732 15719 15730 15731 15762 15883 16040 16177 16295 16457 16467 16283 16147 15897 15799 15709 15690 15556 15503 15177 14849 14558 14369 14342 14467 14599 14687 14681 14672 14661 14683 14628 14459 14458 14412 14350 14245 14212 14239 14293 14370 14438 14508 14678 14687 14564 14666 15062 15285 15428
15743 16267 16758 17083 17237 17454 17652 17847 17935 18057 18195 18257 18117 17959 17908 17808 17771 17692 17723 17727 17667 17540 17331 17061 16888 16702 16360 16134 16111 16130 16235 16185 16079 15751 15618 15649 15629 15633 15649 15775 15859 15953 15965 15899 15798 15689 15461 15222 15140 14879 14494 14316 14273 14279 14248 14218 14202 14311 14378 14427 14632 14720 14714 14712 14615 14462 14324 14184 14006 13830 13735 13707 13716 13685 13658 13647 13776 13954 14295 14510 14604
15137 15587 16120 16512 16577 16921 17112 17232 17241 17209 17163 17089 16971 16961 17279 17543 17627 17632 17551 17344 17104 16887 16730 16566 16321 16162 16106 16053 16024 16070 16181 16135 16069 15819 15663 15661 15649 15655 15640 15651 15659 15711 15860 15994 16050 16023 15851 15597 15175 14844 14520 14351 14341 14264 14273 14258 14230 14239 14239 14244 14268 14314 14393 14417 14405 14440 14489 14364 14037 13746 13747 13723 13731 13721 13692 13673 13635 13612 13606 13665 13707
14624 14883 15169 15373 15486 15697 15985 16325 16454 16534 16549 16220 15925 15828 15885 16090 16370 16548 16668 16610 16538 16387 16374 16220 16058 16018 15998 15925 15844 15813 15785 15687 15644 15642 15654 15660 15653 15714 15702 15712 15724 15715 15825 15957 16101 16085 15980 15936 15895 15715 15390 15038 14745 14464 14327 14308 14262 14253 14266 14279 14284 14289 14319 14341 14395 14622 14850 14870 14750 14556 14385 14202 14053 13985 14003 13992 13962 14012 14082 14227 14454
14072 14347 14497 14604 14717 14778 14955 15316 15425 15366 15384 15377 15335 15334 15314 15325 15325 15355 15458 15651 15968 16237 16274 16343 16369 16306 16157 16035 15927 15781 15637 15675 15663 15649 15709 15696 15731 15755 15758 15754 15780 15807 15831 15802 15906 15919 15940 15969 15999 16083 16117 16078 15735 15336 15061 14768 14561 14403 14373 14393 14392 14387 14337 14351 14385 14453 14574 14623 14645 14614 14600 14535 14481 14500 14625 14710 14817 14850 14863 14827 14863
12762 13549 13516 13839 14046 14233 14449 14697 14809 14842 14970 14992 14986 15009 14986 14953 14912 14952 15036 15126 15236 15584 15924 16178 16314 16298 16423 16451 16361 16150 15931 15794 15777 15779 15839 15859 15885 15920 15918 15949 15976 15980 16059 16071 16042 16021 16095 16149 16165 16235 16200 16128 15984 15880 15655 15429 15192 14975 14781 14665 14609 14557 14526 14445 14475 14528 14559 14582 14604 14594 14595 14578 14574 14592 14724 14853 14928 15005 15001 15011 14960
