Alternative/Moon/Lvl0_30x30/Ele_CD.asc
ncols         335
nrows         335
xllcorner     -9992508.343
yllcorner     -27166.958
cellsize      10000
nodata_value  -9999.0
[rows 170 to 203 of 335, columns 77 to 153 of 335]
18309 19328 20491 20740 20894 20271 19902 19613 19072 18443 18327 18137 18067 18414 18567 19050 19531 18576 17797 17661 17622 17608 17770 17811 17867 17693 18051 18562 18315 18874 18844 18700 18613 18269 18149 17997 17942 17506 17295 17233 17366 17238 17276 17272 17381 17252 16931 16877 16915 16884 16727 16660 16620 16535 16725 16643 16724 16498 16785 16653 16766 16921 16537 16915 16972 17069 16817 16832 17254 17694 17149 16688 16670 16639 16631 16578 16551
17807 18815 19361 20293 21060 20988 20256 19631 19517 19105 18674 18261 18447 18748 19729 20302 20319 18748 17835 17667 17892 17634 17555 17663 17612 17550 17733 18162 18108 18702 18842 18940 18925 18460 18229 18233 17964 17600 17517 17254 17144 17352 17247 17303 17466 17025 16871 16956 17009 16867 16669 16697 16574 16682 16714 16601 16604 16656 16668 16629 16766 17022 16413 16844 17678 17286 16909 17039 17453 17797 17311 16751 16721 16647 16626 16588 16569
17325 17822 18652 19878 21044 21129 20473 19833 19643 19425 19221 18582 18850 19392 20252 20441 20215 18644 16797 17078 17899 17526 17444 17629 17604 17603 17769 17888 18046 17870 18473 18810 18915 18729 18458 18246 18114 18071 17688 17157 17346 17469 17124 17120 17211 16986 17000 16978 17009 16683 16703 16703 16630 16802 16902 16811 16720 16710 16610 16601 16705 16881 16587 17038 18272 17851 16916 17493 17484 17241 16900 16872 16688 16640 16608 16594 16569
16753 17075 17666 19323 21070 21323 20589 20107 20103 19921 19543 19194 19216 19393 20081 19982 19138 17845 16685 18239 18344 17456 17729 17910 17355 17806 17729 17853 17900 17784 17794 18210 19014 18954 18521 18252 18123 18228 17698 17419 17394 17465 17115 17091 16897 16903 16938 16892 16804 16679 16709 16663 16783 16864 17081 16723 16414 16451 16550 16548 16624 17155 17432 16689 17455 16587 16795 17747 17446 16882 16823 16844 16749 16741 16620 16585 16558
16605 16800 17447 18874 21138 21346 20659 20376 20257 19674 19479 19866 19794 19595 19474 19074 17722 16440 16523 18193 18191 17365 17746 17747 17611 17815 17743 17688 17718 17734 17730 17796 19116 19154 18650 18338 18117 18023 17945 17607 17233 17346 16998 16904 16863 16957 17015 16870 16824 16708 16707 16678 16779 16777 16573 16517 16433 16388 16447 16547 16535 16827 17195 17671 16469 15757 17458 17539 16949 16847 16847 16812 16722 16703 16599 16582 16552
16362 16602 17381 18902 21215 21407 20712 20537 19182 17510 17802 19824 20017 19580 18650 17770 17035 16733 16546 18161 17786 17520 17670 17609 17666 17650 17682 17708 17775 17750 17727 17821 18982 19137 18774 18528 18325 17841 17907 17512 17395 17216 17029 17230 17149 17084 17056 16864 16727 16716 16708 16699 16739 16632 16603 16571 16494 16427 16470 16600 16817 16696 17334 17771 16373 16266 17218 17286 16974 17023 16859 16807 16686 16634 16587 16574 16536
16007 16524 17480 19024 21298 21678 20767 20563 18036 16208 15872 18715 19861 19535 18215 17141 17214 17237 16574 18087 18060 17451 17653 17513 17561 17432 17731 17756 17789 17760 17761 17818 18331 19299 19068 18614 18368 18083 17961 17993 17857 17734 17460 17233 17276 17237 17158 16873 16664 16719 16808 16785 16648 16710 16677 16623 16594 16660 16688 16648 17012 16669 17134 17484 17215 17215 17054 16984 16879 16909 16760 16721 16660 16607 16560 16535 16532
15736 16462 17791 19199 20944 21558 20861 20623 18883 17089 17421 18810 19649 19452 18324 17149 17049 17176 17033 17983 17824 17405 17574 17395 17368 17545 17755 17770 17783 17796 17838 17998 18709 19571 19248 18740 18578 18314 18173 18326 18039 17904 17542 17520 17389 17341 17173 16941 16626 16949 17044 16869 17003 16784 16759 16722 16861 16922 16921 16824 16740 16657 17048 17020 16948 17005 16917 16677 16836 16843 16727 16701 16593 16581 16558 16536 16517
16288 16956 17928 19173 20427 21165 21048 20580 19873 18914 18551 18837 19192 19432 18955 18159 16926 17251 17729 17572 17642 17716 17409 17388 17177 17660 17736 17746 17816 17822 18025 18104 18814 19710 19625 19264 18999 18458 18476 18218 18020 17809 17606 17496 17404 17276 16994 16846 16863 16845 16929 16589 17084 16865 16804 16940 17096 17115 16867 16771 16556 16557 16747 16772 16781 16760 16690 16550 16651 16647 16644 16629 16589 16568 16527 16502 16453
16687 17467 18301 19248 20411 21201 21083 20356 19651 18811 18498 18433 19222 19553 19182 18436 18482 18708 18379 17836 17883 17572 17356 17371 17378 17602 17710 17776 17848 18054 18135 18242 19013 19826 19832 19652 19124 18923 18638 18152 18117 17935 17752 17577 17423 17249 16951 16843 17137 16854 16795 16669 17079 16905 16954 17018 17002 16882 16755 16641 16507 16591 16661 16672 16674 16610 16516 16530 16644 16624 16638 16593 16554 16528 16496 16462 16419
17206 17668 18455 19446 20510 21202 21249 20708 19703 18671 18622 18659 19310 19514 19358 18622 19486 19350 18012 17688 17325 17081 17266 17239 17388 17511 17645 17709 18076 18078 18240 18429 19209 19812 19789 19763 19540 19439 19158 18854 18801 18580 18238 17666 17537 17301 17074 17114 17256 17138 17110 16648 16787 16902 16988 17033 16951 16520 16583 16453 16495 16532 16486 16492 16535 16539 16573 16560 16568 16615 16612 16554 16513 16482 16441 16402 16381
17474 17825 18269 19567 20745 21640 21466 21052 20488 19300 18881 19007 19243 19520 19458 19207 19131 18813 17871 17601 17347 16948 17174 17279 17432 17432 17652 17963 18177 18138 18363 18448 19051 19784 19745 19525 19262 19248 19282 19262 19320 19130 18681 18260 17844 17281 17182 17304 17355 17350 17285 16735 16894 16879 16896 16808 16670 16486 16466 16363 16442 16403 16547 16429 16455 16472 16514 16549 16569 16587 16546 16524 16482 16461 16398 16371 16317
17564 17959 18911 20285 21415 21802 21679 21413 20713 19699 19761 19419 19621 19873 20058 20030 19408 18933 18280 17331 16960 16950 17277 17326 17310 17614 17711 17987 18080 18105 18371 18623 19417 19719 19808 19602 18363 18884 19275 19197 19195 19265 18899 18380 18004 17509 17673 17568 17423 17286 17080 16964 16980 16927 16722 16995 16789 16445 16395 16372 16416 16466 16504 16531 16548 16523 16540 16632 16622 16579 16522 16509 16519 16416 16393 16325 16264
18129 18435 19304 20596 21549 21781 21683 21518 20275 19009 19777 19514 19667 19952 20237 20249 19585 19301 18241 16206 17161 17083 17268 17359 17453 17702 17738 17750 17916 18199 18529 19013 19523 19723 20080 19770 17988 18477 18898 18784 18788 18827 18376 18269 17888 17639 17731 17756 17597 17201 17280 17330 17132 16796 16556 16972 16809 16391 16404 16398 16405 16544 16609 16628 16614 16589 16733 16714 16675 16599 16513 16485 16470 16439 16375 16325 16239
19170 19452 19989 20779 21537 21682 21667 21154 18852 18044 19266 19323 19769 20061 20136 20464 20599 19803 17580 17699 18156 17374 17346 17653 17784 17707 17763 17820 18050 18602 18851 19399 19820 20103 20201 19651 18266 18415 18215 18161 18440 18512 17999 17845 17548 17583 17735 17758 17695 17235 17527 16945 17246 16847 16561 16491 16653 16474 16440 16369 16471 16593 16619 16604 16627 16891 16753 16745 16684 16579 16537 16559 16524 16441 16404 16307 16308
20438 20508 20521 20986 21542 21988 21965 20624 18339 17892 17682 18325 19663 20355 20407 20539 20158 19506 18951 19262 19076 17867 17704 17857 18038 17931 17740 17990 18433 19051 19491 20029 20074 20425 20431 20063 18278 18190 18069 17973 18110 18256 18278 17885 18227 17848 17799 17741 17567 17688 17520 17403 17237 16839 16428 16217 16407 16377 16434 16337 16536 16576 16573 16574 16600 16811 16654 16639 16676 16608 16531 16537 16485 16387 16350 16264 16190
21109 21362 21430 21709 21896 22406 22431 20480 17682 17185 17333 17445 19282 20379 20407 20380 18050 17081 18829 19674 19324 18369 18035 17981 18038 17948 17834 18167 18945 19113 19820 20152 20161 20141 19976 19425 18302 17678 17864 17845 17977 18360 18477 18577 18489 18122 18000 17811 17528 17720 17357 17249 17046 16781 16379 16177 16291 16400 16419 16459 16498 16468 16528 16523 16611 17298 16948 16529 16739 16601 16591 16494 16419 16329 16248 16194 16117
20172 21401 22175 22397 22216 22314 22316 20465 18065 17226 17397 17907 19881 20684 20457 19806 17097 16437 17761 19291 19060 18369 18211 18188 18055 17951 17921 18597 19495 19969 19937 20150 20256 20174 19216 18773 17765 17792 17918 17937 17912 18138 18598 19025 18612 18186 18024 17837 17607 17446 17060 16877 16795 16738 16337 16256 16265 16394 16469 16537 16564 16484 16592 16682 16572 17283 17122 16474 16490 16639 16543 16471 16410 16284 16196 16126 16029
17180 19359 21810 22655 22488 21961 21768 21055 19743 18292 18768 19822 20556 20570 20357 20047 17914 16639 18191 18898 18741 18449 18511 18377 18620 18369 18119 19350 20001 20032 18883 17858 19269 19915 19287 18344 17387 17886 18011 17836 17811 17651 18714 19162 19015 18201 17885 17806 17616 17169 16929 16849 16498 16298 16265 16273 16216 16271 16449 16509 16476 16487 16834 17061 17049 17591 17725 16731 16398 16544 16367 16319 16270 16275 16277 16222 16370
15238 17282 19770 22048 22601 21747 21348 21391 21386 20673 21112 21104 20885 20351 19946 19972 18792 18653 19384 18980 18422 18509 18583 18616 18487 17835 18656 19362 19640 18016 16115 15060 16541 18196 19023 18873 18073 17866 17974 17650 17642 17606 18218 19132 19034 18181 17787 17700 17601 17214 16925 16861 16454 16238 16210 16338 16223 16423 16533 16493 16429 16662 16952 17241 17327 17655 17829 17247 16468 16484 16456 16254 16257 16323 16324 16201 16303
14987 15884 18002 20518 22146 21753 21189 21290 21361 21408 21376 21178 20505 19855 19492 19273 17848 18546 19189 18745 18526 18427 18490 18594 18639 18356 19368 19441 18210 15448 13875 13890 14575 16596 18841 19023 18495 18075 17666 17427 17450 17424 17608 18108 18540 17924 17842 17581 17496 17277 17001 17020 16348 16212 16325 16375 16524 16439 16428 16396 16628 16667 16922 17014 17178 17574 17467 17111 17405 16783 16566 16346 16389 16460 16366 16272 16172
16140 16511 17714 20384 21997 21763 21219 21285 21309 21352 21310 21033 20277 19518 18609 17876 16482 17632 18892 18605 18401 18359 18440 18508 18658 19065 19909 19912 16942 13904 12909 13260 14337 15826 18357 19148 18526 18143 17721 17376 17403 17619 17863 17757 17676 18009 17919 17519 17654 17561 17343 17259 16270 16154 16340 16325 16588 16501 16515 16520 16709 16701 16861 16984 17039 17172 17029 16968 17479 17142 16644 16459 16513 16482 16465 16295 16294
16311 16709 18696 21472 22437 21671 21189 21216 21201 21134 20944 20796 19876 18132 17203 16519 16248 17882 18540 18277 18285 18164 18372 18448 18692 19079 20216 20201 17227 14292 12827 12876 14335 15845 18504 19087 18283 18026 17743 17457 17520 17611 17726 17683 17869 17850 17821 17604 17595 17335 16714 16685 16527 16174 16263 16258 16350 16264 16521 16659 16647 16610 16891 16909 16916 17015 16926 16893 16944 16969 16921 16656 16671 16556 16397 16415 16347
16969 17921 20102 21984 22213 21165 20936 21114 21164 21246 20990 20275 19501 17223 16855 16966 16652 18870 18782 18326 18097 18060 18139 18260 18399 18928 20061 20130 18739 16408 14718 14629 15589 17118 19135 19133 18416 17862 17692 17500 17621 18364 18820 18677 18184 17895 17887 17855 17438 15701 15289 15669 16534 16314 16286 16442 16413 16478 16528 16513 16513 16661 16804 16794 16859 17071 17168 17066 16934 16939 16945 16768 16714 16591 16478 16414 16331
18259 19529 21534 21972 21540 20643 20442 20406 20925 21072 20800 20213 18630 16719 16931 17024 17559 18970 18579 18333 18086 17931 17919 17938 18168 18757 19581 19909 20149 19123 17744 17344 18197 19050 18992 18851 18479 18022 17601 17524 17789 18391 18759 18761 18071 17833 17807 17587 16974 16230 15797 16622 16992 16352 16375 16531 16534 16555 16814 16661 16510 16651 16763 16952 16912 17104 17276 17099 16895 16862 16840 16792 16720 16607 16521 16311 16627
18452 20506 21528 21488 20737 20186 19942 20295 20864 21033 20558 19860 18891 16702 16939 16880 18593 18676 18028 17955 18012 17926 17947 17902 18157 18592 19575 19826 20228 20157 19867 19715 19480 19123 18695 18097 18047 18022 17363 17516 17773 18104 18712 18728 17855 17925 17916 17242 16320 16271 16719 16726 16768 16095 16441 16542 16602 16826 16928 16652 16519 16564 16725 16942 16910 17027 17109 16934 16861 16853 16841 16849 16762 16656 16495 16576 16589
20507 20641 20664 20276 20064 19813 19641 20189 20737 20841 19957 19397 18827 17114 18052 18664 18764 18238 17738 17979 18111 17986 18171 18077 17915 18127 18762 19431 19540 19724 20028 19949 19171 18257 17770 17755 17704 17456 17342 17297 17507 17688 17977 18177 18089 18013 17894 16993 16129 15960 16009 16068 16208 16464 16806 17013 16787 16819 16721 16596 16652 16721 16768 16749 16750 16882 17056 16968 16901 16825 16862 16888 16761 16667 16485 16558 16520
20685 20430 19894 19837 19790 19754 20086 20479 20465 20446 19611 18701 18460 18043 18415 18481 17994 17802 17807 17917 17979 18150 18184 18010 17940 18042 18410 18741 18111 18216 19528 19581 18772 17964 17941 17528 17290 17395 17334 17247 16969 17338 17898 18164 17926 17380 16978 16465 16262 15997 16012 16343 16541 16695 16956 17139 17044 17077 17156 16886 16606 16693 16765 16773 16871 16829 16936 16971 16880 16807 16845 16840 16651 16636 16568 16515 16598
20293 19840 19696 19629 19640 19907 20266 20489 20439 20278 19856 18354 17789 17742 17725 17647 17549 17570 17698 17745 17918 18124 18272 18184 18071 18504 18390 17863 16896 17214 18594 18795 18170 18078 17997 17612 17428 17607 17488 17342 17017 16980 17383 17589 17154 16521 16289 16293 16261 16076 16293 16865 17227 17016 16983 17215 17352 17403 17597 17587 17245 17043 16721 16722 16828 16894 16982 17118 17255 16820 16869 16854 16824 16893 16808 16726 16680
19742 19385 19414 19363 19419 19714 19907 20210 20406 20652 20170 18753 17708 17735 17681 17511 17432 17410 17615 17660 18033 18155 18241 18219 18098 18811 17815 16047 16374 17771 18395 18382 18101 18167 17767 17633 17540 17556 17414 17364 17006 16995 17069 16965 16534 16407 16295 16288 16386 17173 16820 17232 17313 16903 16844 17218 17541 17635 17637 17610 17223 16937 16709 16738 16827 16966 17127 17175 17275 17149 17400 18068 17953 17645 17057 16826 16721
19312 19115 19083 19114 19269 19456 19697 19984 20541 20803 20568 19879 18078 17525 17427 17352 17346 17303 17604 17615 17876 18148 18054 18143 18325 19063 17879 15939 17177 18391 18542 18320 17883 17936 17449 17498 17405 17305 17398 17284 17245 17254 17111 16793 16466 16339 16492 16259 17257 17557 17254 17167 17073 16748 16794 17088 17392 17623 17122 17111 16969 16844 17274 17228 17119 17198 17215 17254 17164 17005 16996 18238 17946 17613 17681 17480 16962
19055 19023 19053 19004 19103 19177 19538 20040 20373 18191 20033 20092 18261 17339 17369 17347 17338 17333 17503 17280 17618 17870 17919 18165 18709 18724 17923 16385 17400 18286 18348 17959 17651 17246 17337 17427 17141 17317 17344 17348 17184 17030 17113 16831 16616 16287 16848 16840 17686 17880 17752 17781 17297 17313 17410 17562 18147 18191 17366 17013 16963 16915 17698 18142 17862 17401 17554 17192 17508 17100 15689 16041 15787 15872 17483 17799 17215
19003 19001 19009 19010 19094 19160 19518 20015 20392 20430 20565 19937 18144 17185 17369 17439 17465 17172 17058 17249 17493 17741 17800 18221 18968 17775 16322 16276 16405 17257 18010 17951 17642 17262 17249 17239 17148 17187 17183 17266 17227 17171 17156 17053 16907 16529 16457 16735 17646 17961 18190 18390 18017 17560 17491 17622 18122 18354 17425 17090 17153 17002 18280 19154 18968 17889 17800 17509 17062 17316 17159 15714 15646 15721 17175 17805 17395
18988 18993 19012 19015 19042 19123 19541 19849 20364 20804 20699 20005 18542 17393 17300 17413 17427 16890 17041 17284 17419 17598 17760 17897 18811 17972 16469 16507 16488 16708 17562 17726 17718 17286 17132 16486 16899 17173 17108 17122 17218 17174 17162 17169 17313 17898 16607 16845 17426 17595 18215 18607 18492 17742 17043 17281 17058 17179 17082 17139 17158 17031 18052 19082 18953 18127 17986 17424 17138 17772 17579 16219 15934 16179 17437 17761 17225
