Alternative/Moon/Lvl0_30x30/Ele_ED.asc
ncols         335
nrows         335
xllcorner     -9992508.343
yllcorner     -6727166.958
cellsize      10000
nodata_value  -9999.0
[rows 0 to 33 of 335, columns 231 to 307 of 335]
20077 20052 19958 19950 19956 19853 19717 19508 19431 19206 19356 19676 20499 20712 20518 21190 21260 20572 20030 19533 19172 19315 19486 19781 20189 20408 20547 20667 20963 21218 21240 21043 21184 21277 21371 21502 21743 22119 22132 22341 22227 22062 22085 22164 21990 21233 20737 20561 20357 20278 20089 19569 19572 19583 19515 19546 19523 19767 20515 21110 21203 20969 20496 20488 20520 20493 20480 20483 20529 20813 21419 21926 21819 21779 22413 22472 22082
19967 19896 19869 19888 19843 19791 19725 19732 19687 19396 19308 19867 20457 20790 20823 20635 20925 20752 19708 19396 18986 19289 19481 19730 19917 20185 20403 20633 21031 21195 21111 20972 21155 21233 21398 21507 21743 22129 22248 22197 21842 21858 21934 22055 22021 21760 20925 20707 20795 21028 20638 20115 19629 19599 19590 19626 19607 19877 20250 21261 21344 20995 20537 20493 20520 20579 20550 20562 20540 20827 21313 21677 21741 21977 22091 22245 22087
19746 19693 19731 19717 19744 19757 19794 19758 19673 19551 19838 20082 20126 20132 20428 20630 20811 20388 19687 19145 18966 19036 19303 19455 19780 19862 19709 20236 20943 21024 21029 21076 21066 21192 21298 21504 21620 21782 21817 21754 21360 21534 21918 22165 22151 22045 21955 21824 21672 21470 20939 20589 19858 19646 19661 19801 19992 20374 20743 21070 21070 20673 20567 20513 20524 20519 20559 20538 20560 20829 21147 21877 22051 21903 21945 21886 21676
19306 19237 19173 19178 19337 19700 19777 19790 19694 19721 19882 20086 20223 20250 20409 20524 20445 20049 19544 19120 19034 19069 19249 19507 19986 19944 19785 20567 20864 21034 21004 21040 20996 21103 21253 21329 21618 21669 21615 21513 21656 21811 21860 22018 22107 22198 22261 22161 22161 22095 21909 21377 20572 19831 19956 20250 20631 20729 20920 21072 21172 21078 20597 20543 20527 20574 20553 20535 20619 20770 20966 21375 21802 21905 21341 21410 21609
19128 19114 19084 19077 19335 19676 20015 19952 19776 19653 19755 19967 20080 20006 20057 20422 20421 20173 19629 19429 19294 19157 19254 19449 19975 20042 20285 20706 20792 20718 20766 20728 20771 20917 21058 21332 21870 21981 21975 21774 21952 21825 21756 22021 22107 22225 22319 22298 22379 22446 22358 22088 21054 20385 20504 20590 20739 20700 20977 21246 21455 21501 21055 20611 20566 20544 20545 20521 20510 20534 21098 21452 21446 21195 21176 21211 21519
19526 19153 19117 18966 19486 19949 20099 20000 19856 19682 19608 19596 19708 19824 19888 20105 20204 20175 19670 19419 19403 19307 19240 19336 19674 19966 20032 20149 20416 20747 20757 20787 20859 20999 21069 21063 21619 21796 21988 22084 21871 21822 21866 21600 22141 22185 22087 22143 22341 22442 22340 21899 21073 20661 20682 20752 20836 20836 20946 21259 21507 21603 21447 21196 20703 20827 20773 20539 20555 20602 20966 21332 21348 21265 21163 21245 21208
19696 19280 18812 18414 18395 19455 20055 20022 19771 19629 19699 19712 19659 19672 19807 19834 19881 19896 19688 19449 19396 19329 19117 19156 19603 20034 20232 20266 20361 20425 20625 20766 20960 21250 21415 21338 20785 21609 22022 22064 21865 21808 21914 21945 22145 22207 22205 22256 22446 22303 22061 21725 21046 20770 20734 20885 20886 20911 20983 21079 21225 21237 21269 20918 20553 20570 20574 20575 20823 20901 20653 20528 20796 21035 20965 21003 20994
19957 19920 19686 19071 18588 19035 19596 19692 19699 19633 19633 19811 19819 19698 19689 19656 19538 19375 19439 19460 19422 19363 19237 19332 19686 19887 20102 20239 20289 20402 20574 20766 21086 21357 21652 21701 21166 21686 22105 22191 22184 21972 21857 21932 22039 22144 22158 22229 22380 22183 21835 21500 21123 20902 21002 21029 21152 21152 21068 21006 20976 20850 20594 20341 20245 20342 20452 20566 20729 20830 20615 20337 21058 21249 21036 20995 20720
20270 20175 19973 20115 20102 20067 20001 19908 19474 19569 19773 19787 19808 19760 19685 19660 19507 19438 19420 19373 19443 19425 19421 19629 19663 19807 19987 20121 20266 20409 20634 20911 21031 21459 21583 21753 21698 21998 22070 22125 22128 22225 22053 22344 22432 22350 22126 22062 21997 21910 21723 21500 21315 21082 21170 21274 21507 21479 21224 21126 20926 20850 20409 20370 20321 20199 20250 20373 20827 20921 20478 20307 20866 21123 20605 20339 20171
20456 20340 20094 20089 20120 19852 19638 19553 19315 19556 19992 19984 19901 19919 19856 19650 19497 19547 19660 19642 19454 19449 19402 19510 19646 19738 19817 19981 20184 20440 20751 20989 21042 21227 21406 21581 21450 21730 21787 21959 21892 21879 22020 22439 22627 22601 22325 21918 21744 21777 21758 21642 21402 21085 21135 21269 21604 21535 21308 21244 20925 20904 20608 20458 20296 20122 20084 20387 20550 20939 20798 20450 20628 20578 20348 20115 20025
20513 20421 20224 20094 20104 19879 19611 19547 19429 19546 19789 19757 19735 19943 19965 19734 19636 19700 19737 19690 19664 19469 19472 19492 19606 19719 19750 19832 20164 20389 20624 20834 21005 21024 20853 20975 20840 21157 21378 21543 21589 21676 21213 21445 21735 22319 22249 21588 21807 21776 21860 21729 21398 20881 21007 21029 21141 21174 21126 21049 20861 20629 20404 20098 19974 19858 19933 20244 20608 20961 20849 20726 20587 20537 20300 20198 20302
20422 20392 20328 20102 20117 19944 19657 19551 19483 19448 19505 19455 19510 19701 19845 19902 19868 20017 20084 19936 19939 19776 19552 19564 19646 19764 19810 19934 20254 20437 20666 20816 20942 20930 21201 21170 21129 21086 21308 21761 21826 21548 21641 21542 21580 20904 21522 21703 21670 21635 21783 21521 21295 21391 21111 21089 21107 21170 21173 21072 20757 20512 20068 19887 19895 19811 19916 20040 20427 20741 21054 21096 20707 20234 20508 20517 20582
20322 20342 20358 20185 19970 19801 19640 19569 19529 19456 19485 19455 19599 19620 19779 19757 19787 20009 20391 20482 20312 20060 19733 19635 19712 19858 20051 20226 20462 20620 20689 20698 20761 20870 21120 21144 21142 21300 21284 21584 21710 21701 21629 21644 21709 21457 21571 21637 21425 21503 21432 21293 21169 21251 21259 21170 21203 21159 21110 20893 20692 20333 20098 19973 19954 19942 20022 20088 20362 20607 20912 20902 20541 20361 20502 20497 20803
20203 20310 20392 20287 20157 19935 19642 19744 19710 19509 19495 19562 19414 19467 19564 19593 19814 20014 20311 20520 20522 20223 19995 19848 19901 19911 20155 20343 20524 20652 20602 20674 20700 20724 20676 21041 21256 21373 21364 21551 21897 21698 21540 21344 21361 21431 21581 21551 21430 21451 21359 21316 21339 21283 21178 21196 21204 21198 20743 20605 20369 20172 20183 20140 19989 20117 20169 20307 20532 20726 20650 20353 20041 19967 20136 20375 20793
20202 20236 20347 20314 20254 20041 19772 19833 19795 19698 19627 19520 19597 19616 19424 19536 19655 19806 20148 20309 20503 20430 20189 19829 19947 20139 20333 20508 20567 20578 20510 20590 20645 20670 20603 20599 20886 21117 21247 21341 21421 21714 21594 21449 21314 21350 21470 21378 21371 21313 21381 21310 21323 21294 21380 21477 21393 21599 21278 20865 20094 20170 20224 20184 20041 19895 19966 20203 20445 20695 20587 20196 19910 19934 19924 19887 20461
20201 20297 20411 20385 20231 20101 19938 19871 19811 19785 19596 19609 19588 19818 19800 19704 19285 19361 19489 19681 19893 20282 20215 19923 19917 20164 20405 20471 20458 20318 20441 20474 20519 20534 20628 20728 20929 21062 21147 21449 21572 21517 21426 21299 20962 21216 21319 21383 21249 21222 21210 21208 21189 21303 21467 21567 21612 21688 21087 20970 20579 20390 20303 20187 19904 19917 20202 20480 20700 20739 20430 19983 20081 19961 19894 19923 19940
20174 20111 20419 20406 20296 20022 19928 19903 19856 19826 19813 19804 19839 19873 19678 19574 19339 19165 19168 19310 19399 19481 19757 19881 19902 20019 20148 20141 20123 20214 20469 20452 20382 20483 20607 20776 20896 21066 21101 21266 21393 21355 21497 21368 21204 21352 21303 21387 21388 21384 21244 21179 21159 21260 21475 21618 21705 21788 21579 21162 21334 21159 20478 19957 20113 20163 20646 20746 20976 21011 20520 20361 20313 20018 19902 19958 19998
20275 20257 20187 20268 20184 20023 19888 19909 19943 19972 19954 19948 20028 19938 19678 19352 19019 19039 19192 19262 19401 19456 19693 19954 19997 19927 19951 19791 19951 20203 20322 20326 20301 20385 20524 20747 20812 20991 21015 20967 20778 20443 20650 20902 21201 21393 21481 21661 21629 21443 21197 21179 21189 21252 21471 21624 21684 21722 21650 21385 21436 21328 21093 20921 20642 20524 20373 20527 20656 20613 20138 20298 20264 19924 19939 20226 20286
20580 20441 20213 20165 20042 19925 19911 19963 20003 19960 19986 20016 20082 20016 19778 19530 19055 18951 19002 19127 19256 19515 19633 19930 20000 19913 19878 19847 19901 19981 20100 20178 20323 20438 20525 20646 20736 20836 20382 20009 20027 20008 20065 20146 21166 21188 21431 21640 21673 21538 21437 21212 21106 21263 21436 21524 21642 21692 21653 21561 21581 21375 20997 21333 21013 20539 20155 20316 20193 20289 20059 20172 20197 19994 20108 20410 20434
21003 20701 20517 20352 20009 19876 19839 19928 19985 20027 19998 20070 19944 19791 19648 19469 19022 18859 18868 18930 19063 19203 19504 19871 19943 19771 19676 19829 19877 19918 19988 20092 20294 20416 20506 20553 20671 20773 19982 19933 19951 20003 20048 20104 21275 21373 21605 21731 21805 21883 21798 21386 20970 20866 21393 21458 21375 21434 21357 21458 21737 21576 20129 21316 20974 20249 20053 20326 20373 20273 20139 20054 20076 20041 20136 20203 20129
20834 20672 20586 20411 20277 20044 19930 20144 20125 20096 19982 19964 19833 19709 19489 19381 19128 18884 18817 18898 19002 19093 19252 19584 19722 19686 19595 19688 19757 19881 19992 20087 20219 20337 20494 20513 20538 20743 20189 19923 19971 19990 20049 20078 21484 21472 21564 21552 21422 21345 21385 21233 20875 20305 20538 20679 20759 20976 20891 21299 21630 21698 21171 20955 20408 20048 20267 20332 20373 20348 20319 20194 20200 20137 20180 20276 20111
19203 19694 20364 20718 20603 20390 20048 20156 20214 20091 20041 19893 19589 19610 19470 19453 19225 18936 18902 18877 18996 19090 19246 19414 19493 19455 19366 19579 19658 19803 19896 19997 20058 20192 20381 20464 20487 20737 20784 20159 19949 20001 20179 20798 21479 21527 21684 21819 21563 20432 20096 19392 19431 19304 19427 19611 19444 19912 20823 21339 21471 21403 20906 20595 20127 20016 20172 20294 20292 20317 20235 20223 20133 20279 20443 20517 20272
19563 19710 20456 20909 21034 20930 20642 20586 20376 20413 20135 19845 19441 19489 19518 19367 19056 19430 19288 19081 18980 19068 19216 19281 19332 19298 19257 19217 19370 19546 19638 19771 19949 20091 20213 20418 20444 20569 20974 21126 20974 20788 21032 21282 21488 21504 21653 21784 21053 20374 20006 19422 18835 18573 18453 18598 18816 19591 19706 19454 20953 21073 20846 20673 20565 20197 20142 20318 20358 20298 20210 20239 20535 20748 20584 20636 20542
19840 20196 20669 20643 20858 20909 20790 20806 20876 20372 20203 19932 19563 19450 19433 19475 19540 19532 19346 19223 19086 19113 19175 19322 19477 19457 19342 19247 19237 19280 19390 19655 19879 19932 19987 20088 20219 20203 20980 21087 21188 21176 21266 21388 21448 21353 20861 20264 19994 20160 19987 19209 18644 18507 18518 18494 18515 18555 18553 19030 19444 20204 20647 20645 20422 20263 20095 20188 20076 20022 20408 20778 21019 21236 20827 20353 20678
20250 20831 20959 20828 20914 20873 20776 20814 20790 20704 20519 20275 19666 19323 19401 19344 19383 19367 19399 19367 19261 19203 19289 19515 19648 19692 19530 19361 19172 19208 19261 19455 19512 19553 19649 19779 19772 19775 20433 20784 20926 21031 21153 21421 21448 21320 20241 18845 18678 19169 19547 19127 18711 18736 18681 18679 18697 18658 18636 19147 18857 18638 19391 20038 20204 20203 20280 20307 20292 20444 20761 20840 21043 21588 21737 21660 20808
20671 21680 21870 21539 21150 20974 20902 20778 20582 20444 20244 20130 20062 19745 19718 19537 19487 19800 19820 19619 19734 19613 19531 19574 19582 19634 19620 19501 19173 19203 19240 19262 19317 19424 19394 19412 19470 19520 19571 20138 20325 20202 20129 20148 20479 21089 20277 19012 18833 19120 19154 19084 18827 18798 18785 18780 18856 18873 18829 18808 18862 18900 19526 19630 20205 20591 20614 20627 20586 20526 20762 20656 20806 21307 21663 21644 20859
21296 22121 22248 21681 21076 20963 20812 20690 20500 20412 20254 20208 20131 19916 19881 19756 19636 19784 19871 19886 19994 19835 19603 19628 19588 19539 19489 19329 18970 19195 19229 19248 19290 19296 19379 19385 19436 19502 19582 20027 20181 20106 20050 20061 20140 21097 21211 20822 19659 19349 19155 18884 18852 18848 18834 18841 18905 18889 18853 18818 18741 18758 19165 19311 19546 19921 19887 19538 20133 20403 20757 20683 20783 21084 21172 21190 20774
21476 21662 21631 21435 20983 20800 20766 20836 20895 20292 20182 20070 19993 19956 19844 19724 19299 19141 18984 19457 20116 20293 20005 19637 19615 19533 19387 19230 18889 19149 19267 19193 19211 19265 19282 19313 19418 19458 19531 19844 20157 20095 20037 20023 20120 20918 21183 20845 20326 19522 18869 18828 18870 18900 18919 18928 18950 18904 18834 18877 18779 18788 18745 18723 19172 19401 19496 19497 19896 20399 20822 20857 20813 19569 19369 20121 20556
20708 20881 20847 20722 20651 20652 20629 20389 20904 20586 20259 20186 20103 19974 19855 19442 19018 19462 19641 19807 20661 20948 20529 20162 19811 19475 19052 18955 18741 19061 19304 19221 19195 19390 19439 19375 19355 19411 19457 19538 19965 20098 20140 20262 20678 20769 20548 20348 20192 19695 19262 18837 18898 18911 18942 18952 18904 18871 18838 18848 18808 18797 18758 18741 18666 18642 18676 19341 19489 18969 18825 19709 20320 19768 19189 19129 18954
20395 20508 20547 20580 20508 20383 20454 20476 20633 20528 20287 20277 20225 20159 20125 19651 19122 19597 19854 20658 20914 20976 20824 20426 20245 19830 19290 19235 19096 18917 18878 18774 19020 19349 19355 19440 19555 19441 19422 19461 19681 19983 20218 20568 20731 20858 21003 21023 20645 20103 19549 19020 18914 18956 18942 18901 18859 18843 18847 18839 18815 18792 18769 18759 18654 18609 18572 19273 19072 18423 18103 18536 19978 19763 19070 19067 19494
20578 20594 20511 20420 20339 20343 20413 20488 20490 20470 20187 20184 20230 20439 20453 20427 19990 19558 20040 20703 21137 20961 20777 20595 20526 20007 19611 19345 19183 19016 18993 18825 18871 19043 19146 19339 19522 19599 19657 19718 19922 20019 20200 20510 20768 21010 21225 21144 20744 20190 19518 19006 18853 18888 18909 18916 18860 18848 18867 18814 18822 18734 18700 18634 18588 18536 18526 19105 19092 18476 18606 19816 20675 20318 19417 19384 19719
20627 20595 20527 20511 20441 20285 20234 20213 20254 20142 20240 20272 20215 20270 20395 20403 20314 20234 20218 20008 20423 20809 20819 20861 20603 20280 19861 19440 19243 18921 18785 18739 18749 18933 19135 19266 19423 19589 19727 19809 20039 20210 20237 20391 21078 21737 21792 21608 21193 20227 19484 18867 18772 18809 18825 18847 18847 18834 18893 18870 18768 18690 18646 18591 18581 18557 18608 18542 19195 19694 20272 20755 20712 19905 19571 19322 19190
20567 20507 20501 20519 20464 20316 20135 20053 20008 20055 20112 20315 20287 20084 20242 20329 20432 20210 20348 20400 20230 20770 20731 20692 20561 20220 19916 19367 19063 18688 18514 18600 18673 18838 18956 19004 19491 19729 19842 19860 20072 20258 20331 20367 20956 22146 22498 22692 22466 21025 19980 19489 18696 18727 18791 18852 18851 18894 18856 18825 18756 18708 18638 18624 18602 18555 18524 18404 18459 19151 19852 20014 20020 19890 19698 19530 19217
20605 20700 20597 20507 20407 20309 20233 20071 19984 20017 20063 20070 20094 20182 20244 20344 20631 20671 20713 20466 20522 20554 20313 20378 20368 19546 19186 18735 18593 18609 18664 18627 18637 18759 18877 19089 19423 19741 19899 20246 20235 20393 20356 20378 20467 21812 22337 22440 22191 21233 20554 20079 19489 18911 18915 19271 19311 19022 18836 18771 18763 18683 18657 18655 18660 18660 18553 18368 18610 19637 19899 19897 19804 19734 19568 19483 19163
