Alternative/Moon/Lvl0_30x30/Ele_AJ.asc
ncols         335
nrows         335
xllcorner     10107491.657
yllcorner     6672833.042
cellsize      10000
nodata_value  -9999.0
[rows 238 to 271 of 335, columns 0 to 76 of 335]
17531 17511 17500 17537 17754 17961 18109 18033 17970 18025 18261 18365 18521 18541 18479 18418 18246 18117 18168 18611 19013 19072 19171 19062 19323 19292 19315 19032 18960 18926 18868 18905 19009 19047 18913 18807 18621 18536 18642 18715 19009 19134 19439 19563 19623 19891 19549 19527 19566 19834 20542 20867 20916 20853 20939 20870 20723 20380 20079 19683 19461 19199 18912 18730 18875 18844 18578 18536 18551 18510 18569 18595 18729 18797 19055 19103 18879
17420 17373 17407 17562 17853 17869 18063 17997 18346 18559 18575 18579 18830 18962 19078 19028 18827 19108 19591 19911 20205 20255 20186 20078 20014 20019 19962 19657 19318 19200 19089 19319 19385 19509 19507 19372 19271 19239 19268 19083 19331 19346 19325 19432 19860 19985 19858 19860 20077 20266 20892 21241 21278 21265 21059 20998 20829 20512 20334 20163 19849 19563 19323 19101 19000 18884 18793 18795 18808 18744 18710 18860 19398 19716 19771 19595 19331
17459 17598 17664 17859 18045 18174 18305 18468 18627 18667 18785 18952 19064 19180 19167 19122 19035 19262 19916 20233 20292 20184 19424 18942 18485 18463 18446 18698 19141 19245 19270 19339 19447 19751 20065 20108 19916 19747 19775 20078 20372 20504 20181 19638 19459 19963 20763 20999 21011 20740 20758 21031 21125 21043 20940 20635 20452 20374 20296 20121 19911 19611 19379 19154 18957 18848 18693 18817 18961 18911 18755 18773 19447 19712 19819 19669 19325
17605 17826 17907 18091 18241 18348 18424 18656 18813 18923 19097 19229 19300 19300 19139 19025 19030 19243 19888 20032 19606 18829 18098 18023 17948 17896 17854 17750 17753 18323 18861 19022 19282 19603 20075 20415 20739 20778 20778 20856 20978 21002 20937 20602 20674 20784 20798 20976 20899 20786 20754 21041 21057 21004 21043 20788 20353 20121 19964 19607 19275 19091 18955 18936 18907 18641 18502 18802 18826 18732 18347 18719 19279 19374 19422 19323 19306
17770 17949 18199 18337 18592 18903 19134 19363 19440 19357 19265 19221 19309 19282 19118 19051 19011 18966 19180 19347 19022 18683 18189 17881 17901 17899 17870 17793 18011 18334 18922 19720 20234 20397 20748 20836 20932 20908 20674 20412 20371 20309 20521 20656 20978 21055 20907 20941 20971 20834 20756 20742 20826 21114 21113 20694 20204 19885 19550 19157 18753 18494 18426 18409 18257 18208 18459 18437 18218 18125 18021 18404 18667 18822 19219 19496 19413
17689 17997 18352 18523 18610 18879 19073 19334 19341 19224 19171 19141 19081 19084 19290 19322 19354 19101 19044 19370 19648 19733 19424 19020 18631 18299 18143 18390 19078 19428 19573 20167 20712 20933 20924 20742 20145 19548 18857 18537 18472 18326 18469 18866 19468 19979 20590 20972 21073 20973 21001 20919 20815 20719 20361 20290 20036 19864 19504 18962 18422 18193 18153 18194 18139 18075 18071 17871 18131 18110 18108 18053 17965 18192 18712 19087 19015
18420 18587 18558 18328 18239 18353 18385 18492 18640 18682 18816 18892 18940 19278 19380 19349 19383 19394 19600 19934 20156 20244 19963 19465 19174 19088 19178 19331 19657 19979 20249 20671 20917 20948 20822 20334 19626 18945 18389 18149 18132 18114 18071 18113 18555 19161 19956 20814 21144 21064 20900 20766 20397 20095 19869 19888 19620 19336 18769 18378 18142 18129 18087 17923 17881 17932 17882 17867 17750 17856 18141 18123 18046 18328 18554 18663 18648
18753 18853 18819 18588 18134 17975 18302 18565 18628 18735 18901 19037 19044 19232 19356 19414 19475 19567 20021 20408 20541 20402 20084 19457 19125 19161 19333 19525 19576 19741 20140 20453 20614 20573 20375 20514 20516 20104 19513 19053 18599 18703 18713 19155 19644 20081 20627 20819 20773 20562 20248 20142 20073 20025 19854 19657 19428 19170 18941 18659 18360 18077 17936 17957 17948 17963 17974 17893 17920 18172 18259 18161 18142 18410 18809 19138 19110
18487 18768 18836 18675 18237 18150 18246 18381 18543 18710 18999 19179 19114 19067 19170 19409 19609 19955 20376 20499 20506 20156 19318 18159 17741 18366 19190 19988 20168 20116 20179 20259 20205 20273 20487 20670 20684 20397 20187 20188 20098 20136 20249 20373 20570 20829 21059 21065 20827 20566 20272 20272 20421 20547 20575 20506 20323 20152 19882 19583 19061 18774 18446 18302 18005 17952 17936 18177 18176 18167 18166 18077 18162 18469 19009 19182 18998
18108 18103 18314 18254 18338 18581 18736 18963 19162 19203 19119 19143 19409 19452 19326 19214 19405 19499 19421 19149 19013 19000 18699 18811 19000 19433 20190 20719 20779 20688 20630 20544 20412 20255 20220 20211 20252 20135 19974 20084 20213 20219 20175 20477 20852 20961 21113 20967 20454 20186 19960 20083 20459 20712 20854 21107 21074 20847 20417 20150 20152 20039 19671 19290 18845 18633 18865 18854 18578 18339 18152 18066 18166 18378 18754 18832 18354
18302 18291 18138 18062 18417 18703 19051 19206 19309 19355 19339 19244 19289 19315 19206 18687 18595 18594 18526 18654 18768 18749 18675 18763 19213 19965 20644 21116 20809 20595 20442 20423 20213 20238 20263 20228 20230 20353 20506 20576 20668 20749 20764 20780 21081 21148 21179 20934 20849 20714 20122 19772 19922 19878 20471 20869 20814 20689 20429 20368 20450 20405 20239 19859 19630 19610 19605 19342 18933 18599 18273 18027 17962 18128 18328 18653 18790
18273 18282 18146 18084 18266 18597 18877 19073 19321 19515 19544 19458 19203 19321 19381 19107 18795 18709 18778 19224 19289 19385 19771 20243 20679 21201 21439 21395 20993 20621 20316 20250 20213 20268 20316 20310 20428 20617 20615 20385 20699 21272 21381 21372 21290 21311 21127 21147 21150 20836 20126 19446 19057 19002 19164 19360 19534 19532 19467 19607 19926 19982 19969 19757 19767 19788 19717 19474 18897 18447 18088 17821 17813 17957 18243 18527 18823
18741 18617 18454 18353 18162 18282 18536 19068 19314 19399 19482 19444 19454 19521 19612 19388 19338 19426 19648 20108 20403 20517 20996 21347 21459 21519 21484 21110 20697 20474 20422 20375 20330 20413 20456 20702 20897 20894 20850 20721 20708 20933 20920 20790 20684 20723 20646 20574 20472 20203 19797 19314 19035 18660 18024 17597 17496 17509 17554 17826 18301 18797 19367 19615 19705 19709 19580 19201 18644 18187 17877 17758 17927 18067 17968 17481 17613
18695 18659 18771 18670 18107 17990 18116 18527 19026 19304 19314 19314 19390 19294 19435 19376 19266 19295 19486 19640 19690 19833 20230 20593 20719 20644 20302 20255 20039 20135 20259 20423 20630 20878 20957 20999 20969 20772 20025 19381 19501 19436 19487 18944 18844 18936 18684 18429 17933 17723 17711 17676 17573 17471 17260 16885 16774 16634 16941 17423 17903 18382 18855 19199 19221 19073 18873 18582 18541 18520 18747 18753 18464 18179 18060 18037 17957
18585 18814 18930 19068 19106 19194 19681 19783 19647 19394 19320 19140 19135 19361 19566 19488 19214 19145 19129 19112 19232 19296 19304 19457 19869 19909 20106 20338 20589 20751 20680 20705 20918 21063 20971 20558 20046 19372 18749 18352 18139 17875 17698 17807 17341 17221 16852 16577 16320 16021 15968 16064 16118 16094 16096 16168 16364 16565 16842 17120 17442 17618 17868 18218 18288 18265 18267 18605 18957 19198 19273 19185 18826 18611 18293 17851 17939
18694 18892 18974 18848 19020 19379 19901 19952 19777 19466 19293 19325 19368 19462 19531 19403 19172 19070 19032 19232 19360 19378 19354 19388 19445 19540 20010 20290 20554 20680 20598 20640 20870 20850 20329 19638 19073 18585 18152 17734 17349 16979 16507 16058 15891 15559 15328 15133 15126 15169 15197 15079 14935 14968 15290 15491 15658 15882 16057 16261 16527 16844 17104 17565 17913 17982 17996 18272 18606 18971 19260 19203 18893 18698 18371 17892 17383
19050 19448 19651 19815 19925 19861 19812 19751 19531 19312 19347 19374 19402 19447 19467 19471 19412 19462 19522 19311 19287 19326 19332 19288 19278 19463 19885 20211 20240 20028 19844 19778 19534 19091 18519 18130 17859 17382 16935 16687 16484 16162 15860 15602 15329 15095 14812 14687 14571 14552 14535 14374 14289 14342 14421 14486 14593 14688 14873 15086 15382 15788 16137 16520 16972 17572 17869 18079 18344 18712 18917 18938 18791 18597 18473 18184 17793
19788 19918 20102 20159 20076 20044 20001 19759 19681 19663 19640 19544 19449 19446 19354 19333 19359 19326 19386 19445 19538 19545 19549 19724 19866 19980 20199 20462 20435 20302 20000 19380 18693 18258 17694 17312 17013 16759 16553 16263 15903 15668 15319 15178 15061 14742 14524 14470 14461 14399 14160 14155 14115 14098 14008 13938 13994 14014 14102 14308 14534 14923 15341 15818 16529 17124 17579 17924 18162 18414 18814 18881 18708 18406 18359 18229 18084
19982 19954 19990 20081 20125 20108 19999 19989 19976 19915 19778 19633 19697 19774 19711 19439 19261 19287 19506 19513 19415 19414 19586 19699 19902 19950 20151 20338 20433 20442 20189 19428 18333 17749 17042 16426 16077 15768 15492 15247 14991 14671 14323 14054 13758 13896 13956 13984 14016 14069 14075 14073 13920 13835 13831 13778 13779 13759 13838 14043 14221 14356 14604 14974 15417 15661 15991 16603 17336 18009 18625 18675 18505 18210 17691 17265 17034
19773 19711 19623 19610 19680 19696 19830 19960 19948 19859 19662 19584 19546 19567 19525 19391 19237 19297 19437 19428 19639 19737 19782 19862 19904 20075 20133 20040 20226 20114 19528 18756 17981 17294 16583 16100 15647 15359 14934 14714 14412 14248 14114 13981 13914 13942 14065 14057 14012 13932 13755 13652 13605 13678 13713 13835 13889 13894 13968 14021 14176 14391 14588 14839 15124 15384 15515 16348 17118 17645 18208 18335 18211 17977 17634 17140 16674
19347 19336 19245 19223 19176 19183 19384 19608 19648 19603 19476 19324 19239 19281 19230 19206 19184 19185 19376 19563 19616 19672 19541 19629 19768 20004 20082 19975 19867 19569 19457 19096 18369 17802 17191 16659 15970 15525 15126 14702 14359 14166 14137 14184 14170 14181 14141 13982 13937 13925 13857 13814 13809 13819 13809 13840 13872 13892 13849 13974 14082 14236 14234 13632 13342 13989 15184 16214 16984 17030 17229 17555 17984 18053 17808 17296 17035
19570 19798 19778 19755 19653 19577 19255 19035 19271 19301 19051 19205 19526 19552 19543 19516 19355 19151 19332 19491 19585 19591 19515 19383 19434 19515 19627 19696 19730 19739 19704 19317 18842 18613 18310 17656 17029 16458 15893 15355 14876 14650 14471 14355 14279 14293 14255 14128 14006 13968 13951 13923 13806 13802 13901 13944 13954 13977 13961 13956 14022 14055 14161 14277 14577 15003 15869 17037 17964 18586 18870 18749 18274 18190 17873 17392 17145
20372 20272 19764 19339 19309 19321 19067 18803 18590 18633 18467 18843 19129 19161 19210 18930 18862 19024 19340 19546 19811 19954 20077 19943 19979 20027 20317 20494 20404 20184 20067 20026 19915 19594 18970 18230 17792 17531 17059 16634 16061 15835 15400 15093 14538 14166 14393 14389 14065 14025 14172 14277 14311 14211 14019 13832 13965 13963 13978 14032 14051 14024 13979 14041 14344 14957 15871 17065 18029 18596 18847 18762 18400 18163 17806 17414 17060
20282 20037 19588 19298 19040 18921 18817 18637 18557 18445 18157 18403 18429 18356 18351 18471 18576 18819 19139 19473 19619 19882 20172 20425 20617 20703 20880 20997 20981 20865 20804 20708 20449 19903 18945 18270 17835 17728 17474 17075 16519 16121 15914 15787 15498 15289 15213 14999 14662 14799 14957 14916 14818 14521 14313 13955 13929 14014 14024 14056 14038 14165 14206 14086 14284 14895 15820 16996 17944 18492 18584 18636 18369 18082 17790 17847 17506
19928 19488 19020 18783 18796 18774 18568 18438 18367 18234 18049 18084 18188 18291 18475 18481 18541 18612 18875 19198 19432 19663 19903 20129 20364 20501 20705 20783 20787 20905 20991 20920 20656 20034 19247 18700 18702 18524 18038 17309 16766 16570 16451 16451 16430 16318 15953 15509 15078 14984 15045 14979 14838 14766 14524 14429 14332 14086 13959 14036 14138 14408 14752 15143 15259 15216 15048 15871 16900 17720 18501 18591 18411 18606 18815 18822 18607
18908 18778 18584 18519 18536 18617 18658 18509 18207 17999 17892 17990 18172 18328 18780 19277 19537 19564 19640 19582 19490 19545 19978 20252 20376 20348 20440 20552 20544 20463 20502 20737 20722 20673 20209 19728 19172 18854 18228 17706 17520 17249 17013 16874 16776 16605 16439 16197 15829 15688 15497 15202 14946 14896 14550 14533 14657 14841 15067 15273 15198 15358 15930 16446 16738 16768 16544 17140 17754 17932 18085 18294 18544 18663 18725 18663 18510
17995 18211 18342 18467 18730 18783 18826 18634 18425 18334 18181 18022 18147 18324 18679 19213 19550 19588 19773 19826 19557 19451 19637 20009 20252 20274 20285 20236 20270 20056 20076 20298 20313 20185 19635 19189 18612 18252 17859 17667 17477 17183 17081 16870 16801 16717 16614 16305 16393 16828 17018 17029 16750 16471 16357 16127 16093 16103 16100 15987 15894 16010 16519 16975 17364 17474 17396 17487 17663 17548 17392 17529 17723 17774 17592 17561 17680
17594 17809 18128 18385 18667 18752 18786 18711 18581 18582 18457 18186 18115 18198 18233 18514 18932 19321 19491 19501 19340 19371 19498 19533 19623 19667 19824 20195 20221 20052 20114 19978 19377 18771 18464 17925 17567 17423 17255 17051 16920 16944 16874 16795 16906 16942 16907 16952 17115 17379 17616 17813 17872 17741 17669 17358 16945 16748 16630 16679 16804 17022 17054 17193 17456 17461 17420 17372 17575 17477 17246 17233 17461 17583 17496 17173 17422
17951 18164 18534 18885 18946 18978 19055 19184 19198 19175 19064 18734 18595 18459 18462 18747 19151 19526 19539 19528 19551 19664 19702 19682 19645 19696 19741 19767 19572 19837 19939 19753 19479 19019 18985 18805 18401 17954 17644 17860 18132 17980 17474 17544 17746 17824 17665 17584 17556 17768 18091 18271 18317 18276 18200 17983 17672 17480 17398 17737 18090 18280 18537 18475 18423 18316 18233 18094 17911 17668 17507 17681 17586 17443 17701 17971 17958
17650 17939 18111 18410 18675 18744 18724 19053 19077 18965 18983 18855 18865 18914 18880 18980 19208 19393 19608 19639 19670 19720 19801 19775 19839 19845 19707 19250 19207 19247 19289 19271 19363 19361 19304 18867 18445 17927 17808 18178 18198 18029 18195 18356 18497 18497 18403 18286 18317 18422 18451 18339 18126 18094 18162 18173 17958 17637 17395 17546 18061 18471 18705 18731 18819 18843 18694 18327 17900 17708 17757 17739 17803 17858 18027 18194 18221
17623 17520 17591 17558 17558 17564 17732 18013 18323 18456 18547 18546 18539 18377 18569 18940 19350 19610 19774 19795 19600 19364 19283 19581 19734 19750 19639 19688 19569 19511 19531 19359 19249 18937 18543 18230 18066 18041 17858 17886 18136 18442 18717 19041 19193 19136 18873 18584 18601 18625 18748 18819 18851 18851 18765 18720 18748 18642 18255 17694 17115 17302 17667 17972 18320 18415 18334 18188 17901 17675 17570 17470 17509 17793 17960 17962 17834
17919 17776 17627 17608 17608 17607 17686 17757 17975 18174 18249 18230 18043 18085 18311 18683 19130 19520 19733 19791 19554 19341 19179 19113 19393 19478 19579 19699 19603 19603 19591 19405 19016 18658 18320 18240 18158 18275 18375 18448 18800 18873 18799 19049 19399 19407 19374 19339 19492 19809 19812 19887 19757 19535 19064 18954 18817 18716 18419 18002 17372 17028 17093 17199 17124 17335 17434 17549 17485 17262 17101 17238 17321 17290 17313 17103 16507
18330 18284 18199 18142 18147 18101 17902 17927 18079 18251 18383 18566 18785 18869 18831 18875 19137 19237 19436 19625 19612 19393 19165 19047 19074 19168 19146 19022 18985 19114 19205 19137 18790 18492 19112 19156 19030 18828 18732 18686 18915 19048 19188 19296 19720 19943 19969 19912 19904 19971 19947 19999 19968 19773 19237 19096 19387 19454 19034 18320 17890 17878 17967 17990 17802 17654 17456 17422 17374 17298 17013 16823 16509 16321 16052 15861 15743
18551 18619 18617 18571 18537 18302 18027 18003 18159 18307 18521 18984 19328 19526 19684 19757 19864 19853 19889 19819 19820 19896 19985 20183 20354 20296 20249 20163 20047 20047 20114 20116 20000 20055 19982 19913 19802 19709 19877 19958 19972 19933 19888 19877 19877 19944 20114 20172 20074 19880 19809 19737 20049 20169 19999 19814 19592 19517 19074 18812 18277 18109 18116 18004 17576 17524 17354 17184 17128 17027 16537 16060 15826 15821 15745 15698 15660
