Alternative/Moon/Lvl0_30x30/Ele_BD.asc
ncols         335
nrows         335
xllcorner     -9992508.343
yllcorner     3322833.042
cellsize      10000
nodata_value  -9999.0
[rows 170 to 203 of 335, columns 154 to 230 of 335]
15799 15784 15777 15802 15805 15757 15765 15809 15805 15768 15765 15779 15786 15793 15772 15769 15769 15773 15774 15771 15772 15780 15882 16025 15999 16036 16036 16020 15993 15974 15980 15993 16007 15990 15927 15880 15855 15841 15820 15808 15804 15804 15843 15872 15861 15813 15805 15811 15806 15733 15746 15790 15777 15691 15657 15666 15643 15522 15474 15435 15439 15442 15452 15456 15463 15460 15458 15446 15431 15409 15393 15378 15357 15345 15336 15327 15319
15733 15728 15756 15849 15733 15760 15761 15753 15716 15699 15699 15706 15719 15726 15730 15727 15731 15739 15742 15740 15737 15742 15750 15756 15854 15920 15932 15977 15986 15956 15951 15926 15980 15987 15964 15879 15877 15846 15839 15804 15792 15799 15811 15800 15799 15816 15783 15901 15823 15805 15840 15810 15805 15796 15790 15724 15727 15644 15584 15519 15496 15500 15499 15497 15495 15495 15481 15483 15457 15435 15420 15409 15399 15394 15391 15375 15358
15687 15681 15704 15742 15695 15729 15694 15687 15666 15661 15658 15671 15678 15693 15696 15706 15710 15706 15714 15725 15719 15728 15726 15733 15737 15739 15742 15784 15832 15828 15831 15766 15829 15841 15874 15868 15880 15872 15874 15825 15798 15797 15800 15809 15810 15773 15791 15955 15798 15792 15849 15913 15937 15884 15888 15849 15776 15756 15730 15671 15636 15603 15598 15580 15563 15548 15528 15503 15479 15454 15439 15429 15425 15418 15401 15384 15365
15626 15616 15614 15599 15606 15621 15614 15609 15612 15612 15614 15621 15633 15641 15651 15657 15658 15671 15677 15689 15697 15701 15705 15709 15707 15705 15708 15716 15717 15710 15709 15717 15718 15716 15768 15792 15796 15862 15900 15868 15832 15833 15853 15836 15824 15787 15790 15804 15774 15798 15806 15852 15978 15965 15950 15984 15911 15904 15916 15899 15817 15743 15751 15757 15718 15676 15623 15571 15527 15484 15483 15465 15447 15429 15413 15388 15377
15588 15594 15582 15568 15584 15605 15580 15567 15566 15568 15571 15581 15592 15605 15609 15621 15633 15637 15645 15653 15664 15669 15675 15679 15696 15689 15685 15697 15698 15690 15692 15695 15694 15692 15693 15696 15701 15665 15720 15794 15844 15812 15810 15884 15882 15834 15791 15776 15736 15701 15706 15722 15757 15836 15932 16056 16067 16065 15995 16001 15914 15861 15832 15837 15847 15804 15776 15711 15622 15569 15524 15486 15467 15452 15438 15418 15405
15581 15562 15574 15574 15575 15579 15567 15548 15543 15540 15539 15555 15569 15585 15584 15592 15602 15613 15616 15627 15634 15639 15642 15648 15654 15659 15669 15673 15683 15671 15670 15671 15669 15669 15675 15686 15701 15642 15676 15682 15656 15681 15767 15727 15768 15836 15820 15774 15771 15743 15744 15717 15719 15721 15711 15739 15859 15955 15906 15864 15832 15852 15885 15890 15876 15859 15831 15816 15781 15696 15634 15567 15507 15468 15449 15434 15423
15594 15568 15568 15618 15647 15642 15611 15570 15553 15546 15538 15541 15559 15573 15578 15577 15585 15614 15606 15615 15626 15622 15629 15632 15635 15640 15639 15646 15653 15655 15663 15671 15669 15660 15665 15696 15730 15662 15673 15662 15737 15743 15779 15843 15811 15863 15882 15925 15999 15965 15820 15772 15715 15687 15704 15717 15723 15820 15868 15863 15831 15813 15809 15797 15850 15867 15874 15850 15804 15762 15715 15635 15572 15511 15467 15445 15434
15651 15621 15566 15546 15572 15559 15538 15547 15546 15540 15538 15543 15534 15541 15538 15551 15568 15573 15581 15592 15592 15606 15605 15613 15618 15616 15622 15628 15633 15635 15633 15629 15654 15639 15654 15678 15686 15634 15632 15656 15763 15872 15824 15894 16220 16429 16422 16363 16270 16128 16038 15889 15801 15687 15698 15696 15662 15672 15720 15772 15787 15784 15783 15786 15801 15820 15822 15841 15873 15837 15787 15703 15659 15589 15527 15478 15454
15622 15579 15540 15517 15507 15508 15510 15485 15495 15475 15479 15481 15502 15502 15504 15526 15540 15546 15559 15580 15583 15584 15587 15590 15593 15597 15600 15605 15609 15611 15619 15619 15622 15618 15605 15622 15660 15657 15665 15678 16029 16108 16059 16501 16639 16987 16813 16765 16756 16557 16560 16239 16074 15868 15846 15672 15617 15643 15675 15678 15721 15724 15731 15758 15788 15822 15834 15831 15837 15882 15888 15805 15779 15718 15638 15568 15521
15646 15606 15577 15520 15492 15513 15524 15482 15457 15456 15464 15475 15486 15480 15489 15508 15519 15525 15536 15561 15561 15566 15571 15571 15571 15578 15579 15582 15579 15580 15590 15595 15601 15596 15607 15613 15627 15668 15653 15816 16172 16184 16598 17027 17487 17243 16267 14993 14854 15371 16516 16478 16404 16021 15914 15681 15603 15586 15652 15706 15699 15698 15673 15691 15712 15737 15758 15782 15823 15832 15839 15850 15837 15853 15834 15723 15664
15677 15655 15586 15540 15496 15479 15536 15498 15470 15463 15466 15461 15464 15471 15481 15503 15519 15521 15530 15544 15550 15556 15558 15560 15565 15575 15573 15571 15573 15575 15588 15593 15608 15603 15597 15624 15678 15681 15740 15871 16156 16647 17047 17182 17344 15976 15122 14435 14271 14521 14996 16360 16529 16269 16012 15810 15622 15566 15573 15657 15739 15728 15723 15680 15668 15676 15692 15714 15745 15792 15818 15818 15852 15874 15870 15857 15817
15834 15685 15626 15570 15535 15503 15484 15502 15490 15489 15485 15475 15465 15471 15489 15487 15507 15524 15522 15534 15536 15539 15545 15553 15549 15558 15556 15550 15559 15573 15582 15588 15595 15609 15619 15633 15654 15702 15740 15905 16098 16618 17122 16523 15172 14647 13879 13076 13186 13409 13452 14586 16582 16772 16313 15856 15687 15585 15563 15546 15577 15614 15668 15669 15604 15614 15617 15631 15644 15677 15707 15737 15756 15841 15853 15879 15869
15729 15683 15638 15605 15582 15559 15527 15498 15483 15477 15496 15495 15493 15489 15484 15499 15511 15511 15510 15525 15520 15521 15527 15525 15542 15557 15546 15541 15545 15546 15558 15579 15558 15555 15602 15624 15673 15702 15807 15823 16011 16671 16315 15178 14594 13590 13137 13165 13168 13301 13962 14912 16663 16879 16492 16004 15756 15624 15571 15532 15501 15493 15472 15502 15549 15561 15562 15539 15555 15584 15606 15637 15659 15680 15699 15712 15771
15732 15717 15685 15655 15631 15587 15571 15536 15532 15518 15510 15518 15548 15553 15504 15493 15494 15494 15505 15510 15509 15509 15512 15521 15528 15535 15541 15540 15540 15540 15543 15574 15551 15542 15548 15584 15633 15641 15744 15742 15923 16501 15907 15200 14911 14231 13552 13061 13186 13747 14403 15071 16871 16874 16462 16005 15775 15608 15571 15510 15475 15455 15450 15453 15452 15475 15479 15477 15471 15494 15515 15549 15585 15590 15609 15616 15662
15742 15714 15696 15661 15609 15590 15576 15574 15564 15542 15536 15528 15545 15555 15526 15490 15487 15487 15502 15498 15505 15546 15533 15519 15527 15526 15524 15526 15532 15528 15535 15530 15533 15525 15519 15547 15571 15592 15625 15640 15740 16143 16194 15768 15192 15014 14509 13771 14280 14551 14951 15119 16699 16633 16295 15921 15768 15609 15585 15550 15452 15416 15414 15422 15424 15431 15456 15468 15439 15423 15439 15467 15496 15533 15552 15579 15613
15749 15732 15687 15657 15635 15651 15599 15587 15574 15562 15597 15620 15600 15612 15542 15549 15539 15578 15590 15577 15523 15516 15513 15516 15524 15538 15538 15514 15513 15513 15511 15507 15507 15499 15507 15525 15560 15590 15638 15688 15778 16004 16433 16636 16306 15185 14692 14409 14629 15055 15346 16067 16382 16300 15999 15716 15585 15503 15529 15553 15481 15446 15399 15382 15374 15367 15366 15404 15434 15405 15368 15384 15411 15452 15473 15506 15553
15748 15704 15670 15643 15648 15637 15614 15618 15606 15608 15626 15646 15670 15649 15600 15598 15550 15632 15572 15615 15590 15538 15506 15512 15513 15536 15542 15511 15508 15511 15515 15507 15503 15507 15512 15530 15553 15577 15628 15622 15655 15714 16006 16329 16615 16750 16767 16729 16728 16713 16570 16244 16103 15862 15648 15572 15457 15445 15411 15508 15514 15489 15441 15379 15346 15332 15325 15357 15390 15398 15385 15363 15358 15373 15404 15447 15492
15793 15792 15703 15653 15644 15605 15633 15650 15609 15659 15642 15640 15650 15650 15651 15606 15589 15592 15613 15600 15570 15559 15541 15526 15517 15518 15519 15508 15508 15504 15506 15498 15495 15511 15505 15510 15534 15555 15561 15561 15602 15698 15819 15997 16392 16619 16602 16584 16521 16508 16287 15895 15732 15642 15572 15499 15426 15443 15381 15366 15423 15456 15453 15451 15392 15307 15305 15323 15376 15391 15379 15386 15379 15376 15382 15406 15443
15774 15777 15758 15742 15701 15609 15670 15658 15621 15662 15652 15638 15649 15659 15697 15650 15671 15666 15630 15630 15586 15588 15574 15540 15544 15542 15510 15506 15503 15537 15524 15496 15491 15498 15507 15513 15517 15516 15519 15562 15563 15531 15518 15706 16041 16169 16200 16191 16094 16013 15808 15671 15679 15637 15568 15490 15435 15409 15372 15326 15343 15369 15400 15437 15456 15414 15304 15297 15318 15324 15327 15322 15358 15367 15365 15388 15410
15778 15766 15766 15726 15711 15699 15730 15716 15650 15688 15663 15653 15658 15648 15719 15710 15753 15744 15718 15648 15621 15606 15590 15568 15540 15531 15503 15500 15501 15521 15542 15501 15511 15511 15508 15514 15502 15503 15510 15573 15569 15507 15491 15526 15575 15635 15631 15701 15715 15638 15586 15543 15563 15480 15570 15474 15410 15389 15330 15309 15288 15270 15307 15360 15454 15450 15414 15387 15302 15302 15293 15288 15286 15291 15298 15301 15346
15736 15743 15788 15757 15736 15711 15721 15707 15671 15667 15660 15691 15718 15757 15794 15943 15849 15731 15687 15670 15645 15632 15619 15592 15560 15515 15510 15503 15502 15494 15503 15499 15507 15501 15497 15502 15498 15516 15538 15551 15502 15462 15460 15466 15503 15531 15538 15550 15573 15578 15548 15554 15503 15455 15506 15502 15403 15381 15338 15269 15237 15208 15196 15239 15324 15368 15376 15364 15299 15283 15276 15273 15275 15278 15278 15280 15294
15598 15601 15603 15631 15688 15741 15706 15673 15747 15717 15663 15711 15742 15749 15734 15820 15802 15714 15688 15679 15662 15671 15644 15606 15578 15550 15531 15515 15512 15515 15523 15515 15517 15518 15515 15506 15511 15528 15523 15501 15480 15464 15454 15449 15472 15472 15475 15514 15549 15479 15476 15450 15470 15477 15436 15459 15396 15353 15315 15271 15214 15198 15177 15169 15244 15309 15386 15346 15262 15275 15284 15288 15302 15296 15276 15281 15290
15555 15556 15543 15526 15573 15584 15576 15625 15722 15695 15656 15695 15731 15718 15720 15856 15790 15824 15716 15692 15673 15673 15644 15625 15602 15585 15563 15526 15527 15531 15535 15537 15533 15524 15514 15514 15521 15518 15494 15493 15468 15464 15454 15455 15464 15464 15469 15494 15494 15451 15436 15436 15402 15410 15385 15388 15390 15356 15320 15268 15212 15198 15182 15171 15219 15269 15315 15312 15309 15254 15296 15316 15332 15320 15293 15286 15287
15535 15519 15515 15502 15514 15540 15546 15496 15633 15744 15748 15904 16082 16051 16078 15864 15801 15861 15833 15722 15706 15704 15687 15672 15654 15618 15601 15565 15539 15548 15557 15557 15566 15567 15562 15546 15534 15530 15520 15493 15485 15476 15467 15479 15459 15468 15470 15448 15445 15431 15416 15413 15396 15382 15366 15358 15366 15340 15326 15284 15242 15200 15197 15179 15243 15274 15287 15271 15265 15251 15253 15254 15294 15325 15323 15288 15295
15491 15477 15474 15478 15498 15551 15570 15510 15613 15708 15857 16305 16350 15945 16200 16089 15850 15813 15836 15786 15762 15757 15763 15755 15791 15710 15653 15606 15568 15558 15566 15570 15592 15613 15634 15626 15588 15545 15531 15511 15504 15507 15503 15473 15463 15486 15466 15455 15456 15448 15434 15407 15379 15369 15349 15331 15333 15338 15310 15274 15250 15233 15223 15209 15246 15300 15318 15308 15246 15237 15252 15272 15305 15339 15377 15382 15356
15512 15591 15558 15582 15613 15623 15615 15556 15720 15759 15830 16158 15101 14517 15935 16356 15893 15832 15819 15842 15887 15882 15776 15744 15805 15707 15709 15674 15659 15635 15639 15616 15596 15626 15641 15658 15644 15619 15591 15552 15534 15527 15527 15499 15486 15475 15465 15472 15475 15440 15453 15407 15398 15358 15354 15341 15311 15309 15301 15278 15305 15287 15252 15236 15220 15300 15346 15375 15366 15350 15296 15280 15302 15330 15360 15401 15403
15593 15629 15664 15629 15718 15704 15711 15907 16081 16026 16001 16207 16002 16018 16264 16165 15794 15803 15715 15662 15727 15822 15705 15741 15809 15731 15672 15670 15637 15586 15645 15647 15603 15624 15640 15649 15652 15659 15644 15612 15581 15555 15549 15534 15515 15483 15473 15461 15457 15442 15432 15407 15388 15362 15351 15345 15314 15298 15318 15344 15326 15292 15261 15235 15220 15221 15236 15303 15315 15329 15319 15287 15274 15301 15345 15405 15414
16129 15928 15788 15852 15771 15985 15977 16110 16022 15207 15843 15898 16044 16247 16118 15885 15862 15839 15618 15631 15662 15673 15610 15608 15579 15572 15543 15500 15538 15547 15542 15596 15599 15585 15616 15638 15652 15660 15661 15662 15640 15609 15584 15562 15546 15501 15485 15470 15460 15440 15422 15415 15391 15362 15348 15332 15356 15359 15335 15331 15322 15292 15257 15235 15225 15216 15210 15222 15227 15253 15283 15285 15279 15284 15294 15340 15373
16683 16406 16385 16241 16163 16023 16020 15983 15881 15901 16001 15900 15787 15876 15916 16078 16140 16001 15725 15643 15598 15592 15565 15513 15473 15438 15412 15382 15409 15434 15443 15512 15532 15541 15541 15571 15621 15642 15657 15664 15649 15618 15605 15575 15552 15516 15503 15487 15479 15456 15432 15421 15400 15380 15367 15400 15379 15367 15371 15341 15316 15279 15251 15234 15212 15209 15199 15202 15204 15191 15195 15210 15239 15278 15309 15322 15348
16532 16489 16650 16421 16203 16129 16222 16155 16012 15898 15900 15934 15987 16121 16066 15900 15955 15871 15564 15564 15564 15548 15523 15496 15455 15432 15411 15389 15379 15376 15404 15469 15520 15522 15502 15521 15567 15633 15638 15585 15568 15573 15580 15567 15556 15525 15534 15540 15534 15517 15466 15437 15421 15404 15379 15419 15391 15380 15367 15333 15288 15255 15230 15207 15190 15183 15177 15183 15169 15166 15165 15169 15177 15185 15258 15330 15350
16502 16544 16736 16528 16163 16182 16114 16136 16127 16085 16152 16184 16222 16278 16145 15890 15754 15574 15634 15626 15561 15538 15522 15494 15463 15438 15416 15396 15388 15368 15372 15391 15433 15451 15471 15511 15503 15486 15537 15566 15519 15494 15513 15534 15541 15522 15532 15528 15539 15528 15490 15464 15426 15404 15412 15415 15387 15377 15355 15311 15261 15239 15205 15185 15166 15157 15148 15161 15154 15139 15143 15145 15150 15167 15192 15220 15272
16405 16459 16107 16025 16194 16275 16235 16236 16337 16431 16322 16385 16587 16609 16587 16177 15822 15711 15702 15591 15574 15554 15538 15496 15475 15452 15436 15419 15386 15402 15411 15409 15405 15437 15447 15415 15404 15385 15386 15394 15453 15455 15458 15441 15435 15450 15447 15440 15442 15436 15434 15435 15403 15385 15427 15383 15368 15363 15335 15275 15231 15198 15172 15150 15127 15124 15116 15117 15118 15113 15119 15123 15130 15141 15157 15166 15205
16039 16289 15451 15191 16214 16355 16176 16174 16372 16564 16625 16565 16820 16694 16654 15965 15665 15666 15605 15596 15573 15568 15562 15521 15486 15473 15466 15447 15434 15427 15434 15431 15433 15436 15434 15409 15375 15372 15356 15354 15357 15397 15423 15437 15413 15385 15392 15374 15362 15337 15322 15329 15339 15348 15354 15365 15355 15335 15310 15256 15205 15168 15133 15112 15086 15081 15078 15087 15092 15097 15098 15104 15116 15132 15141 15158 15192
16038 16222 16446 16539 16391 16181 15975 16257 16316 16566 16473 15931 16018 16070 15782 15635 15625 15611 15600 15582 15569 15551 15538 15527 15495 15475 15480 15469 15437 15439 15448 15456 15445 15436 15428 15396 15372 15353 15351 15353 15350 15359 15354 15343 15365 15358 15325 15322 15315 15311 15286 15303 15332 15355 15337 15360 15348 15325 15291 15228 15154 15117 15092 15072 15059 15058 15050 15054 15066 15074 15080 15084 15097 15111 15124 15139 15169
