Alternative/Moon/Lvl0_30x30/Ele_FC.asc
ncols         335
nrows         335
xllcorner     -13342508.343
yllcorner     -10077166.958
cellsize      10000
nodata_value  -9999.0
[rows 136 to 169 of 335, columns 0 to 76 of 335]
19710 19973 20143 20137 20043 20063 20044 19941 19615 19141 18654 18327 18145 18128 18026 17920 18060 17820 17845 17836 17638 17247 16770 16372 15910 15637 15290 15073 14862 14666 14378 14168 14172 14218 14179 14272 14345 14314 14382 14380 14257 14300 14317 14406 14474 14670 14894 15005 14987 14825 14669 14624 14474 14308 14262 14285 14551 14806 14941 15151 15214 15187 15167 15265 15285 15022 14944 14885 14662 14293 14507 14844 15176 15277 15213 15026 14912
18610 18857 19146 19406 19590 19584 19472 19280 19120 19052 19036 19058 19157 19267 19495 19665 19826 19664 19296 18952 18702 18408 17922 17421 16788 16383 15915 15557 15084 14705 14410 14320 14300 14297 14258 14377 14476 14493 14473 14473 14473 14514 14536 14623 14749 14893 14992 14996 14811 14537 14306 14273 14270 14248 14245 14195 14179 14338 14494 14420 14060 14098 14675 15181 15276 14901 14580 14535 14345 14331 14546 14794 14809 14668 14711 14812 14814
17532 17820 18197 18368 18531 18516 18545 18568 18734 18941 19182 19365 19436 19707 19983 20081 20108 20057 19574 19125 18702 18379 18017 17597 17135 16704 16326 16079 15735 15476 15216 15064 14996 14780 14630 14558 14615 14693 14754 14751 14680 14627 14629 14618 14728 14835 14850 14815 14665 14431 14268 14219 14214 14221 14228 14200 14137 14126 14221 14381 14418 14481 14744 14750 14598 14296 14241 14258 14295 14370 14473 14417 14279 14217 14108 13986 14248
16507 16860 17162 17329 17435 17624 17777 17944 18217 18603 18968 19079 19411 19697 19948 20032 20009 19761 19220 18863 18507 18076 17683 17511 17135 16742 16469 16197 15979 15715 15581 15600 15428 15023 14775 14611 14653 14670 14664 14641 14582 14582 14608 14663 14735 14790 14828 14825 14727 14623 14533 14402 14249 14219 14236 14247 14245 14247 14166 14150 14172 14150 14126 14125 14226 14519 14650 14631 14493 14334 14302 14318 14290 14230 14167 13930 13947
16452 16716 16883 16961 17008 17095 17246 17238 17421 17752 18254 18631 19072 19338 19634 19704 19699 19598 19186 18842 18480 18246 18059 17933 17234 16338 15595 14915 14806 15363 15813 16044 15899 15537 15232 14938 14693 14697 14637 14583 14459 14420 14401 14408 14412 14426 14545 14547 14497 14397 14247 14172 14154 14197 14271 14286 14389 14434 14494 14524 14437 14334 14532 14663 14702 14661 14616 14552 14484 14353 14198 14168 14154 14151 14093 14095 14195
15965 15977 15937 15792 15926 16136 16479 16717 17119 17570 18030 18419 18853 19199 19287 19319 19250 18811 18435 18383 18451 18214 18087 17980 17584 17141 16939 16914 16869 16786 16565 16414 16131 15744 15487 15331 15178 15138 15004 14699 14480 14402 14409 14302 14164 14233 14191 14204 14147 14115 14127 14155 14238 14309 14471 14492 14417 14477 14742 14785 14712 14516 14616 14743 14860 14854 14670 14492 14361 14277 14146 14077 14048 14118 14121 14112 14152
15124 15296 15644 15913 16290 16717 17052 17256 17555 17700 17746 17920 18409 18732 18801 18688 18562 18309 18182 18030 17840 17637 17426 17222 16959 16693 16656 16644 16625 16486 16263 16061 15830 15577 15403 15256 14978 15030 14954 14668 14532 14458 14277 14183 14101 14142 14176 14174 14218 14260 14259 14236 14244 14266 14377 14400 14319 14296 14355 14460 14476 14360 14527 14661 14674 14540 14361 14298 14191 14048 14060 14040 13977 14045 14062 14060 14106
14898 15206 15532 15777 16176 16590 16857 17033 17271 17501 17610 17719 17830 17848 17766 17668 17581 17469 17379 17310 17099 16919 16866 16639 16397 16269 16148 16076 16002 15956 15874 15848 15892 15869 15731 15525 15433 15413 15316 15166 15007 14817 14616 14540 14400 14291 14352 14392 14387 14358 14261 14241 14203 14199 14199 14301 14266 14238 14235 14303 14288 14252 14231 14213 14211 14168 14183 14162 14165 14164 14163 14195 14246 14160 14191 14185 14264
15230 15493 15579 15672 15921 16320 16724 16902 17024 17083 17084 17114 17080 16913 16764 16667 16682 16720 16784 16745 16614 16295 16170 16108 16136 16124 16110 16047 15875 15951 16067 16166 16150 16035 15806 15709 15661 15621 15578 15499 15244 14984 14752 14696 14679 14674 14595 14520 14498 14462 14432 14446 14319 14190 14161 14142 14144 14138 14121 14134 14132 14139 14154 14190 14199 14178 14181 14223 14270 14272 14244 14275 14287 14238 14303 14259 14234
15702 16049 16252 16282 16235 16199 16151 16193 16240 16200 16102 16023 16024 16016 16181 16259 16257 16253 16267 16274 16255 16264 16188 16086 16052 15984 15907 15908 15966 16081 16252 16376 16455 16401 16209 16116 15999 15755 15543 15482 15411 15118 14875 14777 14761 14754 14595 14636 14599 14545 14535 14562 14523 14401 14240 14141 14141 14126 14104 14090 14092 14101 14123 14124 14144 14188 14234 14284 14267 14256 14242 14222 14224 14181 14197 14267 14287
15770 16042 16326 16390 16415 16402 16371 16369 16349 16236 16158 16178 16205 16364 16528 16638 16653 16558 16373 16298 16292 16259 16247 16249 16224 16204 16289 16462 16723 16886 16983 17008 17051 16810 16672 16914 16959 16678 16471 16380 16182 15765 15341 15147 14952 14925 14865 14763 14732 14749 14691 14622 14459 14379 14370 14306 14277 14303 14303 14254 14213 14219 14270 14306 14371 14465 14547 14564 14511 14382 14277 14294 14267 14155 14068 14111 14108
15692 15875 16010 16097 16193 16258 16177 16335 16376 16391 16372 16314 16199 16175 16162 16180 16251 16253 16242 16249 16250 16167 16079 16172 16292 16420 16598 16710 16822 16873 16930 17004 17241 17382 17505 17651 17694 17672 17622 17407 17166 16785 16361 16071 15935 15889 15679 15508 15251 15069 14860 14683 14541 14500 14479 14514 14589 14597 14574 14556 14630 14738 14780 14710 14799 14886 14906 14920 14793 14408 14415 14294 14187 14045 13873 13726 13685
14874 15151 15313 15381 15421 15710 15823 15869 15822 15702 15683 15606 15513 15345 15184 15108 15205 15393 15407 15467 15451 15438 15472 15561 15770 16130 16346 16342 16090 15946 16358 16517 16609 16757 17145 17384 17611 17584 17418 17432 17242 17030 16726 16673 16554 16338 16049 15793 15537 15364 15210 15102 14858 14618 14573 14596 14696 14780 14846 14936 15071 15170 15183 15160 15106 15057 15079 15052 14958 14749 14572 14390 14165 14196 14213 14201 14136
14649 14775 14861 14864 14855 14774 14666 14520 14414 14449 14545 14626 14713 14802 14829 14833 14864 14797 14627 14506 14484 14568 14676 14801 15076 15257 15298 15459 15717 15877 15897 16009 16124 16314 16441 16543 16565 16640 16760 16739 16552 16261 16087 16070 16079 15963 15758 15580 15650 15655 15634 15591 15432 15257 15240 15198 15168 15102 14964 14962 15003 14976 15058 15178 15207 15137 14930 14773 14755 14769 14777 14766 14658 14661 14735 14780 14842
14629 14628 14531 14373 14229 14043 13962 14053 14082 14003 14061 14436 14775 14751 14757 14750 14657 14680 14603 14461 14399 14371 14355 14389 14442 14513 14647 14714 14743 14759 14738 14698 14720 14726 14775 14959 15127 15237 15372 15446 15471 15510 15515 15554 15626 15712 15757 15822 15922 15976 15983 15961 15922 15822 15641 15403 15404 15249 15085 15051 14872 14759 14662 14578 14509 14523 14539 14553 14544 14626 14624 14557 14558 14619 14738 14824 14912
13970 13965 13948 13947 13923 13935 13990 14018 14240 14463 14616 14725 14815 14842 14992 15132 15194 15189 15137 15063 14891 14851 14878 14837 14746 14677 14689 14720 14783 14797 14756 14599 14433 14342 14321 14350 14380 14405 14488 14638 14790 14919 15060 15202 15438 15637 15665 15668 15633 15677 15760 15734 15605 15457 15384 15264 15167 15067 15041 15032 14893 14819 14736 14596 14454 14413 14413 14403 14415 14541 14583 14590 14646 14737 14759 14746 14643
13921 13921 13891 13922 14012 14098 14157 14227 14331 14331 14394 14380 14585 14843 14888 14913 14961 15133 15189 15252 15229 15224 15215 15168 15104 15063 15149 15278 15330 15316 15251 15141 14984 14827 14644 14364 14302 14353 14346 14364 14392 14403 14412 14503 14786 15019 15105 15099 15125 15091 15029 15112 15139 15132 15137 15167 15176 15085 15008 14982 14872 14790 14748 14682 14515 14438 14420 14384 14358 14358 14431 14462 14473 14429 14424 14391 14349
14222 14205 14305 14341 14433 14578 14628 14603 14619 14624 14533 14520 14384 14393 14462 14586 14679 14863 15042 15178 15201 15190 15274 15360 15356 15369 15475 15518 15561 15563 15463 15307 15209 15018 14837 14695 14522 14389 14363 14365 14360 14351 14352 14348 14361 14522 14698 14736 14846 15008 14995 14955 14773 14598 14448 14661 14868 15057 14997 14917 14911 14851 14761 14617 14496 14420 14311 14273 14247 14249 14366 14415 14407 14305 14317 14327 14326
14602 14523 14736 14897 15000 15060 15077 15077 15021 15024 15007 15015 15004 14978 14951 15076 15159 15173 15107 15040 14942 15091 15315 15444 15411 15484 15557 15568 15542 15451 15396 15135 14833 14593 14614 14642 14532 14523 14576 14536 14472 14417 14415 14418 14393 14426 14542 14574 14586 14647 14817 14828 14816 14649 14541 14722 14685 14648 14805 14841 14808 14662 14516 14456 14400 14361 14312 14247 14241 14261 14354 14399 14400 14507 14732 14813 14827
14430 14509 14694 14806 14887 14899 14916 14887 14787 14807 14802 14770 14805 14842 14931 15048 15153 15216 15232 15135 15002 14913 14945 14954 14873 15029 15051 15074 15103 15120 15234 15264 15269 15147 14976 14796 14769 14767 14720 14565 14519 14451 14420 14416 14386 14320 14283 14261 14292 14302 14312 14357 14313 14312 14349 14349 14381 14368 14423 14495 14498 14341 14381 14387 14390 14344 14341 14273 14217 14190 14142 14141 14291 14574 14841 14963 15010
14409 14313 14349 14377 14465 14461 14245 14182 14142 14127 14001 14131 14226 14348 14432 14550 14786 14986 15022 14981 14804 14734 14674 14679 14728 14769 14819 14841 14858 14964 15097 15214 15227 15153 15016 14822 14832 14831 14743 14623 14504 14419 14351 14325 14312 14282 14277 14263 14251 14231 14229 14219 14214 14216 14266 14351 14368 14465 14501 14563 14562 14416 14283 14281 14258 14206 14173 14176 14141 14097 14055 14055 14073 14210 14362 14493 14667
14150 14107 14211 14309 14425 14447 14285 14173 14006 13889 13879 13893 13949 14014 14292 14517 14693 14708 14669 14649 14657 14642 14640 14644 14653 14650 14637 14662 14749 14780 14926 14917 14832 14764 14700 14599 14650 14622 14581 14577 14515 14442 14399 14306 14306 14283 14276 14254 14243 14235 14231 14218 14211 14245 14336 14441 14454 14412 14344 14366 14328 14212 14192 14220 14234 14250 14237 14227 14224 14250 14227 14253 14246 14234 14243 14233 14368
13228 13197 13247 13267 13266 13270 13273 13329 13406 13472 13545 13603 13856 14069 14213 14285 14334 14445 14486 14611 14685 14679 14624 14582 14507 14477 14473 14479 14531 14566 14566 14555 14472 14426 14444 14463 14470 14543 14651 14692 14723 14536 14380 14315 14303 14290 14261 14250 14257 14286 14305 14319 14334 14315 14353 14475 14535 14499 14429 14414 14372 14258 14223 14227 14225 14252 14321 14380 14415 14441 14418 14370 14336 14294 14290 14280 14305
12628 12886 13079 13146 13133 13095 12946 12931 12982 13083 13307 13560 13874 14168 14376 14484 14585 14441 14346 14250 14200 14208 14225 14213 14197 14189 14185 14175 14176 14244 14288 14361 14481 14584 14573 14625 14719 14930 15026 15032 14965 14795 14663 14470 14306 14290 14315 14346 14367 14364 14342 14336 14326 14320 14323 14310 14308 14301 14340 14407 14402 14328 14200 14088 14080 14109 14166 14172 14159 14128 14102 14110 14113 14118 14145 14190 14216
12593 12881 13104 13312 13464 13520 13496 13415 13366 13409 13429 13566 13880 14220 14561 14722 14757 14742 14597 14470 14369 14332 14342 14378 14351 14196 14162 14163 14171 14201 14235 14316 14494 14591 14546 14387 14640 14723 14665 14705 14879 15025 15080 14999 14930 14840 14701 14551 14418 14375 14379 14382 14427 14444 14603 14647 14672 14660 14603 14541 14454 14366 14225 14123 14136 14192 14186 14276 14383 14485 14532 14576 14607 14592 14525 14426 14434
12177 12350 12650 12986 13295 13512 13542 13510 13395 13349 13332 13376 13483 13613 13734 13787 13959 13986 13962 13958 13904 13934 14016 14040 14096 14103 14134 14168 14190 14200 14334 14539 14826 15079 15221 15389 15426 15449 15423 15386 15388 15363 15396 15463 15452 15279 14987 14757 14591 14486 14483 14544 14627 14717 14765 14754 14747 14770 14801 14807 14801 14911 14997 15010 15102 15195 15293 15295 15315 15330 15309 15225 15081 14977 14847 14782 14618
12054 12081 12128 12236 12457 12621 12718 12712 12657 12619 12590 12581 12641 12820 13062 13144 13214 13207 13191 13159 13089 13052 13065 13072 13094 13112 13273 13462 13723 13998 14169 14352 14567 14832 14992 15118 15170 15209 15168 15213 15206 15125 15152 15167 15054 14914 14776 14599 14508 14639 14704 14709 14691 14615 14540 14532 14506 14513 14599 14685 14793 14843 14908 14982 15105 15176 15237 15292 15448 15589 15642 15577 15529 15358 15107 14965 14812
12069 12095 12105 12084 12152 12147 12143 12187 12209 12262 12275 12364 12368 12416 12463 12509 12483 12462 12468 12496 12522 12568 12587 12646 12691 12777 12966 13093 13237 13263 13422 13650 13881 14099 14344 14521 14663 14687 14752 14756 14706 14583 14463 14395 14307 14311 14334 14464 14632 14728 14794 14796 14739 14624 14576 14559 14507 14505 14565 14634 14658 14751 14776 14777 14747 14697 14724 14761 14784 14815 14891 14931 14984 14980 14926 14949 15123
12091 12084 12101 12102 12114 12143 12170 12239 12330 12248 12168 12297 12365 12412 12409 12425 12472 12487 12577 12729 12909 13057 13187 13292 13468 13523 13617 13630 13596 13535 13407 13375 13533 13640 13842 14039 14247 14327 14301 14244 14257 14259 14200 14142 14068 14085 14097 14142 14178 14189 14164 14181 14280 14382 14448 14471 14484 14539 14671 14729 14730 14662 14528 14440 14387 14340 14297 14285 14329 14381 14380 14394 14478 14623 14739 14887 15096
12007 12014 12060 12096 12101 12136 12162 12215 12301 12308 12275 12315 12330 12377 12362 12407 12615 12849 13177 13371 13601 13796 13878 13981 14123 14280 14333 14349 14344 14299 14206 14133 13974 13910 13971 14084 14246 14405 14550 14615 14618 14509 14339 14207 14051 13960 13930 13921 13906 13904 13878 13885 13930 14000 14070 14161 14232 14424 14580 14739 14761 14677 14604 14559 14560 14516 14394 14287 14170 14170 14177 14206 14262 14271 14260 14347 14528
11999 12009 12034 12049 12078 12126 12225 12330 12422 12542 12587 12679 12693 12800 12880 13058 13340 13691 13932 14093 14180 14335 14339 14307 14282 14314 14402 14479 14489 14471 14480 14413 14295 14213 14186 14190 14250 14262 14272 14297 14257 14166 14043 14027 14008 13992 13993 13974 13890 13950 13877 13841 13866 13909 13942 14043 14273 14593 14823 14896 14868 14678 14468 14370 14317 14295 14210 14160 14183 14214 14211 14221 14251 14261 14316 14308 14260
12017 12028 12048 12059 12107 12211 12410 12554 12711 12800 12817 12844 12930 13098 13399 13577 13856 14148 14465 14696 14892 14986 14946 14785 14596 14486 14429 14447 14368 14295 14226 14190 14021 13848 13805 13844 13854 13847 13722 13712 13758 13864 14002 14040 13839 13770 13935 14020 14008 14000 13907 13974 13942 13877 13953 14024 14134 14349 14479 14467 14414 14292 14151 14135 14169 14243 14409 14521 14540 14413 14426 14426 14421 14399 14483 14497 14438
12057 12059 12058 12081 12120 12223 12345 12503 12633 12733 12852 12943 13125 13297 13597 13939 14294 14643 14937 15005 15204 15174 15075 14886 14624 14361 14195 14103 14059 14051 13942 13831 13690 13629 13583 13589 13606 13602 13608 13593 13636 13649 13645 13645 13660 13730 13817 13846 13762 13738 13833 13868 13943 13851 13920 13979 14048 14181 14253 14260 14145 14134 14078 14041 14123 14204 14395 14501 14519 14296 14109 14331 14342 14320 14284 14257 14187
12065 12039 12031 12050 12062 12112 12272 12395 12536 12682 12854 13030 13272 13562 14005 14343 14783 15203 15465 15564 15547 15332 15089 14915 14738 14574 14368 14214 14014 13892 13776 13721 13714 13669 13614 13592 13579 13539 13540 13539 13557 13554 13565 13583 13611 13631 13688 13760 13815 13816 13851 13846 13805 13788 13844 13919 13929 13964 13976 13940 13917 13894 13904 13909 13958 14116 14340 14413 14426 14499 14589 14645 14657 14581 14488 14411 14296
