Alternative/Moon/Lvl0_30x30/Ele_BB.asc
ncols         335
nrows         335
xllcorner     -16692508.343
yllcorner     3322833.042
cellsize      10000
nodata_value  -9999.0
[rows 272 to 305 of 335, columns 154 to 230 of 335]
25015 25033 26305 28206 28516 28219 27890 27847 28020 28089 28029 28165 28607 28659 28635 28893 29239 29686 30024 30240 30362 30471 30341 30432 30403 29767 28218 27017 26496 26559 26302 25332 23795 23019 22273 21541 20270 19993 19575 19576 19696 20067 20096 20282 20426 20235 19896 19865 19516 19369 19288 19235 19210 19134 19223 19278 19408 19671 20002 20440 20908 21641 21989 22316 23336 24208 25370 26140 26972 28427 29164 29484 29935 29636 29528 29558 29111
27140 25929 26907 27949 28336 28081 28099 28162 28247 28104 28413 28436 28254 28413 28775 29024 29351 29727 29883 29892 29711 29728 29825 29849 29918 29703 28609 27423 26656 26511 26284 25580 24372 23442 22774 22134 21348 20430 19861 19823 20568 20194 18681 17924 18790 19982 20437 20110 19526 19308 19287 19293 19258 19219 19186 19160 19139 19301 19586 19867 20473 21577 22504 23448 24527 24965 25725 26259 26942 28203 28724 29066 28573 28351 29173 28928 29208
28173 28108 28132 28179 28076 28014 28068 28253 28732 28894 28823 28831 28621 28863 29236 29217 29253 29404 29015 28627 28264 28247 28272 28505 28591 28757 28683 28465 28318 27620 26763 25694 24800 24163 23216 22614 21877 21172 20668 20514 20540 19880 17576 16517 17313 19417 20494 20088 19429 19394 19619 18865 19395 19169 19162 19082 19142 19393 19844 20231 21001 22107 23027 23810 24732 25218 25690 26283 26988 27899 28024 28015 28237 28257 28845 28104 28633
27826 27919 27746 27718 27434 27919 27821 28068 28674 28943 28930 28925 28689 28897 29208 29227 28651 28213 28123 27889 27637 27489 27303 27378 27226 27645 28099 28337 28600 28442 27881 26073 24309 24138 23548 23059 22347 22235 21753 21244 21457 20995 18948 17961 18448 20212 20196 19808 19261 19409 19683 19505 19504 19240 19258 19281 19406 19991 20685 21141 21940 22868 23428 23803 24662 25476 26101 26589 27008 27366 27465 27411 27575 27937 28251 28072 27042
27352 27495 27587 27742 27965 28086 27967 28261 28713 29016 29167 28987 29080 29010 28883 28654 27261 26218 26351 26760 26917 26778 26764 26658 26594 26817 27027 27395 27980 28021 27852 27140 26273 25352 24362 23709 22985 22958 22730 22267 22161 22181 20856 19998 19899 20636 20294 19613 19192 19543 19624 19540 19508 19479 19580 19450 19553 20052 20909 21493 22411 23189 23842 24444 24972 25676 26113 26295 26444 26555 26828 26881 26930 27324 27603 27469 27252
26362 26194 27887 28279 28673 28800 28772 28822 28866 29115 29280 29272 29153 29058 28627 27765 26256 25107 24874 25204 25497 25719 25719 25670 25738 26000 26077 26117 26473 26751 26754 26769 26526 26054 25201 24481 23810 23554 23614 23650 23434 22442 21338 21272 21427 21065 20750 20160 19623 20247 20408 19953 20025 19871 19920 19815 20269 21200 21979 22400 23611 24457 24800 24891 25267 25573 25431 25197 25344 25531 26147 26298 26066 26717 26680 26725 27102
27470 27695 28472 29059 29599 29666 29684 29674 29466 29433 29493 29489 29206 28414 27297 26595 25690 24471 23987 23806 23949 24455 24658 24617 24633 24924 24985 25068 25106 25333 25496 25627 25667 25648 25356 25225 24658 24467 24463 24312 24080 23739 22321 21481 22218 21666 21108 20842 20615 20957 20443 19711 20289 21135 21075 21474 21429 22073 23071 23636 24480 24765 24969 25038 24945 25260 25134 25101 25209 25421 25048 25435 25617 26193 26211 26503 27016
27743 28414 29241 29250 29587 29648 29673 29678 29289 29069 29473 29591 29221 28221 27043 26369 25594 24603 23565 23278 23290 23708 23834 23811 23835 24033 24226 24212 24396 24805 24993 25204 25235 25191 25229 25521 25553 24962 24795 24666 24319 24310 23247 21683 22347 22286 21929 21311 21436 21831 21049 19841 20612 21748 21946 22367 22475 22973 23872 24306 24461 24719 24800 24888 24844 24789 24823 24911 24674 24523 24645 24491 25372 25906 25915 25678 26370
27848 28623 29169 28983 27621 27334 28156 28350 27715 27309 28428 29462 29196 27761 26192 26271 25519 24921 24185 23326 23015 22842 22923 22861 22869 22956 23429 23600 23649 24116 24385 24547 24638 25025 25213 25333 25485 25644 25442 25405 25454 25028 23211 21609 21542 22168 22628 22357 22377 22598 22777 22376 22516 22883 22992 23038 23091 23134 23573 24022 24144 24009 24056 23558 23809 23944 24130 24133 24366 24254 23985 23825 24600 25158 25217 25068 25454
27700 28297 28636 27272 25445 24532 25862 26877 26682 26426 26587 27802 28161 28011 26909 25924 25410 24678 24248 23703 22996 22254 21868 21872 21978 22094 22610 22963 23081 23481 23645 23989 24480 24736 24740 24779 25221 25607 25178 25395 25648 25237 23681 22103 21500 23083 24060 23726 23310 23467 23752 23782 23642 23601 23612 23457 23731 23699 23501 23335 23492 23081 23066 23398 23533 23503 23566 23619 23604 23701 23723 23703 23921 24398 24542 24893 25282
27437 28192 28619 27879 26156 24991 25853 26425 26027 25773 25838 26493 27425 27709 26883 25538 25042 24443 23924 23562 22981 22185 21705 21527 21464 21779 22159 22592 22905 23222 23352 23414 23718 24365 24513 24663 24909 25310 25193 25434 25391 25084 24833 23758 23894 24706 25019 24466 24154 24256 24525 24713 24331 24165 23992 23765 23660 23652 23385 23147 22911 22917 23014 23207 23289 23115 23196 23192 22970 23150 23515 23552 22899 23453 23748 24091 24533
27241 28092 28615 28707 28238 27351 26923 26400 25871 25997 26043 26681 27063 27130 26375 25326 24724 23992 23532 23225 22564 22117 21946 22018 21852 22151 22489 22465 22556 22942 23035 22987 23299 23557 23647 24028 24490 25002 24971 24858 24961 24908 24835 24558 24608 24708 24881 24298 23956 24183 24543 24710 23997 23844 23642 23063 23344 23275 23070 22832 22809 22917 22941 23135 23099 22833 22881 22876 22548 22769 23134 23127 22450 22922 23536 24119 24488
26758 27341 28203 28896 29007 28548 27701 27225 27253 27412 27656 27833 27736 26665 25662 25143 24573 23649 23174 22814 22431 22073 21860 21984 21780 21802 22303 22310 22224 22272 22369 22460 22520 22865 23176 23315 23894 24371 24677 24670 24640 24679 24566 24308 24356 23912 23784 23747 23957 23260 23571 24315 24053 22919 22082 21653 22942 23234 23161 23163 22930 22726 22468 22609 22729 22688 22171 22229 22282 22134 21430 21966 22268 22892 23510 23958 24357
26688 26925 27696 28489 28921 29234 29204 29246 29759 29812 29513 28869 27605 26524 25401 24690 24203 23371 22656 22377 22082 21939 21769 21771 21256 21049 21453 21363 21874 21943 21883 21725 21824 22407 22620 22716 23270 24035 24365 24593 24451 24037 23652 23794 23766 23658 23600 23581 23702 23676 23364 23209 23354 23097 22562 22301 23241 23234 23060 22927 22824 22460 22368 22327 22322 22354 21905 21741 21541 21152 20863 21229 21580 21926 23095 23818 24362
26481 26955 27422 27907 28646 29267 29640 30036 30394 30459 29548 28834 27533 26183 25060 24528 23969 23414 22747 22348 21908 21679 21567 21590 21193 20868 20883 20908 21206 21360 21341 21299 21382 21708 22062 22429 23021 23626 23935 24003 24057 24003 23673 23004 23221 22985 22982 22950 23170 23287 23049 23029 22850 22952 22947 22777 22811 23084 22950 22378 21795 21391 22217 22301 22177 22003 22089 21613 21138 20786 20857 21038 21127 21775 22834 23667 24634
26571 26856 27566 27913 28257 28697 29227 29785 30170 30139 29029 28372 27508 26409 25198 24710 24253 23675 22929 22436 21809 21501 21706 21858 21769 21113 20828 20846 21136 21070 20892 20821 20894 21511 21884 22388 22993 23468 23678 23803 23586 23805 23682 23468 23036 22950 23106 22883 22457 22654 22825 23110 23234 23293 23240 22966 22232 22728 22673 22181 20286 20046 21921 22423 21850 21888 22270 22110 21497 20794 20988 21275 21466 22110 23143 23977 24799
26544 26872 27412 27781 28195 28735 28988 29658 29957 29909 29442 28435 27040 26176 25795 24781 23901 23675 22972 22719 21938 21438 21542 21749 21726 21373 21044 20861 21025 20963 21057 21128 20863 21076 21600 22204 23012 23425 23416 23646 23115 22698 23045 22913 22808 23025 23072 22903 22767 22788 22946 23000 23214 23297 23332 23218 22205 22397 22324 21881 21576 21426 22033 22135 22142 21867 21864 21873 21504 20909 21023 21443 22250 23070 23734 24263 25314
26856 27140 27333 27925 28304 28571 28670 29435 29861 30121 30055 29193 27661 26597 26380 25278 23881 23767 23451 22842 21969 21549 21319 21103 21050 21165 21144 21063 20938 20805 20993 21069 20957 21191 21655 22198 22950 22988 23001 23360 22425 22662 22751 22378 22409 22449 22492 22305 22584 22630 22612 22590 21977 22273 22645 22659 22737 22625 22083 21971 22117 22181 22011 22010 22069 21760 20511 20818 21109 21016 21080 21524 22481 23328 23994 24538 25978
26824 27145 27402 27870 28307 28611 29002 29679 30067 30257 30118 29626 28849 27802 26776 26274 24764 24102 23588 23230 22533 22136 21455 21202 21190 21246 21269 21151 21029 20894 20861 20873 20933 21246 21787 22225 22784 22947 22838 22629 22422 22331 22270 21937 22037 22108 22397 22448 22461 22549 22933 23023 21923 21559 20905 21277 22714 22781 22129 21684 21735 21872 21857 22085 21839 21233 20893 20897 20858 21165 21593 22132 22692 23362 24289 25426 26598
27420 27782 27560 28060 28845 29136 29580 29731 30254 30272 30194 30097 29746 28707 27428 26692 25004 24132 24074 23974 23285 22797 22105 21855 21745 21584 21426 21497 21374 20994 20966 21316 21383 21538 21843 22241 22633 22672 22331 22256 21760 21618 21615 21610 21819 22124 22450 22533 22503 22506 22943 23038 22374 21021 20452 21376 22169 22356 21981 21491 21746 22087 22018 22013 21662 21189 21174 21101 20891 21288 21647 22206 22813 23442 24453 25461 26475
27573 27673 27493 28407 29141 29126 29780 30165 30257 30242 30278 30284 30241 29802 28649 27530 25848 24761 25016 24868 24333 23805 23483 23251 23139 22822 22565 22342 22134 21887 22133 22292 22356 22303 21867 22018 22143 22019 21849 21711 21575 21454 21592 21775 22162 22136 22392 22471 22489 22325 22713 22771 22500 21504 20530 21923 22235 22188 21673 21346 21401 21609 21375 21254 20005 20854 21207 21142 21129 21139 21225 21569 22635 23346 24294 25193 26230
27937 28240 28186 27758 28912 29465 29851 30097 30154 30267 30379 30383 30098 29860 29534 28444 27248 26616 25658 25010 25033 24805 23849 23512 23911 23513 23272 22925 23103 23291 23410 23199 23026 22638 22210 21999 21917 21565 21457 21359 21310 21809 22130 21746 21406 20942 20465 20600 21319 21856 22293 22356 22144 21435 21551 21871 21894 21507 21479 21514 21344 21417 20729 20058 19538 20440 20650 21052 21426 21461 21880 22386 23073 23558 24485 25261 26433
27739 28358 29077 29121 29590 29930 29968 29541 29667 29268 29248 29584 29856 29949 29576 28794 27676 27294 26690 26606 25977 25298 25007 24504 24022 23454 22972 22966 23378 23777 23976 23808 23453 23007 22264 21869 21760 21714 21282 21161 21048 21772 21986 21407 19866 19019 18759 18704 19478 20557 21099 20975 20245 21438 21508 21134 20878 20872 20949 21062 21331 21392 21308 21025 20442 20828 21284 21596 21678 21801 22456 22592 23198 23796 24883 25631 26342
27583 28198 29268 29628 29861 29962 29532 28939 28286 27768 27929 28199 28428 28636 28897 28757 28359 27900 27781 27605 26563 26075 25758 24994 24074 22988 22487 22095 22159 23491 24273 24138 23513 23155 22532 22059 21864 21722 21207 20841 21170 21504 21481 20206 18613 17984 18027 18058 18707 19760 20208 20871 21284 21414 21385 20898 20666 21007 21556 21891 21905 22048 22314 22363 21906 21732 21746 21917 22017 21750 22481 23065 23407 23766 24875 25705 26376
27827 28729 29467 29571 29751 28996 27940 26978 26458 26414 26549 26696 26779 26900 27188 27824 28185 28176 27904 27820 26669 25889 25377 24833 24148 22936 21377 20620 21017 22748 23923 23991 23635 23039 22565 22208 21940 21312 21102 20774 21414 21441 20339 18983 17810 17459 17711 17786 18273 19488 21114 21571 21192 21022 21204 20966 20698 21701 22098 22486 22799 23149 23198 23136 22582 22741 22704 22696 22501 22545 23019 23364 23854 24480 25184 25756 26071
29275 29668 29838 29635 28833 28009 26616 26004 25470 25153 25177 25407 25451 25493 25701 26109 27054 27605 27526 27510 26896 26301 24884 23982 23625 22878 21315 20505 20558 22467 24025 24075 23538 22881 22590 22280 22076 21730 21520 21228 21550 21553 20731 19362 18156 17709 18020 18296 18822 19682 21288 21695 21539 21009 21110 21486 21632 22532 22684 22895 23074 23429 23396 23338 23235 23002 22934 22873 23357 23785 23762 24187 24734 25216 25893 26379 26634
29913 30182 29859 29232 28074 26036 25524 25417 24869 24618 24386 24268 24140 24329 24786 25121 25723 26517 27234 27287 26989 26267 24925 24328 23734 22816 21576 21229 21399 22764 24086 24121 23710 23120 22516 22239 22156 21937 21578 21482 21440 21681 21693 20304 19100 18590 18606 18955 19743 20663 21313 21381 20770 21214 21706 22401 22535 23597 23525 23250 23294 23244 23177 23318 23467 23558 23595 23923 24453 24807 25395 25498 25706 26224 26573 26999 27326
29895 30062 29459 28412 27418 25819 25194 24763 24325 23778 23453 23389 23448 23643 24061 24562 25372 25910 26548 27089 26822 26290 25742 25146 24076 23237 22312 22091 22542 23217 24120 24113 23712 23168 22601 22298 21873 21685 20937 21351 21438 21967 22228 21387 20435 20456 19960 19779 20776 21644 21735 21935 21844 22319 22584 23022 23284 23774 23702 23345 23416 23668 23488 23230 23609 23854 24066 24345 24795 25033 25430 25697 26127 26509 26888 27142 27794
29758 29613 28748 27117 26080 25307 24732 24283 23879 23493 23411 23390 23363 23453 23599 23978 24862 25517 26092 26430 26913 26939 26482 25836 23995 24267 24049 23623 23699 23456 23825 23687 23325 22409 21930 21630 20919 21349 21123 21021 21054 21892 22142 21512 21148 21383 21238 21414 22120 22083 22356 22966 22849 22993 22764 23035 23415 23568 23423 23504 23848 23962 23634 24185 25265 25233 25106 25063 24935 25100 25763 26367 26961 27081 27374 27654 28310
28676 28583 28015 27185 25850 24933 23799 23512 23373 23360 23410 23396 23414 23447 23473 23766 24032 25006 25914 26747 27477 27563 27262 26623 25970 25886 25515 25291 24704 23680 22774 22177 21448 20936 20425 20617 21092 21447 21359 20766 20741 20932 21385 21167 21112 21604 21743 21811 22065 22400 22500 22904 22846 23412 23334 23343 23063 23466 23766 23782 23943 24106 24649 25047 25657 25913 26115 26132 26219 26356 26978 27245 27574 27753 27977 28474 29174
27845 28120 27785 26455 25568 24715 23876 23374 23332 23432 23439 23518 23662 23664 23581 23673 24010 25049 26127 27243 28028 28077 27314 26757 26176 26042 25746 25543 25177 23690 22291 21440 21019 20980 20766 21235 21538 21178 20851 20689 20737 20985 21538 21472 21069 21326 21462 21593 21771 22398 22846 23366 23808 23941 24007 24241 23954 23597 23623 23789 24310 24787 25275 25563 26264 26207 26021 26591 27066 27455 27610 27826 27880 28005 28974 29619 29947
27449 27702 27341 26164 25183 24424 23819 23718 23527 24266 24284 24205 23924 23941 23884 23839 24483 25615 26466 27616 28257 27762 27244 26816 26296 26064 25585 25353 25230 24293 23096 22280 22284 22204 21841 21758 21817 21388 21080 21129 20845 20979 21489 21456 20910 21057 21180 21281 21600 22377 23035 23458 24109 24240 24008 24375 24605 25104 25640 25683 25735 26016 26115 26376 26334 26222 26517 27048 27127 27460 27717 27926 28022 27926 29119 29826 29974
26566 26972 26922 26290 25409 24108 23865 24003 24027 24337 24191 23738 23745 24380 24508 24592 24954 25933 27119 28006 28351 28033 27134 26824 26038 25886 24477 24708 24920 24706 24031 23656 23306 23001 22458 22022 21671 21215 21218 21239 20932 20686 20738 21066 21316 21218 21033 21086 21356 22299 22664 23128 24122 24270 24218 24614 25111 25580 26439 26755 26725 26579 26790 26888 26470 26189 26609 26823 27318 27669 27804 27715 27464 27048 27339 28077 28483
25880 26243 26251 26329 26166 25252 24480 24245 24341 23206 22069 21575 22007 24017 24859 25009 25503 26575 27815 27844 27952 27893 26927 26572 26250 25977 25642 25277 25202 24646 23879 23563 23486 23017 22507 22340 21880 21775 21618 21189 20552 20517 20545 20981 21591 21793 22215 22273 22311 22931 22962 23421 23702 24074 24583 24384 24940 25236 25797 26134 26756 26917 26759 26558 26324 26742 27213 27529 27585 27420 26534 26080 26202 26269 26302 26093 25797
