Alternative/Moon/Lvl0_30x30/Ele_EH.asc
ncols         335
nrows         335
xllcorner     3407491.657
yllcorner     -6727166.958
cellsize      10000
nodata_value  -9999.0
[rows 170 to 203 of 335, columns 154 to 230 of 335]
18101 18716 19227 19886 20086 20213 20277 21035 22552 23147 23199 22905 22056 21183 21259 21283 21251 21241 21224 20869 20756 21087 21390 21736 21715 20635 19709 18802 18225 18007 18411 19264 20292 20340 20154 20188 19667 19696 19777 19667 19545 19714 19308 18549 18869 19168 19247 18548 18773 18935 18872 18744 18765 19123 18952 19197 20116 20057 18857 16917 15114 14412 14438 15365 17014 18812 19665 19534 18869 18640 18524 18244 18095 18058 18031 18082 18087
17548 18715 19435 19749 19703 18812 18444 19307 20955 22640 23128 22882 21778 21094 20677 20592 20583 20757 20933 20905 21182 21325 21645 21783 20479 18764 17597 16729 16376 16359 16686 17637 19313 20627 20584 20370 19622 19111 18938 19103 19609 20088 20197 19938 19781 19402 19374 19235 18519 18504 18783 18999 19195 19513 19597 19707 20235 20187 18817 16755 15092 14513 14567 15178 16096 17642 19275 19645 18985 18611 18351 18082 18004 18020 18054 18073 18075
17712 18697 20062 20042 19261 18409 18224 18502 19813 21846 23039 23090 21933 20863 20356 20104 20240 20679 20992 21051 21391 21569 21916 22165 21049 19100 17697 16792 16241 16551 16936 17988 19675 20617 20616 19981 19209 18689 18577 18567 19011 20114 20300 19912 19440 19496 19527 19393 18997 18545 18929 19363 19107 19234 19578 19792 20045 20141 19702 18368 16882 15908 15591 16690 18366 19232 19755 19621 18864 18458 18279 18008 17943 18011 18127 18154 17874
18162 19151 20437 21433 20976 19747 19473 20109 21279 22689 23372 23222 22105 21016 20436 20074 20102 20545 20830 21308 21159 21546 21864 22095 21873 20524 19090 17962 17205 17352 18308 19586 20842 21016 20636 20175 19669 19488 19489 19426 19188 20150 20312 19730 19424 19478 19493 19330 19065 18569 19042 19181 18444 17884 18292 18996 19700 19931 19946 19887 19087 18298 17883 18654 19692 19718 19726 19240 18977 18677 18183 17937 17945 18012 18134 18135 18019
18543 20137 21533 22491 22781 22508 22271 22739 23617 23967 23925 23284 22217 21165 20491 20012 19934 20212 20674 21357 21487 21105 21505 21862 22013 21640 21183 20336 19851 19992 20525 20872 21100 21081 20805 20327 19765 19699 19785 19640 19520 19605 19516 19317 19415 19405 19455 19173 18829 18647 19015 19156 18354 17417 17421 17522 18277 19389 19865 20008 19980 19917 19817 19867 19837 19561 18879 19149 19163 18935 18554 18215 18001 18052 18085 18048 18042
19125 20225 21487 22533 23084 23515 23792 23901 24042 23972 23523 22929 22204 21321 20809 20262 19952 20027 20360 20986 21396 21142 20871 21262 21542 21476 21450 21152 21152 20963 20912 20735 20763 20507 19903 19365 18856 18776 18984 19450 19421 19309 19719 19758 19453 19321 19371 19147 18916 19030 18995 19028 18346 17927 17599 17466 18333 18758 18794 18997 19467 19714 19617 19638 19568 19027 18474 19045 18952 18843 18022 17981 17833 17920 18142 18368 18320
19012 19570 20225 21160 21880 22724 22918 22796 22543 22187 21868 21568 21433 21390 21117 20969 20587 20034 20047 19951 20293 20465 20107 20188 20395 20670 20732 20633 20623 20634 20461 20293 20346 20007 19206 18472 17926 17642 17960 18709 18720 18484 19068 19659 19448 19281 19385 19183 18892 19219 19278 19121 18688 18371 18352 17974 18715 18760 18273 18173 18736 19284 19424 19432 19165 18366 18052 18515 18551 18233 17699 17671 17789 18104 18317 18613 18636
18728 18808 19166 19791 20412 21688 21732 21456 21038 20643 20305 20167 20290 20706 20940 20960 20683 20134 20109 19896 19805 19902 19890 19617 19817 20010 20036 20045 20240 20007 19681 19577 19775 19658 18682 17785 17566 17544 17724 18605 19624 19617 19269 19245 18911 18716 18880 18828 18826 19128 19138 18817 18522 18569 18680 18573 18936 19005 18448 17877 17386 17758 18257 19074 19214 18962 17961 18364 18113 17851 17748 17816 17908 18105 18310 18740 18920
18445 18438 18521 18695 19565 20515 20782 20500 19816 19269 19180 19172 19209 19667 20527 21191 21043 20255 19960 19831 19816 19615 19527 19295 19050 19198 19207 19157 19462 19599 19460 18972 18663 18775 18831 18165 17990 17849 18274 19275 19709 19593 19187 18896 18899 18800 18787 18728 18786 18868 18982 18884 18488 18611 18840 19177 19603 19480 18236 16716 16319 16527 16982 18009 18568 18691 18117 18211 17916 17797 17816 17916 18291 18277 18075 18369 18788
18354 18386 18438 19142 20397 20558 20413 19814 19244 19286 19224 19129 19388 20171 21075 21518 21391 20736 20452 20262 20268 20015 19574 19420 19083 18772 18696 18657 19001 19621 19649 19027 18598 19029 19023 18437 17791 17791 18479 19590 19736 19725 19377 19210 19206 18868 18641 18569 18676 18658 18832 18946 18970 18929 18991 19389 19628 19448 18730 17591 16714 16284 16263 16634 16860 17198 17921 18590 18472 18103 17926 17841 18178 18264 18134 18094 18514
18547 18724 18940 19506 20593 20576 20088 19586 19612 19347 19200 19120 19790 21030 21868 21882 21510 20986 20749 20692 20575 20025 19681 19627 19486 19448 19545 19154 18884 19270 19328 19270 19578 19790 19260 17882 17390 17376 17475 18579 19571 19675 19542 19267 19204 19052 18842 18571 18660 18679 18674 18798 18810 18989 19078 19466 19624 19452 19166 18838 17902 16545 16339 16929 17178 17411 17925 18178 17880 18085 18053 17653 17377 17810 18129 18243 18743
18798 19079 19288 19750 20712 20954 20523 19970 19684 19756 19966 20201 20786 21361 21842 21827 21407 20975 20914 20725 20597 20015 19723 19678 19694 19678 19625 19306 19075 19260 19307 19265 19571 19770 19361 17884 17373 17379 17316 17672 18956 19582 19575 19387 18967 19118 19022 18742 18588 18685 18424 18397 18318 18454 18565 19064 19362 19208 19072 18896 18590 17982 17807 17840 18028 18530 18624 17591 16786 17613 18817 18852 18260 18197 18894 18938 19162
19163 19519 19812 20277 21632 22154 22069 21084 20989 20412 20293 20619 21036 21205 21168 21008 20536 20616 20697 20425 20202 19923 19652 19760 19722 19631 19587 19324 19104 19173 19111 19296 19387 19505 19397 18362 17499 17308 17279 17500 18409 18935 18995 19081 19025 19188 19116 18825 18594 18633 18544 18490 18519 18655 18911 19289 19371 19093 18693 18451 18769 19099 19109 18620 18436 18904 18729 18532 18126 19135 19526 19458 18817 18712 19491 19451 19220
19211 19992 20518 20792 21835 22200 22340 22223 21835 21261 20486 20216 20471 20553 20437 20063 19877 20029 20041 20063 20019 19884 19566 19674 19433 19233 19065 19057 19041 19227 19182 19411 19647 19622 19552 18976 18577 18251 17468 17382 17722 18449 18700 18662 18791 18953 18976 18965 18793 18706 18852 19024 18922 19269 19405 19414 19200 19033 18781 18768 18833 19017 19118 18711 18329 18864 18893 18952 19026 19105 19399 19505 19256 18665 18844 19079 18822
20337 20899 20911 20852 21063 21363 21542 22082 22071 21831 20780 20064 20080 20289 20255 20100 19912 19847 19953 19967 19846 19740 19437 19500 19492 19195 19197 19009 18953 19275 19433 19773 19856 19456 19288 19151 19239 19223 18476 17492 17454 17893 18538 18907 18822 19028 19065 18980 18630 18513 18892 19084 18878 19127 19285 19343 19113 18597 18452 18515 18337 18267 18652 18384 18135 18232 18972 19179 19170 19076 19146 19819 19833 19268 18334 18013 18047
21696 21855 21745 21597 21633 21773 21680 22009 21995 21806 20866 20171 20036 20155 20157 20114 19996 19780 20006 20050 19821 19640 19659 19799 19722 19472 19208 18981 19160 19491 19823 19930 19944 19491 19270 19035 19195 19354 19146 18120 17505 17836 18510 19082 18985 18865 18974 18947 18871 18789 18665 18947 18842 18949 19037 19151 19051 18386 17952 17733 17622 17617 18112 18419 18248 18095 18851 19260 19224 19079 18932 19444 19502 19170 18146 17499 17324
21905 21924 21781 21659 21705 21716 21503 21515 21560 21134 20661 20158 19855 19811 19846 20027 20161 19916 20027 20064 19835 19675 19784 19834 19791 19450 19284 19454 19468 19535 19695 19697 19785 19632 19359 18995 19077 19193 19088 18491 17763 17731 18440 18893 18891 18657 18992 19205 19153 18855 18559 18650 18712 18936 19175 19135 18855 18236 17776 17478 17824 18103 18371 18872 18999 18718 18619 19007 18786 18314 18010 17954 17987 17827 17478 17058 16833
21850 21654 21435 21280 21356 21069 20643 20341 20140 20447 20513 20209 20260 20255 19773 19802 19957 19873 20060 20175 20084 19803 19862 19975 20037 20158 20294 20037 19625 19053 18815 19005 19474 19486 19335 19038 18704 18521 18602 18643 18317 18036 18281 18572 18585 18537 18896 19157 19156 18988 18735 18484 18911 18876 18734 18771 18749 18652 18163 18186 18171 18497 18724 19051 19219 18891 18386 17797 17218 16742 16448 16373 16524 16737 16824 16874 17269
21769 21493 21387 21315 20635 20016 19436 19286 19017 19818 20316 20735 20885 20810 20583 20658 20579 20067 20262 20413 20337 20190 20271 20311 20376 20412 20405 19896 19473 18805 18781 18697 19105 19611 19636 19489 18842 18441 18634 18867 18941 18929 18214 17647 17686 18109 18463 18848 19177 19289 19173 18940 19056 18977 19005 19050 19183 19186 18976 18731 18857 19143 19208 18809 18512 18108 17128 16015 15708 15684 15623 15614 15699 15971 16690 17319 17877
21764 21652 21388 21315 20331 19320 18872 18891 18885 18916 19758 20717 20845 20789 20572 20812 20684 20199 20260 20220 20314 20633 20688 20462 20478 20223 19743 19052 18902 18751 18766 18946 19313 19555 19534 19554 19640 19400 19232 19217 19261 19020 18249 17369 17389 17581 17851 18744 19089 19275 19188 19084 19039 19148 19145 19048 18865 18862 18921 18938 19140 19314 19246 18379 17346 16661 16031 15650 15640 15652 15657 15694 15950 16458 17353 18242 18441
21756 21698 21844 21875 20958 19619 18828 18795 18826 19230 19931 20223 20396 20318 20031 19919 19906 19736 20032 20638 20775 20764 20681 20426 20322 20312 19813 19485 19210 19048 18962 18810 19151 19134 19070 19539 19776 19942 19924 19433 19075 18970 18439 17438 17400 17868 18382 18642 18886 19068 19114 19053 18942 19091 19070 18841 18495 18616 18666 18980 19089 18976 18406 17416 16012 15528 15485 15492 15621 15647 16196 16279 16563 17519 18510 18435 18403
21524 21669 21928 22017 21303 20238 19421 19118 19396 20004 20242 19859 19608 19193 19230 19237 19430 19462 19661 20649 20853 20568 20268 20313 20388 20147 19880 20092 20143 19679 19414 19218 19263 18860 18773 18977 19360 19968 20015 19766 19384 19055 18755 18460 17741 17936 18343 18447 18238 18467 18910 18963 18816 18805 18622 18736 18459 18333 18393 18373 18414 18169 17462 16625 15893 15579 15496 15662 15673 15605 15889 16165 16583 17576 18484 18511 18059
21057 21453 21664 21451 20669 20336 19973 20163 20479 20722 20832 20279 19176 19212 19429 19712 19764 19744 20189 20601 21069 21194 21208 21120 21344 21413 21024 20869 20803 20688 20266 19578 19218 19078 18954 18919 19134 19419 19706 19762 19562 19396 19219 19085 18512 18060 18055 18022 17769 17712 18261 18631 18599 18426 18320 18386 18471 18403 18448 18461 18416 18139 17889 17151 16708 16488 16212 16234 16259 16232 16166 16216 16458 17256 18402 18957 18856
20809 21007 20946 20818 20360 20092 19988 20076 20275 20585 20723 20335 19684 19768 19782 19739 20081 20477 20772 21253 21415 21516 21467 21216 21210 21391 21282 21131 20975 20801 20684 20506 20578 20282 19949 19827 19635 19983 20236 20312 20268 19966 19761 19413 19126 18574 18289 18064 17670 17589 17923 18227 18352 18345 18135 18469 18509 18483 18513 18537 18506 18088 18036 18026 17469 17006 16786 16703 16541 16527 16570 16688 16911 17677 18668 19353 19338
20451 20520 20433 20453 20344 20280 20294 20271 20211 20251 20126 20486 20358 20829 20823 20643 20892 20979 21180 21506 21576 21714 21592 20669 20000 20080 20399 20539 20044 20005 19850 20394 20727 20704 20757 20887 20760 20457 20517 20647 20648 20486 20483 20045 19650 19202 18670 18212 18063 17951 17537 17465 17395 17694 17903 18480 18452 18209 18132 18245 18366 18228 18291 18288 18210 18300 18176 18209 18299 18216 17729 18210 18265 18229 18898 19952 20042
20582 20472 20345 20379 20262 20486 20503 20378 19993 19890 20411 20824 20967 21433 21446 21238 21057 20585 19950 19709 19760 19671 19443 19175 19196 18978 18506 18753 18482 17978 18509 18994 19036 19360 19954 20895 21196 21102 20839 20602 20459 20401 20391 20185 19853 19279 18691 18248 18501 18414 18148 17787 17526 17503 17936 18212 18381 18368 18413 18450 18432 18381 18173 18163 18324 18494 18979 19258 19166 19674 19742 19321 19316 19233 19094 19873 19948
20279 20270 20229 20122 19962 19960 19925 19652 19803 20059 20366 21189 21272 21240 20886 20373 19778 19257 19193 18748 17975 17151 16645 16884 16954 16523 16480 16515 16089 16152 16781 17326 17835 18329 18528 19661 20801 20993 20896 20534 20255 20000 20000 19910 19740 19105 18503 18063 18319 18766 18775 18364 17817 17342 17717 18082 18558 18574 18549 18737 18699 18548 18503 18481 18410 18471 18990 19182 19189 19513 19657 19228 19236 19192 19177 19232 19516
20148 20069 20111 20176 20043 19980 20220 20394 20683 20637 20830 21207 21284 20564 20195 20091 19542 18745 17899 16882 16148 15608 15353 15431 15499 14940 14934 15361 14920 15000 15439 16094 16615 17310 17854 18235 19120 20422 20689 20642 20141 19902 19732 19807 19615 19263 18848 18265 18287 18773 18787 18446 17553 16811 16821 17231 17844 18220 18578 18719 18696 18634 18497 18439 18656 18681 18707 19030 18997 18672 18811 18873 18837 18854 18862 18876 18871
20078 19661 19882 20147 20182 20171 20131 20376 20759 20793 20996 21072 20886 19965 19501 18929 17935 16877 15979 15205 14533 14056 13869 13820 13733 13488 13516 13558 13618 13689 13843 14563 15040 15715 15974 17032 18088 18995 20010 20520 20373 19956 19965 20075 19898 19517 19153 18657 18656 18565 18579 18501 17915 17050 16771 16783 17137 17905 18506 18632 18629 18509 18291 18467 18678 18836 18806 18664 18595 18685 18702 18618 18705 18661 18708 18874 18882
19541 19830 20231 20164 20155 20425 20713 20813 20810 21018 21051 20965 20134 18949 18297 17471 16459 15146 14249 13822 13511 13120 12909 12804 12468 12194 12252 12410 12325 12401 12511 12749 13606 14213 14847 16084 17080 18258 19019 19630 20395 20684 20465 20202 20149 19669 19409 19275 19030 19072 19102 18913 18528 18037 17455 17012 17461 18053 18188 18112 17850 17726 18027 18352 18717 18944 18916 18464 18592 18668 18655 18709 18774 18583 18450 18426 18314
20033 20580 20705 20684 20432 20573 20975 21104 21132 21101 20600 19552 18881 17792 17282 16303 14876 13996 13303 12806 12665 12394 12339 12203 12209 12092 12128 12153 12176 12122 12109 12186 12663 13576 14563 15586 16056 16978 17890 18916 20357 21061 21033 20513 20210 19890 19759 19449 19446 19389 19179 18904 18802 18698 18373 17920 17777 18307 18347 18167 17769 17913 18278 18723 18947 18961 18963 18737 18465 18477 18205 18367 18512 18449 18305 18243 18155
20297 20755 20788 20628 20341 20339 20866 20970 20438 20034 19199 18103 17878 16865 16129 15411 14048 13320 12777 12489 12399 12351 12130 12163 12181 12232 12214 12111 12109 12100 12104 12174 12243 12697 13551 14588 15525 16337 17152 18299 19705 21070 21170 20546 20300 20047 19907 19628 19878 19798 19585 19480 19116 18926 18881 18579 18125 18301 18312 18290 18112 18188 18579 18984 19042 18943 18870 18804 18692 18426 18211 18115 18206 18215 18087 18310 18392
20206 20044 20214 20254 20235 20258 20196 20236 19811 19009 18642 17594 16693 15795 15165 14080 12939 12317 12171 12090 12081 12094 12111 12180 12199 12166 12243 12166 12105 12084 12088 12133 12168 12422 12752 13676 14807 15632 16288 17818 18681 20088 20798 20747 20252 20068 20092 19922 19833 19898 20061 20049 19919 19637 19445 18858 18441 18475 18496 18482 18834 19031 19212 19227 19171 19007 18790 18708 18703 18376 17814 17586 17617 17784 17942 18334 18326
19447 19620 19981 20201 20047 20539 21035 20888 19580 19312 18585 17420 16280 15013 14004 13153 12357 12251 12091 12107 12148 12141 12137 12531 12285 12130 12123 12130 12100 12079 12072 12111 12174 12270 12575 12978 14259 15480 15981 17396 18331 18934 20150 20655 20353 19743 19866 19842 19800 19825 20305 20291 20222 19950 19730 19527 19381 19223 19074 18904 19372 19633 19653 19444 19153 18884 18852 18769 18574 18368 17855 17655 17732 17644 17797 18024 18095
