Alternative/Moon/Lvl0_30x30/Ele_CA.asc
ncols         335
nrows         335
xllcorner     -20042508.343
yllcorner     -27166.958
cellsize      10000
nodata_value  -9999.0
[rows 238 to 271 of 335, columns 154 to 230 of 335]
33318 33801 34491 34918 34915 34532 33214 31480 30960 30109 29332 28643 28160 28125 28700 28758 29273 29540 29717 30560 31104 32097 33325 33879 35596 35842 35242 35108 34298 33975 33865 32767 31971 32594 32306 31975 31991 31687 31412 30950 31336 31800 31561 31428 31393 31801 31969 31448 31627 31338 31156 31304 31441 31445 31666 31873 31943 31768 31825 31394 30679 30566 30713 30693 30653 30568 30712 30921 30978 30136 29535 29555 28926 28446 28471 27621 27580
33479 33679 34547 35005 35164 34623 32131 30675 29948 29359 28259 27922 27894 27913 27956 27961 27980 28327 28706 28696 29873 30933 32515 33436 35540 35894 35123 35074 34290 33887 33730 33686 33047 32480 32207 32331 32646 32188 32609 32782 32932 32934 32672 32579 32428 33107 33542 33521 32858 31845 31734 31788 31795 31534 31873 32012 32059 31892 31975 31758 31303 30793 30663 30848 30927 30984 31064 31297 31169 30201 29234 29102 29068 28884 28754 28383 27733
32987 33755 34633 35137 35319 34224 31805 30328 28964 28263 27902 27894 27899 27913 27982 27980 27905 27898 27882 27871 28496 29765 31611 32543 34480 35322 35564 35270 34165 33784 33737 33625 33321 32329 31998 32311 32724 32804 33224 33802 34087 33949 33480 33463 33400 34181 34462 34170 33610 33162 33217 33092 32713 32046 31900 32017 32082 32135 32153 32032 31563 31251 30968 31212 31306 31261 31237 31621 31587 30459 29341 29169 29079 29037 28926 28542 27831
32704 33995 34886 35304 35395 33347 31189 29620 28050 27894 27873 27884 27895 27909 28016 27997 27911 27869 27856 27856 27909 29046 30938 32238 33819 35184 35781 35598 34411 33889 33900 33793 33385 32351 32080 32198 32739 32918 33234 33790 34074 33968 33596 33535 33845 34331 34361 33811 33448 33389 33849 33892 33570 33257 32503 31867 31730 31987 32003 31991 31706 31480 31522 31776 31801 31504 31368 31773 31731 30671 29447 29257 28968 28518 28373 27896 27648
32713 33966 35134 35365 35316 32965 30580 29534 28034 27899 27872 27886 27894 27935 27970 27969 27878 27873 27869 27867 27909 28867 30961 32084 33654 34814 35755 35772 34609 34169 34151 33894 33421 32659 32224 32215 32612 32959 33161 33714 33994 33982 33719 33458 33455 33523 33328 32936 32830 33375 34062 34215 33859 33791 32649 31825 31139 31119 31270 31619 31679 31745 31884 32007 32088 31552 31493 31885 31817 30800 29647 29135 28898 28320 27719 27329 27112
32773 33920 35246 35349 34580 32360 31005 29641 28022 27920 27895 27901 27902 28085 28247 27919 27950 27965 27932 27903 27983 29149 30438 32206 33444 34536 35764 35789 34911 35051 34506 33726 33104 32795 32295 32384 32685 32948 33233 33869 34328 34445 34163 34032 33528 33213 32706 32719 32722 33029 34108 34368 33955 33833 32623 31722 30960 30952 31090 31743 31703 31657 32120 32420 32516 32187 31792 31751 31727 30878 29806 29107 28826 28243 27983 28018 27991
32582 33715 35504 35555 33848 32703 31227 29776 28475 27931 27914 27905 27926 27932 27942 28266 28475 27902 27825 27867 28076 29058 30513 32281 34062 34994 36287 36223 35368 35212 34397 33296 32710 32404 32362 32637 32902 33375 33537 33911 32936 34325 34408 34524 34292 33778 32744 32704 32695 32923 33824 34132 33985 33682 32526 31616 30958 30946 31057 31730 31861 31877 32025 32920 33470 33149 32464 31616 31312 30538 29662 28892 28209 28155 27705 27070 26822
32415 33884 35795 35880 33726 32609 31217 30082 28803 27960 27931 27918 27950 27920 27861 28267 28980 28116 27811 27831 28196 29591 31360 32588 34131 35494 36843 36620 35640 34479 33810 33180 32739 32711 32680 32820 33165 33489 33977 34397 34602 34431 34329 34810 35002 34211 33183 32757 33103 33383 33858 33947 33788 32922 31832 31163 30814 30883 30945 31163 31396 31815 32050 32806 33518 33483 33013 31167 30922 30137 29441 29091 27443 28189 28002 28072 27307
32436 33929 35907 36009 34174 32132 31271 30494 29174 28105 27948 27949 27958 27925 27880 28241 28934 27986 27830 27848 28645 29698 31560 32857 33926 36099 36998 36577 35391 33927 33610 33630 33337 33052 33128 32827 33156 33692 34578 34820 34758 35000 35338 35538 35612 34719 33828 33583 33863 34277 34370 34123 33048 32253 31544 31020 30627 30691 30812 30893 31156 32001 32817 32790 32887 33444 33475 32440 31292 30452 29912 29292 26668 28167 27982 28118 27875
32755 34075 36182 36535 35012 32520 31688 31282 29690 28353 28050 27991 27946 27915 27868 27879 28227 27848 27856 27875 28842 30376 31818 32802 33897 36305 36799 36034 35032 34168 34486 34330 33812 33546 33500 33491 33189 33469 34681 35069 34971 35629 36085 36009 35564 35038 34781 34786 34665 35153 35124 34498 33102 31998 31623 31083 30521 30510 30475 30527 31028 32157 33099 33272 33270 33584 33743 33557 31935 30619 29803 29325 28535 28170 27898 27676 27619
32811 34184 36345 36906 35651 33386 32161 31677 30132 28818 28128 28066 27989 27934 27889 27907 27850 27956 27924 28117 29485 30970 32376 33373 34187 36395 36209 35451 35385 34982 35574 35335 34694 34114 34483 34383 34119 33693 34525 34895 34843 35573 36221 36118 35792 35624 35962 35765 35435 35042 34980 34461 33386 32324 31415 30964 30634 30565 30655 30906 31307 32267 33441 34010 34161 33132 34063 34021 32458 30660 29747 29002 28285 27916 27730 27843 27667
32592 34225 36008 36850 36292 34050 32406 31953 31183 29916 29084 28521 28047 27945 27889 27994 27924 28484 28674 28987 30393 31359 33058 34515 35064 36686 36807 36067 35319 35992 36243 35542 34744 35231 35715 35832 34910 34193 34399 34487 34718 35889 36321 36153 35888 36057 36134 36110 35696 34810 34340 34087 33659 32878 31939 31585 31078 31164 31621 31736 32005 32622 33548 34519 34508 33303 34565 34666 33236 31390 30746 29849 28638 27718 28201 28108 28232
32666 34232 36155 36939 37012 35471 33292 32417 32125 30806 29566 28953 28329 28022 28289 28397 28566 28957 29608 30171 31185 31902 34160 35056 35254 37009 37168 36139 35374 36179 36224 34430 34733 35619 35939 35961 35370 34795 34675 34636 35342 36294 36489 36163 35875 36249 36229 36230 36028 34917 34163 33915 33718 33129 32129 31951 31666 32030 32469 32897 32871 32994 33891 35051 35408 34477 35174 35135 33637 31854 31105 30497 29667 28639 28653 28575 28703
32732 34236 36181 36942 37340 36937 34912 33272 32887 32020 30801 30156 29285 29056 29141 29202 29565 30022 30991 31557 32117 32966 34776 35071 35866 37224 36976 36018 35372 36114 35934 35182 35314 35557 35421 35323 35193 34806 34621 34911 35537 36222 36491 36271 36180 36178 36275 36361 36229 34859 34082 33986 33924 33223 32328 32159 32348 32908 33039 33066 33522 33751 34635 35755 36326 36370 36396 35991 34392 33170 31704 31011 30841 30466 29952 29576 29405
32984 34626 36245 36738 37318 37279 36049 34101 33381 33009 31933 31233 30700 30378 30377 30593 30843 31290 31960 32639 33261 34558 36484 36568 36470 36604 36597 35763 35031 35390 35235 35106 35139 34949 34672 34466 34329 34253 34270 34714 35053 35710 36069 36294 36209 35981 36124 36121 36054 35182 34655 34396 33874 33226 32917 32889 32910 33129 33298 33592 34068 34352 35427 36410 36835 36957 37077 37000 35497 34025 32912 31674 31581 31277 30806 30475 30213
32908 34672 36060 36478 37116 37176 36519 35477 34215 33845 33727 33054 32915 32478 32472 32266 32686 33082 33315 33743 34793 36595 37625 37490 36992 36721 36050 35127 34845 34839 35012 35105 35340 34731 34522 34438 34173 34114 34169 34362 34321 34817 35934 36143 35677 35634 36177 36215 36206 35937 35271 34724 33932 33672 34023 34227 33925 33711 33648 33872 34337 34579 36197 37028 37515 37598 37765 37385 36250 35028 33766 32310 31580 31425 31429 31313 30956
33786 35351 35869 36159 36442 36622 36472 36010 35754 35079 34893 34773 34546 34450 34340 34292 34293 34333 34391 34742 36532 37283 37517 37398 37007 36739 35734 34905 34821 34986 35627 35585 35451 34959 34545 34558 34167 34024 34105 34394 34284 34499 35899 36105 35825 35602 36013 36340 36343 36105 35443 35044 34501 34274 35098 35115 34777 35190 34887 34298 34322 34961 36801 37614 37835 38497 38510 37948 36782 35674 34753 33461 32572 32446 32271 31910 31201
35110 35672 35740 35724 35612 36077 36418 36143 36162 36221 35817 35526 35244 35321 35378 35191 35005 35476 35915 36656 37267 37290 36943 36761 36739 36671 35882 35112 34809 35318 35667 35691 35364 34987 34527 34477 34474 33946 33926 34297 34331 34281 35166 35499 35710 35708 35877 36232 36330 36201 35807 35330 34843 35255 35987 35953 35635 35930 35787 35050 35068 35681 37135 38067 38263 38835 38898 38342 37288 36522 36377 34780 33065 33459 32775 32169 31290
36063 36166 36222 35652 35573 35771 35895 36418 36541 36502 36313 36124 36269 35936 35794 35594 36073 37192 37454 37544 37464 37397 37554 37588 37504 37166 36681 36074 35526 35710 35779 35731 35266 34696 34176 34396 34515 34436 34039 34456 34453 34215 34661 35350 35669 35777 35936 36009 36193 36203 35851 35382 35753 36519 36713 36631 36586 36440 36361 36071 35652 36038 36892 37807 38220 38383 38660 38469 37840 37250 36580 34915 32469 33467 33004 32498 31056
36430 36526 36380 35793 35558 35886 35854 36109 36400 36530 36730 36768 36933 36264 36002 36555 36852 37360 37586 37687 37704 37564 38265 38267 37943 37496 36971 36613 36428 35855 35708 35441 34938 34402 34155 34135 34337 34396 34107 34254 34232 34388 34462 35133 36139 36187 36195 36145 36348 36156 35522 35572 36652 37313 37882 37899 38124 37847 37214 36304 35569 35996 36812 37124 37378 37382 38085 38077 38150 37858 37580 36152 34574 33468 33129 32762 31221
36233 36342 36119 35772 35418 35675 35810 36191 36255 36337 36858 37009 36837 36445 36306 36805 36823 37163 37452 37678 37891 38043 38159 38011 36848 35990 35411 35839 36369 36197 35728 35171 34687 34429 34134 34094 34268 34414 34242 34243 34348 34380 34969 35464 36310 36729 36547 36018 36318 36030 35449 35687 36792 37416 38013 38544 38986 38746 37401 36702 36282 36446 37154 37108 37272 37317 37782 37100 38045 38190 38060 37284 35469 34582 33871 33694 32343
35645 35701 35595 35533 35177 35445 35724 36004 36181 36259 36606 36659 36667 36337 36152 35004 34807 35037 36929 37211 38024 38113 36491 35254 33697 32776 32419 33058 34671 35979 35781 35237 34569 34417 34320 34187 34448 34467 34668 34581 34759 35190 35567 35347 36497 37112 36822 35975 35752 35744 35477 35687 36749 37372 38324 38803 39019 38698 37220 36682 36302 36659 37314 37186 37389 37344 38165 38401 38268 38173 38079 37521 35720 35335 35004 34590 33987
35707 35596 35131 34912 34188 34167 34912 35411 35866 35953 36543 36511 36565 36773 36666 36012 35777 35046 36480 36905 37506 36846 34123 32500 30811 30299 30734 30897 32528 34882 35548 35208 34580 34451 34386 34360 34683 35006 35193 35229 35019 35613 36456 35981 36142 36987 36464 35781 35801 35837 35386 35180 35959 37187 38041 38147 38120 37385 36483 36459 36044 36665 37192 37182 37336 37722 38025 38221 38205 37930 37675 37541 36771 35897 35467 34890 34669
35809 35647 34735 33146 32337 32561 32873 33360 34046 34860 35248 35819 36507 36718 36397 36372 36410 35768 35930 36684 36952 34916 32072 30409 29771 29702 29657 29889 30952 33524 35303 35092 34418 34338 34390 34297 34707 35139 35252 35254 35082 35655 36802 37179 37081 36496 35362 35297 35359 35299 35188 35167 35491 36896 36968 36818 36508 36021 35956 36191 36260 36507 37155 37256 37289 37723 38017 38075 37874 37715 37588 37510 37302 36804 36368 36278 36345
35582 34349 33001 31787 31321 31478 31738 31836 32612 33149 34202 34607 35345 35986 35781 35656 35496 35422 35468 36591 36678 33814 31259 29810 29647 29634 29551 29530 30372 32768 35170 35110 34534 34401 34275 34494 34816 35098 35221 35336 35187 35611 36549 37136 37274 36332 35274 35274 35265 35192 35202 35216 35204 35989 35887 35839 35685 35558 35530 35770 36310 36529 37032 37538 37870 38058 38004 37853 37616 37343 37392 37867 38017 37764 37483 37619 37816
33562 31970 31057 30718 30430 30008 30383 30453 31088 31752 32385 32760 33424 34995 35743 35752 35182 34826 34718 36026 36248 33680 30814 29784 29536 29581 29543 29538 30976 33818 35242 35150 35253 34939 34788 35002 35338 35462 35569 35255 35410 35670 36235 36650 37003 36515 35411 35297 35349 35321 35343 35415 35401 35840 35748 35544 35489 35471 35668 35504 36161 36534 37138 37839 38387 38517 38443 37897 37854 37893 38028 38567 38776 38628 38594 38829 39494
31655 30370 29928 29375 28843 28625 28917 28987 29192 30465 31262 31692 31996 33758 35094 35046 34534 34075 34409 35288 35638 34108 31547 29640 29495 29495 29695 30675 32269 34854 35438 35011 35180 34964 34984 35029 35654 35827 35826 35310 35194 35290 35728 36170 36853 36564 35690 35513 35481 35651 35690 35678 35836 35808 35720 35681 35438 35432 35743 35544 35613 36283 37076 37978 38544 38833 38703 38297 38471 38540 38702 38982 38781 38839 39493 39655 40375
31012 29495 28875 27815 27624 27517 27742 28149 28412 29078 30074 30837 30963 32498 34732 34912 34295 33403 33754 34813 35264 35122 33619 31659 30518 30408 30488 31021 33453 35180 35497 34792 34979 34925 34938 35301 35659 36004 36138 35640 35430 35237 35091 35807 36770 36641 36063 35748 35541 36064 36017 35987 35893 35906 36169 36334 35853 35401 35379 35396 35570 36614 37327 37769 38521 38686 38476 38556 38741 38658 39113 39348 38797 38566 38821 39147 39851
30541 28786 27844 27463 27481 27563 28097 28227 28200 28230 28766 29614 30280 32102 34400 34784 34284 33353 33344 34169 35225 35605 35009 32909 31723 31613 31620 32554 34468 35569 35110 34700 34608 34840 34948 35279 35440 35946 36142 35677 35648 35635 35209 35844 36418 36564 36072 35735 35732 36319 36582 36507 36066 35959 36273 36395 36203 35441 35376 35360 35721 36948 37615 38136 38312 38451 38423 38552 38771 39112 39059 38766 37889 37582 37259 37187 37568
29445 28187 27457 27450 27475 28029 29089 29134 28688 28181 28281 28681 29476 31318 33697 34384 34058 33316 33259 33802 34853 36043 35816 34936 34519 33921 34002 35214 35656 35407 34794 34494 34320 34518 34992 35250 35151 35111 35247 35475 35728 35889 35439 35618 35851 35786 35799 35997 36409 36620 37057 36873 36256 36014 36343 36531 36376 35936 35486 35373 35743 37156 38043 38299 38267 38069 38132 38526 39145 39316 38177 37351 36564 36181 35962 36065 36097
28591 27965 27446 27458 28023 29324 29567 29377 28618 28078 28050 28621 29712 31119 33391 34062 33641 33255 33217 33530 34512 35491 35867 35925 36005 35689 35520 35733 35672 34532 33599 33251 33557 34282 34692 34895 34673 34478 34611 35101 35579 35723 35419 34915 35370 35383 35752 36146 36850 36929 37214 37053 36532 36444 36608 36704 36635 36518 35994 35977 36335 37260 37930 38156 37938 37661 38254 39111 39450 38745 36864 35995 34948 34497 34452 34582 35040
28098 27645 27382 27455 28306 29456 29089 28447 28024 27810 28373 29118 30490 31696 33739 34240 33695 33394 33256 33326 33793 34431 34866 35106 35203 35193 35256 34794 34147 33158 32616 32540 32668 33742 34328 34314 34203 33816 33625 34427 35151 35457 35162 34643 34841 35145 35730 36285 36819 36989 37253 37086 36971 37048 36885 36791 36617 36586 36699 37054 37081 37254 37736 37834 37716 37840 38628 39142 39401 37649 36069 34610 33303 32996 33131 33708 34072
27983 27313 27358 27420 27647 27842 27714 27688 27735 27785 28267 28891 30752 31912 33856 34340 33985 33517 33186 33238 33576 33756 33857 33896 33767 33821 33882 33828 33265 32264 32189 32187 32451 33504 33754 33927 33790 33378 33254 33386 34662 35113 34860 34007 34400 35031 35390 35609 36281 36555 36846 36852 36899 37264 37450 37253 36920 36829 36772 37209 37333 37315 37388 37473 37424 37979 39025 39195 38722 37094 35030 33738 32604 32636 32705 32820 33069
28564 27773 27350 27393 27478 27517 27675 27769 27775 27698 28438 29223 31033 32201 33604 34216 34120 33445 33161 33193 33165 33416 33430 33249 33047 32981 33256 33253 32737 32193 32182 32191 32540 33209 33518 33609 33496 33232 32817 32685 33105 33753 34065 33945 33791 34532 34582 34834 35352 35696 35704 36094 36389 37044 37530 37463 37326 36967 36792 37113 37186 37296 37370 37125 37303 38154 39094 39241 38231 36388 34128 32838 32613 32633 32675 32697 32732
