Alternative/Moon/Lvl0_30x30/Ele_EE.asc
ncols         335
nrows         335
xllcorner     -6642508.343
yllcorner     -6727166.958
cellsize      10000
nodata_value  -9999.0
[rows 34 to 67 of 335, columns 77 to 153 of 335]
20195 20054 20032 20028 20015 19999 19996 20025 20043 20088 20119 20120 20091 20085 20141 20206 20239 20256 20359 20458 21045 21942 22505 22116 22095 22161 22220 22432 22577 22340 22052 21952 21798 21427 20898 20197 19931 19669 19659 19638 19698 19737 19645 19678 19700 19708 19696 19696 19705 19712 19713 19769 19697 19933 19746 19703 19709 19758 19697 19697 19726 19767 20082 20238 20118 20159 20215 20277 20407 20538 20568 20528 20667 20659 20496 20455 20451
20025 20011 19997 20000 20006 20000 19986 20012 20022 20043 20074 20081 20062 20062 20096 20145 20237 20245 20320 20763 21642 22352 22586 22014 21769 21959 22153 22488 22552 22275 21803 21626 21535 20861 20106 20046 20059 20068 20185 20017 19711 19581 19596 19610 19618 19616 19636 19653 19658 19668 19671 19677 19688 19827 19771 19742 19787 19802 19789 19770 19797 20024 20166 20348 20370 20355 20207 20256 20279 20319 20211 20238 20281 20254 20253 20328 20700
19994 19996 19990 19968 20005 19989 19966 19983 19994 20014 20081 20116 20059 20057 20082 20113 20163 20188 20379 21248 21534 21841 22041 21645 21608 21674 21661 21610 21868 21867 21275 21075 21010 20132 19854 20095 19323 18594 19894 20232 19740 19557 19543 19556 19561 19573 19573 19589 19627 19639 19635 19642 19987 20157 20216 20245 20573 20584 20587 20034 19979 20190 20251 20278 20254 20214 20184 20220 20237 20249 20618 20842 20401 20261 20228 20404 20663
19963 19969 19966 19925 19956 19965 19938 19968 19957 19978 20061 20110 20039 20018 20051 20077 20072 20079 20238 20640 20983 21080 21423 21404 21563 21846 21885 21262 21005 20788 20728 20495 20251 19862 20061 19844 17613 16344 18409 20065 19764 19469 19470 19503 19530 19517 19520 19569 19707 19683 19587 19588 19837 19935 20065 20667 21736 21950 22026 21102 20150 20134 20237 20235 20099 20106 20138 20318 20549 20411 21350 21589 21085 20298 20213 20309 20625
19926 19947 19943 19932 19943 19925 19915 19924 19927 19954 20035 20034 19979 19982 19984 19987 19999 20029 20045 20105 20542 20796 20941 21092 21598 21712 21692 21214 20815 20620 20583 20396 20231 19808 20007 20050 19320 18491 19912 20066 19647 19484 19442 19455 19471 19475 19481 19513 19619 19655 19613 19572 19690 19865 20223 20871 21841 21935 22081 21133 20095 20048 20094 20089 20069 20089 20114 20363 20560 20830 21167 21272 20820 20209 20201 20305 20521
19901 19912 19906 19890 19898 19882 19891 19887 19934 19939 19970 19939 19937 19939 19957 19958 19973 20009 20020 20156 20458 20784 20819 20889 20944 21099 20915 20731 20500 20441 20337 20182 20065 19667 19591 19937 20002 20007 20014 19853 19481 19438 19402 19421 19425 19450 19457 19478 19502 19522 19549 19567 19638 19804 20363 20849 21090 21327 21344 20484 20124 20145 20077 20072 20053 20067 20074 20083 20388 21099 21066 20468 20202 20191 20211 20390 20837
19873 19892 19883 19864 19856 19845 19850 19851 19887 19911 19929 19921 19903 19902 19915 19932 19952 19965 19965 20542 20660 20738 20787 20788 20782 20757 20640 20540 20439 20436 20321 20154 19941 19708 19457 19606 19544 19661 19497 19425 19413 19394 19367 19398 19401 19420 19565 19687 19494 19493 19550 19586 19673 19709 19818 20041 20298 20367 20384 20344 20133 20302 20100 20047 20042 20044 20151 20064 20106 20142 20074 20067 20079 20113 20187 20323 20701
19813 19841 19860 19867 19820 19798 19805 19825 19838 19874 19882 19901 19899 19895 19915 20005 19961 20062 20474 20626 20677 20411 20454 20783 20715 20663 20626 20551 20364 20391 20253 19853 19610 19241 19505 19343 19348 19321 19301 19315 19336 19374 19334 19328 19354 19424 19436 19670 19558 19557 19688 19682 19689 19785 19821 19852 20095 20179 20224 20376 20352 20416 20225 20019 20045 20077 20052 20073 20059 20102 20032 20010 20042 20053 20111 20134 20207
19789 19808 19850 19860 19828 19801 19761 19806 19821 19833 19886 19917 20261 20491 20540 20321 20879 20913 20941 20775 20830 20857 20521 20865 20735 20688 20682 20589 20270 20126 19737 19516 19578 19529 19411 19267 19245 19244 19253 19261 19269 19283 19287 19319 19366 19376 19443 19583 19605 19668 19739 19725 19713 19769 20000 20254 20125 20107 20127 20129 20124 20045 20038 20018 20140 20489 20560 20350 20596 20763 20394 19996 20025 20027 20089 20109 20166
19741 19765 19804 19821 19830 19814 19758 19769 19794 19814 19916 19993 20893 21592 21371 19799 21365 22083 21770 21173 20684 20659 20825 20772 20595 20648 20748 20656 20296 19778 19490 19416 19307 19284 19246 19221 19202 19197 19223 19224 19221 19237 19250 19265 19376 19407 19449 19542 19652 19690 19731 19738 19751 19851 20159 20264 20103 20059 20092 20104 20153 20060 20022 20010 20318 20408 20397 21308 22065 22022 21695 20674 20770 20574 20466 20096 20094
19706 19715 19743 19761 19766 19754 19726 19813 19782 19784 19890 20356 20923 21287 21241 22071 22403 22293 21675 21295 20904 20622 20452 20546 20558 20522 20651 20627 19894 19356 19342 19294 19236 19225 19206 19190 19185 19192 19224 19205 19192 19207 19238 19270 19336 19383 19523 19642 19735 19781 19800 19750 19772 19820 19839 19954 20040 20048 20076 20101 20094 20042 20027 20015 20557 20564 20748 21823 22742 22801 22288 22783 22648 22272 21670 21274 20174
19683 19703 19725 19722 19718 19707 19755 19764 19708 19777 20231 20791 21529 21854 22167 22629 22436 21892 21062 20690 20659 20553 20290 20332 20310 20551 20547 20346 19958 19248 19249 19199 19158 19161 19146 19168 19176 19183 19203 19199 19202 19213 19225 19250 19288 19318 19533 19659 20053 20109 20080 19762 19776 19847 19883 19883 20007 20046 20076 20151 20159 20129 20101 20116 20228 20294 21214 21892 22662 23100 23769 24237 23492 23349 22841 22198 20856
19688 19693 19721 19680 19666 19671 19695 19737 19976 20626 20474 20905 21610 21919 22089 22006 21650 21395 20974 20510 20347 20304 20190 20275 20095 20108 20155 20160 19691 19132 19153 19105 19108 19102 19109 19157 19159 19178 19172 19165 19176 19189 19273 19280 19296 19355 19464 19688 20074 20109 20037 19767 19806 20170 20049 20042 20050 20067 20076 20237 20170 20106 20092 20146 20225 20440 21258 22059 22523 23220 24075 24283 23499 23402 23211 22539 21389
19770 19766 19708 19697 19704 19709 20278 20488 20924 21158 21249 21231 20868 21024 21157 21242 21083 21060 20791 20441 20200 20205 20111 19873 19925 19658 19370 19277 19113 19039 19064 19079 19067 19095 19117 19102 19080 19098 19117 19255 19369 19385 19339 19372 19467 19499 19464 19500 19933 19875 19809 19912 20082 20414 20424 20131 20067 20060 20072 20188 20194 20120 20092 20167 20243 20667 21264 22050 22589 22518 23221 22748 22765 22798 22915 22114 21273
20127 19986 19735 19831 19823 19780 20237 20997 21323 22240 22414 22338 21409 20948 20865 20766 20569 20471 20476 20245 20281 20155 20174 19321 19732 19388 19003 19014 19000 18990 18981 19000 19062 19161 19225 19264 19242 19256 19171 19297 19436 19446 19539 19621 19677 19642 19612 19500 19913 19906 20010 20083 20443 20540 20711 20277 20441 20511 20101 20061 20200 20295 20186 20223 20691 21015 21370 21797 21716 21823 21774 21593 21242 21456 21747 21512 20737
20197 20255 20283 20439 20347 19844 20806 21405 21950 22887 23128 23159 22692 21992 21234 20412 20361 20214 20278 20194 20015 20052 20145 19238 19092 19052 18959 18956 18962 18956 18949 18992 19181 19261 19255 19276 19388 19409 19321 19399 19760 19888 19745 20008 19758 19708 19689 19526 20130 20360 20661 20624 20518 20639 20515 20476 20960 20975 20314 20015 20315 20287 20361 20662 20722 20930 21142 21519 21830 21912 21734 20810 20523 20373 20265 20116 19999
20219 20267 20281 20307 20266 20080 21182 21788 22475 23139 23173 23380 23320 23058 22032 21458 20646 20243 19905 20153 19868 19765 19789 19181 19094 18948 18928 18927 18942 18927 18931 19041 19254 19263 19313 19458 19485 19462 19603 19901 20070 20000 19998 20158 19916 19780 19588 19694 20171 20365 20684 21039 21139 20703 20426 20653 20813 20688 20194 20000 20214 20273 20369 20706 20617 21038 21395 21419 21549 21481 21269 20571 20287 20235 20338 20192 20288
20217 20172 20109 20157 20031 20842 21289 21737 22492 23197 23484 23389 23211 22840 22076 21574 21535 20804 20312 19491 19175 19078 18885 18903 18909 18904 18891 18915 18927 18941 18938 19223 19381 19454 19524 19633 19549 19864 20097 20054 20129 20028 19955 19869 19841 19748 19808 19839 20222 20713 21463 21873 21861 21456 21266 21006 20769 20312 20043 20046 20080 20295 20284 20339 20602 21054 21073 21153 21279 21285 20994 20621 20303 20118 20124 20090 20211
20257 20453 20681 20764 21118 21478 21517 21597 21954 22480 22637 22180 21610 20837 20609 21608 21420 20300 20184 19262 19006 18876 18871 18871 18866 18857 18851 18887 18912 18920 19089 19297 19567 19609 19522 19705 19904 20112 19960 19876 19848 19853 19779 19816 19911 19924 19915 20084 20827 22151 22908 22795 22156 21519 21392 21595 20989 20152 20036 20159 20223 20249 20250 20302 20452 20691 21085 21228 20880 20759 20734 20401 20177 20100 20039 20047 20029
20214 20313 21694 21974 21819 21762 21713 21685 21714 21366 21010 20625 20271 19647 19975 21230 20872 20045 19921 19336 19016 18855 18886 18915 18903 18880 18876 18899 18900 19138 19281 19394 19498 19522 19478 19978 19964 19914 19876 19879 19808 19740 19781 19889 19966 20017 20079 20476 21410 22903 23523 23198 22010 21453 21567 21623 20523 20101 20007 20061 20136 20353 20287 20256 20462 20679 20862 20581 20596 20574 20350 20240 20237 20207 20148 20160 20071
20220 20844 22690 22678 22345 21871 21763 21749 21712 21577 21045 20426 19849 19688 20019 20787 20754 20140 19744 19129 18937 18845 18852 18881 18910 18947 19077 19238 19277 19611 19649 19511 19504 19460 19744 19958 19953 19903 19916 19892 19918 19740 19825 19952 20106 20211 20489 20801 21796 22975 23389 22955 21795 21305 21311 20994 20350 19913 19937 20183 20208 20297 20228 20219 20307 20631 20693 20723 20935 20825 20604 20454 20399 20392 20222 20183 20155
20518 21845 23461 23252 22372 21965 21698 21722 21699 21587 21226 20416 19673 19750 19983 20110 19659 19264 19062 19009 18947 18841 18820 18854 18947 19252 19880 20280 20373 20556 20579 20175 19696 19842 19990 19934 19859 19866 19865 20011 20082 20483 20426 20413 20463 20774 20832 21319 22301 22879 22792 22122 21112 20943 20716 20131 19941 19908 20026 20210 20183 20206 20383 20453 20747 20772 20324 20793 21064 20906 20833 20604 20686 20702 20402 20284 20213
21584 23152 24140 23652 22714 22068 21899 21836 21678 21486 20879 19854 19202 19310 19475 19271 19099 19079 19052 19021 18936 18855 18817 18884 19235 19946 20285 20222 19544 19807 20468 20658 20394 19983 19975 20150 20146 20175 20527 21116 20926 21492 21356 20914 20811 21062 21333 21921 22315 22430 22018 21082 20756 20596 20369 19884 19933 19993 20240 20211 20120 20286 20345 20826 21009 20085 19700 20559 21183 20799 20548 20190 20181 20676 20662 20448 20407
23329 24687 24827 23880 22803 22355 22060 21838 21288 21054 20395 19730 19387 19274 19211 19215 19078 19214 19090 18963 18865 18862 19051 19252 19695 20251 20159 17985 16394 16504 18377 20592 20871 20262 20312 20326 20490 20837 21260 21658 21705 21659 21567 21476 21505 21509 21392 21915 21803 20991 21042 20592 20561 20424 20057 19921 19987 19970 20099 20158 20138 20348 20525 21062 21302 21321 20878 20983 21192 21143 20088 19612 19722 20293 20742 20684 20414
24133 24832 24880 23895 23010 22748 22527 21957 21416 21058 20564 19868 19452 19394 19315 19336 19281 19305 19127 19028 18911 18927 19104 19420 20073 20598 19904 17312 15561 15883 17748 20183 21112 20738 20539 20840 20995 21361 21652 21783 21916 21917 21835 21930 21967 21835 21500 21534 21316 21038 20808 20626 20469 20415 20038 20077 20101 20203 20181 20135 20136 20212 20654 21045 21176 21338 21407 21079 20838 20660 19989 19768 19698 19922 20583 20491 20256
24277 24372 24409 23969 23611 23515 23166 22088 20808 20433 20126 19350 19529 19673 19482 19382 19398 19401 19401 19156 19121 19059 19119 19484 20142 21147 21164 19344 18057 18303 19673 21315 21299 20970 21361 21806 21878 21863 21866 21865 21904 21957 21979 21993 21967 21905 21761 21594 21305 20808 20772 20679 20482 20521 20641 20468 20442 20965 21066 20696 20696 20716 20786 21255 21376 21377 21491 21345 20890 20777 21486 21579 21119 20712 20170 20477 20192
23995 24213 24362 23907 23840 23743 23010 22480 21537 20801 20343 20046 19731 19747 19493 19307 19242 19177 19196 19273 19172 19348 20017 20109 20709 21294 21809 21750 21130 21361 22134 22240 22131 22035 22135 22204 22083 22087 22056 22087 22007 22036 22120 22069 21959 21836 21703 21366 20948 20758 20498 20564 20516 20579 20620 20868 21472 21450 21248 21961 21727 21439 21306 21106 21301 21523 21483 21426 21270 21129 21439 21525 21215 20792 20340 20498 20321
22960 23170 23479 23917 23619 22848 23246 22766 21764 20954 20523 20263 20133 19769 19466 19378 19375 19308 19369 19470 19912 20366 20847 20822 20827 21558 21763 21906 21934 22242 22655 22688 23004 23372 23333 22628 22293 22182 21965 22076 21982 22010 22230 22255 21945 21903 21705 21617 21310 20931 20645 20655 20729 20754 20836 21177 21738 21680 21006 22244 22123 21831 21748 21460 21728 21684 21495 21317 21055 21038 21153 21098 20706 20314 20271 20333 20082
21926 22195 22688 23526 23742 23868 23738 22841 21668 20926 20445 20296 20073 19653 19519 19470 19721 20193 20231 20220 20486 20921 21229 21432 21540 21516 21834 21853 22108 22372 22846 23413 24010 24024 23600 22578 22070 21983 21933 21917 22004 21995 22267 22371 21754 21836 21710 21714 21331 20967 20958 20844 20834 20835 21023 21557 21969 22212 22195 22126 22107 21962 22081 21945 21811 21921 21628 21254 20809 20601 20453 20359 20159 20079 20080 20025 19931
21891 21908 22126 22743 23354 23530 23444 22607 21638 21054 20772 20514 20464 20122 19481 19599 20483 21053 21251 21015 20782 21171 21379 21402 21443 21667 21742 21851 22156 22390 23007 23482 24052 24046 23063 22068 21755 21788 21890 21715 21890 21940 21898 22276 22052 21772 21664 21626 21403 21282 21099 21255 20793 21333 21566 22102 22110 22178 22173 22078 21847 21118 21910 22042 21894 22169 21915 21274 20511 20379 20343 20012 19987 19981 19957 19936 19921
21758 21793 21824 22036 22381 22594 22522 21977 21818 21630 21614 21190 20875 20399 20028 19997 20558 21167 21418 21296 20968 21129 21162 21010 21310 21653 21698 21597 22120 22590 23001 23305 23279 22877 22475 21978 21746 21706 21820 21719 21733 21669 21723 21735 21679 21559 21645 21596 21522 21523 21411 21639 21584 21715 22064 22251 22590 22566 22320 21953 21367 21302 21943 22184 22039 22017 21893 21061 20523 20298 19986 19982 19975 20050 20164 19958 19979
21742 21744 21749 21788 21960 22091 22098 22113 22243 22258 22091 21590 21072 20639 20254 20186 20366 20895 21251 21147 20934 21006 21041 21126 21130 21591 21732 21499 22135 22616 22731 22713 22647 22164 22379 22239 21836 21694 21693 21593 21601 21633 21628 21538 21643 21556 21492 21587 21523 21584 21429 21579 21678 21904 22379 22493 22855 22743 22623 22298 21704 21769 22036 22054 21651 21455 21112 20723 20529 20323 20022 19987 20007 20227 20215 19974 20118
21812 21749 21702 21883 21976 21830 21991 22306 22833 22861 22184 21489 20824 20589 20350 20267 20365 20557 20744 20894 20829 20865 21020 20959 21310 21733 21739 21578 21670 21875 21835 21681 21792 21597 22114 22418 22536 22265 21713 21546 21579 21497 21481 21464 21499 21379 21374 21369 21452 21547 21470 21559 21869 22351 22630 22924 23107 23123 22647 22070 21484 21509 21178 21248 20878 20844 20391 20442 20491 20293 20157 19951 20034 20073 20242 20267 20266
21827 21783 21765 21790 21881 21775 22128 21978 22461 22527 21799 20981 20497 20425 20350 20317 20384 20543 20568 20708 20994 20987 20844 21121 21157 21389 21596 21646 21546 21325 20437 20317 20511 20686 21546 22110 22474 22253 21658 21474 21446 21410 21343 21291 21326 21322 21271 21284 21299 21419 21464 21526 21643 22034 22463 23096 23076 22966 22523 21566 20870 20843 20794 20394 20359 20449 20550 20506 20285 20278 20051 20141 20141 20184 20139 20231 20278
