Alternative/Moon/Lvl0_30x30/Ele_BE.asc
ncols         335
nrows         335
xllcorner     -6642508.343
yllcorner     3322833.042
cellsize      10000
nodata_value  -9999.0
[rows 102 to 135 of 335, columns 154 to 230 of 335]
14870 14864 14856 14851 14857 14862 14829 14822 14826 14857 14889 14919 14953 14930 14935 14918 14872 14840 14866 14861 14873 14891 14873 14841 14891 14898 14815 14850 14781 14761 14736 14788 14726 14717 14711 14725 14713 14736 14729 14721 14715 14709 14716 14697 14725 14722 14677 14961 15486 15557 15384 15262 15471 15611 15518 15541 15085 14749 14855 15144 15534 15902 15989 15499 14865 14527 14312 14030 13974 14939 16265 16345 16156 15536 15031 14843 14729
14904 14889 14898 14885 14870 14861 14851 14854 14859 14895 14916 14940 14949 14942 14941 14928 14864 14879 14877 14846 14857 14860 14837 14835 14845 14850 14826 14829 14846 14779 14734 14742 14726 14718 14725 14742 14737 14737 14742 14754 14751 14749 14848 14799 14688 15101 15229 15787 16522 16556 16185 15757 15973 16308 16572 16586 15929 15205 15126 15536 15923 15788 15071 13469 12092 11761 11497 11616 11944 12794 14539 16202 16353 16133 15290 14826 14671
14927 14933 14905 14908 14884 14870 14872 14870 14896 14921 14942 14961 14949 14941 14940 14891 14863 14856 14834 14852 14866 14890 14840 14824 14809 14850 14941 14981 14960 14874 14750 14760 14720 14726 14746 14745 14741 14745 14818 14828 15170 15190 15057 14815 15357 15942 16417 16805 17154 17130 16638 15979 16092 16410 16544 16553 16031 15267 15175 15749 15951 15134 13122 11577 11473 10714 10604 10870 11278 11821 13231 15073 16214 16282 15591 15051 14762
14944 14930 14930 14930 14913 14907 14911 14918 14918 14925 14936 14941 14922 14945 14909 14870 14866 14883 14932 14893 14892 14897 14845 14838 14804 14806 14887 15015 14975 14844 14779 14769 14738 14733 14722 14742 14739 14755 14794 14853 15114 15144 15077 14891 15411 16345 16983 17477 17756 17597 16768 16076 15930 16450 16648 16260 15606 15234 15275 15805 15984 14509 12105 10975 10426 10579 10667 10165 10235 10157 11675 13980 15990 16352 15754 15197 14866
14956 14944 14939 14941 14933 14926 14940 14931 14896 14897 14878 14877 14898 14892 14875 14870 14890 14925 14933 14888 14882 14901 14895 14825 14816 14801 14822 14813 14815 14830 14864 14814 14754 14752 14759 14757 14763 14735 14744 14766 14760 14730 15189 15592 16141 16906 17327 17675 17789 17533 16876 16123 15634 15796 16040 15941 15564 15489 15459 15687 15962 15209 12914 11303 10554 10534 10366 10268 10467 10999 12436 14616 16160 16319 15696 15225 15011
14975 14980 14978 15081 15084 15039 14914 14849 14855 14852 14852 14887 14894 14898 14879 14885 14872 14905 14949 14913 14850 14862 14883 14822 14827 14813 14848 14871 14841 14809 14899 14842 14811 14821 14797 14774 14759 14748 14743 14745 14920 15535 16050 16260 16527 17046 17493 17768 17873 17349 16476 15833 15426 15257 15301 15164 15112 15303 15495 15694 16113 16035 14264 12435 11269 11140 10741 10922 11513 12786 14558 16226 16507 16250 15502 15223 15074
15003 15011 15016 15183 14901 15022 14984 14836 14841 14858 14858 14873 14894 14885 14904 14885 14876 14871 14951 15040 14963 14883 14848 14823 14820 14830 14856 14831 14838 14809 14796 14848 14827 14764 14744 14761 14760 14754 14742 14798 15907 16281 16480 16533 16635 17272 17417 17406 16849 16513 15798 15315 15073 14990 15027 15025 14763 14909 15066 15396 15941 16005 15952 15043 13737 13171 12692 12097 12512 13743 15468 16336 16517 15990 15312 15234 15272
14925 14940 14956 15072 15014 14966 14862 14862 14859 14852 14868 14889 14894 14872 14890 14884 14873 14908 14977 15134 14893 14860 14854 14858 14844 14838 14824 14853 14847 14819 14783 14818 14787 14767 14755 14756 14769 14778 15145 15819 16161 16425 16858 16955 16984 17364 17377 16881 15912 15320 14784 14776 14887 14938 14903 14819 14651 14661 14672 14844 15336 15839 16293 16462 16484 16249 15758 14949 15052 15532 16138 16195 15916 15567 15252 15083 15129
14875 14851 14844 14853 14855 14865 14864 14878 14845 14860 14876 14881 14892 14867 14888 14871 14871 14955 15068 14998 15018 14981 14912 14875 14852 14847 14834 14847 14828 14809 14785 14797 14779 14770 14764 14763 14769 14990 16136 16896 17179 17042 16789 16758 16805 16747 16390 15398 14829 14681 14689 14649 14668 14699 14661 14620 14598 14616 14693 14774 14827 15208 15710 16119 16402 16515 16639 16559 16212 16014 15762 15364 15062 15140 15227 15236 15103
14838 14834 14825 14825 14855 14849 14857 14866 14846 14859 14862 14864 14878 14855 14872 14884 14881 14949 15030 15031 15019 15023 15023 14919 14943 14848 14848 14930 14904 14812 14802 14806 14771 14758 14876 14776 14858 15490 16626 17304 17290 17125 16764 16461 15957 15621 15166 14885 14836 14743 14679 14734 14864 14858 14796 14660 14654 14628 14722 14785 14850 14936 15081 15287 15841 16170 16296 16241 16088 15778 15498 15058 14663 14832 14845 14933 15287
14940 14883 14890 14897 14898 14883 14898 14864 14852 14838 14838 14867 14905 14878 14871 14886 14996 15058 15066 15088 15060 15017 14998 14976 15039 15011 14902 14930 14907 14915 14840 14845 14771 14947 15059 14999 14921 15360 16165 16269 15900 16090 16369 16275 15236 14812 14816 14922 14868 14852 14847 14720 14874 14878 14959 14864 14865 14876 14823 14896 14945 14913 14753 14627 15163 15666 15685 15417 15165 15115 15050 14750 14543 14730 14814 15096 14982
15205 15204 15134 15016 14971 14934 14897 14857 14847 14851 14894 14965 14963 15073 15090 15039 15137 15105 15172 15188 15045 15011 14993 15107 15152 15149 15047 14994 14972 14995 14953 14915 14885 14889 14977 14968 14985 14975 15069 15498 15509 15359 15602 15480 14980 14883 14822 14847 14865 14874 14910 14815 14800 14787 14832 14877 15016 15045 14991 15040 15004 14799 14470 14185 14538 14785 14728 14936 15079 15091 15036 14768 14886 15115 15193 14996 14537
15090 15181 15195 15203 15211 15201 15149 15154 15113 15131 15118 15101 15171 15192 15168 15153 15143 15094 15086 15045 15011 15006 15096 15060 14931 14893 14869 14881 14855 14903 14865 14874 14857 14839 14995 14915 14966 14913 14942 14889 14787 14792 14758 14769 14794 14853 14789 14788 14900 14936 14801 14848 14865 14854 15018 15293 15203 14805 14729 14716 14546 14476 14476 14516 14952 15086 15082 14959 14886 14843 14967 15009 15342 15484 15467 15264 15337
15089 15102 15104 15099 15107 15127 15159 15162 15102 15113 15128 15127 15138 15156 15140 15166 15167 15168 15179 15207 15173 15160 15184 15191 15071 14969 14908 14864 14847 14858 14863 14855 14842 14809 14859 14908 14959 14937 14870 14762 14827 14833 14844 14842 14772 14777 14782 14777 14782 14818 14805 14825 14877 14886 15106 15387 15329 15027 14695 14509 14398 14344 14332 14557 14979 14999 14901 14732 14785 14845 14952 14967 15050 15260 15401 15249 15243
15069 15070 15066 15068 15088 15092 15101 15076 15079 15077 15091 15078 15078 15070 15086 15077 15083 15108 15153 15180 15181 15155 15280 15305 15194 15117 15014 14977 14922 14887 14839 14827 14813 14818 14844 14890 14931 14968 14861 14789 14750 14830 14831 14923 14853 14847 14861 14835 14841 14922 14838 15055 15212 15224 15212 15161 15267 15292 15218 14753 14881 14894 14759 14788 14939 14981 14757 14609 14605 14685 14835 14843 14924 15024 15164 15134 15064
15053 15064 15047 15065 15090 15116 15079 15083 15069 15064 15062 15051 15042 15036 15037 15042 15059 15071 15106 15094 15115 15129 15251 15341 15274 15198 15309 15043 14989 14957 14851 14801 14797 14762 14821 14836 14989 14917 14716 14779 14730 14782 14787 14756 14811 14803 14854 14836 14849 14868 14933 15048 15436 15662 15630 15699 15476 15381 15374 15348 15354 15457 15298 14848 14772 14677 14664 14627 14646 14740 14756 15197 15325 15278 15236 15354 15401
15069 15074 15072 15102 15086 15102 15092 15090 15100 15101 15097 15118 15134 15123 15126 15139 15132 15169 15230 15118 15098 15108 15126 15183 15198 15760 15873 15462 14954 14949 14948 14886 14781 14763 14745 14820 14864 14799 14824 14841 14853 14729 14681 14770 14810 14807 14819 14862 14864 15016 15177 15280 15419 15552 15589 15629 15393 15291 15528 15465 15354 15372 15318 14987 14768 14760 14976 14983 14970 14961 15092 15332 15351 15133 14718 14715 14727
15072 15084 15104 15138 15098 15094 15095 15107 15116 15169 15184 15225 15245 15229 15188 15179 15204 15393 15483 15149 15149 15156 15135 15138 15175 15832 15841 15695 15208 14867 14859 14854 14860 14816 14732 14802 14831 14830 14876 14889 14821 14690 14687 14741 14750 14683 14772 14821 14845 14906 15205 15272 15271 15354 15220 15157 14903 15048 15192 15398 15378 15328 14986 14861 14795 14855 15209 15422 15306 15179 15190 15330 15028 14656 14569 14952 15052
15090 15092 15116 15141 15101 15106 15102 15104 15114 15176 15185 15233 15252 15231 15205 15183 15191 15212 15161 15195 15151 15154 15157 15209 15235 15268 15440 15580 15198 14971 14879 14880 14888 14884 14787 14821 14909 14846 14879 14981 15107 15124 15087 14802 14713 14694 14685 14689 14816 14852 14925 14970 15028 15125 15183 15154 15105 15142 15098 14992 15363 15309 14989 14970 14955 14990 15156 15387 15255 15010 15065 15046 14814 14633 14714 15200 15193
15093 15093 15104 15117 15098 15102 15101 15096 15102 15121 15173 15195 15222 15209 15201 15178 15174 15150 15146 15158 15166 15135 15129 15190 15210 15174 15122 15052 15027 14979 14939 14924 14952 15127 15106 15106 15544 15525 15248 15295 15501 15543 15629 15358 15134 15124 14970 14655 14668 14676 14665 14847 15041 15168 15418 15469 15284 15411 15559 15612 15199 14881 15026 15002 15043 15218 15365 15521 15385 15053 15063 15063 15195 15287 15507 15457 15340
15079 15096 15130 15110 15082 15077 15078 15079 15083 15108 15138 15154 15177 15178 15166 15178 15167 15147 15112 15121 15127 15111 15096 15087 15098 15094 15075 15060 15067 15071 15069 15096 15060 15103 15271 15473 15669 15796 15723 15631 15485 15603 15646 15326 15439 15544 15438 14702 14633 14642 14768 14792 14895 14965 15067 15231 15272 15212 15390 15516 15446 15363 15281 15331 15300 15146 15347 15268 15183 15058 15065 14906 14987 15093 15258 15257 15202
15061 15069 15081 15076 15065 15066 15057 15084 15066 15069 15093 15114 15122 15143 15144 15123 15124 15116 15107 15089 15091 15082 15080 15063 15058 15054 15033 15058 15067 15052 15217 15369 15245 15194 15136 15473 15617 15572 15556 15502 15340 15346 15331 15715 15698 15575 15249 14634 14618 14623 14910 15071 15062 15249 15216 15413 15690 15560 14986 14900 15093 15281 15239 15341 15352 15366 15543 15526 15050 15049 15041 14976 15154 15118 15003 14960 14939
15053 15059 15056 15047 15039 15044 15067 15092 15052 15042 15065 15102 15130 15115 15106 15102 15097 15098 15078 15069 15076 15087 15072 15064 15045 15043 15004 15024 15050 15050 15202 15403 15385 15286 15167 15018 15417 15664 15813 15741 15606 15497 15485 15991 16199 16216 15798 14862 14648 14660 14828 14975 15131 15260 15384 15587 15852 15771 15301 14764 15216 15255 15310 15406 15221 15244 15398 15318 15065 15051 15025 14961 14972 15135 15049 14907 14966
15043 15033 15024 15026 15038 15057 15065 15041 15027 15030 15036 15081 15114 15100 15073 15074 15071 15051 15033 15041 15057 15059 15062 15070 15025 15024 14954 14954 14897 14922 15006 15112 15254 15534 15441 15145 15098 15503 15823 15805 15732 15444 15173 15801 16197 16220 15898 15654 15570 15571 15643 15685 15712 15856 15861 15646 15485 15471 15276 15063 15399 15482 15526 15592 15607 15164 15160 15159 15108 15140 15060 15052 15006 14949 15044 15057 14990
15021 15007 15001 15014 15038 15039 15030 15040 15043 15046 15065 15047 15044 15043 15009 15039 15046 15025 15015 15004 15009 15026 15038 15036 15022 15018 15081 15045 15016 14966 14975 15163 15426 15980 16098 15668 14978 15278 15409 15342 15085 15104 15144 15269 15597 15666 15701 15860 15788 15787 16022 15989 15931 16287 16326 16047 15635 15607 15393 15088 15272 15475 15701 15813 15733 15640 15245 15188 15156 15146 15237 15129 14927 14920 15508 15578 15480
15002 14990 14987 15014 15034 15039 15033 15038 15034 15064 15067 15049 15022 15018 15001 15014 15009 15012 15019 14996 14978 14976 15008 14998 14984 15021 15079 15090 15019 14997 15040 15002 15219 15823 16008 15691 14993 15223 15300 15123 15317 15435 15309 15187 15271 15409 15717 15944 15903 15793 15820 15883 15841 15929 15929 15804 15886 16064 15949 15670 15424 15390 15312 15449 15695 15935 15908 15661 15206 15182 15167 15049 14967 14961 15100 15443 15440
15009 14989 14993 15007 15024 15035 15038 15054 15051 15043 15050 15040 15021 15016 15008 15024 15015 15018 15012 14985 14965 14971 15027 15005 15061 15059 15016 14993 14969 15024 15075 15145 15151 15199 15219 15082 14983 14978 15064 15104 15227 15401 15389 15366 15488 15482 15540 15636 15733 15847 15824 15789 15768 15757 15896 15865 15878 16070 16003 16081 15944 15530 15455 15336 15641 15980 15910 15576 15277 15248 15299 15425 15293 15227 15113 15543 15605
15023 15009 15014 15014 15020 15034 15036 15047 15048 15047 15033 15031 15010 15002 15014 15044 15035 15029 15033 15006 14963 14990 15030 15008 14995 15016 14990 15015 15023 15161 15179 15376 15896 15938 15390 15019 14953 15207 15355 15205 15143 15297 15448 15462 15507 15457 15452 15668 15848 15948 15806 15794 15833 15849 15884 15743 15793 15794 15921 16314 16322 16227 15919 15634 15543 15580 15590 15296 15319 15326 15446 15906 16148 16158 15765 15660 16053
15034 15032 15035 15025 15018 15017 15033 15046 15077 15089 15066 15041 15023 14993 14982 15014 15031 15072 15283 15380 15110 14978 14984 14988 14962 14953 14988 15131 15143 15082 15252 15431 15656 15623 15377 15126 15030 14992 15179 15157 15221 15325 15295 15078 15110 15119 15195 15604 15948 16096 15941 15836 15873 15854 15886 15853 15791 15832 15837 15882 16130 16235 16319 16084 15845 15796 15755 15566 15569 15658 15759 15880 16277 16299 15739 15510 15951
15088 15060 15046 15021 15009 15002 15018 15301 15199 15073 15068 15058 15047 15039 15012 14942 14954 14956 15283 15731 15669 15038 14955 14947 14946 14950 14945 15166 15245 15310 15341 15339 15268 15225 15345 15246 15168 15140 15199 15277 15345 15501 15491 15071 15013 15135 15295 15527 15906 16024 15909 15684 15731 15986 16466 16525 16149 15967 15932 15928 15885 16312 16559 16539 16346 16350 16248 16110 16226 16255 16202 15949 16096 16369 16209 15917 15826
15115 15084 15079 15042 15523 15547 15352 15428 15250 15108 15111 15082 15128 15091 14954 14941 14918 14936 14984 15277 15290 15123 15007 14963 14966 15027 15344 15367 15209 15438 15493 15488 15469 15405 15487 15504 15523 15308 15375 15545 15557 15738 15808 15403 15122 15160 15351 15724 15829 15986 16113 16077 16128 16353 16500 16525 16141 15984 15946 15889 16006 15992 16277 16375 16376 16388 16268 16085 16196 16312 16274 15923 15883 15943 15999 15958 15869
15143 15125 15095 15099 15573 15796 15796 15287 15118 15094 15195 15124 15096 15079 15012 14963 14958 14992 15050 15045 15114 15110 15028 14986 14995 15099 15470 15528 15499 15524 15576 15666 15884 16226 16490 16533 16483 16361 16138 15541 15714 15955 16210 16316 16056 15709 15551 15614 15775 15960 16183 16297 16721 16811 16743 16561 16080 16064 15968 15976 15985 15995 15955 16071 16287 16269 16104 16148 16236 16351 16356 16044 15998 16097 16210 16121 16119
15142 15181 15236 15217 15652 15795 15667 15201 15053 15154 15173 15127 15130 15102 15061 15128 15136 15075 15032 15144 15042 15003 14968 14943 14947 15038 15351 15717 15863 15885 16201 16564 16638 16617 16638 16669 16769 16919 17085 16762 16044 15893 16073 16073 15948 15573 15265 15421 15520 15661 15888 16175 16711 16882 16579 15795 15861 16013 16051 15974 16160 16177 16267 16529 16667 16628 16375 16211 16231 16253 16213 16137 16274 16325 16523 16586 16465
15175 15160 15144 15222 15766 15954 15979 15678 15138 15322 15264 15208 15159 15225 15174 15211 15191 15063 15027 15072 15049 15010 14921 14938 14972 15081 15449 15860 16044 16277 16815 16836 16379 15008 14091 13605 14552 16008 17173 17300 16826 15989 15301 15412 15597 15617 15547 15648 15667 15736 15779 16085 16750 17020 16851 15973 15721 15706 15914 15743 15753 15883 16227 16561 16575 16454 16428 16128 16038 16170 16309 16322 16355 16516 16825 16872 17056
