Alternative/Moon/Lvl0_30x30/Ele_FA.asc
ncols         335
nrows         335
xllcorner     -20042508.343
yllcorner     -10077166.958
cellsize      10000
nodata_value  -9999.0
[rows 0 to 33 of 335, columns 234 to 311 of 335]
9463 9443 9397 9630 9613 9554 9572 9661 9677 9705 9709 9700 10009 10044 9899 9802 9812 10041 10112 10145 9952 9617 9465 9384 9176 9255 9371 9484 9641 9692 9678 9630 9490 9455 9647 9763 9833 9771 9678 9743 9851 9918 9918 9743 9627 9272 9230 9227 9290 9340 9464 9597 9796 9912 9949 10061 10225 10390 10392 10495 10634 10545 10600 10634 10741 10845 11081 11654 11807 11489 11271 10790 10695 10589 9840 8993 8440 8309
9485 9447 9390 9471 9526 9515 9502 9581 9524 9604 9773 9700 9160 8400 7892 7475 7702 8108 8896 9856 9969 9749 9516 9410 9283 9223 9243 9359 9348 9556 9624 9637 9522 9482 9579 9691 9644 9650 9585 9631 9684 9747 9778 9724 9672 9360 9456 9700 9702 9722 9815 9776 9875 9950 10002 10236 10421 10539 10714 10905 10821 10708 10719 10771 11049 11313 11512 11793 11903 11363 10113 8953 8523 8429 8140 8115 8227 8083
9696 9626 9470 9441 9282 9107 9190 9194 9431 9621 9836 9809 8979 7827 7524 7338 7161 7427 8342 9246 9971 9844 9419 9364 9274 9239 9264 9222 9409 9477 9478 9598 9535 9523 9432 9544 9803 9744 9485 9497 9577 9658 9652 9663 9570 9736 9820 9818 9761 9708 9757 9688 9869 9858 10034 10407 10441 10607 10690 10957 10945 10889 11266 11509 11658 11808 11803 11796 11760 11429 10330 9424 9126 8791 8589 8475 8280 7953
9601 9583 9399 9085 8572 8286 8675 9096 9331 9500 9606 9662 9736 9306 8725 8284 8513 9238 9702 9728 9881 9645 9376 9323 9113 9341 9355 9223 9107 9181 9143 9298 9419 9781 9920 9985 9961 9896 9810 9665 9874 9802 9783 9731 9723 9769 9760 9756 9864 9527 9864 9861 9831 9941 9992 10078 10274 10643 10720 10718 10909 11127 11628 11826 11880 11791 11666 11839 11475 10456 9312 8892 8766 8554 8423 7987 7584 7105
9622 9586 9364 9322 9135 8982 8932 9215 9356 9465 9724 9981 10010 10019 10011 9962 9859 9792 9740 9596 9413 9452 9472 9432 9387 9284 9363 9490 9512 9478 9634 9535 9531 9823 9918 9474 8871 8392 9275 10266 10379 10102 9987 10065 9962 9878 9903 9829 9859 9837 9836 9979 9935 9940 9964 10006 10208 10476 10589 10692 10831 11010 11371 11870 12112 12118 11779 11608 11316 10224 8984 8406 8045 7585 7200 6988 6283 5863
9703 9586 9337 9346 9311 9379 9395 9408 9659 9902 9925 9943 9928 9736 9863 9809 9815 9945 9712 9532 9430 9431 9414 9395 9366 9343 9413 9410 9413 9434 9463 9417 9609 9948 9735 8913 8639 9442 10336 10310 10355 10124 9989 10028 9957 9788 9712 9758 9738 9736 9807 9939 9893 9904 10027 10121 10427 10567 10689 10839 11001 11141 11580 12077 12377 12326 11871 11661 11318 10443 9017 8142 7763 7218 6639 6308 5685 5560
9348 9162 9204 9148 9212 9289 9412 9552 9836 9986 9669 8634 7960 7615 7910 8560 9431 9879 10027 9764 9642 9572 9622 9613 9534 9537 9571 9652 9657 9617 9634 9721 9789 9795 9773 9545 9479 9714 10064 9962 9829 9688 9759 9593 9561 9659 9675 9495 9354 9240 9239 9409 9764 9965 10121 10205 10440 10533 10598 10832 11096 11252 11572 12147 12390 12376 11766 11668 11146 10317 9070 8009 7186 6655 5969 5834 5690 5492
9213 9130 9138 9123 9283 9356 9407 9639 9899 9859 8859 7911 7376 7544 7876 8308 8932 9923 10146 10107 10024 10079 10116 10116 10115 10034 9948 9973 10072 10055 10070 9992 10027 9956 9916 9831 9670 9510 9485 9388 9142 8991 9234 9235 9132 9095 9128 9159 9257 9185 9247 9563 10102 10177 10181 10307 10486 10616 10892 10949 11216 11376 11660 11926 12050 11865 11478 10831 10307 9812 8876 7800 7183 6773 6237 5982 5834 5613
9298 9298 9345 9387 9376 9487 9625 9707 9760 9826 9745 9232 8996 8960 8915 9157 9658 10327 10580 10694 10642 10533 10471 10440 10433 10472 10464 10477 10475 10486 10442 10437 10503 10440 10213 10018 9750 9579 9612 9417 9387 9336 9344 8984 8964 8983 9034 9204 9243 8785 8125 8584 9427 10017 10510 10676 10651 10787 10965 11083 11580 11680 11864 12029 12005 11901 11929 11288 10203 9412 8516 7968 7593 7373 6978 6577 5920 5857
9412 9384 9388 9404 9342 9497 9679 9871 9917 10088 10218 10367 10297 9899 10175 10615 10940 11022 11012 10872 10735 10655 10573 10503 10447 10471 10432 10503 10547 10585 10594 10641 10663 10666 10504 10236 10009 9909 9753 9654 9377 9335 9156 9050 9021 9015 8974 9003 9133 9527 9736 9621 9426 9631 10568 10744 10752 10852 11032 11179 11521 11585 11744 12075 12145 12141 11929 11060 9879 9314 9147 8895 8471 8051 7631 6701 5794 5884
9311 9316 9444 9365 9457 9620 9787 9897 10061 10107 9960 10235 10006 10099 11000 11105 11033 10933 10775 10511 10190 9731 9485 9207 9010 8876 8804 9018 9461 9706 10105 10353 10462 10541 10514 10432 10485 10413 10155 9892 9549 9460 9258 9119 9153 9153 9050 9026 9236 9494 9749 9722 9578 10082 10478 10624 10820 10923 11025 11150 11310 11638 11614 11773 12049 12055 11658 10651 9674 9538 9301 9130 8548 7827 6984 6183 5225 5714
9368 9400 9472 9609 9752 9786 9841 9957 9918 10139 10448 10505 10317 11088 11214 10961 10444 9860 9266 8731 8383 7937 7568 7223 7018 6935 6891 6858 7188 7441 7823 8409 8915 9342 9887 10186 10249 10290 10335 10328 9991 9630 9346 9182 9205 9237 9213 9244 9311 9255 9486 9866 10333 10520 10681 10706 10939 11087 11305 11490 11464 11740 11864 11835 12049 12079 11684 11062 10276 9741 9537 9559 9315 8429 7338 6607 6305 6336
9369 9435 9446 9777 9684 9707 9747 9921 10046 10227 10094 10747 11147 11103 10713 9900 9334 8663 8164 7471 6748 6217 5807 5411 5311 5367 5452 5616 5840 5874 6146 6755 7312 7887 8457 9079 9942 10238 10401 10407 10274 9988 9749 9449 9280 9264 9293 9282 9364 9381 9505 9920 10399 10623 10736 10991 11180 11167 11264 11563 11508 11311 11995 11952 11840 11706 11711 11350 10864 10282 9647 9664 9663 9344 8266 7451 7126 6606
9419 9419 9564 9752 9832 9662 9548 9746 10186 10276 10521 10888 10970 10602 10050 9125 8323 7620 6893 6140 5570 5178 5003 4840 4833 5094 5159 5215 5307 5313 5339 5777 6514 7177 7726 8304 9120 9840 10239 10679 10709 10411 10137 9886 9705 9680 9610 9625 9661 9606 10144 10405 10691 10812 10799 10907 11038 11075 11271 11381 11043 11135 11577 11773 11628 11791 11740 11340 11169 10988 10200 9791 9669 9276 8312 7565 6946 6660
9399 9529 9568 9421 9630 9797 9937 10076 10067 10219 10441 10672 10599 10074 9533 8420 7366 6432 5756 5240 5045 5060 5319 5381 5327 5091 5456 5603 5439 5221 5362 5511 5944 6468 7106 7881 8561 9073 9997 10760 10853 10688 10266 10093 10151 10097 10409 10567 10620 10764 10864 10889 10893 10832 10633 10550 10595 10851 11120 11217 11348 11537 11559 11540 11634 11694 11533 11310 11393 11198 10618 10034 9527 9119 8583 7749 7220 6625
9157 9270 9321 9356 9506 9596 9669 9881 10137 10332 10655 10776 10367 9727 9073 8114 7240 6487 5818 5310 5186 5094 5120 5162 4820 4944 5467 5771 5603 5410 5509 5566 5666 6021 6621 7498 8099 8666 9512 10327 10702 10672 10160 9645 9628 9875 10381 10598 10745 10903 11144 11188 11077 10901 10543 10344 10263 10282 10318 10558 10756 10816 10869 10795 10940 11153 11090 10788 10330 10437 10642 10491 9832 9491 8683 7800 7227 6949
9132 9111 9143 9282 9440 10254 9429 9662 10158 10610 10888 10800 10401 9318 8487 7772 7246 6814 6011 5388 5275 5230 5087 5112 5270 5313 5316 5263 5268 5368 5498 5753 5974 6093 6664 7420 8266 8816 9493 9916 10109 9959 9942 9612 9219 9122 9411 9629 10282 10741 10475 9513 8855 8780 9734 10142 9898 9677 9563 9819 9814 9947 10100 10466 10646 10597 10360 10321 10509 10670 10658 10506 9962 9439 8708 7900 7231 7086
9174 9322 9347 9290 9380 10270 9384 9566 10109 10701 10977 10956 10532 9728 8920 8088 7559 7084 6749 6128 5713 5531 5429 5264 5257 5252 5262 5380 5537 5628 5785 6024 6457 6921 7519 8163 8818 9359 9811 9997 9836 9867 9908 9514 9355 9310 8886 9404 10186 10488 10295 9433 8859 8808 9795 10173 9942 9478 9290 9370 9180 9213 9392 9698 10431 10564 10438 10425 10253 10152 10158 10164 9964 9467 8759 8395 7786 7304
9300 9432 9488 9454 9401 9832 9770 9610 9984 10415 10604 10817 10829 10688 10489 9760 8821 8170 7741 7165 6569 6390 6032 5703 5682 5729 5670 5713 5975 6424 6984 7618 8336 8672 9064 9450 9959 10403 10676 10764 10586 10233 9813 9467 9260 9219 9371 9747 10149 10393 10618 10590 10345 10130 9905 9704 9369 9221 9333 9299 9010 9005 8936 9217 9797 10213 10364 10390 10317 10106 10006 9987 9867 9652 9334 8761 8344 8009
9311 9430 9535 9503 9372 9384 9369 9384 9594 9753 10012 10493 10704 10777 10820 10858 10403 9807 9386 8862 8471 8068 7728 7303 7282 7231 7130 7296 7690 8133 8721 9306 9362 9186 9042 8955 9122 9443 10025 10568 10694 10490 10137 9481 8797 8957 9532 9887 10328 10498 10563 10420 10125 9907 9620 9199 8983 8982 9140 9143 8734 8778 8790 8943 9175 9584 9801 10222 10184 9938 10025 10061 9897 9801 9641 9248 8812 8615
9438 9285 9267 9334 9462 9591 9467 9431 9542 9596 9641 9888 10052 10362 10595 10782 10806 10850 10715 10360 9936 9637 9371 9140 8930 8750 8608 8766 8934 9206 9765 10520 10451 9498 7959 6632 5934 6383 7126 8163 9431 10150 10325 9884 9171 9210 9505 9810 9842 10206 10455 10265 9585 9184 9004 8839 8803 8797 8965 8938 8831 8771 8812 8871 8914 8816 8860 9132 9554 9677 9859 9929 9894 9790 9571 9279 9295 9036
9424 9215 9214 9237 9285 9407 9372 9375 9453 9484 9451 9555 9814 10047 10342 10637 10629 10900 10862 10815 10777 10766 10617 10464 10452 10282 10131 10062 10209 10446 10671 11233 11231 10436 8928 7500 6382 6247 7165 8366 9707 10765 10742 10356 10102 9834 9601 9636 9860 9943 9915 9465 9063 8872 8805 8759 8678 8687 8673 8768 8839 8701 8727 8773 8761 8769 8708 8644 9044 9465 9733 9764 9568 9454 9546 9328 9307 9190
9131 9127 9140 9166 9167 9269 9360 9420 9435 9486 9493 9540 9847 9881 10092 10239 10201 10597 10650 10724 10746 10773 10782 10793 10792 10775 10706 10616 10536 10573 10582 10866 11138 11041 10890 10221 9642 9556 9943 10654 11018 11032 10847 10489 9867 9477 8939 8904 9434 9399 9215 8989 8843 8766 8708 8659 8666 8679 8621 8628 8658 8679 8691 8712 8664 8568 8703 8596 8765 8894 9063 9223 9529 9628 9776 9758 9639 9462
9207 9142 9155 9137 9181 9253 9327 9385 9247 9354 9567 9646 9629 9621 9642 9714 9838 10029 10004 10061 10155 10325 10348 10293 10283 10249 10244 10311 10219 10180 10079 10166 10363 10657 10909 10857 10921 10961 11028 11017 10901 10683 10546 9716 9528 9627 9663 9644 9523 9319 9031 8873 8788 8739 8722 8721 8714 8720 8674 8625 8594 8589 8616 8607 8535 8621 8706 8654 8641 8600 8661 8704 9226 9580 9886 10120 10295 10344
8924 9219 9253 9270 9386 9307 9346 9397 9475 9557 9614 9553 9423 9531 9567 9558 9549 9674 9734 9863 10129 10133 10045 10007 9915 9693 9801 10090 10111 10106 9957 9882 9853 9958 10007 10066 10238 10353 10485 10496 10539 10609 10564 10254 9827 9577 9421 9308 9197 9085 8962 8881 8775 8755 8791 8756 8668 8682 8728 8646 8584 8572 8534 8522 8561 8559 8631 8554 8589 8599 8614 8609 8846 9212 9640 10100 10461 10546
9388 9397 9361 9428 9536 9480 9503 9501 9500 9515 9537 9500 9562 9572 9569 9547 9479 9565 9674 9908 9987 9480 8773 8332 8102 8179 8453 9161 9966 10079 9960 9802 9786 9754 9840 10013 10101 10112 10304 10576 10815 10867 10974 10794 10302 10100 9527 9206 9118 9069 8985 8889 8901 8913 8904 8717 8696 8729 8705 8596 8571 8542 8518 8508 8531 8512 8574 8631 8597 8642 8642 8643 8701 8733 8817 9629 10299 10582
9530 9606 9691 9783 9814 9857 9830 9858 9899 9795 9749 9665 9441 9488 9528 9634 9609 9620 9692 9928 9736 8827 8070 7465 7089 7307 7874 8631 9737 10154 9959 9886 9846 9832 9913 10103 10284 10342 10538 10825 10786 10848 10899 10867 10480 10211 9681 9381 9180 9129 8907 8779 9011 8989 8832 8689 8721 8692 8613 8621 8584 8561 8598 8593 8601 8581 8590 8636 8605 8602 8636 8637 8659 8682 8925 9423 10109 10523
9535 9495 9372 9656 9720 9808 9781 9951 10020 9846 9859 9703 9611 9463 9541 9678 9628 9477 9766 10012 10063 10040 9945 9833 9586 9655 10021 10216 10256 10258 10098 10040 10066 9908 9811 10061 10292 10315 10450 10535 10488 10217 10191 9898 9283 9001 8822 9112 9314 9225 9174 8862 8575 8966 8988 8851 8721 8808 8908 8900 8821 8740 8745 8728 8685 8688 8602 8588 8635 8636 8633 8963 9037 9074 9114 9390 9929 9834
8714 8905 9069 9177 9232 9329 9412 9607 9742 9894 9986 9931 9748 9731 9669 9781 9633 9732 9495 9350 9422 9772 10101 10070 9926 10036 10112 10112 10100 10066 9782 9951 9906 9822 9841 9977 10009 10018 9998 10171 10333 10486 10545 10351 10364 10180 10151 10171 9851 9460 9109 9112 9136 9128 9153 9291 9421 9536 9558 9430 9330 9314 9052 9166 9047 9058 8904 8733 8792 8725 8676 8995 9125 9103 9079 9467 9976 10069
8773 7950 7507 7813 8682 9156 9145 8957 9227 9752 10049 10136 10197 10034 9872 9881 9731 9918 9846 9463 9512 9938 9849 9831 9854 9776 9745 9616 9542 9587 9615 9590 9625 9613 9644 9701 9768 9824 9789 9870 9993 9973 10362 10494 10530 10504 10531 10429 10110 9961 9728 9628 9496 9509 9476 9591 9649 9678 9625 9436 9330 9358 9266 9490 9372 9193 9061 8692 8912 8878 8776 8776 8808 8838 8955 9207 9599 9897
8942 8467 7879 8679 8853 8966 8957 8896 9144 9679 10104 10407 10435 10305 10048 9763 9740 9532 9539 9594 9760 9777 9568 9540 9658 9710 9608 9601 9619 9580 9464 9463 9439 9574 9679 9736 9844 9797 9605 9742 9825 9871 10048 10177 10307 10311 10530 10561 10582 10562 10342 10074 9404 8951 8662 8460 8306 8335 8363 8419 8610 8796 9041 9379 9463 9594 9536 8956 8964 8892 8759 8793 8808 8758 8811 8950 9316 9586
9016 8480 8626 8837 8886 8837 8920 8974 9185 9864 10114 9839 10206 10395 10334 10038 9878 9741 9918 9955 9833 9818 9677 9572 9506 9517 9596 9697 9753 9692 9560 9559 9556 9566 9628 9691 9644 9546 9631 9602 9707 9845 9941 10167 10210 10304 10491 10615 10716 10692 10728 10072 8882 7980 7189 7073 6920 6800 6744 7091 7358 7681 8306 8767 9137 9612 9829 9630 9275 9314 8762 8511 8786 8896 9030 9075 9348 9686
8497 8720 8774 8762 8813 8834 8838 9006 9314 9710 9933 10378 10480 10445 10374 10045 9913 9869 9915 9895 9955 9991 9810 9679 9792 9556 9524 9598 9676 9643 9552 9680 9853 9918 9872 9735 9797 9806 9844 9766 9661 9768 9747 10083 10174 10140 10090 10304 10719 10895 10647 9515 8443 7674 6913 6682 6588 6636 6636 6636 6687 6946 7584 8446 9023 9645 10096 10035 9675 9476 9305 9244 9317 9279 9250 9400 9354 9298
8713 8793 8863 8844 8814 8884 8941 9061 9308 9670 10101 10475 10501 10493 10430 9925 9930 9929 9860 9795 9774 9877 9741 9875 9838 9547 9377 9452 9511 9548 9715 9806 9906 9976 9939 9684 10060 10151 10266 10223 10116 9985 9949 10071 10222 10271 10373 10617 10945 11205 11029 10084 9077 8494 7646 7082 6814 6746 6695 6664 6912 7243 7747 8604 9271 9773 10306 10315 9969 9794 9649 9679 9803 9860 10036 10011 9727 9369
