Alternative/Moon/Lvl0_30x30/Ele_EI.asc
ncols         335
nrows         335
xllcorner     6757491.657
yllcorner     -6727166.958
cellsize      10000
nodata_value  -9999.0
[rows 0 to 33 of 335, columns 231 to 307 of 335]
16319 16686 16564 16767 16949 16908 16636 17361 17672 18000 18724 19291 20441 20847 21201 21692 21806 21681 21607 22464 22585 22967 22779 22650 22726 22834 22488 22124 21094 19768 18733 17622 17047 15820 15396 15296 15569 15857 16060 15791 15560 15517 15177 15209 15385 15372 15671 15734 15650 15492 15457 15034 14297 14099 14193 14516 14870 14917 14825 14787 14460 14615 14792 15133 15200 15092 15296 15637 15507 16390 18506 19540 19553 19074 19236 19234 19069
17640 18452 19309 19753 19806 20151 19668 19191 19353 20096 20434 20150 20744 21272 21907 22038 22143 21963 22140 22583 22794 23032 23142 23273 23128 22869 22438 21790 21217 19727 18216 17129 16702 16001 15529 15326 15703 16301 16187 15906 15978 16020 15171 15249 15614 16036 16078 16045 15772 15771 15715 15796 15589 15489 15624 14831 14860 15256 15288 15113 14959 14768 15638 15759 15874 15062 15183 15763 16301 17256 18887 19773 19677 19540 19748 19466 18939
19893 20284 20212 20657 20780 21166 20789 20562 20462 21159 21439 21576 21648 21492 22060 22058 22050 22023 22496 22616 22883 23113 23136 23099 22506 22563 22460 21860 21195 19482 17693 16715 16369 16195 15818 15555 15747 16282 16039 15629 15683 15785 15055 14737 15268 16040 15940 15887 15857 16018 16442 16637 16240 16201 16333 15613 15416 15244 15246 15263 15323 15216 15693 15742 15724 15376 15736 16461 16906 17963 19136 19844 19853 19348 19642 19347 18819
20918 20992 20782 21605 21511 21546 21810 22025 21665 21235 22366 22323 22186 22040 22696 22539 22059 22275 22553 22747 22902 22927 21988 20335 19374 19759 21087 21489 21104 19761 18394 17304 17134 17120 16839 16490 15984 15281 15114 15297 15265 15123 14757 13911 13950 14607 15438 15721 15824 15768 16859 16679 16249 16530 16622 16430 16019 16108 15683 15452 15436 15642 15673 15463 15448 15787 16351 16852 17138 18340 19526 20147 20118 19503 19121 18803 18511
20784 21044 21349 21647 21787 22105 22178 22159 22120 22112 22119 22253 22373 22360 22852 22602 22400 22471 22379 22522 22547 21655 19388 17456 16635 17260 18198 19340 19670 19771 18898 17973 17822 17678 17470 16928 16454 15476 15161 15549 15543 15020 14625 13877 13849 13938 14615 15490 15558 15332 16510 16302 15918 16186 16344 16324 16108 16230 15926 15861 16093 16009 15953 15990 15986 16607 17099 17429 17676 18482 19633 20165 20109 19518 19065 18712 18724
21199 21627 21891 21644 21501 21776 22197 22214 22148 21736 21747 22066 22045 22103 21633 22141 22524 22906 22588 22330 22302 20559 17780 15693 15528 15797 16855 17928 18915 19791 18937 18653 18786 18797 18346 17114 16299 15596 15641 15434 15496 14918 14519 14559 14204 14367 14596 14417 15146 15190 15319 14447 13267 14778 14788 14962 15270 15640 15811 15689 15942 16040 16413 16957 16949 16874 17281 17934 18399 18827 19466 19887 19757 19336 18960 18843 18793
21114 21769 21931 21721 21746 21676 21856 21893 21924 21673 21792 21121 20961 20559 20854 22098 22593 22869 22521 22195 22013 19911 17083 15578 15079 15503 15575 17243 18624 19661 18905 19072 19431 19577 18914 17626 16644 15984 16043 15375 15310 15216 14847 14898 14659 14288 14631 14703 14122 14235 14236 13846 12859 12899 12817 12949 13377 14165 15135 15288 15451 16073 16498 16998 17160 17422 17563 18241 18619 19123 19523 19939 19945 19468 19045 18971 19317
20018 21028 21298 21505 21910 21716 21422 21741 21481 21236 20970 20750 20324 19947 20005 20696 21370 21145 21567 21444 21225 20611 18414 16113 15103 15102 17143 19081 19601 19325 18909 19419 19517 19539 19337 18348 17237 16364 15964 15803 15998 16019 15637 15421 15419 14783 14846 14879 14064 13389 13262 12680 12179 11559 11218 11690 12069 12272 13324 14236 14798 15826 16427 16685 17121 17140 17511 18900 19047 19586 20100 20140 19924 19559 19417 19306 19634
19016 19373 20160 20260 20737 21318 20978 20351 20234 19638 19387 19417 20130 20476 20720 20647 20130 20339 20093 19867 20060 20365 19710 18218 16948 17327 18610 19419 19479 18779 18813 19578 19743 19615 19135 18732 18133 17621 16788 16641 16470 16527 15980 15406 15409 14588 14579 14155 13659 12887 12326 11665 11104 10519 10492 10527 10991 11550 12468 13057 13876 14759 15155 16258 17066 17763 18480 19109 19576 19829 20185 20265 20161 19967 19961 20045 19941
18719 18868 18661 18424 19433 20107 20107 18933 18668 19051 18750 18960 19735 19906 19743 19825 19865 19779 19727 19562 19120 19344 19345 18867 18370 18215 18608 18529 17932 17218 17676 18617 18926 18853 19162 19448 19369 18738 17749 16904 16701 16421 15708 15294 15805 15689 15171 14683 13824 12934 11751 11320 10890 10298 10216 10469 10675 11043 12148 13307 14217 14512 14911 15542 16464 17974 18653 19286 19562 20082 20202 20218 20168 20231 20397 20303 20253
18719 18992 18877 18789 17853 18331 18353 17663 17637 18340 18038 18522 19218 19113 18431 18323 18818 19001 18835 18903 18411 18510 18113 18126 17934 17929 17656 17215 16648 16040 16169 16700 17074 17874 18800 19368 19333 19262 18894 18122 17424 16736 16049 15988 16070 15749 15491 14965 13966 12783 12038 11740 11162 10380 10295 10165 10396 10983 12204 13285 14280 14567 14026 15005 16300 18014 18710 19558 19691 20110 20149 20134 20108 20638 20604 20309 20281
18540 18952 19349 19487 19438 18596 17910 17590 17742 17677 17550 18094 18322 17933 17240 17153 17069 17573 17945 17921 17483 17246 17066 16645 16813 16984 16837 16374 16143 15260 15028 14809 15138 15665 16695 17705 19135 20028 20010 19286 18845 18025 16960 16093 16124 15388 15331 14833 13908 12875 12001 11883 11440 10506 10204 10069 10092 10848 12394 13387 13932 14684 14295 15290 15553 17037 18668 19906 20134 19636 19779 19497 19969 20253 20437 20272 19795
18009 18176 18852 19293 19547 19723 19826 19401 18472 17923 17339 16926 17537 17250 16952 16746 16489 16199 16815 16691 16262 16516 16394 15804 15785 15800 15527 15449 15221 14832 14248 13863 13677 14211 15458 16128 17444 18742 19472 19443 19359 19230 17684 16252 16023 15050 14900 14142 13156 12244 11805 11534 11124 10454 10210 9989 10074 10641 12082 13649 14799 14891 14499 14666 15314 16367 17225 18676 19469 19424 19079 19125 19627 19479 19189 19559 19266
18204 18343 18310 18943 19562 19551 19645 19333 18549 17843 16897 15181 16320 16064 16177 16033 15451 15244 15150 15570 15857 16460 16097 15201 15220 15248 15256 14669 14277 13643 12781 12440 12577 13257 13917 14611 15081 16431 18284 19929 20043 19693 18947 17937 16657 14987 14582 13990 12921 12330 11835 11628 11140 10575 10393 10085 10339 10730 12268 14401 15315 15262 14336 14539 15045 15872 17098 18070 19125 18937 18665 18564 18664 18824 19076 19101 18685
18837 18694 18651 18861 19003 18778 18514 18507 18488 17168 16267 14782 15041 15277 15568 15324 15314 15254 14907 14921 15429 16212 15829 14807 14961 15223 15223 14508 13924 12892 12309 11923 11909 12432 13070 13712 14383 15872 18101 20147 20443 20576 20363 18916 17620 15902 14235 13114 12232 11466 11138 11190 10963 10816 10781 10490 10797 11514 13274 15390 15895 15299 14381 14488 15083 15827 17320 18046 19161 19118 18617 18575 18567 18940 18878 18437 18374
19131 19072 18910 18756 18641 18280 18266 18150 17406 16003 15042 14982 14804 14858 14896 14863 15004 15200 14354 14333 14788 15377 15217 14418 14407 14535 14541 14060 13479 12469 11943 11999 12018 12002 12081 13122 14507 16160 18161 20069 20735 21020 20967 19438 17713 16213 14536 13097 12015 11207 10775 11356 11344 11033 10975 11531 12205 13593 14854 15769 15826 15282 14693 14590 14774 15955 17686 18558 18703 19027 18822 17834 17823 18090 18459 18441 18411
19052 18826 18499 18375 18151 17828 17349 16796 15967 15046 15048 15134 14932 14795 14980 14998 14555 14185 14236 14249 14298 14458 13932 13812 14113 14055 13992 13117 11884 11848 11909 12075 12094 12166 12512 13706 15123 16785 18333 19536 20411 21122 21106 19712 18270 16647 14856 13709 12214 11630 11277 11218 11235 11117 11641 12615 13616 14974 15404 15675 15506 14945 14568 15315 15904 16824 17540 18600 18938 18779 18285 18101 17685 17668 17730 17973 18413
18000 18148 17959 17712 17689 17562 16732 15749 15111 15195 15311 15501 15502 15184 14862 14708 14305 14360 14178 13894 13805 13635 12578 12131 12557 12705 12535 11829 11590 11757 11813 12158 12262 12250 13131 14386 15516 16876 18276 19160 20009 21037 21119 20825 19685 17858 15907 14584 13430 12666 12479 12411 11918 12120 12806 14100 14717 15079 15333 15627 15594 15246 15076 16078 16771 17607 18035 18331 18447 18415 17334 17948 17688 17602 17192 17711 17937
17641 17545 18024 18052 17640 16963 15963 14981 14969 15242 15281 15453 15321 15184 14814 14290 13875 13599 13768 13298 13206 12764 11613 11304 11459 11576 11395 11484 11539 11692 11724 11848 12173 12489 13323 14411 15304 16630 18296 18722 18710 19744 21134 21285 20415 18637 16930 15660 14863 13795 13067 13296 13160 13423 14092 15064 15343 15399 15308 15477 15530 15401 15525 16105 17037 17805 18141 18715 18725 18185 17579 17421 17548 17542 17372 17421 17595
17448 17997 18232 18081 17771 16784 15490 15041 15168 15278 15217 15255 15080 15142 14729 13622 13497 12850 12647 13001 12737 12471 11341 11394 11327 11260 11325 11444 11477 11499 11708 11806 12213 12687 13310 14278 15018 16526 16836 16510 16308 17487 20082 21407 21204 19883 18484 17033 15849 15264 14567 14054 14295 14660 14922 15420 15475 15554 15575 15689 15800 16177 16740 17177 17790 18589 18942 18971 18660 17976 17660 17543 17171 17375 17012 17374 17482
17800 17811 17956 17889 17540 16391 15580 16069 16427 15902 15331 14869 14777 14149 13940 12498 12826 12643 11735 11853 11751 11240 11146 11179 11272 11348 11363 11369 11443 11472 11638 12033 12461 12623 13366 13908 14789 15828 16104 15859 15872 16426 18879 21110 21126 20656 20063 18809 17782 16781 15837 15871 15942 15834 15724 15732 15635 15718 16034 16793 16781 16906 17695 18142 19153 19547 19508 19009 18582 17912 17610 17669 17284 17280 17248 17250 17233
17547 17468 17437 17371 16880 16436 16517 16470 16503 16603 15584 14065 13968 13347 13250 12203 12109 12024 11441 11283 11318 11241 11109 11026 11178 11371 11374 11397 11466 11523 11652 11886 12210 12561 13423 13947 14675 15714 16386 16262 15787 17314 19631 21192 20929 20393 20305 19304 18224 17383 17143 16731 16288 16181 15640 16099 16043 16235 16375 17168 17643 18158 19434 19608 19615 19629 19452 18142 18009 18019 17975 17887 17716 17314 17096 17237 17225
17344 17235 16996 17194 17169 16964 16505 16501 16592 16617 15493 14289 13921 13235 12790 12155 11883 11658 11103 11123 11272 11416 11458 11526 11471 11353 11415 11426 11467 11564 11654 11792 11870 13152 13603 13744 14467 15576 16162 16233 17238 19143 20332 21018 20819 20000 20032 19518 19171 18263 18021 17325 17030 16673 16787 16781 16731 16985 17432 18107 18715 19699 20493 20671 20503 19792 19072 17883 18173 18181 18124 17988 17816 17597 17354 17203 17192
17413 17326 17207 17666 17483 17017 16274 16535 16581 16328 15107 14757 14509 13676 13070 11913 11813 11743 11354 11176 11219 11318 11306 11683 11693 11270 11413 11430 11462 11760 12098 12126 12272 13177 13682 13964 14410 15364 15810 16491 17396 19291 19883 19839 19799 19570 19650 19438 19025 18680 18984 18200 18013 17665 17571 17831 18251 18265 18013 19268 19866 19832 20565 20607 20340 19728 19578 18839 18077 17866 17952 17883 17823 17697 17703 17533 17422
18379 18397 18505 18318 17706 16742 16213 16389 16395 16094 15254 14962 14598 13792 13114 12213 11842 11490 11325 11197 11206 11253 11435 11225 11198 11269 11311 11512 11715 11999 12196 12232 12382 12828 13246 13794 13968 14765 15269 15722 16389 18236 19291 19513 19230 19126 19016 18884 19040 18905 18902 18693 18468 18370 17938 18014 18994 19740 19734 19571 20051 20161 20060 20139 19816 19400 19331 18678 18204 17478 18058 18030 17943 17716 17754 17703 17119
18674 19130 19078 18298 17623 16678 15955 16281 16309 15750 15484 15061 14832 14093 13067 12161 11875 11396 11416 11140 11148 11201 11298 11213 11221 11262 11293 11344 11703 11812 11955 11910 11899 12522 12924 12870 13188 13906 15224 16090 16825 17633 17762 18447 18516 18282 17892 17990 17853 18039 18171 18224 18488 18575 18619 18703 18967 19411 19736 19467 19442 19475 19704 19469 19303 19266 18782 18363 18376 18140 17725 17795 17862 17762 17742 17688 17592
18688 18996 18924 18001 17224 16193 15972 15759 15804 15790 15473 14980 15011 14379 13463 12399 11854 11695 11527 11114 11076 11182 11184 11178 11185 11209 11308 11392 11459 11621 11666 11547 11871 12572 12936 12860 13237 14410 15810 16472 17142 18144 18456 18320 17763 17395 17111 17089 17209 17189 17411 17563 17739 17886 18146 18378 18743 18692 18180 18217 18249 18551 19025 18896 18803 18985 18824 18331 18246 18141 17866 17843 17793 17794 17755 17569 17498
18657 18460 18083 17703 17473 17138 16466 15850 15897 15924 15720 15208 15028 14522 13769 12551 11776 11706 11556 11309 11083 11157 11264 11309 11237 11307 11305 11393 11479 11494 11614 11603 11666 12226 12780 12926 13992 14772 15920 16597 17184 18110 18526 18299 17689 16569 16279 15947 16202 16059 16035 15925 16200 16334 16484 16665 16942 17178 17036 17415 17672 17656 18004 17687 17632 18519 18080 18169 18077 17858 17958 17899 17342 18045 18052 17714 17390
18023 17955 17679 17549 17434 17414 16226 15746 15035 15094 15343 15128 14976 14718 14000 12939 12054 11485 11310 11249 11178 11190 11347 11406 11399 11300 11348 11398 11488 11526 11533 11688 11804 12193 12835 13278 14533 15360 15983 16817 17118 17551 17546 17138 17027 16098 15137 15100 15050 15324 15067 15093 14903 15025 15023 15461 15531 15949 16034 16468 16541 16405 17158 17333 17330 17711 18032 17944 17832 18150 18379 17847 17738 16943 17299 17702 17580
17679 17855 18210 18123 18185 17832 16619 15978 15425 14950 14314 14180 14342 14308 13992 13401 12518 11628 11314 11418 11401 11210 11313 11459 11456 11433 11467 11497 11468 11580 11663 11571 11814 12421 12787 13530 14915 16513 16613 16804 16899 16730 16407 16141 15623 15498 15138 15144 14869 14831 14837 14779 14951 14683 14585 14659 15234 15175 15211 15023 15435 15515 16592 16865 16920 16874 16893 16851 17221 18052 18375 18147 18033 17224 17167 17694 17690
18178 18346 18182 18643 18582 17905 17115 16395 16351 15897 15338 14753 14398 14004 13948 13666 13270 12072 11151 11391 11439 11409 11352 11436 11462 11570 11565 11522 11566 11577 11560 11789 12152 13161 13593 14478 15601 16926 17004 16855 16398 16055 15631 15548 15486 14883 14674 14663 14722 14820 14820 14766 14911 14438 14953 14777 14757 15015 14288 14496 14833 15449 15621 15770 16378 16545 16530 16698 17213 17687 18359 17815 17652 17287 17687 17355 17309
19184 19054 19255 19323 19237 18924 18015 16884 17052 17014 17085 16678 15784 15370 15572 15221 14720 13706 12503 11768 11768 11927 11951 11877 11448 11501 11571 11536 11641 11614 11658 12151 12622 13320 14130 15221 16182 17316 17588 17436 16442 16005 15980 15627 14768 14811 14913 14887 15063 14917 14829 14850 14827 14536 15198 14815 14278 14288 14434 14525 14196 14753 15016 15781 15787 16334 16430 16461 16886 17562 18133 18028 17280 17542 17914 17948 17476
19631 19574 19588 19464 19607 19599 18891 17916 17910 18330 18099 17986 17634 17429 17318 17086 16577 15526 14114 13314 13457 13571 13494 13098 12718 12197 11887 11857 12281 12305 12520 12726 13266 14047 15073 15839 16307 17184 17366 17083 16580 16564 16652 16098 15510 15155 15035 14917 15114 15045 14809 14801 14722 14592 14724 14619 14412 14328 14265 14187 14143 14371 14943 15542 15899 15975 15829 15163 15247 16516 17259 17374 17056 17453 18009 17686 16063
19607 19951 19840 19643 19574 19539 19468 18896 18538 18459 18521 18608 18341 18226 18323 18295 17754 16858 16063 15511 15146 15356 15323 14782 14260 13715 13268 12935 13370 13788 14222 14273 14373 15692 16557 16393 16097 16417 16789 17153 17154 16791 16567 16295 15711 15160 15085 15072 15121 15051 14750 14824 14788 14717 14635 14575 14474 14427 14284 14197 14113 14142 14716 15197 15881 16032 14880 14463 14698 15170 15843 16071 16004 16128 17694 18010 16833
