Alternative/Moon/Lvl0_30x30/Ele_BK.asc
ncols         335
nrows         335
xllcorner     13457491.657
yllcorner     3322833.042
cellsize      10000
nodata_value  -9999.0
[rows 102 to 135 of 335, columns 77 to 153 of 335]
14481 14315 14257 14269 14235 14200 14182 14192 14412 14930 16112 17293 18925 20531 21896 22071 21970 21693 21169 20511 20028 20366 20482 20553 20417 20238 20120 20051 19875 19656 19700 19735 19601 19356 19470 19631 19585 19358 19515 19492 19355 19358 18900 18901 18987 19398 19838 19965 19624 19544 19241 19286 19605 19671 19528 19117 19415 19789 19867 19394 19023 19283 19188 19491 19858 20213 20490 20637 21433 21500 20965 19599 18702 18463 19102 20276 21484
14355 14375 14331 14321 14318 14281 14235 14250 14686 15163 16265 17220 18870 20549 21514 21555 21506 21248 20746 20288 20115 20435 20468 20440 20540 20567 20618 20465 20109 19766 19823 19882 19720 19367 19643 19817 19722 19609 19948 19970 20063 20062 19626 19210 19612 19981 20239 20318 19929 19921 19404 19258 19396 19577 19491 19500 19747 19714 19731 19505 18872 18667 18564 19123 19662 20187 20582 20735 21368 21515 21634 21453 20993 20813 20847 20682 20987
14376 14360 14152 14216 14361 14325 14430 14773 15508 16316 17018 17640 18937 20459 21103 21085 20848 20481 20080 20012 19461 18610 18196 17967 18412 19125 20086 20257 20097 19742 19873 19887 19963 19948 20086 19905 19749 19927 20086 20123 20238 20334 20329 20191 20193 20297 20562 20623 20644 20280 20072 19576 19627 19807 19820 19868 20221 20149 19515 18869 18598 18559 18715 19326 19862 20055 20451 20684 21090 21391 21602 21661 21659 21573 21628 21565 21148
14600 14543 14790 14882 14837 15106 15473 15770 16579 17263 17721 18540 19952 21024 20996 20839 20407 20161 20138 20158 18814 17399 16767 16748 16962 17798 19276 20128 19999 19617 19967 20011 20276 20223 20337 20298 19937 19792 19844 20088 20255 20214 20010 19968 20085 19801 20200 20544 20650 20572 20540 20405 20002 19790 19970 20167 20317 20247 19946 18990 18459 18560 19046 19574 19801 19688 19945 20260 20600 20943 21084 20885 21244 21387 21540 21481 21101
16099 15466 15878 16114 16211 16584 16941 17480 18204 19039 19521 19610 20404 21162 20995 20588 20118 19843 20125 20205 20032 18649 17902 17169 17250 18033 19182 19907 20017 19803 19795 20045 20220 20292 20302 20293 20031 19971 19781 20076 20036 19260 18822 19801 20401 20338 20657 20647 20412 20330 20520 20677 20444 20194 20394 20657 20655 20477 20247 19976 19830 19686 19552 19485 19565 19523 19619 19634 19889 20150 20174 20295 20214 20290 20153 19651 19505
18061 17490 17133 16985 17039 17770 18978 19839 20250 20549 21026 21299 21402 21268 20744 20166 19574 19312 19644 20091 20446 20447 20022 19420 19121 19779 19911 20090 20053 19836 19652 19898 19994 20136 20200 20330 20333 20303 20055 19793 19873 19932 20078 20307 20523 20324 20555 20571 20430 20302 20543 20770 20671 20407 20427 20931 20955 20656 19802 20134 20470 20089 19615 19428 19359 19368 19470 19851 20161 20528 20551 20666 20736 20481 20404 20092 19530
18587 18805 18948 18919 18838 19172 20013 20070 20059 19883 20444 21090 21430 21193 20460 20090 19487 19258 19509 19945 20322 20368 20291 19727 19535 19897 19915 19718 19868 19627 19490 19587 19992 20374 20380 20397 20340 20361 20204 20001 19703 19824 19864 19846 19883 19900 20007 20291 20516 20476 20338 20621 20398 19218 18615 19288 20233 20528 20699 20778 20630 20095 19487 19416 19393 19404 19550 19870 20210 20501 20571 20401 20529 20624 20694 20704 20252
18139 18610 18875 18859 18986 19312 20050 19995 18894 18663 19420 20376 21107 21061 20690 20364 19548 19090 19450 20130 20598 20521 20322 20103 19793 19681 19686 19359 19332 19364 19282 19431 19776 19867 19831 19752 19821 20101 20171 20065 19699 19549 19379 19319 19386 19615 19589 19866 20253 20415 20442 20338 19337 18099 17639 18003 19037 20541 20908 20791 20627 20117 19696 19499 19476 19402 19394 19432 19924 20326 20371 20105 20163 20290 20210 20031 19854
17177 17362 17496 17693 18306 18982 19508 19572 19537 20113 20996 21317 21346 21239 21219 21153 21041 20445 19541 19991 20448 20314 19824 19555 19417 19348 18948 18472 18525 18620 18682 18701 18479 18056 17905 17989 18252 18731 19419 19514 19337 18985 18901 18928 18984 19083 19111 19394 19471 20221 20341 20005 19537 18455 17979 18768 19543 20322 20749 20785 20872 20814 20498 20099 19852 19916 19960 20329 20852 20857 20454 20097 20113 20048 19477 18726 18487
15925 16181 16598 17100 17680 18163 18655 19094 19635 20317 20867 20962 21112 21160 21187 21219 21180 20582 19614 19036 18563 18198 17783 17547 17813 18487 18641 18484 17766 17678 17596 17470 17027 16710 16639 16777 17265 17782 18620 19181 19128 18807 18523 18577 18685 18742 18840 18969 19210 19695 19740 20231 20324 19866 19445 20315 20467 20165 20209 20363 20537 20842 21039 21070 20776 20287 20213 20625 20928 20762 20330 19967 19930 19884 19440 18713 19049
15629 16170 16604 16935 17275 17784 18431 18794 18891 18718 18827 18914 19070 19300 19555 19987 20344 20033 19509 18711 17945 17412 17175 17228 17153 17523 18318 18589 18244 17169 17102 16869 16851 16876 16768 16772 16958 17519 18205 18858 18898 18694 18427 18505 18577 18532 18785 19001 19148 19388 19642 19979 20209 20102 20115 20458 20580 19949 19141 19136 19995 20788 21021 21087 20735 19854 19234 19720 20292 20314 19986 19667 19629 19628 19476 19080 19310
15352 16054 16183 16571 17559 18211 18240 17911 17182 16896 16786 16720 16867 17178 17361 17682 18228 19062 19140 18845 18587 18293 17872 17329 17238 17310 18146 18647 18485 17439 16838 16841 16678 16851 16809 17089 17581 17671 18390 18945 18863 18436 18211 18267 18316 18370 18674 18938 19090 19326 19528 19698 19913 20058 20026 19986 20218 20060 19935 20119 20270 20503 20461 20528 19942 19301 18995 19314 19612 19732 19585 19399 19377 19410 19372 19281 19279
15078 15326 15923 17055 17985 18088 17455 16401 15753 15964 15867 15614 15639 15972 16426 17074 17688 18850 20059 20211 20167 19837 19081 18465 17938 18002 18150 18415 18315 17616 17196 17393 17552 17661 18036 18374 18588 18902 18877 18645 18409 18188 18149 18204 18339 18402 18554 18865 19084 19349 19596 19510 19722 20058 20081 20162 20397 20643 20798 20861 20647 20462 20350 20054 19964 20011 20044 19976 19676 19690 19517 19349 19242 19219 19226 19227 19036
14808 15023 15955 17049 17648 17607 16872 16128 14993 14846 14823 14654 14698 14962 15997 16925 17578 18776 20110 20452 20507 20428 20156 20241 20030 19893 19705 18990 18810 18224 18066 18012 18508 18580 18651 18752 18647 18625 18662 18663 18526 18237 18179 18253 18351 18464 18609 18913 19201 19632 19655 19378 18498 18818 19036 19465 19947 20509 20616 20662 20467 20369 20140 19739 19906 20218 20232 19995 19654 19488 19423 19360 19302 19177 19153 19223 19186
14601 14874 15757 16298 16401 15958 15282 14870 14690 14916 14944 14704 14704 15051 16111 16890 17776 18873 20024 20619 20604 20355 20184 20247 20135 20059 20014 19559 19164 18736 18499 18644 18809 18852 18588 18490 18339 18161 18026 17986 18182 18161 18095 18229 18393 18555 18668 18916 19332 19649 19433 18065 16970 16757 16893 17489 18486 19904 20386 20249 20112 20117 19898 19425 19449 20055 20145 19837 19493 19408 19338 19379 19480 19347 19144 19072 19168
14564 15034 15738 16202 15903 14953 14534 14436 14387 14820 14925 14851 14689 14975 15962 16931 18306 19633 20171 20168 20085 19903 19885 19904 19711 19654 19597 19483 19013 18829 18585 18388 18636 18601 18468 18332 18143 18081 17922 17867 17801 17813 17921 17960 18393 18618 18726 19189 19672 19679 18808 17163 16251 16205 16134 16040 16831 18503 19513 19812 19701 19463 19416 19155 19361 19826 19943 19757 19596 19508 19408 19407 19441 19252 18994 18777 18855
15118 15514 16647 17402 17434 17006 16392 15486 14711 14806 14998 15325 15391 15414 15912 16741 17904 19504 20697 20889 20288 19474 19428 19737 19705 19511 19207 19123 19053 18765 18499 18326 18104 18033 18102 18091 18089 18061 18079 17945 17730 17844 17952 18162 18438 18520 18490 18977 19743 19792 19403 17995 16727 16233 16188 16177 16418 17519 18429 18966 18957 18626 18684 18572 18822 19086 19126 19218 19438 19548 19504 19498 19449 19084 18739 18642 18589
16008 16568 16888 17570 17735 17424 16721 15963 15852 16401 17018 17398 17504 17450 17343 18386 19404 20405 20918 20954 20369 19462 18878 19113 19221 18973 18820 19061 19052 18908 18607 18366 18236 18082 18098 18112 18032 18016 18086 17996 18154 18335 18353 18449 18511 18511 17979 17859 18807 19790 19775 19027 17792 16695 16259 16302 16826 17810 18497 18512 18311 17960 17794 17756 17930 17971 18086 18362 18918 19416 19644 19888 19860 19589 19366 18814 18496
16638 16867 16882 16937 17071 16641 16138 15878 16875 17389 18008 18455 18666 18624 18498 19117 20158 21013 21102 20747 20291 19563 19131 19052 19109 18946 18840 18784 18784 18579 18385 18298 18256 18154 18110 18176 18122 17994 18023 18014 18212 18325 18339 18468 18597 18616 18523 18938 19377 19800 19933 19819 18785 17618 16926 17057 17333 18248 18503 18485 17908 17536 17429 17410 17413 17480 17694 17755 18234 19033 19409 19852 20122 20118 20052 19717 19068
16726 16693 16329 16252 16406 16107 15797 16143 17064 17670 18071 18405 18824 19092 19162 19365 20164 20811 20823 20211 19426 19253 19375 19348 19205 18966 18720 18741 18515 18239 18158 18261 18271 18181 18151 18223 18445 18267 17993 18112 18186 18258 18275 18429 18652 18718 18937 19124 19210 19525 19847 19942 19706 19192 18662 18537 18445 18320 18263 17941 17541 17426 17359 17363 17366 17456 17713 17850 17954 18463 18976 19524 20104 20291 20294 19940 19594
16772 16287 15744 15527 15690 15936 15865 16098 16550 17410 17806 17820 18238 18634 18972 19261 19596 19863 19803 19324 19007 19367 19496 19454 19216 18914 18886 18885 18704 18556 18280 18205 18409 18689 18575 18291 18391 18154 17818 17891 18231 18620 18510 18558 18746 18858 18898 18943 19124 19258 19316 19421 19405 19110 18784 18492 18290 17905 17593 17373 17255 17311 17409 17486 17475 17488 17663 17892 18010 18340 18689 19467 19992 19992 19578 18762 18835
16404 15921 15438 15306 15375 15487 15480 15669 16130 16232 16361 16487 16846 17538 18236 18817 19125 19155 19384 19326 19226 19523 19562 19202 18862 18562 18570 18835 18920 18954 18965 18807 18940 19212 19114 18818 18325 17994 17729 17748 18249 18652 18482 18431 18366 18505 18751 19185 19329 19621 19624 19456 19122 18757 18444 18090 17735 17511 17461 17558 17478 17671 17639 17369 17043 17205 17691 17766 17913 18391 18910 19897 20355 20154 19429 18655 18562
15959 15475 15328 15343 15422 15600 15887 16159 16186 15957 15950 16153 16682 17362 17779 18265 18731 19214 19480 19381 19176 19102 18879 18672 18239 17999 17903 18555 18906 19232 19299 19255 19153 19284 19275 19149 18273 17597 17715 17823 18256 18562 18324 17963 17892 18126 18461 18866 19289 19719 19765 19628 19252 18727 18192 17918 17622 17503 17577 17698 17542 17503 17278 17111 17163 17395 18154 18318 18565 18933 19424 20116 20768 20795 20337 19064 18588
15436 15145 15291 15545 15596 15550 15830 16081 16146 16260 16261 16424 16816 17194 17528 17707 18214 19094 19405 19520 19399 18997 18961 18477 17925 17683 17879 18429 18883 19163 18973 18578 18183 18809 19163 19101 18077 17251 17445 17570 18033 18020 17830 17424 17345 17430 17656 18274 18954 19719 19996 19956 19631 18972 18413 17957 17776 17736 17891 18094 18153 16860 15732 16858 17852 18031 18367 18376 18472 18944 19505 20568 21062 21107 20857 20003 19424
15324 15328 15510 15632 15640 15624 15767 15932 16145 16537 16733 16835 17108 17339 17418 17455 17823 18502 19316 19666 19737 19513 19023 18550 18039 17636 17698 18015 18244 18232 17601 17000 16968 17465 18626 19547 19578 19187 18943 18389 17454 17394 17395 17398 17379 17338 17436 17978 18759 19438 19810 20075 19946 19314 18754 18418 18357 18383 18347 18066 18067 17490 16960 17061 17449 17247 17121 17182 17860 18564 19400 20618 21176 21129 20819 20199 20096
15466 15498 15766 16047 16087 16029 16149 16384 16526 16942 17081 17316 17516 17747 17859 18148 18628 19135 19492 19697 19732 19499 18938 18515 18312 17884 17583 17532 17692 17677 17224 16981 17043 17746 18803 19606 19728 19624 19238 18547 17666 17552 17377 17327 17367 17511 17567 17894 18377 19781 20163 20057 19806 19592 19151 19066 19019 18823 18390 17674 17161 16637 16382 16068 15971 15827 15767 16329 17069 18122 18788 19425 19880 20089 20085 20182 20139
15764 15643 15854 16107 16408 16574 16728 16638 16904 17150 17333 17595 17787 17968 18080 18402 19111 19447 19845 19991 19982 19722 19335 19017 18759 18356 17891 17763 17665 17698 17752 17680 17835 18231 18836 19242 19198 19199 19088 18481 17403 17492 17530 17344 17424 17485 17820 18469 18990 19705 19955 20020 20161 19927 19691 19544 19339 18815 18096 16972 16344 15790 15714 15730 15687 15700 15663 15782 16396 17267 17614 17941 18395 19178 19696 20668 20734
16445 16442 16434 16665 16985 17224 17327 17399 17560 17708 17755 18036 18132 18201 18413 18973 19613 19800 19888 19913 19778 19617 19253 18991 18646 18267 18126 18328 18227 18085 18436 18599 18580 18701 18922 18867 18753 18801 18842 18707 18556 18095 17514 17220 17300 17476 17762 18356 18936 19589 19822 20078 20287 20381 20286 20135 19422 18378 17354 16285 15823 15660 15644 15648 15689 15738 15642 15717 15802 16076 16510 17140 17669 18235 19550 20830 20896
17503 17112 17132 17337 17716 17861 18012 18068 18056 17993 18162 18201 18247 18499 19189 19493 19502 18869 19509 19583 19383 19230 18906 18670 18413 17984 18188 18358 18490 18803 19055 19093 18745 18560 19092 19055 18658 18620 18636 18705 18613 18352 18117 17834 17686 17576 17638 18209 18798 19208 19376 19886 20473 20832 20870 20799 20043 18970 17938 16834 16120 15742 15619 15647 15686 15689 15658 15698 15767 16007 16600 17465 17742 18053 18957 20279 21064
18154 17973 18324 18289 18411 18672 19002 19020 18949 18906 18900 18759 18977 19358 19630 19704 19184 18310 18182 18467 18692 18617 18394 18373 18201 17844 17875 18049 18607 18946 19051 18658 17630 17120 17868 18628 18685 18571 18572 18608 18584 18390 18301 18518 18430 18004 17654 17853 18243 18508 18941 19788 20192 20158 20025 19977 19932 19241 18558 17643 16810 16081 15877 15793 15751 15686 15715 15791 15916 15991 16437 17301 18316 18698 18716 19098 19940
18495 18596 18657 18653 18764 18927 19017 19102 19132 19167 19174 19166 19274 19374 19572 19586 19199 18159 17942 17912 17982 17967 18063 18042 17913 17869 17745 17404 17193 17558 18123 18143 18020 17447 17943 18456 18609 18315 18389 18414 18385 18516 18755 19100 19080 18479 18052 18027 18327 18835 18926 19007 18494 17857 17584 17496 18002 18455 18440 17752 17412 16480 16116 15980 15864 15691 15737 15970 16083 16072 16669 17672 18763 19935 20196 19855 19638
19287 19285 19172 19201 19270 19374 19453 19442 19457 19454 19410 19447 19460 19315 19371 19371 19110 18225 18020 17956 18117 18144 17971 17632 17842 18034 18061 18032 17191 16436 17142 18206 18479 18271 17990 17971 17708 17884 17965 18023 18338 18679 18935 19206 19195 18806 18725 18795 18737 19487 19284 17886 16301 15204 14819 14867 15672 16826 17976 18308 17982 16765 16023 16255 16175 15986 15965 16140 16486 16889 17406 18237 19161 20104 20728 20633 19994
20294 20267 20306 20303 19871 19612 19918 20119 20163 19926 19821 19701 19438 19310 19156 18789 18390 17946 18037 18138 17991 18013 17799 17756 17942 17904 18003 18062 17896 17660 17633 17870 17959 17804 17687 17679 17679 17828 17873 18166 18376 18511 18456 18051 17754 17745 18470 18764 19298 19687 19531 17737 16026 14836 14650 15263 16391 17710 18970 19263 18573 17726 17250 16857 16449 16248 16490 17237 17560 18004 18428 19021 19862 20507 20482 20283 19280
20420 20189 20079 20248 19961 19099 18877 19423 20159 20214 19865 19732 19393 19119 19002 18778 18284 17924 17961 17879 17564 17371 17417 17517 17620 17684 17686 17687 17727 17694 17650 17524 17323 17440 17500 17611 17647 17544 17728 17847 17965 17577 16609 15803 15343 15727 16572 17709 18686 19467 19702 19308 17668 16497 16702 17591 18630 19857 20401 20297 18895 18028 17800 17384 17153 17534 18002 18500 18519 19188 19536 20001 20629 20532 20348 19612 18765
