Alternative/Moon/Lvl0_30x30/Ele_BI.asc
ncols         335
nrows         335
xllcorner     6757491.657
yllcorner     3322833.042
cellsize      10000
nodata_value  -9999.0
[rows 136 to 169 of 335, columns 0 to 76 of 335]
18088 17624 17726 17898 17811 17676 17471 17404 17222 17110 17086 17022 17007 17018 16985 17061 17069 17013 16984 16994 17016 17015 17090 17065 17074 17162 17395 17835 17964 18193 18281 18521 18745 18833 19234 19386 19305 19439 19274 19521 19775 20208 20267 20404 20692 20892 21126 21194 21446 22249 22513 22475 22117 21851 21675 21386 21400 21379 21410 21405 21220 21388 21409 21341 21328 21251 21324 21172 21142 21140 20975 20682 20623 20461 20515 20467 19809
18518 17952 18490 18581 18284 18199 18163 17889 17409 17261 17093 17060 17033 17026 16999 16994 16995 17012 17026 17005 16941 17015 17094 17305 17343 17475 17670 17917 18110 18191 18294 18529 18538 18640 18834 19163 19193 18990 18894 19222 19721 20121 20461 20466 20642 20941 21129 21745 21806 22324 22448 22381 22006 21778 21165 19910 19246 18978 19498 19679 19888 19935 19948 20458 20686 20880 21187 21347 21560 21462 21292 21060 20876 20469 20471 20423 20278
18444 18378 18355 18410 18187 18183 18002 17637 17283 17184 17102 17075 17055 17054 17047 17023 17016 16976 16994 16975 16945 17022 17392 17460 17471 17607 17839 18014 18046 18190 18411 18441 18384 18285 18416 18539 18456 18331 18467 18888 19613 20001 20228 20508 20828 21018 21502 22047 22072 22121 22003 20953 19876 19501 18776 18058 17936 17255 16728 16641 17089 17614 17956 18197 18607 18783 19246 20234 21294 21578 21484 21374 21299 20899 20363 20350 20018
18579 18341 18543 18614 18166 17823 17643 17561 17482 17516 17160 17098 17068 17103 17110 17078 17065 17076 17054 17062 17084 17079 17407 17493 17609 17669 17720 17839 17965 18163 18233 18271 18253 18213 18108 18093 18243 18367 18414 18782 19310 19626 20287 20896 20863 21124 21502 21918 22057 21748 20782 19577 18599 18101 17250 16798 16140 15712 15742 15633 16329 16669 16977 17561 17900 18023 18258 18330 19212 20441 21335 21383 21218 21036 20673 20089 19694
18529 18527 18428 18230 18183 18070 17801 17666 17503 17489 17474 17170 17138 17497 17416 17194 17146 17135 17250 17326 17193 17312 17576 17535 17555 17695 17702 17738 17862 17844 17939 17991 18059 18077 18085 18172 18211 18339 18488 18920 19293 19694 20266 20671 20823 21135 21385 21282 21090 20405 19132 18244 17493 17015 16325 15818 15496 15178 14957 14916 15291 15318 14936 15772 16856 17211 17693 17871 17879 18539 19730 20617 20872 20984 20872 20534 20050
18478 18367 18016 18131 18396 18323 18154 17945 17513 17413 17346 17385 17594 17572 17511 17503 17412 17413 17413 17369 17251 17527 17794 17705 17707 17799 17737 17798 17816 17692 17805 17816 17922 17892 18090 18158 18371 18772 18779 18850 19089 19444 19927 20438 20689 20738 20554 19915 19216 18510 17314 16404 15456 15076 14752 14727 14732 14440 14321 14280 14334 14529 14433 14490 15073 15245 16100 17340 17673 17889 18786 19660 19909 20037 20871 20886 20338
18389 18342 18160 18109 18162 18042 17779 17778 17696 17294 17128 18065 18280 18086 18027 17811 17580 17617 17544 17452 17806 18377 18440 18129 17653 17722 17758 17791 17809 17765 17787 17804 17866 18047 18218 18202 18510 18688 18671 18925 18988 19235 19649 20446 20395 19944 19309 18831 17831 17634 16458 15062 14493 14508 14363 14334 14335 14341 14454 14415 14392 14265 14296 14337 14313 14546 14990 16306 17248 17845 18092 18388 19092 19449 20408 20916 20861
18188 18024 17520 17322 17168 17169 17287 17366 17869 18257 18542 18990 18815 18613 18617 18474 18166 18016 17730 17668 17888 18276 18375 18147 17851 17840 17884 17710 17689 17725 17953 18279 18374 18501 18524 18450 19024 19174 18716 18984 18975 18972 19311 19725 19540 19205 18722 17865 16751 15975 15394 14880 14432 14409 14423 14420 14354 14359 14539 13975 14436 14292 14265 14279 14292 14248 14552 15243 15949 16763 17413 17943 18751 19314 19617 21034 21308
17249 17120 16959 16931 16959 16926 16862 17515 18150 18487 18602 19111 19261 18708 18610 18604 18046 17876 17814 17785 17735 17727 17816 17824 17810 17853 17877 17667 17873 18015 18295 18663 18761 18731 18738 18975 19320 19311 18748 18974 19028 18940 18848 18960 18942 18928 18242 17037 16179 15594 15074 14419 14398 14384 14445 14423 14365 14337 14447 14438 14416 14287 14281 14342 14449 14426 14573 14707 14996 15670 16857 17748 18700 19322 19342 20433 21380
16964 16881 16846 16866 16815 16864 16968 17088 17766 18102 18442 18672 18863 18769 18376 18259 18292 18342 18419 18321 18168 17978 18279 18052 17726 17754 18085 18427 18380 18546 18780 18761 18775 18770 18904 19042 19275 19233 18782 18956 19117 19411 19359 19487 18765 18076 17699 16993 15943 15451 14635 14427 14397 14398 14391 14366 14345 14325 14324 14310 14289 14296 14188 14158 14145 14130 14328 14345 14520 15130 16344 17260 18284 19101 19466 20322 21654
16988 17020 16896 17058 16911 16730 16775 16983 17165 17285 17728 18070 18501 18336 17789 18093 18391 18545 18889 18974 18982 18955 18615 18341 17848 17866 17966 18606 18766 18883 18614 18654 18683 18883 19046 19105 19457 19445 19314 19711 20112 20392 21019 20920 19182 18454 17935 16962 15598 15173 14792 14415 14378 14378 14365 14368 14359 14346 14333 14304 14284 14286 14316 14559 14617 14566 14501 14203 14509 15408 16357 17857 18933 19472 19979 20586 21801
17211 17271 17035 17240 17214 17052 16790 16806 16855 16850 17010 17722 18157 18115 17699 18073 18298 18521 19152 19332 19210 19026 18722 18800 18714 18945 18789 18440 18373 18761 18601 18615 19111 19582 19617 19291 19568 19573 19717 20107 20453 20468 20856 20665 18916 18424 18073 16872 15621 14804 14463 14385 14374 14373 14370 14366 14377 14386 14388 14370 14324 14311 14286 14453 14525 14382 14287 14365 14997 15699 16534 17904 19302 19657 20293 20877 21226
17393 17575 17457 17491 17772 17698 17333 16819 16736 16745 16776 17188 17553 17706 17682 17839 18148 18420 19161 19354 18915 18513 18703 18991 18986 19093 18989 18809 18922 18888 18374 18622 19150 19615 19656 19453 19526 19620 19715 19818 20376 20454 20594 20358 18875 18206 17782 16652 15545 14714 14434 14398 14399 14397 14397 14410 14434 14448 14496 14531 14589 14597 14307 14300 14292 14271 14262 14413 15098 15962 16604 18055 19503 19827 20305 20710 20617
17640 18136 18124 17626 17168 17175 17053 17277 17499 17747 17790 17387 16919 17291 17767 17815 18120 18494 19325 19545 18983 18525 18545 18899 18905 18906 18857 18742 18764 18804 18549 18538 18833 19073 19230 19276 19284 19277 19544 19685 19933 20231 20433 20331 18986 18254 17352 16450 15376 14792 14462 14428 14411 14417 14427 14448 14465 14481 14578 15118 15035 14559 14333 14315 14305 14285 14270 14333 14952 15846 16559 17943 19297 19562 19649 19828 20093
17926 18138 19115 19048 18407 18075 17977 18209 18564 18610 18531 18249 18010 17838 17648 17749 18087 18441 18957 19192 18756 18883 18692 18619 18802 19065 18953 18600 18463 18391 18547 18800 18925 19042 19054 19068 19292 19297 19316 19707 19950 20287 20461 20273 19446 18501 17997 16953 16213 14968 14471 14456 14443 14448 14451 14489 14492 14455 14447 14502 14452 14371 14361 14341 14314 14299 14313 14757 15271 15664 16556 17658 18853 18942 19215 19427 20540
18298 18345 19065 19192 18933 18633 18471 18207 18440 18811 18948 18729 18478 18166 18231 18473 18512 18375 18492 18571 18580 18620 18426 18411 18810 19134 18927 18075 17884 18175 18594 18811 18921 18939 18920 19013 19126 19298 19386 19476 20066 20096 20223 20012 19324 18952 18336 17297 16612 15906 14874 14517 14511 14510 14475 14478 14480 14458 14443 14414 14396 14380 14376 14371 14362 14356 14512 15252 15694 16053 16870 18141 18553 18563 18679 19524 20614
17846 18263 18168 18119 18175 18365 18472 18893 19049 19160 19046 19051 19140 19163 19124 19399 19339 19048 18148 18298 18308 18135 17875 18026 18380 18488 18174 17648 17752 17968 18385 18739 18929 18915 18920 19010 19069 19124 19359 19495 20017 20079 20091 20088 19592 19330 19094 17998 17273 16962 15505 15180 14752 14561 14512 14495 14480 14466 14451 14434 14418 14419 14408 14403 14390 14456 14663 15483 16443 16908 18040 18788 18889 18756 18773 20130 20239
16999 17380 17545 17916 18429 18703 18858 19093 19217 19248 19060 19061 19232 19342 19398 19448 19411 19195 18552 18430 17820 17638 17559 17465 17456 17497 17447 17305 17556 17679 18266 18627 18833 18765 18936 19086 19221 19388 19574 19692 19863 20106 20175 20135 20186 20029 19370 18897 17873 17901 16909 16225 15332 14816 14530 14500 14493 14506 14505 14486 14499 14517 14533 14496 14720 14947 15772 16271 16827 17663 18424 18788 19291 19565 19654 20847 20949
16666 16767 17219 17454 17687 17821 18051 18222 17694 18280 18234 18195 18562 19096 19226 19126 19053 18650 18510 18473 18190 17951 17935 18316 18351 18130 17773 17322 17359 17609 18118 18489 18554 18830 19006 19195 19772 19913 20004 20076 20268 20396 20416 20398 20312 20387 20138 19609 18456 18186 18003 16989 15575 15095 14616 14604 14606 14576 14555 14570 14714 15256 15501 15480 15202 15971 16443 17306 18046 18269 18486 18931 19685 20729 21227 21634 21373
16649 16650 16534 16589 16855 16959 17189 17818 18162 18384 18314 18004 18234 18260 18007 18159 18182 18223 18236 18149 18024 18073 18512 18944 19089 19028 18919 18809 18653 18066 18076 18391 18353 18678 18916 19194 19863 19909 18774 18007 18893 20119 20618 20480 20448 20443 20605 20602 19726 19212 18528 17848 16877 16186 15745 15585 15583 15601 15499 15705 15791 16251 16712 17017 17067 17240 17132 18029 18790 18904 19310 20297 21469 22299 22565 22666 22485
16625 16641 16660 16778 16735 16776 16759 17026 17474 17590 17470 17881 18236 18270 17920 17503 17724 17789 17717 17452 17767 18123 18684 18960 19100 19074 18965 18792 18640 18579 18414 18632 18918 19067 19104 19092 19610 19140 17098 15771 17030 18946 20598 20379 20211 20321 20609 20614 20510 20247 19156 18345 18216 17710 17282 17024 16942 16723 16632 16590 16648 17119 17705 17717 17829 18098 18309 19368 19930 20058 21099 21954 22196 22386 22909 22953 22695
16313 16350 16365 16630 16713 16732 16795 16980 17108 17310 17453 17481 17447 17571 17634 17623 17841 17994 17905 17790 18092 18185 18555 18582 18852 18863 18620 18559 18473 18629 18895 19307 19343 19241 18913 18906 19411 19262 18266 17229 18376 19594 20426 20215 19965 20099 20193 20313 20445 20610 20700 20155 19718 19576 19271 18728 18674 18555 18449 18602 18576 18870 19531 19977 20100 20021 19886 20271 20420 20794 22143 22398 22199 22420 22766 22655 22263
16308 16351 16354 16438 16491 16613 16720 16941 17045 17128 17169 17113 17183 17443 17486 17626 17788 18214 18443 18412 18628 18658 18799 18827 18876 19242 19205 19103 19078 19243 19498 19978 19990 19786 19067 18919 18740 19017 19093 19207 19474 19721 19831 19637 19626 19609 20113 20312 20363 20366 20333 20203 19789 19665 19600 19636 19603 19529 19418 19584 19759 19872 20352 20538 20421 20335 20538 20655 21180 21822 22058 22132 21817 21735 22233 22377 22144
16520 16706 16526 16355 16446 16776 17055 17271 16982 17097 17055 17134 17133 17179 17301 17553 18007 18557 18896 18929 18856 18655 18732 19114 19261 19377 19317 19316 19239 19348 19724 20084 20112 19943 19510 19250 19062 18720 18642 18835 18841 18726 19053 19071 19089 19371 19424 19344 19481 19765 20150 20139 19867 19329 18869 19359 19513 19522 19598 20717 21370 21617 21815 21943 21805 21804 21337 21287 21555 21687 21589 21403 21403 21555 21922 22143 22255
16442 16618 16439 16458 16446 16895 17264 17305 17045 17050 17073 17218 17191 17241 17448 17742 17254 16540 17319 18685 18904 19091 19171 19293 19361 19313 19356 19378 19372 19368 19694 19763 19832 19772 19505 19421 19429 19408 19355 18683 18468 18825 19052 19121 19408 19768 19686 19599 19629 19703 19888 19895 19938 19683 19492 19630 19581 19661 19787 20605 21368 21748 22072 22234 22013 21797 21268 21010 20895 20807 20938 21166 21377 21408 21422 21855 21844
16366 16387 16504 16411 16418 16765 17262 17384 17184 17292 17236 17151 17218 17360 17682 18104 16816 15681 15258 16918 18413 18988 19361 19521 19377 18343 17711 18545 19082 19610 19766 19869 19945 19927 19614 19547 19651 19629 19640 19318 19265 19408 19197 19100 19289 19719 19641 19392 19343 19679 19944 19868 19522 19381 19437 19851 20066 20074 20743 20699 20223 19756 20351 20714 20892 20870 20371 20137 20123 20381 20660 20640 20404 20509 20887 20642 20307
16478 16474 16412 16361 16389 16523 16968 17194 17093 17035 17366 17288 17213 17208 17489 18168 18203 18115 17510 17722 18398 18214 17807 17757 17273 16377 15837 16791 18040 19521 19690 19817 20010 19982 19624 19472 19548 19628 19712 19847 19949 19889 19233 19126 19149 19366 19302 19092 19190 19292 19369 19202 19120 18968 19131 19479 19735 19589 20513 20979 21009 20839 20003 19195 19233 19242 19119 19407 19575 19791 19882 19833 19734 20092 20234 19684 20204
16497 16482 16408 16416 16417 16579 16855 17065 17205 17275 17130 17286 17204 17237 17380 17763 18421 18736 18945 18911 19397 19315 17438 15669 15403 16155 17116 17620 17574 17490 17633 17883 18547 18576 18962 19311 19728 19810 19538 19152 19347 19733 19686 19179 19138 19425 19250 19088 19325 19328 19319 19469 18981 18700 18768 19065 18989 19101 19507 19901 20717 20812 20226 19924 19583 19491 19193 19065 19384 19498 19894 19803 19672 19721 20156 20344 20759
16491 16445 16483 16488 16583 16851 17131 17126 17187 17281 17240 17182 17143 17319 17362 17470 17846 18066 18605 18775 19327 19279 17274 15743 15916 16996 18193 19278 19209 18331 17489 17325 17896 18495 18567 19297 19679 18988 17376 16617 17376 18688 19820 19485 19138 19525 19354 19107 19252 19510 19888 20013 19655 19340 18905 18969 19102 19161 19394 19740 19828 19904 20145 20125 19789 19856 19892 19432 19498 19508 19698 19476 19417 19644 20159 20216 20292
16527 16479 16615 16984 17240 17396 17388 17211 17115 17210 17205 17205 17289 17324 17375 17555 17917 18024 18312 18515 18898 18608 17036 16984 17673 18631 19968 20166 20085 19805 19541 18575 18224 18630 19141 19408 19338 17862 15750 15166 15647 16919 18703 19072 19091 19066 19144 19177 19542 19960 20015 19964 19600 19579 19537 19162 19284 19389 19160 19210 19201 19358 20033 20050 19813 19906 20019 19812 19818 19921 19839 19531 19488 19489 19720 20012 20251
16543 16591 16861 17160 17325 17392 17359 17177 17117 17088 17155 17205 17169 17266 17409 17867 18010 17948 18090 18153 18322 18324 18224 18854 19413 19655 20062 20027 19847 19941 19781 19254 18787 18927 19254 19509 19552 19282 18109 17731 18311 18830 19142 19117 19024 19075 19127 19163 19452 19813 19916 19782 19304 19611 19566 19571 19195 19162 19126 18818 18687 18762 18876 19069 19410 19607 19679 19531 19794 19985 19977 19867 19686 19793 19691 20280 20505
16559 16672 16811 17121 17272 17270 17184 17233 17179 17172 17137 17139 17144 17219 17416 17830 18010 18063 18167 18106 17998 17978 18121 18557 19161 19574 19745 19761 19795 19884 19627 19149 19233 19256 19375 19477 19532 19483 19819 20117 20105 19854 19411 18856 18988 19019 19088 19147 19544 19882 19803 19532 19305 19394 19518 19367 19322 19150 18776 18435 18267 18170 18597 18813 18945 18989 18870 18856 19282 19782 20000 19884 19665 19683 19439 19859 20139
16479 16694 16839 17060 17093 17186 17237 17252 17232 17234 17132 17138 17208 17263 17491 17599 17792 17856 17971 17996 18041 18028 18346 18639 18988 19288 19693 19774 19586 19448 19492 19332 19534 19450 19581 19726 19633 19469 19706 20084 20020 19591 19200 18853 18943 18983 18896 19052 19508 19856 19810 19461 19365 19326 19137 18731 18706 18642 18458 18380 18066 17991 18077 18453 18375 18435 18425 18431 18755 19389 19845 19812 19751 19596 19311 19118 19706
16681 16667 16957 17016 17081 17106 17149 17251 17229 17299 17273 17213 17249 17336 17384 17599 17627 17855 18179 18442 18336 18462 18411 18516 19042 19158 19238 19558 19488 19255 19356 19183 19302 19334 19498 19757 19732 19603 19661 19127 19757 19634 19100 19005 18879 18906 18943 19059 19406 19611 19520 19042 18933 18796 18910 18720 18136 17616 17304 17791 17903 17923 17898 17935 18148 18376 18364 18362 18551 18637 18672 19105 19456 19361 18819 19005 19567
