Alternative/Moon/Lvl0_30x30/Ele_FF.asc
ncols         335
nrows         335
xllcorner     -3292508.343
yllcorner     -10077166.958
cellsize      10000
nodata_value  -9999.0
[rows 102 to 135 of 335, columns 0 to 76 of 335]
16371 16373 16425 16460 16487 16517 16557 16568 16553 16540 16538 16530 16528 16521 16524 16526 16509 16496 16495 16500 16505 16528 16548 16553 16556 16558 16537 16536 16545 16542 16550 16557 16569 16595 16604 16619 16627 16630 16673 16750 16654 16707 16725 16610 16602 16608 16619 16618 16631 16658 16691 16695 16686 16715 16746 16801 16808 16830 16821 16800 16841 16838 16805 16822 16825 16853 16898 16944 16942 16949 16908 16929 16945 16927 16976 17012 17011
16324 16324 16314 16313 16317 16346 16367 16390 16406 16408 16411 16416 16426 16427 16439 16457 16474 16497 16539 16545 16563 16562 16562 16568 16578 16617 16629 16613 16558 16543 16545 16558 16589 16598 16652 16632 16665 16627 16629 16682 16691 16712 16678 16644 16637 16627 16613 16604 16628 16639 16644 16650 16662 16700 16728 16756 16796 16808 16820 16809 16797 16778 16798 16826 16849 16870 16920 16888 16838 16966 16867 16876 16871 16890 16905 16919 16959
16325 16334 16346 16344 16335 16327 16340 16347 16359 16417 16427 16432 16463 16504 16538 16542 16526 16521 16524 16529 16544 16530 16576 16583 16592 16596 16631 16631 16616 16621 16575 16566 16589 16587 16620 16607 16650 16627 16620 16628 16642 16658 16649 16639 16635 16628 16622 16617 16622 16640 16655 16661 16681 16693 16711 16720 16735 16755 16775 16774 16771 16789 16798 16805 16818 16842 16861 16885 16876 16836 16830 16836 16845 16855 16871 16901 16924
16390 16452 16383 16445 16390 16401 16387 16383 16392 16414 16425 16426 16431 16429 16423 16425 16404 16392 16407 16432 16478 16476 16529 16605 16499 16564 16552 16533 16550 16565 16573 16570 16572 16577 16579 16577 16581 16596 16608 16626 16636 16657 16646 16648 16660 16668 16649 16656 16656 16661 16669 16685 16699 16699 16723 16732 16755 16771 16777 16798 16811 16818 16823 16818 16827 16831 16840 16859 16848 16861 16857 16865 16875 16871 16879 16897 16906
16395 16380 16394 16410 16508 16458 16447 16464 16409 16406 16400 16393 16358 16340 16336 16322 16341 16342 16330 16348 16360 16380 16420 16484 16570 16585 16612 16576 16503 16515 16572 16533 16558 16547 16537 16566 16573 16584 16599 16618 16626 16669 16694 16671 16666 16662 16658 16656 16656 16669 16682 16701 16720 16729 16750 16731 16749 16767 16800 16844 16862 16866 16856 16859 16844 16831 16839 16844 16851 16871 16882 16881 16875 16884 16881 16894 16885
16370 16367 16373 16384 16421 16407 16437 16453 16417 16415 16399 16370 16379 16359 16360 16358 16366 16362 16359 16368 16366 16386 16390 16454 16548 16534 16446 16591 16689 16559 16607 16573 16552 16558 16544 16553 16557 16576 16586 16607 16634 16651 16667 16673 16664 16666 16679 16680 16689 16700 16726 16754 16770 16797 16760 16773 16825 16852 16895 16874 16871 16864 16879 16889 16899 16902 16888 16886 16885 16892 16894 16904 16913 16904 16908 16914 16904
16384 16391 16396 16370 16373 16373 16373 16397 16388 16430 16390 16379 16383 16376 16378 16370 16378 16381 16397 16401 16395 16405 16425 16458 16560 16558 16630 16668 16598 16499 16544 16547 16550 16563 16595 16622 16591 16563 16560 16584 16628 16655 16666 16660 16672 16667 16687 16697 16695 16699 16723 16765 16809 16808 16796 16798 16831 16831 16900 16881 16878 16878 16925 16930 16940 16913 16927 16920 16908 16915 16903 16900 16902 16896 16897 16901 16911
16454 16424 16420 16430 16417 16393 16400 16390 16395 16405 16411 16419 16409 16402 16402 16403 16394 16387 16402 16415 16430 16441 16422 16424 16436 16458 16522 16491 16469 16491 16509 16540 16611 16585 16553 16587 16594 16529 16532 16529 16545 16553 16572 16618 16638 16636 16668 16639 16642 16653 16675 16722 16713 16759 16767 16784 16783 16787 16801 16829 16847 16867 16908 16918 16917 16898 16917 16916 16913 16906 16920 16923 16944 16933 16928 16929 16938
16789 16785 16782 16734 16677 16591 16416 16420 16415 16422 16424 16423 16418 16399 16416 16411 16408 16419 16431 16439 16449 16449 16444 16472 16468 16476 16478 16487 16480 16472 16476 16511 16607 16588 16586 16588 16549 16531 16535 16550 16571 16573 16561 16579 16604 16608 16676 16637 16649 16671 16681 16710 16719 16742 16777 16784 16797 16788 16816 16861 16864 16871 16880 16903 16928 16945 16943 16945 16947 16951 16951 16960 16967 16969 16942 16972 16957
16630 16853 16961 16921 16668 16575 16532 16469 16444 16444 16448 16452 16455 16473 16458 16464 16479 16479 16486 16481 16514 16508 16492 16490 16490 16499 16503 16512 16514 16518 16517 16525 16535 16577 16558 16604 16553 16562 16569 16618 16686 16606 16656 16650 16600 16601 16620 16625 16636 16662 16676 16705 16734 16752 16781 16806 16841 16856 16888 16887 16898 16894 16908 16921 16942 16974 16987 16993 16981 16979 16978 16966 17012 17066 17009 16998 17068
16480 16634 16918 16985 16999 16957 16766 16595 16491 16494 16532 16494 16499 16495 16501 16498 16503 16505 16504 16519 16490 16522 16540 16521 16531 16536 16567 16574 16550 16544 16554 16556 16558 16559 16572 16573 16587 16598 16613 16626 16692 16630 16685 16642 16637 16648 16657 16653 16684 16692 16706 16728 16766 16791 16798 16831 16862 16880 16904 16903 16898 16911 16944 16953 16976 16988 16994 16995 16998 16999 17013 17018 17072 17126 16941 17068 17102
17161 17181 17171 17159 17164 17029 16920 16756 16722 16697 16719 16669 16566 16538 16532 16526 16529 16536 16543 16574 16575 16562 16568 16620 16648 16661 16706 16723 16742 16751 16722 16633 16622 16634 16665 16706 16743 16670 16669 16648 16646 16661 16658 16671 16676 16685 16703 16713 16711 16722 16721 16758 16803 16811 16827 16901 16923 16935 16911 16932 16984 16982 17004 16970 16993 17014 17023 17022 17019 17013 17005 17018 17025 17061 17063 17076 17064
17836 17723 17602 17496 17350 17287 17145 17021 16951 16870 16825 16790 16722 16701 16633 16665 16708 16677 16571 16577 16601 16632 16680 16739 16765 16743 16796 16835 16939 16987 16974 16839 16804 16725 16700 16729 16750 16711 16729 16689 16691 16700 16708 16722 16751 16748 16758 16785 16775 16788 16782 16800 16869 16978 16894 16928 16959 17102 17065 16972 17006 16960 16979 16973 17002 17024 17039 17036 17044 17056 17066 17054 17055 17074 17107 17125 17215
18530 18277 18038 17760 17615 17485 17426 17476 17430 17295 17117 16977 16969 16943 16938 16861 16873 16883 17019 17095 17099 17095 17072 17197 17169 17155 17118 17029 17013 17027 17032 16993 16882 16826 16793 16783 16725 16719 16810 16868 16952 16935 16805 16795 16806 16775 16777 16812 16868 16821 16909 16872 16897 16977 17052 16982 17058 17183 17115 16949 17014 17013 17002 17000 16995 16999 17041 17045 17081 17101 17152 17183 17222 17205 17253 17257 17147
18853 18763 18610 18368 18263 18112 18123 18090 18031 17916 17486 17163 17084 17103 17019 17009 16965 17046 17296 17638 17616 17406 17334 17320 17306 17260 17280 17300 17296 17282 17292 17252 17086 16944 16911 16892 16879 16861 16846 16859 17005 17024 16858 16805 16820 16809 16820 16841 16869 16879 16878 16882 16903 16926 16960 17005 17049 17081 17105 17029 16979 16992 17002 17008 17028 17030 17062 17155 17178 17093 17240 17199 17196 17217 17246 17276 17232
18367 18467 18540 18444 18344 18317 18406 18515 18549 18484 18228 17860 17523 17373 17302 17302 17487 17721 18064 18326 18281 18032 17705 17547 17483 17435 17483 17609 17959 18144 18106 17759 17524 17382 17346 17267 17013 17123 17188 17240 17210 17102 16885 16829 16837 16858 16858 16862 16880 16880 16882 16898 16919 16934 16967 16970 16970 16985 16997 16995 17004 17012 17017 17041 17056 17077 17092 17103 17173 17221 17253 17215 17197 17173 17168 17193 17249
18279 18670 18718 18576 18409 18294 18339 18442 18429 18406 18477 18522 18462 18296 18202 18234 18399 18540 18586 18554 18454 18346 18445 18580 18516 18542 18643 18767 18779 18715 18603 18430 18139 17969 17795 17756 17804 17880 17968 17816 17594 17516 17233 16923 16907 16907 16913 16967 17001 16977 16966 16965 16979 16981 16995 16998 17075 17081 17075 17096 17028 17052 17077 17054 17070 17066 17095 17118 17149 17189 17225 17236 17432 17634 17661 17692 18202
18474 18827 18836 18633 18419 18350 18298 18296 18311 18351 18303 18115 17985 18028 18195 18488 18437 18358 18422 18562 18684 18835 18985 19119 19269 19362 19452 19474 19382 19337 19396 19353 19029 18759 18474 18420 18454 18445 18250 17969 17830 17661 17435 17258 17055 16973 16960 17010 16980 17036 17043 17007 17001 17012 17069 17120 17159 17109 17121 17120 17131 17161 17120 17137 17140 17153 17189 17225 17250 17262 17273 17582 18021 18437 18682 18736 18663
17926 17959 18231 18364 18281 18274 18279 18294 18324 18419 18481 18410 18313 18437 18487 18544 18446 18365 18350 18509 18591 18829 19004 19131 19385 19481 19491 19510 19507 19487 19532 19558 19364 19284 19109 18961 18968 18990 18886 18655 18413 18395 18147 17931 17751 17616 17567 17303 17039 17020 17034 17053 17098 17104 17120 17170 17147 17138 17171 17171 17194 17198 17194 17170 17212 17224 17237 17236 17393 17551 17618 17916 18352 18758 19038 19009 18843
17151 17272 17269 17285 17444 17724 17885 17904 17893 17985 17985 17793 17969 18203 18306 18326 18325 18288 18229 18278 18364 18489 18648 18869 19205 19219 19492 19738 19815 19880 20024 20075 20034 19948 19932 19846 19768 19611 19341 19110 18870 18780 18864 18904 18790 18672 18471 17989 17506 17299 17431 17657 17758 17746 17588 17480 17459 17442 17444 17405 17406 17450 17473 17438 17445 17584 17872 18075 18383 18666 18856 18857 18972 19127 19654 19929 20198
15874 15901 15937 16181 16269 16232 16210 16211 16375 16620 16627 16613 16679 16771 17063 17467 17729 17853 17979 18170 18229 18368 18581 18776 19158 19468 19785 20016 20126 20184 20354 20525 20651 20705 20797 21115 21119 21082 20886 20583 20235 20063 19906 19963 19886 19584 19196 19245 19395 19324 18960 18663 18682 18646 18678 18490 18774 18830 18678 18206 17814 18016 18319 18534 18798 18863 19042 19267 19506 19706 19820 19830 20002 20116 20203 20440 20805
15023 15116 15168 15024 15276 15382 15405 15420 15496 15553 15629 15897 15965 16156 16465 16701 16870 17035 17295 17668 17923 18090 18323 18710 19090 19499 19799 19959 19963 19913 20070 20400 20718 20940 21141 21444 21696 21711 21608 21551 21341 21009 20650 20614 20827 20800 20782 20747 20367 20161 20082 19822 20049 20123 20150 20044 19894 19848 19536 19191 19028 18909 18954 19370 19951 20206 20365 20668 20847 20980 20949 20769 20869 21065 21276 21449 21782
14975 14966 14982 15013 15014 14987 15007 15021 15014 15037 15147 15513 15647 15883 15954 15996 16133 16227 16490 16870 17316 17761 18136 18606 19110 19431 19651 19837 20251 20526 20389 20182 19858 19836 19999 20471 20975 21310 21562 21483 21423 21363 21518 21627 21711 21654 21665 21632 21407 21212 21001 21148 21261 21101 20840 20755 20561 20551 20558 20509 20532 20488 20653 20928 21251 21490 21650 21756 21801 21810 21631 21701 21915 22149 22261 22281 22545
14996 15027 15034 15028 15020 15021 15044 15045 15051 15060 15068 15066 15130 15216 15286 15496 15765 15966 16161 16487 16652 16941 17463 18019 18625 19061 19527 20003 20605 20755 20779 20505 20145 20090 20559 21177 21570 21917 22235 22462 22323 22058 22391 22371 22225 22137 22185 22163 22009 21913 21968 22137 22141 21964 21658 21307 21083 20926 20831 20763 20774 20925 21227 21639 22133 22585 22874 22998 23049 23043 23038 22979 22898 22902 22893 22871 22825
15080 15079 15070 15082 15085 15096 15084 15078 15084 15102 15115 15139 15135 15141 15154 15199 15347 15474 15635 15867 16122 16435 16942 17482 17933 18357 18882 19408 20009 20510 20885 20970 21030 21281 21482 21758 22051 22394 22725 22958 23026 23002 23038 23040 22734 22669 22579 22656 22758 22751 22706 22669 22512 22276 21904 21582 21336 21193 21158 21160 21174 21232 21381 21632 21986 22429 22842 23216 23680 23947 24012 23989 23921 23673 23478 23137 22765
15478 15409 15311 15260 15217 15186 15180 15150 15131 15148 15143 15159 15158 15174 15200 15194 15202 15223 15306 15546 15921 16217 16508 16870 17289 17673 18035 18360 18695 19194 19564 19977 20385 20790 21224 21588 21963 22274 22581 22905 23029 23293 23329 23383 23272 23105 23084 23095 23003 22975 23020 22953 22671 22318 21798 21427 21280 21233 21259 21456 21797 22028 22083 22183 22316 22558 22780 23253 23597 23627 23789 23816 23574 23409 23137 22871 22423
15983 16003 15864 15639 15483 15352 15305 15257 15212 15184 15192 15177 15170 15190 15212 15217 15222 15228 15235 15316 15506 15688 15973 16294 16657 17000 17423 17813 18088 18320 18687 19060 19347 19578 20118 20785 21316 21814 22237 22753 23025 23239 23605 23791 23802 23788 23759 23528 23394 23516 23595 23514 23221 22844 22523 22208 22076 22084 22130 22386 22728 22966 22939 22935 23070 23188 23335 23557 23796 23964 23980 24046 23825 23458 22934 22418 22134
16811 16586 16214 15978 15757 15616 15483 15380 15272 15259 15240 15233 15219 15219 15245 15247 15246 15253 15235 15250 15251 15289 15509 15854 16110 16431 16771 16987 17261 17553 17668 18054 18441 18743 19213 19711 20243 20811 21518 22100 22739 23237 23768 24214 24478 24503 24421 24220 24117 24161 24224 24193 24257 24288 24203 24062 24026 24084 24233 24146 24262 24306 24344 24407 24363 24581 24744 24813 24936 24993 24880 24430 23765 23202 22826 22326 21663
16742 16859 16911 16588 16133 15826 15589 15413 15324 15274 15261 15282 15250 15243 15203 15229 15220 15220 15209 15238 15244 15243 15399 15706 15915 16148 16439 16735 17003 17176 17346 17635 17935 18206 18625 19037 19563 20086 20793 21581 22318 22865 23526 24086 24558 24692 24714 24603 24786 24941 24928 24873 24854 24918 25026 25100 25116 25078 25152 25121 25010 25080 25069 25016 25135 25211 25255 25268 25245 25173 24941 24579 24136 23874 23434 22742 22190
15723 16541 16938 16805 16334 15898 15605 15394 15285 15256 15256 15213 15213 15246 15217 15215 15226 15235 15211 15232 15225 15231 15281 15664 16033 16254 16512 16662 16889 17043 17305 17641 17906 18161 18362 18649 18878 19368 19923 20624 21437 22068 22846 23526 24118 24496 24864 25046 25048 25078 25188 25288 25393 25528 25591 25744 25690 25673 25611 25740 25762 25681 25566 25465 25405 25496 25486 25458 25418 25289 25183 25024 24795 24457 23999 23558 22956
15674 16379 16822 16729 16208 15811 15552 15341 15273 15234 15187 15212 15231 15227 15204 15196 15180 15204 15191 15193 15191 15210 15307 15689 16051 16290 16563 16696 16788 16920 17121 17407 17726 18058 18401 18653 18877 19118 19548 20085 20688 21224 21853 22474 23288 23768 24438 24823 25086 25325 25443 25620 25847 25943 25912 25916 25921 25979 26073 26098 25941 25907 25870 25738 25585 25503 25464 25551 25560 25421 25284 25079 24789 24491 24202 23723 23141
16468 16436 16390 15989 15707 15576 15350 15267 15189 15139 15124 15102 15110 15122 15145 15143 15106 15112 15137 15147 15139 15155 15386 15754 16057 16196 16251 16291 16506 16871 17103 17341 17736 18033 18411 18722 18870 19122 19355 19803 20205 20636 21209 21792 22439 23052 23632 24124 24696 25137 25455 25738 26000 26011 25754 25353 25538 25686 25954 26030 25928 25969 25880 25785 25716 25651 25650 25615 25487 25330 25155 25038 24744 24503 24305 23864 23244
16169 15991 15674 15447 15268 15199 15166 15166 15171 15075 15124 15095 15044 15050 15054 15037 15052 15050 15088 15101 15111 15130 15162 15448 15783 15964 16204 16284 16436 16633 16965 17279 17519 17802 18192 18580 18877 19065 19389 19790 20270 20674 21179 21748 22270 22686 23089 23504 24099 24500 25060 25576 25912 25956 25896 25496 25039 24973 24925 25208 25583 25904 25918 25858 25788 25717 25634 25540 25366 25295 25313 25363 25257 25001 24781 24447 24145
15341 15294 15198 15158 15147 15127 15077 15050 15049 15052 15035 15045 15050 15046 15044 15041 15070 15092 15111 15127 15149 15189 15207 15218 15371 15598 15890 16183 16285 16366 16417 16688 16979 17461 17911 18244 18711 18976 19356 19696 20144 20646 21151 21668 22158 22529 23041 23439 23815 24168 24557 25039 25518 25894 26175 26268 26225 25998 25796 25555 25600 25740 25693 25414 25011 24749 24575 24566 24655 24962 25298 25472 25380 25110 24821 24507 24427
