Alternative/Moon/Lvl0_30x30/Ele_FK.asc
ncols         335
nrows         335
xllcorner     13457491.657
yllcorner     -10077166.958
cellsize      10000
nodata_value  -9999.0
[rows 68 to 101 of 335, columns 154 to 230 of 335]
21029 21078 21132 21141 21174 21214 21216 21234 21307 21271 21259 21360 21409 21423 21436 21496 21523 21504 21510 21433 21329 21221 21052 20871 20668 20531 20408 20453 20479 20478 20445 20417 20396 20331 20269 20150 20127 20096 20089 20182 20138 20148 20149 20132 20070 19952 19798 19678 19540 19400 19139 18907 18713 18620 18565 18438 18439 18719 18714 18686 18694 18788 19035 19173 19557 19724 19867 19826 19231 18468 17575 16848 16205 15626 15128 14921 15048
21273 21266 21180 20964 21202 21282 21492 21606 21680 21814 21794 21757 21772 21811 21838 21858 21896 21917 21910 21783 21656 21453 21313 21039 20726 20583 20646 20649 20666 20706 20732 20736 20762 20651 20525 20285 20065 19954 19875 19960 20032 20049 20080 20064 19996 19860 19833 19787 19734 19745 19303 18970 18667 18501 18318 18217 18272 18558 18602 18823 19021 19419 19603 19524 19454 19418 19410 19359 18888 18470 17776 17350 16916 16474 16317 16280 16154
21179 21366 21610 21663 21530 21386 21730 21960 22173 22191 22044 21946 22174 22352 22457 22478 22415 22405 22277 22186 22158 22053 21937 21671 21359 21103 20997 21018 21029 21021 21022 20996 20899 20828 20591 20400 20146 19830 19858 19830 19863 19908 19929 19884 19832 19774 19711 19630 19584 19462 19082 18767 18253 17917 18064 18087 17950 17966 18094 18294 18507 19020 19340 19312 19266 19440 19561 19580 19411 18567 17749 17158 16798 16749 17015 17111 17018
21157 21351 21605 21718 21719 21943 22218 22241 22206 22190 22051 22250 22501 22709 22967 23141 23213 23164 23180 23104 22848 22621 22327 22081 21831 21578 21442 21404 21341 21260 21182 21091 20915 20734 20654 20551 20362 20096 19968 19895 19842 19805 19755 19680 19546 19352 19143 19049 18856 18746 18403 18119 17868 17856 17967 17979 17808 17784 17919 18184 18504 18717 18966 19105 19287 19445 19627 19674 19552 19124 18610 18192 18000 18415 18763 18820 18794
21033 21206 21475 21786 21998 22193 22288 22274 22112 21931 21953 22295 22722 22945 23040 23187 23270 23227 23202 23167 23070 22775 22515 22332 22028 21704 21608 21528 21368 21188 21107 21051 21014 20965 20867 20693 20480 20190 20037 20005 19904 19847 19615 19475 19387 19103 18650 18347 18181 18090 18025 17960 17942 17835 17780 17806 17900 18049 18162 18247 18483 18610 18726 18818 18941 19059 19214 19245 19218 19073 18842 18708 18704 18776 18926 18971 19005
21034 21323 21572 21753 22083 22253 22254 22129 22137 22119 22131 22278 22613 22959 23168 23424 23422 23279 23263 23126 23020 23054 22960 22733 22378 22135 21997 21910 21795 21688 21576 21571 21479 21373 21258 21081 20857 20551 20441 20252 19948 19670 19499 19306 19046 18703 18298 18103 18059 18055 17979 17916 17857 17791 17775 17794 17935 18005 18093 18177 18243 18287 18336 18388 18528 18610 18698 18656 18680 18621 18533 18495 18602 18469 18626 18877 18903
21137 21343 21413 21657 21752 21934 22150 22556 22871 22963 22955 22977 23126 23161 23389 23478 23561 23579 23590 23518 23465 23385 23180 22941 22772 22689 22675 22675 22567 22349 22128 21956 21766 21580 21517 21393 21215 20930 20646 20427 20234 19910 19534 19371 19122 18759 18430 18244 18019 17989 17947 17816 17774 17728 17750 17763 17778 17776 17791 17795 17818 17914 17949 18007 18099 18212 18285 18349 18513 18546 18278 18111 18061 18187 18329 18430 18593
20968 20912 21064 21167 21352 21723 22083 22395 22605 22711 22900 23238 23552 23774 23916 23912 23982 24062 24066 24136 24182 24130 23898 23573 23417 23315 23279 23191 22921 22721 22531 22370 22098 21906 21788 21649 21393 21041 20813 20484 20128 20019 19897 19781 19258 18713 18284 18204 18194 18085 18127 18141 18014 17853 17765 17745 17766 17775 17776 17769 17756 17747 17743 17738 17744 17748 17763 17828 17901 18049 18109 18021 17772 17869 18033 18144 18286
20627 20717 20924 20861 21194 21521 21593 21704 21851 22159 22734 23155 23564 23915 24189 24253 24256 24191 24090 24309 24544 24602 24572 24357 24042 23697 23625 23506 23264 22977 22797 22588 22308 22080 21894 21689 21457 21199 20936 20767 20537 20322 20063 19795 19181 18512 18368 18309 18383 18744 19163 19157 18794 18372 17974 17741 17739 17758 17747 17748 17753 17764 17770 17779 17766 17793 17843 17852 17872 17870 17858 17764 17768 17752 17867 17888 17966
20329 20473 20563 20518 20799 21033 21165 21341 21481 21876 22426 22794 23093 23428 23719 23768 23883 24080 24127 24035 23775 24147 24588 24618 24400 24140 23911 23714 23524 23355 23167 22980 22706 22390 22074 21956 21520 21276 21072 20831 20720 20637 20311 19865 19277 19002 18905 19062 19472 19713 19573 19330 18888 18528 18277 18138 17929 17825 17706 17707 17743 17740 17756 17837 17840 17860 17946 17938 17926 17881 17736 17755 17761 17726 17694 17653 17697
19864 19964 20036 20206 20505 20753 20882 21140 21408 21657 21994 22222 22407 22517 22562 22401 22304 23166 23819 24032 24092 24021 24048 24041 24065 23977 23796 23643 23450 23236 23148 23019 22772 22418 22148 21939 21671 21397 21175 20972 20853 20694 20495 20197 19780 19710 20001 19987 19841 19715 19485 19191 18873 18648 18529 18372 18206 18113 18049 18023 17966 18128 18133 18009 17900 17986 17995 17978 17872 17850 18010 18043 17998 17902 17796 17835 17846
19417 19490 19662 20032 20334 20715 20813 20993 21045 21179 21390 21546 21927 22058 22092 22394 22688 22974 23150 23215 23299 23491 23511 23545 23773 23842 23773 23611 23507 23412 23425 23257 22932 22564 22264 22007 21662 21408 21190 21120 21120 20988 20836 20662 20461 20319 20030 19789 19594 19399 19211 19102 18998 18917 18841 18788 18760 18681 18678 18593 18499 18427 18310 18220 18012 17953 18078 18078 18069 18045 18103 18175 18278 18331 18416 18513 18651
19455 19440 19593 19875 20172 20399 20622 20763 20756 20788 21221 21421 21553 21632 21778 21990 22331 22542 22694 22813 22989 23079 23106 23391 23762 23823 23753 23578 23493 23380 23418 23254 22943 22659 22386 22065 21606 21253 21221 21283 21272 21213 21283 21454 21389 20801 20315 20100 20026 19824 19366 19136 19052 19014 18960 18945 18921 18972 18983 18891 18602 18394 18270 18209 18278 18336 18421 18477 18633 18624 18709 18935 19101 19129 19132 19194 19263
19152 19335 19468 19724 19865 20065 20251 20376 20561 20724 21090 21339 21454 21441 21631 21939 22145 22198 22370 22464 22578 22547 22464 22698 22844 22989 23016 23098 22996 22890 22827 22753 22585 22487 22268 21963 21489 21233 21168 21176 21192 21180 21210 21348 21320 20867 20656 20618 20475 20059 19714 19530 19303 19281 19259 19204 19157 19075 18953 18873 18594 18410 18443 18580 18847 19097 19259 19212 19178 19177 19243 19315 19144 18843 18359 18038 17715
19082 19423 19620 19577 19588 19872 20227 20587 20825 20876 20963 21118 21187 21216 21243 21369 21524 21774 21899 22103 22375 22294 22387 22440 22360 22260 22508 22592 22444 22239 22212 22150 22099 21887 21649 21633 21373 21153 21018 20972 20949 20906 20814 20774 20761 20699 20669 20626 20399 20172 20091 19982 19732 19527 19474 19347 19251 19112 18948 18813 18706 18712 18871 19147 19657 19683 19373 18749 18000 17350 16889 16546 16175 15783 15354 14917 14568
19620 19701 19901 19993 20083 20144 20180 20451 20818 20895 20849 20924 21049 20980 21163 21334 21430 21762 22060 22202 22396 22338 22260 22232 22064 22191 22154 22214 22156 22010 21973 21901 21774 21561 21611 21662 21689 21703 21566 21375 21312 21251 21220 21190 21049 20964 20885 20826 20637 20450 20330 20217 20033 19831 19609 19438 19276 19111 19144 19076 19101 19269 19517 19722 19760 19441 18202 17175 16034 15346 14850 14781 14364 14006 13940 13985 13851
19633 19766 19880 19960 20069 20326 20617 20685 20615 20782 20800 20809 20835 21038 21476 21567 21532 21703 22040 22170 22255 22403 22322 22225 22264 22277 22180 21942 21924 21946 21999 22050 21967 21738 21451 21482 21672 21701 21627 21502 21351 21235 21158 21082 20938 20875 21130 21155 20849 20544 20444 20370 20267 20097 19821 19615 19422 19336 19234 19316 19371 19516 19726 19767 19572 18461 17221 16290 15260 14829 14869 14822 14352 13985 13990 13833 13863
19509 19845 19960 20173 20513 20960 21120 21142 21104 20891 20986 21158 21224 21035 21436 21612 21579 21405 21706 21889 22007 22035 22067 22072 22121 22126 21914 21672 21614 21716 21762 21904 22006 22011 21759 21395 21172 21218 21359 21381 21150 20821 20508 20495 20397 20414 20829 20922 20837 20818 20802 20726 20579 20406 20113 19902 19750 19627 19528 19440 19427 19630 19876 19913 18796 17609 16336 15497 15198 15228 14800 14390 14161 14207 14176 14107 13932
19564 19588 19856 20133 20333 20678 20687 20724 20800 20900 20969 21162 21362 21342 21172 21250 21228 21380 21222 21376 21462 21254 21442 21656 21638 21184 21149 21308 21336 21360 21424 21458 21488 21382 21128 21073 20925 20843 20928 20965 20930 20878 20573 20390 20448 20735 20781 20793 20860 20892 20886 20789 20665 20453 20291 20222 20027 19892 19744 19550 19380 19510 19852 19904 19110 17912 16729 15938 15603 15850 15765 15594 15356 14882 14765 14622 14339
19841 19805 19790 19748 19779 19915 20098 20332 20661 20742 20749 20865 21317 21369 21216 21246 21234 21354 21450 21522 21613 21578 21490 21354 21118 21214 21379 21381 21260 21078 20952 21011 21034 21036 20902 20958 20938 20850 20772 20746 20897 21065 21057 20906 20735 20835 20983 21059 21033 20965 20847 20807 20727 20542 20392 20319 20186 20007 19893 19938 19960 19691 19658 19763 19643 19455 18654 17731 16839 16006 16312 16693 16942 17001 16931 16715 16467
20142 20037 20004 20021 19973 19939 20119 20331 20434 20563 20591 20816 21123 21270 21309 21373 21554 21783 21895 21847 21721 21603 21500 21264 21206 21282 21364 21339 21244 21249 21081 21117 21102 21066 20826 20783 20748 20760 20731 20832 20948 21078 21145 21027 20799 20881 20981 21020 20984 20916 20733 20551 20438 20359 20264 20221 20161 20118 20146 20098 19984 19789 19709 19579 19629 19695 19706 19538 18802 18089 17732 17345 17172 17270 17564 18065 18411
20574 20491 20300 20296 20347 20467 20463 20480 20501 20432 20543 20727 21126 21381 21431 21456 21502 21706 21991 22013 21914 21673 21341 21196 21226 21300 21421 21471 21474 21451 21388 21288 21185 20970 20944 21073 21264 21372 21477 21571 21715 21685 21355 21107 21062 21061 21087 21076 21000 20831 20540 20318 20161 20027 20115 20172 20228 20280 20238 20183 20197 20137 19911 19698 19653 19569 19703 19717 19638 19564 19537 19638 19798 19843 20036 20284 20387
20619 20522 20444 20471 20702 20920 20897 20796 20689 20510 20480 20592 20913 21200 21514 21644 21663 21644 21528 21490 21541 21550 21494 21481 21647 21943 21988 21949 21824 21726 21768 21704 21509 21145 20973 21127 21226 21307 21379 21504 21629 21555 21229 21109 21060 20998 21025 20980 20601 20359 20317 20315 20414 20509 20579 20592 20631 20686 20799 20810 20773 20452 20318 20304 20106 19911 19628 19563 19433 19287 19378 19546 19769 19919 19932 19951 20000
20605 20556 20364 20220 20381 20594 20646 20651 20519 20439 20648 20826 21008 21209 21467 21531 21734 22071 22082 22439 22478 22482 22368 22207 22176 22232 22163 22078 21885 21827 22003 22126 22228 22071 21666 21560 21450 21366 21269 21234 21140 21207 21169 20992 20956 20969 20764 20544 20598 20688 20878 20856 20931 21039 21121 21112 21141 21073 21127 21116 20983 20919 21043 21072 20959 20752 20418 20169 19941 19717 19461 19331 19257 19404 19517 19550 19504
20739 20682 20626 20576 20531 20517 20355 20248 20175 20270 20647 20831 20888 20807 20744 21042 21448 21865 22217 22556 22640 22491 22367 22527 22610 22612 22522 22414 22476 22465 22183 22120 22272 22317 22294 22088 21620 21730 21709 21679 21493 21565 21427 21296 21066 20955 20876 20794 21002 21183 21178 21139 21107 21057 21019 20949 20898 20949 20949 20962 20944 21047 21146 21238 21255 21076 20867 20830 20584 20249 19817 19592 19396 19289 19225 19236 19314
20818 20769 20666 20583 20507 20513 20532 20539 20519 20370 20414 20387 20378 20350 20313 20358 20532 21092 21791 22298 22588 22577 22455 22692 22784 22685 22443 22379 22428 22229 22081 22350 22743 22792 22641 22446 22297 22259 22213 22024 22071 21776 21771 21779 21604 21353 21053 20834 20650 20591 20517 20449 20194 20128 20144 20218 20357 20357 20297 20403 20677 20758 20816 20863 20839 20924 21012 20920 20603 20247 19769 19526 19387 19274 19225 19153 19142
20974 20600 20378 20430 20614 20830 21032 21022 20891 20375 20242 20297 20267 20136 20170 20404 20756 21101 21821 22198 22324 22255 22243 22140 22038 22049 21898 21742 21613 21542 21680 21960 22058 22031 21956 22042 21849 22068 22236 22378 22509 22410 22167 21805 21512 21213 20795 20422 20048 19674 19394 19304 19310 19460 19533 19505 19489 19458 19476 19586 19731 19852 19861 19967 20023 20329 20569 20532 20266 19892 19483 19310 19135 19076 19045 19026 18987
21112 20769 20549 20404 20500 20675 20768 20820 20802 20365 20347 20538 20671 20763 20812 20813 20720 20901 21227 21624 22119 22411 22582 22602 22517 22278 22009 21807 21364 21239 21164 21193 21237 21243 21346 21433 21656 21952 22237 22298 22452 22379 22268 22196 21881 21147 20741 20470 19979 19359 18986 18804 18840 18920 18712 18678 18646 18755 18954 18910 18963 19075 19282 19365 19475 19659 19927 19953 19843 19589 19317 19127 18987 18868 18755 18706 18861
21779 21544 21220 20981 20981 21001 20990 21008 20934 20696 20724 20885 21272 21456 21490 21464 21329 21393 21723 22004 22232 22294 22479 22550 22545 22439 22180 21987 21526 21161 21091 21085 21019 21076 21149 21310 21732 22106 22333 22344 22251 22223 22316 22370 22022 21393 21036 20627 20189 19763 19390 19133 19007 18853 18716 18709 18711 18795 18898 18923 18806 18854 18967 19049 19152 19314 19477 19499 19488 19211 18843 18622 18422 18361 18370 18368 18275
21783 21659 21714 21700 21621 21621 21613 21464 21084 20904 20946 21074 21315 21404 21370 21265 21316 21429 21725 21983 22299 22534 22621 22633 22629 22509 22166 21907 21702 21277 20899 21010 21112 21092 21104 21202 21556 21887 22045 22038 22052 22057 22000 21911 21760 21545 21482 20956 20514 20316 19963 19712 19706 19623 19533 19393 19252 19341 19382 19562 19660 19722 19721 19521 19229 19215 19220 19177 19024 18901 18681 18378 18132 18091 18048 18040 18011
20920 21059 21262 21395 21489 21551 21530 21385 21227 20946 20719 20609 20546 20370 20312 20242 20234 20460 20838 20944 20867 21055 21671 22124 22167 21977 21703 21665 21515 21158 21128 21092 20896 20844 20934 21095 21266 21414 21621 21721 21844 21896 21867 21716 21641 21658 21408 21242 20955 20561 20592 20697 20691 20159 20058 20105 19770 19298 19310 19405 19605 19688 19638 19298 18981 18894 18876 18740 18608 18512 18324 18126 18050 17994 17974 17949 17951
20763 20852 20863 21066 21368 21762 21784 21566 21313 21133 20774 20725 20510 20354 20472 20443 20285 20172 20173 20406 20709 20911 21052 21104 21162 21162 21014 21025 21082 21247 21353 21262 20918 20856 20851 20874 21029 21142 21228 21402 21564 21529 21430 21440 21349 21176 21046 20828 20628 20439 20386 20509 20582 20245 20207 20118 19688 19318 19159 19103 19049 18921 18755 18698 18610 18583 18557 18534 18484 18460 18448 18273 18166 18034 17965 17936 17860
21156 21148 21021 21085 21255 21413 21408 21182 21059 21018 20727 20556 20197 20067 20189 20321 20309 20128 20099 20164 20422 20705 20797 20789 20805 20666 20473 20419 20700 21069 21082 21089 20769 20570 20450 20560 21007 21105 21094 21333 21487 21466 21191 20943 20625 20482 20473 20438 20329 20131 19941 19987 20068 19967 19663 19693 19577 19260 18975 18844 18701 18555 18472 18415 18392 18391 18511 18567 18765 19025 19055 18981 18738 18394 18178 18091 18008
20243 20243 20290 20361 20607 20776 20762 20657 20543 20305 20323 20210 20137 20015 20055 20050 19990 19971 19986 20082 20163 20295 20383 20361 20266 20176 19871 19734 19763 19902 20081 20201 20590 20824 20823 20925 21105 21388 21464 21387 21258 21290 21147 20935 20517 19970 19727 19675 19527 19233 19080 18981 19047 19211 19375 19377 19053 18968 18922 18899 18850 18803 18797 18803 18776 18763 18855 18903 18883 19021 19013 18971 18816 18670 18684 18637 18449
