Alternative/Moon/Lvl0_30x30/Ele_BD.asc
ncols         335
nrows         335
xllcorner     -9992508.343
yllcorner     3322833.042
cellsize      10000
nodata_value  -9999.0
[rows 136 to 169 of 335, columns 0 to 76 of 335]
21249 20975 20072 19195 18839 18473 18532 18472 18771 19039 19106 18947 18562 19036 18869 17437 15963 15570 15591 15716 15736 15730 15753 15832 15903 16116 16073 15991 16013 16053 16060 16176 16118 16254 16242 16292 16309 16260 16360 16419 16497 16701 16588 16299 16440 16567 16585 16663 16882 16897 16792 17303 17764 18537 18518 18266 17838 17583 17966 17192 15458 14965 15938 17361 17570 17664 17713 17683 17735 17765 17625 17183 17012 17150 17112 17077 17035
21088 20758 19657 18882 18409 18365 18286 18247 18392 18618 18682 18508 18277 18310 18359 17551 16550 16283 15753 15588 15659 15657 15670 15741 15773 15855 16003 16085 16118 16128 16109 16134 16153 16297 16307 16286 16167 16327 16379 16391 16472 16521 16456 16282 16374 16571 16745 16647 17116 17180 16857 17704 17778 17952 18053 17608 17289 17557 17919 17287 15379 14932 16117 17564 17498 17532 17621 17824 17910 17915 17790 17580 17147 16843 16799 16779 16912
20904 20512 19902 19282 18515 18068 18156 18482 18697 18781 18935 18508 18187 18054 17994 17549 16916 16548 16210 15936 15925 15821 15830 15634 15731 15830 15952 16118 16171 16167 16173 16210 16064 16263 16314 16218 16236 16316 16343 16333 16269 16329 16299 16351 16548 16489 16677 16974 16962 16942 17034 17731 17807 17599 17386 16982 17158 17227 17873 17829 17673 17759 17921 17665 17650 17568 17792 17841 17689 17522 17486 17321 16992 16710 16807 16856 17066
20393 19978 19675 19339 19365 19194 19164 19148 19124 18878 18739 17669 17520 17610 17404 17240 16852 16540 15942 15797 16308 16402 16059 15556 15660 15766 15873 16119 16179 16163 16170 16244 16069 16096 16092 16020 16045 16063 16078 16248 16380 16423 16374 16474 16588 16599 16950 17056 16952 16724 16929 17821 17959 17640 17334 16880 17231 17183 17139 17475 17679 17863 17904 17370 17393 17392 17399 17254 17119 17297 17354 17257 16876 17015 17036 16919 16940
20097 19961 19770 19361 19375 19268 19223 19228 19028 18760 17725 17559 17525 17281 17079 16787 16463 15740 13678 13842 15967 16384 16083 15593 15501 15514 15765 15894 15908 15998 16117 16056 15993 15910 15834 15946 16080 16090 16152 16279 16367 16364 16345 16374 16516 16694 16857 16885 16808 16733 16873 17683 17907 17616 17301 17365 17645 17624 17521 17113 17468 17467 17204 16933 16868 16684 16832 16988 16974 16903 16872 16603 16691 17027 16964 16932 16888
20439 20128 19791 19568 19441 19227 19040 18785 18481 17934 18095 17821 17373 17042 16537 16200 16271 16312 16023 16089 16468 16397 16173 15774 15593 15521 15791 15782 15789 15880 15947 15963 15784 15804 15820 15922 16105 16148 16250 16245 16249 16269 16428 16568 16615 16762 16943 16895 16763 16628 16663 16871 17104 17171 17120 17445 17608 17654 17569 17337 17554 17393 16939 16625 16451 16439 16439 16368 16360 16410 16533 16288 16250 16312 16735 16964 16615
20349 20208 20078 19837 19790 19546 19174 18755 18511 18268 17821 17616 17388 17075 16726 16074 15951 16223 16445 16490 16337 16299 16350 16211 15921 15581 15599 15690 15768 15907 15979 15945 15871 15812 15834 15894 16064 16160 16185 16233 16254 16330 16556 16671 16622 16782 16957 16900 16871 16782 16674 16782 16969 17232 17076 17160 17407 17419 17332 17297 17074 16858 16586 16896 16806 16425 16214 16199 16187 16583 16653 16391 16361 16219 16406 16455 16639
20318 20085 20040 20034 19927 19767 19455 19075 18638 18279 17908 17775 17522 17533 17309 16064 15676 15822 16180 16346 16410 16412 16169 16114 15794 15676 15612 15652 15737 15839 15906 15900 15860 15858 15901 15965 15978 16060 16146 16211 16397 16487 16534 16653 16686 16695 16887 16900 16900 17126 17082 16785 16984 17423 17303 17047 17248 17196 16909 16765 16757 16798 16832 16887 16757 16457 16254 16178 16279 16915 17288 16724 16356 16462 17034 17196 16935
20235 20172 20214 20203 19970 19741 19576 19316 19070 18782 18192 18148 17998 17635 17321 16384 15701 15684 15869 16287 16420 16436 16061 15972 15697 15652 15700 15750 15751 15757 15853 15872 15878 15945 15967 15982 16001 16076 16149 16268 16397 16449 16422 16571 16621 16832 16911 16971 16855 17120 17160 16830 16954 17421 17389 17122 16928 16970 16619 16769 16999 16986 17149 16766 16608 16517 16210 16663 16956 16993 17322 16850 16757 16628 16723 16985 16818
20763 20695 20377 20439 20213 20005 19874 19751 19475 19063 18453 18543 18256 17331 16120 15420 16186 16252 15773 15731 15934 16099 16095 15982 15839 15789 15803 15799 15783 15784 15820 15854 15886 15907 15948 15976 16002 16038 16090 16251 16288 16394 16516 16514 16378 16621 16672 16665 16833 16983 17087 16887 16932 17150 17527 17784 17478 16960 16826 16987 17320 17079 16919 16574 16584 16287 16594 17109 17200 17221 17144 17267 17081 16767 16641 16904 17531
21183 21194 21163 20918 20609 20589 20464 20350 19885 19273 18853 18869 18668 17580 16076 16379 16907 16927 16300 16021 15910 15912 15864 15838 15818 15822 15810 15795 15797 15825 15843 15867 15901 15940 15989 16011 16019 16045 16100 16285 16358 16460 16544 16637 16626 16397 16659 16914 16875 16880 17006 16866 16860 17049 17397 17690 17138 16834 16942 16966 17376 17092 16708 16371 16348 16243 16670 17053 17367 17221 17040 16923 17097 17127 17113 16526 17231
21525 21347 21219 21281 21321 21145 21108 21065 20792 20268 19563 19090 18972 18568 18198 18025 17656 17132 16666 16405 16144 16057 15959 15875 15812 15898 15935 15897 15841 15841 15860 15870 15916 15945 15977 15989 16039 16070 16106 16229 16287 16413 16711 16770 16668 16716 16729 16963 16933 16674 16979 17011 17045 16927 17373 17556 16814 16921 17150 16737 17207 17215 17006 16747 16610 16445 17125 17446 17632 17670 17568 17393 17240 17241 17130 16999 16812
21708 21481 21594 21576 21294 21118 21050 21071 20904 20532 19637 19076 18899 18485 18274 18193 17657 17560 17499 17344 17012 16573 16243 16041 15943 15963 16113 16138 16001 15860 15880 15906 15931 15979 15993 16023 16069 16094 16124 16167 16396 16392 16410 16497 16583 16781 16765 16560 16510 16628 16989 17072 17079 17015 17316 17487 16741 16909 17129 17360 17469 17202 17530 17619 17264 16650 17545 17482 17734 17847 17717 17269 17077 17034 17003 16973 16639
21470 21824 22038 21719 20895 20249 20083 20244 20530 20541 19930 19277 18996 18830 18630 18586 18504 18012 17360 17106 17188 17219 17078 16420 16104 15931 16090 16317 16266 15992 15897 15924 15955 16008 16043 16055 16074 16113 16139 16154 16256 16280 16326 16373 16471 16475 16590 16584 16512 16678 16856 16854 16961 16864 17408 17878 17618 16695 17264 17352 17552 17340 17362 17311 17320 16915 17866 17632 17245 17415 17363 17782 17914 17602 16971 17093 17099
21919 22128 22244 21962 20842 20137 20171 20420 20817 20886 20395 19930 19334 19105 19177 19244 18167 16658 15098 14117 15326 16646 17059 16669 16082 15965 16124 16217 16170 15942 15944 15942 15982 16001 16064 16082 16112 16146 16168 16202 16193 16196 16240 16329 16435 16520 16642 16758 17185 17207 17148 17126 16885 16773 17174 17971 17996 17761 17470 17495 17282 17275 16831 16474 16261 16777 17445 17223 17009 17064 17395 17696 17735 17475 17081 17344 17505
22300 22291 22329 21755 20851 20244 20200 20597 21153 21281 21216 20684 20073 19607 19368 19457 17855 16203 14670 13589 13841 15605 17027 16728 16173 16021 16100 16030 15957 15929 15949 15977 16023 16062 16100 16107 16145 16181 16216 16258 16233 16167 16117 16217 16367 16635 16818 16958 17264 17264 17060 17190 16946 16849 16834 17589 17856 17877 17620 16969 16951 16763 16941 16396 16176 16094 16623 16871 16958 16890 16997 17160 17479 17413 17109 17123 17231
22282 22139 21873 21577 20538 19771 19687 20061 20964 21491 21555 21256 20550 19868 19617 19514 18879 17354 16082 14988 15362 16545 17170 16662 16185 16324 16434 16322 15994 15990 15996 16021 16052 16099 16121 16135 16188 16215 16218 16271 16258 16225 16215 16282 16587 16903 16835 16880 16890 16859 16916 16966 16824 16763 16812 16872 17314 17623 17571 17163 17017 16984 17008 16560 16181 16171 16056 16502 16675 16870 16885 17041 17323 17320 16999 17050 17319
21693 21212 20639 20525 19843 19417 19364 19673 20641 21279 21509 21431 20846 20452 19897 19535 19361 19055 18619 18078 17913 17541 17141 16435 16130 16408 16569 16180 16110 16123 16136 16101 16076 16111 16174 16238 16288 16276 16237 16262 16279 16332 16361 16359 16419 16648 16600 16878 17080 17017 16901 16975 16891 16908 16913 16834 16986 17218 17376 17380 17086 17168 17014 16475 16348 16212 16160 16369 16532 16572 16781 16692 16768 16766 16320 16699 17152
20500 20033 19659 19477 19412 19394 19352 19828 20420 20955 21316 21283 20621 20355 20177 20003 19703 19385 18871 18564 18045 17411 16739 16175 15973 16064 16149 16069 16143 16174 16269 16094 16108 16112 16182 16337 16322 16366 16395 16373 16328 16342 16371 16396 16513 16502 16552 16978 16991 16977 17030 16975 16947 16845 16841 16857 16822 17268 17481 17606 17300 17135 16972 16531 16582 16457 16226 16369 16619 16839 17363 17389 17113 16751 16382 16266 16349
20047 19495 18981 18662 18583 18698 18801 18973 19361 19768 20431 20555 20366 20281 20352 20364 20245 20028 19632 19329 18607 18127 17473 16843 15967 16070 16252 16172 16071 16148 16186 16117 16105 16095 16161 16350 16380 16370 16474 16490 16435 16459 16476 16488 16566 16704 16665 16844 16881 17018 16947 16732 16809 16800 16885 17067 17136 17283 17373 17553 17325 17070 16682 16590 16702 16610 16445 16468 16372 16366 16682 16932 16739 16651 16276 16222 16217
19159 18861 18791 18653 18275 18564 18617 18617 18793 19273 19829 20035 20026 20126 20280 20272 19968 19811 19611 19464 19075 18863 18480 17717 16766 16147 16166 16393 16391 16329 16224 16099 16134 16109 16167 16295 16400 16362 16403 16480 16511 16491 16541 16562 16616 16731 16733 16575 16845 16987 17026 16758 16771 16840 16999 17203 17466 17775 17614 17345 17540 17353 16696 16699 16901 16992 16984 16657 16422 16287 16307 16404 16554 16362 16312 16321 16272
18951 18655 18669 18504 18524 18565 18620 18594 18504 18768 19439 19510 19392 19309 18976 18243 17555 17558 17618 17962 18391 18457 18488 18052 17433 16518 16440 16671 16582 16456 16402 16221 16204 16312 16254 16244 16284 16353 16484 16545 16586 16497 16412 16542 16570 16555 16527 16659 16802 16866 17117 16958 16830 16876 17185 17435 17805 17925 17874 17827 17879 17863 17585 17214 16877 16876 16817 16687 16714 16544 16267 16515 16651 16791 16855 16546 16347
18872 18588 18436 18396 18407 18392 18616 18665 18716 19088 19201 18957 18699 17802 17445 16960 16328 16232 16232 16277 16351 16485 17780 18263 18281 17456 16432 16290 16372 16385 16375 16432 16518 16809 16761 16436 16334 16420 16428 16631 16726 16526 16451 16409 16515 16406 16564 16628 16845 17253 17470 17242 16912 16992 17234 17562 17963 18055 17922 17770 17584 17428 17537 17666 17496 16916 16635 16659 16618 16414 16263 16372 16655 16617 16602 16618 16358
19394 18982 18618 18465 18345 18324 18463 18718 19064 19305 19362 18730 17741 17332 16900 16047 16108 16280 16250 16143 16219 16369 17185 18607 18674 17822 16756 16182 16247 16234 16296 16475 16516 16487 16434 16307 16280 16292 16239 16319 16341 16301 16234 16266 16322 16340 16581 16742 16647 16832 17013 16971 16789 16801 16811 17113 17755 17828 17670 17266 17277 17263 17179 17688 17698 17331 16742 16595 16495 16233 16564 16819 16810 16706 16324 16378 16339
20424 19884 19079 18706 18431 18329 18367 18711 19311 19301 19098 18322 17719 17678 16798 15976 15910 16001 16048 16133 16208 16371 17730 18723 18780 17947 16885 16177 16094 16059 16063 16112 16228 16327 16398 16336 16289 16458 16443 16288 16264 16285 16320 16373 16425 16482 16533 16833 16734 16647 16811 16919 16919 16820 16809 16842 17211 17333 17027 16825 16826 16880 17037 16967 16943 16891 16696 16619 16521 16374 16624 16806 16749 16622 16369 16373 16531
21836 21188 20183 19705 19308 19304 19736 19875 20147 20526 20528 19761 18889 18311 17817 16813 16179 16107 16079 16170 16404 16840 18053 18737 18763 17937 17184 16324 16105 16148 16238 16145 16036 16139 16316 16401 16278 16425 16359 16417 16463 16512 16597 16795 16817 16816 16660 16529 16477 16649 16819 16997 16909 16844 16748 16826 16846 16769 16728 16732 16704 16707 16670 16665 16641 16527 16676 16918 17182 17423 17380 17571 17400 17271 17013 16890 17051
22910 22699 21780 21136 20923 20883 21065 21364 21510 21763 21838 21464 20565 19755 19205 18145 17286 16976 16596 16741 16989 17663 18093 18328 18145 17788 17101 16436 16249 16069 16110 16143 16088 16140 16187 16225 16235 16275 16308 16412 16568 16627 16644 16864 16873 16889 16500 16250 16348 16656 16757 16899 17139 17114 16933 16832 16825 16581 16655 16668 16523 16546 16594 16571 16652 16665 16690 16907 17223 17416 17482 17415 17304 17063 16850 16965 16975
23351 23354 23043 22601 22572 22359 22413 22399 22405 22494 22158 21916 21041 20386 20064 19864 18876 18252 17886 17573 17341 18118 18712 18626 18128 17755 17031 15810 16238 16106 16018 16104 16171 16191 16197 16156 16186 16240 16280 16366 16489 16527 16626 16642 16740 16773 16431 16438 16479 16641 16748 16984 17142 17162 16979 16772 16836 16937 16846 16846 16840 16831 16649 16616 16630 16655 16634 16713 16938 16854 16575 16632 16807 16864 17005 17049 17024
23359 23547 23521 23274 23295 22665 22326 22396 22760 23076 22970 21961 20281 19494 20568 20841 19907 19674 19253 18636 18507 18954 18916 18620 18288 17772 17110 16453 16276 16130 16111 16117 16178 16192 16171 16146 16182 16215 16211 16303 16399 16430 16479 16667 16712 16681 16546 16555 16605 16660 16833 16921 16861 16853 16814 16779 16917 16997 16901 16880 16856 16805 16597 16592 16554 16587 16858 16844 16913 16872 16634 16544 16750 16894 16985 17074 17028
23320 23399 23371 23600 23259 21996 20740 20916 22542 23212 23180 22791 21485 20790 21192 21181 20622 20363 20207 19774 19692 19252 19055 18552 18304 17870 17062 16777 16461 16126 16133 16181 16200 16140 16115 16112 16110 16104 16144 16240 16352 16461 16526 16623 16621 16629 16690 16778 16798 16732 16822 16895 16899 16907 16733 16814 17019 17011 16950 16858 16736 16626 16682 16588 16556 16526 16739 16747 16856 16830 16763 16678 16634 16835 16953 16992 17116
22407 22089 22445 23294 22963 21739 20635 20955 22471 23115 23061 22907 22541 22193 21572 21111 20913 20759 20336 19991 20095 19652 19048 18207 18080 17725 17090 16863 16492 16153 16081 16126 16113 16075 16071 16083 16103 16110 16162 16289 16380 16454 16570 16531 16560 16677 16719 16740 16728 16768 16866 16793 16774 16798 16710 16699 17014 16989 16814 16678 16618 16730 16772 16715 16572 16546 16545 16740 16776 16803 16729 16595 16746 16892 16849 16950 17108
20719 20517 20956 21700 21918 21599 21424 21542 22298 22341 22473 22655 22384 22285 21948 21756 21365 21018 20554 20259 20212 19907 19314 18546 17767 17286 16819 16673 16384 16185 16053 16080 16053 16040 16048 16057 16133 16223 16311 16451 16499 16543 16575 16621 16633 16714 16765 16846 16758 16824 16812 16551 16564 16553 16646 16566 16570 16702 16811 16848 16825 16848 16769 16695 16608 16590 16607 16680 16824 16801 16515 16632 16666 16836 16819 16981 16983
19960 19782 19740 19895 20429 20807 21111 21081 20884 20914 21672 22260 22388 22354 22277 21971 21734 21496 20944 20464 20139 19925 19336 18412 17907 17536 17089 17107 17015 16738 16429 16265 16001 16008 16031 16066 16088 16224 16221 16292 16466 16603 16621 16631 16881 16909 16587 16762 16779 16834 16855 16649 16526 16443 16558 16618 16708 16778 16868 16851 16870 16886 16798 16712 16551 16529 16544 16530 16490 16525 16590 16636 16852 16885 17043 17051 17106
19142 18743 18641 18522 18603 18893 19165 19199 19305 19728 20331 20812 21407 21851 22236 22078 21824 21571 21463 21063 20269 19903 19200 18598 18013 17626 17351 17380 17381 17347 17323 17052 16368 16240 16238 16126 16080 16096 16116 16162 16354 16568 16624 16748 16901 16903 16675 16618 16655 16801 16819 16786 16505 16485 16607 16680 16854 16878 16839 16784 16840 16863 16824 16731 16702 16665 16495 16487 16468 16568 16690 16693 16864 16892 16770 17015 17083
