Alternative/Moon/Lvl0_30x30/Ele_EK.asc
ncols         335
nrows         335
xllcorner     13457491.657
yllcorner     -6727166.958
cellsize      10000
nodata_value  -9999.0
[rows 272 to 305 of 335, columns 154 to 230 of 335]
17409 17403 17665 17648 17556 17751 18117 18132 18097 18106 18231 18331 18272 18249 18426 18676 18884 18900 18628 18539 18461 18238 17631 16651 16130 15596 15491 15834 16043 16419 16897 17576 18097 18304 18336 18528 18540 18511 18210 17678 17291 17061 16851 16848 17036 17033 16641 15996 15361 14918 14741 14686 14553 14406 14341 14328 14243 14227 14228 14204 14190 14167 14153 14147 14141 14113 14094 14099 14081 14077 14103 14067 14084 14184 14180 14213 14080
15736 15663 15650 15798 15920 16200 16446 16602 16672 16944 17232 17580 17578 17857 18192 18592 18997 19135 19034 18866 18357 16982 15977 15247 14762 14545 14548 14686 14704 14892 15160 15392 15820 16666 17753 18426 18654 18664 18329 17764 17843 17729 17670 17667 17562 17619 17385 16322 15464 14945 14695 14598 14369 14348 14314 14230 14219 14215 14200 14183 14193 14157 14142 14111 14089 14083 14053 14040 14026 14014 13986 13975 14056 14040 14032 14037 14027
14233 14433 14482 14166 14351 14301 14530 14747 14891 15226 15984 16440 16941 17287 17668 18252 18854 19046 18805 18221 17282 15827 14757 14428 14348 14328 14536 14626 14647 14575 14445 14434 14613 15049 15763 16614 17518 18158 18176 18120 18106 18245 18292 18054 17580 17478 17047 15956 15309 15000 14854 14778 14490 14350 14338 14258 14247 14211 14179 14184 14196 14162 14166 14070 14050 14049 14047 14022 13993 13991 13976 13965 13942 13963 13985 13995 13977
13846 13843 13737 13542 13453 13460 13482 13557 13684 13953 14387 14829 15729 16518 16892 17235 17263 17050 16651 16043 15243 14460 14159 13947 13658 13685 13662 13623 13655 13645 13897 13867 14099 14494 14971 15325 15626 16412 16337 16944 17247 18031 18077 17433 16990 16584 16069 15787 15480 15086 14891 14723 14342 14241 14225 14281 14272 14209 14202 14198 14161 14047 14040 14028 14011 14007 13997 13978 13968 13971 13968 13951 13929 13913 13904 13919 13920
13581 13601 13511 13430 13162 13135 13216 13335 13273 13427 13924 14831 15689 16038 16367 16306 15820 15479 14957 14200 13834 13945 13768 13651 13669 13676 13652 13641 13674 13576 13616 13798 13992 14330 14548 14785 15170 15334 15436 15981 16428 16859 16845 16700 16522 16326 16049 15583 15295 15023 14703 14481 14364 14345 14359 14371 14256 14238 14221 14185 14054 14026 13998 14001 13995 13988 13959 13955 13939 13941 13954 13934 13928 13895 13892 13893 13896
13228 13213 13206 13208 13219 13263 13301 13304 13279 13169 13775 14684 15089 15226 15270 15013 14803 14553 14012 13545 13630 13693 13645 13589 13796 13927 13891 13692 13701 13595 13653 13888 14084 14084 14033 14360 14953 15227 15433 16152 16925 16934 16436 16185 15993 15854 15690 15531 15338 15111 14685 14480 14440 14374 14407 14337 14252 14247 14198 14096 14116 14133 14059 13977 13959 13950 13945 13941 13935 13954 13943 13939 13926 13891 13860 13862 13873
13411 13312 13360 13408 13402 13496 13472 13455 13440 13351 13744 14447 14487 14743 14740 14395 14320 13926 13532 13608 13742 13762 13675 13719 14018 14180 13803 13346 13354 13326 13531 13464 13418 13871 14089 14134 14693 15114 15432 16108 16887 16923 16506 15807 15708 15520 15448 15247 15161 15135 15134 14884 14351 14321 14241 14243 14268 14255 14207 14268 14145 14204 14061 13957 13946 13939 13929 13913 13912 13914 13926 13904 13889 13859 13839 13847 13849
13336 13369 13384 13430 13420 13502 13549 13580 13555 13508 13573 14057 14148 14308 14448 14192 13975 13378 13394 13599 13663 13587 13778 14403 14512 14033 13378 13372 13170 13146 13155 13150 13265 13356 13751 13982 14406 15152 15614 16008 16615 16733 16082 15711 15413 15165 15153 15107 15155 15248 15256 15237 14639 14397 14321 14256 14251 14185 14228 14249 14158 14141 13977 13932 13935 13914 13943 13898 13877 13876 13869 13868 13852 13842 13836 13825 13808
13415 13441 13447 13474 13515 13511 13529 13529 13551 13545 13452 13708 13793 14271 14475 14365 13502 13376 13407 13556 13649 13663 13990 14503 14597 14184 13186 13139 13075 13089 13136 13198 13266 13295 13394 13958 14358 14953 15738 16488 16945 16784 15986 15553 15455 15111 15063 15128 15182 15249 15261 15125 14706 14533 14541 14470 14314 14212 14276 14270 14077 13993 14016 13979 13933 13903 13889 13877 13860 13869 13859 13836 13845 13848 13834 13812 13791
13480 13518 13525 13557 13573 13605 13568 13586 13625 13594 13580 13357 13653 14106 14497 14406 13865 13483 13554 13730 13730 13648 13787 14175 14483 14347 13670 13187 13272 13323 13345 13322 13351 13419 13419 14252 14790 15554 16580 17434 17494 17024 16138 15491 15353 15277 15160 15184 15272 15211 14974 14734 14472 13819 14607 14493 14342 14344 14292 14269 14264 14279 14112 14013 13915 14063 14037 13857 13847 13932 13958 13871 13851 13826 13811 13789 13775
13519 13556 13591 13617 13648 13659 13636 13630 13609 13611 13576 13651 13779 14176 14401 14431 14155 13807 13514 13364 13377 13513 13519 13391 13779 14181 14147 13811 13587 13280 13268 13374 13399 13463 14038 14799 15589 16546 17009 17452 17302 16244 15806 15527 15487 15183 15317 15300 15287 15125 14904 14505 14797 14777 14673 14554 14348 14313 14276 14272 14252 14154 13983 13904 13909 14028 14065 13891 13976 14055 13975 13917 13927 13815 13793 13792 13761
13567 13604 13639 13691 13702 13763 13769 13703 13659 13724 13897 13897 13504 13395 13461 13845 14503 14430 13992 13309 13256 13459 13450 13441 13433 13554 13675 13810 13846 13734 13719 13622 13456 13896 14745 15891 16969 17729 17646 17391 17200 16284 15866 15793 15712 15646 15694 15727 15571 15078 15039 14736 14704 14829 14801 14679 14380 14253 14380 14387 14230 14104 14089 14068 14108 14165 14135 14024 13939 13978 13922 13866 13790 13785 13740 13738 13738
13617 13708 13674 13707 13765 13809 13561 13741 13669 13693 13830 13842 13829 13779 13694 14499 14712 14842 14847 14492 14298 14040 13382 13491 13491 13357 13210 13141 13276 13489 13556 13647 14453 15192 16264 17284 17682 17836 17474 16857 16470 16077 15955 15725 15194 14902 15578 15806 15628 15079 14768 14505 14145 14061 14082 14143 14469 14548 14555 14436 14238 14114 14160 14079 14057 14049 14051 14026 13946 13994 13947 13881 13791 13777 13778 13792 13735
13768 13804 13704 13733 13751 13769 13679 13734 13621 13563 13543 13621 13563 13552 13850 14373 14482 14811 15159 15440 15497 15572 15231 14642 14292 14168 13879 14016 14237 14397 14788 15504 16253 17099 17959 18023 17780 17477 16822 16154 15918 15826 15648 14913 14719 15099 15389 15677 15427 15027 14596 14146 14055 13997 14021 14416 14552 14514 14490 14342 14188 14170 14111 14100 14080 14010 13984 14005 13990 13960 13966 13800 13789 13824 13945 14000 13943
13696 13639 13750 13740 13767 13786 13716 13671 13624 13562 13491 13473 13417 13408 13431 13931 14404 14701 15272 15451 15524 16352 16764 16715 16583 16282 16515 16485 16426 16330 16625 17315 17599 17741 17836 17773 17429 16724 16056 15949 15969 15816 15750 15105 15320 15316 15294 15178 15093 14857 14701 14727 14736 14709 14472 14470 14486 14453 14369 14428 14405 14154 14142 14154 14136 14066 14013 14014 13987 13963 14006 13971 13779 13837 13877 13808 13712
13689 13714 13732 13712 13756 13776 13745 13660 13608 13536 13465 13407 13409 13380 13377 13504 13519 14164 15140 15404 15686 16408 16983 17490 17764 18010 17795 17760 17640 17349 17243 17548 17499 17539 16910 16672 16302 15977 15836 15927 15932 15731 15374 15380 15322 15285 15185 15081 15012 14727 14691 14588 14624 14656 14613 14588 14505 14473 14416 14440 14400 14230 14181 14105 14128 14217 14042 13996 13973 13965 14012 14079 14111 14183 14183 14148 14010
13645 13678 13711 13708 13747 13769 13762 13602 13567 13488 13502 13451 13429 13408 13388 13435 13419 13631 14356 14814 15301 15969 16762 17682 17937 18023 17960 17877 17588 17234 17073 17092 17097 16969 16383 16028 15931 15750 15644 15770 15728 15539 15384 15310 15317 15186 15149 14996 14738 14595 14603 14577 14729 14736 14680 14734 14717 14568 14476 14437 14418 14425 14275 14146 14180 14194 14258 14273 14223 14131 14105 14284 14300 14193 14232 14224 14191
13591 13580 13588 13590 13612 13601 13593 13559 13547 13482 13548 13401 13454 13456 13396 13400 13703 13759 13812 14335 14983 16025 17202 17799 17838 17679 17464 17050 17127 16898 16811 16785 16808 16562 15913 15940 15940 15663 15617 15596 15487 15269 15113 14994 14954 14762 14900 14881 14698 14484 14592 14577 14636 14675 14451 14489 14692 14576 14488 14510 14416 14409 14395 14157 14037 13980 14010 14058 14255 14226 14239 14328 13566 12175 12172 13407 14211
13466 13539 13572 13595 13594 13606 13586 13598 13579 13527 13483 13472 13471 13494 13443 13387 13695 14114 14606 15244 15823 16948 17606 17706 17566 17369 17209 16985 16781 16570 16578 16590 16536 16238 15908 15930 15939 15836 15543 15414 15353 15108 14742 14759 14765 15068 15101 15045 14914 14790 14493 14446 14525 14537 14531 14502 14422 14389 14362 14437 14399 14413 14419 14201 14027 14018 14009 13937 14010 14205 14304 14411 14318 14133 14061 14132 14143
13717 13508 13523 13570 13578 13749 13840 14013 14015 13676 13805 13773 13819 13767 13753 14150 14476 15136 15829 16718 17141 17262 17423 17340 17226 17058 16991 16682 16575 16534 16566 16555 16092 15805 15575 15254 15245 15270 15242 15227 15199 14959 14742 14805 15115 14994 14374 13735 14502 14887 14636 14484 14564 14508 14427 14397 14377 14354 14345 14344 14337 14253 14240 14187 14097 14119 14010 13945 13937 14163 14175 14092 14135 14263 14254 14044 13859
13683 13724 13590 13584 13557 13547 13782 13897 13867 13772 13890 13910 13998 14255 14716 15033 15374 16266 17117 17237 17221 17226 17106 17025 16922 16651 16339 16257 16199 15743 15592 15563 15577 15473 15178 15151 15237 15259 15041 14888 14903 14838 14636 14736 15089 14916 13935 13397 14311 14914 14650 14478 14308 14303 14288 14321 14368 14368 14353 14341 14273 14240 14177 14178 14160 14214 14183 14126 14126 14171 14154 14130 14037 13851 13819 13751 13815
15235 14999 14959 14712 14409 14150 14124 14251 14258 14461 14710 14995 15380 15641 16013 16741 17048 17220 17274 17271 17096 16784 16752 16597 16406 16154 15937 15934 15816 15506 15063 15506 15431 15123 14961 15228 15227 15106 14937 14707 14687 14718 14695 14674 14724 14876 14891 14891 14878 14844 14407 14291 14217 14277 14268 14275 14343 14379 14327 14357 14348 14233 14170 14164 14178 14139 14118 14127 14102 14087 14227 14225 13879 13727 13705 13727 13745
16212 15942 15891 15846 15881 15915 15773 15743 15887 15938 15995 16135 16727 17178 16695 17144 17343 17173 16957 16911 16673 16190 16242 15928 15860 15787 15616 15411 15245 15313 15352 15256 14879 14740 14794 14916 14926 14867 14689 14667 14672 14727 14651 14620 14543 14546 14475 14471 14460 14370 14330 14307 14344 14349 14264 14244 14291 14367 14102 14362 14254 14234 14196 14165 14153 14165 14143 14117 14158 14200 14187 14151 14022 13963 13927 13988 13936
17162 17157 17292 17278 17470 17743 17742 17691 17651 17545 17010 17294 17294 17411 17285 17203 17179 16904 16573 16521 16318 15933 15935 15747 15618 15398 15121 15008 15026 15050 15086 15045 14703 14650 14800 14898 14883 14808 14746 14698 14720 14555 14556 14541 14541 14583 14583 14565 14444 14301 14297 14272 14273 14270 14221 14199 14176 14235 14291 14313 14278 14349 14437 14528 14538 14422 14252 14156 14189 14189 14180 14049 14030 14034 13937 13842 13839
17272 17241 17406 17492 17639 17822 17817 17735 17616 17550 17388 17347 17316 17318 17223 17036 16654 16387 16300 14947 15330 15685 15316 15233 15259 15173 15379 15508 15526 15011 14591 14819 14786 14798 15003 15058 15063 15157 14862 14651 14656 14587 14574 14509 14546 14547 14410 14352 14282 14236 14218 14279 14317 14271 14206 14183 14231 14224 14223 14262 14260 14256 14450 14558 14537 14313 14245 14219 14228 14319 14489 14453 14218 14059 13940 14069 13931
16920 16967 16985 16980 17057 17132 17063 16935 16876 16750 16747 16749 16709 16518 16339 16155 16010 15765 15849 15405 15234 15190 15302 15427 15217 14470 14549 14960 15258 15367 15168 14768 14715 14733 14797 14658 14417 15018 14897 14824 14709 14684 14551 14526 14467 14374 14252 14245 14224 14230 14260 14279 14352 14276 14249 14247 14308 14284 14213 14217 14189 14205 14233 14226 14287 14245 14205 14220 14186 14415 14443 14450 14301 14201 14038 13978 13872
16375 16583 16741 16681 16595 16581 16562 16539 16553 16448 16380 16219 16144 16066 15985 15937 15790 15502 15296 15117 15097 15056 15265 15290 14199 12786 11990 12440 13734 14940 14951 14895 14973 14349 13299 12338 12385 12936 13996 14861 14717 14628 14507 14514 14451 14402 14319 14306 14266 14343 14395 14425 14466 14487 14412 14371 14322 14298 14262 14245 14228 14212 14159 14185 14160 14190 14299 14422 14381 14334 14298 14371 14340 14231 14127 14030 13996
15810 15918 16424 16422 16227 16134 16147 16261 16229 16092 15941 15793 15788 15636 15724 15693 15597 15399 15171 14919 14694 14813 14954 15064 15017 14623 14281 14465 14438 14342 14297 14576 14800 14692 14781 14527 14193 14486 14759 14769 14613 14510 14435 14441 14319 14409 14425 14350 14346 14307 14332 14369 14545 14508 14440 14363 14323 14368 14311 14298 14253 14242 14248 14334 14315 14211 14315 14539 14496 14391 14484 14387 14335 14279 14244 14179 14098
15725 15801 15995 16006 15958 15989 15944 15555 15766 15732 15642 15602 15479 15456 15330 15410 15297 15202 15104 14915 14724 14721 14782 14792 14922 14886 14933 14942 14650 14650 14499 14350 14285 14528 14725 14696 14657 14826 14752 14506 14496 14465 14388 14396 14391 14365 14422 14423 14398 14408 14409 14429 14427 14413 14428 14423 14375 14373 14339 14366 14356 14317 14315 14374 14404 14324 14426 14647 14823 14802 14775 14569 14469 14355 14407 14409 14210
15386 15496 15707 15702 15641 15745 15705 15555 15401 15505 15409 15144 15062 15055 14919 14894 14976 14903 14861 14712 14347 14401 14559 14671 14789 14776 14542 14245 14263 14404 14299 14217 14134 14189 14185 14241 14295 14382 14302 14256 14244 14293 14359 14379 14335 14414 14417 14372 14452 14525 14473 14418 14428 14413 14374 14358 14367 14403 14362 14372 14386 14464 14670 14791 14825 14878 14863 15008 15907 16170 15966 15618 15377 14733 14215 14427 14441
15319 15324 15401 15617 15597 15706 15705 15421 15200 15291 15160 14948 14986 14903 14898 14722 14878 14819 14808 14702 14494 14350 14253 14201 14178 14103 14099 14107 14107 14089 14069 14095 14073 14077 14057 14037 14028 14093 14116 14131 14202 14218 14201 14300 14321 14331 14358 14483 14516 14403 14368 14369 14351 14410 14377 14346 14311 14356 14344 14390 14513 14546 14677 14880 14840 14670 14750 15108 16286 16796 16691 16293 15694 15146 14676 14899 15162
15912 15870 15621 15623 15632 15573 15371 15186 15002 14793 14839 14642 14706 14699 14689 14626 14609 14662 14644 14549 14452 14377 14127 14054 14079 13984 14007 14015 13982 14005 14002 14046 14055 14090 14045 14074 14055 14036 14078 14137 14154 14172 14148 14099 14223 14237 14383 14449 14323 14330 14346 14354 14263 14252 14289 14311 14300 14326 14296 14442 14606 14698 15296 15614 15433 14744 14458 14604 15426 16458 16609 16274 15853 15763 15826 16002 16012
15956 15842 15645 15636 15511 15423 15318 15069 14877 14725 14768 14689 14667 14595 14550 14518 14514 14595 14644 14549 14461 14434 14282 14119 14052 13992 13969 13929 13925 13989 14031 14046 14046 14057 14054 14025 14064 14074 14109 14110 14182 14240 14185 14203 14324 14367 14293 14303 14285 14322 14282 14306 14269 14259 14320 14252 14306 14414 14392 14399 14569 14863 15381 15684 15794 15790 15689 15953 16072 16191 16186 16060 16241 16512 16443 16208 15986
15507 15435 15710 16039 16160 16046 15734 15503 15031 14871 14834 14718 14708 14630 14669 14655 14549 14565 14590 14548 14424 14349 14309 14107 14046 13991 13946 13934 13933 13988 13958 13967 13959 14028 14071 14080 14277 14225 14085 14234 14146 14117 14155 14204 14329 14405 14267 14379 14308 14316 14300 14309 14336 14274 14322 14306 14362 14404 14366 14400 14686 15148 15297 15541 15884 16495 16684 16821 16795 16489 16403 16587 17046 16884 16208 15089 13709
