Alternative/Moon/Lvl0_30x30/Ele_DK.asc
ncols         335
nrows         335
xllcorner     13457491.657
yllcorner     -3377166.958
cellsize      10000
nodata_value  -9999.0
[rows 204 to 237 of 335, columns 77 to 153 of 335]
17647 17689 17750 17851 17715 17682 17696 17604 17636 17640 17495 17335 17347 17325 17153 17174 17149 17161 17166 17209 17267 17351 17478 17639 17974 17831 17541 17465 17488 18219 18126 18781 19614 19720 20337 20359 20497 20402 21584 21304 21119 22652 24371 24475 24829 25543 26110 26188 26429 26313 25322 25404 25870 26047 26671 26673 26791 27245 27552 28205 28262 27999 27251 26716 26464 26571 25789 24633 23464 22133 20825 20025 18565 17693 18321 18879 18520
17678 17713 17835 17899 17884 17834 17812 17592 17677 17472 17397 17357 17152 17119 17165 17142 17201 17214 17180 17212 17193 17242 17476 17644 17556 17564 17243 17395 17443 18203 18367 18194 18171 19274 20275 20157 19566 19907 20520 21136 21049 21321 23284 24448 24480 25191 25988 26586 26554 26348 25717 25726 25324 25215 25130 25623 25982 26943 27401 27613 27186 27285 26866 26668 26304 26454 25572 24160 22711 21734 20489 19301 18668 18065 18004 18187 18037
17867 17816 17829 17897 17781 17758 17818 17505 17622 17445 17270 17223 17149 17140 17013 17010 17096 17337 17234 17135 17206 17287 17336 17659 17576 17359 17280 17087 17344 17700 18382 18265 18508 19004 18965 19396 19654 19873 20401 20839 21155 20925 22032 24173 24711 24482 25731 26555 26382 26025 25699 25598 24885 24000 24679 25123 25380 26096 26856 26889 26516 26854 26634 26089 25465 25212 24761 23807 22676 21713 20207 19346 18563 17871 17739 17906 18311
17820 17732 17662 17642 17488 17582 17734 17418 17525 17345 17300 17244 17024 16949 17067 17033 17025 17019 17060 17114 17189 17288 17332 17353 17368 17326 17266 17137 17060 17674 17759 17998 18622 18758 18767 19441 19836 20383 20492 20256 21220 21483 21456 22591 24592 24691 24950 25374 26266 26405 26197 25293 24315 23831 24225 24664 25069 25261 25748 26427 26532 26239 25773 25363 25059 24744 24504 23604 22426 21397 19947 19401 18528 17843 17841 17990 18328
17532 17453 17396 17322 17328 17550 17427 17218 17325 17268 17242 17171 17098 16965 17002 16996 17000 17003 17075 17101 17139 17226 17286 17302 17302 17276 17199 17145 16986 17453 17894 17839 17742 18250 18382 18740 19620 20259 20426 20153 20189 20792 21302 21487 23486 24748 25131 25296 26266 26277 26429 25712 24639 24084 23568 23860 24140 24432 24673 25422 25895 25843 25361 24969 24711 24465 24036 23182 21798 20885 19784 19265 18351 18125 18094 18323 18476
17365 17395 17615 17552 17473 17338 17191 17141 17187 17063 17111 17100 17056 16959 16969 16983 16979 16985 17006 17021 17076 17125 17172 17171 17164 17131 17093 17031 16933 17583 17794 17645 17529 17514 17888 17990 19021 19430 20474 20332 19991 20350 21067 21344 22052 24227 25469 25096 25838 26300 26627 25698 24967 24565 23667 23464 23854 24044 23941 24382 25336 25601 25289 24907 24294 24016 23656 22646 21378 20423 19986 19167 18660 18289 17990 18015 18281
17194 17589 17752 17458 17157 17360 17084 17071 17016 17277 17123 17053 17095 16960 16970 16987 16975 16966 16965 16971 16983 17034 17062 17074 17063 17005 16957 16889 16927 17087 17331 17610 17374 17291 17738 18000 18979 19484 20070 20303 20058 19699 20591 21498 21764 23896 25091 25169 25734 26254 26446 26013 24977 24669 23682 23747 23709 24059 24022 23781 24419 24440 24438 24197 24091 23854 23517 22145 20805 19917 19982 19251 18619 17855 17870 17932 18365
17078 17087 17183 17065 17053 17230 17022 17067 17021 17070 16970 16888 16926 16957 16965 16964 16943 16896 16909 16926 16937 16940 16940 16947 16945 16934 16888 16864 16968 16944 16845 16839 16956 16655 16929 17728 18726 19223 19621 20149 19874 19657 20116 21169 21755 24039 24995 25149 25360 25260 25177 25759 25544 24618 24091 23616 23781 24140 24027 23748 24556 24344 24226 24141 24115 23628 23530 22085 20912 20359 19687 18864 18320 18299 17969 17736 18015
17010 17006 17029 17037 17027 17158 17185 16942 16990 17041 16915 16861 16911 16944 16954 16952 16920 16882 16876 16896 16914 16914 16906 16891 16879 16852 16855 16911 16941 16877 16790 16702 16655 16567 16910 17531 17949 18438 19343 19781 19948 19619 19718 19932 21250 22380 24094 24862 25568 25546 24996 26041 26008 25273 24567 24503 24385 24265 24530 23980 23294 23944 24024 23663 24087 24131 23847 22823 21985 20749 19161 17936 18185 18114 17948 18342 18577
16956 16980 16993 16985 16968 17017 16928 17544 18135 18013 17217 16841 16881 16920 16928 16930 16917 16896 16875 16892 16902 16902 16903 16873 16828 16811 16855 16873 16857 16798 16733 16667 16613 16598 16721 16894 17269 17823 18647 18976 19861 19999 19079 19784 20882 21270 22481 24218 25831 25873 25916 26518 26803 25773 25237 25076 25033 24702 24739 24286 23471 23691 23619 22873 23694 24279 24325 22896 22083 21506 20678 19663 19187 18812 18398 18289 18560
16902 16943 16957 16954 16945 16930 16960 17850 18205 18237 17740 17254 16851 16891 16897 16914 16916 16894 16890 16874 16891 16886 16889 16861 16830 16827 16819 16825 16791 16752 16694 16631 16631 16613 16753 16878 17214 17441 18504 19227 19388 19655 19960 19364 20434 20425 21721 24157 25946 26040 26335 27009 26992 26196 25420 25238 25130 25104 24928 24354 23397 22649 21804 22502 23198 24039 24081 23526 22536 22511 21915 21074 20142 19585 19024 18659 18555
16842 16872 16894 16905 16907 16904 16924 17383 17655 17562 17239 16893 16798 16833 17063 17177 16893 16875 16883 16856 16867 16851 16852 16844 16838 16818 16784 16743 16719 16685 16652 16620 16630 16605 16560 16791 17307 17630 18180 18722 19489 19808 19952 18565 20159 20395 21377 24447 25830 26014 26723 27165 27125 26742 25873 25533 25516 25346 24362 23047 21960 21529 21129 21786 23385 23699 24184 23990 23570 22903 22245 22230 21987 21197 20742 20180 19767
16784 16829 16850 16862 16865 16856 16846 16922 17210 17085 16868 16716 16728 16749 16792 16808 16794 16820 16832 16830 16838 16833 16828 16880 16794 16772 16742 16687 16659 16638 16595 16590 16607 16606 16573 16809 16673 16856 18188 18455 19438 19524 19489 18529 19961 20198 22052 25118 25748 26182 26703 27266 27517 26667 26229 26152 25734 25234 24086 22933 22210 21887 21306 22423 23622 23781 23725 23539 23189 22816 22701 22679 22306 21705 21728 21479 21348
16745 16798 16799 16808 16813 16805 16899 17766 17644 17082 16813 17649 17439 16705 16655 16672 17306 17847 17776 16769 16787 16790 16767 16757 16740 16686 16665 16600 16572 16562 16536 16567 16582 16582 16560 16570 16559 17126 18069 18209 19119 19519 19025 18325 19817 20093 22833 25927 26452 26864 26948 27331 27500 26740 26111 26123 26012 25532 24413 23774 23027 22575 21834 22118 23205 23794 23400 22576 22625 22449 22564 22651 22009 21917 21830 21978 22901
16711 16743 16740 16755 16757 17397 17975 18211 18121 17701 17598 17808 18530 18556 17679 17158 17324 18056 17924 16958 16736 16726 16711 16698 16660 16605 16574 16540 16507 16495 16525 16513 16543 16554 16546 16868 16665 17096 18150 17454 18447 18751 18531 17682 18686 19910 22833 26037 26903 27002 27012 27083 27189 26381 25988 26078 26019 25203 24603 24072 23424 22760 21983 21551 22556 23405 22974 22302 22645 22868 22987 22740 22655 22929 22720 22952 23100
16681 16709 16880 16825 17689 19142 18904 18801 18774 18859 18854 18805 18509 19614 19441 18879 17736 17140 16877 16799 16653 16654 16645 16612 16578 16506 16479 16449 16443 16438 16466 16474 16490 16497 16498 16481 16438 16408 17450 17121 17978 18155 17900 17185 17925 19490 22672 25981 27055 27045 26531 26559 26265 25715 25709 26013 25759 24871 24931 24674 24267 23734 22735 21911 22247 22733 22701 23028 23311 23297 23476 22940 22572 22638 22596 23185 22683
16660 16711 17423 17349 18617 20471 20379 19502 19095 20449 21052 21184 21017 19831 19802 19543 18418 17638 16777 16659 16578 16566 16556 16540 16496 16442 16418 16410 16387 16382 16416 16437 16446 16443 16457 16450 16431 16392 16384 16398 17474 17705 17660 17248 18098 19524 21902 25102 26817 26855 26585 26837 26349 26339 26147 25494 25451 25117 24906 24560 24426 24141 23077 22696 22867 23094 23011 22857 23474 23489 23378 22926 22459 22309 22767 23314 23154
16619 16615 16615 16682 18852 21392 21572 21417 20077 20570 21216 21955 22148 21367 21267 20842 19164 17294 16494 16476 16461 16446 16436 16427 16405 16418 16410 16381 16387 16386 16377 16388 16405 16409 16426 16463 16446 16410 16404 16415 16999 17331 16651 17834 19126 19989 21692 24381 26927 27178 26354 26412 26495 26749 26802 26259 25185 24969 24669 24258 24454 24269 23735 23311 23348 23548 23338 23154 23989 24283 23911 22891 22402 22330 22581 22985 23271
16596 16587 16586 16562 18429 20390 21353 21546 22151 21963 22361 22559 21944 21239 21311 21288 19271 16911 16463 16450 16430 16410 16388 16408 16392 16377 16380 16379 16390 16384 16387 16366 16400 16426 16426 16469 16449 16423 16426 16536 16675 16944 16468 18497 19658 19946 21153 24451 26679 27029 26160 26026 26518 26930 27193 26671 25617 25520 24647 23968 23844 24295 23884 24088 23993 23856 23927 23750 23946 24284 24145 22821 22980 22472 22229 22511 23119
16570 16557 16544 16541 16579 17533 18584 19860 22596 23065 23059 21577 19224 18073 18760 19586 18721 17613 16468 16431 16407 16394 16426 16427 16412 16399 16398 16388 16387 16379 16389 16395 16396 16419 16427 16449 16443 16430 16473 16432 16401 16375 17248 18958 19637 19740 21525 24720 26510 26551 26178 26401 26637 27332 27400 26962 25643 25364 24947 24469 24603 24132 23559 24407 24534 23976 23909 24116 24289 24027 23529 22970 22861 22708 23135 23491 23995
16568 16559 16530 16518 16527 16782 16542 18007 19681 21413 21786 20057 17165 16531 16504 17217 17442 17220 16521 16453 16406 16412 16425 16416 16403 16407 16396 16387 16384 16381 16383 16408 16444 16419 16431 16446 16519 16495 16433 16416 16395 16414 17440 18831 19291 19795 22513 25024 25865 26172 26187 26445 26800 27251 27157 26764 25762 25415 25400 24892 24790 24521 23784 24375 24644 24306 24018 24708 24707 24380 24140 23490 23646 23937 24065 23718 24017
16552 16556 16530 16504 16501 16512 16482 16500 17638 20115 20232 18637 16577 16492 16484 16471 16465 16458 16490 16452 16424 16411 16410 16397 16387 16388 16375 16376 16381 16383 16387 16414 16454 16402 16437 16447 16524 16515 16418 16406 16378 16637 17621 18335 19353 20054 22876 24978 25532 25851 26000 26421 26690 26800 26629 26745 26148 25846 25513 24707 24833 24821 24034 24106 24643 24572 24574 24626 24145 24557 24394 24181 24303 24118 24025 23723 24424
16530 16528 16518 16489 16493 16511 16492 16476 16888 18242 18009 17338 16490 16472 16462 16449 16442 16437 16434 16449 16445 16436 16415 16394 16384 16370 16368 16365 16376 16381 16376 16400 16385 16376 16405 16416 16419 16426 16399 16415 16356 17003 17807 18896 20496 20506 22896 24175 24564 24685 24855 26091 26517 26336 26092 26605 26658 26175 25380 25281 25324 24792 24771 23971 24550 25071 25237 24740 24090 23763 24968 25077 24841 24127 23681 23919 24623
16502 16515 16523 16496 16499 16526 16490 16480 16458 16467 16459 16464 16463 16450 16441 16431 16432 16421 16419 16435 16462 16445 16448 16399 16379 16359 16353 16358 16358 16362 16357 16374 16379 16366 16336 16366 16371 16368 16350 16338 16586 16951 17028 18689 20444 20497 21513 23184 24095 24228 24396 26000 26592 26447 26096 26779 26974 26613 25498 25241 25257 25250 25264 24098 24555 24882 25133 24736 24338 24123 25292 25333 24397 23921 24190 23862 24707
16512 16554 16520 16501 16480 16480 16472 16468 16460 16452 16449 16446 16451 16443 16433 16429 16424 16419 16415 16471 16521 16451 16436 16393 16399 16357 16356 16355 16348 16353 16349 16348 16351 16377 16362 16319 16310 16307 16297 16443 17229 17388 17231 18926 19380 20081 20727 21909 23465 24403 24471 25335 26216 25939 25859 26759 26979 26717 26118 25524 25389 25409 25226 24272 24040 24446 24601 24515 24517 24345 24879 24802 24190 24197 24524 24546 24577
16517 16497 16460 16483 16504 16470 16461 16469 16452 16448 16444 16443 16438 16437 16428 16415 16415 16413 16414 16495 16527 16446 16392 16389 16376 16355 16352 16355 16362 16354 16344 16340 16334 16329 16342 16319 16303 16296 16535 16634 17387 17847 17162 18970 19855 19955 20502 21190 22399 23829 24009 24969 25565 25130 25962 25854 26027 26241 26484 26369 26119 25780 25033 24432 24013 23752 23742 23964 24635 24972 24588 24609 24566 24418 24627 25092 25236
16478 16439 16434 16469 16488 16486 16459 16466 16464 16452 16442 16439 16434 16432 16430 16409 16412 16413 16416 16491 16484 16417 16386 16365 16365 16356 16348 16343 16352 16344 16343 16331 16325 16323 16332 16346 16303 16299 16936 17228 18676 19333 18950 18819 19748 20103 21223 21315 21864 23081 23564 24647 25170 24679 25897 26006 26435 26473 26482 26550 26459 25786 24590 24118 23694 23128 23342 23692 24114 24857 24600 24250 24689 24590 24778 25680 25639
16443 16417 16435 16444 16463 16460 16458 16437 16453 16437 16431 16430 16427 16428 16420 16417 16427 16427 16431 16455 16461 16425 16382 16378 16360 16358 16351 16341 16342 16329 16319 16319 16313 16313 16320 16537 16404 16302 17256 17422 19321 20446 20561 19660 19999 21133 21598 22844 23595 24720 25071 25452 25253 25283 25464 26046 26573 26503 26281 26185 26059 25708 24221 24162 24093 23645 23365 23224 23505 24237 24198 24014 24188 24715 25996 27045 26921
16420 16414 16423 16443 16468 16470 16457 16438 16441 16428 16430 16431 16433 16452 16436 16430 16426 16429 16424 16419 16424 16386 16375 16364 16354 16362 16356 16332 16336 16330 16317 16304 16311 16304 16315 16436 16423 16603 17396 18089 19017 20362 20701 20630 20305 21108 21691 23150 23547 24919 25540 26320 26581 26313 25780 25830 26690 26471 26263 26336 26205 25317 24414 24572 24162 23784 23555 22753 22778 23004 23233 23321 23962 25103 26601 27913 27929
16415 16421 16433 16439 16462 16477 16466 16455 16450 16436 16434 16443 16446 16444 16445 16430 16415 16414 16402 16422 16412 16371 16364 16358 16353 16364 16363 16377 16333 16337 16334 16345 16342 16336 16337 16439 16474 16963 18006 18084 18961 20069 20898 20953 20491 20647 21559 23044 23625 24893 25887 26406 26819 26406 26008 25992 26341 26355 26062 26314 26336 25912 25499 24972 24310 23653 23566 23267 23068 23192 23457 23652 24708 26230 27325 27909 28094
16433 16439 16481 16495 16472 16479 16483 16478 16476 16465 16454 16438 16439 16447 16432 16406 16415 16413 16396 16394 16369 16356 16344 16348 16342 16349 16358 16368 16336 16334 16339 16329 16322 16313 16327 16525 16427 16447 17668 18160 19693 20028 21017 20987 20685 20723 21820 23128 23716 24711 25200 26191 26590 26302 26104 26016 27351 27397 26167 26278 26279 25971 25563 24934 24430 23985 23676 23459 23194 23638 23811 23772 25597 26497 27687 27895 27583
16448 16454 16454 16464 16468 16481 16488 16475 16475 16472 16468 16449 16431 16425 16417 16407 16394 16382 16371 16375 16369 16355 16348 16342 16338 16348 16358 16358 16347 16346 16315 16317 16329 16304 16382 16387 16503 16782 17741 18100 19676 19890 20537 20817 20793 21115 21731 23306 24191 24665 25753 26370 26593 25985 26097 26155 27372 27350 26243 26018 25316 24879 25009 24603 24698 24380 23768 23371 23277 23886 24095 24433 25725 26320 27466 27612 26997
16463 16477 16490 16486 16488 16488 16483 16476 16476 16475 16468 16452 16437 16421 16418 16410 16394 16375 16354 16373 16367 16352 16352 16362 16350 16355 16357 16367 16368 16343 16338 16331 16326 16312 16620 16601 16489 16779 17510 17970 19244 20027 20525 20708 20992 21474 22051 23016 24005 24986 25299 26069 26136 25941 26175 25852 26566 26598 25635 24858 23883 23506 23611 24695 25057 24822 24127 23513 23633 23938 24409 25196 25647 25936 26642 26879 26549
16481 16488 16495 16487 16489 16499 16481 16477 16482 16476 16465 16450 16438 16430 16424 16409 16386 16366 16362 16358 16366 16364 16357 16365 16357 16360 16365 16362 16372 16366 16349 16335 16323 16315 16617 16562 16786 16928 17318 18403 19516 20199 21079 21270 21777 22141 23300 23733 24159 24846 25229 25788 25730 25934 26208 25773 25886 26109 25144 23918 23400 23439 24294 24824 24417 24594 24806 24005 23999 24883 25203 25369 25834 25966 26070 25573 24980
