Alternative/Moon/Lvl0_30x30/Ele_DG.asc
ncols         335
nrows         335
xllcorner     57491.657
yllcorner     -3377166.958
cellsize      10000
nodata_value  -9999.0
[rows 102 to 135 of 335, columns 231 to 307 of 335]
22493 22257 22113 20980 19623 19172 17925 15752 15630 15592 15658 15556 15919 15888 15348 15569 15860 16031 16269 16288 16330 16505 16623 15581 15946 15756 15643 16254 16320 16189 15944 15841 15964 15603 15364 15296 15660 15632 15833 16172 16418 16512 16466 16743 16912 17043 16832 17018 17689 17922 18169 18113 17796 17721 17614 17571 17739 17733 17787 17787 17892 18055 18038 17405 17289 17156 16909 16784 16622 16641 16496 16375 15952 15495 15402 15543 15416
22608 22311 21948 21399 21156 20122 19237 16723 15670 15622 15689 15703 15735 15435 15380 15453 15778 16082 16320 16531 16234 16544 16654 16009 16216 16143 15726 15791 15908 16161 16055 16327 16127 15244 15221 15263 15805 15790 15928 16637 16698 16722 16913 17145 17214 17204 17017 16946 17840 18001 18145 18202 18127 17758 17468 17903 17807 17694 17689 17824 18100 18169 18307 18134 17478 17330 17218 16907 16784 16856 16765 16570 16122 15427 15434 15654 15612
23040 23116 22472 22381 22357 22408 21540 19203 17369 16050 16197 16095 15592 15281 15375 15545 15837 16046 16203 16430 16227 16381 16498 16263 16064 15901 15833 15833 15942 16099 16302 16378 15540 15305 15258 15113 15395 15774 16461 17235 17119 17071 17248 17376 17332 17331 17145 17257 17882 17930 18095 18253 18159 17807 17669 17789 17579 17500 17798 17970 17873 18039 18025 17852 17603 17385 17455 17356 17029 16847 16709 16598 16519 16009 15871 15937 15626
23338 23241 22926 22825 22944 23290 23336 21725 19704 17909 16717 15849 15261 15239 15334 15612 15747 16120 16244 16358 16208 15989 16443 16435 15824 15837 16048 15985 15961 15855 16316 16259 15505 15499 15254 15137 15364 16010 16807 17269 17118 17126 17344 17426 17266 17301 17212 17181 17562 17809 17751 17783 17907 18074 17980 17540 17675 18001 18060 18053 18264 18220 17984 17990 17995 17785 17558 17352 17118 17042 16802 16824 16635 16393 16318 16239 15577
23386 23568 23496 23407 23223 23876 23930 22891 20570 18398 17490 15825 15320 15277 15386 15536 15729 16026 16373 16678 16588 16093 15967 16232 15942 16016 16278 16298 16190 15744 15839 15798 15802 15626 15800 15406 15479 16107 17152 17249 17093 17163 17319 17227 17508 17491 17195 17206 17559 18012 17805 18848 18770 19128 19050 19155 19115 18191 18281 18239 17850 17850 18022 18105 18020 17846 17530 17223 17090 16939 16995 16872 16615 16623 16409 16296 15636
23309 23854 23982 24190 23979 23817 23864 23073 21596 20146 18874 16512 15407 15440 15513 15569 15812 16166 16412 16626 16753 16620 16188 16094 16290 16155 16539 16611 16383 15805 15839 15681 15686 15560 15872 15638 15730 16484 16979 17126 17233 17288 17299 17227 17316 17299 17557 17757 18741 18848 18904 18998 18968 18868 18882 18455 18604 17509 17606 18307 18506 18455 18860 19049 18690 18425 17722 17375 17362 17244 17165 17012 17003 16871 17010 16608 16184
22437 23865 24330 24761 24656 23774 23464 22935 22155 20853 19247 16550 15428 15539 15553 15612 15869 16156 16652 16950 16872 16827 16274 16168 16261 16092 16894 16956 16421 15796 15552 15783 16084 15933 15973 16675 16609 16907 17140 17240 17384 17425 17192 17510 17424 17374 18413 19103 19767 19553 18981 18527 17761 17307 16830 16826 16615 16920 16932 16543 16594 16770 17338 18841 19172 19321 18521 17713 17635 17440 17442 17062 16957 17110 17096 16764 16224
20890 22682 23592 24313 24494 23900 23060 22441 22131 20521 19010 16486 15578 15721 15821 15901 16042 16446 16924 17328 17228 16941 16554 16168 15989 16214 16948 16977 16735 16247 15701 15904 16142 16672 17272 17365 17229 17345 17130 17383 17368 17386 17321 18084 18518 18453 19121 19392 19711 19156 17709 16451 14971 14161 13783 14040 14281 14363 14604 14732 14219 14758 15984 16504 18228 19043 18880 17778 17524 17275 17456 17399 17409 17327 17404 17256 17031
19760 20970 21899 23080 23726 23533 22645 21967 21608 20205 18622 16606 15649 15819 15859 16129 16306 16470 16879 16993 17321 17243 16755 16222 16299 16445 16769 17176 17262 16197 16035 16209 16428 16972 17594 17709 17574 17493 17494 17451 17363 17354 17362 18319 18959 18806 19232 19187 18029 16672 15125 14239 13750 13685 13487 13410 13459 13562 13517 13342 13671 13895 14037 13945 15602 16789 18233 18143 18114 18000 18447 17588 17405 17339 17331 17343 17431
18413 18837 19849 21010 21692 22164 21915 21100 20087 18743 17584 16579 15877 15988 16231 16374 16446 16558 16719 16963 17400 17324 16990 16541 16570 16600 16583 17243 17386 16357 16310 16432 16861 17322 17583 17680 17408 17405 17771 17686 17648 17587 18362 18817 19086 18946 18874 16745 15601 14402 13979 12878 13020 13048 12920 13043 12694 12777 12790 12818 13032 13386 13435 13299 13446 14166 16025 16816 17349 17573 18264 17796 17616 17442 17325 17440 17600
17947 17833 18135 18922 19778 20384 20486 19472 18386 17360 16627 15912 16204 16208 16501 16685 16704 16774 16934 17127 17150 17021 16968 16571 16590 16548 16542 17387 17435 16915 16277 16461 17222 17678 17688 17574 17866 17412 17635 18144 18219 18685 18937 18995 18904 17990 16140 14584 14420 14116 12955 11905 11507 11580 11826 11713 11367 11341 11819 11853 11957 12006 12375 12600 12683 13214 14630 16436 16718 16959 17180 17932 17642 17255 17250 17406 17765
17738 17575 17572 17839 18153 18171 18128 17910 17255 16639 16105 16201 16277 16410 16680 16844 16883 16904 17017 17152 17303 17132 17024 16703 16710 16716 16763 17718 17582 16902 16271 16592 17236 17777 17952 18089 17974 17779 17873 18510 18545 19270 19404 18461 16606 15862 14936 14669 14261 13135 11671 11142 11058 10854 10966 10898 10723 10749 10801 10689 10722 10884 11273 11830 12418 13176 13614 14349 15064 15430 16663 18092 18328 17739 17554 17199 17771
17718 17610 17645 17709 17694 16993 16938 16702 16486 16244 16337 16378 16323 16708 16856 17028 17151 17105 17134 16984 17454 17265 16932 16904 16860 17000 16893 17812 17590 16748 16442 16509 17059 17795 18193 18104 18150 18140 18362 18453 18888 19399 19352 17056 16095 15724 15016 14062 13391 12310 11447 10858 10663 10687 10730 10649 10664 10700 10675 10631 10668 10802 10909 11279 11553 11951 13057 13420 14252 14382 15508 16492 17937 17728 17575 17428 17366
17598 17627 17691 17739 17604 16817 16788 16588 16648 16597 16547 16529 16684 17014 16979 17125 17183 17308 17161 17109 17319 17305 17182 16861 16958 17165 17086 17836 17555 16813 16619 16408 16989 17746 18134 18429 18704 18984 18956 18535 19123 19357 18169 15586 13130 14235 14781 13559 13044 12070 11092 10661 10625 10570 10609 10594 10629 10693 10636 10596 10632 10703 10694 10684 10778 11116 11537 12328 12891 13137 14410 15439 16087 17755 17792 17536 17374
17506 17506 17460 17436 17073 16959 16914 16883 16725 16759 16759 16742 16955 16972 17255 17215 17228 17290 17405 17200 17521 17659 17426 17155 17143 17208 17303 17913 17679 17208 16946 16838 17199 17931 18572 18804 19069 19075 18976 18279 19241 19249 17123 14967 14275 13785 13610 12817 11641 11054 10841 10700 10709 10597 10605 10579 10600 10598 10538 10632 10689 10702 10659 10643 10672 10670 11352 11837 12235 13019 13601 14899 15965 18309 18410 17889 17853
17494 17552 17533 17308 16967 17037 17117 16995 17002 16959 16967 16974 16937 17133 17355 17382 17513 17326 17451 17732 17609 17745 17705 17527 17464 17283 17207 18014 17879 17756 17584 17182 17743 18157 18934 19146 19277 19173 18776 18611 18806 18744 15927 14704 14290 13515 12974 11928 11037 11009 11046 10662 10820 10721 10600 10592 10592 10544 10511 10583 10576 10562 10565 10553 10626 10649 10818 11286 11768 12904 13102 14159 15607 18167 18587 17873 18024
17565 17722 17779 17550 17234 17231 17335 17242 17236 17137 17267 17101 17012 17241 17343 17323 17481 17500 17538 17967 17840 17968 17955 17804 17707 17364 17650 18169 18422 18162 17721 17893 18128 18518 19138 19259 19285 19228 18995 18811 18620 17555 14960 14385 13758 12712 12412 11179 11006 11097 11108 10766 10665 10550 10554 10607 10622 10521 10532 10533 10540 10505 10544 10489 10583 10660 10803 10812 11913 12355 13078 13119 15181 16690 18526 18428 17988
18006 18011 18116 17835 17563 17488 17373 17416 17543 17590 17566 17699 17945 17501 17474 17625 17503 17728 17551 17723 17868 17853 18053 17937 17940 18379 18602 18560 18842 18630 18317 18587 18654 18950 19157 19317 19348 19513 19293 18922 17613 16118 14908 14281 12864 12205 11628 11088 11035 11084 10953 10715 10704 10807 10565 10663 10587 10575 10553 10603 10532 10519 10470 10459 10559 10613 10758 11208 12188 12686 13010 13082 14321 15944 18495 18461 17633
18508 18667 18672 17928 17870 17897 17942 17699 17865 17829 18246 18634 18406 17880 18151 17952 17638 17767 17706 17816 18122 18322 18438 18250 18754 19200 19451 18944 19231 19422 19202 19343 18559 19059 19432 19434 19857 20229 19614 18607 17473 16432 14853 13591 12201 12096 11183 11093 11034 10899 10642 10771 10838 10735 10622 10663 10609 10588 10685 10538 10509 10501 10446 10526 10559 10572 10748 11067 12156 12971 13303 14332 14620 15661 18475 18296 17509
19094 19368 19289 18929 18725 18633 18626 18607 18407 18258 18661 18747 18580 18082 18227 18160 17786 17765 17780 17901 18670 18992 19274 19021 19266 19565 19696 20197 20294 20273 19719 19612 19318 20246 20474 20099 20568 20686 20324 18483 17306 15986 14394 13018 12453 12176 11186 11067 11042 11007 11059 11208 11354 11302 11787 11828 10752 11348 11105 10535 10503 10488 10489 10542 10548 10629 10709 11128 12758 13431 13335 14432 14901 15700 18315 18242 17486
19525 19712 19700 19275 18781 18522 18472 18600 18621 18445 18576 18575 18384 17978 18366 18478 17888 17774 17879 18098 19188 19531 19562 19379 19566 19958 20070 20234 20714 20654 20024 20108 20324 20712 20996 20603 20993 21047 20634 18266 16288 15112 14456 13410 12325 11843 11173 10822 11172 11116 11286 11989 12573 11878 12874 12895 11860 13451 12562 10724 10596 10535 10521 10535 10543 10627 10809 10882 12540 13281 13484 13607 14923 16262 18276 18553 17611
19607 19734 19546 18740 17724 17197 16786 17063 18461 18720 18730 18391 18040 17983 18307 18395 18043 17966 18276 18645 19180 19565 19596 19140 19625 20129 20513 20349 20893 20715 20321 20599 20971 21166 21262 21191 21477 21467 20688 17544 16156 15140 14509 13331 12552 11596 11174 11015 11399 11325 10997 12098 12979 12665 13657 14143 13844 14837 14651 11599 10599 10503 10550 10550 10537 10676 10819 10860 11576 13074 13590 14657 15410 16969 17664 18244 17821
19477 19077 18191 17039 16122 16132 16205 16772 17204 18575 18887 18521 18284 18054 17989 18141 18182 18357 18640 18846 19171 18908 18777 19402 19807 20176 20435 20413 20810 20577 20569 20874 21232 21372 21271 21355 22000 22073 21080 17930 15591 15036 14492 13697 12786 11988 11254 11023 10826 11024 10961 11211 11758 13084 13606 13853 15037 16035 15611 12419 10713 10548 10526 10532 10592 10779 10807 10839 11771 12949 13635 15391 15893 16795 17430 18163 17749
19399 17781 16987 16358 16069 16237 16206 16411 16866 17666 18290 18763 18439 18269 18169 18183 18212 18600 18734 19259 19583 19260 19305 19923 20004 20206 20369 20514 20327 19900 20631 20980 21214 21435 21340 21296 22090 21975 21440 18584 15997 14699 14589 14114 13125 12041 11260 11014 10889 10867 11170 11662 11855 12991 13567 12776 13518 14627 15183 13690 11115 10685 10574 10565 10619 10890 11003 11059 11518 12581 13716 15611 15883 16786 17987 18325 17833
19405 17743 16912 16274 16189 16398 16469 16529 16808 17411 18397 18964 18798 18606 18286 18495 18523 18713 18908 19303 19710 19800 20029 20477 20272 20384 20641 20528 20236 19838 20334 20819 21449 21441 21511 21197 21736 21888 21208 19107 17304 15128 14455 14373 13288 11731 11180 11027 10988 10886 10863 11300 11925 12458 12715 14601 14291 12690 13033 13196 11049 10883 10589 10639 11003 10849 10921 11069 11524 12511 13496 15536 15587 16595 18231 18350 17842
19156 17643 16859 16322 16306 16437 16494 16657 16846 17666 18658 19060 18842 18547 18613 18713 18657 18945 19425 19806 19860 20164 20387 20616 20860 21040 20554 20224 20014 19971 20234 20944 21418 21573 21586 21362 21387 21587 20979 19060 17788 15848 14210 14516 14025 12968 11359 11173 11092 11318 11502 11404 11638 12508 12967 14799 15245 14870 13562 12125 10773 10691 10554 10609 10718 10670 10716 11087 11761 11931 13486 15453 15675 17374 18714 18226 17849
18785 17495 16820 16627 16724 16565 16556 16623 17241 17985 19189 19580 19113 18693 18641 19004 19107 19546 19601 20260 20757 20722 21046 21206 21081 20936 20266 19904 20048 20213 20788 21476 21427 21529 21527 21742 22143 22253 21790 19414 18525 17212 14489 13962 13858 13313 12273 11224 11151 11188 11220 11515 11949 12607 13151 13578 14264 14678 14313 12367 11323 10930 10583 10630 10621 10721 10864 10999 11657 12313 13792 15175 16314 18133 18996 18249 17665
20113 18588 17593 17496 17390 17140 17141 17236 17315 18230 19468 19864 19559 19017 18760 18954 19213 20143 20399 20594 21187 21439 21462 21343 20921 20311 20305 21207 21541 20977 21351 21860 21792 21533 21283 21363 22102 22343 21996 19780 18755 18353 16473 14507 13914 13616 12346 11306 11285 11341 11525 11537 11763 11933 12184 12812 13426 13736 13583 12186 11119 10968 10880 10811 10665 10738 10833 11123 11640 12847 13845 15046 16602 18764 19045 18204 17611
20959 20323 19054 18447 18093 17653 17301 17480 18094 19269 19289 20093 20146 19712 19404 19127 19773 20395 20736 20825 21296 21568 21659 21356 20529 20318 20594 21374 21618 21098 20886 20744 20656 20551 20039 20345 21241 21652 21760 20120 18805 17857 17108 15233 14090 13877 12978 11737 11543 11598 11618 11301 11590 11935 11897 12359 12837 12431 12597 11508 11344 11191 11034 10974 10857 11127 11181 11660 12636 13236 14439 15034 17265 18662 18769 18259 17466
21020 21298 21205 20005 19120 18645 18250 18476 19415 20006 20125 19841 20186 19889 19916 20317 20679 21084 21226 21238 21298 21455 21550 21704 20617 19455 19543 19667 19865 19378 18608 19037 19486 19546 19806 19878 20311 20505 21039 20094 19043 18487 17219 16165 14511 14037 13757 12996 11469 11525 11845 11733 11189 11007 11300 12155 12306 11984 12168 11606 11274 11310 11338 11232 11324 11408 11724 13087 13797 13884 14903 16559 18905 18831 18312 17993 17609
20826 21222 21348 20497 19410 18815 19447 19912 20169 20047 20180 19968 20037 20445 20601 21362 21781 22052 22025 21469 21818 21806 21465 20781 19919 19456 19478 19656 19743 19366 18586 18861 18985 19073 19837 19967 20399 20322 20044 19876 19944 18652 17891 16532 16009 14663 14389 13720 12103 11724 11599 11499 11192 10630 10781 10684 10734 10968 11191 10874 11187 11220 11390 11415 11588 11808 13017 13939 14327 14627 15522 18032 19311 19018 18475 18017 17517
20989 20526 19940 19645 20029 19964 19548 20025 20207 20089 19893 20117 20188 20645 21095 21635 21960 22150 22197 21658 22304 22063 20505 19367 18922 19144 19376 19324 18599 18256 17810 17720 18200 19012 19372 19858 20087 20136 19822 20107 20277 19318 17850 17244 16171 15420 14878 14279 13313 12655 12176 11727 10792 10700 10682 10682 10708 10724 10767 10757 10973 10996 11191 11340 11719 12263 12971 14050 14572 14923 16568 19278 19425 18808 18352 17846 17268
20959 20532 19250 19105 20306 20692 20391 20220 20268 20016 20091 20427 20740 21677 21858 21849 22053 22312 22209 20590 20960 20576 19398 18977 18665 18377 19158 19006 17829 17387 17205 17443 17803 18548 19197 19444 19560 19821 19886 20102 20250 19509 18597 18080 16707 15908 15856 14332 13324 12720 12113 11619 10868 10843 10801 10755 10715 10750 10835 10908 10821 10892 11061 11236 11940 12931 13955 14446 14999 15802 17620 19487 19071 18349 17916 17800 17519
20782 20151 18996 18954 20574 20635 20599 20567 20766 20467 21001 21183 21555 21856 21886 21462 21668 21323 21303 20492 19780 19462 18560 18121 17905 18158 18408 18257 17367 17495 17358 17387 17712 18186 18623 19421 19708 19762 19573 19529 19613 19021 18726 18257 17632 16431 15692 14918 14076 13785 13432 12144 11431 11086 11032 11028 11106 11094 11871 11893 11472 11207 11467 12276 12352 13539 14860 15224 15670 17503 19211 19470 18506 17910 17922 17890 17803
