Alternative/Moon/Lvl0_30x30/Ele_BC.asc
ncols         335
nrows         335
xllcorner     -13342508.343
yllcorner     3322833.042
cellsize      10000
nodata_value  -9999.0
[rows 272 to 305 of 335, columns 0 to 76 of 335]
25455 25414 25557 25651 25784 25787 25658 25450 25123 25057 25085 24984 25021 24882 24875 24864 24462 24142 23796 23819 23929 23669 23663 23672 23533 23470 23443 23224 23222 23239 23181 23323 23313 23240 23508 23619 23936 24033 24272 24084 23876 23750 23385 23296 23146 23196 23237 23101 23113 23102 23141 23315 23403 23338 23376 23316 22987 23042 22727 22524 22422 22356 22357 22275 22332 22402 22439 22483 22566 22694 22739 22025 21739 22041 22227 22197 20740
25380 24980 24725 24757 24788 24892 25256 25311 25563 25745 25721 25341 25087 25014 24928 24880 24593 24225 23766 23695 23598 23634 23406 23129 23100 23149 23373 23368 23199 23158 23174 23416 23413 23287 23584 23696 23644 23509 23634 23659 23673 23524 23330 22963 22940 22878 22843 22761 22640 22792 22918 22940 22955 22918 22778 22764 22854 22632 22594 22450 22340 22307 22275 22215 22321 22349 22446 22507 22410 22608 22715 22019 21637 21592 22197 22126 21999
24161 23593 23212 22661 22623 23242 23706 24061 24982 25739 25805 25693 25306 24995 24842 24694 24493 24221 23800 23728 23598 23549 23444 23077 22987 23135 23303 23369 23225 23372 23645 23668 23433 23342 23427 23432 23391 23398 23409 23501 23521 23404 23332 22922 22638 22643 22601 22536 22543 22643 22682 22670 22718 22712 22729 22749 22788 22617 22469 22449 22292 22236 22215 22212 22229 22336 22369 22286 22210 22295 22495 22261 21839 21883 21963 22018 22000
22990 22475 22304 20739 20175 21125 22689 23037 23641 24635 25706 25692 25557 25311 24810 24678 24503 24238 23785 23664 22518 23075 23400 23029 22916 23039 23346 23370 23001 23042 23727 23793 23515 23487 23559 23565 23505 23378 23322 23361 23427 23397 23295 22912 22593 22562 22507 22462 22459 22506 22616 22723 22730 22687 22764 22773 22781 22625 22482 22410 22286 22214 22182 22164 22165 22218 22252 22213 22210 22324 22324 22168 21976 21930 21739 21771 21681
21442 21266 21150 19023 17740 19039 21292 22122 22401 23125 24429 25478 25531 25385 24906 24604 24512 24119 23625 23628 23437 23410 23420 22976 22898 23033 23238 23184 22707 22660 23523 23802 23850 23625 23449 23554 23693 23622 23356 23396 23492 23511 23300 23096 22683 22554 22506 22477 22452 22381 22519 22647 22670 22670 22438 22734 22688 22631 22589 22480 22367 22270 22356 22228 22159 22192 22197 22191 22053 21878 22085 22188 22026 21911 21812 21577 21579
20203 20374 20767 20662 19498 19554 20305 20820 21192 21909 22870 24456 25454 25454 25220 24764 24220 24028 23546 23289 23291 23238 23039 22984 22871 22945 23067 22742 22659 22607 23290 23668 23787 23574 23123 23074 23695 23638 23257 23286 23453 23434 23127 23116 22975 22752 22618 22580 22514 22396 22359 22462 22635 22672 22749 22696 22644 22635 22616 22616 22622 22492 22541 22503 22341 22208 22215 22072 22202 22205 22238 22105 21874 21784 21768 21619 21477
20068 20123 20481 20614 20377 20227 19761 19689 19923 20813 21738 23212 24958 25731 25651 25110 24419 23915 23440 23301 23256 23260 23276 23170 22890 22978 23235 23276 22927 22930 22992 23017 23277 23655 23874 23768 23638 23594 23125 23102 23271 23288 23103 23205 23172 23075 22917 22762 22628 22582 22458 22641 22684 22662 22593 22681 22658 22531 22544 22566 22650 22734 22499 21893 22078 22367 22228 22057 21997 22005 21905 21893 21893 21795 21655 21665 21493
20019 20125 20204 19951 19814 19720 19665 19669 19700 20160 21235 22818 24559 25629 25683 25134 24424 23869 23418 23318 23280 23300 23284 23172 22975 23002 23201 23278 23321 23380 23450 23238 22902 23397 23813 23729 23476 23285 22982 22965 23033 23020 23067 23131 23192 23135 23144 22930 22878 22905 22766 22833 22907 22861 22827 22820 22780 22572 22469 22528 22551 22751 22626 22035 22193 22121 22333 22012 21904 21807 21835 21883 21942 21888 21929 21744 21698
20032 20091 20165 19846 19782 19744 19697 19670 19664 19936 21073 22600 24091 25427 25461 24878 24296 23956 23653 23637 23444 23341 23277 23144 23176 23129 23123 23201 23318 23460 23544 23285 22801 23145 23765 23573 23229 23114 22968 22949 22672 23004 23014 22948 23134 23225 23186 23072 23221 23255 23204 23187 23261 23150 23110 23122 23003 22841 22576 22453 22472 22608 22746 22696 22493 22430 22249 22095 21963 21984 21914 21969 21972 21906 21968 21873 21862
20114 20016 19966 19852 19770 19745 19716 19707 19709 20428 21524 22913 24285 25189 25069 24720 24377 24162 24186 24095 23731 23787 23611 23429 23669 23780 23250 23382 23574 23646 23420 23462 23363 23289 23441 23490 23187 22983 22783 22343 22709 22957 22732 22661 23008 22971 23018 23145 23421 23458 23442 23715 23986 23934 23796 23553 23298 23030 22874 22620 22575 22531 22689 22782 22986 22967 22786 22429 22257 22174 22015 22023 22144 22016 21801 21982 22060
20182 19972 19884 19829 19796 19756 19753 19730 20149 21025 21986 23305 24661 24940 24795 24662 24346 24289 24640 24627 24467 24502 24248 23955 23952 24214 23389 23573 23660 23742 23587 23500 23661 23785 23498 23135 23076 23097 22909 22389 22480 22453 22293 22469 22572 22647 22743 23310 23489 23574 23421 23164 23812 24146 24230 24055 23669 23394 23079 22863 22860 22867 23268 22923 22913 23024 23271 23392 22802 22458 22229 22091 22101 22171 22131 22006 22150
20834 20080 19913 19884 19823 19789 19754 19884 20736 21629 22586 23744 24797 24821 24696 24584 24289 24177 24461 24760 24808 24730 24488 24203 24217 24407 24277 24000 23571 23560 23666 23615 23651 23745 23515 23074 22865 22898 22868 22406 22332 22333 22391 22557 22522 22576 22798 23428 23454 22683 21768 21077 21739 22588 23827 24043 23878 23532 23275 23304 23209 23235 23378 22175 20578 21651 23144 23510 23055 22631 22232 22092 22194 22212 22219 22412 22738
22376 21004 20364 19979 19890 19933 20123 21131 21881 22485 23611 24393 24785 24693 24339 24217 24073 23912 24230 24742 24786 24711 24418 24404 24465 23577 23758 24019 23488 23420 23384 23346 23263 23182 23205 23010 22872 22835 22831 22649 22707 22832 22548 22503 22515 22538 23228 23606 22735 21709 20754 20160 20193 20719 22341 23673 24127 23961 23619 23359 23378 23675 23772 22154 20204 21052 22930 23658 23101 22715 22040 22351 22500 22646 22731 22781 22856
23366 22362 21530 21089 21195 21535 21924 22508 22653 23746 24340 24849 24820 24483 24190 23867 23823 23781 24104 24293 24194 24131 23965 23898 24200 23385 22981 23990 23730 23457 23330 23091 23256 23284 23082 22743 22810 22794 22721 22829 22847 22824 22479 22434 22420 22700 23514 23633 22105 20841 20086 20107 20132 20182 21069 22597 24153 24265 23907 23760 23870 23962 24222 23822 22838 23336 23846 23578 22962 22887 22217 22323 22360 22868 23030 23139 23257
24341 23285 23170 23334 23076 23277 23409 23816 24131 24348 24747 24788 24687 24386 24198 24171 23935 23685 23818 23785 23605 23584 23393 23457 23933 24031 24205 24245 23753 23643 23513 23428 23373 23556 23097 22739 22725 22713 22728 22680 22730 22608 22782 22582 22426 22758 23549 23835 22661 20878 20065 20112 20128 20235 21029 22539 24418 24711 24533 24388 24260 24264 24253 23833 23773 24104 23963 23475 23256 23136 22996 22878 22853 22865 22977 23144 23300
24878 24930 24972 24970 24838 24740 24807 25013 24992 24943 24705 24492 24358 24073 24047 24031 23953 23613 23528 23595 23537 23268 23239 23359 23503 23731 23965 23936 23851 23670 23561 23568 23601 23545 22949 22719 22803 22824 22792 22669 21580 22665 22829 22568 22442 22742 23281 23946 23553 21917 20169 20086 20171 20384 21177 22862 24622 24826 24660 24680 24613 24484 24047 23420 24078 24199 23976 23556 23491 23395 23311 22990 22831 23104 23156 23216 23266
24996 25322 25788 25991 25977 25846 25671 25293 25084 24961 24553 24365 24276 23946 23811 23548 23441 23540 23522 23257 23139 23000 23041 23274 23125 23440 23647 23722 23637 23406 23343 23657 23712 23303 23274 23191 22896 22810 22825 22293 21376 22102 22591 22490 22470 22715 23198 23881 23951 23509 21867 21059 20846 21138 22296 24037 24901 24872 24545 24632 24736 24432 23460 23720 24557 24750 24697 24253 23894 23556 23539 23668 23683 23693 23663 23372 23227
24590 25172 25793 26023 25998 25997 25775 25464 25209 24729 24106 24114 24039 23847 23636 23513 23406 23396 23378 23319 23104 23169 23099 23159 23188 23277 23435 23285 23171 23170 23207 23489 23592 23626 23910 23444 22738 22582 22652 22544 22423 22662 22616 22506 22521 22526 22778 23360 23857 23863 23955 23771 23652 23591 23724 24318 24590 24543 24432 24423 24707 24448 23290 24125 24648 24718 24723 24432 24128 23965 23923 23880 23889 23755 23549 23299 22814
23983 24498 25590 25682 25632 25641 25706 25420 25053 24916 24657 24568 24177 23813 23630 23464 23414 23385 23323 23229 23087 23148 23104 23070 23085 23249 23262 22805 23054 23121 23090 23077 23142 23644 23964 23641 23235 22997 22902 22727 22639 22666 22528 22585 22636 22696 22725 22857 23290 23696 24020 24208 24355 24173 23944 23830 24010 24358 24309 24314 24501 24426 24142 24373 24356 24490 24527 24410 24270 24058 23914 23897 23819 23656 23574 23213 22619
24462 25012 25342 25459 25890 25876 25743 25223 25030 25058 24906 24900 24594 24171 23760 23601 23364 23396 23319 23175 23088 23129 23022 22942 22928 23041 22995 22885 22990 22997 23015 23005 23238 23640 23900 23643 23237 23103 22910 22452 22552 22587 22502 22785 22811 22862 22963 22944 23093 23253 23427 23775 23552 23072 23347 23708 23679 24036 24053 24179 24078 24012 24075 24266 24280 24268 24109 23912 23338 23097 23758 23772 23425 23348 23253 23075 22604
25309 25443 25543 25428 25242 24907 24382 24162 24045 24317 24027 25146 25158 24517 24289 24039 23766 23541 23448 23291 23331 23383 23097 23109 23060 23032 23086 23130 23032 23004 22984 22985 23007 23041 23303 23355 23181 23147 22722 22367 22559 22608 22578 22772 22811 22847 22975 22946 22931 23028 23245 23865 23690 22760 23033 23385 23356 23401 23718 23807 23799 23832 23795 23756 23902 23892 23629 23330 22998 22859 22744 22736 22931 22992 22865 22604 22407
25181 25275 25164 24501 23705 23510 23004 22945 22776 22983 22976 24753 24928 24965 24720 24548 24116 23958 23729 23628 23554 23399 23322 23273 23082 23008 23066 22955 22980 22980 22991 23070 23243 23287 23208 23106 23158 23313 22827 22537 22519 22715 22576 22612 22698 22723 22792 22958 22945 22949 23107 23531 23577 23049 22999 23633 23514 23443 23564 23676 23781 23811 23505 23666 23756 23731 23384 23240 23079 22619 22624 22663 22737 22535 22438 22303 22185
25153 24907 23668 23044 22288 21608 21179 21149 21434 21411 21906 23623 24804 25151 25059 24768 24664 24230 24172 23861 23717 23720 23424 23403 23169 23123 23174 23139 23062 23046 23047 23119 23337 23366 23233 23258 23440 23490 22096 21292 23232 23167 22599 22578 22629 22657 22575 22566 22658 22916 22943 23041 23525 23597 23001 23059 23360 23450 23471 23681 23703 23030 22600 22554 22847 22789 22806 22772 22552 22523 22503 22524 22463 22419 22346 22224 22190
24934 23860 22615 21667 20689 19987 19375 19569 19898 20235 20697 22222 23807 24964 25065 25073 24797 24666 24374 24321 24198 23934 23517 23287 23170 23108 23123 23112 23069 23048 23038 22969 23229 23295 23033 23006 23547 23588 22160 21333 23190 23060 22615 22548 22624 22669 22560 22792 22805 22831 22962 23032 23519 23601 22968 23456 23776 23627 23624 23537 23544 22863 22614 22564 22521 22469 22481 22565 22447 22502 22503 22595 22512 22375 22397 22452 22375
24065 22540 21724 20364 18916 18888 18899 18943 18996 19110 19795 20974 22488 23942 24786 24810 24687 24716 24705 24220 24331 24240 23843 23588 23516 23380 23107 23127 23143 23122 23066 23025 23158 23189 22337 22055 23143 23213 22003 22063 23018 22916 22558 22529 22537 22546 22800 22923 23039 23104 23257 23385 23603 23258 22825 23349 23649 23643 23651 23237 23587 23679 23424 22867 22742 22491 22442 22501 22491 22467 22548 22678 22475 22364 22376 22546 22473
23125 22179 21151 19723 18812 18830 18845 18861 18935 18962 19058 20229 21443 22961 24126 24168 24372 24495 24620 24628 24325 24276 24006 23912 23911 23563 23373 23138 23001 23096 23248 23545 23696 23792 23607 23224 23240 22784 23034 23261 23001 22894 22618 22524 22530 22541 22800 23058 23285 22883 23154 23372 23655 23501 22940 23108 23139 23121 23061 23051 23504 23615 23501 23027 22623 22519 22488 22474 22479 22445 22550 22660 22518 22450 22469 22360 22384
22691 22027 20866 19320 18794 18787 18869 18937 18962 19036 19034 19651 20951 22089 22998 23075 23344 23725 24456 24657 24102 23046 22839 23773 23967 23758 23417 23011 23169 23383 23393 23627 23819 23838 23530 23393 23289 22988 22554 23029 23043 22782 22703 22676 22646 22675 22765 22570 23219 23447 23518 23461 23379 23144 23243 23099 22964 23061 23310 23294 23735 23803 23670 23276 22933 22750 22541 22620 22677 22587 22485 22589 22585 22563 22475 22493 22377
22871 22172 21112 19713 18773 18785 18817 18867 18804 19035 19080 19490 20789 21776 22126 22393 22655 22797 23602 23909 23266 22576 22493 23056 23818 23772 23403 23246 23374 23481 23201 22869 22856 23091 23371 23502 23595 23055 22748 22599 22771 22796 22849 22740 22765 22736 22813 22731 23055 23390 23413 23269 22977 23096 23223 23007 22967 23078 23348 23347 23725 23849 23753 23523 23519 23155 22704 22595 22665 22599 22559 22732 22766 22684 22595 22784 22772
24035 22759 21518 20539 19259 18749 18863 18994 18954 19050 19076 19426 20893 21497 21656 21854 22085 22201 22967 23655 23898 23355 22643 23012 23417 23491 23457 23379 23350 23401 23050 22088 21754 22097 23234 23847 24094 23772 22987 22598 22583 23046 23076 22832 22742 22688 22724 22701 22745 22869 22879 22640 22848 23036 23145 23096 23043 23044 23143 23711 23483 22754 21265 22192 23633 23467 22975 22564 22586 22604 22603 22762 22858 22928 22729 22949 23124
24855 24185 22188 20775 20101 19253 18505 19130 19174 18961 19335 20647 21584 21569 21147 20954 21220 21700 22252 23469 24296 24546 24339 23913 23682 23601 23406 23374 23409 23392 22512 21797 21994 22572 23310 23269 23850 23943 23495 22884 22987 23153 23094 22761 22743 22710 22679 22653 22613 22685 22634 22756 23027 23224 23310 23329 23257 23100 23289 23840 22920 20957 18834 20243 22747 23476 23031 22596 22521 22630 22618 21994 22393 22562 22155 21594 21954
24787 24719 23564 21945 20943 20117 18359 18529 19718 20031 21003 21403 21485 21179 21068 21065 20907 21216 21756 22862 24082 24605 24510 24106 24011 23707 23570 23643 23746 23738 23028 23012 22866 22443 22678 21115 22016 22788 23667 23851 23420 23333 22974 22803 22785 22755 22694 22647 22621 22588 22611 22763 23087 23249 23458 23718 23559 23430 23286 23879 23786 22761 21025 22122 23497 23307 22900 22797 22673 22864 23173 22733 22020 21870 21658 21447 21355
24806 24831 24374 23580 22550 21960 20580 20586 21117 21466 21552 21325 21163 20917 20950 21096 21028 21113 21738 22823 23978 24369 24336 24213 24298 24166 23810 24039 23990 24040 23969 24325 23701 22177 21404 21356 20085 21311 23670 24011 23494 23339 23091 22962 22882 22817 22797 22680 22651 22633 22659 22770 23038 23256 23470 23702 23538 23539 23495 23599 23806 23696 23613 23610 23569 23283 23168 23205 23085 22904 23453 23490 23017 22666 22533 21453 21334
24785 24913 24807 24153 23461 23018 22514 22211 22041 21903 21316 21171 21114 21095 21012 21103 21049 21395 22098 23329 24510 24654 24456 24315 24236 23831 24192 24138 23934 24091 24327 24755 23605 21941 21065 21171 21029 22008 23953 24222 23620 23375 23330 23191 22948 22930 22914 22848 22753 22749 22726 22778 22976 23303 23693 23666 23259 23214 23386 23317 23273 23544 23650 23491 23074 23045 23372 23426 23359 23336 23438 23372 23167 22762 22860 22727 22122
24742 24901 24872 24331 23391 22869 22282 21964 21682 21187 20935 21036 21074 21021 21103 21148 21407 22027 22995 24002 24741 24721 24391 24130 22767 22580 24382 24317 24010 24081 24682 24893 23262 21855 20846 20886 21263 22007 23715 24324 24194 23630 23473 23324 23185 23441 22948 22842 22891 22826 22773 22936 23053 23245 23742 23799 23492 23183 23192 23175 23088 23042 23047 23085 23095 23064 23327 23438 23308 23094 23157 22495 22277 22580 22864 23136 23239
