Alternative/Moon/Lvl0_30x30/Ele_CC.asc
ncols         335
nrows         335
xllcorner     -13342508.343
yllcorner     -27166.958
cellsize      10000
nodata_value  -9999.0
[rows 238 to 271 of 335, columns 231 to 307 of 335]
23366 23339 24187 24442 23570 23295 22578 22134 22236 22336 22928 23750 24272 24311 24464 24750 25036 25818 26051 26350 26193 25693 25455 25960 25672 25081 24491 23998 23488 23148 23321 23285 23618 23591 23471 23667 23321 22842 22169 21639 21634 21739 21711 21470 21362 21261 21315 21197 21272 22434 22925 22563 21398 21197 21348 21458 21221 21055 21017 20944 21391 22489 22496 23417 24545 25238 25421 26442 26775 25812 25569 24981 24562 24263 23982 23900 23954
23319 22617 23316 23936 23801 23362 22827 22200 22678 22714 23012 23614 24265 24306 24462 24678 25047 25884 26414 26648 26615 26281 25551 25949 25861 25295 24991 24951 24636 24289 24146 24308 24656 24529 24278 23913 23902 23484 22949 21933 22120 21710 21611 21547 21256 21058 20998 21019 21534 22625 23184 22784 22311 22551 22504 22571 22289 22048 21983 21819 22704 23506 24259 24367 24972 25624 26113 25996 26145 26088 25645 24856 24444 24317 24141 24183 24212
23223 22649 22607 23255 23319 22849 22489 22187 22621 22657 22638 23403 24254 24321 24337 24771 25892 26437 27113 27144 26929 26247 25622 25251 25412 25135 25269 25308 24809 24733 24494 24948 25143 25104 24949 24703 24599 23693 23220 22473 22687 22637 22171 21941 22028 21504 20819 20994 21620 22485 23048 22903 22949 23383 23756 23982 23695 23380 23059 23856 24549 25328 25964 26041 25991 27066 27351 26284 26379 26178 25840 25020 24547 24569 24424 24206 24249
22925 22795 22759 22916 22959 22578 22209 22363 22608 22743 22850 23512 24157 24375 24405 24828 25648 26278 27051 27040 27018 25996 25289 24837 25067 25120 25551 25738 25608 25247 25114 25186 25188 25038 24926 25150 24851 24095 24057 22658 22893 22895 22307 22296 22419 21984 20928 20636 21355 22137 23479 24001 23615 23814 24715 25143 25055 24751 25238 25976 26219 26520 26653 27072 26801 27200 27104 26687 26192 25772 25150 24198 23925 23960 23940 23910 23904
22683 22664 22656 22751 22644 22519 22255 22322 22782 22960 23205 24045 24571 24640 24705 24946 25447 26099 26642 26674 26615 25846 25018 24847 25081 25229 25700 25657 25602 25694 25685 25671 25938 25100 24666 24993 24688 24713 24964 23484 22798 22759 22134 22275 22399 22079 21625 21214 21622 22457 23947 24764 24515 24307 25374 25827 25886 25697 25829 26239 26389 26508 26350 26529 26493 26036 25767 25367 24601 23848 23242 23287 23169 23096 23176 23272 23307
22786 22706 22154 22344 22269 22651 22773 22475 22864 23266 24012 24640 25257 25480 25310 25069 25494 26302 26559 26567 26403 25457 24965 25484 25349 25615 25984 25981 26037 25833 25912 25909 25991 25166 24497 24056 24657 25588 25846 24131 22930 22283 22353 22371 22172 22011 22093 22037 22571 23495 24336 25131 25195 24301 25406 25949 25795 25735 25792 25920 26058 25862 25201 24540 24490 24363 24263 23745 23412 23240 23089 23329 23230 22662 22677 23138 22954
23416 22881 22153 21307 22227 22774 23092 23020 23392 24126 24222 23823 24262 25556 25720 25174 25421 25797 25873 25864 25632 25124 24996 25474 25341 25622 25830 25904 25748 25585 25861 25964 25924 25207 24167 23403 24426 25557 25882 24618 23369 22627 22502 22370 22490 22506 22406 22284 22942 23838 24729 25414 25422 24629 25324 25878 25566 24913 25031 25434 25490 24842 23781 23083 23211 23907 23845 23662 23410 23310 23226 23075 23073 22848 22999 23353 23234
23530 23046 21964 21463 21519 21818 22852 22958 23592 24528 23964 21023 21444 23522 25548 25399 24952 24744 24802 24452 24275 23778 24712 25476 25318 25248 25464 25390 25256 25475 25541 25994 25630 24599 24285 23787 24255 25260 25796 25508 24225 23528 22866 22487 22737 22928 22797 22857 22975 23623 24563 25100 25019 24663 24179 24774 24961 24727 24367 23968 23680 23613 23511 22998 22672 23330 23322 22597 22880 22951 22872 22730 22588 22546 22748 22910 22872
23079 22899 22287 21973 21788 21538 21951 22526 23422 24602 24017 21151 20955 23253 25517 25519 24794 24702 24153 23814 23775 23782 24439 25039 25194 25265 25001 24755 24599 25018 25737 26092 25948 25318 25150 24934 24786 25222 25823 25495 24708 24233 22991 22746 22963 23191 23128 23712 23772 23736 24102 24218 24278 24179 24434 24769 25072 24714 24068 23338 22930 23184 23390 23002 22706 22331 22562 22295 22428 22489 22441 22126 21933 21979 22227 22329 21894
22563 22458 22187 22384 21828 21959 21628 22300 23466 24635 24940 23814 23416 25314 25937 25782 25277 24240 23244 22890 23522 24276 24639 24831 25351 25507 25012 24168 24439 25146 25897 26038 26223 26258 25651 25356 25580 25776 25732 24671 24572 24160 23022 22823 23353 23451 23934 24577 24784 24599 24199 23646 23288 23671 23870 24331 24691 24333 23504 22809 22314 22601 22778 22798 22712 22358 22131 22128 21650 21682 21727 21209 21221 21280 21279 21404 20853
21888 22304 22264 22243 22893 23023 22689 22518 23258 24275 25212 25483 25645 25773 25796 26022 25934 24989 24187 23590 24307 24659 25081 25024 25080 25292 24798 24613 24825 25181 25854 25973 26476 26599 26559 25610 26163 26253 26179 25263 25029 24471 23511 23923 23813 24088 24866 25396 25541 25566 25067 23703 23061 23692 24009 24062 24025 23474 22375 21937 22123 22076 21897 21981 21753 21833 21182 21117 21461 21429 21156 21041 21147 21230 21052 21243 20470
23311 22755 22734 22631 23340 23340 23346 23664 24170 24435 24774 25054 25428 25553 25707 26107 26095 25869 25385 25129 25055 25116 25310 25356 24973 24930 24561 24671 24902 25107 25973 26460 26819 26485 26789 26017 26635 26653 26690 25929 25219 24561 24156 24675 24643 24910 25392 25760 26034 26055 25566 24361 23916 24448 24367 23839 23627 22867 22045 21524 21371 21459 21356 21142 20889 20919 20436 20429 20693 20585 20376 20430 20388 20235 20539 20604 20329
23919 23185 22981 23199 23705 23743 24083 24733 25263 25088 25001 25474 26001 26103 26177 26378 26376 26548 26433 26393 25973 25880 25375 25471 25112 25003 24246 24416 24618 25092 25974 26571 26823 26291 26533 26287 26712 26698 26646 26271 25310 24866 24945 25162 25218 25448 25616 25802 26099 26121 26013 25505 25449 25333 24711 23822 23205 22280 21513 20947 20406 20522 20510 20492 20472 20570 20115 20200 20031 19915 20166 20139 19849 19895 20011 20231 20120
24432 23348 23061 24023 24182 24186 24733 25561 26649 26658 26032 26524 26998 27237 27431 27296 26832 26970 27208 27051 26671 26404 25307 25432 25200 24909 24213 23969 24526 24830 24982 25386 25377 25845 26363 26443 26667 26714 26799 26074 25136 25349 25509 25555 26002 26173 26143 25875 25988 26056 26185 26582 26024 25396 24884 23892 23139 22104 20736 20416 20095 20132 20200 20069 19965 19731 19738 19661 19628 19879 19789 19783 19787 19892 19756 19693 19709
24720 23448 23201 24402 24513 24648 24760 25658 26814 26898 27080 27263 27473 27708 27834 27544 27077 27154 27229 27197 26865 26344 25534 25197 25135 24906 24573 23559 23395 23819 24010 24463 24643 25267 25975 26419 26977 27142 26939 25958 25586 25386 25816 26605 26680 26540 26111 26208 26139 26003 26470 26705 25969 24780 24518 23798 23029 21961 20354 19908 19903 19937 19984 19772 19586 19868 19965 19541 19647 19605 19721 19702 19733 19753 19844 19186 19464
24759 24175 23810 24395 25098 25278 24777 25491 26622 26815 27243 27418 27504 27563 27572 26946 27441 27714 27761 27330 27108 26365 26018 25676 25074 24661 24196 23336 22615 22798 23288 24155 24218 24809 25380 26210 26870 27180 27092 26134 25577 25470 25893 26577 26920 26709 25952 26088 26152 26163 26596 26864 26072 25124 24677 23582 22825 21800 20526 19719 19440 19541 19553 19493 19529 19578 19620 19620 19340 19482 19673 19730 19688 19919 19989 19942 19921
24750 24347 24445 24705 24863 25256 25133 25281 26290 26362 26847 27189 27203 26914 26968 26904 26893 27662 27817 27413 27095 26458 26020 25837 25098 24637 23779 23218 22462 22322 23060 23834 23987 24185 24764 25758 26541 26801 26777 26472 25868 25647 26244 26451 26726 26337 25846 25689 25887 26086 26572 26857 26505 25704 24920 23491 22938 21815 20784 19727 18976 18854 18790 18927 18774 18634 18320 18557 18547 18626 18522 19111 19280 19551 19639 19666 19589
24631 25035 25367 25312 25203 25574 25903 25617 26122 26432 26624 26733 26498 26634 26462 26613 26419 26558 27120 27035 26525 26448 26067 25498 24929 24780 24498 23256 22928 22958 23408 24247 24461 23782 24473 24977 25492 26142 26709 26471 26133 26163 26148 26788 26581 25944 25606 25682 25913 26055 26291 26621 26522 26099 25310 24129 23328 22196 21172 20126 19485 19283 18787 18759 18604 18221 18094 18124 18555 18674 18605 18836 19139 19510 19532 18792 18725
24957 25330 26122 26355 26141 26407 26540 26078 26525 26622 26236 25996 26478 26556 26561 26686 26332 25967 25831 26212 26267 26223 26057 25663 25182 24936 24659 23438 22674 23012 23816 24601 24641 24119 24060 24551 24971 25361 25989 26223 26124 26150 26164 26777 26456 25760 25184 25038 25459 25868 26096 26551 26445 26179 25502 24691 23595 22665 21596 20472 19762 19305 18923 18652 18437 18095 18059 18294 18642 18763 18919 19085 19016 19222 19202 18804 18537
25058 25234 26053 26567 26380 27245 27110 26607 26539 26310 25625 25598 26118 26157 25955 26034 25689 25317 24386 25179 25459 25586 25508 25301 25118 24764 24153 23328 22800 23412 24034 24004 24442 24418 24359 24163 24575 24696 25054 25898 26113 26113 26488 26652 26188 25302 24918 24817 24896 25226 25757 26260 26532 26501 26280 25808 24720 23341 22355 20988 20204 19380 19118 18694 18255 18084 17989 18162 18588 18711 18871 19170 19204 18986 18915 18925 18615
25179 25418 25420 26034 26624 27274 27073 26564 26256 25700 24816 24985 25553 25488 24944 25258 25317 24812 24245 24403 25099 25441 25482 25024 24318 24054 23856 23367 23303 23527 24088 24027 24589 24416 24196 24171 24353 24681 24860 25502 25865 26015 26370 26325 25685 24594 24304 24483 24634 25096 25323 26301 26804 26722 26661 26238 25826 24044 22332 21417 20723 19633 19254 18836 18133 18065 17922 17959 18377 18576 18885 19054 19076 19183 18929 18879 18555
25560 25776 25496 25260 26159 26376 26024 26066 25952 24777 24139 24045 24314 24250 23972 24534 24737 24627 24157 24241 25203 25402 25483 24945 23616 22862 23055 23407 24042 23889 23614 24022 24506 24443 23936 24520 24490 24442 24881 25388 25655 25873 25774 25170 24250 23588 23953 24079 24334 25064 25176 26458 26786 26825 27481 27542 26764 24569 23518 22268 21132 20027 19368 18785 18065 17972 17945 17881 17955 18343 18502 18828 19092 19165 18762 18799 18695
26290 26017 25578 25259 25238 25483 25507 25199 24758 24342 23745 23270 23521 23632 23848 24286 23900 23734 23920 23321 24310 24837 24814 24199 23020 22574 21845 23110 24261 24380 23946 23892 24468 24476 24278 24442 24317 24301 24591 25329 25513 25366 24454 24233 24264 23949 23726 23746 23950 24268 25064 26095 26426 26885 28164 28087 26599 24530 23765 22535 21170 20119 19788 18546 17589 17680 17670 17535 17886 18044 18411 18509 18778 18964 18645 18647 18784
26282 26145 26019 25706 24581 24119 23678 23819 23737 23640 23366 23012 23150 23166 23098 23479 22965 22939 23131 23005 23131 23722 23632 22740 21752 21578 21597 22677 23613 24596 24384 24026 24091 24444 24349 24151 24080 24093 24565 25068 25116 24603 24031 24743 24793 24285 23797 23554 23974 23650 24512 25378 25845 26373 27845 27631 26136 24556 23377 22815 21247 19949 19666 18580 17043 16714 17027 17866 18442 18369 18930 18964 18915 18939 18503 18613 18725
26580 26663 26413 25907 24850 23751 23130 22374 22830 22889 22705 22657 22415 22487 22338 22357 22433 22287 22527 22570 22330 22324 22469 21844 20954 21193 21667 22685 22887 24121 24357 24277 24393 24363 24543 24063 24098 24114 24563 24585 24692 24785 24413 24878 25082 24951 24200 23488 23831 23427 23832 24162 24664 25742 26872 26413 25579 24545 23298 23064 21869 20432 20107 18640 17105 16377 17029 18111 18464 18645 19131 19239 18967 18947 18388 18609 18888
25647 25753 25187 24402 24591 23877 23143 21904 22011 21876 22114 22003 21629 21532 21459 21453 21406 21419 21127 21456 21372 21061 21379 21046 20615 20783 21549 22854 23328 24637 24900 25257 25329 24949 24789 24625 24292 24346 24130 24104 24496 24661 24382 24433 25098 25044 24566 23312 22990 22941 23309 23352 23927 25270 25881 24858 24221 23611 23080 22849 22026 21396 20808 18466 17250 16942 17268 17817 18482 18923 19080 19195 19044 18700 18526 19293 19363
22695 22808 22127 21294 23305 23805 23043 21639 21372 21137 21161 21172 20265 20587 20786 20539 20578 20732 20720 20621 20707 20174 20945 20667 20247 20940 21725 22547 23470 24793 25745 25742 25805 25195 24837 24903 24852 24371 24301 24325 24296 24140 23927 24001 24394 24455 24081 23466 22819 22580 22523 23230 24304 24869 24874 24583 24576 23051 22136 21795 21514 21706 21715 19442 18024 17815 18345 18634 19198 19303 19050 19331 19259 19321 20169 20202 20241
22022 21915 20979 20329 21656 23306 23277 21842 21175 20885 20655 20026 19444 19775 20224 20652 20281 20484 20552 20373 20099 20238 20288 20175 20630 20769 21437 22194 23421 24396 25779 26211 25815 25671 25317 25276 25167 24725 25208 24792 24376 24473 24369 24058 24226 24135 24022 24013 23051 22612 22643 24430 25591 25948 25335 24531 24354 22886 22202 21840 21281 22318 22447 20553 19155 18668 19099 19446 19712 19510 19299 19851 19973 19835 21729 22050 21399
22155 21828 20641 19766 20784 22946 23268 21846 20780 20460 20266 19101 19277 19940 20026 19886 19968 20090 20071 19908 19664 19978 19920 19923 20522 20780 21128 21842 23123 24433 25526 26231 26280 26322 25808 25592 25172 24985 25217 25286 25152 24627 24543 24500 24350 24088 24012 24005 23562 23052 23090 25413 26137 26307 25788 24071 23401 23113 22753 21937 21879 22896 22798 21321 20191 19486 19779 20271 20342 19946 19376 20209 20585 20806 21760 22152 21707
23444 21726 20409 19690 21831 22978 22999 21318 20376 19996 19702 18334 19051 19611 19771 19931 19601 19575 19839 19898 19524 19428 19422 19697 19930 20403 20860 21400 22543 23981 25429 25593 26315 26494 26105 25657 25878 25791 25484 25243 25738 25661 25577 25412 25159 24398 23924 23825 23755 23523 23756 25808 25928 26081 26040 24655 24437 23941 22766 22025 23285 23608 23187 22104 21235 20772 20822 21406 21363 20813 20298 20566 20650 21421 21683 21176 21543
23679 22877 22427 22416 23258 23005 22437 21394 20361 20099 19254 18002 17922 18779 19379 19369 19354 19440 19597 19587 19693 19492 19472 19491 19715 20177 20758 20629 21822 23089 25182 25900 26058 26276 26067 25831 25866 25798 25661 25645 25883 26315 26443 25879 24774 24251 23382 23384 23531 23517 23940 26011 25867 24832 25116 24613 24468 24341 23169 23205 24622 24824 23624 22903 22319 21904 22067 22166 22174 22391 21863 21332 20999 21352 21537 20447 21555
24640 24379 24252 23862 23217 22819 21829 21485 20188 20247 19285 18080 17988 18611 19280 19569 19495 19536 19568 19618 19712 19280 19060 19120 19486 20000 20575 20535 21233 22480 24729 25937 25972 26243 26555 26478 26406 26481 26048 25634 25974 26403 26389 25875 24980 24185 23315 23370 23475 23358 23824 25122 25179 24589 23777 24009 23884 23349 23461 24400 25387 25408 24361 23478 23149 22557 23098 23186 23000 23274 23188 22485 21757 21405 20883 20166 21261
24661 24263 23874 23570 22564 21992 21682 21455 20003 20067 19277 18326 17899 18469 19454 19556 19525 19577 19537 19348 19435 19228 19065 19135 18839 19761 20127 19968 20766 22305 24094 25492 25822 26327 26572 26595 26969 26595 26604 26001 26119 26036 25983 25789 24822 24226 23275 23393 23401 23360 23612 23853 23720 23724 22421 22475 22580 22605 23644 24986 26008 26052 25249 24157 23935 23418 23918 23850 23695 23832 24163 23638 22880 22645 21413 20907 21605
24376 23916 23010 22705 21629 21025 20933 20615 19986 19988 19517 18784 18277 18418 19430 19263 19458 19254 19136 18999 19084 19159 19025 18707 18641 19254 20263 20036 20621 22051 23907 25487 26172 26372 26748 26644 26744 26577 27033 26404 26083 25790 25694 24814 23844 23113 23297 23367 23382 23395 23903 23830 22973 22281 21125 21402 22023 22274 24174 25774 26697 26763 26239 24971 24521 24317 24724 24611 24715 24741 24670 23925 23555 23506 22926 22865 22887
