Alternative/Moon/Lvl0_30x30/Ele_DG.asc
ncols         335
nrows         335
xllcorner     57491.657
yllcorner     -3377166.958
cellsize      10000
nodata_value  -9999.0
[rows 68 to 101 of 335, columns 231 to 307 of 335]
20567 20277 19449 18943 18033 15884 15870 16036 16162 16376 17276 17652 16894 15326 15212 15149 15191 15385 15550 15575 15685 15911 15969 15841 15627 15343 15319 15506 15895 15914 16298 16215 15819 15842 15848 15884 15884 15864 15874 15917 15925 15957 16020 15914 15850 15824 15845 15766 15705 15714 15626 15532 15504 15368 15258 15137 15110 15073 15117 15182 15511 15518 15557 15545 15721 15809 16166 15887 15449 15058 15035 15039 15048 15065 15020 15008 15035
20704 19821 18961 18791 17942 16080 15953 15953 15988 15990 16643 17319 16537 15287 15199 15184 15213 15509 15590 15577 15585 15814 15753 15877 16147 16049 15692 15694 16075 16396 16331 16602 16266 16543 16404 15937 15903 15918 15888 15891 15937 16030 15966 15936 15899 15827 15863 15892 15703 15692 15619 15529 15463 15332 15269 15151 15120 15136 15084 15223 15281 15517 15606 15578 15500 15700 15717 16007 16010 15638 15060 15070 15079 15045 15064 15060 15067
20110 19456 18972 18713 18064 16958 16016 15879 16036 15765 15486 16366 16445 15270 15307 15235 15372 15603 15644 15528 15416 15601 15636 15794 16330 16351 16423 15783 15797 16132 16447 16587 17419 17875 17575 16051 15938 15955 15895 15843 15864 15884 15862 15896 15893 15872 15827 15886 15795 15685 15555 15516 15463 15377 15291 15225 15128 15103 15072 14967 15155 15506 15640 15612 15461 15455 15675 15615 15692 15640 15099 15253 15202 15207 15255 15195 15467
19351 19259 19112 18445 17979 16980 16400 17008 17555 17366 16654 16365 15534 15313 15362 15329 15531 15601 15519 15375 15474 15659 15684 15964 15979 16124 16543 15921 15954 15890 15952 15911 16964 17850 17858 16976 15967 15881 16007 15878 15886 15878 15868 15895 15853 15834 15801 15742 15727 15636 15582 15478 15387 15387 15293 15180 15089 15093 15044 15020 15043 15300 15514 15588 15611 15628 15450 15403 15387 15601 15191 15596 15629 15908 15888 15763 15389
19438 19242 19235 18799 18282 17226 17438 18193 18644 18289 17112 16295 15621 15434 15413 15470 15463 15445 15312 15382 15447 15664 15757 15981 15808 15779 15783 15833 15870 15738 15678 15968 15939 17323 17635 17058 16117 15905 15970 15957 15850 15822 15820 15827 15820 15801 15841 15762 15730 15680 15589 15490 15417 15392 15330 15206 15141 15103 15080 15024 15052 15058 15152 15337 15526 15547 15215 15163 15160 15288 15237 15416 15366 15349 15471 15341 15252
19429 19148 19162 18841 18715 18040 17566 18163 18873 18751 17212 15842 15405 15886 15985 15619 15431 15393 15476 15358 15454 15643 15673 15727 15755 15817 15767 15855 15684 15566 15517 15802 15859 16101 17397 17140 16122 15805 15836 15862 15783 15799 15796 15806 15765 15781 15808 15814 15740 15695 15691 15488 15401 15453 15335 15199 15150 15198 15152 15129 15055 15013 15022 14961 15096 15090 14937 14948 15029 15118 15299 15409 15468 15474 15362 15352 15018
19411 19271 19154 18388 17652 17410 17411 17754 18564 18508 16971 15864 15308 15424 15708 15606 15355 15368 15393 15374 15504 15515 15613 15778 15770 15671 15706 15737 15637 15530 15445 15510 15753 16113 16892 17065 16202 15794 15851 15983 15817 15781 15740 15800 15763 15757 15769 15875 15767 15796 15728 15505 15512 15374 15370 15320 15178 15207 15144 15173 14991 14993 15012 14956 15005 14982 14959 14997 15233 15227 15270 15290 15156 15206 15229 15275 15054
19647 19439 19106 18450 17682 17400 17532 17435 16638 16852 16772 15903 15412 15399 15458 15487 15370 15404 15410 15460 15447 15715 15695 15796 15880 15725 15658 15598 15604 15573 15449 15633 15757 16155 16602 16519 16209 15793 15757 15804 15830 15710 15746 15772 15755 15723 15693 15723 15863 15720 15574 15454 15419 15413 15514 15511 15246 15127 15038 15007 15022 15016 14995 14971 15064 14987 14965 15064 15183 15129 15058 15070 15111 15030 15113 15042 15051
19594 19589 18761 17761 17684 17236 17028 16836 16553 16172 16207 16652 16732 16290 15446 15435 15394 15397 15446 15563 15552 15667 15782 15837 15771 15662 15670 15631 15600 15600 15642 15821 15824 16652 16689 15965 15984 15963 15706 15769 15812 15724 15792 15798 15846 15781 15815 15670 15636 15505 15482 15431 15466 15378 15636 15241 15167 15120 15004 14999 15056 15015 14941 15052 15049 15074 15047 15159 15143 15013 15004 15090 15149 15028 15022 15088 15197
19681 19608 19321 18350 17790 17540 17087 16259 15655 15720 15953 16597 16890 16425 15640 15308 15532 15360 15515 15658 15697 15614 15584 15599 15656 15657 15664 15606 15567 15643 15672 15939 15844 16200 16280 15893 16003 16015 15814 15724 15754 15722 15772 15817 15700 15680 15812 15736 15576 15510 15416 15521 15474 15517 15706 15314 15129 15094 15010 15086 15116 15049 14970 15082 15034 15032 15067 15106 15061 15084 15062 15112 15155 15035 15050 15110 15266
19901 19644 19565 19537 18866 18707 18178 17313 15522 15760 15946 16292 16227 15988 15405 15205 15511 15584 15457 15671 15624 15532 15613 15988 15623 15641 15656 15742 15674 15672 15700 15781 15732 15676 15836 15783 16002 16058 15884 15691 15746 15825 15720 15758 15697 15627 15784 15977 15589 15508 15439 15524 15536 15591 15715 15142 15117 15145 15050 15021 15096 15036 15049 14970 15045 15007 15089 15121 15139 15289 15350 15138 15064 15086 15140 15140 15272
19926 19648 19258 19204 18601 18014 17039 16127 15377 16059 16514 16524 15387 15380 15245 15435 15531 15492 15465 15512 15521 15453 15626 15900 15667 15612 15753 15827 15680 15682 15718 15681 15692 15709 15701 15754 15892 15954 15887 15802 15926 15776 15673 15736 15663 15617 15673 16027 15543 15533 15405 15530 15440 15616 15599 15100 15180 15185 15061 15056 15106 15045 15068 14970 15055 15130 15079 15135 15141 15316 15267 15122 15093 15116 15184 15191 15190
19657 19068 19147 18697 17371 15774 15277 15298 15268 15319 15490 16038 15972 15360 15284 15552 15561 15521 15421 15392 15458 15538 15531 15803 15641 15718 15737 15777 15819 15723 15578 15635 15625 15711 15743 15749 15786 15933 16105 16247 16320 16198 15722 15636 15638 15621 15579 15683 15715 15615 15353 15399 15528 15541 15121 15109 15170 15120 15033 15094 15084 15054 15041 15047 15059 15084 15149 15107 15110 14990 15093 15079 15073 15236 15101 15128 15184
19170 18456 18183 18328 16753 15255 15268 15329 15332 15318 15397 15397 15769 15417 15457 15399 15936 15773 15473 15367 15429 15606 15825 15493 15612 15663 15765 15545 15505 15453 15598 15573 15584 15570 15678 15655 15600 15694 15790 15877 16243 16421 15955 15628 15615 15609 15572 15600 15816 15875 15725 15362 15555 15281 15157 15122 15099 15078 15058 15107 15109 15075 15066 14984 15072 15102 15212 15170 15058 15026 15102 15072 15151 15294 15164 15087 15082
18800 18356 17996 18229 17292 15310 15304 15294 15329 15407 15359 15352 15362 15607 15639 15780 16000 15942 15615 15380 15400 15531 15523 15455 15607 15678 15606 15496 15383 15371 15514 15659 15552 15564 15561 15549 15563 15578 15549 15821 15884 16060 16068 15525 15549 15589 15531 15568 15510 15346 15743 15575 15307 15247 15093 15118 15152 15135 15057 15080 15087 15052 15132 14981 15152 15127 15099 15124 15072 15074 15130 15144 15185 15276 15077 15075 15070
18628 18239 17821 17643 17773 16999 15736 15332 15339 15631 15504 15525 15368 15543 15523 15668 16052 16139 15822 15489 15358 15382 15592 16045 15708 15631 15551 15538 15369 15433 15386 15427 15536 15568 15479 15540 15499 15477 15525 15562 15644 15875 15781 15458 15598 15561 15466 15480 15468 15301 15731 15604 15390 15329 15273 15208 15224 15166 15080 14992 14983 15124 15081 15039 15143 15148 15162 15039 15030 15073 15107 15102 15084 15106 15163 15111 15095
18197 17871 17501 16854 17707 17612 17166 16975 15852 16069 16764 16444 15969 15452 15354 15455 15832 16066 15997 15520 15383 15411 15707 16329 16222 15638 15628 15530 15298 15390 15356 15338 15397 15388 15396 15345 15410 15401 15365 15425 15482 15451 15425 15547 15333 15350 15343 15397 15396 15363 15529 15642 15408 15487 15835 15349 15259 15159 15118 15086 15099 14997 15063 15274 15261 15212 15178 15069 15043 15159 15176 15146 15175 15181 15180 15188 15292
17944 17633 17196 17072 16856 16820 16719 17044 16844 16531 16501 16225 15766 15504 15493 15373 15549 16196 16443 16170 15898 15775 15780 16359 16342 15901 15611 15508 15273 15270 15296 15284 15324 15332 15316 15257 15340 15357 15298 15310 15408 15459 15368 15309 15272 15268 15305 15421 15412 15290 15596 15521 15348 15610 16040 15759 15308 15183 15238 15336 15340 15068 15066 15255 15250 15180 15092 15067 15138 15154 15218 15164 15166 15143 15196 15259 15351
17922 17555 17120 16884 16627 16580 16307 16241 16546 16214 15821 15495 15380 15560 15563 15363 15467 16020 16551 16466 16382 16165 16053 16490 16073 15878 15684 15484 15428 15226 15228 15300 15253 15312 15238 15232 15236 15298 15281 15220 15330 15410 15335 15154 15462 15498 15332 15381 15367 15264 15337 15211 15510 15501 15929 16165 15323 15232 15355 15343 15329 15160 15148 15163 15150 15140 15105 15099 15191 15179 15232 15191 15139 15166 15227 15370 15367
18349 17526 17220 16765 16486 16302 16061 15794 16302 16145 15353 15402 15352 15443 15604 15457 15342 15510 15845 15930 15996 16111 16112 16362 16011 15610 15623 15716 15406 15264 15166 15221 15257 15162 15138 15160 15267 15305 15176 15206 15204 15166 15060 15436 15423 15492 15334 15337 15453 15355 15552 15723 15622 15969 16860 16832 15329 15137 15277 15306 15350 15207 15164 15160 15035 15160 15187 15139 15172 15209 15233 15245 15174 15183 15285 15264 15267
18810 17597 17159 16658 16530 16332 15849 15315 16051 16069 15810 15466 15443 15374 15347 15448 15452 15555 15584 15441 15498 15619 15962 16003 15632 15639 15555 15615 15493 15225 15202 15178 15114 15190 15146 15164 15120 15128 15181 15086 15140 15142 15057 15472 15431 15274 15341 15406 15270 15363 15467 16147 16088 16308 17048 16940 15380 15199 15291 15388 15430 15510 15248 15167 15124 15171 15186 15246 15211 15191 15203 15241 15186 15214 15312 15341 15398
19161 18479 17704 16665 16461 16281 15475 15484 15311 15366 16009 15879 15496 15355 15341 15278 15523 15445 15484 15524 15566 15825 15764 15820 15596 15490 15485 15536 15470 15265 15213 15183 15246 15169 15200 15180 15158 15059 15113 15057 15061 15102 15079 15245 15270 15179 15233 15165 15448 15412 15405 16035 16067 16061 16241 15564 15206 15220 15394 15469 15484 15457 15258 15217 15199 15187 15237 15215 15198 15244 15209 15195 15253 15247 15319 15256 15185
19506 19227 18353 17371 16591 16346 16047 15442 15350 15373 15565 15653 15522 15371 15293 15369 15471 15408 15467 15546 15600 15856 15837 15847 15673 15772 15656 15558 15426 15281 15265 15182 15238 15133 15205 15205 15087 15089 15123 15107 15094 15058 15199 15168 15246 15196 15237 15156 15211 15237 15231 15679 15601 15300 15421 15328 15300 15510 15432 15500 15590 15516 15388 15220 15222 15270 15465 15306 15396 15425 15452 15225 15256 15273 15322 15263 15143
19031 19309 19129 17816 16842 16473 16538 16593 15514 15402 15517 15479 15431 15307 15274 15466 15433 15366 15374 15317 15410 15528 15758 15839 15730 15597 15639 15639 15458 15383 15278 15130 15143 15262 15247 15142 15164 15200 15187 15144 15121 15110 15261 15144 15055 15219 15134 15136 15176 15078 15153 15333 15370 15231 15279 15399 15532 15418 15483 15601 15639 15616 15344 15302 15352 15364 15699 15506 15402 15513 15495 15303 15292 15276 15208 15172 15229
18920 19138 19076 17996 17113 16744 16587 16579 16392 16355 15912 15549 15427 15331 15367 15692 15641 15387 15494 15362 15322 15560 15671 15464 15410 15512 15718 15709 15499 15384 15382 15292 15145 15234 15253 15210 15131 15197 15234 15193 15196 15203 15199 15080 15099 15164 15271 15397 15292 15096 15135 15176 15197 15186 15240 15394 15415 15461 15435 15642 15645 15529 15464 15491 15455 15436 15433 15434 15228 15209 15276 15270 15313 15264 15171 15079 15308
20039 19987 18856 17737 17802 17283 16820 16661 16837 16651 15999 15650 15565 15368 15448 15631 15699 15628 15505 15404 15329 15586 15619 15489 15341 15339 15424 15509 15547 15561 15636 15364 15150 15030 15207 15231 15243 15219 15314 15401 15263 15177 15360 15291 15245 15326 15230 15255 15206 15036 15193 15300 15200 15204 15243 15289 15330 15343 15387 15481 15543 15795 15885 15746 15416 15352 15392 15268 15164 15317 15302 15419 15395 15196 15199 15162 15160
20746 19997 19333 18352 18072 17679 17106 16650 16586 15992 15630 15523 15515 15594 15541 15708 15797 15676 15614 15413 15448 15467 15596 15573 15426 15345 15511 15491 15458 15599 15626 15378 15209 15102 15117 15263 15313 15286 15295 15370 15401 15428 15276 15400 15237 15363 15430 15253 15080 15060 15226 15314 15302 15261 15250 15623 15636 15349 15365 15376 15418 15608 15824 15751 15392 15208 15264 15264 15246 15278 15290 15340 15351 15128 15042 15134 15142
20986 20253 19537 18960 18725 18015 17669 16960 16500 15522 15482 15467 15473 15661 15630 15671 15841 15767 15612 15515 15400 15464 15641 15465 15322 15325 15469 15438 15402 15378 15449 15578 15243 15275 15141 15240 15228 15250 15285 15365 15439 15455 15446 15615 15375 15308 15311 15394 15082 15097 15279 15334 15311 15297 15426 15607 15550 15354 15372 15383 15429 15423 15436 15494 15443 15363 15318 15300 15302 15248 15269 15380 15216 15188 15190 15134 15129
21319 20724 20203 19440 19203 18803 18091 17504 17134 16505 15643 15405 15338 15425 15478 15635 15775 15894 15974 16133 15830 15414 15534 15457 15270 15302 15501 15486 15384 15345 15392 15510 15352 15239 15173 15253 15223 15274 15286 15438 15443 15566 15570 15576 15498 15321 15415 15310 15182 15297 15385 15316 15288 15398 15504 15620 15434 15464 15570 15425 15461 15451 15460 15436 15494 15581 15540 15230 15264 15221 15300 15389 15353 15377 15165 15150 15261
21830 21387 20917 20397 19736 19089 18821 18349 17732 17266 16104 15588 15533 15422 15488 15642 15674 15863 16082 16275 16381 15487 15986 15668 15315 15273 15286 15471 15507 15587 15499 15320 15208 15087 15124 15110 15181 15264 15270 15363 15410 15606 15610 15603 15617 15549 15416 15312 15323 15547 15662 15403 15421 15368 15460 15792 15609 15550 15669 15440 15610 15517 15468 15477 15766 15624 15509 15229 15389 15562 15648 15496 15588 15389 15214 15180 15306
22789 22479 21813 21098 20044 18708 18741 18544 18244 17490 16582 15905 15493 15407 15605 15567 15621 15781 16095 16368 16399 15589 16094 15596 15388 15400 15518 15480 15847 15790 15738 15558 15364 15080 15061 15070 15118 15344 15333 15326 15554 15844 15835 15821 15865 15671 15498 15402 15591 15847 15860 15500 15624 15503 15559 15937 15771 15571 15449 15758 15532 15587 15580 15505 15710 15570 15519 15536 15611 15668 15678 15573 15522 15365 15167 15271 15267
23085 23150 22763 21497 20031 18735 18466 18410 17886 16701 16318 15787 15725 15419 15500 15553 15595 16079 16244 16215 15923 15689 15703 15787 15630 15655 15593 15647 16124 16048 15695 15568 15422 15151 15061 15079 15084 15489 15577 15364 15595 15899 15920 16257 16370 16319 16056 15824 16038 16059 15904 16264 16175 15706 16232 16280 15818 15714 16369 16471 16218 15819 15800 15751 15798 15910 15837 15669 15519 15436 15575 15679 15361 15284 15307 15354 15200
22970 23123 23089 21996 19808 18886 18495 17155 15664 15667 15575 15408 16346 15983 15508 15605 15727 15881 16199 16356 16196 16063 15818 16038 15888 15677 15677 16338 16716 16247 15738 15729 15649 15465 15278 15227 15224 15502 15626 15451 15683 16032 16112 16261 16516 16611 16621 16817 16973 16785 16874 16990 16786 17086 17045 16837 16639 16740 16948 17101 16992 16888 16474 16250 16287 16017 15562 15576 15520 15759 15669 15444 15305 15506 15417 15446 15302
22672 22769 22751 21843 19882 18851 17733 15591 15461 15614 15744 15586 16303 16115 15388 15533 15823 16071 16551 16420 16308 16307 16291 15593 15905 15603 15639 16422 16716 16325 15974 15951 15779 15639 15470 15220 15508 15472 15767 16010 16307 16211 16193 16492 16584 16722 16825 16905 17482 17689 18134 18082 17459 17369 17582 17518 17538 17446 17399 17624 17809 17846 17409 17055 16586 16294 16204 15770 16189 16321 16221 15540 15548 15506 15392 15493 15427
