Alternative/Moon/Lvl0_30x30/Ele_EI.asc
ncols         335
nrows         335
xllcorner     6757491.657
yllcorner     -6727166.958
cellsize      10000
nodata_value  -9999.0
[rows 34 to 67 of 335, columns 77 to 153 of 335]
16078 16748 17501 18372 19609 20372 20087 20275 20031 19294 18813 18829 18531 18522 18696 18618 18418 18549 18671 18922 19184 18822 18717 18524 18631 18580 18457 18506 18543 18643 18638 18958 19120 18856 18857 18695 18320 18653 19051 18895 19087 19286 19324 19387 19628 19713 19586 19795 19768 19755 19531 19330 18985 18759 18642 18825 18988 19058 18349 18972 18960 18747 18848 18801 18458 18660 18476 17970 18658 19035 18813 18729 18859 18943 19119 19129 19415
15662 16350 17262 17937 18586 19053 19731 20020 19975 19304 19062 19038 18556 18230 18609 18599 18543 18572 18663 18805 19008 18918 18802 18323 18723 18847 18601 18559 18485 18399 18385 18531 18684 18900 19042 19351 19291 18448 18830 18854 18703 18728 18880 19024 19361 19516 19547 19666 19428 19294 19140 19252 18887 18570 18475 18572 18729 19048 19014 18946 18849 19005 18729 18371 18555 19006 19051 18746 18826 19072 18793 18613 18711 18990 19129 19047 19102
14699 15202 16592 17545 18264 18613 19124 19669 19734 19622 19318 19168 18801 18575 18485 18467 18403 18416 18646 18720 18585 18499 18478 18521 18778 18674 18320 18892 18592 18505 18296 18309 18467 18888 19101 19258 19112 18735 18397 18551 18623 18686 18912 19083 19177 19141 19428 19400 19249 19137 19172 19183 18891 18706 18545 18900 18791 18657 18752 18948 18836 18847 18316 18097 18195 18950 19117 19001 18880 18856 18736 18821 18763 18994 19319 19401 19372
14701 14759 15582 16718 17567 17826 18346 18909 19208 19305 19204 19119 18830 18539 18236 18240 18155 18300 18701 18737 18566 18469 18637 18704 18652 18018 18542 18828 18605 18603 18311 18249 18345 18596 18680 18809 18800 18726 18518 18514 18431 18530 18825 18994 19179 19015 19073 19103 19065 19031 19025 18759 18817 18299 18489 18615 18631 18645 18635 18860 18676 18611 18529 18368 18381 18534 18634 18713 18732 18809 18831 18905 18943 19086 19309 19358 19287
15286 15672 15932 15906 16012 16229 16475 16958 17566 18428 18412 18200 18464 18232 18272 18177 18174 18254 18639 18790 18524 18465 18704 18645 18677 18541 18407 18461 18574 18500 18405 18328 18293 18407 18388 17911 17555 17916 18412 18439 18716 18768 19104 19542 19410 19388 19321 19197 19062 18900 18824 18810 18553 18625 18639 18730 18390 18940 18815 18792 18778 18748 19016 19198 18885 18681 18757 18770 18742 18757 18643 18553 18718 19017 19177 19186 19363
17342 17814 17879 17840 16997 16115 15441 15436 15625 16490 16595 16719 17611 18262 18386 18139 18062 18274 18108 18126 18385 18561 18535 18304 18234 18499 18283 18307 18217 18119 18144 18161 18417 18488 17908 17482 17392 17448 18314 18349 18394 18730 19128 19390 19247 19326 19464 19539 19420 18865 18816 18827 18809 18924 18558 18576 18460 18966 19043 18952 18811 18653 18894 19010 18946 18824 18802 18810 18730 18131 17736 17600 17787 18532 18482 18214 19058
18619 19139 19125 19178 18239 17441 16676 16244 16167 16130 16203 16162 16251 17366 17907 17968 17727 18242 18179 18347 18322 18312 18239 18413 18739 18632 18735 18767 18453 18425 18419 18326 18367 18518 18363 17789 17469 17895 18586 18616 18377 18719 18735 17995 17442 17789 18920 19286 19259 18898 18560 18514 18647 18630 18625 18613 18656 18656 18790 18874 18856 19036 19041 18986 18879 18919 18778 18629 18506 17725 17490 17407 17424 17856 18166 18297 18862
19420 19598 19522 19352 18834 18591 18458 18122 17525 17310 17021 16788 16438 16195 16591 16840 16686 16798 17346 18071 18330 18248 18503 18426 18597 18433 18256 18828 18852 18432 18310 18582 18722 18811 18532 18284 18059 18421 18427 18404 18421 18358 17777 16890 16755 16979 17657 17728 18136 18587 18922 18713 18410 18344 18431 18442 18558 18729 18841 18886 18920 19072 19094 19002 18890 18519 18413 18626 17936 17451 17418 17314 17381 17587 18053 18023 18504
19544 19619 19413 19272 18956 18770 18718 18352 18013 18013 17959 17761 17078 16193 16174 16185 16164 16167 16175 16805 17485 18797 18724 18521 18672 17192 16797 18352 18805 18537 18674 18611 18685 18725 18758 18687 18583 18787 18693 18448 18419 18378 17969 17052 17050 17012 17631 17715 17541 18220 18810 18546 18669 18235 18416 18613 18669 18621 18724 18819 18921 18892 18874 18916 18728 18560 18409 18476 17826 17333 17228 17296 17425 17352 17843 18032 18521
19395 19228 19097 18956 18693 18571 18264 18184 18040 18180 18433 18325 17981 17103 16563 16311 16198 16186 16252 16290 17325 18785 18797 18572 18867 17996 18303 18663 18547 18566 18548 18237 18633 18704 18609 18657 18643 18859 18835 18534 18517 18537 18374 18084 17986 18436 17960 17418 17382 17471 18336 18590 18558 17905 18198 18616 18718 18592 18539 18619 18671 18781 18715 18746 18839 18782 18441 18623 18219 17413 17361 17314 17343 17493 17833 18539 18492
18602 18836 18919 18808 18711 18339 18205 17912 18132 18375 18609 18819 18929 18861 18415 17416 16522 16152 16198 16304 16587 17933 18477 18531 18928 18865 18639 18561 18539 17990 17269 17317 17991 18436 18460 18497 18568 18558 18587 18616 18537 18266 18361 18383 19044 19129 18464 18027 17836 18467 18722 18791 17788 16688 16948 17935 18629 18540 18384 18460 18489 18394 18414 18804 19008 18892 18503 18391 18123 17568 17370 17697 17785 18096 18183 18822 18705
18593 18615 18465 18074 18026 18121 18083 18002 18081 18540 18826 19125 19324 19432 18749 18622 17479 16292 16185 16259 16672 17283 17252 17537 18143 18310 18001 18156 18009 17784 17403 17917 18188 18321 18423 18454 18430 18250 18209 18570 18641 18303 19059 19297 19327 19357 19072 18435 18709 18390 19236 19197 18034 16883 16803 17178 18248 18299 18311 18280 18201 18493 18403 18270 17826 17587 16888 16614 17290 17863 18023 18301 18111 17958 18438 18355 18009
18703 18749 18732 18538 18340 18243 18075 17810 18042 17955 18699 18834 19250 19446 19399 18818 17382 16417 16171 16159 16418 16701 16147 17087 17881 18008 17610 17414 17829 17834 17814 18090 18217 17911 17954 18065 18179 18254 18163 18089 18514 18029 19147 19370 19081 19189 18984 18602 18682 18521 18857 19063 18186 18052 17976 17624 17556 17760 17831 17672 18019 18381 18205 17693 17026 16710 16544 16769 18166 18777 18809 18948 18695 18645 18403 18376 18345
18411 18785 18776 18729 18633 18429 18251 18133 18039 17919 18248 18415 18747 19171 19009 18091 16981 16213 16108 16182 16288 16377 16523 16900 17391 18290 18450 18038 17836 17674 17680 17726 17777 17933 18081 18647 18734 17483 18358 18528 18123 18440 18491 18889 19505 19297 19344 18770 18619 18618 18485 18043 18516 18816 18807 18327 18044 17777 17531 16923 16947 17493 17514 16922 16539 16604 16604 16663 18432 18881 18887 18948 18805 18691 18515 17956 18302
18985 18812 18724 18677 18667 18556 18471 18379 18133 18102 18199 18392 18639 18721 18332 17214 16291 16158 16234 16290 16484 16639 16635 16906 17861 18509 18480 18381 17878 17205 17860 18081 18473 18693 19178 19490 19303 18926 19952 19648 18823 18211 18042 18288 18863 19064 19192 18808 18757 18629 18643 18313 18405 18399 18380 18290 18008 18034 17919 17685 17590 17317 17337 16888 16378 16348 16415 16544 16667 17346 18279 18846 18875 18784 18685 18556 18560
19060 18937 18815 18604 18575 18635 18628 18672 18598 18460 18322 18408 18731 18841 18126 17144 16338 16273 16308 16332 16471 16555 16613 16815 17874 18538 18371 18142 17960 17900 18162 18437 18934 19154 19436 19416 18974 19421 19942 19890 19840 19026 18743 18929 18062 18062 18185 18559 18662 18319 18506 18339 18046 17803 17803 17893 17862 17994 17917 18043 18207 17940 17641 17549 17336 17404 17439 17154 16542 16597 16706 17750 18724 18507 18516 18543 18656
18600 18575 18553 18631 18427 18459 18683 18754 18522 18716 18527 18553 18721 18743 18403 17775 16979 16501 16376 16356 16404 16517 16753 17190 18066 18481 18336 18082 18113 18116 18484 18790 19107 19154 18292 17601 16811 17606 18277 19279 19667 19733 19390 19406 18955 18077 18658 18695 18156 17488 17530 17602 17594 17515 17449 17815 17882 17785 17689 17793 18110 18263 18563 18504 18154 18103 18188 18027 17313 17613 17973 18051 18118 17946 17846 18181 18679
18277 18076 18168 18151 18209 18377 18481 18646 18844 18826 18699 18571 18697 18839 18756 18434 17586 16997 16601 16579 16628 16907 17605 17850 18358 18518 18031 18024 18176 18481 18408 18206 17911 17172 15664 14836 14349 14668 15645 16946 18441 19657 19521 19296 19157 18961 18826 18693 18177 17709 17444 17567 17549 17560 17487 17508 17730 17846 17861 17745 17843 18205 18226 17986 18064 17949 18048 17982 18091 18134 18221 18266 18244 18178 17722 16918 17391
18010 18086 18170 18152 18154 18271 18250 18265 18603 18546 18671 18708 18825 18907 18978 18936 18355 17417 17014 17299 17531 18166 18918 18853 18596 18262 18007 18197 18233 17769 19027 19339 18124 15648 13916 13410 13437 13505 13671 14867 16488 18662 19328 19005 18590 18350 18069 17797 17565 17592 17487 17580 17637 17617 17486 17718 17925 18030 17865 17853 17652 17660 17705 17718 17672 17764 18009 18134 18143 17973 17974 18013 17933 18253 17778 16546 15912
17969 18020 18108 18183 18157 18167 18165 18269 18264 18221 18522 18512 18735 18824 18913 18912 18616 18412 18365 18689 18854 18860 18840 18843 18282 18094 17925 17742 18197 18493 19130 19308 17871 15515 13935 13370 13430 13488 13539 13978 15536 17648 19029 18809 18105 17827 17705 17465 17468 17642 17574 17519 17767 17688 17617 17716 17999 18051 17800 17597 17645 17623 17691 17736 17894 17963 17911 18112 17977 18091 18083 18106 18575 18970 18598 17214 16339
17913 18113 18317 18421 18561 18597 18548 18683 18590 18409 18204 18541 18725 18678 18554 18565 18516 18705 19006 19059 19046 18818 18539 18204 17996 17853 17923 17883 18086 18422 19124 19298 17866 16251 14872 13956 13602 13762 14183 14589 15514 17323 18720 18669 18198 18027 17776 17692 17745 17724 17615 17616 17885 17872 17858 17856 17858 17932 17829 17510 17622 17669 17693 17752 17687 17875 17812 17968 17770 18071 18051 18179 18372 18977 18866 17753 16422
18034 18309 18490 18621 18731 18846 18902 18907 18707 18761 18703 18453 18179 18529 18567 18507 18563 18883 19091 18255 18652 18746 18319 17970 17836 17829 17869 17890 17978 18285 18921 19319 18957 18077 16541 15790 15135 15269 16078 16191 16931 18509 18649 18507 17904 17751 17683 17697 17668 17651 17646 17669 17757 17821 17947 17879 17590 17631 17606 17742 17813 17555 17647 17702 17784 17722 17918 17719 17854 17972 17999 18094 18055 18204 18258 17991 17354
18298 18498 18785 18828 18735 18936 18967 18899 18842 18854 18709 18664 18624 18223 18380 18471 18582 18555 18958 18806 18797 18439 18121 17908 17870 17862 17961 18063 18151 18148 18517 19097 19494 19413 19100 18557 17181 17386 18623 19018 19077 18895 18520 18225 17920 17785 17748 17732 17720 17752 17753 17914 17918 18008 17965 17952 17509 17598 17608 17734 17966 17989 17983 17913 17822 17857 17838 17588 17753 17944 17900 17784 17806 17963 17935 18178 18202
18467 18488 18789 18780 18827 18697 18350 18693 18671 18606 18694 18661 18532 18324 18294 18102 18295 18359 18465 18473 18420 18289 18053 18021 17977 17781 17885 18120 18134 18192 18326 18700 19299 19601 19550 18945 17367 17467 18888 19446 19249 18784 18259 17820 17640 17715 17780 17843 17855 18000 17937 17953 17979 18145 18387 18456 18245 17942 17641 18037 18110 18091 18111 17991 17960 17865 17736 17662 17672 17789 17785 17597 17511 17538 17754 18045 18334
18414 18405 18482 18520 18536 18386 18133 18148 18086 18312 18753 18769 18485 18362 18358 18283 18167 18219 18417 18500 18438 18251 18069 17989 17894 17846 17949 18018 18128 18144 18136 18404 18579 19065 19008 18195 17727 17473 18269 18958 18844 18257 18024 17765 17637 17721 17844 17838 17957 18056 18045 18093 18279 18345 18441 18499 18413 18295 18098 18137 18133 18137 18138 17934 18091 17919 17884 17857 17869 17810 17777 17818 17598 17553 17538 17570 17660
18373 18401 18479 18529 18365 17949 17896 17935 17788 18022 18136 18623 18742 18412 18364 18369 18382 18394 18359 18445 18514 18318 18051 17866 17872 17811 17942 18073 18054 17839 17941 18125 18334 18647 18637 18147 18089 18274 18351 18559 18474 18057 17857 17833 17697 17783 17859 17976 18044 18100 18227 18019 18289 18306 18402 18367 18378 18272 18304 18345 18280 18246 18031 18009 17884 17824 17911 17833 17897 17896 17413 17768 17673 17563 17503 17538 17530
18505 18490 18582 18683 18321 17829 17761 17911 17886 17938 18131 18843 18827 18514 18261 18270 18345 18439 18605 18505 17661 17979 18055 17956 17931 17959 17911 17919 17809 17936 17780 17835 17989 18402 18669 18746 18683 18665 18641 18625 18087 17895 17836 17781 17798 17914 17903 17881 17995 18130 18211 17968 18043 18199 18220 18204 18237 18323 18358 18386 18320 18330 18144 18000 17819 17816 17899 17792 17802 17650 17575 17554 17478 17407 17297 17351 17318
18767 18582 18818 18833 18454 17852 17818 17761 17847 17840 18046 18772 18759 18373 18264 18226 18277 18491 18629 18596 18324 18028 18045 17959 17936 17920 17928 17718 17846 17872 17747 17823 17902 17948 18347 18741 18722 18642 18594 18328 17879 17717 17761 17768 17882 17911 17897 17846 17896 17959 17988 18107 17995 17864 17868 17878 17985 18209 18134 18289 18352 18453 18305 18048 17643 17768 17830 17678 17803 17476 17348 17314 17366 17269 17054 16942 16992
18911 18811 18914 18954 18677 18311 18028 17895 18018 18202 18764 18731 18545 18330 18221 18268 18279 18396 18689 18746 18672 18348 18061 17819 17774 17865 17873 17821 17849 17818 17825 17824 17801 17764 17824 17973 18025 17929 17827 17796 17815 17730 17791 17800 17893 17877 17818 17834 17821 17886 17907 17958 17933 17856 17820 17813 17899 17930 18087 17994 17534 17627 17801 17905 17737 17562 17488 17480 17414 17394 17300 17290 17053 17033 16893 16995 16868
18115 18363 18905 19085 18941 18941 18952 19185 19166 19084 18804 18698 18485 18360 18271 18229 18275 18345 18370 18369 18209 18291 18070 18086 18157 17841 17805 17879 17738 17811 17797 17810 17789 17772 17756 17770 17754 17780 17836 17812 17764 17752 17744 17855 17935 17886 17869 17779 17816 17865 17923 17895 17894 17893 17825 17844 17733 17788 17815 17753 17542 17510 17754 17976 18034 18004 17750 17545 17377 17441 17410 17207 17089 16990 16917 16880 16874
18161 17673 18195 18128 18023 18745 19538 19747 19572 19293 18779 18625 18506 18481 18541 18451 18399 18368 18322 18204 18157 18083 18204 18029 18136 18039 17850 17751 17678 17708 17742 17690 17698 17872 17842 17809 17803 17843 17873 17793 17758 17771 17725 17692 17781 17769 17819 17772 17819 17799 17779 17898 17901 17891 17897 17908 17778 17702 17763 17938 17828 18053 18256 18087 18010 17987 18130 17692 17604 17372 17330 17068 17061 16987 16888 16851 16891
18650 18245 17329 17103 17142 17610 19106 19729 19408 19298 18588 18466 18458 18503 18577 18523 18396 18364 18287 18172 18124 18107 18201 18125 18098 17925 17743 17733 17692 17659 17738 17716 17846 18052 18024 17917 17856 17778 17738 17693 17715 17708 17689 17684 17734 17763 17775 17850 17797 17766 17815 17989 17920 17929 18028 18009 18042 17687 17888 17781 17876 17962 18019 17931 17991 18090 18131 17528 17477 17378 17160 17038 17020 16991 16848 16865 16900
18570 18718 18206 17802 17571 17494 18872 19119 18969 18399 18409 18241 18241 18315 18484 18473 18332 18232 18214 18176 18172 18114 18035 17971 18047 17853 17734 17730 17670 17612 17600 17540 17729 18045 18159 18037 17846 17747 17691 17671 17674 17707 17721 17697 17728 17741 17794 17830 17866 17840 17834 18064 18104 17975 18305 18083 18003 18022 18118 17755 17907 18157 18008 17896 17922 17866 16526 17340 17650 17353 17170 17183 17127 17065 16995 16919 16977
18488 19173 19188 19191 19263 18790 18924 19050 18589 18295 18306 17790 18054 18177 18318 18315 18077 18143 18253 18330 18346 18187 17982 17814 17935 17806 17739 17721 17695 17566 17267 17247 17254 17461 17921 17928 17742 17682 17733 17736 17775 17798 17867 17831 17725 17773 17822 17849 18013 17911 17968 18039 18206 18256 18218 18231 18040 17921 17837 17787 17962 18235 18121 17621 17631 17717 17570 17638 17663 17489 17369 17268 16772 17109 17126 16963 17032
