Alternative/Moon/Lvl0_30x30/Ele_BJ.asc
ncols         335
nrows         335
xllcorner     10107491.657
yllcorner     3322833.042
cellsize      10000
nodata_value  -9999.0
[rows 204 to 237 of 335, columns 0 to 76 of 335]
19178 19296 19477 19382 19321 19411 19504 19403 19380 19532 19744 19802 20079 20034 20333 20383 20354 20329 20912 21532 22189 22819 23380 23400 22782 21955 21301 20609 20000 19293 18287 17385 16369 16280 16315 16392 16645 16655 16815 16754 16640 16919 17127 17018 16646 16073 16904 17080 17206 17075 16726 16835 16826 16860 16859 17038 17465 17463 17152 16748 16780 16932 17019 17140 17143 17066 16967 17084 17224 17355 17388 17575 17422 17338 17308 16856 16191
18963 19049 19189 19181 19236 19364 19404 19245 19489 19761 19841 19748 19938 19886 20143 20346 20278 20262 20601 21384 22112 22694 22830 22927 22737 22315 21428 20399 19761 19455 18800 17888 16625 16555 16517 16385 16510 16344 16394 16478 16699 17349 17627 17397 16938 16098 16782 17152 17269 17158 17071 17014 17017 16824 16855 16948 17136 17450 17291 16739 16764 16855 17032 17075 17095 17086 16902 16980 17066 17279 17461 17560 17410 17467 17349 17172 16548
19126 19224 19194 19428 19492 19504 19208 19343 19303 19522 19782 19751 19859 20056 20489 20890 20975 21226 21276 21561 21703 21710 21947 22227 22406 22407 22092 21393 20031 19540 18902 17658 16772 17442 17537 17194 16752 16501 16580 16927 17351 17552 17684 17677 17364 16587 16384 16755 17141 17188 17085 16976 16990 17102 17046 17329 17385 17132 16962 17039 17044 16878 16822 16887 16922 16975 16832 16869 16927 16986 17104 17168 17169 17221 17233 17164 16437
19665 19728 19683 19602 19607 19609 19229 19834 19842 19645 19794 19867 19702 20094 20706 21461 21829 21809 21751 21693 21760 21581 21621 22004 22138 22260 22220 22111 21812 20933 19630 18348 17835 17910 18014 17879 17487 17259 17157 17402 17541 17718 17745 17898 17500 16860 16373 16578 16584 16931 17005 16784 16809 17001 17017 17272 17342 17148 16970 17506 17630 17385 17033 16930 16940 17011 17025 17148 17106 17083 17147 17233 17224 17288 17760 17501 17947
19894 19884 19914 19893 19830 19860 20017 20117 19857 19638 19832 20029 20007 20074 20716 21401 21747 21796 21692 21694 21758 21652 21614 21989 21861 22251 22245 22329 22128 21368 20071 18825 18130 17922 17871 17819 17828 17924 17811 17863 17997 17842 17840 17930 17835 17266 16247 16251 16528 16554 16305 16273 16516 16509 16901 17235 17146 17013 17129 17380 17541 17582 17442 17204 17208 17234 17427 17582 17588 17395 17346 17266 17246 17344 17784 17782 18006
19555 19945 20045 19808 19867 19932 19933 19956 19937 20130 20191 20184 20587 20662 21064 21177 21280 21267 21023 21264 21591 21550 21598 21724 21745 21675 21984 22029 21347 20218 19900 19498 18427 18179 18389 18434 18601 18944 18867 18898 18851 18782 18422 18137 17941 17233 16299 15774 15849 16098 15980 16173 16488 16833 17056 17021 17096 17198 17477 17521 17510 17985 18011 17978 17942 18168 18467 18527 18468 18018 17601 17498 17470 17685 18093 18186 18175
19399 19671 20098 20448 20292 20285 20299 20154 19861 19964 20127 20115 20653 20857 21272 21483 21190 20942 20873 21283 21766 22013 22039 21818 21831 21686 21628 21344 20815 20428 20299 19640 18706 18520 18724 18717 19061 19107 19132 19070 19021 19050 18947 18609 18185 17547 16576 15963 15895 15848 15837 15852 16134 16477 17228 17172 17174 17469 17831 17761 17613 17807 18472 18945 18747 18391 18235 18201 18370 18296 18189 18145 18268 18148 18209 18664 18721
19250 19856 20472 21006 20816 20669 20863 21144 20647 20396 20207 20236 20732 21112 21647 21752 21606 21426 20771 20949 21796 22445 22389 22083 21971 21606 21447 20886 20834 20896 20985 20502 19317 18827 19086 19566 19576 19107 19103 18951 19073 19253 19195 18696 18238 17508 16764 15884 15971 15944 15891 15899 15953 16247 17031 17170 17503 17789 17676 17604 17921 18324 19360 19238 18640 17169 15663 15217 16040 17684 18842 18949 18906 18777 18508 18777 19110
18750 19260 20409 21005 20931 20729 21181 21246 20850 20558 20293 20544 21040 21160 21617 21630 21471 21384 20726 20193 21245 21792 21661 22029 21920 21577 21328 21005 20659 21167 21270 20740 19389 18745 18600 19667 19657 19441 19123 19172 19265 19289 19093 18571 17849 17299 17122 16616 16506 16091 15935 15945 15984 16185 16766 17073 17448 17708 17561 17529 17941 18473 19525 19029 17581 15564 13701 13174 14321 16475 18852 19550 19309 18838 18663 18754 19090
19309 19403 19914 20163 20314 20417 21006 20913 20956 20911 21043 21156 21385 21206 20931 20283 20525 20884 20731 19703 19434 19678 19995 20834 21572 21546 21345 20838 20033 20876 20968 20395 19321 18778 19360 19718 19649 19464 19277 19574 19557 19236 18841 18365 17620 17449 17378 17068 16546 16077 15895 15898 16151 16795 17250 17273 17030 16972 16979 17689 18295 19185 19993 19267 17380 15242 13390 13653 13793 15517 18020 19917 19894 19377 18916 18755 18783
19711 19551 19361 19484 19848 20424 20545 20468 20859 21332 21368 21351 21401 20919 21398 21270 20947 20826 21063 21273 21229 20794 19775 20638 21518 21432 21031 20740 20670 20787 20811 19961 18735 18334 18870 19203 19068 18757 19112 19669 19704 19290 19043 18589 18022 18016 18215 17886 17073 16123 15945 15923 16074 16981 17608 17549 17221 16853 16789 17680 18344 19141 20096 19738 18464 16885 15294 14919 15709 17339 19159 20045 20027 19646 19269 18844 18828
19409 19451 19314 19613 19743 19808 20220 20265 20662 20838 21100 21272 21241 20944 21195 21159 20803 20575 21118 21526 21414 21223 20104 20627 20935 20459 19764 19537 19854 20379 20324 19637 18254 17599 17928 18492 18479 18100 18105 18879 18881 18852 18885 18664 18085 18041 18248 18077 17575 16407 16011 16053 16125 16408 17372 17475 17174 16615 16604 17035 17757 18721 19603 19604 19629 19045 17715 17988 18714 19765 19775 19520 19475 19386 19075 18935 18965
19291 19383 19616 19592 19760 19693 19959 20124 20626 20972 21086 21069 20864 20722 20961 21077 20868 20673 21403 21642 21716 21329 20181 19961 20062 19906 19530 18864 19403 19822 20050 19724 18442 17898 17720 18198 18198 18063 17742 17963 18201 18368 18432 18389 18068 17873 17913 17786 17467 16503 16239 16208 16303 16398 16802 16810 16660 16735 16694 16685 17093 17943 18968 19361 20069 20035 19858 20087 20235 20328 19991 19453 19046 19006 18927 18762 18899
19056 19208 19605 19533 19516 19519 19683 20047 20569 20944 21120 21247 21008 20825 21025 21136 21171 20901 21413 21799 21916 21816 21439 21245 21210 21315 20610 19565 19915 19910 20030 19825 19452 19160 17995 17317 17349 17194 17387 17051 16772 16888 17296 17522 17751 17492 17154 16850 16851 16792 16831 16790 16541 16717 16488 16302 16300 17109 17308 17254 17235 17409 18226 18739 19113 19531 19775 19880 19869 19866 19862 19570 19093 19060 19017 18823 19068
19469 19495 19126 19061 19125 19121 19148 19885 20785 20977 21066 21266 21167 21224 21214 20371 20750 20886 21505 22020 21863 21631 21259 21159 21276 21349 20703 20113 20552 20605 20372 20031 19619 19371 17869 16789 16769 17047 17257 16808 16737 16632 16485 16625 16854 16984 16898 17076 17273 17423 17429 17447 17371 17339 17214 17099 16821 17387 17516 17654 17386 16905 17263 17625 18304 18705 19055 19332 19389 19253 19260 19086 18936 19092 19164 18856 18778
20646 20672 19588 18976 18994 19035 19299 20129 20900 21115 20401 21100 21169 21274 21860 21831 21254 21117 21648 21931 21751 21445 21233 20936 21028 21058 21080 20976 20703 20596 20039 19636 18961 18330 17793 17378 17002 17294 17390 16224 16684 16807 16478 16042 16176 16553 16730 16772 16360 15850 15895 16545 17344 17573 17413 17183 17167 17115 17316 17213 16639 16447 16665 17158 17978 18435 18880 19416 19552 19563 19162 18719 18763 19089 19175 18899 18798
20927 20956 19914 18934 18906 18955 19556 20254 21075 21418 21542 21730 21613 21345 21792 21890 21413 21043 21637 22082 21931 21732 21826 21788 21433 21422 21327 21295 20907 20472 19534 19215 18737 18345 18001 17364 16978 17054 17244 16795 16936 16789 16270 15907 16090 16441 16638 15703 14156 13299 13302 14106 15387 16747 17278 17138 16927 16798 16730 16431 16411 16399 16803 17427 17701 17902 18402 18894 19232 19525 19163 18692 18631 18759 18856 18882 18902
21098 21112 20081 19296 18934 18982 19416 19699 20651 21564 22034 22016 21834 21387 21653 21697 21157 20972 21129 21871 21897 21782 21814 21642 21629 21183 20530 20748 20899 20629 20107 19602 19293 19059 18720 17652 17384 16813 16638 16598 16827 16413 15728 15575 15706 16192 16281 14489 12630 12196 11663 11855 12850 14872 16973 16917 16756 16930 16930 16706 16442 16496 16844 17488 17624 17881 18124 18173 18697 19349 19246 18660 18614 18634 18686 18678 18814
21109 20822 20725 19816 19044 18965 19041 19420 20543 21311 21570 21591 21576 21402 21075 20924 20937 21034 20911 21200 21696 21717 21530 21561 21543 21142 20862 21151 20802 20672 20171 19564 19024 18864 18556 18019 17716 17417 16731 16785 16600 16421 15814 15476 15512 15963 16317 15081 13418 11629 11090 11385 12680 15004 16808 16631 16351 16514 16869 16750 16418 16527 16689 17120 17476 18079 18319 18177 18303 18766 19014 18685 18812 18755 18533 18394 18803
21327 21399 21273 20899 19947 19518 19216 19303 20368 21229 21408 21331 21348 21143 20873 21419 21980 22067 21490 20912 21526 21583 21331 21469 21576 21591 21278 21164 20912 20703 19932 19062 18499 18197 17904 17886 17687 17491 16538 16313 16282 16411 16356 15569 14859 15819 16416 16199 14990 13388 12676 13294 14579 16588 16928 16565 16312 16434 16688 16713 16419 16116 16251 16436 17063 17441 17553 17568 17696 17961 18119 17977 17894 17929 17819 17554 17942
21090 20913 21043 21009 20373 20000 19717 19642 20041 20855 21387 21369 21381 21110 21226 22134 22725 22819 22440 21532 21318 21176 21211 21246 21942 22059 21889 21511 21313 20871 20188 19488 18631 17838 17496 17306 17302 17213 16341 15761 15499 16066 16234 15242 13312 14461 16237 16253 16213 15852 15370 15750 16272 16744 16761 16235 16279 16308 16600 16578 16205 15910 16020 16143 16414 16448 16368 16597 17074 17271 17556 17353 17135 17085 17179 17230 17240
20418 20217 19939 19941 20033 20030 20421 20389 20243 20970 21487 21458 21422 21363 21796 22513 22760 22879 22481 21641 21106 20797 20748 21047 21920 22018 22216 22247 22237 22203 21216 20361 19676 18697 17588 17204 16769 16580 15995 15365 15245 15288 15686 15867 16045 16206 16019 15800 16027 16215 16195 16162 16090 16031 15982 15886 15820 16028 16169 16212 16044 15737 15932 15782 15796 15888 15919 15964 16222 16419 16476 16606 16723 16933 16939 16954 16950
20147 20001 19340 19045 19512 20356 20874 20956 20605 20993 21166 21132 21249 21355 21635 21824 21428 20890 20718 20929 20690 20167 20177 20167 21068 21864 22510 22545 22623 22515 21730 20881 20404 20012 18918 17787 16942 16285 16420 16068 15552 15155 15174 15648 16127 16218 15657 15284 15487 15493 15442 15442 15298 15434 15538 15488 15536 15639 15845 15965 15929 15587 15523 15447 15557 15517 15652 15863 16039 16491 16530 16662 16738 16779 16804 16762 16697
19814 19271 19008 19086 19820 20349 20611 20815 20782 20666 20506 21609 21912 21780 21989 21972 21896 21471 20862 21055 20730 20386 20365 20430 20459 21550 21940 21659 21860 22035 21767 21203 20671 20296 18971 18251 17740 17453 16912 16816 16771 15907 15132 15156 15387 15414 15367 15365 15820 16043 15576 15137 15127 15039 15205 15473 15467 14996 15582 15745 15699 15662 15497 15272 15405 15326 15390 15312 15459 16277 16510 16555 16695 16653 16431 16479 16493
19385 18950 18977 19224 20151 20768 20531 20494 20847 20925 20775 21421 22010 22064 21895 22045 22268 22496 22416 21101 20344 20350 20333 20406 20297 20609 20474 20098 20416 21017 21589 21160 20557 19859 19172 18767 18074 17938 16960 17142 17152 16336 15363 15039 15091 15148 15093 15330 15613 16079 15941 15204 14871 14782 14819 14931 14783 14747 14827 14946 15204 15209 15292 15204 15175 15083 15045 15054 15150 15612 16162 16467 16554 16528 16433 16259 16256
19082 19035 19092 19448 20118 20585 20314 19611 20192 20783 20776 21326 21882 21787 22113 22901 22985 23218 23209 21943 21033 20479 20292 20511 20855 21030 20928 20720 21025 21747 21964 21536 21309 20481 19688 19405 18654 18309 17772 17305 17203 16782 16118 15306 15073 14958 14895 15091 15482 15728 15688 15089 14673 14658 14834 14913 14826 14772 14972 15117 15096 15081 15110 15055 15138 15098 15019 15031 15128 15264 15954 16414 16507 16741 16839 16523 16255
19106 19024 19132 19101 19809 20304 20199 20560 21136 21046 20664 21163 21491 21524 22497 23105 22992 23132 23247 22746 22151 21632 21322 21061 21203 21506 21381 20826 21279 21852 22152 22008 21455 20490 20023 19948 19114 18334 17810 17395 16953 16818 16464 16048 15527 15383 15036 15099 15206 15415 15233 14932 14737 14739 14863 14890 14927 14837 14753 14933 14919 15230 15608 15014 15377 15375 15144 15207 15167 15480 16087 16336 16394 16164 16930 16608 16203
19108 18942 19137 19128 19287 19996 20740 21300 21590 21343 21419 21966 22166 21826 22044 22786 23098 23136 22667 22435 21776 21386 21352 21102 20927 20765 19902 18295 18598 19226 20402 21322 21236 20787 20530 19981 19026 18209 17627 17365 16928 16698 16636 16546 16114 15672 15113 14968 14987 15046 15419 15353 14718 14773 14750 14788 15045 14904 14624 14649 14995 15190 15685 15479 14949 15408 15201 15136 15080 15689 16229 16295 16368 16351 16545 16490 16500
19985 19433 18977 19052 19199 19850 20726 21286 21493 21596 21954 22300 22445 22483 22840 22913 22897 22604 21685 21040 21031 20860 20633 20308 20005 19927 18240 16649 16461 16804 18736 20531 20514 20421 20171 19868 18995 18674 18068 17475 17252 17052 16867 16361 15832 15416 15115 14977 14886 15064 15430 15342 14938 14737 14732 14803 14974 14825 14748 14861 14976 14967 15476 15563 14786 15289 15153 15153 15080 15561 15983 16063 16109 16097 16467 16755 17081
21070 20254 19534 19755 20133 20510 21040 21094 21148 21520 21961 22252 22133 22301 22424 22341 22098 21662 20179 19845 19718 19458 19223 19094 19143 18511 16779 15415 15594 16012 18167 19395 19419 19353 19243 18996 18659 18651 18270 17787 17888 17002 16793 16039 15272 15165 15112 15024 14852 14753 14758 14867 14825 14622 14698 14781 14766 14841 14866 14781 14938 14777 14824 15069 14986 14940 14841 14971 15235 15385 15628 15741 15451 15402 15609 15953 16368
21966 21676 21252 21334 21388 21477 21260 20915 21003 21109 21362 21541 21851 21966 21858 21580 21188 20632 19733 18775 18276 18138 17835 17477 17795 17902 17872 17206 16883 17500 17897 18194 18053 18048 17993 17773 17563 18218 18176 18269 17932 17428 17098 16316 15798 15277 15206 14777 14774 14695 14761 14789 14759 14500 14463 14485 14829 14946 14657 14793 14865 14672 14732 14767 14729 14751 14769 14995 15350 15675 15472 15140 15141 15099 15490 15997 16316
22280 22317 22216 21992 21816 21631 21295 20973 20959 21102 21166 21476 21732 21644 21212 20277 19538 19120 18581 18147 17834 17409 16774 16643 16868 17438 17807 17646 17587 17628 17458 17006 17108 17131 17034 16924 17340 18250 18557 18336 17697 17327 17032 16404 15969 15568 15363 15065 14958 14852 15040 14976 14575 14575 14697 14662 14674 14897 14708 14617 14629 14566 14528 14553 14661 14764 14680 14874 15260 15697 15617 15281 15035 15031 15107 15477 16029
22271 22338 22248 22110 21843 21426 21088 20909 20889 21099 21570 21539 21927 21956 21558 20213 19503 18794 18371 17914 17256 16777 16216 16275 16329 16540 16826 16941 17125 17088 16690 16556 16565 16761 16660 17191 18134 18816 18912 18064 17761 17465 16960 16224 15936 15437 15232 14984 15055 15140 15026 15016 15022 14674 14795 14777 14707 14749 14654 14601 14550 14553 14489 14498 14563 14613 14718 14830 14924 15333 15320 15205 15127 15012 15293 15476 16056
21920 21811 21262 21073 21312 21163 20831 20891 20924 21225 21876 22104 22528 22614 22030 20850 19699 18670 18123 17732 16981 16442 16390 16424 16280 16382 16903 16879 16860 16769 16549 16469 16697 17318 17919 18783 19484 20048 19735 18146 17696 17838 17242 16143 15898 15550 14822 14975 15078 15259 15431 15127 15026 14655 14797 14716 14706 14722 14747 14553 14446 14525 14630 14647 14698 14851 14630 14791 14877 14985 15034 15246 15509 15293 15626 15943 16041
