Alternative/Moon/Lvl0_30x30/Ele_DL.asc
ncols         335
nrows         335
xllcorner     16807491.657
yllcorner     -3377166.958
cellsize      10000
nodata_value  -9999.0
[rows 272 to 305 of 335, columns 76 to 151 of 335]
20757 20722 20317 19851 20245 20322 20225 20494 20810 21689 21659 21742 21848 21725 21993 22357 23240 24568 25608 26465 26621 26282 26098 24943 23816 23216 22669 22305 21996 22026 21728 21292 21286 21792 21295 19753 18334 16682 15870 15831 15749 15769 15765 15626 15831 16137 15979 15692 15460 15463 15399 15344 15340 15517 15830 16726 18643 19849 19832 19501 19666 19945 20324 21160 22064 23050 23471 23487 22658 21585 21867 21923 21710 21753 22039 22384
23050 22993 22624 21828 21735 21587 21373 21010 20910 21035 20931 21484 21638 21559 22011 22718 23711 24626 25297 26408 26786 27122 27010 25600 24334 23820 23181 22836 22731 22460 22112 21927 21698 21847 21077 19470 18432 16657 15836 15787 15634 15680 15630 15562 15820 16059 15573 15454 15426 15381 15393 15351 15399 15501 15892 16792 18475 19730 19783 19321 19470 19839 20254 21141 22083 22955 23297 23224 22394 22500 22593 22261 21833 21716 22174 22352
23943 23933 23686 22898 22199 21879 21710 21022 20787 21014 21126 21251 21150 21308 21841 22795 23776 24518 25177 26225 27067 27655 27703 26689 25091 23910 23522 22970 22836 22416 22053 22155 22432 22085 21516 19894 18416 16677 15890 15844 15827 15638 15551 15533 15591 15626 15406 15354 15340 15339 15326 15385 15375 15496 16229 17455 18647 19550 19410 19269 19516 19861 20171 20830 21879 22920 23563 23415 23267 23484 22928 22270 21901 21922 22071 22521
24155 24053 23730 22768 22169 21511 21212 21200 20838 21213 21643 21507 21217 21379 21837 22694 23510 24119 24685 25687 26772 27492 27557 26708 25131 24347 23346 22367 21501 20416 20084 21211 22589 22529 21971 20469 18813 17308 16245 15846 15829 15663 15607 15472 15572 15553 15425 15424 15345 15367 15356 15342 15445 15762 16554 17718 19164 19556 19528 19182 19483 19873 20345 21046 21953 22686 23680 24397 24251 23557 22884 22243 21623 21698 21885 22165
23753 23721 23430 22532 22068 21143 21357 21120 19585 20392 21783 21807 21526 21958 22433 23044 23569 23802 24320 25330 25992 26481 26450 26013 25118 24341 23741 22082 20728 19729 19776 20010 21690 22426 22274 21201 19140 17609 16481 15760 15726 15779 15701 15529 15507 15451 15497 15432 15478 15424 15334 15319 15499 16020 16971 18376 19677 19744 19417 19292 19670 20016 20660 21389 22302 23095 24060 25132 25078 24161 23454 22545 21854 21492 21464 21450
23433 23317 23170 22588 21733 21518 21553 21506 20614 21507 22171 21970 22134 22469 23080 23406 23775 24163 24333 24927 25400 25392 25955 25749 24846 24205 23657 22219 20332 19736 19748 19781 21113 22648 22632 22293 20209 18135 16647 16195 15778 15836 15820 15647 15608 15492 15672 15997 15983 15751 15403 15410 15924 16847 17838 18938 19666 19695 19485 19584 19946 19921 20515 21781 22608 23389 24454 25526 25413 24589 23501 22615 21891 21161 20903 21083
23304 23398 22955 22489 22111 22026 22030 22034 21885 22105 22214 22858 23039 23073 23448 23795 24065 24321 24323 24804 25219 25052 24830 24716 24082 23223 22932 22554 21607 20504 20561 21192 22496 22814 22744 22697 21547 19325 18257 17229 16727 16119 15872 15679 15652 15734 16443 16038 15147 16014 16156 16248 17061 18047 18885 19434 19719 19826 20057 20548 20880 21027 21682 22344 22805 23542 24643 25685 25596 24663 23637 22704 21666 20605 20798 20533
23244 23242 22937 22652 22543 22703 22230 22111 21747 21718 21912 22935 23227 23299 23743 24239 24331 24601 24828 24792 24553 24293 24126 22740 21754 21136 21140 21747 21791 21920 22222 22571 23202 23127 23012 23092 22286 20333 19052 18271 17363 17068 16443 15978 15871 15799 16564 15850 14404 16598 16730 17059 17918 18472 19460 20034 20234 20693 21056 21388 21577 22208 22794 22991 23507 24241 24753 26073 25992 24769 23658 22795 21786 20694 20418 20327
23868 23070 22714 22826 23060 22440 22092 22037 21499 21947 22081 22842 23336 23711 24047 24329 24486 24651 24778 24786 24386 23411 22228 20825 19966 19064 19098 19595 20455 21362 21791 22240 22874 23209 23297 23133 21998 20454 19710 19307 18296 17793 17264 16616 16352 16266 16422 16715 16922 17187 17406 17904 18633 19306 20046 20721 21073 21258 21367 21892 21955 22388 22848 23494 24310 24920 25531 26232 26072 24908 23991 22932 21848 20832 20046 19909
23885 23237 22561 22714 23039 22411 22023 21904 21738 22452 22578 22771 23221 23951 24178 24329 24437 24963 25127 25023 23729 21882 20901 19599 18822 18267 18331 18547 19141 19749 20315 20878 21890 23069 22993 22091 20594 20000 20804 20635 19187 18218 17599 17034 16850 16930 16941 16753 16913 17564 18075 18571 19313 19952 20493 21195 21086 20708 20377 21433 21790 21870 22043 22711 24250 25290 26100 26390 25840 24944 24082 22963 21406 20298 19941 19708
23413 23478 23438 23058 22873 22084 21765 22085 22666 23116 23078 22513 23146 24148 24260 24348 24673 25374 25530 25443 23646 21352 19936 18865 18197 18340 18298 18289 18412 18590 19117 20172 21163 22629 22896 21916 20838 22098 22694 22146 20771 19667 18645 18164 18328 18086 17680 17544 17996 18410 18880 19302 20027 20510 20925 21294 20675 19433 19426 19417 20075 19991 19941 20431 22574 24826 26077 26412 25859 24881 24184 23166 22181 21089 20129 19624
23000 23560 23542 23010 22568 22217 21582 22234 22776 23036 22834 22244 23350 24018 24233 24221 24479 25254 25581 25482 23613 21465 19805 18616 18168 18355 18580 18541 18734 18473 18461 19027 20598 22127 23071 23529 23368 24124 24361 23916 23119 21872 21077 20182 19501 19181 18637 18582 19012 19642 20021 20018 20537 21055 21655 21795 20326 19221 19189 19191 19170 19198 19300 19613 20557 22742 24337 25683 25530 24417 24247 23264 21871 21407 19971 19627
22784 23456 23420 23039 22550 22319 21915 22251 22659 22553 22050 22213 23242 23607 24085 24118 23904 24377 24723 24225 21887 20571 19442 18252 18060 18229 18694 18602 18774 18494 18361 18800 20417 21583 22929 23852 24205 24251 24579 24628 24390 23829 22982 21996 21353 20764 20728 20858 21136 20785 20657 20801 21010 21562 22476 22288 20720 19292 19233 19278 19205 19137 19277 19485 19782 21589 23431 25552 25788 25122 24303 23113 21134 20945 20192 19451
22453 22800 23215 23100 22529 22195 22189 22337 22236 21730 21313 22009 22973 23340 23715 23634 23341 23474 23678 23465 21703 20679 19397 18273 18057 18052 18512 18297 18447 18081 18255 18822 20122 21613 22745 23734 24017 23818 24425 24708 24515 24184 24169 23855 23192 22359 22562 22451 22380 21998 21401 21349 21418 22287 22821 22283 20693 19354 19201 19173 19198 19126 19249 19457 19661 20827 22664 25141 25740 25055 24085 22969 21372 20561 20105 18975
22375 21906 22844 23085 22370 21880 21826 22315 22299 21474 21446 22471 22785 23106 23345 23291 23068 22914 22934 22745 21524 20277 19291 18221 18145 18219 18258 18057 18311 18287 18497 19073 20310 21513 22644 23633 23981 23859 24215 24452 24420 24585 24836 24836 24496 24162 23830 23464 22995 22589 22294 22092 22382 23032 23323 22272 20596 19322 19222 19155 19163 19223 19254 19292 20295 21226 22134 24351 25380 25056 23870 22699 21583 20823 20141 18997
21874 21599 22181 22818 22110 21401 21396 21756 21852 21471 21699 22271 22740 23153 23171 23293 22925 22644 22527 22218 21421 20235 20039 18844 18138 18160 18089 18048 18148 18378 18674 19474 20849 21945 22686 23221 23167 23578 23821 23917 24086 24385 24895 24940 25346 25253 24934 24479 24311 23735 23604 23382 23406 23752 23732 22294 20475 19672 19353 19283 19250 19235 19278 19267 20465 21456 22070 23730 24822 24787 23769 22589 21581 20616 20105 18902
21838 21823 22034 22184 21627 21269 21205 21242 21129 21069 21439 21852 22278 22696 22943 22954 22903 22534 22024 22143 21764 21194 20785 19978 19017 18340 18137 18153 18341 18755 19351 20279 21456 22366 22701 22815 22694 22893 23680 23589 23827 24174 24477 24661 25376 25372 25304 25185 25093 25163 24763 24166 23755 24023 24019 22293 20710 19491 19254 19249 19103 19140 19214 19267 20186 21346 21692 22223 23327 23864 23427 22147 21642 21017 20492 18486
21898 21666 21714 21791 21567 21306 21291 21174 20788 20955 21310 21593 21888 22505 22653 22355 22515 22519 22237 22130 21965 21580 21542 20547 19860 19112 18891 18711 19090 19636 20214 21022 21897 22359 22463 22159 22300 22875 23155 23382 23610 24064 23930 24122 24831 25201 25387 25379 25440 25492 24970 24506 24125 24038 24016 23427 21751 20802 19620 19824 19410 19134 19177 19455 20431 21410 21744 21790 22042 23182 23105 22007 21559 20960 20521 18350
22054 21777 21469 21411 21350 21232 21144 20985 20789 20675 20942 21214 21305 21522 21344 20316 20467 20939 21835 22058 21986 21720 21546 21204 21050 20408 20389 20014 20158 20691 21246 21787 22146 22134 22172 21847 21556 22188 22520 23043 23594 24116 24084 23804 24181 24716 24934 24865 25015 25111 24442 24301 24160 23769 23826 23804 23047 22087 20876 21003 20775 19835 19819 20537 21387 22037 21726 21181 22759 22589 22590 21676 21177 20453 20013 18152
22449 21893 21322 21004 20735 20487 20469 20569 20619 20657 20639 20947 21242 21849 22126 22246 22040 21974 21908 21738 21582 21308 21256 21117 21092 21142 21127 20925 21001 21187 21428 21681 22088 21948 21880 21574 21575 21753 22184 22924 23426 23988 23969 23663 24017 24448 24659 24629 24514 24115 24207 23913 23497 23607 24038 24174 24136 23597 22749 21381 21658 21459 21394 21525 21776 22126 21928 22311 22570 22385 21974 21276 20667 20251 19457 17570
22992 22074 21399 21066 20621 20095 20125 20256 20238 20333 20550 20714 20746 21067 21344 21480 21432 21345 21186 21198 21054 21099 20987 20665 20484 20605 20756 20835 20897 21136 21420 21587 21826 21944 21680 21506 21562 22049 22033 22465 22963 23364 23590 23554 23421 23747 24131 24245 23763 23536 23575 23396 23504 23582 23642 24155 24021 23997 23715 22665 22413 22204 21996 21902 21814 21970 21636 21924 22151 21948 21550 20666 20207 19683 19053 17620
23036 21891 21108 20793 20526 20133 20141 20062 20111 20231 20525 20603 20507 20722 21029 21416 21308 21090 20984 20828 20762 20907 20831 20432 20139 20105 20276 20457 20612 20958 21110 21244 21374 21665 21567 21480 22003 22664 22818 22769 22934 23081 23066 22962 22896 23017 23296 23311 23255 23139 23112 22800 22974 23341 23597 23644 23753 23925 23641 23015 22940 22802 22588 22029 21837 21921 21776 21710 21144 20930 20727 20132 20097 19860 18912 17664
22817 21754 20708 20526 20417 20101 20111 20189 20463 20975 21016 20936 20660 20423 20639 20930 20879 20782 20651 20338 20344 20598 20480 19934 19744 19663 19952 20130 20152 20572 20940 21303 21539 21600 21678 21680 22556 22903 22962 22911 22861 22554 22570 22411 22373 22283 22067 22027 22414 22607 22453 22491 22747 22814 22763 22595 22354 22407 22561 22538 22785 22513 22250 21830 21285 21484 21357 20707 19686 20028 19990 19683 19953 19636 18415 17429
23133 21845 20872 20441 20261 20302 20510 20691 20980 21501 21468 20894 20823 20616 20454 20415 20640 20573 20414 20179 20032 19823 19808 19582 19489 19500 19735 19776 19824 20447 20949 21431 21627 21879 21912 21925 22661 22423 21377 22341 22600 21978 21904 21337 21450 21310 21096 21231 21694 21763 21519 21459 21732 21674 21478 21287 21077 21631 21616 21169 21236 21224 21170 20753 20174 20112 19577 18535 18535 18560 18424 18161 18303 17754 16808 16785
23257 21908 21067 20476 20582 20579 20559 21189 21689 21899 21511 21404 21237 20595 20810 20662 20717 20628 20285 19900 19651 19572 19450 19437 19371 19470 19709 19771 19764 20409 20942 21367 21371 21864 21965 21946 22347 21083 19616 21091 22019 21351 21120 20552 20517 20523 20416 20365 20234 20295 20321 20366 20891 20834 20899 20777 20283 21015 20853 20387 20046 20037 19755 18945 18363 18378 18133 17874 16467 15997 15905 15884 15836 16006 16023 16417
23186 21925 21078 20631 20821 20889 20943 21390 21516 21819 21931 21557 21303 20862 20835 20961 21001 20701 20231 19816 19572 19501 19408 19414 19368 19538 19664 19757 19800 20217 20698 21150 21197 21537 21565 21561 21942 21351 20791 20715 21169 20210 20197 19868 19798 19588 19554 19523 19371 19207 19905 20141 20501 20769 20606 20667 20273 20954 20841 20399 19733 18799 18534 18297 17225 17182 16910 16844 15622 15621 15625 15603 16773 16901 16986 17330
23335 21876 21032 20860 21116 21070 21185 21369 21331 21815 21763 21433 21142 20914 20992 21297 21214 20849 20192 20045 19896 19568 19503 19411 19551 19694 19854 19885 19589 19795 20382 20878 20999 21007 21107 20967 20753 20774 20745 20477 20362 19716 19560 19542 19534 19258 18835 18842 18841 18861 19460 19611 19442 19717 20662 20502 20446 20769 20270 19860 19049 18431 17592 17599 16122 16065 15676 15726 15640 15639 15715 16140 17432 18403 18930 19179
22898 21676 20912 21087 21226 21298 21323 21281 21333 21549 21460 21368 21183 21426 21250 21591 21222 20794 20478 20077 19924 19716 19672 19569 19741 19724 19719 19740 19488 19522 20057 20318 20354 20506 20604 20586 19927 19988 20051 19688 19667 19521 19444 19209 19084 18835 18617 18537 18588 18467 18694 18936 19113 18729 19828 19802 19663 19652 18914 18303 17728 17154 16554 16016 15593 15825 15691 15592 15610 15741 16774 17698 17806 18484 19397 20122
22126 21193 21024 21348 21288 21514 21538 21687 22088 22055 21884 21688 21609 21562 21505 21447 21247 20664 20146 19991 19885 19826 20059 20389 20422 19943 19699 19575 19479 19693 19956 20215 20450 20439 20385 20128 19887 19795 19606 19415 19384 19397 19277 18968 18723 18111 18439 18196 17953 17963 18082 18346 18804 18250 18518 18678 18731 18029 17512 16856 16546 16053 15464 15178 14663 14852 16009 16233 16517 17225 17646 18420 18606 18888 19823 20640
21935 21226 21278 21330 21245 21453 21504 21837 22168 22174 21887 21440 21500 21394 21357 21164 21056 20623 20230 20130 20254 20261 20354 21068 21022 20415 20166 19657 19582 20005 20270 20425 20698 20760 20439 19995 19863 19816 19533 19364 19270 19302 19308 18800 18336 17623 18119 18007 17779 17514 17671 16521 17680 17959 17699 17466 17908 17406 17276 16488 16477 15567 14988 14911 15523 16334 16470 16854 17006 17300 17789 19050 19401 19671 20430 21147
21924 21684 21652 21665 21324 21310 21211 21608 21858 21677 21071 20780 20930 20826 20731 20800 20687 20302 20235 20460 20404 20444 20841 21239 21244 20710 20168 19862 20145 20587 20828 20864 21029 21052 20672 20146 20044 20016 19533 19277 19250 19224 18681 18524 18217 18041 17643 17231 17826 16981 17114 16314 16104 16206 15926 15729 16093 16655 16637 16460 15928 14886 14792 16278 16372 16582 16923 17133 17110 16841 17400 18591 19610 20349 21099 21385
22438 22294 22165 22256 22072 21714 21150 21203 21325 20977 20255 20152 20453 20447 20382 19899 19646 19652 19975 20429 20402 20508 20761 21048 21045 20034 19773 20143 20582 21015 21194 21159 20930 20834 20769 20328 20227 20477 20313 19422 18976 18772 18513 18300 18162 18111 18044 16997 16569 16114 15792 15076 15076 14866 14696 14850 14508 15183 15644 16278 15907 14219 15344 16447 16255 16333 16464 16666 16357 16759 17789 18519 19365 20191 20940 21208
22789 22507 22983 22935 22275 21698 21143 20690 20801 20563 19751 19567 19708 19785 19786 19235 19234 19420 19909 20343 20376 20638 20960 20899 21028 21158 20565 20764 20974 21048 21106 21130 20789 20548 20533 20257 20907 21010 20854 19704 18742 18183 17975 17598 17784 17506 17129 16409 15837 15067 14732 14266 14445 13989 14021 14107 14039 14339 14824 15726 15436 15374 15820 15957 16116 16164 16119 16274 16341 16562 17261 17378 18507 19337 20295 20813
22973 23025 23239 23288 22419 21793 21178 20120 19942 19798 19560 19517 19494 19577 19361 18934 19036 19222 19559 20122 20301 20678 20986 20956 21037 21454 21406 21099 21257 21081 20983 20781 20577 20241 20063 20316 20952 21104 20953 19654 19190 18701 18315 17800 16496 16191 15929 15176 14927 14432 14302 14101 14228 14002 14123 14282 14037 14340 14826 15253 15045 15819 15847 15667 15872 15952 15996 16145 16200 15958 16369 16581 17820 18560 19320 19595
