Alternative/Moon/Lvl0_30x30/Ele_DA.asc
ncols         335
nrows         335
xllcorner     -20042508.343
yllcorner     -3377166.958
cellsize      10000
nodata_value  -9999.0
[rows 272 to 305 of 335, columns 231 to 307 of 335]
23244 23053 20558 18951 21246 21971 21250 20119 20019 20074 21198 21833 21424 21436 20345 20059 20398 20378 20406 20733 21020 20974 20051 20011 19860 19856 20443 20747 20743 20778 20989 21604 22414 22899 22873 22245 21475 20237 18382 17303 17088 17071 17064 17166 16964 16826 17027 17226 17247 17476 18723 18922 17804 16922 16882 16903 17432 17873 18452 19824 21664 22292 22982 23622 24450 25099 25378 24982 24306 24215 23947 23691 23546 23460 23431 23716 23703
23373 23229 22226 21077 21962 22282 21717 20464 20029 19980 20210 20617 20822 20747 19949 19928 19940 19962 20290 20676 20826 20840 20104 20000 19758 20018 20221 20440 20499 20759 20963 21130 22225 22951 22672 21751 21285 20027 18412 17210 17097 17067 17053 17113 16966 16935 17038 17140 17111 17012 17423 17454 17078 16787 16706 16862 17460 18172 19095 20105 21187 22142 23276 24287 24662 24966 24874 24247 23676 23660 23556 23560 23215 23007 23284 23488 23811
23768 23515 23304 23213 22770 21987 21767 21006 20254 20011 19973 20186 20414 20291 19884 19921 19947 19918 19525 19789 19792 19870 19771 19673 19667 20014 20229 20236 20482 20500 20993 20920 21429 22245 22658 21867 21250 20501 19151 17649 17126 17028 17021 17023 17146 17145 16977 16979 16953 16947 16988 16945 16841 16820 16863 16977 17441 17965 18974 19964 20751 21554 23424 24025 24263 24397 24424 24125 24376 24399 23851 23747 23668 23659 23526 23506 23602
23974 24144 23880 23516 22940 22236 21755 21552 20708 20325 19961 19889 19854 19790 20021 20412 20393 19707 19426 19452 19566 19595 19582 19593 19538 19759 20095 20268 20515 20888 21110 21150 21269 21902 22216 22385 20902 20564 19599 18009 17231 17075 17054 17032 16986 16981 16959 16936 16947 16899 16868 16855 16828 16854 16944 17040 17364 17995 19077 20245 20936 21804 23474 23621 23866 23697 23786 23949 24179 24135 23799 23688 23706 23697 23509 22561 22637
23670 23667 23409 22829 21403 19867 21242 21463 20883 20464 19895 19865 19697 19623 19859 20092 20133 19639 19674 19560 19450 19481 19503 19532 19473 19407 19689 20168 20476 20850 21390 21534 21402 21753 22047 22382 21365 20529 19747 18509 17372 17056 17092 17016 16974 16958 16943 16896 16889 16868 16860 16835 16818 16851 16928 17175 17913 18875 19839 20696 21824 22345 23612 23739 23504 23224 23398 23458 23335 23382 23388 23632 23607 23550 23582 23007 22337
23007 22376 22307 22051 19972 17901 20070 20648 20344 20282 19789 19946 19698 19611 19562 19625 19575 19427 19678 19630 19698 19709 19728 19751 19603 19391 19504 19693 20323 21040 21548 21784 21738 21451 22156 22391 21492 20477 19835 18671 17905 17325 17202 17059 16963 16943 16933 16889 16878 16848 16837 16804 16844 16871 16978 17528 18479 19342 20211 21202 22459 22638 23527 23453 22913 22814 23247 23331 23221 23602 23587 23959 23950 23437 23656 23183 22862
22163 21928 21471 21567 21101 20606 20658 20547 19756 19714 19706 19869 19868 19920 19767 19479 19428 19292 19315 19590 19881 20164 20311 20119 19702 19502 19672 19594 20309 21153 21656 22114 21753 21397 22320 22643 22377 21319 20415 19679 19084 18462 18037 17390 17020 17108 16945 16886 16853 16825 16817 16939 17027 17165 17352 18054 19150 19664 20302 21533 22484 23135 24069 23881 23571 23483 23407 23142 23368 23988 24030 23677 23705 23507 23929 24062 23831
21909 21740 21097 20697 20860 20811 20206 19996 19513 19586 19569 19920 19900 19880 19817 19524 19310 19163 19189 19958 20454 20607 20877 20871 20250 19956 19652 19730 20412 21118 21674 22110 21691 21430 22066 22696 22826 22569 21414 20578 20068 19584 18685 18203 17549 17343 17154 17037 16908 16860 16937 17340 17906 18202 18303 19106 19748 20124 21180 21938 22937 23662 23950 24120 24087 23856 23577 23411 23317 23754 23916 23632 23621 23634 23975 24485 24438
21133 21315 20853 20765 20420 19933 19975 20083 19889 19449 19475 19922 20180 19956 19889 19449 19226 19123 19276 20041 20545 20622 20861 21022 21271 21100 20175 20052 20635 21438 21767 21801 21861 21659 21844 22692 22987 22902 22581 21774 21145 20199 19148 19213 18603 18600 18416 18094 17725 17689 17944 18612 19168 19604 19811 20026 20996 21338 21572 22573 23145 23503 23649 24224 24215 23718 23506 23279 23332 23665 23737 23420 24035 24338 24227 24934 24812
20601 20261 20250 20741 20520 20068 19854 20142 19905 19345 19168 19849 20343 20307 20118 19303 19225 19342 19816 19914 19404 18709 18969 20226 21442 21617 21217 20695 20896 21383 21969 22044 22201 22090 22062 22936 23566 23700 23008 22417 21900 21109 20353 19579 19219 19161 19261 19128 18890 19001 19265 19909 20381 20547 20899 21270 21423 21477 22338 23059 23042 22978 23364 23853 23698 23333 23375 23438 23361 23680 23721 23434 24112 24531 24527 24917 24925
20502 20106 19842 20190 20086 20092 20131 19939 19297 19217 18707 19019 20050 20226 19947 18858 19158 19779 19974 19226 17145 16538 16802 18241 20803 22046 21855 21274 21450 21483 21957 22128 22215 22223 22590 23382 24101 24301 23992 22731 22304 22137 21570 20431 20388 20479 20431 20472 20433 20939 21242 21599 21732 21818 22319 22397 22366 22446 23024 23098 22878 22596 22756 23276 23478 23391 23391 23444 23265 23393 23394 23573 24140 24393 24459 24817 24953
20462 20283 19696 19694 19909 19934 20018 19789 19146 19141 18749 18520 18831 19183 19208 18690 19207 19904 20248 18419 16610 16350 16423 17405 20258 22094 22121 21573 21307 21206 21404 21686 21954 22921 23562 23475 24068 24196 23938 23237 22293 22277 21971 21631 21276 21398 21508 21750 22352 22854 22696 22600 22513 22559 23046 23409 23364 22986 23068 22901 22526 22570 22735 23483 23629 23448 23330 23414 23221 23176 23277 23692 23960 24229 24311 24685 24939
20431 20478 20309 20290 20201 20009 19785 19278 19099 19043 18521 18358 18357 18597 18756 18580 19178 19933 20741 19624 17772 17069 16619 17959 20815 22545 22629 21992 21484 21377 21392 21569 22725 23235 23666 23699 23919 23995 23159 22756 22140 22390 22204 22140 22464 22742 22754 22809 22663 23236 22588 21942 21841 21703 22730 23486 23425 23040 22832 22695 22649 22992 23223 24073 24239 24020 23653 23567 23398 23437 23802 23716 23897 23934 24245 24582 25163
20103 20450 20349 20278 20286 19996 19646 18937 18585 18579 18453 18286 18364 18371 18378 18414 19110 20072 21293 21141 19552 18196 18079 19493 21871 23255 23218 22446 22458 22467 22182 22238 23070 23248 23281 23487 23614 23371 22851 22229 22289 22329 22057 22445 23031 23493 23730 23786 23498 22261 21599 21030 20879 20807 20947 21803 22760 22954 22702 22699 22624 23102 23561 24112 24220 24078 23731 23546 23566 23554 23862 23788 23834 23759 23412 24970 25258
20057 20635 20585 20268 20458 20180 19633 19130 19019 18577 18485 18378 18374 18372 18374 18429 19278 20197 21640 21947 21501 20466 20854 21792 22692 23152 23181 22890 23188 23152 23107 22628 22757 22870 22724 22764 22661 22411 22250 21587 21759 21697 22025 22643 23874 24208 24441 23981 22867 21409 21028 20640 20491 20342 20118 20126 20748 21642 22433 22940 22897 22990 23569 23706 23738 23683 23593 23442 23779 23687 23540 23813 24067 23985 24931 25723 25730
19107 20483 20492 20242 20548 20458 20048 19201 18989 18467 18459 18525 18545 18506 18433 18516 19337 20265 21442 21842 21689 21383 21864 22364 22603 22737 22749 22773 22981 23009 22901 22722 22319 22160 21950 21886 21664 21327 21185 20817 20718 20960 21159 22626 23668 24010 24003 22566 21214 20793 20365 19393 19114 19292 19274 19103 19799 20658 21790 23020 23320 22656 22587 22558 22717 23100 23070 23459 23802 23902 24089 24246 24317 24929 25183 25805 26106
19774 20004 20286 20085 20015 19806 19497 19197 18693 18940 19016 19170 18985 18740 18490 18556 19470 20202 20787 21117 21084 20938 21038 21299 22008 22179 22103 22477 22522 22423 22228 22198 21943 21811 21065 20328 20508 20588 20217 20234 20371 20271 20883 22365 23186 23043 22198 21079 20233 19350 18990 18200 17630 17505 17680 18035 18742 20303 21645 22898 23261 22518 21639 21628 22455 22818 23109 23485 23545 23734 24257 24580 24588 24928 25295 25536 26025
19774 19983 19913 19996 19988 19514 18839 18997 19189 19520 19810 19864 19526 18965 18627 18635 20133 20349 20450 20776 20618 20282 20054 20483 21280 21559 21538 21817 22076 22230 21992 21675 21545 21503 21084 19683 19253 19487 19352 19298 20060 20040 20662 22271 22566 21871 21549 20852 19550 19020 18375 17687 17172 17084 17114 17416 18469 19659 21110 22397 22635 21904 21320 21158 22264 22646 23075 23510 23541 23595 24646 24814 24784 24804 25070 25264 26087
19536 19501 19644 19579 19529 19055 19268 19521 19224 18514 19064 19839 19880 19763 19096 19586 20826 20853 20230 20694 20663 20144 19526 19766 20471 20868 21530 21876 21892 21630 21483 21170 20894 21049 20978 19521 18937 18999 17725 18455 19464 19649 20555 21786 22012 21295 21044 20304 19121 18516 17782 17679 17914 17460 17156 17392 17380 18595 20001 21545 21673 21218 20832 20673 21306 22188 22712 23335 23478 23980 24665 24933 24873 24769 24724 25364 26105
18968 19242 19234 19108 19284 19440 19948 19423 17240 15812 16268 17468 19495 20046 19834 20165 20993 21053 20605 20811 20690 20107 19403 19981 21061 21776 21892 21849 21605 21042 20577 20421 20130 20095 20285 18900 17832 17789 18803 18937 18958 19555 20593 21513 21615 21270 20655 19626 18291 17398 17255 17476 17961 17683 17299 17336 17488 17648 18647 20193 21187 20841 20663 20730 20584 21074 21660 22579 23231 23449 24335 24730 24680 24101 24158 24842 26118
17788 18524 19173 18957 19328 20079 20289 18380 15747 14462 13964 15195 18029 19935 20328 20624 20954 20910 20774 20708 20453 19559 19108 20081 21216 21810 21728 21704 21326 20949 20783 20471 19922 19802 19580 18610 18001 18503 18767 18815 18661 19374 20159 21031 21427 21397 20828 19863 18375 17045 16862 16941 16876 17044 17205 17000 17099 17702 18753 20411 21129 20880 20829 20804 20650 20428 21249 22002 22888 23199 23679 24093 24052 23764 23791 24654 26034
17133 18029 18841 19002 19333 20114 20333 18312 15577 14145 13866 14655 17228 19223 20601 21102 21186 20590 20213 20433 19988 19236 19089 20088 20407 20138 19865 20455 20973 20994 20975 20658 19938 19583 19291 19097 18208 18460 18126 18252 18419 18841 19279 20315 21285 21338 20884 20015 18761 17376 16805 16837 16821 16849 17040 16975 17503 18299 20204 21194 21082 20711 20686 20393 20182 20064 20556 21726 22871 23268 23390 23564 23632 23567 23482 24218 25462
16984 17223 18100 18963 19308 19887 20162 19256 16257 15439 14756 16327 18661 20296 20492 21208 21324 20887 19774 19204 18961 18810 19140 19522 18940 18500 18390 18854 20393 21112 21164 20703 19802 19440 19012 18187 17630 17152 17222 17175 17674 18048 18472 19268 20289 20608 20610 20265 19529 18182 17110 16859 16830 16848 17368 18101 18685 19851 20970 21148 20385 20305 20078 19439 19307 19265 19861 20919 22327 22683 22874 22958 23088 23230 23198 23982 25003
17505 17549 17586 19012 19427 19625 20185 19958 17950 17320 17767 18876 20024 20358 20265 20666 21125 20753 19761 18941 18843 18854 19304 19556 19016 18481 18481 19300 20810 21181 21076 20192 19072 18212 17255 16423 16458 16238 16064 15757 15908 16486 17431 18317 19501 19910 20266 20382 20151 19378 18379 17604 17418 18072 18641 19352 20251 20721 20730 20634 20054 19981 19611 18776 18513 18657 19420 20631 21401 21976 22469 22512 22549 22490 22582 23370 24327
17429 17301 17368 18233 18610 19043 19774 19926 19912 19956 20119 20084 20108 20086 20034 21135 21398 21149 20234 19414 19148 19193 19658 20352 20488 20326 20255 20884 21095 21002 20285 18739 17249 16273 15483 15195 14997 14820 14566 14176 14472 14658 15492 17204 18297 19079 19287 20186 20134 19983 19506 19036 19249 19668 19934 20438 20724 20728 20134 19914 19604 19571 19019 18180 18068 18144 18960 19858 20964 22017 22150 21989 22116 22005 21605 22360 22742
17679 17478 17635 17913 18197 18697 19557 19901 19925 19959 20032 20011 19783 19834 20318 21228 21613 21390 20744 19587 19189 18997 18863 20360 21426 21933 21841 21363 21087 20456 19306 17785 16548 15548 14896 14284 13508 13236 12957 12901 13382 13780 14481 16136 17035 17959 18760 19443 19702 19819 19631 19770 19950 20231 20445 20583 20607 20121 19645 19514 19192 19024 18359 17965 17905 17938 18552 19216 20733 21446 21800 21406 21130 21174 20798 21254 21636
18256 18238 18984 19006 18746 19193 19934 20764 20567 20123 19837 20181 20372 20439 20760 21122 21292 21273 20830 19791 19302 17741 17034 19341 21597 21937 21739 20837 19334 18078 17257 16598 15779 15102 14059 13138 12432 11844 11365 11538 11891 12823 13884 15201 16207 17279 18165 18758 19106 19191 19313 19591 19780 19921 19995 19961 19611 19215 19118 19156 18883 18644 17942 17768 17861 17886 18373 18758 19896 20644 20844 19932 19637 19712 19782 20471 21126
18348 18775 19603 19769 19733 20079 20647 20895 20817 20361 20409 20850 20943 20866 20593 20753 20796 20659 20532 19713 19401 19216 18622 20075 21189 21387 20884 19777 17705 16151 15322 15023 14417 14100 13366 12346 12007 11399 10899 10801 10941 11787 12900 14037 14992 16275 17423 17729 18324 18705 18773 18807 18937 19263 19344 19179 18085 17248 17170 18136 18545 18371 17985 17959 17945 18043 18217 18322 19293 20096 20090 19197 18909 19154 19348 19543 20024
17972 18639 19468 19841 20129 20777 20899 21010 20967 20406 20562 21201 21453 21378 20753 20637 20689 20289 20394 20229 19541 19340 19420 20062 20523 20316 20073 19232 17068 15304 14214 13851 13396 12870 12397 11981 11323 10838 10790 10698 10697 10969 12094 12946 14301 15652 16782 17091 17371 17617 17904 18040 18029 17954 18147 18059 16519 15864 15874 17141 18200 18189 18040 18056 18214 18162 18225 18258 18863 19782 19734 18811 18550 18728 18971 19077 19474
18051 18168 18911 19409 19950 20779 20996 21158 21221 20930 20561 21167 21424 21352 20949 20966 20797 20485 20672 20734 19922 19258 18998 19176 19323 18977 19249 18812 17182 15278 14325 13602 13021 12317 12001 11815 11147 10826 10733 10659 10657 10713 11797 12664 14194 15386 16302 16414 16601 16903 17062 17390 17542 17507 17219 17237 16185 15797 15862 17034 17649 17605 17567 17959 18026 18040 17715 17770 18291 18837 18817 18543 18401 18440 18535 18877 19053
18113 18193 18415 18683 19558 20427 20991 21150 21248 21175 20603 20684 20791 20752 20855 21099 21046 21201 21309 21429 20465 19391 18461 18235 18567 18645 18551 17862 17465 16655 15375 14347 13223 12575 11911 11202 10850 10729 10652 10620 10602 10639 11152 12507 13941 14803 15568 15741 15944 16189 16222 16135 16375 16458 16457 16618 16665 16698 16960 17086 17157 17148 17052 17458 17602 17534 17350 17267 17671 18200 18262 18228 18095 18366 18471 18501 18737
18493 18461 18556 18965 19754 20040 20565 20779 21293 21237 20800 20431 20452 20614 20619 21074 21104 21444 21288 21343 20452 19454 18216 17725 17702 17860 17830 17356 17365 17269 16386 15308 13868 12767 11623 10952 10775 10682 10624 10610 10623 10659 11448 12741 14322 15045 15149 14852 15212 15515 15483 15435 15548 15494 15482 15726 16623 16747 16869 17079 17276 17030 16815 16792 17220 17165 17123 17048 17349 18068 18008 17249 17505 17979 18292 18613 18878
18857 18851 18682 19522 19809 19836 20354 20440 20323 20289 20456 20212 20192 20303 20390 20696 21085 21251 20747 20421 20138 19195 18172 17408 17096 17356 17402 16970 16999 16808 16003 15117 13864 12789 11482 10894 10788 10670 10656 10626 10696 11134 12381 13656 14643 14738 14729 14368 14499 14889 15177 15208 15200 15191 15223 14912 15633 16074 16295 16830 17031 16734 16548 16733 16904 16941 16686 16794 17249 17746 17803 16623 16950 17317 18298 18763 19123
18973 19119 19205 19861 19803 19788 19725 19636 19458 19325 19534 19499 19765 19767 20194 20499 20575 20793 20518 19945 19383 18704 17978 17350 17014 16958 16940 16637 16461 16378 15752 15019 14438 13482 12302 11316 10853 10732 10692 10681 11328 12036 13272 14416 14681 14553 14064 14101 14175 14712 15478 15267 15015 14387 14546 14539 14454 15192 15729 16021 16513 16497 16184 16337 16603 16724 16405 16712 17372 17599 17510 16119 17764 18264 18336 18297 18429
