Alternative/Moon/Lvl0_30x30/Ele_DH.asc
ncols         335
nrows         335
xllcorner     3407491.657
yllcorner     -3377166.958
cellsize      10000
nodata_value  -9999.0
[rows 238 to 271 of 335, columns 0 to 76 of 335]
19030 17283 16165 16006 16232 16875 18703 19022 19057 18624 17387 16855 15729 15833 15894 15911 16051 16079 16310 16402 16432 16501 16599 16655 16780 16772 16852 16828 16855 16824 16822 16805 16721 16642 16541 16462 16503 16519 16479 16326 16290 16263 16314 16206 16048 15986 16025 16667 17777 18306 18468 18656 18834 18669 18228 17892 17664 17561 17445 17600 18248 18626 18615 18400 18450 18275 18451 18673 18627 18747 18676 19170 19771 20343 20755 21250 21966
17732 16432 16966 17057 16523 16070 16517 17597 17900 17841 17175 16909 15670 15828 15906 15945 16077 16145 16211 16354 16507 16615 16642 16678 16760 16873 16914 16892 16898 16955 16946 16879 16823 16847 16768 16824 16688 16545 16507 16451 16364 16379 16524 16241 16086 16176 16282 17246 17950 18037 18628 19217 19130 19044 18445 18409 18361 17917 17884 18592 19096 19520 19637 19396 19330 18906 18804 18762 18696 18655 18628 18616 18830 18932 19656 20913 22535
17119 16420 17089 17162 16185 16045 16026 16483 17059 17506 17266 16924 15994 15721 15802 15945 16089 16125 16252 16348 16480 16536 16620 16689 16814 16962 16991 16974 16943 16948 16961 16906 16984 16944 16816 16757 16668 16594 16523 16536 16557 16606 16743 16592 16232 16156 16573 17700 18075 18142 19063 19411 19183 18873 18881 18862 18690 18515 18713 18888 19654 20065 20142 20005 19822 19362 18790 18727 18714 18682 18680 18715 18820 18919 19238 20541 22210
17076 16999 17092 16264 16315 16335 16224 16738 17800 17880 17511 17205 16467 15749 15874 15960 15992 16085 16177 16308 16570 16506 16587 16688 16773 16907 16943 16894 16924 16964 16971 16953 16917 16878 16816 16738 16620 16597 16549 16480 16545 16649 16752 16367 16120 16093 17255 18106 18295 19310 19766 19502 19298 19485 19322 19447 19446 19315 19165 19348 19813 20371 20484 20323 19865 19275 18798 18750 18735 18748 18753 18851 18873 18955 19266 20202 21669
18007 17924 17631 17500 17825 17837 16633 17665 18701 18739 18162 17369 16786 15937 15862 15900 15932 16029 16159 16292 16367 16435 16554 16639 16710 16766 16826 16880 16861 16894 16920 16982 16971 16873 16781 16744 16632 16710 16589 16537 16547 16518 16652 16129 15882 16652 17614 18066 18711 19566 19777 19615 19765 19826 19758 19821 19760 19544 19120 19728 20270 20477 20523 20365 19771 19148 18816 18802 18830 18802 18964 18966 19031 19786 20257 20421 21076
20751 20177 19093 18749 19276 19371 17716 17171 18923 19119 18429 17195 16548 16041 15839 15865 15921 15981 16113 16215 16289 16415 16454 16572 16624 16692 16746 16755 16825 16836 16844 16847 16789 16779 16752 16748 16654 16667 16551 16452 16443 16399 16397 15888 15951 17293 17695 17966 19097 20099 20195 20081 20064 19983 19917 19959 19933 19956 19546 19453 19690 20259 20220 19944 19425 18938 18799 19064 19042 19047 19498 20083 20757 21293 21928 22094 22076
22175 22106 21982 21391 21142 20701 18890 17491 18474 19119 18370 17485 17204 16258 15849 15947 15896 15918 16004 16173 16244 16356 16385 16474 16546 16607 16674 16780 16755 16748 16620 16568 16516 16615 16627 16676 16613 16484 16436 16334 16288 16207 16251 16048 16670 17514 17985 18501 19683 20252 20477 20487 20234 20125 20032 20103 20318 20442 20673 20445 19995 19958 19981 19786 19179 18830 18812 19442 20014 20365 21108 21718 21674 21754 21826 21896 22622
21854 22115 22191 22279 22291 22062 20379 19088 18537 19200 18839 18146 17571 16745 16374 16212 15851 15855 16013 16067 16181 16228 16340 16373 16476 16528 16634 16717 16926 16843 16516 16453 16427 16498 16469 16531 16499 16459 16412 16291 16176 16126 16097 16225 17053 17871 18617 19439 19921 20119 20290 20265 20228 20158 20206 20294 20636 20843 20842 20670 20386 19919 19711 19713 19065 18921 19365 20016 20414 21450 22017 21870 21359 20492 19704 19831 21940
20629 20899 21357 22190 22244 22122 21614 21075 20788 20367 19290 19002 18580 17813 17353 17070 16032 15780 15873 15911 16005 16156 16249 16342 16420 16470 16518 16643 16847 16704 16874 16468 16522 16360 16315 16367 16399 16419 16345 16209 16073 16011 16328 16703 17828 18980 19896 20673 20498 20439 20309 20287 20219 20096 20376 20439 20682 20804 21036 20941 20611 20039 19691 19586 19676 19664 20036 20791 21317 21901 21952 20552 18884 18041 17687 18055 20103
20389 20533 20707 21292 21767 21997 21999 22049 21579 20688 19431 19456 19041 18135 17889 17407 16860 16283 15828 15805 15868 16037 16220 16242 16329 16427 16490 16535 16592 16605 16799 16381 16498 16367 16219 16254 16286 16293 16145 16041 15864 16225 16719 17258 18585 20096 21247 21227 20723 20450 20320 20153 19693 18952 20010 20656 20674 20722 20843 20733 20314 20003 19691 19668 19759 19780 20356 21407 22035 21832 20153 18687 17530 17088 16686 16853 18316
20273 20313 20629 21000 21580 21839 21772 21768 21599 21413 19966 19276 18903 17387 17138 17123 17094 16548 15918 15786 15877 15975 16074 16181 16313 16361 16387 16451 16515 16508 16431 16238 16205 16183 16185 16162 16048 16059 15950 16248 16931 17175 17809 18590 20055 21191 21381 21394 20894 20466 19989 19898 19002 18824 19168 20719 20947 20608 20511 20264 19828 19723 19703 19810 19952 19937 20260 21718 22287 21835 19406 17623 16399 17357 17523 17134 17718
20308 20299 20275 20552 21233 21533 21482 21454 21607 21481 20356 19853 18618 17205 17049 17089 17204 17202 16524 16070 15912 15962 16007 16149 16309 16335 16347 16315 16369 16371 16212 16138 16172 16043 16034 16034 15952 16078 16818 17519 17934 18035 18501 19383 20414 21306 21302 21087 21237 21025 20153 19083 18826 18829 19140 20702 20700 20300 20371 19996 19927 19820 19799 19689 20011 20016 20494 21713 22302 22181 19702 18019 16782 17488 17730 17141 17305
20308 20225 20057 19991 20305 20606 20881 20937 21319 21386 20806 20040 18661 17645 17382 17736 17893 17696 17199 16645 16148 15852 15943 16084 16211 16271 16541 16315 16340 16310 16082 15968 15981 16357 16787 16917 17245 17447 18215 18839 18938 18945 19846 20697 21082 21488 21214 21366 21515 21515 20666 19925 19242 19475 19477 20274 19391 19872 20115 19894 19929 19794 19690 19638 20015 20040 20438 21319 21925 22198 20948 19283 18103 16838 16759 17375 18053
20226 19974 19944 19865 19969 20170 20518 20756 21096 21155 21154 20760 19716 19076 18338 19285 19595 18993 18021 16900 16824 16577 15885 16221 16839 17234 17416 17157 17569 17259 17184 16927 17164 17743 18022 18252 18533 18725 19112 19492 19872 20033 21180 21745 21593 21694 21358 21629 21609 21154 21055 20676 19963 20025 19966 20143 20024 20005 19983 19787 19899 19808 19647 19520 19965 20124 19935 20420 21325 22116 22271 21944 20278 18558 18133 19313 20198
20085 19917 19822 19878 20002 20305 20568 20805 20976 20974 21034 20844 20792 20021 18358 19109 20238 20413 19499 18354 17834 17492 17100 16768 17329 17990 18366 18341 18194 18058 18638 18888 18791 18777 18874 19223 19081 19084 19344 19957 20501 21294 21884 21972 21698 21690 21452 21734 21611 21223 21123 20930 20617 20525 20005 19755 19756 19730 19779 19803 19763 19854 19644 19589 19861 20012 19651 19627 20441 21164 22137 22332 21879 21169 20593 22037 22724
20002 19791 19784 19793 19689 20380 20504 20715 20769 20666 20639 20840 20888 20449 18370 18362 20221 20931 20625 19814 19092 18827 18547 17981 18223 18353 18516 18499 18401 18696 18697 19040 19316 19037 19078 19271 19342 19491 20158 21405 21568 21498 21774 21734 21690 21688 21457 21499 21535 21262 21031 21111 21105 20742 20138 19884 19756 19732 19728 19724 19776 19806 19658 19660 19594 19561 19536 19572 19960 20446 21175 21570 21775 21767 22065 22772 22850
19872 19835 19829 19799 18893 19377 20494 20206 20247 20268 20325 20581 20973 20904 19556 18552 20293 21673 21687 20936 20351 20183 19893 19217 18874 18858 19069 18702 19318 19337 18673 18576 19210 19262 19510 20028 20288 20853 21998 22158 21883 21430 21459 20987 21615 21573 21452 21236 21363 21339 21139 21226 21265 21016 20687 20143 19931 19822 19788 19800 20069 19996 19624 19617 19580 19573 19552 19541 20239 20356 20833 21019 21100 21101 21325 21738 21704
19956 19909 19821 19911 19350 17984 19950 20686 20624 20252 20450 20898 21367 21571 20395 19228 20689 21736 21845 21371 21751 21734 21341 20742 19913 19657 19193 19616 19991 19859 19342 19727 19933 20169 21273 21939 21793 20665 22141 22428 22159 21331 21005 21004 21179 21247 20983 21107 21424 21391 21692 21722 21518 21160 20734 20171 19980 19998 19858 20154 20474 20481 19958 19621 19591 19546 19561 19535 20137 20358 20614 20842 20677 20744 20617 20672 20686
20026 19994 19854 19851 19894 19906 20374 20948 20568 20221 20483 20862 21322 21928 22003 20200 20786 21567 21549 21515 22144 22251 22020 22011 21717 21252 20571 20918 20898 20754 20915 21078 21074 20998 21784 21944 21653 19719 20988 22205 21974 21275 21460 21311 20987 20915 20933 21234 21303 21463 21913 22020 21680 21375 20949 20150 19909 19951 19854 20002 20477 20456 20108 19646 19605 19538 19531 19557 19708 20071 20255 20367 20330 20274 20221 20198 20142
19964 19929 19877 19760 19897 20045 20310 20290 20363 20189 20427 20423 21076 21876 22033 20757 20357 21733 22181 21960 22037 22108 22157 22249 21929 21478 21720 21752 21571 21340 21223 21153 20976 20726 20964 21385 20865 20046 21184 21656 21447 21253 21441 21415 20889 20775 20867 21025 21223 21438 21622 21976 22069 21957 21315 20249 19898 19927 19871 19920 20279 20359 19707 19621 19547 19546 19545 19787 19834 20173 20473 20316 20359 20358 20055 19988 20022
20095 19929 19808 19780 19738 19770 19878 19977 20225 20139 20160 20353 20900 21775 21873 20452 19595 20840 22277 22077 21933 21714 21820 21816 21636 21636 22392 22280 21992 21367 21117 20843 21204 21214 21073 20932 20986 20916 20947 20737 20766 21448 21422 21129 20867 20822 20973 21144 20971 21224 21655 22026 22153 21956 21299 20205 20032 19930 19928 20226 20380 19967 19600 19569 19568 19530 19846 20248 20515 20790 20882 20869 20759 20730 20223 20116 19933
20328 20170 19799 19793 19797 19764 19816 19969 19897 19908 20188 20347 20656 21434 21879 21379 21798 21973 21696 21110 21473 21435 21451 21373 21508 21792 22150 22083 21524 21297 21098 20891 21271 21286 20922 20594 20539 20411 20392 20402 20978 21243 21439 20811 20746 20854 21075 21303 21338 21641 21818 22046 21908 21498 20692 20046 19990 19984 20104 20209 20314 20113 19683 19634 19844 19962 20173 20384 20853 21051 21075 21056 20936 20559 20243 20173 19928
20075 19833 19871 19815 19793 19739 19679 19855 19938 20155 20303 20331 20484 20733 21485 21842 22095 22116 21979 21093 21073 21154 21521 21454 21605 21817 21975 21784 21317 20876 20889 20962 21110 20948 20777 20620 20553 20502 20516 20523 21080 21056 20750 20849 20829 20967 21072 21471 21906 21932 21915 21783 21353 20613 20062 19983 20000 19964 20044 20342 20357 20207 19697 19727 20154 20370 20342 20354 20666 21044 21365 21410 21028 20692 20331 20197 19557
19612 19678 19772 19768 19595 19726 20054 20275 20287 20301 20238 20301 20474 20529 20936 21450 21579 21933 21883 21731 20837 21399 21590 21449 21546 21595 21582 21102 20895 21332 21283 21087 21108 20970 21063 21076 20734 20447 20331 20454 20733 20422 20262 20529 20572 20671 20567 21462 22134 22127 21979 21620 20882 20435 20083 20067 20049 20105 20090 20412 20435 20132 19785 20119 20385 20442 20446 20300 20566 20880 21402 21497 21128 20841 21032 20793 20088
19507 19531 19524 19580 19536 19583 20000 20279 20434 20380 20291 20357 20775 20791 20813 20849 21031 21156 21669 21956 21901 21674 21495 21124 20972 21406 21348 20912 21063 21339 21308 21294 21272 21442 21311 21054 20546 20404 20057 19871 19915 19922 19831 20181 20309 20587 20838 21657 21953 21873 21976 21644 20942 20675 20370 20433 20183 20245 20148 20114 20219 19907 19871 20291 20373 20362 20433 20843 20758 20765 21071 21178 21129 21049 21078 20811 20211
19539 19536 19530 19521 19688 19821 19883 20372 20497 20417 20273 20303 20645 20815 21061 20970 21048 21130 21581 22000 21995 21866 21451 21001 20813 20742 20691 20913 21035 21302 21356 21360 21409 21552 20795 20702 20159 20002 19882 19736 19734 19696 19639 19994 20040 20275 20683 21047 21640 21849 21699 21155 20875 20790 20603 20503 20058 20049 20264 20444 20316 20331 20396 20435 20393 20261 20349 20838 20716 20767 20969 20821 20761 20955 20832 20710 20093
19784 19741 19602 19561 19699 19796 19908 20400 20595 20376 20257 20329 20351 20897 21493 21319 21087 21099 21226 21496 21478 21486 20917 20853 20630 20609 19952 20888 21087 21102 21207 21451 21443 21214 21134 20644 19991 19883 19783 19708 19666 19645 19640 19876 20310 20561 20481 20700 20817 20824 20982 20988 20960 21097 21046 20363 19878 19830 20369 20570 20683 20717 20387 20388 20383 20371 20485 20545 20824 21005 20878 20623 20639 20628 20557 20548 20548
20056 19964 19586 19567 19739 19769 19782 19994 20181 20189 20246 20387 20769 21336 21833 21564 21427 21267 21194 21137 21195 21202 21197 20783 20616 20677 20922 21173 21192 21168 21181 21466 21355 21121 20887 20185 19962 19852 19779 19725 19634 19624 19721 20225 20484 20649 20399 20926 20879 20818 21355 21350 21036 21125 20939 20001 19844 19749 20293 20616 20740 20760 20379 20403 20609 21095 21046 20845 20966 21019 20917 20755 20601 20499 20271 20174 20545
20250 20038 19730 19559 19707 19822 19982 20171 20176 20204 20293 20626 21102 22133 22149 21734 21418 21446 21291 21281 21359 21202 21036 20575 20447 20510 20964 21130 21147 21129 21135 21327 21176 20916 20490 20084 19840 19898 19852 19719 19646 19642 19694 20259 20439 20422 20154 20941 20898 21247 21558 21517 21383 21098 20348 19663 19751 19596 20450 20808 20823 20484 20663 20926 21045 21301 21124 21320 21299 21007 20919 20806 20596 20565 20343 20317 19940
20218 20013 19704 19588 19757 19868 19966 20060 20178 20236 20481 20484 20691 21517 21516 21279 21271 21072 21049 21214 21237 20989 20361 20296 20535 20595 20659 20824 20827 20815 20823 20997 20892 20404 19856 20021 20041 20038 19937 19719 19683 19637 19687 19925 20329 20206 20528 20771 20957 21511 21969 21860 21317 20389 20017 19843 19712 19533 20201 20347 20303 20853 20909 20604 19368 19118 20190 21261 21214 21126 20860 20676 20427 20303 20335 20285 19501
20206 19887 19716 19680 19942 20017 19844 20051 20080 20263 20464 20461 20543 20668 20852 21057 20954 20870 20997 20989 20863 20780 20246 20200 20341 20195 20109 20393 20531 20710 20491 20084 20171 20012 19800 20016 20071 19865 19702 19771 19817 20139 20400 20366 20173 20187 20773 20795 20793 21298 21696 21589 21106 20484 20380 19957 19633 19476 19759 19911 20573 20982 20467 18635 17512 17430 18156 20084 21145 21158 20910 20488 20292 20153 19948 19532 19140
20334 20009 19844 19767 20048 20243 20578 20327 20163 20292 20383 20363 20183 20236 20451 20749 20818 20834 21113 21038 20529 20115 19745 19953 19962 19955 19595 20353 20537 20511 20498 20095 20086 19980 19809 19754 19809 19779 19712 19868 20447 20535 20369 20091 19655 20213 20962 20974 20662 20675 21005 20907 20715 20602 20277 19900 19644 19449 19386 19490 20514 20983 19936 17963 17432 17416 17609 19396 20997 20961 21023 20612 20445 20210 19958 19635 19279
20721 20628 20223 19973 20444 20520 20850 20504 20053 20201 20236 20068 19888 19931 20359 20586 20770 20832 21171 21178 20182 19714 19727 19898 20102 20177 19939 19989 20417 20411 20391 20027 20029 19920 19881 19727 19761 19803 19835 20318 20586 20534 18850 17708 17573 19114 21168 21275 20888 20535 20881 20820 20646 20585 20218 19988 19572 19501 19133 19291 20191 20838 20412 18322 17455 17435 18092 19785 20856 20733 20788 20672 20502 20279 20062 19713 19445
20789 20774 20224 20527 20470 20430 20273 20145 19974 19841 19901 19835 19849 19968 20385 20520 20410 20523 20400 20527 19755 19677 19708 19914 20160 20186 20249 20339 20409 20333 20236 20153 19978 19963 19930 19730 19672 19662 19970 20542 20715 19942 17603 17250 17331 18554 20980 21346 20840 20477 20486 20450 20300 20287 20122 20081 19748 19529 19196 19259 19963 20364 20330 19856 18995 18724 19415 20759 20740 20605 20248 20261 20316 20028 19788 19365 19591
