Alternative/Moon/Lvl0_30x30/Ele_AA.asc
ncols         335
nrows         335
xllcorner     -20042508.343
yllcorner     6672833.042
cellsize      10000
nodata_value  -9999.0
[rows 272 to 305 of 335, columns 77 to 153 of 335]
21134 20851 21115 21157 21050 21060 21117 21151 21249 21165 21130 21139 21302 21580 21615 21776 21911 21953 22169 22364 22350 22269 22228 22219 22290 22649 23026 23381 23594 23558 23582 23578 23460 23078 22945 22937 22682 22437 22387 22419 22422 22445 22478 22462 22248 22207 22120 21943 21869 21720 21804 21962 21972 21936 22001 21979 21947 22216 22364 22471 22625 22980 23089 23152 23139 23134 23043 23028 22985 23155 23260 23144 22836 22636 22529 22380 22013
21361 21383 21360 21160 20970 20991 21144 21229 21244 21149 21035 20829 20922 21204 21342 21412 21704 21843 21895 22104 22162 22382 22401 22431 22459 22576 22717 22912 23126 23167 23136 23021 23030 22970 23031 23055 23056 23215 23239 23179 23217 23372 23420 23395 23181 23133 23150 23025 22875 22872 22884 23095 23062 23067 22901 22199 21952 22213 22607 23052 23275 23544 23538 23604 23665 23505 23413 23460 23467 23307 23302 23285 23047 22573 22559 22373 22071
21415 21379 21415 21392 21088 20886 20841 20957 20871 20675 20728 21024 21414 21665 21774 21768 21836 22041 22277 22523 22616 22611 22525 22641 22762 22803 22820 22834 22732 22535 22245 22063 22006 22127 22298 22548 22881 23519 23766 23954 24097 24291 24321 24092 23956 23883 23787 23631 23343 23269 23182 23280 23405 23464 23474 22950 22482 22672 23071 23719 23758 23882 23980 23895 23857 23746 23815 23872 23573 23560 23618 23385 23098 22742 22675 22544 22149
21173 21162 21123 20971 20581 20518 20573 20550 20645 21043 21313 21593 21750 21786 21789 21884 21971 22135 22392 22663 22779 22772 22697 22627 22656 22745 22720 22234 21554 21396 21332 21300 21291 21365 21656 22181 22914 23405 23372 23003 23346 24033 24209 24097 23975 23941 23783 23589 23420 23429 23514 23520 23437 23427 23592 23829 24114 24329 24335 24316 24213 24370 24790 24854 24552 24093 24190 24152 24139 24039 23925 23767 23510 23266 22894 22499 21737
21254 21006 20740 20630 20568 20505 20509 20511 20755 21276 21534 21860 21916 21881 21910 22209 22343 22359 22395 22614 22739 22740 22628 22312 22239 22356 22327 21990 21458 21421 21439 21349 21333 21460 21721 22166 22678 23138 23283 23293 23492 23744 23940 23936 23905 23890 23730 23541 23500 23543 23755 23960 24036 24004 23890 24078 24400 24738 24763 24771 24582 24533 24798 24866 24568 24169 24156 24338 24447 24343 24184 24055 23750 23409 22724 21946 21288
21310 21049 20882 20703 20698 20643 20570 20853 21211 21272 21491 21629 21681 21867 22039 22289 22364 22363 22451 22573 22745 22887 22876 22680 22422 22095 21862 21684 21562 21566 21701 21773 21666 21703 22027 22425 22773 23113 23324 23506 23675 23944 24003 23956 23899 23884 23745 24011 24080 23969 23814 23929 24204 24425 24451 24478 24834 25155 25231 25082 24836 24760 24772 24711 24556 24391 24278 24249 24427 24468 24416 24085 23712 23408 22584 21646 20621
21344 21192 21170 21222 21307 21226 21367 21223 21202 21204 21194 21190 21509 21748 21887 22162 22309 22504 22693 22868 22956 22996 23064 22987 22633 22378 22312 22080 21712 21697 21806 21862 21624 21687 21864 22215 22632 23162 23382 23591 23759 23929 23944 23904 23893 23849 23858 23888 23952 24009 24164 24287 24396 24393 24330 24418 24823 25253 25382 25342 24938 24874 24900 24944 25041 24873 24635 24557 24398 24411 24265 23779 23272 23078 22477 21434 20215
21756 21509 21295 21323 21365 21219 21205 21085 20990 21270 21375 21469 21519 21601 21665 21690 21712 21900 22215 22646 22802 22794 22843 22852 22492 22117 22022 21859 21402 21350 21399 21546 21844 22082 22137 22381 22732 22928 23054 23286 23347 23364 23481 23364 23511 23488 23419 23549 23752 24129 24281 24341 24405 24386 24405 24465 24677 25090 25381 25348 24962 24845 24898 24983 25057 24912 24601 24580 24556 24340 24235 23634 22968 22322 21793 21034 20090
21356 21272 21292 21291 21283 21197 21151 21206 21198 21354 21491 21669 21835 21873 22020 22029 22194 22204 21986 21777 21726 21732 22093 22474 22759 22779 22659 22395 21870 21591 21519 21688 21982 22214 22271 22245 22420 22671 22713 22817 22891 23106 23255 23380 23408 23684 23838 23842 23777 24011 24271 24436 24643 24533 24442 24484 24539 24600 24763 24684 24695 24614 24445 24455 24489 24564 24558 24594 24471 24182 23891 23234 22596 21797 21273 20543 19638
22277 22362 22208 21853 21703 21598 21599 21661 21807 22110 22343 22449 22520 22502 22483 22378 22232 22203 22277 22339 22192 22033 22342 22613 22739 22651 22619 22440 22297 21996 21765 21822 22152 22600 22757 22863 22917 22986 23006 22911 22896 22931 23124 23286 23333 23588 23798 23837 23986 24177 24542 25022 25252 25139 24726 24346 24483 24635 24673 24554 24223 23905 23868 24039 24321 24651 24849 24662 24502 23809 23192 22547 22075 21642 21096 20124 19359
22961 22889 22775 22419 22250 21980 22051 22224 22613 22967 23100 23199 23184 23176 23223 23111 23399 23665 23710 23467 23253 23333 23109 23068 23199 23160 23070 22956 23016 22959 22480 22517 22611 22841 23059 23102 23037 22949 22959 23010 23081 23191 23218 23300 23352 23329 23312 23571 23772 24017 24381 25057 25386 25299 24885 24241 24260 24295 24173 24013 23928 23860 23979 24035 24346 24721 24835 24465 23678 23029 22408 21870 21399 21089 20949 20556 20146
23117 23111 23057 22905 22764 22647 22723 23099 23230 23517 23678 23777 23657 23667 23713 23666 23674 23989 23998 23639 23341 23520 23449 23616 23769 23850 23919 23927 23788 23505 23226 23081 23081 23126 23045 22948 23070 23091 23063 23070 23050 23038 22947 23137 23369 23438 23445 23455 23412 23824 24273 24748 24963 24886 24719 24486 24497 24315 24180 24158 24264 24364 24365 24379 24366 24379 24065 23312 22858 22750 22404 22122 22097 21849 21477 21214 20846
23240 23333 23463 23549 23629 23700 23813 23921 23969 23793 23514 23518 23315 23326 23203 22896 22702 22690 22581 22503 22362 22361 22519 22807 23166 23540 23816 23883 23857 23635 23527 23502 23451 23234 23098 22984 23117 23350 23407 23268 22937 22809 22728 22839 22943 23068 23103 23004 22994 23249 23547 23839 23812 23984 24206 24489 24559 24510 24546 24532 24626 24418 24384 24471 24341 23893 23396 22910 22799 22674 22453 22122 22135 21893 21613 21324 21069
23468 23812 23976 24145 24349 24453 24495 24259 24053 23590 22973 22593 22262 21731 21388 20784 20398 20294 20250 20262 20325 20381 20393 20584 20849 21193 21873 22062 22349 22734 23058 23325 23443 23542 23557 23278 23161 23444 23579 23583 23387 23146 22911 22679 22612 22663 22654 22638 22711 22933 22981 22918 23212 23535 23792 24230 24427 24442 24622 24609 24582 24471 24282 24543 24497 24298 23696 22977 22645 22502 22423 22271 21912 21761 21642 21570 21030
23453 23785 23918 24124 24400 24536 24479 24032 23169 22612 22233 21766 20990 20236 19758 19147 18660 18570 18482 18290 18266 18465 18643 18950 19075 19151 19342 19470 19849 20354 20920 21592 22541 23160 23173 22746 22839 23314 23537 23584 23678 23746 23615 23355 23013 22804 22756 22728 22669 22755 22785 22913 23259 23616 23738 23962 24130 24241 24218 24125 24242 24217 24105 24271 24558 24553 24527 24000 23367 22578 22276 22105 21828 21692 21653 21488 21047
23730 23672 23849 23871 23764 23600 23273 22759 22247 21748 21225 20479 19575 18590 18035 17611 17339 17140 17056 17056 17049 17091 17152 17298 17330 17456 17619 17796 18173 18529 19008 19679 20669 21705 22361 22925 23450 23963 23955 23808 23721 23807 23714 23677 23523 23254 22957 22834 22833 23032 23227 23501 23611 23666 23823 24073 24164 24164 24144 24023 24089 24164 24226 24397 24666 24699 24658 24424 24033 23220 22636 22273 21881 21733 21670 21695 20942
23680 23428 23506 23461 23340 23046 22547 22000 21342 20547 19951 19106 18384 17547 17189 17041 17035 17046 17042 17052 17059 17058 17070 17063 17095 17145 17149 17233 17260 17658 18190 18542 19315 20222 21040 22106 23172 24001 24074 24015 23785 23569 23610 23599 23416 23235 22964 22830 22833 23082 23285 23552 23634 23655 23837 24065 24172 24313 24262 24071 24068 24117 24245 24442 24762 24857 24914 24877 24743 24160 23447 22829 22329 22139 21884 21633 21324
23667 23534 23329 23054 22414 21915 21392 20789 20085 19453 19000 18398 17651 17169 17056 17035 17030 17034 17098 17144 17113 17090 17104 17141 17110 17118 17112 17111 17135 17359 17707 18340 19002 19688 20268 21254 22334 23278 23997 24278 24208 23885 23556 23259 23028 22905 22803 22779 22832 22859 22883 23139 23344 23474 23512 23638 23902 24161 24195 24137 24102 24217 24306 24432 24603 24702 24737 24920 24859 24579 24090 23626 23007 22654 22403 21961 21799
23503 23756 23578 23126 22717 22140 21477 20481 19645 19119 18834 18189 17509 17252 17168 17122 17110 17154 17175 17025 17202 17259 17163 17148 17126 17123 17134 17125 17119 17182 17650 18350 19001 19612 19759 20238 21163 22266 23395 24324 24576 24359 23827 23487 23121 23173 23148 22973 22898 22835 22774 22809 23099 23338 23654 23852 23900 23836 23750 23732 23879 24094 24112 24171 24276 24272 24221 23998 23821 23851 23870 23593 23059 22695 22573 22225 22068
24889 24909 24307 23259 22640 22190 21654 21091 20339 19447 19005 18352 17783 17429 17276 17187 17159 17182 17214 17196 17285 17403 17297 17130 17148 17166 17169 17202 17182 17185 17485 17827 18303 18957 19631 20283 21012 22223 23192 24278 24579 24522 24300 24096 23910 23351 23206 23366 23421 23400 23238 23255 23305 23566 23673 23901 24003 23872 23695 23595 23626 24023 24279 24245 23910 23717 23469 23230 22867 22975 23002 22889 22899 22616 22496 22354 22261
24955 24975 24629 23549 22396 21827 21592 21144 20647 19861 19367 18613 17862 17507 17413 17309 17300 17282 17170 17178 17247 17406 17332 17198 17154 17173 17192 17230 17325 17462 17569 17719 18182 18945 19731 20653 21464 22280 23168 24228 24498 24563 24553 24389 24123 23734 23464 23359 23467 23474 23571 23532 23761 23775 23749 23907 24083 24063 23767 23525 23565 24037 24278 24276 24126 23920 23784 23635 23319 23061 22880 22728 22723 22646 22583 22549 22453
24371 24675 24792 24516 23521 22533 21724 20960 20558 20108 19706 19233 18754 18213 17838 17773 17700 17623 17531 17449 17338 17230 17171 17129 17186 17289 17429 17496 17833 18350 18932 19429 19895 20346 20847 21616 22180 22508 23178 24115 24260 24442 24477 24282 24069 23799 23357 23248 23305 23282 23262 23535 23676 23679 23682 24080 24256 24243 24001 23543 23253 23311 23563 23704 23634 23393 23207 23043 23094 23176 23182 23342 23259 22877 22656 23029 22966
24181 24617 24948 25093 24912 23963 23001 21911 20940 20493 20316 20256 20036 19735 19308 18812 18486 18263 18094 18003 17943 17954 17958 17982 17997 18345 18448 18708 19014 19742 20465 21034 21078 21432 21992 22769 23259 23552 23661 24056 24065 23853 23472 23447 23439 23360 23225 23074 23265 23356 23159 23217 23337 23622 23639 23809 23832 23871 23707 23191 22689 22373 22376 22505 22512 22498 22404 22185 21862 22451 23101 23580 23576 23309 22923 23105 23227
24141 24519 24758 25112 25235 25114 24465 23437 22605 21791 21347 21185 21231 21109 20799 20260 20034 19710 19666 19663 19874 20232 20281 20280 20207 20077 19816 19843 20368 20980 21438 21627 21853 22357 23125 23649 23633 23599 23522 23362 23139 22897 22838 22855 22948 22975 23077 23166 23183 23187 23131 23135 23361 23521 23418 23134 23118 23151 23142 22996 22627 22171 21878 21746 21721 21763 21950 21939 21902 22272 22822 23375 23479 23419 23075 22911 23240
23534 23980 24362 24820 25176 25189 25050 24752 24077 23111 22282 21787 21592 21710 21693 21633 21562 21607 21546 21777 22011 22078 21914 21991 22017 22007 21866 21642 21631 21691 21802 22176 22607 23148 23541 23662 23579 23298 23118 22929 22807 22557 22479 22550 22595 22691 22927 23029 23125 23079 23002 22908 23049 23054 22970 22813 22696 23118 23158 23077 22535 22246 21960 21867 21674 21769 21965 22046 21974 21837 21953 22294 22617 22720 22798 22956 23289
22465 23315 23531 24007 24466 24745 24769 24763 24535 24456 24395 24074 23592 23308 23090 23167 23480 23546 23495 23318 23076 22793 22706 22556 22922 23357 23785 23841 23587 22800 22719 23094 23360 23415 23516 23461 23334 23059 22772 22751 22714 22483 22427 22421 22639 22786 22947 22951 22986 22908 22752 22573 22617 22605 22512 22382 22400 22751 23011 22898 22485 22275 22279 22281 22087 21755 21629 21840 21958 22074 22091 21973 21918 22223 22344 22446 22862
22208 22813 23172 23725 24138 24246 24322 24442 24575 24831 24935 25015 24989 24890 24758 24863 24955 24492 23778 23223 22655 22401 22033 21902 22727 23395 24063 24342 24346 24173 23932 23697 23245 23127 23022 22989 22834 22639 22759 22763 22554 22434 22455 22428 22297 22370 22620 22938 23056 23015 22890 22676 22608 22442 22437 22370 22347 22238 22224 21905 21674 21934 22091 22250 22217 21999 22032 21962 22165 22485 22492 22331 22197 22071 22084 22277 22530
21249 21621 22025 22710 23025 23485 23868 24418 24667 24867 24942 24919 24856 24760 25065 25307 25119 24044 22830 21566 20409 19577 18979 18819 19810 21078 22105 23275 24347 24460 24371 23716 23248 22875 22569 22240 22188 22161 22252 22300 22332 22558 22576 22519 22394 22617 22801 22911 22906 22660 22446 22395 22701 22702 22527 22206 21963 21737 21625 21675 21674 21573 21471 21640 21709 21992 22105 22105 22177 22449 22540 22439 22572 22620 22577 22646 22777
20923 21249 21603 22172 22621 23182 23624 24159 24316 24237 24112 24191 24273 24670 25139 25320 24452 22812 21464 20184 18844 17444 16846 16855 17737 19148 20350 21790 23404 24340 24329 23678 22878 22422 22063 21874 21920 21907 21763 21682 22134 22414 22473 22460 22403 22559 22696 22772 22595 22392 22371 22522 22886 22912 22768 22377 22146 21971 21655 21659 21660 21558 21553 21586 21659 21576 21687 21789 21893 21971 22305 22503 22712 22740 22561 22650 22944
21037 21482 21859 22385 22893 23293 23401 23342 23444 23533 23635 23809 24119 24646 25053 25166 24060 22315 21075 19351 17903 17079 16894 17025 17437 18124 19151 20802 22465 23693 23649 23056 22324 21864 21689 21488 21479 21420 21403 21541 21961 22495 22813 22749 22588 22608 22617 22669 22656 22516 22388 22423 22613 22807 22890 22823 22566 22166 22026 21903 21750 21672 21762 21799 21818 21728 21658 21737 21838 21976 22332 22534 22572 22611 22635 22797 23304
21328 21716 21943 22289 22735 23234 23283 23278 23131 23188 23412 23786 24104 24584 24979 25119 24889 23583 22499 21059 19901 18908 18336 18221 18716 19471 20402 21717 23115 23589 23400 22698 22165 21839 21667 21468 21452 21358 21441 21751 22254 22784 22869 22779 22648 22625 22577 22619 22775 22712 22695 22641 22562 22893 23022 22970 22795 22801 22809 22626 22373 22323 22243 21985 21722 21752 21796 21800 21766 21774 21955 22294 22543 22650 22690 22915 23262
21243 21564 21904 22209 22589 23119 23363 23406 23352 23224 23380 23615 23753 24008 24386 24921 25015 24729 24512 23745 22845 22158 21739 21685 22063 22585 23186 23839 23853 23466 22988 22462 22144 21777 21668 21523 21491 21670 21780 21911 22266 22473 22438 22373 22494 21874 21324 21451 22164 22682 22613 22734 22804 22940 22924 22769 22913 23067 23057 23065 22812 22582 22629 22737 22682 22646 22562 22387 22297 21830 21745 21831 21877 22247 22639 23015 23165
20931 21200 21548 22091 22613 23164 23428 23469 23419 23332 23304 23368 23416 23643 23910 24343 24573 24684 24731 24692 24458 24109 23901 23660 23613 23832 23893 23991 23885 23308 22779 22231 21863 21791 21930 22180 22259 22153 22056 21882 21976 21940 21918 22074 22324 22279 22298 22225 22212 22267 22310 22524 22696 22709 22722 22690 22897 23067 23073 23098 23073 23160 23235 23477 23661 23736 23692 23509 23023 22316 22023 21796 21828 22420 22847 23174 23398
20865 21373 21680 22160 22644 23275 23511 23556 23490 23439 23366 23402 23445 23689 23917 24042 24291 24311 24266 24035 23882 23792 23623 23412 23235 23145 23115 23063 23186 23199 23035 22527 22349 22411 22520 22754 22688 22391 21886 21078 20805 20734 20816 21182 22051 22413 22446 22335 21993 21991 22059 22033 22019 21979 22037 22258 22501 22751 22909 23090 23237 23385 23505 23801 23988 24158 24161 24055 23906 23348 22829 22403 22779 23099 23329 23482 23607
