Alternative/Moon/Lvl0_30x30/Ele_FL.asc
ncols         335
nrows         335
xllcorner     16807491.657
yllcorner     -10077166.958
cellsize      10000
nodata_value  -9999.0
[rows 204 to 237 of 335, columns 76 to 151 of 335]
18638 18538 18389 18264 18142 18048 17942 18002 18060 18185 18366 18510 18712 18847 18941 18983 18970 19027 19087 19147 19141 19068 18946 18956 19023 18992 19079 19134 19163 19133 18965 18820 18645 18505 18331 18171 18084 18041 18018 17991 17924 17911 17877 17821 17743 17597 17412 17187 17013 16883 16724 16712 16768 16852 16963 17001 16938 16814 16702 16617 16500 16388 16297 16311 16300 16276 16218 16252 16253 16173 16172 16214 16317 16395 16453 16489
18681 18563 18513 18520 18494 18382 18437 18480 18469 18463 18455 18602 18785 18937 19081 19093 19051 19048 19017 18942 18805 18604 18733 19079 19334 19354 19398 19409 19354 19296 19146 19007 18820 18656 18478 18323 18194 18090 17992 17874 17748 17683 17645 17593 17473 17412 17308 17193 17033 16912 16779 16702 16687 16708 16713 16732 16735 16638 16403 16204 16170 16242 16305 16392 16427 16496 16529 16551 16556 16545 16548 16513 16397 16280 16187 16180
19153 19081 19056 19072 19096 19017 18894 18929 18906 18796 18718 18627 18540 18580 18613 18612 18596 18573 18566 18430 18392 18502 18648 18977 19074 19046 19031 19021 18884 18862 18796 18561 18300 18238 18220 18079 17905 17772 17640 17511 17361 17322 17279 17219 17220 17211 17151 17102 17028 16796 16816 16787 16631 16534 16423 16316 16197 16108 16062 16065 16108 16159 16222 16316 16322 16451 16538 16630 16713 16769 16791 16732 16511 16307 16175 16087
19488 19463 19372 19277 19404 19384 19270 19234 19156 19019 18853 18733 18683 18582 18484 18399 18358 18278 18311 18378 18380 18432 18463 18486 18426 18402 18367 18317 18283 18247 18139 18062 17954 17792 17615 17521 17320 17169 17046 16953 16902 16811 16734 16736 16773 16769 16733 16603 16530 16438 16420 16318 16119 16045 15910 15835 15721 15733 15776 15846 15950 16038 16069 16075 16057 16054 16125 16212 16305 16368 16360 16342 16293 16278 16217 16203
19821 19773 19667 19525 19460 19346 19283 19248 19154 19012 18911 18784 18609 18498 18366 18214 18073 18045 17944 17907 17715 17570 17563 17782 17798 17799 17831 17856 17824 17701 17559 17437 17316 17200 17029 16854 16707 16583 16473 16413 16320 16271 16204 16150 16090 15962 15834 15636 15424 15355 15220 15046 14973 14940 14952 14909 14942 14992 15022 15104 15091 15136 15208 15223 15181 15040 15007 15113 15286 15338 15426 15460 15461 15491 15536 15528
19590 19582 19553 19431 19302 19193 18974 18797 18581 18420 18261 18116 17862 17760 17629 17468 17402 17340 17273 17236 17161 17154 17145 17119 17048 17023 17000 16854 16772 16761 16626 16549 16523 16521 16535 16406 16256 16155 16024 15852 15779 15799 15726 15600 15455 15336 15202 15094 15030 14998 14950 14906 14892 14887 14882 14878 14873 14870 14872 14868 14858 14872 14875 14878 14880 14873 14889 14886 14895 14886 14891 14900 14902 14919 14924 14939
18267 18348 18443 18411 18223 18030 17892 17710 17471 17363 17289 17224 17143 17079 17018 16931 16857 16769 16633 16537 16501 16432 16361 16360 16300 16231 16194 16119 16066 16029 15951 15882 15762 15729 15665 15637 15526 15444 15326 15277 15232 15204 15189 15127 15067 15019 14974 14925 14893 14894 14865 14864 14866 14864 14870 14870 14872 14893 14892 14886 14891 14890 14889 14901 14911 14914 14916 14918 14929 14917 14910 14912 14918 14932 14934 14967
17357 17424 17414 17317 17202 17139 17077 17034 16973 16875 16754 16738 16694 16666 16605 16499 16375 16258 16131 16019 15920 15852 15822 15797 15740 15605 15407 15401 15405 15448 15450 15356 15273 15220 15149 15056 15094 15118 15135 15096 15043 14982 14954 14966 15092 15204 15238 15221 15083 14925 14854 14858 14858 14910 14897 14888 14876 14881 14881 14889 14896 14891 14889 14907 14909 14913 14889 14921 14907 14949 14902 14909 14926 14944 14962 14995
17214 17391 17438 17394 17342 17288 17232 17235 17175 17074 16907 16798 16734 16700 16628 16520 16406 16295 16210 16031 15898 15826 15750 15645 15523 15403 15302 15210 15132 15126 15064 14987 14949 14937 15013 15122 15181 15225 15240 15220 15213 15202 15143 15193 15271 15301 15275 15122 15027 14926 14887 14868 14870 14875 14860 14876 14881 14871 14873 14874 14879 14863 14873 14886 14896 14901 14919 14935 14951 14961 14969 14989 15012 15070 15147 15245
16362 16530 16673 16796 16934 17041 17034 16982 16872 16761 16608 16372 16190 16125 16069 15984 15823 15737 15701 15589 15444 15361 15291 15243 15216 15143 15024 14941 14869 14885 15014 15047 15042 15066 15122 15136 15136 15204 15365 15528 15565 15543 15454 15351 15273 15186 15135 15073 15062 15081 15095 15031 14992 14979 14920 14887 14873 14899 14880 14903 14881 14889 14892 14917 14920 14944 14943 14969 14974 14974 15000 15126 15218 15315 15464 15594
16377 16374 16329 16428 16542 16595 16652 16671 16656 16646 16642 16545 16434 16301 16137 15955 15733 15506 15342 15207 15036 14937 14856 14799 14796 14869 14979 15037 15086 15092 15079 15146 15215 15283 15391 15483 15608 15702 15834 15916 15916 15918 15811 15619 15453 15391 15349 15351 15375 15407 15422 15444 15444 15393 15329 15316 15274 15268 15299 15311 15340 15352 15338 15297 15255 15246 15255 15235 15203 15331 15466 15544 15559 15640 15733 15761
16361 16394 16493 16584 16696 16793 16820 16799 16830 16840 16752 16654 16553 16425 16281 16127 16029 15969 15974 15893 15715 15551 15306 15098 14962 14892 14805 14849 14937 14976 15075 15194 15298 15370 15495 15689 15855 15938 15956 15967 15940 15919 15783 15668 15599 15549 15502 15469 15458 15422 15436 15461 15486 15454 15405 15401 15549 15687 15792 15877 15964 16070 16127 16119 15978 15879 15845 15814 15746 15723 15734 15766 15800 15827 15875 15983
16621 16714 16825 16911 16976 16975 16966 17004 16968 16868 16726 16574 16424 16340 16340 16298 16339 16350 16348 16328 16268 16157 15990 15849 15689 15593 15459 15236 15146 15216 15219 15274 15391 15477 15562 15724 15885 15942 15959 15983 15972 15929 15864 15784 15695 15621 15534 15465 15433 15473 15533 15575 15755 15951 16136 16351 16473 16586 16546 16461 16321 16335 16471 16507 16456 16327 16238 16185 16188 16163 16211 16286 16322 16390 16458 16470
16929 16954 17031 17063 17037 16995 16952 16925 16959 16990 17046 17055 17104 17116 17020 17003 17057 17016 16930 16801 16600 16496 16406 16291 16151 16076 15990 15911 15829 15803 15773 15778 15776 15779 15772 15819 15942 16048 16172 16351 16487 16488 16403 16328 16214 16182 16139 16183 16226 16245 16325 16442 16589 16664 16735 16761 16778 16740 16669 16529 16358 16230 16210 16207 16302 16331 16332 16335 16397 16486 16571 16638 16745 16836 16890 16964
17083 17111 17153 17179 17193 17248 17252 17210 17187 17267 17405 17506 17596 17596 17532 17411 17316 17239 17154 17026 16896 16810 16734 16745 16724 16745 16825 16851 16908 16900 16994 16919 16844 16820 16819 16804 16754 16654 16633 16631 16542 16554 16588 16598 16577 16560 16534 16496 16508 16572 16663 16691 16675 16579 16575 16556 16470 16423 16290 16186 16169 16215 16296 16376 16434 16477 16522 16549 16585 16610 16676 16749 16856 16949 17043 17149
17758 17699 17538 17506 17492 17495 17422 17364 17330 17361 17422 17521 17553 17555 17567 17557 17511 17491 17461 17388 17330 17337 17404 17424 17670 17834 17944 18047 18166 18180 18167 18098 17975 17859 17739 17617 17450 17357 17219 17090 16896 16757 16604 16527 16504 16463 16401 16414 16459 16522 16619 16683 16698 16816 16869 16825 16735 16667 16588 16567 16573 16556 16588 16561 16602 16586 16515 16538 16544 16522 16574 16660 16738 16778 16870 17011
18205 18330 18460 18549 18575 18570 18493 18281 18148 18025 17885 17778 17674 17595 17575 17590 17589 17640 17732 17812 17894 17995 18099 18135 18141 18071 18026 18095 18167 18167 18138 18020 17941 17861 17781 17661 17520 17460 17343 17262 17119 16984 16814 16620 16440 16296 16211 16216 16294 16389 16573 16763 16893 16927 16899 16829 16793 16751 16755 16775 16789 16818 16811 16719 16683 16665 16642 16606 16560 16547 16521 16550 16563 16587 16656 16709
18178 18270 18373 18421 18520 18521 18502 18381 18288 18237 18207 18044 17973 17888 17944 17947 17990 18035 18134 18182 18223 18260 18325 18323 18188 18190 18265 18295 18298 18247 18182 18055 17884 17756 17563 17413 17358 17315 17233 17131 17104 17001 16940 17032 16927 16911 16939 16839 16783 16751 16786 16770 16761 16807 16762 16714 16774 16796 16843 16879 16921 16962 17003 17011 17020 16994 16953 16921 16910 16894 16849 16843 16887 16945 16995 17076
18181 18230 18286 18302 18292 18252 18180 18175 18202 18234 18170 17942 17875 17972 18029 18021 17986 17997 18074 18161 18265 18360 18428 18444 18401 18444 18509 18580 18590 18603 18509 18328 18149 18015 17898 17805 17729 17683 17701 17698 17744 17749 17772 17777 17834 17870 17931 17966 17920 17766 17856 18096 18144 18100 18066 18013 18060 17991 18009 17913 17777 17650 17488 17340 17165 17004 16903 16825 16747 16752 16759 16726 16789 16934 17176 17405
17789 17808 17841 17848 17764 17635 17496 17438 17425 17471 17668 17835 17908 17923 17919 17978 17960 17870 17804 17755 17723 17689 17664 17759 17793 17835 17997 18121 18282 18363 18345 18283 18184 18175 18174 18119 18121 18090 17990 17880 17785 17693 17662 17726 17735 17889 17987 18108 18188 18297 18383 18444 18545 18617 18773 18836 18844 18814 18655 18398 18132 17931 17846 17694 17556 17426 17219 17089 16981 16885 16886 16972 17053 17143 17289 17547
17363 17290 17232 17121 17093 17116 17144 17168 17299 17428 17628 17792 17978 17991 17990 18012 17863 17607 17331 17125 17156 17179 17163 17160 17144 17144 17225 17223 17192 17261 17387 17461 17559 17710 17845 18014 18056 18057 18004 17960 17940 17949 17968 18008 18062 18070 18125 18240 18393 18556 18617 18618 18606 18616 18675 18682 18663 18606 18518 18262 18042 17901 17821 17673 17586 17459 17386 17338 17275 17280 17306 17422 17552 17598 17632 17648
17016 17126 17147 17122 17123 17113 17214 17272 17346 17420 17503 17580 17658 17695 17694 17617 17527 17526 17516 17497 17497 17499 17516 17523 17460 17357 17370 17489 17502 17476 17439 17349 17224 17137 17107 17009 16884 16816 16992 17312 17431 17621 17754 17790 17888 17952 18018 18142 18318 18352 18403 18395 18393 18306 18271 18224 18127 18015 17942 17889 17759 17699 17630 17542 17487 17444 17378 17275 17221 17208 17236 17322 17406 17467 17507 17468
16021 16072 16184 16256 16359 16446 16531 16701 16798 16887 16994 17041 17138 17221 17284 17402 17466 17586 17698 17756 17801 17806 17850 17761 17702 17688 17692 17692 17725 17721 17739 17738 17721 17685 17643 17500 17336 17413 17450 17413 17291 17218 17135 17063 17014 17001 17050 17171 17218 17303 17425 17556 17706 17799 17887 17942 17950 17924 17886 17760 17647 17507 17334 17270 17243 17192 17176 17144 17121 17109 17081 17075 17064 17085 17114 17116
16127 16241 16313 16311 16251 16158 16080 16108 16255 16363 16530 16720 16866 16958 17080 17230 17398 17580 17753 17889 18013 18086 18149 18203 18204 18184 18174 18181 18176 18167 18132 18093 18046 17931 17770 17717 17751 17753 17781 17736 17656 17600 17562 17499 17473 17467 17417 17376 17351 17313 17330 17353 17345 17327 17310 17316 17343 17381 17418 17448 17484 17496 17501 17495 17495 17499 17501 17514 17535 17569 17603 17636 17629 17596 17554 17515
16267 16369 16487 16589 16610 16610 16538 16440 16437 16506 16626 16767 16884 16983 17126 17324 17481 17594 17721 17879 18030 18134 18253 18280 18235 18239 18223 18193 18264 18286 18292 18272 18217 18156 18026 17992 18003 17979 17942 17932 17898 17855 17782 17715 17631 17558 17532 17501 17501 17488 17526 17534 17553 17566 17570 17503 17552 17559 17517 17489 17498 17508 17516 17527 17526 17508 17528 17532 17513 17574 17618 17636 17696 17694 17740 17779
16255 16326 16400 16439 16474 16478 16477 16510 16555 16596 16671 16721 16797 16897 17028 17168 17316 17389 17517 17608 17662 17722 17788 17882 17961 18003 17994 18041 18108 18105 18137 18160 18192 18266 18329 18334 18320 18303 18281 18272 18226 18202 18168 18143 18098 18040 17988 17948 17927 17938 17988 17968 17703 17613 17474 17398 17332 17384 17440 17496 17507 17517 17503 17386 17330 17288 17225 17189 17151 17135 17124 17120 17110 17114 17147 17167
16082 16177 16273 16337 16394 16415 16480 16535 16607 16675 16761 16855 16916 16971 17039 17062 17065 17036 17043 17044 17036 16998 17051 17172 17242 17309 17362 17377 17417 17485 17622 17830 17963 18167 18326 18430 18443 18442 18420 18388 18302 18221 18155 18143 18110 18074 18109 18133 18195 18187 18197 18197 18174 18126 18073 18062 18050 18035 18045 18076 18084 18080 18088 18049 17993 17882 17773 17681 17629 17581 17546 17436 17387 17314 17229 17175
15773 15830 15915 15998 16105 16175 16289 16381 16489 16580 16718 16924 17107 17219 17322 17315 17224 17164 17044 17144 17120 17107 17121 17165 17218 17246 17279 16997 16902 17033 17240 17404 17404 17364 17369 17425 17557 17703 17779 17889 17923 17911 17849 17857 17927 17962 17971 17945 17963 17985 18027 18078 18131 18171 18185 18239 18294 18356 18399 18402 18292 18290 18440 18634 18697 18704 18646 18641 18597 18504 18383 18290 18150 18062 17954 17860
15012 15115 15234 15369 15526 15642 15741 15842 15997 16084 16278 16475 16710 16933 17130 17222 17234 17288 17364 17462 17553 17656 17728 17747 17719 17696 17667 17654 17636 17571 17502 17489 17438 17395 17364 17348 17317 17288 17254 17262 17301 17280 17266 17226 17315 17354 17403 17411 17470 17572 17690 17795 17829 17871 17949 18070 18191 18298 18437 18492 18757 18987 19207 19369 19440 19458 19434 19431 19408 19371 19249 19150 19001 18882 18738 18551
14273 14346 14441 14561 14673 14814 14977 15119 15189 15205 15232 15362 15545 15704 15909 16125 16382 16595 16871 17080 17200 17282 17336 17369 17363 17341 17323 17398 17423 17361 17207 17048 16931 16899 16892 16860 16806 16770 16727 16729 16730 16649 16538 16431 16428 16450 16514 16629 16766 16897 17057 17166 17245 17335 17458 17591 17737 17911 18098 18306 18596 18794 19065 19293 19414 19462 19496 19478 19393 19379 19321 19191 19036 18904 18785 18637
13885 13995 14115 14209 14272 14354 14429 14492 14523 14568 14656 14781 14925 15066 15235 15461 15704 15871 16002 16124 16169 16214 16265 16296 16344 16398 16375 16342 16238 16149 16172 16226 16312 16386 16463 16475 16478 16465 16388 16268 16153 16067 16022 16022 16073 16133 16200 16307 16453 16560 16695 16813 16937 17048 17174 17337 17480 17590 17726 17822 17832 17858 17934 18069 18223 18410 18618 18822 19044 19209 19287 19277 19256 19228 19207 19150
13677 13699 13737 13795 13867 13943 13972 14019 14065 14093 14134 14192 14245 14381 14556 14750 14992 15059 15124 15228 15311 15388 15451 15445 15533 15603 15677 15718 15759 15752 15859 15982 16122 16259 16386 16448 16443 16401 16329 16225 16098 16026 16014 16065 16159 16249 16298 16389 16529 16611 16724 16902 17064 17194 17307 17383 17507 17602 17716 17846 18030 18148 18267 18346 18447 18545 18677 18800 18840 18910 18976 19002 18996 19028 19063 19131
13657 13718 13750 13765 13822 13847 13908 13950 14029 14082 14162 14257 14315 14358 14436 14576 14698 14784 14852 14891 14919 14935 14948 14918 14969 14987 15015 15032 15056 15082 15068 15098 15181 15205 15263 15321 15397 15488 15609 15743 15871 15942 16022 16132 16288 16407 16570 16721 16850 16918 16995 17036 17019 17052 17127 17295 17416 17512 17695 17882 18058 18181 18331 18454 18624 18790 19017 19221 19426 19567 19702 19782 19875 19874 19790 19658
13713 13687 13563 13413 13078 12930 12608 12506 12407 12366 12293 12363 12491 12583 12776 12980 13303 13450 13751 14005 14359 14554 14818 14960 15006 15109 15135 15119 15055 14998 14986 14976 15053 15106 15172 15266 15342 15383 15508 15611 15682 15733 15838 15998 16206 16362 16569 16735 16870 16937 17019 17118 17233 17314 17419 17503 17606 17725 17831 17950 18070 18195 18350 18483 18639 18763 18963 19166 19419 19611 19804 19962 20002 19973 19841 19686
