Alternative/Moon/Lvl0_30x30/Ele_CA.asc
ncols         335
nrows         335
xllcorner     -20042508.343
yllcorner     -27166.958
cellsize      10000
nodata_value  -9999.0
[rows 170 to 203 of 335, columns 231 to 307 of 335]
21410 21134 21068 21488 22524 24704 27070 29438 30219 29795 28943 28407 28204 27638 26913 27288 28022 28171 28243 28444 28106 27160 26267 25363 25510 26435 27594 28275 28225 27956 28064 27905 27740 27519 27532 27918 27902 27978 28105 28632 28809 29662 30279 30463 30461 30703 30654 30354 30175 30101 30192 30673 30661 30524 30419 30352 30295 30180 29853 30162 29942 29176 29105 29585 29644 29457 29403 29541 29931 29915 29631 29657 29692 29538 29826 30173 30632
21676 21570 21894 22605 23797 25884 28293 30078 30462 30007 29385 28878 28238 27662 27079 27898 28186 28241 28343 28308 27497 26337 25683 25000 25047 25556 26727 28053 28059 27961 28132 27894 27417 27239 27339 27964 27913 27936 28078 28452 28867 29668 30356 30431 30548 30465 30389 30511 30665 30804 30786 30676 30580 30258 30244 30201 30238 30363 30320 30243 29863 29320 29540 29814 29923 30345 29960 29967 30140 30166 29817 29812 29776 29682 29838 30247 30595
23149 22842 23386 24386 25473 27547 29499 30601 30801 30429 29622 28901 28463 27476 27629 27950 28060 28231 28252 27786 26325 25534 25173 24957 24946 25221 26360 28189 28306 27947 27908 27830 27703 27432 27428 27904 27969 27917 28145 28586 29324 30374 30701 29860 29938 30691 30489 30435 30510 30812 30929 30355 28714 28187 27777 27325 28511 30101 30333 29941 29132 29265 29592 29844 30054 30330 29825 30309 30581 30298 30122 29763 30056 30063 30134 30350 30560
23964 24292 24795 25765 26675 28676 30607 31006 30942 30424 29555 28597 28404 28132 28099 27860 27692 28183 28246 27356 26093 25526 25184 25163 25083 25716 27047 27966 28262 28008 27790 27766 27856 27817 27922 28007 27904 28006 28183 28546 29667 31015 31278 31194 31048 31276 30931 30584 30064 30481 30687 29536 27592 26556 25594 24861 26185 28209 29790 29920 28888 28730 28958 29332 29493 29632 29414 30326 30535 30523 30323 30254 30181 30236 30194 30770 30744
25642 25915 26069 27242 28748 30509 30908 30986 30546 29676 28883 28402 28375 28213 28222 27915 27775 28160 28312 28116 27557 27002 26771 26460 26145 26750 27886 28381 27906 27993 27658 27574 27644 27795 27766 27989 27989 28261 28309 28853 29906 31294 31896 32139 31799 31700 30273 30333 30470 30962 30964 28848 26832 25476 24498 24132 24638 26887 28895 29826 29016 27905 28056 28200 28247 28359 28846 29711 30461 30661 30719 30698 30454 30453 30667 30917 31071
26907 26935 27768 29431 30673 31281 31031 30732 29761 29236 28817 28163 28232 28429 28608 28239 27964 28032 28201 28359 28675 28392 27990 27623 27702 28102 28383 28235 27928 27667 27526 27586 27655 27625 27741 28051 28117 28439 28614 28953 29829 31372 32187 32319 31461 31413 31496 31247 30813 30988 30944 28761 26585 25265 24390 24130 24270 26250 28376 29707 28944 27477 27329 27353 27390 27571 27999 28775 29777 30677 30956 31056 30789 30872 31023 31039 31057
28403 29133 30452 31309 31345 31462 30865 29879 28896 28983 28578 28179 28585 28834 28870 28745 28180 28316 28494 28784 28561 28279 28640 28597 28587 28398 28327 28086 27767 27597 27606 27565 27644 27752 27733 28223 28503 28855 28856 28991 29836 31104 32118 32244 30986 31481 31345 31034 30786 30884 30893 29131 27088 26180 25171 24262 24342 26095 27892 28756 28121 26885 26521 26394 26416 26453 26774 27611 28743 30074 31011 31167 31169 30765 30981 31118 31190
31221 31604 31517 31385 31347 31025 30219 28970 28945 29032 28568 28380 28693 28885 28877 28641 27809 28187 28687 28786 28646 28790 28660 28562 28495 28167 27819 27771 27725 27727 27751 27928 28037 28035 28079 28791 29069 28971 28878 28816 29379 29908 31141 31878 31495 31738 31050 28914 30466 30846 30866 30410 28538 27114 26048 25435 24979 26783 27095 27337 26582 25767 25699 25425 25432 25543 26090 26950 27938 29326 30736 31357 31380 30165 30452 31169 31270
31879 31792 31572 31290 30998 30361 29582 29045 28911 28855 28427 28526 28775 28863 28794 27189 25879 26402 27918 28919 28888 28909 28653 28432 28065 28021 27994 27860 27809 27906 28078 28068 28064 27299 27304 28734 29526 29303 28904 28618 28957 29884 30769 31568 31805 30768 30974 29856 30413 30343 30388 30607 30522 29531 28372 27695 27526 27390 27210 26127 25571 25583 25735 25311 24982 25185 25579 26696 26963 27691 29185 31029 31413 30513 30516 30663 30644
31864 31492 31172 30983 30745 30106 29575 29043 28639 28096 27639 28085 28465 28637 28544 26426 25274 25888 27396 28926 28880 28802 28582 28407 28214 28236 28150 27973 28001 28083 28504 28256 27313 26487 26424 28311 29763 29564 29086 28755 28957 29762 30792 31525 31741 30950 30929 30217 30275 29744 29440 30547 30566 30270 29848 28233 28512 27624 26965 25651 25353 25708 25712 25101 24718 25188 25533 26328 26454 27022 28706 30766 31401 30610 30182 30129 29854
31527 30942 30321 30013 29860 29955 29614 28852 27934 27741 27697 27837 28144 28535 28534 27302 26060 27045 28195 28662 28410 28716 28577 28345 28263 28248 28226 28111 28120 28121 28587 28528 27262 26460 26496 27622 29146 28900 28828 28935 28956 29281 29439 30547 30919 30308 30366 30151 29774 29495 29508 29697 29395 29942 29842 28606 28035 27124 25905 25416 25287 25630 25631 24919 24769 25117 25139 25690 26594 27907 29399 30659 30777 29837 28947 28518 28354
30504 30155 29577 29520 29643 29716 29486 29160 28302 28034 27838 27963 28069 28459 28543 28478 28112 28206 28433 28482 28368 28604 28628 28689 28443 28345 28371 28307 28571 28529 28445 28522 27902 26949 26858 27182 28372 28545 28687 29342 29031 28921 29036 29341 30005 29656 30236 30141 29589 29276 29328 29316 29407 29277 29284 29097 28153 26686 25869 25152 25218 25222 25078 24877 24787 24882 24891 25616 26523 27910 29114 29983 29744 28776 27890 27242 26924
29807 29778 29680 29700 29871 29844 29676 29576 28903 28526 28328 28137 28032 28087 28239 28345 28321 28247 28155 28379 28644 28913 29130 29291 28678 28198 28451 28333 28529 28565 28462 28527 28720 28639 28724 28490 28055 28746 29031 29462 29030 28680 28682 28985 29397 29754 29914 29730 29460 29256 29110 28968 29108 29612 29740 28804 27653 26382 25404 24894 24941 24903 24895 24800 24768 24815 24837 25261 26430 27722 28792 29414 29258 27994 27301 26623 26510
30392 30229 30077 30223 30269 30239 30140 30086 29734 29337 29056 28530 28218 28089 28072 28126 28156 28115 28105 28454 28664 28474 28649 29240 29109 28481 28415 28388 28703 28851 28920 29034 28955 28857 28853 28965 29017 28755 29015 29137 29080 28648 28475 28636 28669 28983 29127 29427 29610 29290 28788 28713 29093 29407 29400 28849 27578 26598 25771 25021 24803 24717 24757 24759 24824 24768 24863 25325 26503 27753 28516 28783 28059 26978 26385 26250 26028
30449 30812 30820 30806 30649 30509 30416 30364 30308 30028 29829 29272 28696 28270 27924 28064 28042 27984 28328 28611 27866 26139 26312 27908 29040 28429 28683 28576 28767 28823 28854 29040 29057 28837 28561 28881 28919 28346 29143 29105 29048 28634 28483 28345 28263 28401 28655 29096 29126 28895 28859 28607 29230 29240 29426 29336 28585 27458 26565 25389 24774 24757 24743 24947 24847 24860 25290 26106 26933 27292 27063 27787 26679 26064 25972 25966 26015
28909 30856 31120 30931 29546 28886 28573 28094 28479 29316 29654 29659 29393 28644 28420 28136 28081 28051 28416 28694 27746 25537 25548 27493 28812 28441 28587 28498 28242 27171 26422 26577 27624 28738 28721 28650 28379 28403 28355 27709 27751 28402 28379 28169 28127 28184 28111 28300 28773 28901 29185 28416 29298 29405 29416 29008 28885 28758 27640 26415 25498 25102 24939 24941 25191 25743 26194 26991 27428 27291 28025 27801 26412 26008 25888 26011 26105
28332 30638 30782 29351 27535 26611 26078 25203 25337 26345 28107 29621 29512 29037 28509 28290 28147 28117 28271 28705 28752 27585 27593 28975 29067 28313 28104 28034 27380 25343 24563 24760 25674 27840 28641 28401 28140 28075 27715 27398 27367 28193 28208 27976 27868 28111 28072 28188 28992 29140 29556 28860 28808 29423 29416 28338 29750 29892 29335 28272 27052 26605 26269 25928 26582 26883 27709 28178 28084 27627 27637 27132 26597 26479 25996 25937 25989
28290 29857 29589 27708 26721 26064 25405 24807 24122 24777 26537 28903 29394 29277 28642 28432 28398 28204 28199 28641 28777 28897 29082 29241 29088 28423 28471 28597 27957 25455 24129 24141 25055 27359 28630 28367 27923 27669 27584 27374 27663 28018 27812 27794 27927 28184 28015 27990 29152 29025 29430 28905 29774 29836 29637 29718 29812 29928 29796 29488 28239 27957 27735 27607 28150 28606 28764 28868 28672 28290 27436 25932 26737 27165 26406 25900 25907
28780 29092 28495 26600 25886 24759 24472 24187 24132 24589 25575 27522 29191 29645 29032 28846 28786 28254 28157 28288 28518 28860 28967 29000 28654 28579 28337 28632 28219 26519 25452 25168 25826 27899 28314 28196 27855 27662 27711 27798 27785 27789 27720 27773 27922 28100 28355 28400 28788 28553 29179 29632 29006 29595 29554 29655 29665 29497 29803 29944 29941 29770 29795 29964 30214 30076 29631 29259 28878 28136 27443 26850 26912 27161 26322 25854 25790
30112 29537 28048 25846 24940 24544 25164 25121 24968 23858 25086 26642 28979 29768 29195 28994 28740 28337 28028 27948 28127 28270 28258 28258 28275 28334 28209 28471 28439 27911 27189 27654 27953 28346 28261 27931 27837 27971 27986 27887 27909 27753 27932 27970 28306 28728 28756 28701 28759 28936 29775 29844 28061 28905 29039 29023 29379 29303 29399 29935 30116 30655 30740 30674 30757 30480 29819 29083 28763 26957 26524 25780 26528 26643 26177 25922 25825
30658 29793 27788 25312 24507 24600 25570 25780 25373 24012 25042 26605 29042 29883 29333 28947 28755 28398 28125 28017 27945 28008 28077 28048 28129 28215 28260 28408 28544 27899 27560 28662 28719 28811 28688 28363 28110 28080 27980 27956 28024 28042 28061 28493 28795 28908 28746 28793 28917 29312 29756 28973 28525 28329 28730 29204 29262 29234 29454 29733 30082 30648 30711 30754 30617 30214 29446 28607 27930 26853 26568 26513 26856 26884 26712 26377 26012
30657 29931 28100 25484 24641 24302 24738 25046 24626 24708 25053 26770 29249 30052 29537 29365 28921 28300 28177 28103 27960 27939 27983 28034 28140 28232 28360 28755 28919 27650 26670 28246 29110 29384 29140 28731 28164 28061 27932 28033 28087 28074 28194 28706 28841 28919 28605 28161 28936 29321 29799 29331 29549 29620 29371 29174 28931 29049 29246 29568 29744 30511 30636 30626 30558 29986 29451 28335 27862 26493 26502 26517 26739 26068 26529 26504 26269
30407 30318 29694 27117 25577 24756 24284 24138 24516 25701 25946 28055 29868 30266 29841 29676 28837 27291 28200 28248 27946 27946 27933 27964 28082 28174 28414 29111 29072 26683 24594 26999 29010 29516 29288 28839 28043 27831 27763 28162 28206 27869 28165 28906 28705 28371 27975 27334 28394 28878 29290 29327 29524 29439 29352 29099 29055 29123 29373 29401 29922 30595 30605 30343 30264 30151 30034 28659 27466 26667 26372 26587 25760 23758 24690 26549 26392
29986 30532 30506 28802 26428 25981 25239 24843 25129 26177 27561 29964 30331 30181 29936 29689 29231 28689 28480 28138 27998 27953 27939 27921 28061 28412 28806 29435 29314 26891 24556 25193 27040 29221 29282 28870 28238 27830 28169 28678 28471 27627 28421 29032 28707 27672 27263 27401 28449 28636 28836 29185 29304 29264 29094 29151 29731 29631 29516 29492 30188 30776 30791 30196 30717 30688 30423 29214 27606 26698 26402 26567 26385 24739 25107 26451 26385
29666 30126 30326 29957 28652 27883 27422 27092 27247 28165 29574 30490 30435 29644 29268 28881 28936 28859 28532 28305 28200 28179 28179 28156 28272 28570 28919 29449 29152 26386 24107 23349 25104 28240 29407 28839 28130 28196 28182 28584 28242 27544 28375 29008 28882 28398 27823 28464 28763 28788 28881 28857 28627 28444 28933 29404 29706 28923 28107 28518 29203 30048 30693 30984 31131 30994 30684 29195 27754 26867 26482 26496 26767 26640 26664 26514 26383
29644 29567 29879 30130 30327 30177 30033 29823 29797 30405 30595 30488 30042 29143 28738 28195 28384 28515 28518 28334 28242 28252 28311 28326 28429 28555 28810 29294 28924 26192 23852 22834 24504 27717 29421 29014 28330 28327 28659 28296 27568 27353 28351 28675 28966 29176 28969 28802 28726 29065 29435 29250 28857 28510 28995 29502 29721 28164 26527 26724 27371 28381 29991 31134 31449 31288 30866 28590 27700 27164 26754 26514 26710 26601 26628 26382 26325
29455 29277 29304 29835 30451 30565 30647 30821 30970 30850 30609 29993 29564 28662 27999 27426 27986 28639 28650 28441 28245 28642 29032 29126 28858 28857 28918 29266 29317 27242 24876 23462 25258 27995 29386 29027 28345 28333 28751 28405 27842 27753 28608 29454 29413 29563 29485 28822 28733 29047 29471 29381 29008 28483 28933 29570 29643 27878 25686 25396 26649 28119 28744 30299 31425 31367 31030 29856 28638 28085 27698 27140 27023 26792 26705 26416 26321
29119 29050 28929 29195 29647 29695 29704 29881 29994 29693 29449 29402 29056 27977 27525 27321 27757 28717 28765 28472 28395 29156 29346 29226 29023 28948 29150 29248 29424 28839 26928 25703 27403 29036 29310 28961 28354 28182 28366 28330 28014 28317 28711 29354 29236 29378 29385 28797 28660 28803 29245 29317 29184 28738 28758 29363 29597 28097 26262 26633 26841 27220 28033 29488 31341 31427 31211 29894 28897 28916 28984 28323 27907 27383 27003 26708 26838
29013 28849 28837 29218 29304 29214 28803 28636 28441 27987 28211 28329 27953 27594 27407 27844 28437 28651 28549 28360 28512 29051 28488 27001 26592 27868 29013 29008 29231 29079 28547 28175 28699 29072 28948 28507 28475 28578 28501 28437 28477 28475 28411 29389 30168 30313 30157 29379 29175 29450 29553 29236 29086 28635 28780 29113 28469 26987 25886 26348 26195 26176 27555 28854 29949 31343 31230 29685 28974 30145 30268 29637 28335 27963 27840 27395 27793
28798 28958 28802 28964 28951 28835 28267 27781 27611 27405 27341 27673 28097 28087 28035 28541 28780 28776 28451 28089 28683 28873 27118 25361 25189 26499 28146 28957 28834 28490 28378 28308 28555 28500 28308 28268 28462 28799 29207 28908 28753 28660 28338 28979 29891 30206 30095 29693 29421 29509 29468 28738 28250 28474 28578 29024 28679 26678 25623 25376 24728 24961 26386 28846 30819 31104 30818 29557 29342 30478 30707 30219 29022 29027 29010 28540 28883
28621 28882 28767 28744 28887 28798 27982 27269 27104 27077 27012 27581 28140 28322 28196 28579 28892 28895 28290 28107 29047 29340 27342 25538 25253 26672 28193 28678 28496 27795 27811 28102 28136 28026 28016 28299 28740 29621 29653 29554 29232 29082 28548 28551 29384 29868 30092 30141 29823 29444 29432 28851 28425 28464 28466 28597 28603 27558 26732 26538 25831 24763 25855 29072 30821 30749 30475 29915 30670 31087 31257 30867 29917 30441 30437 30159 29933
28827 28945 28715 28688 28793 28678 28091 27531 27254 27260 27664 28331 28516 28554 28468 28697 28764 28704 28141 28288 29027 29719 29163 27603 27161 28379 28837 28541 28057 27885 27793 28037 28196 27964 28051 28232 28925 29887 30449 30381 29796 29311 28770 28442 29026 29808 30104 30105 29773 29315 29661 29373 28815 28675 28647 28648 28628 28850 28338 28375 27823 25888 26215 28681 29799 30552 30626 30412 30763 30881 31122 30989 30900 31745 31853 31853 31565
29097 29023 28846 29090 29055 28546 28423 28381 28441 28411 28701 28792 28778 28535 28853 28921 28451 28210 28408 28571 28882 29660 29699 29156 29238 29229 28914 28549 28262 27882 27721 28018 28294 28262 28355 28792 29177 29931 30787 30974 30380 29534 28957 28748 28994 29185 29790 29885 29477 29197 29150 28493 27523 26896 28241 28785 28601 28928 29505 29616 28619 27554 27004 26798 27084 28078 29615 30342 30603 30446 30178 30375 31053 31766 32545 32935 33024
29327 29152 29219 29338 29419 28652 28920 29297 29391 29277 29070 28933 28798 28811 28786 28790 28016 28305 28466 28127 28946 29108 29014 29018 29176 28712 28692 28477 28236 27781 27816 27831 28287 28300 28580 29237 29986 30661 31243 31345 30916 29594 28904 28779 29188 29531 29802 29812 29507 29191 29163 28299 26606 25606 26799 28591 28651 28345 29445 29435 29523 29387 28194 26287 26062 26645 28631 30360 30396 30427 30065 30274 31047 31773 32654 33171 33613
