Alternative/Moon/Lvl0_30x30/Ele_AD.asc
ncols         335
nrows         335
xllcorner     -9992508.343
yllcorner     6672833.042
cellsize      10000
nodata_value  -9999.0
[rows 136 to 169 of 335, columns 231 to 307 of 335]
21601 21623 21605 21492 21309 21184 21066 20985 20813 20649 20454 20286 20111 20048 20021 19979 19906 19705 19585 19486 19420 19371 19335 19350 19353 19326 19330 19302 19232 19179 19186 19272 19285 19281 19276 19250 19253 19235 19224 19232 19236 19249 19252 19218 19247 19233 19220 19223 19226 19231 19213 19202 19219 19189 19194 19275 19231 19261 19276 19272 19253 19223 19229 19206 19190 19197 19190 19217 19182 19155 19188 19169 19181 19219 19233 19236 19236
21578 21397 21283 21078 20921 20883 20792 20732 20555 20377 20154 19984 19794 19707 19689 19562 19501 19523 19508 19499 19440 19379 19348 19352 19344 19336 19346 19285 19291 19310 19287 19256 19272 19282 19263 19264 19331 19279 19266 19229 19197 19231 19258 19257 19244 19247 19235 19255 19246 19227 19204 19230 19214 19194 19209 19212 19227 19223 19206 19171 19212 19208 19193 19165 19166 19166 19172 19161 19157 19149 19164 19164 19166 19204 19214 19130 19105
21517 21299 21172 20993 20844 20656 20462 20410 20270 20018 19865 19821 19875 19856 19860 19841 19736 19612 19573 19497 19480 19523 19526 19485 19486 19500 19500 19501 19446 19422 19382 19274 19273 19326 19313 19307 19313 19304 19357 19381 19340 19324 19311 19267 19232 19223 19213 19211 19218 19239 19219 19229 19214 19216 19213 19242 19247 19230 19193 19195 19173 19166 19139 19140 19131 19121 19077 19107 19093 19084 19082 19082 19122 19129 19112 19114 19112
21562 21486 21378 21242 20971 20876 20785 20605 20421 20303 20149 20015 20016 19985 19930 19805 19753 19694 19712 19758 19747 19752 19793 19786 19862 19818 19897 19907 19843 19777 19732 19753 19647 19648 19606 19603 19535 19499 19518 19465 19410 19405 19342 19350 19349 19296 19225 19224 19221 19199 19200 19162 19192 19241 19308 19333 19391 19339 19230 19160 19189 19282 19238 19154 19116 19134 19093 19078 19062 19073 19057 19072 19060 19069 19069 19067 19064
21510 21442 21372 21275 21075 20895 20634 20457 20335 20326 20257 20153 20089 19927 19836 19773 19793 19838 19874 19934 19989 20077 20124 20061 19944 19957 19980 19931 19936 19961 19970 20091 20158 20201 20153 19958 19821 19747 19664 19632 19555 19443 19414 19335 19340 19306 19245 19210 19194 19182 19191 19185 19195 19217 19251 19278 19256 19239 19183 19249 19242 19293 19253 19160 19131 19158 19159 19107 19106 19097 19086 19079 19069 19075 19069 19069 19059
21508 21448 21255 20982 20827 20767 20726 20692 20608 20539 20465 20331 20232 20062 19997 20048 20043 20025 20040 20022 20056 20107 20137 19992 19496 19054 18439 18200 18406 18502 18916 19497 19961 20179 20170 20072 19927 19827 19700 19641 19589 19535 19440 19318 19214 19248 19239 19208 19189 19192 19180 19175 19159 19150 19158 19206 19246 19289 19293 19219 19193 19179 19163 19157 19173 19149 19131 19119 19125 19137 19165 19201 19146 19111 19109 19144 19088
21527 21435 21431 21256 21259 21267 20974 20747 20477 20495 20409 20233 20058 20087 20211 20369 20491 20551 20565 20547 20509 20526 20533 20515 20437 20381 20425 20389 20418 20442 20416 20431 20459 20326 20145 20023 19902 19823 19771 19691 19636 19617 19534 19420 19355 19435 19380 19371 19298 19280 19275 19360 19322 19367 19559 19632 19549 19389 19320 19306 19224 19229 19194 19176 19218 19242 19266 19213 19177 19182 19239 19223 19144 19138 19167 19243 19347
21578 21514 21426 21346 21245 21186 21065 20924 20890 20914 20825 20653 20498 20412 20547 20623 20543 20507 20250 20076 19985 20203 20415 20472 20727 20921 20941 20940 20922 20777 20636 20535 20468 20436 20583 20545 20502 20467 20430 20347 20324 20204 20095 20118 20195 20305 20164 20343 20268 20180 20079 20046 19953 19964 19977 19825 19669 19610 19691 19788 19719 19599 19591 19678 19677 19669 19515 19339 19355 19341 19284 19292 19301 19342 19399 19438 19508
21939 21849 21648 21419 21237 21047 20815 20742 20673 20641 20605 20568 20449 20451 20502 20599 20485 20366 20311 20412 20390 20397 20437 20506 20753 20840 20803 20756 20791 20751 20639 20555 20514 20519 20574 20656 20663 20686 20645 20607 20588 20547 20591 20666 20730 20902 21030 21077 21058 21032 20978 20911 20897 20807 20423 19891 19536 19522 19713 20103 20400 20334 20112 19823 19868 19874 19740 19624 19470 19450 19448 19322 19122 19169 19431 19541 19536
22147 22000 21730 21440 21240 21072 20851 20813 20746 20644 20509 20359 20323 20288 20251 20230 20223 20317 20345 20428 20433 20403 20427 20369 20322 20302 20383 20363 20431 20557 20527 20549 20533 20530 20505 20514 20524 20562 20575 20611 20598 20566 20586 20647 20605 20811 20884 20895 20918 20957 20936 20859 20879 20840 20713 20573 20444 20515 20729 20818 20796 20765 20701 20547 20511 20401 20096 19906 19730 19562 19450 19445 19439 19571 19479 19727 19749
21888 21731 21556 21446 21314 21268 21172 21100 20952 20751 20683 20563 20567 20546 20459 20481 20364 20378 20369 20446 20456 20480 20484 20379 20340 20410 20354 20353 20479 20581 20559 20616 20624 20611 20635 20618 20542 20488 20533 20566 20622 20613 20546 20496 20460 20448 20516 20540 20399 20159 20401 20543 20549 20537 20560 20581 20599 20561 20612 20659 20718 20719 20679 20648 20628 20571 20437 20253 20044 20075 20058 20007 20025 19983 19938 19874 19863
21563 21428 21301 21270 21294 21311 21332 21178 21079 21003 20883 20644 20675 20745 20871 20894 20850 20752 20809 20850 20912 20936 20956 20940 20839 20776 20682 20566 20650 20777 20841 20928 21001 21060 20991 20866 20767 20671 20605 20591 20630 20600 20593 20493 20417 20428 20464 20499 20504 20489 20482 20480 20581 20737 20910 20971 20949 20889 20818 20828 20824 20842 20775 20723 20622 20548 20492 20483 20480 20418 20398 20422 20298 20456 20521 20605 20612
21354 21342 21300 21289 21266 21391 21491 21490 21488 21544 21488 21539 21347 21044 20632 20269 20083 19902 19921 20050 20186 20366 20589 20803 21008 21148 21202 21088 21062 20986 20997 21116 21185 21196 21150 20969 20715 20550 20457 20432 20418 20423 20410 20414 20411 20416 20408 20420 20402 20393 20404 20425 20584 20753 20881 20909 20914 20876 20812 20811 20784 20692 20590 20551 20512 20508 20523 20597 20636 20808 20783 20676 20589 20599 20525 20539 20601
21556 21496 21480 21337 21289 21342 21467 21638 21678 21671 21812 21909 21936 21749 21384 21225 20687 20429 20220 20124 20198 20488 20817 21295 21572 21736 21762 21745 21766 21674 21613 21520 21373 21239 21052 20945 20773 20657 20458 20386 20364 20330 20434 20413 20408 20417 20362 20378 20385 20417 20517 20601 20625 20720 20761 20761 20867 20855 20715 20453 20251 20216 20227 20206 20271 20245 20296 20458 20684 20781 20744 20599 20546 20525 20488 20447 20410
21950 21839 21660 21543 21454 21424 21422 21560 21583 21553 21608 21743 21922 21966 21974 21914 21912 21985 22047 22087 21920 21639 21156 20994 21121 21359 21220 21024 20887 21007 21059 21130 21197 21176 21005 20551 20195 19967 19894 19881 19892 20007 20160 20287 20326 20311 20347 20332 20355 20423 20500 20503 20538 20477 20406 20242 20038 20006 19966 19967 20041 20063 20006 19891 19947 19927 19957 19996 20026 20037 20051 20012 19953 19906 19878 19852 19832
22137 22015 21953 21908 21746 21723 21623 21548 21542 21542 21645 21644 21643 21659 21705 21763 21870 21948 21956 21986 21979 21945 21825 21393 20781 20294 19634 19079 18909 19231 19270 19744 20287 20621 20781 20611 20143 19835 19736 19839 19894 19837 19876 19926 19907 19851 19759 19771 19865 19863 19730 19746 19697 19633 19583 19604 19625 19645 19674 19630 19699 19757 19773 19681 19639 19562 19599 19674 19706 19655 19704 19703 19641 19662 19690 19724 19739
22722 22638 22423 22205 22045 21940 21823 21783 21727 21722 21759 21793 21776 21787 21775 21703 21529 21478 21407 21382 21405 21514 21564 21529 21387 21168 20900 20699 20599 20486 20471 20446 20670 20764 20705 20483 20190 19999 19840 19783 19843 19897 19999 20014 19924 19881 19745 19779 19707 19627 19519 19522 19510 19496 19557 19579 19549 19533 19522 19508 19502 19552 19600 19565 19570 19578 19537 19552 19562 19542 19550 19593 19604 19578 19579 19587 19600
22593 22494 22426 22274 22207 22261 22292 22250 22155 22022 21885 21874 21796 21754 21754 21732 21619 21462 21335 21178 20978 20801 20837 20912 20919 20643 20587 20364 20262 20211 20148 20081 20139 19994 20000 20105 20160 20066 20125 20130 20341 20561 20607 20488 20264 20153 20009 19981 19924 19909 19886 19941 19945 19836 19748 19724 19695 19652 19560 19532 19622 19673 19697 19617 19619 19642 19657 19650 19636 19641 19629 19716 19842 19863 19826 19781 19761
23254 23001 22840 22413 22143 22240 22299 22283 22281 22232 22060 22009 21972 21880 21707 21610 21551 21450 21443 21371 21167 21160 21170 21131 21129 21005 20864 20808 20603 20515 20366 20222 20217 20221 20261 20222 20447 20591 20651 20729 20771 20770 20751 20817 20786 20738 20665 20640 20595 20541 20584 20599 20543 20454 20298 20042 19818 19784 19741 19723 19626 19713 19781 19769 19780 19817 19816 19752 19775 19745 19773 19812 19922 20036 20135 20274 20412
23091 22965 22986 22933 22757 22317 21855 21679 21541 21549 21684 21723 21778 21821 21851 21819 21684 21647 21670 21695 21623 21652 21631 21573 21735 21785 21812 21858 21649 21442 21253 21133 20975 20912 20832 20831 20701 20519 20426 20449 20474 20499 20502 20551 20572 20608 20621 20617 20669 20740 20957 21037 21138 21064 20730 20599 20392 20229 20279 20293 20165 19951 19809 19844 19846 19854 19962 20062 20214 20312 20355 20437 20472 20420 20482 20470 20558
22529 22555 22580 22628 22517 22226 21778 21225 20846 20599 20684 20734 20757 20735 20755 20930 21099 21327 21071 20919 20732 20246 20367 20391 20680 21027 21592 21839 21861 21796 21645 21490 21258 21117 21064 21005 20798 20638 20595 20568 20459 20515 20587 20607 20615 20638 20588 20569 20751 20824 20846 20971 21153 21143 20837 20723 20561 20443 20349 20319 20157 19982 20081 20121 20196 20186 20108 20127 20232 20367 20422 20423 20373 20342 20291 20360 20418
21318 21385 21244 21155 21039 20792 20717 20536 20280 20011 19699 19631 19437 19201 19301 19591 19694 19895 19322 18978 18907 18935 19223 19578 20037 20559 21152 21457 21709 21663 21585 21427 21274 21268 21124 21007 20801 20701 20666 20713 20615 20629 20539 20523 20528 20617 20710 20735 20862 20912 20825 20723 20735 20759 20668 20623 20512 20402 20270 20205 20143 20101 20139 20171 20207 20178 20031 19974 19892 19861 19884 19977 20063 20183 20232 20208 20287
19468 19649 19718 19739 19562 19525 19190 18949 18830 18793 18619 18664 18737 18919 19118 19210 19284 19251 19068 18780 18778 19014 19349 19909 20390 20824 21245 21426 21405 21407 21436 21389 21428 21470 21557 21585 21516 21472 21349 20979 20874 20728 20871 20953 21000 21049 21184 21243 21238 21199 21125 21000 20821 20642 20490 20301 20263 20215 20232 20224 20206 20228 20276 20261 20188 20097 20086 20049 20036 20012 19870 19984 20166 20271 20212 19717 19019
18144 18173 18204 18104 17912 17798 17643 17593 17576 17725 17816 18025 18136 18385 18655 18778 18619 18290 18124 18188 18296 18534 18957 19338 19769 20130 20378 20638 20889 21141 21276 21445 21500 21468 21572 21709 21731 21680 21751 21824 21842 21830 21679 21512 21441 21328 21205 21280 21293 21271 21126 20979 20860 20793 20809 20812 20944 21032 21067 21115 21065 21094 21189 21064 21017 20947 20897 20882 20694 20558 20563 20514 20432 20391 20345 20304 20204
17038 17074 17080 17021 17037 17020 16954 16888 16899 17040 17146 17388 17477 17502 17785 17987 18107 18075 18146 18332 18513 18656 18820 19063 19368 19545 19764 20016 20348 20645 20984 21222 21508 21693 21682 21704 21783 21768 21800 21710 21769 21887 21872 21780 21722 21642 21444 21137 21077 20995 21061 21117 21141 21139 21183 21424 21554 21525 21476 21474 21487 21557 21558 21506 21502 21417 21361 21314 21231 21123 21137 21139 21064 20991 20792 20594 20478
16326 16304 16198 15947 15911 15953 16085 16191 16244 16416 16324 16600 16899 17165 17470 17684 17736 17786 17794 17839 17791 17754 17943 17984 18108 18391 18640 19017 19581 20024 20680 21011 21145 21059 21178 21516 21610 21507 21509 21521 21738 21846 21843 21748 21753 21670 21539 21549 21528 21409 21290 21004 21008 20929 21189 21532 21642 21648 21644 21678 21720 21719 21626 21483 21453 21398 21431 21601 21634 21680 21670 21615 21486 21417 21139 20965 20813
15369 15205 14982 14773 14648 14705 14836 15023 15387 15467 15751 15962 16136 16405 16829 17171 17423 17584 17627 17581 17449 17144 17176 17462 17631 17624 17608 17779 18108 18496 19099 19562 19844 20029 20163 20272 20590 20893 21284 21601 21946 22170 22411 22561 22568 22595 22484 22457 22244 21992 21788 21909 22066 22131 22168 22181 22137 21992 21775 21640 21799 21718 21515 21411 21406 21491 21576 21800 21899 21918 21890 21809 21746 21707 21646 21580 21417
14671 14674 14510 14392 14348 14411 14400 14385 14509 14683 14701 14768 15082 15437 15664 16030 16441 16755 16683 16519 16491 16451 16502 16678 16851 17275 17410 17517 17928 18290 18754 19062 19405 19470 19667 19721 19754 20069 20514 21220 21875 22247 22613 22934 23048 23062 23051 22960 22709 22708 22785 22777 22724 22694 22613 22547 22541 22403 22189 22078 22178 22165 22089 21865 21620 21456 21338 21383 21584 21592 21588 21685 21593 21578 21484 21404 21229
14260 14297 14298 14315 14454 14457 14349 14169 14249 14623 14839 14927 15165 15404 15656 15880 16017 16194 16335 16398 16409 16434 16478 16824 17120 17315 17391 17445 17507 17942 18409 18787 18902 18903 19010 19324 19636 19811 20107 20513 21074 21607 22168 22723 23006 23066 22906 22803 23180 23288 23318 23242 23176 23148 23208 23195 23055 22921 22531 22037 21905 21972 21949 21751 21557 21405 21336 21292 21245 21004 20826 20748 20632 20454 20553 20562 20250
14198 14164 14290 14362 14363 14342 14349 14337 14309 14360 14555 14840 14994 15136 15303 15468 15692 15982 16228 16248 16302 16406 16686 17023 17324 17365 17358 17394 17439 17462 17551 17658 17721 17914 18094 18879 18938 19300 19674 20038 20662 21110 21775 22311 22788 23117 23253 23432 23540 23615 23717 23479 23126 22799 23046 23399 23393 23226 23067 22852 22572 22352 22032 21789 21518 21250 20919 20603 20578 20656 20484 20461 20280 20169 20140 20090 19965
14345 14320 14337 14286 14231 14251 14284 14270 14300 14350 14503 14532 14438 14219 14013 13730 14079 14814 15255 15730 16214 16420 16658 17001 17314 17349 17103 17180 17391 17454 17573 17656 17589 17452 17406 17470 17905 18385 19052 19616 20000 20330 20810 21468 22130 22700 23378 23641 23871 23996 24107 24112 23886 23753 23781 23776 23587 23357 23007 22761 22603 22357 22087 21886 21650 21347 21023 20780 20459 20209 19861 19641 19749 19791 19823 19622 19115
14297 14292 14270 14282 14308 14195 14248 14295 14288 14275 14368 14511 14589 14543 14504 14612 14793 15119 15468 15566 15610 15794 16054 16327 16394 16637 16965 17277 17398 17514 17609 17638 17616 17499 17501 17627 17772 17867 18328 18679 19172 19680 20467 21162 21919 22469 23084 23605 23929 24020 24181 24193 24124 24120 23983 23932 23658 23368 23021 22632 22384 22137 21717 21265 21025 20749 20525 20430 20174 20136 20092 20152 20295 20354 20470 20490 20287
14341 14333 14312 14327 14304 14324 14310 14317 14356 14273 14298 14320 14346 14353 14367 14366 14410 14500 14551 14326 14212 14227 14685 15201 15543 15847 16189 16582 16709 16938 17188 17409 17590 17649 17682 17814 17943 18018 18180 18497 19081 19561 20243 20900 21269 21582 22168 22837 23261 23468 23651 23807 23817 23791 23627 23476 23359 23236 22946 22536 22184 21919 21489 21093 20808 20634 20443 20345 20294 20300 20294 20310 20392 20492 20673 20914 21086
14354 14353 14311 14305 14283 14295 14294 14307 14377 14344 14288 14279 14303 14283 14278 14247 14261 14261 14262 14255 14286 14296 14339 14604 14951 15215 15479 15780 15892 15933 16304 16912 17295 17450 17432 17688 17832 17830 17747 18381 19045 19519 20185 20766 21148 21463 21944 22375 22908 23089 23368 23636 23624 23586 23483 23283 23023 22809 22434 22018 21803 21560 21299 20990 20877 20571 20430 20311 20291 20291 20249 20273 20319 20402 20465 20683 20846
