Alternative/Moon/Lvl0_30x30/Ele_DL.asc
ncols         335
nrows         335
xllcorner     16807491.657
yllcorner     -3377166.958
cellsize      10000
nodata_value  -9999.0
[rows 136 to 169 of 335, columns 0 to 75 of 335]
25851 25836 24827 23334 22068 21055 20248 19720 19268 19012 18769 18796 19381 20289 20757 21697 22425 23065 23341 24177 25439 25418 25948 25985 25664 26689 27100 27480 27724 28004 28049 28793 29077 27565 25638 24044 23768 24062 23629 23526 23044 22209 21826 21306 21289 21310 21336 21408 21438 20344 20026 20925 20825 20069 20003 19963 19631 18715 18378 19584 19094 19664 19694 19570 19794 19705 19574 19233 18934 18540 19199 19659 19878 19953 20027 19067
25367 24285 22882 21456 20789 20001 19109 18302 17953 17674 17637 17772 18724 19841 20073 19051 21220 21940 22024 22594 23821 24860 25800 25533 23735 24638 26261 27363 27596 27893 28651 28938 29074 27600 27071 25889 25415 24714 23754 22989 22525 22133 21764 21445 21323 21419 21885 22667 22867 21328 20687 21135 20552 19599 20226 20223 19869 19233 18336 19669 19492 19616 19619 19411 19471 19427 19878 19948 18692 18605 19333 19870 19951 20172 20376 19887
24380 22389 21154 20268 19828 18964 18211 17412 17081 16932 17029 17572 18108 18878 19339 19245 20257 21264 21699 21991 22732 24326 24778 24065 22188 23046 25315 27406 27663 27874 28603 29001 28468 28385 28175 27588 26310 24971 23913 23136 22457 21777 21843 21391 21426 21589 22140 22867 23002 22863 22783 22576 20442 19043 20110 20241 19743 19618 19384 19734 19792 19545 19493 19417 19792 19737 19805 19924 19308 19068 19658 19758 19932 20362 20702 20483
22718 20473 19855 19310 19105 17940 17316 16877 16827 16806 16799 16943 17391 18295 18476 18834 19086 19620 20306 21153 22229 24041 24115 23969 22413 24111 26225 27472 27450 28089 28666 28806 28722 28913 28669 27578 26651 25281 23800 23458 23018 22317 22229 22010 21868 21941 22395 22860 23359 23406 23136 22701 21112 20492 20434 19966 19974 19837 19848 19904 19932 19862 19486 19863 20060 19972 19526 19676 20289 20401 19854 20402 20328 20542 20674 20600
21885 19959 18943 18636 18145 16964 16859 16849 16840 16799 16799 16786 16969 17045 17437 17914 18338 19105 19538 20205 21343 22623 23799 25315 25376 26037 26593 27155 27299 27964 28559 28560 28749 29349 29195 28173 26362 23776 21770 23380 23644 22675 22516 22278 22313 22843 23048 23601 23816 23960 23496 22324 21034 20526 20506 20354 20091 20115 20136 19937 20136 20140 19639 20044 20848 20547 19959 19713 20009 20243 21132 21363 20835 20781 20954 21180
20689 19008 18476 17842 17325 17096 16905 16853 16831 16811 16811 16805 16792 16823 16879 16933 17383 18400 18909 19842 20554 21709 23530 25268 25895 26203 26465 26938 26936 27609 28466 28553 29188 29810 29735 28400 26047 23627 22886 24284 24142 23106 23158 23221 23318 23209 23486 24304 24388 23906 23501 22880 21910 21096 20436 20367 20401 20176 20185 20313 20451 20358 19549 20384 21068 20866 20554 20039 20343 21371 21606 21533 21385 21602 21604 21460
20310 19104 18606 17876 17154 17081 16907 16933 16996 16895 16962 16916 16802 16825 16809 16861 17024 17747 18247 19084 19623 21066 22879 24376 24963 25490 26183 26389 26784 27599 28257 28632 29197 29896 29951 29003 27697 25693 25264 25724 24805 23727 23744 23798 23807 23834 23952 24289 24157 23487 23559 23047 22372 21245 20872 20539 20437 20282 20327 20761 20745 20821 20557 21654 21898 21802 21844 21613 21940 22088 21691 21298 21284 21987 22000 21696
20301 18975 18302 17717 17069 17058 16913 17004 18085 18432 17724 17465 16823 16826 16838 16853 16939 17362 17819 18897 19997 20791 22364 23259 23725 24736 25357 25587 26392 27175 27794 28358 29043 29724 29630 29706 29166 28162 27509 26581 25576 24553 24750 24971 24998 25295 25364 25149 23492 22640 22589 22755 22653 21566 20904 20586 20619 20533 20686 20950 20953 21287 21711 21968 22012 22244 22666 22873 23057 23038 22493 21598 21859 22473 22325 21812
20011 18688 18127 17888 17291 17037 16976 17174 18413 18757 17702 17510 16858 16843 16870 16936 17004 17264 17606 19137 20200 21071 21889 22353 23000 23870 24465 24762 25621 26176 26710 27947 28905 29418 29473 29731 29320 28395 27759 27389 26365 25267 25822 26401 26491 26184 26258 25936 24172 23069 22873 23356 23159 22168 21381 20947 21002 21265 21664 21728 21498 21764 22001 22181 22160 22159 22862 23512 23804 23780 23436 22695 22699 22825 22687 22745
19816 18615 18087 17713 17285 16986 16978 17175 18344 18139 16913 16836 16831 16836 16905 16931 17052 17217 17455 18882 20019 21149 21418 22035 22262 22950 23620 24200 24993 25770 26558 27836 28933 29338 29454 29196 29210 29113 29005 28754 27762 27136 27585 28062 27716 27226 27180 26765 25797 24430 24241 24574 23615 22572 21936 21536 21648 21999 22427 22508 22382 22089 22348 22948 23010 22973 23362 23771 23971 23745 23647 23276 23272 23316 23398 23423
19938 18838 18012 17402 17147 17016 16969 17096 17322 17179 16839 16837 16845 16854 16876 16866 16982 17162 17343 18604 19983 20549 21234 21734 22170 22803 23303 23785 24760 25686 26638 28028 29102 29616 29581 29439 29436 29549 29544 29266 28931 28806 28830 29172 29379 28964 28905 28348 27247 25847 25401 24945 24069 22954 22524 22292 22198 22477 23044 22893 22887 22662 22966 23462 23606 23463 23706 23695 23962 24071 24090 24014 23820 24006 24055 24010
20237 19026 18404 17586 17285 17069 17027 17085 17057 16857 16861 16856 16849 16850 16852 16850 16868 17125 17444 18597 19850 20948 21351 21908 22398 22769 23337 23985 24378 25440 26883 28225 29166 29626 29857 29733 28927 29191 29227 29226 29348 29366 29666 29717 29758 29614 29403 28713 27924 26882 26163 25239 24429 23552 23562 23360 23389 23594 23789 23573 23068 24012 24267 24233 23943 23906 23906 24017 24239 24419 24506 24666 24927 25205 25231 24753
20123 19159 19062 18361 17586 17214 17242 17147 17008 17099 17025 16824 16896 16867 16840 16838 16872 17281 17801 19098 20543 21343 21413 21872 22546 23193 23728 24346 24734 25538 26748 27671 28978 29589 29869 29661 28658 28888 28759 28827 29300 29450 29636 29682 29574 29539 29240 28593 28104 27382 26888 25631 24922 24288 24112 24113 24426 24570 24617 25091 25074 24837 25259 25169 24787 24452 24252 24213 24570 24852 25396 25422 25403 25337 25305 25285
21544 20822 19489 18887 17875 17429 17289 17085 17090 17300 17091 17088 16832 16954 16927 17014 17115 17828 18353 19069 20472 21182 21285 21874 22848 23804 24078 24764 25185 25792 26934 28174 28973 29485 29557 29569 29605 29502 29080 28995 29197 29345 29481 29476 29533 29317 28887 28484 28081 27434 26961 26022 25911 25303 25136 25178 25277 25238 25474 25570 25129 24476 24919 25502 25764 25364 25025 25247 25448 25791 26328 26198 25197 24425 24139 24822
22048 21220 20213 19401 18724 18111 17171 17289 17105 16952 16740 17110 16827 16987 17003 17077 17286 18345 19008 19471 20550 21176 21553 22571 23594 24336 24538 25147 25382 26143 26959 27950 28699 28811 29220 29509 29623 29275 29686 29120 29065 29147 29151 28644 28846 28610 28076 27829 27561 26961 26539 26640 26524 26309 26251 26132 25887 25966 26625 26574 25315 24082 24238 25539 26248 26057 25964 25907 25994 26448 26950 26720 25116 23806 23530 24279
22672 21734 21089 20095 19080 18243 17840 17417 17316 17248 17256 17135 16899 17019 17087 17128 17640 18951 19583 20381 20615 21392 21898 22790 24184 24627 24320 24284 25250 26546 27012 27825 28501 29458 29822 29858 29568 29322 29780 28854 28873 28965 28543 27581 27403 27354 26938 26918 26798 26650 26562 26573 26551 26444 26411 26503 26437 26202 26822 26901 25597 24318 24257 25304 26406 26326 26031 26001 26102 26888 27200 26942 25527 24581 23663 24513
22918 22650 21851 20760 19687 18736 18142 17852 17548 17580 17588 17285 17199 17312 17377 17638 18570 20067 20697 21017 21227 21601 22129 23961 24578 24320 22839 22504 23848 26008 27300 27960 28774 29733 30155 30284 29748 29483 29402 29047 29170 29128 28760 28119 27745 27078 26791 26664 26445 26313 26270 26250 26313 26144 26193 26473 26448 26655 26808 26829 25881 24992 24520 25429 26356 26195 25737 25825 26063 26888 26870 25802 26181 25692 25124 26167
23208 23072 22880 21999 20956 19846 18986 18262 18000 18050 17931 17516 17491 17577 18080 18724 19480 20462 20986 21584 22020 22692 23463 24644 25002 23851 22208 22072 23244 25304 27141 27802 27929 29241 29703 30122 29851 29892 29473 29305 29258 28919 28564 28457 27917 27436 26803 26499 26277 25976 25327 25901 25919 26083 26046 26092 26527 26714 26816 26785 26113 26004 25888 25873 26262 26306 25629 25901 26348 27061 27596 27114 26965 26568 26600 26722
23480 23653 23637 22867 22091 20797 19587 18603 18140 18051 18316 18182 18065 18034 18518 19355 19975 21012 22071 22539 22910 23756 24250 24813 25165 24744 23164 22758 23727 25679 26650 26895 26918 27693 27913 28692 29559 29847 29525 29201 28947 28110 27689 28540 28367 27456 26644 25933 25819 25315 24910 25520 25599 25459 25644 25703 26111 26370 26509 26222 25889 26187 26396 26198 26532 26269 26339 26497 26516 27182 27552 27118 26999 26680 26605 26685
23981 23909 23949 23024 22219 20718 20009 19457 18642 18495 19042 18843 18533 19071 19478 20167 20964 22269 22918 23124 23381 24124 24527 25009 25354 25463 25104 24862 25706 26037 26175 25747 25796 25732 26547 27348 28176 29445 29652 29631 29048 28265 27924 28236 28192 27316 25992 25342 25451 25284 24953 25015 25285 25411 25463 25628 26041 26256 26103 24527 24381 25272 26436 26688 26508 26296 26486 26611 26727 26818 26704 26571 26406 26312 26371 26594
24360 24089 24026 23300 22825 21787 20865 19938 19325 19510 19476 19621 19843 20128 20966 21753 22592 23032 23521 23810 24439 24524 24595 24863 25317 25686 25796 25979 25756 25577 24971 24422 24219 24583 25318 26424 27831 28892 29958 29849 29023 28045 27633 27857 27633 26747 25778 25795 25572 25394 25087 25096 24894 25092 25208 25449 25513 25886 25399 23635 23643 24474 26097 26744 26187 26342 26494 26630 26735 26547 26266 25861 25788 25761 26036 26617
25063 24591 24515 23936 23352 23030 22599 21457 21062 21071 20964 21340 21445 22470 22778 23059 22938 23180 23561 24101 24523 24458 24529 24891 25148 25461 25712 25534 24405 23529 23098 22324 22590 23318 23605 24761 26331 28093 29293 29731 28917 27769 27694 27853 27495 26226 25684 25782 25575 25240 25080 24969 25097 25047 25045 24932 24802 25247 25265 24472 24451 25654 26666 26836 26527 26316 25820 26363 26479 25919 25492 25420 25407 25640 25884 26511
26190 25279 25076 24744 24331 24007 23945 23118 22991 23104 22674 22500 22909 23611 23641 23243 23179 23380 23388 23652 24411 24356 24672 24863 25398 25572 25268 24572 23212 22343 21850 21508 22225 22422 22622 23808 25171 27119 28671 29415 28688 27785 27588 27666 27020 25916 25497 25505 25534 25254 25082 25169 25080 25010 25215 25344 25120 25673 26040 26138 25905 26358 26641 26773 26543 26249 25705 25671 25944 25582 25341 25311 25319 25565 25726 26485
26905 26508 26037 25905 25692 25107 25379 24917 24694 24003 23938 23674 23866 23985 24085 24032 23942 23990 23816 22457 24504 24534 24883 24894 25950 25919 24872 23321 22109 21804 21755 21709 21978 21856 21770 22914 24401 26183 27710 28976 28770 28190 27725 27498 26837 25994 25653 25491 25155 25039 25152 25211 25141 25193 25259 25467 25493 25623 25902 26366 26334 26379 25922 26418 26358 26568 26414 26358 25962 25573 25339 25414 25485 25479 25522 26265
27331 26701 26436 26311 25758 26296 26355 25785 25483 24821 24573 24222 24292 24354 24374 24253 24571 23946 22829 22497 24408 25159 25096 25656 26062 25787 24230 22441 21422 21124 21438 21513 21426 21491 21560 22669 23941 25426 26784 28259 28878 28479 27708 26997 26236 25748 25515 25383 25114 24962 25138 25197 25223 25379 25379 25346 25401 25279 25215 25347 25716 25905 25940 26254 26542 26808 26748 26589 25755 25805 25787 25713 25642 25488 25728 26399
28105 27469 27090 27047 26889 26820 26761 26275 25741 25585 25619 25739 25254 24764 24756 24680 25030 23456 21328 21114 23218 25359 25434 25882 26233 25688 24077 22225 21090 21019 21122 21266 21584 21586 21410 22270 23750 25206 26386 28173 28777 28474 27723 26842 25771 25563 25563 24584 24520 24628 24669 25152 25368 25189 25086 25026 25288 25571 25583 25659 25657 26104 26149 26569 26852 26809 26859 26621 26031 26005 26094 25935 25721 25578 25685 26093
28448 27893 27556 27575 27360 27169 27053 26879 26401 26820 27079 26743 26136 25643 25438 25310 25181 24193 22539 22093 24246 25527 25503 25422 25718 25471 24106 22250 21078 20987 20952 21208 21561 21480 21115 21975 23578 25105 26238 27997 28269 27964 27823 27065 25959 25885 25335 23835 24808 24848 24802 25216 25196 24724 24674 24768 24643 25675 25631 25540 25480 26158 26379 26817 26957 26893 27044 26868 26617 26821 26744 26438 26355 25793 25698 25886
28849 28281 28022 27846 27663 27693 27716 27808 27536 27946 28280 28135 27811 27333 26832 26087 25578 25693 25036 24915 25897 26112 25888 25329 25034 25284 24360 22657 21234 20976 20927 20908 20922 20899 20942 22058 23476 25294 26575 27285 27066 27382 27662 27484 26843 26487 26176 24950 24547 24919 24904 25210 24888 24497 24960 25725 25784 25054 24157 23590 23246 24369 25373 26147 27061 27431 27499 27613 28001 27530 26342 25176 26377 26232 25994 25955
29404 28780 28857 28607 28428 28405 28242 28666 28755 29267 29338 29063 28574 27739 27446 26569 25648 25836 25808 25664 25920 26027 26015 25744 25828 25776 25177 23098 21965 21047 20892 20890 20900 20919 21365 22499 23965 25981 26424 26605 26244 26573 27178 27464 26949 26659 26637 25937 24587 25553 25588 25654 25153 25109 25487 26046 25539 23947 23359 22422 22016 22138 23142 24295 25690 27276 27449 27705 28763 27866 25713 24210 25906 26805 26588 26284
29554 29214 29068 28930 28791 28531 28365 28729 28890 29431 29594 29432 28677 27833 27274 26466 25766 25399 25239 25419 25807 25953 25897 25674 25724 25646 25422 24491 23051 21921 21370 21219 21559 22062 22623 23603 24808 26230 26340 26003 25494 25123 25797 26296 26684 26615 26629 26340 25843 25704 25808 25831 25105 25717 25742 25475 24330 22931 22029 20987 20596 20875 21469 22307 23725 25128 26162 27513 28655 29013 27778 26995 28238 28443 27482 26809
29207 29278 29010 29038 28859 28363 28197 28421 28387 28966 29272 29119 28138 27485 26955 26036 25433 25026 24908 25136 25740 25850 25634 25216 25044 25140 25181 24935 24527 23266 22426 22234 22526 23248 23773 24768 25890 26192 26083 25786 25215 25279 25680 26221 26305 26460 26167 26148 25684 25749 25854 25740 25565 25837 25710 24452 23371 21994 20988 20464 20371 20312 20703 21194 22457 23832 25209 27207 28562 29546 29512 29353 28734 28773 27711 27301
28606 29455 29408 28852 28391 28462 28009 27985 27740 28148 28181 28153 27229 26963 26309 25402 24965 24894 24784 24821 24899 24816 24995 24754 24594 24451 24502 24765 24827 24495 24366 23993 24101 25057 25537 25771 26089 26227 25984 25257 24726 24637 24956 25500 25673 25682 25749 25558 26031 26209 26265 26524 26568 26338 24927 23504 22269 20829 20307 20354 20387 20266 20338 20415 21653 23332 24491 26480 28741 29954 30401 30081 29729 29131 28295 27937
29986 30319 29966 29385 29321 29083 28785 27951 27700 27538 27538 27155 26243 25953 25411 25149 25100 24767 24698 24700 24511 24623 24555 24313 24181 24143 23830 24071 24214 24452 24515 24625 24844 25401 25634 25732 25403 25936 25806 25135 24276 23842 23818 24261 24809 24960 25449 25679 26174 26248 26318 26671 26776 26527 24693 22904 21459 20219 20166 20353 20398 20325 20329 20537 21401 21749 23191 25742 28761 30953 30992 30635 30633 29908 29547 28353
31492 31090 30354 30278 30147 29581 28871 27828 27329 27231 27184 26760 25843 25470 25295 25049 24628 24676 24638 24553 24436 24303 24063 23779 23785 23671 23451 23590 23605 23770 23883 23971 24356 25098 25270 25196 24831 25043 25188 24891 23699 22911 22639 22716 23806 24522 25041 25584 26095 26163 26187 26555 26659 26501 24667 22450 20958 20156 20132 20119 20205 20613 20504 20387 21032 22509 24097 26234 28732 30913 30873 30826 30833 29762 29702 28500
