Alternative/Moon/Lvl0_30x30/Ele_AG.asc
ncols         335
nrows         335
xllcorner     57491.657
yllcorner     6672833.042
cellsize      10000
nodata_value  -9999.0
[rows 0 to 33 of 335, columns 0 to 76 of 335]
20069 20066 20071 20074 20074 20072 20073 20066 20061 20059 20068 20068 20068 20058 20065 20067 20075 20071 20065 20066 20064 20065 20067 20063 20062 20071 20073 20071 20065 20059 20064 20056 20063 20054 20065 20061 20067 20068 20069 20070 20066 20072 20066 20062 20055 20054 20062 20062 20055 20063 20063 20064 20056 20050 20057 20062 20061 20056 20062 20057 20053 20062 20049 20063 20048 20057 20055 20062 20049 20060 20055 20049 20058 20049 20056 20058 20062
19987 19991 20000 19987 19998 19995 20002 20000 19992 19973 19982 19976 20007 19988 19988 20000 20021 19975 19986 19989 19976 19992 19987 19986 20003 20006 19979 19996 19978 20001 19986 19970 19970 19979 19976 19977 19954 20004 19994 19982 19971 19962 19982 19995 19934 19994 19981 19977 19972 19993 19967 19976 19956 19969 19962 19972 19955 19948 19938 19954 19929 19964 19938 20000 19984 19963 19922 19953 19968 19916 19950 19954 19943 19950 19953 19967 19963
19787 19785 19784 19786 19785 19788 19790 19790 19788 19790 19790 19792 19789 19791 19796 19794 19797 19795 19799 19801 19798 19802 19800 19800 19801 19799 19801 19802 19802 19801 19803 19800 19805 19804 19806 19803 19805 19805 19806 19803 19807 19801 19804 19806 19801 19801 19802 19803 19802 19800 19802 19798 19797 19801 19801 19797 19795 19793 19797 19797 19792 19793 19792 19792 19793 19789 19792 19791 19792 19794 19788 19789 19789 19790 19788 19788 19787
19766 19772 19756 19748 19760 19763 19750 19753 19766 19751 19754 19746 19756 19751 19744 19747 19745 19739 19736 19750 19745 19742 19729 19740 19728 19718 19727 19727 19724 19727 19729 19725 19723 19716 19707 19705 19712 19699 19698 19692 19699 19708 19685 19689 19694 19692 19685 19677 19666 19671 19668 19652 19660 19658 19660 19659 19653 19634 19626 19644 19642 19635 19614 19619 19622 19608 19598 19601 19587 19591 19601 19609 19586 19585 19573 19569 19569
18657 18636 18653 18632 18644 18631 18643 18649 18629 18646 18637 18643 18624 18629 18636 18628 18632 18625 18605 18607 18612 18610 18600 18595 18595 18589 18601 18588 18582 18583 18580 18568 18555 18578 18560 18549 18552 18529 18545 18509 18515 18505 18491 18497 18498 18486 18493 18493 18466 18460 18458 18451 18434 18430 18401 18429 18409 18400 18401 18389 18393 18365 18353 18358 18351 18345 18338 18353 18294 18302 18297 18292 18283 18286 18252 18251 18224
18017 18002 17990 17985 17978 17974 17956 17942 17940 17945 17941 17937 17950 17924 17931 17915 17923 17901 17890 17892 17881 17875 17869 17870 17862 17856 17852 17849 17845 17833 17840 17842 17834 17833 17833 17825 17825 17832 17831 17821 17821 17827 17823 17819 17820 17825 17825 17820 17822 17812 17815 17820 17806 17822 17800 17800 17819 17817 17827 17830 17829 17821 17830 17834 17833 17830 17840 17846 17821 17826 17825 17827 17813 17829 17831 17844 17848
17696 17696 17701 17704 17701 17700 17703 17701 17699 17702 17703 17702 17709 17702 17701 17706 17706 17703 17703 17704 17707 17700 17698 17697 17692 17690 17690 17691 17687 17696 17691 17685 17691 17689 17689 17691 17703 17704 17708 17706 17701 17709 17705 17709 17707 17703 17700 17700 17698 17701 17698 17699 17690 17684 17677 17675 17671 17670 17668 17659 17656 17649 17643 17640 17633 17634 17629 17626 17619 17613 17610 17609 17606 17598 17594 17592 17587
17730 17718 17719 17721 17718 17714 17714 17718 17716 17716 17707 17708 17702 17700 17700 17701 17691 17683 17678 17677 17663 17658 17646 17647 17641 17640 17639 17633 17624 17624 17609 17602 17589 17580 17579 17582 17566 17554 17545 17536 17533 17522 17513 17508 17497 17496 17482 17475 17470 17458 17454 17450 17444 17438 17436 17428 17421 17419 17411 17411 17401 17399 17395 17392 17388 17385 17381 17380 17377 17375 17374 17372 17372 17371 17368 17368 17366
17190 17179 17168 17155 17146 17116 17135 17118 17092 17077 17080 17048 17036 17036 17023 17028 17019 17009 17036 17016 17008 17002 16986 16992 16995 16988 17011 17026 17036 17024 17037 17048 17035 17058 17077 17086 17085 17097 17119 17115 17152 17140 17167 17168 17200 17201 17214 17213 17235 17251 17258 17248 17252 17261 17258 17253 17257 17267 17267 17268 17263 17259 17258 17263 17251 17252 17252 17251 17248 17247 17253 17248 17241 17241 17233 17223 17218
17160 17160 17156 17149 17154 17154 17146 17152 17152 17158 17161 17162 17166 17170 17172 17174 17176 17177 17178 17178 17176 17178 17178 17172 17176 17174 17174 17174 17174 17175 17174 17171 17170 17166 17163 17161 17162 17162 17162 17157 17159 17154 17156 17157 17153 17151 17144 17143 17143 17148 17138 17135 17135 17137 17135 17137 17138 17136 17131 17129 17129 17130 17128 17130 17120 17120 17123 17117 17115 17114 17114 17111 17111 17111 17111 17110 17110
17063 17065 17054 17054 17050 17043 17042 17034 17033 17032 17031 17034 17035 17036 17036 17043 17044 17048 17051 17051 17051 17051 17050 17047 17045 17044 17042 17042 17039 17040 17038 17036 17037 17037 17038 17038 17038 17036 17037 17037 17034 17032 17029 17026 17026 17025 17026 17023 17031 17022 17021 17020 17019 17020 17019 17019 17019 17017 17016 17013 17014 17014 17016 17016 17018 17019 17018 17019 17018 17016 17015 17013 17013 17014 17014 17015 17020
17079 17075 17077 17079 17077 17071 17066 17058 17051 17051 17053 17058 17060 17062 17066 17070 17072 17073 17073 17074 17079 17083 17087 17090 17090 17088 17086 17082 17077 17076 17071 17069 17069 17066 17062 17065 17067 17064 17062 17063 17059 17057 17052 17049 17050 17050 17050 17052 17052 17054 17054 17054 17052 17054 17054 17050 17050 17048 17045 17046 17046 17045 17043 17042 17041 17038 17033 17031 17034 17037 17037 17039 17039 17040 17042 17040 17041
17068 17065 17061 17056 17053 17049 17046 17044 17040 17033 17029 17024 17022 17017 17011 17005 17002 16998 16996 16996 16996 16999 17003 17006 17008 17010 17014 17014 17011 17008 17008 17007 17004 17003 17007 17007 17010 17015 17018 17023 17025 17028 17029 17029 17029 17032 17033 17036 17037 17039 17040 17043 17041 17039 17036 17032 17030 17027 17028 17029 17031 17031 17029 17028 17025 17019 17020 17018 17015 17016 17021 17024 17027 17031 17035 17036 17036
17049 17049 17049 17049 17049 17050 17046 17041 17037 17040 17039 17040 17040 17041 17040 17039 17039 17036 17039 17040 17039 17045 17049 17048 17047 17061 17066 17063 17061 17060 17051 17050 17044 17042 17038 17038 17035 17031 17030 17027 17022 17017 17010 16998 17001 17004 17002 17008 17015 17017 17020 17024 17024 17030 17031 17030 17030 17031 17029 17029 17035 17039 17040 17043 17043 17044 17040 17039 17041 17040 17040 17043 17044 17046 17047 17049 17049
17058 17044 17045 17048 17047 17042 17043 17043 17047 17043 17039 17041 17032 17039 17025 17048 17040 17030 17020 17030 17026 17031 17042 17038 17046 17053 17058 17057 17061 17063 17058 17055 17053 17054 17053 17050 17046 17043 17039 17038 17036 17037 17034 17027 17018 17010 17007 16995 16990 16984 16982 16977 16981 16979 16984 16992 16995 17000 17003 17006 17007 17012 17011 17013 17012 17011 17009 17006 17004 17003 17003 17005 17006 17006 17003 17006 17007
17108 17112 17115 17113 17106 17098 17094 17082 17085 17084 17082 17075 17074 17071 17068 17071 17069 17067 17071 17064 17069 17070 17067 17062 17055 17058 17055 17064 17061 17070 17065 17064 17070 17068 17072 17070 17068 17067 17066 17077 17086 17092 17096 17092 17099 17092 17104 17104 17098 17092 17082 17069 17059 17047 17033 17022 17016 17006 17000 16997 16996 16995 16993 16992 16992 16993 16993 16995 16997 16999 17000 17002 17001 17000 16999 17001 17001
17100 17101 17100 17095 17082 17055 17036 17036 17036 17032 17035 17028 17019 17008 16982 16958 16941 16926 16904 16901 16896 16897 16908 16911 16927 16936 16969 17000 17014 17039 17063 17073 17091 17106 17114 17122 17125 17132 17133 17147 17147 17147 17138 17136 17130 17129 17123 17123 17120 17113 17108 17098 17087 17077 17068 17061 17054 17046 17038 17030 17021 17019 17019 17019 17020 17021 17022 17022 17023 17023 17024 17024 17018 17016 17012 17007 17006
17021 17026 17030 17032 17032 17034 17035 17037 17041 17046 17054 17056 17057 17059 17062 17057 17057 17061 17056 17056 17053 17050 17051 17042 17043 17043 17049 17054 17054 17052 17051 17048 17051 17041 17034 17029 17020 17016 17015 17018 17015 17016 17018 17019 17019 17021 17020 17019 17014 17014 17012 17014 17014 17015 17019 17021 17029 17038 17045 17049 17051 17051 17049 17049 17050 17049 17052 17052 17049 17051 17048 17049 17049 17050 17045 17043 17042
17026 17017 17010 17010 17008 17006 17007 17012 17020 17025 17027 17028 17027 17033 17039 17046 17052 17053 17052 17048 17043 17031 17015 17019 17024 17027 17029 17036 17034 17035 17033 17033 17028 17028 17030 17032 17035 17036 17038 17039 17049 17050 17068 17081 17088 17091 17093 17089 17092 17090 17091 17089 17082 17071 17052 17039 17040 17040 17047 17052 17057 17062 17061 17065 17070 17072 17077 17083 17081 17090 17087 17082 17093 17096 17097 17093 17102
16999 16997 16993 16992 16990 16986 16985 16982 16981 16980 16982 16989 16988 16988 16985 16985 16984 16986 16988 16993 17000 17008 17017 17027 17029 17042 17053 17066 17069 17063 17068 17068 17067 17067 17065 17061 17061 17062 17052 17059 17063 17064 17065 17070 17073 17070 17063 17062 17061 17061 17060 17064 17068 17071 17067 17060 17048 17051 17054 17050 17047 17054 17058 17058 17055 17056 17062 17065 17077 17080 17074 17071 17064 17061 17064 17073 17076
17018 17014 17012 17009 17009 17005 17006 17003 16995 16999 16997 16995 16999 17008 17019 17021 17028 17033 17043 17050 17053 17057 17057 17063 17064 17061 17056 17055 17066 17074 17077 17081 17085 17094 17099 17101 17087 17066 17055 17043 17024 17005 17001 17010 17023 17044 17066 17075 17078 17077 17071 17064 17058 17059 17057 17048 17043 17038 17038 17037 17037 17038 17032 17028 17026 17030 17035 17037 17039 17038 17034 17031 17031 17027 17027 17027 17027
17042 17045 17047 17046 17048 17055 17062 17062 17067 17077 17087 17089 17086 17083 17077 17079 17089 17094 17096 17097 17100 17102 17100 17101 17103 17105 17106 17105 17106 17103 17097 17085 17071 17052 17047 17045 17047 17052 17057 17062 17070 17076 17079 17077 17073 17070 17067 17066 17062 17061 17064 17064 17065 17065 17064 17064 17067 17065 17066 17068 17064 17057 17058 17056 17053 17051 17055 17056 17058 17059 17065 17064 17064 17063 17058 17059 17059
17115 17118 17122 17126 17139 17141 17136 17120 17116 17109 17115 17130 17117 17131 17140 17151 17149 17143 17134 17129 17132 17140 17164 17176 17179 17202 17205 17211 17197 17173 17167 17157 17158 17146 17124 17113 17098 17061 17061 17059 17061 17069 17066 17056 17062 17056 17063 17069 17083 17087 17104 17098 17103 17098 17092 17092 17092 17089 17082 17078 17076 17069 17065 17061 17061 17050 17053 17060 17061 17061 17058 17054 17051 17046 17043 17038 17040
17213 17227 17232 17254 17255 17276 17263 17253 17246 17237 17232 17203 17173 17171 17165 17163 17161 17160 17160 17145 17143 17139 17160 17163 17174 17173 17175 17177 17208 17218 17229 17229 17219 17214 17209 17198 17191 17187 17170 17162 17163 17168 17170 17175 17165 17163 17157 17158 17161 17156 17160 17161 17168 17167 17170 17172 17172 17165 17157 17153 17147 17140 17134 17129 17129 17134 17146 17145 17149 17141 17133 17124 17121 17109 17106 17104 17100
17614 17606 17615 17613 17612 17608 17608 17596 17599 17595 17598 17597 17597 17580 17586 17557 17550 17537 17535 17530 17520 17515 17506 17504 17476 17477 17461 17452 17420 17418 17380 17359 17362 17328 17333 17308 17308 17319 17288 17310 17312 17311 17323 17342 17330 17354 17357 17382 17378 17358 17353 17339 17320 17307 17287 17284 17279 17276 17270 17266 17264 17265 17263 17262 17261 17263 17261 17261 17261 17265 17267 17262 17265 17266 17264 17258 17243
17661 17663 17666 17672 17675 17678 17680 17681 17682 17686 17691 17693 17693 17685 17676 17662 17660 17657 17664 17647 17639 17638 17639 17651 17657 17647 17646 17627 17597 17588 17542 17506 17489 17474 17465 17463 17466 17451 17439 17442 17413 17406 17393 17396 17428 17473 17479 17479 17482 17581 17600 17604 17631 17653 17656 17651 17633 17618 17597 17587 17557 17548 17536 17525 17504 17477 17520 17488 17477 17481 17481 17479 17491 17464 17447 17449 17455
17603 17629 17651 17660 17667 17673 17673 17675 17675 17678 17690 17692 17692 17687 17680 17676 17673 17673 17674 17680 17674 17681 17677 17689 17683 17684 17679 17680 17668 17681 17674 17680 17675 17691 17687 17704 17706 17726 17738 17754 17766 17789 17812 17837 17869 17904 17928 17941 17940 17940 17956 17964 17974 17982 17997 18043 18050 18044 18038 18069 18088 18142 18081 18175 18172 18186 18172 18277 18293 18320 18262 18328 18320 18340 18362 18402 18392
17537 17537 17539 17537 17541 17537 17525 17527 17527 17532 17544 17546 17552 17553 17555 17560 17565 17566 17571 17574 17576 17584 17591 17593 17590 17588 17592 17598 17611 17625 17636 17643 17637 17622 17614 17623 17655 17698 17737 17806 17871 17932 18016 18070 18130 18199 18262 18336 18380 18453 18504 18544 18574 18620 18661 18696 18714 18759 18803 18814 18855 18850 18847 18851 18842 18828 18818 18781 18780 18759 18748 18741 18721 18718 18700 18677 18668
17715 17748 17765 17776 17760 17735 17713 17701 17700 17703 17710 17716 17717 17738 17758 17801 17850 17826 17858 17873 17880 17869 17890 17933 17950 18053 18075 18104 18140 18250 18273 18331 18474 18488 18573 18652 18697 18717 18820 18829 18881 18921 19069 19109 19130 19177 19182 19316 19240 19271 19253 19227 19244 19209 19169 19104 19044 18984 19077 18975 18907 18859 18945 18906 18947 19077 18983 18965 19050 18982 19131 19080 19105 19116 19341 19140 19089
17757 17784 17808 17840 17874 17898 17932 17969 17988 18030 18091 18167 18208 18263 18385 18391 18407 18469 18494 18589 18595 18655 18732 18836 18898 18889 18894 18942 19018 19109 19085 19129 19121 19125 19193 19178 19263 19304 19376 19414 19442 19464 19512 19509 19525 19545 19585 19622 19735 19755 19827 19926 19997 20046 20183 20232 20288 20344 20442 20486 20615 20706 20784 20831 20902 21115 21099 21085 21164 21366 21306 21387 21345 21370 21457 21374 21385
17995 17960 17972 17995 18031 18107 18181 18276 18368 18481 18630 18722 18789 18864 18985 19096 19184 19268 19353 19464 19548 19617 19698 19788 19837 19922 19991 20014 20063 20031 20034 20050 20040 20009 19992 19961 19975 20010 20061 20101 20151 20173 20218 20304 20318 20417 20437 20498 20612 20666 20798 20865 20965 21044 21194 21282 21402 21490 21635 21700 21800 21880 22002 22055 22122 22210 22286 22328 22379 22420 22416 22442 22438 22424 22406 22400 22354
18814 18893 18953 19082 19140 19254 19362 19442 19541 19634 19699 19745 19809 19845 19828 19864 19870 19882 19882 19908 19930 19949 19985 20008 20059 20097 20134 20176 20211 20214 20207 20203 20193 20206 20209 20207 20214 20255 20304 20347 20410 20471 20528 20583 20644 20710 20778 20835 20923 21008 21083 21149 21232 21365 21454 21544 21661 21752 21881 21978 22031 22165 22265 22331 22403 22496 22594 22622 22715 22761 22801 22840 22874 22895 22895 22891 22873
19675 19751 19789 19932 19932 20028 20126 20166 20265 20269 20300 20397 20407 20499 20530 20603 20677 20731 20863 20920 20893 21000 21023 21049 21094 21127 21152 21224 21206 21209 21249 21268 21336 21385 21380 21376 21426 21435 21478 21519 21487 21529 21503 21535 21511 21522 21555 21576 21600 21632 21627 21639 21671 21694 21714 21764 21822 21880 21982 22042 22154 22238 22325 22351 22480 22596 22662 22692 22794 22860 22926 22957 22986 22995 22988 22987 22979
20808 20848 20854 20890 20951 20982 21041 21137 21154 21223 21288 21318 21375 21466 21534 21522 21628 21717 21780 21895 21957 22041 22172 22190 22240 22327 22401 22473 22514 22542 22575 22571 22525 22501 22439 22387 22328 22249 22201 22166 22084 22097 22053 22027 21977 21930 21885 21822 21778 21766 21770 21743 21738 21709 21692 21699 21692 21699 21686 21718 21745 21765 21834 21867 21927 21951 22059 22109 22175 22263 22371 22420 22503 22634 22694 22776 22826
