Alternative/Moon/Lvl0_30x30/Ele_EJ.asc
ncols         335
nrows         335
xllcorner     10107491.657
yllcorner     -6727166.958
cellsize      10000
nodata_value  -9999.0
[rows 238 to 271 of 335, columns 0 to 76 of 335]
16887 16891 17103 17727 19022 20492 21783 22706 22817 22455 21438 20654 19900 19527 19407 19250 19070 18878 18661 18847 18677 18536 18385 18377 18239 18554 18723 18823 18891 19035 19389 19833 20234 20237 20133 19723 19689 19685 19544 19522 19495 19505 19389 19319 19310 19258 19267 19293 19149 19027 19066 19162 19236 19037 19060 19205 19324 19583 19808 19789 19840 19813 19559 19334 19584 20016 20044 20117 20104 19734 19283 18843 18499 18435 18797 19149 19282
17316 17331 17795 18761 20003 21116 22272 22802 22715 22424 21726 21117 20421 20032 19860 19578 19360 19300 19335 19063 18869 18458 18236 18159 18106 18205 18510 18643 18819 19257 19542 19779 19902 20015 19906 19771 19632 19460 19438 19302 19304 19215 19162 19044 19259 19255 19127 19027 19002 18969 18975 19050 19069 19129 19427 19566 19565 19678 19859 19987 19977 19852 19437 19215 19424 19466 19430 19615 20004 19914 19255 18828 18471 18456 18764 19117 19355
18610 18580 19098 19861 20515 21435 22271 22444 22420 22108 21485 21098 20733 20288 19990 19674 19300 19052 19313 19148 18827 18421 18146 18127 18101 18177 18321 18544 18773 19036 19366 19593 19657 19711 19530 19243 19335 19193 19102 19042 19078 19086 19053 18919 19119 19159 19128 19141 19114 19038 18993 18987 19026 19014 19395 19579 19683 19674 19649 19765 19724 19648 19440 19366 19458 19347 19210 19323 19540 19454 19075 18710 18471 18459 18746 18848 18907
19591 20011 20388 20835 21582 21905 22177 22161 21721 21307 21075 20903 20633 20326 20042 19857 19563 19280 18888 18813 18349 18221 18235 18203 18159 18340 18408 18666 19064 19393 19423 19430 19485 19380 19242 19016 18883 18865 18855 18886 18963 18999 19215 19426 19573 19701 19680 19589 19449 19266 19062 19052 19027 18982 19362 19550 19702 19661 19370 19338 19448 19387 19345 19285 19160 19025 18760 18752 18747 18763 18772 18374 18225 18346 18597 18835 18912
20166 20629 21187 21592 21789 21793 21618 21430 21290 20927 20530 20475 20394 20070 19382 19085 18952 18918 18601 18203 17937 17997 18090 18104 18147 18197 18265 19023 19238 19253 19272 19732 19750 19663 19195 18815 18869 18948 19009 19077 19210 19517 19876 19826 19731 19630 19830 19856 19903 19484 19240 19102 18919 18984 19314 19486 19555 19407 19313 18925 19051 19025 18961 18941 18907 18836 18804 18668 18666 18587 18453 18128 18207 18226 18254 18227 18458
20109 20476 20896 21013 20980 20799 20510 20128 19954 19926 19999 19870 19388 18776 18286 18044 18275 18763 18658 18449 18192 18348 18436 18500 18371 17952 18582 19423 19646 19531 19852 20061 20064 20016 19800 19656 19568 19422 19481 19483 19725 20184 20303 19313 17883 16870 17640 18714 19894 19859 19287 19033 18876 18909 18981 19168 19185 19059 19095 18956 18838 18594 18467 18532 18730 18906 18810 18691 18474 18110 18206 18121 17855 17976 18319 18401 18215
19775 19660 19513 19526 19522 19425 19187 19127 18861 18970 19173 19174 18711 18272 18178 18214 18559 18915 18657 18300 18347 18459 18390 18396 18211 18171 18710 19374 19918 20083 20050 20065 20093 20090 19933 19834 19706 19694 19712 19821 19979 20402 20624 19637 17982 16948 17368 18681 19895 19850 19231 18975 18748 18793 18969 18990 18963 18771 18484 18408 18220 18227 18399 18538 18801 19149 19097 18463 18336 18191 18380 18128 17874 17506 17840 17821 17816
19121 18904 18806 18679 18564 18533 18291 18144 17988 18017 18103 18165 18152 18127 18141 18069 18007 18023 18029 18025 18068 18079 18403 18494 18342 18327 18846 19399 19932 20131 20190 20203 20086 19972 19862 19755 19658 19576 19729 20022 20051 20379 20790 20838 20406 19769 19925 20273 20142 19623 19133 18946 18795 18652 18519 18771 18761 18526 18318 18153 18159 18238 18424 18626 19014 19389 19683 19717 19417 19011 18554 18162 17831 17268 17162 17134 17089
18610 18233 18245 18080 17812 17882 17798 17803 17771 17794 17897 18051 18122 17992 17831 17698 17601 17574 17504 17551 18079 18406 18887 18818 18654 18546 18564 19198 19756 19882 20132 20188 20082 19934 19816 19568 19581 19665 19952 20068 20152 20238 20559 20784 20797 20747 20641 20459 19853 19352 18972 18702 18616 18532 18286 18217 18190 18267 18372 18302 18317 18233 18319 18657 19168 19451 19772 19790 19604 19203 18947 18409 17968 17259 16994 16998 17004
17996 17698 17561 17584 17610 17617 17610 17640 17616 17701 17823 17948 18048 18003 17829 17689 17489 17845 18094 18379 18632 18642 18927 18846 18781 18692 18590 18869 19157 19540 19956 20025 19966 19868 19710 19683 19837 20140 20415 20454 20413 20288 20315 20207 20163 20055 20002 19599 19039 18791 18663 18460 18365 18282 18274 18039 18120 18038 18125 18138 18172 18110 18347 18694 19043 19440 19484 19506 19468 19393 19118 18745 18398 17884 17097 16988 16984
17938 17512 17460 17633 17552 17744 17657 17634 17510 17574 17695 17783 17793 17772 17739 17703 17669 17873 18201 18515 18659 18463 18469 18924 18939 18840 18528 18787 18951 19140 19500 19597 19662 19610 19509 19822 20164 20367 20504 20553 20495 20507 20344 20210 20016 19849 19590 19297 18751 18533 18465 18436 18346 18283 18187 18058 18111 18027 18095 18115 18126 17967 18288 18566 18594 18759 18621 18318 18273 18462 18607 18561 18664 18693 18298 17719 17294
18590 17993 17684 17432 17383 17472 17589 17505 17472 17516 17709 17759 17669 17671 17704 17688 17650 17854 18297 18504 18494 18558 18964 19207 19116 18635 18717 18790 18732 18890 18870 18911 19153 19282 19624 19865 20230 20626 20683 20579 20475 20429 20170 19777 19879 19886 19839 19639 19236 18889 18735 18531 18446 18331 18095 18090 18042 17995 18059 18076 18084 17990 18200 18323 18323 18059 17430 17087 16836 16724 16827 17436 18386 18706 18781 18630 18266
19169 18650 18000 17586 17505 17654 17624 17539 17478 17477 17507 17501 17528 17567 17562 17597 17600 17613 17819 18162 18677 19064 19181 19072 18625 18712 18772 18723 18422 18179 18144 18536 18711 18907 19238 19741 19973 19922 20033 19968 19446 18903 18695 18740 19151 19633 19816 19800 19663 19299 18906 18773 18622 18374 18345 18438 18223 18056 17931 17963 18010 17951 18231 18169 17971 17475 16869 16636 16648 16704 16757 16789 16906 17706 18358 18355 18067
19294 18986 18334 17831 17573 17288 17480 17453 17469 17468 17479 17475 17552 17559 17545 17491 17513 17581 17766 17983 18432 18823 18946 18909 18679 18723 18802 18797 18540 18013 17915 18252 18559 18924 19303 19541 19934 19705 19077 18816 18688 18556 18466 18431 18510 18547 18709 19492 19701 19633 19307 19201 19015 18331 18621 18586 18348 18060 17933 17831 17837 17844 17717 17594 17345 16823 16704 16632 16639 16678 16739 16776 16814 16855 17151 17571 17610
19160 18736 18416 18137 17693 17365 17427 17448 17476 17466 17472 17481 17492 17546 17546 17485 17505 17586 17723 17892 18108 18332 18491 18554 18609 18600 18424 18041 18148 18214 18320 18367 18472 18670 19236 19419 19219 18796 18680 18706 18504 18322 18134 18123 18334 18514 18514 18618 19149 19429 19546 19539 19188 18649 18871 18526 18299 18009 17877 17760 17709 17587 17261 16961 16920 16885 16609 16614 16634 16654 16733 16760 16787 16826 16859 17008 17215
19875 19229 18974 18227 17532 17428 17456 17298 17437 17479 17471 17552 17528 17524 17545 17570 17615 17684 17772 17703 17731 17916 18067 18180 18166 17862 17644 17759 18316 18559 18650 18697 18808 18927 19307 19422 19153 18502 18558 18396 18244 18168 18142 18068 18089 18135 18340 18272 18218 18531 19202 19390 19179 18929 18873 18556 18234 17878 17683 17500 17228 17014 16516 16617 17118 17068 16691 16638 16620 16636 16688 16723 16768 16780 16805 16807 16825
20894 20083 19297 18668 17893 17477 17514 17541 17467 17504 17538 17552 17553 17518 17529 17541 17530 17535 17520 17569 17561 17615 17663 17645 17561 17696 18070 18126 18335 18567 18521 18727 18961 19255 19442 19436 19277 18830 18499 18246 18283 18240 18170 18055 18226 18401 18440 18611 18856 19276 19301 19414 18956 18741 18574 18357 17947 17421 17205 16955 16854 16814 16780 16819 16819 16945 17021 16955 16894 16754 16743 16691 16712 16731 16753 16760 16762
21391 20666 19812 19394 19125 18706 17998 17603 17535 17439 17531 17635 17641 17624 17649 17567 17587 17719 17711 17588 17733 17761 17841 17863 17783 17748 18019 18069 17904 18179 18573 18790 19032 19609 19950 19810 19710 19280 19175 18628 18247 18196 18241 18346 18248 18217 18382 18509 18972 19238 19135 19013 18757 18501 18158 17882 17435 17055 16793 16738 16751 16818 16740 16795 16747 16694 16680 16702 16772 16912 16943 16683 16663 16674 16691 16699 16736
21611 21024 20486 20238 19900 19587 18926 18514 18021 17622 17522 17801 17851 17823 17750 17530 17577 17754 17810 17819 17727 17882 17855 17757 17752 17765 17754 17615 17862 18035 18144 18568 18899 19261 19933 19889 19966 19307 19118 18666 18547 18573 18779 18761 18624 18871 19047 19294 19328 19221 18861 18687 18470 18127 17881 17694 17383 17130 16887 16739 16747 16735 16720 16763 16805 16685 16601 16618 16643 16664 16752 16673 16656 16663 16667 16665 16690
21848 21207 20672 20405 19885 19694 19382 19087 18625 18470 17953 18051 18023 17785 17536 17523 17662 17729 17773 17812 17800 17880 17823 17586 17548 17692 17703 17652 17890 18332 18608 18700 18426 18087 18773 19647 19626 19703 19598 19370 19373 19186 18963 19192 19507 19804 19859 19800 19533 19222 18521 18309 18039 17857 17593 17404 17118 16784 16944 16929 16850 16760 16737 16683 16679 16650 16726 16714 16725 16688 16651 16651 16655 16636 16649 16654 16685
22148 21615 21233 21029 20778 20355 19742 19092 18979 18921 18596 18229 17808 17391 17641 17652 17609 17762 17794 17849 17985 17958 17833 17568 17589 17836 18021 18039 18162 18541 18754 18834 18562 18575 18738 19119 19839 20536 20581 20451 20172 20114 20088 20002 19968 20015 19931 19738 19424 19021 18495 18208 17777 17519 17292 17178 17040 16844 16788 16749 16886 16816 16754 16726 16691 16714 16720 16817 16792 16741 16668 16659 16623 16640 16637 16644 16677
22382 22026 21733 21484 21008 20532 19994 19575 19236 18817 18591 18290 18069 17836 17720 17727 17742 17810 17805 17694 17731 17712 17656 17706 17622 17802 17903 18240 18426 18783 18790 18323 18151 18432 18748 18984 19573 19977 20021 19860 19680 19870 19872 19839 19654 19466 19180 19137 18936 18549 17909 17947 17471 17279 17063 16875 16740 16748 16762 16745 16706 16779 16734 16704 16728 16806 16763 16760 16679 16684 16639 16659 16657 16645 16641 16662 16700
22757 22582 22052 21561 21021 20592 20083 19670 19346 18953 18776 18600 18315 18074 17965 17836 17905 17917 17884 17697 17616 17550 17559 17761 18008 18096 18221 18341 18441 18578 18945 18962 18872 18532 18478 18761 19118 19278 19281 19290 19307 19278 19173 19114 19080 18980 18802 18715 18458 18186 17853 17794 17405 17080 16902 16746 16725 16723 16755 16770 16708 16729 16740 16777 16765 16781 16707 16670 16641 16639 16628 16660 16668 16663 16655 16661 16682
22862 22781 22158 21706 21177 20916 20412 20087 19679 19325 19061 18905 18651 18594 18314 18362 18377 18335 18251 18108 17953 17767 18200 18382 18337 18391 18349 18402 18415 18410 18820 18905 18779 18464 18301 18484 18859 18889 18778 18716 18650 18588 18557 18530 18404 18257 18070 17871 17679 17469 17313 17329 17310 17052 16915 16759 16719 16752 16745 16729 16695 16752 16679 16748 16801 16832 16673 16656 16621 16651 16710 16638 16717 16684 16672 16684 16680
22753 22735 22422 22107 21688 21128 20587 20385 19894 19579 19301 18875 18649 18971 18691 18370 18422 18503 18850 18798 18708 18919 19003 18972 18773 18506 18616 18699 18903 18475 18268 18482 18445 18172 18228 18234 18106 18021 17944 17990 18026 18055 17988 17865 17837 17659 17419 17256 17124 17288 17421 17468 17430 17282 17001 16891 16770 16735 16702 16700 16690 16717 16743 16771 16815 16790 16701 16637 16634 16643 16647 16697 16730 16719 16736 16629 16770
22347 22483 22493 22277 21733 21085 20432 20217 20020 19769 19804 19629 19425 19203 19191 19061 18969 19058 19181 19037 19269 19511 19581 19594 19517 19064 19244 18947 18804 18448 18242 18282 18224 18114 18006 17830 17680 17505 17428 17606 17733 17709 17542 17122 16983 16839 16817 16800 17048 17219 17541 17638 17514 17112 17245 17266 17345 17139 16719 16728 16748 16797 16800 16781 16759 16730 16709 16617 16619 16602 16602 16643 16709 16883 16837 16888 16856
21555 22013 22076 21926 21352 20724 20283 20247 19950 19791 19827 19771 19707 19619 19662 19468 19464 19633 19465 19279 19518 19652 19881 19882 19736 19639 19655 19379 19044 18661 18571 18394 18170 18109 17879 17791 17644 17457 17277 17086 16888 16856 16807 16707 16495 16241 16016 16014 16290 16826 17041 17131 16955 16953 16832 17202 17422 17461 17224 17127 16932 16797 16693 16672 16682 16678 16535 16594 16628 16594 16599 16629 16661 16916 16941 16577 16982
21614 21744 21721 21246 20797 20715 20636 20529 20291 20172 20106 20027 19922 19779 19734 19772 19676 19797 19783 19885 20290 20277 20081 20150 20235 20354 20319 20120 19685 19155 18676 18615 18153 18098 17966 17851 17802 17541 16971 16495 16315 16287 16191 16042 15920 15854 15757 15694 15697 15849 15942 15930 15927 15923 15996 16144 16674 17062 17376 17420 17061 16754 16733 16737 16726 16700 16633 16659 16637 16642 16783 16762 16653 16704 16786 16784 16789
21363 20979 20691 20564 20408 20439 20490 20385 20114 19978 20175 20174 19978 19941 19841 19959 19946 19988 20195 20162 20362 20613 20859 20919 21324 21438 21380 20982 20669 20195 19727 19417 18983 18509 18489 18466 18312 17718 16821 16119 15840 15795 15788 15829 15838 15820 15794 15703 15680 15672 15664 15656 15647 15668 15697 15748 15824 16020 16789 16939 16793 16695 16756 16765 16668 16678 16617 16614 16613 16680 16722 16720 16703 16856 16942 16985 16910
20279 19806 19429 19296 19221 19044 19008 18964 18890 19087 19035 19158 19329 19367 19419 19729 19834 19997 20186 20171 20212 20515 21023 21289 21645 21816 21904 21866 21454 21134 20673 20281 19739 19452 19064 18837 18723 18692 17559 16520 15794 15768 15768 15768 15814 15814 15801 15700 15651 15657 15680 15682 15642 15644 15653 15672 15687 15696 15901 16678 17114 17194 17112 16874 16702 16697 16695 16612 16693 16744 16948 17097 17235 17493 17559 17425 16897
19877 19297 18864 18534 18399 18267 18043 17923 17877 17876 17756 17779 17996 18062 18207 18418 18683 19320 19847 19891 19775 20210 20981 21312 21701 21929 21936 21749 21583 21428 21067 20781 20419 20075 19447 18802 18867 18823 18012 16753 15871 15774 15753 15755 15788 15768 15775 15721 15660 15711 15696 15704 15656 15641 15654 15664 15689 15698 15776 16170 17017 17194 17111 17052 17130 16763 16851 16759 16886 17012 17237 17403 17512 17796 18030 18050 17555
18942 18434 18045 17767 17602 17474 17160 16922 16687 16618 16732 16890 17042 17166 17275 17457 17918 18348 18829 18994 19358 19907 20004 20807 21491 21592 21540 21449 21408 21475 21456 21228 20830 20193 19625 19042 18787 18599 18233 17560 16445 15823 15778 15789 15835 15854 15849 15722 15692 15667 15670 15648 15654 15682 15663 15672 15676 15708 15759 16346 17129 17096 17045 17071 17100 16979 16958 17126 17280 17386 17751 17905 18124 18175 18288 18414 18584
17807 17389 17061 16876 16568 16121 15945 15767 15746 15691 15800 15991 16029 16233 16291 16544 16991 17353 17895 18360 18979 19191 19162 19159 20026 20782 21138 21403 21415 21488 21390 21256 20807 20538 19983 19453 19099 18989 18916 18576 17880 17148 16654 16271 15945 15986 15914 15788 15706 15695 15675 15668 15673 15645 15637 15649 15678 15798 16301 17168 17666 17567 17287 17203 17064 17005 17091 17195 17394 17478 17801 18120 18256 18351 18429 18462 18614
16828 16343 15990 15783 15436 15215 15170 15154 15167 15195 15209 15225 15251 15290 15423 15739 16103 16429 16969 17314 17814 18076 18489 18995 19648 20098 20388 20865 21220 21387 21385 21197 20759 20713 20437 20069 19426 19071 18837 18502 17815 17345 16929 16563 16230 16096 15942 15790 15761 15780 15753 15746 15728 15663 15615 15636 15713 16396 17289 17979 18029 17852 17699 17619 17592 17601 17600 17540 17307 17602 18150 18359 18477 18426 18618 18707 18929
