Alternative/Moon/Lvl0_30x30/Ele_DG.asc
ncols         335
nrows         335
xllcorner     57491.657
yllcorner     -3377166.958
cellsize      10000
nodata_value  -9999.0
[rows 34 to 67 of 335, columns 231 to 307 of 335]
20766 20861 21044 21256 21429 21025 20637 20376 20086 20698 21100 21263 20897 21019 21091 21204 21145 20881 20810 20838 20725 20865 20982 20509 19814 19299 19486 19899 20273 20484 20248 19548 18894 18446 17776 17353 17100 16885 16815 16655 16180 15569 15499 15842 15366 14269 15599 15386 15438 15434 15483 15457 15357 15343 15322 15304 15298 15439 15492 15527 15445 15340 15307 15423 15353 15376 15390 15411 15408 15411 15368 15308 15334 15334 15138 15104 15069
20687 20668 20719 21244 21649 21695 20872 20385 20056 20815 21314 21367 21085 21332 21396 21210 21023 20732 20559 20541 20503 20670 20856 20640 20238 19693 19865 20305 20562 20530 20306 19525 18568 18458 17782 17171 16906 16773 16600 16520 16113 15793 15788 15793 15852 15671 15690 15389 15438 15410 15461 15460 15319 15287 15296 15273 15359 15415 15433 15434 15403 15280 15278 15261 15323 15338 15380 15395 15401 15380 15309 15292 15278 15105 15172 14956 15039
20831 20797 21032 21603 21801 22036 21319 20636 19941 20028 20809 20949 20843 21237 21598 21537 21029 20505 20504 20383 20069 20268 20765 20655 20650 20553 20376 20338 20049 20477 20357 19412 19177 18062 17416 16961 16677 16601 16308 16308 16311 15898 15976 15861 15695 15684 15495 15245 15316 15352 15407 15413 15275 15268 15303 15305 15332 15382 15411 15390 15321 15271 15272 15261 15298 15300 15357 15365 15358 15304 15233 15179 15058 15025 15069 14967 15048
20536 20760 20861 21922 21954 22116 21951 21630 21222 20906 20428 20073 19977 20172 21205 21561 21141 20510 20296 20137 19836 20121 20476 20256 20543 20562 20450 20339 19789 19828 19960 19286 18373 17824 17025 16339 16196 16209 16165 16091 15497 15896 15736 15780 15619 15359 15189 15229 15250 15291 15311 15307 15242 15273 15330 15351 15299 15357 15375 15345 15290 15263 15277 15259 15269 15312 15378 15391 15329 15251 15252 15067 15062 15006 14951 14910 14984
20168 20243 20407 20743 21652 21615 21467 21904 21823 22010 21684 20298 19441 19682 20664 21195 21008 20728 20767 20355 19877 19626 19762 19885 19871 20133 20141 19965 19512 18330 18735 18562 17763 17010 16399 16232 15913 15834 15958 16046 15864 15765 15859 15889 15723 15488 15128 15237 15183 15217 15224 15233 15271 15270 15334 15353 15271 15288 15307 15322 15234 15252 15289 15286 15301 15327 15357 15330 15318 15239 15165 15079 14984 14997 14905 14961 14989
19908 19837 20004 19849 20186 20431 20234 20907 21381 21839 21815 20962 19490 19215 18683 19065 19631 20788 21077 20536 20048 19198 19050 18752 18797 19889 20004 19635 19056 17681 17700 17926 16973 16031 15659 15743 15720 15508 15738 15831 15801 15611 15776 15792 15337 15245 15136 15144 15167 15184 15174 15192 15223 15291 15340 15338 15254 15274 15268 15204 15210 15222 15319 15300 15326 15305 15317 15305 15253 15049 15032 14988 14925 14912 14915 14955 14979
19301 19499 19573 19758 20026 19896 19908 19890 20657 20925 20871 19992 19190 17684 17032 16951 17947 20097 21020 20858 19984 18790 18450 17945 17730 18766 19454 19110 18849 18233 16761 16837 16282 15416 15372 15452 15491 15518 15488 15707 15751 15626 15848 15817 15523 15219 15168 15145 15211 15284 15199 15146 15263 15329 15428 15246 15187 15165 15155 15153 15222 15244 15266 15272 15266 15279 15239 15178 15047 15035 14962 14942 14945 14933 14959 14965 14986
18858 18859 19349 19581 20173 20339 20424 20287 19742 19071 18216 17335 17112 16730 16723 16380 16914 18300 19933 20515 19623 17786 18170 18033 18469 18630 19012 18521 18321 18333 17090 16364 15615 15337 15209 15193 15302 15385 15322 15443 15428 15495 15701 15519 15792 15679 15571 15147 15157 15209 15197 15195 15245 15345 15137 15045 15053 15068 15081 15148 15181 15227 15223 15229 15216 15246 15124 15058 15026 14959 14905 14934 14964 14991 14991 15004 15082
18756 19087 19124 19650 19896 19834 20034 19983 19557 18332 17113 16783 16580 16516 16568 16618 16400 16392 17455 18434 18196 17231 18282 18188 18296 18461 17763 17340 17206 17142 16385 15658 15453 15308 15247 15184 15350 15281 15291 15381 15330 15294 15637 15777 15235 15723 15556 15152 15157 15165 15115 15130 15141 15112 14998 14900 14950 15000 15036 15090 15210 15251 15246 15194 15265 15294 15087 14993 14935 14910 14902 14910 14919 14977 14985 15033 15110
18937 19066 17856 19613 19936 19889 19982 19183 19582 18512 17085 16606 16603 16712 16503 16606 16367 16012 16784 16943 17521 17517 17586 17636 17517 17732 17551 16777 16459 16125 15733 15585 15522 15264 15249 15180 15156 15280 15358 15314 15332 15313 15393 15685 15574 15501 15222 15154 15141 15115 15105 15068 15024 14855 14857 14909 14960 14990 15017 15095 15247 15314 15292 15195 15244 15261 15027 14983 14953 14944 14943 14935 14898 14959 15023 15049 15107
18474 18686 17791 18090 18422 19038 19875 19473 19518 19189 18051 16901 16634 16459 16308 16087 16159 15985 17045 17343 18408 18540 17524 17225 17459 17202 16451 16319 16004 15639 15545 15535 15502 15189 15167 15160 15175 15383 15300 15261 15388 15392 15324 15342 15312 15257 15151 15109 15101 15119 14993 14843 14809 14845 14869 14913 14932 15021 15030 15125 15289 15304 15227 15168 15165 15109 15024 14959 15053 15137 15138 14932 14929 14937 14975 15093 15230
17607 18026 18183 17537 17289 18655 19123 19356 19111 19523 19619 18344 17277 16563 16028 15895 16193 16110 16247 17502 18977 19247 18100 16732 16655 16061 15820 15612 15710 15556 15430 15456 15623 15395 15180 15145 15145 15136 15160 15164 15287 15279 15354 15323 15160 15292 15151 15020 15045 15045 14909 14794 14819 14852 14862 14919 14932 14975 15021 15134 15260 15209 15202 15232 15182 15072 15092 14986 14974 15090 15092 14909 15001 14944 14965 15234 15429
17213 17128 17042 17209 16919 18636 18868 18099 18367 19203 19762 19796 18590 17494 16306 16065 16158 16092 16302 17385 18775 19089 18421 17490 17437 16132 16056 15584 15396 15459 15387 15510 15593 15560 15352 15480 15391 15190 15138 15109 15268 15260 15290 15203 15113 15282 15030 14990 14988 15044 14814 14805 14844 14869 14878 14926 14973 15010 15081 15128 15228 15186 15170 15211 15185 15168 15115 14986 14947 14975 14924 14914 14972 14930 15046 15483 15949
17315 17033 16956 17355 17308 17678 17670 17877 18257 18536 19465 20558 19377 18344 17580 16700 16003 15981 16370 17306 18347 18660 18112 17622 17514 16061 15997 15729 15677 15550 15369 14919 15864 15950 15390 15444 15349 15200 15176 15210 15206 15276 15207 15176 15081 15031 15004 14974 14988 14887 14818 14888 14912 14875 14918 14947 14982 15028 15091 15140 15282 15178 15246 15258 15193 15200 15029 15015 14942 14928 14924 14927 14935 14924 15301 15927 16534
17335 17094 16965 16808 17160 17566 17641 17881 18406 18977 19579 20673 20159 19350 18970 18385 17600 16647 16299 17506 18210 18125 17605 17001 16568 16155 16055 15888 15538 15577 15330 15504 15927 15966 15773 15191 15150 15074 15132 15196 15260 15157 15151 15073 15007 14983 15003 14904 14932 14796 14800 14895 14941 14895 14970 14944 14981 15050 15116 15132 15138 15257 15300 15271 15216 15145 15050 15019 14974 14945 14905 14894 14931 15060 15919 16319 16761
17183 16930 16896 16873 16723 17057 17634 18347 19005 19540 19871 20221 20404 20430 19959 19583 18689 18022 17201 17573 18799 18467 17039 16466 16198 16046 16003 15932 15569 15476 15559 15025 15458 16003 15912 15177 15085 15072 15132 15275 15296 15163 15075 14971 14954 14915 14806 14777 14787 14791 14810 14845 14886 14942 14917 14962 15007 15064 15140 15141 15105 15222 15220 15238 15187 15081 15035 15030 14980 14962 14921 14896 14901 15318 16061 16072 15024
17450 17037 16838 16701 16521 16646 17461 18558 19140 19024 17706 17896 19906 20627 20564 19883 19465 19511 18861 18170 18571 18326 17124 16169 15979 16420 16487 16030 15602 15752 15867 15534 15342 15381 15642 15562 15107 15159 15307 15297 15194 15133 14994 14936 14891 14833 14812 14809 14804 14813 14834 14861 14907 14929 14931 14986 15047 15220 15267 15249 15232 15226 15209 15172 15097 15044 15050 15041 15001 15018 14993 14991 14910 15231 15169 13511 12750
17526 17111 16873 16593 16455 16461 16771 18134 18615 16850 15617 15603 18522 20455 20527 20127 19708 19649 19103 18263 18540 18258 17193 15981 15972 16453 16496 16264 15548 15724 15822 15867 15680 15322 15659 15517 15348 15281 15357 15294 15134 15054 14996 15006 14929 14851 14866 14829 14861 14861 14878 14881 14927 14942 14957 15101 15361 15395 15349 15293 15345 15243 15163 15114 15027 15011 15051 15069 15070 15001 14995 15005 14957 14938 15272 14570 13768
17658 17281 16897 16652 16341 16310 16564 17484 17747 15168 14096 14490 17427 19514 19531 19532 19653 19280 18822 18124 18209 17785 16363 15772 15780 15378 15578 16011 15923 15786 15668 15694 15392 15405 15393 15603 15669 15487 15426 15307 15185 15070 14950 14971 14951 14947 14935 14893 15405 15562 15045 14940 14984 15102 15222 15429 15476 15415 15265 15272 15281 15242 15076 15021 15025 15005 15018 15034 15041 15008 15018 15029 15011 15091 16081 16470 16626
17623 17160 16859 16802 16582 16392 16306 16799 17065 16291 14912 15650 17759 18923 18625 18125 18627 18589 18335 18075 17468 16672 16048 15529 15380 15149 15081 15435 15674 15878 15687 15412 15591 15635 15517 15662 15558 15479 15351 15261 15067 15025 15016 15008 14967 14951 15006 14998 15301 15268 14962 15038 15125 15367 15416 15431 15414 15302 15279 15132 15195 15170 15094 15043 15086 15061 15059 15034 15003 14967 14974 14996 15011 15038 15371 15924 16469
17391 17184 17058 16834 16570 16466 16448 16238 16518 16707 16671 16822 17721 17610 17210 17014 18066 17962 17727 17200 16673 15844 15532 15295 15171 15138 15083 15091 15563 16048 15752 15467 15460 15677 15763 15349 15321 15244 15157 15099 15002 15044 15092 15111 15067 15046 15086 15123 15154 15166 15130 15169 15345 15404 15376 15371 15250 15182 15135 15101 15104 15158 15118 15072 15035 14999 15003 14973 14973 14962 14935 14962 15001 15018 15077 15401 15650
17596 17321 17019 16698 16605 16387 16287 16083 15983 16092 16366 16493 16699 16861 16756 16072 16759 16730 16377 16086 15601 15207 15285 15233 15103 15076 15074 15135 15652 16043 15666 15443 15383 15498 15707 15208 15159 15158 15069 14985 15032 15065 15118 15128 15110 15114 15192 15173 15412 15406 15331 15331 15360 15344 15308 15319 15198 15126 15092 15085 15079 15107 15195 15132 15115 14993 14961 14945 14963 14939 14934 14911 14994 14989 15022 15101 15322
17352 17363 17006 16685 16631 16437 16352 16255 16085 15826 15835 15881 16120 16298 16173 15588 15289 15313 15421 15663 15310 15235 15245 15180 15159 15110 15094 15197 15618 15940 15727 15272 15263 15224 15187 15126 15089 15077 15017 15022 15113 15144 15215 15201 15347 15252 15329 15442 15507 15352 15336 15334 15338 15307 15233 15210 15165 15095 15070 15234 15322 15093 15130 15046 15051 15028 14953 14922 14973 14951 14927 14897 14966 15020 14982 15021 15070
17222 17051 17121 17069 16718 16846 16874 16888 16584 16021 15618 15646 15566 15576 15360 15384 15280 15246 15304 15513 15499 15263 15252 15203 15180 15166 15201 15660 15678 15448 15308 15291 15240 15196 15171 15115 15082 15034 15058 15094 15143 15217 15239 15295 15268 15370 15353 15437 15482 15348 15317 15262 15253 15236 15183 15147 15118 15093 15069 15059 15414 15068 15040 15017 14987 14983 14937 14943 14922 14931 14924 14929 14957 14968 14971 14997 15045
16855 16787 17141 17150 17172 17030 17204 17196 17126 16642 15890 15763 15351 15386 15560 15462 15313 15292 15260 15270 15255 15228 15213 15222 15238 15256 15431 15697 15850 15649 15305 15283 15207 15165 15169 15086 15094 15066 15107 15158 15174 15254 15282 15320 15323 15273 15351 15418 15382 15277 15218 15188 15178 15201 15151 15113 15114 15084 15056 15023 15356 15285 15008 15025 14969 14971 14929 14947 14912 14912 14929 14945 14950 15069 14971 14952 15011
16887 16807 16723 16952 17054 16943 17215 17229 17444 17477 16933 16559 15618 15385 15502 15416 15353 15326 15301 15266 15342 15379 15257 15325 15409 15554 15506 15961 16120 15679 15309 15423 15251 15178 15179 15089 15119 15139 15168 15220 15241 15326 15362 15355 15360 15306 15361 15365 15294 15240 15172 15222 15214 15153 15121 15124 15113 15124 15123 15241 15405 15364 14985 15007 14961 14954 14945 14941 14932 14922 14909 14931 14930 14985 14993 14944 14973
16904 16829 16755 16706 16617 16714 16804 17176 17746 17891 18016 17373 16056 15410 15437 15424 15431 15348 15293 15316 15325 15635 15837 16056 15669 15662 15674 16421 16813 15734 15277 15288 15243 15258 15276 15244 15283 15303 15353 15391 15387 15436 15502 15461 15440 15392 15376 15300 15276 15193 15167 15214 15220 15124 15188 15183 15122 15166 15464 15283 15484 15490 15000 14975 14963 14937 14968 14932 14945 14912 14926 14907 14937 14976 14999 14921 14957
16683 16427 16559 16522 16446 16626 16753 17098 17551 17627 17949 17428 15764 15444 15445 15453 15430 15349 15307 15510 15417 15484 15821 15921 16726 16279 15810 16101 16703 15556 15222 15255 15366 15367 15386 15427 15437 15445 15494 15517 15508 15528 15574 15543 15464 15541 15532 15371 15260 15191 15130 15133 15182 15236 15273 15205 15069 15071 15271 15486 15651 15609 15407 15411 14966 14960 14935 14915 14932 14903 14907 14918 14925 14913 14903 14890 14933
16576 16397 16272 16088 16233 16434 16673 17026 17433 16847 16570 16508 15457 15433 15435 15396 15401 15347 15294 15333 15462 15627 15679 16141 17057 17043 16651 15482 15539 15556 15310 15349 15405 15513 15492 15512 15524 15572 15609 15628 15607 15613 15611 15584 15574 15528 15515 15394 15319 15230 15154 15147 15119 15093 15248 15217 15048 15365 15525 15518 15534 15444 15414 15478 14959 14986 15052 14936 14898 14901 14907 14913 14890 14889 14951 14918 14948
16518 16297 16304 16246 15993 16208 16399 16469 17069 16748 15658 15473 15399 15426 15375 15307 15327 15300 15299 15398 15513 15666 15800 15784 16221 17200 16832 15558 15377 15403 15615 15956 15553 15627 15639 15591 15646 15680 15705 15701 15678 15684 15660 15631 15622 15607 15493 15496 15419 15316 15245 15175 15116 15094 15099 15066 15065 15317 15600 15635 15498 15539 15506 15524 15452 15025 15052 15009 14930 14934 14903 14920 14896 14897 14967 15024 14947
16552 16355 16248 16063 16060 15895 15908 16061 15932 15613 15413 15453 15318 15250 15263 15289 15307 15284 15284 15414 15833 15804 15802 15811 15676 15650 15649 15528 15471 15535 15809 16187 15801 15684 15689 15711 15691 15719 15796 15807 15803 15764 15750 15710 15674 15646 15550 15554 15460 15387 15329 15274 15176 15122 15096 15075 15102 15055 15345 15708 15672 15681 15657 15505 15393 15174 15032 14972 14941 14935 14919 14923 14900 14898 14914 14917 14957
16834 16602 16440 16029 16007 15931 15936 15970 15828 15668 15369 15241 15239 15250 15253 15214 15299 15154 15168 15356 15875 15821 15825 15676 15591 15566 15557 15546 15568 15569 15591 16084 15791 15732 15740 15762 15761 15808 15825 15868 15844 15906 15877 15762 15764 15789 15660 15619 15477 15403 15416 15339 15214 15145 15063 15091 15147 15141 15519 15774 15774 15802 15639 15584 15575 15676 15079 14909 14955 14955 14948 14965 14946 14919 14910 14952 14987
18431 18394 18191 16307 15868 15913 15988 16022 16013 15944 15586 15232 15259 15258 15251 15184 15168 15183 15283 15524 15837 15745 15691 15662 15556 15489 15573 15548 15558 15572 15612 15764 15766 15752 15825 15830 15812 15811 15841 15904 15855 15907 15881 15839 15837 15911 15750 15699 15521 15544 15441 15371 15274 15223 15080 15091 15181 15200 15511 15646 15650 15632 15639 15630 15517 15928 15496 15251 14989 14961 14962 14976 14977 14967 14935 14988 14991
19605 19763 19145 17886 16795 15972 15877 15986 16175 16175 16191 16480 16142 15259 15239 15156 15195 15224 15433 15609 15824 15805 15902 15638 15587 15315 15404 15489 15611 15638 15835 16060 15794 15850 15834 15889 15862 15900 15933 15899 15918 15858 15918 15919 15860 15912 15804 15797 15602 15529 15529 15422 15358 15344 15199 15137 15076 15045 15271 15629 15726 15691 15586 15603 15542 15781 15882 15558 15117 15039 15013 15035 15002 14963 14961 14987 15014
