Alternative/Moon/Lvl0_30x30/Ele_EB.asc
ncols         335
nrows         335
xllcorner     -16692508.343
yllcorner     -6727166.958
cellsize      10000
nodata_value  -9999.0
[rows 136 to 169 of 335, columns 231 to 307 of 335]
19924 19955 19888 19503 19132 19895 19905 19328 18992 18933 18672 18729 18745 18647 18639 18155 17988 18250 18604 18679 18734 18656 18525 18593 18622 18396 18354 18540 18875 18995 18966 18705 18681 18767 18674 18587 18625 18199 18439 18404 18259 18228 18214 18356 18558 19044 19467 19626 19669 19588 19395 19409 19300 19039 18657 18222 18031 17515 17265 17233 17627 17972 18040 18305 18374 18201 17850 18042 18089 18079 17819 16972 16974 16906 16924 17713 18650
20013 19260 18680 19194 19083 19750 19749 19507 19085 18849 18521 18675 18631 18041 17713 17243 17078 17596 18032 18509 18630 18603 18518 18453 18477 17927 17964 18057 18026 17969 18101 18551 18741 18765 18758 18711 18747 18598 18659 18505 18311 18194 18045 17936 18316 18313 18871 19612 19640 19397 19224 19175 19114 18911 18669 18196 17603 17018 17011 16951 17047 17263 17415 17810 18003 18470 18476 17768 18103 17934 17493 17424 17535 17439 17643 18572 19305
19866 18956 18351 18108 17890 18306 18507 18630 18637 18326 17942 17415 17021 16453 16100 15875 15853 15836 16281 16834 17352 17833 18070 17818 17220 16848 17125 17094 16831 16705 16983 17785 18338 18854 18832 18730 18737 18585 18672 18557 18452 18146 17967 17626 17663 17681 18205 18665 18833 18951 18880 18764 18661 18065 18172 17925 17350 16880 16919 16888 17059 17130 17387 17585 17866 18260 18391 17540 17485 17634 17969 18076 18069 17929 18008 18755 19352
19447 18689 18568 18449 17809 17905 17672 18260 18291 17880 17367 16541 16253 15604 15180 14937 14888 14373 14729 15599 16023 16946 17063 16863 16395 15933 16332 16512 16513 16528 17241 18046 18164 18546 18440 17984 17769 17937 18449 18657 18800 18454 17931 17439 17342 17352 17662 17694 17828 18082 18167 17981 17891 17822 17682 17324 17063 16843 16892 16900 16952 17087 17499 17615 17824 17979 17914 17569 17548 17377 18139 18252 18214 18124 18058 18303 18683
19792 19323 19388 19139 18293 18174 17869 17636 17670 17629 17086 16169 15641 15067 14105 13689 13675 13549 13269 14262 15040 15861 16288 16290 16200 16117 16095 16698 16881 17002 17332 17938 18147 18343 18057 17565 17574 17489 17723 18375 18660 18332 17758 17394 17340 17503 17340 17304 17305 17355 17298 17390 17390 17307 17365 17198 17064 17222 17154 17060 17058 17493 17883 17903 17644 17410 17470 17524 17721 17571 17648 17678 17674 17932 18031 18293 18940
19957 19454 19485 19132 18336 18264 18144 17910 17650 17647 17336 16306 15439 14733 14039 13658 13210 13020 12665 13285 14175 14930 15720 15919 15956 15739 16001 16650 16862 17069 17204 17153 16733 17495 17528 17307 17276 16914 16401 16886 17370 17465 17459 17597 18009 18062 17765 17312 17049 16950 16900 17136 17260 17422 17479 17444 17446 17538 17575 17381 17281 17724 18438 18678 18429 17831 17225 17404 17506 17459 17846 17889 17524 17509 17644 18451 18987
18992 18639 18153 17577 17638 18169 18113 17788 16853 16952 16948 16178 15383 14765 14144 13584 13176 12644 12352 12796 13468 14232 15028 15395 15583 15552 15579 15976 16173 16662 16724 16366 16160 16819 17222 17241 17090 16667 16227 16325 16613 17145 17961 17744 17563 18116 18057 17405 16932 16927 17153 17589 17614 17461 17418 17342 17412 17754 17700 17554 17471 17712 18481 18602 18339 17523 17034 17126 17391 18105 18359 18373 18378 17989 17966 18593 18979
18747 17693 16683 16071 15854 16644 17050 16548 15839 15226 15013 15147 15134 14976 14715 14144 13635 13124 12482 12439 12992 13962 14901 15191 15260 15234 14979 14678 14907 15645 15952 16202 16348 16671 17014 17167 17087 16847 16743 16736 16713 17120 17808 17571 16764 17811 18013 17353 16767 16936 17248 17568 17463 16692 16171 16940 17474 17721 17809 17795 17989 17989 18269 18261 17846 17261 16964 17278 17780 18004 17898 17849 18044 18070 18496 18363 18265
17724 16950 15919 15612 15531 15652 15798 14865 14015 13305 12919 13507 14116 14610 14695 14338 13819 13116 12689 12260 12281 12947 13716 14147 14246 14049 13608 13354 13709 14086 14876 15471 15868 16137 16805 17177 17316 17336 17071 16638 16268 16123 16634 16848 17579 18013 17661 16930 16836 16901 17138 17288 16699 15563 15305 16597 17618 17815 17716 18188 18419 18514 18338 17968 17835 17658 17157 17399 17465 16313 15121 15406 15923 17682 18521 18700 18526
17212 16258 15907 15904 15720 15394 15233 14229 13349 12888 12552 12725 13255 14202 14328 14156 13790 13350 12942 12460 11987 12166 12470 13143 13276 13050 12682 12540 12761 13044 13756 14544 15148 15838 16392 16993 17273 17300 16775 16320 16164 16525 16834 17783 18666 18763 18533 17998 16992 16760 16705 16896 16863 16392 16374 17316 17671 17839 17944 18097 18169 18223 18275 17873 17572 17456 17033 17012 16608 15160 14341 14642 15549 16926 18328 18926 18751
16767 16065 15888 15676 15319 14911 14577 14182 13421 12942 12668 12443 12910 13903 14130 13903 13323 13145 12809 11390 9825 10664 11989 12164 12363 12576 12691 12615 12364 12452 12942 13903 14866 15514 16076 16431 16920 17071 17227 17175 17008 17533 18044 18650 18754 18763 18517 18120 17056 16681 16701 16812 16857 16851 16798 17172 17306 17265 17127 16762 16732 17063 17033 16519 16841 16677 16466 16266 16802 16646 15611 15516 16588 18124 18525 18582 18485
16452 15775 15272 15088 14685 14241 14403 14165 14041 13294 12854 12471 13208 14267 14373 14086 13762 13224 12532 11898 11358 11495 11702 11869 12055 12477 12694 12740 12574 12431 12912 13387 13809 13890 14053 14422 15169 16364 17351 18231 18493 18477 18618 18643 18655 18273 17981 17364 16546 16608 17294 17464 17473 17167 16944 16677 16527 16608 16589 16243 16329 16225 16083 16150 16282 16534 17128 17576 17721 17849 17853 17559 17707 18150 18252 17742 18086
15964 15610 15209 14920 13998 12588 13956 14336 14157 13634 13219 13701 14444 14749 14541 13822 13147 12788 12497 12042 11686 11499 11255 11535 11788 11855 11925 12074 12046 12018 12087 12264 12433 12606 12797 13130 13557 14871 16458 18042 18633 18914 18866 18648 18493 18163 17391 16969 16977 17174 17296 17465 17495 17367 17391 16912 16637 16583 16563 16329 16055 16120 16016 15985 15982 16802 17333 17434 17223 17620 17718 17614 17605 17898 18043 17845 17656
15931 15667 15210 14905 14626 13494 13456 13994 13996 13650 13784 14383 14849 14830 13677 12024 11270 11259 12121 12079 11480 11182 11059 11564 11833 11842 11822 11993 12029 11551 11487 11633 11751 11849 12009 12396 12846 13914 15278 17026 18225 18877 18710 18197 18376 18207 17617 17192 17008 17136 17107 16906 16996 17532 17566 17346 16731 16506 16420 16150 16200 16206 15971 16038 16256 16778 16925 17119 16928 16162 16678 17364 17805 18182 18212 18302 18029
15646 15492 14746 14320 14104 13662 13327 13249 13397 13434 13620 14168 14731 13880 12205 11095 10920 10916 11355 11898 11592 11360 11369 11200 11120 11598 11606 11825 11965 11868 11724 11680 11990 12150 12049 12020 12102 13230 14203 15919 17338 18534 18575 18312 18494 18178 17844 17653 17375 17148 17163 16887 16943 17340 17938 17907 17156 16482 16339 16046 16115 15926 15938 16465 16636 16847 17241 17087 16978 16356 16389 17264 17839 18383 18756 18878 18700
15403 14449 13322 13297 13331 13200 12976 12978 12907 13118 13443 14153 14153 13297 11807 11119 11107 11398 12381 12298 11685 11283 11374 11362 11121 9729 10912 11469 12012 12451 12600 12724 12844 12880 12897 12826 12904 13602 14572 15522 17055 18653 18998 18903 18846 18666 18253 18123 17960 17731 17622 17435 17327 17994 18553 18425 17796 17109 16884 16533 16129 16298 16394 16471 16500 16651 16871 17392 17686 17486 16849 17002 17612 18256 19151 19352 19290
14600 14316 13720 13425 13143 12774 12795 12751 12764 13085 13384 13740 13870 14157 14080 13603 13326 12877 12563 12174 11899 11411 11151 11107 10952 10593 11048 11383 12114 12784 12900 13097 13211 13254 13431 13602 13847 14405 15358 16507 17787 18911 19277 19241 19087 19297 19201 18611 18397 18556 18706 18771 18221 18309 19050 19158 19081 18162 17681 17483 17180 17499 17889 17918 17581 17532 17876 17857 17508 17481 17245 16848 17078 17955 19017 19209 19423
14276 14063 13663 13267 12973 12705 12727 12783 12726 12828 12881 13310 13713 14175 14201 13880 13613 13037 12780 12635 12004 11474 11278 11196 11000 10821 11084 11377 12088 12774 12893 13228 13812 14012 14328 14724 14910 15427 16112 17417 18791 19705 19605 19482 19497 19939 19876 19189 18990 19442 19613 19683 19619 18831 19141 19351 19345 19308 18852 18164 17977 18128 18513 18546 18204 18211 18250 18033 17553 17475 17466 17068 17092 17771 18216 18575 18798
14678 13810 13353 13058 13001 12878 12724 12706 12713 12748 12849 12937 13027 12928 13572 13742 13727 13499 12793 12220 10939 10492 11720 11835 11651 11166 10803 11389 12017 12849 13290 14350 15003 14970 14645 15494 16230 16988 17758 18980 19786 20017 20299 20371 20216 20114 19986 19751 19485 19927 20310 20353 20251 20059 19619 19146 19279 19253 18877 18717 18554 18195 18313 18282 18264 18286 18518 18773 18856 18547 18059 17221 17243 17486 17739 18465 18488
15293 14481 13491 13026 12974 12819 12773 12685 12720 12753 12762 12760 12815 12952 13217 13472 13785 13828 12965 12423 12129 12292 12437 12123 11698 11090 11072 11550 11996 12397 13119 14689 15179 14758 14058 14808 15519 17154 18819 19909 20480 20674 20529 20342 20024 19896 19894 19686 19536 19992 20293 20384 20337 20253 19785 19079 18575 18170 18231 18478 18098 18446 18407 18335 18347 18291 18523 18726 18790 18718 18345 18056 18062 18066 17942 18445 18572
15837 15116 14281 13577 13213 12946 12897 12770 12714 12672 12652 12613 12718 12881 13099 13307 13671 14011 13969 13650 13357 13019 13085 13166 12699 11814 11634 11570 11873 12528 13922 15316 15698 14900 14520 15244 16144 17138 18672 20097 20406 20616 20261 20248 20011 19683 19375 19247 19222 19588 19852 20146 20371 20039 19150 18620 18423 17983 17851 17903 18325 18853 19183 19033 18550 18124 18127 18471 18836 18887 18436 18196 18138 18167 18368 18817 19027
15581 15226 14758 14240 13731 13221 12936 12752 12732 12565 12583 12709 12725 12792 13101 13226 13610 14032 14242 14108 13583 12831 12917 13191 13092 12532 11888 12267 12532 13383 14546 15823 16463 16437 16452 17196 18127 18963 19572 20082 20198 20356 19857 20023 19920 19640 19275 19225 18774 19038 19280 19754 19768 19326 18924 18363 17919 17854 18066 18473 18566 18865 19171 19082 18725 18142 18392 18748 18853 18845 18619 18599 18767 18921 19055 19250 19739
14460 14611 14704 14355 13761 13172 12765 12702 12693 12694 12689 12737 12812 12782 12959 13224 13269 14094 14229 13483 12156 11539 11482 12371 13353 13502 13225 12642 13516 14674 15278 15898 16382 17087 17967 18670 19166 19402 19684 19942 20174 20181 19697 19423 19401 19073 18424 18781 18810 19045 18976 19141 19262 18753 18454 18318 17905 18391 18570 18649 18555 18549 18748 18735 18522 18359 18762 18886 18898 18902 18867 18928 19110 19224 19474 20019 20616
14323 14211 14395 14171 13730 13165 12674 12684 12749 12758 12597 12599 12607 12792 12907 13293 13254 14151 14318 13286 11785 11459 11493 12682 13989 14069 13987 13989 13898 14813 15542 16071 16381 16939 17705 18300 18859 19492 19734 19719 19677 19563 19212 18996 18385 18517 18694 18714 18869 19033 19079 18947 18967 18771 18585 18624 18310 18495 19158 19242 19056 18565 18110 18082 18077 18371 18837 18895 18913 18920 18948 19072 19076 19257 19732 20134 20712
14433 14591 14685 14655 14286 13501 12937 12601 12570 12612 12546 12537 12647 12683 12860 13072 13261 13840 14251 14226 13484 12799 13061 14403 14558 14133 14094 14311 14398 14836 15589 16190 16592 17274 17584 18184 18731 19286 19527 19548 19588 19391 19028 18916 18877 18994 19044 19235 19505 19617 19486 18941 18745 18785 18758 19046 19023 19051 19173 19176 19147 18723 18485 18373 18252 18245 18371 18613 18918 19122 19149 19178 19205 19542 19758 20091 20550
15139 15600 15858 15513 14888 14067 13451 12953 12593 12510 12488 12521 12633 12720 12640 13004 13108 13498 13966 14360 14386 14315 14411 14875 14780 14093 14170 14413 14685 14978 15616 16367 16885 17351 17640 18172 18678 18827 18786 18934 19297 19407 19228 18924 18875 19124 19090 19281 19500 19582 19425 18707 18406 18513 18611 18763 18735 18818 18630 18993 19024 18704 18608 18666 18500 18351 18260 18377 18722 18988 19269 19283 19262 19833 20094 20274 20774
17051 17045 16508 16004 15283 14674 14039 13428 13148 12821 12633 12464 12662 12719 12646 12776 12953 13144 13418 13730 13873 14021 14339 14508 14344 14233 14682 14939 15084 15674 16317 16984 17348 17680 18102 18232 18357 18625 19281 19521 19457 19427 19126 18899 18782 19115 19172 18919 19184 19166 18819 18543 18433 18616 18693 18214 18218 18403 18489 18581 18655 18648 18595 18645 18640 18251 18307 18228 18520 18992 19288 19471 19798 20303 20669 20774 20773
18465 18026 17457 16599 15999 15446 14782 14257 13843 13269 13080 12618 12651 12899 12664 12798 12870 12918 12984 13201 13381 13709 14000 14082 14267 14915 15485 15597 15574 15834 16719 17833 18237 18423 18459 18376 18345 18667 19252 19281 19145 19058 19063 18918 18870 19031 19152 18982 18852 18796 18398 17772 18098 18642 18479 17251 17861 18500 18691 18816 19281 19200 18840 18722 18697 18372 18114 18064 18403 18984 19179 19427 20026 20549 20723 20664 20611
18892 18330 17972 17362 16879 16260 15795 15146 14743 14042 13593 13067 13132 13158 12859 13319 13513 13571 13727 13815 13838 13801 14001 14331 14616 15382 16229 16641 16705 16913 17518 18428 18796 19106 19161 19129 18907 19154 19486 19471 19187 19168 19155 18844 18844 18989 18667 18817 18371 18069 17595 17163 17247 17864 17778 18014 18246 18168 18506 18972 19344 19164 18871 18757 18705 17611 18204 18465 18717 18581 19249 19654 19922 19969 20103 20048 20366
19318 18799 18519 18358 17901 17269 16590 15987 15527 14948 14467 14180 13965 14032 13971 14058 14151 14316 14456 14574 14664 14754 14726 14762 15027 15698 16367 16994 17330 17649 18218 19177 19298 19396 19433 19173 18998 19411 19550 19571 19489 19517 19508 19155 18752 18533 18287 17768 17658 17632 17586 16918 17050 17298 17691 17850 18035 18039 18720 19301 19778 19673 19349 18988 18737 18565 18412 18414 18738 19125 19385 19670 19778 19561 19417 19710 20117
19710 19284 19232 19217 19026 18236 17503 17134 16706 16069 15660 15332 15200 15118 15228 15067 15037 15242 15359 15683 15831 15983 15967 15937 15923 15968 16458 17205 17531 17971 18714 19461 19647 19273 19129 19128 19495 19466 19512 19234 19406 19491 19523 19275 18644 17917 17362 16828 16731 16844 17189 17288 17267 17830 18097 18290 18458 18905 19479 20005 20212 20020 19635 19235 19030 18717 18649 18767 18762 19162 19758 19992 19999 19820 19678 19581 19532
19714 19642 19679 19656 19614 19270 18758 17878 17436 17133 16851 16412 16269 16323 16218 16124 16080 16057 16373 16774 17170 17337 17275 17206 17346 17374 17212 17709 18045 18525 19069 19513 19510 19778 19393 19482 19497 19505 19449 19227 19233 19129 18634 18680 18522 17837 16988 16497 16386 16833 17414 17813 17782 18320 19413 19998 20136 20340 20768 21013 20979 20677 20474 19987 19855 19491 19146 19026 19406 20013 20245 20312 20278 20320 20271 19814 19854
19777 19735 19758 19801 19813 19504 19243 18916 18520 18087 17808 17531 17336 17365 17362 17305 17064 17274 17409 17541 18029 18775 18966 19006 18924 18742 18701 18675 18850 18977 19114 19330 19545 19756 19630 19589 19691 19493 19223 18645 18289 17827 17736 18006 18027 17756 17230 16557 16436 16686 17363 17727 17752 18599 20062 21292 21839 21917 21889 22050 21850 20727 20421 20414 20142 19729 19278 19118 19458 20051 19862 18595 18404 19558 20685 20724 20249
19742 19645 19735 19732 19723 19583 19344 18958 18923 18715 18588 18267 18045 18068 18256 18420 18422 18487 17954 17956 18682 19661 20087 20091 19955 19792 19499 19064 19011 19520 19468 19271 19312 19418 19592 19642 19725 19174 18643 17815 17447 17136 17240 17513 17816 17755 17403 17023 16650 16341 16654 17021 17406 18434 20051 21345 21905 22017 21940 22108 21924 21093 20746 20566 20274 19719 19507 19249 18872 18693 18393 17314 17655 18822 20713 21126 21166
