Alternative/Moon/Lvl0_30x30/Ele_CE.asc
ncols         335
nrows         335
xllcorner     -6642508.343
yllcorner     -27166.958
cellsize      10000
nodata_value  -9999.0
[rows 170 to 203 of 335, columns 77 to 153 of 335]
18747 18665 18611 18591 18705 18842 19002 19117 19298 19440 19513 19541 19508 19436 19428 19326 19000 18994 19095 18832 18634 18565 18384 18177 17958 18028 18077 18071 17953 18261 18193 17755 17436 17345 17307 17257 17237 17199 17170 17187 17211 17155 16978 16899 16885 16900 16903 16918 16933 16944 16953 16946 16912 16929 16932 16923 16897 16913 16911 16900 16905 16924 16937 16969 17032 17040 17010 16900 16840 16819 16797 16782 16773 16775 16764 16746 16742
18939 18733 18631 18622 18674 18939 19048 19135 19382 19565 19551 19391 19451 19262 19259 19228 18958 18983 19029 18844 18616 18550 18459 18247 18037 18047 18073 18029 18054 18267 18214 17714 17389 17351 17308 17276 17269 17280 17238 17247 17120 17047 16985 16926 16888 16918 16937 16963 16938 16956 16965 16950 16911 16926 16928 16908 16924 16928 16935 16927 16932 16946 16974 17017 17053 17035 16972 16871 16849 16829 16812 16801 16794 16789 16775 16768 16769
19045 18787 18645 18668 18736 18954 19099 19264 19386 19586 19728 19566 19335 19208 19185 19274 19298 18972 18873 18761 18608 18730 18844 18793 18332 18011 18019 17966 17802 17706 17658 17498 17395 17324 17301 17298 17332 17464 17465 17341 17164 17098 17133 16992 16900 16917 16944 16956 16947 16959 16999 16981 16988 16999 16933 16946 16979 16990 16993 16978 16989 17016 17041 17062 17056 17027 16961 16920 16898 16875 16849 16833 16828 16808 16806 16802 16788
19059 18775 18649 18668 18799 18979 19173 19437 19482 19645 19614 19534 19290 19327 19297 19225 19304 19117 19157 18880 18898 18909 18855 18611 18396 18254 18172 17948 17757 17622 17587 17493 17363 17343 17323 17337 17399 17651 17613 17440 17393 17387 17186 17121 16991 16929 16932 16938 16967 16995 17000 17000 16993 16969 17001 17055 17116 17191 17170 17110 17094 17109 17114 17100 17076 17039 16997 16954 16946 16936 16913 16892 16854 16829 16826 16823 16798
18893 18758 18782 19000 18939 19044 19215 19439 19594 19661 19461 19340 19285 19730 19619 19194 19119 19218 19201 18958 18907 18896 18767 18403 18175 18205 18152 17942 17684 17642 17578 17466 17416 17444 17363 17371 17381 17685 17571 17530 17652 17837 17587 17273 17082 16954 16947 16950 16979 16993 16999 17019 17026 16996 17109 17553 17800 17590 17711 17497 17288 17184 17164 17142 17094 17046 17012 16993 16982 16968 16948 16954 16897 16869 16842 16829 16806
18811 18801 19087 19191 18985 19103 19174 19330 19695 19663 19454 19441 19321 19686 19592 19230 19219 19537 19551 18973 18772 18828 18700 18287 18139 17993 17993 17853 17708 17640 17608 17505 17424 17481 17471 17435 17414 17485 17514 17568 17791 17845 17733 17417 17148 16975 16981 17000 17001 16980 17014 17056 17050 17069 17452 17905 17783 16686 17757 18030 17337 17207 17175 17137 17077 17031 17017 17003 16986 16974 16962 16974 16926 16899 16866 16832 16816
18910 18819 19037 19238 19083 19171 19229 19588 19845 19887 19508 19455 19371 19303 19263 19234 19327 19581 19556 19092 18744 18540 18423 18221 18092 17967 17855 17829 17708 17645 17610 17555 17520 17536 17534 17494 17444 17453 17495 17549 17693 17755 17715 17449 17179 17011 17016 17033 17027 17044 17108 17106 17033 17176 17627 17898 15581 15749 17423 18124 17333 17191 17126 17086 17050 17031 17018 17008 16994 16978 16978 16966 16964 16942 16921 16868 16854
18947 18912 18972 19095 19195 19265 19407 19633 19882 19855 19493 19279 19276 19303 19306 19494 19553 19498 19416 18951 18593 18589 18418 18358 18263 18027 17935 17841 17699 17624 17593 17575 17575 17578 17580 17532 17502 17461 17411 17502 17587 17570 17548 17345 17114 17027 17053 17106 17098 17115 17136 17143 17110 17205 17599 18013 16066 15747 17380 17994 17312 17456 17420 17384 17117 17021 17009 17035 16998 16987 16984 16984 16983 16972 16953 16913 16886
19013 19017 19084 19277 19412 19566 19687 19620 19447 19402 19316 19182 19248 19314 19315 19500 19438 19370 19000 18729 18606 18567 18336 18291 18223 18012 17915 17813 17678 17624 17607 17600 17649 17724 17791 17714 17523 17418 17405 17412 17436 17309 17266 17125 17057 17093 17111 17143 17149 17159 17151 17102 17111 17172 17420 17983 18030 17976 17911 17635 17203 17494 16724 17249 17430 17005 17003 16997 17001 17005 16995 16995 16996 16995 16972 16943 16919
19147 19131 19121 19259 19426 19697 19694 19524 19256 19201 19248 19201 19310 19435 19448 19349 19126 19075 18754 18591 18549 18433 18250 18188 18097 18000 17919 17788 17625 17628 17642 17617 17635 17872 17933 17773 17605 17501 17448 17391 17307 17250 17175 17097 17074 17149 17164 17177 17215 17178 17142 17107 17134 17169 17235 17482 17839 17849 17584 17302 17107 17455 17403 17369 17338 16996 16995 17001 17014 17008 17006 17006 17014 17009 17000 16957 16949
19325 19215 19188 19326 19481 19667 19661 19561 19233 19237 19304 19374 19423 19477 19456 19346 18935 18745 18588 18556 18414 18300 18181 18145 18058 17950 17908 17523 17620 17629 17644 17623 17597 17852 17951 17799 17590 17752 17736 17554 17510 17329 17161 17049 17096 17184 17234 17255 17230 17156 17103 17136 17169 17174 17170 17160 17186 17190 17160 17105 17075 17042 17172 17133 17020 17001 17001 17000 17013 17006 17011 17015 17025 17020 17016 16993 16963
19439 19234 19278 19415 19478 19541 19476 19466 19268 19269 19366 19447 19481 19475 19281 19120 18792 18756 18670 18628 18348 18229 18181 18097 18133 18072 17951 17725 17608 17607 17627 17622 17593 17583 17614 17611 17679 17823 17803 17776 17627 17622 17195 17054 17147 17202 17233 17197 17130 17116 17124 17153 17181 17170 17154 17170 17160 17088 17078 17054 17039 17028 17019 17018 17008 16997 16998 16985 17007 17001 17009 17031 17044 17041 17038 17032 17009
19187 19226 19316 19489 19633 19613 19530 19718 19499 19361 19403 19522 19464 19463 19283 19059 18807 18924 18853 18580 18312 18207 18083 17998 18162 18139 18116 17818 17642 17661 17629 17615 17582 17588 17589 17599 17750 17881 17835 17763 17451 17409 17136 17112 17177 17216 17216 17149 17129 17127 17148 17175 17180 17159 17142 17195 17234 17067 17053 17037 17028 17041 17027 17017 17007 17002 16996 16993 17008 17015 17025 17046 17050 17061 17054 17047 17031
19086 19202 19317 19479 19698 19665 19664 19694 19513 19658 19619 19473 19521 19543 19299 19025 18786 18868 18723 18489 18289 18228 18089 18005 18022 18119 18125 17825 17690 17669 17646 17635 17567 17562 17693 17723 17726 17783 17688 17535 17297 17208 17190 17217 17184 17216 17184 17150 17141 17147 17168 17182 17175 17153 17133 17166 17157 17059 17048 17036 17023 17040 17024 17011 16999 17012 17008 17006 17024 17027 17028 17063 17065 17057 17073 17066 17040
19085 19074 19110 19452 19648 19623 19636 19597 19458 19689 19665 19663 19540 19504 19260 19035 18749 18894 18896 18525 18281 18223 18119 18031 17984 17957 17968 17800 17735 17687 17647 17616 17530 17623 18071 18129 17730 17537 17421 17281 17191 17190 17208 17217 17192 17182 17177 17153 17140 17157 17176 17181 17170 17139 17127 17099 17073 17055 17045 17030 17016 17011 17007 17009 17002 17004 17011 17016 17025 17038 17055 17060 17082 17076 17072 17098 17092
18931 19014 19025 19264 19406 19547 19575 19592 19532 19654 19778 19836 19807 19468 19259 18990 18619 18797 18780 18453 18282 18219 18147 18050 17996 17935 17879 17797 17746 17687 17621 17626 17541 17600 17784 17827 17588 17433 17300 17229 17248 17249 17247 17230 17167 17163 17171 17160 17138 17159 17178 17183 17166 17137 17114 17088 17065 17043 17041 17023 17017 17018 17012 17013 17009 17025 17018 17017 17039 17045 17079 17113 17111 17107 17099 17183 17173
18694 18771 18859 19122 19310 19440 19523 19665 19518 19639 19857 19883 19785 19599 19216 18914 18552 18450 18394 18314 18233 18169 18155 18037 18007 17953 17871 18164 18300 18173 17731 17596 17531 17427 17424 17418 17375 17311 17259 17272 17299 17282 17260 17203 17144 17142 17174 17165 17136 17150 17167 17173 17155 17123 17103 17083 17068 17047 17035 17025 17018 17020 17021 17015 17014 17026 17025 17037 17058 17067 17091 17122 17153 17154 17175 17151 17139
18435 18609 18762 18914 19111 19192 19397 19450 19410 19483 19759 19759 19703 19569 19218 18731 18477 18358 18305 18250 18173 18143 18128 18058 18024 17992 18049 18418 18508 18491 18285 17560 17475 17388 17381 17343 17341 17325 17293 17282 17296 17283 17235 17172 17146 17144 17167 17168 17137 17144 17188 17213 17157 17125 17102 17083 17068 17061 17046 17034 17029 17027 17026 17030 17027 17031 17037 17064 17079 17102 17124 17186 17234 17301 17300 17304 17274
18326 18473 18645 18778 19002 19113 19274 19381 19326 19428 19723 19705 19516 19463 19093 18649 18449 18331 18272 18207 18230 18213 18166 18180 18178 18150 18253 18433 18464 18353 18103 17569 17435 17365 17313 17332 17344 17323 17307 17273 17247 17240 17220 17184 17172 17170 17151 17155 17139 17142 17182 17206 17150 17121 17103 17078 17061 17053 17053 17038 17037 17038 17037 17040 17029 17042 17064 17066 17120 17149 17196 17365 17566 17734 17888 17910 17656
18267 18367 18497 18634 18778 19009 19194 19145 19092 19139 19339 19588 19389 19272 19005 18659 18454 18456 18544 18328 18291 18360 18304 18187 18125 18073 18163 18172 17987 17873 17838 17545 17378 17270 17270 17329 17363 17333 17304 17288 17277 17254 17236 17231 17208 17166 17166 17180 17135 17140 17151 17156 17139 17107 17096 17077 17088 17049 17044 17037 17040 17035 17032 17034 17056 17058 17066 17116 17138 17191 17275 17636 18116 18411 18385 18460 18452
18243 18312 18409 18505 18689 18863 18975 18992 18942 18897 19036 19334 19318 19254 18971 18691 18523 18455 18399 18311 18263 18263 18234 18291 18188 18062 18267 18209 17735 17688 17618 17403 17286 17274 17304 17348 17369 17330 17298 17284 17283 17263 17237 17200 17190 17139 17167 17155 17128 17138 17152 17146 17127 17101 17087 17075 17053 17048 17043 17041 17036 17034 17029 17050 17049 17055 17076 17110 17164 17213 17399 17921 18372 17891 16428 16436 18419
18217 18300 18383 18466 18631 18793 18861 18915 18891 18864 19050 19235 19329 19261 18970 18947 18834 18610 18533 18662 18780 18631 18653 18641 18502 18252 18124 18181 17876 17824 17454 17372 17354 17327 17332 17367 17357 17327 17298 17278 17304 17242 17209 17176 17136 17141 17166 17147 17129 17137 17146 17136 17118 17100 17085 17070 17055 17052 17052 17045 17042 17047 17042 17049 17065 17092 17102 17116 17175 17226 17497 18404 18417 15585 13873 13856 16509
18185 18249 18311 18391 18588 18677 18736 18866 18868 18933 18974 19202 19171 19148 18912 18852 18796 18559 18573 18884 19058 18975 18804 18490 18398 18347 18306 17995 17910 17901 17799 17470 17343 17285 17319 17366 17363 17336 17319 17305 17290 17189 17138 17121 17124 17146 17211 17224 17178 17137 17139 17128 17110 17086 17079 17069 17059 17059 17059 17059 17055 17048 17049 17063 17066 17079 17076 17124 17152 17251 17520 18386 18393 15133 13433 13547 15398
18192 18226 18256 18318 18461 18581 18640 18783 18882 18803 18750 19129 19132 18958 18810 18755 18666 18712 18693 17578 16969 16640 16866 17541 18267 18266 18415 18303 17983 17912 17867 17645 17324 17253 17293 17344 17345 17317 17326 17313 17217 17151 17124 17109 17119 17243 17314 17258 17206 17139 17128 17109 17098 17083 17071 17064 17058 17064 17066 17061 17061 17067 17067 17070 17073 17073 17079 17110 17128 17218 17401 18016 18445 17199 15720 15367 17664
18187 18193 18236 18288 18446 18490 18554 18662 18568 18562 18708 18880 18964 18947 18903 18844 18853 18299 17322 16025 15444 15437 15408 15410 16080 17534 18380 18412 18041 17981 17928 17705 17438 17294 17277 17291 17287 17322 17310 17209 17160 17142 17104 17096 17115 17206 17253 17233 17157 17127 17108 17100 17089 17079 17072 17068 17070 17070 17071 17076 17087 17087 17073 17067 17069 17078 17083 17094 17104 17162 17309 17581 18353 18612 18579 18484 18483
18201 18173 18172 18247 18321 18414 18434 18474 18473 18484 18662 19046 19056 19052 19072 19016 18638 16965 15685 15398 15368 15353 15348 15350 15395 15860 17118 18343 18445 17965 17931 17748 17445 17351 17243 17259 17269 17263 17226 17196 17155 17122 17096 17095 17099 17113 17129 17128 17115 17110 17094 17084 17077 17071 17071 17068 17071 17076 17077 17078 17084 17082 17082 17079 17072 17087 17118 17096 17119 17175 17264 17390 17683 18266 18576 18487 18191
18466 18378 18284 18199 18250 18288 18368 18433 18427 18450 18643 18956 19181 19207 19079 18391 16904 15732 15376 15349 15350 15344 15349 15388 15392 15457 16017 17821 18318 18167 18142 18016 17719 17352 17262 17231 17242 17207 17177 17149 17120 17099 17083 17083 17092 17107 17109 17101 17104 17092 17087 17078 17069 17062 17064 17071 17068 17072 17076 17075 17079 17083 17078 17073 17068 17086 17106 17107 17126 17143 17174 17222 17296 17386 17461 17456 17429
17389 18514 18406 18169 18177 18226 18308 18402 18402 18393 18529 19004 19097 19068 18546 17217 16082 15402 15352 15331 15331 15327 15351 15489 15495 15506 15488 16512 18372 18528 18078 17941 17744 17397 17250 17205 17198 17192 17163 17123 17090 17071 17070 17074 17082 17091 17097 17101 17090 17079 17081 17079 17084 17080 17064 17067 17071 17072 17073 17077 17080 17072 17074 17080 17083 17079 17084 17097 17109 17120 17149 17174 17174 17200 17229 17224 17227
18357 18279 18195 18139 18168 18201 18258 18327 18390 18356 18587 18949 19126 19105 17998 16193 15731 15377 15342 15323 15332 15318 15340 15435 15461 15451 15483 15926 17791 18543 18116 18015 17782 17368 17211 17170 17163 17157 17130 17093 17077 17061 17066 17065 17065 17077 17087 17079 17084 17084 17076 17075 17072 17082 17069 17065 17073 17074 17074 17081 17071 17066 17065 17063 17071 17075 17073 17093 17106 17119 17152 17153 17149 17152 17173 17192 17191
18270 18339 18280 18263 18478 18501 18246 18298 18405 18365 18460 18865 19072 18972 17660 15833 15541 15386 15351 15324 15317 15312 15318 15324 15348 15361 15516 15886 17873 18527 18105 18014 17790 17408 17164 17117 17120 17123 17105 17082 17064 17046 17059 17058 17054 17072 17077 17075 17075 17079 17077 17074 17072 17069 17066 17066 17072 17074 17070 17065 17062 17064 17063 17061 17054 17062 17063 17086 17103 17102 17125 17131 17140 17156 17167 17177 17166
18270 18336 18298 18799 18856 18549 18411 18227 18378 18341 18316 18612 19112 19407 18090 16305 15551 15400 15355 15329 15320 15360 15324 15303 15316 15361 15561 15920 17838 18637 18120 18065 17715 17408 17206 17118 17069 17084 17072 17048 17029 17037 17043 17047 17049 17054 17062 17065 17072 17073 17071 17069 17068 17069 17066 17065 17064 17067 17067 17062 17057 17062 17053 17054 17054 17052 17064 17066 17087 17093 17108 17141 17150 17150 17162 17164 17162
17987 18138 18264 18807 18818 18556 18422 18186 18318 18276 18197 18390 19029 19322 18314 16370 15873 15479 15369 15337 15331 15341 15320 15302 15327 15421 15610 16278 17905 18337 18119 18098 17648 17373 17269 17047 17060 17060 17044 17029 17020 17018 17026 17033 17034 17040 17051 17059 17064 17065 17063 17063 17063 17067 17064 17062 17060 17062 17064 17056 17052 17054 17050 17040 17044 17048 17056 17066 17067 17078 17192 17150 17306 17139 17144 17157 17143
17847 17906 18156 18351 18325 18355 18194 18126 18152 18156 18089 17981 18443 18737 18531 17551 16444 15895 15436 15364 15323 15319 15311 15324 15361 15545 15731 16785 17888 18111 18066 17817 17498 17212 17122 17052 17060 17060 17036 17012 16995 17003 17006 17018 17021 17024 17035 17043 17052 17061 17057 17059 17063 17061 17059 17056 17051 17054 17059 17057 17054 17049 17048 17054 17043 17066 17062 17070 17067 17073 17207 17189 17281 17129 17141 17145 17146
17861 17946 17923 18083 18216 18374 18294 18393 18108 18010 17987 17886 18149 18284 18325 18237 16962 16079 15522 15395 15343 15322 15329 15362 15449 15729 16007 17588 18142 18016 17979 17721 17440 17122 17128 17063 17055 17040 17021 17012 16984 16989 16994 17007 17007 17011 17021 17034 17037 17044 17044 17051 17055 17051 17049 17047 17044 17047 17055 17056 17052 17053 17050 17061 17050 17060 17059 17071 17067 17073 17084 17181 17229 17126 17134 17141 17135
