Alternative/Moon/Lvl0_30x30/Ele_BC.asc
ncols         335
nrows         335
xllcorner     -13342508.343
yllcorner     3322833.042
cellsize      10000
nodata_value  -9999.0
[rows 0 to 33 of 335, columns 231 to 307 of 335]
17136 17133 16997 16759 16432 15955 15425 14702 14170 13960 13843 13894 13906 13920 13889 13888 13907 13920 13935 13937 13954 13977 13991 14007 14018 14040 14064 14077 14091 14087 14077 14132 14247 14341 14423 14445 14588 14602 14844 15639 16399 16763 17001 17138 17460 18117 18259 18663 19446 20039 20332 20625 20975 21482 22309 23260 23557 23622 23794 23975 24175 24250 24292 24380 24377 24334 24153 24230 24298 24269 24213 24086 23899 23786 23689 23607 23484
15188 15269 15538 16097 16180 16071 15897 15346 14564 14129 13912 13833 13873 13883 13902 13916 13928 13989 14045 14084 14066 14017 14036 14030 14059 14096 14126 14094 14134 14173 14239 14262 14359 14432 14448 14450 14605 14692 15091 15947 16686 16959 17088 17124 17337 17940 18181 19021 19735 20359 20658 20962 21419 22126 23048 23700 23874 23963 24077 24177 24308 24349 24407 24441 24403 24310 24064 24124 24170 24174 24135 23977 23892 23854 23866 24060 24202
14679 14688 14697 15252 16486 16819 16767 16005 15102 14518 14127 13899 13893 13888 13887 13957 14166 14172 14185 14302 14363 14542 14528 14499 14281 14314 14233 14369 14464 14753 14899 14909 14904 14755 14522 14544 14615 14827 15270 15899 16592 16745 16712 16797 16994 17809 18444 19312 20106 20743 21250 21886 22710 23490 23885 24220 24335 24394 24439 24318 24245 24252 23483 22645 22032 21555 21042 21205 21541 21444 21428 21342 21293 21589 22323 23060 23839
15171 15390 15995 17081 17714 17587 17050 16355 15785 15078 14663 14135 14005 13998 13995 14173 14170 13990 13855 13874 14101 14561 14607 14480 14201 14013 13934 13930 13900 14515 14872 15174 15266 15282 15234 15134 15000 15001 15223 15659 15970 16031 16329 17090 17974 18625 19216 20083 21032 22019 22683 23426 23956 24317 24556 24676 24693 24656 24507 23738 23387 22942 21567 20335 19761 19691 19200 18886 18742 18715 18801 19150 19209 19363 19702 20368 21329
18034 18327 18561 18763 18581 18180 17495 16900 16435 15838 15373 14817 14303 14018 14118 14349 14672 14978 14930 14834 14901 14525 14393 13686 13230 13251 13288 13309 13341 13347 13662 14258 15150 15471 15884 15952 15768 15474 15434 15696 15858 16131 16941 17904 18777 19434 20123 21157 22215 22962 23243 23694 24076 24472 24705 24731 24724 24518 23656 23159 22434 21691 20444 19308 18933 18542 17984 17501 17346 17348 17114 17276 17057 17229 17699 18461 19272
19866 19888 19637 19003 18606 18189 17670 17298 16862 16564 16174 15695 15230 14995 14865 14701 14681 15222 15395 15430 15058 14420 13715 13269 13225 13258 13280 13345 13382 13405 13388 13427 14011 15057 15852 16066 16157 16111 16182 16314 16485 16950 17773 18780 19541 19968 20590 21548 22307 22933 23124 23471 23957 24203 24395 24586 24689 23987 23187 22019 20794 20072 19446 18794 18257 17810 17667 17404 16625 16614 16546 16560 16459 16183 16369 17226 18020
19677 19702 19646 19627 19226 18848 18445 17991 17464 17214 17020 16771 16497 16344 16133 16164 16047 16067 16106 15896 14812 13623 13240 13228 13274 13296 13324 13368 13428 13508 13501 13499 13588 14221 15040 16027 16924 17067 16874 17204 17620 18295 18834 19199 19709 19974 20419 21331 21932 22233 22258 22747 23382 23645 24235 24528 24350 23434 22094 20789 19866 19337 18717 18255 17178 16804 16725 16743 16515 16550 16444 16416 15921 15681 15568 16066 16907
18952 19374 19690 19783 19644 19453 18879 18664 18333 17996 17834 17772 17495 17356 17175 17173 17055 17080 16892 16080 15100 14067 13380 13250 13325 13338 13398 13428 13474 13512 13534 13754 14130 14490 15149 15970 16970 17683 17989 18146 18297 18630 18951 19282 19894 20058 19990 20330 21012 21459 21904 22383 22904 23525 24181 24440 23926 22948 21935 20479 19157 18490 17720 17516 17512 17092 16678 16830 16667 16436 16289 15899 15576 15490 15550 15626 16375
18552 18685 18858 19067 19349 19396 19243 19170 18981 18693 18387 18116 18067 17986 17976 17548 17897 17821 17424 16432 15746 14896 14303 13924 13700 13402 13390 13414 13465 13510 13746 14381 14832 15453 16036 16923 17662 18265 18406 18635 19019 19273 19255 19532 19946 19951 19819 19826 20072 20337 20916 21593 22292 23073 23677 24080 23642 22761 22113 21145 19935 18908 18062 17483 17610 16919 16338 16015 16020 15947 15779 15649 15247 15273 15324 15688 16221
18490 18600 18576 18437 18552 19046 19082 19265 19322 19410 19420 19205 18839 18632 18516 18654 18607 18382 18197 17806 16785 16354 15791 15295 14718 14054 13916 13876 13989 14165 14739 15297 16030 16805 17391 18385 18726 19014 19049 18935 19099 19258 19125 18717 18533 18760 19397 20329 20556 20514 20588 21154 21803 22520 23047 23397 23102 22715 22338 21462 20657 19976 18986 18537 18223 17690 16662 15956 15687 15601 15454 15212 15213 15239 15477 15627 16125
18171 18476 18543 18594 18634 18586 18512 18581 18804 19039 19288 19301 19293 19237 18837 19178 19441 19443 19417 19208 18738 18103 17511 16659 16148 15664 15407 15396 15766 16245 16655 16825 17456 17759 18014 18494 18428 18599 18800 18747 18702 18689 18344 17985 17867 18307 19253 20109 20251 20225 20075 20436 20974 21581 22212 22884 23410 23525 23033 22350 21466 21072 20417 19762 19103 18580 17864 16927 16460 16007 15509 15355 15673 15777 16012 16522 17283
17687 17969 18087 18132 18243 18255 18235 18356 18432 18604 18747 18846 18916 18830 18760 19255 19564 19501 19408 19242 19004 18832 18606 18246 18000 17795 17770 17694 17924 18222 18453 18526 18519 18437 18524 18469 18478 18645 18775 18764 18663 18566 18321 18078 17914 18290 18868 19185 19150 19360 19376 19782 20264 20784 21427 22172 23072 23521 23428 23112 22487 22140 21698 21116 20365 19869 19264 18755 18140 17699 17526 17367 17606 17564 18168 18444 19050
17771 17880 17821 17809 17804 17687 17655 17741 17908 18072 18318 18533 18771 18789 18670 18800 19049 19011 18941 18660 18598 18295 18139 18013 17993 18082 18146 18215 18325 18585 18732 18810 18679 18517 18543 18674 18745 18423 18007 17621 17736 18123 18197 17965 17657 17968 17998 18001 18470 18580 18766 19196 19615 20092 20557 21109 21699 22077 22444 22865 23247 23193 22752 22331 21874 21437 20942 20540 20142 19943 19644 19393 19188 19243 19738 19958 20333
17280 17320 17238 17166 17250 17412 17520 17573 17700 17885 18034 18079 18107 18214 18383 18423 18489 18355 18183 17842 17694 17558 17464 17432 17536 17695 17664 17660 17909 18257 18387 18376 18213 18087 18234 18431 18439 17217 16058 15333 15601 16783 17667 17703 17473 17414 17630 17914 18189 18219 18492 18988 19387 19760 20278 20980 21371 21414 21635 22567 23188 23193 23263 23578 23351 22957 22363 21942 21423 21056 20775 20437 20310 20130 20507 20769 20932
17063 17051 17039 17028 17051 17123 17259 17476 17706 17857 17968 18000 17917 17952 17842 18061 18228 18020 18008 17592 17447 17406 17426 17447 17446 17458 17485 17598 18126 18509 18607 18482 18182 18144 18077 18274 18351 18091 17607 16650 16768 17499 17560 17413 17235 17389 17602 17685 17762 17918 18138 18317 18656 18933 19357 19814 20410 20891 21451 21758 22055 22403 22978 23549 23574 23415 23147 22839 22400 21840 21351 21088 20820 20916 20938 20841 20602
17063 17064 17108 17094 17087 17297 17341 17296 17416 17357 17344 17519 17637 17985 18094 17862 17821 18149 18187 17821 17715 17460 17456 17484 17523 17561 17681 18108 18257 18525 18535 18089 17194 16963 17065 17510 18103 18229 17999 17644 17536 17480 17394 17126 17085 17342 17318 17227 17220 17244 17320 17532 17870 18176 18510 18705 19349 19971 20866 21424 21679 21928 22338 22614 22664 22536 22434 22019 21610 21264 21002 20783 20441 20412 20208 19890 19868
17037 17065 17078 17095 17151 17293 17311 17281 17311 17178 17131 17432 17715 17736 17858 17805 17760 17476 17497 18851 17781 17606 17634 17590 17900 17996 17983 18159 18171 18138 17713 17053 16916 16940 16926 16955 16988 17057 17093 17133 17048 17055 17026 16969 16878 16996 17185 17221 17181 17183 17168 17268 17485 17722 17879 18043 18482 18935 19595 20410 21069 21520 21808 21805 21719 21603 21517 21388 21109 20860 20498 20323 20098 19948 19829 19762 19787
17175 17129 17140 17134 17175 17203 17227 17242 17241 17130 17385 17440 17725 17709 17596 17317 17456 17387 17512 17409 17355 17536 17573 17484 17759 17725 17669 17592 17842 17979 17836 17010 16905 16920 16987 16981 16928 16938 17006 17019 16964 16975 17040 17050 16914 16952 16957 17045 17075 17017 17013 16981 17043 17206 17349 17713 18117 18438 18950 19382 19692 20136 20627 20780 20604 20592 20529 20509 20577 20620 20621 20311 19779 19498 19355 19235 19088
17076 17203 17226 17111 17159 17174 17155 17144 17172 17149 17282 17171 17242 17153 17127 17137 17149 17163 17177 17174 17180 17178 17201 17177 17135 17145 17149 17440 17467 17558 17493 16973 16929 16947 16920 16929 16942 16926 16917 16915 16953 17092 17242 17284 17062 17015 16979 16930 16999 16880 16893 16924 16924 16936 17138 17174 17237 17491 17942 18395 19046 19582 20060 20781 21242 21581 21817 21847 21749 21642 21272 20871 20512 20233 19835 19338 19297
17125 17164 17123 17108 17117 17128 17185 17153 17213 17191 17183 17270 17233 17170 17147 17162 17168 17179 17180 17187 17175 17165 17144 17146 17123 17200 17360 17377 17245 17010 16903 16876 16876 16936 16934 16938 16999 16934 17112 17171 17009 16998 17015 16995 17024 17035 17024 16886 16851 16864 16878 16923 16893 16920 16962 17060 17251 17778 18305 18834 19374 19689 19908 20719 21406 21690 21899 21891 21763 21534 21352 21040 20758 20370 20077 19759 19368
17128 17133 17135 17133 17141 17154 17167 17171 17174 17160 17172 17166 17165 17159 17159 17186 17207 17197 17201 17201 17164 17146 17130 17094 17070 17072 17054 17024 16869 16853 16864 16853 16879 16898 16878 16876 16890 16936 16913 16901 16842 16844 16813 16807 16869 16846 16850 16844 16857 16869 16882 16903 16894 16899 16945 16984 17297 17767 18244 18699 19118 19562 20019 20387 21036 21425 21781 21890 21819 21603 21392 21101 20872 20726 20456 19965 20096
17138 17159 17166 17150 17175 17191 17184 17186 17173 17171 17179 17176 17175 17179 17172 17192 17220 17215 17208 17189 17155 17103 17081 17069 17033 17032 16992 17010 16947 16855 16862 16858 16867 16863 16869 16868 16886 16899 16901 16830 16811 16804 16799 16801 16821 16819 16824 16828 16862 16859 16871 16888 16898 16920 16922 16969 17143 17456 17832 18671 19042 19391 19837 20285 20548 20931 21385 21528 21672 21846 21865 21571 21152 20851 20864 20854 20837
17138 17160 17184 17176 17202 17213 17201 17208 17200 17187 17197 17197 17189 17188 17196 17201 17238 17241 17242 17202 17157 17133 17099 17067 17021 17001 17021 17456 17457 17005 16954 16924 16899 16876 16863 16876 16994 17041 17040 16863 16793 16789 16813 16817 16815 16827 16825 16867 16858 16935 16940 16941 16867 16901 16935 16970 16986 17146 17712 18333 18817 19118 19390 19824 20287 20525 20807 21074 21538 21751 21829 21957 22130 22102 21865 22054 22206
17168 17186 17206 17197 17205 17212 17216 17212 17218 17221 17217 17222 17221 17223 17229 17267 17290 17255 17245 17219 17200 17167 17124 17076 17037 17026 17042 17249 17303 17089 17210 17061 17105 17125 16939 16868 16953 16836 16739 16752 16753 16774 16801 16790 16801 16807 16837 16866 17013 16961 17025 17045 16981 16972 16976 16975 16996 17021 17283 17854 18356 18681 19186 19671 20174 20602 21067 21488 21872 22016 22307 22455 22485 22459 22384 22310 22404
17209 17213 17242 17245 17241 17239 17242 17247 17242 17243 17243 17257 17345 17333 17332 17399 17347 17312 17279 17246 17210 17165 17124 17063 17030 16988 16962 16992 17000 16998 17006 16997 17038 17041 16911 16840 16743 16733 16732 16735 16767 16776 16870 16839 16790 16830 16845 16832 16977 17007 16964 16988 16949 16922 16927 16979 17003 17028 17154 17625 18062 18513 18978 19343 19792 20165 20768 21448 21844 22213 22564 22790 22805 22659 22610 22341 22307
17250 17275 17281 17303 17309 17315 17276 17327 17334 17311 17320 17329 17384 17390 17405 17395 17367 17320 17290 17249 17206 17163 17125 16987 16925 16927 16920 16952 16971 16936 16876 16828 16789 16786 16770 16779 16743 16749 16788 16776 16809 16788 16804 16783 16816 16819 16841 16831 16884 16884 16856 16868 16882 16921 16987 16970 17012 17040 17064 17390 17806 18107 18631 19099 19440 19815 20500 21210 22009 22424 22816 22939 22895 22735 22615 22331 22241
17273 17283 17290 17302 17322 17399 17381 17393 17383 17351 17353 17339 17348 17345 17344 17309 17279 17254 17208 17099 17063 16970 16906 16922 16960 16972 16909 16910 16854 16827 16838 16796 16804 16796 16794 16781 16771 16763 16767 16766 16765 16775 16781 16792 16802 16804 16806 16913 16865 16828 16843 16871 16876 16962 16988 16992 17009 17028 17102 17313 17606 17766 17868 18271 18948 19561 20351 20990 21526 21893 22409 22683 22778 22568 22272 22141 22184
17235 17239 17291 17289 17293 17301 17370 17533 17468 17335 17352 17329 17319 17313 17260 17204 17154 17072 17024 16973 16948 16927 16922 16933 16943 16905 16855 16815 16808 16816 16810 16809 16796 16807 16800 16799 16795 16778 16781 16780 16773 16788 16798 16798 16800 16814 16814 16919 16844 16841 16848 16859 16880 16897 16940 16968 16997 17153 16900 17226 17707 18079 18402 18651 18885 19282 19903 20420 20700 20930 21319 21813 21983 22113 22171 22299 22366
17132 17158 17177 17195 17189 17212 17476 17481 17372 17338 17526 17424 17289 17231 17161 17110 16995 16953 16940 16925 16930 16917 16901 16882 16867 16838 16813 16792 16773 16761 16781 16810 16816 16816 16816 16849 16836 16812 16793 16797 16804 16795 16803 16805 16815 16809 16819 16838 16846 16863 16879 16903 16888 16913 16932 16985 16988 17131 17036 17057 17657 17984 18359 18700 19056 19650 20283 20763 20857 20922 21069 21214 21626 21964 22172 22438 22449
17004 16981 17030 17090 17091 17117 17142 17168 17192 17258 17490 17466 17262 17143 17091 17023 16951 16924 16925 16915 16900 16893 16893 16843 16834 16803 16792 16778 16742 16735 16752 16799 16802 16819 16857 16873 16875 16830 16806 16806 16806 16805 16805 16818 16817 16822 16826 16837 16839 16869 16870 16854 16879 16905 16922 16935 16958 16971 16979 17158 17643 17977 18203 18685 19226 19664 20267 20876 21414 21707 21900 21877 21972 22015 22150 22365 22375
16926 16954 16975 16980 17011 17190 17199 17089 17144 17157 17139 17099 17078 17067 17047 17010 16948 16918 16905 16896 16871 16849 16846 16800 16783 16784 16770 16762 16754 16740 16748 16768 16781 16810 16863 16871 16887 16892 16865 16819 16805 16808 16814 16835 16836 16846 16855 16852 16866 16862 16857 16873 16897 16926 16930 16951 16975 16971 16990 17294 17807 18103 18385 18934 19575 20135 20664 21354 21951 22453 22703 22716 22639 22660 22780 22635 22269
17006 17001 17002 16972 16977 17096 17126 17176 17142 17087 17052 17033 17038 17041 17018 16983 16967 16927 16881 16871 16827 16779 16771 16782 16776 16778 16768 16764 16750 16756 16756 16755 16785 16811 16825 16846 16894 16896 16876 16883 16863 16827 16835 16843 16854 16862 16867 16858 16867 16879 16878 16889 16896 16924 16954 16982 17025 16997 17060 17297 17852 18276 18998 19495 19844 20362 20899 21345 21715 22277 22706 22751 22655 22645 22739 22712 22364
16894 16914 16937 16953 16977 16997 17014 17094 17072 17050 17032 17015 16997 16995 17000 16990 16986 16923 16897 16874 16854 16778 16767 16760 16755 16763 16766 16763 16755 16770 16769 16756 16777 16805 16819 16853 16885 16900 16897 16869 16851 16833 16854 16882 16878 16866 16868 16874 16911 16982 16938 16941 16910 16933 16965 16990 17093 17287 17252 17538 18067 18324 19023 19765 20470 20867 21366 21552 21878 22351 22523 22688 22740 22730 22639 22433 22294
16932 16927 16945 16953 16978 16991 17004 17029 17023 17034 17036 16994 16974 16949 16929 16943 16937 16925 16901 16879 16850 16802 16776 16774 16750 16758 16760 16760 16792 16819 16772 16791 16807 16837 16835 16846 16865 16881 16876 16846 16831 16844 16856 16885 16887 16880 16879 16871 16910 16986 16937 16974 16911 16930 17015 17092 17244 17571 17846 18002 18311 18628 19300 19991 20636 20865 21282 22107 22325 22355 22474 22510 22617 22689 22469 22346 22268
