Alternative/Moon/Lvl0_30x30/Ele_EK.asc
ncols         335
nrows         335
xllcorner     13457491.657
yllcorner     -6727166.958
cellsize      10000
nodata_value  -9999.0
[rows 204 to 237 of 335, columns 0 to 76 of 335]
19276 18838 18764 18855 19034 19069 18963 18998 19114 19713 20105 20642 21421 22054 22747 23670 24153 24203 24239 23917 23894 23896 23677 23690 23982 24163 24374 24438 23738 21841 20323 18986 18995 19018 18809 18733 18099 17783 18106 18501 18770 19342 20307 21390 21979 22133 23027 23859 24258 24249 24389 24378 23870 23880 24160 24600 24639 24674 24612 24656 24621 24392 23538 22461 21847 21537 21273 21267 21387 21683 22124 23004 24229 24920 24872 24635 25616
17552 17509 17706 17734 17682 17939 17949 17843 18005 18526 19379 19916 20585 21230 22140 23013 23398 23389 23540 23704 23623 23554 23500 23426 23207 23743 23990 24096 24139 23229 22086 20888 20049 19622 20072 20058 19548 18904 19427 20102 20264 21207 22073 22590 22888 23801 24405 24457 24013 24105 24306 24249 23981 24260 24349 24691 25198 25697 26033 26131 26106 25488 24608 23756 22979 22363 22009 21889 22027 22351 22695 23663 24462 25342 25748 26262 27051
16565 16333 16298 16196 16222 16576 16781 16860 17367 17670 17963 18292 19168 20149 21298 22189 22314 22168 22392 22602 22623 22758 22888 23115 23201 23344 23589 23915 24280 24369 24288 23406 22497 21670 21188 20804 20188 20075 20806 21196 22276 23104 23477 23571 23922 24037 24216 24108 24165 24315 24588 24348 24172 24446 24419 24777 25238 25756 26162 26450 26369 25757 25295 24828 24022 23160 22702 22594 22559 22900 23247 23783 24076 24800 26026 27064 27838
15352 14991 14686 14658 14874 15075 15250 15416 15875 16197 17099 17643 18093 18970 20335 21175 21170 20980 21217 21452 21532 21692 21888 22230 22524 22910 23213 23623 23950 24404 24859 24961 24672 24283 23514 22621 21954 22062 22329 23050 24005 24198 24270 24136 24121 24011 23771 23975 24184 24323 24488 24314 24409 24544 24912 25295 25656 25770 25954 26238 26388 26295 26137 25683 24868 24052 23324 23020 23109 23144 23527 24238 25024 25897 26605 27560 28473
14552 14311 14130 14166 14109 14055 14125 14405 14953 15486 15925 16459 17040 17998 18969 19323 19499 19678 20288 20709 20895 20826 20718 21065 21497 22006 22552 23036 23457 24172 24725 24818 24582 24688 24779 24630 24368 24452 24576 24642 24597 24478 24346 24066 23832 23662 23731 23874 24065 24217 24332 24712 24889 25112 25484 25974 26149 26338 26608 27062 27158 26983 26806 26235 25152 24314 23876 23600 23703 23866 24060 24597 25512 26269 26993 27707 28476
13726 13462 13476 13494 13480 13280 13083 13045 13295 13967 14548 15106 15492 15934 16419 16869 17561 18017 18618 19590 19971 19843 19592 19725 20299 21065 21737 22408 22685 23040 23709 23826 23763 24307 24872 25242 25401 25122 24826 24632 24495 24045 23707 23651 23593 23824 24021 23955 24413 24473 24843 25177 25460 25879 26291 26960 27543 27911 28166 28363 27036 26126 26370 26418 26126 25072 24521 24345 24641 24945 24942 25638 26615 27138 27702 28041 28261
13234 13135 13146 13090 13011 12951 12906 12782 12795 12962 13427 13925 14371 14639 14847 15156 15807 16492 17400 18573 19130 19075 18953 18879 19407 20250 20952 21688 22276 22759 23238 23513 23542 24366 24835 25065 25145 25135 24773 24627 24071 23676 23481 23346 23824 23865 24121 24451 24986 25373 25643 26012 26496 26993 27213 28107 29212 30036 30033 29850 28361 27011 26995 27724 27398 26393 25897 25647 25865 26189 26566 27556 28255 28475 28421 28288 27592
13010 12934 12899 12884 12830 12808 12731 12667 12673 12717 12852 13139 13651 13948 14193 14240 14580 15419 16325 17686 18349 18392 18289 18169 18334 19274 19976 20589 21350 22104 22686 23120 23487 24371 24667 24608 24575 24242 24270 24229 23974 23619 23662 24141 24292 24609 24998 25256 25675 26140 26606 26862 27109 27825 28439 29351 30508 31259 31359 31105 30580 29867 29342 28775 28161 27570 27115 26935 27050 27234 27996 28883 29402 29839 29739 28712 27797
12777 12751 12762 12912 12881 12817 12732 12638 12664 12668 12815 12962 13246 13576 13802 13964 14323 15058 15989 17012 17791 17831 17723 17610 17873 18419 19165 19801 20246 21126 21993 22173 22528 23616 24014 23976 23856 23977 23848 23891 23699 23760 23880 24399 24720 25253 25464 26029 26430 26584 26707 27019 27436 28153 28735 29623 30802 31480 31910 31919 31622 30809 29960 29572 29152 28454 27949 27528 27724 28024 28410 28976 29783 29983 29868 29192 29012
12640 12701 13322 13451 13066 12766 12642 12581 12606 12641 12692 12769 12842 12916 13418 13690 14255 15177 15837 16477 17044 17108 17089 17161 17492 17844 18253 18830 19124 19664 20502 21517 22178 22799 22998 23010 23287 23427 23335 23309 23535 23770 24133 24738 25200 25807 26087 26598 26766 26757 26981 27307 27789 28273 28697 29356 30423 31319 31895 31936 31785 31532 30766 30365 30149 29386 28696 28107 28054 28246 28444 28971 29168 29184 29095 29087 29196
12626 12659 12978 13011 12731 12508 12472 12462 12524 12537 12597 12618 12670 12651 12909 13583 14669 15523 16009 16463 16648 16662 16695 16778 17075 17291 17700 18067 18457 19119 19711 20673 21603 22302 22388 22052 22129 22646 23015 23126 23314 23891 24391 24812 25290 25749 26333 27089 26875 26937 27713 28011 28051 28284 28407 28774 29532 30489 31147 31784 31921 31523 30716 30271 30102 29751 29235 28522 28148 28105 28004 27777 27430 27417 27601 27780 27998
12564 12589 12601 12445 12490 12472 12454 12456 12497 12511 12556 12573 12645 12667 13250 13888 14600 15505 16122 16389 16311 16098 16296 16556 16629 16760 17074 17470 18042 18458 18880 19512 20457 20914 20995 21024 21552 22549 22939 22935 23303 23968 24634 25387 25725 26232 26740 27312 27621 27859 28126 28346 28357 28372 28381 28658 29006 29551 30151 30714 30946 30446 29805 29513 29471 29382 29197 28594 28042 27603 27098 26695 26315 26193 26304 26592 26796
12535 12499 12451 12454 12467 12452 12435 12444 12474 12527 12528 12527 12650 12682 13590 14127 14717 15609 16105 16159 16050 16021 16073 16204 16313 16510 16755 17130 17503 17913 18256 18944 19783 20432 20686 20577 20888 22368 22693 22861 23302 23950 24673 25426 25807 26241 26730 27224 27578 27688 28134 28360 28240 28146 28137 28403 28588 28949 29372 29788 29891 29593 29306 29173 29121 29018 28522 27850 27086 26653 26421 25736 25400 25335 25591 25708 25798
12487 12433 12449 12452 12451 12442 12429 12436 12446 12471 12491 12495 12574 12780 13775 14437 15143 15763 15932 15814 15689 15719 15684 15842 16071 16295 16435 16677 16882 17243 17658 18247 18938 19719 20283 20401 20500 21673 22739 23114 23469 24159 24882 25652 26043 26326 26677 27165 27230 27318 27415 27480 27500 27412 27420 27795 27984 28169 28581 28774 29124 29346 29250 28830 28721 28069 27491 26735 25953 25406 25078 24542 24716 24933 25033 24962 24845
12490 12409 12444 12443 12418 12424 12409 12432 12473 12483 12482 12493 12639 13036 13870 15276 15874 15843 15737 15401 15221 15347 15415 15490 15696 15816 15920 16117 16401 16746 17091 17653 18323 19050 19579 20256 20650 21527 22729 23366 23695 24518 24816 25641 26160 26487 26877 27079 26879 26156 26499 27078 27085 26857 26651 26965 27212 27288 27564 27759 27712 27703 27670 27276 26895 26331 25909 25352 24436 23861 23578 23410 23624 24083 24170 24177 24122
12471 12430 12433 12419 12400 12401 12416 12431 12477 12488 12508 12630 13194 14391 15389 16250 16284 15897 15540 15242 15154 15195 15253 15317 15387 15436 15533 15740 16033 16501 16758 17128 17669 18295 18909 19849 20753 21699 22458 23398 23598 24091 24639 25563 25809 26467 26797 26400 24613 23191 23822 25334 26640 26390 26034 25983 25951 25492 25358 25559 25502 25758 25791 25760 25421 24889 24383 23791 23026 22492 22540 22759 22974 23313 23358 23428 23419
12446 12422 12417 12401 12411 12404 12427 12431 12457 12495 12615 13318 14449 15751 16413 16652 16418 15728 15436 15117 15106 15132 15143 15220 15286 15289 15418 15725 15932 16295 16582 17107 17736 18307 18827 19766 20628 21643 22477 23202 23350 23861 24810 25559 25740 26184 26554 26264 25101 23784 23986 25207 25985 25686 25345 25209 24616 23920 23926 23856 24064 24240 24429 24375 24075 23615 23124 22558 21930 21516 21500 21760 22103 22445 22508 22540 22407
12592 12523 12460 12430 12407 12421 12431 12483 12668 12968 13637 14791 16043 16738 16769 16599 16031 15607 15265 15024 14995 14989 15051 15146 15230 15285 15382 15478 15617 16182 16743 17354 18095 18464 18835 19829 20468 21287 22100 22945 23305 23883 24404 24892 25208 25574 25861 26001 25853 25651 25092 25155 25101 24431 24119 23939 23239 22680 22408 22351 22693 22660 22626 22540 22523 22362 22083 21529 20827 20419 20227 20216 20530 20686 20813 20848 20760
13726 13615 13687 13653 13436 13054 13079 13503 14055 14413 15170 16093 16555 16456 16081 15665 15436 15152 14979 14925 14908 14936 14989 15008 15105 15152 15177 15285 15423 16096 16698 17425 18129 18548 18924 19731 20391 20405 21268 22075 22798 23447 23883 23995 23941 24327 24564 24814 25276 25259 24634 24072 23375 22953 22632 22298 21845 21460 21187 21298 21362 20893 20928 21026 21004 20887 20660 19983 19190 18901 18954 19021 19122 19204 19260 19254 19223
15290 15117 15178 15220 15176 14958 15026 15045 15355 15477 15637 16161 16068 15493 15174 15037 14890 14932 14843 14862 14870 14902 14895 14925 14945 14972 15011 15073 15323 15989 16668 17350 17973 18675 19033 19684 20445 20532 20477 21168 21931 22721 22966 22984 22958 22989 23234 23309 23610 23707 23568 22852 22206 21702 21396 21085 20783 20534 20284 20043 19831 19640 19729 19833 19755 19587 19412 19022 18610 18441 18360 18244 18202 18301 18381 18331 18272
15257 15123 15119 15125 15111 14984 15028 15006 15091 15160 15182 15144 14953 14864 14816 14799 14792 14807 14820 14823 14848 14855 14873 14895 14930 14963 14986 15067 15549 16180 16775 17401 18015 18626 18942 19592 20373 20368 20186 20336 21221 22186 22334 22302 22380 22316 22172 22232 22118 21869 21783 21775 21436 20885 20585 20045 19602 19593 19634 19540 19344 19179 18995 18687 18719 18689 18505 18363 18316 18192 18191 18101 18076 18084 18102 18107 18086
14791 14773 14741 14725 14707 14704 14717 14721 14718 14690 14695 14708 14729 14732 14746 14747 14748 14762 14773 14800 14817 14848 14875 14895 14883 14916 14983 15042 15629 16450 16907 17341 17888 18524 18831 19535 20504 20436 20136 20007 20934 21355 21473 21543 21582 21232 21254 21075 21024 20631 20130 19818 19415 19228 19244 19190 19136 19191 19152 19101 19093 18966 18730 18456 18171 18025 17958 17963 18014 18057 18067 18054 18052 18012 18001 17987 17960
14731 14729 14708 14689 14686 14680 14679 14709 14742 14671 14678 14680 14700 14718 14712 14723 14735 14734 14759 14771 14801 14808 14830 14853 14878 14923 15015 15158 15752 16291 16835 17260 17620 17859 18502 19099 19724 19833 19745 20149 20888 21694 21702 21448 21228 20623 20380 19997 19677 19391 19158 18763 18424 18233 17932 17792 17897 18398 18771 18716 18676 18596 18370 18183 17958 17906 17873 17920 18013 18027 17992 17988 18010 18018 18058 18024 17963
14850 14828 14804 14810 14732 14679 14652 14665 14665 14663 14659 14654 14682 14713 14727 14728 14767 14811 14790 14800 14798 14797 14820 14839 14906 14921 15132 15322 15886 16196 16586 17007 17494 17967 18282 18939 19619 19925 20031 20151 20997 21818 21885 21600 20954 20159 19512 19193 18901 18521 18136 17790 17554 17331 17129 17098 17036 17168 17655 18136 18206 18150 18196 18079 17812 17772 17799 17831 17869 17902 17950 18030 18129 18085 17708 18146 17951
14849 14882 14951 14953 14846 14661 14652 14699 14695 14698 14706 14706 14731 14729 14713 14728 14765 14811 14802 14787 14783 14792 14797 14820 14955 15051 15194 15536 16085 16074 16569 16862 17372 17864 18296 19095 20001 20332 20427 20510 21354 21494 21512 21403 20301 19490 18920 18395 18116 17782 17412 17036 16720 16568 16476 16484 16500 16511 17129 17536 18011 18083 18150 18074 17783 17723 17737 17769 17791 17858 17970 18074 18104 18150 17866 17928 17861
14941 14918 14935 14941 14816 14739 14973 14963 14962 14948 14960 14951 14937 14869 14825 14758 14720 14762 14773 14826 14816 14808 14820 14868 14964 14881 15187 15926 16174 16060 16823 17428 17709 18431 19177 20220 20804 20842 21106 21373 21594 21614 21628 20758 19803 18999 18363 17469 17122 16822 16577 16213 15924 15799 15783 15744 15856 15835 16036 17290 18541 18393 18079 18011 17813 17693 17710 17762 17783 17779 17935 17946 17769 17740 17833 17821 17803
15326 14928 14818 14770 14841 14877 15010 15005 15039 15110 15138 15100 15081 15028 14964 14900 14805 14824 14856 14889 14891 14991 14976 15272 15477 15696 15973 16452 16906 17262 17491 18084 18698 19486 20229 20997 20994 21035 21427 21571 21948 22228 22130 21114 19753 18408 17819 17088 16574 16208 16005 15635 15382 15278 15285 15239 15249 15208 15229 16239 17909 18258 17960 17891 17789 17697 17731 17750 17753 17721 17727 17736 17769 17754 17764 17775 17799
16330 15736 15348 15051 14809 14871 14890 14907 15001 15043 15105 15099 15076 15068 15040 14955 14881 14952 14936 15201 15708 16022 16024 16053 16286 16527 16717 17154 17703 18380 18754 19564 20442 20940 21079 21209 20815 20968 21446 21877 21985 22278 22240 21063 19680 18773 18355 17381 16576 16326 15993 15528 15252 15278 15150 15189 15101 15157 15262 16445 18010 18217 17978 17882 17843 17708 17742 17751 17730 17730 17726 17733 17743 17758 17764 17786 17802
16854 16518 16421 16087 15645 15265 15148 15144 15078 15455 15643 15668 15670 15620 15470 15243 15209 15528 15725 16109 16544 16804 16793 16689 16912 17214 17612 18207 18990 19720 20089 19771 20703 21176 21145 21113 20441 21100 21690 21735 21637 21571 21367 20444 19770 19301 18801 17855 17228 16899 16440 15900 15316 15244 15126 15142 15234 15412 15997 17558 18438 18294 18014 17874 17819 17722 17744 17725 17714 17745 17757 17756 17747 17766 17785 17787 17798
17423 17201 17231 17184 16683 16564 16371 16221 16265 16598 16708 16863 17109 17236 17109 16992 16916 17115 17433 17747 18006 18086 18193 18207 18436 18818 19171 19891 20484 20699 20786 20822 21067 20912 20930 21017 20230 20645 21467 21549 21451 21352 21385 21099 21000 20442 19915 18985 18120 17679 17240 16417 15957 15737 15601 16023 16418 16695 17750 18554 18465 18275 17965 17840 17726 17723 17722 17727 17719 17798 17777 17778 17846 17850 17838 17876 17869
18864 18823 18491 18337 18236 17916 17818 17828 17672 17877 18107 18440 18751 18938 18942 18858 18837 19040 19353 19770 20008 20034 20100 20445 20536 20686 20694 20679 20491 20501 20676 20766 20983 20931 20895 20933 20835 20465 20687 21098 21320 21527 21502 21444 21438 21403 20997 20231 19378 18883 18389 17532 17226 17126 17497 17700 17900 18318 18562 18598 18232 18100 17917 17766 17686 17689 17715 17736 17714 17758 17825 17798 17810 17857 17905 17954 17944
19672 19485 19591 19640 19160 18654 18868 18994 19295 19547 19887 20283 20502 20500 20681 20675 20533 20519 20802 21001 20962 20979 20884 21406 21433 21170 21213 21188 20990 20285 20203 20394 20355 20336 20383 20415 20437 20342 20296 20857 21232 21638 21622 21390 21480 21464 21179 20691 20209 20400 20092 19233 18730 18848 18882 18747 18713 18512 18458 18195 17896 17803 17759 17717 17701 17686 17727 17760 17700 17933 17997 17904 17748 17781 17802 17756 17781
20400 20475 20565 19967 19039 18870 19457 20213 20684 21052 21147 20862 20549 20607 21027 21467 21483 21227 21340 21191 21471 21396 21644 21858 21711 21589 21445 21177 20454 19807 20056 20249 20100 19998 20084 20085 20122 20256 20055 20709 20907 21505 21473 21217 21224 21115 20951 20718 20617 20618 20357 19735 19401 19179 19026 18740 18573 18320 18146 18015 18033 17858 17762 17665 17677 17688 17742 17761 18056 18021 17880 17801 17780 17819 17848 17871 17863
22517 21976 21923 21045 20278 20553 21502 22168 22356 22318 22200 22267 21623 20596 21113 21941 22328 22100 22154 22001 21829 21778 21924 21932 21778 21538 21352 20878 20113 20236 20196 20071 20030 19916 19812 19823 20318 20701 20666 20473 21154 21461 21319 21241 20965 20939 20846 20635 20572 20394 20165 19680 19332 19012 18730 18485 18249 18057 18093 18158 18128 17841 17716 17663 17689 17756 17857 17810 18176 18113 17820 17705 17769 17779 17809 17941 17832
