Alternative/Moon/Lvl0_30x30/Ele_AJ.asc
ncols         335
nrows         335
xllcorner     10107491.657
yllcorner     6672833.042
cellsize      10000
nodata_value  -9999.0
[rows 102 to 135 of 335, columns 77 to 153 of 335]
13709 13701 13723 13769 13850 13869 13972 14118 14166 14206 14280 14297 14357 14409 14365 14414 14460 14378 14432 14472 14561 14585 14561 14535 14513 14545 14578 14566 14492 14471 14474 14462 14379 14201 14198 14127 14070 14028 14113 13935 13927 13917 13870 13817 13739 13681 13721 13755 13776 13802 13831 13840 13801 13715 13668 13759 13837 14010 14085 14130 14200 14309 14368 14347 14500 14579 14643 14744 14936 15060 15148 15301 15431 15538 15580 15703 15706
13725 13711 13758 13825 13877 14037 14194 14216 14088 13874 13479 13130 12774 12331 12074 12229 11510 11527 11607 11719 12048 12272 12922 12987 13466 13794 14254 14528 14586 14511 14325 14126 14004 13858 13785 13675 13609 13595 13572 13557 13546 13547 13579 13641 13643 13626 13605 13646 13697 13691 13716 13680 13727 13795 13940 13944 13989 14061 14092 14127 14230 14398 14409 14258 14210 13993 13928 14105 14339 14704 15027 15212 15286 15330 15442 15445 15387
13596 13636 13681 13829 13850 14008 14205 14252 14164 14092 14036 13955 13549 13203 12859 12603 12554 12520 12408 12386 12614 13201 13570 13386 13664 13964 14145 14248 14271 14206 14019 13838 13752 13716 13671 13680 13677 13672 13668 13636 13624 13595 13606 13619 13732 13841 13855 13979 13939 13986 14002 14092 14083 14045 13997 14076 14164 14267 14308 14406 14435 14470 14561 14745 14853 14928 14921 14977 15066 15072 15287 15423 15541 15593 15686 15796 15932
13540 13542 13587 13626 13657 13704 13721 13785 13910 13933 14000 14019 14057 14051 14072 14022 13989 13982 14027 14086 14069 14098 14098 14087 14080 14077 14079 13975 13971 13878 13882 13867 14032 13892 14017 14107 14138 14248 14276 14271 14362 14449 14480 14618 14645 14657 14681 14606 14537 14428 14585 14605 14653 14607 14667 14700 14668 14590 14548 14520 14741 15003 15216 15442 15428 15435 15398 15439 15458 15573 15611 15713 15724 15855 15964 16096 16161
13530 13525 13538 13546 13550 13572 13590 13580 13600 13619 13672 13707 13731 13742 13784 13791 13810 13804 13792 13821 13780 13733 13723 13703 13757 13776 13918 14051 14146 14227 14366 14533 14607 14637 14851 14937 15032 15114 15209 15288 15315 15272 15256 15263 15272 15248 15302 15328 15336 15227 15281 15422 15545 15496 15646 15642 15658 15726 15686 15626 15545 15474 15557 15703 15816 15968 16049 16077 16044 15983 15921 15900 16098 16069 16175 16298 16449
13514 13515 13535 13539 13544 13559 13548 13534 13531 13541 13552 13573 13601 13612 13635 13687 13705 13718 13719 13707 13680 13711 13728 13786 13829 13913 14029 14118 14168 14298 14365 14386 14511 14578 14663 14792 14946 15105 15193 15263 15240 15221 15177 15196 15218 15172 15252 15294 15367 15369 15437 15583 15656 15677 15746 15762 15801 15911 15977 16054 16037 15920 15890 15858 16061 16231 16489 16679 16788 16815 16825 16746 16862 16864 16805 16804 16805
13548 13568 13568 13560 13571 13556 13554 13564 13567 13562 13590 13590 13579 13604 13608 13629 13649 13677 13642 13642 13669 13697 13743 13781 13787 13774 13774 13781 13793 13790 13724 13722 13700 13862 13912 13901 13943 13948 13987 13993 14016 14274 14334 14354 14403 14511 14595 14730 14956 15180 15339 15445 15533 15526 15608 15697 15811 15988 16163 16342 16337 16253 16240 16299 16394 16410 16508 16663 16700 16710 16794 16950 17013 17091 17230 17497 17486
13594 13610 13568 13585 13578 13567 13585 13599 13579 13597 13587 13585 13592 13589 13632 13663 13683 13717 13787 13769 13795 13749 13726 13697 13670 13638 13602 13594 13596 13605 13606 13625 13716 13813 13875 13882 13839 13848 13823 13971 14039 14158 14244 14347 14358 14292 14208 14187 14280 14394 14624 14752 14874 15018 15143 15277 15346 15561 15682 15827 16026 16190 16300 16475 16599 16758 16925 17116 17298 17522 17569 17643 17654 17833 18158 18291 18378
13686 13670 13635 13567 13572 13651 13704 13800 13787 13890 13961 14034 14009 13964 13959 13963 13977 14089 14186 14256 14126 14025 13914 13771 13699 13641 13654 13657 13634 13612 13618 13628 13644 13680 13749 13806 13831 13827 13849 13833 13811 13841 13848 13827 13889 13879 13851 13934 14024 14018 14084 14278 14432 14506 14625 14716 14891 15101 15319 15583 15744 15989 16094 16396 16595 17025 17394 17667 17850 18000 18368 18320 18510 18649 19025 19192 19613
13987 13968 14071 14169 14320 14436 14368 14248 14299 14223 14481 14663 14702 14683 14711 14751 14840 14766 14581 14497 14307 14168 13991 13853 13786 13866 13813 13808 13773 13781 13831 13876 13868 13835 13864 13890 13927 13998 14023 14026 13973 13922 13928 13983 13997 14029 14072 14056 13972 13964 13931 14041 14054 14217 14508 14743 15085 15284 15799 16176 16490 17155 17254 17818 17976 18409 18686 18876 18961 19056 19217 19518 19735 19988 20237 20410 20486
15100 15124 15182 15280 15359 15473 15374 15472 15471 15499 15513 15486 15453 15451 15500 15542 15627 15599 15514 15486 15327 15117 14819 14546 14450 14247 14158 14269 14270 14129 14103 14235 14290 14512 14470 14418 14339 14438 14500 14628 14607 14474 14556 14547 14621 14693 14711 14719 14738 14809 15001 15149 15435 15806 15995 16767 16790 17296 17673 18308 18626 18754 19243 19478 19515 19727 19785 19695 19641 19698 19790 19980 20075 20068 20223 20371 20415
16227 16443 16458 16480 16488 16449 16360 16370 16313 16358 16402 16311 16226 16185 16229 16187 16141 15987 15819 15894 15883 15859 15834 15876 15793 15567 15607 15648 15696 15773 15741 15693 15719 15817 15850 15801 15798 15747 15850 15923 15837 15946 16020 16011 15962 16022 16018 16088 16190 16282 16543 16795 17195 17619 18041 18446 18919 19273 19496 19897 19925 20110 20118 20044 19933 19898 19772 19584 19523 19631 19637 19653 19701 19609 19592 19675 19711
16807 16743 16599 16664 16630 16757 16838 16815 16944 17036 17021 17059 17003 16746 16755 16717 16667 16662 16733 16475 16515 16473 16636 16749 16797 16858 16809 16721 16341 16217 16256 16425 16902 16933 17173 17101 17150 17208 17430 17412 17225 17484 17147 17337 17322 17282 17468 17488 17607 17878 18130 18361 18689 18751 19141 19394 19616 19822 19909 20060 20087 20094 20079 20002 19862 19587 19466 19367 19400 19394 19374 19362 19323 19320 19402 19446 19385
17435 17436 17417 17437 17346 17417 17482 17577 17601 17698 17820 17936 18027 18058 18165 18202 18046 18173 17992 17963 17925 17948 18165 18127 18147 17992 18025 17910 18025 17847 18005 18301 18447 18547 18599 18518 18618 18715 18813 18892 18934 19010 19083 19149 19199 19281 19293 19432 19508 19624 19724 19802 19769 19693 19493 19470 19526 19622 19634 19602 19548 19494 19481 19371 19322 19278 19216 19126 19188 19191 19154 19006 18987 18848 18911 18671 18598
18043 18038 17972 17879 18023 18256 18544 18543 18482 18438 18563 18610 18746 18850 19032 19159 19206 19206 19163 19046 18856 19043 19030 19201 19379 19625 19816 19860 19898 19741 19793 19770 19751 19671 19774 19792 19854 19963 20136 20304 20374 20469 20469 20371 20322 20198 20148 20119 20057 20039 19955 19871 19793 19683 19525 19317 19309 19239 19097 19114 19123 19092 18892 18865 18750 18722 18699 18630 18457 18351 18347 18304 18227 18163 18132 18103 18054
18434 18388 18417 18632 18621 18717 19079 19123 19216 19245 19370 19414 19524 19625 19634 19411 19412 19491 19551 19667 19905 20198 20299 20275 20376 20389 20409 20424 20381 20400 20431 20366 20409 20483 20439 20440 20363 20370 20405 20475 20508 20474 20491 20454 20395 20308 20202 20129 20026 19948 19757 19697 19676 19592 19494 19337 19261 19152 19119 19077 18957 18798 18698 18604 18488 18406 18383 18331 18320 18244 18183 18141 18190 18199 18190 18197 18213
19797 19962 19788 20031 19944 20026 20149 20055 20040 19995 19980 20021 20104 20193 20363 20461 20562 20685 20756 20856 20864 20884 20870 20807 20677 20556 20440 20407 20354 20326 20352 20380 20460 20619 20673 20635 20503 20415 20397 20463 20468 20406 20344 20316 20310 20282 20264 20060 19956 19969 19970 19898 19841 19700 19486 19281 19116 19109 19120 19077 18874 18820 18768 18679 18626 18507 18493 18460 18325 18222 17857 17884 17804 18006 18157 18197 18229
20750 20699 20557 20562 20503 20521 20633 20690 20700 20629 20478 20365 20333 20563 20723 20738 20756 20882 20958 20967 20963 20918 20869 20797 20782 20722 20572 20417 20319 20102 19957 20065 20170 20287 20301 20336 20285 20287 20236 20293 20282 20256 20239 20194 20232 20257 20255 20253 20173 20078 20001 19938 19941 19874 19728 19599 19496 19377 19277 19145 19098 18999 18941 18841 18718 18594 18499 18420 18345 18310 18186 18198 18244 18226 18204 18195 18171
20620 20553 20421 20430 20429 20252 20235 20549 20545 20458 20365 20374 20450 20337 20563 20531 20552 20635 20638 20587 20527 20547 20584 20650 20658 20660 20615 20431 20294 20108 19934 19817 19919 20124 20324 20359 20292 20226 20221 20219 20190 20176 20146 20119 20181 20197 20199 20148 20059 19999 20035 20070 20017 20020 20007 19972 19887 19692 19530 19462 19280 19010 18767 18642 18573 18526 18442 18383 18353 18316 18329 18330 18321 18306 18307 18251 18206
20312 20277 20112 20093 20046 20018 20063 20067 20053 20117 20203 20226 20214 20142 19942 19661 19567 19718 19999 20167 20250 20309 20372 20478 20567 20549 20448 20226 20128 19956 19871 19859 19912 20001 20169 20237 20230 20129 20125 20037 20043 19985 19992 19978 20083 20165 20166 20138 20066 20037 20017 20036 20042 19998 19886 19725 19582 19486 19476 19456 19317 19048 18863 18788 18826 18739 18579 18501 18447 18438 18431 18460 18456 18477 18475 18444 18417
19996 19957 19900 19850 19822 19889 19943 20010 20054 20177 20238 20145 20000 19372 19091 18598 18748 19063 19439 19879 20109 20255 20237 20178 20137 20167 20124 20086 19955 19915 19721 19750 19812 19877 19909 19894 19901 19828 19724 19509 19333 19279 19282 19407 19454 19544 19659 19619 19665 19627 19676 19614 19608 19716 19704 19563 19467 19429 19342 19314 19159 19002 18787 18847 18869 18838 18951 19042 19059 19080 19126 19104 19149 19111 19073 19057 18980
19560 19563 19513 19516 19497 19538 19580 19606 19624 19706 19660 19643 19440 19364 19456 19568 19710 19749 19929 20032 20033 19996 19793 19349 19028 18622 18246 17865 17730 17712 17443 17350 17613 17464 17983 17957 18271 18477 18800 19123 19192 19060 19057 19005 18982 18846 18709 18588 18572 18597 18637 18717 18705 18644 18550 18699 18778 18752 18862 18725 18707 18640 18579 18621 18691 18763 18935 19062 19103 19169 19219 19272 19271 19249 19218 19190 19137
18691 18544 18604 18738 18845 18726 18743 18764 18759 18822 18830 18971 18943 18965 19072 19138 19175 19246 19272 19274 19286 19300 18972 18714 18346 18059 17607 17261 17238 17119 17110 17115 17459 17440 17584 17838 18244 18387 18462 18632 18657 18617 18487 18383 18179 18116 18040 18032 17995 17915 17810 17836 17908 17945 18016 18154 18329 18404 18454 18547 18558 18555 18531 18518 18514 18539 18676 18718 18660 18724 18771 18963 19145 19271 19301 19346 19400
18509 18402 18245 18120 18126 18021 18204 18286 18312 18338 18393 18440 18485 18519 18566 18678 18683 18703 18723 18715 18727 18746 18694 18616 18445 18118 18021 17915 17897 17932 18082 18187 18266 18349 18332 18374 18381 18446 18464 18350 18054 17901 17656 17653 17737 17785 17676 17574 17481 17491 17667 17882 17903 17773 17705 17690 17708 17910 17950 18053 18211 18288 18315 18310 18350 18503 18689 18725 18680 18682 18704 18799 18962 19179 19260 19461 19587
18531 18520 18470 18435 18403 18320 18143 18017 17924 17984 18039 18031 17999 18005 18054 18059 18045 18057 18060 18027 17964 17932 17923 17917 17910 17950 17954 17936 17901 17879 17966 18132 18186 18260 18214 18041 17958 17976 17903 17711 17527 17437 17456 17499 17547 17524 17499 17544 17616 17654 17757 17783 17775 17800 17675 17564 17625 17682 17657 17816 18003 18015 18152 18119 18197 18222 18293 18358 18381 18413 18495 18706 18879 18995 19134 19256 19363
18497 18503 18436 18397 18390 18337 18133 18014 17971 17872 17915 17874 17880 17762 17781 17728 17734 17716 17726 17706 17797 17825 17831 17805 17739 17782 17761 17760 17711 17696 17724 17719 17780 17825 17809 17777 17756 17767 17699 17577 17505 17507 17454 17485 17527 17584 17629 17678 17735 17756 17729 17582 17615 17597 17633 17640 17712 17679 17724 17746 17824 17899 17890 17945 17958 17956 18002 18036 18101 18144 18181 18236 18282 18357 18477 18624 18734
18077 17976 17981 17994 17979 17947 17822 17739 17692 17667 17656 17634 17621 17597 17521 17467 17506 17555 17617 17649 17652 17639 17609 17587 17582 17580 17553 17536 17599 17606 17594 17620 17625 17634 17613 17588 17595 17590 17565 17508 17616 17687 17677 17591 17577 17653 17643 17659 17652 17703 17759 17825 17909 17932 17970 17981 17957 17946 17952 17918 17861 17733 17688 17632 17629 17651 17692 17777 17850 17985 18114 18203 18265 18416 18564 18629 18724
17484 17414 17454 17524 17563 17685 17680 17571 17525 17538 17551 17518 17504 17502 17512 17493 17488 17508 17559 17563 17561 17517 17511 17481 17488 17571 17619 17609 17585 17613 17705 17679 17710 17669 17591 17566 17571 17615 17604 17582 17640 17689 17679 17664 17656 17642 17701 17816 17886 17879 17775 17833 17870 17871 17832 17768 17803 17783 17870 17718 17676 17602 17569 17568 17562 17580 17663 17780 17875 17962 18038 18144 18235 18397 18542 18639 18685
17372 17396 17401 17417 17481 17435 17441 17444 17404 17442 17423 17409 17429 17464 17493 17504 17479 17474 17482 17406 17343 17349 17434 17519 17616 17648 17652 17682 17690 17740 17766 17766 17688 17602 17521 17537 17533 17544 17557 17599 17637 17633 17613 17654 17704 17754 17782 17769 17759 17777 17726 17711 17709 17696 17765 17831 17853 17846 17807 17824 17780 17828 17843 17801 17790 17794 17797 17783 17824 17872 17917 17960 18082 18245 18362 18554 18672
17246 17292 17289 17341 17424 17483 17473 17424 17365 17286 17317 17318 17368 17385 17384 17409 17449 17479 17467 17595 17652 17657 17623 17544 17599 17651 17714 17797 17845 17966 18083 18090 18100 18033 17958 17889 17810 17717 17642 17553 17653 17737 17758 17832 17841 17791 17847 17834 17802 17765 17790 17770 17731 17753 17846 17882 17953 17976 17992 18008 18052 18139 18202 18226 18201 18158 18081 18103 18154 18139 18134 18197 18292 18349 18497 18585 18606
17517 17511 17452 17398 17349 17322 17364 17438 17562 17639 17659 17600 17541 17523 17449 17484 17388 17343 17386 17572 17682 17732 17763 17719 17748 17774 17864 17890 17962 18073 18170 18191 18183 18060 17961 17980 18013 17890 17850 17887 17897 17993 18145 18148 18120 18032 18127 18330 18336 18283 18219 18066 17978 17934 17975 18050 18066 18106 18105 18258 18359 18484 18540 18540 18492 18547 18577 18552 18566 18563 18626 18667 18693 18696 18663 18635 18786
17543 17522 17489 17460 17407 17364 17348 17365 17424 17531 17523 17519 17483 17542 17554 17522 17480 17526 17698 17950 18143 18182 18136 18120 18084 18039 18042 18169 18220 18246 18356 18532 18604 18674 18801 18874 18914 18950 18913 18940 18830 18854 18860 18864 18824 18831 18866 18807 18734 18544 18282 18154 18069 18016 17998 18052 18083 18163 18253 18286 18400 18532 18582 18688 18812 18890 18861 18853 18820 18772 18735 18728 18802 18845 18880 18864 18844
17532 17439 17406 17299 17348 17350 17364 17443 17458 17474 17470 17474 17479 17482 17470 17492 17518 17659 17834 17983 18129 18175 18148 18062 18119 18147 18270 18419 18452 18504 18602 18710 18753 18859 18966 19112 19231 19359 19397 19455 19465 19462 19500 19566 19468 19539 19543 19480 19476 19346 19251 19045 18804 18607 18398 18332 18236 18214 18352 18611 18811 18962 18974 18915 18892 18944 18998 18966 18942 18898 18889 18865 18881 18992 18984 18878 18829
17342 17413 17471 17496 17467 17469 17487 17486 17475 17464 17497 17531 17527 17578 17659 17733 17790 17768 17845 17958 18055 18102 18187 17974 17947 17908 17948 18090 18317 18525 18623 18716 18801 18881 19017 19170 19338 19500 19585 19709 19710 19719 19723 19738 19632 19680 19722 19724 19708 19652 19563 19493 19461 19426 19309 19136 19132 19038 19099 19109 19102 19174 19175 19147 19157 19193 19234 19040 19042 18972 18925 19007 18986 19023 18979 18891 18829
