Alternative/Moon/Lvl0_30x30/Ele_BB.asc
ncols         335
nrows         335
xllcorner     -16692508.343
yllcorner     3322833.042
cellsize      10000
nodata_value  -9999.0
[rows 170 to 203 of 335, columns 231 to 307 of 335]
20186 20426 21421 23631 24931 24889 24579 24212 23992 24035 23933 23914 23655 23613 23441 23303 23349 23193 23128 23101 23079 23186 23186 23206 23064 23643 23862 23490 23428 23404 23415 23490 23654 23944 23938 23695 23669 23602 23501 23730 23943 24049 24067 24290 24601 24907 24643 23392 22835 23039 24098 25645 26720 26904 26752 26678 26890 27069 27043 27070 27038 26794 26715 26767 26765 26811 26840 26859 25816 24109 23308 22963 22835 22677 22479 22493 22501
20258 21137 22521 24457 24936 24616 24241 23964 23673 23621 23831 23802 23652 23526 23339 23528 23473 23377 23252 23162 23192 23329 23434 23338 23489 23928 24022 23660 23575 23606 23838 23909 23976 24254 24260 23707 23708 23724 23971 24169 24271 24212 24152 24395 24715 25076 25189 24918 24330 24741 25751 26663 26961 26945 26849 26792 26940 27037 27043 27141 27102 27063 27002 26815 26798 26795 26749 25974 24586 23749 23663 23475 22931 22572 22067 21739 21864
22355 23119 24198 24845 24909 24245 24040 23863 23695 23649 23900 23958 23610 23561 23456 23607 23702 23626 23479 23420 23450 23556 23568 23328 23546 23967 23962 23682 23518 23667 23933 24144 24159 24243 24249 23674 23388 23441 23684 24221 24353 24304 24187 24402 24508 25203 25445 25545 25392 25402 26029 26712 26862 26770 26797 26940 26953 26989 27107 27148 27091 27144 27102 26956 27012 27064 26955 25650 24699 24505 24249 23693 22967 22324 21698 21327 21327
25206 25226 25008 24750 24443 24001 23840 23879 23980 23992 23959 23894 23871 23855 23765 23971 23918 23748 23641 23554 23596 23674 23670 23449 23653 24025 24066 23965 23801 23815 23932 24280 24477 24777 24774 24363 23600 23914 24215 24463 24574 24569 24230 24370 24567 24864 25309 25372 25370 25704 25946 26352 26743 26900 26991 27116 27093 27197 27167 26992 27101 27096 27132 27176 27360 27222 27228 26305 24823 24376 23983 23354 22323 21641 21288 20541 19546
25651 25244 24860 24307 24011 23818 23968 23957 23897 23861 23852 23819 23810 23959 24083 24065 23909 23886 23698 23611 23782 23792 23782 23696 23848 24084 24125 24052 23959 23979 24087 24254 24492 24780 24933 24616 23766 23904 24220 24536 24628 24557 24103 24124 24576 24852 24677 25441 25529 25462 25902 26355 26696 26993 27253 27623 27722 27751 27637 27409 27474 27678 27857 27900 27730 27411 27338 26069 24587 23072 22538 22176 21650 21068 20215 19127 18874
25205 24922 24521 24498 24225 24110 24127 24050 23568 23322 23343 23478 23516 23854 24066 24032 24046 23746 23615 23716 23849 23833 23772 23880 24078 24105 24056 24120 23943 23893 24038 24100 24357 24582 24616 23498 22960 23407 23515 24256 24678 24536 24455 24442 24530 25030 25150 25331 25055 23504 24575 26298 27343 27832 27942 28004 27949 28184 28084 27779 27590 27695 27955 28035 27565 26316 26092 24974 23267 21359 21098 21111 20752 20124 19263 18607 18284
24803 24602 24373 24504 24487 24612 24480 23900 23346 23324 23273 23246 23280 23392 23756 24087 24108 24089 23939 23712 23856 23864 23831 23968 24164 24152 24121 24143 23844 23258 23849 24061 24226 24361 24499 24235 23362 24019 24231 24598 24799 24866 24742 24603 24864 24940 25461 25715 25701 25336 26247 27484 28213 28328 28430 28510 28443 28213 28102 27765 27346 27055 27287 27426 26310 24838 24278 23213 21784 20407 20072 20249 20120 18955 18543 18235 17377
24651 24526 24417 24366 24580 24721 24382 23689 23599 23644 23325 23231 23267 23511 23925 24348 24439 24278 24023 24095 24186 24082 24194 24488 24525 24114 24082 24258 24108 23855 23845 24002 24197 24212 24248 24340 24222 24451 24462 24580 24619 24775 24677 24434 25088 25133 25436 25857 26046 26834 27440 28323 28071 27549 26763 27513 28142 27711 27280 26849 26466 26136 26009 26023 25006 23467 22858 22142 21475 20620 19942 19502 19312 18493 18140 17305 17006
24568 24746 24762 24755 24968 25138 25163 24549 23997 24141 24086 24107 24281 24435 24666 24919 24857 24917 24769 24728 24973 25259 25394 25465 25153 24620 24559 24280 24141 24045 24063 24070 24160 24232 24496 24588 24397 24394 24380 24264 24257 24399 24567 24780 24962 24914 25190 26218 26970 27467 27856 28197 27115 24949 23644 24358 26085 26590 26011 25537 25050 24753 24676 24896 24511 23159 22115 21779 21347 20567 19895 19415 18745 18414 18054 17218 17041
24642 24817 24953 24977 25008 25052 25027 24844 24529 24672 24717 24818 25034 25334 25549 25536 25243 25183 25643 25787 24948 25361 25907 26266 25853 25119 25032 24682 24375 24311 24394 24245 24108 24257 24093 24254 23832 24401 24229 24102 24095 24483 24781 24967 25074 24975 25411 26554 27371 27680 27863 27968 27671 26456 25134 24464 24974 25261 24547 23871 23273 22780 23071 23795 24079 23536 22453 21019 20527 19887 19667 19310 18546 18135 17722 17051 16513
25086 25295 25548 25716 25784 25830 25644 25117 24869 25052 25213 25247 25466 25680 25849 25731 25651 25606 25896 25912 24169 23509 24981 26339 26343 25611 25188 25047 24885 24650 24452 24278 24061 24354 24432 24365 24706 24676 24465 24331 24368 24421 24739 25238 25556 25505 25825 26641 27402 27783 27770 27345 27558 27208 26182 25340 24666 23989 23337 22744 22404 22010 22253 22617 23163 23220 23004 21377 20047 19842 19640 18884 18601 18160 17718 17019 16601
25462 25861 26201 26484 26325 26257 26126 25967 25491 25232 25248 25401 25768 25599 25687 25613 25593 25667 25917 25779 23631 22245 23913 25993 26343 26065 25626 25347 25375 25362 25222 24280 23894 23939 24041 24097 24350 24644 24661 24595 24456 24510 24982 25329 25828 25964 26167 26742 27412 27775 27797 27001 26434 26474 25939 24960 24234 23025 22623 22586 22102 21938 21913 21910 22423 23283 23264 21651 19942 19409 19131 18694 18510 18081 17642 16903 16688
26004 26207 26388 26437 25430 24902 25817 26289 26212 26079 25890 25650 25948 25975 25924 25895 25501 25677 25691 25724 25143 24817 25796 26350 26343 26127 26121 25733 25712 25626 25504 24703 24192 24210 24130 24238 24212 24510 24725 25089 25179 25009 25192 25539 25859 26082 26335 26820 27438 27710 27613 26723 25852 25744 25201 24105 23166 22548 22361 22138 21988 21953 21943 21948 22326 23141 23061 21442 19616 19061 18644 18022 17893 17669 17510 17353 16651
26064 26137 26257 26157 24406 23883 25098 26435 26416 26051 25950 25889 25502 25521 25720 25764 25549 25476 25306 24995 25323 25706 26078 26064 26179 26488 26488 26542 26577 26270 25897 25213 24601 24535 24332 24264 24247 24390 24737 25399 25859 25665 25806 26105 26315 26463 26599 26942 27536 27884 27704 27190 26408 25716 24908 24097 23235 22576 22227 22069 22016 21973 21979 21969 22172 22695 22546 20902 19530 19017 18331 17942 17785 17809 17731 17142 16775
26129 26138 26485 26640 26244 25752 25745 26100 25692 24742 24771 24811 24536 24209 24398 25036 25086 24824 24542 24117 24282 24864 25257 25347 26105 26398 26526 26614 26735 26467 26153 25787 25589 25436 25256 25109 25200 25300 25299 25708 26033 26329 26607 26728 26707 26975 27337 27548 27961 28292 28329 27887 26749 25866 25152 24416 23577 22951 22436 22154 22092 22015 21990 21975 22183 22519 22292 20528 19493 19005 18438 18432 18403 17826 17565 17111 16754
26323 26385 26450 26637 26503 26077 25795 25122 24109 23578 23697 23678 23670 23426 23418 23405 23445 23583 23963 23969 23516 23547 24265 24605 24859 25712 26182 25843 26752 26475 26166 25802 26030 26297 26504 26388 26292 26312 25976 25844 26108 26917 27515 27726 27731 27782 27952 28181 28415 28741 28809 28598 27455 26552 26045 25081 24302 23576 22649 22574 22517 22296 22243 22091 22722 22844 22002 20419 20116 19874 19544 19335 19087 18254 17772 17364 16923
26367 26289 26052 25689 25110 24515 24445 24164 23726 23150 22909 22693 22339 21973 22203 22512 22621 22830 22933 23184 23281 23270 23357 23949 24209 24236 24678 25868 26563 26796 26770 26557 26813 26889 26973 26826 26560 26355 26327 26542 26974 27588 28300 28426 28448 28426 28616 28841 29128 29287 29418 29275 28246 27302 26480 25741 25001 24332 24018 23940 23507 23263 23182 23284 23777 23774 22495 21202 21087 20992 20503 20321 19366 18963 18602 17859 17024
26473 26208 25579 25001 24639 24231 23959 23384 22943 22570 22428 22179 21775 21300 21113 21398 21513 21689 21754 21838 22490 22808 22970 23394 23570 23529 23744 24972 25893 26872 27080 27188 27259 27058 27069 27127 27080 26989 26814 26698 27120 27578 28163 28190 28233 28350 28576 28824 29275 29488 29635 29395 28864 28022 27426 26786 26405 25685 25378 25137 24822 24744 24624 24776 24988 24392 22943 21727 21448 21335 21081 20952 20247 19929 19654 19048 18465
26182 25449 25027 24679 24216 23694 23414 23015 22593 22030 21806 21654 21535 21245 21040 20683 20547 20672 20725 21055 21253 21627 22153 22471 22866 23263 23348 24055 24731 25981 26833 27158 27235 27200 27252 27245 27363 27412 26847 26090 25979 26270 26390 26434 26660 26982 27183 27803 28558 29126 29446 29851 29700 29169 28623 28163 27559 27155 26958 26519 26188 26120 26080 26236 26247 25134 23725 22440 21689 21525 21320 21149 20511 20083 19824 19385 18956
25284 24446 23931 23447 22685 21925 21793 21565 21502 21386 21577 21556 21324 21143 21183 21069 20776 20434 20317 20343 20562 20849 21377 21817 22431 22757 23045 23481 24332 25106 25606 26549 27087 27283 27323 27238 27124 26809 26141 25270 24767 24531 24389 24248 24444 24969 25542 26149 26719 27386 28263 29738 29815 29579 29460 29290 28944 28533 28296 27675 27694 27498 27385 27212 26784 25874 25033 24025 22981 22387 21347 20815 19529 18666 18224 18013 18148
22778 21968 21674 21223 21048 20835 20753 20489 20326 20286 20348 21154 21340 21385 21453 21483 20879 20631 20380 20287 20295 20351 20408 20949 21562 22124 22562 23331 24017 24911 25179 25534 26134 26886 27079 26962 26241 25491 24826 24296 24073 23262 22702 22165 22440 23038 23662 24661 25409 26034 26746 28361 29686 29876 29955 29807 29506 28929 28670 28221 27943 27584 27374 27070 26540 25665 24994 24141 23619 22799 21403 19816 18396 17453 16857 16758 16745
20449 19716 19666 19770 19875 20083 20086 20028 20007 19883 19787 20220 21246 21540 21651 21698 21341 21165 20432 20297 20284 20281 20271 20338 20864 21225 21654 22332 23322 24275 24924 25449 25991 26455 26619 25774 25291 24641 24147 23138 22447 21434 20781 20447 21046 21715 22045 23026 23841 24743 25302 26755 28412 29838 30077 30028 29722 29028 28646 28229 27714 27264 26922 26207 25628 24862 24257 23703 23380 22145 20444 18737 17927 17149 16797 16749 16746
18919 18701 18807 18903 18988 18788 18706 18705 18900 19318 19405 19849 20792 20655 19683 20526 21366 21510 21093 20347 20280 20324 20426 20359 20297 20556 20946 21467 22428 23650 24523 25365 26072 26378 26345 24864 24437 23784 23030 22227 21671 21285 20934 20750 20334 20493 20816 21962 23071 24028 24809 25643 27131 28974 29641 29838 29704 29161 28669 28242 27747 27032 26571 25804 25135 24505 24048 23686 23376 22145 20570 19205 18100 17346 16864 16744 16752
18542 18417 18316 18150 18165 17806 17798 17646 17494 18071 18660 19184 19527 18984 17549 18308 20588 21545 21357 20517 20308 20419 20308 20420 20311 20323 20378 21052 21897 22862 23950 25219 26076 26253 25866 24183 23345 22756 21833 21464 21493 21282 20932 21901 21681 20704 20372 21176 22184 23069 23821 24997 25984 28003 29178 29238 29294 28908 28603 27993 27539 26910 26108 25559 24764 24208 23491 23257 23048 22400 20970 19846 19408 18477 17869 17372 17182
18009 17819 17694 17623 17514 17444 17397 17326 17283 17254 17278 17743 18012 18561 19205 20033 21205 21565 21297 20526 20329 20397 20438 20365 20342 20376 20353 20989 21753 22562 23347 24799 26184 26207 25490 23646 22633 22417 21781 21028 21388 21323 20625 21740 21635 20863 20632 20514 21256 22464 23309 24389 25315 27404 28623 28638 28647 28641 28548 27785 27284 26750 26013 25160 24384 23745 23259 22863 22614 22404 21509 20288 19973 19281 18948 19214 19412
18178 17862 17698 17660 17566 17465 17439 17333 17286 17250 17232 17228 17215 18047 18947 20059 20942 21405 21329 20764 20419 20356 20350 20422 20647 20586 20724 21105 21641 22562 23152 24551 26179 26718 26675 25245 23290 22260 21733 21221 21178 21084 20484 21088 21438 20730 20549 20432 20632 21910 22952 24140 25694 27133 27552 27634 27826 28323 28390 27788 27404 27073 26812 25861 24721 23545 22979 22555 22384 22298 21788 21271 20840 20963 21130 21233 21221
18347 17924 17719 17598 17550 17464 17391 17322 17280 17276 17258 17232 17213 17403 18243 19318 20415 21346 21347 21048 20598 20419 20394 20418 20647 20223 20544 20437 20885 22087 23173 24307 25867 26739 26791 26501 24926 23561 22579 21692 21094 20527 20411 20388 20447 20478 20419 20437 20828 22100 23351 24728 25782 26650 26722 26806 26726 27410 27784 27724 27294 27227 27070 26336 24977 23846 23015 22568 22378 22036 21678 21279 20981 21194 21289 21297 21138
18545 17969 17777 17684 17630 17451 17423 17353 17339 17298 17266 17246 17216 17301 17623 18604 19562 20817 21319 21151 20753 20508 20394 20390 20651 20612 20421 20268 20366 21337 22838 24436 25319 26117 26707 27071 26910 25686 24875 23409 21991 21483 20901 20383 20374 20370 20410 20416 20776 22211 23496 24672 25413 25598 25623 25826 26068 26865 27208 27400 27693 27494 27132 26359 25109 23940 22980 22291 22164 21817 21661 20939 20242 20266 20327 20384 20256
18618 18367 18086 18584 18571 18228 17535 17377 17324 17293 17273 17242 17225 17209 17233 18338 19499 20429 21192 21164 20802 20602 20476 20505 20462 20308 20274 20285 20634 21585 22792 24248 25032 25537 26123 27024 27513 27525 26666 24985 23223 22337 21843 20939 20698 21070 21241 21638 22146 23195 23911 24487 24800 24820 24622 24519 24897 25527 26402 27250 27639 27489 27120 26391 25377 23984 22891 22047 21655 21586 21561 20854 20066 19724 19754 19763 19672
19066 18881 18833 18660 18757 18569 17580 17355 17321 17284 17257 17222 17213 17208 17272 18304 19457 20307 21155 21169 20767 20563 20646 20698 20506 20308 20567 20966 21833 22768 23066 23879 24672 25225 25658 26539 27428 27453 26693 25640 24433 23179 22452 21856 22111 22195 22317 22507 23243 23649 23909 24379 24371 23940 23803 23751 24172 24884 25710 26561 27274 27433 27451 26895 25462 24050 23096 22086 21511 21458 21441 20682 19720 19555 19534 19414 19307
19418 19307 19045 18919 18829 18594 17680 17373 17322 17298 17280 17250 17223 17238 17582 18428 19305 20589 21453 21486 20834 20651 20623 20537 20359 20316 20437 20917 21878 22892 23101 23435 24141 24914 25594 26485 26641 26360 25790 25272 24886 24151 23525 23161 23133 23038 23095 22887 23274 23503 23539 23438 23245 22812 22715 23109 23531 24328 25164 25869 26840 27451 27525 27037 25907 24643 23574 22189 21429 21186 21046 20497 19829 19308 19226 19193 19014
19151 18867 18495 18401 18434 18354 17815 17428 17406 17335 17292 17278 17250 17561 18312 19051 19692 20995 21479 21447 20915 20791 20855 20674 20393 20341 20342 20780 21648 22761 22985 23538 24130 24597 25647 26419 26284 25512 24791 24341 24378 24145 23802 23126 23313 23358 23251 22967 22685 22829 22771 22599 22377 22120 22097 22458 23052 23765 24529 25323 25952 26248 26779 26806 26354 25154 24100 22583 21594 21080 20606 20149 19770 19148 18920 18751 18694
18729 18427 18228 18051 17885 17825 17742 17453 17427 17362 17304 17305 17285 17884 18742 19781 20130 21230 21481 21314 21008 20956 20871 20651 20457 20389 20423 21343 22322 22603 22966 23645 24021 24559 25803 26341 26043 25090 24357 23869 23486 23661 23664 23385 23105 22834 22524 22095 22023 22056 22020 21909 21886 21843 21802 22354 22810 23249 23649 24315 25176 26029 26310 26388 26261 25529 24509 22947 21701 20897 20354 19882 19315 18812 18784 18752 18690
18570 18213 18047 17972 17816 17706 17660 17513 17428 17390 17369 17327 17745 18654 19563 20215 20719 21486 21585 21329 20995 20958 20896 20700 20447 20454 20859 21928 22459 22682 23471 23649 24021 25281 26382 26419 25748 24879 23669 23629 23563 23232 22939 22963 22628 22235 21833 21681 21679 21712 21728 21734 21778 21805 21822 22121 22492 23060 23813 24478 25092 25655 26094 26169 26151 25713 24944 23394 22026 20676 20130 19564 19143 18875 18783 18762 18696
