Alternative/Moon/Lvl0_30x30/Ele_EH.asc
ncols         335
nrows         335
xllcorner     3407491.657
yllcorner     -6727166.958
cellsize      10000
nodata_value  -9999.0
[rows 34 to 67 of 335, columns 231 to 307 of 335]
21265 20946 21159 21295 21003 20504 20436 20256 20154 20391 21195 21260 19771 18516 17696 18190 19072 20119 20842 22294 22392 22131 20988 19917 19927 19673 19189 18828 18539 18488 18144 18072 18466 18564 18716 19175 19559 20099 21875 22282 22033 21209 20598 20262 20158 20306 20329 20221 20466 20537 21482 21936 22139 22250 22563 22742 22762 22530 21934 21535 21222 20938 20834 20292 20129 19893 20017 20182 20326 20049 19641 19103 19067 19166 19064 18311 17911
20918 20788 21047 21015 20744 20450 20356 20158 20070 20416 21287 21472 20031 19206 18266 17726 18346 19385 20728 22311 22519 22537 22367 22206 21027 20455 19892 19268 19188 19285 19308 19124 19120 19183 19380 19934 20537 22327 22341 21909 21437 20960 20431 19970 19845 20015 20231 20755 20753 20906 21718 22084 22129 22358 22790 22934 22942 22926 22228 21614 21131 20813 20715 20464 20550 20531 20762 20814 20578 19509 17854 16662 17091 18399 19008 19151 18740
20602 20555 20614 20491 20401 20339 20084 20100 20152 20338 20829 21010 20997 20569 19176 18761 19354 20667 21422 21856 22042 22157 22194 22008 22223 22144 22390 22155 21242 20802 20976 21183 21715 21982 22043 21886 22258 22369 22315 21888 20987 20105 19618 19331 19380 19356 19917 20484 20738 21050 21194 21544 21893 22601 23077 23279 23061 22797 22252 21557 21277 20895 20832 20907 20868 20979 21437 20777 18967 16990 15638 15367 15231 16091 18256 19702 19680
20277 20273 20361 20398 20436 20338 20128 19885 19972 20209 20375 20933 21099 20913 20729 20856 21157 21255 21539 21345 21467 21538 21434 21647 21646 21687 22395 22444 22005 21889 21776 21698 22122 22290 22157 22034 21850 21880 21692 20952 20222 19619 19540 19659 19366 19354 19990 20643 21095 20873 19656 19167 20064 21584 23386 23688 23388 22804 22312 21857 21372 20902 20901 20946 20969 21306 21515 20584 18465 16188 15892 15501 15265 15989 18360 20131 20076
20156 20212 20292 20391 20355 20312 20115 19898 19744 19753 19790 20111 20708 20825 20961 21239 21359 21217 21173 21266 21179 21247 21209 20874 21167 21452 21439 21672 21901 21892 21502 21547 21572 21418 21702 21615 21472 21234 20369 19958 19866 19604 19800 19876 19692 19386 19752 20565 21013 20369 18657 18208 18897 20466 22991 23695 23363 22596 22132 21870 21256 21053 20957 21101 21045 21438 21708 21046 19091 16772 16069 15563 15530 16774 18988 20393 20216
20116 19877 20244 20394 20312 20148 20019 19718 19546 19485 19493 19497 19731 19957 20208 20497 20598 20915 21150 21298 21217 21181 20971 20748 20808 21402 21593 21580 21320 21282 21290 21063 21125 20733 20628 20685 20432 20176 19947 19853 19809 19507 19750 19796 19774 19778 19754 20257 20571 20442 19181 19142 19790 20701 22748 23156 22899 22452 21909 21758 21549 21143 21210 21188 21221 21423 22100 22012 20288 18083 17185 16849 17579 19479 21118 21615 20966
20197 20052 19772 19776 19793 19737 19716 19561 19438 19484 19471 19350 19504 19556 19835 20011 20446 20437 20389 20512 20411 20504 21117 21127 20897 21220 21507 21518 21161 21187 21265 21165 20809 20495 20554 20556 20202 20084 19961 20026 19924 19745 19702 19581 19661 19845 19769 20149 20388 20680 20876 20459 21083 21864 22451 22491 22224 21879 21748 21883 21889 21617 21284 21181 21260 21515 22133 22322 22189 21040 20319 19959 20494 22123 22605 22198 21790
20393 20227 19864 19682 19411 19276 19241 19229 19140 19113 19391 19647 19701 19794 19901 19878 20140 20144 20122 20230 20264 20138 20646 20802 20421 20385 20781 20832 21294 21629 21665 21547 21206 20529 20086 19932 19972 20052 19998 19958 19736 19787 19848 19732 19699 19571 19507 19594 19546 20116 21105 21284 21597 21742 21651 21801 21759 21997 21887 21827 21834 21344 20929 21145 21237 21554 22133 22411 22702 22818 22770 22694 22473 22843 22861 22320 21982
20390 20290 19976 19669 19396 19366 19345 19335 19293 19428 19698 19749 19823 19944 19963 19659 19581 20169 20156 19864 19997 19989 20628 20639 20330 20257 20649 21298 21458 21596 21603 21442 21182 20424 20080 19892 19768 19696 19712 19742 19601 19859 19985 19814 19682 19648 19523 19407 19681 20073 20602 20932 21114 21307 21250 21374 21552 21937 21895 21596 21002 20598 20520 20826 21075 21407 21824 22250 22564 22722 22673 22648 22413 22391 22436 22162 21974
20424 20313 19862 19620 19479 19436 19519 19541 19492 19664 19731 19100 18935 19684 19748 19656 19214 19818 20024 20040 20546 20499 20334 20470 20609 20763 20623 20730 20900 21000 20797 20520 20408 20166 19750 19769 19775 19606 19528 19655 19623 19715 19750 18971 19114 19652 19490 19499 19411 19618 19762 20262 20537 20932 21166 21109 21048 21136 21144 20919 20633 20303 20043 20145 20184 20634 21095 21861 22070 22135 22241 22201 22152 21960 22047 22181 22199
20701 20533 20257 19816 19552 19562 19491 19527 19535 19756 19725 18780 18868 19476 19652 19597 19094 19070 19690 20080 20506 20310 20240 20463 20759 20768 20617 20400 20503 20305 20199 19896 19785 19906 19605 20070 19907 19885 19714 19715 19580 19541 19396 18557 18716 19415 19434 19533 19798 19750 19574 19677 20073 20779 20981 21003 21007 21014 20888 20496 19994 19705 19578 19620 19844 20033 20393 20908 21238 21746 21836 21820 21823 21946 22029 22207 22220
21020 20895 20626 20175 19755 19708 19747 19621 19523 19760 19895 19831 19430 19370 19462 19545 19443 19240 19467 19899 20090 20268 20260 20251 20445 20473 20248 20051 20222 20004 19682 19755 19838 19870 20069 20266 20125 19960 19878 19844 19756 19431 19266 19241 19253 19238 19416 19624 19620 19681 20053 20134 20022 19897 20666 21007 20979 20884 20352 19561 19122 19188 19410 19546 19568 19429 19888 20138 20413 20964 21295 21198 21375 21529 21489 21494 21715
21294 21070 20775 20441 19957 19679 19628 19625 19639 19587 19629 19620 19334 19136 19205 19590 19721 19743 19325 19432 19730 19728 19860 19965 20039 19982 20066 20072 19941 19669 19581 19513 19567 19739 20126 20288 20068 19897 19853 19799 19714 19361 19201 19136 19121 19157 19515 19404 18473 18545 19912 20218 20464 20408 20322 20774 20804 19920 19342 18692 18631 18832 18950 18985 18552 18692 19189 19621 19916 20510 20802 21322 21262 21192 21318 21520 21682
21716 21344 20796 20486 20088 19832 19694 19559 19597 19567 19238 19077 19037 19174 19147 19274 19660 19656 19267 19107 19211 19330 19571 19858 19660 19619 19832 19809 19468 19357 19139 19205 19122 19192 19589 19919 19917 19680 19620 19573 19504 19394 19274 19408 19298 19160 19572 19380 18785 18077 18158 19852 20718 20757 20360 20150 20177 19024 18613 18474 18438 18371 18289 17526 16940 16717 17767 19058 19839 20583 21144 21513 21556 21626 21646 21602 21397
21712 21546 21319 20554 20116 19894 19684 19370 19341 19321 19245 19297 19397 19355 19350 19369 19383 19292 19136 18996 19076 19133 19284 19348 19387 19453 19493 19184 19185 19063 19121 19006 18933 18968 18911 19223 19341 19255 19287 19465 19445 19233 19309 19473 19410 19627 19929 20383 20552 20055 19159 19543 20801 20919 20591 19980 19120 18440 18381 18267 18163 18098 17392 16032 15925 15983 16538 17999 19647 19734 20499 21769 22269 22509 22266 21834 21397
21540 21643 21547 21085 20385 20057 19773 19448 19317 19345 19424 19371 19353 19387 19360 19241 19267 19229 19145 19147 19141 18965 19142 19286 19328 19363 19476 19246 18933 19029 18997 18989 18876 18974 18954 19004 19148 19160 19202 19158 19175 19064 19191 19515 19728 20036 20107 20184 20693 20854 20812 20204 19602 20762 20673 19585 18739 18325 18266 18176 18274 18199 16885 15850 15855 15873 16407 17665 19434 20942 21923 22424 23035 23230 22916 22212 21205
21367 21519 21482 21227 20553 20180 19954 19760 19490 19372 19413 19263 19162 19176 19071 19024 19103 19306 19399 19271 19285 19254 19264 19247 19230 19125 19062 18998 18989 18946 19100 19235 19167 18920 18968 18936 19140 19203 19194 19167 19158 19055 19406 19696 19812 20000 20006 19892 20030 20559 20721 20524 19694 20254 20540 19676 18902 18379 18445 18412 18532 18413 16855 15843 15890 16063 16868 17869 19160 20788 22023 22723 23125 23302 22979 22182 21264
21680 21387 21199 21176 20657 20558 20355 20266 19857 19872 19998 20013 19776 19303 18896 19030 19106 19377 19499 19113 18953 19746 19752 19403 19295 19349 19229 19108 19064 19023 19074 19249 19234 19088 18989 18990 19177 19194 19098 18997 19017 19050 19492 19651 19475 19317 19485 19552 19588 19689 20087 20295 20343 20403 20394 19425 18750 18302 17912 18594 18848 18895 17947 16730 16482 17192 18146 19094 19853 20840 22126 22639 22851 22993 22581 22008 21319
22300 22285 21646 21189 20709 20638 20624 20669 20637 20587 20355 20361 20033 19839 19671 19268 19307 19310 19248 19138 18743 19696 19641 18728 18832 19356 19514 19267 19117 19206 19041 19074 19243 19302 19236 19018 19007 19014 19013 18926 18876 18846 19074 19387 19210 19137 19309 19310 19303 19475 19606 19719 20037 20185 20369 20037 19495 18980 18156 18663 18915 19377 19316 18184 18234 19295 20037 20847 20860 20900 21581 22486 22557 22565 22402 21755 20946
21824 22166 21798 21375 20878 20767 20659 20741 20685 20522 19442 19301 19585 19907 20041 19712 19408 19229 19418 19529 19327 19389 18955 18581 18658 18920 19500 19338 19169 19245 19161 19122 19660 19768 19556 19072 18992 19007 18990 18966 18911 18878 18841 19147 19130 19192 19319 19341 19291 19311 19410 19610 19815 20043 20520 20411 19829 18977 18372 18643 18756 19253 19368 19587 20122 20687 20987 21077 21146 21289 21378 22220 22678 22636 22101 21573 20321
21127 21529 21603 21348 21171 20966 20694 20707 20716 19346 17729 16846 17524 19328 20585 20549 20068 19622 19275 19092 19037 19213 19172 18785 18444 18716 19371 19220 18904 19057 19109 19121 19591 19653 19517 19069 19072 19138 19078 18959 18904 18856 18807 18679 18608 18669 19114 19346 19364 19384 19443 19679 19866 20164 20407 20441 20234 19344 18747 18709 18868 19026 19186 19808 20325 20698 21463 21890 21824 21744 21578 21098 22353 22694 21199 21015 20239
21604 21426 21495 21568 21589 21479 21397 21208 20721 19335 17797 17208 17223 18684 20520 20651 20361 20056 19744 19250 18944 19051 19494 19177 18471 18439 18759 18642 18722 18963 19391 19251 19075 19257 19061 18965 19054 19115 19103 18986 18931 18811 18766 18681 18566 18851 19072 19216 19266 19296 19471 19706 19860 20194 20497 20575 20435 19946 19166 18846 18934 19092 19196 19740 20022 20349 21366 21867 22061 21966 21833 21463 22205 22223 21235 20622 19808
21427 21420 21462 21594 22061 22141 22289 22155 21852 21198 19753 18537 18261 19692 20537 20582 19888 19754 19786 19468 18889 18829 19172 18788 18953 18981 18850 19127 19208 19179 19183 19042 18892 18964 19060 18994 19095 19143 19126 19011 18978 18802 18768 18661 18594 18862 19168 19127 19089 19155 19324 19576 19860 20175 20476 20690 20821 20662 19629 18991 18977 19106 19244 19601 19791 20329 20824 21802 22011 21897 21580 22072 22255 22039 20880 20061 19596
20963 21116 21020 21480 22041 22173 22325 22188 21845 21664 21441 19956 19631 19862 20602 19868 18296 17890 19460 19628 19176 18834 18798 18553 18642 18828 18700 19041 19139 19170 18918 18905 18916 18967 18937 18972 19102 19133 19118 19023 18971 18813 18815 18801 18753 18781 19146 19021 19044 19044 19138 19529 19803 20040 20433 20682 20944 20849 19677 19016 18997 19076 19152 19253 19376 20007 20751 21275 21576 21533 21877 22124 22197 21867 21234 19899 19188
20895 20626 20536 20808 21158 21353 21405 21316 21232 21265 21241 20975 20079 20466 20201 19328 18214 17996 19299 19639 19226 18896 18725 18557 18370 18469 18629 18830 18878 18854 18807 18859 18896 18901 18838 18962 19088 19099 19051 19037 18989 18783 18727 18679 18628 18630 18918 18952 18979 19050 19175 19811 19987 19964 20232 20585 20763 20548 19510 19049 19021 19019 19087 19130 19203 19436 19987 20770 21495 21664 21992 22255 22116 21777 21176 19756 18638
20605 20286 20000 20200 20402 20362 20225 20288 20435 20657 20482 20556 20399 20563 19901 19737 19885 19601 19629 19379 19300 19063 18966 18451 18349 18540 18496 18557 18796 18813 18724 18859 18832 18788 18799 18845 18965 18962 18964 18888 18858 18785 18656 18729 18700 18571 18679 18720 18999 19034 19212 19748 20105 20096 20162 20439 20584 20445 19770 19410 19258 19145 19235 19355 19454 19545 19666 20356 21438 22114 22366 22364 22175 21831 20715 19252 18465
20298 20116 19950 19867 19891 19903 20044 20140 20218 20210 20258 20259 20256 20263 20083 19744 19945 19570 19472 19265 18795 18879 18920 18601 18724 18767 18700 18844 18819 18759 18618 18667 18769 18755 18746 18773 18898 18971 18931 18850 18760 18661 18553 18616 18620 18584 18551 18592 18771 18977 19254 19534 19658 19999 20160 20360 20631 20685 20002 19464 19270 19552 19882 20011 20009 20058 19742 20255 21362 22431 22692 22467 22476 22040 20691 19144 18194
19852 19928 19923 19828 19973 20282 20266 20176 20305 20342 20313 20299 20515 20468 20217 19800 19676 19496 19318 18966 18518 18625 18758 18698 18753 18760 18815 18812 18746 18724 18529 18617 18647 18694 18696 18715 18902 18988 18973 18834 18672 18615 18519 18359 18472 18537 18497 18510 18614 18924 19225 19581 19805 19977 20244 20460 20727 20757 20298 19621 19366 19523 19854 20113 20175 20149 19924 20614 21702 22384 22648 22809 22892 22495 20855 19224 18224
19773 19893 19698 19754 20021 20308 20411 20275 20220 20221 20144 19526 20125 20279 20227 19812 19376 19294 19168 19299 19255 18983 18751 18702 18519 18628 18614 18674 18675 18621 18597 18629 18638 18721 18716 18760 18893 18938 18957 18747 18592 18515 18479 18354 18398 18416 18430 18409 18384 18459 18727 19467 19855 20073 20345 20518 20618 20725 20422 19877 19512 19621 19960 20046 20070 20095 20798 21580 22208 22591 22632 23175 22971 22591 20986 19161 18165
19625 19694 19696 19598 19717 20064 20193 20126 20407 19981 18281 17704 18125 19317 20269 20116 19338 19089 19215 19162 19163 19048 18914 18855 18624 18708 18811 18485 18552 18618 18649 18599 18643 18704 18648 18832 18909 18843 18673 18588 18585 18465 18432 18458 18381 18383 18390 18398 18323 18441 18549 19173 19744 20088 20228 20251 20341 20467 20476 19981 19550 19608 19694 20010 20404 21137 21737 21877 22421 22738 22998 23198 22849 21769 20255 18804 17741
19603 19574 19523 19543 19529 19639 19739 20086 20375 19565 18219 17843 18158 19426 20199 20011 19782 19507 19266 19140 19055 18944 18765 18803 18908 18841 18961 18852 18825 18914 19447 19351 18954 18907 18815 18718 18784 18796 18632 18528 18449 18504 18419 18291 18308 18233 18260 18277 18270 18308 18666 19089 19459 19886 20147 20144 20103 20050 20180 20114 20025 19994 19904 20400 20887 21558 22029 22314 22498 22876 22957 22673 22306 21554 20193 18544 17508
19933 19922 19743 19575 19615 19881 20076 20041 20257 20219 19538 18931 19553 20189 20346 19839 19774 19483 19063 19118 19149 19107 18988 18844 18921 18950 18978 18860 18839 19208 19544 19389 19131 19122 19068 18846 18792 18721 18550 18476 18457 18409 18342 18311 18221 18229 18251 18264 18259 18293 18486 18763 19136 19621 19884 19984 19991 20145 20303 20427 20430 20461 20410 20416 20780 21090 21886 22452 22643 22548 22402 22179 21895 21062 19625 18211 17060
19875 19788 19820 19774 19726 19812 20025 20074 20007 20379 20461 20383 20399 20448 19903 19744 19748 19573 18932 18733 19252 19119 19342 19333 19339 19107 18861 18709 18833 19026 19306 19291 19072 19205 19241 18922 18571 18567 18518 18377 18398 18451 18333 18277 18299 18599 18391 18361 18277 18268 18323 18591 18907 19372 19795 19998 20015 19978 19967 19911 20149 20362 20473 20888 21329 21677 21968 22306 22828 22766 22409 22280 21676 20414 18852 17652 16414
19687 19745 19794 19662 19669 19606 19757 20204 20224 20192 20229 20116 19916 19768 19637 19753 19627 19551 19701 19663 18891 19106 19456 19508 19370 19203 19126 19066 18874 18512 19234 19325 19098 18954 19062 18934 18567 18518 18587 18405 18394 18452 18356 18283 18427 18495 18465 18402 18298 18271 18244 18316 18537 19046 19626 19919 19950 19689 19695 19877 19826 20045 20421 21084 21438 21772 22176 22435 22660 22788 22500 22304 21573 20154 18743 17533 16523
