Alternative/Moon/Lvl0_30x30/Ele_FL.asc
ncols         335
nrows         335
xllcorner     16807491.657
yllcorner     -10077166.958
cellsize      10000
nodata_value  -9999.0
[rows 170 to 203 of 335, columns 228 to 303 of 335]
13859 13671 13552 13547 13483 13334 13310 13238 13160 13076 13042 13040 12901 12832 13009 13035 13042 13042 12853 12529 12836 12971 12958 12838 12707 12910 13179 13224 13280 13295 13279 13106 12966 13012 13004 13033 13085 13099 13093 13150 13156 12905 12664 12506 12518 12966 13348 13682 13757 13743 13742 13729 13697 13654 13703 13814 13926 14048 14212 14207 14088 14015 13971 14049 14062 14105 14090 13939 13727 13686 13787 13810 13896 13885 13724 13592
13767 13602 13580 13533 13465 13395 13321 13262 13194 13094 12968 12819 12999 13125 13022 12672 12351 12027 12047 12376 12634 12772 12800 12682 12710 12863 12978 12943 12843 12725 12710 12744 12869 13039 13094 13133 13127 13106 13009 12916 12863 12701 12650 12682 12740 12961 13069 13061 13001 12964 13020 13088 13160 13301 13467 13611 13807 14050 14173 14143 13910 13638 13607 13506 13385 13476 13498 13541 13199 13050 13460 13601 13591 13415 13296 13422
14058 14064 13773 13568 13320 13138 13148 13230 13207 13084 13034 13125 13258 13243 13112 13051 13089 13101 13114 13123 13090 13006 12927 12817 12729 12685 12683 12627 12506 12623 12839 12940 12958 13005 13086 13099 13130 13038 12866 12718 12519 12189 12189 12238 12277 12240 12216 12201 12182 12235 12338 12460 12547 12640 12851 13142 13204 13230 13302 13506 13743 13985 14058 14009 13805 13843 13847 13833 13725 13467 13436 13350 13348 13263 13130 13133
14181 14151 14073 13946 13807 13630 13550 13433 13319 13311 13285 13258 13261 13205 13069 12969 12950 12954 12920 12905 12869 12777 12692 12672 12713 12734 12768 12849 12834 12893 12960 12971 12967 12769 12913 12949 12918 12967 12955 12797 12603 12505 12423 12535 12658 12618 12521 12497 12596 12663 12550 12158 12338 12657 12874 12877 12971 13103 13238 13461 13538 13477 13144 12906 12966 13420 13766 13960 13958 13911 13845 13610 13454 13310 13164 13138
14126 14094 14055 13996 13891 13679 13692 13665 13621 13570 13473 13448 13376 13285 13248 13244 13221 13186 13141 13020 12912 12874 12967 13078 13114 13141 13221 13273 13304 13359 13390 13395 13373 13349 13290 13235 13174 13103 13116 13136 13143 13335 13461 13464 13477 13445 13433 13371 13245 13118 13040 12904 12928 13009 13014 13038 13054 13120 13220 13413 13591 13781 13787 13782 14017 13923 14086 14378 14454 14402 14061 13853 13701 13593 13324 13455
13857 13830 13810 13738 13631 13565 13640 13619 13683 13873 13861 13797 13640 13517 13367 13254 13182 13140 13093 13214 13180 12911 12933 13074 13133 13177 13232 13271 13294 13324 13367 13371 13358 13354 13339 13350 13344 13298 13302 13328 13279 13380 13485 13508 13499 13468 13402 13303 13143 12912 12772 12735 12822 12877 12895 12900 12942 13069 13177 13400 13610 13895 14084 14296 14480 14615 14672 14720 14713 14538 14411 14438 14439 14397 14265 14264
14065 14070 14122 14137 14120 13998 13879 13707 13735 13757 13574 13116 12853 12496 12212 11935 11755 12060 12553 13094 13421 13426 13313 13471 13564 13543 13332 13267 13290 13310 13272 13218 13088 13027 12961 12901 12827 12683 12453 12139 12041 12305 12342 12237 12198 12068 11986 11814 11702 11549 11729 11835 11843 11995 12095 12353 12565 12813 13044 13248 13384 13599 13760 13972 14111 14255 14325 14430 14484 14545 14697 14828 15038 15180 15366 15373
14299 14216 14154 14235 14263 14309 14440 14501 14527 14486 14316 14048 13832 13800 13778 13701 13640 13749 13864 13918 13908 13802 13814 13876 13766 13272 12748 12224 12011 11855 12136 12315 12308 12164 11964 11732 11552 11397 11330 11369 11357 11234 11095 10978 10862 10758 10683 10679 10674 10695 10811 10933 11098 11286 11474 11671 11828 12126 12262 12439 12576 12758 12883 13015 13062 13138 13352 13542 13664 13861 14181 14628 14828 14901 15130 15132
15228 15231 15106 14860 14615 14875 15031 15043 14985 14826 14556 14351 14237 14098 14015 14050 14047 13949 13897 13793 13684 13549 13452 13344 13316 13285 13190 12947 12702 12493 12186 12046 12058 11769 11269 10845 10575 10561 10533 10737 10705 10628 10529 10490 10429 10213 10308 10424 10431 10434 10467 10510 10545 10599 10696 10821 10922 11108 11181 11308 11459 11701 11737 11909 12160 12335 12560 12715 12835 12983 13185 13391 13590 13723 13716 13768
15507 15441 15379 15359 15396 15351 15299 15112 15094 14993 14886 14805 14698 14579 14458 14309 14215 13883 13426 13067 12829 12622 12943 13223 13339 13311 13176 12943 12733 12329 11946 11619 11468 11365 11137 10877 10682 10519 10443 10431 10533 10532 10493 10256 10298 10376 10467 10484 10408 10405 10407 10437 10524 10608 10621 10479 10364 10393 10640 10768 10840 10852 10904 11157 11386 11568 11746 11858 12030 12257 12438 12581 12615 12514 12211 12459
15677 15752 15809 15780 15755 15676 15515 15280 15173 15013 14944 14848 14734 14539 14307 14065 13892 13621 13393 13154 12974 12935 13154 13196 13139 12977 12914 12754 12495 12251 11960 11577 11285 11066 10850 10620 10483 10494 10520 10525 10563 10553 10544 10477 10469 10415 10285 10436 10516 10577 10481 10422 10437 10445 10469 10420 10335 10424 10561 10599 10566 10526 10508 10502 10634 10842 10896 11067 11275 11454 11639 11741 11794 11835 11786 11881
15514 15569 15670 15662 15456 15357 15170 14881 14628 14397 14449 14346 14099 13750 13375 12971 12728 12572 12395 12228 12154 12202 12309 12471 12540 12643 12649 12555 12438 12192 11862 11413 11106 10839 10559 10471 10460 10457 10477 10499 10505 10473 10334 10409 10450 10409 10361 10351 10347 10373 10382 10372 10352 10369 10349 10343 10344 10405 10494 10521 10523 10520 10512 10493 10530 10600 10728 10809 10961 11151 11257 11255 11114 10760 10407 10026
14200 14213 14400 14446 14437 14441 14211 14110 13788 13514 13218 12904 12589 12515 12125 11894 11715 11548 11491 11492 11545 11658 11629 11565 11416 11413 11406 11398 11397 11327 11159 10925 10766 10694 10586 10491 10445 10357 10425 10411 10406 10384 10346 10428 10415 10369 10337 10356 10332 10303 10298 10303 10314 10329 10344 10345 10340 10369 10381 10380 10421 10464 10500 10480 10554 10670 10738 10709 10722 10847 11058 11114 11114 11005 10763 10617
12485 12517 12536 12595 12508 12429 12317 12143 11992 11849 11652 11460 11254 11075 11055 11088 11116 11088 11079 11058 11027 11121 11180 11337 11404 11407 11383 11323 11280 11137 10928 10862 10797 10738 10683 10633 10504 10490 10476 10493 10436 10404 10417 10454 10449 10398 10374 10344 10318 10324 10280 10279 10289 10327 10347 10364 10365 10344 10362 10320 10347 10420 10473 10450 10604 10676 10557 10455 10487 10742 10965 10986 10845 10691 10532 10500
11148 11169 11192 11227 11203 11166 11187 11175 11179 11149 11169 11135 11095 11055 11041 11017 11014 11005 11009 11000 11005 11014 11057 11097 11093 10996 11032 11035 11013 10936 10859 10813 10783 10686 10523 10293 10041 10130 10398 10497 10469 10433 10424 10493 10566 10587 10606 10690 10637 10678 10666 10629 10637 10563 10507 10432 10380 10378 10429 10420 10495 10545 10613 10617 10655 10741 10872 10930 10932 11101 11281 11452 11536 11594 11571 11643
12634 12611 12615 12586 12621 12620 12550 12555 12528 12530 12454 12322 12205 12035 11768 11464 11240 11079 11015 10977 10968 10974 10983 10971 10950 10978 10999 10998 10986 10896 10717 10619 10580 10565 10607 10646 10714 10756 10696 10616 10546 10559 10621 10707 10827 10894 10955 11040 11106 11139 11154 11253 11322 11313 11260 11255 11138 10978 10832 11202 11481 11561 11490 11489 11461 11358 11351 11342 11408 11448 11561 11782 11987 12098 12084 12065
13552 13370 13245 13142 13078 12995 12971 12848 12799 12657 12547 12549 12499 12405 12281 12107 11919 11724 11526 11305 11228 11109 11007 10955 10967 11011 11071 11073 11078 11049 10926 10781 10607 10488 10520 10603 10608 10633 10664 10709 10765 10873 11133 11319 11341 11260 11137 11008 11061 11377 11707 11998 12235 12383 12385 12329 12306 12166 12129 11996 11943 11956 11906 11814 11821 11791 11673 11583 11591 11566 11662 11825 11947 12039 12060 12092
13563 13333 13112 12998 12965 12917 12894 12912 12908 12915 12929 13055 13094 13106 13038 12897 12683 12361 12196 11931 11709 11502 11357 11266 11208 11123 11110 11140 11175 11180 11140 11053 10954 10911 10715 10704 10748 10721 10857 10912 10982 11158 11280 11495 11716 11803 11912 12151 12394 12647 12837 12950 12930 12815 12761 12690 12648 12528 12295 12079 12062 12051 11869 11694 11818 11808 11755 11702 11687 11698 11720 11798 11904 12069 12293 12505
13779 13566 13414 13260 13211 13110 13076 13075 13104 13170 13216 13265 13277 13190 13087 13076 13198 13244 13235 13053 12789 12506 12347 12215 12110 11951 11915 11934 11907 11843 11906 12054 12022 12062 11955 11995 11976 11815 11725 11684 11816 12068 12191 12334 12661 12933 13220 13467 13689 13900 13899 13824 13759 13669 13522 13365 13336 13407 13387 13349 13169 13124 13019 12818 12679 12436 12346 12162 12219 12301 12298 12530 12840 13380 13581 13876
13932 13769 13638 13531 13403 13422 13469 13610 13688 13839 13853 13871 13870 13859 13823 13815 13763 13675 13582 13483 13518 13414 13182 13110 13074 12649 12388 12576 12900 13242 13584 13614 13656 13680 13595 13614 13514 13439 13337 13309 13252 13342 13442 13595 13714 13796 13965 14138 14213 14274 14267 14049 13986 14145 14111 14012 13970 13905 13843 13757 13691 13615 13481 13364 13364 13306 13137 12965 13183 13367 13559 13759 13915 14053 14284 14447
14742 14365 14272 14324 14379 14468 14585 14703 14777 14830 14868 14909 14932 14929 14871 14807 14758 14630 14552 14537 14515 14414 14126 13840 14010 14129 14181 14173 14296 14537 14832 15011 15068 15109 15179 15210 15108 14946 14818 14737 14666 14702 14750 14678 14613 14364 14124 14155 14200 14222 14138 14094 14054 14002 13993 13915 13852 13789 13743 13679 13621 13570 13336 13255 13264 13285 13269 13134 13206 13308 13493 13748 13831 13961 14165 14270
15785 15466 15088 14797 14738 14830 14898 14985 15024 15013 14996 15012 15009 15020 15068 15067 15020 14914 14765 14622 14591 14514 14364 14226 14181 14205 14318 14447 14612 14827 15009 15143 15270 15396 15399 15314 15177 14946 14835 14781 14704 14746 14743 14698 14573 14377 14215 14158 14086 14108 14123 14109 14091 14085 14043 13902 13776 13595 13450 13300 13213 13199 13178 13199 13229 13266 13336 13497 13613 13834 13999 14081 14155 14311 14407 14447
16407 16148 15869 15662 15631 15614 15491 15416 15292 15175 15187 15219 15199 15249 15257 15170 15025 14987 14896 14745 14633 14564 14552 14510 14502 14590 14704 14855 15014 15193 15299 15320 15262 15170 15051 14941 14933 14857 14789 14746 14696 14655 14636 14677 14675 14610 14476 14331 14084 13940 13933 13968 13937 13949 13887 13811 13759 13776 13767 13556 13518 13478 13445 13548 13707 13867 13985 14087 14130 14168 14164 14139 14196 14232 14213 14101
16519 16567 16572 16516 16484 16416 16330 16227 16137 16048 15936 15774 15410 15121 15228 15328 15348 15344 15319 15254 15199 15174 15036 14916 14985 14939 14874 14948 15105 15244 15324 15325 15236 15074 14920 14739 14637 14616 14634 14655 14649 14572 14467 14415 14378 14319 14205 14108 14023 13891 13888 13954 13998 13927 13645 13304 13465 13712 13747 13584 13483 13399 13332 13416 13427 13478 13600 13726 13742 13752 13694 13685 13699 13680 13646 13680
16501 16627 16721 16733 16730 16680 16581 16458 16390 16254 16121 15956 15832 15744 15660 15699 15689 15600 15497 15351 15202 15002 14800 14637 14568 14510 14481 14447 14397 14441 14540 14641 14571 14335 14137 13951 13905 13810 13777 13862 13948 14040 14026 13962 13836 13689 13587 13530 13507 13480 13431 13428 13397 13409 13369 13373 13365 13398 13430 13491 13493 13523 13525 13488 13518 13559 13594 13635 13633 13654 13687 13752 13816 13852 13939 14047
16565 16612 16606 16718 16757 16808 16745 16546 16296 16246 16136 16216 16251 16186 16002 15836 15696 15560 15431 15282 15075 14780 14506 14458 14388 14207 14069 13970 13898 13804 13727 13684 13651 13636 13567 13536 13585 13637 13592 13622 13629 13599 13518 13472 13523 13558 13548 13517 13418 13316 13302 13316 13327 13386 13382 13287 13310 13403 13509 13497 13499 13508 13511 13514 13534 13585 13658 13762 13767 13913 13962 13986 14057 14093 14189 14229
17004 17089 17134 17120 17110 17090 17060 17027 16943 16720 16522 16419 16351 16161 15993 15799 15616 15378 15258 15089 14916 14683 14368 14236 14121 13948 13913 13879 13853 13845 13786 13708 13639 13631 13597 13724 13749 13843 13873 13852 13909 13928 13914 13824 13898 13886 13797 13704 13570 13349 13298 13309 13336 13408 13444 13427 13350 13445 13460 13458 13450 13450 13448 13449 13489 13582 13656 13745 13802 13878 13948 14032 14094 14169 14332 14467
16930 16932 16950 16952 16913 16836 16694 16475 16305 16068 15776 15632 15514 15401 15355 15223 15123 15027 14871 14732 14584 14455 14361 14252 14115 14050 13884 13723 13641 13627 13633 13542 13514 13472 13429 13397 13372 13402 13644 13703 13776 13764 13748 13875 13926 13914 13847 13745 13654 13422 13323 13293 13308 13251 13275 13356 13366 13330 13292 13265 13299 13278 13332 13379 13385 13476 13509 13590 13635 13684 13781 13921 14064 14167 14199 14222
16589 16538 16502 16452 16397 16330 16224 16041 15921 15825 15808 15854 15932 15993 16016 15797 15761 15608 15433 15218 15170 15142 15001 14800 14697 14609 14424 14268 14184 14096 13960 13866 13802 13706 13650 13528 13522 13428 13414 13371 13358 13381 13346 13343 13329 13380 13369 13386 13340 13311 13270 13277 13279 13237 13320 13359 13292 13279 13285 13283 13278 13275 13241 13277 13295 13299 13339 13390 13437 13535 13702 13834 13850 13791 13560 13732
16574 16450 16347 16255 16179 16073 15983 15934 15935 15871 15844 15888 15978 16079 16093 16166 16161 15920 15452 15052 15141 15154 15154 15431 15469 15347 15186 15129 14991 14911 14826 14738 14689 14672 14603 14356 14268 14290 14146 14016 13948 13865 13750 13599 13517 13449 13370 13322 13324 13292 13267 13256 13261 13268 13243 13261 13258 13208 13262 13235 13202 13246 13241 13236 13239 13260 13256 13254 13279 13318 13415 13425 13387 13533 13658 13771
16341 16335 16342 16342 16316 16280 16213 16174 16168 16172 16240 16198 15994 15919 15928 15955 15955 15876 15738 15622 15583 15747 15812 15819 15801 15822 15836 15840 15822 15782 15721 15552 15443 15309 15105 14976 15085 15081 14887 14661 14470 14293 14133 13948 13822 13702 13627 13536 13513 13425 13385 13375 13409 13403 13378 13368 13394 13287 13144 13228 13290 13266 13240 13291 13307 13310 13328 13372 13420 13518 13681 13778 13779 13768 13743 13753
16194 16251 16328 16354 16326 16267 16230 16229 16168 16089 16032 15949 15905 15847 15833 15842 15794 15761 15708 15677 15627 15616 15643 15681 15650 15738 15775 15797 15749 15637 15544 15455 15430 15433 15384 15329 15197 14990 14820 14668 14541 14376 14217 14148 14166 14140 14065 13989 13979 13948 13869 13792 13714 13644 13551 13410 13337 13304 13259 13236 13270 13262 13256 13283 13320 13375 13425 13488 13537 13669 13806 13925 13937 13873 13555 13311
16071 16103 16138 16174 16203 16214 16226 16236 16157 16098 16075 16003 16013 15976 15956 15946 15901 15850 15823 15751 15665 15625 15567 15502 15404 15419 15470 15383 15278 15221 15176 15042 15032 15041 14982 15008 14989 14759 14573 14678 14731 14715 14620 14547 14488 14145 13696 13171 13006 12857 13099 13013 13133 13371 13538 13544 13499 13467 13378 13361 13384 13361 13393 13452 13529 13584 13663 13777 13876 13989 13964 13976 14061 14172 14389 14530
16015 16042 16058 16093 16125 16155 16147 16136 16114 16043 15916 15928 15981 15933 15888 15885 15834 15802 15808 15809 15774 15711 15576 15508 15455 15379 15326 15237 15197 15186 15156 15076 15019 14984 14906 14914 14931 14925 14865 14872 14845 14809 14724 14592 14545 14461 14326 14139 13962 13863 13870 13863 13833 13724 13558 13521 13491 13345 13504 13531 13487 13466 13515 13574 13563 13616 13822 13971 14090 14146 14120 14150 14394 14657 14724 14708
