Alternative/Moon/Lvl0_30x30/Ele_FI.asc
ncols         335
nrows         335
xllcorner     6757491.657
yllcorner     -10077166.958
cellsize      10000
nodata_value  -9999.0
[rows 0 to 33 of 335, columns 231 to 307 of 335]
17876 17863 17856 17848 17845 17861 17854 17868 17883 17874 17926 17977 18006 18012 18017 18123 18766 19337 19288 19133 18894 18750 18453 18386 18401 18420 18467 18484 18644 18731 18897 18950 18985 18944 18802 18652 18541 18531 18541 18411 18455 19017 19388 19746 20024 20195 20264 20183 19853 19570 19694 19898 19888 19584 19378 19574 19925 20055 20222 20435 20819 21339 21708 21959 22340 22349 21937 21399 20721 20303 19965 19990 19940 19940 19888 19463 19407
17880 17864 17859 17854 17858 17858 17863 17853 17853 17881 17877 17935 17972 18009 18020 18112 18732 19471 19673 19641 19351 19162 18800 18583 18389 18406 18430 18460 18613 18759 18728 18936 19005 18969 18857 18735 18710 18671 18719 18840 19042 19385 19798 20104 20253 20295 20516 20402 19851 19553 19832 20099 20155 20165 20067 20065 20154 20265 20547 20878 21315 21460 21993 22184 22336 22337 21870 21311 20523 19739 19305 19352 19508 19620 19612 19246 19585
17882 17877 17867 17861 17860 17863 17859 17858 17862 17862 17870 17883 17950 17962 17989 18201 18896 19805 20150 20174 19873 19458 19121 18780 18394 18363 18380 18390 18406 18635 18608 18537 18601 18759 18740 18627 18744 18870 18913 18963 18895 19379 19797 20380 20677 20844 20713 20408 20072 20076 20227 20500 20606 20635 20583 20664 20875 21012 21298 21535 21925 21912 21904 22075 22060 21772 21078 20380 19699 19175 18841 18575 18276 17975 18117 18361 18651
17892 17881 17869 17862 17865 17867 17866 17862 17863 17867 17875 17877 17875 17893 18302 18763 19510 20406 20811 20743 20144 19840 19484 19001 18631 18395 18396 18408 18448 18411 18389 18439 18475 18443 18397 18363 18645 18585 18500 18909 19520 19837 20261 20627 20714 20840 20904 20523 20642 20641 20581 20764 20914 20924 20956 21097 21242 21534 21764 21943 22044 21698 20821 21071 20891 20264 19658 19191 18816 18306 17706 17486 17165 16888 16659 16579 16762
17893 17892 17884 17877 17874 17878 17881 17877 17877 17874 17885 17895 17907 18179 18955 19591 20161 20797 21145 21138 21084 20584 19861 19283 18871 18546 18521 18469 18434 18391 18347 18328 18321 18344 18380 18437 18534 18696 18818 19131 19623 20003 20332 20653 20938 21220 21315 21286 21055 20910 20839 20882 20898 20993 21116 21219 21559 21805 21698 21564 21330 20984 20443 19925 19275 18707 18143 17806 17379 16881 16504 16323 16211 15880 15510 15410 15390
17899 17888 17889 17891 17895 17893 17889 17889 17893 17896 17909 17915 17934 18496 19372 19614 19789 20046 20274 20724 20989 21011 20447 19778 19268 18927 18701 18556 18464 18398 18366 18434 18453 18516 18424 18388 18392 18579 18639 18712 18965 19369 19838 20255 20805 21190 21307 21296 21093 20937 20877 20831 20849 20929 21140 21426 21660 21860 21774 21125 20407 19837 19163 18642 17852 17299 16828 16433 15807 15414 15225 15237 15278 15283 15245 15233 15218
17925 17913 17916 17913 17906 17904 17907 17911 17912 17922 17932 17936 18275 19120 20118 20624 20577 20231 20295 20777 21103 21089 20473 19957 19577 19217 18994 18894 18633 18782 18808 18701 18809 18932 18386 18212 18232 18246 18357 18362 18503 18793 19258 19700 20204 20603 20694 20757 20883 20869 20798 21045 21218 21254 21316 21296 21352 21264 20963 20369 19550 18783 18125 17558 16791 16178 15817 15458 15220 15179 15166 15181 15200 15206 15199 15189 15180
17971 17965 17949 17943 17938 17938 17937 17943 17940 17974 18081 18387 19124 19998 20563 20932 21068 21127 21131 21148 21149 20786 20313 20023 19894 19761 19582 19490 19225 19051 19057 18844 19074 19216 19129 18877 18645 18452 18303 18242 18204 18394 18793 19138 19484 19910 20053 20210 20451 20651 20820 21175 21416 21390 21291 21275 21216 20596 19885 19245 18456 17673 17090 16638 16068 15665 15301 15346 15313 15199 15183 15180 15187 15158 15147 15146 15125
18171 18061 18000 17978 17975 17984 18105 18241 18196 18487 18835 19265 19816 20162 20420 20479 20581 20614 20546 20552 20461 20274 20148 20014 19971 19977 19940 19651 19449 19302 19278 19191 19049 19030 18976 18864 18566 18326 18246 18229 18207 18200 18306 18537 18844 19289 19677 19950 20318 20648 21003 21261 21447 21549 21544 21293 20741 19593 18576 18058 17322 16534 15923 15574 15259 15183 15174 15164 15162 15181 15181 15178 15155 15134 15121 15113 15099
19620 18928 18651 18415 18337 18662 19047 19191 19204 19354 19842 20186 20182 20137 20093 20041 20080 20281 20198 20003 19813 19698 19611 19706 19884 20099 20064 19715 19663 19671 19530 19446 19354 19051 18971 18895 18568 18326 18268 18249 18228 18188 18162 18164 18233 18943 19791 20139 20422 20691 21040 21162 21417 21474 21449 21041 20269 19309 18389 17688 16830 16120 15551 15264 15186 15168 15152 15153 15153 15174 15153 15120 15099 15079 15085 15083 15081
19952 19857 19657 19746 19784 19675 19804 19924 20053 20226 20314 20264 19978 19447 19123 19076 19287 19547 19549 19552 19434 19380 19484 19795 20159 20435 20653 20636 20505 20349 20172 20143 19920 19527 19215 19044 18628 18400 18287 18333 18343 18290 18251 18229 18211 18720 19694 20357 20708 21035 21123 21259 21697 21696 21470 20747 19539 18617 17657 17041 16305 15463 15222 15151 15172 15124 15126 15113 15110 15089 15073 15064 15042 15020 15019 15028 15044
19789 19554 19458 19485 19693 19724 19868 19967 19985 20056 20219 20243 20030 19453 19086 19076 19289 19615 19621 19550 19448 19759 19949 20311 20696 20984 21128 21218 21291 21202 20828 20506 20159 19778 19523 19318 18953 18774 18414 18354 18443 18486 18663 18603 18242 18692 19626 20257 20658 21041 21221 21404 21675 21688 21478 20756 19642 18485 17563 16835 16244 15672 15174 15108 15094 15080 15074 15055 15038 15027 15027 15021 15008 14998 14994 14988 14995
19177 19118 19004 18849 18895 19041 19432 19498 19449 19614 19781 20022 20022 19898 19814 19719 19646 19644 19589 19635 19757 19813 20242 20571 20810 20836 20971 21217 21350 21276 20867 20479 20257 20080 19651 19245 18887 18729 18416 18260 18221 18395 18708 18633 18256 18236 18361 18765 19522 20289 20822 21047 21105 21121 20837 20253 19289 18414 17626 16967 16316 15741 15292 15095 15080 15069 15063 15053 15050 15036 15017 15011 15024 15016 15023 14986 14970
18827 18827 18703 18750 18849 18935 19080 19289 19358 19560 19688 19675 19886 19881 19792 19700 19627 19426 19538 19522 19568 19620 19650 19710 19918 20005 20220 20629 20799 20352 19902 19689 19790 19774 19741 19415 18892 18520 18415 18374 18401 18328 18316 18285 18252 18239 18237 18251 18601 19235 19986 20659 20893 20696 20227 19720 19048 18447 17615 17025 16355 15726 15222 15072 15053 15047 15042 15013 14999 14995 14991 14993 14998 15012 15000 14976 14991
18769 18760 18738 18706 18657 18686 18667 18758 18992 19259 19416 19460 19596 19657 19714 19613 19539 19524 19496 19408 19311 19313 19449 19643 19933 20538 21063 21169 21003 20298 19808 19684 19760 19796 19779 19414 18928 18492 18242 18271 18337 18334 18286 18300 18428 18714 19233 19533 19629 19641 19995 20576 20794 20636 20209 19603 19121 18560 17852 17425 16797 16243 15662 15164 15022 15010 15005 14983 14971 14964 14959 14958 14960 14967 14967 14976 14989
18768 18778 18768 18735 18682 18694 18642 18681 18702 18779 18848 19158 19309 19345 19319 19411 19351 19452 19691 19774 19746 19765 20005 20374 20864 21324 21528 21533 21462 21081 20610 20433 20186 19983 19518 19214 18806 18318 18124 18130 18119 18138 18182 18322 18617 19064 19633 19915 19988 19952 20151 20448 20662 20673 20316 19913 19705 19469 19070 18493 17830 17030 16204 15666 15113 15043 15027 15023 15016 14973 14970 14964 14968 14979 14971 14968 14972
18880 18886 18987 18963 18884 18787 18856 18946 18849 18728 18732 18901 19013 18990 18835 18684 18772 19050 19671 20088 20434 20745 20927 20961 21028 21322 21476 21322 21129 20864 20360 20163 19751 19265 19007 18568 18202 17931 17944 17945 17952 17965 17985 18027 18489 18948 19397 19628 19779 19789 19848 19942 19748 19521 19458 19256 19367 19385 19390 19244 18662 17993 17270 16517 15797 15265 15325 15320 15108 15020 15005 14983 14974 14988 14991 14981 14988
19032 19042 19062 18995 19134 19158 18978 18933 18850 18700 18876 18926 18904 18788 18726 18742 18639 18825 19312 19884 20373 20565 20735 20750 20518 20413 20681 20851 20807 20490 20196 19858 19441 19113 18923 18728 18261 17948 17963 17947 17950 17967 17971 18037 18365 18857 19189 19374 19414 19627 19807 19835 19716 19116 18702 18598 18836 19267 19555 19541 19192 18601 17888 17357 16607 15920 15409 15427 15254 15129 15059 15001 14996 15002 14999 15006 15010
18895 18780 18776 18872 18932 19256 19448 19544 19475 19177 19201 19188 18972 18739 18662 18691 19090 19549 19748 19977 20187 20176 19985 19996 20158 20255 20159 20266 20177 19922 19869 19736 19440 19188 19272 19227 18962 18640 18439 18209 17936 17907 17936 18085 18441 18815 19095 19176 19235 19309 19507 19518 19362 18776 18312 18263 18296 18845 19524 19598 19149 18557 18395 18206 17614 16856 16002 15470 15203 15134 15118 15126 15125 15093 15168 15263 15345
19739 19414 19168 19551 19908 20146 20276 20235 19628 19504 19630 19670 19557 19258 19134 19181 19404 19564 19578 19579 19577 19924 20107 20156 20253 20285 20058 19813 19725 19727 19592 19458 19370 19247 19302 19224 19019 18784 18584 18337 18052 17884 17887 17918 18091 18048 18296 18642 18620 18829 18981 18981 18738 18041 17653 17700 17868 18570 18867 18689 18214 17901 18185 18259 18132 18112 17587 16988 16524 16346 16273 16229 16078 16319 16750 17131 17386
20432 20277 20511 20823 20897 21089 20976 20784 20707 20655 20524 20258 20099 19898 19615 19469 19346 19390 19500 19581 19739 19796 19880 19852 19760 19748 19753 19582 19400 19280 18982 18962 18964 18948 18830 18834 18793 18690 18650 18215 17837 17825 17799 17733 17685 17734 18041 18357 18363 18350 18601 18717 18502 17898 17461 17643 18243 18498 18650 17951 17273 16982 17445 18009 18417 18533 18273 18105 18153 18047 18061 18082 18038 18303 18475 18373 17926
20684 20994 21298 21310 21047 21218 21403 21576 21400 21201 21038 20745 20391 20101 19699 19499 19388 19272 19246 19453 19683 19616 19411 19300 19096 19129 19097 19019 18836 18743 18763 18783 18870 18834 18713 18624 18636 18684 18615 18421 18052 17858 17574 17490 17417 17420 17590 17718 17844 17931 18066 18025 17743 17211 17035 17405 18057 18250 18084 17462 16949 17302 17805 18139 18381 18324 18245 18094 18065 17836 17912 18038 18427 18868 18698 18352 17465
21281 21381 21733 21761 21599 21156 21177 21489 21518 21401 21269 20939 20350 20054 19966 19994 19934 19619 19758 19827 19774 19548 19192 18874 18727 18557 18458 18326 18110 18045 18182 18178 18232 18402 18470 18521 18426 18237 18056 17908 17719 17330 17103 16956 17031 17041 16958 16841 17074 17309 17331 17305 16973 16687 16591 16590 16639 16896 16864 16747 16904 17361 17424 17241 17290 17912 18231 18166 17571 17222 17282 17612 18541 18868 18451 17453 16068
21594 21873 21842 21494 20825 20295 20178 20184 20793 21320 21265 21121 20890 20635 20394 20248 20077 20090 19898 19842 19810 19487 19078 18896 18613 18360 18182 18166 18099 18044 18038 18026 18015 18086 18166 18062 18066 18001 17720 17484 17109 16926 16739 16658 16624 16553 16428 16311 16324 16722 16941 17008 17052 17377 17520 17469 17199 16922 16567 16542 16556 16872 17424 17582 17574 17678 18043 18089 17716 17735 17998 18222 18616 18751 18355 17586 16232
21695 21870 21909 21392 21243 21430 21674 21729 21772 21722 21586 21348 21008 20727 20473 20276 20072 20037 19823 19681 19465 19160 19036 18848 18444 18181 17952 17908 17845 17987 18020 17943 17786 17853 17876 17649 17427 17257 17137 17039 16866 16597 16629 16653 16558 16257 16249 16244 16230 16340 16704 16809 16971 17281 17384 17257 17134 17259 17091 16899 16915 17040 17345 17587 17590 17440 17238 17261 17200 17054 17251 17454 17743 18148 18362 18360 18016
21483 21539 21566 21488 21483 21622 21752 21753 21720 21598 21438 21290 20957 20510 20243 20153 19851 19448 19211 19053 18788 18647 18524 18389 18225 17945 17494 17330 17419 17533 17418 17248 17489 17598 17511 17312 16902 16791 16898 16880 16792 16731 16567 16590 16606 16305 16394 16490 16570 16656 16826 16899 17007 17068 16982 16682 16679 17006 17045 16982 16973 16959 16906 16903 16955 16825 16632 16502 16476 16670 16953 17128 17319 17670 18010 18213 18207
21365 21321 21061 20850 20862 21220 21297 21211 21001 20890 20685 20562 20376 20138 19906 19699 19406 19016 18682 18683 18552 18240 17900 17662 17480 17427 17426 17289 17235 17135 17035 16950 16860 16670 16440 16447 16368 16296 16282 16277 16255 16233 16215 16151 16185 16226 16443 16654 16793 17001 17192 17302 17091 16495 16039 16014 16026 16056 16298 16422 16215 16248 16395 16488 16611 16701 16716 16716 16681 16702 16929 17009 17038 17330 17406 17474 17624
21651 21687 21504 21237 21305 21248 21197 21134 20897 20685 20496 20269 19717 19977 19833 19349 19012 18850 18502 18178 17996 17555 16870 16517 16214 16328 16445 16578 16653 16650 16631 16337 16174 16135 16313 16326 16295 16276 16261 16247 16229 16201 16174 16101 15983 15949 15945 16030 16283 16787 17497 17710 17693 17220 16691 16327 16109 16124 16101 16067 16045 16018 15988 15969 15992 16265 16551 16633 16599 16582 16874 16891 17058 17219 17434 17469 17546
21223 21186 21033 20943 21045 20919 21024 21066 20655 20342 20020 19312 19156 19038 19039 18674 18356 18041 17790 17455 17030 16462 16145 16149 16145 16145 16131 16120 16249 16360 16238 16203 16183 16120 16182 16185 16212 16230 16231 16184 16170 16148 16107 16064 15992 15969 15970 15981 16003 16209 16824 17438 17604 17480 17071 16773 16432 16227 16128 16086 16046 16024 15993 15979 15960 15942 15950 15967 15975 15975 16210 16562 16911 17118 17255 17378 17561
21244 20972 20646 20541 20652 20866 20748 20584 20219 19929 19442 19188 19213 18923 18472 18139 17639 17305 16924 16815 16591 16204 16180 16192 16184 16180 16170 16214 16361 16370 16194 16161 16150 16136 16133 16130 16110 16112 16114 16108 16089 16069 16045 16024 15991 15981 15990 16041 16048 16077 16092 16313 16684 16707 16668 16458 16204 16177 16139 16100 16065 16026 15996 15978 15959 15953 15965 15972 15972 15970 15970 15988 16170 16595 17052 17290 17555
21441 21353 21077 20863 20671 20362 20174 19907 19662 19365 18971 18743 18353 17960 17565 17143 16646 16365 16246 16208 16202 16194 16199 16211 16213 16212 16213 16217 16231 16213 16209 16196 16176 16170 16156 16158 16138 16131 16102 16092 16091 16103 16060 16062 16036 16014 16030 16079 16097 16092 16097 16107 16145 16144 16158 16186 16209 16167 16116 16081 16029 16002 15981 15974 15957 15951 15952 15971 15970 15964 15976 16011 15998 16117 16260 16550 16879
21149 20953 20777 20693 20506 20305 20020 19586 19049 18496 18060 17796 17461 17140 16806 16493 16255 16227 16221 16221 16219 16215 16223 16228 16226 16233 16235 16221 16238 16234 16225 16221 16204 16202 16191 16190 16181 16160 16148 16133 16126 16120 16100 16104 16082 16069 16079 16091 16123 16131 16122 16109 16093 16115 16117 16110 16079 16054 16050 16016 15984 15955 15951 15950 15936 15941 15941 15933 15940 15960 15967 15974 15983 15988 15980 15965 15958
20781 20608 20402 20060 19683 19728 19452 19169 18697 18348 17842 17465 16998 16665 16370 16297 16259 16253 16237 16235 16234 16232 16243 16245 16249 16259 16238 16250 16251 16254 16236 16225 16220 16225 16213 16218 16208 16197 16179 16161 16152 16147 16153 16125 16120 16113 16124 16129 16137 16124 16121 16111 16084 16065 16082 16045 16016 16000 15995 15978 15958 15936 15932 15897 15897 15894 15890 15896 15912 15947 15958 15961 15978 15988 15984 15968 15971
20657 20441 20233 19626 18818 18745 18703 18563 18343 17910 17377 17050 16716 16472 16454 16419 16351 16264 16251 16250 16253 16253 16251 16247 16259 16254 16235 16261 16270 16278 16235 16240 16259 16244 16240 16234 16227 16230 16221 16193 16189 16175 16172 16180 16166 16167 16166 16160 16164 16141 16126 16098 16074 16049 16017 16003 15984 15970 15952 15965 15913 15895 15878 15864 15852 15854 15859 15845 15866 15918 15931 15934 15939 15954 15952 15945 15921
