Alternative/Moon/Lvl0_30x30/Ele_EI.asc
ncols         335
nrows         335
xllcorner     6757491.657
yllcorner     -6727166.958
cellsize      10000
nodata_value  -9999.0
[rows 34 to 67 of 335, columns 0 to 76 of 335]
20626 20639 20452 20374 20353 20329 20441 20484 20934 21174 20676 19644 19519 20226 20507 20666 20803 20919 20803 19897 19908 20614 20675 20340 19907 19717 19776 19958 19807 19828 19865 19877 19917 20092 20226 20162 20314 18653 17708 17755 18390 19834 19892 20393 20366 20286 20240 19839 19429 19150 19209 19413 19359 19031 18513 17858 17471 17972 18088 18011 18099 18500 18486 17814 16965 17374 17538 17056 16502 15757 15380 15228 15316 15333 15648 15650 15992
21023 20509 19902 19958 20239 20376 20400 20719 21016 21160 20310 19599 19501 19611 20507 20857 21012 21171 20974 20410 20408 20626 20696 20594 19647 18792 20224 20413 20160 20096 20277 20212 20308 20447 20558 20497 20609 20540 20112 19390 19867 20090 19884 20290 20569 19222 19885 19797 19463 19278 19525 19327 18973 18753 18682 18545 18343 18662 18514 18656 18694 18724 18745 18557 18366 19165 19221 18582 17325 15944 15299 14926 14787 14751 15132 15484 15552
21394 21427 20066 19391 20228 20574 20425 20699 21162 21421 21043 20268 19886 20559 21359 21685 21695 21311 20812 19998 20834 21597 21399 21060 20891 20775 20639 20528 20365 20367 20216 20283 20415 20414 20445 20606 20591 20511 20528 20399 20424 20371 20169 20500 20717 19387 19746 19898 19676 19617 19489 19177 18934 19163 19222 19119 19168 19261 19021 18911 18690 18785 18886 19136 19407 19830 20034 19684 18193 16692 15455 14946 14822 14747 14593 14792 14821
21351 21427 21167 20875 20907 20602 20418 20616 20833 21433 21571 21491 21668 21957 22433 22474 22294 21843 21458 20357 21885 22077 21642 21330 21309 21220 20821 20748 20601 20615 20545 20424 20470 20370 20421 20601 20699 20673 20511 20252 20336 20341 20251 20620 20781 19313 18795 20277 20156 19557 19425 19250 19103 19566 19779 19829 19731 19458 19086 19055 18680 18627 19013 19410 19763 20108 20231 20004 18757 17310 16129 15335 14829 14717 14577 14682 14679
20609 20794 20971 20914 20907 20531 20343 20202 20590 21060 21615 21974 21911 22201 22457 22653 22620 22229 21639 21600 22039 22048 21597 21553 21669 21603 21320 21021 21073 21000 20592 20297 20458 20586 20776 20648 20698 20667 20708 20457 20372 20302 20130 20494 20592 20541 19485 20579 20524 19906 19627 19534 19509 19714 19812 19868 19747 19303 19106 19162 19108 18770 18814 19520 20006 20313 20310 20281 19202 18138 16807 15895 15466 15194 14819 15007 15370
20080 20222 20093 20089 20270 20159 19816 19965 20252 20719 21338 21797 22150 22340 22438 22669 22619 22229 21206 21373 21446 21357 21579 21612 22089 22351 22130 21668 21468 21265 19822 19155 19848 20805 20979 20669 20524 20569 20681 20648 20491 20302 20145 20121 20230 20465 19670 19999 20385 20065 19815 19774 19769 19610 19567 19353 19350 19230 19039 19050 19030 19043 19382 19698 20032 20341 20356 20234 19551 18920 16948 16364 16220 15743 15670 16138 16760
19504 19653 19713 19701 19622 19657 19770 19871 19983 19935 21114 21704 22108 22286 22262 22443 22377 21929 21285 20736 20817 21191 21195 21840 22172 22678 22529 21921 21566 21523 20951 20599 20937 20579 20567 20494 20468 20513 20581 20504 20509 20372 20280 20146 20346 20520 20638 20446 20678 20575 20017 19754 19715 19392 19020 18821 18801 18773 18891 18988 19075 19139 19484 19650 19933 20042 20202 20239 19994 19326 17564 16289 16348 16313 16575 17150 17691
19033 19086 19223 19331 19440 19573 19623 19834 20123 20496 21069 21700 22011 22055 21647 21215 21171 21123 20852 20729 20633 20558 21125 21704 22044 22148 22297 21751 21914 21558 21399 21459 21533 21141 20578 20485 20418 20426 20412 20434 20523 20489 20333 20181 20326 20815 20867 20537 20045 20548 20471 20069 19654 19525 19033 18790 18796 18752 18916 18948 19064 19196 19370 19562 19489 19972 19954 19748 19647 19327 18710 17672 17048 17018 17540 18298 18951
18774 19026 18967 19098 19254 19231 19527 19982 20177 20186 20597 20961 21365 21626 21407 20672 20498 20446 20340 20403 20525 20652 20575 20951 21188 21640 21849 21986 21976 21669 21386 21364 21499 21467 20856 20399 20378 20414 20335 20391 20464 20447 20192 20156 20376 20946 20658 18917 17888 19132 20507 20337 19681 19463 19367 19256 19052 18949 18921 19027 19135 19208 19462 19981 19964 18682 19462 18986 18476 18618 18672 18031 17627 17517 17948 18795 19328
18092 18547 18610 18655 18628 18895 19345 19863 20111 20160 20011 20035 20270 20555 20527 20263 20157 19740 19850 19868 20042 20356 20518 20895 20770 20962 21500 21626 21714 21743 21511 21562 21597 21437 20819 20364 20369 20364 20449 20283 20544 20529 20162 20120 20381 20919 20211 18025 17305 18159 20440 20599 19903 19558 19669 19614 19349 19188 19234 19433 19446 19416 19454 19755 19801 19699 18881 18089 17590 17601 17530 17414 17442 17323 17824 18448 19069
17408 17884 18029 18006 18156 18329 18762 19569 19859 19794 19545 19663 19740 19658 19480 19505 19473 19694 19609 19699 19673 19881 20169 20356 20129 20066 21286 21311 21281 21367 21367 21563 21631 21286 21031 20663 20679 20822 20760 20491 20473 20540 20430 20278 20311 20894 20270 19087 19569 20120 20473 20835 20277 19818 19826 19795 19388 19314 19564 19607 19638 19620 19581 19693 19653 19390 18567 17676 17463 17228 17136 17106 17217 17281 17311 17694 18114
16649 16847 17083 17109 17383 17854 18224 18532 19132 19306 19297 19202 19119 19257 19337 19244 19226 19204 19470 19593 19616 19709 19928 20197 20236 20066 20733 20907 21196 21270 21346 21493 21374 21416 21403 21334 21441 21668 21538 21378 21143 20944 20948 20635 20638 20723 20883 20912 21011 21075 20165 20400 20387 19808 19819 19806 19708 19657 19800 19946 20079 20305 20275 20087 19832 19325 18169 17597 17363 17277 17335 17321 17156 17168 17452 17544 18168
16004 16125 16148 16305 16454 16909 17405 17611 18146 18535 18743 18776 18942 18840 19192 19291 19337 19259 19312 19159 19692 19793 19973 20402 20391 20165 20413 20953 21288 21407 21945 21939 21457 21246 21122 20739 21098 21273 21743 21721 21356 21038 21025 20757 20429 20757 20790 20660 20607 20641 20494 20234 20144 20061 19776 19734 19723 19755 19909 20261 20616 20726 20721 20445 19979 19646 18790 17886 17371 17265 17361 17434 17513 17419 17701 17992 18254
15167 15126 15088 15400 15582 15784 16214 16484 16466 16828 17095 17210 17648 18251 18420 18205 19146 19186 19334 19512 19750 19725 20085 20393 20393 20070 20915 20632 20991 21540 22109 21893 21016 20118 19067 18820 18997 19783 20680 21521 21886 21930 20925 20545 19971 20397 20560 20471 20324 20300 20491 20619 20380 20037 19757 19706 19698 19789 19835 20292 20427 19690 20675 20432 20097 19774 19030 18360 17744 17302 17405 17354 17524 17805 17960 18021 18243
15011 14973 14929 14868 15086 15423 15523 15402 15658 15607 15614 15841 16228 16990 17864 18229 18411 18852 19024 19263 19354 19578 19844 20180 20566 20928 21424 21203 21309 21811 21618 21082 19982 18729 17318 16856 17567 18628 19699 21190 21987 22136 22026 21378 20590 20463 20314 19998 19706 19929 20291 20507 20364 19847 19392 19560 19613 19821 19838 19838 19576 18897 20264 20015 19365 18868 18985 18812 18265 17485 17382 17465 17790 18267 18352 18547 18894
15036 14981 14961 14880 14891 14991 15076 15073 15079 15071 15201 15561 15871 16176 16667 16967 17603 18532 18626 18836 19303 19589 19902 20202 20499 20891 20673 21768 22216 22479 21988 20653 19184 17590 16659 16708 16726 17405 18615 20634 21881 22521 22589 21784 20788 20473 20356 20029 19553 19383 19817 20166 20115 19356 18893 19241 19511 19559 19605 19397 19098 19174 19581 19495 19024 18940 19015 18750 18224 17426 17357 17394 17966 18479 18595 18815 19052
15157 15130 14969 14853 14909 15154 15234 15090 15030 15001 15023 15169 15464 15849 16043 16658 17082 17956 18221 18546 18994 19513 19812 20126 20642 20883 21126 21981 22214 22411 22040 20826 19488 18015 16871 16772 16737 17290 18853 20495 21860 23136 22942 21907 21165 20739 20434 20177 19730 19277 19772 19698 18890 18199 18039 18636 18988 19288 19382 19313 19106 18893 19218 19290 19258 18974 18859 18345 17862 17427 17430 17488 17984 18657 18622 18740 18690
15251 15229 15213 14977 15091 15369 15527 15143 15131 15054 15063 15063 15056 15274 15759 16370 16477 17405 18017 18342 19171 19429 19623 19951 20409 20389 21403 21821 22137 22241 22029 21321 20474 19124 17976 17454 17405 18426 19754 21291 22894 23368 22921 21890 21400 20754 19954 19590 19358 19105 18797 18364 17506 16828 16796 17266 17716 18142 18497 18773 18758 18684 18796 19011 18969 18736 18565 18385 17917 17752 17999 18470 18621 18638 18593 18458 18324
15240 15209 15290 15090 15302 15551 15438 15464 15419 15259 15098 15137 15363 15412 15426 15654 15857 16829 17594 18201 19064 19623 19925 20420 20943 20978 21231 21709 22054 22154 22295 22293 21533 20562 19746 19399 19498 20318 21433 22698 23666 23660 22574 21752 20668 19818 19119 18166 17700 17597 17340 16792 16515 16469 16427 16539 16696 16946 17452 18097 17969 17887 18609 18712 18816 18995 18973 18885 18665 18209 18013 18405 18513 18478 18295 17968 17987
15170 15222 15297 15354 14959 15280 15325 15406 15415 15356 15414 15209 15377 15613 15698 15902 15998 16357 17158 17801 18431 19331 19984 20771 20961 20995 21798 22078 22266 22236 22264 22601 22590 21782 21226 21215 21349 21782 22425 23460 23595 23657 22580 21917 21002 19585 18273 17317 17006 16914 16685 16441 16339 16338 16367 16610 16882 17057 17324 17969 18161 18732 18679 18644 18808 19045 19044 19042 19031 18623 18475 18207 18223 18145 17988 17970 17948
15165 15201 15376 15345 15258 15217 15227 15297 15360 15534 15615 15621 15476 15617 15936 16347 16543 16867 17143 17494 17784 18368 19653 20253 20561 21635 21704 22097 22176 22298 22533 22828 22865 22112 22673 22708 22563 22365 22899 23224 23182 22453 22131 21888 21589 20328 18674 17445 16904 16822 16533 16399 16298 16342 16332 16449 16804 17059 17531 17737 18193 19081 19172 18836 18680 18664 18805 18897 18867 18745 18758 18530 18354 18013 17869 18099 17989
15213 15298 15210 15278 15265 15023 15214 15205 15335 15490 15679 15782 15649 15603 16142 16498 16838 17594 17623 17673 18584 18980 19725 20395 20856 21411 21815 22199 22297 22326 22550 22652 22728 22389 22635 22756 22682 22357 22349 22402 22116 21697 21699 21711 21561 20438 18949 17584 16815 16599 16330 16307 16265 16263 16314 16311 16417 16882 17590 18005 18454 19208 19366 19243 19047 18759 18843 18872 18833 18729 18607 18567 18670 18510 17956 17890 17933
15123 15179 15285 15258 15255 15227 15031 15171 15159 15441 15604 15402 14693 15589 16075 16488 16934 17556 17545 18006 18974 19452 19755 20539 21054 21738 21972 22251 22401 22234 22142 21778 22693 22590 22328 22184 22050 21142 20933 21102 20914 20909 21001 21104 21100 20015 18764 17607 16662 16362 16325 16291 16262 16281 16288 16269 16360 16630 17439 18643 19192 19471 19670 19642 19546 19128 18842 18790 18797 18486 18649 18600 19080 19098 18654 18186 18097
15134 15169 15210 15248 15215 15219 15193 15063 15214 15296 15555 15507 15509 15875 16065 16509 16871 17208 17810 18466 18937 19450 19756 20347 21033 21793 22191 22589 22472 22077 21750 21662 22151 22076 21851 21676 21047 20561 20231 19729 19750 20271 20613 20620 20249 19253 18204 17371 16613 16318 16308 16299 16300 16292 16280 16253 16268 16449 17348 18639 19322 19716 19893 19617 19475 19153 18871 18640 18607 18368 18578 18725 18230 19140 18886 18530 18480
15115 15137 15158 15161 15313 15275 15249 15229 15061 15236 15384 15487 15606 15732 16024 16312 16783 17142 17473 18184 18700 19374 19586 20191 20780 21402 22100 22416 22280 21773 21424 21418 21477 21693 21644 21000 20372 19405 19683 19176 19635 20057 20193 20152 19769 18773 17803 17404 16880 16514 16733 16600 16349 16297 16297 16263 16259 16266 16607 17990 18539 18801 19870 19772 19666 19165 18216 17541 17474 17503 17710 18623 18712 18340 18827 18658 18605
15108 15109 15102 15171 15345 15300 15283 15271 15267 15224 15487 15581 15637 15775 16061 16193 16797 17055 17205 17944 18472 19072 19581 20120 20511 21288 21770 21649 21635 21079 20928 21200 21480 21624 21320 20663 19991 19530 19274 19124 19586 19664 20075 20097 19778 19020 18187 17695 17233 16942 16941 16819 16530 16316 16320 16342 16336 16284 16336 16413 16492 17444 18850 19453 19502 18884 17843 17420 17478 17441 17427 17903 18313 18762 18733 18440 18417
15061 15142 15344 15609 15504 15301 15275 15277 15464 15773 15590 15496 15721 15931 16084 16413 16920 17136 17611 17962 18302 18857 19090 20025 20316 21072 21377 20841 21012 21385 21060 21195 21560 21567 20936 20437 19668 19392 19165 19086 19466 19645 19710 19841 19814 19434 18959 18495 18185 17802 17079 16794 16664 16628 16542 16485 16394 16385 16317 16325 16286 16448 16822 18090 18493 18054 17409 17367 17357 17431 17402 17675 18072 18617 18645 18159 18454
15002 15112 15324 15602 15608 15491 15301 15294 16027 16069 15868 15468 15680 16032 16150 16439 16887 17330 17804 18100 18159 18638 19214 19995 20255 20913 21344 21396 21083 21629 21338 20829 21405 21386 20524 19871 19363 19105 19224 19136 19438 19707 19827 20026 20065 19822 19504 18909 18274 17955 17732 16903 16830 16867 17282 17436 16807 16671 16412 16315 16317 16396 17672 18660 18578 18021 17555 17550 17263 17445 17363 17475 18007 18213 18144 18324 18678
14981 14985 14986 15078 15527 15615 15647 15754 16152 16114 15932 15943 15803 15806 15763 15900 16269 17070 17764 18277 18739 18748 19126 19723 20186 20772 21420 21820 21956 21918 21667 21154 20671 20446 19696 19090 18932 19026 19036 19272 19483 19768 20322 20542 20580 19855 19610 18611 17283 17360 17690 17071 16867 16276 16735 17721 18093 17694 17058 16646 16791 16760 17900 19285 19287 18787 17724 18163 17882 17402 17354 17369 17928 18027 17831 18104 18648
15044 15013 15005 15030 15232 15467 15445 15557 15934 16033 16121 16024 15813 15778 15902 16320 16224 16206 17821 18599 19188 19174 19287 19965 20260 20604 21513 22010 22092 21902 21480 21076 20374 19616 19028 18996 18940 19181 19058 19275 19821 20092 20534 20651 20853 20696 20749 20519 19591 18714 17676 17086 16685 14874 15066 17367 18416 18272 17790 17444 17426 17362 18481 19261 19327 19100 18576 18669 18485 18182 18395 18169 18022 17819 17666 17790 17907
15462 15447 15008 15038 15247 15427 15489 15445 15631 15974 15993 15985 15859 15853 15935 16235 16612 17377 18076 18813 19403 19699 19926 20365 20461 20981 21789 22327 21755 21418 21405 20858 20116 19302 18964 18925 19007 19079 19204 19491 19851 20250 20565 20771 20958 20864 21415 21519 20563 18961 17727 17334 17107 15720 16110 17714 18309 18309 18387 18559 18324 18269 18719 19157 19190 18870 18781 18741 18633 18551 19142 19112 18967 18698 17931 18272 18303
15626 15466 15036 14980 15184 15415 15577 15585 15695 16000 16277 16027 15891 15879 15940 16438 16865 17475 18180 18741 19476 19896 20151 20596 20846 21465 21718 22390 22490 21921 21648 20750 20060 19197 18976 18982 19004 19073 19094 19462 19778 20311 20749 21067 21283 21657 21937 21931 21038 19353 18264 17717 17781 17440 17698 18149 18442 18492 19018 18886 18694 18825 19049 19271 19257 18796 18798 18760 18808 18942 18831 18785 18741 18485 17953 18600 18822
15215 15175 14994 14942 14967 15209 15247 15424 15858 16181 16283 15923 15957 15870 16001 16388 16874 17922 18204 18669 19060 19889 20402 20640 21083 21760 22051 22492 22566 22400 21551 20728 19913 19071 18981 19028 18986 19016 19042 19146 19960 20704 21282 21846 22227 22511 21995 22129 21434 19962 19137 18333 18237 18287 18212 18023 18120 18198 18808 18869 18523 18934 19006 19057 19033 18386 18145 18339 18347 19023 19053 18834 18819 18305 17772 18206 18510
15118 14993 14920 14901 14932 15006 15063 15204 15312 15613 16071 15942 15988 15883 16218 16566 17086 17933 18131 18404 18957 19846 20402 20614 21189 21839 22281 22271 22038 22157 21397 20546 19768 19090 19014 18992 18993 19075 19260 20184 20736 21405 21698 22300 22700 22700 22622 21768 21812 21171 19736 18643 18339 18787 18761 18610 18279 18434 18419 18888 19032 19503 19377 19109 18302 18108 18144 18394 18397 18691 19101 19226 18916 18729 18327 17836 17868
