Alternative/Moon/Lvl0_30x30/Ele_DF.asc
ncols         335
nrows         335
xllcorner     -3292508.343
yllcorner     -3377166.958
cellsize      10000
nodata_value  -9999.0
[rows 136 to 169 of 335, columns 0 to 76 of 335]
16672 16731 16707 16660 16599 16470 16471 16490 16501 16499 16515 16542 16561 16580 16585 16581 16567 16571 16667 16701 16617 16554 16617 16618 16680 16698 16726 16677 16609 16610 16586 16579 16567 16559 16553 16530 16506 16495 16486 16477 16473 16455 16445 16434 16435 16622 16625 16620 16402 16390 16390 16377 16368 16357 16340 16327 16297 16273 16255 16219 16189 16166 16164 16135 16149 16156 16148 16142 16155 16175 16177 16225 16227 16196 16179 16199 16230
16660 16644 16617 16646 16624 16523 16469 16492 16503 16503 16486 16494 16535 16563 16585 16652 16638 16604 16593 16731 16764 16761 16759 16674 16686 16746 16788 16775 16681 16638 16619 16612 16596 16592 16586 16566 16544 16534 16521 16498 16494 16490 16470 16456 16444 16450 16450 16446 16429 16425 16424 16417 16408 16393 16373 16357 16333 16300 16269 16241 16211 16208 16194 16194 16197 16177 16176 16178 16214 16208 16225 16218 16202 16192 16185 16236 16253
16658 16674 16738 16754 16686 16563 16500 16482 16482 16488 16471 16448 16483 16531 16535 16573 16587 16581 16582 16572 16731 16812 16840 16772 16817 16940 16855 16832 16753 16666 16652 16633 16618 16614 16607 16595 16580 16563 16547 16521 16494 16496 16498 16470 16463 16460 16467 16467 16455 16456 16454 16438 16432 16413 16397 16367 16346 16312 16283 16260 16244 16220 16220 16213 16202 16206 16207 16203 16219 16227 16219 16195 16206 16201 16213 16231 16297
16596 16643 16781 16827 16808 16651 16600 16528 16498 16495 16473 16478 16482 16476 16470 16471 16483 16515 16500 16488 16514 16664 16794 16869 16946 16946 16944 16929 16775 16708 16692 16671 16654 16643 16631 16617 16603 16574 16556 16534 16513 16512 16507 16492 16480 16473 16469 16466 16476 16485 16481 16465 16459 16444 16410 16396 16374 16351 16322 16288 16273 16255 16250 16232 16232 16232 16245 16246 16252 16259 16243 16218 16213 16220 16232 16229 16301
16609 16608 16652 16819 16769 16712 16685 16540 16525 16517 16502 16495 16494 16487 16482 16479 16484 16490 16521 16487 16446 16520 16683 16789 16808 16874 16934 16916 16846 16762 16747 16702 16692 16711 16736 16682 16650 16609 16590 16587 16579 16581 16574 16514 16501 16498 16536 16644 16651 16606 16600 16600 16478 16467 16447 16419 16390 16370 16347 16316 16305 16295 16293 16272 16264 16263 16266 16261 16260 16302 16302 16259 16259 16329 16352 16301 16263
16609 16608 16614 16612 16683 16686 16647 16580 16573 16552 16566 16540 16523 16497 16492 16499 16523 16499 16466 16454 16447 16573 16647 16641 16725 16816 16908 16949 16981 16988 16872 16733 16711 16768 16809 16830 16812 16763 16675 16652 16681 16700 16733 16702 16700 16702 16690 16636 16566 16554 16571 16573 16569 16533 16481 16436 16412 16396 16367 16350 16336 16335 16321 16308 16314 16300 16291 16290 16302 16317 16294 16298 16358 16462 16455 16393 16297
16617 16611 16581 16545 16541 16562 16563 16564 16568 16564 16588 16601 16592 16557 16551 16608 16586 16534 16493 16458 16501 16562 16639 16604 16579 16662 16741 16868 16919 16990 16944 16765 16751 16722 16734 16804 16803 16797 16741 16698 16697 16675 16649 16652 16663 16675 16680 16609 16577 16565 16559 16558 16576 16553 16500 16466 16428 16399 16399 16380 16367 16356 16345 16337 16332 16326 16326 16329 16339 16339 16342 16353 16423 16528 16522 16428 16350
16624 16619 16594 16539 16514 16518 16523 16529 16536 16547 16586 16612 16617 16615 16599 16617 16596 16561 16520 16492 16498 16545 16525 16535 16508 16470 16446 16505 16614 16767 16873 16824 16771 16714 16666 16646 16660 16662 16641 16725 16724 16643 16651 16654 16629 16634 16625 16589 16574 16554 16536 16542 16558 16518 16496 16486 16458 16436 16419 16419 16411 16406 16389 16376 16368 16369 16359 16370 16395 16401 16408 16414 16480 16575 16567 16419 16362
16634 16621 16600 16546 16523 16510 16526 16532 16542 16548 16571 16553 16582 16621 16659 16667 16659 16639 16606 16596 16606 16659 16632 16562 16452 16411 16381 16367 16496 16440 16458 16544 16502 16480 16439 16457 16481 16536 16572 16603 16641 16580 16560 16566 16562 16550 16524 16520 16525 16522 16513 16553 16631 16626 16571 16557 16518 16479 16458 16458 16449 16440 16438 16421 16421 16407 16420 16432 16447 16458 16465 16482 16570 16570 16676 16821 16396
16652 16624 16583 16541 16524 16522 16525 16523 16517 16528 16535 16563 16609 16624 16639 16646 16634 16605 16572 16638 16629 16616 16561 16525 16501 16446 16363 16346 16335 16316 16320 16298 16310 16380 16435 16465 16388 16314 16336 16353 16366 16419 16384 16446 16374 16351 16359 16342 16349 16372 16413 16453 16464 16492 16470 16518 16568 16543 16509 16491 16480 16472 16470 16465 16452 16451 16463 16784 17019 16510 16524 16546 16585 16676 16579 17083 16688
16671 16638 16591 16537 16535 16530 16528 16506 16492 16502 16510 16552 16586 16592 16584 16528 16502 16460 16520 16568 16508 16451 16461 16479 16488 16506 16462 16390 16350 16323 16296 16281 16270 16296 16387 16357 16261 16217 16227 16225 16204 16201 16217 16261 16247 16216 16195 16213 16247 16248 16220 16219 16219 16342 16372 16472 16627 16686 16549 16518 16502 16505 16486 16486 16478 16495 16584 16963 17100 16740 16602 16609 16735 16872 16696 17112 17116
16768 16667 16636 16579 16552 16547 16537 16522 16535 16551 16571 16595 16602 16590 16548 16475 16455 16576 16578 16604 16435 16424 16452 16455 16453 16477 16506 16467 16410 16360 16335 16275 16252 16234 16222 16217 16206 16216 16205 16186 16176 16124 16114 16106 16115 16181 16156 16153 16133 16063 16052 16109 16170 16212 16254 16395 16579 16710 16693 16612 16520 16505 16498 16493 16488 16511 16561 16656 16702 16701 16725 17087 16946 16793 16816 16673 16973
16818 16771 16684 16641 16598 16588 16590 16581 16603 16626 16634 16660 16685 16666 16582 16589 16626 16617 16612 16604 16431 16429 16449 16447 16441 16431 16409 16424 16424 16385 16370 16325 16268 16222 16220 16220 16210 16217 16198 16174 16151 16126 16127 16108 16095 16083 16066 16068 16053 16048 16035 16031 16029 16065 16166 16247 16342 16474 16574 16586 16509 16489 16474 16471 16479 16524 16569 16746 16751 16766 17176 17253 17058 16969 16932 16652 16729
16907 16895 16908 16763 16717 16671 16654 16657 16694 16705 16704 16671 16687 16687 16686 16789 16770 16696 16647 16433 16414 16430 16435 16438 16419 16427 16401 16373 16384 16387 16409 16377 16342 16256 16230 16216 16206 16214 16201 16182 16174 16161 16150 16114 16094 16087 16084 16066 16059 16056 16047 16037 16032 16040 16036 16025 16206 16237 16262 16352 16404 16412 16403 16422 16443 16576 16641 16743 16744 16780 16908 17167 17289 16892 16890 16666 16745
16866 16929 16936 16896 16785 16747 16722 16707 16726 16732 16714 16693 16671 16748 16810 16813 16780 16665 16482 16426 16410 16420 16432 16431 16405 16392 16381 16371 16352 16343 16351 16355 16341 16302 16258 16235 16235 16235 16243 16234 16241 16178 16166 16126 16118 16116 16095 16069 16057 16054 16050 16043 16039 16033 16027 16021 16017 16038 16165 16308 16346 16367 16376 16377 16406 16526 16605 16683 16659 17219 17327 17081 17183 16902 16811 16790 16706
16804 16894 16948 16953 16894 16815 16753 16720 16723 16741 16727 16697 16652 16718 16837 16793 16637 16513 16466 16432 16407 16408 16411 16412 16396 16374 16363 16363 16347 16337 16348 16338 16332 16307 16274 16276 16323 16385 16470 16568 16462 16308 16260 16213 16173 16151 16091 16079 16069 16064 16055 16049 16041 16029 16028 16022 16004 16002 15989 16115 16378 16405 16374 16354 16427 16499 16615 16860 16653 17625 17584 16801 16873 16763 16845 16790 16747
16730 16734 16747 16844 16888 16889 16825 16764 16731 16712 16705 16650 16649 16724 16808 16785 16691 16519 16481 16444 16418 16405 16396 16401 16388 16357 16344 16347 16338 16338 16349 16344 16324 16299 16280 16276 16478 17061 17137 17037 17168 17127 16613 16287 16196 16140 16126 16099 16089 16068 16051 16044 16031 16022 16019 16004 15993 15981 15977 15968 16300 16323 16361 16390 17318 16941 16977 16964 16427 17095 17152 16594 16688 16751 16761 16740 16856
16784 16722 16695 16656 16621 16714 16804 16753 16760 16735 16666 16588 16701 16720 16672 16711 16718 16533 16498 16467 16443 16415 16408 16394 16379 16350 16335 16331 16325 16333 16343 16364 16339 16317 16304 16309 16691 17254 17044 15365 16371 17280 17047 16562 16282 16182 16148 16093 16068 16055 16042 16024 16018 16002 15989 15986 15980 15978 15974 15970 15961 16256 16284 16557 17973 17702 16641 16345 16364 16466 16524 16466 16444 16599 16564 16323 16505
16824 16798 16722 16678 16624 16591 16629 16676 16620 16551 16549 16600 16686 16702 16696 16694 16688 16527 16501 16470 16442 16419 16408 16386 16370 16337 16324 16325 16315 16340 16478 16452 16317 16305 16309 16349 16910 17300 15087 12855 14350 16829 17022 16599 16302 16193 16161 16103 16071 16057 16039 16023 16003 15998 15985 15972 15973 15973 15974 15974 15970 15970 16447 16602 17864 17677 16405 16365 16432 16426 16411 16428 16423 16382 16404 16237 16282
16831 16871 16867 16700 16661 16606 16640 16616 16578 16584 16585 16677 16710 16716 16708 16710 16641 16537 16511 16481 16455 16413 16393 16367 16336 16314 16297 16281 16292 16299 16404 16380 16314 16318 16302 16438 16961 17366 15380 13367 14608 16819 16989 16442 16289 16190 16150 16098 16073 16049 16050 16016 15993 15998 15982 15960 15955 15960 15967 15988 16119 16111 16391 16415 16693 16688 16907 16942 16314 16171 16107 16287 16159 16155 16191 16196 16251
16707 16820 16821 16796 16695 16611 16622 16602 16620 16633 16614 16688 16733 16747 16728 16759 16625 16553 16531 16487 16454 16412 16384 16352 16319 16304 16290 16273 16274 16269 16269 16286 16298 16300 16310 16368 16767 17356 17365 16745 17187 17321 16753 16380 16246 16168 16162 16146 16134 16129 16118 16107 16121 16097 16088 16061 16025 16021 15999 15995 16478 16287 16305 16351 16542 17158 17599 17469 16831 16315 16086 16058 16086 16060 16094 16087 16138
16624 16634 16730 16747 16699 16625 16558 16601 16658 16684 16634 16706 16762 16776 16768 16782 16609 16557 16528 16486 16445 16403 16365 16334 16326 16305 16279 16456 16589 16287 16260 16267 16254 16254 16259 16306 16530 16992 17438 17404 17255 16784 16384 16214 16184 16199 16180 16178 16164 16163 16157 16144 16202 16619 16478 16386 16260 16118 16068 16644 16923 16897 16953 16677 17188 17544 17698 17692 17382 16958 16306 15909 16014 16085 16047 16051 16077
16613 16627 16625 16738 16689 16633 16546 16593 16665 16744 16675 16704 16763 16791 16794 16769 16652 16567 16521 16477 16441 16397 16364 16346 16328 16300 16292 16528 16556 16553 16276 16235 16213 16206 16243 16250 16365 16474 16612 16648 16573 16346 16504 16186 16204 16203 16180 16202 16177 16162 16147 16116 16111 16372 16406 17021 16834 16219 16169 16658 16921 16931 16961 17132 17703 17409 16265 15529 16855 17066 16617 15886 15948 16036 16033 16006 16045
16618 16615 16601 16574 16637 16659 16624 16595 16666 16745 16682 16667 16742 16787 16796 16778 16677 16571 16521 16502 16448 16425 16380 16347 16331 16305 16307 16578 16466 16573 16278 16209 16189 16182 16189 16218 16221 16260 16340 16381 16321 16602 16823 16330 16205 16195 16171 16313 16252 16161 16124 16108 16100 16095 16379 16826 16577 16196 16223 16304 16656 16939 17086 17274 17487 15709 13481 12306 14669 17017 16870 16053 15819 15836 15953 15982 16089
16639 16644 16635 16634 16554 16543 16519 16562 16625 16669 16618 16603 16739 16775 16795 16781 16697 16586 16539 16521 16460 16428 16401 16352 16311 16285 16280 16461 16526 16348 16235 16193 16164 16162 16164 16167 16191 16193 16227 16269 16240 16269 16363 16307 16209 16187 16173 16204 16235 16138 16116 16097 16086 16079 16092 16086 16208 16217 16238 16383 16568 16499 16520 16840 17284 15013 12759 11818 14220 16942 16805 16083 15861 15736 15864 15991 16139
16640 16658 16663 16699 16652 16538 16499 16547 16601 16635 16603 16567 16693 16787 16769 16743 16701 16602 16550 16522 16511 16465 16433 16378 16320 16288 16258 16243 16253 16204 16197 16153 16154 16165 16242 16347 16274 16174 16194 16185 16253 16206 16234 16225 16196 16160 16146 16140 16132 16121 16101 16071 16075 16078 16076 16137 16250 16582 17139 17552 17134 16680 16485 16764 17233 17017 15377 14724 16488 16961 16537 15960 15842 15741 15737 15951 16021
16633 16685 16734 16703 16683 16530 16518 16558 16569 16625 16580 16502 16648 16788 16796 16722 16663 16591 16563 16555 16524 16491 16463 16412 16351 16295 16268 16236 16226 16191 16190 16150 16151 16205 16411 16176 16276 16199 16194 16228 16305 16180 16189 16230 16193 16152 16137 16126 16100 16085 16081 16065 16060 16061 16055 16133 16200 16621 17161 17364 17093 16437 16388 16683 17097 17359 17323 17223 17172 16951 16277 15983 15849 15739 15743 15879 15959
16641 16671 16738 16679 16635 16548 16544 16554 16557 16639 16614 16560 16580 16721 16748 16689 16645 16598 16598 16569 16546 16522 16505 16457 16398 16325 16276 16262 16250 16215 16172 16150 16154 16177 16305 16319 16178 16177 16167 16186 16218 16170 16182 16183 16179 16143 16126 16100 16090 16067 16065 16058 16052 16047 16047 16122 16199 16481 16717 16584 16412 16321 16309 16441 16529 16744 17133 17276 16919 16347 16096 15937 15977 15888 15843 15816 15824
16611 16593 16601 16665 16622 16568 16556 16568 16545 16529 16606 16591 16493 16635 16667 16665 16676 16659 16651 16596 16567 16534 16517 16473 16431 16373 16364 16358 16337 16278 16210 16180 16181 16247 16181 16199 16191 16203 16183 16167 16173 16169 16172 16158 16132 16127 16116 16092 16156 16149 16050 16047 16036 16031 16045 16114 16196 16176 16287 16264 16477 16441 16124 16230 16182 16229 16458 16808 16819 16527 16121 16100 16038 15920 15880 15795 15725
16457 16469 16474 16631 16669 16601 16591 16595 16590 16576 16535 16539 16524 16549 16618 16648 16656 16671 16713 16689 16565 16536 16513 16729 16670 16526 16699 16673 16405 16349 16255 16236 16240 16278 16228 16206 16198 16393 16468 16204 16240 16244 16235 16144 16121 16112 16103 16075 16419 16527 16230 16119 16053 16018 16016 16039 16130 16045 16072 15979 15995 15998 15999 15980 16012 15994 16004 16041 16597 16754 16241 16191 15999 15868 15834 15746 15842
16406 16440 16449 16467 16618 16592 16597 16607 16632 16645 16599 16535 16524 16505 16535 16587 16613 16639 16667 16696 16570 16544 16515 17282 17028 16651 16717 16694 16411 16458 16323 16252 16246 16236 16217 16207 16198 16277 16499 16257 16337 16415 16300 16139 16096 16089 16081 16059 16428 16544 16535 16158 16184 16056 16052 16116 16037 16149 16042 15998 15994 15945 15938 15941 15943 16277 16008 15931 16516 16760 16242 16009 15874 15810 15773 15785 15764
16369 16411 16421 16436 16482 16497 16529 16613 16634 16666 16696 16592 16513 16471 16489 16472 16540 16602 16657 16657 16582 16620 16871 16910 16868 16619 16586 16850 16488 16648 16747 16421 16310 16231 16221 16204 16190 16174 16159 16400 16492 16356 17023 16930 16080 16061 16139 16198 16259 16549 16586 16081 16123 16228 16670 17081 16664 16635 16280 15934 15938 15952 15984 16051 16019 16693 16801 16533 16447 16492 16124 15856 15796 15746 15734 15701 15723
16351 16392 16407 16410 16458 16492 16508 16539 16610 16672 16733 16655 16605 16463 16479 16455 16448 16522 16579 16616 16727 16672 16763 16633 16519 16503 16478 16998 16780 16365 16329 16391 16354 16267 16210 16203 16181 16182 16161 16451 16582 16323 16989 16825 16053 16192 16196 16219 16614 16633 16297 15964 15817 15878 16775 16911 16798 16483 16031 16695 16564 15964 16080 16270 16109 16285 16360 16105 15905 16119 16025 15827 15776 15708 15692 15634 15689
16341 16377 16402 16409 16399 16431 16517 16486 16592 16694 16720 16702 16653 16523 16458 16443 16417 16434 16501 16562 16632 16637 16754 16639 16578 16502 16449 16768 16703 16349 16378 16334 16346 16278 16205 16282 16237 16238 16251 16515 16269 16164 16412 16201 16276 16177 16361 16248 16475 16443 16313 16102 15786 15860 16500 16271 16189 16091 16027 16476 16527 16088 16112 16166 16236 16034 15889 15819 15813 15825 15833 15823 15809 15773 15686 15619 15655
