Alternative/Moon/Lvl0_30x30/Ele_AH.asc
ncols         335
nrows         335
xllcorner     3407491.657
yllcorner     6672833.042
cellsize      10000
nodata_value  -9999.0
[rows 170 to 203 of 335, columns 77 to 153 of 335]
17593 17572 17549 17565 17556 17556 17555 17573 17575 17591 17587 17578 17588 17596 17602 17585 17593 17603 17611 17613 17611 17613 17618 17615 17621 17638 17657 17686 17710 17733 17754 17766 17814 17817 17802 17808 17829 17851 17860 17868 17877 17898 17913 17953 18008 18116 18471 18947 19364 19438 19463 19468 19889 20100 20241 20248 20137 19947 19800 19825 20098 20549 21014 21425 21455 21399 20993 20573 20047 19422 18769 18324 17922 17749 17409 17313 17234
17532 17516 17524 17531 17519 17518 17527 17539 17538 17585 17561 17554 17598 17594 17577 17570 17576 17588 17593 17606 17621 17603 17609 17626 17638 17663 17668 17678 17696 17692 17685 17733 17749 17762 17808 17797 17813 17818 17846 17826 17846 17882 17921 17996 18103 18226 18543 18902 19126 19210 19362 19595 19805 19941 20097 20189 20139 20244 20386 20452 20460 20837 21254 21811 21935 21821 21172 20737 20142 19791 19545 19293 19061 18797 18336 17868 17518
17563 17587 17518 17526 17532 17530 17511 17498 17513 17490 17492 17502 17524 17551 17551 17576 17558 17576 17585 17605 17608 17600 17610 17639 17651 17697 17713 17697 17673 17709 17728 17754 17739 17741 17766 17806 17793 17785 17788 17812 17844 17862 17913 17965 18035 18142 18298 18613 18994 19213 19444 19690 19727 19763 19894 20043 20286 20432 20628 20920 21226 21530 21891 22231 22325 22206 21757 21145 20443 19896 19669 19312 19119 18828 18496 18135 17886
17558 17544 17534 17558 17548 17544 17535 17540 17557 17532 17530 17534 17572 17548 17544 17588 17564 17571 17595 17584 17584 17588 17611 17643 17645 17596 17688 17668 17662 17671 17706 17712 17724 17736 17757 17792 17797 17790 17775 17805 17856 17898 17979 18019 18051 18067 18221 18543 18957 19276 19552 19911 20261 20507 20542 20709 20825 21096 21347 21649 21704 21613 21639 21904 22045 22087 21753 21246 20699 20126 19532 19021 18633 18475 18262 18111 17912
17543 17515 17515 17523 17517 17530 17546 17535 17510 17520 17556 17567 17574 17544 17510 17523 17517 17532 17546 17535 17546 17553 17586 17577 17615 17612 17580 17587 17601 17642 17666 17693 17730 17742 17762 17782 17790 17809 17849 17836 17887 17906 17975 17989 18051 18160 18349 18716 19092 19523 19897 20257 20553 20877 21067 21250 21425 21526 21646 21812 21814 21695 21827 21872 21748 21774 21654 21304 20898 20466 19919 19259 18622 18203 17737 17500 17379
17543 17541 17577 17599 17604 17520 17491 17506 17488 17499 17498 17500 17503 17479 17478 17485 17482 17481 17500 17502 17527 17531 17513 17518 17536 17539 17539 17556 17572 17603 17631 17654 17707 17742 17768 17788 17797 17797 17796 17785 17797 17832 17919 18034 18151 18250 18532 18931 19306 19806 20246 20569 20807 21050 21252 21367 21427 21407 21348 21552 21584 21569 21607 21602 21348 21130 20794 20679 20288 19937 19343 19297 19189 19068 18813 18443 18349
17602 17565 17532 17615 17654 17538 17530 17492 17556 17523 17506 17490 17482 17467 17478 17490 17505 17492 17484 17491 17510 17502 17512 17522 17534 17542 17552 17585 17620 17659 17688 17714 17774 17786 17861 17865 17844 17880 17922 17911 17966 18130 18354 18600 18845 19125 19284 19445 19662 19988 20339 20756 21001 21031 21071 21120 21108 21104 21051 21036 21039 21031 20911 20702 20534 20375 20130 20400 20562 20554 20547 20510 20456 20398 20365 20197 20266
17611 17612 17559 17652 17645 17555 17524 17503 17568 17545 17515 17511 17497 17502 17502 17501 17495 17485 17487 17501 17505 17516 17534 17535 17550 17570 17594 17642 17674 17702 17734 17779 17782 17819 17877 17911 17905 17948 18018 18076 18110 18212 18423 18582 18872 19163 19323 19415 19444 19407 19657 19936 19911 20050 20017 20081 20101 20157 20237 20151 20078 20045 19920 19871 19908 20002 20425 20589 20711 20691 20661 20595 20568 20599 20550 20712 20948
17634 17652 17641 17635 17639 17584 17614 17649 17640 17631 17623 17613 17595 17525 17519 17503 17506 17484 17486 17485 17489 17518 17531 17550 17595 17618 17661 17699 17745 17723 17750 17788 17797 17816 17863 17962 17952 17959 18015 18077 18247 18318 18559 18678 18864 18988 19182 19194 19104 19151 19131 19062 19053 18996 18948 19142 19098 19137 19091 19053 19127 19301 19622 19846 19935 20067 20390 20503 20291 19696 19062 18634 18530 18934 19600 20248 20854
17603 17608 17603 17589 17579 17585 17603 17618 17658 17674 17654 17634 17619 17613 17616 17601 17575 17559 17586 17585 17583 17588 17595 17619 17642 17666 17711 17742 17754 17775 17779 17808 17827 17830 17845 17910 17969 18037 18219 18640 19032 19402 19653 19664 19608 19553 19395 19211 19011 18952 18850 18934 19001 18890 18843 18902 18906 18946 19054 19066 19128 19371 19758 19904 19885 20241 20518 20862 21174 21242 21147 20989 20873 20692 20330 20323 20413
17577 17587 17580 17587 17607 17614 17645 17632 17641 17659 17644 17657 17637 17649 17637 17611 17607 17614 17650 17675 17735 17753 17761 17728 17707 17722 17741 17754 17780 17801 17834 17884 17916 17920 17952 18075 18291 18568 18839 19231 19665 19970 20304 20551 20705 20818 20816 20901 20782 20479 19918 19566 19452 19341 19252 19321 19508 19569 19541 19578 19802 20136 20372 20561 20842 21337 21378 21541 21709 21688 21414 21169 21071 20884 20397 19887 19520
17563 17549 17573 17555 17584 17592 17601 17612 17587 17612 17618 17627 17621 17609 17612 17633 17633 17677 17713 17742 17754 17768 17793 17809 17791 17800 17814 17801 17832 17848 17852 17895 17929 17982 18028 18098 18301 18525 18782 19130 19699 20057 20500 21007 21212 21399 21593 21581 21112 20514 19752 19070 18375 18160 18514 19028 19578 20290 20481 20715 21029 21411 21576 21582 21518 21448 21469 21596 21729 21732 21630 21311 20856 20526 20297 20099 19635
17659 17643 17661 17678 17688 17686 17681 17689 17669 17713 17717 17710 17700 17724 17719 17720 17737 17744 17776 17789 17805 17805 17813 17821 17815 17822 17849 17925 17932 17934 17944 18033 18121 18286 18587 18796 19172 19545 20010 20271 20601 20809 21105 21267 21390 21378 21485 21556 21273 20849 20169 19694 19710 19899 20315 20845 21264 21346 21371 21328 21512 21755 21899 21794 21626 21408 21349 21296 21412 21439 21459 21271 20960 20711 20475 20261 19944
17739 17737 17736 17745 17781 17781 17762 17772 17787 17808 17849 17853 17866 17884 17855 17859 17825 17830 17832 17834 17837 17839 17859 17859 17888 17910 18020 18027 18168 18433 18581 18820 18945 19224 19507 19688 19894 20042 20290 20536 20697 20855 21051 21156 21079 20944 20999 20958 21136 21104 21043 20995 20860 20998 21133 21352 21558 21566 21582 21553 21383 21371 21320 21337 21307 21023 21337 21242 21299 21104 20859 20606 20517 20471 20357 20361 20189
17826 17862 17898 17879 17838 17861 17881 17863 17999 17986 17970 18124 18210 18260 18056 17962 17944 17947 17993 18018 18069 18039 18179 18343 18410 18424 18766 19057 19335 19627 19858 20096 20385 20573 20544 20326 20083 20019 20051 20067 20119 20164 20246 20253 20136 19987 19865 19770 19939 20026 20221 20179 20047 20101 20126 19896 19767 19731 19729 19686 19401 19333 19370 19403 19390 19225 19268 19369 19423 19490 19557 19687 19676 19667 19893 19926 19957
17895 17899 17889 17886 17880 17936 17997 17985 18005 18022 18069 18161 18248 18266 18077 18019 18379 18624 18668 18758 19085 19421 19609 19717 19742 19888 19990 20356 20579 20591 20679 20813 20792 20771 20682 20439 20180 19878 19804 19664 19558 19574 19484 19522 19577 19461 19387 19341 19437 19383 19452 19364 19386 19474 19301 18851 18483 18369 18336 18296 18155 18278 18691 18820 18785 18568 18284 18152 18251 18342 18446 18444 18493 18510 18795 18987 19357
19368 19178 19028 18916 18956 18996 18928 19031 18945 18881 18679 18273 18177 18158 18166 18229 18284 18583 18846 19064 19433 19758 20259 20549 20656 20722 20751 20811 20900 21000 21054 20868 20670 20503 20393 20138 20007 19856 19812 19872 19789 19701 19645 19396 19416 19404 19265 19237 19232 19159 19181 19310 19225 19378 19325 18903 18779 18697 18496 18365 18261 18260 18319 18413 18487 18428 18329 18274 18241 18210 18189 18198 18235 18269 18237 18315 18338
20085 20272 20294 20165 20064 20072 20078 20068 20107 20193 20162 19748 19481 19284 19055 19312 19359 19395 19476 19533 19556 19627 20191 20468 20495 20525 20605 20534 20554 20554 20437 20384 20341 20295 20086 19775 19650 19614 19684 19759 19772 19744 19709 19795 19846 19540 19021 18816 19166 19408 19591 19136 18850 18432 18056 18207 18172 17894 17048 16624 16521 17003 17321 18008 18499 18551 18449 18400 18408 18423 18258 18257 18278 18271 18304 18268 18234
20060 20277 20291 20236 20130 20147 20194 20259 20353 20389 20405 20358 20209 20106 19947 19726 19546 19517 19475 19853 19970 19970 19941 19879 19877 19926 19932 19879 19978 19954 20076 20142 20155 19941 19805 19622 19599 19590 19598 19597 19598 19601 19621 19776 19967 20106 20367 20495 20657 20711 20616 20435 20142 19623 19166 18588 18279 18375 18608 18666 18609 18536 18521 18595 18614 18522 18356 18293 18253 18234 18198 18091 18042 18041 18130 18220 18187
19881 19889 19867 19939 19929 19934 19988 20066 20083 20266 20330 20266 20271 20247 20010 19950 19857 19856 19804 19785 19915 19894 19752 19591 19744 19862 19853 19889 19944 19883 19777 19688 19689 19731 19767 19643 19601 19595 19604 19610 19607 19593 19607 19661 20032 20314 20386 20473 20560 20569 20546 20543 20536 20523 20496 20413 20007 19731 19120 18654 18577 18501 18364 18313 18324 18325 18293 18266 18203 18139 18134 18180 18128 18072 18145 18311 18632
19795 19710 19729 19770 19865 19961 19963 20036 19933 20046 20098 20021 19956 19905 19871 19658 19682 19693 19716 19653 19682 19672 19660 19615 19738 19785 19809 19805 19754 19717 19814 19804 19748 19670 19665 19647 19611 19599 19617 19712 19861 19858 20063 20091 20172 20355 20408 20450 20461 20498 20483 20470 20473 20545 20675 20829 21038 21120 20999 20589 20135 19782 19605 19537 19518 19326 19054 19038 18904 19054 19259 19460 19500 19313 19293 19340 19306
19615 19699 19844 20018 20029 20046 20059 19942 19882 19863 19789 19726 19688 19657 19720 19771 19749 19624 19637 19753 19650 19671 19791 19890 19853 19808 19738 19642 19608 19557 19697 19772 19766 19733 19680 19638 19661 19676 19713 19733 19732 19845 20020 20019 20006 20063 20169 20289 20377 20377 20323 20260 20370 20487 20632 20830 20961 21233 21427 21720 21976 22013 22044 22053 21957 21744 21529 21265 21010 20905 20767 20594 20331 19981 19748 19576 19408
19302 19557 19728 19844 19821 19707 19656 19585 19451 19402 19489 19547 19534 19531 19573 19579 19486 19506 19646 19631 19525 19646 19782 19846 19811 19681 19408 19334 19298 19082 19210 19450 19542 19596 19632 19614 19558 19561 19489 19555 19600 19626 19634 19652 19815 19804 19690 19318 19338 19585 19979 20049 20166 20228 20347 20593 20720 20747 20760 21107 21477 21751 21824 21826 21811 21637 21412 21025 20754 20588 20499 20358 19962 19568 19209 18907 18793
19027 19046 18986 18979 19084 19076 19013 19131 19239 19270 19262 19300 19329 19340 19368 19393 19380 19350 19383 19393 19139 19433 19563 19434 19119 19112 19236 19252 19226 19143 19079 19143 19249 19285 19253 19315 19303 19358 19479 19536 19763 19753 19681 19548 19519 19506 19337 19243 19199 19403 19682 19833 19784 19813 19799 19830 20088 20266 20432 20525 20590 20711 20748 20801 20842 20490 20425 20402 20129 19847 19503 19177 18913 18573 18436 18504 18539
18113 18265 18661 18793 18816 18889 18979 19062 19133 19132 19161 19101 19037 19023 18959 19055 19124 19159 19106 19062 19040 19037 19054 19029 18972 18892 18962 18946 19108 19184 19166 19108 18990 18941 18941 19106 19231 19319 19425 19490 19530 19601 19597 19560 19560 19561 19420 19372 19248 19139 19149 19302 19517 19580 19710 19768 19753 19765 19761 19972 20148 20349 20435 20462 20418 20343 20105 19862 19484 19194 18839 18548 18274 18262 18590 18808 18647
17998 18009 18002 18068 18377 18553 18653 18518 18437 18436 18553 18571 18625 18672 18661 18705 18708 18734 18791 18847 18911 18976 19043 19090 19081 19084 18992 18897 18795 18961 18943 18898 18736 18767 18852 18718 18779 18768 18970 19273 19476 19536 19524 19420 19373 19358 19430 19482 19322 19171 19176 19223 19200 19142 19162 19032 19166 19390 19483 19705 19674 19610 19603 19579 19431 19420 19133 18766 18400 18242 18097 17946 17949 18168 18502 18851 18861
17947 17964 17978 17974 18001 18130 18326 18448 18446 18518 18493 18448 18477 18491 18535 18562 18520 18526 18533 18598 18641 18639 18694 18769 18804 18877 18907 18836 18742 18668 18777 18785 18624 18687 18648 18487 18437 18447 18602 19034 19349 19364 19348 19287 19236 19380 19472 19558 19564 19562 19434 19312 19355 19364 19294 18799 18162 17856 17806 17913 18209 18327 18436 18519 18505 18466 18329 18145 17879 17806 17818 17776 17733 17808 17927 18085 18343
17924 17933 17945 17951 17987 17983 18080 18264 18413 18544 18559 18500 18534 18590 18566 18506 18459 18447 18433 18588 18591 18556 18511 18447 18483 18427 18462 18443 18515 18548 18568 18592 18520 18502 18468 18388 18376 18390 18481 18601 18713 18795 18923 19037 19097 19142 19356 19484 19544 19567 19471 19432 19299 19058 18947 18366 17824 17671 17618 17589 17646 17605 17694 17806 17795 17762 17754 17674 17620 17636 17630 17649 17583 17601 17663 17634 17639
18016 18026 17980 18023 18082 18024 18005 17991 18029 18208 18567 18558 18567 18603 18581 18579 18487 18485 18484 18462 18380 18429 18437 18456 18468 18389 18328 18256 18248 18234 18263 18243 18245 18266 18247 18295 18295 18312 18533 18769 18922 18938 18939 18924 18940 19096 19297 19295 19127 19091 19245 19291 19339 19322 19167 18987 18615 18320 17840 17617 17600 17588 17552 17538 17524 17580 17569 17547 17574 17587 17584 17545 17561 17530 17572 17578 17497
18227 18052 18044 18005 18305 18408 18407 18400 18228 18212 18364 18551 18697 18685 18599 18479 18501 18484 18597 18600 18562 18537 18608 18642 18669 18656 18588 18482 18408 18258 18233 18248 18249 18258 18265 18209 18293 18305 18471 18717 18824 18943 19054 19027 18703 18220 18053 17813 17800 17874 17750 17870 18133 18301 18407 18513 18441 18259 17890 17685 17614 17625 17662 17658 17653 17634 17546 17517 17483 17483 17520 17482 17443 17455 17457 17431 17433
18643 18640 18536 18343 18194 17985 18022 18113 18136 17992 18225 18334 18518 18565 18726 18910 19087 19115 19156 19206 19047 19038 18993 18876 18772 18701 18710 18681 18606 18501 18420 18396 18511 18573 18621 18618 18626 18612 18638 18724 18827 18861 18587 18195 18515 18668 18708 18672 18547 18301 18086 17736 17897 17932 17829 17535 17479 17500 17494 17506 17503 17526 17459 17539 17528 17604 17651 17638 17552 17555 17493 17441 17454 17475 17443 17450 17443
18066 18167 18297 18105 18007 17960 17928 17870 17861 17863 17879 18005 18081 18342 18701 18832 19079 19232 19353 19397 19403 19398 19484 19449 19324 19012 18918 18827 18639 18537 18440 18444 18628 18686 18705 18700 18755 18785 18782 18765 18795 18880 18843 18881 19024 19137 19149 18900 18541 18185 17782 17645 17620 17590 17499 17450 17399 17428 17419 17484 17451 17425 17454 17459 17468 17484 17547 17521 17487 17479 17489 17501 17441 17447 17481 17444 17388
17898 17894 17884 17866 17842 17837 17825 17837 17849 17842 17825 17850 17853 17854 17869 17994 18431 18796 19170 19520 19994 20032 20078 19992 20018 19956 19671 19201 18998 18829 18486 18410 18426 18444 18531 18671 18790 18930 18966 18975 18986 18977 18819 18947 19031 19007 18474 18026 17894 17751 17636 17565 17494 17456 17431 17442 17404 17380 17373 17364 17388 17400 17419 17426 17445 17441 17433 17420 17414 17418 17426 17434 17436 17471 17660 17658 17572
17941 17924 17851 17929 17866 17838 17828 17789 17807 17833 17837 17837 17838 17835 17844 17843 17860 18066 18681 19489 20181 20310 20239 20071 19944 19747 19602 19654 19619 19595 19384 19048 18871 18631 18561 18710 18836 18995 19145 19306 19443 19400 19238 18973 18648 18122 17998 17760 17635 17643 17613 17532 17460 17442 17399 17364 17355 17356 17360 17374 17365 17382 17411 17411 17428 17433 17473 17468 17438 17432 17451 17462 17451 17469 17538 17548 17550
