Alternative/Moon/Lvl0_30x30/Ele_EG.asc
ncols         335
nrows         335
xllcorner     57491.657
yllcorner     -6727166.958
cellsize      10000
nodata_value  -9999.0
[rows 68 to 101 of 335, columns 0 to 76 of 335]
17689 16635 17226 18920 18898 18334 18328 18507 19049 19100 19250 19328 19349 18920 17237 16254 15471 15503 16051 16129 17262 19052 19995 19787 19637 19335 19223 19185 18545 18238 18507 18583 18390 18529 18449 18666 18680 18597 18566 18576 18678 18701 18771 18907 18948 19001 18990 18838 18954 18903 18838 18445 18428 18590 18745 18390 17334 16526 16013 15460 15136 15042 14990 14967 14957 14998 14910 14880 14874 14866 14919 15531 16541 16134 14734 13749 14620
18825 17767 18143 18973 18670 18213 18176 18401 19024 18988 19066 19135 19156 19131 17922 16667 15792 15485 15496 16326 18221 19733 20139 19851 19627 19374 19272 19043 18616 18519 18286 18271 18379 18785 18802 18408 18673 18629 18503 18463 18612 18685 18669 18779 18813 18519 18994 18972 18938 18843 18868 18861 18993 19093 19063 18613 17487 16925 16391 15681 15133 15028 14974 14964 14966 14953 14893 14883 14893 14901 14911 15465 16577 16670 16148 15248 16256
19153 19327 19187 18954 18638 18193 18011 18266 18295 18369 18456 18626 19021 19044 18928 17982 16809 16358 15682 17268 19327 19878 20000 19415 19087 19109 18991 18658 18400 18431 18317 18312 18291 18673 18719 18527 18606 18555 18331 18396 18528 18749 18741 18749 18752 18828 18956 19158 18957 18779 18939 19058 19234 19234 19236 18747 17673 17209 16884 16013 15209 15002 14980 15019 15005 14959 14974 14974 14882 14885 14935 14999 15919 16766 16949 17867 18350
18658 19150 19063 18808 18491 18211 17978 18145 18238 18300 18460 18725 18634 18806 18907 18699 17800 16994 17042 17970 19642 19752 19631 19179 18701 18757 18588 18255 18110 18269 18264 18368 18347 18364 18640 18698 18601 18596 18478 18466 18487 18663 18688 18614 18781 18894 18936 18969 18905 18839 18799 18933 19170 19229 19266 19145 18554 17927 17191 16369 15563 15097 15002 14953 14975 14987 14920 14876 14873 14889 15038 15063 15112 15885 16786 17625 18475
18730 18679 18611 18571 18200 18179 18290 18395 18521 18526 18475 18671 18626 18660 18584 18716 18559 18196 17746 18525 19537 19526 19149 18879 18256 18135 17929 17972 17956 18254 18198 18330 18350 18156 18284 18680 19066 19081 18636 18527 18679 18703 18688 18770 18790 19077 19056 19282 19180 18846 18816 18927 19086 19059 19196 19421 19323 18808 18203 16971 16315 15676 15175 15059 15042 15027 15041 15052 14883 14998 15112 15293 15368 16027 16805 17434 17511
18728 18715 18559 18384 18204 18151 18127 18441 18652 18611 18490 18532 18618 18773 18849 18759 18869 19090 19001 19161 19582 19512 18852 18597 18229 18040 17811 17965 17993 18090 18057 18012 18164 18113 18102 18570 19023 19038 18627 18586 18737 18870 18948 19071 19134 19454 19306 19419 19348 19082 18986 19020 19190 19266 19393 19573 19668 19446 18898 17706 17191 16396 15937 15624 15177 15092 15189 15209 14966 14982 15051 15438 15907 16469 17068 17488 18078
18840 18935 18568 18067 18295 18426 18562 18734 18755 18776 18776 18770 18817 18833 19032 19262 19474 19633 19805 19692 19334 19174 18586 18152 17909 17910 17753 17833 17852 17944 18125 18098 18049 18162 18151 18236 18487 18469 18582 18673 18558 18781 19025 19328 19576 19864 19564 19332 19102 19211 19207 19277 19403 19581 19550 19554 19774 19787 19445 19055 18180 17455 16732 16035 15644 15560 15356 15274 15489 15481 15399 15657 16177 16789 17479 17990 18522
18834 18829 18462 18301 18210 18446 18805 18897 18983 19005 19171 19345 19203 18827 18753 19168 19368 19396 19592 19539 19062 18588 18356 18134 17690 17487 17556 17729 17711 17822 17995 18036 17962 17948 18149 18199 18435 18580 18810 18713 18642 18755 19170 19342 19463 19635 19362 18830 19058 19083 19109 19405 19455 19526 19776 19916 20078 20063 19843 19427 19389 18892 17467 16461 16261 16144 16032 16026 16298 16497 16528 16581 16716 17225 18283 18560 18604
18661 18546 18545 18359 18260 18447 18772 18990 19035 19241 19275 19245 18500 17585 17028 17564 18189 18536 19068 19058 18749 18731 18363 18283 18053 17724 17496 17475 17681 17781 17848 17877 17949 18122 18304 18291 18766 18991 18974 19010 18926 18963 19154 18649 18152 18132 18097 17798 17985 18311 18427 19013 19250 19448 19402 19611 19729 19972 19836 19744 19783 19599 18968 17919 17913 17850 17639 17380 17629 17888 18014 17791 17915 17939 18392 18540 18495
18682 18370 18520 18476 18596 18584 18761 19023 19104 18800 18596 17683 16940 16417 15925 16307 16841 17070 17568 18163 18727 18752 18417 18202 17914 17878 17497 17554 17590 17716 17822 17970 18121 18552 18566 18648 19040 19227 19106 19052 18853 18660 18481 17726 17090 16903 17078 16978 17117 17115 17009 17446 18193 18382 18649 18899 19324 19252 19561 19719 19786 19696 19711 19502 19318 19124 18915 18632 18663 18653 18654 18515 18732 18594 18550 18520 18256
18740 18738 18801 18887 18968 18937 19234 18933 18745 17763 16524 15652 15379 15053 14795 15161 15259 15597 16313 16900 17821 18525 18668 18564 18061 17970 17727 17661 17578 17679 17825 17827 18192 18446 18607 18936 19200 19247 19036 18304 17358 17253 16941 16337 15884 15713 15723 15834 15732 15525 15473 15769 16760 17057 17147 17484 17888 18229 18828 19331 19629 19604 19700 19612 19536 19509 19523 19233 19173 18855 18776 18564 18895 18778 18737 18582 18468
18850 18950 19128 19182 19379 19447 19494 18990 17974 16594 15375 14830 14476 14427 14387 14409 14414 14491 14987 16184 17073 18338 18746 18604 18239 17984 17927 17825 17837 17789 17823 18125 18131 18271 18493 18783 18826 18544 18024 16708 15362 15494 15922 15475 15073 14932 15170 15023 14979 15012 15046 15104 15278 15490 15670 16072 16362 16867 17888 18979 19624 19843 19898 19656 19668 19665 19391 19058 19144 18901 18752 18431 18494 18531 18384 18350 18388
19007 19051 19098 19005 18693 18976 19257 19076 17730 16254 15008 14595 14735 14638 14343 14379 14364 14331 14558 15832 16642 17305 18464 18627 18313 18244 18039 17908 17952 17882 17931 18150 18159 18462 18697 18620 18431 17963 17331 16541 15676 15481 15327 15053 14972 14862 14857 14830 14825 14882 14837 14863 14921 14923 15000 15373 16060 16280 16864 17625 18631 19294 19691 19739 19632 19574 19343 19481 19368 18774 18773 18623 18376 18275 18311 18330 18253
19204 19128 19098 18224 17352 17227 17528 18000 17360 16170 15179 14827 15221 15192 14680 14621 14637 14549 14800 15447 16489 17495 18792 18983 18549 18188 17908 18168 18034 17941 18076 18123 18110 18446 18691 18730 18414 17704 16943 16189 15677 15532 15193 14989 14938 14861 14812 14825 14818 14813 14809 14848 14866 14874 15015 15047 15489 15579 15870 16764 17743 18480 19132 19292 19419 19327 19289 19535 19444 18640 18384 18240 18251 18269 18290 18232 18218
18929 18813 18794 18658 18311 18462 18965 18739 17664 16665 15630 15002 15236 15238 14971 14858 15138 15024 15084 15721 17060 18271 19358 19283 18830 18375 18366 18286 18069 18169 18181 18322 18466 18852 18816 18499 17897 17155 16369 15417 15228 15081 15050 14898 14869 14841 14779 14783 14751 14733 14698 14746 14815 14838 14853 14910 14958 15005 15391 16189 17154 17626 18426 18621 19238 19223 19187 18871 18536 18311 18287 18359 18301 18281 18278 18194 18133
19987 19817 19598 19863 19821 19682 19528 19154 18326 17469 16311 15384 15404 15402 15169 14990 15271 15537 16005 16530 18047 19095 19589 19543 19090 18608 18479 18491 18515 18516 18646 18965 19093 19088 18995 18219 17480 16715 15767 15349 15036 14892 14874 14852 14819 14820 14777 14740 14723 14702 14756 14787 14859 14913 14857 14837 14948 14950 14968 15443 16400 17080 17811 18210 18706 18439 18378 18466 18344 18437 18373 18486 18467 18295 18308 18255 18173
20512 20334 19833 19920 19950 19803 19460 19156 18967 18317 17213 16395 16092 15696 15377 15339 15661 15691 16607 17587 18858 19716 19713 19618 19188 19143 19151 18993 18988 19074 18910 19210 19340 19167 18934 17786 17530 16814 15845 15284 15045 14924 14884 14862 14822 14814 14834 14801 14722 14683 14719 14735 14643 14804 14844 14817 14859 14911 14824 15021 15723 16342 17467 18193 18652 18663 18863 19043 18620 18432 18429 18466 18405 18328 18333 18305 18259
20137 20138 19538 19539 19586 19615 19625 19789 19736 19197 18151 17504 16966 16452 16001 16068 16440 16439 17148 17953 19133 19631 19452 19244 19222 19245 19236 19059 19111 19102 18428 18432 18518 17916 17503 17417 17384 16565 15986 15422 15098 14957 14893 14833 14834 14835 14814 14789 14710 14702 14677 14735 14679 14716 14738 14792 14799 14815 14831 15008 15105 15782 17204 18339 18762 18745 18848 18903 18602 18383 18368 18424 18340 18380 18444 18347 18417
19477 19620 19420 19279 19510 19874 20475 20771 20720 20145 19402 18819 18183 17841 17298 16626 17612 18243 18358 18289 19012 19140 18614 18273 18771 18972 19205 19103 18782 18794 17200 16880 16452 15887 15634 15828 15974 15573 16140 15841 15066 14947 14888 14854 14846 14785 14765 14783 14724 14710 14680 14700 14638 14628 14753 14839 14872 14909 14860 14994 15096 15870 17287 18623 18716 18393 18844 18420 18393 18424 18371 18382 18404 18393 18647 18617 18484
19324 19209 19492 19791 19849 20286 20895 21066 20985 20652 20285 20053 19500 19174 18898 17939 18243 19333 19525 19020 18834 18535 18138 18556 18675 19330 19651 19149 18300 17491 16492 15686 14918 14658 14502 14504 14727 15132 15990 15916 15569 15157 15004 14981 14889 14762 14756 14769 14729 14691 14681 14807 14672 14669 14772 14850 14875 14932 14952 14971 15382 16202 17283 18338 18750 19457 19402 18947 18638 18528 18392 18373 18442 18450 18458 18478 18715
19669 19820 20030 20081 20367 20832 20927 21187 21162 21142 20957 20916 20647 20248 20243 19768 19853 19769 19624 18856 18448 18180 18165 18666 19176 19792 19885 19081 17645 16529 15131 14698 14451 14315 14332 14187 14250 14368 15179 15598 15549 15260 15177 15035 14840 14794 14782 14767 14712 14708 14693 14712 14705 14688 14722 14873 14939 14927 14969 15186 16155 16426 16114 17457 18971 19655 19628 19318 19210 18810 18550 18455 18375 18423 18595 18720 18509
20203 20228 20306 20567 20929 21016 21402 21432 21383 21063 21147 21163 21007 20916 20838 20233 20295 20145 19777 19093 18804 18607 18329 18626 19146 19702 19855 18946 17281 16107 15162 14629 14572 14560 14370 14224 14265 14364 14397 15187 15556 15559 15426 15209 14929 14853 14793 14799 14802 14781 14716 14730 14734 14740 14790 15009 15154 15191 15425 15722 16486 17454 17848 18459 18978 19049 19445 19157 19114 18876 18733 18535 18455 18380 18620 18974 18842
20317 20309 20094 20196 20594 20962 21589 21785 21517 21121 21315 21473 21434 21029 20873 20417 20159 20188 19934 19457 19079 18818 18512 18530 18974 19561 19673 18975 17640 16586 15365 15061 14715 14526 14347 14328 14660 15058 14914 14904 14656 15305 15485 15362 15220 15026 14995 14928 14937 14823 14845 14894 14999 15020 15321 15566 15742 16112 16358 16788 17225 17638 18538 19387 20077 20176 20122 19701 19351 19261 19156 18914 18501 18609 18670 18978 18995
19684 19605 19577 19620 19177 19125 20002 20157 20202 20130 20310 21323 21428 21181 20734 20515 20046 19909 19479 19360 19139 18858 18777 18833 18928 19263 19429 19337 18287 17129 15956 15278 14759 14455 14559 14689 15287 16010 16006 15189 15292 15319 15661 15501 15282 15293 15337 15329 15361 15029 15124 15478 15716 15830 15969 16087 16513 16981 17062 17645 17822 18265 19030 19418 20447 20729 20628 20549 20257 20163 20005 19736 19106 18775 19087 19562 19851
17085 16895 16905 17248 17743 17813 18062 18902 20050 20210 20107 20099 21079 21178 21007 20703 20304 20208 20026 19668 19268 18917 18817 18852 19051 19173 19327 19404 19085 18060 16920 16335 15458 15324 15315 15722 16445 17046 17307 16464 15576 15711 15882 15654 15511 15529 15653 15753 15621 15635 15840 15920 16026 16160 16428 16821 16974 17299 17584 18358 18776 19225 19994 19795 20596 20714 20734 20540 20397 20092 20052 19850 19231 19064 19455 19563 19975
15068 15196 15510 15833 16139 16145 16217 17229 18263 18833 19716 20141 21096 21308 21315 21272 20848 20579 20152 19821 19585 19361 19383 19211 18977 19078 19229 19299 19331 18989 17895 17341 16707 16583 16709 17276 17622 18083 18149 17658 17195 16702 16329 16314 16274 16000 16055 16127 16104 15924 15948 15937 16185 16237 16778 17121 17640 17714 18071 18884 19406 20161 20912 21054 20943 20997 21006 20934 20581 20248 19812 19609 19099 19076 19321 19284 19720
14125 14221 14498 14593 14621 14682 14715 15460 16432 17043 17649 18888 19913 20797 21127 21200 21021 20924 20485 19838 19707 19907 19960 19425 18831 19244 19260 19348 19495 19523 19297 18717 18401 18601 18803 19239 19265 19138 18608 18173 17892 17767 17370 16946 16881 16694 16638 16427 16228 16686 16779 16828 16890 16970 16877 17706 18212 18676 18892 19490 20223 20301 21186 21208 21306 21153 20945 20944 20789 20569 20182 19655 19171 19206 19200 19471 19777
13580 13420 13426 13465 13841 14037 14160 14581 14893 15428 16529 17776 18572 19711 20211 20670 21028 20872 20809 20274 19920 19814 19753 19225 18541 18471 19099 19221 19455 19574 19741 19810 19802 19902 19879 19875 19812 19674 19390 19128 18997 18670 18037 17134 17795 17653 17461 17023 17308 17360 17422 17726 17792 17870 18064 18402 18759 19076 19313 19710 20373 20984 21293 21531 21540 21349 21275 21056 21141 21122 20420 19868 19136 19106 19124 19313 19742
13223 13140 13177 13128 13111 13253 13793 13661 13946 14397 15237 15994 16909 18372 19851 20219 20966 20912 20660 20479 19992 19828 19382 19241 18802 18694 19087 19166 19125 19165 19472 19673 19823 19895 20112 20139 19873 20143 20282 20256 19786 19439 19324 18629 18598 18335 18010 18122 18092 18084 18122 18181 18511 18732 19810 19972 19815 20324 20582 20492 20802 21748 21756 21665 21559 21360 21181 21112 21080 21075 20478 19825 19498 19462 19437 19370 19676
13347 13206 13109 13110 13135 13111 13169 13374 13804 13904 14064 14985 16294 17415 19006 19918 20793 20832 20913 20798 20402 19983 19570 19045 18781 18690 19122 19166 18844 18647 18757 19165 19581 19922 20079 20128 20400 20622 21024 20926 20580 20365 20211 19921 19789 19633 19205 19091 19327 19099 19698 19747 19627 19896 20508 20674 20497 20350 20761 20818 21524 22046 22026 21656 21323 21168 20894 20922 20950 20862 20477 20169 20185 20103 19899 19641 19953
13523 13437 13586 13912 13537 13185 13107 13114 13172 13285 13545 14584 15564 16565 18053 19101 19746 20485 20898 20841 20565 20569 20012 19284 18744 18607 18709 18780 18545 18497 18642 19099 19588 19619 19674 19993 20613 21139 21522 21512 21342 21402 21497 21176 21071 21023 20910 20746 20300 20080 19859 19933 19752 19856 20310 20407 20293 20135 20260 20418 21230 21722 21766 21423 21401 21526 21518 21248 20936 20881 20929 21008 20768 20529 20019 19404 20212
13939 14682 14370 14426 13724 13478 13102 13117 13210 13332 13462 14056 15089 16083 17201 18770 19856 20529 20897 20900 20520 20531 20049 19405 18875 18811 18792 18729 18599 18581 18702 18995 19230 19290 19600 19973 20790 21286 21419 21027 20445 20686 21595 21740 21908 21757 21446 21451 21340 20822 20040 19673 19310 19275 19102 18810 18423 18333 18354 18657 18954 19466 19851 20573 21016 21355 21447 21324 20914 20887 20886 20833 20705 20335 19861 19893 20265
14026 15300 15764 14583 13756 14025 13787 13296 13304 13305 13592 13993 15027 15904 16973 18409 20258 21161 20847 20458 20148 20139 19802 19505 19321 18986 18636 18712 18592 18921 18916 19022 19310 19724 19960 20041 20741 20646 19462 18711 18860 18907 19924 20983 22130 22180 21865 21662 21162 20113 18900 17992 17698 17285 17014 17136 16979 16890 17122 17550 17948 17868 18008 18330 18822 19130 19283 19409 19187 19090 19082 19045 18888 18887 19497 20166 20533
14138 15631 15897 14861 13858 14279 13996 13422 13397 13481 13633 13917 14682 15652 16697 18004 20131 21204 20954 20214 20066 19765 19657 19822 19536 19060 18692 18745 18582 18966 19148 19353 19576 19857 19961 20212 20395 19538 18802 18059 17803 18059 18799 19954 21758 22139 21788 21284 19989 18636 17821 17412 16788 16252 15913 16149 15880 16026 16065 16309 16813 17037 17476 17573 17601 17616 17682 17460 17410 17358 17269 17787 18053 18150 18426 19421 20376
