Alternative/Moon/Lvl0_30x30/Ele_FA.asc
ncols         335
nrows         335
xllcorner     -20042508.343
yllcorner     -10077166.958
cellsize      10000
nodata_value  -9999.0
[rows 0 to 33 of 335, columns 156 to 233 of 335]
6174 5969 5945 5952 5954 5933 5956 5948 5975 5882 5797 5840 5783 5698 5656 5560 5468 5460 5515 5500 5478 5493 5478 5493 5478 5497 5614 6023 6519 7177 7780 8484 9080 9214 9601 10373 10395 10368 10343 10312 10275 9993 9842 9402 9254 8938 8872 8857 8865 8868 8947 8928 8863 8961 8970 8996 8921 8877 8858 8741 8673 8669 8694 8694 8714 8781 8908 8923 8457 8856 9126 9025 8999 9053 9116 9178 9274 9356
6151 6072 6009 5993 6020 5947 5958 5934 5949 5891 5865 5893 5818 5529 5527 5485 5444 5433 5457 5434 5419 5449 5453 5476 5477 5460 5493 5571 5984 7011 7674 7941 8363 8890 9163 9567 9779 10340 10287 10183 10109 9922 9808 9455 9161 8948 8732 8759 8725 8634 8679 8648 8663 8854 8961 9001 8955 8860 8803 8739 8726 8715 8719 8728 8733 8740 8834 8828 8952 8993 9014 9095 9284 9402 9514 9542 9525 9478
6046 6031 6059 5991 6014 5912 5828 5796 5768 5869 5830 5643 5475 5469 5494 5459 5437 5422 5443 5535 5583 5573 5510 5506 5526 5542 5594 5811 6118 6898 7515 7659 7783 8334 8945 9252 9587 10238 10256 10096 10070 9923 9816 9555 9291 8939 8911 8821 8696 8649 8655 8656 8815 8956 8930 8740 8738 8779 8779 8770 8746 8702 8728 8738 8948 9021 8969 9006 9086 9078 9114 9433 9575 9582 9628 9705 9764 9681
6080 6021 5941 5906 5924 5853 5663 5728 5706 5595 5526 5453 5449 5486 5470 5506 5427 5463 5488 5618 5671 5715 5688 5712 5719 5754 5841 5831 6114 6703 7179 7565 7812 8322 8743 8972 9785 10317 10274 10180 10002 9729 9391 9220 9072 8903 8830 8830 8701 8551 8590 8630 8697 8775 8718 8690 8616 8643 8676 8653 8591 8614 8739 8895 9031 8814 8375 8887 9048 9127 9230 9329 8959 8118 7486 7470 7850 8839
5922 5912 5851 5897 5880 5546 5678 5706 5613 5498 5496 5491 5500 5448 5460 5480 5454 5506 5528 5705 5783 5929 6291 6371 6244 6185 6214 6324 6460 6777 7162 7658 7866 8390 8868 9336 10016 10486 10312 10219 10188 10003 9683 9418 9275 8926 8852 8849 8771 8677 8705 8694 8698 8649 8643 8603 8700 8727 8696 8717 8711 8726 8741 8757 8729 8874 8864 8923 9002 9208 9327 9499 9406 8579 8086 7574 8007 9037
5935 5907 5842 5902 5876 5712 5667 5632 5560 5536 5524 5505 5487 5463 5446 5469 5480 5562 5614 5846 5967 6211 6317 6360 5914 5707 5490 5839 6347 6904 7409 7479 7880 8458 9154 9780 10237 10456 10280 10157 10112 10015 9687 9297 9223 9056 9030 8916 8877 8765 8716 8685 8696 8661 8649 8631 8704 8755 8840 8826 8841 8746 8773 8855 8770 8810 8862 8887 8966 9064 9279 9395 9395 9517 9611 9649 9748 9709
6010 5864 5817 5718 5624 5615 5647 5652 5601 5569 5543 5527 5498 5482 5494 5506 5533 5630 5681 5600 5332 4990 4649 4235 3620 3117 3177 3875 4922 6252 7454 8058 8273 8754 9309 10302 10408 10255 10286 9961 10045 9924 9761 9624 9441 9267 9177 8954 8898 8738 8753 8749 8615 8635 8625 8600 8667 8775 8859 8872 8861 8905 8874 8915 8887 8908 8823 8850 8936 9048 9173 9192 9208 9373 9577 9681 9704 9529
6559 6102 5846 5712 5677 5653 5580 5551 5569 5574 5562 5525 5507 5483 5526 5503 5562 5652 5825 6108 6349 6501 6302 5359 4517 4302 4765 5379 6136 7241 8154 8525 8766 9152 9669 10179 10459 10577 10389 10217 10125 10069 9790 9717 9483 8963 8730 8931 8944 8739 8725 8787 8708 8630 8667 8742 8758 8752 8593 8786 8746 8750 8647 8842 8890 8894 8921 8869 8922 8906 8885 9014 9082 9178 9254 9238 9266 9241
7211 6742 6395 6127 5799 5738 5729 5667 5626 5591 5597 5571 5565 5560 5549 5566 5599 5681 5768 5878 6160 6348 6491 6495 6731 6973 7265 7716 8106 8530 8701 9000 9369 10055 10420 10642 10674 10576 10418 10346 10230 10115 9898 9720 9562 9286 9139 8812 8698 8682 8667 8579 8641 8711 8770 8751 8713 8710 8656 8737 8774 8873 8464 8796 8855 8934 8966 8992 8984 9066 9089 9039 9099 9123 9117 9212 9231 9278
7832 7440 6970 6598 6234 6052 5994 5800 5796 5724 5608 5601 5601 5569 5542 5610 5630 5657 5785 5915 5959 5987 6103 6411 6730 7033 7372 7954 8641 9207 9721 10144 10524 10984 11394 11463 11342 11081 10824 10567 10268 10234 9891 9709 9610 9420 9258 8943 8802 8829 8687 8654 8686 8814 8889 8848 8757 8673 8780 8816 8869 8823 8918 8931 8959 8949 8978 9103 9093 9151 9220 9157 9218 9210 9214 9271 9250 9366
8105 7982 7898 7543 7425 7224 6925 6810 6806 6349 6470 6287 5993 5829 5702 5725 5749 6077 6208 6275 6494 6531 6605 6737 7133 7715 8330 9138 9751 10305 10880 11176 10942 10899 11379 11437 10802 10116 9621 9512 10155 10308 10097 9702 9481 9265 9020 8718 8773 8807 8819 8802 8733 8859 8958 8991 9018 8885 8966 8794 8823 9012 9152 9004 9046 9117 9124 9115 8975 8690 8756 8603 8613 9169 9197 9259 9290 9312
9985 9375 8870 8010 7604 7478 7480 7588 7659 7549 7087 6966 6802 6738 6578 6359 6358 6629 6968 7176 7610 7932 8177 8281 8748 9452 10101 10443 10527 10678 10758 10852 10578 9684 9014 8958 8720 7875 7581 8142 9205 10411 10314 9769 9461 9324 9111 8845 8727 8748 8784 8794 8890 8847 8918 9051 9054 8913 9111 9276 8974 9082 9232 9034 9071 9091 9048 9249 9278 9287 9419 9392 9327 9272 9297 9289 9288 9255
11461 11099 10177 9317 8774 8548 8549 8489 8275 8121 8044 7932 7893 7731 7557 7520 7576 7924 8233 8710 8986 9255 9553 9720 10252 10693 10764 10574 10384 9729 9285 8836 8718 8645 8288 7294 6663 6846 7685 8881 9914 10393 10304 9982 9623 9357 9122 9061 9065 8955 8959 8978 8725 8506 8928 9012 9116 9147 9371 9220 9051 9151 9362 9144 9036 9091 9037 9064 9073 9047 9081 9150 9168 9214 9204 9248 9271 9307
11773 11786 11504 10884 10476 10171 9763 9366 9279 9075 8863 8744 8763 8775 8757 8905 9271 9644 10042 10108 10503 10608 10636 10968 11103 11062 10810 9907 9216 8335 7860 7352 7004 6798 6782 6768 6751 7428 8056 8966 9850 10188 10162 9945 9740 9553 8929 9078 9359 9420 9361 9147 9115 9087 9103 9157 9119 9168 9375 9356 8955 8999 9359 9284 9200 9028 9120 9224 9158 9116 9049 9184 9186 9201 9292 9404 9345 9275
11971 12007 11932 11845 11901 11907 11760 11672 11551 11314 11078 10912 10741 10843 10805 10817 10906 10873 10804 10822 10903 11010 10948 11004 10985 10635 9908 8533 7777 7466 6671 6000 5895 5821 5809 5959 6286 6955 7564 8288 8902 9677 10084 9989 9779 9660 9514 9511 9728 9729 9467 9389 9317 9331 9164 9251 9234 9125 9216 9251 9099 9214 9287 9233 9238 9157 9128 9165 9138 9199 9115 9142 9233 9300 9332 9303 9278 9304
11636 11614 11739 11891 12056 12091 12009 12029 12001 11612 11369 11097 10831 10865 10839 10827 10853 10821 10641 10710 10689 10564 10345 9980 9931 9985 9542 8860 8126 6866 6064 6000 5943 5651 5693 5730 5789 6279 7107 7887 8624 9400 9673 9702 9634 9561 9492 9547 9523 9648 9577 9494 9499 9467 9338 9489 9515 9224 9126 9166 9149 9193 9138 9122 9167 9164 9132 9254 9179 9321 9158 9158 9223 9313 9358 9279 9241 9166
11358 11470 11532 11575 11571 11525 11428 11293 11088 10708 10429 10237 10114 9963 9884 9867 9941 9949 9878 9842 9682 9271 8907 8894 8891 8980 9179 9072 8711 8407 7966 7551 6966 6363 6409 6715 7108 7914 8088 8552 8915 9075 8801 8346 8102 8234 8900 9194 9200 9212 9188 9255 9296 9320 9335 9408 9313 9174 9389 9186 9086 9033 9049 9041 9000 9067 9073 9151 9174 9152 9327 9227 9014 9194 9213 9062 9046 9107
11511 11285 11144 10776 10619 10468 10361 10205 9977 9703 9554 9341 9437 9354 9047 9157 9125 9035 8947 8788 8663 8587 8397 8346 8266 8315 8467 8642 8716 8630 8634 8133 7359 6770 7360 7973 8157 8352 8382 8434 8453 7882 6801 6190 5923 6413 7527 8794 9100 8944 8760 8986 9040 9382 9521 9685 9664 9650 9521 9511 9324 9217 9073 9001 8913 9002 8935 8919 8922 9040 9074 9071 9010 9132 9152 9194 9197 9178
11565 11068 10718 10103 9824 9657 9530 9307 8965 8405 8571 8637 8766 8291 7780 8307 8253 7949 7627 7416 7403 7452 7482 7259 7220 7329 7507 7369 7165 7976 8114 7547 6721 6168 6902 7679 7875 7789 7692 7684 7300 6684 6611 6100 6368 7149 7755 8830 8968 8765 8575 8666 8645 8718 9014 9475 9552 9614 9633 9579 9536 9450 9390 9361 9282 9084 9054 9011 8979 9045 9283 9399 9359 9260 9442 9498 9313 9256
11320 10695 10119 9705 9377 8965 8562 8472 8007 7635 7561 7283 7276 7280 7201 6930 6760 6656 6467 6418 6504 6507 6455 6489 6448 6368 6367 6669 6735 6723 6894 6787 6537 6500 6236 6438 6646 6555 6462 6647 6680 6972 7068 7329 7626 8086 8124 8149 8158 8190 8461 8590 8590 8613 8745 9313 9442 9611 9673 9663 9557 9472 9407 9412 9353 9289 9199 9129 9173 9265 9256 9106 8683 8475 9066 9485 9426 9311
11252 10618 9930 9366 9021 8844 8382 8043 7608 7119 6787 6532 6499 6291 6163 6182 6084 5801 5745 5873 5983 6013 5934 5785 5708 5548 5651 5690 5600 5853 6011 6061 6079 6269 6219 6059 5977 5850 5582 5789 5987 6269 6547 6890 7096 7323 7598 7955 7977 7944 8013 8188 8240 8326 8693 8935 9078 9375 9598 9849 9861 9646 9840 9873 9854 9706 9531 9485 9672 9688 9770 9047 8294 7600 7789 8415 9210 9473
11081 10656 9993 9418 8930 8439 8087 7649 7261 6818 6512 5636 5859 6041 5790 5665 5729 5773 5800 5847 5656 5569 5809 5801 5647 5534 5582 5607 5606 5751 5648 5718 5781 5787 5803 5679 5634 5506 5562 5494 5623 5739 5553 5516 5806 6517 6930 7047 7310 7436 7598 7782 7938 8119 8380 8639 8810 9058 9518 9872 10047 10178 10112 9965 9840 9633 9435 9481 9682 9830 9921 9667 9123 9363 9408 8329 8635 9385
10841 9933 9078 8258 7949 7832 7449 6902 6493 6240 6003 5938 5879 5770 5767 5668 5634 5698 5662 5570 5470 5491 5573 5431 5538 5633 5569 5492 5624 5535 5649 5648 5588 5511 5472 5365 5356 5384 5396 5406 5430 5549 5644 5665 5724 5910 6115 6302 6521 6976 7158 7455 7606 7814 7944 8210 8431 8851 9241 9718 10066 10314 10185 9520 8758 8345 8318 8349 8755 9448 9720 9542 9499 9505 9601 9486 9142 9155
10523 9623 8944 8530 7885 7305 7035 6760 6569 6454 6216 5993 5886 5850 5855 5688 5649 5746 5607 5556 5574 5475 5489 5396 5476 5565 5442 5433 5359 5391 5405 5419 5391 5398 5336 5422 5425 5410 5313 5462 5517 5526 5653 5691 5402 5720 5674 5685 5674 5825 6406 6680 6899 7111 7411 7795 8096 8406 8813 9565 9955 10012 9764 9592 9259 8676 8408 8601 9103 9509 9529 9518 9521 9380 9299 9158 8905 9370
10449 9751 9116 8393 7673 7047 6604 6325 6238 6230 6176 5990 5932 5950 5953 5600 5348 5681 5726 5699 5741 5701 5820 5647 5653 5730 5587 5453 5382 5369 5315 5317 5432 5513 5473 5402 5289 5548 5421 5453 5484 5529 5585 5607 5447 5534 5420 5426 5481 5665 5981 6028 6316 6783 7120 7489 7912 8226 8651 9167 9710 10024 10437 10473 10461 10272 10135 10076 10037 9843 9683 9580 9535 9345 8809 9334 9422 9230
9478 8712 8110 7772 7413 6888 6499 6340 6252 6089 6094 6050 5906 5766 5928 5957 5812 5543 5180 4882 4906 5311 5613 5700 5530 5539 5521 5426 5370 5399 5453 5419 5429 5547 5321 5431 5699 5544 5371 5579 5453 5386 5401 5310 5353 5360 5403 5486 5490 5594 5824 6105 6366 6764 6977 7074 7366 8002 8408 8705 9134 9928 10398 10488 10493 10371 10346 10093 10059 9878 9827 9796 9621 9722 9780 9567 9456 9432
8607 7844 7415 7485 7415 6541 6087 6230 6177 5886 5916 6072 6019 5878 5781 5672 5589 5362 5628 5783 5784 5722 5745 5600 5635 5454 5475 5552 5462 5387 5298 5338 5465 5764 5791 5762 5641 5696 5616 5518 5435 5487 5446 5402 5509 5551 5764 5784 5721 5720 6013 6079 6241 6576 7101 7356 7518 7905 8329 8752 9202 9858 10300 10436 10458 10406 10312 10278 10269 10265 10320 10315 10193 10076 9954 9897 9863 9639
8113 7563 7165 6951 6836 6654 6553 6399 6210 6160 5988 5934 5818 5733 5688 5710 5700 5700 5796 5746 5645 5613 5538 5498 5322 5511 5450 5558 5510 5493 5583 5428 5593 5873 5817 5529 5497 5672 5814 5733 5592 5567 5571 5607 5516 5414 5441 5432 5577 5582 6156 6091 6386 6692 7092 7205 7227 7559 8100 8508 8881 9680 10189 10331 10388 10309 10511 10649 10639 10464 10483 10369 10454 10231 9699 9878 9830 9669
7623 7249 6901 6632 6560 6524 6339 6096 6018 5920 5844 5803 5774 5706 5684 5750 5867 5831 5850 5666 5367 5739 5698 5529 5492 5510 5480 5522 5529 5452 5521 5623 5844 5804 4952 4254 4576 5388 5962 5847 5699 5608 5717 5850 5878 5831 5486 5340 5847 6198 6346 6602 6613 6638 6844 7057 7088 7330 7908 8635 9300 10145 10593 10662 10591 10548 10544 10797 10753 10057 9370 9181 9270 9200 8861 8619 8674 8807
7554 7197 6755 6684 6509 6308 6152 6062 6016 5844 5828 5794 5808 5849 5875 5977 5982 5849 5986 5973 5913 5827 5678 5547 5498 5478 5450 5512 5452 5430 5415 5467 5564 5751 5710 5944 5983 6030 6040 5766 5705 5518 5340 5526 5809 6034 6092 6311 6651 6855 6775 6737 6696 6656 6783 6924 7033 7336 7973 8660 9288 10190 10637 10800 10805 10804 10866 11004 11022 10523 9451 8634 8781 8601 8466 8398 8751 8854
7466 6715 6843 6732 6538 6279 6110 6124 6144 5913 5887 5821 5835 6031 6148 5725 5230 5075 5868 5974 5871 5765 5690 5618 5570 5513 5480 5439 5619 5533 5542 5523 5634 5469 5651 5661 5682 5612 5594 5890 5804 4827 4231 4518 5223 6201 6490 6408 6580 6556 6281 5508 5517 5999 6484 6843 6961 7176 7733 8457 9031 9946 10570 10684 10768 10881 11046 11133 11052 10443 9352 8653 8629 8623 8624 8577 8774 8942
7739 7266 6912 6501 6317 6234 6293 6314 6287 6029 6018 5939 5933 5928 5925 5791 5722 5718 5863 5866 5773 5712 5709 5649 5590 5514 5601 5496 5563 5520 5712 5523 5569 5628 5671 5572 5445 5361 5492 6122 6160 6065 5638 6351 6639 6909 6716 6287 6101 6409 6414 6212 6008 6238 6468 6822 6903 7042 7530 8270 9205 10135 10562 10615 10716 10790 10527 10064 9601 9103 9150 9014 8819 8702 8618 8576 8660 9077
7566 7155 6682 6739 6539 6232 6289 6128 5379 5413 6225 6307 6109 5924 5742 5768 5794 5775 5715 5673 5686 5686 5715 5742 5711 5562 5615 5644 5609 5585 5586 5548 5523 5520 5525 5504 5571 5681 5746 6074 6137 5884 5945 6518 6593 6815 6538 6348 6638 6702 6561 6381 6524 6672 6611 6718 7111 7358 7876 8840 9743 10466 10752 10969 11049 11019 10999 10864 10747 10067 9448 9141 9029 8879 8749 8803 8828 8766
7711 7280 7104 7023 6551 5973 6195 6137 6047 6122 6365 6354 6092 5975 5782 5873 5852 5813 5770 5689 5680 5640 5612 5817 5741 5728 5776 5772 5655 5564 5521 5560 5591 5516 5511 5497 5548 5590 5598 5642 5762 5963 6088 6341 6470 6450 6328 6359 6125 6260 6248 6294 6354 6678 6607 6388 6895 7665 8665 9474 9994 10448 10838 11102 11406 11528 11069 10828 10775 10572 10007 9272 8972 8816 8742 8767 8750 8743
