Alternative/Moon/Lvl0_30x30/Ele_CJ.asc
ncols         335
nrows         335
xllcorner     10107491.657
yllcorner     -27166.958
cellsize      10000
nodata_value  -9999.0
[rows 170 to 203 of 335, columns 154 to 230 of 335]
17572 17374 19627 20333 20099 20413 20482 20647 20728 20667 20478 19741 20223 19894 19992 19834 19815 19669 19728 19797 19880 20305 20681 20530 20666 21139 21314 21303 21175 20869 20372 19837 19464 18953 18434 17347 16859 16139 16057 16021 15898 15830 15869 15919 15701 15660 15562 15487 15468 15473 15455 15674 15642 15547 16325 15916 15605 15593 15483 15452 15339 15405 15379 15402 15344 15327 15329 15322 15386 15682 16548 17334 17739 18053 18809 19198 19487
16148 16194 17822 19270 18613 19296 20029 20569 20813 20836 20594 20594 20257 20024 19942 19891 19857 20047 19843 19935 19908 20332 20889 21118 21265 21186 21198 21265 21471 21423 21047 20360 19786 19375 18730 17377 16815 16241 15989 15961 15856 15832 15803 15771 15684 15630 15553 15483 15479 15429 15432 15726 15529 15467 15736 15780 15882 15808 15608 15347 15350 15350 15396 15400 15338 15341 15332 15318 15380 15924 16871 17228 16956 16403 16890 17436 18524
15753 15725 17177 18469 17794 17694 18072 19041 20572 20519 20511 20486 20332 20252 20455 20399 20296 19936 19779 19725 19529 19922 20732 21150 21256 21165 21150 21218 21488 20929 21032 20506 20069 19738 19144 18031 17020 16526 16077 15986 15894 15817 15772 15689 15621 15582 15527 15462 15404 15368 15356 15309 15329 15393 15331 15655 15793 15536 15446 15347 15362 15353 15369 15362 15354 15343 15342 15319 15470 16171 16991 16891 15417 15223 15634 16271 17641
16746 16276 16911 16843 16196 17118 17782 18211 19415 19605 20103 20695 20410 20430 20387 20499 20405 20107 19647 19568 19442 19550 20734 21159 21246 21145 21622 21753 20805 19216 20723 21040 20270 19586 18911 18354 17681 16868 16162 16001 15903 15837 15780 15678 15616 15579 15546 15461 15428 15351 15315 15372 15501 15490 15233 15388 15491 15436 15403 15346 15346 15345 15376 15365 15342 15335 15367 15405 15756 16652 16964 16522 15159 15186 15820 16593 16807
16049 15707 15249 15188 15056 16277 17109 17957 18884 19022 19661 20256 20824 20893 20369 20318 20378 20222 19857 19847 19439 19496 20470 21084 21255 21439 21951 22061 22102 21635 22095 21429 20584 19831 19625 18898 17878 16871 16319 16032 15923 15917 15778 15668 15635 15606 15536 15440 15384 15327 15298 15315 15304 15268 15229 15302 15315 15336 15340 15314 15330 15327 15351 15343 15388 15374 15586 15967 16550 17038 17409 17270 15625 15420 15639 16382 17446
14351 14599 14435 14101 14583 15322 16926 17279 18077 19014 19275 19946 20941 21029 20666 20612 20599 20338 20036 19798 19697 19848 20467 21033 21235 21837 21972 21982 22190 22601 22413 21642 20961 20656 19710 18957 18034 17898 17200 16224 15974 15919 15780 15703 15671 15630 15593 15447 15410 15347 15279 15252 15244 15212 15197 15264 15277 15283 15291 15295 15334 15337 15342 15336 15381 15382 15795 16251 16846 16975 17383 17508 17231 16700 16631 17184 18779
13337 13474 13491 13541 13986 14706 15870 16003 16951 18049 18782 18930 20598 20654 20748 20677 20811 20796 20101 19794 19875 19872 20192 20740 21600 21795 20897 19730 20551 21706 22561 22427 21453 21054 19968 18676 18649 18718 18300 17253 16453 15918 15789 15696 15651 15597 15582 15493 15396 15369 15357 15290 15224 15200 15180 15205 15326 15329 15272 15300 15323 15338 15352 15377 15369 15683 16144 15065 15541 16645 16853 18034 19067 19211 19231 19734 20496
12955 13041 13050 13234 13740 14245 14198 15762 16242 16779 17247 18403 20315 20395 20574 20389 20677 20628 20178 19760 19791 19693 20033 20955 21562 21358 19452 18247 18962 20939 22673 22419 21569 21151 20145 19167 19303 18979 18805 18187 17129 16262 15866 15773 15696 15524 15504 15475 15417 15411 15305 15259 15229 15211 15206 15186 15290 15327 15287 15394 15338 15331 15385 15396 15396 15978 16889 16400 16472 17445 17842 18148 19109 19540 20121 20586 20531
12944 12955 12974 13008 13314 13380 14173 14803 15972 16445 16905 18791 19489 19799 20039 20171 20405 20720 20070 19843 19853 19879 20023 21008 21369 21347 19590 18445 19321 20813 22873 22638 21593 21188 20664 19967 19779 19392 19147 18771 18094 17083 16630 15961 15766 15569 15570 15515 15421 15374 15355 15302 15278 15253 15226 15232 15284 15295 15309 15388 15399 15402 15421 15417 15873 16593 17280 17754 18134 18529 18714 18611 18800 19628 20303 20463 20342
12947 12968 12981 13007 13042 13300 13946 14744 15453 15972 17013 18383 19256 19338 20094 20205 20473 20545 20053 20223 20030 19840 19937 20767 21471 21769 21093 19914 20556 21983 23110 22681 22190 21793 21161 20334 20199 19884 19561 19089 18545 17783 17248 16129 15920 15804 15613 15496 15458 15411 15431 15355 15279 15250 15213 15217 15274 15318 15333 15391 15360 15440 15469 15852 16412 16938 17620 18182 18795 19084 19090 18830 18866 19543 20293 20496 20395
12970 12966 12972 13002 13123 13262 13564 14097 15187 16457 17139 17918 18606 19055 20106 20215 20224 20232 20029 20265 20069 19681 19591 20358 21261 22132 22532 22676 23253 23410 23335 22763 22365 22300 22092 21339 20929 20618 20309 19415 18928 18530 18032 17087 16633 15948 15702 15502 15472 15557 15565 15495 15292 15292 15259 15245 15281 15418 15449 15436 15604 15673 16212 16786 17541 17644 17849 18362 19050 19140 19030 19057 19327 19963 20437 20338 20402
12999 12968 12980 12999 13052 13157 13464 14141 15283 16361 17046 17619 18620 19774 20671 20213 19994 20063 20187 20183 20032 19732 19545 19880 20633 21424 22360 23250 23849 23810 23343 22854 22657 22573 22647 22516 21880 21546 21172 20355 19821 19393 18719 17934 17595 17026 16640 16273 15666 15632 15713 15520 15431 15417 15379 15462 15692 15863 15970 16279 16464 16360 17230 17279 17911 18473 18509 18968 19054 19069 19152 19537 19985 19997 20227 20282 20234
13004 13014 13046 13061 13081 13133 13346 13952 15223 15760 16707 17519 19036 19608 20739 20743 20043 20061 20400 20413 20003 19890 19482 19547 19931 20298 21293 23024 23907 23934 23534 22874 22799 22817 23464 23519 22585 22060 21775 21720 21048 20194 19119 18705 18380 17972 17279 17174 16398 16217 16019 15990 15959 15918 16038 16055 16485 16472 16169 16444 17336 17335 17680 18255 18627 18774 18975 19549 19685 19692 19567 20277 20305 19947 19967 19805 19984
13028 13079 13085 13084 13085 13129 13203 14013 14966 15701 16731 17543 18949 20215 20241 20681 20311 20235 20240 20254 20205 20198 19576 19400 19564 19836 20788 22674 23558 23867 23846 23356 22872 22918 23480 23704 23246 22528 21948 21800 21143 20431 20090 19553 19321 18605 17587 17454 17152 16764 16507 16832 17007 16948 16823 16366 17000 17075 16213 16936 17836 18019 18451 18693 19100 19147 19579 19977 20045 20113 20312 20597 20588 20118 19819 19724 19934
13022 13030 13012 13036 13042 13027 13382 14160 14784 15524 16495 17115 18546 20130 20515 20707 20705 20802 20745 20132 20025 19812 19443 19458 19662 20013 21044 22344 22859 23732 23821 23426 23125 23050 22946 23292 23161 22840 22477 22073 21394 20387 20113 20201 19574 19237 18474 18500 18184 17557 17437 17811 17966 17963 17860 17343 17622 17663 16754 18104 18336 18312 18729 19171 19491 19515 20080 20477 19783 19863 20641 20739 19817 19875 20056 20135 20288
12916 12930 12913 12916 13004 13052 13341 13793 14477 15344 16359 16542 17733 19683 21002 21499 21193 21299 20971 20249 19824 19479 19540 19437 19595 19624 20582 21682 22280 22755 22487 21886 22790 23056 23098 23080 22992 22710 22500 22285 21706 21286 20978 20369 19833 19744 19496 19411 18889 18751 18192 18531 18887 18874 18680 18707 18596 18488 18502 18853 18833 19155 19807 20254 20659 20752 20765 20796 20324 20477 20581 19845 18908 19270 20513 20576 20270
12850 12851 12856 12878 12916 13016 13214 13721 14559 15301 16374 16841 17847 19566 21196 21502 21217 21120 20850 20313 19603 19369 19613 19487 19596 19680 20561 21476 22008 22023 21778 21718 22342 22839 23040 23061 23071 22745 22785 22747 22855 22795 21823 21317 21455 21054 21019 20878 19792 19374 18803 19070 19046 19273 19421 19431 19372 19396 19504 19416 19684 20076 20845 21178 21248 21216 20834 20828 20546 20660 20793 20411 19286 19709 20504 20456 20424
12845 12854 12874 12907 12910 13085 13165 13457 14268 15279 16344 17427 18401 19969 21336 21263 21220 21087 21179 20400 19858 20030 20338 20033 19920 20029 20666 21356 21895 21955 21554 21501 22275 22604 22991 23199 23325 22872 22899 22627 22833 22823 22313 21834 21961 21405 20917 20832 19971 20240 20139 19789 19848 20300 20650 20427 20427 20606 20443 20233 20510 20897 21125 21166 21259 21217 20827 20801 20616 20891 21329 21267 19853 20227 20940 20765 20448
12864 12874 12898 12937 13276 13267 13252 13407 14291 15154 16821 18191 19220 21105 21589 21222 21044 21390 21308 21237 20819 20916 20979 20679 20668 20774 20683 21055 21272 21524 21169 20925 21754 21920 22442 23132 23780 23442 23752 23181 22701 22667 22553 22341 21644 20317 19153 19176 19144 20167 20596 20991 21226 21097 21780 21839 21844 21893 21444 21239 20502 21198 21361 21225 21221 20931 20830 20853 20754 20901 21362 21124 19893 20666 21026 20459 18374
12862 12864 12890 12976 13338 13605 13923 14231 15067 15812 17979 18889 20063 21587 21456 21153 20814 21160 21149 21111 20806 20917 20869 20569 19973 20327 21330 21319 21263 21412 21070 20912 21359 21759 22624 23580 23963 23988 24003 23738 23164 22478 22368 22335 21445 19757 18111 17768 17695 18534 20069 21320 21458 21008 21960 22346 22500 22209 22032 21815 21087 21446 21423 21384 21300 21210 21023 20999 20835 20769 20895 20904 20916 21007 21052 19656 17115
12965 13016 13093 13227 13355 13984 14463 15367 16134 16966 18415 19005 20007 21339 21291 20905 20173 19960 20508 20515 20475 20674 20403 19397 18738 19710 21334 21312 21277 21253 21207 21273 21489 21953 23021 23345 22890 21991 21924 23092 23153 22549 22188 21645 20110 19084 17792 17507 17403 17690 19659 21101 21572 21709 22212 22596 22801 21823 22071 22311 22150 21660 21381 21460 21501 21492 21013 20462 20245 20234 20429 20635 20884 20882 20488 20369 19120
13191 13330 13485 13592 14171 14683 15229 16089 16856 17545 18862 19303 19946 21385 21486 21140 20187 19484 20195 20390 20252 20206 19993 18888 19030 19802 20836 20452 20134 20135 21087 21318 21903 22405 23016 22425 20738 19698 20093 21894 22418 22277 22297 21223 19533 18607 17609 17446 17473 17799 19241 21157 21609 21742 22129 22570 22760 21905 21076 22257 22183 21787 21531 21472 21432 21430 20860 20201 19807 19871 20022 20170 20247 20238 20308 20508 20379
13793 13598 14187 14459 15443 15554 16042 16765 17503 18268 19067 19779 21022 21316 21421 20954 20362 19737 19489 19795 19924 19891 19283 18515 19022 19611 19632 18873 18679 18963 19955 20981 21481 22182 23000 21782 19562 19180 21326 22537 22550 21737 21472 21141 19957 18955 17766 17418 17725 18583 19802 21143 21363 21263 21444 21824 22274 21734 20627 22258 22204 21893 22013 22096 21672 21353 20722 19676 19582 19634 19899 20040 19847 19520 19858 19962 20060
14569 14385 15215 15857 16182 16510 16964 17952 18346 18648 19583 20982 21185 21307 21426 20645 20241 19395 19108 18959 19291 19733 19536 19303 19224 20112 19779 18393 17775 17945 18995 20179 20584 21399 22582 22462 21711 21530 22133 22451 22138 20893 20494 20816 20814 20425 19492 18497 18669 18986 19824 20965 21006 20570 20525 21159 22037 22419 22444 22426 22045 21928 22042 22000 21635 21389 20345 19627 19492 19486 19516 19516 19429 19506 19711 19781 19741
16754 16091 16289 16774 16747 16794 17640 18429 18912 19115 20628 21246 21188 21029 20982 20523 19956 19319 18918 19133 19123 19427 19382 19479 19670 20367 20199 18633 17730 17861 19144 19917 20336 21128 22160 22478 22404 22245 22097 21731 20953 20171 19794 20247 20742 20938 21006 20334 20442 20412 19948 20080 20170 20072 20194 21071 21426 22053 22306 22156 21648 21600 21698 21458 21400 20822 20144 19598 19430 19459 19481 19492 19493 19569 19733 19720 19691
17790 17018 16861 17077 16970 16873 17761 19337 19453 19830 20785 21202 21063 20864 20557 20139 19281 18816 18848 18963 18972 19302 19426 19511 19840 20523 20578 19763 18651 18709 19499 20027 20633 21040 21770 21887 21912 21599 21203 20742 20005 19277 19025 19255 19867 20630 20835 20447 20479 20382 19732 18994 19309 19233 19353 20249 20473 21236 21709 21713 21488 21396 21295 20810 20728 20654 20328 19671 19487 19518 19543 19562 19656 19886 19815 19780 19696
18041 18080 18322 18354 17685 17946 19743 20641 20663 20934 21104 20994 20808 20608 19871 19380 18846 18696 18849 19073 18989 19272 19405 19721 20000 20302 20677 20624 20219 20457 20421 20586 20701 20252 19279 20221 21129 21076 20574 19962 19329 18834 18473 18459 18547 18984 19224 19396 19109 18916 18565 18263 18605 18650 18990 19751 20222 20814 21324 21513 21531 21456 20884 20682 20326 20387 20268 19652 19607 19932 19889 19891 20388 20494 20354 19905 19728
19590 19802 20728 20745 19265 20036 21188 21394 21159 21083 21069 20611 20420 20097 19638 18870 18715 18693 18839 19257 19113 19020 19118 19742 20093 20108 20252 20305 20526 20704 21118 21571 21627 19947 18310 19359 20687 20841 20404 19761 18928 18661 18344 18189 18205 18188 18217 18148 18106 18214 18028 18106 18323 18678 19194 19500 20006 20684 21199 21415 21383 21099 20634 20519 20299 20098 19808 19835 19905 20110 20059 20572 20539 20431 20401 20340 19898
21342 21440 21642 21585 21114 21352 21206 21072 20571 20363 20100 19967 19633 19589 19249 18927 18742 18738 18673 18852 18843 18811 19405 19982 20405 20462 20508 20038 20251 20412 21086 21708 21835 21236 20114 20408 20968 20990 20080 19445 18821 18322 18160 17996 17936 17954 18039 17982 17961 17836 17834 17933 17892 18250 18825 19306 19895 20284 19748 19223 20880 20784 20594 20558 20137 19809 19798 19906 19862 19829 19990 20549 19779 17775 19134 20427 19889
21528 21703 21790 21718 21252 21199 21108 20986 20291 20216 20022 19796 19536 19376 18966 18757 18689 18728 19203 19190 18816 18881 19735 19925 19356 19705 20437 20254 20005 20209 20888 21325 21732 21861 21936 21718 21169 20696 19685 19129 18497 18271 18150 17964 17962 17900 18015 17997 17959 17875 17840 17901 18074 18239 18659 19111 19854 20292 20135 19586 20874 20684 20422 20408 20179 19917 19850 19973 19894 19885 19982 20487 19685 17725 19344 20423 20004
21739 21480 21610 21593 21271 20960 20617 20479 20098 19940 19985 19714 19503 19333 19084 18997 18712 18746 19129 19139 18966 19071 19542 18876 16448 17033 19116 20178 20026 20134 20674 21008 21134 21638 21818 21545 20953 20143 19487 18939 18597 18352 18138 18013 18019 17962 17960 17976 17906 17861 17865 17903 17904 18166 18507 19027 19564 20115 20330 19892 20454 20372 20587 20306 20133 20102 20095 20258 20042 19929 19770 20281 20294 20335 20393 20349 20125
21850 21667 21554 21320 20921 20912 20685 20394 20239 20107 19945 19675 19393 19246 19205 19122 19012 18933 18758 18758 18716 19033 19697 18487 16026 15915 18601 20018 19952 19857 20070 20521 20577 20820 20925 20705 20240 19541 19398 19202 18861 18695 18539 18335 18163 17972 17969 17952 17935 17868 17897 17881 17960 18091 18469 18995 19438 19737 20355 20511 19425 20647 20850 20260 20145 20313 20488 20360 20109 20018 19982 19873 20030 20241 20250 20086 20235
21723 21483 21204 21046 21078 20940 20814 20491 20383 20075 19583 19601 19323 19132 18941 19143 19049 18977 19044 18937 19042 18985 19616 19638 18623 18469 20048 20133 19886 19639 19715 20065 20350 20393 20397 20337 19884 19898 19674 19303 18748 18325 18510 18507 18215 18020 18020 17925 17943 17987 17987 17953 17960 18064 18395 19223 19888 20059 20289 20481 20197 20620 20536 19970 19842 20189 20274 20152 19848 19908 20105 20138 19991 19811 19982 20032 20091
21191 20764 20339 20652 21197 21135 20868 20474 20123 19685 19096 19215 19030 18625 17957 18604 19034 19155 19396 18884 18981 19108 19376 19848 20228 20410 20366 20023 19735 19656 20009 19921 19872 19920 20003 20182 20226 19890 19702 19052 17786 17303 17650 18439 18371 18029 18032 17982 17983 17990 17982 18063 18100 18124 18658 19449 20008 20359 20369 20397 20128 20250 19636 19230 19081 19630 19651 19449 19561 19771 20061 20027 19317 19890 19879 19985 20119
