Alternative/Moon/Lvl0_30x30/Ele_CE.asc
ncols         335
nrows         335
xllcorner     -6642508.343
yllcorner     -27166.958
cellsize      10000
nodata_value  -9999.0
[rows 34 to 67 of 335, columns 77 to 153 of 335]
17485 17467 17426 17306 17316 17412 17458 17468 17484 17825 17841 17900 17863 17885 17823 17847 17886 17913 17868 17846 17778 18022 17990 17843 17887 17834 17790 17891 18216 17488 18052 19570 19611 19206 19351 19204 19662 19583 19222 19296 19041 18589 17847 17704 17746 17958 17886 17875 17904 18111 18042 18207 17789 17458 17468 17409 17334 17279 17557 17729 17639 17548 17456 17402 17348 17334 17372 17335 17254 17248 17246 17228 17215 17209 17212 17200 17183
17493 17486 17420 17451 17532 17711 17869 17673 17649 17672 17686 17694 17768 17757 17773 17847 17867 17880 17842 18014 17947 18097 18129 18112 18008 17825 17831 17890 18143 18332 18910 19345 19206 18913 19144 19278 19259 19187 19364 19074 18671 17818 17640 17610 17590 17780 17729 17807 17946 18204 18174 17776 17536 17465 17454 17386 17354 17287 17179 17741 17755 17646 17599 17441 17351 17335 17353 17335 17281 17236 17229 17216 17230 17222 17216 17213 17202
17540 17531 17544 17556 17700 17789 17823 17761 17718 17761 17819 17652 17761 17793 17729 17783 17861 17883 17853 17942 17918 17973 18177 17931 17868 17824 17797 17843 17857 18165 18754 18749 18562 18997 19289 19297 19265 18955 18592 18050 17657 17598 17633 17587 17574 17680 17754 18010 18329 18399 18334 17781 17464 17405 17406 17379 17370 17290 17143 17563 17808 17789 17720 17547 17452 17369 17433 17324 17263 17237 17233 17218 17211 17211 17162 17178 17196
17687 17655 17767 17822 18098 18009 17868 17813 17821 17755 17755 17746 17693 17796 17836 17831 17861 17856 17881 17958 17956 17932 17822 17859 17967 17774 17761 17820 17860 17854 18088 18575 18923 18923 18892 18775 18536 18194 17821 17729 17694 17687 17645 17659 17699 17779 18092 18375 18484 18469 18394 18251 17648 17494 17476 17478 17433 17302 17141 17201 17829 17822 17759 17619 17616 17617 17675 17370 17226 17204 17163 17133 17166 17171 17181 17167 17161
17839 17662 17886 17951 18100 18120 17901 17916 17974 17900 17821 17989 17875 17817 17797 17861 17822 17836 17725 17909 17907 17855 17783 17841 17869 17729 17744 17773 17805 17806 18175 18898 18983 18794 18465 18055 17955 18045 18098 17861 17877 18153 18287 18041 17983 18513 18756 18643 18495 18636 18580 18420 17822 17541 17518 17467 17449 17320 17188 17158 17508 18054 18066 17829 17758 17753 17614 17393 17313 17213 17155 17150 17155 17156 17166 17167 17180
17720 17755 17847 17994 18009 17887 17840 17932 17953 17930 17871 18010 17992 17820 17751 17719 17663 17533 17661 17743 17741 17721 17711 17721 17688 17716 17731 17769 17786 17806 18266 19106 19483 19558 19333 19125 19057 18883 18996 19233 18596 18633 18682 18721 18858 19179 19083 18594 18612 18698 18713 18465 17895 17542 17477 17420 17406 17338 17300 17350 17386 18114 18147 17859 17808 16709 16214 17641 17390 17204 17176 17170 17171 17178 17169 17180 17185
17718 17772 17822 17783 17805 17874 17900 17949 17962 17930 17958 17809 17818 17759 17725 17316 17591 17637 17071 17615 17683 17806 17760 17713 17701 17715 17728 17758 17810 17812 17924 18560 19801 20384 20378 20191 20036 19821 19956 19815 19306 18961 18823 18877 19002 19108 18964 18730 18770 18707 18599 18367 18121 17637 17479 17452 17442 17409 17333 17355 17409 17691 17903 17880 17731 17580 17336 17751 17428 17218 17175 17140 17165 17189 17178 17180 17181
17570 17673 17736 17678 17805 17967 17976 17998 17931 17851 17876 17784 17378 17701 17686 17663 17650 17674 17694 17238 17660 17749 17742 17689 17708 17731 17732 17741 17804 17802 17831 17900 19132 20371 20449 20478 20359 20035 19969 19771 19310 18991 19135 19603 19721 19086 18943 18838 18687 18684 18595 18437 18517 17951 17637 17655 17513 17473 17460 17463 17477 17477 17585 17810 17910 18094 18020 17434 17233 17156 17115 17130 17168 17179 17172 17170 17181
17401 17495 17617 17807 17822 17953 17946 17942 17904 17866 17821 17126 17683 17711 17703 17700 17679 17693 17683 17520 16916 17320 17017 17435 16809 16917 17123 17741 17771 17809 17842 17862 17928 18763 20102 20539 20505 20313 19978 19630 19309 19461 19691 19583 19541 19186 19031 18950 18962 18619 18465 18268 18292 18166 18184 18511 17917 17602 17550 17523 17540 17421 17653 17755 17672 17254 17513 17306 17135 17099 17078 17138 17119 17137 17145 17154 17176
17301 17368 17648 17871 17861 17864 17898 17912 17876 17794 17176 17667 17737 17768 17727 17740 17736 17714 17684 17632 17617 17485 17658 17673 17683 17698 17702 17385 17770 17807 17852 17895 17896 17928 18684 20239 20343 20250 20157 19834 19484 19671 19776 19803 19512 19358 19012 19007 19046 18775 18681 18680 18708 17902 16691 18628 18482 17908 17638 17560 17574 17522 17492 17466 17566 17556 17399 17316 17161 17059 17062 17072 17082 17124 17122 17135 17146
17311 17356 17545 17762 17966 17868 17832 17901 17853 17703 17170 17715 17772 17880 17802 17779 17739 17721 17697 17638 17725 17848 17920 17793 17764 17699 17730 17705 17250 17786 17840 17881 17935 18018 18001 18552 19850 19907 19936 19723 19793 19862 19811 19755 19512 19163 19017 18919 18929 18878 18679 18548 18667 17990 16741 18410 18403 17889 17107 17075 17731 17736 17595 17551 17514 17635 17623 17257 17112 17050 17031 17048 17073 17091 17107 17131 17132
17302 17351 17565 17634 17979 17840 17755 17759 17729 17377 17317 17716 17757 17803 17796 17771 17755 17825 17989 17931 17801 17903 17910 18054 18068 17762 17724 17746 17745 17191 17550 17848 17941 18024 18067 17961 19037 20247 20205 19899 19876 19836 19793 19724 19493 19286 19556 19532 19344 18999 18573 18283 18541 18614 18591 18614 18230 18003 17803 17812 17855 17775 17683 17647 17580 17494 17496 17223 17087 17046 17042 17003 17020 17064 17076 17098 17107
17285 17333 17615 17876 17862 17871 17731 17640 17159 17620 17741 17874 17733 17781 17759 17799 17774 17804 17959 17997 17943 17925 17905 18035 18013 17778 17749 17764 17768 17842 17871 17611 17319 17940 17987 18006 18573 20330 20440 20035 19383 19472 19716 19823 19750 19546 19624 19633 19241 19089 18554 18406 18236 18262 18264 18161 18080 18000 17877 17812 17847 17764 17690 17584 17610 17388 17262 17171 17088 17072 17047 17011 16998 17001 17051 17084 17096
17278 17349 17554 17719 17755 17523 17264 17132 17251 17674 17686 17686 17708 17766 17785 17923 17929 17937 18206 18176 18131 17913 17881 17941 18110 17831 18038 17972 17954 17866 17884 17903 17913 17099 17754 18022 18152 19989 20418 20376 19653 19298 19719 19685 20041 20010 19765 19213 19024 19139 18771 18511 18304 18656 18747 18136 17885 17929 17954 17851 17740 17744 17589 17781 17932 17370 17212 17105 17097 17066 17036 17022 17011 16994 17030 17047 17067
17342 17602 17664 17696 17680 17218 17553 17547 17595 17655 17680 17797 17718 17782 17837 17914 17935 17960 17993 18216 18196 18015 18006 17942 18045 17852 17996 18018 18050 17917 17933 17929 18020 18059 17949 17396 18262 19352 20409 20371 19371 19285 19791 19865 20463 20432 19940 18441 18981 19361 18976 18674 18433 18612 18701 18003 17913 17955 17949 17771 17714 17859 17828 17946 18050 17416 17218 17120 17079 17083 17047 17052 17018 17002 17027 17011 17101
17485 17595 17603 17560 17480 17313 17520 17530 17533 17653 17752 17820 17747 17764 17866 17888 17936 18004 18037 18054 18015 18151 18118 17963 17886 17900 17891 18089 18118 17991 18002 17993 18108 18186 18210 17510 17145 18303 18542 18463 18175 19048 19629 19718 19931 19803 19679 19409 19555 19534 19115 18766 18613 18501 18089 17902 17927 17912 17890 17773 17795 18035 18046 17942 17962 17475 17322 17119 17080 17098 17077 17071 17039 17022 17022 17015 17069
17404 17375 17406 17439 17345 17236 17429 17426 17419 17493 17588 17663 17665 17715 17765 17857 17883 18087 18077 18081 18100 18089 18047 18038 18028 17980 17993 17997 17963 18020 18115 18294 18250 18260 18275 18286 17970 17190 18401 18363 18244 18593 19014 19688 20150 19848 20094 20097 19790 19593 19218 18927 18712 18361 18029 18064 18018 17976 17900 17754 17887 18013 18121 17951 17982 17619 17347 17149 17124 17102 17088 17060 17045 17042 17029 17052 17050
17325 17340 17221 17211 16877 17246 17327 17368 17426 17460 17502 17599 17606 17681 17707 17792 17866 17968 18034 18067 18113 18096 18102 18190 18136 18051 18115 18082 18087 18136 18197 18199 18241 18319 18336 18411 18304 17027 18377 18352 18343 18332 18468 19568 19711 19820 20251 20221 20144 19772 19208 18973 18856 18390 18262 18062 17912 17996 17945 17925 17974 17825 17698 18120 17954 17740 17434 17222 17173 17110 17121 17081 17082 17054 17042 17025 17041
17170 17151 17017 17131 17198 17264 17312 17363 17499 17536 17491 17659 17608 17675 17708 17771 17868 17891 17959 18050 18119 18171 18234 18258 18206 18142 18117 18128 18227 18195 18224 18252 18316 18399 18449 18493 18384 17109 18290 18410 18390 18379 18475 18512 19309 20142 20368 20268 20171 19703 19370 19174 18424 18249 18243 18105 18079 18106 18128 18040 17969 17585 17976 18086 17693 17773 17417 17201 17164 17148 17130 17154 17205 17117 17057 17026 17058
17177 17193 17307 17358 17235 17210 17252 17329 17341 17432 17455 17531 17586 17697 17745 17834 17842 17909 17948 18051 18161 18279 18314 18293 18337 18311 18308 18317 18247 18255 18295 18392 18432 18510 18637 18663 18652 17344 18210 18714 18770 18621 18803 18755 18599 19494 20060 19873 19524 19711 19731 19029 18272 18222 18427 18528 18221 18392 18658 18386 18033 18218 18216 18142 17797 17659 17622 17341 17222 17160 17151 17221 17219 17155 17067 17064 17086
17362 17449 17404 17422 17296 17219 17225 17248 17287 17356 17405 17557 17673 17816 17766 17864 17899 18024 18064 18131 18275 18332 18363 18406 18413 18352 18360 18391 18366 18475 18458 18429 18520 18578 18772 18883 18941 17802 17899 19535 19586 19466 19170 18762 18551 18602 18661 18644 18719 19471 19471 18343 18333 18300 18202 18400 18213 18326 18504 18345 18250 18027 18050 18008 17771 17670 17532 17439 17347 17238 17256 17199 17150 17124 17096 17088 17118
17591 17589 17397 17430 17359 17221 17242 17249 17306 17398 17475 17584 17752 17770 17845 17927 17978 18082 18103 18167 18276 18335 18393 18450 18451 18411 18433 18488 18539 18584 18633 18636 18654 18660 18754 18899 18956 17980 17972 19537 19653 19546 19201 19038 18751 18584 18620 18608 18612 18568 18555 18681 18662 18362 18485 18340 18230 18130 18239 18204 18167 18105 17957 17889 17642 17691 17527 17404 17432 17326 17294 17180 17176 17155 17135 17148 17148
17983 17970 17738 17872 18229 18039 17600 17324 17403 17486 17546 17591 17796 17857 17878 17965 18008 18090 18148 18170 18253 18348 18455 18477 18605 18540 18585 18565 18654 18662 18941 19071 19016 18893 18977 18923 18852 18583 18360 18300 19419 19534 19494 19088 18776 18673 18703 18694 18674 18739 18719 18805 18883 18557 18488 18388 18198 18219 18197 17996 17957 18000 17726 17802 17694 17695 17545 17476 17388 17289 17333 17289 17187 17153 17149 17143 17085
18202 18486 18278 18116 18245 18082 17780 17604 17665 17528 17573 17689 17773 17808 17870 17968 18040 18078 18204 18212 18295 18361 18418 19269 19079 18540 18466 18532 18674 18680 18954 19111 19154 19158 19211 19423 19497 18807 18516 18176 19389 19548 19502 19375 19244 19040 19019 19020 18785 18763 18741 18821 18857 18612 18616 18491 18386 18386 18355 18342 18352 18023 17870 17702 17740 17625 17609 17590 17642 17591 17437 17365 17199 17146 17144 17104 17089
17866 18091 18080 18428 18439 17870 17978 17899 17752 17761 17591 17607 17779 17830 17884 18068 18034 18128 18199 18188 18282 18402 18433 18483 18465 18434 18460 18536 18506 18650 18960 19061 19208 19379 19626 19906 20048 20038 18576 18435 20533 20527 19998 19734 19506 19293 19300 19454 18948 18990 18894 18850 18866 18806 18931 18992 18836 18643 18682 18588 18483 18392 18220 18192 17926 17886 17750 17576 17664 17578 17487 17394 17226 17219 17152 17148 17118
17427 17468 17657 18185 18232 17880 18132 18291 18090 17583 17914 17759 17795 17911 18000 18804 18329 18180 18717 18701 18413 18359 18402 18372 18390 18406 18404 18455 18523 18647 18910 19046 19176 19493 19799 20274 20497 20590 18623 19373 21721 21731 21109 20268 19686 19320 19232 19105 19058 19038 19039 19120 19087 19105 19125 19108 19053 19038 18918 18943 18776 18494 18487 18435 18187 18163 18134 17567 17549 17638 17699 17458 17327 17272 17234 17154 17147
17233 17333 17428 17553 17680 17814 17946 18513 18486 18286 18127 18024 18007 17984 18025 18128 18182 18484 18913 18825 18409 18362 18368 18373 18393 18399 18393 18439 18562 18635 18886 19065 19239 19486 19688 20494 20861 21103 21018 21790 22811 22516 21585 20623 19897 19640 19646 19580 19323 19175 19383 19427 19361 19520 19722 19848 19935 19906 19893 19724 19556 19413 18997 18731 18217 18275 18246 17822 17669 17690 17723 17401 17409 17238 17200 17223 17161
17195 17245 17279 17446 17503 17672 17844 18157 18311 18276 18245 18144 18008 17906 17963 18545 18550 18640 18585 18411 18345 18354 18359 18399 18712 18693 18514 18585 18703 18688 18880 19100 19208 19503 19902 20797 20909 21596 21936 22552 22823 22375 21885 21024 20396 20078 19949 19739 19521 19556 19726 19672 20003 20430 20460 20134 20135 20128 19841 19405 19500 19460 19291 19112 18794 18528 18514 17958 17758 17632 17696 17633 17357 17219 17224 17176 17135
17203 17239 17372 17434 17495 17570 17704 17926 18106 18098 18141 18131 18303 18255 18236 18865 19314 19101 18994 18526 18341 18359 18358 18453 18658 18661 18633 18650 18677 18694 18767 18821 19000 19443 19935 20810 20949 21474 21977 22647 22766 22778 22834 21799 20788 20397 20113 20000 19670 19790 19940 20188 20522 20636 20305 19276 18779 18516 18451 18507 18561 18885 19060 19083 19152 18838 18874 18375 18065 17762 17689 17720 17466 17290 17229 17168 17080
17191 17147 17268 17415 17504 17564 17642 17801 17944 18137 18392 18649 18617 18385 18187 18782 19267 19124 19036 18577 18380 18540 18861 19033 18826 18694 18657 18698 18757 18819 18824 18793 19070 19412 19951 20531 20757 21552 21955 22481 22655 22912 22949 21832 20868 20511 20580 20150 19882 20063 20391 20643 20782 20562 19742 18832 18222 17469 17011 16763 17192 17590 18263 18916 19054 18900 18876 18412 18393 17963 17656 17610 17629 17368 17237 17123 17141
17085 17099 17164 17344 17456 17557 17609 17736 17891 18089 18318 18595 18553 18224 18285 18441 18862 18995 18760 18843 18884 18803 19390 19223 18714 18667 18702 18731 18821 18855 18871 18998 19106 19458 19875 20270 20698 21213 21767 22138 22477 22401 22212 21517 20896 20688 20783 20226 20291 20382 20905 20972 20457 19388 19236 18027 16899 16036 15327 15283 15276 15385 15951 17716 18416 18937 18823 18531 18448 18325 18095 17706 17587 17472 17453 17340 17290
16990 17011 17087 17260 17407 17522 17612 17704 17874 18468 18930 18916 18403 18221 18238 18310 18661 18708 18901 19215 19186 18620 18627 18622 18618 18706 18763 18769 18888 18922 19157 19280 19510 19499 19527 19879 20361 20780 21349 21647 21941 22077 21753 21038 20748 20622 20551 20407 20457 20765 20944 20905 19864 19037 17936 16773 15825 14966 14361 14194 14189 14270 14843 16337 17409 18312 18935 18555 18464 18355 18264 17786 17531 17603 17531 17417 17279
16982 17008 17067 17207 17369 17492 17551 17683 17881 18579 18892 18705 18286 18269 18278 18370 18848 18946 18860 18926 18737 18616 18591 18609 18636 18722 18791 18828 19076 19418 19660 19789 19976 20062 19904 20034 20205 20903 22016 22320 21893 21736 21670 21546 21018 20703 20475 20698 20576 20737 20891 20851 19060 18138 17034 15494 14569 13827 13775 13742 13817 13818 14347 15546 16671 17727 19179 18854 18376 18474 18285 17741 17504 17493 17427 17338 17329
16982 17071 17136 17272 17357 17464 17529 17851 18689 18808 18930 18766 18290 18286 18306 18673 19029 18809 18517 18535 18572 18556 18566 18677 18855 18738 18765 19046 19442 19745 19912 20025 20186 20245 20161 20222 20338 20904 22383 22618 22441 21712 21673 21571 21383 20763 20658 20646 20577 20591 20799 20387 18680 17840 16367 14695 13713 13683 13693 13518 13659 13639 13748 14799 16408 17675 18996 18724 18562 18487 18275 17615 17440 17456 17301 17342 17314
