Alternative/Moon/Lvl0_30x30/Ele_AF.asc
ncols         335
nrows         335
xllcorner     -3292508.343
yllcorner     6672833.042
cellsize      10000
nodata_value  -9999.0
[rows 170 to 203 of 335, columns 231 to 307 of 335]
21410 21663 21697 21505 21505 21580 21821 21841 21771 21711 21734 21752 21745 21660 21639 21599 21577 21602 21573 21723 21866 21947 21980 22013 21951 21881 21754 21569 21485 21138 20876 20535 20230 20049 19987 19993 20008 19842 19669 19425 19299 19091 18930 18864 18693 18590 18345 18208 18199 18176 18272 18186 18126 18189 18258 18257 18222 18167 18097 18084 18082 18097 18087 18142 18163 18180 18214 18203 18108 18106 18155 18139 18107 18127 18056 18136 18285
21942 21969 22121 22096 22071 22031 21990 21927 21851 21816 21892 21935 21927 21724 21591 21582 21549 21613 21719 21776 21786 21699 21738 21631 21618 21471 21300 21092 20833 20575 20330 20094 19755 19572 19387 19311 19156 18808 18604 18427 18260 18175 18098 18070 18025 17954 17910 17887 17927 17936 18053 18075 18019 18024 18018 17999 18038 18036 18028 18016 18054 18057 18031 18131 18123 17956 17722 17751 18009 18024 18000 18021 18035 18030 17985 18023 18020
22390 22308 22286 22193 22157 22153 22068 22083 22101 22076 22064 22024 21895 21639 21553 21469 21374 21239 21124 20899 20751 20594 20559 20279 20105 19978 19959 19826 19736 19586 19355 19059 18793 18629 18468 18354 18261 18192 18165 18040 18017 18063 17963 17910 17880 17863 17850 17889 17941 17933 17964 17984 17951 17928 17863 17885 17887 17921 17909 17891 17903 17968 17968 17839 17845 17818 17933 17909 17962 17939 17867 17845 17837 17851 17851 17849 17876
22724 22723 22607 22604 22611 22501 22316 22237 22178 22155 22076 21891 21591 21348 21156 20798 20617 20311 20173 20140 20097 19936 19678 19268 19134 19030 18946 18895 18788 18666 18531 18420 18339 18256 18202 18142 18143 18114 18104 18111 18062 17964 17913 17936 17953 17956 17896 17901 17926 17906 17881 17862 17841 17827 17832 17841 17854 17830 17837 17787 17801 17816 17805 17955 17939 17890 17900 17852 17870 17836 17782 17777 17771 17780 17795 17810 17938
23277 23130 22917 22853 22807 22669 22519 22267 22052 21791 21503 21321 21144 20835 20539 20224 20074 19900 19801 19736 19649 19455 19183 18910 18847 18775 18705 18557 18511 18448 18461 18400 18345 18326 18230 18134 18096 18077 18063 18014 17973 17981 17998 17954 17932 17900 17869 17894 17864 17809 17774 17766 17775 17757 17767 17760 17731 17715 17722 17725 17775 17871 17856 17857 17741 17427 17825 17856 17840 17823 17769 17849 17850 17721 17742 17775 17782
23635 23600 23441 23073 22723 22363 22027 21734 21484 21218 20908 20735 20552 20387 20202 20125 20074 20065 20065 19991 19813 19679 19416 19153 18938 18859 18779 18685 18618 18574 18458 18459 18319 18289 18191 18136 18132 18060 18038 18049 18005 17956 17919 17874 17844 17874 17849 17766 17755 17734 17765 17852 17865 17806 17712 17728 17729 17711 17680 17689 17711 17817 17810 17826 17755 17805 17868 17859 17804 17763 17788 17804 17765 17726 17793 18001 17957
22912 23400 23477 23232 23026 22768 22322 21818 21434 20863 20505 20286 20190 20118 20108 20048 20065 20079 20069 20020 19909 19718 19561 19432 19222 19043 18924 18899 18889 18829 18726 18568 18418 18298 18197 18149 18114 18073 18052 18047 18005 17918 17879 17898 17899 17887 17868 17835 17802 17809 17785 17713 17712 17700 17681 17642 17641 17696 17685 17718 17704 17690 17698 17703 17697 17706 17758 17712 17685 17722 17740 17728 17672 17701 17809 17931 17912
20599 20951 21502 21957 22340 22497 22286 21988 21960 21755 21423 21178 20811 20433 19851 19711 19748 19830 19835 19766 19684 19592 19525 19405 19294 19144 18978 18895 18946 18970 18981 18979 18739 18368 18235 18149 18110 18106 18116 18040 17963 17955 17975 18042 18094 18082 18050 17971 17975 17997 17962 17777 17742 17699 17692 17675 17682 17699 17691 17679 17724 17789 17802 17803 17774 17691 17686 17676 17640 17685 17644 17627 17651 17670 17645 17648 17653
18276 18358 18680 19133 19506 19944 20787 21379 21799 22016 22114 22109 21934 21525 21004 20535 20318 20176 19793 19406 19221 19075 19066 19116 19154 19156 19058 19036 18999 18981 18942 18851 18612 18419 18309 18190 18161 18079 18082 18103 18123 18143 18131 18017 17905 17861 17884 17950 17969 17831 17757 17743 17748 17685 17692 17703 17698 17731 17738 17668 17674 17804 17804 17682 17664 17643 17658 17656 17640 17631 17630 17634 17623 17617 17608 17624 17615
17326 17504 17515 17613 17656 18143 18592 19229 19876 21034 21565 21904 21963 21695 21191 20907 20563 20250 19924 19643 19538 19509 19467 19504 19499 19345 19236 19079 18958 18815 18601 18514 18449 18387 18355 18234 18156 18131 18101 18119 18130 18103 18086 18034 18005 17921 17893 17866 17856 17836 17766 17769 17740 17691 17676 17698 17704 17693 17698 17692 17693 17660 17660 17649 17649 17614 17610 17643 17636 17607 17599 17585 17620 17570 17570 17633 17557
15955 16086 16315 16574 16791 17005 17167 17533 17692 18363 18882 19714 20441 21045 21165 21180 20924 20413 19925 19699 19565 19503 19535 19558 19532 19396 19329 19217 19037 18941 18809 18549 18407 18267 18186 18218 18137 18112 18110 18129 18149 18163 18100 18020 17997 17912 17839 17786 17746 17745 17755 17731 17733 17679 17646 17657 17667 17676 17672 17649 17610 17591 17616 17619 17592 17603 17625 17636 17676 17713 17582 17569 17551 17570 17560 17612 17530
15336 15502 15667 16032 16445 16690 16970 17185 17237 17541 17921 18872 19536 20513 21138 21206 21137 20777 20178 19675 19470 19458 19498 19504 19485 19429 19348 19249 19156 19053 18837 18596 18441 18343 18373 18356 18203 18099 18111 18103 18090 18041 17903 17940 17924 17857 17820 17771 17743 17743 17782 17779 17722 17705 17673 17656 17675 17657 17622 17602 17637 17650 17614 17621 17614 17593 17616 17629 17578 17560 17729 17738 17606 17555 17542 17550 17538
14706 14877 15116 15226 15193 15771 16006 16368 16654 17024 17559 18048 18334 19307 20174 20965 21089 20791 20290 19797 19499 19344 19368 19405 19443 19453 19491 19395 19308 19043 18810 18652 18553 18378 18244 18163 18134 18123 18052 18041 17984 17964 17949 17895 17851 17876 17886 17832 17824 17793 17762 17842 17925 17916 17799 17725 17710 17690 17681 17777 17754 17603 17568 17586 17585 17584 17560 17559 17541 17626 17584 17562 17543 17537 17500 17500 17495
14599 14491 14533 14559 14690 15313 15726 16117 16530 16968 17619 18089 18460 19091 19459 19541 19966 20434 20359 19968 19660 19297 19303 19357 19458 19476 19493 19307 19200 19056 18863 18685 18549 18394 18298 18163 18124 18077 17994 17962 18022 18124 18092 17970 17919 17917 17895 17840 17801 17779 17727 17748 17764 17765 17726 17750 17750 17724 17673 17638 17613 17613 17587 17556 17530 17545 17526 17513 17509 17540 17570 17569 17570 17569 17550 17544 17527
14329 14323 14411 14714 14957 15493 16130 16673 16941 17159 17704 18019 18451 18929 19336 19761 20036 20302 20387 20001 19648 19359 19415 19445 19481 19419 19374 19222 19066 18949 18830 18710 18582 18387 18284 18189 18113 17975 17954 17962 18017 18015 17968 17927 17892 17919 17928 17870 17838 17798 17759 17733 17721 17695 17669 17701 17715 17619 17607 17610 17614 17583 17587 17588 17616 17654 17582 17565 17516 17416 17604 17638 17588 17521 17527 17537 17501
14475 14549 14801 15281 15583 16125 16737 17186 17292 17418 17933 18258 18408 18668 19243 19833 20156 20362 20325 19861 19531 19497 19529 19425 19397 19373 19287 19136 18978 18862 18730 18599 18457 18392 18354 18308 18276 18173 17998 17877 17864 17844 17854 17858 17875 17877 17893 17881 17840 17803 17779 17769 17755 17723 17769 17724 17683 17634 17634 17622 17623 17592 17574 17569 17558 17550 17537 17546 17528 17550 17569 17523 17495 17528 17502 17465 17483
14987 15321 15622 15937 16240 16848 17356 17524 17767 18224 18432 18584 18862 19196 19751 20041 20039 20209 20169 19782 19529 19384 19401 19423 19363 19296 19180 18991 18833 18657 18493 18376 18396 18340 18215 18215 18181 18116 18071 17974 17967 17927 17889 17876 17914 17885 17847 17838 17810 17779 17760 17746 17738 17723 17693 17640 17677 17680 17622 17603 17562 17605 17616 17553 17542 17528 17546 17554 17528 17487 17478 17466 17451 17443 17432 17422 17410
15603 16028 16385 16874 17144 17594 17923 18256 18769 19158 19381 19574 19671 19732 19969 20132 20033 19813 19613 19363 19348 19344 19422 19453 19361 19098 18951 18863 18713 18565 18439 18519 18514 18357 18168 18092 18072 18065 18036 17935 17932 17931 17895 17874 17869 17868 17865 17846 17818 17756 17775 17775 17752 17720 17674 17665 17687 17694 17663 17637 17632 17609 17633 17628 17575 17543 17656 17605 17558 17495 17474 17448 17449 17436 17413 17418 17397
16924 17280 17705 18162 18347 18677 18953 19354 19697 19865 20220 20520 20541 20287 20109 20065 19893 19628 19615 19544 19421 19359 19343 19274 19140 18990 18760 18588 18525 18376 18264 18265 18262 18277 18191 18110 17989 17929 17912 17880 17852 17848 17840 17834 17816 17810 17794 17769 17786 17783 17777 17732 17714 17785 17762 17719 17675 17636 17595 17593 17600 17605 17627 17682 17619 17567 17549 17544 17514 17483 17457 17463 17442 17422 17403 17383 17391
18423 18588 18955 19264 19525 19615 19925 20147 20321 20388 20491 20590 20565 20363 20102 19662 19492 19623 19620 19554 19383 19196 19123 18982 18876 18790 18656 18449 18363 18354 18312 18224 18156 18078 18056 18082 18076 17959 17851 17814 17800 17822 17847 17805 17804 17768 17747 17760 17760 17748 17792 17785 17759 17755 17779 17739 17695 17645 17634 17620 17593 17588 17605 17623 17611 17585 17574 17572 17571 17549 17551 17509 17454 17445 17437 17396 17382
19773 19817 19833 20454 20529 20584 20511 20556 20576 20578 20531 20422 20231 20059 19757 19540 19384 19366 19377 19325 19256 19186 18930 18753 18681 18582 18512 18473 18436 18434 18395 18282 18205 18139 18083 18112 18093 18000 17912 17872 17839 17788 17797 17800 17748 17747 17709 17723 17720 17711 17678 17673 17695 17690 17655 17645 17636 17606 17608 17574 17595 17601 17620 17649 17611 17618 17565 17542 17522 17559 17475 17478 17462 17443 17436 17397 17400
20620 20857 21309 21363 21290 21219 20994 20513 20356 20056 19981 19865 19841 19751 19561 19483 19468 19444 19300 19172 19004 18894 18738 18608 18505 18453 18424 18347 18242 18193 18157 18123 18037 17905 17850 17783 17769 17753 17745 17758 17771 17787 17800 17787 17779 17713 17662 17684 17685 17681 17672 17657 17610 17597 17598 17584 17568 17552 17514 17510 17507 17525 17542 17581 17559 17541 17503 17447 17506 17474 17440 17409 17401 17363 17363 17374 17356
22238 21947 21573 21461 21222 21020 20709 20232 19912 19948 19963 19843 19801 19804 19779 19741 19722 19680 19651 19279 19107 18932 18689 18566 18489 18444 18434 18349 18260 18173 18094 18035 18027 18006 17930 17957 17971 17985 17983 18004 17961 17875 17705 17663 17678 17714 17702 17612 17617 17543 17588 17548 17589 17584 17527 17554 17525 17488 17482 17561 17690 17635 17468 17467 17455 17461 17458 17537 17478 17381 17387 17364 17376 17634 17758 17741 17712
22119 21722 21407 20999 20570 20049 19670 19705 19807 19855 19786 19629 19753 19836 19831 19760 19719 19663 19578 19465 19327 19162 18980 18763 18655 18582 18500 18485 18456 18395 18213 18045 17974 17978 17944 17905 17863 17884 17942 17985 17946 17804 17692 17834 17828 17827 17808 17763 17648 17548 17530 17488 17487 17480 17503 17497 17502 17499 17508 17444 17457 17447 17464 17421 17410 17433 17488 17564 17513 17504 17537 17554 17530 17601 17743 17665 17839
21184 20697 20329 20179 20178 20141 20139 19986 19957 19943 19942 19936 19867 19832 19897 19976 20006 19973 19870 19602 19510 19522 19469 19442 19389 19255 19046 18858 18679 18508 18366 18226 18136 18077 18012 17909 17846 17831 17804 17766 17769 17730 17682 17794 17787 17657 17728 17708 17622 17565 17541 17511 17482 17470 17471 17480 17456 17450 17481 17454 17443 17438 17419 17435 17519 17569 17560 17681 17721 17556 17513 17551 17620 17608 17632 17525 17433
20784 20543 20324 20226 20244 20194 20076 20034 20158 20242 20133 19952 19879 19679 19441 19415 19197 18756 18470 18162 18077 18196 18379 18677 18864 19104 19095 19058 18949 18793 18531 18362 18272 18203 18087 17961 17868 17760 17735 17725 17695 17655 17682 17668 17607 17562 17505 17475 17489 17490 17485 17461 17449 17499 17444 17431 17465 17475 17447 17443 17449 17443 17396 17454 17479 17592 17690 17739 17577 16913 16488 16486 16847 17317 17691 17667 17475
20650 20382 20166 19997 19958 19964 20055 20246 20379 20429 20317 19836 19255 18790 18280 17907 17325 16755 16365 15845 15531 15676 15905 16161 16356 16711 17431 18266 18660 18849 18844 18653 18410 18118 18006 17953 17849 17791 17762 17711 17810 17894 17896 17874 17743 17555 17523 17490 17494 17477 17425 17412 17409 17421 17420 17461 17448 17454 17434 17493 17700 17687 17409 17367 17390 17455 17531 17607 17595 17509 17594 17556 17560 17585 17509 17400 17357
20257 20111 19870 19558 19613 19712 19965 20207 20227 20166 19780 19209 18577 17910 17416 17124 16528 15871 15593 15384 15406 15649 15751 15651 15597 15778 16222 16757 17573 18578 19056 18997 18708 18218 17972 17831 17788 17715 17754 17814 17718 17681 17591 17505 17547 17513 17463 17466 17448 17429 17448 17452 17429 17413 17388 17363 17358 17381 17495 17508 17640 17646 17365 17359 17356 17346 17395 17419 17433 17451 17457 17406 17348 17347 17314 17314 17286
20180 20022 19935 19786 19522 19433 19540 19622 19695 19664 19505 19306 18837 18181 17317 16733 16287 15964 15636 15487 15675 15812 15866 15711 16016 16516 16967 17434 18013 18863 19156 19041 18769 18214 17867 17695 17586 17552 17542 17512 17496 17478 17554 17538 17616 17572 17446 17399 17367 17351 17399 17407 17354 17350 17311 17415 17433 17443 17420 17339 17337 17328 17292 17321 17328 17344 17407 17366 17455 17448 17391 17383 17406 17338 17364 17358 17363
20177 20158 20010 19793 19590 19382 19338 19336 19358 19424 19481 19494 19393 19330 19123 18407 17668 17142 16542 16138 16027 16055 16097 16270 16767 17270 17478 17895 18306 18981 19064 18662 18254 17962 17820 17677 17542 17530 17558 17530 17537 17471 17464 17442 17499 17465 17387 17380 17352 17353 17324 17318 17304 17315 17333 17309 17331 17368 17346 17299 17326 17287 17299 17309 17317 17350 17380 17330 17358 17310 17356 17373 17341 17377 17388 17415 17330
20051 19836 19626 19474 19433 19275 18975 18854 18910 19013 19055 19138 19137 19171 19213 19151 19056 19025 18875 18552 18147 17885 17542 17744 18103 18346 18618 18753 18619 18565 18306 17989 17736 17692 17647 17542 17578 17574 17537 17517 17419 17401 17406 17422 17449 17467 17389 17375 17363 17369 17330 17313 17337 17374 17381 17339 17365 17330 17357 17285 17318 17306 17302 17321 17312 17354 17350 17436 17497 17464 17358 17323 17284 17283 17270 17272 17264
19851 19638 19510 19476 19448 19353 19188 19202 19166 18968 18862 18817 18803 18761 18749 18851 18938 19057 18994 18944 18856 18787 18778 18760 18654 18625 18603 18638 18545 18166 17937 17843 17749 17621 17678 17588 17560 17613 17569 17519 17495 17409 17402 17380 17376 17382 17356 17337 17355 17360 17336 17341 17322 17319 17364 17373 17327 17288 17293 17303 17318 17335 17332 17340 17344 17411 17408 17411 17402 17393 17377 17347 17343 17361 17276 17250 17157
19265 19147 19200 19228 19222 19180 19113 19160 19134 19127 19023 18838 18953 19029 18959 18845 18768 18507 18437 18583 18578 18518 18422 18344 18184 17979 17917 17879 17852 17786 17740 17669 17652 17667 17743 17671 17579 17519 17502 17602 17598 17471 17426 17402 17436 17383 17377 17358 17421 17468 17354 17334 17337 17485 17495 17369 17342 17326 17333 17371 17480 17522 17425 17379 17384 17395 17388 17383 17320 17304 17286 17355 17397 17354 17236 17267 17257
19056 18990 19039 19074 19116 19146 19079 19060 19051 19066 19078 19092 19230 19373 19478 19581 19587 19363 18908 18561 18674 18721 18586 18231 18020 17848 17826 17703 17703 17908 17976 17885 17798 17693 17632 17573 17526 17521 17496 17469 17469 17471 17477 17458 17420 17404 17385 17414 17393 17393 17469 17515 17530 17452 17440 17436 17404 17403 17417 17429 17498 17586 17501 17436 17421 17406 17405 17373 17364 17318 17259 17225 17199 17180 17318 17373 17294
