Alternative/Moon/Lvl0_30x30/Ele_CJ.asc
ncols         335
nrows         335
xllcorner     10107491.657
yllcorner     -27166.958
cellsize      10000
nodata_value  -9999.0
[rows 68 to 101 of 335, columns 0 to 76 of 335]
19254 19327 19798 20700 21321 21374 21433 21450 21314 20311 19069 19420 19559 19362 18496 17962 18553 18607 18369 18213 17752 16880 15905 15534 15142 14939 15938 15558 14667 14111 13991 14093 14552 14758 14868 15092 15284 15959 16758 16996 16735 16467 17202 17179 17127 17380 17653 17836 18065 18621 19520 20322 21038 21060 21176 21100 20447 20071 19806 19501 19506 19329 19324 19347 19471 19746 19998 20406 20014 19779 19555 19435 19263 18842 18463 18317 18175
19215 19228 19507 19979 20022 20213 20515 21251 21551 21295 20345 20040 20160 20104 20084 19821 19505 19293 18860 18395 18352 17055 16875 16449 16086 15623 16440 16183 15869 15427 14403 15296 15643 15850 15874 15350 15910 16651 17475 17535 17228 17877 18077 17928 17909 18633 18635 19114 19019 19236 20742 21369 21352 21355 20959 20906 20783 20595 19821 19202 19190 18726 18464 18681 18731 18864 19973 20039 19717 19714 19474 19322 19021 18647 18195 18225 18174
18913 19127 19422 20025 20034 20018 20583 20929 20820 20887 20912 21166 21247 20782 21230 21238 21024 20430 19987 18853 18496 18039 18056 17532 16817 16308 17078 16911 16554 15795 15561 16845 17130 16861 16506 16373 16762 17047 17295 17499 18084 18806 19094 17811 17383 19122 19277 19644 19911 19728 21009 21843 21944 21713 21182 21012 20867 20358 19522 18719 18532 18472 18369 18226 18476 19093 20001 19985 19588 19714 19615 19257 18749 18350 18068 18159 18178
18771 18864 18906 19729 19800 19999 20162 20168 20220 20458 21030 21778 21944 21973 21844 21950 21875 21840 21301 19883 19170 19640 19446 18101 17424 17238 17358 16903 16885 16356 17033 17427 17479 17608 17570 17648 17878 17945 18514 18984 19278 19765 19811 18627 18541 19740 19858 21034 21039 19781 20004 21551 21843 21721 21259 20894 20386 19304 19220 18544 18360 18542 18518 18148 17972 18590 19585 19337 19637 19659 19416 19187 18680 18214 17986 18061 18098
18792 18799 18812 19248 19299 19550 19787 20137 20491 20500 21039 21748 21974 22136 21916 21960 21859 21895 21437 20491 19791 19846 19513 18488 18717 18573 18099 17984 17862 17229 18194 18276 17836 18186 17949 18898 19563 19917 20197 20093 19974 19896 19808 19710 19678 20453 20737 21184 21349 20963 19519 20395 21480 21299 20668 20222 19736 18674 18137 18344 18304 18341 18355 18225 18291 18408 19036 19205 19558 19602 19310 19144 18809 18148 17959 17945 18045
18279 18561 18594 18559 19143 19795 20028 20024 20667 21231 20969 21672 22063 22160 22041 21999 22028 21735 21520 21810 21479 20030 19513 19587 19653 19588 18805 19215 19098 18227 18770 18578 18694 18875 17715 18774 20089 20458 20613 19934 19207 19504 20026 20029 20333 21069 21058 21096 21456 21499 21452 21348 20876 20479 19685 19004 18764 18308 18415 18350 18256 18255 18398 18295 18193 18292 18278 18694 19208 19328 19277 19259 19006 18293 17998 17916 17958
18205 18467 18545 18454 18678 19448 19713 20318 21152 21416 21451 21915 21913 21482 22170 22515 22583 22281 21949 22035 21706 21345 21225 20997 19851 19599 19275 19772 19457 19344 18609 18786 19604 19738 19339 19519 19859 20100 20063 19164 18207 18669 20241 20672 20993 21354 21248 21172 21368 21448 21354 21179 19764 19627 19092 18559 18530 18609 18367 18364 18292 18522 18560 18400 18367 18455 18441 18396 18760 18988 19147 19230 19080 18380 18112 18149 18183
18309 18770 18799 18846 19030 19957 20193 20301 21162 21286 21533 21663 21796 21927 22340 22657 22802 22294 21960 21764 21541 21630 21442 21237 20839 20269 19483 19524 19500 19302 18904 18743 19518 19688 19751 19789 19611 19708 19672 19283 19366 20238 20578 21018 21429 21551 21476 21476 21647 21745 21636 21210 20351 19959 19208 18517 18493 18508 18346 18199 18262 18391 18397 18277 18311 18510 18429 18407 18845 18951 19072 18982 18901 18219 18171 18221 18220
17965 18267 18263 18890 19170 20180 20925 20879 20892 21290 21508 21296 21551 21665 22069 22316 22369 22148 22024 21849 21438 21269 21212 21294 21080 20769 19861 19962 20000 19659 18886 19050 19119 19196 19577 19483 19487 19761 19780 19935 20322 20565 20586 21004 21473 21489 21505 21399 21394 20864 20981 21234 21046 20123 19041 18560 18493 18455 18388 18277 18192 18318 18278 18435 18365 18319 18424 18359 18523 18915 19110 18924 18685 18267 18096 18099 18172
17260 17720 18213 18624 18979 20179 20929 21238 21248 21221 20992 21153 21074 21256 21548 20977 20900 21487 21933 21906 21309 21123 21083 20818 20830 20911 20389 20243 20151 19892 19140 19300 19756 19702 19579 19704 19744 19805 19760 20017 20283 20517 20589 20661 21206 21283 21372 21273 20221 19037 19866 21253 21146 20047 18772 18494 18341 18405 18595 18388 18370 18488 18241 18345 18372 18300 18311 18382 18834 19301 19378 19256 18635 18048 17965 17936 18047
17160 17383 17666 17993 18388 19311 19752 20810 20952 20882 20885 21161 21253 21474 21606 21524 21456 21109 21048 20897 20691 20718 20771 20664 20523 20533 20276 20170 19946 19249 18728 19785 19828 19748 19912 19893 19840 19865 19826 20059 20283 20341 20513 20331 20425 20356 20681 20355 19576 19502 20137 20699 20555 19402 18636 18498 18427 18301 18487 18367 18351 18354 18169 18181 18164 18170 18327 18742 19290 19643 19513 19418 19131 18578 18154 18115 18255
17100 17143 17623 18355 18895 19624 19838 19982 20186 20433 20691 20973 21497 21659 21616 21547 21473 21057 20636 20200 20068 20056 20102 20587 20509 20196 20064 20309 19947 17974 18407 20359 20466 19870 20055 19996 19996 19957 20016 20106 20065 19918 20094 19899 19844 19422 19917 20211 20546 20986 21038 20628 19828 18939 18612 18424 18381 18329 18183 18162 18107 18046 18094 18065 18138 18207 18561 19110 19678 19788 19710 19593 19251 18659 18677 18423 18384
17014 17092 17711 18527 19078 19542 19783 20110 20229 20399 20324 20473 20852 21527 21628 21568 21524 21369 20692 20307 20375 20306 20068 20144 20079 19959 20115 20441 20213 18740 19427 20407 20482 20036 19965 19923 19874 19773 19971 20061 19905 19722 19712 19689 19537 19446 19729 20147 20471 20865 20849 20383 19565 19038 18763 18732 18633 18419 18365 18147 18144 18023 18032 18118 18370 18871 19036 19398 19841 19728 19215 19051 18792 18501 18750 18671 18654
16889 17538 18028 19056 19355 19759 19879 20070 20224 20452 20329 20418 20557 21195 21220 21357 21265 21073 20624 20297 20416 20389 19929 19578 19740 19813 20027 20268 19956 20094 19864 19691 19485 19581 19543 19692 19699 19322 19342 19415 19394 19326 19390 19215 19408 19415 19315 19519 19549 19825 19767 19759 19102 19370 19510 19326 19250 19192 18842 18292 18277 18292 18201 18037 18404 18967 19190 19347 19834 19741 19111 18457 18115 18251 18708 18854 19170
18098 18337 18747 19523 19852 19867 19984 20322 20385 20364 20174 20558 20398 19348 20098 20744 20907 20556 20194 20154 20103 19940 19570 19149 19123 19182 19789 19909 19909 19872 19573 19311 19119 18800 19136 19159 19420 19259 19136 18971 18841 18953 19037 18972 18950 19102 19246 19217 19363 19393 19160 19038 19063 19469 19524 18580 18534 19522 19633 18759 18859 19192 18922 18364 17968 17925 18628 18739 18711 18559 18100 17645 17689 17841 18456 19023 19240
18617 18956 19177 19762 19863 19893 20001 20484 20563 20431 20310 20018 19125 18014 18698 20387 20556 20113 19875 19905 19953 19520 19451 19055 18788 18769 19165 19313 19355 19409 19642 19026 18857 18678 18742 18533 18704 19075 18834 18854 18691 18808 19144 19428 19499 19462 19262 19120 19086 19172 19252 19195 19340 19299 19040 17580 17693 19550 19812 18943 19152 19197 18967 18322 17852 17725 17990 17939 17822 17700 17461 17477 17472 17424 17954 18661 19010
18877 19152 19701 19864 19698 19914 20121 20289 20416 20242 20353 20419 19722 18304 18943 20214 20359 20101 19688 20023 19949 19455 19469 18836 18629 18626 18738 18894 19127 19528 19631 19161 18808 18669 18535 18603 18680 18742 18533 18543 18637 19095 19529 19730 19868 19812 19793 19316 19139 19198 19258 19112 19224 19263 19243 18699 19050 20127 20165 18817 19157 18881 18389 17954 17617 17599 17636 17353 17287 17278 17305 17481 17580 17457 17648 17929 18072
18817 19092 19627 19658 19705 19914 20112 20075 19829 20160 20125 20571 20532 20183 19935 20020 19722 19265 19432 19562 19577 19463 19404 18510 18509 18507 18631 18840 18943 19044 19193 18741 18576 18532 18494 18493 18458 18415 18420 18525 18694 19279 19158 18066 18188 19438 20212 19816 19223 19043 19374 19309 19259 19424 19698 19797 19799 20046 19976 18852 18195 17833 17472 17361 17400 17410 17409 17265 17213 17214 17214 17320 17471 17493 17510 17450 17610
19068 19178 19422 19728 19797 19754 20099 20107 19695 19846 19824 20071 20179 20101 19866 19680 19470 18965 18818 19240 19543 19556 19224 18574 18521 18531 18595 18726 18730 18848 18804 18669 18582 18520 18495 18510 18436 18382 18424 18538 19014 19522 18103 16496 16651 18284 20247 20052 19585 19064 18872 18986 19104 19141 19257 19668 19667 19398 18958 18166 17744 17431 17267 17263 17260 17236 17223 17207 17187 17167 17172 17214 17298 17459 17468 17496 17564
19036 19300 19763 19987 20021 19740 19908 19851 19834 19920 19896 19553 19494 19527 19454 19285 18859 18915 18995 19355 19506 19419 19032 18635 18497 18549 18558 18613 18637 18740 18847 18659 18621 18581 18516 18522 18491 18428 18413 18532 19097 19593 18690 17108 17173 18766 20510 20378 19755 19029 18872 18927 18932 18562 18611 18608 18691 18543 17897 17579 17348 17274 17202 17176 17153 17196 17131 17187 17140 17193 17138 17172 17210 17296 17459 17560 17777
19584 20274 20184 19818 20046 19861 19661 19761 19795 19812 19611 19343 19434 19594 19530 19004 18540 18710 18823 19034 19068 18899 18785 18684 18583 18683 18607 18512 18487 18676 18669 18688 18660 18592 18548 18599 18593 18466 18471 18482 18762 19432 19637 19324 19383 20077 20562 20429 19692 18939 19486 19541 19222 17984 17627 17450 17394 17366 17118 17137 17132 17059 17056 17034 17025 17019 17065 17120 17114 17129 17108 17193 17157 17256 17591 17737 18017
19822 20405 20375 19957 19717 19290 19460 19594 19468 19597 19339 19506 19527 19406 19139 18752 18516 18255 18370 18425 18335 18516 18676 18732 18590 18719 18712 18470 18379 18615 18533 18619 18595 18688 18614 18579 18518 18476 18499 18560 18755 19170 19563 19828 19977 20225 20290 20079 19259 18781 19610 19611 19128 17980 17436 16940 16908 16907 17037 17002 16995 17025 17020 16981 16947 16954 16981 16982 17010 17000 17034 17095 17207 17476 17640 17921 18261
20015 19820 20027 19563 19277 19130 19217 19386 19325 19073 19162 19450 19427 19296 19016 18589 18127 18228 18440 18456 18358 18685 18728 18563 18587 18659 18642 18407 18322 18598 18682 18657 18566 18666 18655 18633 18544 18487 18569 18674 18763 18984 19012 19426 19764 19921 19983 19793 19352 18977 19360 19437 18887 18432 17596 16986 16926 16850 16999 16987 16954 16967 16929 16918 16881 16944 16907 16916 16952 16905 16927 16949 17249 17455 17734 18163 18327
20164 19785 19492 19260 19184 19024 19017 19388 19276 19109 19081 19266 19249 18933 18965 18554 17863 17957 18163 18230 18276 18392 18350 18453 18588 18574 18623 18318 18327 18646 18738 18684 18563 18696 18809 18627 18545 18518 18618 18767 18782 18852 19029 19228 19715 19748 19467 19388 19383 18996 19272 19328 18629 18092 17468 16952 16892 16822 16809 16902 16905 16865 16821 16896 16863 16839 16854 16852 16823 16835 16774 16824 17166 17367 17707 18132 18234
19879 19926 19540 19091 19029 18919 18955 19097 19132 18916 18907 18920 18971 19203 19212 18438 17763 17852 17776 18048 18213 18311 18028 18289 18476 18405 18437 18250 18312 18594 18635 18658 18753 19006 18983 18686 18635 18653 18786 18800 18782 18840 19088 19099 18956 19092 19110 18998 18955 18814 18699 18930 18640 17763 17030 17089 17114 16711 16733 16783 16830 16834 16760 16759 16747 16778 16775 16723 16661 16725 16843 16750 16829 17034 17359 17699 17889
19916 20024 19915 19335 19024 19228 19316 19208 19089 18791 18742 18854 19025 19199 19122 18287 17625 17641 17696 17874 17964 17938 17774 18102 18156 17926 18304 18442 18354 18529 18592 18633 18735 18985 19046 18805 18761 18843 18861 18851 18844 19336 19396 19333 19120 18671 18688 18846 18870 18734 18601 18596 18403 17394 16942 16927 16972 16711 16672 16677 16701 16709 16696 16700 16680 16786 16589 16698 16814 16821 16825 16797 16741 17072 17194 17459 17604
19506 19860 19839 19381 18914 19121 19180 18957 18903 18836 19043 18977 18965 19340 19088 18601 17809 17682 17660 17824 17880 17785 17781 17762 18009 17876 18137 18456 18355 18476 18611 18659 18982 18985 18871 18868 18931 18870 18880 18960 19201 19646 19460 19305 19113 18722 18614 18804 18879 18888 18917 18789 18278 17194 16856 16778 16800 16692 16615 16589 16637 16624 16620 16588 16569 16712 16717 16765 16810 16678 16814 16836 16580 17118 17373 17590 17765
19142 19679 19653 19089 18730 18660 18955 19109 19092 19042 19204 19079 19157 19287 19084 18741 18020 17587 17608 17765 17818 17865 17599 17677 17841 17892 17752 18229 18346 18609 18753 18893 19058 18931 18837 18968 19029 18927 18887 19288 19562 19643 19449 19357 19236 18826 18557 18579 18851 18887 18874 18682 18079 16952 16836 16780 16694 16635 16523 16500 16512 16546 16575 16580 16573 16504 16543 16584 16570 16597 16835 16865 16909 17172 17552 17734 17579
19352 19454 19441 18933 18993 19142 19212 19293 19059 19270 19552 19383 19314 18833 18237 18218 17861 17623 17661 17676 17657 17721 17694 17759 17748 17517 17644 18166 18312 18830 19094 19330 19152 18859 18953 19091 19380 19362 19134 19351 19488 19504 19501 19434 19223 18885 18702 18378 18515 18787 18762 18495 17656 16968 16705 16624 16608 16515 16502 16467 16458 16449 16576 16549 16490 16419 16526 16525 16520 16514 16647 16846 16939 17420 17694 17687 17326
19484 19529 19192 18780 19118 19333 19419 19456 19240 19342 19411 19077 18777 18314 17830 17854 17533 17626 17714 17672 17775 17758 17689 17779 17749 17486 17642 18105 18340 18900 19230 19470 19234 18703 18898 19169 19637 19717 19341 19201 19107 19043 19431 19410 19044 18869 18800 18496 18593 18409 18367 18399 17618 16694 16560 16599 16575 16522 16501 16405 16375 16374 16370 16552 16702 16720 16485 16549 16538 16578 16600 16966 17083 17466 17804 17758 17827
18527 18252 17851 17671 18134 18736 19169 19433 19205 19166 19102 18632 18239 17298 17554 17576 17544 17574 17607 17532 17578 17546 17597 17712 17749 17855 18088 18298 18361 18574 19052 19130 19009 18704 18567 18951 19231 19583 19599 19163 19074 18993 19264 19349 19230 18923 18903 18613 18661 18390 18070 17949 17400 16671 16652 16697 16588 16522 16534 16509 16359 16329 16362 16714 16545 16720 16647 16439 16443 16627 16960 16963 16725 17521 17764 17824 17655
17308 16906 16790 16929 17133 17822 18635 19329 19142 19231 19243 18427 17694 17253 17469 17487 17472 17427 17295 17494 17555 17426 17453 17617 18090 18215 18163 18443 18607 18536 18843 18987 18885 18392 18426 18773 19394 20047 20048 19211 19024 19033 19149 18251 19173 18987 18863 18624 18489 18306 18075 17769 17123 16650 16653 16749 16682 16499 16582 16502 16372 16307 16360 16719 16213 16582 16621 16346 16376 16845 16945 16934 16282 17623 17732 17814 17605
16260 15772 15767 15897 16069 16321 17527 18650 19071 19373 19199 17824 17637 17778 17699 17343 17285 17417 17532 17177 17465 17471 17571 17735 18184 18170 18349 18691 18803 18498 18739 18816 18498 18361 18406 18796 19959 20720 20282 19218 18840 18706 18991 19054 19072 18899 18723 18582 18380 18319 17806 17340 16967 16582 16434 16545 16558 16627 16822 16581 16395 16292 16307 16566 16644 16680 16358 16293 16398 16849 16878 16696 16669 17281 17605 17645 17549
15766 15705 15633 15586 15639 15746 16789 17766 18881 19253 18399 17423 17267 17894 17736 17537 17357 17768 17820 17606 17438 17626 17851 18165 18586 18737 18449 18748 18893 18664 18573 18682 18521 18415 18333 18811 20052 20674 20000 19090 18799 18835 18800 18915 18951 18873 18683 18683 18339 18383 18056 17346 16748 16494 16382 16373 16422 16584 16815 16782 16737 16375 16366 16297 16309 16319 16297 16301 16354 16404 16566 16509 16699 17225 17608 17593 17483
