Alternative/Moon/Lvl0_30x30/Ele_EG.asc
ncols         335
nrows         335
xllcorner     57491.657
yllcorner     -6727166.958
cellsize      10000
nodata_value  -9999.0
[rows 136 to 169 of 335, columns 231 to 307 of 335]
16674 17391 18656 20318 21036 20757 20717 20891 20641 20264 19886 19532 19343 19277 18921 18644 18838 19041 18937 19016 19203 19424 20003 20154 19531 18365 17764 19047 20328 20363 19928 19784 19584 19445 19534 20160 20343 20392 20680 20893 21238 20790 18897 17725 17359 16971 16550 16428 16443 16456 16595 16517 16533 16409 16384 16374 16399 16423 17214 18028 18927 19688 19795 19360 19103 19057 19073 19015 18987 18947 18865 18980 19022 19052 19058 18808 18794
17448 17867 19595 20841 21063 20842 20656 20829 20617 19838 19722 19752 19514 19421 19229 19042 19007 18971 18990 19081 19266 19444 19762 20101 20347 20487 20385 20316 20375 20257 19961 19960 20346 20309 20111 20291 20389 20472 20722 20901 21253 21161 20420 19357 18192 17026 16588 16477 16474 16390 16463 16416 16449 16362 16343 16359 16386 16759 17606 18566 19473 19691 19628 19165 19067 19031 18968 19021 18993 18956 18933 18946 18843 18638 18366 18276 18222
17825 18662 20295 21118 20639 20076 19643 19576 19781 19893 19874 19810 19648 19625 19513 19084 18977 18938 19015 19215 19292 19394 19695 19712 20015 20691 20776 20406 20172 19871 19867 19801 20321 20332 20161 20258 20393 20400 20408 20666 20731 20961 20749 20410 19321 18203 17121 16602 16450 16514 16545 16489 16347 16312 16331 16351 17026 17950 18800 19500 19804 19690 19255 18742 18989 18998 18948 18925 18975 18919 18952 18827 18363 18286 18251 18128 18121
19259 19920 20739 21118 20708 20251 20092 19846 19850 19869 19466 17916 17777 18745 19536 19441 19164 19110 19118 19379 19467 19508 19549 19629 19874 20174 20184 20102 19902 19776 19817 19951 20076 20047 19913 19872 20247 20364 20240 20083 20300 20551 20935 20949 20688 19728 18490 17725 16964 16676 16489 16406 16421 16399 16555 17244 18262 18957 20099 20305 20046 19650 19209 18833 18917 18916 18863 18861 18907 18947 18951 18728 18164 18099 18127 18132 18107
20267 20298 20472 19848 20113 19940 19505 19399 19498 19758 19323 18054 17963 18905 19641 19442 19135 19108 19329 19402 19461 19518 19615 19714 19864 19861 19653 19719 19702 19631 19820 19917 20026 19913 19829 19838 20032 20071 19982 20000 20159 20442 20609 20761 21074 21076 20582 19625 18679 18283 17845 17419 17489 17566 18045 18676 19580 20096 20292 20210 19660 19350 19198 19096 18939 18915 18856 18854 18842 18888 18882 18731 18127 18059 18061 18054 18088
19827 19772 19655 19658 19461 19439 19240 19358 19370 19765 19776 19682 19859 19878 19721 19405 19175 19164 19283 19323 19374 19292 19421 19363 19495 19619 19648 19592 19578 19622 19666 19383 19897 19863 19840 20005 20126 20173 20061 20163 20285 20361 20591 20867 21105 21122 20914 20950 20376 20308 19877 19504 19422 19413 19990 19964 20006 20076 19996 19576 19187 19131 18995 18782 18855 18883 18862 18834 18822 18887 18866 18386 18138 18091 18086 18025 18040
19124 19161 19234 19650 19597 19518 19379 19401 19418 19443 19825 19949 20262 20252 19520 19262 19122 19170 19235 19375 19332 19227 19418 19483 19510 19587 19592 19545 19403 19373 19661 19603 19780 19790 19859 19997 20014 20166 20141 20194 20234 20517 20462 19974 19388 19656 20528 21127 21060 20969 20936 20999 20821 20444 20653 20392 20230 19747 19507 19074 18664 18541 18508 18515 18766 18584 18937 19008 19069 19044 18866 18681 18207 18153 18111 18009 18071
19010 19311 19510 19581 19611 19595 19542 19488 19462 19417 19599 19736 19763 19712 19618 19252 19184 19220 19262 19252 19323 19300 19397 19460 19498 19695 19633 19286 19302 19350 19437 19475 19673 19679 19868 20021 19996 19987 20011 20032 20079 20387 20137 18794 18515 18528 19399 20686 20748 20521 20619 20672 20665 20640 20470 20117 19687 19494 19406 19215 18931 18722 18589 18482 18520 18351 18812 18875 19178 19117 19055 18829 18537 18289 18221 18058 18136
19174 19598 19744 19683 19748 19746 19634 19553 19566 19528 19564 19606 19745 19827 19687 19327 19242 19277 19318 19195 19197 19180 19299 19322 19416 19418 19338 19276 19277 19520 19446 19419 19497 19632 19696 19781 19874 19936 19902 19959 20048 20402 20238 19656 18752 19105 19707 20416 20274 20121 19917 20297 20206 20203 20093 19826 19420 19521 19459 19207 19137 19346 19325 18842 18186 18187 18211 18503 18967 19021 18708 18267 18243 18273 18211 18138 18181
19690 20057 20082 20041 19795 19844 19815 19675 19615 19491 19526 19515 19421 19271 19387 19262 19255 19259 19294 19237 19223 19228 19209 19290 19293 19269 19213 19191 19372 19480 19421 19411 19489 19481 19542 19652 19794 19774 19849 19902 19869 20091 20251 20292 20345 20357 20308 20232 20118 20017 19793 19987 19869 19877 19874 19719 19826 19789 19318 18522 18286 18716 18967 18736 18129 18117 18136 18198 18520 18746 18739 18268 18204 18215 18227 18185 18201
19827 19910 20148 20212 19880 19832 19776 19764 19625 19548 19548 19519 19451 19449 19266 19180 19219 19281 19331 19267 19185 19290 19287 19274 19232 19280 19343 19294 19323 19335 19332 19325 19366 19503 19515 19666 19641 19698 19717 19715 19662 19757 19866 20139 20373 20375 20119 19909 19697 19662 19612 19596 19739 19842 19687 19587 20011 19720 18379 17897 17921 17915 17926 18009 18050 18129 18154 18126 18223 18583 18755 18547 18306 18311 18257 18271 18239
19714 19005 19634 20262 20154 20038 19776 19663 19524 19525 19470 19463 19438 19351 19233 19113 19100 19187 19344 19304 19354 19301 19357 19323 19278 19321 19349 19275 19275 19232 19255 19236 19223 19312 19469 19848 19783 19624 19557 19605 19651 19811 19773 19876 19711 19792 19793 19712 19613 19574 19540 19544 19582 19615 19558 19592 19832 19437 18009 17834 17850 17831 17828 17867 18050 18100 18084 18115 18558 18983 19144 18883 18715 18633 18344 18296 18234
19821 19359 20001 20153 20169 19881 19897 19635 19475 19454 19408 19445 19405 19351 19266 19118 19080 19337 19430 19409 19350 19309 19183 19209 19233 19348 19316 19416 19279 19263 19233 19244 19212 19197 19284 19578 19543 19582 19606 19651 19664 19743 19672 19790 19803 19588 19655 19760 19619 19608 19502 19531 19492 19432 19385 19523 19479 18812 17938 17825 17831 17816 17826 18082 18230 18063 18262 18630 18666 18765 18865 18873 18861 18806 18522 18494 18643
20086 19480 19142 19035 19427 19946 19979 19793 19488 19421 19391 19345 19361 19301 19161 19179 19189 19367 19418 19379 19316 19284 19184 19187 19512 19518 18950 19400 19231 19181 19145 19159 19235 19248 19452 19511 19590 19564 19629 19620 19621 19625 19610 19618 19601 19676 19649 19639 19613 19603 19480 19486 19472 19318 19303 19347 19436 19497 18641 18003 17882 17955 18341 18780 18730 18715 18912 18968 18722 18677 18599 18662 18848 18881 18866 18896 18882
19775 18698 17905 17917 18177 18836 20054 19924 19362 19380 19347 19295 19233 19196 19211 18953 19173 19281 19328 19439 19558 19511 19201 19282 19216 18788 18449 19376 19290 19194 19118 19172 19189 19289 19514 19565 19568 19483 19627 19555 19783 19705 19642 19625 19632 19560 19524 19526 19580 19421 19507 19481 19415 19283 19274 19265 19482 19608 19261 19365 19023 19145 19285 19249 18957 18969 18925 18800 18652 18612 18593 18586 18621 18806 18873 18937 18939
19737 18461 17918 17872 17960 18692 19952 19933 19465 19250 19247 19194 19177 19147 19140 18989 19003 19344 19311 19416 19487 19547 19271 19145 19247 19233 19438 19356 19138 19092 19050 19081 19082 19204 19492 19554 19340 19575 19537 18957 19391 19509 19560 19495 19527 19481 19452 19479 19473 19502 19505 19339 19272 19313 19274 19288 19295 19113 19131 19209 19019 19026 19286 19214 19042 18965 18842 18821 18716 18612 18593 18561 18615 18633 18778 18879 18803
20038 19844 18966 18586 19157 19792 19781 19565 19336 19204 19151 19068 19117 19137 19193 19313 19193 19456 19359 19371 19341 19353 19242 19108 19118 19303 19538 19358 19071 19104 19024 19014 19129 19183 19100 19209 19238 19375 19473 19267 19364 19561 19601 19545 19537 19604 19457 19454 19539 19480 19325 19264 19331 19317 19290 19197 19003 18943 18903 18907 18902 18863 18928 18936 18947 18905 18813 18833 18828 18603 18583 18628 18549 18594 18780 18803 18811
19897 20243 20087 19922 19847 19857 19778 19241 19100 19122 19111 19075 19107 19174 18970 19367 19312 19322 19309 19263 19257 19241 19188 19127 19116 19170 19326 19273 19058 19144 18945 18984 19166 19269 19343 19430 19360 19221 19129 18927 19330 19499 19666 19561 19613 19594 19594 19430 19296 19279 19354 19439 19367 18979 19338 19215 18958 18908 18895 18913 18883 18883 18998 18944 18886 18873 18835 18820 18687 18590 18588 18585 18468 18712 18751 18774 18852
19846 20153 19999 19797 19680 19557 19411 19068 19133 19084 19021 19007 19008 19046 19075 19197 19171 19195 19132 19140 19174 19157 19144 19099 19183 19273 19381 19278 19289 19082 18896 18834 19128 19584 19284 19272 19349 19231 19032 19419 19571 19489 19433 19406 19315 19336 19569 19475 18733 18644 18780 19482 19483 19439 19279 19027 18976 18967 18997 18891 18950 18850 18885 18933 18929 18833 18799 18696 18607 18595 18622 18475 18539 18781 18743 18701 18822
19028 19708 19782 19368 19463 19305 19213 19184 19108 19007 18970 18935 18957 18986 18932 19084 19187 19172 19030 19035 19039 19061 19041 19040 19165 19283 19338 19362 19489 19532 19122 18799 18958 19469 19414 19125 18888 19119 19042 19312 19574 19528 19536 19515 19288 19423 19519 19291 18036 17916 17986 19063 19384 19114 19021 19006 18949 18993 19019 18889 18825 18820 18864 18867 18898 18840 18807 18727 18629 18599 18642 18750 18807 18587 18623 18500 18506
19460 19981 19991 19343 19413 19314 19194 19063 19025 18967 18954 18939 18939 18878 18983 19044 19100 19051 18910 18998 19068 19120 19057 19046 19173 19157 19232 19248 19099 19171 18838 18768 18824 19214 19618 19549 19164 19224 19342 19110 18890 18929 19442 19357 19336 19364 19421 19121 18405 18206 18566 19115 19214 19009 18958 18982 18958 18916 18932 18906 18834 18825 18829 18852 18857 18836 18822 18788 18728 18661 18634 18616 18624 18488 18466 18390 18342
19676 20030 20083 19633 19361 19451 19389 19067 18969 18971 18900 18899 18874 18798 19076 19123 19014 19026 18933 18997 18988 18980 18974 19004 19135 19174 19140 19219 19102 18913 18940 19262 19360 19359 19582 19546 19427 19357 19262 18982 18743 18861 19259 19311 19328 19345 19026 18996 19217 19118 19130 19094 19054 19058 19029 19001 19032 18932 18881 18845 18808 18826 18849 18852 18849 18845 18863 18769 18772 18728 18641 18579 18527 18530 18335 18314 18205
18813 19160 19659 19802 19427 19878 19831 19559 19191 18950 18920 18888 18835 18910 19009 19124 18954 18987 18890 18917 18928 18977 18988 19161 19158 19244 19182 19101 19085 19161 19203 19352 19341 19252 19077 19208 19360 19424 19176 19200 19123 19043 19079 19175 19254 18920 18727 19089 19218 19095 19005 19001 19048 19124 19245 19297 19170 19153 18975 18898 18909 18915 18865 18852 18886 18908 18903 18833 18783 18676 18642 18635 18595 18375 18274 18174 18156
16649 17078 17495 18269 18511 19467 19796 19802 19583 19260 19040 18872 18885 18897 18777 18911 18978 18948 18883 18889 19031 19058 19039 19064 18690 19065 19139 19022 19077 18991 18969 18962 19036 19031 19031 19045 19193 19184 19127 18953 18912 18848 18905 18996 19193 19041 18676 19131 19039 18987 18980 19085 19175 19418 19260 19000 19467 19346 19026 18968 18937 18927 18942 19068 19070 18955 18793 18784 18685 18652 18733 18648 18440 18369 18191 18092 18057
15405 15404 15802 16351 16723 17631 18987 19808 19764 19448 19033 18961 18916 18786 18767 18907 18955 18980 18908 18874 18964 19090 19073 19013 18875 18986 19124 19040 18978 19025 19036 18941 18946 18931 19014 19028 18971 19003 19039 18898 18801 18811 18900 18844 18938 18832 18652 18962 19140 18953 19084 19077 19218 19568 18945 17946 19511 19388 19116 18809 18951 19030 19265 19238 19193 19029 18770 18767 18678 18699 18756 18476 18428 18428 18189 18077 18073
15332 15314 15291 15403 16152 16888 18059 19151 19598 19460 19070 18913 18930 18771 18673 18822 18955 18937 18960 18935 18933 19001 19010 18994 18967 19068 19132 18921 18897 18964 19015 18955 18903 18893 18932 18927 18877 18830 18924 18848 18774 18741 18813 18915 18936 18930 18883 18921 18808 18831 18944 18970 19304 19259 17865 17099 18342 19366 19087 18657 18632 18699 19245 19240 19187 19152 18909 18791 18733 18724 18743 18465 18249 18262 18128 18112 18158
15276 15247 15227 15217 15356 16255 17597 18966 19521 19472 19061 18926 18766 18661 18552 18668 18606 18735 19063 18930 18857 18929 19006 19064 19016 18961 18943 18751 18755 18743 18789 18810 18821 18847 18811 18817 18744 18852 18840 18925 18928 18865 18846 18884 18790 18895 18837 18898 18953 18939 18900 19063 19411 19475 18816 18119 19027 19306 18935 18653 18620 18669 19233 19363 19007 19085 18880 18797 18653 18590 18485 18210 18198 18147 18104 18140 18190
15212 15251 15267 15182 15407 16479 17665 18938 19654 19610 19190 18939 18783 18622 18636 18332 18522 18541 18935 18896 18813 18797 18936 18988 18981 18986 18836 18719 18673 18664 18707 18724 18781 18776 18815 18746 18762 18836 18972 19008 18987 18875 18942 18940 18867 18864 18922 18932 18973 18981 18883 19089 19163 19324 19291 19391 19382 19282 19201 19045 18735 18931 19275 19323 19012 18978 18846 18687 18502 18404 18257 18241 18234 18241 18181 18189 18214
15246 15237 15243 15553 16468 17054 18337 19138 19260 18992 19063 18780 18638 18486 18469 18481 18854 18891 18952 18917 18740 18728 18817 18781 18695 18680 18681 18721 18741 18681 18635 18620 18663 18715 18745 18737 18929 18944 19020 19039 19216 19244 19004 18928 18892 18919 18944 18976 18928 18934 18832 18885 18926 19059 19119 18992 18939 19001 19230 18964 18769 19076 18749 18786 18853 18855 18722 18422 18360 18297 18360 18325 18309 18336 18298 18279 18146
15233 15322 15659 16207 16724 17488 18853 19338 19268 19062 18806 18684 18579 18450 18356 18364 18535 18706 18648 18760 18751 18733 18773 18633 18683 18646 18626 18576 18584 18740 18640 18642 18699 18624 18648 18740 18945 18999 19055 18999 19167 19183 19003 18958 18914 18922 18971 18961 18853 18863 18851 18982 18921 18975 19145 19010 18869 18876 19097 18445 18243 18951 18714 18443 18521 18479 18404 18404 18429 18422 18419 18416 18415 18413 18332 18340 18430
16541 16684 17330 17889 18393 18790 19292 19441 19149 18881 18550 18445 18389 18391 18369 18394 18487 18677 18845 18767 18758 18824 18726 18623 18710 18661 18686 18666 18798 18733 18710 18661 18650 18778 18734 18810 18920 19052 19016 19063 18890 18918 18818 18895 18961 18865 18930 18878 18809 18816 18899 18992 18925 18919 18767 18707 18744 18714 18712 18686 18746 18353 18824 18772 18519 18506 18512 18513 18556 18528 18518 18483 18465 18503 18230 18330 18528
18222 18227 18759 18867 19103 18954 19129 19019 18915 18613 18454 18395 18431 18422 18415 18534 18507 18420 18371 18467 18800 18709 18546 18535 18578 18631 18617 18683 18739 18638 18706 18644 18556 18859 18918 18861 18891 18942 19006 19054 19087 19096 19122 19048 18998 18871 18978 18848 18900 18892 18894 18841 18761 18724 18598 18731 18714 18727 18630 18713 18595 18306 18516 18739 18615 18659 18680 18611 18557 18664 18654 18621 18510 18603 18165 18218 18566
18923 19095 19151 18965 18860 18799 18496 18543 18530 18382 18372 18359 18402 18410 18362 18458 18717 18799 18536 18610 18754 18578 18579 18442 18469 18465 18545 18584 18618 18644 18820 18853 18978 18946 19004 19054 18984 19067 19072 19145 19123 19217 19197 19016 18969 18906 18973 18932 18943 18977 18953 18784 18720 18770 18616 18686 18761 18763 18666 18670 18687 18675 18666 18665 18712 18666 18674 18721 18776 18792 18797 18682 18330 17867 17440 17380 17203
18828 18965 18943 18893 18712 18633 18580 18406 18413 18379 18449 18444 18370 18466 18463 18495 18638 18703 18588 18599 18751 18534 18505 18460 18474 18476 18544 18557 18554 18581 18925 18930 19075 19128 19009 19040 19077 19131 19145 19341 19329 19238 19203 19040 18903 18930 18958 19049 18978 19049 19027 18847 18768 18765 18434 18686 18592 18607 18532 18609 18668 18769 18741 18699 18917 18743 18691 18700 18774 18789 18723 18217 17293 16693 16702 16585 16552
