Alternative/Moon/Lvl0_30x30/Ele_CK.asc
ncols         335
nrows         335
xllcorner     13457491.657
yllcorner     -27166.958
cellsize      10000
nodata_value  -9999.0
[rows 68 to 101 of 335, columns 154 to 230 of 335]
26336 26354 25655 25528 25382 25392 25678 25690 25899 26608 27462 27523 27416 27534 27553 27040 26633 26904 27340 28053 28316 28368 28383 28476 28493 28378 28935 29839 30501 31328 30933 28696 26700 26906 28797 31409 31840 31083 30262 29492 28089 27967 27005 26290 26399 26808 27152 27108 26574 26102 25379 24981 25139 25211 24987 24405 24002 23888 23882 23818 23910 24418 24555 24662 24690 24718 24329 23698 23337 22706 22019 21302 20466 20202 20191 20120 20147
26663 26714 26117 25768 25549 25124 24620 24757 25022 26141 27530 27288 27525 27634 27776 27332 26816 27024 27504 27911 28125 28317 28478 28613 28592 28485 28752 29413 30083 30873 29753 26783 24349 24506 27209 30583 32139 31853 31119 29654 28450 27557 26157 26351 26535 27191 27559 26940 26487 26626 25806 25204 25229 25208 24923 24507 24315 24208 23808 23688 23764 23719 23792 24224 24172 24168 24170 24195 23996 23419 22606 21892 21396 20586 20401 20306 20287
27155 27223 26925 25769 25436 25079 25240 25258 26004 26869 27563 27580 27295 27489 27753 27420 27147 27182 27378 27610 27787 28110 28407 28658 28741 28708 28933 29226 29815 30380 29725 27079 25296 26002 28458 31403 32187 31811 30915 29404 28282 27787 27247 27030 27532 27965 28099 27851 27633 27435 26420 25696 25371 25190 24824 24662 24312 24296 23957 23741 23649 23619 23618 23628 23751 24079 24212 24301 24176 23740 22954 22371 21743 20803 20731 20752 20622
27457 27407 26916 25699 25928 26130 26488 26900 26974 27122 27733 27755 27296 27141 27335 27154 27066 27138 27154 27433 27700 27820 28120 28405 28571 28806 28888 28821 29215 29968 30209 29386 28592 29046 30735 31874 31958 31276 30124 29190 28109 27825 27644 27853 28086 28338 28658 28917 28669 27926 27126 26386 25904 25275 24863 24706 24791 24679 24564 23883 23470 23560 23542 23622 23560 23790 24138 24205 24123 23980 23498 22809 21733 21243 21629 21836 21794
27219 27068 26497 26379 26691 27060 27267 27648 27592 27344 27326 27449 27145 27174 27079 26796 26830 27026 27272 27473 27704 27752 28281 28594 28867 28874 28581 28287 28598 29269 30089 30307 30715 30929 31434 31816 31223 30650 29686 28799 28019 27754 27620 27800 27321 27437 28301 28926 28950 28263 27148 26600 26001 25447 24987 24852 25103 25066 24850 24309 23666 23608 23532 23607 23591 23691 24070 24097 23988 23935 23459 23011 21883 21774 21908 22317 22215
26599 26711 26662 27012 26952 27205 27669 27869 27636 27260 27305 27351 27073 27051 27154 27012 26968 27164 27399 27583 27756 27914 28422 28788 28980 28871 28192 27904 27892 28254 29088 29842 30536 30704 30899 30971 30550 30050 29563 28565 28027 28021 27315 26020 25935 25705 26534 27969 28796 28398 27299 26356 25942 25557 25274 25020 25219 25335 25442 25395 24303 23623 23617 23518 23587 23623 23779 23840 23804 23780 23155 22880 22033 22198 22443 22561 22388
26400 26435 26648 27083 27022 26868 27239 27735 27730 27462 26955 27101 26959 26964 26985 26746 26852 27128 27194 27373 27773 28110 28292 28741 28688 28453 28252 27762 27630 27308 28052 28824 30001 30319 30247 30365 30293 29977 29508 29052 28673 28643 28115 26525 25837 25513 25893 27225 28819 29152 28045 26498 25991 25512 25227 25628 25643 25296 25353 25597 25036 23950 23680 23561 23554 23445 23573 23752 23846 23647 22873 22894 22965 22796 22944 23007 22569
26086 25822 25673 26224 26266 26384 27093 27551 27684 27444 26847 26863 26948 26971 26710 26463 26382 26424 26635 26573 27010 27946 28123 28002 28121 27975 27834 27388 27287 27209 27480 28001 29089 29945 30103 30301 30226 30081 29614 29236 29275 29302 29104 27646 26529 26210 26692 27965 28599 28832 28153 27241 26361 25957 25009 25704 25489 23544 23038 24761 25072 24110 23592 23556 23610 23483 23433 23433 23348 23124 22692 23353 23478 23210 22770 22801 22636
25751 25848 25695 25477 25415 25751 26130 26392 26251 26357 26274 26112 26236 26438 26625 26410 26495 26566 26443 26321 26510 26960 26963 27151 27367 27209 27250 27784 27839 27423 27321 28097 28484 29215 29860 30406 30399 30292 29938 29492 29703 29663 29447 28362 27303 27218 27717 28816 28840 27196 27397 27231 26522 26131 25714 25553 25657 23901 22809 24740 24886 24200 23496 23527 23631 23529 23237 23176 22910 22847 23466 23808 23755 23539 22871 22598 22468
25570 25196 24738 24409 24465 24731 24799 25003 24869 24780 25409 25920 26116 26085 26278 26519 26623 26630 26510 26355 26294 25952 25929 25827 26305 26726 27098 27931 28101 27524 27006 27205 28336 28938 29920 30724 30700 30689 30416 30246 30645 30614 30353 29903 28907 28642 29157 29499 29288 28056 26716 26063 25505 25374 25534 25444 25625 25370 25136 25214 24841 24153 23545 23672 23570 23065 23028 22912 22845 23046 23897 24085 24060 23592 22738 22608 22343
24341 24094 23891 22861 22884 22954 23216 23423 23628 23470 23426 24134 25075 25487 26056 26378 26384 26203 26077 26040 25723 25483 25012 24965 25792 26564 27150 27710 27688 27197 27016 27890 29099 29934 30569 30821 30416 30204 29894 29776 30562 30726 30834 30694 29923 29603 29706 29673 29191 27974 26603 24968 24090 23903 24393 25158 25404 25472 25289 25124 24599 24669 24751 24249 23688 23138 23042 22735 22877 23163 23663 23982 23790 22840 22699 23109 22990
22968 22749 22265 21438 21776 22082 22283 22489 22626 22547 22538 22987 23854 24974 25655 25612 25619 25743 25823 25674 25120 24613 24443 24618 24584 25674 27185 27606 27425 27098 27788 28971 29731 30152 30163 29810 29068 28374 27476 27313 28250 29313 30411 30580 30381 29907 29428 29354 28916 28177 26298 24424 23438 22974 24265 25425 25267 24946 24822 24672 25168 25270 25407 25065 23760 23333 23175 22979 22975 23198 23494 23625 23527 23436 23467 23338 23039
22009 21360 20915 20484 20604 20717 20891 21046 21461 21527 21390 22174 22853 23885 24617 24834 25284 25427 25393 25497 24772 24650 24518 25240 25401 26233 27351 28031 27920 27726 28665 29473 29664 29716 28846 28050 27140 26777 26351 25935 26375 27441 28859 30158 30372 30179 29210 28734 28630 28276 26845 24413 23095 22868 24229 25310 25234 24952 24891 24964 25614 25916 26036 25341 24104 23534 23613 23585 23073 23479 24009 24068 23926 23629 23397 23351 23059
20605 19986 19556 19521 19474 19655 19660 19598 19912 20196 21241 22023 22591 22925 24125 24344 24727 24807 24553 24579 24570 24427 24043 25427 26259 26701 27572 28075 28526 28629 29305 29459 29136 28357 27663 26809 26076 25769 25321 24896 25412 26186 27137 28864 30012 30190 29561 29033 28726 28107 27483 25369 23904 23888 25189 25374 25275 25050 25024 25307 25871 26106 26003 25110 24088 23860 23787 23738 23818 23965 24585 24779 24811 24330 23082 22785 22874
19895 19630 19329 19340 19237 19236 19296 19286 19245 19467 20191 21086 21810 22634 23280 24337 24538 24585 24153 23972 24200 24325 24176 25441 26245 26854 27524 28215 28969 29374 29528 29371 28590 27415 26140 25341 24679 24252 23824 23898 24389 25110 26134 27169 28797 29898 29963 29432 28793 28221 27631 26685 25764 25351 25505 25278 24803 24978 24976 25213 25944 26196 25461 24635 24618 24294 24334 24489 24036 24018 24415 24849 24944 24678 23744 22633 22806
19565 19285 19255 19246 19234 19219 19204 19214 19200 19314 19664 20753 21642 21946 23046 24007 24495 24444 24035 23998 23893 23921 23980 24592 25687 26525 27479 28468 29072 29533 29614 28855 27889 26825 25302 24036 23397 23381 23360 23336 23437 24083 25224 26487 27724 29201 29685 29282 28308 27780 27412 26731 26032 25658 25341 24913 24777 24804 24894 25359 25573 25672 25248 24896 25139 24572 24450 24556 23608 22539 22624 23742 24721 24721 24323 23438 22975
19616 19383 19280 19393 19431 19270 19255 19219 19204 19251 19525 20302 21340 21931 22834 23966 24349 24033 24061 24117 23805 23508 23829 24276 25325 25996 27479 28351 28932 29527 29606 28700 27388 26058 24570 23454 23252 23253 23389 23710 23647 23517 24443 25904 27406 28242 29059 28748 27903 27453 26784 25901 25387 25268 25071 24873 24815 25101 25340 25641 25503 25257 25172 25134 25193 24616 24464 24418 22786 21606 21649 22466 23582 24151 24127 23575 22732
19656 19414 19603 20002 20077 19488 19314 19157 19143 19134 19346 19673 20648 21580 22573 23775 24224 24201 24008 24039 23680 23808 23863 24177 25115 26021 27283 27585 28551 29195 29196 28404 26732 25335 23874 23469 23460 23494 23369 24067 23926 23806 24304 25464 26965 27621 28462 28383 27453 26811 26252 25106 24696 24776 24716 25073 25289 25706 25857 25789 25519 25403 25446 25571 25654 24844 24759 24581 23124 22024 22238 23399 24392 24573 24264 23651 22905
19667 19531 19721 20920 21136 20314 19260 19158 19100 19145 19349 19730 20984 21771 22614 23344 24298 24325 24076 23853 23791 24006 24005 24489 25124 25876 26863 27570 28379 28939 29052 28252 26726 25620 24390 23729 23579 23320 23453 23661 23749 24038 24459 25300 26700 27545 28335 28129 27246 25585 25067 24977 24578 24747 25050 24727 25416 25769 25814 25785 25696 25393 25699 26070 25967 24982 24766 24818 24743 24016 24194 24783 25028 24767 24253 23515 23168
19767 19487 19646 20934 21294 20635 19358 19058 19246 19261 19498 20064 21361 22067 22782 23617 24308 24290 24032 24445 24199 24158 24615 24822 25229 25479 26358 27291 28179 28617 28877 28696 27592 26244 25172 24301 24016 23965 23868 24200 24294 24283 24901 25862 26919 28099 28365 28020 26986 25842 25399 24893 24578 24450 24157 24141 24710 25552 26018 25935 25807 25758 25864 26001 25744 25125 24623 24715 24862 24830 24880 24899 24958 24616 24318 23981 23780
19686 19537 19507 19950 20158 20028 19324 19135 19340 19271 19561 20293 21662 22381 23030 23699 24387 24377 24506 24734 24647 24905 25158 25127 25099 25678 26893 27492 28226 28697 29367 29378 28356 27380 26475 25862 25430 24980 24605 24612 24703 25030 25787 26686 27784 28614 28382 27463 26577 26083 25233 24853 24785 24174 23595 23544 24323 25451 26146 26087 25904 25864 25910 26012 25740 25386 24849 24466 24729 24732 24604 24587 24495 24468 24527 24426 24187
20334 19865 19679 19415 19592 19393 19317 19190 19312 19534 19978 21262 22120 22637 23694 23967 24564 24664 24680 25139 25626 26145 26276 25927 25967 26694 27514 27697 28283 28642 29365 29550 29320 28660 28089 27664 27171 26782 26367 26013 25880 26248 26954 27880 29118 29359 28634 27385 26445 25973 25047 25061 25132 25084 24895 24736 25032 26159 26418 25981 25670 25748 25708 25695 25549 25514 24991 24488 24473 24433 24175 24343 24378 24416 24417 24349 24302
21533 20650 19897 19803 19911 19811 19567 19430 19713 20120 21189 22059 22514 22906 23901 24267 24845 24916 24933 25746 26568 27410 27533 27154 27522 28039 28082 27935 28426 28850 29509 30041 30163 30017 29643 28934 28327 27959 27673 27541 27591 27861 28358 29281 29883 29557 28896 27530 26190 25606 25492 25455 25717 25968 25943 25767 25830 26633 26597 26066 26147 26128 26106 25975 26093 26117 25452 24596 24363 24325 24234 24141 24229 24377 24439 24521 24227
22198 21385 20468 19879 19611 19800 19697 19578 19931 20285 21538 22505 22636 22952 23912 24564 24943 24981 25176 26464 27474 28038 28239 28159 28226 28406 28472 28819 29304 29712 29791 30188 30586 30674 30450 30058 29371 29109 28670 29000 29158 29169 29696 30149 30279 29901 29115 27595 26383 26116 25789 25905 26199 26189 25994 26225 26567 27031 26905 26337 26221 26184 26195 26173 26126 26098 25592 25329 24617 24316 24166 24236 24350 24641 24793 24887 24444
22828 22027 21467 21032 20730 20413 20271 20317 20807 21295 22318 22596 22776 23606 24649 25051 25578 25783 26132 26925 27863 28173 28289 28052 27782 27621 28056 29038 29799 30356 30404 30445 30650 30636 30525 30257 30023 29861 29832 29880 30020 30469 30604 30495 30263 29937 29399 28361 27621 27124 26749 26580 26609 26721 26589 26805 27001 27081 26996 26729 26735 26580 26419 26264 26147 25969 25844 25772 25447 24970 24558 24688 24786 24884 25023 25076 25339
23745 22756 22563 22482 22179 21737 21466 21486 21626 22293 22677 22918 23924 24862 25632 26018 26658 26715 26749 27417 27542 27885 27089 26152 25757 25528 25970 27542 29201 30376 30590 30380 30084 29570 28757 28738 28705 28831 29068 29078 29094 30097 30537 30290 29892 29523 29349 28888 28667 28301 27869 27393 26757 26645 26534 26766 26875 27153 26396 26028 26723 26705 26614 26502 26338 26284 26234 26130 25979 25490 25071 24846 24924 25116 25324 25229 25690
25039 24117 23610 23492 23274 22945 22590 21959 22397 23022 23039 23879 24845 25492 26086 26675 27287 27362 26973 27416 27087 26653 25939 25569 25444 25235 25239 25598 27011 28501 29397 29270 28722 28021 27405 26910 26690 26712 26691 27097 27495 28041 29156 29659 29442 29554 29324 29147 29119 28863 28171 27497 26735 26184 25764 25390 25619 26343 26190 26219 26299 26206 26642 27017 26957 26697 26327 26108 26180 25817 25178 25058 25209 25349 25871 26028 25897
26395 25407 24849 24552 23897 23623 23278 23051 23379 23368 23717 24723 25190 25519 26229 26743 27264 27344 26705 26788 26335 25821 25293 24610 24253 23904 24240 24661 25079 26278 27333 28152 28165 27331 26556 26365 25833 25766 25710 25969 26113 26341 27150 28337 29035 29191 29339 29594 29541 28909 28057 27082 26202 25713 24958 24421 24315 24905 25392 25729 25754 25747 26361 27006 27312 27171 26344 26274 26126 25718 25427 25149 25229 25308 25867 26344 26255
27931 27078 26329 25766 24947 24582 24385 24362 24181 24403 25133 25350 25531 25740 26567 27059 27169 27063 26768 26008 25015 24268 23707 22900 22615 22484 22938 23497 24085 24584 25157 26715 27316 26834 25874 25427 24844 24560 24721 25092 25265 25381 25987 26836 27982 29189 29545 29912 29706 28851 27532 26622 25624 24918 23924 23139 22798 23210 23838 24476 25061 25148 25831 26614 27372 27513 27223 27219 27053 26811 26275 25376 25155 25317 25707 26282 26251
28109 28188 28059 27404 26465 25665 25557 25518 25524 26093 26068 26168 26164 25914 26518 27103 27202 27010 26316 25111 23636 22636 21936 21814 21789 21691 21745 22389 22738 23515 24310 25746 26460 25961 25033 24930 24632 24250 23992 24194 24388 24493 25190 26142 27054 28541 29354 29934 29872 28877 27572 26657 25609 24428 22891 22457 22355 22419 22687 23030 23715 24517 25482 26408 27061 27737 27706 27310 27429 27375 26517 25829 25428 25958 25941 25611 26081
28035 28260 28218 27677 26772 26083 25922 26057 26305 26453 26368 26348 26240 25946 26208 27012 27282 27233 25860 24597 22785 21860 22022 22589 22874 22235 21692 21721 21794 22515 23563 24842 25650 25558 24611 24665 24312 23808 23396 23197 23597 23750 24489 25312 26382 28049 29205 29413 29386 28840 27405 26131 25464 24706 23281 22149 22063 22157 22404 22504 22606 23422 25110 25785 26713 27737 27897 27746 27549 27344 26971 26549 26561 26721 26792 26282 25963
27745 28080 28081 27457 26758 26206 25910 26010 26056 26242 26198 26043 25873 25756 26032 27314 27470 27010 25527 23997 22567 22351 22830 23077 23524 23078 21936 21713 21689 22077 22733 24295 24944 24952 24576 24618 24030 23485 23178 23075 22966 23089 24066 24776 25642 27500 29165 29295 28932 28633 27694 26213 25368 24680 23428 22612 22048 22085 22203 22309 22286 23031 24570 25613 26616 27409 27916 27887 27685 27295 27102 27241 27619 27548 27055 26539 26267
27902 28001 27903 27421 26841 26102 25738 25725 25461 25253 25030 24780 24841 25214 26256 27253 27382 26766 24955 22838 22044 22352 22629 22837 22658 22086 21795 21727 21809 21935 22636 23588 24406 24821 24435 24449 24003 23591 23102 22934 22889 22899 23828 24316 24636 26577 28977 29046 28899 28250 27556 26805 25571 24875 23740 23251 22447 21981 22131 22278 22286 22752 23991 25159 26355 27467 27649 27913 27668 27120 27831 27714 27732 27581 27249 27098 26514
27944 27980 27796 27332 26831 26043 25627 25686 25235 24931 24425 24203 24627 25127 26374 27472 27387 26365 24785 22863 22361 22080 22110 21919 21736 21933 21819 21688 21799 21812 22277 23263 24309 24380 24462 24286 23875 23402 22986 22712 22729 22745 23692 24165 24043 25761 28056 29051 29023 28514 28340 27074 25721 24710 23910 23562 23034 22342 22153 22339 22679 22959 23817 25118 25983 27256 27399 27548 27403 27051 27736 27447 26398 25377 26437 27110 26507
