Alternative/Moon/Lvl0_30x30/Ele_DE.asc
ncols         335
nrows         335
xllcorner     -6642508.343
yllcorner     -3377166.958
cellsize      10000
nodata_value  -9999.0
[rows 34 to 67 of 335, columns 231 to 307 of 335]
16242 16110 16131 16117 16120 16267 16106 16101 16109 16110 16112 16109 16113 16128 16148 16154 16171 16189 16198 16201 16196 16203 16206 16227 16250 16312 16332 16363 16382 16402 16405 16391 16496 16513 16399 16398 16378 16353 16336 16376 16411 16427 16382 16416 16449 16497 16603 16673 16735 16763 16797 16756 16738 16606 16616 16632 16657 16678 16704 16697 16679 16682 16673 16679 16708 16729 16751 16771 16793 16813 16937 16912 17002 17143 17437 17452 17415
16308 16139 16124 16120 16350 16393 16085 16083 16088 16105 16111 16107 16167 16132 16153 16163 16171 16180 16182 16192 16191 16189 16208 16220 16251 16305 16321 16359 16396 16398 16418 16418 16389 16529 16521 16411 16398 16387 16350 16364 16389 16386 16356 16395 16443 16490 16548 16586 16626 16646 16758 16778 16809 16688 16624 16635 16650 16666 16704 16702 16680 16665 16671 16688 16700 16720 16734 16756 16775 16924 16994 17013 17144 17255 17438 17445 17372
16273 16222 16121 16165 16537 16465 16069 16072 16078 16089 16099 16099 16149 16131 16156 16171 16179 16180 16182 16178 16182 16193 16210 16213 16239 16284 16310 16360 16413 16413 16457 16482 16377 16361 16483 16461 16447 16455 16419 16380 16352 16351 16339 16353 16412 16465 16515 16545 16578 16611 16639 16727 16825 16809 16662 16668 16663 16654 16670 16674 16679 16677 16701 16709 16734 16732 16753 16784 16789 16975 16960 17096 17170 17277 17415 17377 17305
16226 16252 16215 16139 16155 16232 16259 16059 16060 16067 16071 16089 16087 16108 16128 16161 16177 16185 16182 16174 16163 16177 16197 16206 16221 16262 16292 16317 16409 16426 16486 16524 16414 16396 16421 16519 16507 16550 16516 16464 16363 16345 16329 16336 16383 16435 16478 16504 16540 16567 16596 16629 16735 16759 16661 16638 16658 16679 16693 16731 16753 16767 16812 16824 16948 16914 16896 16903 16897 17012 17138 17201 17243 17316 17310 17253 17256
16210 16219 16225 16225 16079 16718 16712 16070 16049 16047 16051 16065 16075 16091 16102 16122 16152 16160 16159 16155 16145 16159 16180 16184 16204 16257 16288 16277 16351 16425 16483 16583 16559 16451 16432 16425 16440 16533 16544 16482 16401 16354 16344 16334 16370 16407 16441 16472 16505 16531 16576 16604 16763 16783 16715 16604 16613 16649 16669 16679 16700 16708 16775 16826 16951 17020 17017 17061 17196 17306 17307 17262 17265 17284 17259 17207 17202
16203 16203 16219 16234 16215 16640 16463 16050 16044 16041 16050 16056 16072 16080 16090 16110 16125 16136 16128 16131 16136 16145 16164 16181 16214 16272 16293 16290 16307 16396 16484 16589 16761 16622 16488 16466 16455 16463 16566 16519 16458 16397 16367 16353 16361 16389 16429 16454 16484 16527 16564 16594 16643 16799 16751 16672 16606 16626 16649 16675 16724 16765 16812 16894 16953 16934 16976 17144 17292 17340 17303 17237 17248 17250 17203 17181 17168
16180 16178 16179 16311 16481 16203 16127 16064 16048 16045 16054 16063 16065 16107 16210 16229 16193 16164 16137 16167 16225 16261 16312 16312 16300 16287 16302 16312 16320 16332 16382 16453 16739 16680 16605 16528 16488 16509 16589 16579 16523 16467 16453 16411 16368 16381 16411 16434 16472 16517 16549 16579 16608 16726 16744 16715 16644 16636 16710 16791 16803 16853 16897 16973 16994 16999 17137 17160 17178 17147 17163 17178 17182 17170 17163 17138 17122
16177 16163 16180 16193 16199 16216 16241 16237 16128 16078 16080 16102 16150 16213 16239 16226 16246 16248 16282 16309 16313 16322 16325 16338 16332 16295 16290 16305 16302 16281 16282 16293 16415 16608 16633 16587 16505 16521 16635 16648 16614 16525 16498 16482 16420 16411 16438 16475 16503 16498 16521 16549 16572 16633 16747 16729 16674 16727 16909 16912 16873 16854 16873 16959 17015 17078 17126 17142 17109 17094 17114 17125 17142 17127 17126 17111 17109
16170 16168 16181 16185 16184 16199 16249 16252 16226 16186 16169 16126 16136 16201 16186 16175 16206 16241 16276 16280 16237 16237 16241 16267 16291 16293 16291 16290 16280 16262 16257 16257 16285 16475 16607 16622 16648 16518 16523 16592 16682 16666 16606 16588 16523 16512 16412 16441 16543 16569 16493 16525 16554 16643 16736 16779 16774 16792 16896 16871 16817 16861 16885 16979 17055 17085 17108 17097 17061 17069 17084 17084 17081 17078 17070 17035 17008
16173 16175 16182 16174 16180 16184 16204 16249 16255 16244 16217 16193 16150 16148 16159 16179 16210 16235 16259 16268 16269 16260 16240 16246 16291 16277 16280 16281 16268 16253 16250 16251 16261 16389 16542 16582 16641 16617 16544 16538 16551 16667 16668 16655 16636 16580 16420 16412 16515 16617 16614 16595 16565 16665 16746 16830 16849 16873 16880 16885 16846 16875 16919 16972 17038 17019 17075 17069 17058 17047 17048 17056 17051 17042 17035 17006 16979
16168 16164 16173 16172 16175 16174 16180 16213 16228 16233 16239 16278 16272 16223 16242 16255 16270 16282 16296 16297 16281 16275 16268 16261 16245 16251 16253 16253 16238 16225 16248 16272 16284 16277 16458 16526 16567 16638 16552 16544 16516 16550 16630 16634 16620 16628 16480 16347 16372 16533 16616 16625 16600 16663 16741 16806 16853 16935 16937 16907 16842 16880 16925 16970 17003 16975 17031 17051 17053 17025 17022 17025 17028 17026 17019 17003 16957
16158 16162 16174 16170 16171 16168 16169 16178 16186 16200 16240 16254 16248 16252 16272 16280 16258 16252 16253 16252 16267 16268 16261 16261 16263 16262 16254 16226 16207 16229 16243 16252 16247 16245 16259 16277 16462 16586 16559 16515 16527 16525 16514 16488 16562 16613 16520 16384 16323 16332 16466 16622 16619 16606 16623 16696 16788 16923 16946 16847 16829 16867 16911 16957 16966 16977 16996 17024 17034 17024 17012 17012 17016 17018 17013 16996 16956
16152 16150 16159 16154 16155 16158 16165 16167 16171 16181 16197 16216 16253 16266 16265 16255 16244 16245 16240 16247 16252 16250 16248 16256 16282 16286 16286 16264 16229 16222 16220 16212 16213 16225 16226 16239 16235 16406 16576 16604 16523 16595 16592 16490 16515 16566 16527 16430 16350 16321 16336 16454 16598 16584 16520 16496 16565 16967 16899 16746 16816 16876 16914 16920 16972 16998 17010 17013 17019 17005 16986 16985 16982 16981 16982 16982 16962
16136 16141 16144 16145 16149 16153 16159 16163 16161 16181 16204 16218 16255 16273 16272 16263 16246 16233 16236 16234 16231 16231 16236 16265 16288 16298 16286 16268 16250 16239 16217 16213 16219 16229 16219 16225 16231 16268 16472 16501 16512 16616 16648 16561 16509 16526 16512 16438 16377 16324 16307 16348 16447 16610 16605 16589 16468 16812 16753 16715 16756 16832 16890 16908 16959 17019 17047 17025 17017 16974 16955 16954 16958 16955 16961 16973 16979
16124 16126 16133 16131 16137 16146 16152 16158 16152 16172 16203 16231 16246 16265 16267 16257 16339 16256 16218 16216 16205 16205 16205 16219 16223 16216 16218 16212 16202 16215 16208 16201 16207 16202 16209 16209 16213 16227 16317 16383 16496 16664 16688 16660 16661 16537 16483 16466 16432 16370 16340 16370 16408 16543 16623 16630 16570 16690 16729 16635 16683 16769 16872 16959 17031 17048 16998 16924 16929 16928 16927 16933 16949 16947 16954 16968 16965
16104 16108 16117 16120 16125 16131 16220 16213 16150 16169 16197 16215 16236 16243 16249 16259 16326 16350 16205 16193 16182 16170 16170 16174 16174 16181 16180 16169 16171 16184 16186 16182 16183 16173 16190 16200 16203 16220 16224 16246 16280 16377 16619 16618 16649 16631 16591 16525 16501 16478 16476 16471 16571 16570 16490 16599 16610 16656 16621 16605 16642 16686 16750 16802 16834 16900 16959 17024 17056 17055 17027 17040 17017 17018 16985 16981 16943
16092 16100 16108 16105 16112 16124 17089 17321 16867 16170 16194 16213 16219 16228 16227 16219 16245 16215 16185 16167 16163 16153 16149 16142 16133 16142 16149 16147 16150 16156 16165 16153 16157 16153 16170 16174 16190 16200 16210 16216 16228 16242 16250 16295 16565 16609 16654 16536 16499 16558 16583 16614 16626 16493 16401 16430 16691 16697 16592 16670 16691 16696 16721 16754 16820 16903 17009 17047 17096 17073 17046 17087 17097 17100 17056 17011 16940
16082 16098 16095 16096 16098 16125 17250 17399 16937 16225 16312 16314 16209 16208 16209 16202 16186 16179 16173 16164 16156 16150 16139 16125 16119 16110 16126 16130 16135 16137 16135 16131 16145 16141 16148 16155 16174 16189 16198 16205 16213 16243 16246 16249 16341 16430 16503 16483 16530 16558 16629 16630 16616 16400 16394 16421 16528 16738 16642 16717 16759 16742 16762 16777 16847 16888 17006 17011 16993 17013 17011 17045 17105 17106 17090 17073 17036
16079 16084 16082 16079 16080 16101 16793 16954 16759 16804 17218 17313 16848 16181 16178 16179 16176 16169 16164 16156 16149 16134 16120 16118 16107 16094 16104 16117 16116 16116 16109 16113 16113 16118 16128 16137 16158 16164 16179 16188 16200 16222 16227 16232 16257 16327 16510 16614 16576 16587 16519 16619 16657 16470 16382 16402 16432 16561 16659 16765 16780 16832 16814 16811 16848 16883 16869 16845 16885 16928 16949 16952 16938 16964 17054 17140 17214
16066 16071 16073 16073 16074 16236 16402 16976 17080 17036 17596 17515 16779 16154 16153 16157 16156 16152 16145 16137 16131 16122 16105 16103 16092 16074 16097 16112 16104 16097 16089 16083 16083 16101 16115 16126 16133 16150 16164 16175 16190 16203 16214 16222 16233 16297 16338 16346 16365 16439 16492 16508 16723 16622 16401 16386 16418 16443 16484 16726 16807 16875 16935 16865 16895 16924 16875 16791 16809 16861 16907 16919 16899 16951 17085 17128 17075
16056 16067 16069 16071 16087 16239 16333 16439 16737 16768 17279 16821 16153 16132 16133 16133 16132 16130 16122 16118 16148 16112 16093 16083 16072 16073 16099 16098 16085 16077 16078 16071 16070 16082 16102 16111 16126 16174 16154 16167 16181 16189 16197 16209 16217 16213 16233 16334 16342 16314 16370 16427 16583 16689 16594 16487 16441 16431 16463 16555 16634 16786 16907 16922 16925 16947 16860 16812 16795 16820 16864 16868 16919 16991 17021 17010 16971
16048 16057 16066 16075 16086 16222 16252 16136 16137 16345 16559 16131 16125 16121 16590 16430 16116 16115 16110 16108 16138 16104 16087 16080 16064 16082 16095 16101 16084 16069 16059 16059 16063 16074 16090 16097 16115 16131 16143 16155 16160 16170 16187 16201 16207 16207 16211 16239 16265 16306 16366 16404 16410 16634 16626 16567 16436 16414 16422 16482 16543 16644 16821 16871 16889 16910 16888 16803 16803 16820 16851 16863 16922 16967 16969 16947 16915
16043 16053 16076 16369 16416 16524 16121 16126 16125 16131 16126 16113 16107 16106 16525 16360 16103 16098 16088 16089 16088 16082 16069 16067 16065 16079 16090 16084 16056 16048 16051 16068 16053 16057 16069 16076 16098 16115 16122 16134 16149 16151 16166 16185 16201 16209 16215 16233 16273 16327 16357 16374 16377 16602 16624 16565 16359 16363 16367 16415 16463 16567 16658 16774 16913 16962 16876 16809 16811 16851 16908 16914 16908 16914 16915 16901 16868
16049 16081 16709 17126 17180 16813 16314 16108 16104 16104 16094 16093 16094 16100 16094 16094 16089 16081 16064 16065 16071 16071 16048 16042 16054 16068 16079 16077 16050 16032 16098 16138 16089 16048 16048 16056 16077 16087 16103 16102 16117 16134 16151 16174 16186 16205 16227 16244 16281 16326 16349 16374 16375 16608 16591 16537 16324 16386 16350 16347 16419 16492 16571 16646 16777 16958 16968 16837 16811 16885 16913 16865 16840 16836 16827 16815 16810
16197 16460 17280 17637 17635 16949 16800 16144 16085 16090 16089 16087 16092 16090 16089 16088 16083 16073 16054 16047 16046 16047 16027 16029 16033 16058 16073 16069 16038 16024 16089 16117 16077 16049 16028 16034 16056 16077 16088 16098 16107 16122 16140 16161 16184 16209 16238 16266 16286 16338 16361 16371 16381 16563 16600 16591 16350 16322 16345 16322 16382 16455 16518 16592 16669 16865 16957 16912 16800 16773 16807 16819 16809 16777 16778 16769 16769
16769 16863 17449 18156 17978 17344 17106 16508 16078 16080 16079 16076 16080 16078 16077 16068 16064 16058 16038 16031 16021 16010 16004 16010 16030 16057 16067 16057 16029 16012 16007 16007 16081 16024 16024 16029 16045 16065 16077 16082 16090 16104 16128 16147 16175 16209 16246 16272 16305 16344 16371 16386 16395 16532 16838 16848 16434 16249 16305 16322 16385 16498 16537 16591 16677 16780 16856 16853 16810 16812 16804 16771 16749 16735 16722 16719 16723
16918 16978 17604 18171 18153 17665 17732 17249 16236 16065 16071 16068 16064 16067 16065 16058 16053 16041 16032 16012 16002 15992 15999 16011 16031 16052 16053 16040 16011 16006 15993 15995 16008 16013 16020 16030 16044 16054 16062 16076 16084 16097 16121 16137 16168 16200 16240 16271 16308 16353 16374 16388 16414 16464 16766 16861 16433 16265 16277 16435 16470 16497 16517 16581 16669 16728 16718 16682 16732 16751 16724 16707 16684 16669 16668 16670 16688
16275 16395 16484 17263 17613 17691 17777 17339 16730 16065 16049 16050 16048 16053 16049 16040 16047 16036 16038 16017 15987 15995 16005 16065 16043 16043 16042 16031 16094 16086 16003 15987 15999 16013 16031 16034 16042 16052 16070 16085 16096 16110 16131 16137 16155 16185 16231 16276 16305 16351 16374 16396 16422 16477 16879 16894 16486 16289 16363 16422 16455 16442 16521 16581 16625 16650 16577 16611 16664 16680 16671 16660 16636 16608 16612 16621 16647
16053 16057 16063 16183 16616 16902 17450 17216 16939 16198 16032 16029 16029 16094 16039 16032 16032 16021 16042 16007 16017 16029 16086 16133 16109 16063 16054 16052 16367 16253 16057 16084 16064 16017 16404 16205 16052 16061 16083 16099 16108 16119 16131 16131 16143 16173 16226 16280 16333 16342 16370 16395 16429 16485 16852 16897 16525 16350 16457 16434 16361 16396 16508 16540 16593 16553 16542 16576 16618 16635 16625 16625 16602 16571 16570 16583 16604
16020 16050 16070 16009 16005 16018 16191 16737 17208 16496 16318 16300 16724 16305 16105 16074 16064 16037 16021 16453 16415 16613 16599 16125 16298 16210 16084 16089 16146 16075 16145 16895 16632 16499 16823 16525 16141 16113 16112 16121 16126 16128 16131 16128 16146 16169 16234 16287 16336 16346 16378 16392 16423 16481 16728 16784 16668 16566 16451 16387 16376 16382 16424 16455 16505 16496 16521 16535 16561 16580 16588 16576 16573 16544 16537 16535 16562
15995 16043 16095 15989 15989 15987 16006 16182 16546 16276 16709 16836 16796 16739 16422 16101 16079 16040 16030 16954 16815 16441 16489 16324 16470 16157 16103 16082 16090 16085 16142 16490 16641 17376 17217 16589 16158 16171 16167 16149 16145 16143 16143 16130 16150 16169 16219 16279 16320 16349 16382 16405 16436 16479 16563 16648 16758 16748 16386 16338 16380 16398 16421 16443 16487 16484 16501 16509 16510 16520 16532 16525 16524 16517 16511 16523 16542
15983 15974 15973 15991 15982 15980 15997 16005 16019 16209 16508 16715 16838 16691 16349 16129 16059 16056 16082 16895 16615 16252 16103 16145 16289 16138 16146 16083 16090 16087 16090 16110 16581 17286 16785 16296 16167 16183 16181 16160 16158 16157 16153 16159 16165 16168 16217 16271 16326 16344 16391 16411 16437 16481 16530 16501 16606 16805 16647 16358 16386 16404 16430 16445 16440 16448 16467 16477 16472 16472 16478 16477 16477 16484 16491 16504 16525
15981 15973 15968 15970 15967 15977 15989 16001 16019 16187 16404 16875 16804 16396 16098 16064 16076 16086 16099 16778 16390 16095 16088 16086 16081 16114 16100 16078 16085 16083 16080 16102 16206 16533 16494 16510 16156 16150 16156 16213 16165 16176 16173 16163 16166 16189 16229 16271 16329 16358 16396 16414 16433 16458 16529 16495 16515 16877 16747 16356 16387 16419 16433 16441 16424 16421 16426 16431 16434 16441 16443 16452 16451 16461 16473 16484 16506
15990 16008 15975 15964 15963 15973 15997 16010 16040 16065 16487 16902 16572 16219 16068 16066 16080 16098 16098 16297 16156 16069 16057 16055 16057 16056 16065 16065 16073 16077 16078 16078 16076 16083 16123 16150 16119 16124 16128 16410 16390 16289 16180 16179 16198 16220 16251 16279 16337 16369 16394 16416 16436 16456 16504 16486 16691 17063 17024 16620 16382 16421 16428 16432 16416 16407 16387 16373 16397 16412 16413 16425 16433 16445 16454 16471 16490
