Alternative/Moon/Lvl0_30x30/Ele_FI.asc
ncols         335
nrows         335
xllcorner     6757491.657
yllcorner     -10077166.958
cellsize      10000
nodata_value  -9999.0
[rows 68 to 101 of 335, columns 77 to 153 of 335]
24088 23694 23424 23130 22687 22229 21754 21214 20589 20038 19589 19318 19219 19065 18944 18951 18937 18972 19055 19244 19223 19162 19097 19145 19143 19086 18953 18837 18809 18791 18819 18830 18651 18833 18886 18718 18903 19040 19036 19170 19353 19492 19593 19689 19833 20142 20430 20749 20782 20401 19933 20242 20164 19899 19822 19798 19686 19756 19704 19542 19328 18858 18526 17923 17234 16795 16489 16258 15942 15777 15727 15715 15702 15699 15702 15710 15703
23599 23234 23035 22734 22334 21910 21536 21140 20645 20432 20115 19851 19811 19574 19455 19235 19152 18999 19074 19194 19180 19231 19189 19073 18994 19047 18929 18894 18869 18920 18959 19027 18974 19017 19061 19021 19276 19360 19478 19480 19616 19712 19773 19983 20249 20420 20500 20754 20748 20293 19677 20253 20264 20207 20105 20114 20044 20033 19978 19669 19298 18644 18073 17408 16797 16366 16156 16008 15800 15741 15733 15727 15717 15732 15760 15774 15736
23154 22904 22629 22312 21925 21609 21377 21192 21224 20661 20138 20675 20818 20540 20236 19990 19873 19780 19644 19500 19357 19248 19161 19198 19185 19212 19182 19234 19235 19143 19104 19069 19090 19194 19392 19621 19855 20053 20356 20519 20549 20461 20472 20628 20663 20660 20666 20695 20683 20379 20027 19918 19945 19958 20036 20029 20003 20018 19992 19589 19165 18622 18189 17669 17025 16545 16188 15869 15756 15737 15724 15714 15706 15723 15743 15749 15743
22846 22699 22669 22566 22503 22229 22145 21983 21951 22062 22062 21973 21779 21475 21321 21099 20882 20779 20596 20255 19984 19900 19852 19843 19774 19754 19756 19918 20134 20178 20035 19858 19744 19942 20094 20360 20526 20824 20954 21029 21060 21011 21101 21120 21131 21043 20908 20767 20543 20456 20406 20398 20241 20083 19999 20009 20106 20295 20298 20128 19677 19067 18722 18349 17974 17495 17208 16834 16493 16041 15914 15984 16072 16004 15908 15856 16002
22563 22562 22543 22657 22756 22738 22726 22704 22747 22595 22323 22029 21705 21455 21377 21270 21382 21387 21176 20978 20768 20552 20467 20381 20332 20270 20333 20557 20653 20601 20547 20625 20630 20594 20670 20754 20875 20975 21015 21144 21229 21352 21217 21402 21351 21217 21101 20899 20533 20668 20704 20651 20472 20247 20054 20400 20467 20455 20367 20291 20024 19719 19567 19281 19011 18558 18185 17719 17366 16898 16604 16383 16382 16521 16653 16820 16959
22625 22672 22682 22631 22614 22686 22768 22776 22637 22295 21639 20737 19935 19588 19787 20611 21412 21941 21876 21588 21335 21060 20923 20778 20757 20838 20922 20878 20808 20702 20629 20612 20949 20956 20934 20928 21012 21216 21303 21380 21566 21613 21561 21411 21217 20738 20609 20446 20634 20879 20890 20723 20594 20338 20320 20490 20495 20457 20444 20442 20305 20251 20193 20189 20003 19756 19397 19012 18519 18060 17496 16959 16662 16587 16625 16856 17222
22737 22768 22948 22937 22921 22814 22613 22802 23007 23026 22647 22129 21716 21573 21798 22276 22506 22395 22051 21792 21602 21475 21344 21224 21164 21444 21579 21609 21632 21640 21609 21564 21557 21577 21576 21523 21307 21403 21473 21521 21642 21636 21370 20917 20612 20542 20528 20752 20832 20829 20858 20796 20502 20283 20199 20209 20216 19817 19649 19810 20236 20390 20512 20636 20659 20652 20601 20399 19972 19517 19152 18467 17830 17555 17547 17875 18281
21835 22056 22416 22838 22859 22824 23082 23284 23402 23428 23461 23412 23556 23517 23486 23314 23164 22901 22765 22685 22543 22347 22054 21746 21649 21730 21834 21885 21847 21854 21810 21798 21689 21599 21632 21537 21617 21731 21777 21802 21768 21697 21677 21420 21090 21326 21410 21366 21065 20664 20955 20843 20405 20094 19985 19857 19841 19829 19843 19915 20197 20606 20871 21214 21333 21438 21459 21424 21237 21099 20929 20281 19693 19345 19350 19641 20083
20727 20994 21420 21930 22312 22700 23140 23466 23521 23529 23531 23385 23436 23410 23428 23367 23228 22987 22838 22759 22674 22619 22578 22295 22210 22100 22073 22008 21951 21984 21904 21864 21863 21928 21765 21670 21694 21853 21864 21756 21733 21715 21535 21442 21260 21349 21384 21103 20577 20406 20649 20469 20271 20041 19950 19924 19961 20036 20075 20523 20830 21097 21280 21364 21511 21525 21620 21657 21642 21577 21504 21345 21074 20590 20728 20834 21211
19711 19864 20337 20738 20737 20841 21397 22151 22775 22952 23073 23215 23243 23290 23470 23482 23203 22792 22435 22339 22464 22688 22747 22725 22550 22554 22535 22523 22486 22451 22413 22382 22433 22202 22018 21962 22027 21909 21748 21640 21659 21552 21408 21299 21142 20986 20870 20651 20527 20332 20347 20272 20222 20233 20261 20378 20401 20607 20802 21021 21298 21450 21582 21630 21642 21709 21695 21693 21603 21562 21477 21444 21344 21183 21325 21593 21700
18845 19202 19733 19945 19626 19030 19343 19929 20764 21719 22309 22634 22773 23014 23231 23469 23395 23274 23457 23557 23497 23153 22927 22829 22679 22866 22903 22873 22820 22619 22607 22712 22679 21947 21281 21016 21777 21964 21848 21782 21642 21514 21326 21120 20911 20681 20564 20479 20442 20441 20449 20394 20368 20434 20531 20615 20884 21171 21267 21433 21504 21532 21563 21721 21744 21773 21799 21783 21657 21735 21755 21653 21562 21575 21487 21409 21651
18372 18749 19215 19353 19285 19064 18841 19307 20215 20833 21493 21623 21826 22258 22504 22750 22940 23387 23704 23902 23934 23835 23664 23317 23223 23424 23531 23537 23505 23304 23113 22944 22778 22642 22501 22216 21953 21829 21818 21785 21554 21274 21135 20930 20842 20659 20487 20366 20332 20237 20356 20316 20143 20156 20181 20474 20766 21120 21289 21344 21415 21521 21588 21661 21715 21719 21618 21219 20767 20999 21572 21666 21654 21650 21534 21342 21205
18045 18389 18731 18954 19172 19281 19397 19752 20262 20764 20965 20985 21122 21595 22025 22345 22708 23152 23521 23766 23987 23987 23885 23643 23454 23517 23682 23858 23988 23910 23708 23471 23180 23000 22870 22613 22380 21981 21642 21319 21188 21102 21125 21066 21099 21074 20967 20930 20910 20730 20720 20511 20365 20334 20166 20267 20663 21006 21288 21358 21353 21456 21520 21541 21562 21491 20913 20075 20333 20847 21072 21153 21060 20969 20919 21094 21301
17032 17324 17475 17775 18114 18513 18852 19295 19768 20315 20628 20994 21177 21494 21635 21714 22090 22201 22406 22915 23182 23192 23176 23006 22740 22644 22987 23473 23895 23947 23872 23624 23181 22891 22907 22854 22636 22464 22228 21887 21564 21390 21405 21491 21502 21530 21563 21233 20719 20200 19969 20020 20446 20445 20250 20014 20108 20329 20472 20653 20801 20802 20831 20826 20704 20533 20508 20293 20490 20525 20504 20479 20382 20298 20424 20776 21181
16173 16147 16347 16667 17048 17649 18003 18164 18191 18441 18645 19279 19848 20499 20925 21456 21758 21909 21962 21992 21998 21970 21864 21768 21777 21943 22290 22753 23018 23276 23437 23403 23209 23020 22893 22799 22650 22497 22301 21866 21513 21307 21263 21463 21510 21664 21710 21540 20730 20007 20110 20548 20670 20495 20185 19994 19991 19966 20035 20150 20216 20245 20199 20033 19935 19913 19932 19896 19950 20076 20176 20190 20300 20447 20453 20426 20424
15244 15590 15817 16191 16581 16946 17062 17161 17028 17026 17277 17619 17937 18466 19056 20078 20852 21615 21785 21870 21887 21850 21871 22078 22418 22870 23228 23827 24141 24153 23937 23617 23316 22918 22658 22475 22512 22443 22115 21891 21743 21530 21415 21386 21562 21686 21686 21607 21435 21430 21384 21364 21148 20783 20567 20131 19907 20051 20097 20204 20133 19991 19906 19945 19976 19947 19892 19911 19947 19915 20069 20323 20499 20634 20666 20412 20553
14978 15213 15504 15852 15817 16508 17169 17865 18314 18678 19080 19369 19812 20072 20327 20494 20805 20981 21071 21235 21494 21624 21841 22066 22399 22816 23205 23780 24114 24132 24029 23696 23480 23095 22822 22696 22697 22771 22709 22684 22563 22230 22051 21853 21599 21544 21428 21317 21249 21337 21401 21414 21300 21099 20936 20626 20409 20329 20233 20157 20053 19954 19959 19947 20018 20242 20381 20446 20338 20291 20331 20474 20601 20781 20786 20777 20875
14553 14671 15013 15250 15667 16277 16835 17441 17947 18513 19010 19562 19903 20114 20191 20213 20134 20045 20156 20366 20670 20914 21105 21357 21603 21911 22406 22872 23376 23847 24072 24026 23510 22928 22554 22342 22249 22337 22438 22469 22412 22202 21994 21872 21852 21784 21440 20991 20509 20229 20044 19999 20202 20610 20729 20880 20725 20560 20496 20424 20343 20192 20066 20016 20204 20312 20282 20274 19959 19703 19470 19302 19400 19667 20156 20332 20509
14467 14507 14647 15000 15355 15651 15937 16153 16401 16860 17446 18112 18547 18883 19073 19207 19220 19164 19104 19170 19339 19624 19833 20242 20921 21489 21953 22167 22758 23702 24063 24067 23902 23577 23161 22774 22727 22722 22803 22973 22835 22682 22550 22421 22334 22167 21751 21082 20432 20068 19899 19972 20369 20983 21310 21736 21825 21552 21268 21194 21311 21379 21344 21187 20909 20669 20413 19711 19105 18956 18795 18776 18782 18803 19143 19630 20203
14483 14489 14514 14624 14766 14867 15101 15358 15390 15879 16479 16926 17359 17676 18051 18477 18637 18776 18810 18803 18805 18945 19106 19578 20092 20730 21217 21571 22291 22825 23300 23675 23811 23617 23200 23144 23507 23575 23499 23266 23024 22945 22925 22853 22649 22420 22304 22325 22325 22229 22154 22175 22286 22276 22252 22059 21933 21810 21790 21927 21852 21721 21557 21362 20919 20484 20235 19897 19521 19248 19106 19082 19282 19400 19537 20004 20527
14579 14609 14717 14838 14939 14948 14977 15069 15017 15369 15791 16335 16770 17382 18032 18460 18657 18932 19075 19106 19098 19159 19274 19746 20213 20700 21166 21818 22255 22845 23330 23654 23650 23263 23309 23443 23539 23481 23428 23303 23276 22903 22670 22770 22597 22409 22281 22404 22484 22607 22672 22651 22405 22320 22213 22010 21966 21948 21949 21804 21712 21598 21481 20983 20669 20435 20220 19900 20006 20186 20384 20724 21067 21326 21498 21631 21695
14757 14734 14694 14687 14848 15020 15057 15155 15187 15330 15537 15882 16343 16965 17427 17962 18167 18452 18646 18810 19063 19394 19818 20333 20680 21056 21414 21911 22278 22733 23047 23217 23389 23420 23425 23339 23285 23256 23285 23235 23171 23051 22825 22621 22298 22138 22053 22089 22346 22434 22482 22575 22438 22248 22200 22073 22024 22098 22056 21944 21800 21722 21609 21591 21113 20568 20335 20193 20335 20719 21031 21451 21816 22167 22223 22198 22098
14651 14704 14695 14723 14785 14842 15033 15175 15364 15641 15826 16146 16448 16629 16698 16984 17319 17718 18029 18491 18941 19366 19854 20454 20854 21188 21536 22013 22556 22636 22721 22919 23295 23495 23498 23389 23134 23003 22836 22785 22713 22665 22603 22406 22185 22067 22018 21999 22073 22259 22267 22300 22307 22182 22050 22033 22111 22067 22075 22053 21970 22009 22098 22176 22180 21887 21645 21543 21737 22095 22326 22432 22411 22169 22018 21933 21867
15013 15123 15161 15090 14982 14870 14938 15065 15035 15170 15480 16028 16465 16909 17198 17389 17677 18044 18335 18626 18761 19122 19488 19999 20452 20878 21265 22020 22432 22589 22682 22911 23043 23228 23251 23336 23365 23118 22981 22907 22910 22534 22333 22279 22331 22324 22299 22311 22362 22496 22514 22486 22365 22302 22224 22130 22022 22092 22051 22082 22109 22057 22033 22085 22150 22010 21970 21905 22072 22297 22381 22436 22454 22301 22232 22027 21953
15127 15152 15207 15213 15107 15071 15234 15340 15301 15239 15429 15940 16612 17192 17558 17771 17957 18293 18579 18750 18927 19163 19504 19990 20454 20824 20886 21273 21970 22445 22685 22900 23350 23377 23417 23425 23399 23254 23186 23146 23094 22446 21930 21853 22382 22517 22534 22439 22385 22370 22450 22516 22306 22634 22677 22600 22722 22854 22875 22828 22659 22487 22203 21915 21900 21902 21912 21883 21788 21722 21696 21716 21763 21855 21898 21917 21998
15187 15260 15211 15264 15236 15474 15771 15988 16169 16319 16528 16854 17283 17764 18092 18281 18357 18418 18498 18788 19128 19372 19598 19950 20281 20709 21139 21654 22097 22585 22949 23281 23307 23367 23270 23113 23027 23058 23105 23003 22712 22492 22445 22453 22477 22505 22520 22471 22518 22517 22487 22486 22728 22874 22887 23082 23263 23436 23545 23612 23636 23444 23113 22783 22389 22232 22201 22168 22094 21978 21845 21784 21679 21478 21339 21314 21611
14901 14937 15092 15388 15714 15962 16032 16139 16287 16503 16776 17112 17346 17671 17936 18065 18080 18261 18452 18713 19002 19270 19506 19998 20534 21156 21714 22422 23013 23229 23332 23393 23381 23277 23151 23064 22824 22660 22241 22294 22283 22160 22073 22106 22099 22079 22075 22088 22069 22167 22250 22343 22612 22801 22855 22995 23225 23349 23485 23688 23872 23836 23686 23535 23216 22895 22680 22455 22232 22118 22064 22083 22037 21935 21900 21831 21941
15180 15348 15533 15686 15866 15962 16078 16270 16501 16709 16723 16891 17028 17269 17345 17498 17878 18129 18445 18835 19142 19562 20013 20619 21335 22011 22685 23225 23302 23268 23048 22874 23089 23197 23169 23069 22973 22897 22729 22386 22145 21846 21463 21861 21926 21842 21761 21877 21942 22074 22268 22409 22560 22590 22620 22599 22540 22550 22714 23004 23310 23428 23505 23454 23173 22867 22643 22437 22238 22089 22076 22056 22142 22138 22204 22333 22239
15441 15703 15729 15713 15650 15789 16024 16254 16523 16706 16713 16901 17068 17300 17588 17884 18121 18428 18721 19063 19624 20255 20739 21291 21992 22528 22866 23170 23246 23098 22960 22882 22907 23064 23115 23125 23008 22931 22679 21963 21897 21791 21797 21733 21881 21902 21871 22167 22358 22545 22516 22489 22585 22743 22875 22922 22838 22660 22587 22823 22964 23242 23369 23324 23267 22996 22880 22696 22583 22621 22722 22897 22962 22827 22526 22783 22924
15644 15878 16053 16315 16348 16334 16309 16429 16703 16847 16938 17114 17370 17685 18047 18419 18751 19141 19497 20170 20867 21500 21996 22453 22618 22662 22879 23062 23068 23013 23052 23258 23416 23354 23387 23418 23371 23206 23064 22852 22537 22203 21980 21826 21871 22097 22262 22375 22618 22798 22765 22500 22521 22804 22904 22813 22644 22699 22808 22740 22572 22641 22985 23303 23273 23134 23035 23070 23034 23002 22976 23046 23220 23275 23237 23137 23155
16694 16750 16433 16754 17075 17027 16889 16839 17005 17193 17148 17426 17851 18278 18757 19225 19661 20176 20670 21321 21911 22204 22237 22434 22731 22945 22985 22970 22989 23384 23567 23899 23890 23917 23899 23852 23581 23453 23283 22863 22574 22311 22052 21877 22064 22298 22518 22642 22844 23042 23028 23008 23329 23337 23254 23076 22919 22958 23113 23148 23245 23247 23251 23276 23172 23057 23019 23038 23045 22969 22805 22682 22759 22844 22593 21949 21552
17201 17339 17502 17636 17639 17654 17690 17703 17762 17857 17975 18212 18668 19176 19639 20155 20517 20994 21338 21745 22122 22425 22631 22824 22993 23129 23217 23392 23685 23901 23939 23935 24011 23989 23893 23780 23624 23505 23385 22951 22717 22403 22158 21923 21770 21852 21962 22067 22292 22547 22790 23053 23221 23282 23414 23461 23375 23263 23336 23400 23245 23043 22888 22756 22666 22679 22796 22931 22935 22771 22518 22502 22606 22424 21913 22274 22659
17648 17800 17962 18136 18135 18082 18353 18624 18786 19033 19138 19347 19699 19979 20234 20808 21290 21748 22020 22417 22716 23027 23250 23344 23545 23744 23900 24157 24196 24160 24083 24056 23806 23476 23463 23310 23203 23210 23094 22933 23058 23079 22871 22494 22075 21562 21859 22066 22204 22369 22725 23036 23133 23451 23477 23406 22753 22592 23030 23390 23331 23065 22906 22719 22596 22487 22401 22495 22504 22554 22708 22711 22836 22857 22826 22603 22630
18342 18835 19150 19274 19251 19474 19762 20004 20025 20137 20353 20396 20603 20941 21259 21641 22088 22454 22741 23085 23408 23675 23940 24134 24342 24526 24539 24545 24448 24266 23999 23740 23525 23295 23148 23193 23308 23451 23495 23620 23604 23455 23153 22665 22289 22087 22039 22043 22038 21796 22146 22690 23046 23475 23578 23551 23011 22804 23080 23299 23349 23105 22830 22741 22897 22912 22912 22848 22737 22692 22716 22681 22655 22715 22727 22651 22566
