Alternative/Moon/Lvl0_30x30/Ele_EE.asc
ncols         335
nrows         335
xllcorner     -6642508.343
yllcorner     -6727166.958
cellsize      10000
nodata_value  -9999.0
[rows 204 to 237 of 335, columns 231 to 307 of 335]
20341 20482 20431 20095 19624 19306 19263 19256 19274 19361 19346 19573 19731 20099 20485 20676 20446 20556 20719 20803 20914 20486 20110 19789 19892 19787 19697 19598 19128 18925 18838 18847 18898 19039 18677 18726 19349 19261 18921 18659 18429 18666 18656 19012 19332 19331 19168 18987 18733 18692 18696 18659 18665 18545 18524 18726 19090 19169 19207 19216 19309 19305 19195 19162 19306 19492 19452 19442 19520 19479 19285 19080 18879 18784 18963 19031 19098
19792 20916 20993 20550 20116 19507 19272 19238 19281 19381 19456 20099 20424 20545 20670 20652 20606 20889 21075 21025 20991 20725 20229 19869 19930 19812 19754 19341 19062 19020 18921 19039 19006 19039 19274 19337 19295 19110 18811 18278 18808 18825 19042 19223 19388 19336 19151 18999 18906 18843 18834 18831 18754 18478 18393 18419 18520 18589 18820 18942 19070 18938 19052 19047 19038 18980 18728 18492 18519 18412 18248 18767 18678 18669 18686 18697 18733
19435 20757 21312 21034 20416 20066 19488 19272 19224 19320 19621 20154 20413 20664 20735 20539 20406 20784 21098 21354 21269 20901 20408 20003 19785 19795 19765 19539 19277 19003 18817 18708 18646 18784 18882 19015 19030 18812 18440 18312 19175 19409 19340 19286 19505 19493 19286 19012 19004 18946 18873 18795 18756 18529 18374 18378 18546 18478 18563 18857 18977 19031 19041 19002 18828 18415 17906 17442 17357 17783 17978 18182 18012 17970 17938 18201 18316
19512 21274 21707 21293 20746 20368 20093 19378 19210 19204 19335 19821 20189 20410 20426 20198 20426 20819 20968 21332 21059 20890 20309 20006 19835 19539 19526 19113 18969 18764 18194 18081 18100 18087 18134 18177 18153 18019 17899 18209 18955 19248 19279 19307 19369 19277 19231 19225 19143 18896 18847 18783 18579 18498 18431 18392 18403 18414 18643 19211 19208 19110 19067 18810 18597 18282 17555 17171 17193 17286 17332 17340 17416 17434 17475 17596 17739
20667 21473 21565 21324 21075 20598 20161 19499 19213 19196 19195 19130 19556 20016 19926 19975 20396 20972 21110 21102 21234 21219 20787 20339 19771 19203 18960 18672 18252 18088 18026 17859 17831 17887 17926 18000 17948 17840 17822 17837 18399 18807 19117 19269 19262 19245 19228 19225 19179 19055 18918 18758 18579 18456 18384 18392 18574 18715 18776 19025 19232 18976 18752 18498 18150 17602 17287 17173 17217 17228 17224 17226 17280 17311 17348 17389 17369
21356 21363 21275 21147 20968 20427 19974 19608 19241 19220 19207 19257 19585 19880 20272 20580 20711 21049 21269 21230 21123 20889 20669 20297 19810 19167 18830 18421 17945 17823 17836 17849 17835 17915 17911 17942 17941 17821 17793 17804 17956 18456 18791 19266 19375 19117 18987 19061 19183 19093 19018 18783 18728 18512 18504 18633 18792 18789 18542 18029 18794 19103 18796 18192 17865 17449 17197 17161 17214 17193 17172 17164 17169 17218 17251 17300 17313
21233 21251 21200 21147 21009 20535 20181 19751 19261 19232 19242 19221 19308 19860 20340 20744 21063 21097 20688 20659 20611 20493 20346 20026 19548 18914 18426 18001 17818 17803 17820 17893 17808 17793 17879 17982 18049 17928 17786 17798 17868 18329 18697 19108 19370 19349 19272 19220 19150 19090 18938 18862 18892 18821 18828 18850 18943 19042 19048 19144 19166 19077 18554 18044 17552 17382 17186 17134 17123 17133 17205 17098 17121 17146 17140 17242 17461
21191 21136 21185 21244 21061 20645 20222 19514 19274 19260 19246 19240 19383 19744 20238 20549 21031 21475 21554 21416 21177 20657 20298 19642 19222 18957 18462 17959 17811 17811 17855 17852 17817 17801 17802 17858 17905 17852 17862 18066 18325 18395 18667 19229 19454 19345 19271 19239 19202 19134 19200 19221 19246 19103 19042 19024 19014 19081 19188 19182 19172 18962 18586 18036 17511 17338 17287 17232 17102 17203 17300 17245 17051 17362 17329 17247 17632
21082 21081 21098 21139 20616 20759 20453 19719 19287 19247 19246 19336 19412 19905 20439 20768 20902 21339 21487 21555 21313 20804 20393 19899 19454 19012 18875 18430 18055 17953 17914 17989 18098 17879 17844 17964 17999 17939 18159 18339 18535 18659 18812 19450 19699 19530 19289 19263 19201 19337 19371 19346 19322 19206 19190 19103 19178 19157 19230 19370 19292 19036 18536 17700 17385 17351 17290 17274 17222 17432 17744 17566 17038 17462 17970 17944 17992
20721 20867 21003 20979 20896 20817 20498 20095 19448 19182 19257 19529 19561 19986 20509 20797 20879 21277 21478 21551 21297 20764 20417 20179 19712 19268 19171 18834 18434 18462 18447 18367 18364 17968 18018 17926 18192 18066 18183 18324 18536 18784 18927 19314 19446 19490 19250 19204 19199 19278 19256 19376 19346 19328 19285 19269 19090 19289 19297 19303 19257 18812 18428 17707 17600 17400 17452 17429 17424 17602 17699 17385 16983 17101 17660 17580 17638
20333 20278 20224 20360 20768 20790 20531 20012 19404 19043 18937 19593 19727 19911 19991 20349 20582 20911 21118 21350 21251 20793 20605 20160 19130 18597 19037 19135 18866 18708 18779 19006 19076 18867 18648 18625 18559 18687 18716 18889 18961 18948 18864 19182 19533 19406 19266 19238 19205 19199 19218 19309 19350 19355 19425 19364 19263 19319 19333 19035 18633 18366 17967 17441 17499 17463 17614 17542 17571 17553 17118 16964 16916 16929 16967 16979 17179
19653 19349 19217 19790 19981 20043 20016 19557 19171 18716 19006 19258 19301 19288 19139 18978 19742 20271 20676 21082 20973 20849 20790 20308 19103 18625 18919 19519 19487 19264 19305 19507 19469 19330 19101 18916 18821 18797 18806 18839 19352 19425 19303 19273 19564 19402 19250 19256 19246 19219 19228 19242 19282 19396 19375 19289 19278 19233 19126 18789 18342 17842 17737 17538 17451 17471 17647 17606 17670 17716 17750 17161 16973 17214 17361 17104 17858
18773 18613 18334 18958 19524 19585 19561 19352 18816 18224 18692 19383 19386 19200 18873 18598 18849 19392 20033 20570 20878 20918 20853 21007 20949 20497 20376 20071 19941 19973 20064 20111 19865 19395 19107 19058 18954 18793 18805 19060 19289 19412 19373 19224 19389 19370 19251 19276 19325 19257 19250 19271 19420 19516 19450 19317 19327 19324 19204 18947 18716 18119 17805 17558 17465 17632 17738 17712 17727 17696 17708 17834 17786 18070 18047 17234 18360
18675 18111 17867 18521 18789 18793 18656 18523 17800 17864 18300 19016 18997 18827 18581 18283 18396 18836 19401 20106 20827 21070 21054 20998 20924 20566 20548 20550 20401 20182 20248 20242 20023 19554 19128 19080 18957 18843 18919 18988 19105 19215 19219 19273 19290 19285 19274 19310 19476 19479 19379 19485 19693 19681 19668 19666 19582 19595 19437 19367 19045 18704 18329 17957 17621 17742 17780 17737 17752 17695 17664 17777 17783 17912 17977 17785 18242
18762 18215 17554 17336 17387 17353 17396 17077 17431 17281 17705 18409 18574 18562 18421 18256 18366 18621 18991 19784 20552 20958 20971 21013 20883 20739 20900 20817 20686 20585 20484 20405 19921 19445 19289 19100 19085 19075 19031 19053 19101 19233 19191 19288 19299 19331 19319 19382 19516 19659 19926 20075 20324 20364 20182 20219 20097 19986 19810 19687 19341 18880 18751 18472 18044 17852 17924 17777 17716 17690 17676 17660 17644 17637 17653 17694 17727
18531 18027 17463 17063 17003 16991 16987 16979 16988 16996 17093 17429 17593 17634 17701 18274 18407 18399 18586 19290 19935 20058 20293 20314 20447 20825 21058 21184 21208 21169 21114 20644 20061 19472 19427 19315 19397 19374 19129 19183 19119 19293 19312 19292 19338 19348 19345 19536 20043 20349 20549 20829 20787 20791 20578 20563 20711 20653 20367 20054 19672 19404 19157 18834 18280 18303 18194 17922 17770 17739 17722 17669 17654 17645 17642 17628 17695
18181 17685 17256 17022 16993 16966 16969 16920 16955 16947 16957 16997 17017 17130 17593 18046 18211 18322 18650 19126 19358 19475 19801 19976 20178 20454 20978 21166 21424 21408 21236 20885 20166 19830 19695 19557 19568 19496 19111 19410 19575 19310 19398 19452 19644 19623 19907 19951 20375 20817 21101 20977 20057 19047 18728 19133 19912 20612 20655 20214 19782 19457 19271 18957 18828 18627 18450 18261 17966 17827 17808 17740 17669 17668 17723 17643 17669
17597 17263 17036 16968 16948 16928 16928 16919 16908 16917 16923 16932 16955 17118 17407 17707 17790 18325 18717 19093 19280 19468 19681 20024 20098 20359 20727 21227 21452 21522 21339 20950 20484 20235 20033 19712 19643 19612 19602 19690 19835 19764 19756 19832 19904 20099 20239 20433 20785 21104 21171 20274 18565 18167 18152 18152 18498 19806 20602 20473 19914 19552 19424 19340 18975 18705 18537 18320 18121 17968 17889 17822 17742 17798 17812 17704 17716
17760 17358 17017 16964 16934 16910 16896 16894 16889 16877 16870 16873 16934 16963 16979 17062 17239 17715 18160 18405 18711 19060 19492 20168 20490 20491 20705 21170 21537 21599 21175 20944 20755 20423 20243 19972 19918 19941 19859 19916 19947 20000 19989 20059 20147 20282 20475 20643 20982 21302 21279 19713 18222 18154 18155 18147 18162 19550 20670 20531 19825 19638 19523 19407 19014 18674 18526 18376 18232 18079 17993 18017 17846 17786 17817 17761 17885
17635 17320 17343 17408 16966 16922 16895 16887 16890 16883 16870 16871 16867 16859 16859 16880 16917 17084 17543 17945 18360 18724 19363 20029 20377 20468 20689 21230 21541 21434 21358 21179 20956 20538 20403 20240 20192 20056 20079 20083 20161 20195 20131 20220 20279 20350 20550 20830 20831 21255 21170 19902 18546 18340 18240 18494 19410 20627 20698 20323 19771 19532 19451 19218 19038 18691 18689 18571 18449 18369 18201 18127 17952 17843 17956 17967 17954
17064 17182 17293 17362 16950 16921 16907 16894 16897 16907 16909 16880 16846 16837 16834 16833 16850 16902 16983 17724 17909 17974 18161 18993 19810 20230 20578 21086 21162 21196 21121 21056 20866 20566 20492 20407 20333 20108 20236 20274 20327 20348 20518 20473 20436 20607 20585 20720 20654 20628 20773 20703 20769 20741 20656 20617 20701 20735 20605 19982 19638 19503 19338 19222 19131 19084 18866 18719 18631 18492 18420 18295 18011 17941 18103 18137 18130
17572 17548 17383 17031 16967 16966 16921 16914 16895 16889 16873 16882 16849 16825 16826 16816 16808 16826 16870 16968 17011 17187 17464 18377 19286 19922 20255 20437 20952 20993 20985 20800 20728 20683 20527 20352 20379 20414 20453 20507 20499 20714 20760 20639 20469 20663 20641 20627 20498 20297 20355 20484 20800 20807 20813 20735 20494 20136 19844 19466 19513 19549 19516 19336 19399 19205 18938 18766 18779 18661 18490 18317 18221 18169 18320 18246 18381
17523 17538 17399 17040 16997 16984 16964 16953 16913 16907 16897 16911 16861 16843 16834 16817 16804 16788 16822 16866 16928 16947 17013 17621 18747 19266 19914 20493 21001 21321 21255 21237 21188 21047 20851 20624 20598 20722 20784 20871 20944 20920 20774 20854 20984 20860 20799 20660 20510 20383 20236 20334 20324 20265 20195 20086 19725 19623 19564 19541 19596 19625 19556 19501 19538 19440 19077 18910 18934 18881 18740 18589 18514 18559 18552 18696 18728
17465 17568 17564 17178 17041 16999 16979 16970 16956 16997 17040 17069 17124 17220 17175 16993 16817 16834 16847 16855 16889 16950 16965 17143 18501 19470 20196 20863 21380 21424 21586 21510 21438 20988 20707 20840 20881 20952 21034 21190 21244 21313 21300 21310 21346 21291 21238 21088 21072 20950 20692 20438 20156 19923 19825 19633 19561 19576 19647 19606 19463 19333 19324 19377 19640 19675 19529 19084 19053 19161 18930 18827 18852 18770 19132 19445 19549
17760 17820 17657 17458 17226 17078 17000 16990 17144 17203 17319 17335 17244 17420 17421 16927 16846 16822 16853 16878 16882 16925 16978 17188 18456 19753 20702 21062 21600 21784 21812 21691 21543 21260 21183 21089 20984 21078 21076 21213 21284 21485 21410 21397 21429 21472 21471 21405 21369 21176 20987 20688 20202 19886 19878 19810 19667 19594 19518 19337 19334 19364 19404 19413 19663 19708 19493 19034 19044 19338 19147 18997 19080 19209 19474 19895 19935
19082 18102 17645 17487 17567 17689 17647 17220 17126 17421 17690 17614 17429 17647 17630 17165 16910 16851 16842 16857 16877 16896 16938 17439 18769 19879 20607 21256 21656 21947 21981 21884 21644 21432 21500 21182 20662 20640 20660 20581 20405 20660 20598 20203 20457 20827 20879 21225 21353 21318 21375 21281 20879 20530 20328 20178 20077 19892 19647 19513 19551 19677 19704 19458 19474 19497 19553 19530 19427 19324 19190 19304 19554 19731 19853 19987 20058
19735 19047 18333 17851 17824 18226 18263 17720 17725 17601 17517 17500 17218 17590 17648 17311 16914 16872 16869 16874 16912 16918 17225 18030 18891 18909 19114 20245 21066 21761 21943 21992 21905 21699 21493 20785 20004 19238 19040 18889 18689 18737 18764 18857 19040 19212 19486 19799 20335 20786 21215 21538 21443 21093 20872 20817 20624 20414 20338 20131 19842 19735 19710 19752 19796 19793 19813 19777 19547 19450 19633 19805 19942 19975 19972 20200 20472
19507 19046 18666 18195 18568 18618 18291 17140 18599 18624 17938 17541 17155 17133 17143 17112 16939 16918 17041 17300 17385 17423 17518 18006 18647 19200 19826 20522 21195 21743 22000 22009 21876 21367 20383 19610 18892 18185 17729 17334 17038 17023 17133 17257 17443 17718 17978 18351 18930 19583 20049 20966 21256 21155 21274 21229 20651 20916 20882 20401 20045 19945 19827 19902 20163 20581 20590 20300 19900 20049 20009 20243 20171 20430 20444 20489 20463
18353 18612 18615 18396 18619 18541 17451 17026 18502 18629 18132 18036 17405 17159 17160 17182 17070 16985 17181 17434 17392 17386 17413 17534 18188 18868 19557 20239 21156 21637 21775 21568 20793 20231 19536 18737 17875 17111 16557 16056 15914 15876 15930 15998 16144 16381 16703 17248 17896 18591 19214 20012 20618 21131 21355 21475 20672 21109 21145 20727 20388 20187 20303 20487 20741 21109 21316 21161 20670 20159 20185 20469 20455 20500 20488 20466 20605
15681 16250 16976 18070 18511 17913 16642 17572 18546 19120 18942 18438 17823 17275 17207 17400 17475 17616 17745 17578 17416 17397 17401 17533 18157 18961 19597 20390 21049 21436 21351 20671 19744 19172 18955 18106 16985 16081 15855 15847 15824 15804 15807 15821 15811 15803 15830 16235 17017 17709 18351 19496 20319 20900 21255 21596 21674 21520 21346 20985 20672 20735 20870 21072 21206 21424 21613 21550 21120 20033 19747 20262 20361 20316 20390 20640 20928
15143 15402 15674 16329 16908 17597 18227 18930 19621 19586 19201 19211 18709 18112 17651 17742 17771 17869 17918 17759 17543 17442 17505 18034 18766 19546 20231 20826 21442 21314 20602 20380 19832 18914 18222 16916 16025 15886 15865 15852 15843 15839 15801 15808 15793 15798 15794 15862 15919 16438 17353 18483 19664 20585 21007 21603 21873 21793 21540 21409 21295 21293 21290 21408 21416 21560 21614 21533 20734 19632 19360 19010 18845 19359 19622 20361 20747
14466 15217 15545 16197 16699 17222 17560 17651 18760 19462 19539 19551 19273 18941 18750 18641 18336 18085 17878 17670 17584 17775 18310 18849 19499 20210 20873 21406 21582 21280 20911 20264 19537 18231 17178 16171 15983 15938 15882 15841 15830 15845 15842 15817 15830 15811 15788 15824 15939 16377 17083 17974 18428 19744 20504 21364 21604 21694 21800 21622 21390 21349 21339 21371 21425 21476 21504 20962 19936 19095 18675 18431 18170 18373 18683 18798 19728
13942 14310 14889 15778 16398 16781 16961 16971 17600 18715 19139 19306 19235 19076 18855 18835 18772 18448 18174 17857 18109 18667 19137 19587 20189 20764 21198 21550 21742 21335 21034 20565 19589 18107 17025 16249 16117 16134 16041 15930 15848 15846 15841 15809 15809 15791 15802 15843 15878 15912 16599 17771 18422 19510 20364 21254 21927 22184 21972 21602 21271 21004 20990 20974 21173 21133 21071 20197 19246 18194 17764 17607 17479 17441 17449 17914 18570
13149 13304 13839 14470 15393 16372 16439 16582 16786 17334 17415 17680 18128 18924 19221 19194 19096 18887 18915 18821 19155 19544 19881 20150 20693 21070 21580 21992 22005 21545 21300 20749 19762 18550 17383 16665 16137 16126 16119 15985 16028 15916 15850 15845 15826 15805 15801 15792 15879 15953 16760 17575 17668 18924 20056 20891 21900 22035 21835 21943 21574 21026 21192 21046 21084 20709 20113 19058 18154 17468 17069 16744 16750 16721 16703 16779 17031
