Alternative/Moon/Lvl0_30x30/Ele_CG.asc
ncols         335
nrows         335
xllcorner     57491.657
yllcorner     -27166.958
cellsize      10000
nodata_value  -9999.0
[rows 170 to 203 of 335, columns 0 to 76 of 335]
18520 18369 18303 18133 17998 17919 17857 17819 17791 17721 17688 17653 17609 17578 17568 17587 17588 17575 17594 17601 17603 17604 17594 17589 17593 17593 17590 17551 17548 17536 17527 17515 17524 17514 17512 17504 17501 17499 17496 17499 17494 17499 17530 17552 17533 17548 17568 17617 17661 17690 17692 17688 17671 17650 17656 17645 17655 17636 17626 17625 17630 17609 17597 17606 17630 17757 17891 18141 18246 18342 18394 18332 18243 18183 18210 18249 18214
18502 18516 18372 18137 18041 17940 17878 17830 17810 17724 17689 17642 17617 17617 17611 17574 17581 17594 17597 17621 17622 17609 17599 17597 17604 17611 17610 17587 17575 17567 17551 17549 17545 17536 17518 17511 17509 17510 17502 17498 17495 17498 17532 17554 17521 17531 17566 17639 17687 17679 17698 17696 17676 17661 17641 17647 17638 17623 17619 17617 17604 17605 17589 17589 17610 17694 17783 18039 18190 18264 18274 18251 18227 18181 18191 18209 18185
18394 18351 18249 18147 18038 17948 17882 17866 17817 17730 17683 17650 17626 17618 17614 17588 17595 17608 17608 17623 17620 17624 17614 17606 17612 17616 17617 17617 17606 17599 17592 17567 17567 17547 17552 17536 17533 17513 17511 17488 17484 17514 17531 17542 17557 17573 17614 17655 17689 17679 17708 17711 17681 17663 17652 17643 17659 17653 17630 17628 17599 17577 17583 17570 17557 17626 17688 17907 18052 18122 18134 18166 18187 18187 18164 18131 18113
18303 18268 18260 18136 18025 17954 17896 17887 17797 17737 17705 17672 17637 17624 17608 17601 17594 17599 17602 17609 17607 17606 17609 17611 17607 17614 17621 17624 17615 17610 17594 17584 17570 17572 17556 17551 17549 17537 17532 17527 17513 17535 17558 17554 17575 17577 17636 17662 17677 17711 17721 17718 17700 17673 17657 17646 17678 17663 17650 17641 17613 17580 17563 17557 17541 17558 17633 17816 17928 18036 18080 18148 18187 18200 18181 18117 18072
18276 18342 18289 18140 18072 17981 17903 17914 17790 17753 17711 17662 17639 17617 17617 17617 17606 17614 17625 17627 17613 17608 17610 17615 17618 17586 17621 17611 17606 17615 17609 17598 17597 17590 17576 17569 17581 17558 17556 17549 17543 17539 17544 17559 17575 17583 17645 17654 17725 17762 17762 17744 17708 17672 17647 17636 17659 17657 17642 17635 17621 17576 17546 17549 17533 17533 17571 17796 17841 17936 18031 18118 18162 18174 18165 18123 18077
18254 18336 18314 18148 18074 17989 17950 17914 17806 17758 17710 17653 17630 17635 17625 17630 17636 17627 17634 17636 17626 17617 17629 17632 17627 17601 17592 17602 17605 17627 17645 17633 17618 17608 17600 17591 17601 17593 17579 17564 17561 17565 17573 17565 17581 17603 17640 17648 17776 17780 17782 17749 17718 17681 17658 17637 17628 17636 17619 17604 17612 17572 17542 17548 17534 17525 17555 17784 17784 17848 17961 18090 18169 18187 18172 18120 18078
18272 18326 18296 18135 18054 17990 17975 17903 17828 17761 17697 17666 17648 17658 17645 17649 17657 17662 17655 17650 17645 17650 17647 17644 17645 17624 17615 17617 17626 17642 17661 17667 17662 17641 17634 17614 17612 17619 17595 17581 17585 17590 17592 17593 17595 17616 17644 17704 17778 17781 17829 17752 17723 17671 17652 17635 17607 17606 17602 17601 17570 17557 17550 17553 17543 17533 17551 17802 17771 17778 17885 18021 18152 18195 18173 18116 18091
18294 18325 18199 18132 18056 17987 17998 17904 17823 17753 17699 17671 17663 17661 17643 17653 17654 17665 17673 17674 17679 17673 17677 17669 17648 17649 17634 17637 17642 17660 17665 17662 17670 17686 17653 17639 17641 17649 17637 17620 17609 17605 17617 17613 17630 17641 17674 17739 17782 17773 17779 17744 17712 17669 17636 17617 17616 17599 17596 17590 17571 17721 17679 17564 17552 17534 17525 17841 17892 17931 17859 17965 18117 18167 18144 18118 18103
18289 18294 18172 18115 18053 17978 17996 17899 17823 17762 17702 17671 17667 17660 17650 17675 17677 17688 17695 17701 17701 17699 17684 17681 17671 17662 17658 17668 17667 17659 17655 17669 17706 17726 17723 17679 17679 17676 17676 17667 17655 17629 17631 17628 17630 17643 17676 17752 17795 17805 17768 17746 17711 17665 17631 17602 17591 17566 17574 17566 17567 17639 17646 17573 17561 17545 17541 17813 17883 17940 17871 17954 18116 18158 18126 18110 18100
18195 18278 18207 18131 18053 17993 17996 17918 17837 17777 17728 17694 17673 17668 17671 17687 17697 17709 17715 17714 17704 17696 17695 17693 17686 17679 17681 17683 17681 17671 17671 17678 17714 17729 17724 17705 17701 17698 17687 17688 17674 17656 17635 17629 17627 17626 17644 17683 17809 17829 17793 17724 17704 17678 17642 17609 17584 17565 17562 17583 17577 17587 17591 17587 17582 17565 17562 17807 17852 17848 17816 17937 18092 18160 18130 18091 18084
18097 18217 18240 18225 18078 18058 17995 17925 17849 17777 17749 17728 17714 17714 17701 17703 17721 17737 17740 17721 17711 17710 17712 17711 17708 17705 17701 17704 17694 17692 17692 17699 17712 17724 17726 17721 17709 17707 17715 17710 17685 17661 17643 17627 17622 17614 17626 17637 17752 17848 17848 17739 17714 17684 17644 17620 17595 17579 17583 17598 17582 17589 17613 17694 17596 17580 17577 17759 17818 17817 17796 17904 18038 18125 18131 18077 18058
18080 18191 18233 18277 18222 18070 18001 17922 17852 17789 17755 17740 17756 17760 17756 17754 17743 17762 17768 17752 17739 17736 17727 17724 17730 17738 17734 17738 17725 17720 17726 17725 17714 17714 17702 17712 17702 17712 17709 17714 17688 17668 17653 17642 17630 17620 17615 17626 17685 17869 17836 17789 17728 17674 17631 17619 17595 17591 17585 17599 17628 17700 17704 17695 17625 17601 17596 17693 17794 17800 17816 17905 18004 18079 18125 18081 18026
18058 18149 18228 18301 18226 18140 18011 17923 17839 17791 17782 17760 17749 17765 17756 17751 17760 17762 17762 17752 17738 17740 17741 17743 17757 17759 17757 17740 17736 17729 17729 17730 17719 17705 17693 17691 17693 17711 17708 17696 17697 17667 17654 17659 17649 17643 17636 17654 17679 17749 17756 17765 17757 17717 17633 17620 17602 17587 17584 17595 17672 17798 17706 17653 17639 17615 17620 17748 17728 17851 17847 17921 17986 18020 18044 18061 18037
17978 18051 18140 18302 18307 18184 18033 17928 17853 17808 17781 17764 17750 17778 17743 17741 17745 17752 17752 17751 17749 17750 17760 17767 17777 17786 17781 17770 17768 17761 17737 17738 17710 17698 17696 17664 17689 17710 17710 17688 17658 17664 17653 17657 17649 17654 17664 17680 17666 17645 17730 17740 17717 17738 17692 17643 17607 17601 17596 17584 17579 17601 17618 17635 17641 17636 17677 17797 17808 17848 17878 18018 18050 18005 18008 18030 18038
17944 17938 17965 18180 18313 18160 18070 17935 17885 17833 17805 17780 17765 17755 17748 17736 17736 17737 17736 17742 17748 17785 17800 17798 17793 17791 17779 17774 17769 17754 17733 17721 17700 17678 17680 17690 17689 17704 17701 17678 17646 17660 17627 17621 17622 17621 17615 17614 17606 17650 17685 17682 17707 17735 17743 17729 17661 17624 17607 17588 17583 17598 17602 17619 17627 17649 17683 17884 17911 17888 17952 18240 18210 18232 18022 18019 18001
17981 17944 17954 18153 18254 18246 18134 17972 17889 17835 17813 17805 17784 17770 17760 17749 17743 17728 17727 17735 17779 17810 17812 17802 17796 17790 17771 17766 17755 17718 17710 17692 17674 17680 17689 17691 17689 17689 17687 17679 17645 17616 17633 17632 17614 17618 17614 17599 17583 17639 17648 17658 17673 17701 17718 17732 17726 17674 17626 17606 17603 17634 17637 17615 17612 17635 17653 17853 17993 18009 17985 18225 18174 18249 18028 18017 18007
18056 18033 18029 18116 18282 18247 18199 18024 17930 17864 17838 17825 17814 17797 17782 17779 17762 17738 17741 17756 17782 17806 17801 17788 17789 17778 17755 17737 17716 17708 17698 17673 17670 17684 17687 17678 17676 17668 17665 17660 17637 17620 17635 17617 17649 17671 17666 17652 17649 17661 17624 17618 17632 17663 17688 17714 17733 17697 17652 17626 17628 17655 17642 17644 17632 17628 17642 17651 17911 18069 18075 18108 18200 18093 18032 18027 18024
18112 18073 18028 18137 18305 18373 18340 18096 17977 17920 17886 17848 17843 17829 17806 17795 17791 17769 17756 17754 17769 17776 17774 17784 17789 17774 17753 17729 17715 17702 17687 17677 17674 17681 17681 17673 17667 17666 17659 17652 17628 17617 17621 17638 17660 17680 17669 17650 17634 17615 17587 17581 17606 17632 17675 17702 17716 17690 17661 17646 17628 17622 17630 17646 17640 17631 17645 17656 17681 18007 18076 18073 18064 18067 18048 18040 18036
18075 18031 18014 18054 18221 18300 18276 18237 18023 17987 17967 17916 17891 17856 17835 17809 17805 17805 17800 17784 17778 17764 17763 17753 17737 17731 17714 17713 17713 17696 17683 17673 17683 17689 17672 17662 17667 17666 17632 17617 17608 17647 17668 17687 17705 17679 17658 17630 17604 17613 17606 17580 17623 17598 17653 17693 17732 17696 17690 17673 17644 17634 17627 17636 17646 17639 17634 17647 17675 18028 18027 18055 18077 18080 18092 18066 18054
18071 18063 18043 18059 18088 18159 18189 18197 18108 18062 18043 18019 17970 17943 17900 17853 17832 17815 17812 17800 17775 17772 17780 17728 17703 17693 17693 17697 17689 17668 17665 17665 17674 17677 17655 17659 17673 17669 17643 17622 17618 17630 17635 17644 17656 17654 17647 17627 17608 17607 17608 17576 17570 17620 17660 17663 17713 17720 17704 17701 17679 17658 17647 17654 17647 17641 17639 17645 17679 17935 18008 17985 18075 18089 18132 18108 18080
18206 18142 18084 18129 18143 18178 18218 18157 18147 18141 18133 18105 18063 18008 17953 17953 17916 17845 17816 17799 17770 17753 17757 17728 17687 17677 17672 17677 17678 17665 17666 17677 17681 17658 17664 17665 17677 17664 17645 17636 17629 17620 17620 17640 17645 17636 17632 17609 17608 17602 17604 17595 17583 17606 17646 17675 17685 17717 17734 17727 17714 17692 17683 17684 17666 17663 17670 17668 17711 17902 17986 17998 18019 18115 18185 18153 18114
18229 18176 18137 18124 18159 18141 18255 18337 18262 18222 18212 18168 18135 18112 18014 17980 17928 17880 17869 17813 17782 17773 17778 17751 17685 17667 17664 17655 17665 17666 17668 17687 17690 17680 17681 17667 17663 17657 17657 17635 17646 17661 17635 17639 17633 17624 17621 17617 17616 17612 17610 17616 17595 17618 17635 17673 17691 17723 17745 17784 17757 17717 17698 17698 17684 17689 17695 17695 17729 17883 17967 17980 17985 18018 18090 18086 18101
18254 18232 18197 18162 18188 18210 18160 18392 18377 18308 18273 18210 18192 18161 18076 18044 18017 17972 17994 18068 18131 18114 18175 18174 17934 17725 17694 17670 17720 17734 17699 17691 17713 17764 17763 17756 17770 17766 17754 17755 17754 17736 17683 17661 17648 17624 17629 17632 17622 17622 17632 17631 17610 17603 17599 17641 17688 17744 17778 17822 17784 17796 17711 17718 17716 17808 17850 17730 17801 17898 17965 17964 17996 18031 18030 18032 18041
18322 18309 18271 18199 18200 18259 18259 18218 18219 18318 18311 18277 18276 18273 18260 18220 18247 18226 18167 18129 18177 18155 18155 18225 18202 18134 17933 17801 17778 17773 17791 17764 17801 17810 17809 17808 17803 17766 17751 17742 17724 17703 17693 17674 17658 17643 17642 17644 17647 17645 17635 17643 17619 17604 17611 17616 17647 17719 17771 17830 17970 18098 17867 17903 17721 17955 17888 17768 17880 17937 17973 17991 18023 18030 18028 18010 18017
18382 18365 18341 18278 18246 18297 18328 18239 18195 18197 18333 18284 18248 18255 18255 18206 18141 18139 18103 18045 18033 18010 17963 18026 18164 18160 18108 17976 17867 17812 17797 17774 17763 17794 17796 17786 17778 17761 17745 17733 17715 17697 17692 17682 17669 17660 17652 17641 17646 17662 17654 17649 17634 17618 17618 17608 17624 17672 17733 17833 17843 17972 17917 18049 18049 18140 18174 17974 17910 18005 18024 18060 18059 18067 18046 17984 17992
18413 18410 18376 18321 18272 18312 18336 18247 18226 18178 18160 18132 18147 18130 18151 18144 18083 18082 18053 18016 17982 17932 17888 17916 18010 18094 18108 18014 17904 17862 17817 17775 17756 17774 17787 17794 17784 17765 17758 17747 17727 17728 17722 17697 17687 17663 17662 17656 17649 17663 17665 17668 17640 17638 17635 17620 17605 17625 17641 17777 17854 17863 17838 18022 18193 18244 18319 18190 18193 18150 18050 18227 18341 18133 18100 18050 18104
18436 18416 18394 18322 18278 18327 18337 18294 18361 18217 18189 18153 18128 18159 18123 18110 18032 18004 17982 17962 17913 17873 17832 17829 17863 17949 17979 17967 17936 17892 17842 17824 17778 17802 17794 17807 17800 17783 17764 17764 17761 17750 17733 17722 17703 17679 17680 17684 17670 17667 17670 17670 17644 17641 17635 17638 17648 17631 17643 17690 17849 17862 17858 17853 18061 18312 18424 18424 18284 18477 18410 18258 18345 18316 18228 18348 18380
18437 18424 18370 18318 18280 18296 18368 18467 18620 18219 18200 18158 18117 18172 18173 18152 18114 18018 17956 17924 17910 17906 17858 17852 17865 17873 17918 17923 17921 17891 17860 17829 17772 17775 17810 17855 17819 17789 17791 17788 17780 17774 17763 17751 17754 17756 17718 17714 17697 17679 17681 17670 17656 17647 17651 17654 17672 17668 17669 17683 17860 17857 17811 17813 17835 18052 18256 18364 18548 18612 18583 18667 18518 18336 18386 18516 18493
18395 18380 18359 18325 18249 18250 18301 18292 18266 18195 18186 18159 18120 18091 18037 18010 18037 18031 18027 17935 17924 17883 17860 17842 17811 17855 17879 17857 17897 17901 17876 17827 17796 17758 17759 17887 17904 17869 17819 17826 17822 17824 17813 17792 17759 17749 17746 17733 17721 17706 17689 17689 17692 17690 17688 17674 17674 17673 17669 17672 17748 17751 17749 17735 17775 17903 18161 18710 18955 19006 18819 18755 18743 18648 18637 18618 18616
18356 18342 18338 18319 18249 18221 18260 18284 18256 18172 18174 18162 18139 18082 17992 17955 17944 17952 17960 17955 17910 17885 17856 17838 17819 17792 17851 17869 17856 17856 17854 17819 17797 17760 17741 17801 17931 17942 17882 17827 17844 17846 17849 17836 17804 17780 17763 17739 17723 17714 17716 17711 17702 17694 17687 17673 17673 17668 17668 17660 17688 17681 17670 17734 17728 17906 18266 18975 18998 19235 19188 18936 18899 18892 18810 18649 18629
18322 18295 18304 18264 18217 18181 18204 18260 18265 18209 18145 18117 18130 18130 17996 17974 17973 17975 17979 18011 17949 17950 17878 17836 17808 17802 17793 17800 17835 17858 17854 17853 17825 17819 17805 17791 17774 17875 17892 17850 17830 17847 17858 17848 17808 17791 17767 17760 17752 17750 17738 17825 17731 17710 17704 17675 17678 17669 17664 17656 17668 17666 17664 17685 17684 17888 18306 18569 18845 19307 19456 19406 19115 19033 18898 18833 18852
18321 18311 18309 18267 18232 18177 18162 18207 18235 18226 18165 18109 18109 18117 18023 17997 17977 17987 17983 18002 17966 17950 17912 17863 17835 17842 17846 17858 17861 17837 17812 17786 17797 17800 17777 17748 17698 17701 17858 17899 17884 17877 17889 17860 17805 17787 17781 17776 17775 17769 17997 18058 17774 17845 17886 17731 17688 17686 17675 17652 17653 17652 17660 17668 17682 17861 18060 18012 18404 19218 19389 19430 19160 19163 19057 18959 18992
18338 18320 18296 18252 18224 18173 18138 18130 18164 18182 18140 18101 18105 18101 18049 18021 18000 18005 18012 18027 18001 17944 17931 17933 17905 17887 17877 17880 17888 17872 17847 17812 17822 17834 17828 17783 17743 17688 17679 17675 17825 17881 17921 17990 17881 17918 18017 17846 17901 17822 17886 17855 17874 18126 18420 18211 18172 17790 17703 17657 17642 17644 17658 17672 17702 17832 17998 18057 18175 18817 19084 19081 19067 19163 19194 19143 19130
18321 18312 18295 18235 18201 18159 18127 18091 18126 18135 18133 18098 18110 18129 18107 18082 18092 18084 18091 18098 18092 18050 18018 17982 17967 17914 17911 17891 17919 17915 17880 17848 17876 17866 17863 17838 17779 17732 17686 17675 17685 17707 17721 17927 17916 18022 18583 18242 17926 17902 17825 17868 18095 18301 18466 18448 18309 17960 17701 17694 17667 17649 17662 17682 17794 17782 17816 17993 18098 18273 18558 18717 18922 19159 19254 19261 19354
