Alternative/Moon/Lvl0_30x30/Ele_CL.asc
ncols         335
nrows         335
xllcorner     16807491.657
yllcorner     -27166.958
cellsize      10000
nodata_value  -9999.0
[rows 238 to 271 of 335, columns 228 to 303 of 335]
23962 24125 23402 23066 23267 23885 24131 24785 25018 25420 26136 26468 26887 27597 27842 28080 28278 28629 29460 29804 30149 30428 30632 30621 30808 30871 30238 29103 28163 27895 27649 27071 25648 25619 26175 26150 25855 26085 26082 26227 26025 25756 25745 25748 25718 25882 25896 25805 25800 25853 25948 26021 25723 25208 25969 25735 25910 26970 27903 28401 28869 29232 29486 29285 30460 31233 32221 32682 32553 31954 32146 32173 31601 31148 30915 30882
23752 23948 23328 22925 23118 23734 24379 24922 25171 25636 26210 26403 26918 27898 28043 28377 28665 28741 29604 29805 29940 30190 30120 29607 29898 29913 29512 28561 28322 27808 27277 27041 26585 26030 26181 26072 25939 26052 25971 25831 25842 25791 25945 25697 25719 25804 25815 25861 25772 25812 25774 25917 25363 25392 26056 25773 25905 26889 27825 28510 28562 28692 29308 29724 31042 31412 31937 32669 32623 32360 32391 32062 31448 31044 30916 30713
23924 23641 23172 22947 23159 24292 24868 25324 25383 25772 26222 26375 27012 28137 28497 28923 28855 29101 29347 29565 29614 29749 29743 29548 29185 29162 29055 28641 28249 27871 27388 27332 27059 26946 26224 26347 26781 26782 26157 25682 25693 25818 25993 25613 25706 25718 25793 25665 25702 25867 26024 25948 25458 25706 26583 26492 25914 26567 28005 28605 28438 28521 30107 31149 31705 31771 31653 31703 31737 31953 31849 31436 31116 30781 30778 30506
23562 23223 22996 22939 23701 24705 25442 25742 25462 25924 26248 26698 27594 28145 28604 28874 28850 29112 29258 29491 29481 29284 29445 29419 28978 28790 28687 28301 28218 27480 27178 27156 27026 26908 26463 26355 26662 26772 26325 25735 25745 25754 25815 25609 25612 25648 25686 25462 25658 25997 26043 25863 25457 25924 26789 26974 26801 26552 28081 28331 28035 28487 30068 30969 31405 31571 31872 31736 31192 30835 30721 30694 30679 30438 30454 30200
23396 22776 22804 23165 24213 24972 25803 25936 25545 26261 27091 27671 28210 28409 28649 28775 28737 28701 29142 29315 29405 29460 29745 29599 28770 28708 28707 28265 27890 27202 27172 27089 26863 26607 26291 25112 25115 25744 26237 25947 25876 25805 25816 25660 25637 25639 25659 25477 25521 25815 26014 26225 26143 26032 26803 27436 27481 27579 28174 28448 28546 29199 30042 30506 30484 31061 31879 31895 31344 30806 30729 30474 30404 30193 30167 30172
22848 22545 22185 22617 24239 24972 25791 25857 25925 26718 27804 28428 28558 28572 28534 28617 28901 28978 29179 29439 29565 29868 30004 29858 29005 29305 28993 28541 28095 27286 27059 26817 26827 26686 26526 25139 24807 25093 25901 26206 26383 26409 25927 25844 25688 25697 25729 25541 25840 26214 26163 26635 26786 27014 27040 27576 27708 28006 28710 29514 29714 30185 31087 31450 31186 31013 31624 31829 31258 31125 30814 30592 30206 30159 30243 30118
22325 22592 22731 23398 24804 25331 25936 26230 26644 27268 28336 28634 28669 28614 28336 28671 29087 29346 29301 29433 29777 30369 30770 30311 29210 29293 28884 28490 28456 28310 28089 27664 27251 27287 27324 26779 25708 25490 26304 26693 26699 26721 26620 26329 26091 25880 25828 26374 26380 26454 26691 27357 27279 27277 27477 27721 28236 28575 28855 29672 30087 30695 31708 32200 32060 31929 31526 31511 31099 31124 31039 30778 30239 30184 30216 29872
22246 22498 22832 23864 25066 25864 26176 26684 27197 27915 28526 28802 29152 28931 28482 28490 29214 29368 29222 28844 30020 30502 30770 30098 29099 28818 28518 28576 28757 28994 29144 29030 28623 28468 28403 28134 27472 27709 27445 26905 26770 26748 26546 26562 26505 26240 26144 26654 26536 26642 26993 27422 27544 27934 28069 28289 28942 29114 29258 29496 30236 30901 31683 32120 32044 31798 31417 30788 30598 30966 31124 30838 30367 30299 30055 29965
22175 23013 23682 24287 25356 26377 26794 27354 27627 28048 28651 29183 29166 28959 28628 28307 28865 28847 28399 28156 29796 30221 29996 29201 28864 29098 29392 29333 28791 28886 28984 28742 28633 29109 29399 29445 29217 28660 27696 26750 26693 26884 26960 26987 26653 26536 26638 26897 26877 27094 27533 27873 28403 28583 28945 29075 29334 29369 29134 28757 29564 30561 31346 31541 31201 31077 31052 30763 30565 29999 30076 30047 30297 30314 29945 29899
22519 23838 24047 24823 25976 27009 27746 27675 27725 28174 28844 29077 29039 28591 28484 28765 28991 28573 28205 28418 29577 29593 29158 29160 29162 29516 29644 29479 28557 28142 27396 27332 27951 28670 29462 29747 29767 29616 28601 27764 27105 27137 27310 27200 26648 26669 27031 27316 27241 27428 27927 28435 29023 29253 29057 29008 28250 27579 26951 26507 27261 28645 30225 31275 31447 31514 31128 30734 30542 30210 30098 29541 29939 29743 29914 30338
23098 24479 24619 25488 26567 27692 27944 27775 27657 28449 28826 28918 28540 28259 28296 28812 28865 28630 28560 28651 28939 29340 29448 29526 29494 29538 29161 27802 26974 26432 26470 26863 27405 27707 27919 28593 29414 29502 29084 28928 28096 27529 27643 27487 26692 26807 27183 27383 27807 28083 28812 29408 29416 29219 28287 26586 25583 25764 26058 26371 26658 26667 27458 29338 30943 31491 31165 30899 30781 30276 30211 29684 29453 29487 30073 31193
23689 24497 25148 25975 27008 27741 27864 27925 27981 28506 28810 28727 28393 28240 28439 28901 28827 28380 28482 28510 29123 29662 30214 30384 29870 28204 27004 25807 25363 25339 25010 25505 26103 26458 26809 26911 27224 27930 28762 29031 29102 28445 27839 27549 26792 27005 27327 27549 28087 28509 28800 29259 28958 27736 26048 25354 25317 25257 25538 25858 25821 25700 25587 26995 28678 30317 30679 30801 30896 30837 30989 30882 30536 29947 30136 31434
24174 24644 25382 26576 27302 27875 28413 28802 28821 28746 28884 28915 28232 28203 28216 28468 28349 28246 28567 29152 29558 29715 30357 30615 29457 27046 25103 24629 24380 23988 23559 23988 24130 24719 25423 25632 25885 26643 27354 28253 28989 28855 28228 27569 27130 27001 27263 27658 28538 28953 29350 28961 26803 25535 25453 25159 24822 24390 24164 24657 25247 25289 24919 25178 26412 27836 29637 30396 30844 30852 30743 30248 30558 30721 30975 31715
24530 25025 25343 26518 27064 27975 28664 28895 28997 29158 29319 29347 28636 28527 28529 28178 28519 29283 29510 29685 30002 29811 29402 29638 28214 25852 24203 23600 23200 23265 23071 23081 23619 23952 24342 24592 24502 25409 26616 27328 28740 28814 28136 27894 27289 26874 27245 27840 28757 29147 29065 27769 25503 25395 24957 24413 23910 23603 23114 23406 24008 24067 24435 25320 26204 27077 28131 30176 30632 30079 28359 27459 29087 30763 31193 31859
24967 25281 25507 26268 27060 27944 28321 28513 28954 29391 29408 29612 29276 29275 29109 28643 29298 30035 30093 30088 30103 29322 29234 28813 26873 25060 23514 22833 22773 22717 22776 22789 22893 22974 23022 23213 23690 24359 25042 26353 27767 27767 27767 28034 27673 27030 27531 27887 28961 29485 28827 26411 24891 24432 23400 22854 22778 22670 22884 23335 23093 23325 23906 25213 26220 27055 28092 29958 30734 29488 26922 25507 27535 30298 31153 31641
26140 26210 26079 26332 27056 27735 28165 28578 29117 29391 29540 30454 30593 29987 29608 29271 29726 30481 30706 30655 30508 29649 29156 27871 26507 25033 23642 22819 22703 22735 22734 22737 22773 22834 22954 22938 23226 23647 24671 25463 26528 27727 28399 28333 28109 27339 27521 27986 29143 29476 28052 25584 24825 24101 22565 22526 22563 22616 22819 22828 22873 22737 22864 24649 25712 26479 27843 29949 30789 30573 28036 26890 28993 30784 30997 31331
27161 27127 26779 26324 27013 27660 28133 28607 29074 29204 29587 30700 31178 30799 30342 29739 30497 31011 31002 30755 30733 29440 28284 26941 26379 24743 23600 22774 22734 22728 22742 22754 22794 22829 22900 22931 23110 23355 24166 24988 26274 27229 28263 28393 28493 27713 27707 28208 29372 29495 27552 25899 24776 23717 22537 22544 22560 23234 23064 22855 22830 22729 22823 24015 25032 25730 26736 29289 30793 30792 29600 29003 30572 30833 30624 30462
27486 27520 27320 26615 26400 27213 27543 28322 28442 28641 29369 30594 31214 31108 30887 30629 30895 31018 31178 31533 30440 27967 27051 26370 25780 23769 22908 22723 22758 22748 22755 22778 22822 22862 22904 22951 23054 23346 23770 24587 26033 26923 27407 28394 28535 28173 28022 28586 29535 29730 27671 25791 24461 23174 22447 22563 23108 23299 23040 23738 23007 22709 23210 23617 24932 25924 26159 28296 30244 30724 30788 30705 30658 30671 30064 29583
27426 27437 27165 26540 26528 26828 27058 27541 27628 28048 28724 30045 30727 30867 30964 31097 31047 31241 31293 31660 30252 27906 26798 26386 25252 23529 22752 22727 22752 22752 22886 22796 22826 23120 23190 23479 23492 23651 24035 24463 25766 26798 27129 28230 28567 28289 28366 28791 29624 29773 27941 25734 24372 22783 22390 22577 23290 23501 23485 23937 23019 22792 22904 23162 24590 25523 25922 28987 30142 30455 30574 30191 29895 29827 29982 29704
26350 26943 26716 26510 26774 26968 26905 27200 27330 27680 28343 29436 30036 30295 30571 30958 30985 31357 31423 31491 30225 27850 26829 26002 24442 23054 22716 22728 22719 22743 23445 23244 23413 23279 23446 23563 24271 24455 24514 24989 25982 26727 27371 28586 28687 28567 28813 29138 29811 30064 28537 26367 24580 23370 22385 22403 23116 23208 22919 22899 22533 22542 22437 22649 22926 23948 26238 29649 30178 30190 29798 29524 28931 29199 29909 30125
25819 26081 26307 26512 26566 26764 26904 27146 27378 27664 28354 29411 29818 29954 30127 30536 31017 31162 31374 31424 29803 27584 26674 25331 23916 22996 22780 22727 22729 22743 23659 24819 24436 23639 23798 24194 24421 24686 24720 25098 26386 27110 27757 29301 29440 29231 29413 29449 30101 30495 29061 27233 25045 23873 22473 22357 22467 22407 22544 22608 22557 22417 22267 22426 22819 24343 27281 29667 30007 30016 29490 28862 28502 28552 29370 30036
25604 25799 25651 26121 26146 26705 26966 27107 27336 27720 28480 29473 29902 30001 30125 30369 30930 31058 31223 31391 29966 27175 26063 25050 23927 23007 22787 22717 22715 23020 24257 25108 24431 24031 24284 24149 23543 23451 23682 24279 26380 27324 28301 29485 29878 29972 30191 30529 30604 30604 29095 27674 26105 24565 23137 22382 22107 22105 22288 22495 22335 22367 22462 22880 23968 25823 28231 29686 29512 29587 29422 28533 28189 28095 28439 29269
24920 25100 24747 25177 25794 26362 26564 26764 26736 27306 28177 29128 29689 29924 29801 30065 30712 30926 30903 30835 30475 27441 25747 25182 23915 23321 22753 22744 22746 22881 23735 24520 24158 24264 24115 22878 21556 21497 22020 23481 25250 27189 28473 28265 29833 30303 30868 30984 30912 30661 29681 28040 26459 25372 24279 22631 22190 22172 22169 22174 22230 22270 22604 23740 25410 27368 28652 29242 28920 28945 28948 28720 28259 27992 27928 28713
24417 24388 24229 24474 25082 25642 25993 26224 26559 26880 27290 28020 28979 29383 29508 29875 30456 30709 30468 30533 30466 27947 26205 25231 23829 23707 23043 22840 22798 22940 23211 23948 24177 24357 23293 21334 21050 21249 21923 23122 24503 26544 29340 30615 30657 30842 31180 31127 30850 30346 29761 28979 27325 25947 25342 24287 23087 22561 22409 22256 22237 22621 23841 24819 26717 27740 28515 28729 27760 27914 27969 27978 27832 27520 27661 28272
24067 23963 24055 24104 24599 25200 25781 26057 26199 26246 26597 27119 27731 28398 28907 29458 29798 30074 30038 30107 29884 28400 26666 25424 23911 23758 23566 23044 22984 23003 23336 23854 24299 24392 22808 20959 21051 21505 22500 23261 24891 27027 29725 31246 31359 30912 30964 30656 30261 30078 29635 29018 28406 26635 25563 25182 24427 23856 23413 22927 22792 23891 24957 25468 26824 27310 27842 27838 26771 27115 27227 27422 27379 27267 27095 27627
23918 24252 24250 24087 24585 24633 24863 25514 25780 25820 26108 26388 26483 27126 27940 28414 28924 29180 29558 29443 29339 28584 26932 25837 24882 24282 23735 23326 22929 22932 23299 24031 24565 24177 23137 21491 21179 21758 22783 23921 26002 28314 29876 31425 31534 30915 30457 30106 29632 29432 29000 28721 28737 28633 27489 26168 25471 25212 24798 24426 24576 25513 25790 26245 26922 26958 26571 26212 26078 26289 26629 27252 27130 27009 26647 27057
24013 24564 24612 24695 24633 24140 23805 24640 25308 25522 25776 25970 25745 25951 26543 27034 27566 27476 28014 28130 28500 28557 27398 26414 25988 25172 24575 23681 23054 23035 23190 23807 24576 24575 23893 23175 22436 22553 23444 25375 27579 29243 29986 31458 31561 30928 30354 29807 29075 28436 27751 28161 28678 28855 29102 28831 28123 27391 26952 27076 27003 26873 26583 26748 26364 26229 25547 25534 25288 25619 26327 26728 26858 26820 26596 27029
24206 24691 24842 24717 24358 23715 23653 24202 24862 24703 25191 25361 25289 25293 25329 25934 26189 26364 26654 26673 28322 28686 28501 27327 26818 26413 25715 24851 24322 23944 23851 24292 24817 25069 25193 24821 24278 24026 25102 26839 28818 29398 29913 31279 31484 30823 29763 29081 28264 27615 27433 27776 28112 28635 29238 29496 29490 29280 28562 28471 28284 27948 27308 27062 26255 25197 25365 25236 24937 25158 25583 26266 26419 26471 26755 26983
23848 24780 25071 24852 24044 23614 23681 23992 24534 24468 24463 24658 24814 24852 25025 25981 25987 26103 26336 26630 27179 28330 28504 28412 27593 26947 26437 25677 25298 24896 25041 25067 25156 25462 26046 25782 25529 25504 26641 27950 29350 30093 30614 31082 30946 30277 29405 28613 27644 27187 27322 27530 28001 28493 28813 29270 29323 29181 28479 28454 28301 27915 26774 26040 24882 25035 25158 24967 24705 24839 24981 25731 25801 25840 26686 27092
22575 23995 25126 25037 24368 24465 24337 24222 24256 24117 24019 23969 23954 24364 24821 25582 26023 26188 25867 25927 26492 27199 28453 28833 28897 28445 27344 26819 26220 25710 25718 25701 25976 26635 27431 27474 27675 28246 28987 29646 30186 30437 30390 30108 29902 29365 28165 27773 27526 27363 27347 27447 27891 28354 28513 28545 28485 28045 27804 27486 26804 26306 25595 25051 24900 24786 24560 24254 24326 24099 24747 25026 25495 26079 26739 27396
22956 24371 25058 25233 25153 24966 24501 24240 24176 24050 24096 24156 23914 24070 24279 25249 26063 25985 25578 25153 25376 26234 27737 28397 28808 28886 28899 28121 27241 26887 26675 26979 27528 28044 28475 29200 30013 30214 30383 30307 30293 30302 29404 29029 29148 28772 27598 27783 27579 27301 27267 27222 27427 27763 28351 28572 28253 28044 27450 27098 26142 25829 24935 24944 24923 24536 24248 23930 23596 24032 24264 24414 25159 26071 26555 27396
24518 25029 25178 25377 25393 25020 24434 23666 23812 24095 24264 24243 23580 23567 23651 24495 25285 25607 25209 24643 24609 25299 26507 27350 27944 28519 28743 28837 28700 28918 28976 29424 29626 30011 30152 30073 30090 30086 29957 29849 29542 29068 28533 28391 28199 27788 27021 27732 27814 27410 27258 27241 27428 28068 28529 28630 28169 27720 27321 26325 25970 25839 24953 24518 24186 24055 23994 23552 23259 23478 23921 24469 25218 25945 26697 27004
24874 25313 25343 25382 25415 25082 24658 23787 23713 24032 24092 24057 23797 23545 23454 23958 25161 25598 25163 24289 24005 24586 25779 26841 27109 27799 28083 28836 28877 28987 29100 29510 29692 29948 30061 29834 29499 29299 29506 29439 28873 28409 28141 28073 27839 26979 26353 27484 27796 27625 27418 27219 27734 28304 29043 29072 28291 27582 26524 26360 25896 25674 25012 24480 23730 23440 23486 23316 23210 23357 23980 23847 25184 26163 26625 26814
24783 25130 25188 25259 25228 25065 24528 23498 24147 23960 23999 24172 24237 23795 23697 23673 24342 24718 24601 24047 23767 23952 25127 26312 26658 26824 27427 28613 28571 28590 28670 28828 28982 28833 28998 28684 28486 28398 28818 28552 27928 27908 27774 27468 27127 26846 26283 27117 27800 27763 27672 27804 27823 28326 28924 28921 28111 27308 26579 26136 26006 25702 24955 24151 23395 23020 23003 23007 23777 23904 24719 25501 25581 26071 25879 26338
