Alternative/Moon/Lvl0_30x30/Ele_EA.asc
ncols         335
nrows         335
xllcorner     -20042508.343
yllcorner     -6727166.958
cellsize      10000
nodata_value  -9999.0
[rows 68 to 101 of 335, columns 77 to 153 of 335]
10724 10776 10803 11199 11461 12251 13049 14115 14870 15211 15452 15583 15913 15982 15754 15012 14486 13700 13077 12818 12748 12661 12883 13368 13594 13805 13712 14288 14385 14526 14699 14986 15135 15450 15740 15654 15428 15442 14444 12222 11333 10761 10334 10280 10430 10371 10477 10659 10623 10484 10514 10539 10717 10700 10626 10662 10567 10235 9994 10197 10158 9908 9938 9940 9917 9946 10001 9975 10013 9943 9936 9881 9917 9968 9804 9833 9851
11148 11309 11159 11541 11643 12169 13184 13657 14177 14829 15160 15494 15798 15872 15725 14825 14352 13847 13579 13075 12986 12622 12866 13283 13808 13868 13683 14263 14678 15017 15387 15374 15114 15386 15796 15698 15487 15259 14466 12762 11703 11335 10439 10248 10459 10465 10449 10676 10785 10721 10941 10843 10198 10190 10198 10358 10325 10425 10163 10160 10097 10007 9993 10057 10008 10047 10059 10091 10102 9972 9866 9926 9953 9964 9887 9836 9905
11086 11655 11697 11829 11982 12477 13359 13684 14114 14573 14988 15272 15398 15459 15132 14617 14435 14047 13618 12891 12742 12746 12793 13372 13639 13756 13913 14386 15004 15573 15788 15730 15349 15493 15587 15744 15750 15614 14761 13216 12574 11851 10922 10382 10587 10481 10720 10758 11018 10782 11047 10968 9989 9569 9649 10147 10565 10662 10498 10100 10068 10046 10004 10063 10024 10068 10109 10059 10000 9847 9825 9908 9870 9888 9898 9966 9995
11455 11836 11917 12009 12044 12410 13235 13942 14553 14812 15158 15184 15529 15619 15231 14465 14354 13989 13686 13524 13275 12918 13101 13327 12899 13953 13984 14415 15026 15553 15774 15676 15400 15339 15380 15790 15989 16096 15293 13963 13671 12245 11172 11009 10610 10635 11131 11409 11515 11376 10997 10749 9777 9489 9503 9808 10717 10702 10553 10133 10073 9984 10031 9948 10005 10062 9980 9989 9884 9836 9780 9895 9788 9761 9801 9894 9918
11436 11505 11646 11635 12097 12686 13131 13904 14658 14744 15064 15362 15593 15480 15312 14410 13741 13497 13447 13623 13752 13485 13121 13327 13622 13992 14223 14434 14861 15485 15501 15516 15630 15571 15282 15732 16296 16435 15724 14509 14049 12901 11938 11009 10796 10683 10885 11224 11558 11596 11101 10821 10683 10215 10522 10607 10576 10522 10420 10094 10274 10147 10111 10015 9952 9946 9918 9882 9833 9771 9747 9730 9749 9741 9909 9943 9992
11306 11393 11995 12173 12777 13395 13476 13672 14263 14540 14879 14944 15104 15217 14824 14058 13600 13455 13400 13453 13491 13440 13437 13412 13770 14129 14748 14783 14721 15291 15384 15451 15190 15544 15572 15760 16250 16396 16286 15855 15068 13395 12092 11074 10810 10600 11211 11371 11224 11329 10987 10696 10723 10655 10775 10679 10498 10483 10468 10225 10380 10227 10097 10080 9940 9925 9889 9836 9801 9782 9753 9739 9817 9809 9957 9942 9990
11509 11657 12201 12694 13288 13688 14033 14148 14508 14614 14425 14579 14637 14649 14645 13882 13490 13174 13239 13039 13278 13836 13834 12847 12451 13140 14436 14407 14157 13906 13963 13836 14266 14742 15546 15957 16015 16284 16376 16177 15806 14259 12629 11577 11294 10921 11341 11711 11723 11041 10912 10770 10681 10523 10492 10484 10351 10406 10345 10459 10564 10331 10066 10022 9978 9885 9835 9832 9822 9827 9821 9792 9879 9854 9919 9946 9937
12185 11997 12174 12982 13539 14163 14468 14467 14584 14637 14290 14380 14425 14314 14214 13963 13978 13853 13348 13202 13281 13647 13750 12785 12858 12916 12957 13094 12681 12042 12136 12123 12651 13930 14684 15751 16087 16159 16031 16032 15948 15213 13479 12388 12000 11470 10904 11491 11544 11537 11209 10912 10469 10313 10345 10173 10343 10466 10293 10277 10565 10319 10005 10000 10033 9888 9896 9937 9950 9936 9897 9863 9930 9884 9889 9889 9865
12658 12750 12818 13375 13850 14578 14764 14624 14346 14405 14510 14264 13801 14092 14461 14548 14719 14303 13284 14213 14373 13828 13505 13493 13073 12962 12620 11659 11097 10644 10603 11095 11683 12537 13467 14629 15728 15881 15799 15835 15824 15559 14891 13728 12843 12215 11437 11213 11769 12136 12097 11384 10617 10309 9982 9991 10295 10271 10285 10519 10363 10438 9978 10091 10032 9972 9934 10114 10137 10027 9988 9914 9910 9874 9844 9908 9898
13115 12760 13258 13457 13115 14535 14870 14896 14697 14507 14564 14489 13907 14217 14559 14709 14807 13848 13337 14371 14468 14361 14194 13568 13032 12029 11500 10959 10672 10566 10510 10739 11119 11770 12891 13922 15066 15341 15561 15618 15580 15664 15610 15248 14512 13308 12261 11336 11589 12098 12236 12220 11657 10931 10074 10043 10305 10331 10238 10440 10367 10444 10051 10016 9960 10013 9935 10167 10168 10082 10016 10080 10046 9977 9894 9891 9914
13921 13895 14030 14545 14715 14945 15122 15137 15158 14845 14595 14512 14217 13984 14123 14223 14434 14512 14841 15002 14976 14974 14890 13382 12719 11939 10752 10539 10513 10537 10618 10575 10565 11070 12140 13156 13816 14748 15464 15556 15607 15693 15820 16055 16086 15254 14006 12674 11976 11968 12349 12525 12521 12144 11435 10959 10830 10796 10650 10751 10508 10397 10400 10242 10186 10030 10000 10121 10318 10591 10657 10669 10450 10143 9984 9981 9958
13953 14375 14304 14447 14814 15044 15157 15322 15291 14852 14500 14320 14268 13362 13468 14278 14275 14466 14827 14975 15077 15602 15557 14105 13042 12064 11033 10525 10550 10626 10605 10565 10602 10818 11461 12481 13092 14453 15304 15836 15754 15799 15881 16421 16635 16807 15960 14033 13255 12410 11734 12132 12451 12423 12068 11945 11934 11821 11748 11515 11045 10568 10374 10236 10138 10199 10204 10451 10469 10657 10394 10662 10619 10536 10193 10029 9993
13687 14618 14403 14305 14392 14383 14846 14961 14855 13952 13339 13825 13968 14031 14448 14476 14188 13874 14068 14566 15165 15652 15701 15030 14132 12776 11332 10919 10553 10505 10541 10601 10839 11425 11986 12700 13580 15123 15998 15852 15737 15846 16039 16365 16593 17086 16933 16197 15413 14148 12896 12135 12176 12257 12022 11805 11449 11813 11957 11905 11775 11227 10369 10206 10142 10175 10304 10800 10857 9464 9159 9303 9950 10377 10304 10211 10111
13446 14560 14496 14337 14276 14111 14373 14270 13931 13073 13626 14267 14321 14314 14387 14292 14016 13723 13801 14289 14814 15410 15586 15325 14296 13649 12401 11260 10884 10900 10840 11001 11340 11851 12576 13550 14475 15701 16223 15896 15981 16245 16217 16342 16325 16708 16705 16516 15871 15123 14080 12956 12242 12348 11651 11335 10591 10279 10855 11717 11815 11541 10455 10173 10121 10020 10265 10674 10742 9559 8553 9048 9946 10393 10369 10250 10130
13879 14383 14667 14652 14572 14408 14651 14636 14010 12942 13617 14155 14093 13767 13681 13655 13655 13802 13912 14046 14424 15118 15295 15288 15279 15018 14446 13252 12882 12243 11865 12074 12252 12746 13636 14888 15308 15822 16006 15965 16072 16484 16325 16260 16357 16256 16022 16034 15833 15601 14751 13768 13062 12398 11251 10579 9929 10102 10183 10569 11630 11662 10759 10312 10243 9948 9974 10402 10651 10694 10072 10451 10674 10413 10269 10253 10171
14713 15263 15317 15174 14914 14767 14346 14550 14146 13496 13550 13644 13456 13685 13646 13641 14076 14192 14383 14319 14360 15023 15160 15167 15150 14982 15363 15475 14518 14553 14321 14237 14302 14507 14636 15060 15201 15419 15668 16089 16084 15918 16222 16078 15926 15870 15911 15789 15490 15319 14787 14174 13200 12011 11280 10339 9897 9704 9749 10105 11306 11816 11054 10574 10550 10272 10256 10204 10472 10538 10116 10106 10342 10311 10144 10207 10061
15120 15892 15790 15238 14976 14560 13971 13320 13344 13921 14008 13752 13620 13645 13709 13870 13932 13690 14293 14423 14397 14712 14936 14881 14966 14483 15064 15603 15619 15613 15716 15545 15222 14894 15017 14591 14524 14946 14936 15188 15169 15958 16163 15782 15693 15608 15811 16085 16036 15898 15763 14593 13737 12519 12001 11003 10390 10067 10469 11634 12009 11833 11400 11080 10932 10859 10775 10962 10946 10844 10755 10859 11082 11093 11051 10722 10512
15222 15915 15599 15209 14754 13969 13178 12618 12945 13945 14127 13937 13676 13770 13718 13118 12046 11211 12135 13811 14308 14605 14459 13929 13830 14064 14741 15004 15199 15557 15732 15521 15074 14681 14770 14467 14265 14198 14389 14668 14778 15181 15171 15417 15395 15354 15727 15878 15919 15894 15769 15367 14341 12978 12382 12064 11268 10970 12099 12881 12792 11978 11475 11286 10737 10720 11047 11366 11377 11121 10909 10939 11055 11157 11161 11070 10880
15362 15644 15529 15172 14966 14082 13355 12742 12648 13546 14011 13748 13322 13772 13428 11720 10163 9613 10239 12117 13768 14179 14260 13727 13399 13365 13562 13743 13838 14357 15117 15242 14675 14639 14686 14237 13668 13902 13898 14212 14224 14293 15002 15163 15134 15212 15245 15253 15359 15727 15749 15590 15464 14806 14092 14025 13475 12582 12572 13006 12812 12104 11679 11451 11200 11015 11397 11617 11708 11612 11267 11102 11277 11285 10934 10802 10885
15453 15530 15371 15091 14934 14389 14432 14333 14037 13954 14016 13590 13424 13512 12737 12388 11573 10801 11051 12692 13782 13936 13599 13119 13059 12902 13280 13337 13199 13770 14248 14525 14488 14412 14384 13955 13648 13773 13825 13877 13911 14236 14564 14892 14855 15313 15314 15076 14923 15226 15397 15499 15526 15218 15850 15769 14724 13494 12753 12738 12423 12128 11845 11747 11234 10998 11444 11922 11798 11642 11433 11242 11285 11401 11213 10774 10742
15462 15477 15336 15102 14482 14462 14618 14526 14520 14190 13804 13394 13453 13872 13766 13491 12995 12271 12814 13704 13687 13467 13317 13319 13017 13074 12644 12789 13002 13205 13264 13552 13578 13246 13150 13106 13233 13503 13818 13732 14001 13857 14258 14764 14805 15185 15550 15447 14940 15210 15229 15400 15463 15328 15786 15693 15456 14643 13724 13327 13130 13043 12621 12126 11745 11647 11409 12068 12477 12313 12262 12474 11985 11914 11239 11221 11151
15524 15535 15028 14691 14348 14212 14379 14355 14342 14210 13570 13293 13261 13992 14813 14901 14842 14469 14185 13932 13762 13538 13453 13385 13239 13210 12771 12788 12933 13061 12884 12810 12979 13153 13065 13094 13030 13046 13573 13933 14037 14064 14047 13851 13681 13944 15053 15123 14977 14944 14865 15242 15382 15287 15683 15635 15581 15082 14722 14714 14984 14908 14183 13394 12681 12423 12240 12173 12412 12353 12161 12433 12218 12442 12580 12300 12050
15717 15386 14781 14479 14301 14339 14274 14286 14158 13852 13531 13323 13468 13980 14668 14851 14878 14669 14133 13792 13453 13438 13319 13252 13431 13200 12885 12790 12806 12851 12785 12769 13039 13111 13047 12891 12654 12712 13244 13722 13873 13797 13654 13385 13421 13977 14490 14669 14513 14282 14235 14508 14570 14947 15199 15269 15125 15064 15263 15443 15641 15658 15609 15229 13991 13017 12890 12809 12387 12128 12080 12279 12290 12900 12898 13009 12819
15562 15236 14972 14309 14544 14498 14229 14052 13840 13577 13463 13308 13465 13789 14381 14441 14299 14157 13719 13368 13414 13239 13183 13403 13428 13064 12708 12568 12954 13184 13110 12765 13044 13089 12866 12668 12498 12564 13052 13470 13530 13608 13369 13541 13579 13791 13717 13649 13498 13595 13396 13809 14020 14430 14381 14634 14616 14850 15074 15263 15281 15660 15593 15469 14387 13336 13274 13137 12747 12421 12235 12217 12277 12696 12581 13083 12953
15229 15207 15059 14898 14623 14605 14275 13638 13712 13635 13302 13438 13443 13481 13815 13709 13546 13535 13275 13316 13221 12846 12742 12928 12873 12655 12462 12515 12932 13207 13002 12796 12846 12885 12823 12832 12707 12480 12790 13006 13027 13127 12998 13130 13527 13869 13806 13446 13605 13641 13461 13395 13459 13722 13936 14125 14125 14644 14604 14419 14388 14673 14881 14880 14257 14136 14473 14475 14249 13808 13048 12586 12687 12773 12679 12572 12609
14950 15082 15106 15134 14794 14584 14235 13504 13378 13226 12982 13072 12974 13393 13456 13586 13807 13542 13071 12880 12865 12682 12818 12931 12822 12617 12378 12443 12634 12712 12509 12634 12686 12866 12666 12754 12735 12414 12607 12447 12400 12612 12927 13297 13351 13687 13604 13541 13687 13720 13466 13356 13374 13669 13943 14104 14363 14262 14187 14106 14108 14078 14156 14628 15102 15214 15438 15351 15090 14520 14290 13314 12941 13043 13336 13474 13433
14997 15110 14876 14627 14481 13650 13071 13663 13566 13110 13224 13264 13291 13227 13398 13836 13898 13496 13169 13002 12814 12838 12879 12862 12868 12858 12687 12485 12526 12555 12409 12488 12571 12570 12492 12535 12586 12536 12351 12120 12260 12364 12833 13093 13201 13242 13679 13754 13745 13788 13718 13619 13587 13690 13950 14098 14346 14376 14488 14513 14313 13989 14287 14562 15018 15152 15456 15572 15457 15057 14479 13562 12988 12677 13363 13797 13715
15235 15221 13557 12030 11851 13000 13745 13902 13855 13775 13663 13390 13315 13008 13089 13249 13263 13079 12726 12961 13012 13033 12796 12604 12806 12831 12817 12900 12959 12894 12616 12653 12726 12859 12918 12711 12723 12479 12549 12551 12462 12303 12610 12753 13000 13377 14060 14088 13938 13973 13923 14052 13896 14020 14170 14498 14534 14328 14416 14247 14144 14102 14252 14359 14596 14699 15278 15357 15264 15120 14623 14072 13604 13349 13673 14209 14960
14713 14418 12451 11134 11935 13739 14240 14022 13868 13938 13954 12917 12916 12687 12641 12859 12844 12561 12479 12797 12790 12590 12231 12377 12613 12568 12678 12780 12889 12947 12657 12899 12982 13199 13419 13008 12744 12563 12526 12641 12677 12384 12764 12838 13114 13480 14153 14513 14540 14440 14338 14239 14295 14327 14579 14620 14600 14197 14022 14065 13971 14066 14239 14345 14575 14658 15220 15367 15162 15099 14842 14859 14885 14317 14172 14675 15067
14173 14303 13977 13252 13754 13927 13955 13586 13339 13309 12984 12507 12323 13193 13526 13696 13662 13272 12812 12681 12605 12243 12293 12562 12575 12396 12351 12521 12708 12783 12703 12878 12966 12851 13239 12928 12797 12821 12308 12585 12829 12778 12923 13005 13201 13616 14010 14567 14738 14622 14545 14591 14354 14850 14999 14831 14335 13910 14170 14233 14009 14217 14628 14758 14666 14740 15141 15228 15110 15099 14873 14980 15003 14445 14145 14195 14589
14284 14339 14323 13954 13753 13713 13091 12818 12803 12593 12285 12667 13127 14196 14636 14460 14046 13684 13546 13054 12766 12984 13216 12849 12832 12764 12972 12866 12656 12603 12695 12784 12859 12699 12504 12548 12526 12596 12409 13008 13079 13256 13190 13396 13511 14116 14284 14474 14664 14667 14682 14690 14719 15070 15093 14839 14624 14485 14484 14357 14416 14257 14410 14547 14495 14412 14556 14697 14653 14530 14635 14500 14400 14183 13957 13618 13861
14051 13917 13867 13689 13651 13075 12864 12875 12903 12867 12616 12832 13493 14517 14584 13107 11881 12428 13482 13335 12804 13223 13400 12398 11718 12547 13572 13519 13229 12673 12554 12309 12147 12371 12457 12591 12464 12435 12425 13009 13357 13709 13999 14099 14319 14325 14468 14758 14787 14725 14799 15230 15264 14907 14970 14833 14989 14832 14548 14336 14237 13972 14036 14097 14129 14057 13840 13780 13704 13532 13409 13609 13686 13479 13330 13174 13048
13728 13938 14038 13955 13654 13313 12647 13023 13301 13306 13365 13348 13634 14207 13520 11359 9691 10519 13046 13210 12837 12899 12512 11189 10835 12139 13700 13556 13248 12923 12590 12271 11977 12079 12182 11996 12492 12827 13516 14012 14377 14476 14574 14554 14755 14690 14848 14924 14848 14708 14648 15067 15155 15027 15307 15468 15316 15089 14806 14468 14291 14310 14279 14286 14084 14415 14440 13906 13820 13231 13082 13137 13018 13140 13144 12838 12650
14004 13993 14164 14191 13906 13286 12845 12952 13213 13463 13433 13392 13520 13945 13382 12137 11409 12341 13225 13243 12748 12939 12923 11934 11836 12901 13629 13470 12668 12578 12104 11825 11711 11733 12375 12905 13321 13562 13749 14041 14412 14805 14920 14818 14774 14613 14794 14782 14451 14317 13718 12886 13582 14623 15176 15387 15332 15225 15290 15009 14508 14400 14363 14507 14610 14356 14387 14161 13489 13240 13168 12941 12718 12580 12745 12677 12509
