Alternative/Moon/Lvl0_30x30/Ele_AC.asc
ncols         335
nrows         335
xllcorner     -13342508.343
yllcorner     6672833.042
cellsize      10000
nodata_value  -9999.0
[rows 136 to 169 of 335, columns 77 to 153 of 335]
19499 19560 19599 19734 19800 19792 19820 19783 19809 19800 19739 19695 19802 19784 19794 19703 19732 19722 19639 19744 19704 19484 19450 19504 19428 19396 19444 19313 19308 19454 19356 19583 19564 19653 19804 19875 19923 19897 19881 19709 19332 19195 19236 19340 19380 19362 19196 18956 18818 18747 18741 18729 18724 18714 18638 18452 18477 18511 18491 18412 18400 18480 18596 18688 18688 18731 18787 18869 18930 18989 19085 19127 19186 19213 19194 19169 19181
19588 19759 20026 20104 20099 20074 19906 19803 19785 19721 19643 19567 19433 19305 19112 18899 18735 18635 18586 18478 18473 18129 17955 17915 17905 17854 17983 17753 17829 18073 18299 18755 19222 19519 19723 19842 19882 19947 20049 20105 20088 20121 20065 20047 19940 19852 19666 19525 19323 19203 19222 19303 19240 19208 19057 18896 18550 18295 18222 18101 18110 18187 18284 18627 18578 18777 18904 19000 19045 19069 19126 19145 19152 19198 19240 19234 19215
19463 19786 20000 20073 20024 19856 19554 19391 19105 18858 18565 18252 18055 17862 17677 17426 17167 17033 16939 16519 16335 16278 16260 16342 16384 16447 16490 16622 16620 16945 17028 17470 17732 18108 18547 18980 19309 19516 19697 19818 19892 20099 20114 20243 20246 20150 20004 19894 19777 19635 19519 19402 19381 19423 19364 19206 18900 18915 19020 18874 18583 18475 18797 19026 19108 19173 19164 19169 18993 18955 18965 19011 19167 19279 19301 19332 19343
20125 19922 19916 19686 19232 18940 18700 18219 17811 17573 17211 16821 16644 16438 15895 15679 15521 15318 15162 15171 15167 15184 15163 15197 15165 15166 15223 15341 15372 15629 15727 16190 16482 16862 17176 17577 17909 18075 18202 18465 18856 19046 19402 19711 19579 19446 19371 19531 19579 19545 19330 19171 19156 19140 19130 19120 19121 19144 19066 18978 18909 18930 18923 19015 19060 19173 19235 19322 19310 19257 19245 19234 19348 19352 19365 19364 19399
20174 19895 19421 18880 18433 18025 17689 17416 17094 16742 16362 15942 15645 15443 15245 15146 15078 15058 15053 15146 15183 15122 15095 15112 15068 15056 15080 15080 15085 15082 15122 15232 15438 15639 16040 16356 16636 16926 17373 17645 18125 18383 18466 18698 18956 19207 19451 19479 19407 19364 19154 19178 19241 19247 19128 18999 18968 18946 19000 19019 18989 19023 19161 19252 19363 19364 19281 19302 19315 19306 19298 19295 19297 19253 19207 19226 19262
20055 19638 19117 18569 18180 17876 17465 17121 16677 16279 15895 15581 15241 15083 15055 14996 14977 14986 15003 14992 15007 15004 15020 15031 15042 15057 15061 15081 15108 15123 15089 15116 15133 15162 15320 15647 15949 16288 16716 17089 17446 17729 18136 18516 18907 19196 19467 19613 19600 19546 19407 19296 19255 19253 19121 19000 18982 18938 18872 18870 18925 18990 19116 19185 19300 19289 18976 18561 18457 18344 18773 19220 19320 19252 19188 19232 19251
20199 20015 19563 19082 18590 18172 17570 17008 16446 16151 15654 15365 15052 14935 14984 14987 14944 14956 14985 15004 15024 15039 15056 15056 15073 15078 15136 15153 15158 15168 15103 15110 15108 15174 15367 15674 15998 16254 16607 16982 17435 17694 18014 18356 18722 19022 19354 19502 19468 19411 19312 19218 19020 18833 18810 18828 18811 18819 18850 18870 18877 18884 18950 18993 19044 19056 19023 18962 18865 18868 18844 18901 19041 19148 19207 19235 19234
20368 20255 20030 19649 19231 18778 18214 17650 17247 16730 16363 15891 15721 15534 15497 15369 15337 15243 15268 15299 15433 15247 15416 15393 15390 15385 15384 15285 15280 15278 15417 15588 15877 16097 16390 16599 16637 16831 16908 17129 17316 17459 17670 18063 18379 18759 19034 19008 18891 18800 18753 18760 18766 18838 18847 18874 18860 18807 18738 18761 18775 18767 18820 18828 18892 18933 18968 19014 19048 19087 19187 19242 19265 19237 19227 19177 19111
20120 20138 20037 19754 19442 19301 19065 18716 18350 18002 17960 17494 17398 17231 17056 17190 17275 17518 17506 17275 17234 17183 17373 17243 17332 17305 17146 17074 17036 17226 16989 17206 17176 17301 17347 17497 17815 17904 18051 18219 18270 18322 18347 18310 18289 18312 18513 18774 18905 18970 18997 18947 18900 18884 18860 18797 18731 18626 18626 18686 18676 18743 18814 18817 18793 18716 18733 18833 18928 18981 18978 18999 18830 18794 18871 18920 18921
19434 19348 19357 19342 19317 19279 19041 18789 18618 18467 18358 18360 18269 18190 18374 18442 18453 18501 18602 18833 18946 18956 18925 18680 18665 18629 18718 18753 18511 18489 18338 18445 18474 18364 18381 18451 18715 18818 19014 19137 19122 18998 18890 18967 19038 19035 18979 18932 18905 18873 18744 18573 18416 18371 18411 18584 18639 18651 18630 18700 18690 18676 18635 18552 18537 18531 18480 18434 18512 18557 18534 18472 18496 18563 18553 18547 18620
19113 18981 19017 18928 18693 18556 18387 18314 18244 18223 17952 18066 18121 18219 18345 18268 18172 18350 18524 18793 19148 19300 19305 19215 19152 19170 19225 19177 19161 19075 18963 18677 18692 18718 18882 18998 19009 19047 19096 19110 19108 19065 19036 19059 19080 19070 19084 19103 19041 19029 18884 18613 18508 18654 18635 18480 18271 18277 18357 18581 18684 18673 18591 18571 18545 18591 18653 18786 18723 18737 18681 18691 18668 18598 18506 18429 18332
19115 18972 18781 18654 18453 18240 18014 17883 17829 17766 17615 17663 17716 17751 17823 18072 18087 18216 18241 18551 18542 18580 18612 18724 18672 18813 18729 18827 18858 18895 18914 18856 18728 18693 18736 18709 18786 18796 18782 18760 18766 18794 18788 18850 18876 18944 18992 19060 18944 18825 18792 18842 18872 18887 18906 18936 19004 19069 19060 18930 18828 18729 18898 18892 18961 18971 19059 19147 19139 19016 18931 18804 18662 18560 18556 18518 18515
18897 18647 18301 18057 17797 17632 17524 17495 17485 17519 17534 17692 17731 17700 17678 17688 17833 17899 17943 18002 18102 18244 18321 18330 18372 18434 18612 18622 18639 18646 18631 18618 18607 18573 18597 18586 18631 18667 18678 18715 18718 18737 18764 18818 18912 18920 18858 18829 18828 18827 18824 18890 18994 19062 19132 19224 19236 19241 19244 19265 19297 19289 19292 19267 19183 19157 19150 19204 19183 19108 19026 18969 18859 18797 18709 18677 18620
18882 18722 18435 18014 17635 17487 17456 17497 17635 17712 17734 17851 17801 17736 17751 17764 17762 17852 17919 17926 17916 17932 17906 17956 18054 18135 18337 18336 18360 18365 18288 18400 18486 18515 18543 18536 18559 18604 18688 18738 18769 18793 18822 18808 18841 18874 18949 18971 18946 18965 18976 18998 19016 19106 19170 19245 19246 19273 19285 19287 19331 19358 19409 19378 19356 19297 19240 19192 19034 18967 18842 18771 18715 18652 18653 18721 18739
18598 18630 18501 18128 17801 17735 17713 17761 17843 17895 17858 17832 17827 17767 17757 17822 17811 17792 17804 17887 17992 18077 18110 18057 18069 18095 18104 18033 18004 18000 18141 18318 18444 18557 18616 18612 18613 18580 18598 18667 18863 18943 18997 19135 19195 19176 19087 19060 19033 19046 19064 19061 19092 19109 19102 19131 19182 19252 19274 19278 19211 19091 18921 18847 18716 18705 18724 18967 18848 18820 18796 18808 18813 18703 18642 18634 18627
18810 18555 18326 18092 17928 17786 17736 17690 17692 17761 17779 17794 17800 17800 17785 17795 17805 17777 17746 17741 17819 17886 17868 17996 18195 18228 18271 18303 18303 18328 18390 18577 18650 18703 18742 18769 18744 18666 18631 18745 18934 19039 19146 19212 19253 19233 19141 19036 19047 19063 18977 19013 19070 19075 19155 19234 19247 19235 19156 19139 19137 19130 19046 19111 19108 19093 19103 19053 18906 18808 18728 18690 18695 18698 18678 18697 18710
19115 18821 18477 18165 17969 17946 18089 17935 17858 17816 17829 17759 17753 17728 17733 17711 17725 17722 17742 17773 17786 17861 17976 18112 18356 18499 18692 18842 18864 18887 18838 18749 18689 18689 18734 18779 18817 18802 18701 18645 18644 18653 18766 18871 18785 18782 18803 18812 18823 18832 18838 18772 18749 18913 19044 19079 19066 19081 19046 19067 19049 19021 19049 19093 19156 19167 19167 19164 19161 19122 19068 19009 18963 18995 19022 19037 18941
19501 19419 19096 18761 18628 18697 18675 18569 18283 17997 17864 17900 17938 17878 17843 17818 17736 17693 17738 17811 18048 18145 18299 18369 18479 18617 18797 18969 19063 19064 19061 18880 18837 18852 18858 18876 18880 18855 18751 18635 18528 18576 18582 18586 18661 18666 18717 18711 18709 18744 18773 18923 19007 19011 18986 18954 18926 18898 18706 18988 19007 18960 19027 19089 19135 19153 19161 19216 19202 19135 18924 18736 18845 18984 19256 19444 19452
19413 19291 19095 18793 18575 18597 18610 18545 18386 18196 18040 17841 17857 17906 17959 17939 18010 17993 18121 18220 18364 18512 18699 18852 18838 18829 18890 18998 18986 18705 18362 18209 18129 18338 18652 18786 18724 18657 18567 18535 18452 18470 18507 18566 18570 18583 18601 18545 18588 18604 18764 18887 18888 18894 18853 18929 18975 19001 19026 19037 19003 18997 19036 19105 19127 19188 19279 19344 19338 19276 19231 19286 19393 19410 19385 19500 19443
19090 18865 18691 18373 18190 18036 18087 18046 17975 17945 17928 17959 17958 17996 18029 18127 18315 18515 18692 18926 19059 19149 19235 19220 19147 19118 19080 18989 18980 18864 18722 18618 18466 18572 18649 18613 18479 18407 18307 18224 18176 18242 18299 18322 18363 18391 18394 18348 18354 18412 18450 18553 18648 18811 18845 19010 19062 19067 19208 19204 19215 19251 19265 19232 19252 19262 19339 19403 19443 19382 19340 19459 19482 19469 19429 19398 19299
19062 18851 18575 18482 18310 18045 17856 17817 17731 17871 17974 17971 18003 18027 18193 18438 18655 18807 18877 18891 19045 19035 19165 19113 18991 18770 18735 18687 18517 18352 18276 18257 18252 18250 18227 18167 18115 18133 18162 18126 18138 18223 18235 18286 18426 18562 18737 18821 18903 19110 19218 19280 19344 19453 19491 19587 19545 19491 19436 19542 19573 19562 19601 19617 19542 19437 19308 19253 19256 19207 19157 19206 19192 19191 19187 19174 19201
19198 19095 18957 18723 18580 18484 18603 18438 18376 18320 18263 18221 18321 18347 18419 18544 18731 18874 18973 18808 18648 18493 18368 18236 18114 18160 18234 18328 18333 18273 18105 17736 17424 17634 17957 18043 18064 18022 17957 18009 18146 18208 18263 18304 18412 18621 19009 19256 19429 19445 19535 19738 19908 20002 19986 19934 19840 19771 19829 19880 19872 19898 19915 19886 19786 19762 19659 19664 19574 19563 19637 19595 19613 19617 19597 19593 19569
20043 20013 19976 19908 19686 19567 19397 19223 19087 18956 18885 18785 18687 18647 18624 18728 18748 18685 18592 18506 18472 18330 18318 18323 18174 18129 18071 17998 17949 17904 17983 17980 17852 17898 17989 17993 17884 17929 18008 18025 18184 18381 18599 18831 19005 19268 19541 19679 19838 19990 20196 20277 20329 20390 20279 20194 20027 19962 19912 19960 19968 20017 20088 20122 20193 20238 20282 20276 20157 20083 20001 20072 20080 19969 19891 19912 19870
20561 20449 20227 20089 19850 19700 19488 19283 19221 19223 19077 18909 18764 18757 18674 18683 18704 18712 18683 18555 18375 18257 18054 17906 17787 17803 17801 17795 17798 17816 17821 17879 17795 17816 17929 18049 18039 18084 18077 18259 18271 18567 18781 18959 19286 19529 19889 20197 20352 20558 20813 20928 20930 20822 20505 20143 19718 19390 18965 18621 18332 18212 18276 18463 18719 18920 19150 19412 19672 19740 20038 20405 20508 20472 20365 20169 20219
20501 20334 19997 19661 19369 19220 19197 19205 19193 19120 18846 18532 18268 18093 18068 18065 18141 18214 18292 18270 18238 18191 18115 18021 17978 17935 17956 17930 17899 17880 17984 18125 18270 18298 18338 18508 18730 18871 19005 19050 19094 19283 19537 19635 19725 19910 20244 20489 20721 20919 20946 20774 20429 20001 19446 18771 18180 17743 17241 16789 16385 16236 16164 16206 16335 16535 17147 17671 18324 18830 19630 20319 20679 20752 20571 20321 20192
20327 20035 19767 19516 19284 19219 19244 19179 19049 18895 18580 18242 18060 18050 17988 18033 18125 18201 18364 18431 18301 18244 18069 18000 17974 17979 17946 17959 17996 18070 18260 18380 18502 18569 18794 18974 19139 19235 19329 19445 19554 19609 19635 19732 19938 20159 20385 20595 20740 20935 20984 20892 20408 19975 19211 18556 17993 17519 17014 16694 16631 16577 16523 16644 17070 17330 17863 18451 19038 19548 20235 20849 20990 20972 20789 20594 20410
19755 19460 19163 18992 18947 18924 18895 18910 18915 18821 18760 18683 18626 18621 18553 18613 18629 18615 18618 18476 18391 18321 18391 18331 18306 18278 18278 18301 18460 18417 18566 18744 18892 18942 18977 19174 19383 19511 19576 19589 19663 19693 19683 19795 19946 20049 20179 20201 20400 20617 20753 20752 20352 19894 19498 19186 19358 19087 19287 19325 19175 19226 19180 19254 19358 19542 19989 20375 20662 20823 20868 20972 20951 20914 20732 20548 20426
20066 19872 19620 19329 19092 18974 18845 18736 18655 18679 18611 18549 18454 18443 18476 18480 18424 18380 18393 18421 18489 18525 18588 18736 18846 18929 19017 19030 19023 19071 19173 19284 19304 19212 18983 19031 19364 19529 19549 19526 19499 19496 19469 19506 19591 19579 19593 19655 19708 19759 19594 19818 19957 20046 20199 20340 20380 20511 20683 20789 20850 20835 20778 20649 20593 20582 20523 20667 20806 20799 20687 20495 20413 20446 20392 20350 20394
20530 20217 19758 19438 19119 18915 18749 18620 18639 18643 18607 18485 18512 18472 18465 18479 18485 18428 18526 18672 18742 18818 18862 18896 19042 19125 19292 19357 19373 19324 19241 19370 19409 19357 19295 19313 19340 19463 19480 19452 19452 19443 19445 19426 19358 19223 19181 19184 19260 19305 19344 19421 19517 19688 19808 19890 19990 20035 20105 20266 20354 20222 20263 20234 20096 20138 20089 20057 20164 20216 20219 20283 20292 20242 20232 20217 20193
20800 20588 20185 19860 19546 19257 19082 18843 18710 18632 18607 18546 18559 18515 18468 18511 18477 18541 18726 18871 18942 19034 19030 19012 19127 19298 19355 19408 19511 19610 19644 19621 19520 19436 19360 19338 19359 19364 19374 19369 19330 19301 19227 19119 19011 18994 19022 19124 19182 19238 19284 19306 19345 19391 19404 19399 19439 19492 19533 19583 19602 19642 19731 19735 19664 19658 19677 19688 19751 19813 19842 19929 20022 20044 20023 20002 19955
20725 20679 20368 20070 19730 19520 19356 19173 19052 18952 18865 18731 18809 18902 18935 18888 18794 18647 18712 18846 18999 19117 19186 19301 19296 19387 19502 19589 19669 19662 19631 19539 19411 19332 19296 19295 19313 19333 19392 19390 19408 19372 19286 19109 18965 18914 18871 18933 18938 18963 18987 18992 18976 18910 18889 18836 18833 18867 18734 18809 18910 19161 19389 19532 19528 19486 19388 19386 19557 19687 19766 19764 19672 19667 19693 19713 19725
20449 20242 20002 19739 19630 19505 19352 19232 19171 19084 19045 19016 18962 18978 19001 19016 19141 19286 19365 19301 19160 19439 19500 19536 19599 19672 19721 19734 19726 19650 19554 19479 19372 19182 18916 18840 18418 18319 18366 18248 18278 18241 18213 18159 18126 18163 18290 18582 18800 18842 18642 18386 18243 18206 18202 18191 18178 18179 18187 18233 18345 18485 18737 19006 19195 19222 19276 19374 19494 19581 19643 19685 19673 19594 19480 19766 19871
20357 20197 19864 19619 19592 19441 19359 19269 19245 19189 19206 19277 19266 19285 19292 19420 19622 19748 19756 19703 19668 19608 19504 19463 19312 19412 19600 19672 19752 19727 19676 19648 19614 19535 19338 19067 18901 18647 18460 18256 18193 18167 18103 18164 18128 18161 18197 18360 18388 18386 18324 18217 18184 18173 18168 18202 18225 18247 18286 18298 18305 18262 18470 18607 18869 19021 19077 19149 19216 19253 19358 19466 19610 19638 19707 19798 19796
19964 19814 19706 19551 19445 19372 19384 19448 19495 19532 19645 19706 19804 19812 19751 19834 19759 19726 19705 19471 18917 18605 18147 17901 17912 17809 17891 18116 18489 18821 19271 19595 19617 19551 19417 19288 19165 19107 18957 18801 18658 18682 18773 18900 18953 18937 18949 19032 19071 19048 18934 18586 18577 18569 18634 18541 18485 18457 18544 18613 18628 18659 18671 18710 18771 18800 18849 18946 19003 19134 19241 19368 19511 19521 19656 19692 19758
