Alternative/Moon/Lvl0_30x30/Ele_AJ.asc
ncols         335
nrows         335
xllcorner     10107491.657
yllcorner     6672833.042
cellsize      10000
nodata_value  -9999.0
[rows 170 to 203 of 335, columns 154 to 230 of 335]
18072 17885 17853 17955 18049 18105 18072 17910 17781 17656 17566 17504 17460 17496 17494 17473 17514 17417 17262 17037 16881 16811 16840 16912 17124 17464 17583 17651 17425 17135 16991 16832 16466 16071 15873 15801 15775 15811 15789 15758 15717 15719 15756 15858 15896 15810 15560 15214 14890 14599 14290 13993 13837 13840 13901 13941 13951 14001 14041 14045 14049 14003 14020 14022 13979 13954 13935 13933 14005 14046 14117 14108 14026 14213 14415 14705 15172
17913 17922 17937 17999 17985 17875 17616 17253 17067 17098 17046 16952 17046 17133 17123 17172 17235 17197 17164 17067 16952 16953 16942 17006 17012 17038 17013 17005 16889 16677 16478 16221 16039 15932 15920 15853 15827 15795 15780 15806 15982 16198 16371 16540 16505 16224 15813 15348 15124 14814 14487 14103 13828 13741 13760 13855 13958 14037 14038 14014 14001 13999 14044 14323 14595 14784 14896 15016 15160 15206 15270 15212 15434 15628 15811 15795 15935
16910 16943 16995 17080 17082 17045 16925 17017 17099 17282 17313 17263 17225 17172 17160 17179 17209 17193 17133 16994 16903 16761 16687 16493 16334 16270 16278 16255 16267 16379 16410 16604 16717 16691 16579 16414 16339 16405 16530 16784 16992 17077 17167 17190 16928 16462 16155 15804 15485 15086 14681 14359 14239 14180 14108 14060 14217 14326 14239 14201 14362 14184 14301 14710 15135 15432 15604 15833 16000 16221 16266 16303 16484 16785 16917 16774 16558
16462 16489 16607 16899 17054 17120 17255 17372 17420 17405 17406 17309 17224 17125 17090 17119 17114 17097 17047 17090 17089 16860 16691 16622 16650 16629 16639 16625 16633 16641 16753 16900 16917 16885 16734 16623 16515 16611 16760 17035 17126 17119 17021 17020 16833 16524 16272 16128 15858 15427 15229 14925 14900 14869 14758 14788 14977 15032 15094 15167 15205 15259 15291 15493 15545 15758 15730 16154 16609 17007 17373 17704 18062 18218 18288 18114 17719
16479 16479 16478 16576 16819 17064 17268 17392 17438 17418 17416 17439 17545 17530 17484 17391 17250 17136 17149 17138 17133 17083 17056 16974 16767 16769 16781 16846 16925 16871 16895 16944 16958 16971 16949 16897 16840 16793 16814 16999 17043 16942 16841 16608 16428 16327 16352 16372 16280 16106 15966 16012 15988 16031 16070 16234 16373 16337 16297 16279 16265 16539 16684 16907 17123 17301 17441 17608 17930 18154 18288 18541 18785 18823 18833 18751 18600
16437 16457 16454 16520 16762 17133 17307 17332 16985 16529 16772 17169 17708 17763 17697 17551 17332 17140 17068 17026 17168 17202 17062 16927 16730 16591 16548 16544 16685 16831 16989 17082 17052 16986 17092 17102 17112 17045 16996 17164 17286 17280 17083 16720 16586 16540 16612 16721 16796 16710 16664 16617 16668 16755 16713 16958 17265 17292 17263 17199 17172 17216 17219 17241 17291 17406 17622 17799 18078 18229 18350 18596 18858 19028 19028 18913 18749
16502 16799 16972 17130 17260 17283 17329 17560 17655 17694 17715 17722 17748 17739 17629 17488 17323 17130 17067 17145 17133 17218 17200 17101 16911 16855 16674 16686 16649 16649 16791 17041 17060 17118 17138 17061 17088 17053 17052 17200 17281 17234 17027 16667 16512 16630 16782 16846 16829 16681 16577 16565 16580 16661 16749 16947 17059 16985 17041 17052 17025 17054 17110 17080 17250 17498 17587 17865 18118 18295 18528 18706 18859 19054 19069 19006 18676
17010 17117 17190 17275 17406 17498 17500 17460 17547 17643 17647 17677 17619 17690 17681 17608 17366 17248 17142 17176 17187 17226 17224 17095 16951 16896 16805 16834 16897 16953 16933 16802 17034 17080 17020 16744 16665 16821 16861 16930 16933 16871 16744 16532 16514 16576 16586 16598 16582 16632 16705 16849 16921 16975 17154 17381 17570 17613 17661 17656 17548 17341 17354 17412 17413 17632 17898 18196 18317 18370 18583 18618 18717 18883 19006 19001 18816
17517 17592 17597 17529 17443 17487 17491 17354 17419 17429 17442 17520 17570 17634 17647 17618 17592 17432 17260 17087 17006 16881 16808 16767 16713 16674 16752 16824 16889 16861 16814 16669 16583 16545 16549 16473 16533 16529 16478 16380 16482 16585 16609 16576 16581 16595 16448 16461 16583 16642 16696 17033 17283 17500 17623 17757 17916 18092 18267 18387 18435 18386 18356 18383 18470 18605 18560 18609 18635 18845 18881 18836 18597 18508 18460 18416 18253
17881 17842 17636 17516 17436 17415 17343 17150 17094 17192 17230 17228 17082 16813 16575 16455 16343 16613 16737 16674 16513 16367 16525 16575 16545 16531 16486 16374 16396 16338 16385 16368 16374 16344 16185 16229 16307 16402 16338 16442 16557 16671 16678 16735 16782 16804 16830 16747 16629 16709 16810 17153 17468 17704 17853 18092 18354 18602 18793 19022 19262 19428 19592 19624 19609 19641 19614 19414 19115 18818 18796 18717 18644 18609 18597 18593 18513
17733 17731 17577 17458 17471 17402 17325 17336 17370 17358 17298 17178 16950 16908 16729 16715 16497 16562 16780 16981 16974 16762 16435 16199 16250 16366 16400 16351 16178 16112 16286 16353 16425 16561 16645 16618 16477 16375 16341 16538 16641 16701 16723 16870 16990 17059 17043 17108 17228 17422 17660 17894 18111 18280 18433 18522 18531 18853 19144 19439 19736 19869 19977 20053 20041 19907 19672 19406 19049 18814 18716 18823 19095 19459 19569 19516 19357
17696 17591 17471 17389 17344 17361 17286 17254 17229 17148 17020 16785 16462 16041 15794 15664 15641 15981 16391 16641 16786 16519 16177 15789 16177 16574 16592 16445 16349 16253 16282 16313 16434 16576 16656 16676 16633 16509 16496 16521 16536 16597 16741 16826 17030 17162 17172 17279 17596 18116 18404 18624 18901 19078 19177 19156 19140 19150 19286 19510 19729 19901 19968 20020 19923 19838 19598 19223 18884 18892 19036 19197 19413 19521 19622 19533 19352
17782 17569 17357 17159 17033 17007 16878 16755 16760 16663 16493 16020 15780 15727 15639 15568 15609 15728 15781 15812 15913 15845 15702 15661 15967 16331 16289 16125 15975 16159 16214 16287 16560 16769 16859 16822 16794 16693 16800 16927 17142 17163 17150 17415 17584 17590 17606 17964 18406 18658 18868 18981 19075 19115 19150 19090 18967 19004 19046 19073 19218 19437 19408 19336 19467 19641 19649 19482 19246 19073 19097 19302 19537 19587 19573 19499 19855
15976 16113 16071 15966 15903 15934 15978 16073 16309 16455 16450 16461 16484 16449 16320 15981 15907 16050 16095 16153 16140 15987 15920 15940 16011 15986 16046 16194 16388 16543 16762 16919 17032 17106 17117 17200 17063 16991 16948 17091 17251 17504 17575 17583 17588 17492 17452 17850 18268 18611 18865 18934 18807 19048 19109 19039 18896 18595 18469 18481 18582 18668 18861 19179 19412 19539 19504 19371 19018 18715 18593 18556 18703 18941 19219 19506 19851
15362 15308 15277 15252 15263 15265 15331 15481 15677 15771 15897 15891 16098 16173 16134 16091 16224 16247 16224 16220 16247 16221 16259 16361 16513 16366 16396 16585 16769 16867 17272 17545 17611 17652 17749 17758 17636 17672 17551 17541 17667 17773 17814 17787 17732 18040 18090 18279 18605 18721 18772 18736 18646 18496 18273 18004 17876 17853 17782 17811 17928 18064 18108 18265 18521 18803 18758 18696 18372 18173 18252 18293 18591 18902 19163 19446 19628
15511 15417 15261 15249 15242 15332 15388 15498 15653 15746 15777 15797 15998 16183 16268 16168 16021 16017 16026 16084 16183 16451 16776 17097 17305 17456 17460 17635 17740 17951 18066 18171 18120 18162 18272 18388 18446 18432 18342 18396 18308 18151 18070 18136 18180 18402 18595 18811 18908 19062 19200 19390 19345 19131 18724 18429 18088 18015 17870 17788 17794 17642 17692 17791 17904 18002 17986 17941 17976 18244 18508 18828 18905 19015 19080 19320 19505
15279 15220 15187 15292 15349 15480 15466 15544 15645 15739 15882 16155 16375 16492 16498 16426 16357 16328 16346 16599 16885 17174 17355 17434 17553 17676 17700 17898 18165 18252 18436 18540 18706 18906 19016 19022 19010 18981 18892 18803 18671 18477 18375 18410 18646 18790 18956 18862 18928 19029 19312 19459 19456 19200 18852 18392 18062 17879 17746 17726 17779 17644 17631 17712 17713 17829 18001 18211 18502 18653 18756 18994 19093 19226 19317 19425 19471
15748 15806 15901 15904 16025 16109 16244 16167 16431 16622 16761 16754 16774 16809 16872 16956 17294 17589 17691 17756 17763 17734 17703 17686 17665 17680 17710 17778 18005 18195 18284 18500 18681 18846 18913 18966 19012 19163 19238 19189 19178 19053 18910 18900 19041 19315 19455 19528 19600 19580 19518 19383 19117 18677 18210 17772 17607 17586 17640 17657 17667 17643 17697 17811 17872 17977 18085 18341 18582 18761 18908 19029 19039 19115 19098 19073 19222
16790 16848 16851 16915 17061 17102 17097 17151 17166 17168 17204 17217 17223 17319 17324 17412 17762 18020 18224 18178 18067 17876 17812 17883 18289 18380 18530 18531 18567 18586 18554 18567 18564 18707 18840 19045 19195 19341 19368 19349 19264 19035 18913 18927 18912 18979 19073 19126 19009 18898 18589 18278 17972 17862 17885 17932 18020 17978 17946 17824 17819 17885 17884 17910 17974 17943 17842 17876 17996 18167 18381 18613 18834 18809 18661 18701 18843
17693 17629 17480 17267 17083 17204 17261 17327 17406 17576 17691 17853 17902 17918 17911 18002 18183 18348 18497 18530 18497 18279 18106 18168 18395 18578 18657 18657 18580 18563 18560 18567 18547 18676 18780 18973 19029 19087 19102 19090 18899 18591 18496 18446 18551 18584 18562 18533 18321 18240 18186 17982 17894 17898 17962 18034 18094 18070 18178 18358 18406 18431 18334 18055 17864 17759 17734 17681 17475 17534 17647 17783 17842 18155 18225 18388 18613
17988 17933 17744 17532 17392 17419 17530 17549 17674 17651 17688 17843 17926 17989 17975 18026 18262 18326 18430 18473 18463 18541 18580 18625 18706 18744 18718 18479 18326 18462 18594 18705 18810 18950 18991 19040 19052 18929 18675 18433 18469 18333 18180 18021 18020 17976 17930 17818 17820 17905 18006 18036 17928 17896 17907 17910 17920 18112 18356 18538 18600 18485 18288 17948 17739 17733 17755 17753 17723 17727 17865 18145 18470 18725 18770 18825 18740
18159 18073 18021 17874 17614 17618 17877 18146 18172 18224 18245 18247 18233 18268 18142 18176 18355 18474 18527 18638 18835 18946 18954 18861 18692 18740 18774 18776 18663 18656 18622 18712 18907 19015 19058 19082 19012 18935 18742 18591 18264 17894 17758 17784 17933 17940 18021 18271 18350 18386 18373 18396 18479 18642 18742 18791 18739 18599 18717 18748 18689 18701 18699 18412 17936 17757 17940 18125 18347 18560 18745 18880 19019 19186 19181 19101 19023
18071 18097 18075 17903 17922 17897 17993 18166 18185 18195 18244 18391 18534 18645 18678 18633 18519 18404 18447 18489 18647 18807 18800 18766 18553 18533 18508 18623 18684 18852 18915 19078 19171 19039 19003 19040 18988 18862 18696 18385 18142 17969 17878 17690 17708 17931 18124 18303 18420 18511 18555 18606 18728 18811 18785 18887 18859 18721 18685 18700 18632 18567 18554 18379 18145 17925 17974 18198 18500 18722 18920 18966 18965 19006 18955 18757 18900
17803 17876 17905 17938 18000 17931 17858 17887 17978 18060 18165 18474 18556 18617 18657 18572 18513 18494 18479 18492 18531 18639 18663 18646 18518 18479 18507 18633 18770 18953 19218 19348 19336 19024 18847 18638 18308 18165 18127 18149 18075 17977 17880 17676 17435 17340 17376 17361 17527 17817 18150 18390 18610 18591 18507 18502 18602 18664 18769 18891 18889 18762 18741 18711 18681 18631 18559 18406 18452 18604 18639 18702 18740 18722 18651 18601 18625
17943 17991 18041 18045 18094 18069 18181 18370 18312 18100 18120 18379 18746 19081 19290 19416 19260 19007 18743 18619 18535 18653 18656 18630 18512 18548 18659 18806 18928 19065 19113 19116 19063 18796 18556 18336 18147 18068 18084 18161 18264 18185 17943 17907 17815 17506 17228 17267 17358 17581 17963 18463 18700 18688 18645 18633 18742 19087 19293 19225 18770 18348 17967 18085 18636 19019 19046 18903 18819 18760 18774 18787 18801 18747 18703 18569 18414
17964 17907 17958 18051 18089 18120 18143 18195 18238 18337 18390 18698 18919 19230 19482 19724 19720 19602 19352 18984 18643 18566 18449 18398 18317 18385 18469 18549 18665 18651 18700 18613 18588 18498 18386 18333 18233 17962 18043 18378 18484 18488 18477 18318 18448 18534 18565 18581 18548 18817 18883 18887 18831 18825 18838 19185 19362 19522 19704 19931 20050 19908 19692 19298 19141 19088 19109 19221 19377 19445 19414 19369 19299 19133 18786 18680 18524
17960 18028 18114 18235 18281 18328 18296 18372 18573 18717 18806 18968 19168 19356 19545 19775 19801 19650 19298 18769 18340 18233 18223 18175 18196 18237 18333 18395 18642 19132 19547 19630 19722 19721 19592 19491 19366 19335 19513 19697 19717 19603 19434 19172 19061 19078 19024 18935 18872 19299 19436 19549 19560 19537 19483 19521 19587 19731 19883 20101 20121 19941 19595 19253 19447 19609 19728 19809 19750 19642 19660 19586 19459 19306 19107 19139 19083
18088 18039 18119 18249 18298 18387 18525 18735 18838 18857 18899 18907 19008 19222 19292 19297 19233 19198 18955 18520 18334 18265 18225 18261 18265 18343 18442 18750 19352 19957 20160 20191 20118 20074 19995 20020 19917 19745 19902 20015 20023 19877 19649 19275 19118 19163 19242 19413 19536 19743 19902 19772 19992 20308 20247 20192 20091 20080 19942 20010 20015 19818 19634 19606 19686 19732 19820 19808 19766 19515 19467 19279 19261 19179 18975 18831 18648
18202 18147 18140 18091 18067 18271 18456 18716 18917 18976 19160 19245 19328 19436 19427 19252 18997 18784 18627 18623 18650 18773 18857 18998 19159 19406 19709 20091 20405 20487 20463 20257 20132 20143 20229 20303 20298 20206 20165 20208 20215 20136 19933 19793 19649 19460 19587 19761 20080 20465 20646 20673 20699 20678 20576 20424 20264 20062 19896 19792 19597 19452 19488 19363 19249 19243 19192 19393 19713 19777 19748 19600 19322 19131 18822 18760 18828
18401 18316 18405 18414 18301 18242 18274 18470 18640 19007 19249 19445 19615 19644 19583 19353 19069 18836 18891 18956 19055 19146 19264 19275 19465 19620 19772 20176 20394 20429 20398 20170 20052 20172 20222 20318 20332 20281 20307 20324 20242 20189 20028 19851 19600 19466 19652 19758 19799 20250 20405 20429 20390 20299 20149 19864 19547 19270 19328 19317 19207 19079 19045 19066 19064 19151 19288 19572 19783 19765 19575 19284 19130 19358 19356 19211 19111
18498 18604 18617 18586 18597 18572 18568 18486 18499 18617 18680 18674 18841 18925 18888 18813 18584 18748 18829 18906 19050 19199 19349 19473 19546 19589 19629 19613 19682 19709 19696 19796 19915 20022 20006 19998 19999 20058 20094 20146 20013 19844 19663 19329 18896 18603 18562 18662 18812 18845 18909 18993 19027 18996 18999 18986 18815 18801 18684 18642 18555 18554 18633 18719 18781 19028 19243 19288 19269 19182 18801 18649 19126 19254 19174 18931 18848
18616 18574 18577 18609 18499 18406 18558 18528 18585 18682 18710 18648 18533 18584 18574 18537 18485 18543 18520 18410 18339 18643 18901 19045 19077 19161 19199 19206 19472 19567 19634 19848 20000 20047 20000 19998 19957 19703 19457 19194 19031 18768 18576 18451 18377 18315 18302 18416 18558 18602 18649 18656 18612 18701 18709 18641 18649 18687 18676 18624 18622 18625 18601 18592 18659 18750 18814 18917 19013 19020 18980 18967 18805 18880 18768 18737 18780
18550 18499 18529 18498 18694 18715 18630 18520 18477 18594 18780 18782 18691 18627 18582 18503 18406 18519 18589 18489 18355 18400 18400 18362 18398 18639 18839 19008 19339 19481 19484 19518 19691 19749 19813 19785 19630 19312 18944 18576 18515 18423 18411 18461 18505 18725 18977 19256 19447 19425 19392 19322 19214 19136 18941 18689 18521 18534 18501 18560 18666 18863 18992 19047 18968 18908 18888 18780 18464 18707 18912 18950 18766 18279 18010 18032 18249
18457 18514 18521 18551 18627 18659 18664 18676 18633 18664 18700 18720 18715 18632 18602 18640 18647 18640 18641 18589 18656 18649 18535 18530 18489 18444 18425 18487 18599 18714 18862 19047 19245 19344 19587 19641 19496 19265 19091 19012 18963 19118 19154 19402 19521 19630 19675 19684 19699 19630 19564 19506 19373 19328 19327 19305 19288 19319 19269 19398 19374 19382 19390 19646 19791 19796 19795 19555 19238 19029 18684 18173 17932 18048 18110 18119 18191
