Alternative/Moon/Lvl0_30x30/Ele_CL.asc
ncols         335
nrows         335
xllcorner     16807491.657
yllcorner     -27166.958
cellsize      10000
nodata_value  -9999.0
[rows 204 to 237 of 335, columns 76 to 151 of 335]
19821 19880 19791 19241 18365 17973 18460 19557 20702 21615 22318 22387 22135 22025 21952 21867 20992 20973 21781 21664 21271 21113 21283 21431 21627 22045 22443 22445 22667 22505 21541 20644 21089 21456 21319 20650 19963 19128 18725 18783 19002 18906 18885 18857 19015 19538 19976 20494 21008 21505 21942 22465 23107 23276 24305 25908 26132 25996 25755 25867 26477 27249 27874 28591 28929 28946 28483 27833 27393 27908 28044 28331 28696 29349 29699 29573
20230 20063 19902 19904 19857 19022 19381 20129 20794 22036 22486 22412 22135 21944 21880 21712 21227 20471 20902 20816 20692 20810 21101 21453 21515 22057 22561 22723 23123 23336 22978 22649 22219 22099 21586 20915 20389 19724 19246 19113 19102 19099 19239 19261 19140 19371 19820 20204 20766 21567 22037 22649 23673 24370 25134 25855 25846 25958 25841 25636 26086 26744 27053 27120 26836 26493 26504 26454 26423 26384 26339 26620 26883 27465 28454 29044
20347 18965 18802 20466 21170 20576 20425 20393 21179 22272 22495 22016 21573 21451 21788 22243 21989 21484 21082 20689 20320 20778 21680 22311 22221 22277 22833 22937 23209 23308 22999 23155 22771 22339 22051 21485 20659 20573 20014 19544 19509 19607 19788 19838 19796 19554 19914 20305 21156 22118 22573 23038 23907 24827 25376 25555 25833 25887 25873 25644 25958 25944 25601 25449 25595 25570 25450 25326 25489 25701 25955 26042 25932 25646 26661 27925
20119 18747 19220 21221 22005 21531 21037 20926 21153 22130 21995 21435 21322 21191 21584 22176 22135 21875 21346 21475 21560 21353 22257 23007 22862 22822 23058 23231 23495 23365 23018 23129 22820 22339 21993 21646 21374 21033 20663 19830 19771 20101 20509 20624 20378 20203 20286 20520 21590 22766 23322 23912 24604 25330 25616 25637 25470 25722 25592 25223 24915 24601 24450 24745 24792 24519 24136 24160 24053 24320 24735 24999 25151 24873 25643 26725
20461 19266 20225 22620 23267 22645 21465 21574 21581 21844 21787 21123 20974 21225 21252 21866 21907 21645 21559 21809 21987 21950 22503 22996 22817 22723 23023 23478 23717 23634 23286 23099 22820 21875 21319 21334 21446 21394 20888 20324 20562 20923 20965 20778 20563 20819 20544 20607 21577 23130 23775 24212 25104 25806 25821 25583 25536 25403 25291 24082 23436 23478 23541 23263 23232 22885 22734 22970 22576 22824 23385 23709 23841 24237 24570 24899
20495 19295 20245 22666 23424 22919 22256 22102 22010 21799 21509 21506 21509 21804 21771 21171 21018 21080 21567 21767 22023 22128 22270 22506 22734 21817 22055 23546 23641 23671 23475 22812 21231 19961 20092 20204 20871 21281 21256 20873 21393 21303 21130 20739 20435 20724 20973 21030 22046 23370 24261 24745 25638 25914 25891 25064 25477 25242 24007 22702 21943 22272 22495 22570 22354 21856 21852 21839 20720 21282 22371 22565 22696 23260 23471 24519
21642 20748 21030 22672 23234 22833 22255 22363 22480 22183 21842 21317 20568 22125 22552 21567 20442 20714 20739 21311 21689 21944 22044 22235 22293 22207 22049 22523 22994 23526 23558 21721 19588 18832 19230 20066 20920 21199 21239 21267 21500 21302 21126 20708 20525 21115 21040 19891 21268 24003 24815 25219 25785 25930 25536 25210 25243 24244 23218 22133 21216 21063 21358 21362 21214 20948 20969 20950 20301 20770 21430 21644 21622 22710 23347 24147
21692 21699 22115 22963 22956 22571 22130 22292 22712 22582 21939 20683 19762 21822 22497 21144 20414 20670 20650 20833 21114 21285 21667 21938 22151 22055 21991 22162 22242 22266 22498 21740 20818 20300 20715 20870 21330 21341 21355 21234 21361 20904 20897 20805 20727 21615 21240 19189 20890 24503 25273 25587 25792 25717 24977 25070 24869 23649 22833 21909 20597 20184 20259 20462 20355 20161 20232 20549 20463 20776 20831 20702 20730 22040 22711 23797
21155 21346 22067 22713 22898 22516 22381 22675 22829 22430 20823 20114 20915 22235 22208 20813 20687 20831 19838 20649 20598 20858 21186 21775 21863 21727 21704 21728 21595 21101 20957 21604 21606 21242 21110 20739 21198 21371 21551 21410 21070 20984 20247 20588 20888 21831 22556 22339 23321 24929 25401 25791 25867 25305 24766 24703 24068 22615 22111 21259 19802 19157 19007 19326 19300 19273 19045 19401 19736 19875 19804 19026 19668 20492 21146 22739
20509 21082 21556 22416 22549 22531 22783 23044 23142 22171 20332 20012 21627 22176 21672 20714 20366 20079 19674 19786 20292 20949 21412 21655 21543 21462 21322 21556 21674 21953 21904 21140 20826 20330 19678 19884 20496 21369 21607 21519 20978 20535 20351 20405 21072 21837 22903 23705 24271 24888 25236 25879 25880 24729 24413 24107 23127 22241 21587 20639 19187 18412 18268 18255 18275 18233 18373 18429 18582 18785 18707 18567 19007 19317 19952 21264
19949 21141 21632 22137 22224 22204 22509 23185 23195 21551 20363 20956 21444 21651 21528 21024 20746 20631 20138 20363 20432 19926 19903 21469 21614 21515 21596 21795 21657 21753 21827 21308 20719 19936 19348 19063 19715 20835 21043 21049 20489 20220 20112 20188 20937 21836 22794 23438 23911 24506 24838 25396 25567 24499 24269 23732 22518 21802 21046 19966 18774 18186 18104 18067 18075 18086 17954 18006 18272 18814 18845 18803 18580 19228 19343 19878
19165 20772 21499 22191 22262 22482 22544 23267 22952 20652 21911 22612 22190 21583 21605 21390 20840 20975 20724 20039 20406 20522 20856 21734 21743 21623 21705 21766 21959 22360 22390 22035 21179 20269 19398 19068 19694 20472 20613 20538 20131 20010 20002 20141 20821 21892 22644 23247 23754 24113 24549 25168 25310 24167 23817 22853 21868 21237 20471 19315 18567 18141 18072 18059 17921 18046 18049 18102 18316 18793 18721 18584 18631 18926 18983 19344
19086 19766 21263 21913 22371 22586 22913 23508 23228 22954 23283 22829 22108 21543 21634 21514 20830 20880 20372 19674 19950 20927 21447 21484 21721 21781 21604 21878 22180 22585 22508 22038 21399 21133 20446 19729 20223 20751 20773 20419 20248 20227 20033 20331 21116 21851 22509 23047 23434 23782 24367 25033 24899 23648 22776 21963 21205 20504 19752 18663 18406 18070 18017 17981 17934 17976 18164 18490 18364 18150 18200 18499 18684 18644 18637 18991
19964 21094 21583 21724 21817 22078 22713 23127 22269 22899 23106 22676 21911 21693 21427 21446 20817 21002 20932 20112 19693 20168 20434 20211 21640 21797 21670 21765 22104 22374 22366 22049 21508 21737 21453 20648 20525 20549 20531 20076 20216 20482 20479 20865 21207 21691 22392 23139 23310 23583 24102 24461 23968 23392 22387 21300 20649 19835 19259 18444 18122 17974 17974 17981 17990 17947 18674 19287 19132 18190 18048 18310 18741 18656 18827 18869
21741 21297 21459 21722 21600 21308 21747 22330 23146 23822 23745 22282 22079 21775 21559 21332 21111 21230 20923 20182 19850 19889 20732 21053 20425 21342 21309 21387 21716 22046 22097 22019 21994 21840 21577 21271 20495 19970 20343 20426 20641 20674 20640 21243 21343 21553 22280 22916 23145 23931 24253 24243 23792 23421 22264 21055 20233 19398 18581 18170 18010 17962 17994 17906 17965 18053 18742 20081 20132 19763 18941 19442 19231 18677 18549 18634
21801 21295 21215 21493 21414 21006 21338 22025 23036 23757 23709 22425 22263 22140 21783 21415 21350 21549 21456 20548 20029 19980 20709 21196 20994 20650 20755 20949 21548 21538 21690 21936 22017 21586 21636 21700 21165 19980 20355 20754 20877 20736 20813 21292 21388 21794 22443 22907 23364 23990 24564 24620 24078 23383 22229 21091 19968 18911 18525 18072 17902 17997 18024 18001 17992 18029 18550 19978 20532 20730 19486 19571 19362 18610 18603 18644
21846 21267 21068 20854 21023 20990 20979 21391 21622 22438 22756 22400 22554 22480 22378 21999 21630 21985 21982 21384 20819 20187 20301 20585 20588 20146 20241 21189 21392 21148 21171 21207 21182 21550 21895 21833 21131 21571 21319 21129 21102 21314 21538 21832 21814 22033 22218 22967 23408 23928 24751 24901 24280 22993 21949 21063 19478 18667 18358 18074 17940 18024 18065 18095 17990 18079 17992 19256 20724 21003 20277 20094 19233 18907 18636 18623
22052 21312 20586 21160 21369 20961 20765 21251 21685 21889 21967 22455 22624 22250 22642 22828 22332 22046 22017 21532 20878 20152 20121 20379 20535 19897 20834 21363 21320 21007 20794 20682 20703 21563 21938 20872 20870 21694 21511 21819 21836 21952 22276 22224 22205 22207 22355 22857 22898 23416 24775 25056 24228 22702 21880 20801 19155 18602 18338 18031 17922 17910 18068 18171 18309 18215 18330 18522 19212 20013 20279 19837 18211 18531 18533 18431
22240 21833 21673 21235 21334 21068 21214 22308 22798 22613 22663 22594 22007 20434 21603 22976 22890 22017 21517 21236 20363 19788 19798 20210 20447 19867 20803 21085 21098 20884 20802 20960 21084 21664 22014 21538 21405 21823 21906 21985 22269 22435 22302 22187 22006 22093 22144 22400 22736 23423 24204 24492 24271 23592 22603 20928 19157 18629 18427 18099 17963 17937 17971 18188 18145 17926 18058 18272 18723 19156 19372 19295 18624 18321 18316 18445
22507 22172 21851 21278 21268 20989 21494 22765 23033 22745 22908 21668 20015 20102 20416 22296 22829 22221 21840 21292 20742 20294 19871 19788 19851 20042 20853 20777 21057 21092 21080 21109 21405 22086 22320 22424 22203 21912 21923 21676 22167 22428 22245 21897 21676 21696 21797 22246 22704 23602 24452 24923 24712 24125 23502 21582 19501 18633 18505 18209 17997 17942 18021 18167 18364 18129 17804 17907 18211 19006 19152 18867 18729 18453 18404 18484
23256 23056 22231 21625 21471 21355 21851 22897 23185 23183 23264 22432 21360 20910 20187 21134 23036 22689 21929 21426 21075 20539 20698 20470 19916 20328 20953 21302 21434 21655 21446 21145 21421 22607 22690 22585 22355 22133 21959 21949 22389 22294 22115 22168 22197 22115 22272 22716 22892 23553 24886 24927 23100 23023 23222 22727 20309 19077 18698 18407 18109 17947 18042 18161 18401 18666 18662 17648 16988 18792 18930 18864 18628 18630 18650 18514
23113 22846 22796 22211 21937 21665 22155 22940 23374 23807 23662 23453 23509 23020 22118 21009 22843 22705 21873 21638 20324 19590 20641 20803 20564 20591 21032 21370 20790 21578 21627 21032 21124 22616 22813 22785 22227 22044 21966 22510 22306 22819 22744 22758 22521 22932 23240 23525 23693 23499 23945 23033 20153 20730 23200 23387 21108 19676 18887 18532 18311 18080 18107 18088 18310 18457 18448 18821 18706 18671 18593 18438 18721 18954 18953 18413
23304 23423 23536 23383 22694 21996 22711 23060 23529 24058 23929 23730 23863 23844 23445 21191 21367 21827 22258 22086 20097 19510 19834 21014 20938 20804 21297 21564 20639 21078 21646 21930 21856 22932 23197 23225 22913 22893 23199 23468 21463 21711 21599 21215 21128 22840 23774 24165 24521 24461 25190 24627 22392 22626 23986 23488 21690 20376 19455 18717 18477 18459 18289 18176 18230 18380 18397 18550 18831 18755 18721 18677 18308 18217 17686 17867
23238 23372 23662 23608 22821 21953 22767 23140 23466 23843 23903 24129 24255 24132 23727 21971 21460 21689 22268 22167 20665 19730 20503 21630 21290 20900 21485 21735 21743 21854 21874 21930 22374 23263 23510 23610 23483 23676 23820 23613 21525 20243 19783 19335 19857 21293 23216 24199 24832 25085 25412 25381 25085 24811 24743 23459 22121 21352 20256 19281 18811 18652 18471 18360 18209 18397 18624 18463 18698 18554 18552 18694 18645 18845 19230 19214
22951 23049 23079 23178 22845 22133 22562 22902 23172 23712 23932 23797 23599 24018 23733 22552 22056 21950 21670 21771 21547 21460 21550 21661 21776 21393 21430 21508 21468 21537 21820 21857 21925 22946 23430 23953 23832 23922 23959 22416 20554 19145 18807 18789 18885 19889 21175 22742 24697 25050 25150 25174 25358 25321 24638 23397 22905 22090 21375 20241 19685 18817 18314 18244 18295 18293 18423 18457 18542 18637 18504 18592 18645 18740 19147 19824
22037 22234 22537 22866 22831 22312 22344 22865 23098 23573 23906 23097 22057 23533 23617 22810 22020 22379 22287 22217 21844 22167 22246 21863 22550 22613 22133 21606 21585 21808 22132 22450 22626 22981 23140 23853 23871 24320 23923 21409 19688 18843 18806 18785 18895 19424 20671 22287 24332 24898 24800 24912 25232 25274 24437 23480 23231 23052 22178 20247 19581 18871 18760 18643 18559 18458 18447 18518 18599 18605 18617 18668 18812 19170 19369 20269
22055 22294 22682 22983 23001 22530 22272 22816 23061 23520 23828 23767 23530 23658 23615 23214 22489 23102 23081 22797 22305 23016 23417 23816 23656 23439 23453 22772 22168 22157 22380 22609 22879 23052 23069 23818 23907 24007 23538 21180 19616 18865 18830 18883 18908 19287 20329 22118 24010 24811 24900 24302 24529 24744 24645 24150 23448 23261 22989 21662 20133 20005 19952 19476 19051 18800 18783 18908 18920 18902 18973 18987 19056 19541 20061 20833
22069 22280 22659 22861 22787 22372 22264 22664 22985 23464 23464 23719 23570 23466 23438 23386 22987 22735 22856 22726 22676 23180 24016 24408 23886 23218 23266 23063 22720 22890 23034 22836 23201 23448 23396 23795 23965 23943 23002 21621 20054 19126 18977 19045 19051 19896 20807 22228 24008 24946 24870 24550 24293 24708 25282 24876 24273 23696 23138 22660 21771 21268 20326 20010 19699 19356 19279 19240 19065 19148 19406 19458 20047 20586 21160 21865
21829 22631 22633 22347 22086 21801 21896 22407 23190 23607 23418 22855 23060 23107 23606 23580 23413 22306 22143 22440 22738 23538 24402 24675 24245 24013 24050 24025 23338 23459 23931 23848 23759 23857 23847 23851 24102 24204 23376 22390 21474 20530 19472 20069 20122 20377 21348 22416 23928 25016 24919 25000 25557 25923 26129 25854 24987 24640 24239 23341 22637 22342 21611 21275 20803 20373 20279 20227 20024 20202 20426 20770 21491 21986 22371 23368
22501 23302 23276 22771 21990 21534 21477 22413 23599 23714 23440 22503 22764 22988 23171 22721 23047 22845 22765 22629 23251 24145 24769 24833 24304 22752 24116 24396 24274 23489 24153 24516 24179 23882 23757 24023 24339 24367 24201 23082 22039 21313 20854 20540 20762 21403 22234 24114 25066 25242 25966 26171 26188 26427 26425 24929 23531 24772 24903 23968 23372 23211 23103 22662 22302 21607 21572 21555 21408 21398 21835 22566 23092 23992 24492 24789
23794 23819 23681 23273 22421 21578 21306 22382 23515 23593 23094 22470 22531 22749 22979 23379 23527 23569 23600 23041 24046 25430 26026 25830 24231 22640 22999 23779 24073 23500 24294 24593 24299 24056 24045 24357 24486 24504 24364 23413 21760 22199 22136 22305 22437 23348 24143 24819 25170 25243 26090 26131 26342 26635 25931 22863 22279 25431 26144 25430 24637 23704 23634 23833 23241 23072 23160 22392 22574 22745 22842 23215 24173 25114 25904 26124
24074 24038 23667 23178 22394 21535 21381 22066 22916 22981 22752 22701 22762 23335 23421 23396 23531 23684 23554 23716 24419 25595 26112 25872 24440 23905 23110 23037 24014 23644 23628 24091 24199 24320 24414 24679 24871 24717 24612 24457 23467 23621 23546 23623 23696 24505 25136 25157 25152 24750 25053 25782 25945 26461 26098 23990 24064 26510 26758 26216 24692 23041 23888 24706 24252 24486 24474 23572 23591 23832 23943 24061 25178 26104 26439 26985
24085 23924 23440 22634 21751 21438 21385 21723 22900 23158 23054 23239 22715 23156 23799 24050 23565 24216 24133 24046 24491 25586 25857 25522 24650 24459 24210 24153 24784 24311 24175 24404 24676 24669 24703 24797 24744 24852 24613 24703 25150 25316 25141 25070 25286 25490 25500 24805 24359 24049 24381 25036 25044 25818 26148 26235 26554 26840 26786 26558 26086 24523 25597 26179 25167 25121 25165 24787 24796 24314 24783 25180 25484 25993 26156 26954
23834 23816 23784 22659 21386 21342 21348 21782 22918 23604 23759 23910 23118 23860 24745 25039 25327 25074 24981 24709 24708 25256 25325 24937 24694 24256 23946 24471 25084 24884 24883 25095 25281 25141 25318 24686 24335 24764 24799 24667 24966 25291 25316 25504 25401 25054 24606 23963 23833 24041 24484 24666 24355 24976 25405 25924 26146 25990 25843 26383 26505 26542 26598 26580 26224 25290 25194 25111 25077 25070 25228 25281 25175 25253 25602 26749
