Alternative/Moon/Lvl0_30x30/Ele_DB.asc
ncols         335
nrows         335
xllcorner     -16692508.343
yllcorner     -3377166.958
cellsize      10000
nodata_value  -9999.0
[rows 170 to 203 of 335, columns 0 to 76 of 335]
25742 27042 28938 29261 28323 28061 29017 29547 30127 30467 30601 30865 31376 32112 33168 33355 32818 31955 31144 30674 30702 30571 29932 28994 28973 28896 28659 27408 27327 27368 27592 27851 27779 27404 27967 28233 28103 28036 28093 28091 28384 28912 28935 29256 28934 27203 25918 27065 28968 29341 29366 28965 28830 28792 28830 28595 28343 28145 27598 27762 27887 27873 28104 28072 27817 28392 28836 28744 28408 28241 28521 28663 28960 29227 29400 29984 30123
26742 27804 28385 27716 25630 25497 27436 29646 29905 30175 30421 30648 31028 32091 33040 33191 32753 31752 30980 30745 30745 30474 29195 28523 28704 28708 28160 27288 26905 26702 27315 27878 27037 25992 26936 28213 28157 28119 28192 28150 28288 28566 28732 28935 28397 26932 25870 26411 27681 28872 29290 28858 27372 27248 27783 28084 28170 28103 27679 27394 27392 27490 27802 28037 28293 28281 28103 27790 27330 27169 27175 27243 27798 28783 29183 29386 29531
26834 27955 28591 28575 27019 27230 29117 29858 29866 29964 30146 30364 30819 32019 32599 32712 32315 31564 31204 31119 30953 30061 28571 28281 28413 28516 28187 27469 26937 26668 27066 27867 27837 27100 27660 28119 28053 28045 28194 28143 28158 28172 28294 28446 27319 26356 25970 26327 27436 27846 27867 27202 26069 25238 25417 25968 26485 27141 27547 27787 27368 27532 27712 27745 28309 28299 27654 26979 26708 26686 26936 27418 27586 28121 28759 28980 29270
27219 26579 28054 29314 29303 29242 29651 29746 30185 30327 30343 30539 30912 31534 32099 32058 31873 31510 31286 31267 30806 30290 29283 29067 29874 29881 29107 28168 27171 26884 26874 27579 27908 27904 27730 27464 27163 27358 28021 28112 27986 27987 28176 27884 26795 26125 26001 26456 27249 27101 25638 25271 24554 24095 23848 24420 25310 25597 27104 27893 27558 27593 27914 27902 28287 28181 26517 26736 26410 26572 27298 27275 26453 27644 29036 29227 29157
27732 27144 28396 29280 29323 29228 28775 29404 30239 30633 31028 31092 31168 31326 31789 31823 31378 31119 31183 31157 30391 30627 30700 30578 30636 30334 29535 28313 27559 26911 27060 27085 27420 27606 26957 27170 26973 27134 27663 27358 27469 27719 27911 27885 26809 26083 26013 26480 27059 26738 25640 24489 23596 23520 23448 23646 24709 25487 27152 28178 28128 27890 27766 28005 28572 28500 27132 26847 26400 26647 27510 26385 23857 26130 28769 29239 29261
28106 28542 28741 29199 29126 29107 28977 29474 30363 30955 31436 31524 31582 31760 31922 31703 31309 30922 31042 31235 31206 30968 30892 30723 30772 30356 29670 28410 27403 27236 27190 27304 27435 27382 27239 27436 27530 27263 26995 26663 26597 27038 27962 27987 27259 26542 26001 26815 26987 26347 25305 23987 23350 23344 23238 23339 24312 25730 27214 28234 28265 28007 27566 27684 28649 28686 28330 27475 26913 27194 28321 28109 26428 27038 28761 29008 29254
28138 28620 28923 29020 29171 29197 29210 29119 30034 30877 31481 31698 32101 32119 32196 31811 31053 30513 30411 30863 31284 30945 30632 30322 30034 29430 28959 28307 27930 27637 26483 27495 27264 27117 27098 27439 27845 27501 26726 26368 26510 26981 28025 27795 27553 27224 26708 27111 27980 27935 26066 24333 23289 23290 23280 23554 24884 26405 27324 28257 28247 27678 27636 27782 28523 28573 28544 28112 27989 28279 28734 29051 29032 29145 29198 29010 29161
28143 28632 28940 29388 29390 29432 29446 29328 29619 30316 31383 31509 31963 31998 32077 32036 31579 30985 30597 30501 31066 30869 30007 29318 28679 28238 27681 28098 28269 28382 27966 27624 27273 26874 27435 27502 27794 27837 27523 26997 26685 27124 27646 27228 27445 27299 26965 26875 28175 28255 27093 25224 24276 23945 23643 24287 25861 27206 27941 28189 27943 27823 27853 27826 27898 28357 28586 28371 28643 28691 28845 28947 28910 28962 29040 28900 29002
28698 28457 29506 29705 29650 29514 29538 29348 29656 30117 31105 31253 31054 31127 32064 32042 31868 31243 31021 30840 30727 30483 29341 28659 27914 27317 26989 27494 28058 28321 28203 28085 27435 26705 27335 27348 28191 28724 28639 28257 27732 27362 27318 27468 27450 27139 27088 27102 27896 28198 27837 26451 25761 25251 25208 25926 27410 28205 28107 28131 27978 28203 28370 28265 28007 28109 28544 28411 28593 28647 28572 28609 28648 28668 28737 28802 29267
29812 29361 29751 29808 29736 29749 29434 29243 29828 30262 30722 30967 31107 31209 32027 32194 31048 29800 30762 30657 30002 29497 28392 27898 27451 26813 26774 27052 27495 27758 28210 28212 27302 26756 26706 26715 27920 28667 28901 28786 28570 28174 27584 27586 27527 27210 27036 27211 27467 27993 27982 28245 27855 27742 27885 28283 28242 28153 27990 27968 27907 28367 28402 28454 28698 28621 28881 28743 28766 28768 28761 28474 28811 28755 28629 29050 29154
30319 30268 29823 29404 29785 29700 29499 29720 29953 30498 30578 30610 31051 31267 30955 31180 30011 29965 30611 30567 29628 29048 28134 27844 27489 27210 26892 27174 27602 27663 27156 27194 26772 26685 26692 26512 27368 28275 28697 28713 28620 28607 28016 28025 28028 27994 28034 27648 27799 28214 28360 28457 28227 28289 28531 28689 28517 28227 28161 28006 27997 28563 28575 28668 29050 28976 28953 28872 29233 29090 29615 29191 29020 28819 28767 29126 29574
30507 30736 30368 29268 29128 29274 29652 30319 30517 30539 30601 30125 30515 30485 29326 28787 30465 31197 30992 30065 29331 28778 28094 28025 27942 27855 27664 27293 26964 26783 26442 26495 26593 26746 26703 27077 27558 27721 28282 28437 28566 29034 29006 28606 28508 28693 28481 26758 26346 28080 28190 27577 27043 27405 27568 28026 28714 28727 28512 28165 28105 28539 28575 28980 29358 28674 27288 28740 29886 29843 29699 29527 29176 29064 28787 29180 29758
30650 30813 30522 29335 28828 28818 29694 30371 30526 30319 29493 29121 29848 29275 27473 27430 30012 31009 30728 29778 29278 28579 28174 28236 28344 28420 28171 27960 27609 27409 26506 26659 26851 27228 27179 27437 27691 27689 27874 28144 28803 29249 29241 28928 28857 28908 28686 26067 25394 27593 28369 27481 26727 26873 27267 28302 29211 29274 28843 28482 28571 28505 28663 29145 29960 29851 29098 29916 30156 30034 29967 29590 29713 29621 29375 29306 29720
30956 31017 30766 29211 28839 29145 29751 30008 29659 28610 28080 28243 29086 28273 27309 28759 29985 30483 30253 29534 28998 28404 28294 28156 27660 28803 28525 28607 28285 27634 26985 26748 24972 26624 27023 26506 26506 26540 26468 27325 28430 29235 29392 29455 29449 29482 29407 28448 28129 28725 28481 27475 27060 27317 28182 28880 29505 29417 28227 28662 29145 28998 28746 29427 30230 30930 31114 30874 30055 29891 29835 29801 29709 29799 29688 29832 30090
31324 31203 31224 30650 29745 29293 29273 29597 28876 28109 27866 27996 28752 28695 28799 29297 29792 29881 29319 29006 28531 28207 28707 28623 28512 29321 29183 29163 28619 28046 27133 26915 25597 25729 25993 24699 24111 24455 24803 26247 27022 27497 28393 29292 29935 29909 29476 29039 28942 28883 28358 27602 27667 28078 28844 28604 29510 29732 29742 28612 29118 28961 28880 30040 30906 31279 31378 30984 30554 30390 29893 30176 30139 30320 29982 30221 30840
31702 30562 31014 31071 30145 29227 28762 28632 28440 27862 27470 27475 27961 28079 28924 29158 29078 28856 28680 28530 28516 28523 28932 29108 29216 29260 29714 29715 28873 27323 26682 26650 26259 25767 24867 23760 23221 23139 23797 24343 25062 26025 27170 28526 30057 30062 29222 28619 28370 28308 27552 27564 27757 28207 28539 29553 29719 30220 30105 28775 28554 28624 29008 30247 31301 31636 31602 31470 31093 30751 30520 30811 30566 30824 30778 30993 31156
31702 30674 30284 30440 29864 28959 28458 28113 27908 27522 27150 26971 27104 27383 27987 28053 27897 27957 28264 28317 28210 28578 28936 28824 28680 28584 29673 29713 29035 27075 26292 26272 25084 24188 23141 22753 22471 22280 22649 23470 24101 25238 26508 28395 29997 30124 29113 28567 28123 27907 27558 28069 28254 28826 30123 30144 29316 30213 30068 28752 28605 28929 28762 29194 30314 31598 31624 31426 31047 30858 30906 30899 31025 31208 31204 31372 31479
31526 31053 30270 29553 28978 28506 27613 27728 27276 26471 26538 26387 26099 26224 26523 26842 26817 27070 27680 27946 27976 28341 28691 28768 28444 28504 29103 29267 28538 27257 26026 25447 23911 22767 22177 22175 22121 21998 21992 22604 23501 23988 25241 27838 29742 29994 29254 28090 27594 27620 27724 28938 29734 29759 30291 30486 29967 30247 29816 28600 28369 28913 28775 27844 28117 30479 31511 30914 30499 30620 30512 30073 29999 30635 30462 30867 31531
31027 30712 29486 29236 28387 27781 26837 26750 26319 25927 25723 25453 25227 25479 25392 25753 25996 26740 27543 27623 27692 28101 28888 29024 28793 28706 28872 28307 26461 24998 23973 23337 22439 22131 22128 21249 22103 21964 21892 22097 22484 23318 24519 26975 28882 29731 29628 28448 27814 27698 27768 29056 29810 29425 30323 30334 30188 30210 29466 28582 28664 29556 29733 29232 29215 31025 31698 30655 29354 28764 28458 28020 28419 28880 28734 29982 30961
30530 30150 29269 28405 27753 26992 25733 25634 25659 25463 25087 25031 25127 25164 25200 24943 24960 25517 27066 27337 27140 27825 28952 28733 26941 26326 26851 26730 24904 23514 22567 22240 22067 22053 22064 22047 21966 21921 21923 21921 22197 23490 25068 26153 27923 29708 29943 29337 28405 28161 28551 29653 29995 29559 30007 29921 29668 29686 29199 28585 28612 29616 30342 30354 31074 31744 31743 29857 28033 27364 26716 26898 27430 27572 27736 28523 29079
30159 29453 28803 27633 27290 26539 25590 25388 25378 25166 25054 25013 25004 25009 25009 24868 24842 24928 25924 26347 26380 27714 28477 27171 24887 24417 24642 25047 24344 23091 22527 22148 22047 22033 22082 22157 22002 21917 21929 21950 22179 23764 25253 26231 28019 29860 30068 29608 29084 29017 29516 29862 30363 30355 30138 29788 29913 30270 30080 29271 29283 29503 30141 30303 30870 31311 30753 28730 26847 26164 25947 25788 25945 26128 26366 26980 27649
29827 29104 28222 27427 26807 26125 25641 25416 25269 25085 25001 24983 24954 25102 25059 24829 24801 24834 25330 25796 26206 27512 28062 26935 24777 24413 24338 24436 24055 23092 22958 22360 22247 22191 22879 23050 22112 21906 21912 21954 22500 23702 25232 26242 28110 29853 29925 29805 29563 29321 29720 30026 30075 30512 30571 30163 30577 30813 30652 30626 30238 29662 29380 29650 29840 29830 28811 27161 25798 25217 24833 24755 25065 25202 25238 25909 26883
29424 28992 28642 27914 27241 26641 26207 25752 25248 25103 24966 24942 24913 24936 24885 24844 24822 24853 25707 26461 26793 27489 28418 28563 27451 26852 26103 25465 24018 23080 22852 22410 22290 23118 23448 23263 22050 21860 21915 22166 22745 23788 25377 27159 29206 29962 29878 29812 29500 29433 29721 30102 30210 30536 30703 30966 31074 31161 31433 31346 30392 29474 29575 29767 29297 28226 27165 26409 25247 24875 24457 24507 24796 24976 24927 25104 25940
29771 29731 29417 28644 27849 27115 26630 26159 25614 25174 25259 25196 24885 24872 24872 24841 25289 25394 25678 26464 26852 27653 28381 29489 29904 29662 27860 25552 23890 22856 22443 22189 22226 23218 23349 23099 22032 21931 21982 22200 23077 24193 26156 28554 30111 30162 29916 29640 29346 29473 29786 30032 30144 30298 30806 31329 31505 31512 31708 31544 30460 29604 29710 29598 27737 26840 25769 25340 25129 24630 24489 24646 24988 24997 24774 24516 24979
30598 30347 29689 28966 28187 27560 26902 26329 25711 25173 25271 25164 24869 24861 24851 25103 25429 25783 24946 25840 26781 27775 28596 29550 29975 29886 28109 25362 23433 22565 22223 22230 22216 23005 23194 22701 21931 22044 22165 22699 23609 24767 26932 29130 30090 30096 29732 29498 29337 29471 29845 30102 30280 30461 30964 31551 31842 31698 31642 31261 30174 29428 29125 29111 27217 26946 26033 25299 25032 24938 25016 25578 25678 25104 24632 24464 24571
30958 30739 30288 29663 29261 28896 27806 27001 26270 25586 25017 25187 25178 24881 25032 25445 25423 25764 25194 24907 25743 27358 28462 29918 29582 29599 28594 25607 23395 22530 22212 22228 22206 22193 22208 22133 22190 22426 23047 23816 25022 25934 27778 29141 29302 29258 29503 29534 29461 29510 30229 30369 30709 30832 31054 31588 31904 31697 30923 30424 29556 29106 29431 28975 27649 26985 26482 25566 25605 25194 25308 25826 25865 24887 24455 24480 24534
31278 31202 30537 30167 29820 29560 29122 28594 27919 27119 26066 25600 25387 25342 25666 25933 25891 25610 24634 24276 24679 26008 27925 29855 30186 30092 29269 26609 24409 23195 22461 22305 22523 22596 22258 22185 22543 23196 24293 25163 25916 27034 28082 28329 28717 28868 28924 29474 29493 29886 29463 29025 30457 30807 31035 31334 31626 31383 30351 29461 28823 28765 29254 29565 29179 28403 27248 26244 25784 24955 25271 25357 25478 24825 24813 24452 24648
31324 31310 30606 30083 29696 29547 29154 29022 28927 28102 26701 26078 25506 25342 25873 26019 26145 25903 24531 24228 24724 25733 27703 29356 29621 29540 29176 27971 26202 25168 24060 23630 23401 23511 23132 23078 23653 24594 25581 26390 27402 27639 27710 27682 28184 28567 28852 29210 29480 29927 30343 29944 30588 30964 30943 31089 31165 30742 29902 29436 28847 28919 29902 30814 30916 30028 28161 26952 25821 24018 25404 25407 25513 25519 25132 24668 25084
31038 30147 28910 28043 27729 27770 27880 28684 28948 28480 26982 26021 25600 25517 25770 25779 26136 26053 25079 24592 24796 25740 27783 28702 28990 28979 29086 29054 28190 27410 26243 25312 24699 24399 23800 24001 25089 25777 26609 27330 27541 27672 27168 27346 27881 28227 28604 28984 29478 30014 30405 30516 30624 30922 30969 30877 30756 30295 30105 29639 29024 29360 30194 31561 31859 31192 29096 27615 26838 25384 24744 24965 25649 25763 25463 24805 25481
30659 28487 27061 25950 25271 25493 25820 27405 28821 28643 27257 25941 25480 25665 25661 25606 25842 26238 25901 25880 25908 25619 27271 27717 28223 28790 29352 29315 28705 28478 27574 26320 25658 25793 25512 25892 26596 26774 27369 27566 26690 26627 27507 27558 27684 28181 28601 29048 29604 30036 30587 30480 30224 30563 30741 30500 30413 30075 29847 29480 29382 29810 30963 31901 32299 32041 30543 29152 28227 26977 25167 23228 23446 24068 25054 25123 25976
29549 27326 25582 25049 24919 24906 24945 26167 28413 28719 27771 26446 25538 25594 25745 25216 25409 25721 25662 25895 26076 26402 26799 27138 27315 27783 27974 28238 28495 28294 27570 27143 26193 27282 27100 26931 26712 26682 27073 27310 25923 25916 27401 27470 27783 28385 29166 29273 28965 29168 30180 30469 30617 30637 30362 30195 29699 29464 29325 29462 29796 30503 31282 31901 32194 32006 31292 30344 29355 28737 27075 25301 23854 24131 25750 25953 26572
28848 26736 25141 24964 24900 24865 24867 25277 27780 28952 28578 27428 26170 25623 25146 24691 24588 24996 25542 25570 25560 25755 26420 26666 26060 25798 25941 27066 28050 27980 27131 26897 26833 27091 26908 26459 26301 26416 26602 26452 26323 26237 26927 26985 27782 28632 29112 28257 26696 26536 27430 28507 30337 30672 30354 29466 29231 29416 29547 30300 30281 30618 31022 30519 30201 30827 31303 31168 30058 29194 28536 27639 26738 26732 26793 26634 27295
28046 26264 25082 25035 24932 24855 24864 25420 27316 28943 28988 27761 26845 25767 24743 24243 24169 24550 24834 24936 25001 25288 26006 26221 25818 25756 26645 27603 27845 27485 26640 26085 26031 26098 25897 25457 25776 26348 26262 26260 25625 25419 26593 26858 27898 28608 28240 26467 25686 25964 26412 26812 28807 30463 30506 29571 29092 29152 29502 30249 30291 30588 30655 29081 28228 29427 31128 31309 30587 29593 28810 28525 28327 28232 27799 27426 27436
28268 26403 25317 25240 24937 24924 24827 26096 27893 28676 28834 27855 26906 25673 24650 23987 23977 24390 24405 24285 24532 25144 25960 26502 26929 27277 27907 27903 27563 27227 26126 25780 25260 24961 24340 24289 25224 25758 25867 25507 24368 24804 26513 26831 27898 28053 26333 24773 24036 24379 25407 26388 27581 29486 30388 29500 29029 29252 29424 29347 29908 30651 30614 28830 27996 28971 30839 31349 31058 30424 29696 29443 28931 28553 28385 27865 27450
