Alternative/Moon/Lvl0_30x30/Ele_CC.asc
ncols         335
nrows         335
xllcorner     -13342508.343
yllcorner     -27166.958
cellsize      10000
nodata_value  -9999.0
[rows 272 to 305 of 335, columns 231 to 307 of 335]
23976 23996 22844 22641 22145 21221 20858 20771 20274 20084 19834 18971 18107 18238 18837 19124 19698 19750 19485 18902 18780 18956 18864 18771 18391 19021 19867 20358 20634 22252 24085 26143 26459 26708 27222 27049 26556 26186 26906 26922 25551 24990 23131 23876 23292 23162 23405 23395 23419 23708 24061 23980 23008 21797 21995 22175 22498 22517 24676 26439 27009 27072 26714 26191 25636 25651 25290 25178 24908 24965 24970 24755 24213 24072 24870 25117 24975
24576 24082 23113 23078 22701 21511 21111 20357 20095 19842 20059 19038 18091 18257 18825 19270 19725 19817 19524 18862 18683 19008 18777 18480 18393 19376 19957 20618 21335 22694 24752 26181 27078 27283 27277 26952 26435 25598 26286 26529 25096 23755 22813 22881 22914 23259 23428 23753 23856 23939 24005 24041 23716 23280 23583 23731 23738 23180 24755 26252 26885 26968 26734 26509 26201 26133 25704 25432 25189 25314 25420 25336 25679 25353 26351 26410 26278
25184 24120 23234 23090 22677 21401 20664 20282 19806 19794 19511 18930 18113 18435 19178 19175 19747 19827 19519 19067 18471 18885 18644 18333 18909 20096 21001 21021 21421 23037 24783 25809 26784 27031 26744 26397 25763 25265 25111 25737 25269 23471 22861 22263 22974 23247 23424 23794 23943 24082 24017 23996 23982 23817 23760 24141 24056 24124 25059 25588 26430 26761 26758 26641 26219 26058 25714 25564 25470 25649 25755 26307 27088 27099 26878 26739 26337
25418 24319 23366 23257 22489 21703 21489 20893 19745 19781 19556 18524 17915 18415 19315 19735 19782 19777 19361 19073 18861 18670 18459 18497 19408 20240 21831 22048 21297 22901 24695 25423 25548 25745 26435 25975 25462 24711 23501 24615 24558 22721 22176 21560 22319 22920 23086 23627 23865 24017 23731 23979 23879 23767 23949 24730 24917 25091 25104 25367 26087 26519 26656 26572 26212 25742 25402 25439 26014 26715 26707 26966 27167 27182 26815 26480 25944
25645 24349 23322 23207 22636 22199 21897 21274 20122 19590 19113 18547 17831 17847 19323 19932 19829 19588 19174 18840 18821 18704 18137 18930 20168 21113 22761 23188 22497 22778 24102 24525 25077 25487 25856 25606 25274 24466 22810 23625 23669 22219 21502 20946 20795 22373 22731 23181 23456 23633 23448 23985 23987 24114 24032 24867 25122 25385 25287 25404 25691 26158 26404 26474 26047 25671 25398 25414 26164 26831 26704 26949 26950 26778 26355 25833 25923
25241 24140 22932 22871 22728 22283 22205 21632 20582 19735 19443 19189 18273 17840 19314 20091 20327 19662 19100 18921 18677 18585 18637 19913 21241 22290 23482 24050 23389 22888 23994 24438 25018 25375 25270 25236 24981 24221 23575 22059 22078 21330 21134 20818 20650 21393 22214 22401 22955 23073 22838 23759 24000 24425 25085 26137 25891 25343 25162 25074 25059 25767 26061 26227 25910 25703 25310 25703 25988 26384 26358 26358 26358 25770 25323 25396 25610
24707 23854 22973 22891 22740 22463 22212 22027 21189 20413 19715 19715 18696 17748 18863 20091 20433 19801 19068 18878 18590 18530 19153 20724 22215 23633 24187 24470 23979 22837 23834 23904 24641 24816 24626 24233 24412 24231 23570 22047 21606 20995 21046 20920 20588 20720 21596 21933 22023 22488 22345 23384 23871 24262 25360 26485 26119 25373 25266 24846 24820 25337 25560 25773 25765 25669 25693 25701 26016 26367 26429 26221 26087 25503 24759 24395 24884
24574 24081 23189 23174 22812 22327 22259 22142 21807 21463 20782 20186 18732 17773 18585 19153 19873 19819 18870 18542 18785 19500 19938 21351 23070 24563 24904 24861 24699 23771 23088 23131 23542 23753 23887 24035 23859 23839 23015 22084 21342 20409 20612 20668 20561 20382 20609 21186 21305 21384 21935 22347 23000 23158 25182 26030 25690 25343 25084 24557 24657 24920 24943 25268 25604 25489 25634 25972 25913 25965 25851 25750 25812 25025 24166 23962 24171
24240 23810 23410 23177 22685 22123 22320 22261 22119 22009 21876 20881 19412 17977 18539 19279 19504 19477 19363 19069 19820 20295 20497 22069 23654 24533 24920 25102 25016 24144 23599 22643 23009 23358 24071 24108 23808 23408 22087 21354 20332 20069 20209 20587 20574 20219 20194 20240 20480 20745 21434 22289 22960 23025 24024 24883 25274 25017 24739 24537 24532 24777 24515 24642 24966 25339 25703 25838 25624 25639 25660 25472 24805 23835 23517 23857 24312
24426 24059 23417 23226 22871 22834 22629 22489 22443 22460 22159 21497 20385 18793 19494 20356 20861 20536 20387 20232 20649 21292 21485 23008 24295 24403 24680 25111 24967 24056 23573 22429 22849 23055 23594 23546 23362 22835 21934 20923 20005 20027 20143 20395 20410 20206 20221 20149 20221 20257 21025 22148 22413 23330 23274 24036 24847 24974 24404 24237 24411 24617 24561 24571 24776 25195 25317 25087 24934 25105 24849 24983 24503 23933 23340 23684 24003
24650 24101 23930 23819 23869 23885 23265 22716 22742 22820 22567 22217 21035 19994 20502 21043 21712 21202 20915 20854 21095 21689 22203 23554 24257 24394 24054 24676 24728 23932 23171 22092 22772 22949 23139 22943 22447 22137 21726 20680 19831 20017 20105 20224 20428 20481 20367 20225 20182 20198 21017 22246 22427 23437 23987 24770 24996 24420 24103 24214 24510 24642 24493 24533 24659 24878 24502 24494 24394 24496 24190 25039 24733 23722 23677 23196 23455
24950 24380 24346 24640 24948 24889 24566 24293 23906 23646 23815 23147 21897 21236 21149 21314 21978 21779 21602 21832 21965 22707 23084 24436 25260 25019 23844 23965 24083 23266 22692 22463 22394 22603 22464 22420 22003 21947 21939 21246 19992 20477 20133 20475 20436 20690 20441 20436 20304 20076 21015 22315 22731 23796 24706 25438 25524 24129 24278 24584 24606 24716 24426 24157 24206 23960 23903 24249 24157 23443 23252 24318 24291 23648 23595 23204 23136
24888 24675 24484 24955 25161 25611 25385 25126 24901 25058 25137 25028 23743 22916 22009 22065 22729 22621 23156 23622 23995 24343 24350 25405 25737 25461 24031 23662 23475 22920 22949 22866 22321 22079 21995 21680 21519 22002 21930 21268 19976 20492 20509 20465 20667 21109 21112 20768 20519 20293 20928 22370 22924 24145 25361 25431 25526 24175 24619 24927 24951 24847 24438 23539 23624 23362 23363 23814 23801 23795 23412 23809 23670 23618 23231 23133 23163
25292 25284 24559 24677 24953 25719 25347 25109 25508 26150 25634 25154 24135 23618 22900 22803 24089 24418 24897 25474 26010 25921 25621 25787 26101 25986 24549 23499 23390 22970 22864 22816 22190 21496 21585 21483 21331 22164 22267 21237 19763 20428 20849 20315 21156 21289 21265 21189 20974 20211 20703 22284 23070 23990 25107 25222 25021 23988 24744 25040 25031 24814 24201 23105 23083 22847 22853 23556 24132 24261 23785 23998 23879 23159 22923 22884 23006
25460 25435 24724 24674 24865 25285 25270 25293 25502 26094 25417 24778 23917 23538 23102 23309 24081 24674 25302 25694 26459 26520 26051 26234 26154 26016 24656 23342 23183 23071 22783 22640 21620 21105 21330 21622 21534 22199 22283 21323 19862 20164 20796 20449 21147 20699 19652 20941 20956 20540 21171 22818 23423 24295 24979 25131 24776 24277 24884 25249 25229 24874 24266 23354 23161 22757 22663 23307 23973 24086 23778 24251 24230 23147 22639 22590 22494
25380 25328 24823 24540 24960 24932 25292 25248 24755 25105 24855 24609 23360 23100 23031 23977 23998 24446 25201 25524 26298 26720 26675 26651 26400 26078 25879 24396 23961 23413 22780 22451 20996 20873 21452 21653 21679 21667 21838 20833 20400 20454 20542 21038 21330 19913 18732 20775 21140 21587 21845 22435 23378 24511 25035 24878 24121 24773 25594 25826 25725 25246 24456 23796 23186 22790 22495 22998 23388 23717 23115 24013 24016 23001 22270 22302 22096
24993 25007 25026 24917 25151 24837 25067 24950 24449 25198 24860 24533 23263 22419 22457 24444 24572 24574 25385 26046 26446 26721 26991 26977 26556 26163 26072 25261 24596 23828 22959 22444 20893 20922 21672 21628 21694 21619 20718 20414 20738 21273 21062 21152 21272 21244 21224 21521 21331 22414 22778 22787 23397 24723 25550 25644 25642 25703 26191 26285 26076 25506 24881 23941 23552 22946 22950 23865 23923 23352 23188 23572 23414 22695 22235 22148 22184
25064 25025 25098 24769 24521 24198 24340 24646 24809 24733 24827 24311 24091 22990 22099 23808 24397 24828 24873 26084 26300 26317 26171 26489 25951 26047 25905 25537 24756 23847 22969 21645 20993 21280 21355 21472 21568 21337 20524 20515 21220 21866 21507 20840 20724 21288 21433 21531 21976 22323 22957 23063 23413 25091 25609 25757 25919 26337 26818 26396 26258 25497 25002 24348 23912 23433 23899 24862 24912 23723 23381 23347 23218 23002 22711 22313 22178
25304 25291 25080 24734 24073 24216 24629 24639 24833 24454 24171 23864 23896 23004 22131 22929 24386 24846 24518 25614 25633 25625 25741 25773 25234 25714 25722 25525 24745 23811 23149 21496 21018 21316 21441 21821 21863 21345 20693 20500 21423 21821 21350 20808 20608 20708 20976 21533 22001 22122 23112 23140 23368 25122 25560 25883 25957 26789 26975 26568 26231 25472 24981 24369 24161 23902 24051 24889 24905 24112 23394 23556 23093 23224 23032 22325 22258
25291 25392 25108 24983 24513 24264 24749 24777 24191 24055 23647 23505 22543 22320 21411 22585 24164 24499 24242 25098 25388 25069 25869 25701 25205 25421 25313 25444 24882 24311 23686 22282 21172 21001 21449 21888 21876 21525 20943 20430 21124 21374 20734 20981 21085 20626 20959 21104 21975 22490 23213 23061 23139 24814 25735 26692 26591 26845 27110 26528 26387 25553 24908 24445 24663 24759 24255 24525 24558 23890 23579 23479 23322 23520 23186 22654 21881
25729 25467 24790 24776 24502 24102 24257 24194 23590 23538 23511 23410 23009 22368 21637 22148 23086 23115 23735 24161 24725 25204 25538 25628 25474 25248 25425 25323 24976 24470 23871 22892 21618 20797 21257 21805 21858 21805 22235 20786 20294 20428 20540 21203 21287 20655 20764 20934 21530 22959 23653 24049 24107 24793 25246 26477 27052 27104 26748 26387 26430 25507 24955 24661 24913 24978 24375 25048 25042 23923 23747 23290 23323 23388 23023 22841 22366
25888 25816 25366 24733 24352 24377 24360 24098 24010 24071 23911 24073 23709 23184 22776 22236 22565 22350 23472 24028 24272 25485 25726 25625 25496 25197 25679 25524 24918 24634 24206 23183 22311 21230 20956 21955 21986 22760 22874 22027 20153 20567 20850 21419 21427 20711 20783 21034 21929 22870 23481 24612 25278 25570 25196 25993 26901 26999 26517 26048 25763 25499 25213 24473 25035 24893 24748 25172 25056 24200 23143 22403 22818 23100 22786 22425 22494
25999 26102 25852 25283 24619 25058 24767 24145 24548 24606 24265 24128 23788 23669 23391 22345 22262 22642 23970 24451 24328 25476 25860 25705 25390 24989 25897 25898 25502 25283 25242 24126 23140 22334 21073 22030 22374 23196 23305 22334 20354 21072 21331 21379 21349 20539 20832 21539 22104 22742 23993 25201 25836 26249 25826 24729 25872 26285 26325 25984 25935 25523 25223 24574 25196 25336 24951 25308 24985 24387 23304 22545 22511 22609 22531 22231 22542
26167 26016 25973 25600 25362 25800 25540 24288 24997 25104 24460 24068 24825 24877 23995 23039 22766 23153 24146 24605 24391 24953 25385 25208 24826 25508 25900 26194 26216 25988 26056 25288 24416 23106 21454 21970 22541 23182 23143 22284 21388 21960 22080 21357 21355 21759 21192 21939 22399 23775 25408 25722 26089 26424 26068 24167 24578 24814 25877 26059 26014 25526 25034 24519 24772 24773 24939 25288 24889 24505 23439 22676 22502 21887 21913 22286 22539
26228 26049 26003 25575 25683 25866 25538 25194 25316 25132 24500 23973 24875 24915 23944 23106 22607 23018 24102 24518 24395 24753 24504 24414 24981 25746 26006 26144 26298 26306 26507 26520 26060 24402 22940 22532 23035 23224 22399 21339 22185 22709 22243 21638 22121 22438 21899 22429 22875 23983 25621 25973 25993 26225 24983 24169 24652 24985 25611 25807 25820 25639 25188 24373 24131 24884 24752 25184 24664 24213 22999 22444 21937 21473 21644 21971 22667
26448 26496 25896 25718 25482 25987 25921 25863 25809 25146 24854 24779 24367 24355 24252 23684 22713 22676 23453 24344 24588 24407 24140 24190 25048 25723 25854 26139 26206 26251 26609 27002 26930 25308 23397 22878 23454 23625 22256 21396 22166 22921 22582 22719 22769 22869 22938 23337 23744 24887 25613 26153 26214 25695 25008 24893 24944 25026 25181 25533 25721 25612 25225 24868 24680 24840 24785 24931 24374 24226 22701 21805 21039 21474 21552 21637 22508
26336 26567 26207 25935 25943 25968 25992 25929 25839 25339 26043 25592 25313 25055 24236 23706 22759 23207 24098 24909 25072 24789 24576 24779 25381 25583 25781 26023 26209 26092 26657 27000 26914 25313 23610 22911 23415 23682 22875 22702 22151 22706 22891 23017 23162 23548 24009 24493 24596 24904 25419 26118 26167 25509 25436 24930 24897 24994 25092 25487 25611 25619 24914 25051 24812 24443 24214 24309 24430 24361 22684 21347 21333 21217 21253 21456 22035
25887 26196 26230 26404 26164 25851 25874 26405 26295 26575 26672 26533 26068 25848 24975 22804 22746 22972 24833 25802 26225 25982 25507 25447 25911 25849 25793 25947 26030 26133 26594 26520 26616 25003 23466 23195 23394 23743 23780 23812 22399 22368 22945 23338 23694 24033 24537 25315 25342 25148 25174 24725 25260 25971 26027 25504 24879 25120 25090 25532 25555 25363 25090 24913 24743 24502 24717 24406 24262 23903 22396 21445 21260 20959 20896 21494 22100
25451 25539 25819 26143 26131 25906 26349 26267 26298 26505 26534 26596 26162 25801 24977 22824 23034 23442 25244 26011 26262 26166 26282 26154 25753 25737 25944 26055 26293 26626 26876 26843 26155 25066 23713 23444 22177 23645 23584 23302 22404 21909 22685 23379 23553 24234 25072 25583 25637 25389 24675 24067 25292 26198 26341 26246 25354 25064 25084 25206 25197 25139 24975 24832 24687 24759 24852 24798 24600 23858 22497 21591 21476 21014 20929 21576 21903
24950 25012 25604 26706 26720 26701 27128 26922 25900 25548 25542 25447 25555 25104 24376 22929 23090 24119 24867 25604 25299 25587 25693 26080 26108 26097 26402 26633 26787 26955 27203 26960 26379 25307 24032 23777 23713 23311 23133 22896 22184 22077 22709 23472 24264 24237 25053 25413 25520 25020 25057 25605 25604 26234 26551 26464 25548 25193 25145 24728 25075 25124 24738 24881 24519 24767 25106 24919 24066 22698 21341 21328 21281 20975 20939 21695 21907
25511 25016 25540 26820 27059 27002 27205 27035 25573 24805 24306 24428 24454 24488 24438 23885 24079 24520 24881 25237 25465 25642 25620 26541 27075 26731 26689 26846 27025 27016 27191 27069 26112 24967 24404 24359 24166 23613 22973 22838 21522 22556 23193 23661 24157 24191 24890 25345 25381 25209 25711 25997 26465 27044 26751 26423 25496 25576 25261 24802 24686 24753 24210 24503 24428 24677 24935 24768 22838 21527 20975 21619 21169 21276 21393 22027 22431
25703 25412 25363 26125 26767 26677 27060 26914 25787 25110 24698 24417 24281 23952 24580 24743 25209 25332 25230 25206 25493 25496 25909 27233 27825 27521 26892 27111 27418 27429 27163 26426 25571 25395 24618 24368 24577 24507 23528 22437 22382 23202 24173 24201 24103 24246 24651 25027 25046 25717 25985 26372 26849 27122 26832 26588 26257 25855 25176 24422 24411 24147 23881 23985 23630 23782 24321 24128 22416 21112 21073 21856 21272 22664 23092 22790 22588
25897 25713 26082 26723 26636 26258 26188 26327 25988 25498 25006 24980 24527 24393 24365 24836 25423 25534 24942 24869 25036 25257 25905 27662 28025 27873 27660 27652 27327 27367 26909 25949 25057 25281 24310 24030 24665 24617 23848 22486 22821 23415 24502 24753 24243 24266 23804 24448 24933 25768 25924 26625 26709 26901 26759 27139 27071 25996 25146 24067 23997 23731 23522 23408 22979 23262 23952 23689 22436 20913 20846 21241 21583 23097 23772 23392 22721
26416 26652 26841 27172 26697 26476 26259 26305 26062 25507 25104 24913 25318 25429 25115 24470 24215 24071 23924 24190 23674 24494 25778 27484 28086 28130 27858 27804 27144 27090 26410 25120 24258 24360 24262 23801 24142 24238 23727 22442 22969 23544 24515 24769 24101 23483 23447 24347 24854 25998 25928 26041 26199 25947 25977 26670 26726 25535 24606 23890 23207 22921 22582 22949 22845 23104 23489 22940 22376 21485 21054 20903 22191 22734 23246 22946 22543
