Alternative/Moon/Lvl0_30x30/Ele_BI.asc
ncols         335
nrows         335
xllcorner     6757491.657
yllcorner     3322833.042
cellsize      10000
nodata_value  -9999.0
[rows 34 to 67 of 335, columns 231 to 307 of 335]
11254 11260 11253 11251 11238 11232 11230 11229 11243 11247 11233 11223 11211 11207 11205 11197 11186 11178 11172 11164 11162 11158 11158 11158 11152 11150 11146 11153 11155 11162 11167 11162 11172 11180 11180 11185 11165 11146 11127 11096 11086 11117 11106 11147 11096 11107 11163 11342 11348 11263 11254 11248 11207 11302 11363 11379 11342 11310 11474 11415 11433 11408 11468 11427 11370 11291 11264 11306 11346 11487 11766 12008 12353 12534 12635 12387 12282
11287 11282 11281 11271 11266 11261 11256 11247 11252 11247 11253 11249 11246 11234 11226 11218 11206 11201 11198 11194 11180 11169 11167 11157 11158 11164 11166 11164 11170 11176 11188 11201 11195 11201 11206 11206 11176 11168 11154 11128 11124 11103 11105 11087 11105 11111 11138 11205 11177 11168 11211 11208 11170 11203 11276 11316 11399 11386 11438 11434 11429 11361 11334 11357 11393 11423 11353 11299 11350 11561 11964 12259 12335 12349 12151 12008 11812
11300 11291 11284 11278 11270 11274 11270 11270 11256 11258 11259 11265 11257 11262 11248 11237 11232 11220 11218 11212 11205 11195 11190 11179 11171 11163 11171 11173 11181 11188 11195 11211 11211 11212 11212 11208 11205 11194 11167 11161 11150 11119 11128 11124 11128 11135 11209 11328 11232 11172 11162 11152 11164 11226 11273 11284 11326 11329 11315 11306 11313 11349 11340 11359 11395 11434 11333 11276 11432 11740 12011 12249 12280 12157 11940 12010 11995
11320 11315 11298 11285 11282 11284 11281 11274 11270 11274 11274 11274 11270 11260 11258 11249 11252 11248 11234 11232 11226 11210 11196 11187 11197 11199 11201 11194 11199 11211 11214 11217 11222 11223 11220 11222 11231 11217 11196 11181 11165 11144 11134 11132 11141 11154 11176 11201 11200 11227 11168 11161 11158 11179 11250 11324 11369 11393 11458 11406 11397 11438 11576 11627 11343 11288 11328 11466 11624 11791 11966 12004 12121 12112 12061 11975 12201
11326 11327 11310 11303 11295 11296 11285 11289 11293 11278 11279 11278 11272 11260 11255 11255 11254 11251 11240 11236 11232 11226 11226 11228 11229 11219 11220 11216 11221 11226 11229 11235 11236 11233 11225 11223 11232 11229 11213 11200 11180 11167 11148 11149 11151 11162 11164 11173 11173 11180 11172 11170 11206 11289 11289 11336 11371 11367 11412 11457 11430 11462 11552 11576 11436 11431 11516 11623 11832 11892 11747 11891 12010 12013 11995 12024 12210
11482 11481 11406 11330 11306 11299 11281 11292 11305 11305 11277 11272 11257 11247 11249 11254 11247 11274 11253 11251 11241 11244 11277 11262 11245 11246 11244 11235 11234 11240 11247 11252 11258 11255 11243 11231 11233 11234 11228 11222 11201 11180 11173 11163 11163 11162 11170 11174 11177 11176 11171 11168 11217 11317 11313 11295 11331 11320 11371 11447 11455 11443 11349 11382 11494 11627 11650 11726 11856 11866 11822 11797 11973 11977 11974 12069 12043
11224 11282 11354 11350 11321 11303 11298 11290 11298 11297 11287 11267 11261 11258 11271 11277 11262 11256 11259 11265 11260 11273 11276 11271 11261 11262 11259 11258 11264 11269 11273 11269 11269 11263 11259 11250 11244 11248 11259 11258 11225 11209 11197 11184 11186 11184 11180 11175 11179 11185 11172 11194 11299 11303 11327 11281 11331 11294 11316 11317 11340 11332 11329 11477 11689 11665 11658 11649 11629 11652 11699 11771 12026 12074 12059 11855 11890
11520 11501 11418 11348 11327 11315 11306 11291 11284 11276 11276 11268 11261 11262 11274 11277 11273 11271 11275 11287 11277 11279 11277 11267 11309 11283 11267 11269 11277 11287 11280 11285 11279 11268 11271 11268 11265 11276 11266 11252 11246 11230 11221 11210 11204 11185 11174 11193 11214 11175 11178 11190 11278 11271 11284 11260 11246 11318 11324 11277 11289 11298 11387 11594 11713 11662 11677 11719 11618 11641 11667 11767 12000 12015 11921 11852 11980
11368 11360 11347 11346 11328 11318 11310 11300 11288 11280 11275 11268 11279 11287 11289 11277 11271 11278 11285 11287 11281 11273 11269 11287 11319 11305 11266 11274 11291 11286 11287 11295 11294 11317 11304 11312 11310 11309 11454 11472 11258 11238 11232 11217 11208 11210 11208 11198 11197 11204 11205 11234 11334 11357 11364 11221 11326 11367 11348 11281 11232 11274 11295 11539 11635 11649 11651 11570 11744 11692 11691 11792 12045 12044 11960 12072 12317
11351 11345 11341 11337 11323 11317 11306 11297 11294 11287 11285 11280 11292 11292 11285 11286 11287 11285 11291 11296 11291 11281 11280 11283 11276 11278 11289 11315 11310 11311 11318 11322 11337 11354 11326 11364 11339 11327 11351 11431 11303 11255 11241 11236 11244 11247 11239 11225 11224 11227 11227 11238 11245 11245 11367 11377 11368 11418 11330 11270 11205 11198 11284 11526 11655 11641 11598 11590 11596 11566 11623 11693 11964 11975 11923 12028 12202
11350 11352 11347 11343 11325 11310 11311 11306 11300 11302 11295 11302 11306 11308 11309 11307 11315 11315 11307 11283 11286 11280 11282 11280 11281 11296 11300 11322 11346 11349 11344 11343 11342 11341 11435 11481 11421 11404 11401 11318 11298 11288 11273 11271 11272 11264 11252 11250 11258 11259 11240 11255 11258 11253 11259 11307 11354 11372 11254 11219 11312 11222 11444 11527 11633 11656 11632 11584 11571 11634 11640 11646 11851 11996 12035 11978 11916
11373 11353 11352 11343 11333 11333 11327 11329 11330 11315 11309 11320 11328 11328 11325 11322 11319 11316 11303 11288 11290 11283 11292 11287 11295 11310 11320 11339 11351 11355 11351 11350 11343 11369 11468 11475 11451 11477 11407 11390 11350 11322 11300 11296 11285 11276 11263 11254 11262 11263 11263 11271 11262 11255 11237 11289 11328 11336 11243 11222 11358 11281 11565 11700 11707 11683 11609 11574 11553 11602 11604 11749 11800 11843 11924 12018 12023
11422 11410 11388 11380 11337 11373 11346 11356 11347 11335 11331 11336 11353 11352 11351 11341 11330 11328 11319 11318 11309 11310 11316 11316 11315 11319 11330 11325 11324 11332 11336 11333 11328 11348 11393 11391 11433 11475 11472 11372 11394 11345 11320 11315 11307 11308 11304 11286 11284 11278 11288 11277 11262 11254 11356 11366 11489 11256 11232 11470 11476 11840 11991 11951 11734 11606 11562 11582 11646 11674 11655 11732 11773 11860 11953 11967 11929
11453 11433 11430 11421 11412 11438 11456 11365 11360 11339 11352 11358 11362 11350 11349 11349 11339 11342 11335 11334 11331 11351 11375 11392 11339 11324 11324 11307 11301 11301 11306 11304 11304 11307 11379 11420 11519 11506 11492 11468 11424 11352 11341 11333 11336 11335 11328 11326 11332 11320 11303 11458 11515 11480 11528 11469 11362 11520 11546 11467 11629 11822 11983 11987 11751 11706 11674 11742 11749 11731 11692 11733 11728 11940 12077 12016 12074
11498 11483 11514 11455 11435 11471 11463 11462 11369 11362 11362 11366 11363 11356 11374 11381 11370 11370 11350 11340 11338 11374 11402 11421 11373 11360 11343 11304 11324 11345 11392 11453 11481 11366 11445 11432 11412 11427 11436 11440 11367 11344 11377 11340 11348 11409 11499 11377 11371 11370 11351 11485 11657 11599 11479 11521 11553 11421 11487 11534 11572 11673 11882 11982 11874 11750 11700 11744 11813 11773 11696 11671 11731 11775 11844 12036 12081
11567 11534 11517 11507 11487 11460 11444 11410 11363 11365 11371 11409 11384 11389 11404 11400 11388 11371 11355 11345 11338 11341 11358 11373 11370 11363 11343 11372 11432 11410 11427 11476 11497 11380 11336 11383 11393 11452 11528 11360 11335 11347 11360 11383 11365 11486 11519 11455 11480 11491 11462 11487 11537 11513 11531 11570 11564 11522 11682 11777 11816 11723 11744 11784 11860 11851 11769 11830 11881 11715 11752 11730 11710 11810 11926 11964 12062
11607 11598 11601 11592 11543 11516 11478 11449 11394 11387 11405 11413 11452 11456 11419 11400 11393 11385 11382 11365 11361 11351 11361 11364 11378 11346 11320 11408 11425 11453 11440 11422 11344 11325 11348 11394 11493 11553 11539 11391 11379 11391 11432 11413 11383 11413 11480 11537 11592 11521 11458 11534 11566 11500 11517 11660 11561 11609 11840 11885 11898 11812 11787 11721 11750 11746 11765 11853 11845 11813 11727 11727 11770 11903 12004 12083 12078
11662 11637 11615 11629 11607 11609 11520 11474 11479 11451 11428 11432 11475 11496 11449 11407 11398 11393 11389 11389 11391 11388 11439 11454 11448 11387 11480 11519 11556 11511 11487 11414 11347 11387 11471 11494 11555 11603 11561 11475 11459 11453 11466 11560 11563 11526 11510 11522 11580 11495 11471 11657 11746 11642 11549 11524 11631 11798 11872 11761 11767 11700 11798 11817 11759 11719 11730 11770 11748 11751 11760 11872 11977 11993 12028 12009 12118
11708 11724 11724 11650 11641 11634 11582 11580 11531 11497 11449 11462 11462 11462 11457 11527 11554 11470 11433 11424 11413 11416 11424 11480 11477 11442 11495 11558 11653 11576 11465 11640 11742 11739 11821 11729 11822 11848 11667 11526 11635 11644 11638 11736 11781 11695 11633 11658 11716 11685 11701 11698 11685 11611 11656 11788 11807 11867 11896 11952 11861 11798 11762 11749 11730 11728 11789 11805 11827 11894 12029 12078 12132 12143 12160 12157 12158
11857 11840 11789 11747 11763 11667 11622 11578 11567 11542 11508 11493 11523 11551 11557 11543 11543 11511 11544 11512 11513 11526 11643 11736 11571 11497 11451 11562 11660 11603 11540 11816 11739 11557 11423 11507 11846 12053 11825 11643 11756 11769 11742 11759 11854 11802 11863 11850 11704 11687 11820 11808 11773 11852 12003 12054 12062 12009 11930 11937 11895 11821 11868 11915 11857 11814 11892 12101 12188 12212 12222 12215 12227 12247 12265 12283 12297
11902 11868 11905 11834 11741 11660 11657 11661 11615 11598 11615 11641 11593 11599 11626 11649 11719 11706 11646 11608 11628 11633 11621 11661 11642 11667 11689 11673 11623 11613 11541 11826 11829 11553 11556 11692 12017 12216 12064 11951 11892 11846 11872 12095 12029 12000 12081 12104 11885 11852 11742 11806 12136 12251 12126 12140 12174 11895 11986 11954 11913 11902 11885 11913 11991 12020 12123 12225 12284 12301 12288 12246 12512 12514 12336 12339 12357
12089 12011 11966 11930 11949 11963 11790 11754 11737 11672 11684 11690 11789 11868 11826 11851 11876 11741 11696 11714 11807 11734 11669 11687 11735 11822 11762 11764 11713 11681 11731 11767 11923 12025 12174 12104 12238 12238 12267 12522 12631 12552 12482 12495 12142 12037 12111 12186 12163 11947 11717 11908 12267 12390 12331 12099 12115 11996 11961 11983 11937 11892 11926 12013 12237 12328 12594 12648 12612 12424 12559 12655 12803 12823 12506 12338 12370
12165 12031 12033 12019 12048 11998 11903 11840 11837 11786 11791 11919 11897 11837 11841 11859 11881 11848 11814 11750 11911 11954 11896 11708 11683 11788 11812 11670 11760 11790 11871 12139 12160 12205 12303 12421 12483 12369 12279 12338 12358 12310 12293 12341 12320 12376 12380 12222 12252 12225 12043 12125 12180 12112 11978 11990 12024 12003 12007 12054 12063 12044 12135 12397 12582 12583 12650 12719 12621 12531 12547 12653 12619 12719 12453 12290 12333
12139 12149 11997 11989 12031 11974 11898 11926 11925 11922 11881 11931 11912 11833 11784 11813 11848 12002 11948 11787 11816 11979 11978 11856 11792 11848 11775 11758 11807 11909 12069 12128 12163 12375 12383 12419 12382 12275 11943 11951 12031 12157 12309 12372 12594 12627 12510 12372 12400 12372 12132 12219 12168 12047 11971 12016 12074 12049 12123 12105 12138 12227 12293 12549 12595 12575 12698 12658 12532 12322 12163 12453 12546 12477 12324 12332 12338
12129 12076 11877 11871 11920 11896 11907 11987 12007 11923 11924 11878 11836 11834 11766 11785 11882 11998 12009 11970 11989 11974 12028 11985 11959 12061 12098 12141 12102 12092 12136 12177 12252 12269 12369 12405 12304 12144 12111 12078 11998 11930 12063 12183 12293 12333 12411 12325 12142 12241 12218 12215 12162 12086 12008 12089 12083 12070 12109 12269 12381 12465 12529 12851 12822 12590 12638 12611 12436 12421 12267 12548 12800 12817 12745 12261 12399
11980 12021 12022 11910 11986 11935 11874 11864 11874 11917 11951 11850 11972 12052 12064 11962 11916 12003 11975 11956 12015 12056 12141 12194 12275 12340 12450 12470 12278 12324 12262 12237 12284 12251 12446 12301 12293 12186 12126 12122 12090 12084 11943 11996 12053 12038 12096 12151 12172 12303 12430 12616 12539 12189 12060 11993 12174 12222 12343 12464 12487 12538 12594 12822 12856 12619 12708 12704 12877 12833 12861 12800 12805 12749 12738 12880 13172
11933 11873 11946 11972 12063 12071 11917 11944 11919 11976 12100 12214 12106 12053 12031 12064 12113 12164 12083 11966 12042 12161 12197 12323 12437 12474 12512 12511 12418 12365 12280 12211 12138 12157 12214 12222 12101 11985 12101 12107 11885 12117 12187 12224 12258 12264 12316 12365 12275 12244 12258 12328 12256 12264 12222 12277 12458 12546 12651 12573 12554 12606 12583 12658 12681 12604 12607 13207 13600 13652 13535 13449 13342 13435 13892 14206 14193
12241 12030 11938 12045 12045 12023 12218 12361 11954 12144 12357 12293 12126 12148 12105 12133 12255 12214 12095 12087 12500 12554 12428 12528 12564 12505 12450 12404 12494 12591 12245 12136 12125 12070 12146 12097 12035 12070 12004 12025 12078 12188 12205 12120 12358 12424 12375 12329 12131 12171 12156 12045 12376 12353 12271 12554 12666 12647 12666 12631 12749 12743 12570 12486 12613 12735 12773 13364 13914 14065 13855 14056 14124 14549 15236 15478 15318
12421 12157 12254 12416 12176 11777 11971 12283 12289 12373 12361 12261 12088 12221 12157 12205 12237 12296 12267 12494 12430 12377 12230 12443 12683 12758 12520 12435 12326 12417 12327 12173 12135 12132 12199 12108 12083 12053 12065 12110 12168 12387 12402 12175 12432 12371 12322 12372 12377 12385 12420 12453 12481 12465 12517 12548 12683 12652 12657 12630 12648 12613 12520 12751 12798 12976 13545 14157 14268 14231 14123 14400 14462 15010 15992 16248 16026
12238 12528 12692 12583 11840 11580 11934 12451 12699 12611 12306 12195 12223 12358 12347 12358 12386 12347 12407 12583 12195 12155 12117 12049 12184 12784 12821 12456 12327 12316 12306 12100 12084 12068 12205 12151 12179 12112 12099 12183 12222 12406 12339 12130 12272 12458 12495 12509 12519 12475 12527 12564 12611 12592 12630 12648 12638 12621 12544 12543 12541 12504 12821 13095 13295 13721 14142 14605 14887 14728 14267 14453 14807 15197 16080 16354 16225
12392 12306 12522 12768 12887 12980 13052 12854 12817 12780 12561 12400 12300 12396 12372 12384 12361 12308 12270 12660 12819 12691 12314 12325 12446 12736 12710 12357 12367 12423 12309 12206 12122 12103 12121 12121 12141 12149 12166 12316 12354 12256 12334 12395 12461 12441 12499 12515 12562 12594 12632 12611 12597 12551 12532 12557 12580 12516 12577 12519 12455 12853 13327 13754 14327 14290 14241 14692 15015 15025 14802 15507 15800 15781 16605 16624 16041
12370 12286 12558 12919 13068 13159 13055 12791 12760 12748 12492 12406 12406 12421 12330 12313 12289 12379 12379 12611 12905 12963 12881 12778 12556 12397 12309 12185 12149 12163 12171 12169 12106 12095 12082 12096 12117 12135 12424 12580 12487 12497 12509 12595 12578 12564 12576 12516 12558 12577 12558 12540 12505 12453 12437 12435 12509 12494 12528 12584 12718 13026 13439 13977 14453 14451 14502 15001 15232 15186 15636 16032 16193 16296 16789 16913 16183
12389 12404 12523 12996 12971 13052 12830 12774 12808 12723 12558 12411 12460 12364 12338 12324 12320 12304 12365 12367 12372 12439 12472 12416 12314 12272 12227 12226 12208 12216 12265 12370 12336 12187 12174 12178 12301 12462 12620 12615 12542 12562 12613 12625 12582 12558 12721 12922 13013 13151 13188 13040 12981 13004 12815 12702 12459 12424 12457 12864 13211 13429 13855 14348 14592 14782 15176 15756 15895 15934 16321 16398 16382 16650 17009 17499 17344
12352 12407 12493 12728 12619 12546 12540 12547 12531 12524 12540 12378 12325 12298 12262 12254 12518 12520 12304 12287 12313 12352 12359 12466 12359 12298 12276 12255 12328 12442 12497 12528 12382 12312 12289 12341 12531 12667 12652 12569 12480 12544 12532 12475 12622 12919 13153 13259 13333 13580 13649 13543 13676 13760 13666 13395 13075 12853 13020 13263 13769 13727 14152 14469 14632 15743 16915 17663 17694 17360 17007 17078 17049 17308 17661 18044 18376
