Alternative/Moon/Lvl0_30x30/Ele_BA.asc
ncols         335
nrows         335
xllcorner     -20042508.343
yllcorner     3322833.042
cellsize      10000
nodata_value  -9999.0
[rows 272 to 305 of 335, columns 0 to 76 of 335]
-9999.0 25146 24678 24442 24188 24363 25110 25575 26243 26355 26193 26225 25985 25780 25824 25992 26198 26331 26427 26481 26383 25956 25179 24782 24633 24539 24528 24532 24471 24382 24338 24548 24663 24797 24943 25523 26217 27005 27570 27934 28099 27998 28037 28200 28095 27301 26563 26945 28000 28599 28733 28317 27144 25822 25292 24864 25744 26841 27350 27257 27025 26875 26441 26239 26531 26556 26807 26547 26200 26356 26667 26930 27021 26807 27119 27455 26114
-9999.0 25694 25074 24539 24267 24339 24882 25624 26031 25911 25877 25927 25891 25625 25770 25929 26438 26566 26426 26275 26183 25958 25458 24950 24791 24774 24772 24725 24430 24483 24450 24437 24515 24760 25418 26103 27230 27426 27220 27250 27432 27758 27730 27735 27643 27536 27443 27454 27950 28187 28091 26710 25321 24042 23476 22974 23828 25318 27012 27623 27463 27163 26843 26647 26749 26723 26629 26384 26146 26192 26515 26510 26365 26406 26819 27128 26018
-9999.0 26204 25755 25059 24992 24872 25310 25729 26105 26128 25824 25621 25523 25470 25578 25862 26390 26544 26391 26207 26181 26155 25549 25418 25677 26042 26013 25524 24971 24550 24610 24755 25161 25606 26344 27157 28017 28061 27773 27636 27546 27405 27397 27569 27410 27547 27599 27866 28051 28194 27645 25938 24249 23235 23048 22732 23362 24381 26373 27416 27368 26913 26816 26855 27053 26950 26745 26848 26825 27035 26707 26540 26132 25996 26244 26342 26421
-9999.0 26328 25743 25202 25295 25234 25505 25959 26387 26337 25834 25550 25506 25373 25479 25672 26248 26349 26259 26049 25974 25810 25913 26366 27161 27244 27040 26461 25949 25355 25346 25618 26108 26955 27656 28012 28119 28117 27981 27738 27660 27189 27308 27360 27506 27689 27669 28114 28164 28159 27476 25854 24446 23513 23002 23250 23950 24759 26445 27029 26998 26886 27005 27117 27230 27094 27159 27448 27706 27666 26923 26388 25908 25895 26109 26326 26551
-9999.0 25948 25354 25169 25282 25241 25505 26016 26526 26493 25813 25638 25430 25425 25599 25706 25930 26090 26039 25925 25890 25940 26335 26852 27399 27481 27416 27388 27256 27067 27117 27260 27516 27936 28175 28363 28202 27849 27772 27574 27323 26884 27425 27597 27720 27814 27838 28108 28157 28096 28066 27448 26239 25216 24740 24839 25460 26133 26888 27023 26613 26817 27177 27339 27274 27182 27330 27598 28120 27914 26159 25895 25846 25881 26018 26240 26476
-9999.0 25671 25118 25060 24970 25550 25941 26298 26499 26357 25906 25731 25619 25449 25769 25805 25985 26105 25935 25983 26269 26507 26727 27071 27224 27272 27299 27347 27481 27871 27974 27880 27645 27943 28061 28199 28158 27988 27760 27733 27371 27566 27687 27928 28255 28281 28293 28260 28284 28309 28562 27698 26204 27234 27231 27581 27934 27799 27188 26813 26044 27053 27733 27695 27331 27202 27266 27373 27887 28026 26987 26312 26089 25963 26083 26436 26731
-9999.0 25656 25512 25437 25482 26086 26403 26423 26458 26108 25880 25683 25491 25746 25719 25841 25783 25778 25894 26171 26283 26599 26721 26928 26983 26834 26952 27057 27350 27695 27861 27831 27386 27733 27733 28093 28049 27930 27915 27930 27886 27885 28228 28141 28195 28155 28312 28532 28675 28690 28622 27885 27511 28507 28413 28071 28124 27875 26497 25509 25767 27114 27624 27083 27192 27172 27229 27570 28271 28207 27148 27500 27339 27054 27122 27276 27403
-9999.0 25770 25821 25895 26014 26392 26598 26614 26439 26154 25921 25872 25653 25852 25901 25839 25672 25726 26129 26328 26517 26471 26617 26610 26696 26669 26906 26966 27251 27651 27722 27746 27401 27643 27462 26663 26254 25959 26353 27629 27953 28299 28255 27920 26516 25955 26776 28121 28772 28829 28544 28413 28300 28480 28331 27418 27657 26867 25321 24696 25157 26364 27112 27595 27380 27707 28071 28468 28444 28368 28118 27922 28383 28416 28238 28285 28058
-9999.0 25915 26005 26282 26529 26610 26740 26744 26432 26351 26292 26209 26086 25638 25904 25958 25824 25750 26062 26314 26620 26553 26200 26309 26441 26447 26809 27022 27083 27406 27763 27878 27510 26547 25264 24682 23877 23600 24809 26658 28139 28270 27798 26173 24189 23427 24352 26017 28048 28673 28221 28107 28018 27991 27799 27342 26592 25482 24737 24699 25342 26447 27544 27929 27819 28182 28614 28673 28524 28109 28265 28618 28701 28726 28147 28034 28047
-9999.0 26244 26339 26513 26951 26967 26959 26798 26587 26575 26436 26613 26700 26354 26163 26047 25782 25882 25956 25308 25726 26235 26295 26186 26279 26281 26698 26892 27028 27580 27969 28060 27963 28010 27799 27038 25729 25389 26034 27264 28117 27996 26416 24720 23460 23155 23336 24764 27072 28192 28056 27907 27863 27671 27053 26757 25977 25069 24885 25172 26274 27533 27854 27937 28091 28636 28679 28514 28218 28180 28271 28442 28132 27658 27129 26831 26259
-9999.0 26517 26606 26884 27382 27422 27399 27288 27223 27313 27151 26568 26581 26436 26094 25982 25556 25638 26103 26184 26298 26282 26415 26321 26078 25939 26291 26195 26108 26629 27281 27773 27843 28136 28373 28243 27706 27878 27840 26988 27897 27808 26861 25006 23922 23468 24243 25846 27678 28032 27612 27511 27567 27252 26850 26946 27066 26433 26062 26345 27239 27703 27784 27986 28316 28803 28889 28597 28256 28059 27659 27205 26288 25865 25408 24869 24910
-9999.0 26909 27247 27404 27471 27620 27854 27854 27665 27458 27132 26905 26991 26525 26167 25871 25820 26153 26464 26382 26330 26363 26548 26474 26050 25228 25249 25211 25261 25787 26409 27019 27518 27458 27753 27786 27622 27792 27814 27354 27538 27783 27770 26817 25865 25353 26170 27418 27797 27740 26707 26412 26517 27075 27210 27409 27631 27703 27495 27164 27377 27538 27593 27922 28292 28805 28887 28866 28215 27113 26390 25689 24993 24605 23938 23389 23469
-9999.0 27522 27653 27776 27797 27880 27983 27918 27732 27383 27329 26961 27000 26911 26724 26558 26580 26625 26505 26406 26228 26440 26591 26692 26419 25542 24860 25116 25275 25400 26210 26880 27625 27525 27229 26911 27236 27421 27276 27050 27453 27712 27857 27784 27783 27694 27682 27903 27743 26874 25972 25876 26189 27171 27437 27592 27613 27902 27685 27133 27269 27058 27109 27174 27698 28377 28917 28943 27456 26563 25852 24692 23701 23102 22905 22682 22607
-9999.0 27802 27741 27616 27604 27585 27168 27175 27072 27839 27961 27939 27676 27639 27308 27027 26806 26894 26842 26685 26439 26648 26736 26501 26593 26647 25242 24917 25126 25395 27167 27936 28224 28085 27881 27824 27530 27442 27335 27167 27205 27095 27366 27443 27598 27596 27568 27502 27199 27127 26969 26472 26251 26611 27606 27731 27598 27514 27035 26435 26724 26459 26436 26675 27301 28135 28725 28731 26818 26420 25586 24041 23141 22717 22700 22453 22398
-9999.0 27597 27189 27070 26679 26409 26454 26388 26281 26519 27511 28000 27892 28002 27858 27298 26905 26849 26876 26880 26698 26645 26699 26377 26911 27206 26202 25834 25973 26749 28113 28234 28334 27907 27506 27744 27663 27551 27399 27357 27250 26943 26877 27010 27440 27753 27526 27237 27063 27290 27392 27408 27241 27619 27717 27471 27281 26726 26175 25928 25983 26219 26179 26222 27002 28051 28382 28313 26285 25576 24800 23543 22729 22656 22643 22471 22773
-9999.0 26661 26146 25572 24879 24441 24839 24951 25096 25341 26477 27136 27950 28106 28173 27706 27159 27334 27197 26915 26952 26692 26389 26366 26870 27131 26743 26805 26371 27072 28189 28331 27389 25728 25130 25991 26884 26971 27004 27432 27498 27071 26956 27263 27862 27783 27212 26849 26979 27028 27308 27843 27840 27799 27832 27527 26840 25859 25399 25313 25820 25852 25830 26093 26954 27729 27920 27749 25729 24858 24326 23086 22730 22649 22615 22457 22829
-9999.0 24904 24105 24074 23653 23360 23734 23915 23921 24079 25244 26326 27377 28198 28645 28492 27626 27740 27881 27479 27543 27256 26231 25836 26234 26228 26425 26856 27206 27468 27954 27992 25705 23692 23286 23668 25255 26131 26194 27210 27410 27118 27274 27758 28303 28061 27509 27642 27387 27065 26991 27539 27612 27620 27427 27415 27003 26164 25535 25775 25745 25951 25281 25648 25975 27243 27511 27427 25548 24591 23791 23003 22822 22614 22745 22695 22635
-9999.0 23513 22937 22355 22143 21800 21835 22323 22798 23286 23832 24280 26130 27599 28666 28876 28696 28191 27999 27611 27607 27479 27346 26706 26147 26228 26454 27224 27369 27634 28108 28188 26403 24432 24717 25680 27022 27327 26748 27070 26959 27136 27422 27904 28525 28447 28308 27967 27402 27039 27100 27105 27097 27104 26868 27383 27338 26916 26259 26263 25960 26235 26414 26455 25787 26474 27546 27612 26480 25308 24684 23918 23353 22915 22734 22789 22901
-9999.0 22709 21730 20969 20837 20800 20782 21371 22120 22613 23157 23411 24922 25809 27495 28793 28923 28597 28537 28425 27065 26784 27386 27227 26627 26852 27524 27824 27742 27732 27898 27975 27298 27056 27644 28161 28293 27883 27309 27222 27265 27110 27182 27609 28347 28339 28120 27666 27006 26810 26664 27005 26954 26763 26933 27206 27274 26892 26423 26164 25947 25971 26128 26264 25548 25380 26796 27868 27808 26881 25973 25285 24334 23729 23633 23524 23582
-9999.0 22079 21068 20760 20748 20753 20772 20839 21380 21748 22486 22954 23682 24248 26189 28119 28804 28598 28523 28414 27599 27194 27961 27891 27753 27394 27350 27872 27770 27403 27049 26974 27358 27947 28471 28582 28326 27735 27344 27484 27570 27447 27146 27413 27961 28013 27636 27090 26937 26711 26745 27069 26935 26491 26630 26922 26934 26680 26921 26696 26115 25843 26512 26636 26506 26485 26121 27655 28476 28381 27410 26419 25858 25336 24822 24533 24514
-9999.0 21232 20801 20779 21013 21471 21849 21329 20965 20849 21537 22153 23138 23689 25187 27357 28483 28549 28542 28561 28281 27778 28040 27970 27973 27861 27063 26967 27398 27047 26520 26497 26592 27296 28024 28080 27721 27439 27412 27452 27640 27541 26938 26806 27234 27381 26994 26762 26936 26812 27009 27108 26885 26776 26800 27105 27729 27999 27816 27486 27120 26566 26032 26407 26513 27197 27818 28262 28768 29052 29023 28363 27567 26892 26346 26080 25796
-9999.0 20739 20756 20881 21258 22051 22175 21502 21123 20738 20973 21401 22977 23555 25531 27744 28997 28858 28906 28922 28085 28367 27896 27554 26649 26643 26685 26826 26925 27007 26955 26823 26966 26983 27294 27281 27188 27574 27498 27508 27422 27351 26515 26136 26202 26348 26533 26527 26772 27074 27203 27030 26974 27007 27036 27271 27803 28088 28167 27877 27984 27556 26829 26568 26823 27713 28247 28633 28766 29005 29200 29177 29040 28399 27964 27242 26718
-9999.0 20703 20733 20738 21000 22307 22264 21441 20854 20779 20838 21228 22712 24127 26435 28513 29385 29494 29549 29462 29080 28520 27603 26348 25255 25090 25565 25988 26193 26686 27229 27497 27621 27124 27412 27339 26980 27408 27472 27448 27122 26280 25734 25781 25825 25909 26033 26033 26744 27204 27415 27577 27412 27121 27112 27289 27643 27680 27846 28000 28226 28178 27607 27610 27109 27719 28203 28496 28488 28279 28837 29030 29030 29005 28930 28888 28645
-9999.0 20774 20711 20730 20735 21027 20670 20606 20705 20614 20906 21562 23023 24993 27541 29211 29569 29666 29803 29712 29150 28023 26545 25571 24947 24917 25163 25683 25968 25814 26690 27402 27582 27095 27149 27238 27024 27479 27503 27343 26430 25938 25724 25777 25794 25810 25773 26028 26737 27255 27522 27615 27438 27112 27127 27175 27301 27508 27613 27925 28178 28406 28180 27773 27427 26948 27314 27612 28087 28289 28470 28532 28475 28651 28722 28834 28778
-9999.0 21082 20751 20698 20620 20536 20532 20553 20601 20591 21249 22936 24161 25323 27849 29420 29670 29892 29874 29711 28859 27996 26561 25709 24926 24877 25026 25199 25006 25304 26676 27233 27425 27332 27193 26776 26788 27130 27580 27498 26393 26123 26335 26226 26057 25794 25725 26069 26642 27302 27573 27460 27423 27316 27065 27033 27189 27424 27522 27842 28013 28355 28330 27709 26977 27214 27017 27352 27880 28107 28119 28106 27952 27806 27964 28076 28322
-9999.0 21957 20863 20643 20545 20539 20542 20562 20573 21089 22049 23724 24445 25274 28026 29381 29658 29610 29555 29208 28431 27740 26589 25648 24802 24730 24915 25011 25043 25230 25872 26656 27349 27765 27583 27055 26979 27347 27633 27531 27061 26627 26375 26241 25974 26039 25699 26551 27628 27721 27583 27292 27383 27424 27293 27051 27067 27185 27440 28081 28181 28250 28279 28131 27495 27380 27742 27999 28022 27282 26986 26880 27651 27507 27460 27738 27731
-9999.0 22327 21367 20784 20581 20584 20566 20583 21065 21518 22714 23959 24375 25705 28064 29063 29337 29442 29423 29127 28230 27261 26342 25508 24743 24737 24821 24881 24795 24804 25299 26309 27634 27731 27504 27334 27375 27463 27370 27389 27512 27250 26384 25698 25435 25674 26210 27439 27994 27837 27267 27122 27157 27402 27193 27190 27070 27157 27562 27894 27758 27800 28066 28215 28522 28446 28301 27954 28207 28094 27860 26265 26980 27387 27407 27421 27427
-9999.0 23052 22165 21429 21180 21225 21158 21144 21136 21851 23060 23925 25226 26486 27403 27892 28705 29029 28878 28868 28515 27740 26578 25415 24957 24692 24663 24699 24723 24763 25048 26381 27665 27716 27432 27304 27347 27480 27463 27517 27397 26937 25654 24370 24591 25384 26723 27688 27712 27688 27532 27323 27176 27432 27305 27283 27115 27301 27746 27697 26900 26239 27033 27678 28572 28802 28819 28351 27685 27866 27798 27632 27564 27428 27389 27437 27357
-9999.0 23989 23454 22959 22832 22676 22418 22207 22203 22471 23530 24849 25933 26560 26559 26690 27101 28312 28913 29014 29023 28746 27708 26628 25423 25269 25209 24909 24800 25182 26320 27367 27798 27520 27239 27218 27217 27258 27341 27334 26334 25022 24448 24217 24351 24929 26156 27224 27776 27782 27641 27535 27402 27283 27140 27090 26986 27410 27811 27269 25718 25405 25524 26135 28273 29231 29281 28866 28199 27668 27051 27468 27591 27625 27497 27583 27488
-9999.0 24128 23778 23803 23895 23462 23855 24517 24711 24765 24694 24958 25479 25644 25494 25436 25810 27114 28846 29213 29245 29213 28930 27884 26449 26287 26270 25965 25993 26697 27208 27520 27675 27235 27123 27195 27134 27413 27420 27358 26519 25248 24184 23659 23909 24136 25063 26111 27072 27433 27416 27403 27300 27210 26918 26872 27094 27319 27404 26808 25613 25322 25475 26137 27930 29110 29149 28689 28285 27979 27271 26909 27509 28034 27983 27691 27671
-9999.0 23732 23677 23881 23797 23438 23602 24244 24598 24653 24664 24334 24228 24186 24218 24259 24894 25975 27615 28498 28948 29261 29389 28980 28356 28546 28507 28116 27803 27722 27811 27550 27349 27160 27101 27125 27086 27406 27440 27222 26513 25285 23975 23550 23593 23635 23759 24175 25239 26796 27276 27108 27115 27090 27210 27414 27596 27557 27625 27580 26534 26187 26287 27097 27814 28016 27977 27870 27957 27893 27004 26511 27198 28000 27993 27871 27850
-9999.0 22487 22932 23048 23232 23303 22866 22958 23160 23636 23802 23835 24291 24040 23407 23416 24446 24974 26446 27980 28799 29224 29513 29268 29443 29661 29386 28861 28632 28183 27785 27631 27368 27195 27070 27098 27281 27184 27049 26941 26768 25954 24440 23825 23575 23626 23673 23707 24551 26271 27235 27059 27041 27154 27280 27529 27607 27587 27628 27620 27271 27403 27392 27830 27748 27604 27979 28032 27934 27709 26540 26148 27371 28021 27989 27981 27996
-9999.0 22306 22196 22206 22297 22491 22660 22533 22447 22573 23036 23484 23491 22907 22427 22638 23524 24330 25578 26729 27444 28475 29244 29159 29581 29702 29160 28631 28475 28283 28057 28032 27185 26886 26961 26947 27035 26952 27111 27196 27112 27118 26293 25165 24524 23764 23689 23905 25054 26297 26864 26803 26963 27465 27416 27046 27054 27377 27269 27011 27108 27088 27328 27605 27502 27614 28127 28256 27903 27814 26796 26679 27482 27830 27751 27907 27897
-9999.0 22064 22120 22137 22164 22204 22261 22284 22400 22227 22082 22017 21941 21912 21719 21849 22139 23215 24919 26265 26477 27274 28593 29238 29455 29254 29076 28739 28016 27666 27478 27382 27242 27226 26978 26932 26781 26894 25319 27019 27230 27272 27174 27110 26460 25706 25256 25808 25885 26134 26337 26547 27011 27330 26631 25651 25412 25978 26173 26198 25886 25852 26238 26817 27188 27755 28057 28101 28249 28600 28606 28185 27557 27384 27593 27671 27345
