Alternative/Moon/Lvl0_30x30/Ele_DL.asc
ncols         335
nrows         335
xllcorner     16807491.657
yllcorner     -3377166.958
cellsize      10000
nodata_value  -9999.0
[rows 102 to 135 of 335, columns 228 to 303 of 335]
25768 26031 26818 27662 27457 26346 25128 24366 24265 24146 23834 24262 25634 26295 27498 27555 27595 27764 27782 27720 27360 26961 26693 26974 26846 26301 26686 26709 26608 25682 24578 25065 25431 24676 23709 23754 23155 23638 23867 23698 23037 22583 20822 20640 21510 22046 23949 24349 24462 24502 24712 24562 24181 24066 23105 22778 22762 22797 22853 22877 23235 22995 23421 23874 24121 24019 24429 24720 24854 24759 24628 24674 23998 23410 23001 22721
25581 26423 26842 26917 26272 24670 23485 23317 23994 24295 24184 24392 25299 26047 27401 27350 27056 27176 27865 27899 28032 27982 27406 27358 27578 27374 27206 26670 26283 25794 24776 25052 25125 24025 23353 22944 22087 22991 23823 23947 23552 23265 22594 22507 23406 24012 25008 25174 25050 24697 24518 24430 24770 24721 24297 23496 23088 23078 23087 22956 23405 23403 23475 23946 24169 23970 24438 24681 24911 24941 24820 24556 23560 23035 22845 22604
25249 26339 27050 27119 26380 24280 23369 23433 24699 24872 24753 24967 25253 25943 26699 26594 26283 26568 27374 27522 27926 27852 27861 27766 27513 27068 27162 26448 26063 25745 25443 24732 23690 23028 22255 22337 22095 22759 23514 23758 23744 23759 23820 24107 24962 24970 25451 25685 24739 23482 22479 23029 24523 24656 24387 23842 23592 23203 23174 22992 23347 23347 23526 23928 24206 24117 24504 24780 24868 24651 24241 23693 23350 22853 22775 22430
25144 25981 26504 27077 26988 25802 24734 25318 25703 25486 24925 24897 26059 26105 26493 26324 26067 26411 26800 27083 27570 27685 27708 27548 26545 26790 26694 26094 25657 25352 25168 23956 22599 21865 21464 21595 21886 22004 22450 23236 23975 24190 24422 24602 25105 25484 25959 25861 23733 21926 21224 21665 22977 24558 25122 24324 23920 23643 23448 23315 23482 23569 23562 23826 24078 24111 24394 24817 24866 24163 23239 22511 22426 22311 22402 22411
25298 25832 26102 26867 26952 26939 26342 26667 26491 25743 25728 26268 26404 26500 26353 26268 25968 25831 26251 26815 26950 27421 27399 26452 25226 25176 25623 25911 25648 25372 24740 22844 21615 21495 21060 21144 21379 21428 22071 23134 24231 24513 24789 25079 25065 25538 26232 26108 23903 21986 21166 21452 22917 24589 25280 24705 24153 24048 23724 23581 23898 23663 23845 23822 23974 24036 24362 24672 23722 23474 22486 22125 22231 22521 22530 22527
25048 25459 25573 26054 26506 26923 26767 26659 26594 26404 26253 26440 26372 26446 26417 26372 26206 25946 26337 26477 26969 27160 27070 25348 24556 24067 24793 25801 25811 25616 24540 23252 21890 21520 21289 21345 21254 21288 21999 23023 24023 24499 25055 25253 24488 24990 26394 26432 25008 23444 21916 22509 23133 24538 25430 24600 24374 24276 23927 23755 23983 23866 23604 23441 23638 23908 24081 24535 24233 23425 22665 22339 22443 22598 22359 22607
24748 24921 24950 25428 25571 25591 25808 26313 26186 26153 26542 26320 26158 26310 26425 26125 26357 26359 26577 26526 26507 26553 26543 25107 24163 24415 24922 25521 25521 25444 24856 23190 21915 21699 21410 21377 21273 21445 22238 23208 23671 24321 25330 25326 25102 25764 26531 26596 26393 25194 24112 24592 25287 25523 25468 24427 24433 24153 24078 23463 23657 23530 23483 23475 23658 23842 24203 23988 23465 22956 22505 22143 22088 22001 21730 22149
24410 24404 24539 24674 24820 24753 25062 25561 25903 25987 26618 26634 26841 26915 26650 26384 26465 26663 26315 26363 26070 25900 25419 25022 24567 25514 26320 26556 26203 25512 24875 23484 22554 22217 21818 21529 21265 21267 21975 22937 23303 24268 25432 25428 24845 25550 26238 26334 26336 25913 25768 26089 26028 25824 25016 24315 24377 24013 23874 23769 23662 23460 23408 23392 23651 23694 24046 24124 23377 22904 22404 21801 22068 21814 21667 21475
24654 24403 24408 24460 24617 24682 24965 25484 25753 26041 26717 26828 26969 26830 26552 26359 26279 26354 26113 26246 25880 25262 24355 24682 24522 25550 26295 26487 26312 25751 25415 24666 23699 23424 22767 21778 21254 21227 21469 21820 22856 24121 25203 25077 24247 24567 25614 25798 25737 25591 25737 26069 25904 25395 24700 24224 24121 24100 23899 23789 23718 23482 23489 23364 23518 23682 23836 24184 23939 23812 23637 23003 22620 21921 21674 21604
24788 24482 24178 24071 24229 24481 24909 25792 26304 26628 27024 27458 27425 26859 26537 25574 25536 25555 26255 26225 25349 24524 24018 23766 23801 24888 25868 26280 26199 25878 25657 25528 24840 24366 23407 21514 21207 21185 21114 21140 22122 23563 24957 25109 25116 24784 24346 25382 25282 25250 25381 25435 25126 24765 23954 24059 23956 23854 23794 23682 23655 23559 23423 23384 23621 23652 23772 24124 24084 23896 23770 23333 22489 21516 21046 21485
24040 24122 24186 24143 24145 24303 24948 25821 26550 26913 27304 27569 27437 26642 26111 25435 25709 25858 25962 25702 24653 24013 23688 23674 23822 24206 25059 25845 25952 25709 25860 25801 25684 25546 24475 22637 21888 21218 21105 21383 22464 23659 24853 25039 25074 25218 24648 25134 25342 25344 25072 24716 24469 24173 23868 23893 23870 23857 23707 23637 23410 23484 23479 23611 23556 23858 23948 24192 24256 24096 24169 23334 21887 21400 21375 21367
24340 24280 24186 24120 24189 24428 25099 25750 26539 27098 27360 27272 26877 26313 25881 25176 25455 25637 25474 25807 24983 24258 23902 23698 23692 23875 24812 25629 25578 25265 24648 25173 25830 25814 25133 23666 22449 21650 21542 21607 22741 24196 24616 24477 24865 25023 24981 24842 24837 24720 24758 24636 24192 23893 23993 23968 23924 23961 23862 23669 23512 23461 23529 23754 23901 23948 24098 24223 24316 24134 24174 23005 21949 21401 21364 21244
24940 24567 23933 24077 23971 24251 25073 25613 26486 26768 26655 26642 26244 25753 24988 24881 25391 25571 26076 26271 25035 24255 23966 24120 23864 23942 24724 25656 25577 25319 25524 25650 26000 26136 25770 24745 23461 22520 22317 22323 23514 24392 25170 25076 25012 25007 24979 24746 24122 24114 24787 24599 24139 24173 24096 23897 24096 23985 23760 23502 23441 23635 23634 23849 23973 23923 24087 24336 24331 23993 23987 23425 22005 21222 21764 21812
25436 24600 23996 24268 24784 24832 24673 24808 25769 26264 26267 26030 25767 25209 25122 25165 25029 25707 26257 26279 24949 24023 23867 24692 24810 24816 25699 25702 25438 25352 25367 25576 25936 26429 26521 26238 25052 23942 23608 23991 24516 25096 25189 25190 25024 25016 25266 25074 23961 24390 24850 24596 24177 24332 24114 23831 24111 24084 24087 24014 23420 23610 23961 23999 24156 24313 24236 24414 24428 24088 23993 23477 22648 22238 22706 22779
25539 24660 24100 24421 24654 24755 24598 25202 25498 25889 26175 25909 24033 23241 24619 25075 25054 25697 26386 26156 24574 23764 23834 25100 25929 25960 25888 25777 25465 25272 25522 25957 25861 26169 26275 26187 25919 25474 25230 25098 24761 25073 25323 25281 24891 25321 25293 25185 24230 24375 24618 24413 24311 24303 24363 24348 24092 24203 24183 24137 24046 23974 24232 24189 24299 24247 24492 24323 24264 24438 24101 24421 24537 24280 24221 24677
25375 24970 24319 24094 24419 24491 24841 25205 25804 25816 26010 25156 22528 21690 23081 25235 25491 25997 26141 25990 24579 23885 24303 25660 26130 26065 25864 25518 25402 25314 25581 25949 25540 25143 25151 25723 25727 25500 25456 25119 24177 24150 24898 25091 25088 25079 25199 25274 24740 24653 24529 24564 24383 24252 24765 24601 24615 24602 24373 24352 24332 24650 24269 24152 24368 24713 24562 24260 24263 24180 23808 24691 25080 24867 24822 25072
25342 24936 24562 24356 24272 24566 24919 25301 25791 25786 26042 26134 24168 23103 24448 25287 25767 26205 26702 26639 25188 24512 24774 25645 26041 26021 25636 25040 25264 25193 25331 25565 24588 23427 23705 24918 25174 25081 25215 24908 23883 23671 24665 25066 25148 25024 25514 25260 25152 24999 24691 24576 24566 24645 24763 24825 24653 24638 24572 24571 24442 24656 24366 24537 24762 24972 24500 23777 24421 24007 23358 24549 25129 24979 24973 25069
25405 25167 24741 24642 24859 24975 25150 25607 25583 26129 26765 26778 26621 26197 26281 26019 26382 26530 26784 26684 25652 25335 25865 26076 25902 25823 25573 25008 24741 24641 24986 24928 23673 22536 22620 23868 24685 24645 24861 24553 24108 24292 24649 24913 24950 25254 25630 25124 24916 24861 24585 24671 24825 24773 25055 25010 24914 25010 25040 24802 24753 24761 24680 24736 25038 25058 23974 23598 24416 24533 24049 24963 25117 25002 24644 23778
25266 25401 25042 25099 25138 25291 25860 26097 26149 26195 26709 26935 27064 27211 27192 27252 26976 26795 26808 26650 25979 25499 25933 26027 25634 25374 25415 24915 24679 24887 24877 24209 23680 23494 23642 24118 24411 24319 24054 22182 23653 24327 24385 24554 25309 25370 25077 24804 24354 24261 24869 24826 24859 25271 25284 25465 25295 25140 25169 25234 25066 24818 24822 24983 25134 25088 23667 23535 25181 25637 25384 24933 24760 23870 23335 22199
25523 25369 25263 25266 25296 25351 25994 26220 26508 26637 27003 27032 27244 27423 27382 27548 27694 27464 27080 26750 26113 26148 25669 25694 25313 25427 25237 24873 24643 24726 24140 23445 23883 24235 24189 24002 23909 23872 24053 23999 24124 24104 24117 24591 25169 25409 25545 25286 24931 24784 25019 24871 25304 25512 25579 25726 25903 25605 25221 25063 25014 25101 25219 25341 25330 25128 23501 23495 25125 25791 25611 24759 23486 22623 21966 21237
25907 25713 25666 25483 25708 25880 26311 26461 26678 26747 27066 27234 27465 27293 27484 27699 28169 28105 27182 26744 26516 26284 26069 25928 25749 25769 25177 24507 24536 24672 24195 23559 24024 24114 23958 23788 23709 23781 23950 24013 24006 23839 23998 24388 24918 25610 25823 25543 25263 24903 24987 25084 25293 25562 25720 26189 25880 24595 24639 25041 24798 25381 25633 25500 25360 25300 23874 23796 25466 25831 25623 24284 22654 21899 21318 21230
25910 25878 25872 25772 25845 26163 26616 26648 26798 26988 27315 27510 27889 28017 28321 28420 28762 28686 28047 27361 26749 26609 26607 25987 25864 25576 25109 24163 24553 24709 24450 24225 24118 23964 23738 23573 23370 23431 23563 23795 23850 23798 23912 24474 25305 25695 26295 26060 25292 24981 24951 24988 25160 25467 25805 26247 25166 22958 22957 25205 25726 25874 25867 25684 25610 25408 24351 24616 25714 25888 25246 23665 22107 21496 21329 21218
25941 26216 26017 26108 25947 26574 26623 26377 27179 27443 27711 27944 28465 28547 28297 28353 28804 29102 28919 28630 27986 27040 26617 26343 25906 25437 24992 24148 24828 24848 24202 23527 23449 23256 23249 23758 23681 23508 23102 23393 23696 23780 23938 24557 25418 25857 26270 25884 25249 25254 25173 25022 25133 25204 25722 26525 26529 25420 25609 26005 26121 26192 25961 25821 25573 25693 25627 25532 25752 25766 24846 23277 22048 21227 21267 21253
26171 26138 26050 25580 26241 26566 26656 26878 27197 27437 27586 28147 28230 28157 27512 27120 27818 28401 28484 28425 28335 28311 27672 26547 26135 25714 25084 24718 24682 24733 24098 22954 22302 22604 23195 23794 23753 23260 22779 23393 23647 23841 23809 24628 25791 26521 26441 26169 25893 25779 25124 25162 25158 25259 25561 26187 26769 27081 27138 26909 26680 26545 26415 26053 25720 25889 25937 25667 25720 25301 24404 23131 21994 21279 21234 21264
26279 26151 26226 26488 26723 26727 26824 27207 27354 27731 28334 28363 28203 26740 25698 25556 25780 26325 26676 27133 28363 28479 28207 27048 26093 25575 24955 25088 24794 24723 23245 21805 21447 21621 22499 23424 23613 23405 22983 23385 23522 23832 24011 24377 25718 26558 26583 26214 25984 25916 25322 25469 25306 25233 25530 26061 26684 27093 27312 27261 27232 27272 27162 26522 25947 25928 25913 25541 25627 25563 24619 23227 21958 21215 21225 21256
26699 26631 26429 26676 26888 26947 27076 27272 27327 27895 28173 28170 27085 25373 23608 23558 23594 23572 23980 24469 26294 27770 28244 27587 26083 25778 25374 24956 24826 24519 22513 21162 21183 21211 21541 21568 22557 23059 23135 23440 23593 23828 24082 24337 25362 26225 26513 26086 26310 25936 26114 25892 25324 25306 25955 26354 26869 27366 28302 28441 28737 28718 27984 26672 26085 25869 25762 25779 25582 25412 24661 23481 21961 21349 21271 21355
27192 27003 27204 27312 26717 27364 27679 27202 27214 27723 27635 25881 25107 23638 23103 22919 22786 22247 22379 22536 23935 26027 27880 27632 26473 25788 25410 24971 24438 24155 22526 21262 21151 21158 21131 21153 21587 22480 23120 23547 23604 23852 24462 24568 25064 25640 25889 25971 26192 26107 26973 26710 26031 25864 26174 26526 27243 27991 28971 29623 29744 29505 28136 26618 25715 25721 25570 25481 25429 25203 24364 23392 22972 22460 22368 22365
27171 27079 27262 27535 27560 27387 27347 27171 27055 27801 27912 25793 23867 23333 23206 22731 21885 21817 21759 21953 23235 25239 27884 27973 26610 25752 25163 24951 24469 23900 22988 21643 21253 21279 21609 21863 22781 23237 23719 23761 23687 24466 24642 25129 25239 25462 25507 25807 26497 27475 28208 28206 27023 26757 26499 26933 27453 27949 28801 29434 29496 28954 27402 25728 25510 25163 25241 25280 25197 23881 23097 23329 24185 24206 23727 23622
27409 27153 27421 27755 27621 27284 27154 27163 27393 27923 27992 26141 24045 23234 23137 22790 22210 21778 21743 21746 22997 24979 27704 27895 26676 25660 25159 24581 24243 23939 23042 22168 21525 21617 22162 22888 23267 23372 24093 24003 24529 24826 25445 25578 25685 25739 25592 25716 26880 27753 28668 28432 27755 27320 27354 27539 27579 27946 28458 28762 28652 27523 26746 25697 25345 24962 24737 24767 24269 23228 22883 23329 25180 25434 25210 25139
28255 27926 27706 27788 27079 26897 27126 27264 27549 28042 28295 27243 24981 23010 22352 22397 22236 21798 21751 21734 23234 25624 27754 27930 26630 25564 24989 24417 24260 24007 23003 22450 22064 21965 22022 22913 22946 23030 24297 24854 25262 25899 26087 25908 25916 25902 25743 26202 27275 27824 28806 28752 28384 28425 28449 28511 28415 28427 28363 28131 27715 27032 26159 25222 24841 24637 24492 24301 24280 23988 23403 24279 25759 26394 26474 26557
29654 29197 28434 27557 27402 27164 26973 27160 27473 27927 28253 27883 26391 23989 22256 21949 21821 21789 21762 21809 23723 26208 27410 26602 26338 25576 24782 24399 24361 24016 22998 22400 22058 21866 21970 21964 22737 23279 24274 25003 25850 26295 26550 26480 26434 26457 26582 26694 26947 27435 28714 28983 29367 29210 28610 28826 29007 28953 28231 27508 26793 26151 25595 25136 24802 24676 24510 24358 24510 24399 24702 25224 25896 26476 27038 27066
30257 30021 29460 28666 27733 27133 27088 27081 27120 27145 26528 27168 26771 24886 22841 21956 21833 21788 21801 22770 24990 26927 27705 27490 26079 25062 24259 23751 23691 23638 23068 21600 21521 21411 21411 21854 22582 23393 24376 25085 25547 26174 26743 26631 26784 27180 27147 27268 26381 26805 28014 29813 29970 29168 27405 28061 29143 29136 28439 27092 26521 26045 25501 25518 25241 24880 24544 24511 24369 24337 24655 24996 25339 26494 26761 26784
30827 30217 29891 29171 28247 27610 27238 26893 26828 26541 26347 26884 26874 26018 24041 23141 22969 22989 23416 24761 26211 27066 27461 26391 25614 24463 23690 23237 23261 23147 22877 21443 21027 20964 20908 21479 22326 23168 24164 25221 25659 26301 26291 26324 26633 27238 27531 27853 27594 26985 28555 29874 29941 28334 26007 26461 28117 28971 28498 27258 26781 26622 26562 26083 25651 25050 24817 24690 24483 24482 24553 24734 25421 26051 26153 26633
30952 30422 29725 29375 28351 27946 27426 26700 26482 25838 26297 26351 26401 26230 25330 24823 25018 24967 25579 26041 26217 26682 26638 25403 24611 23687 23243 23137 22985 22971 22308 21617 20860 20668 20712 20815 21601 22692 23968 25263 25846 26260 26069 25402 26150 27420 27706 28754 28580 28788 29768 30275 29901 27789 25667 25723 27391 28294 27985 27633 27408 27446 27399 26914 26091 25590 25257 24940 24803 24665 24873 25138 25550 25971 26685 27375
