Alternative/Moon/Lvl0_30x30/Ele_CA.asc
ncols         335
nrows         335
xllcorner     -20042508.343
yllcorner     -27166.958
cellsize      10000
nodata_value  -9999.0
[rows 272 to 305 of 335, columns 231 to 307 of 335]
32783 33218 34435 36039 37751 40235 41318 41512 41255 40682 40332 40456 40421 39507 38961 38244 37295 37243 37260 36437 35659 34568 34423 34388 34580 34857 34660 33813 33063 33152 33953 34320 34338 34358 34384 34578 34592 34513 34458 34880 34882 35383 35505 35021 34949 35063 35356 35888 35809 35613 35392 35067 34054 33852 33806 33273 32734 32567 32588 32676 32753 33011 33203 32947 32540 32716 32632 32757 32673 31465 31492 33533 34519 34607 35009 35371 35484
32779 33273 34331 35935 38341 40207 40822 41105 40984 40743 40536 40575 40400 39851 39451 38388 37134 37218 37290 36881 36165 35217 34745 34958 35450 35515 35265 35070 34557 34399 34632 34786 34633 34914 34971 35476 35361 35326 35572 35895 36392 36413 36203 34777 34973 35475 35607 36180 36371 35830 35290 35046 34648 34242 33740 33012 32527 32527 32549 32674 32723 32276 32409 32383 32384 32523 32355 32884 33084 32780 32690 33778 34154 34228 34503 34783 34712
32672 33323 34544 35965 38684 40185 40540 41047 41047 40713 40468 40093 40176 39524 39039 38234 37022 37060 37155 37168 36460 35349 35141 35676 35944 35793 35591 35284 35171 35472 35591 35376 34807 35197 35527 35829 35728 35965 36425 36710 37459 37335 36842 36023 35845 35994 35961 36409 36385 35763 35515 35172 34747 34253 33730 32967 32502 32548 32721 32837 32831 32222 32254 32258 32315 32327 32340 32741 33056 33079 33226 33653 33733 34269 34607 34830 34813
32750 34055 35190 36701 39122 39806 39968 40948 41129 40700 40313 39841 39543 38742 38131 37540 37250 37053 37095 37095 36723 36050 36071 36314 36550 36347 36061 35601 35471 35643 35653 35382 35119 35471 35843 35814 35996 36403 37157 37567 37967 37587 37100 36781 36904 36675 36586 36567 36189 35653 35425 34728 34385 33651 33660 33363 33161 33422 33376 32837 32496 32243 32230 32255 32329 32343 32347 32706 32891 32753 32892 33465 34137 34559 34891 35087 34996
34153 35401 36394 38208 39211 39259 39379 40097 40762 40524 40116 39705 39307 38449 37987 37419 37219 37327 37094 37127 36606 36664 36618 36639 36820 36598 36133 35694 35717 35840 35803 36064 36666 37003 36880 36421 36638 36959 37255 37629 37699 37533 37319 37080 36948 36786 36681 36798 36092 35068 34208 33764 33598 33583 33573 33659 33902 34108 33948 32730 32099 32229 32250 32304 32342 32364 32389 32493 32619 33275 33318 33673 34206 34533 35138 35424 35081
35918 36782 37758 39409 39408 38770 38420 38874 39709 39798 39376 38778 38453 36623 35218 37255 37190 37374 37241 37011 36600 36637 36626 36873 36874 36679 36339 36147 36267 36188 36672 37460 37170 37250 37150 36834 36926 37123 37051 37105 37325 37633 37833 37084 36288 35246 35116 36299 35870 34221 33676 33593 33585 33571 33658 34300 34402 34465 34386 33134 32550 32624 32632 32477 32714 32434 32755 32445 32374 33197 33373 33724 34274 34046 34430 35293 35002
37500 38222 38789 39417 39375 38456 37803 37974 38433 38330 38236 37880 37318 36559 36542 36692 36592 37023 37219 36932 36540 36295 36880 37188 37582 37237 37249 36907 36744 36710 37660 38026 37844 37412 37203 36904 37076 37192 36988 37038 37334 37803 37678 36576 35039 34679 34688 35528 35303 33829 33625 33595 33622 33924 34190 34518 34454 34410 34260 33405 33227 33647 33564 32564 32664 31744 32804 32595 32339 32720 33349 34301 34484 34734 34904 35197 34627
38506 38614 38611 38855 38813 38256 37648 37260 37511 37678 37696 37380 36545 36444 36482 36256 36165 36470 36391 35951 36034 36473 36777 37276 38042 38264 38363 38439 37876 37760 38242 38261 37822 37199 36893 37113 37323 37252 36914 37398 37401 37940 37958 35493 34679 34641 35124 35714 34966 33800 33616 33885 34397 34592 34462 34395 34143 33800 33633 33491 33637 33870 33798 32839 32588 32852 32913 32918 32987 33210 33384 34410 34739 34710 34953 34977 35042
38421 37945 37908 38082 38001 37604 37209 36900 36894 36910 37020 36996 36670 36274 36060 36091 36067 36056 35571 35606 36139 36426 36045 36236 38052 38247 38586 38696 38437 38277 38311 38251 37614 36902 36848 36997 37091 36804 36884 37272 37537 38015 38048 36758 35642 35983 36657 36319 35240 34391 34042 34132 34511 34434 34370 34423 34188 33911 33731 33345 33543 33772 33787 33049 32848 33227 33094 32736 33156 33363 33598 34004 34800 35065 35239 35321 35259
37283 37270 37473 37695 37707 37114 36626 36300 36287 36289 36332 36306 36029 35606 35727 36090 35762 35561 35351 35269 35830 36194 35968 35888 37528 38155 38314 38287 38375 38288 38217 38217 37323 36801 36593 36647 36434 36076 36633 37268 37660 37780 37869 37648 37435 37319 36879 36261 35568 34955 34764 34311 34267 34316 34352 34534 34259 33982 33958 33565 33558 33622 33668 32985 33230 33477 33101 32298 32676 33184 33584 34246 34946 35384 35417 35454 35232
37211 37301 37386 37551 37547 37093 36575 36282 36241 36255 35994 36110 35990 35702 35593 35906 35540 35338 35303 35363 35512 35707 35994 35942 36267 37219 37693 37920 37913 37843 37707 37247 36567 35830 34368 35059 35607 35722 36423 37072 37490 37793 37852 37475 37325 37216 36614 36034 35844 35540 34843 34277 34175 34290 34331 34437 34276 33999 34008 33846 33592 33631 33633 32760 33033 33338 33081 32381 31836 32321 33067 34354 35237 35447 35178 35024 34792
37213 37470 37483 37586 37592 37103 36907 36565 36137 36010 36010 36007 35997 36313 35730 35441 35540 35317 35368 35795 35980 35444 35214 35138 35014 35927 36359 36951 37083 37158 36790 36127 35793 35799 34642 35467 35377 35379 35975 36527 36691 36874 36979 36895 36940 36730 36469 36251 36024 35553 34944 34406 34100 34177 34217 34535 34641 34668 34493 33965 33690 33740 33429 32626 32725 33061 32946 31594 31349 31391 31453 33149 34751 34849 34581 34924 35162
37106 38182 38194 37927 37442 37245 37277 36932 36428 35946 35865 35698 35610 36230 35673 34394 35332 35257 35287 35801 35876 35088 34957 35010 34979 35503 35787 35889 36184 36317 35958 35467 35385 35862 35815 35755 35553 35126 35101 35643 36104 36301 36726 37031 36942 36543 36298 35966 35298 34595 34614 34463 34024 34023 34057 34928 34913 34909 34918 34500 33820 33533 33125 32633 32700 32807 32305 31353 31349 31403 31443 32059 33071 33090 34030 35050 35347
37202 38262 38190 38122 37459 37286 37718 37762 37330 36532 36187 36082 35508 35331 35455 35021 35077 35052 35258 35486 35431 34790 34747 35080 35008 34933 35196 35381 35501 35988 35910 35199 35219 35402 35531 35597 35459 35043 35191 35441 35651 35733 35835 36164 36035 35445 34961 34568 34301 34223 34189 33977 33996 34058 34186 34671 34604 34801 34894 34508 33786 33331 32552 32626 32818 32978 31890 31344 31377 31448 31465 31746 32764 32871 34253 35216 35364
36552 37148 37156 37676 37401 37414 38004 38189 37920 37436 36878 36307 35567 34859 34936 34908 34814 34791 34786 34776 34846 34701 34699 35117 34806 34949 35004 35208 35295 35578 35506 35148 35187 35279 35415 35572 35391 35017 35006 35043 35376 35304 35151 35153 34645 34258 34488 34324 34210 34216 34082 33849 33963 34173 34343 34479 34274 34208 34365 34203 34024 33492 32753 32551 32890 33128 32462 31434 31410 31485 31492 32021 33145 33143 34462 35179 35118
37274 37522 37482 37755 37274 37640 38053 38266 38164 37699 37364 36445 35712 34940 34844 34778 34779 34808 34870 34876 34745 34950 35216 35531 35453 34996 35007 35096 35387 35537 35366 35193 35269 35416 35403 35297 35227 35064 35036 34967 34961 34900 34972 35096 34179 34114 34295 34201 34116 33887 34018 33764 33836 34295 34380 34131 33791 33772 33766 34115 34260 33696 32798 32523 32628 32982 33065 31961 31542 31515 31654 32521 33645 33968 34068 34670 34689
37049 36730 36162 37471 37414 37819 38161 38306 38213 37788 37325 36542 35792 35228 34919 34802 34791 34790 34874 34864 34734 35198 35273 35324 35301 35198 35518 35538 35543 35881 35777 35617 35692 35461 35390 35204 35175 35170 35325 35131 35139 34964 34842 34878 34519 34279 34159 33988 34195 34098 34023 33889 34001 34254 34257 33793 33715 33688 33702 34025 34141 33548 32704 32415 32471 32942 33547 33302 32356 32293 32867 33859 34561 34749 34790 34795 34628
36338 36383 37266 37819 37416 37919 38160 38225 37916 37471 37176 36002 35766 35218 34795 34780 34777 34769 34754 34709 34685 34820 34781 33935 33910 35117 35826 36034 36000 36097 35262 34657 35787 35604 35479 35205 35076 35312 35458 35459 35276 34778 34567 34255 34234 34153 33893 33888 33882 33384 34035 34083 34214 34190 34088 33674 33732 33758 33665 34094 34139 33908 32960 32442 32439 32870 33747 34236 34050 34477 34638 34957 35198 35194 35128 35195 35284
35297 35850 37723 38329 37454 37826 37811 37692 37333 37378 37233 36756 36555 35685 34979 34746 34702 34693 34680 34689 34659 34623 34031 33887 33839 34444 35833 36208 35836 36042 35878 34847 33918 33427 33767 35168 35015 35351 35503 35498 34899 34808 34446 34150 34170 33874 33765 34107 34319 33706 32874 34346 34271 34014 33781 33618 34361 34309 33948 34538 34858 34402 33476 32723 32463 33255 33853 34316 34701 34904 34897 35605 35720 35625 35322 35751 35483
37275 37153 37851 37599 37383 37458 37355 37300 37338 37397 36958 36638 36332 35841 35212 35030 34638 34620 34621 34615 34550 34265 33955 33893 33854 34181 35534 35949 35425 35290 35577 35502 35180 33460 33049 34693 34546 34644 35047 35167 34508 34484 34410 34160 34014 34070 34154 33923 34059 33879 33707 34129 34210 34014 34001 34066 34615 34698 34750 35460 35359 34651 33697 33021 32725 33371 33780 34282 34829 35395 35852 36104 36366 36280 35806 35833 35656
37915 37638 37727 37334 37315 37506 37484 37205 37400 36893 34800 35171 36343 36440 35971 35858 35880 35037 34790 34584 34619 34642 34087 33938 33891 34385 35350 35496 35159 34978 34859 34897 34967 34694 34233 33867 33775 33791 33848 34144 34382 34396 34258 34025 33884 34277 34331 33952 33944 33991 34069 34165 34156 34169 33958 34045 34556 34837 35224 35737 35596 34838 33968 33155 32862 33312 33814 34491 35307 35771 35992 36101 36331 36330 36073 35720 35475
37776 37416 37121 37125 37179 37276 37593 37507 37476 35507 33886 36638 37568 36885 36524 36652 36681 36138 35917 35574 35134 35583 35630 34847 35088 35123 34977 35007 35033 35007 34977 34955 34896 34712 34220 33684 33530 33380 33354 33563 34120 34127 33987 33915 33971 34335 34385 34039 33926 33844 33851 34020 34341 34367 34139 34040 34416 34572 35037 35574 35757 35445 34500 33853 33279 33378 34295 34665 34924 35164 34997 34332 34782 34938 35342 35355 35432
37600 37173 37168 37122 37464 37585 37533 37418 37325 36632 35848 37584 37605 36960 36863 36685 36787 37052 35875 35771 36044 36119 35936 35739 35489 35478 34937 35184 35139 35129 35141 35076 34846 34676 34279 33589 33466 33382 33419 33580 33861 33996 33908 33849 34079 34267 34286 34051 33941 33680 33402 33911 34225 34285 34146 34145 34347 34768 34887 35506 35825 35704 35003 34697 34246 34625 35146 35086 34379 34070 33884 32945 33496 33546 34194 35087 35590
37292 37218 37082 37439 37912 37868 37877 37418 37601 37528 37305 37473 37232 37264 37189 36803 36859 37219 36044 36940 36970 36612 36022 35861 35827 35164 35108 35230 34223 33488 34852 35059 34886 34816 34471 33894 33544 33426 33451 33736 33778 33978 34056 34195 34178 33952 34004 33975 33906 33707 33307 33508 33986 34111 34110 34457 34849 34870 34844 34908 35808 36054 35708 35268 35065 35711 35960 35061 33877 33326 33254 32906 32690 32894 33000 33566 34829
37470 37293 36450 36770 38280 38530 38115 36841 36561 36734 36694 36725 36874 37145 37117 36754 36791 36820 35750 37174 37141 36694 36177 35922 35844 35755 35125 35243 33605 32951 34684 34953 34944 34715 34519 34191 33801 33719 33693 33709 33659 33945 34054 33987 33943 33904 33872 33669 33917 32881 33002 33434 33812 33883 34009 34946 35336 35178 34909 34911 35733 36070 36165 35880 35926 36208 36032 34779 33847 33377 32716 32228 32214 32451 32721 32875 33723
35953 35477 36462 37601 37782 37897 37782 36621 36340 36525 36160 36062 36574 36714 36707 36697 36836 36977 36752 37203 37107 36734 36381 36471 36309 36119 35668 35399 35279 34665 34978 34860 34906 34865 34565 34084 33888 33956 33126 31719 31127 32261 33642 33853 33915 33914 33718 33661 33126 31564 32739 33239 33336 33535 33923 34923 35255 35102 35169 35190 35415 35936 36061 35905 36376 36439 35935 34031 33631 33588 33333 32331 32233 32284 32436 32656 33445
36090 36540 37122 37586 37480 37220 37716 37554 36831 36244 35820 35707 35858 36171 36428 36733 36840 37001 37010 37124 37180 36935 36641 36731 36564 36211 35920 35415 35324 35165 35135 34909 35070 34880 34511 34035 33877 33694 31864 30033 29691 30838 31996 32731 33687 33671 32205 32635 32591 31707 31724 32789 32712 32980 33548 34480 34839 34979 35271 35411 35518 35513 35596 35636 36345 36593 36165 34532 33736 33580 33335 32553 32288 32258 32266 32331 32616
37731 37507 37415 36954 37211 37576 37763 37703 36859 36068 35593 35427 35388 35502 35764 36267 36351 36630 36745 37078 37250 37074 37314 37473 36965 36983 36532 36182 35509 35545 35804 35607 35300 34923 34273 33824 33872 32877 30767 29599 29560 30060 31218 31941 33543 33884 32453 32455 32462 32264 32064 32295 32414 32412 32647 33450 34587 35004 35364 35614 35691 35560 35116 35114 35954 36591 36572 35485 33981 33392 32754 32503 32273 32263 32268 32258 32235
37544 37196 37034 37101 37400 37446 37242 37071 36512 35690 35402 35387 35585 35715 35666 35722 35397 36336 36346 36683 37039 37182 37908 38074 38042 37973 37671 37442 36748 36342 36097 35618 35388 35392 34849 33825 33934 33012 30844 29631 29567 29999 31439 33460 33708 33838 33644 33397 32820 32605 32506 32297 32297 32486 32760 33470 34235 34780 35228 35642 35924 35920 35276 35005 35631 36441 36544 35688 34396 33078 32571 32925 32843 32354 32553 32497 32311
37380 36910 36664 37001 37130 36517 36224 36194 35938 35682 35656 35883 35839 35928 35935 35947 35861 35577 35557 35484 35441 36529 37861 38461 38646 38595 38608 38704 37766 36806 36136 35577 35497 35629 34867 33642 33728 33585 32149 30411 30212 31116 32560 33555 33494 33261 33171 32996 32711 32373 32232 32412 32531 32678 33115 33772 34274 34740 35027 35306 35836 35909 35756 35811 35961 35986 36162 35979 34986 33762 33274 33946 33670 32645 33182 32863 33935
37092 35999 36567 36927 36839 36434 35700 35718 35498 35683 35859 35911 35437 34212 34366 35316 35731 35618 35300 34782 34277 35772 37192 38410 38464 38070 38550 38644 37865 36550 35728 35294 35040 34850 34227 33414 33461 33618 32865 32273 32161 32677 33313 33406 33010 32842 32772 32562 32349 32229 32307 32626 32752 32989 33384 33933 34506 34770 34857 35157 35744 35822 35781 35895 35914 35654 36019 36295 35818 34532 34211 33932 33293 32615 33322 33139 34311
36352 36195 36417 36320 36225 35860 35357 35494 35475 35380 35913 35321 33386 31398 31367 33490 35374 35287 34536 33863 33384 33976 35139 36170 36249 35457 36104 36307 36056 35142 34502 34060 34043 33629 33174 33179 33248 33296 33207 33189 33234 33288 33255 33238 32987 32745 32671 32546 32251 32235 32287 33075 33217 33527 33695 34081 34618 34786 34894 35201 35490 35613 35672 35607 35616 35610 36115 36734 36878 36080 35595 35153 34776 33664 33197 32693 33867
36081 35822 35787 35644 35674 35488 35348 35146 35061 35009 35367 34361 31860 29712 29521 31850 34389 34560 33596 33078 32850 32863 33238 33735 33890 33715 33661 33816 34236 34098 33764 33441 33301 33027 32904 32988 33134 33161 32869 32927 33230 33288 33022 33032 33056 32924 32930 32677 32227 32177 32341 33175 33756 34157 34297 34427 34709 34754 35001 35173 35228 35292 35290 35349 35390 35824 36411 36675 36697 36449 36829 36783 36749 36275 34624 33160 33531
35356 35153 34890 34949 35236 35153 35086 34813 34374 34597 35117 34463 32262 29736 29617 31109 33801 34038 33191 32696 32775 32787 32860 32768 32842 32842 32753 32744 32810 33245 33262 33225 32949 32790 32583 32724 33046 33075 33017 32835 32981 32844 32690 32766 33032 33024 33020 32557 32179 32197 32243 32966 33676 34077 34346 34426 34547 34685 34997 35170 35213 35451 35498 35414 35386 35856 36197 35952 34483 35071 36678 36873 36855 36456 36012 34846 35545
