Alternative/Moon/Lvl0_30x30/Ele_DK.asc
ncols         335
nrows         335
xllcorner     13457491.657
yllcorner     -3377166.958
cellsize      10000
nodata_value  -9999.0
[rows 34 to 67 of 335, columns 154 to 230 of 335]
30184 30176 29846 29682 30025 29936 28367 26516 26333 25966 26738 28389 29320 29541 29299 28680 28329 27640 26649 26308 26058 25821 25609 25469 26012 26031 25421 24860 24728 24538 24912 25025 25009 25205 25801 26486 26913 27316 27769 27356 26282 25643 26313 27880 27912 27576 27334 27630 28091 27930 27983 28441 28297 28027 27864 27906 27435 27507 27423 27279 26661 26430 25556 25064 25118 25293 25094 25478 25497 25167 25420 25761 26670 28521 29778 29640 29634
30475 30416 30070 30034 30649 30661 29476 27652 27218 27116 28627 29555 29769 29404 29217 28868 28536 27776 26974 26800 26537 26346 26033 25767 26256 26450 25851 25327 25154 24984 25407 25605 25522 25637 25914 26485 26830 26765 26815 26455 26018 25404 26312 27152 26888 26576 26570 26944 27391 26955 26705 27329 27482 27491 27669 27511 27441 27598 27648 27182 26007 25371 25168 25055 24632 24700 24601 23743 23509 23951 24674 25319 25904 27525 29490 29619 29676
30018 30019 30030 30297 30940 31050 29996 28757 28429 29594 30015 29905 29879 29703 29794 29461 28793 28073 27611 27338 26896 26846 26682 26494 26740 26839 26324 25844 25711 25693 25913 25972 25886 25943 26024 26250 26324 25695 25695 25466 25367 24818 25560 25832 25680 25973 25937 26158 26386 25529 25076 26459 27086 27132 27026 26927 27064 27362 27287 26077 25087 24729 24664 24519 24156 23529 23181 22334 22113 23110 24144 24895 25228 26201 28053 29546 29976
29049 29094 29333 30045 30079 30386 30053 29950 29996 30403 30309 30087 29701 29844 29838 29754 29352 28611 28289 27932 27566 27478 27276 27220 27533 27494 26847 26462 26129 26250 26342 25967 25581 25688 25671 25532 25032 24492 24530 24167 23884 23553 24288 24283 24210 24671 24896 25232 25218 24369 25073 26052 26425 26667 26658 26945 27080 27073 25961 24736 24521 23917 22880 22057 21924 22044 21955 21359 21313 22067 23187 24012 24575 24815 25904 27713 29565
27610 28128 28823 29498 29995 30147 30147 29884 29909 30060 30072 29830 29752 29999 30027 30016 29835 29338 28917 28595 28053 27903 27863 27847 28033 27941 27509 26791 26498 26889 26970 25004 23948 24012 24551 24389 23922 22755 22858 22866 22667 22557 22900 22732 22427 23255 23675 24263 24373 24215 25110 25881 25849 25890 26390 26953 26969 26181 25348 24600 23943 22244 20843 20301 20309 20961 20897 20072 20560 21598 22699 22985 22798 23268 24114 26274 28437
26686 27177 27695 28698 29568 30082 29989 29772 29804 29982 29782 29769 29786 29956 30112 30157 29856 29612 29149 28677 28192 28054 27960 28049 28127 28149 28039 27279 26931 27474 27685 25239 23657 23198 23730 23776 23025 22115 22254 22074 22130 22049 22182 21739 21367 22225 22705 23237 23359 23813 24661 25043 25016 25499 26165 26502 26446 25508 25139 24090 22766 20904 20043 19706 19715 20317 20221 19988 20371 21248 21964 21367 20778 22220 22981 25362 27875
25420 25633 26347 27718 28724 29739 29976 29986 29910 29645 29637 29820 30198 30145 30049 29897 29702 28992 28697 27921 27755 27543 27705 27969 28090 28259 28301 27900 27738 27782 27714 25264 23985 23523 23595 23162 22125 21680 21819 22164 22252 22578 22554 22377 22047 21670 21905 22013 22375 22937 23511 23957 24487 25223 25971 26204 26115 25372 23962 22580 21214 19997 19608 19454 19607 19799 19695 19776 20051 20672 21268 19756 19616 21254 22628 24766 27058
24208 24552 24825 26611 27859 28892 29364 29093 29416 29792 29937 30043 30448 30177 29399 28509 28159 27947 27497 26849 26692 26549 26935 27281 27700 28067 28141 28280 28231 27970 27048 26151 24459 24032 24030 23044 21936 21666 22100 22263 21853 22394 22334 22467 22474 22321 21727 21312 21543 22103 22722 23556 24131 25008 25950 26218 25338 24729 23028 21553 20552 19931 19601 19534 19558 19573 19611 19900 19924 20316 20974 20703 19872 21388 22581 24777 26993
23695 24098 24544 25726 27002 28693 28988 29454 30196 30010 30070 30156 29928 29076 28083 27505 27020 26924 26660 25814 25516 25809 26202 26526 27032 27623 27906 28510 28468 27897 27306 26721 25256 24314 23986 22977 21906 22385 22695 21675 20582 19990 19070 19853 21593 22300 21923 21339 21533 21804 22377 22860 23905 25131 25809 25991 24869 24346 22307 20767 20405 20433 20185 19856 19783 19645 20016 20404 20406 20386 20511 21057 21150 21530 22493 24295 26753
23641 23823 23984 25116 26438 28056 28946 29458 30200 30049 29133 29478 28822 27337 26517 26634 26161 26204 25830 24831 24907 25287 25611 26003 26476 27168 27509 28171 27899 27151 27121 26529 25392 24578 23618 22251 22321 22987 22966 20959 19357 18574 17116 17551 19674 22081 21939 21338 21365 21617 21747 22835 23748 25401 25878 25859 24693 23729 21749 21044 20821 20567 20411 20628 20401 19940 20022 21062 20870 20216 20228 20622 20769 21041 21610 23354 26231
23661 23748 24069 24210 25496 27515 28690 29271 28978 28514 28885 28708 27728 26753 25923 25715 25724 24861 24147 23696 23990 24586 24962 25111 25871 26667 27066 26827 26213 25012 25818 26240 25822 24668 23655 22555 22644 23088 22782 19793 18412 17436 16814 16593 17800 21097 22047 21463 21288 21601 21688 22955 23851 25356 25822 25692 24336 23109 21872 21406 20343 19046 19100 20666 21209 20762 19719 20630 20405 20401 20250 20310 20453 20615 21073 22513 24660
23690 23789 24204 24485 25247 27076 28746 28772 27346 26756 27446 27605 26825 26186 25688 25001 24625 24197 23203 22441 23230 23679 24330 23989 25303 25643 25981 25915 25508 24864 25074 26130 25698 24739 23872 22930 23115 23614 22633 19868 18251 16854 16634 16718 17393 20661 22015 21420 21119 21327 22064 23132 24103 25057 25212 25056 24235 23016 22006 21068 18838 18304 18516 19246 21636 21953 20283 21073 21159 20642 20104 20313 20305 20537 20975 21799 23585
23852 24116 24388 24672 25325 26620 28456 28115 26814 26888 27116 26856 25854 24918 24455 23886 23380 23400 23499 23332 23405 23496 23583 23865 24241 23277 23955 25832 25756 25433 25817 26063 25395 24418 23999 23614 23295 23811 23596 21865 19823 17792 16653 17390 19036 21480 21965 21241 20795 21465 22351 23202 24182 24568 25073 24691 24491 23153 22009 21461 19303 18509 18576 19414 21622 22179 21123 20342 20319 20092 20174 20287 20316 20722 20806 21008 22588
24124 24298 24442 24813 25755 26886 27708 27303 26897 26936 27163 26282 25164 24005 23552 23290 23218 23459 23516 23200 23275 23080 23081 22884 23511 23818 24104 25709 25736 25782 25964 25628 24678 24151 24016 23647 23195 23016 23530 23407 22015 20108 19002 19955 21469 22053 21877 21175 20988 21634 22393 23375 23571 24301 25015 24956 24511 23365 22088 21862 20825 19210 19112 20720 21589 21823 21366 20132 20101 20696 20705 20747 20683 20947 20814 20484 22672
23937 23211 23851 24801 26218 27237 27216 27135 27533 27258 26553 25406 24582 23230 22634 22652 22922 23210 23293 23116 22990 22832 22760 22848 23245 23983 24300 24525 24844 25255 25415 24725 24174 23996 23825 23271 23045 22864 23254 23348 23204 22621 22455 22713 22586 22049 21365 21047 20875 21421 22397 23218 23204 24170 25002 25083 24355 23794 22643 22063 21800 21517 21284 21161 20973 20658 20679 20174 20149 20697 21427 21486 21501 21543 21066 21677 23991
23728 23758 23479 24613 25817 27082 27572 28027 27778 26912 25776 24321 23535 22802 22628 22593 22801 22996 23035 23022 22736 22635 22629 22630 22595 23205 23695 24263 24268 25345 25286 24562 24337 24165 23887 23026 22870 22899 22839 22733 22624 22488 22576 22529 22149 21388 21093 20987 20897 21187 21593 22602 23040 23949 24950 25188 25100 24385 23446 22602 21933 21383 21293 20801 20387 20374 20317 20207 20291 21064 21636 21702 22035 21851 21419 23538 25559
23649 23553 23513 24448 25361 25696 27765 28138 27643 26521 25698 24442 23986 23290 23073 22963 22889 22908 22998 22915 22811 22646 22922 22772 22725 23100 23685 24125 24267 25193 25317 25145 24989 24543 23856 22914 22683 22672 22500 22480 22120 21547 21584 21437 21250 20910 20920 21168 21382 21481 21708 22222 22889 23658 24352 25253 25722 25003 24097 22809 22153 21690 21309 20787 20719 20875 20924 20710 20606 20643 21498 21990 22479 22496 23428 25486 27470
22765 23338 23662 25016 25819 25431 26187 27328 27356 26567 25627 24639 24176 23855 23495 23328 23125 22927 22784 22782 22806 23105 23170 23126 23001 23128 23842 24194 24342 25136 25876 26070 25597 24772 23954 23556 22901 22562 22494 22222 21935 21516 21222 21138 21277 20921 20968 21406 21698 21773 21846 22191 22719 23638 24397 25122 25851 25633 24519 23254 22492 22056 22039 21782 21660 21342 21021 20806 20990 21474 21851 21937 22684 23170 24086 26278 27580
21845 22520 23130 24639 25827 25753 27213 27266 27102 26364 25880 24927 24568 24322 24024 23813 23506 23113 22882 22736 23038 23174 22366 22860 23045 23156 23994 24448 24598 24906 25493 26152 25555 23284 23302 23751 23451 22640 22570 22312 21892 21445 21188 21134 21218 20856 21039 21395 21548 21830 21827 22155 22369 23154 23565 24538 25246 25932 25950 24415 23512 23083 22972 22835 23071 22210 21782 20623 20741 21527 22614 22963 23233 23890 25431 26351 26489
21233 21680 22459 23785 24518 25388 27224 28067 28073 27269 26411 25490 25070 24931 24559 24363 24056 23488 23280 23184 23031 23047 21210 22098 23268 23556 23981 24426 24757 24698 25213 25928 25273 22973 23019 23982 23638 22835 22348 21953 21689 21269 21097 21011 20883 20835 20958 21194 21500 21719 21683 21936 22295 22923 23439 23984 24794 25959 26475 25829 24472 24252 24200 24167 24034 23652 22921 22918 22670 22129 22978 23570 23574 24905 25996 25655 25607
21404 21477 21621 22909 23829 25401 27287 28609 28630 27507 26501 25950 25493 25385 25101 24869 24461 23914 23690 23521 23330 23527 23411 23257 23409 23923 24256 24764 25114 25363 26392 27001 26405 25180 24659 24290 23641 22946 22341 21690 21398 21152 21133 21050 21076 21012 21070 21452 21747 21908 21924 22271 22560 23145 23695 24229 24950 26306 27489 27358 26074 25300 25562 25645 25200 24564 24487 23767 23684 23735 24058 24573 25095 25814 26082 25318 25368
21679 21599 21628 22568 23466 25424 27841 29150 28654 27781 26873 26168 25828 25610 25490 25168 24764 24393 24082 23760 23530 23492 23466 23259 23374 24370 25160 26172 26676 26774 27446 27385 26437 25888 25024 24222 23638 23009 22301 21489 21342 21156 21100 21090 21196 21209 21355 21832 21978 22134 22337 22606 22933 23565 24155 24694 25488 26725 27748 27719 27229 26377 26362 26296 25896 25135 24512 24066 24204 24639 24737 24906 25214 25705 25604 25177 24992
22430 21994 22084 22705 24306 26041 27936 29529 29551 28465 27383 26673 26691 26203 25891 25493 25038 24645 24384 24092 23960 23878 23744 23556 24173 25521 26339 27069 27592 27643 27656 27467 26740 25750 24874 23996 23458 22718 22003 21711 21508 21319 21250 21222 21224 21320 21686 22046 22229 22600 22800 23153 23725 24844 25143 25690 26468 27519 28327 27943 27846 26674 27418 27366 26373 25458 25391 24827 24962 25180 25284 25139 25119 25361 24966 24795 24438
22689 22385 22428 23913 25267 26699 28624 29717 29733 29202 28487 27285 27135 26683 26354 26077 25578 24949 24701 24535 24374 24223 24070 24329 25064 26453 27146 28048 28391 28351 27892 27318 26219 25508 25302 23886 23157 22580 22278 22086 21848 21728 21681 21537 21477 21924 22152 22459 22715 22998 23276 23719 24589 25754 26046 26900 27436 28243 29111 28942 28526 27732 27970 27888 27111 26321 26026 25670 25326 25151 25218 24963 25087 25016 24780 24750 24524
23222 22798 23344 25159 26269 27786 29136 29790 29883 29675 28792 27391 27218 26982 26666 26543 26033 25330 25176 24997 24822 24581 24551 25530 26361 27332 28005 28745 28946 28990 28484 26768 25980 25595 25433 23600 23130 22901 22710 22484 22182 22139 22055 21656 21925 22364 22637 22980 23411 23564 23838 24345 25138 26288 26924 27448 27980 28730 29502 30172 30549 30330 30114 29349 28226 26421 25846 25489 25316 25027 24930 25038 25198 24984 24673 24537 24511
24004 23331 24683 26179 27214 28338 29198 29796 29956 29840 28708 27357 27253 27025 26818 26928 26724 25898 25605 25382 25145 25173 25571 26400 26983 27956 28651 29656 29881 29573 28909 27173 26710 25796 25408 23679 23447 23256 23013 22836 22715 22452 22305 22150 22253 22603 23015 23331 23801 24003 24304 24876 25572 27028 27629 28026 28171 29184 30263 30650 31125 31649 31872 30359 28376 26471 25429 25431 25210 24929 24990 24953 24759 24625 24596 24535 24528
24334 24371 26241 28076 28899 29182 29307 29567 29576 29823 29982 28312 27443 27325 27181 27367 27368 26717 26135 26213 26274 26452 27158 27358 27863 28890 29806 30019 29964 29598 29334 27961 27020 25976 24955 24159 23864 23605 23474 23299 23152 22973 22626 22697 22861 23134 23426 23670 24034 24407 24723 24977 26101 27261 27938 28386 28957 29970 30548 30830 31160 31931 32168 31492 29210 26830 24882 24485 24566 24474 24299 24170 24483 24541 24491 24114 23796
25777 26260 27887 29256 29614 29409 28876 29398 29354 29791 30160 29494 28409 28903 28408 28730 28706 27100 27076 27120 27174 27312 27687 28205 28528 29677 29972 30022 29613 29441 29589 29231 28039 26396 25073 24464 24200 24048 23877 23694 23589 23354 23288 23336 23249 23688 23911 24313 24645 24864 24958 25848 26940 27929 28582 29483 30442 30829 30603 30628 30898 31931 32205 31840 29218 26885 25203 24649 24187 24227 24324 23962 24034 23970 24057 23928 23693
28277 28704 29408 29471 29703 29239 28267 29212 29230 29375 29881 29846 30104 30084 29730 29098 28901 28677 28708 28334 28325 28469 28481 28962 29501 29606 29747 29719 29267 29558 29504 29487 28986 27286 25537 24716 24612 24399 24255 24142 24044 23929 23985 23933 23996 24122 24533 24881 24505 25357 25974 26523 27682 28740 29857 30686 30848 30809 29915 29996 30571 31255 31567 31334 29123 27003 25363 24554 24427 24239 24349 24329 24143 23693 23745 23613 24026
29191 29558 29463 29413 29493 29220 28788 28914 28889 29010 29154 29586 30076 29937 29687 28944 28802 28896 28949 28933 28819 29286 29166 28950 29479 29527 29524 29294 29277 29378 29348 29455 29175 27700 26389 25018 24789 24585 24583 24448 24342 24419 24342 24410 24458 24554 24791 25201 25194 25804 26398 26997 27807 29103 30160 30844 30932 30250 29097 29546 29793 29938 30089 29817 28498 26955 25967 24705 24593 24327 24519 24364 24254 23807 23969 24099 24774
29195 29589 29374 28959 29040 28731 28761 28723 28648 28502 28564 28584 28963 29356 29421 29073 28729 28766 28881 28829 28885 29283 29243 27938 27315 28741 29090 29175 29119 29166 29401 29402 28824 27886 27248 25675 25143 24912 24819 24762 24729 24977 24983 24923 24966 24990 25411 25860 26329 26731 26590 27365 28250 29492 30124 30486 30175 29040 28560 28452 28376 28419 28486 28266 27833 27156 26031 24800 24745 24512 24382 24538 24366 24285 24871 25250 25891
27786 28806 29051 28851 28941 28719 28533 28578 28520 28411 28518 28343 28355 28708 28695 28669 28550 28484 28579 28500 28698 28821 28651 27169 26622 28266 28880 28905 28787 28589 28438 28811 28767 28929 28330 26763 25931 25610 25309 25152 25448 25610 25599 25480 25432 25574 26157 26371 26935 27132 27160 28494 29475 29929 30196 30006 29262 28383 27797 27318 27150 27133 27358 27235 27469 26997 25404 25137 25183 25024 24834 24686 24675 25229 25355 26150 26641
26514 27236 28413 28559 28692 28559 28263 28228 28149 28066 28099 28280 28333 28213 28193 28443 28523 28402 28351 28196 28380 28270 28242 28328 28404 28869 28889 28658 28470 28327 28244 28690 28954 29071 28826 28143 27635 27096 26290 25622 26044 26048 25790 25919 25965 26288 27143 27472 27956 28478 28626 28904 29545 30583 30941 30060 29048 28222 27249 26737 26271 26164 26308 25656 26404 26952 26617 25837 26015 25889 25515 25425 25583 26027 26032 26705 27162
25923 26591 27106 27694 28263 28226 28050 27968 27894 27787 27941 28080 28117 28154 28017 28319 28298 27899 28108 28049 28153 27782 28064 28764 28817 28534 28869 28788 28660 28423 28291 28671 28969 29141 29313 28660 27854 27653 27104 26255 26218 26034 26541 26929 27364 27400 27584 28159 28567 29070 29746 30055 29125 30281 30989 29938 28988 27823 26682 25733 25588 25416 25634 25232 25849 26751 26605 26686 26603 26464 25998 25804 25868 26443 26966 27466 28264
