Alternative/Moon/Lvl0_30x30/Ele_EF.asc
ncols         335
nrows         335
xllcorner     -3292508.343
yllcorner     -6727166.958
cellsize      10000
nodata_value  -9999.0
[rows 136 to 169 of 335, columns 77 to 153 of 335]
18642 17932 16897 15992 15818 15588 15527 15653 15643 15614 15513 15537 15460 15345 15369 15370 15515 15427 15426 15423 15522 15718 15911 15894 16094 15443 16158 16383 16134 15967 16213 16031 15995 16551 16695 16669 16826 16876 17199 17653 18349 19893 20781 20682 20008 19859 20172 20237 20187 19833 19964 19374 19586 20025 19874 19664 19837 20221 20287 20242 20182 20262 20420 20577 20642 20627 20562 20412 19878 19525 18652 17350 16549 15656 15466 15417 15406
18655 17963 16776 15906 15843 15513 15758 15813 15691 15561 15500 15572 15421 15332 15320 15343 15439 15322 15373 15476 15480 15594 15863 15874 16045 16182 16716 16719 16323 16143 16250 16511 16481 16504 16572 16604 16746 16957 17023 17089 17261 19064 20602 20697 20614 20288 20327 20384 20335 19820 19552 19360 19561 19520 19408 19414 19580 19800 20038 20114 20027 20082 20217 20454 20450 20335 20013 19774 19404 18897 18510 17319 16479 15490 15394 15340 15313
18962 18057 16812 15824 15720 15772 15762 15873 15790 15737 15551 15498 15644 15581 15343 15339 15407 15389 15495 15483 15511 15420 15664 15771 15847 16287 16323 16607 16452 16082 16665 16654 16541 16578 16516 16537 16697 17054 17073 16819 17251 18350 19554 20602 20612 20465 20333 20389 20219 19884 19476 19140 19115 19127 19099 19172 19379 19382 19844 19911 19764 19701 19612 19552 19575 19439 19371 19289 19051 18682 18161 17301 16811 16426 16056 15647 15547
18762 17438 16514 16027 15860 15921 15847 15841 15821 15757 15694 15626 15556 15628 15612 15409 15465 15541 15533 15427 15460 15451 15454 15463 15534 15747 16165 16272 16304 16055 16265 16671 16589 16456 16441 16504 16550 16744 15946 16348 16774 17650 18385 19678 20267 20289 20156 20272 20049 19950 19825 19617 19429 19176 19113 19334 19500 19948 20318 20419 20356 20386 20295 19920 19662 19473 19306 19223 18956 18294 17752 17370 17259 17419 17252 16438 15697
18623 17819 17035 16066 15786 15864 15837 15966 15856 15890 15807 15656 15548 15535 15535 15447 15475 15535 15539 15411 15415 15445 15422 15406 15420 15395 15722 15892 16048 15911 16481 16479 16317 16192 16270 16363 16446 16817 16960 17202 17221 17509 18241 19153 20039 20273 20291 20277 20014 19844 19801 19738 19479 19267 19243 19623 20107 20430 20448 20260 19964 20249 20414 20678 20525 20045 19956 19610 18800 17883 17331 17153 17101 17396 17368 17190 16893
18554 18235 17302 16247 15777 15885 15931 15908 15945 15872 15848 15696 15801 15672 15533 15440 15428 15494 15516 15396 15391 15388 15407 15476 15497 15485 15501 15712 15849 16008 16432 16390 16158 16322 16301 16346 16428 16760 16870 16860 17040 17366 18218 19175 19991 20457 20782 20760 20590 19982 19773 19678 19573 19315 19378 19836 20423 20413 19530 18156 17584 18133 19708 20939 21239 21163 20639 19619 18705 17720 17192 17056 17034 17204 17266 17332 17346
18519 18179 17480 16627 15814 15871 16003 15926 15864 15988 16028 15909 15928 15555 15388 15684 15755 15425 15425 15440 15370 15362 15360 15408 15459 15554 15613 15657 15815 15927 16149 16291 15971 16304 16331 16276 16345 16508 16706 16735 16874 17035 17951 18959 20183 21019 20695 20855 20755 20475 19832 19808 19864 19725 19659 20209 20276 19349 17567 15780 15177 16128 18145 20390 21305 21354 20672 19694 18895 17992 17220 16976 16871 16885 17072 17220 17539
18825 18248 17482 16812 15905 15806 15855 15851 15797 15832 15953 15801 15745 15533 15622 15606 15565 15411 15414 15475 15780 15627 15382 15384 15454 15569 15698 15898 15900 15726 15962 16041 15944 16009 16016 16116 16166 16044 16309 16607 16826 17032 17657 18766 20122 21051 20422 19691 20792 20798 20220 19880 19921 20067 19883 20308 20486 19092 17337 15826 15445 16545 18510 20771 21569 21474 20897 20105 19253 18327 17571 17106 16963 16935 17057 17239 17150
19210 19062 18485 17259 16015 15525 15677 15784 15752 15760 15772 15618 15632 15563 15420 15461 15466 15386 15502 15569 15811 15629 15535 15443 15420 15411 15627 15632 15632 15608 15697 15820 15650 15579 15762 15859 15774 16019 16378 16583 16831 17148 17547 18664 19868 20738 20562 21299 21138 20496 19895 19784 19813 19896 19653 20109 20589 20575 19226 18305 18004 18905 20257 21247 21590 21343 21064 20383 19723 18671 17991 17481 17342 16966 17100 17032 16962
18389 18700 18661 18079 16755 15740 15707 15711 15694 15681 15652 15492 15465 15484 15480 15492 15459 15544 15489 15552 15563 15570 15703 15631 15511 15424 15531 15515 15459 15493 15570 15521 15538 15484 15525 15589 15766 15966 16056 16541 16803 17229 17588 18352 19853 20819 21392 21502 21117 20410 19782 19728 19752 20171 20153 19918 20409 20570 20650 20626 20534 20896 21292 21328 21230 21169 21092 20422 19743 18852 18618 18442 17859 17360 17146 17225 17187
17236 18904 19208 18216 16916 15938 15822 15811 15849 15736 15593 15491 15448 15454 15446 15493 15469 15590 15477 15447 15586 15548 15798 15691 15593 15567 15495 15443 15415 15485 15482 15486 15453 15498 15465 15496 15652 15746 15780 16125 16706 17249 17580 18547 19508 20816 21354 21253 20696 20270 19904 19831 20103 20564 20551 20472 20148 20085 20451 20671 20775 20815 20865 20862 20887 20898 20908 20275 19371 18988 19235 18535 18270 17387 17647 17659 17536
18249 19409 19601 18476 16577 15943 15921 15799 15750 15718 15537 15509 15520 15578 15519 15446 15442 15454 15465 15458 15448 15487 15605 15564 15567 15534 15470 15458 15459 15538 15555 15519 15451 15497 15533 15545 15627 15696 15777 15946 16480 17403 18115 19476 19530 19999 21147 21174 20742 20273 20046 20218 20559 20929 21232 21135 20743 20640 20649 20846 20852 20823 20842 20741 20614 20613 20797 20424 19730 19743 19626 19316 19141 18401 18388 18433 18249
19402 19744 19525 18178 16401 15803 15872 15854 15744 15633 15622 15714 15737 15586 15548 15445 15484 15493 15621 15615 15645 15717 15662 15527 15516 15455 15469 15482 15462 15545 15592 15623 15603 15587 15553 15621 15680 15809 15962 16226 16877 17840 18906 20256 20826 21094 21224 21176 20750 20549 20381 20432 20734 20861 21275 21247 20683 20995 21131 21225 21203 21132 21157 21115 20998 20624 20532 20410 20143 20191 20183 20004 19649 19623 19575 19499 19417
19782 19741 18991 17744 16331 15915 15779 15916 15868 15874 16220 16228 16110 16245 15802 15697 15677 15520 15637 15715 15764 15937 15803 15537 15654 15702 15446 15472 15483 15511 15601 15589 15593 15768 15882 15733 15720 15877 16406 17103 17710 18737 19968 21082 20837 20873 20807 21181 20855 20544 20546 20283 20680 20884 21082 21128 21198 21359 20861 21267 21371 21325 21282 21324 21266 20854 20481 20160 20127 20151 20169 19942 19659 19681 19733 19777 19688
19463 18823 17999 17162 16247 16133 16152 16516 16632 16448 16487 16499 16217 16934 17210 16095 15774 15662 15797 15953 16176 16187 15858 15744 15736 15725 15635 15745 15729 15641 15600 15622 16069 15922 16009 16226 16121 16311 17109 17859 18388 19711 20780 21513 21507 20229 20875 20997 20734 20373 20226 20688 20809 20852 20909 20923 21316 21495 20705 20182 21403 21673 21593 21507 21401 21136 20754 20290 20069 19938 19350 19670 19775 19636 19501 19371 19315
18388 18146 17515 16846 16622 17269 17557 17027 16407 15550 15465 15469 15430 16737 17171 16443 16078 15924 15907 16001 16028 15986 15926 15949 15883 15674 15740 15750 15734 15690 15658 15951 16393 15352 15124 16299 16617 17236 17869 18516 19051 19956 21034 21238 21417 21255 21031 20781 20350 20388 20652 21059 21137 21048 20833 20922 21313 21513 20237 19241 20480 21697 21733 21814 21570 21249 20768 20402 20492 20249 19945 19674 19480 18875 18217 18096 18760
18088 18135 17848 17475 17418 17743 17704 16503 15559 15459 15619 15560 15244 15349 16893 16776 16379 16349 15998 15915 15753 15902 15943 15967 15871 15835 15724 15770 15740 15764 15834 16049 16497 16707 16648 17606 17758 18201 18544 19441 20280 20806 21165 21245 21230 21125 20858 20848 20726 20829 20851 20896 20907 21248 21239 21207 21249 21269 19941 19883 21134 21739 21691 21761 21399 20896 20750 21021 21029 20666 19996 19590 18995 17859 17241 17172 17718
18099 18230 18251 18013 18006 17999 17777 16620 15840 15385 15550 15271 15279 15314 16086 16644 16590 16498 16086 15909 15884 15882 15955 16092 15913 15929 15893 15851 15880 15924 16037 16187 16506 17087 17389 18279 18808 19251 19735 20837 21244 21273 21253 21220 21032 20938 20808 20925 21165 20984 20081 18645 18361 19713 21119 21321 21219 21209 21071 20979 21234 21267 21453 21440 20968 20916 21148 21088 21154 20748 20271 19475 18913 18145 17617 17373 17251
17875 18187 18386 18606 19004 19042 18600 17663 16893 16300 15812 15470 15851 16217 16650 17256 17088 16361 16232 15893 15970 15961 16090 16025 15940 15975 16103 16107 16040 16280 16563 17083 18097 18166 17938 18122 18821 19649 20559 21115 21413 21390 21261 21192 21070 20869 20756 20884 21166 20479 18107 16587 16259 17883 20165 21406 21229 20901 20835 21085 21133 21094 21336 21286 21044 21248 21299 21224 21122 21221 21198 20695 19722 19065 18554 18006 17988
17841 18035 18584 19142 19638 19821 19598 19339 19126 18462 17622 17241 17504 17756 18314 18561 17982 17210 16673 16364 16140 16188 16440 16502 16450 16552 17289 17343 17372 17906 18247 17612 18458 19705 19572 18195 18922 20108 20612 20886 21282 21365 21338 21081 20939 20825 20578 20632 21051 20974 19401 18066 18026 19528 21200 21381 21162 20840 20781 20964 21047 21089 21016 21114 21301 21336 21139 21316 21210 21215 21281 21290 20854 20317 19802 19453 19345
18048 18292 18953 19684 19985 20112 20066 20007 20057 20176 19991 19555 19417 19066 19339 19181 18929 18383 17943 17614 17196 16843 16597 16955 17023 17665 18094 18665 18909 19417 20347 20307 20558 20660 20499 19716 19554 20437 20756 21062 21224 21378 21366 21225 20999 20741 20362 20405 20562 21046 21056 20920 21005 21109 21070 20854 20923 20885 20501 20511 20921 21081 21043 21163 21277 21491 21513 21476 21457 21491 21155 21256 21698 21757 21490 21142 21024
18374 18773 19230 19443 19363 19002 18745 18713 19330 20213 20607 20535 20208 19602 19696 19376 19290 18805 18653 18705 18632 18253 17779 17470 17497 18307 18859 19451 19947 20568 21947 22533 22416 21685 21575 21537 20774 21047 20969 21218 21340 21413 21367 21261 21042 20585 20255 20164 20303 20599 20985 20959 21056 21083 20708 20382 20490 20694 20486 20895 21032 21002 21027 21214 21388 21454 21564 21676 21772 21947 21893 21922 21915 22087 22218 22312 22212
19022 19368 19250 18116 16842 15912 16007 16122 16823 18698 20646 21153 20921 20152 19693 19124 18829 18692 18740 19082 19462 19508 19475 19181 19392 19517 19778 20233 20498 21589 22971 23350 23367 23098 23051 22594 22230 21208 21261 21660 21877 21840 21456 21133 20961 20551 20150 20130 20166 20303 20244 20270 20231 20338 20471 20442 20437 20467 20516 20695 20843 20880 21017 21149 21169 21459 21657 21757 21933 22294 22320 22154 22105 22115 22321 22364 22241
19305 19463 18241 16280 14810 14339 15138 15855 16252 18178 20436 21193 20834 20148 19327 18586 18279 18494 18736 19544 19746 19964 20462 21000 21171 21178 20900 20774 20849 21818 23062 23354 23252 23108 22839 22943 22654 21702 21523 21461 21890 21953 21605 20993 20764 20640 20235 20183 20138 20209 20226 20203 20141 20128 20172 20208 20314 20391 20444 20621 20780 20839 20997 21167 21246 21367 21603 21759 21987 22304 22315 21404 20453 20426 21155 21425 21077
19335 19440 17925 15825 14292 14181 14805 15270 16354 18484 20583 21172 20815 19982 19079 18402 18307 18386 18848 19548 19945 20133 20855 21375 21549 21504 21095 21628 21720 21978 22638 22576 22730 22804 22774 22752 22637 22396 21839 21821 21932 21903 21501 21229 20952 20557 20369 20262 20199 20404 20350 20415 20419 20256 20204 20330 20358 20407 20477 20685 20782 20907 21069 21182 21244 21510 21691 21749 21978 21975 21322 19441 18388 18292 19689 20524 20189
19269 19190 18335 16491 15123 14891 15480 15884 17254 19244 20981 21034 20484 19815 18861 18460 18483 18422 18961 19609 19965 20357 20699 21195 21283 20174 19721 21313 21636 21505 21881 21930 22007 21852 22084 22182 22426 22474 22083 21976 21990 21940 21661 21410 21121 20828 20490 20222 20256 20449 19215 19261 20494 20304 20351 20363 20313 20449 20503 20653 20834 21062 21073 21142 21361 21489 21702 21350 21453 21632 21209 19865 18874 18358 19467 19830 19430
19310 18980 18216 18176 18083 17840 18073 18594 19377 20690 20864 20679 20231 19488 19000 18713 18612 18580 19046 19575 19630 20241 20410 20797 20854 19808 19865 20712 20685 20214 20400 20773 20731 20747 21095 21404 21703 22118 21989 22007 22043 21805 21538 21327 21143 20863 20676 20273 20311 20460 20411 20609 20642 20339 20246 20247 20240 20489 20612 20588 20847 21116 21287 21174 21344 21352 21221 21060 20695 20725 20547 19980 19470 19066 19167 18928 18572
19541 19490 18702 18823 19618 20068 20362 20493 20512 20661 20540 19935 19359 19076 18928 18762 18500 18411 18716 18502 18353 18650 19140 19473 19556 19822 19881 19812 19810 19740 19611 19359 19421 19678 19903 20710 20805 20933 21478 21842 21802 21557 21170 21050 20953 20651 20601 20518 20544 20278 20170 20217 20342 20273 20301 20165 20264 20513 20737 20881 20987 21237 21031 21300 21559 21359 21214 20974 20495 19995 19274 18568 18957 19025 18988 18462 18208
19478 19486 18826 18637 19242 19566 19755 19746 19739 19647 19268 18811 18390 18209 18146 18027 17940 17880 18036 18244 18416 18533 18185 17736 18478 19075 18973 18869 18720 18566 18723 18500 18574 18974 19179 19316 18685 19303 20966 21521 21527 21377 21155 20929 20778 20595 20612 20523 20547 20490 20403 20274 20121 20162 20203 20214 20427 20548 20397 20642 21053 21205 21038 21390 21530 21321 20908 20568 19976 19459 18679 17856 18236 18779 18560 18524 18343
18836 18790 18641 18686 18857 18975 18948 18738 18632 18374 18125 18029 17908 17914 17863 17857 17850 17740 17803 17783 17967 17934 17977 17934 18134 18233 18106 17983 17852 17894 18075 18005 18112 18282 18289 18599 19205 19866 20511 20736 21337 21376 21035 20883 20745 20661 20597 20482 20609 20541 20444 20308 20344 20183 20322 20315 20454 20521 20516 20975 21038 21127 21000 21155 21223 21051 20741 20373 19680 19093 18422 18087 18399 18806 18714 18652 18436
18579 18531 18426 18603 18632 18651 18699 18367 18092 17922 17895 17864 17841 17817 17810 17801 17900 17801 17903 17755 17949 17895 17800 17767 17912 17939 17870 18005 18084 17858 18066 18148 18088 18262 18367 18352 18616 19084 19189 19831 20478 20874 20906 20660 20766 20712 20764 20655 20630 20552 20630 20710 20621 20584 20449 20449 20664 20746 21060 21143 21133 21038 21022 21171 21140 20909 20381 19576 19163 18759 18259 18195 18628 18796 18042 16619 17793
18668 18622 18469 18391 18360 18456 18407 18215 18219 18176 18027 17906 17930 17869 17988 18076 18206 18130 17794 17860 17854 17809 17736 17707 17786 17932 17829 18019 18113 17815 17943 18168 17994 18116 18124 18223 18434 18686 19000 19110 19680 20211 20390 20889 20896 20774 20801 20730 20725 20754 20686 20502 20433 20830 20685 20862 20973 21211 21181 21361 21306 21099 21057 21054 21066 20983 20386 19413 18915 18506 18068 17790 18279 18662 18552 18186 18286
19027 19043 18587 18380 18521 18876 18775 18658 18641 18578 18162 18184 18281 18066 18205 18178 18183 18132 18047 17818 17826 17783 17727 17705 17691 17693 17709 17892 17892 18065 18179 18183 18178 18380 18380 18418 18526 18798 19098 19547 19831 20005 20637 21182 21118 20981 20774 20714 20804 20913 20855 20700 20812 20999 20990 20991 21173 21320 21230 21343 21257 20929 21277 21311 21060 20915 20233 19563 18908 18574 18485 18345 18423 18367 18361 18303 18207
19836 19657 19198 18859 19288 19340 18932 19051 19210 19080 18721 18474 18291 18281 18240 18208 17950 18083 18000 17729 17722 17879 17748 17708 17704 17707 17726 17864 17931 18053 18349 18323 18412 18384 18764 18722 18700 18872 19075 19436 19776 20441 21311 21630 21610 21057 20806 20837 20901 20944 20845 21002 20931 20995 21029 21019 21138 21180 21031 21186 21196 21192 21404 21446 21074 20668 20279 19701 19142 18620 18599 18292 18193 18077 18074 18055 18083
