Alternative/Moon/Lvl0_30x30/Ele_BE.asc
ncols         335
nrows         335
xllcorner     -6642508.343
yllcorner     3322833.042
cellsize      10000
nodata_value  -9999.0
[rows 204 to 237 of 335, columns 154 to 230 of 335]
15858 15700 15792 15725 15813 15974 16062 16106 16355 16398 16602 17021 17448 17699 18030 18749 19169 18505 16747 15862 14319 13581 13197 13087 12991 12993 13307 13241 13293 13428 13827 14561 15430 16461 17112 19195 18981 18298 17887 17759 17602 18003 17977 17290 16705 17342 17947 17801 17845 18130 17988 17520 17456 17180 16801 16820 16749 16787 17124 17277 17715 17761 17228 16827 16762 16745 16738 16738 16810 16827 16862 17094 17077 16925 17004 16988 16979
16074 15300 16050 15973 15908 16013 16058 16255 16526 16914 17226 17282 17430 17659 17983 18387 18785 18118 16573 15690 14295 13451 13206 13174 13138 13177 13617 13783 13426 13649 14280 14931 15912 17032 17238 19257 19092 18459 18072 17869 17514 17298 17281 17079 17403 17519 17703 17711 17649 17690 17443 17227 16912 16898 16806 16751 16713 16717 16914 17466 17825 17814 17281 16812 16768 16759 16749 16724 16780 16732 16820 17041 16906 16884 16971 17126 17021
15953 15966 16015 15998 16047 16311 16550 16033 15912 16479 16434 17066 17284 17409 17745 18288 18760 18541 17186 15884 14553 14040 13566 13295 13278 13270 13331 13686 13984 14124 14530 15156 16414 17166 18165 19187 18955 18362 18042 17689 17463 17327 17342 17428 17533 17567 17371 17432 17506 17471 17156 16864 16928 16887 16832 16780 16857 17130 17714 17736 17952 17868 17689 17262 16886 16767 16772 16736 16715 16703 16716 16730 16758 16787 16832 17058 17151
15757 15780 15958 16096 16149 16212 16506 16614 16905 17000 17059 17157 17457 17450 17503 17982 18576 18673 18367 16369 15517 15234 14326 14310 13877 13650 13715 14083 14850 15178 15549 16422 17482 18414 19402 19070 18645 18088 17664 17419 17187 17270 17558 17710 17740 17803 17669 17044 17172 17197 17101 16878 16832 16735 17171 17236 17366 17465 17760 17744 17655 17616 17944 18338 18203 17283 16751 16831 16740 16705 16706 16717 16741 16766 16809 17132 17250
15716 16146 16398 16412 16450 16236 16496 16566 16705 16905 17341 17633 17638 17467 17555 17858 18212 18681 18819 18047 16492 15942 15880 15451 14546 14645 14767 14776 15366 16075 16696 17265 18278 19064 19376 19001 18344 17898 17530 17355 17143 17207 17515 17740 17794 17812 17650 17262 17008 16982 16843 16958 16909 16946 17356 17472 17570 17559 17550 17453 17393 17423 17985 18279 18517 17882 17045 16699 16685 16684 16724 16777 16745 16746 16750 17025 17139
15769 16396 16643 16767 16962 17202 16855 16872 16932 17168 17472 17555 17421 17339 17385 17366 17601 17991 18946 18893 17957 17695 17505 16897 16285 16030 16387 16426 16940 17145 17606 18451 19206 19280 18916 18119 17899 17771 17427 17075 16969 17080 17348 17685 17705 17533 17465 17314 17228 17313 17338 17456 17582 17510 17685 17658 17587 17346 17295 17274 17140 17497 17923 18500 18581 17980 16998 16663 16657 16674 16682 16715 16699 16715 16726 16901 17049
16250 16408 15435 14354 16226 17261 17278 16968 17037 17082 17119 17194 17253 17266 17194 17261 17219 17367 17863 18535 18847 19261 19327 18898 18378 18737 18707 18301 17808 18230 19051 19377 19374 18959 18593 18024 17870 17572 17319 17026 17027 17303 17340 17376 17467 17424 17436 17309 17309 17510 17624 17855 17923 17421 17351 17583 17381 17410 17277 17288 17461 17702 18081 18335 18294 17675 16669 16654 16646 16652 16654 16669 16670 16681 16688 16784 16884
16295 16692 15813 14624 16162 17284 17359 17024 17005 16972 16978 17514 17632 17206 17004 17183 17172 17408 17375 17834 18582 19036 19389 19369 19423 19421 19553 19411 19159 18894 19012 19052 18914 18642 18250 17964 17761 17422 17317 17445 17395 17365 17333 16497 16854 17047 16677 16345 17205 17295 17464 17646 17807 17733 17620 17736 17679 17597 17396 17264 17451 17706 17769 17876 17791 16695 16603 16638 16627 16621 16632 16629 16651 16663 16668 16685 16829
16385 16832 16810 16833 16991 17215 17016 16734 16651 16602 16929 17549 17734 17165 16728 16847 16977 17196 17223 17358 17888 18218 18308 18609 18834 18791 18872 18868 18719 18469 18350 18369 18292 18177 17950 17570 17258 17039 17346 17242 17098 17271 17488 17412 17294 17365 16659 16785 17054 17017 17432 17679 17540 17618 17690 17409 17511 17702 17231 16865 17355 17701 17687 17476 17532 16730 16578 16610 16603 16589 16591 16591 16604 16602 16607 16719 16813
16084 16352 16599 16709 16752 16680 16458 16360 16429 16430 16786 17137 17286 16912 16940 16772 16981 17003 16930 17145 17412 17584 17627 17731 18184 18509 18599 18465 18092 18017 18130 18190 18102 17735 17494 17430 17395 17490 17567 17149 16454 17448 17750 17563 17261 17264 16600 16832 16812 16855 17119 17346 17289 17429 17693 17595 17284 17330 17037 16661 17006 17117 16961 16458 16741 16503 16503 16567 16568 16552 16546 16549 16559 16592 16614 16621 16791
15972 16014 16021 16018 16193 16141 16126 16321 16213 16199 16243 16452 16757 16741 16924 17200 17297 17146 16878 16977 17127 17164 17189 17361 17564 17819 17840 17845 17843 17737 17823 17952 17884 17667 17614 17692 17577 17348 17393 17386 17223 17555 17494 17299 16973 17040 17123 17126 16754 16858 17115 17229 17455 17527 17551 17319 16758 16539 16504 16650 16610 16706 16390 16388 16545 16487 16463 16474 16503 16470 16492 16474 16523 16539 16552 16683 16739
15647 15684 15983 16242 16375 16100 16065 15975 15889 15908 16012 16085 16322 16575 16778 17022 16719 16608 16847 16877 16898 17015 17227 17347 17614 17857 17836 17692 17739 17657 17405 17238 17411 17387 17164 17354 17412 17723 17678 17558 17489 17333 17085 17033 17171 17134 16985 16897 16771 16987 17116 17179 17500 17495 17413 17475 16994 15949 16288 16809 16883 16805 16463 16542 16588 16580 16509 16427 16433 16421 16438 16431 16545 16568 16524 16802 17070
15827 15717 15997 16243 16421 16261 16606 16658 16411 16259 16423 16000 16155 16410 16696 16645 16667 16890 16814 16855 17162 17229 17249 17029 17306 17495 17513 17249 17321 17382 17105 16976 16808 17265 17411 17393 17699 17849 17661 17508 17466 17289 17035 17016 17260 17380 17395 17297 17066 16984 16818 17046 17252 17329 17322 17400 16894 16390 16616 17316 17345 17164 17082 16815 16577 16545 16420 16366 16370 16350 16378 16543 16533 16533 16503 16457 16779
15903 15948 16198 16470 16825 16804 16787 16557 16596 16422 16382 16039 16209 16222 16246 16616 16814 16815 16571 16777 17012 17024 17249 17080 17091 17009 17172 16443 15715 16394 17021 17001 16954 17010 17003 17116 17328 17414 17304 17410 17250 17113 17182 17297 17441 17539 17545 17470 17315 17171 17102 17146 17176 17123 17155 17108 16830 16913 17481 17615 17484 17547 17052 16351 16452 16546 16646 16775 16839 16569 16279 16432 16513 16418 16437 16301 16304
16070 15909 16097 16572 16874 16910 16180 14553 15278 16144 16122 16060 16401 16389 16445 16644 16684 16695 16549 16651 16044 15643 16859 16746 16920 17094 17279 16290 16571 16998 17176 16973 16747 16844 17165 17269 17296 17314 17277 17452 16932 16327 17420 17209 17072 17258 17388 17355 17101 16997 17050 17123 17166 17198 17166 17075 16915 17018 17580 17779 17759 17791 17436 17525 17274 16895 17263 17330 16840 16428 16366 16315 16273 16333 16431 16344 16312
16181 15979 16315 16272 16362 16668 16635 15769 16625 16622 15996 16488 16562 16495 16520 16374 16336 16357 16448 16535 16671 16720 16506 16701 16658 16817 16542 16219 17039 17303 17049 16821 16832 16774 17050 17113 17341 17422 17017 16782 17145 17107 17002 16945 16936 16981 17144 17358 17163 16996 16861 17182 17248 17202 17026 16857 16757 16934 17267 17613 17802 18092 18343 18273 18065 17197 17088 16969 16490 16630 16455 16297 16260 16257 16299 16365 16338
15950 15759 16286 16139 16485 16682 16476 16273 16840 16698 16050 16284 15762 15525 16683 16454 16221 16504 16598 16480 16561 16613 16703 16750 16590 16387 16677 17023 17173 17121 16935 16733 16692 16735 16844 17029 16923 16531 16972 17208 17079 17036 16806 16811 16937 16980 17163 17193 17272 17192 16726 16857 17086 17068 16966 17033 16738 16761 16966 17897 18096 18042 18143 18224 18317 18265 18089 17566 16664 16584 16344 16248 16240 16249 16248 16303 16321
15933 15891 16120 16328 16100 16550 16453 16688 16144 15773 15977 15847 16205 16220 16308 16225 16055 16096 16252 16307 16304 16277 16414 16407 16523 16684 16747 16726 17055 16946 16598 16611 16659 16652 16872 17120 17084 16749 16956 17165 16926 16767 16722 16761 16899 17017 17109 17190 17111 16911 16734 16911 17058 17164 17045 16745 16702 16795 16874 17577 17577 17498 17377 17659 18210 18274 18573 17824 16478 16311 16224 16247 16226 16249 16251 16257 16291
16138 15984 16183 16215 15743 16408 16516 16738 16251 15841 16005 15839 16041 16137 16164 15986 15965 16124 16240 16152 16274 16291 16278 16652 16301 16254 16254 16579 16831 16583 16593 16568 16426 16516 16685 17163 17145 17080 17257 17131 16928 16819 16811 16921 16975 16956 17071 17094 16954 16955 16892 16967 16718 16897 16878 17079 17090 17131 17177 16993 17118 17128 17223 17522 17729 17822 17908 17532 16684 16221 16223 16245 16228 16234 16247 16276 16298
16004 15918 15916 15986 16406 16561 16453 16242 16275 16269 15983 16086 16054 16263 16353 15816 16002 16154 16093 16087 16210 16249 16126 16737 16610 16390 16583 16519 16481 16368 16245 16501 16861 16856 16842 16907 17014 17188 17212 17107 16905 16881 16932 16889 16819 16399 16848 16909 16922 16967 17188 17161 16782 16635 16793 17109 17029 17096 17354 17220 17540 17662 17565 17236 17590 17904 17981 17742 16775 16195 16201 16207 16218 16223 16220 16286 16370
15832 15794 15957 16307 16319 16228 16177 16083 16098 16080 15830 16028 16096 16092 16107 16191 16069 16075 16024 15952 16056 16222 16364 16544 16394 16342 16424 16391 16407 16640 16820 16906 17157 17057 16806 16919 16860 16982 16794 16810 16954 17250 17204 16895 16918 16574 16660 16920 16956 16943 17230 17183 16712 16704 16785 17056 17058 17280 17326 17244 17328 17361 16917 16070 16808 17745 17836 17568 16792 16167 16165 16170 16192 16200 16204 16214 16304
16018 15967 16144 16314 16404 16206 15899 16044 16116 16058 16169 15977 16040 16097 16106 16123 16029 16024 15977 15950 16108 16151 16334 16208 16463 16370 16407 16531 16445 16695 16591 16657 17163 17256 17041 16902 16743 16682 16586 16983 17204 17110 16904 16698 16490 16619 16809 16783 16664 16793 17042 17068 17048 17157 17179 16892 17083 17087 17021 16887 16446 16737 16819 16320 16245 16753 17081 16936 16179 16118 16137 16156 16182 16185 16176 16188 16198
15847 15713 16073 15926 15751 16160 15999 16356 16252 15884 15873 15915 16120 16162 16063 16049 16093 16168 16147 16038 16378 16410 16375 16337 16702 16613 16582 16442 15423 16116 16215 16737 17192 17216 17129 16607 16651 16783 16825 16998 17182 17053 16776 16620 16536 16594 16753 16647 16542 16708 16912 17045 17080 17223 17265 16941 16942 16870 16869 17074 17413 17557 17525 16558 16358 16305 16425 16212 16095 16112 16114 16143 16162 16171 16179 16183 16248
15897 15889 16070 15880 15932 15983 16178 16357 16272 16275 15856 16211 16181 16074 16100 16241 16414 16416 16715 16679 16482 16484 16399 16506 16133 16182 16226 16098 16362 16204 16073 16619 16957 17001 16960 16574 16609 16751 16829 16640 16690 16944 16907 16639 16715 16626 16687 16593 16939 17056 16884 16660 16893 16936 16957 16592 16578 16919 17502 17747 18103 18109 17756 17368 16981 16502 16401 16132 16087 16097 16105 16127 16149 16148 16152 16178 16205
15759 15714 15727 15792 15821 15820 16266 16002 15403 15997 16306 16124 16013 16184 16144 16177 16016 16310 16682 16770 16294 16387 16301 16418 16113 15379 16092 16632 16363 16032 16131 16465 16677 16669 16559 16727 16820 16874 16926 16867 16854 16800 16872 16613 16636 16727 16722 16519 16914 17083 17058 17043 17159 17042 16956 16799 17130 17368 17489 17684 17910 17774 17656 17350 16893 16446 16319 16132 16097 16102 16106 16126 16139 16143 16156 16173 16229
15809 15872 16033 16181 16252 16143 16179 16549 16515 16442 16066 15925 16120 16041 16113 16246 16178 16418 16292 16389 16053 16284 16361 15903 16336 16172 16280 16240 15946 16083 16094 16292 16321 16256 16593 16981 16799 16218 16640 16802 16996 17033 16897 16553 16624 16924 16884 16942 17019 17190 17129 17158 17190 17045 17103 16985 17011 17266 17396 17582 17661 17549 17331 16932 16416 16390 16212 16112 16108 16107 16113 16112 16160 16162 16151 16185 16233
15739 15960 15941 16275 16295 16084 16266 16476 16398 16291 16302 16045 16033 16043 16057 16144 16157 16152 16074 16138 16083 16138 16072 16165 16194 16108 16065 16001 16071 16272 16224 16208 16167 16237 16532 16763 16515 16483 17201 16582 16505 16796 16596 16756 16924 16908 17063 16979 16959 17205 17202 17240 17398 17401 17297 16878 16796 17121 17336 17252 17515 17513 16944 16646 16537 16384 16178 16106 16107 16107 16115 16111 16108 16202 16179 16117 16102
15788 15952 15434 15419 16076 15985 16096 16171 16318 16333 16253 16113 16063 16030 16111 16226 16335 16067 15986 16060 15996 15873 15900 16374 16153 16129 16177 16170 16321 16439 16361 16305 16215 16453 16230 16616 16751 16882 17153 16594 17051 16986 16881 16813 16872 16957 17543 17012 16906 17142 17295 17329 17453 17449 16970 16420 16774 16955 17120 17223 17255 17313 17213 16527 16447 16272 16386 16365 16226 16104 16100 16087 16081 16080 16067 16203 16140
15683 15869 15889 15991 16084 15938 16013 15974 16033 16062 16075 15940 16068 16025 16056 16051 16039 16081 16072 16041 15954 16094 16298 16409 16331 16145 16251 16265 15932 14943 16288 16200 16233 16450 16294 16363 16705 16879 16815 16614 16859 16743 16686 16698 16826 17185 17570 17396 17406 17454 17279 17285 17452 17243 16426 17271 17261 17299 17405 17385 17357 17431 17181 16509 16277 16513 16894 16835 16563 16107 16101 16098 16111 16116 16170 16389 16375
15786 15662 15754 15838 15864 16006 16005 15932 15998 16063 16071 15844 16043 15959 16030 16076 16120 16124 16129 16086 16181 16280 16331 16237 16461 16367 16013 16195 16342 16764 16791 16544 16529 16582 16666 16522 16641 16714 16471 16660 16657 16612 16742 16860 16998 17243 17540 17373 17242 17351 17151 17178 17117 17038 16685 17009 17153 17028 16571 16990 17310 17307 16496 16152 16004 16068 16497 16434 16467 16353 16088 16087 16192 16225 16188 16525 16553
16105 16065 15791 15808 15956 15849 15918 15934 15940 15931 15895 16127 15970 15986 15946 16047 16075 16000 16176 16178 16266 16227 16200 16649 16528 15994 16414 16271 16403 16502 16255 16362 16644 16528 16387 16364 16417 16458 16366 16430 16553 16532 16567 16658 16902 17225 17557 17340 17221 17210 17062 17397 17342 16957 16793 16475 16565 16495 16072 15996 16111 16123 16062 16065 15994 15974 16042 16253 16556 16557 16316 16179 16244 16268 16330 16676 16913
16055 15948 15732 15786 15922 15965 15996 15932 15863 15893 15871 16022 15876 15803 15887 15992 15994 16027 16215 16309 16280 16155 16235 16567 15742 15432 16351 16111 16154 16082 16259 16653 16649 16430 16481 16375 16373 16356 16368 16413 16677 16707 16393 16621 16750 16899 17150 17111 17112 17121 16944 17153 17048 16988 17060 17065 16545 15903 15879 15921 15978 16021 16186 16132 16061 16151 16016 16193 16427 16510 16399 16362 16302 16346 16539 16965 16844
15951 15782 15891 16080 16118 16118 16131 15965 15917 15848 15766 15727 15809 15788 15876 15976 15948 15948 15987 16002 15958 16003 16228 15872 15668 16612 16755 16078 16033 16152 16384 16564 16514 16357 16383 16487 16454 16476 16381 16485 16585 16783 16409 16520 16511 16698 16829 16758 16821 16915 16822 16809 16704 16906 17070 17134 16201 15909 15875 15907 15924 15989 16285 16245 16073 15894 15827 16098 16455 16844 16701 16639 16485 16323 16810 16962 15154
15725 15807 15708 15437 16066 15888 16166 16058 15854 15835 15709 15782 15902 15973 16110 16069 15654 15950 15837 15956 15985 16064 16267 16785 16923 16980 16950 16285 16162 16194 16200 16341 16375 16439 16435 16416 16455 16521 16358 16613 16650 16459 16404 16264 16351 16525 16637 16627 16877 16878 16738 16645 16649 16832 17411 17702 17154 15907 15902 15896 15940 16006 16155 16209 15969 15887 15834 15980 16161 16354 16512 16444 16190 16343 16801 16810 14301
