Alternative/Moon/Lvl0_30x30/Ele_DC.asc
ncols         335
nrows         335
xllcorner     -13342508.343
yllcorner     -3377166.958
cellsize      10000
nodata_value  -9999.0
[rows 238 to 271 of 335, columns 0 to 76 of 335]
30111 30015 30052 29959 29959 30002 29856 28844 28213 27155 26734 25975 25699 25400 25275 25160 25038 24945 24655 24609 24628 24565 24783 25263 25491 26131 27049 28101 29048 29919 30470 30347 30616 31057 31155 30941 30919 30479 30175 29589 28763 28332 27596 27055 27234 27223 27159 27149 27257 27305 27483 27561 27357 28052 28751 29670 29945 30271 30371 30493 30853 30703 30872 31884 32321 32983 33233 33482 33310 33465 34275 34449 34463 34189 34008 33658 33715
29166 29357 29360 29390 29364 29462 29198 28016 27761 27375 26614 26166 25997 25786 25436 25134 24946 24535 24502 24450 24494 24549 25063 25266 25594 26360 27277 28533 29400 29951 30127 30325 30695 30896 30668 30510 30721 30761 30585 30299 29860 29563 28327 27133 27081 27290 27788 28010 28037 27819 27826 27917 28252 28783 29481 30135 30241 30134 30232 30369 30459 30484 30839 31442 32321 33113 33377 33495 33593 33618 33419 33782 33797 33668 33096 32778 33215
28998 28711 28683 28769 28845 29047 28764 27693 27535 27227 26649 26569 26886 26774 26109 25539 25251 24962 24741 24480 24329 24590 25052 25255 25944 26566 27090 28549 29164 30001 30468 30321 30106 30348 30336 30283 30561 30881 30749 30546 30255 30251 29052 27811 27824 28113 28500 28362 28124 28079 28535 28808 29245 29739 30214 30482 30257 30535 30457 30300 30541 30831 31361 31640 31680 32366 33002 33234 33195 32945 32781 32634 32784 32913 32697 32266 32951
28738 28290 28268 28098 28067 28194 28330 28233 27706 27221 26531 26538 26999 26675 26532 26290 25809 25559 25265 24483 24351 24435 24743 25576 26827 27713 27268 27889 28957 30081 30400 30296 30023 30353 30343 30116 30497 31120 31001 30999 30819 30532 29714 28910 28545 29308 28967 27468 25836 26199 28373 29566 29543 29796 30361 30582 30592 31009 31079 31069 31135 31552 31579 31824 31874 31844 32434 32605 32773 33232 33653 33381 32770 32910 33029 33584 34020
28066 27618 27142 26933 27367 27967 28456 28793 28828 28246 27179 26822 26722 26667 26659 26195 26095 25927 25907 25776 25519 24946 25446 26699 27747 28651 28836 29142 29694 29993 30213 30365 30308 30223 30502 30639 30630 30915 31033 31115 31062 30688 30157 29708 29037 29484 28512 25479 23645 24057 27051 29867 30007 29450 30148 30583 30724 30897 31220 31445 31568 32458 32795 32862 32667 32732 33197 33005 33138 33384 33704 33613 33699 34072 34376 34576 34876
27417 27085 27296 27297 27681 28199 28717 28940 29128 28347 27372 26762 26745 26281 27020 26716 26074 25995 26542 26669 26469 26308 26870 28052 28652 29318 29733 29872 30299 30499 30304 29891 30061 30253 30430 30450 30572 30833 31013 31053 30833 30464 30380 29591 29566 29794 29070 25989 24571 24878 27486 30142 30089 29894 30373 30830 30872 30701 31392 31561 32000 33412 33413 33118 32790 33617 33774 33728 33397 33288 33624 33553 33869 34565 34865 34929 34758
26695 27135 27657 27987 28417 28636 28849 28860 28928 28550 27656 27542 27148 26897 26759 26812 26658 26481 26723 26883 27449 27715 28126 29126 29568 29608 29629 29695 29901 30137 30090 29710 29935 30217 30383 30340 30448 30732 30763 30358 30228 30341 30245 29420 29385 29601 29825 28632 27031 27150 29305 30236 30023 29973 30223 30751 30808 30899 31580 32165 32249 33255 33389 33219 33116 33717 33932 34095 33819 32896 33385 33673 33987 33985 34374 34303 34392
26646 26621 26563 26916 27701 28488 28640 28643 28707 28747 28798 28310 28136 27688 27170 27307 27315 26899 26338 26889 27552 28113 28494 29274 29707 29739 29413 29676 29857 29612 29467 29612 29928 29949 29646 29353 29826 29980 29850 29787 29363 28959 29354 29266 29339 29558 30047 30320 29947 29913 30534 30311 30111 30148 31100 31470 31372 31411 31447 32253 32350 32077 32211 32235 33113 33375 33865 34145 33757 32658 32961 33322 33634 33647 33632 33713 33899
26649 26313 25912 25178 25875 26908 28192 28607 28861 29175 29186 28563 28182 27783 27254 27361 27494 27359 26979 27762 28103 28237 28522 28593 28722 28918 28914 29073 29199 29245 29197 29723 29894 30006 29875 29292 29209 29225 28493 27993 28173 28792 29415 29456 29662 29797 30070 30320 30356 30526 30596 30249 30426 30586 31168 31662 31988 32034 31740 31317 31459 31849 32089 32079 32620 32945 32992 33412 33230 32434 33024 33477 33876 33921 33899 33699 33946
26617 25802 25032 24938 24980 25937 27351 28384 28733 28832 28724 28215 27743 27429 27070 27343 27550 27695 27327 27497 27571 27467 28073 28198 28285 28311 28276 28380 28602 28894 29274 29552 29902 30042 30085 30029 29483 28372 27392 27572 28040 28133 28814 29275 29389 29923 30343 30340 30244 30150 29975 29854 30009 30150 30665 31435 32052 32136 31856 31972 32402 32727 32429 31779 31937 32002 32765 33424 33329 32683 33310 33667 34136 34224 33861 33597 33702
26884 26301 25301 25173 25409 25967 27601 28310 28351 28292 28184 27864 27705 27701 27630 28118 28321 28367 27868 27679 27690 27625 27783 28105 28173 28165 28177 28361 28469 29100 29281 29426 29884 30122 30228 29985 29594 28546 27908 27746 27728 27940 28112 28736 29322 29930 30374 30335 30318 30188 29365 29599 30026 30206 30395 30207 30833 31677 31530 31876 32247 32579 32473 31449 31248 31863 32133 32569 32739 32507 33611 34406 34433 34077 33692 33230 33540
26275 26104 25937 25805 26143 26959 28196 29072 29038 28112 27581 27203 27288 27236 27659 28243 28872 29377 29142 28857 28521 28178 28524 28796 28837 28766 28388 28333 28710 29310 29535 30332 30752 30730 30332 29992 29999 29534 29370 28706 28095 28146 27817 28264 28475 29321 30192 30395 30528 30761 30141 29624 30041 30307 29981 29551 29584 30389 30454 30962 31402 31604 31595 31050 30525 31678 32114 32170 32695 32539 33542 34308 34298 33883 33774 33185 32755
27056 26376 26491 26877 27280 27934 28612 29143 28860 27931 27361 26403 25604 25569 26527 28176 29046 29353 29173 28800 28471 28271 28583 28783 29030 29096 28598 28441 28519 29224 29781 30252 30665 30777 30821 30624 30987 31034 30470 29061 28117 27927 27738 28130 28748 29332 30048 30416 30417 30893 30370 29626 30143 30348 30043 29809 30226 30280 30208 30068 29962 30130 30155 30120 30540 31331 31545 32166 32159 32350 32646 32921 33457 33453 33204 32407 32231
27522 27246 27304 27204 27545 28393 28555 28664 28583 28113 27876 27588 26894 25706 26928 28150 29137 29167 28302 27513 27805 28135 28457 28415 28843 28874 29652 29662 28878 29306 29748 30117 30180 29976 30349 30643 30813 30898 30486 28809 27407 27405 27775 28484 28800 29486 29651 30232 30305 30022 30071 29753 29486 29592 29777 29859 30169 30241 30259 30043 29498 29229 29396 29680 30570 31182 31578 32154 32494 32449 32194 33744 34372 33750 32170 32134 31896
27476 27639 27610 27308 27016 27923 27976 28269 28435 27816 27495 27319 26703 26947 27563 28182 28609 28556 27539 26502 26442 27109 27900 27744 27777 28993 30277 30357 29636 29085 29722 29595 29291 29457 29902 30297 30346 30471 30384 29118 27693 27542 28228 28811 28889 28982 29203 29620 29735 29496 29285 29303 29268 28677 28687 28746 28801 29111 29634 29394 29039 29007 28844 29007 29954 30637 31340 32482 32491 32655 32786 34268 34703 34152 32958 32345 31911
27556 27415 27276 26922 26268 26740 26941 26968 27242 27265 26417 25822 26508 27118 27564 28086 28758 28711 27081 26045 26004 26893 27992 28379 28649 29205 30284 30349 29929 29180 29486 29385 28657 29003 29622 30104 30067 30084 29881 29016 28177 28392 28447 28777 28828 28902 29245 29492 29740 29589 29748 29668 29422 28832 28517 28355 28316 28264 28393 28327 28362 28376 28553 28934 29996 30695 31259 32010 32173 32813 33075 34105 34549 34073 33189 32476 32034
27651 26996 26975 26778 25982 25414 25502 25794 25929 25991 25613 25333 25893 26779 27213 27371 27961 27964 27541 26915 27453 28735 29455 29711 29711 29325 29312 29025 28794 28860 28849 28602 28345 28350 29126 29591 29734 29325 28650 28363 28174 28346 28600 28698 28779 29075 29228 29284 29583 29517 29614 29667 29500 29593 29516 28918 28178 28224 28230 28365 28408 28408 28434 28615 29603 30499 30982 31730 32047 32648 32840 33365 33754 33452 33254 32999 32353
27571 27053 26658 26193 25887 25189 25109 25116 25063 25384 25335 25675 26152 27150 27559 27175 27624 28007 28197 28275 28474 28944 29458 29493 29227 28683 27944 28022 28028 28280 28378 27719 27680 27970 28402 28552 28667 28633 28535 28389 27828 27911 28296 28683 28657 28560 28872 28953 28960 28899 29118 29286 29160 29711 29631 29133 28529 28912 28859 28558 28849 29120 28820 28474 28674 29600 30797 31734 31921 32294 32285 32630 33034 33080 33026 32936 32710
27523 26836 26295 26784 26767 25470 25199 25140 25504 26207 26593 27080 27292 27527 27631 27535 27682 28251 28491 28487 28416 28328 28242 28173 28121 27968 28365 28335 28204 28114 28061 28014 27814 27161 27081 27595 28054 28135 27729 27476 26983 26821 27279 27678 27803 28071 28111 27938 27905 28213 28457 28666 28784 28873 28940 28871 28617 28879 28855 29175 29226 29377 29446 28821 30083 30308 30572 31372 31828 32358 32471 31712 32134 32765 32841 32987 32711
26830 26188 26384 26825 26784 25996 25861 25940 26479 27324 27546 27418 27669 27690 27610 27724 27638 27956 28049 28191 28215 27958 27752 27678 27835 28221 28668 28701 28756 28442 28528 28377 28173 27199 26799 26871 27077 27093 26967 26735 26406 26458 26648 27065 27137 27143 27045 26763 27316 27944 27959 28191 28246 28365 28412 28482 28440 28712 28779 29132 29284 29240 30322 30145 30583 30679 31353 32064 32460 32760 32708 31953 31730 32817 32879 32737 32182
26757 26036 25826 26179 26604 26954 26970 26877 27220 27934 28215 28150 27787 27880 28017 27941 27803 27687 27813 27634 27780 27715 28049 28099 28504 28604 28731 28772 28959 28975 28878 28686 28501 28292 27623 27149 27094 26846 26314 26183 26101 26075 26176 26281 26204 26502 26410 26321 27138 27433 27754 28156 28526 28415 28321 27856 27758 28442 28636 29076 29596 29799 30570 30639 30845 31039 31243 32125 32143 32525 32697 31590 31940 32778 32828 32240 31420
26227 25956 25991 27208 27429 27665 27845 27514 27891 28153 28536 28532 28374 28353 28170 27956 27579 27561 28704 28790 27930 28226 28466 28408 28509 28830 28679 28820 29097 29297 29410 29344 29113 28378 27957 27707 27618 27188 26731 26264 26095 26115 26325 26555 26664 26592 26252 26013 26208 26534 27064 27837 28383 28449 28366 27765 27579 27777 28095 29016 29698 30359 30484 31069 31243 31106 31468 31888 31989 32320 32228 31894 31406 32303 32323 31821 30884
26341 26405 26777 27372 27537 27864 27839 28360 28649 28545 28481 28394 28507 28567 28357 28230 28309 28262 28638 28975 29046 29066 28829 28477 28351 28723 28653 28632 28806 28875 29035 29140 29045 28817 28354 27781 27644 27263 26938 27071 27121 26941 26646 26828 26902 26770 26528 26051 26379 27394 27477 27747 28745 28784 28894 28368 28319 28351 28517 28766 30090 30350 30502 30675 30960 30878 31151 31370 31880 31885 31804 31754 31281 30696 30987 30982 31277
27035 27062 27687 27869 27933 28528 28964 29074 28762 28612 28552 28368 28239 28404 28403 28438 28545 28389 28969 29370 29412 29124 28832 28655 28186 28552 28422 28589 28828 28914 28788 28839 28826 28609 28333 27647 27193 27190 26698 26927 27047 26906 26771 26697 26531 26625 26522 26316 26855 27408 27722 27928 28594 28710 28734 28752 28790 28803 28984 29375 30127 30354 30400 30478 30680 30935 30836 30719 31290 31385 31271 31213 30492 30318 30288 31035 31441
27159 27304 27721 28198 28635 29233 29389 29440 29021 28918 28628 28451 28249 28062 28434 28469 28452 28317 29107 29507 29500 29141 28756 28569 28567 28799 28524 27866 27819 28119 28163 28196 27863 27779 27626 27582 27491 27001 26754 26333 26471 26348 26275 26278 26434 26361 26350 26366 26800 27163 27727 27897 28508 28508 28256 28594 28802 29279 30105 30307 30562 30778 30398 30976 31163 31228 30934 31003 31269 31256 30618 30642 30733 30371 30368 30994 31116
27618 27670 27507 28156 29008 29296 29079 28738 28604 28655 28575 28388 28164 28037 27828 27812 27772 27883 28751 28829 28479 28152 28559 28504 28767 28630 28427 27975 27297 27593 27815 28226 28191 27766 27684 27768 27659 27106 26683 26560 26012 26015 26100 25866 26165 26293 26319 26141 26099 26927 27576 27815 28038 27907 27531 27764 28347 29601 30400 30807 31005 30706 30762 30915 30987 30758 30847 30999 31280 31081 30485 30728 30785 30599 30565 30921 30986
27638 28050 28366 28247 28520 28572 28270 27488 27297 27094 26751 26714 26848 27077 27859 27407 27535 27451 27493 27646 27624 27943 28107 28110 28020 28223 28297 28182 27615 27510 28140 28279 28121 28069 28094 27768 27316 26532 26099 25930 26034 26020 25972 25838 25752 25797 25734 26192 26226 26286 26311 27076 27126 27070 27265 27117 27888 29233 30016 30901 30940 30436 31131 31265 31259 30522 30121 30473 31231 30961 30643 30748 30729 30529 30390 30283 30156
27827 28115 28368 28150 27908 27598 27332 26864 26019 25756 25904 26191 26376 26490 26462 26484 26731 27015 27410 27551 27750 27711 27510 27622 27702 27634 27941 28098 27795 27632 28093 28268 28139 27922 27830 27523 26901 25686 25780 25976 26163 26198 26072 25816 25887 25876 25813 26077 26139 26218 26106 26326 26656 26869 27118 27108 27834 29076 30118 30908 30943 30564 31286 31487 31191 30264 29932 30427 30410 30642 30637 30758 30735 30580 30213 30018 30027
27779 27930 27930 27645 27662 27635 27465 27010 26627 26158 25525 25183 25663 26461 26586 26596 26600 26812 27257 26651 27551 27447 27607 27970 28238 28305 28301 27865 27693 27651 27711 27732 27704 27779 26840 26241 25700 25718 25697 26091 26190 25983 25920 26000 26078 25899 25747 25679 25639 25760 25838 26042 26428 26640 27000 27015 27606 28667 29254 30254 30651 30617 30484 31248 30844 30291 29749 30061 30001 30328 30651 30568 30546 30442 30184 30009 30072
27733 27341 27484 27513 27444 27505 27521 27164 26781 26124 25820 25567 26269 26786 27041 27173 27171 27185 27067 27350 27481 27548 27812 27917 28160 28240 28310 28222 27958 27590 27613 27685 27504 26930 26937 27178 27231 27005 26657 26494 26496 26420 26157 26109 26073 25903 25885 25824 25796 25799 25848 26035 26230 26386 26739 26845 27229 28152 28470 28998 29624 29704 29874 30247 30400 30436 29389 29639 30243 30480 30469 30428 30408 30318 30026 29972 30355
27761 27446 27402 27585 27347 27666 27360 26776 26423 25857 26086 26507 26919 27242 27336 27257 27312 27345 27247 27431 27578 27684 27676 27839 28119 28259 28331 28147 27689 27805 27880 27834 27988 27797 27788 28058 28133 27845 27503 26909 26491 26180 26191 26391 26381 26144 25989 25931 25954 26197 26617 26747 26619 26677 26686 26699 27109 28047 28630 28718 28734 29285 29654 30018 30066 29846 29593 29926 30223 30298 30282 30213 30167 30151 30091 30193 30972
27707 27152 27428 27580 27321 27585 27087 26675 26261 26470 27042 27396 27617 27675 27581 27393 27094 27309 27506 27742 27850 28131 27918 27681 27791 28070 28021 27782 27565 27626 27466 28188 28309 28157 27641 28073 28119 27863 27470 26877 26500 26427 26694 26770 26804 26703 26546 26603 26742 26666 26723 26762 26748 26996 27022 27144 27486 28010 28554 28569 28416 28884 29568 29867 29883 30009 29833 29777 29942 30081 30118 30081 30032 30179 30181 30363 31051
27490 27169 27108 26997 27080 27275 26842 26957 27130 27337 27532 27623 27661 27615 27586 27333 27239 27472 27784 28031 28341 28373 28046 27756 27621 27554 27744 27845 27299 26886 27075 27993 28249 28148 27821 28228 28175 27678 27645 27444 27428 27284 27368 27395 27418 27508 27772 27544 27520 27329 27403 27603 27781 27448 27616 28056 28244 28238 28744 29025 28904 28321 28595 29294 29812 30187 30283 29875 29972 29998 30024 30019 30136 30261 30602 30843 31091
27441 27233 27041 26780 26650 26633 26912 27148 27281 27453 27570 27833 27860 27647 27513 27490 27425 27517 28042 28137 28074 28126 27925 27708 27614 27589 27288 27267 27225 26985 26993 27387 27721 27868 27987 28132 27941 27505 27857 27861 27805 27563 27763 28116 28049 27535 27962 27759 28095 28137 28604 28536 28195 28150 28545 28661 28582 28894 29000 29314 29396 29099 28703 29596 29741 29908 30196 30005 29856 29930 29887 29840 30015 30277 30670 31291 31496
