Alternative/Moon/Lvl0_30x30/Ele_CE.asc
ncols         335
nrows         335
xllcorner     -6642508.343
yllcorner     -27166.958
cellsize      10000
nodata_value  -9999.0
[rows 0 to 33 of 335, columns 0 to 76 of 335]
15462 15418 15389 15391 15396 15406 15413 15420 15431 15440 15446 15443 15444 15463 15480 15490 15500 15513 15535 15553 15564 15564 15545 15561 15562 15524 15509 15468 15535 15458 15423 15328 15330 15335 15369 15388 15406 15407 15399 15416 15425 15430 15437 15458 15477 15497 15511 15505 15516 15527 15523 15523 15543 15612 15602 15579 15644 15671 15752 15763 15744 15725 15718 15752 15860 15873 15685 15655 15667 15580 15572 15562 15887 16143 16171 16085 16609
15460 15428 15378 15383 15387 15400 15409 15414 15426 15431 15432 15434 15437 15449 15469 15484 15499 15512 15530 15540 15550 15554 15553 15558 15570 15547 15526 15511 15585 15575 15562 15387 15447 15460 15400 15437 15427 15397 15388 15396 15407 15409 15415 15425 15434 15442 15455 15451 15461 15481 15487 15512 15516 15520 15596 15602 15643 15679 15765 15820 15821 15746 15748 15677 15782 15835 15953 16051 15889 15588 15620 15874 16045 16195 16081 16567 17464
15455 15423 15363 15368 15382 15393 15400 15408 15414 15422 15426 15425 15431 15445 15458 15473 15488 15500 15520 15536 15546 15552 15560 15565 15578 15583 15531 15528 15536 15546 15627 15570 15431 15505 15539 15447 15374 15364 15371 15379 15447 15440 15400 15403 15404 15421 15439 15456 15479 15501 15514 15522 15523 15546 15567 15610 15659 15736 15769 15797 15864 15861 15852 15673 15652 15651 15816 15788 16007 16051 16193 16251 16169 15968 16393 17058 17574
15453 15411 15357 15368 15376 15386 15394 15401 15411 15420 15423 15425 15432 15440 15447 15456 15476 15487 15502 15522 15539 15552 15551 15559 15609 15601 15541 15531 15538 15581 15535 15558 15492 15453 15537 15426 15370 15366 15370 15375 15386 15399 15382 15405 15407 15425 15455 15465 15476 15505 15519 15528 15548 15616 15608 15656 15738 15823 15843 15846 15842 15889 15830 15711 15649 15644 15772 16483 16619 16897 16749 16931 17220 16578 16573 17110 17022
15451 15409 15366 15370 15376 15381 15383 15393 15405 15413 15415 15419 15426 15438 15444 15447 15461 15476 15501 15521 15534 15553 15549 15543 15591 15630 15560 15527 15537 15600 15559 15519 15533 15539 15512 15422 15396 15399 15379 15394 15386 15379 15385 15412 15422 15438 15455 15470 15495 15517 15528 15535 15577 15646 15661 15727 15798 15861 15892 15890 15878 15870 15839 15817 15801 15769 16352 16795 16972 16981 16739 17432 17660 16790 16184 16022 16126
15451 15406 15374 15381 15379 15373 15377 15382 15389 15399 15399 15397 15414 15424 15438 15443 15457 15469 15486 15504 15526 15542 15544 15537 15582 15622 15569 15531 15540 15603 15586 15524 15531 15571 15605 15508 15399 15416 15394 15387 15376 15383 15386 15417 15439 15455 15480 15518 15520 15531 15538 15606 15635 15679 15754 15809 15858 15905 15935 15937 15938 16090 16129 16248 16290 16755 16985 17179 17213 16577 15971 16528 16423 15932 15777 15710 15572
15443 15391 15374 15379 15379 15364 15371 15374 15381 15385 15384 15388 15398 15409 15424 15435 15441 15465 15473 15497 15515 15531 15532 15539 15557 15636 15636 15568 15552 15616 15577 15531 15529 15541 15624 15620 15503 15468 15421 15385 15387 15403 15413 15435 15449 15468 15490 15565 15543 15551 15557 15621 15665 15702 15820 15911 15953 15977 15988 16101 16109 16265 16626 16790 16768 16832 16868 16892 16782 16287 16007 16002 16008 16005 16042 16088 16018
15414 15374 15379 15392 15386 15374 15361 15363 15365 15403 15420 15382 15387 15410 15422 15426 15431 15455 15461 15485 15502 15514 15520 15532 15544 15639 15652 15586 15573 15601 15584 15546 15545 15541 15542 15606 15566 15545 15504 15410 15409 15418 15431 15448 15463 15482 15491 15513 15533 15554 15561 15627 15679 15742 15866 15960 16012 16063 16129 16210 16488 16648 16689 16819 16789 16836 16595 16149 16054 16006 16000 16004 16021 16042 16087 16079 16096
15394 15375 15380 15389 15387 15378 15365 15356 15361 15399 15438 15379 15393 15408 15418 15417 15428 15439 15457 15481 15492 15508 15514 15530 15539 15651 15668 15600 15578 15580 15576 15549 15550 15548 15538 15621 15604 15519 15523 15493 15423 15429 15438 15452 15462 15480 15488 15516 15539 15546 15554 15632 15679 15786 15921 15988 16059 16101 16167 16271 16469 16509 16624 16627 16453 16002 16029 15963 15957 15956 15980 16004 16030 16040 16086 16075 16078
15392 15383 15378 15391 15396 15391 15366 15360 15359 15362 15369 15374 15385 15401 15413 15415 15420 15427 15447 15468 15484 15498 15511 15522 15533 15692 15690 15636 15575 15563 15552 15551 15555 15556 15549 15632 15608 15557 15534 15496 15485 15446 15450 15453 15460 15486 15506 15528 15549 15539 15553 15608 15667 15849 15962 16012 16108 16451 16442 16276 16407 16568 16555 16413 16285 15964 15892 15901 15901 15914 15954 15977 15984 16011 16013 16043 16051
15416 15406 15395 15391 15393 15393 15393 15367 15365 15371 15375 15377 15390 15402 15409 15411 15418 15426 15446 15461 15479 15489 15504 15527 15548 15578 15691 15691 15631 15543 15543 15550 15558 15558 15556 15566 15586 15562 15549 15538 15509 15515 15472 15477 15494 15514 15518 15521 15532 15535 15553 15573 15705 15903 15998 15996 16216 16246 16029 16058 16417 16445 16253 16104 15856 15853 15850 15847 15847 15866 15873 15963 16014 15981 15961 15994 15998
15452 15433 15433 15416 15414 15415 15412 15388 15376 15373 15378 15380 15390 15393 15405 15410 15421 15428 15447 15461 15473 15489 15497 15522 15546 15566 15681 15736 15688 15590 15535 15542 15553 15564 15559 15560 15577 15545 15539 15537 15511 15531 15534 15519 15521 15522 15520 15522 15529 15537 15600 15707 15795 16058 16200 16066 15978 15895 16016 16027 16107 16275 16241 15809 15810 15805 15796 15805 15813 15816 15811 15832 15859 15890 15926 15937 15955
15468 15451 15467 15464 15440 15431 15428 15412 15392 15380 15375 15375 15379 15379 15394 15407 15416 15427 15446 15461 15473 15480 15495 15510 15534 15562 15635 15722 15691 15700 15550 15545 15550 15551 15556 15555 15578 15545 15533 15519 15521 15575 15543 15520 15519 15517 15506 15522 15546 15609 15703 15764 15855 16082 16061 15754 15887 16252 16266 16030 16083 16102 15804 15765 15757 15754 15753 15756 15767 15766 15760 15775 15801 16453 16324 16174 15924
15485 15465 15478 15495 15506 15462 15435 15422 15408 15391 15378 15369 15369 15375 15383 15393 15406 15417 15438 15459 15476 15489 15497 15512 15535 15557 15585 15613 15617 15667 15602 15530 15541 15546 15551 15553 15580 15572 15540 15530 15522 15568 15582 15500 15494 15489 15495 15511 15541 15669 15719 15773 15840 15777 15701 15766 16055 16197 16130 16106 15804 15727 15717 15705 15689 15691 15702 15712 15712 15702 15715 15897 16064 16029 16412 17182 16690
15494 15479 15473 15520 15546 15523 15459 15437 15423 15405 15388 15367 15363 15367 15379 15380 15394 15415 15438 15464 15474 15489 15507 15515 15536 15558 15575 15591 15588 15691 15631 15513 15523 15537 15541 15539 15606 15608 15562 15553 15520 15540 15593 15483 15494 15537 15537 15542 15602 15670 15738 15728 15702 15673 15691 15705 15737 15957 15904 15696 15683 15676 15663 15644 15641 15638 15635 15646 15644 15652 15757 15956 16081 15850 16457 17002 16415
15511 15501 15483 15514 15557 15563 15476 15452 15451 15439 15478 15419 15364 15359 15370 15378 15391 15409 15436 15458 15470 15488 15506 15523 15542 15560 15575 15588 15582 15618 15651 15622 15516 15519 15528 15548 15595 15618 15578 15556 15544 15530 15561 15488 15510 15597 15615 15735 15828 15791 15761 15659 15649 15640 15640 15641 15658 15664 15658 15663 15656 15641 15623 15602 15594 15585 15585 15592 15600 15601 15618 15661 15886 16390 16558 16251 15966
15509 15504 15486 15504 15531 15545 15524 15474 15464 15461 15447 15435 15390 15369 15364 15369 15386 15404 15424 15439 15460 15482 15503 15522 15541 15556 15568 15572 15568 15560 15594 15656 15525 15514 15528 15555 15593 15609 15577 15556 15544 15532 15540 15543 15536 15562 15746 15898 15862 15748 15617 15622 15624 15620 15626 15621 15626 15633 15655 15650 15624 15598 15587 15693 15675 15562 15560 15566 15580 15602 15650 15856 16405 17098 17350 17087 16094
15508 15503 15484 15482 15514 15549 15588 15551 15483 15476 15497 15490 15469 15438 15421 15388 15378 15383 15398 15427 15442 15462 15482 15502 15524 15535 15553 15554 15556 15551 15666 15730 15517 15522 15536 15548 15593 15613 15564 15544 15529 15527 15551 15581 15638 15840 15971 15866 15761 15574 15583 15605 15599 15598 15592 15607 15608 15603 15582 15570 15565 15564 15561 15628 15616 15536 15539 15540 15627 15710 15855 15795 16143 16241 16667 16607 16131
15500 15493 15483 15475 15474 15521 15685 15667 15567 15500 15501 15553 15546 15535 15539 15499 15421 15370 15384 15405 15428 15445 15462 15485 15507 15515 15520 15526 15530 15564 15640 15707 15560 15584 15538 15548 15593 15606 15530 15520 15520 15520 15737 15815 16036 16138 16075 15617 15581 15572 15589 15595 15598 15587 15579 15604 15603 15559 15554 15545 15538 15548 15544 15531 15523 15510 15566 15802 15916 15951 16032 16090 16125 16185 16185 16263 16340
15491 15482 15474 15466 15455 15463 15575 15558 15550 15543 15502 15522 15545 15564 15584 15537 15505 15418 15377 15399 15419 15435 15449 15472 15491 15502 15499 15497 15497 15588 15644 15656 15583 15605 15563 15543 15551 15557 15532 15500 15494 15550 15835 15933 15893 15899 15610 15582 15562 15550 15580 15580 15568 15553 15535 15529 15521 15521 15529 15524 15522 15509 15537 15537 15559 15831 15741 16004 16160 16222 16262 16328 16294 16299 16412 16357 16415
15483 15484 15464 15461 15447 15455 15457 15468 15498 15515 15503 15475 15505 15510 15576 15561 15534 15492 15397 15392 15402 15422 15437 15454 15471 15486 15485 15488 15496 15590 15589 15584 15545 15625 15544 15527 15527 15513 15520 15486 15529 15720 16051 15974 15770 15637 15599 15580 15554 15540 15545 15565 15563 15530 15523 15515 15503 15503 15513 15519 15504 15545 15588 15684 15828 15918 16011 16201 16248 16370 16393 16430 16421 16464 16509 16350 16406
15467 15462 15463 15457 15446 15439 15438 15444 15450 15467 15468 15466 15460 15470 15516 15554 15551 15535 15471 15404 15413 15412 15424 15435 15452 15467 15477 15485 15511 15566 15558 15554 15529 15568 15563 15502 15504 15549 15498 15510 15640 15888 16221 15974 15726 15630 15600 15567 15544 15529 15519 15525 15526 15513 15505 15500 15502 15496 15500 15533 15590 15659 15826 15885 16099 15995 16333 16361 16454 16558 16596 16632 16661 16643 16501 16492 16374
15445 15442 15440 15446 15446 15445 15435 15433 15443 15453 15447 15448 15451 15460 15469 15561 15573 15580 15513 15450 15436 15438 15405 15425 15433 15449 15475 15513 15506 15558 15564 15559 15592 15537 15543 15475 15477 15557 15616 15502 15755 15787 16016 16116 15901 15618 15589 15556 15529 15519 15508 15495 15498 15489 15479 15485 15519 15629 15683 15746 15776 15824 16004 16182 16480 16536 16630 16732 16766 16750 16735 16756 16788 16729 16592 16562 16568
15428 15431 15428 15443 15462 15452 15438 15428 15433 15438 15446 15458 15459 15475 15495 15519 15589 15588 15556 15520 15477 15494 15473 15427 15426 15437 15453 15482 15505 15528 15546 15561 15615 15514 15462 15457 15473 15531 15577 15911 15765 15872 15773 15711 15636 15593 15560 15525 15514 15532 15533 15538 15515 15476 15545 15610 15703 15815 15881 15894 15965 16058 16312 16400 16609 16640 16746 16882 16987 17111 16954 16935 16827 16773 16881 16874 16643
15441 15433 15431 15448 15464 15458 15433 15422 15423 15429 15447 15459 15474 15499 15517 15525 15568 15593 15587 15559 15508 15491 15500 15434 15431 15420 15428 15469 15501 15527 15533 15559 15598 15548 15443 15450 15513 15614 15857 16335 16229 16815 16241 15646 15605 15576 15545 15517 15514 15523 15527 15586 15660 15593 15756 15792 15968 16067 16019 16266 16295 16369 16538 16479 16830 16766 16873 16879 17055 16960 17093 17005 17024 17059 17041 17003 17036
15458 15439 15439 15458 15467 15463 15438 15427 15426 15440 15455 15491 15519 15526 15529 15550 15563 15566 15562 15549 15526 15532 15514 15460 15433 15423 15420 15453 15475 15501 15514 15543 15563 15549 15512 15456 15535 15760 16434 16460 16374 16416 15890 15611 15592 15568 15538 15518 15513 15526 15622 15687 15689 15792 15839 16001 16202 16460 16501 16464 16439 16471 16523 16724 16774 16797 16937 17006 17156 17158 17207 17270 17242 17338 18558 18748 17645
15458 15452 15453 15452 15461 15462 15453 15444 15437 15452 15467 15486 15510 15529 15546 15555 15578 15591 15592 15584 15575 15541 15541 15524 15451 15433 15447 15456 15468 15479 15487 15528 15557 15567 15628 15509 15727 16457 16945 16494 15984 15579 15586 15574 15572 15571 15545 15532 15557 15765 15807 15824 15859 15962 16077 16212 16313 16410 16438 16474 16476 16574 16785 16866 16930 16923 16949 17042 17042 17062 17246 17333 17372 17662 18867 19267 18470
15460 15466 15466 15468 15472 15466 15479 15478 15457 15465 15488 15514 15527 15540 15556 15564 15586 15596 15606 15617 15610 15596 15559 15568 15466 15466 15467 15468 15481 15485 15490 15475 15527 15624 15645 15615 15829 16400 16868 15957 15525 15546 15549 15555 15563 15570 15564 15640 15676 15894 15931 15977 16026 16021 16249 16415 16483 16478 16497 16597 16661 16805 16923 16751 17004 16963 16976 17008 17032 17042 17505 17504 17441 17658 17473 17568 17556
15461 15466 15468 15478 15492 15473 15472 15482 15478 15479 15497 15529 15535 15549 15558 15567 15587 15605 15621 15648 15665 15640 15591 15568 15507 15480 15475 15477 15489 15488 15499 15490 15572 15662 15670 15581 16095 16541 16690 15706 15501 15514 15530 15537 15547 15556 15655 15767 15833 16095 16108 16088 16179 16211 16292 16395 16488 16610 16636 16638 16706 16854 16981 17034 17075 17080 17059 17021 17051 17156 17306 17350 17368 17466 17482 17481 17471
15463 15469 15479 15481 15484 15486 15497 15493 15487 15496 15522 15538 15551 15560 15569 15573 15589 15605 15626 15664 15694 15714 15684 15632 15536 15500 15508 15502 15497 15500 15508 15534 15590 15683 15677 15554 15709 15889 15763 15503 15489 15493 15513 15524 15536 15568 15754 15915 16098 16330 16637 16551 16299 16355 16453 16507 16554 16700 16765 16825 17004 17033 16987 17057 17109 17122 17161 17234 17274 17337 17426 17426 17476 17547 17474 17448 17467
15466 15482 15485 15489 15496 15498 15503 15509 15501 15507 15523 15541 15553 15565 15574 15580 15588 15600 15623 15662 15737 15705 15733 15682 15587 15525 15523 15545 15553 15511 15514 15555 15597 15662 15717 15566 15509 15545 15521 15503 15488 15471 15493 15520 15525 15619 15747 16087 16511 17020 17076 17018 16577 16537 16559 16628 16682 16771 16862 17009 17168 17127 17084 17171 17244 17277 17313 17378 17483 17457 17499 17578 17544 17527 17472 17515 17527
15469 15482 15495 15506 15507 15513 15515 15514 15510 15518 15532 15548 15563 15568 15577 15582 15590 15598 15609 15635 15649 15692 15785 15764 15627 15556 15541 15573 15588 15519 15530 15588 15621 15631 15793 15538 15509 15525 15505 15507 15504 15501 15479 15507 15526 15629 15846 16114 16687 16907 15737 16261 16925 16641 16658 16762 16839 16971 16985 16989 17186 17193 17203 17258 17392 17502 17538 17427 17630 17625 17624 17423 17568 17599 17532 17510 17520
15486 15494 15504 15518 15526 15531 15528 15519 15513 15526 15539 15552 15564 15574 15584 15593 15588 15596 15602 15616 15637 15692 15778 15779 15646 15597 15557 15603 15633 15563 15548 15610 15668 15667 15756 15625 15518 15510 15502 15511 15521 15509 15498 15502 15528 15624 15895 16212 16463 16216 15886 16877 16980 16818 16697 16801 16904 16982 17007 17059 17119 17197 17241 17331 17329 17471 17514 17400 17616 17647 17575 17557 17593 17581 17549 17494 17473
15501 15515 15525 15521 15526 15535 15536 15536 15520 15517 15533 15548 15563 15573 15587 15592 15591 15596 15604 15613 15626 15666 15773 15798 15738 15619 15598 15601 15647 15647 15579 15622 15702 15718 15733 15699 15530 15504 15501 15517 15539 15537 15516 15492 15578 15634 15823 16216 16403 16406 16580 17186 16925 16591 16696 16814 16910 17010 17079 17167 17179 17275 17265 17320 17340 17329 17341 17398 17471 17494 17536 17559 17611 17547 17510 17443 17401
