Alternative/Moon/Lvl0_30x30/Ele_EL.asc
ncols         335
nrows         335
xllcorner     16807491.657
yllcorner     -6727166.958
cellsize      10000
nodata_value  -9999.0
[rows 140 to 174 of 335, columns 0 to 77 of 335]
16008 16085 16166 16386 17155 18373 18978 19639 20712 21686 22475 23110 23389 23377 23040 21770 21325 21063 20686 19945 19798 19745 19510 19473 19387 18812 18111 17604 17323 16946 16671 16592 16606 16671 16672 16666 16584 16260 16128 15827 15528 15687 15989 16551 16646 16632 16184 16478 16497 15950 15134 14731 14488 14493 14572 14422 14545 14661 14859 14631 14536 14770 14543 14124 14147 13789 14239 14218 14251 14286 14333 14412 14777 15290 15698 16124 16215 15916
15977 16018 16091 16489 17195 18242 19284 20523 21500 21907 22426 22814 22822 22737 22080 21102 20651 20481 20380 20119 20093 19845 19584 19452 19363 18554 18005 17456 17239 16826 16622 16457 16586 16694 16712 16717 16648 16538 16140 15929 15912 15771 16206 16778 17059 17190 16633 16734 16681 16373 15594 14922 14471 14373 14387 14372 14353 14480 14275 14142 14122 14183 14160 14137 14434 14176 14258 14441 14315 14352 14273 14300 14398 14614 14887 15597 15769 15327
15945 16254 16626 17089 18057 19469 20267 20946 21488 21629 22085 22174 21995 21730 21388 20695 20663 20735 20461 20096 20079 19740 19263 19019 18520 18148 17980 17855 17294 16827 16452 16489 16642 16708 16706 16728 17089 17149 16702 15970 15904 16051 16370 16980 17222 17259 16850 17044 16941 16530 15964 15050 14345 14387 14582 14722 14523 14415 14612 14701 14343 14000 14219 14399 14423 14257 13733 14167 14073 14180 14126 14208 14237 14271 14790 15554 15551 14868
16071 16751 16838 17603 18330 19712 20333 20693 20971 21350 21669 21632 21506 21162 20626 20600 21014 20854 20608 20315 20114 19804 19490 19332 18685 17939 17725 17333 15774 16341 16252 16472 16464 16570 16428 16457 16988 17128 16719 15769 15835 16407 16404 16649 16679 16595 16742 16943 16853 16759 16345 15618 15473 15174 15579 15663 15204 15108 15303 14686 14402 14219 14402 14500 14265 14277 14291 14247 14145 14143 14430 14474 14610 14671 15342 15677 15801 15422
17310 17918 18022 18462 18990 18878 19969 20372 21165 21375 21411 21016 20994 20749 20676 21081 21228 20907 20666 20295 20069 19030 18786 18285 17985 17207 17045 16973 16421 16333 15994 16063 16451 16464 16555 16454 16932 17046 16950 16767 16295 16362 16449 16461 16252 16090 16491 16713 16894 16894 16574 16077 16430 16119 15822 16313 15917 15541 15587 15219 14751 14748 14735 14467 14210 14237 14289 14231 14241 14267 14409 14823 15206 15631 16118 16432 16286 15678
17774 18265 18525 19072 19747 19771 20235 20689 21122 21365 21409 20996 20985 20950 21071 21249 21166 20703 20220 19939 19306 18348 18065 17634 17320 16935 16811 16500 15978 16039 16029 16298 16308 16651 16793 16275 14821 15973 16835 16860 16466 16256 16209 16086 15889 15839 16152 16490 16678 16583 16100 15954 16392 16194 16321 16473 16227 16335 16502 16575 15860 15551 15291 14757 14690 14619 14588 14574 14412 14389 14448 14952 15492 15756 16314 16383 16172 15704
19402 19657 19814 20294 20649 20475 20531 20994 21408 21402 21273 21252 20958 20937 21347 21309 20810 20150 19722 19725 18956 18093 17855 17600 16876 16898 16567 16546 16258 15780 16377 17075 16882 17033 16416 15561 13844 14043 15204 16340 16303 15647 15754 15737 16270 16240 16193 16254 16375 16173 15795 15636 15763 16331 16420 16419 16625 16795 16733 17127 17002 16051 15513 15986 16068 16054 15508 15135 14585 14584 14946 15508 16061 16237 16219 15938 15351 14814
20573 20763 20999 21006 20692 20831 21128 21404 21405 21334 21205 21335 21358 21137 20862 20251 19810 19778 19775 19494 18869 17890 17421 17176 16932 17009 16343 14809 14920 15489 16820 17282 17224 17084 16151 14593 13270 12288 13470 15082 16112 15578 15376 15587 16192 16167 16031 16117 16144 16005 15916 15780 15750 16257 16296 16406 16754 17478 17767 17816 17588 16886 16650 16654 16724 16511 16484 16286 15696 15449 15480 15970 16299 16283 16225 15482 14640 14576
21139 21154 21120 20914 20979 21167 21454 21530 21437 21232 21234 21293 20869 20164 19640 19459 19671 19750 19569 18693 17913 17130 16840 16823 16915 16593 16638 16680 16544 16929 16956 16521 15517 14886 14474 14019 12945 12692 14000 15100 16190 16195 15614 15507 15713 15683 15575 15702 15831 15817 15568 15777 15648 16173 16252 16380 17022 17408 17594 17871 18091 18245 18063 17313 16861 16913 17313 17286 16887 16567 16480 16012 16035 16066 15836 14976 14403 14514
21100 21109 21038 20965 21016 21089 21182 21454 20863 20650 20536 20379 20037 19624 19545 19567 19692 19410 18771 18037 17328 16850 16814 16523 16650 16565 16536 16543 16484 16849 16895 16164 15825 16294 16325 15562 14756 13945 14651 15979 16261 16167 15755 15256 15274 15307 15309 15357 15345 15488 15671 15794 16056 16102 16047 16111 16952 17087 17286 17709 18225 18456 18323 17783 16434 16250 17414 17554 17103 16740 16518 16212 16118 15817 15661 15239 15088 14667
20556 20661 20740 20580 20701 20837 20858 20432 20034 20318 19873 19931 20038 19734 19582 19427 19123 18165 17942 17595 17092 16789 16682 16408 16445 16241 16118 16317 16335 16710 16748 16318 16750 16884 16877 16582 16213 15926 16115 16086 16025 15919 15807 15642 15487 15570 15402 15378 15166 15186 15577 15807 16073 15962 15780 16262 16755 16924 17010 17420 17971 18125 18131 17582 16437 16219 16939 17222 17021 16615 16324 15756 15193 15387 15504 15326 15327 15008
19900 20025 20102 19997 19854 19862 19760 19517 20000 20333 20147 19993 19987 19664 19350 18660 18380 17885 17199 16899 16705 16675 16540 16167 16172 16156 16326 16615 16566 16637 16665 16302 15728 16183 16383 16241 16257 16121 16064 16049 15919 15731 15691 15714 15607 15468 15151 15271 15216 15578 15945 16225 16185 15715 15959 16147 16508 16894 17051 17385 17612 17494 17184 16808 16493 16452 16499 16649 15784 14573 14239 15527 15474 15074 15169 15208 15022 15284
18824 18905 18933 19128 19229 19174 19334 19730 19893 19888 19614 19479 19567 19143 18552 18112 17388 17129 16950 16756 16047 16529 16468 16306 16141 16575 16685 16943 16686 16338 16321 15956 15535 15992 16152 16092 16085 15855 15562 16001 15950 15766 15755 15617 15692 15793 15651 15596 15513 15911 16306 16380 16267 15779 16024 16548 16710 16813 16877 17127 17159 16893 16715 16331 15951 15855 16263 16492 16345 15416 14980 14917 14716 14585 14671 14877 14929 15072
18311 18600 18663 18721 19155 19061 19194 19543 19383 19135 18953 18789 18769 18454 17930 17340 16836 16816 16691 16682 16346 16415 16310 16140 16019 16587 16745 16885 16750 16634 16384 16077 16075 16000 16146 16086 15977 15997 15999 15856 15796 15707 15772 15911 16059 16157 16075 16008 15975 16256 16599 16597 16045 15951 16030 16270 16451 16657 16873 16853 16908 16578 16243 16203 16063 15966 16252 16422 16321 15559 15219 14897 14952 14994 15158 14984 14604 14623
18069 17892 18287 18561 18871 18796 18875 18872 18500 18439 18104 18090 17514 17595 17130 16630 16331 16574 16529 16333 16305 16143 16151 15984 15932 16018 15998 15703 15915 16396 16380 16046 15945 15786 15986 15963 16020 15972 15793 15771 15883 15961 15946 16024 16156 16198 16231 16465 16437 16521 16541 16670 16220 15663 14598 13685 14412 15002 15431 15977 16751 16836 16884 16826 16625 16386 16470 16502 16236 15443 14990 14978 15561 16188 16110 15579 15071 14937
18120 18137 17726 17705 18403 18843 18841 18664 18158 17641 17611 17601 17220 17011 16913 16395 16122 16394 16409 16253 16174 16212 16224 16046 15926 15960 15759 15597 15924 16134 16064 15885 15796 15709 15829 16084 16035 16105 15981 15743 15841 16174 16198 16237 16274 16315 16115 16266 16295 16346 16187 16562 16008 14597 13791 13084 12914 13070 12894 14091 15755 16884 16986 16934 16679 16595 16710 16567 15443 13993 13543 13910 15233 16509 16487 15992 15777 15560
18150 18223 18581 18733 17865 18322 18569 18083 17913 17781 17363 17032 16635 16398 16253 15943 16037 15820 16152 16137 15774 15622 15695 15211 14949 15299 15545 15536 15418 15470 15575 15504 15359 15574 15743 15989 15844 16147 16127 16008 16200 16247 16199 16226 16345 16348 16207 16136 15920 16134 16215 15527 14361 13370 12515 11950 11806 11837 12202 12869 14127 14929 15813 16273 16071 16369 16816 16917 15653 14165 13706 14159 15456 16307 16360 16103 15885 15768
18302 18379 18727 19237 18519 16748 16656 16375 17396 17757 17496 17048 16567 16116 15946 15731 15664 15819 16043 16020 15090 14581 14450 14340 14289 14781 15148 15253 14915 14863 15007 15333 15439 15640 15535 15318 15275 15822 15903 15845 16176 16281 16037 15747 15803 16106 16050 15961 15564 15658 15622 14360 13039 12400 12078 11720 11767 11675 11548 11792 12886 14580 15602 15839 15675 16179 16857 17178 16703 15601 14939 15613 16430 16529 15914 15930 15785 15811
18461 19005 19162 19157 18625 17953 17557 17270 17532 17521 17287 17055 16576 16103 15761 15492 15341 15673 15675 15497 14486 14007 14107 14115 14209 14332 14936 15192 14891 14841 15162 15249 15164 15520 15460 15221 15578 15605 16040 16224 16099 16036 16059 15802 15686 15746 15615 14751 14666 14933 14355 13235 12404 11872 11765 11738 11759 11656 11613 11560 12329 13700 15017 15706 15960 16674 17132 17283 17104 16725 16992 17057 16862 16581 16251 16033 15854 15804
18646 18959 18958 18654 17974 17689 17192 16800 16848 16759 16726 16667 16566 16043 15498 15271 15161 15329 15391 15174 14508 14215 13998 14067 14277 14615 15338 15517 15629 15788 15776 15416 15260 15779 15852 16139 16251 16203 16180 16011 15944 15901 15708 15461 15152 15251 15124 14367 14197 14511 14300 13343 12596 11842 11890 11774 10435 11293 11575 11501 12761 14563 15825 16481 16813 17130 17261 17219 16941 16756 16973 17176 17252 16978 16211 15975 15969 15900
18350 18280 17962 17853 17183 16563 16304 16244 16296 16190 16324 16491 15954 15891 15414 15004 15067 14752 14534 14566 14808 14843 14592 14550 14844 15173 15454 15448 15572 15626 15518 15146 15668 16058 16361 16338 16344 16296 16293 16093 15809 15427 15161 15106 15072 14779 14247 13916 13938 14090 14181 14179 13252 12298 11896 11810 11536 11575 11605 12014 13627 15175 15924 16387 16605 16725 16567 16216 16277 16901 17046 17127 17360 17221 16649 16012 16132 15858
18144 18044 17795 17487 16990 16283 16163 16169 16168 16191 16228 16369 15950 15540 15135 14869 14758 14539 14495 14701 14897 14819 14732 14659 14847 15094 15167 15377 15405 15254 15115 15138 15844 16277 16470 16527 16430 16443 16322 16049 15410 14959 14944 14865 14617 14331 13929 13853 14095 14090 14119 14190 13846 13299 12646 12007 11634 11561 12213 13016 14077 15295 15489 16014 16206 16050 15971 15830 15935 16929 16991 16940 16842 16906 16765 16547 16279 16090
17939 17918 17684 16538 16276 16389 16246 16130 16137 16395 16546 16346 15854 14755 14540 14459 14491 14469 14439 14510 14476 14328 14248 14344 14598 14780 14958 15269 15360 15004 14965 14982 15804 16483 16513 16532 16098 16176 15980 15533 15063 14534 14492 14647 14564 13767 13648 14027 14076 13980 13427 13378 13599 13329 12999 12659 12458 12976 13380 13294 13829 14487 14444 14910 15421 15412 15476 15243 15978 16349 16324 16005 15711 15930 16262 16739 16717 16536
17342 17001 16872 16712 16527 16332 16341 16122 16543 16965 17103 16856 15833 15091 14896 14918 14571 14391 14355 14373 14251 14251 14200 14361 14443 14701 14889 15101 15176 14916 14942 15139 15642 16401 16478 16331 15997 15207 15381 15049 14799 14453 14130 14080 14075 13456 13284 13354 12785 12674 12412 11535 12106 12456 12558 12561 12598 13061 13157 13066 12581 13145 13152 14142 14807 15051 15013 14870 15326 15323 15159 15071 15376 15717 16280 16831 16856 16647
15653 15319 15366 15383 15649 16011 16156 15985 16430 16897 17066 16816 16271 15814 15477 15149 14891 14596 14706 14718 14595 14605 14471 14536 14453 14695 14733 15116 15012 15026 15205 15259 15416 15893 16020 15915 15444 15161 15067 14937 14777 14214 14039 13737 13764 13338 12302 12125 11531 11637 11209 11009 10947 11258 11423 11262 10816 11405 11966 11761 11632 11608 11871 12672 13602 14267 14423 14526 14761 14876 15008 14886 14880 15580 16327 16652 16580 16304
16418 15557 15448 15440 15779 16145 16143 15716 16172 16773 16748 16664 15925 15724 15618 15364 14934 14786 14641 14716 14679 14560 14398 14500 14502 14543 14449 14570 14693 15302 15410 15424 15324 15636 15609 15513 14862 14934 14895 14373 14524 14193 14074 13803 13295 13107 12348 11188 10487 10588 10316 9753 9660 9916 10012 10002 10107 10532 10664 10215 10264 10322 10910 11799 12669 13417 14231 14544 14762 15327 15394 15084 14928 15334 16013 16121 15873 15555
17738 16779 16205 16282 15884 15943 15932 15930 15996 16038 15922 16203 16287 16123 16258 15626 15120 14704 14458 14391 14343 14409 14423 14474 14444 14270 14097 14212 14926 15873 16061 15982 15955 15786 15688 15269 15080 14620 14600 14503 14294 13924 13956 13777 13112 12028 11518 10700 10121 9635 9361 9103 9061 9055 9053 9099 9268 9384 9223 9141 9242 9539 10177 10912 11604 12660 13454 14455 15126 15321 15400 15196 15332 15705 16151 16235 16268 16004
18201 17906 17061 16646 16201 15954 15835 15866 15778 15555 15750 16284 16411 16642 16582 15791 15132 14764 14564 14304 14244 14322 14265 14442 14201 14103 14225 14560 15154 15967 16260 16176 16089 15964 15655 15174 15000 14444 13723 13802 13541 13197 13734 13542 12583 11521 10993 10255 9579 9182 9070 9078 9075 9062 9054 9055 9053 9068 9091 9187 9198 9287 9468 9812 10246 11393 12358 13866 15034 15256 15069 15031 15284 15226 15597 15883 16215 16082
18417 17845 16629 16105 15783 15633 15671 15696 15556 15635 15853 16168 16222 16151 16148 15180 14704 14673 14427 14251 14240 14252 14216 14160 14049 14113 14443 14896 15310 15548 15703 15953 15786 15426 15166 14833 14460 13895 13280 13389 13329 13493 13486 13301 12240 11344 10996 10200 9324 9185 9077 9090 9068 9064 9069 9065 9086 9079 9093 9164 9216 9197 9231 9354 9593 10216 11325 12471 13965 14767 14786 14828 14751 14265 14508 15178 15865 16131
19193 18086 17038 16473 15773 15638 15633 15645 15701 16137 16482 16596 16486 16411 16071 15373 14867 14803 14429 14304 14180 14212 14151 14021 14132 14415 14668 14871 15222 15105 15102 15622 15451 14842 14472 14036 13866 13454 13154 13124 13164 13341 13392 13430 12345 10950 10324 10075 9405 9103 9090 9085 9056 9065 9069 9080 9085 9104 9126 9133 9200 9216 9233 9301 9480 9894 10910 12116 13461 14554 14605 14563 14292 14279 14325 14805 15664 16184
19258 18400 17819 16917 16201 15970 16045 16231 16429 16449 16752 16733 16437 16389 16106 15468 14878 14738 14366 14110 14037 14048 14039 14039 14413 14643 14750 15044 15557 15490 15396 15323 14904 14544 14328 13739 13390 13015 12839 12415 12978 12991 13105 13206 12376 10566 9164 9547 9699 9117 9108 9110 9064 9057 9066 9083 9091 9191 9213 9266 9244 9236 9254 9283 9368 9597 10495 11650 12915 14293 14511 14436 14406 14290 14472 14915 15629 15792
19100 18892 18414 18030 17316 17606 17847 17772 17386 17479 17252 16911 16666 16243 15727 15318 14774 14478 14322 13992 13990 13970 13997 14031 14619 14867 15344 15696 15867 15619 15307 15074 14776 14284 13906 13531 13207 12571 12148 12107 12095 12292 12972 13277 12866 11949 10887 9491 9708 9176 9162 9135 9087 9083 9074 9087 9103 9165 9353 9492 9413 9252 9278 9310 9356 9624 10440 11570 13034 14319 14550 14441 14458 14420 14475 14929 15311 15731
19049 19235 19157 19160 18846 18669 18816 18795 18628 18503 18275 17520 16662 15899 15801 15733 14961 14384 14326 14127 14075 13975 14105 14231 14190 14970 15581 15967 15909 15804 15406 14923 14483 14082 13796 13445 13022 12365 12137 12120 12116 12068 12601 13115 13178 12215 10833 9662 9075 9091 9111 9105 9147 9080 9071 9076 9101 9147 9186 9370 9359 9276 9311 9347 9353 9665 10463 11712 13094 14224 14651 14614 14690 14519 14484 14751 15170 15521
18946 18841 18592 19113 19090 18686 18799 18667 18536 18345 18152 17388 16507 16096 15992 15695 14767 14157 14083 14273 14121 14154 14227 14653 14925 15095 15530 15886 15546 15639 15241 14632 14237 13970 13416 13221 12364 12153 12110 12118 12131 12208 12203 12986 13385 13254 11846 10505 9554 9073 9097 9122 9159 9090 9075 9067 9062 9099 9198 9244 9268 9281 9319 9360 9647 10068 11059 12174 13559 14478 14639 14535 14322 14596 14594 14556 15085 15538
17820 16119 15747 17491 18785 18536 18240 17898 17715 17428 17239 16693 16110 16083 15953 15616 14950 14587 14251 14065 14103 14310 14551 14560 14876 15346 15351 15360 15251 15178 14775 14701 14589 14134 13713 13104 12831 12160 12222 12449 12449 12376 12298 12874 13464 13544 13247 12465 11064 10022 9625 9336 9111 9091 9081 9070 9050 9078 9156 9242 9270 9327 9475 9958 11053 11805 12123 12987 14001 14252 14006 13416 13434 14094 14610 15171 15678 15763
