Alternative/Moon/Lvl0_30x30/Ele_BG.asc
ncols         335
nrows         335
xllcorner     57491.657
yllcorner     3322833.042
cellsize      10000
nodata_value  -9999.0
[rows 0 to 33 of 335, columns 154 to 230 of 335]
16878 17650 17650 16979 16102 15623 14901 14520 14303 14322 14355 14398 14470 14505 14939 14860 14655 15171 15847 16166 16503 16729 16929 17310 17299 17199 16896 16173 15987 15924 16026 16121 16071 16265 16417 16410 16435 16261 16347 16311 16210 16192 16237 16254 16210 16212 16174 16215 16310 16534 16526 16473 16464 16445 16264 16073 16039 16013 16037 16145 16184 16254 16064 16126 16316 16285 16272 16248 16242 16266 16269 16249 16259 16311 16312 16300 16308
17119 17240 17543 17183 16830 16784 16442 15802 15225 14890 14881 15011 14988 14900 15046 15200 15091 15354 16177 16773 16969 17020 16918 16541 16326 16319 16165 16120 16153 16059 15999 15999 16017 16251 16356 16309 16302 16129 16103 16157 16145 16067 16079 16052 16117 16114 16032 15985 16043 16081 16185 16227 16221 16154 16074 16072 16064 16014 16032 16087 16136 16094 16113 16110 16215 16224 16240 16255 16133 16140 16115 16151 16156 16191 16215 16233 16239
16989 16966 16640 16697 17090 17685 17723 17537 17467 17042 16368 16400 16018 15711 15728 15645 15579 15792 15888 16570 16713 16742 16311 15960 15991 16209 16488 16573 16608 16552 16510 16363 16305 16232 16127 15965 15976 15941 15878 15846 15841 15792 15798 15754 15732 15782 15809 15803 15805 15865 15877 15928 15886 15885 15902 15950 15952 15997 16024 16015 16020 16009 16042 16067 16034 16039 16005 15960 15951 15975 15996 16022 16037 16069 16094 16098 16118
16525 16559 16568 16595 16489 16808 17136 17286 17289 17182 16679 16474 16272 16132 16242 16396 16405 16427 16477 16477 16466 16436 16233 16368 16717 17056 17230 17357 17350 17249 17109 17070 16951 16676 16484 16437 16266 16042 15936 15809 15796 15750 15699 15611 15586 15598 15667 15691 15723 15756 15774 15794 15845 15831 15789 15838 15861 15872 15999 16023 15921 15903 15950 15938 15915 15940 15918 15904 15914 15890 15891 15908 15894 15844 15864 15899 15914
16374 16406 16400 16356 16391 16387 16411 16370 16443 16400 16161 16098 16179 16203 16237 16269 16357 16388 16458 16511 16500 16530 16721 17100 17302 17345 17220 16805 16421 16045 15794 15691 15474 15281 15787 16387 16381 16385 16271 16034 15821 15791 15718 15687 15605 15572 15548 15636 15698 15768 15805 15661 15492 15501 15545 15623 15646 15667 15714 15734 15754 15705 15718 15732 15724 15712 15739 15742 15744 15810 15763 15731 15733 15732 15751 15753 15760
15750 15935 16126 16161 16213 16216 16267 16283 16220 16061 15991 16028 16070 16105 16144 16182 16163 16226 16365 16472 16482 16578 16877 17042 16864 16255 15303 14322 13766 13457 13098 13236 13394 13754 13791 14528 15543 16644 16623 16353 16070 15867 15915 15826 15607 15518 15460 15452 15444 15431 15424 15339 15333 15346 15380 15412 15448 15502 15528 15517 15544 15557 15577 15605 15608 15616 15624 15628 15653 15681 15673 15686 15706 15709 15725 15730 15729
15603 15607 15788 15962 15960 16016 15972 15987 16009 15895 15885 15980 15941 15929 15947 16050 15984 16022 16095 16207 16382 16511 16331 15138 14531 13902 13065 12109 11636 11492 11745 12162 12560 12957 13318 13915 15258 16729 17001 16779 16441 16131 15843 15703 15630 15555 15530 15430 15363 15313 15276 15280 15310 15325 15302 15406 15390 15414 15462 15614 15556 15514 15527 15545 15558 15581 15585 15605 15634 15642 15649 15660 15678 15683 15706 15699 15699
15437 15497 15790 15972 15914 15985 15945 16001 15883 15684 15652 15711 15739 15784 15744 15762 15790 15814 15977 16239 16435 16545 15828 13832 13266 13071 12320 11860 11505 11306 11228 11701 11935 12240 12713 13368 14671 16097 17048 16893 16669 16201 15905 15733 15668 15611 15484 15397 15335 15254 15235 15255 15274 15285 15319 15364 15358 15417 15496 15547 15531 15492 15511 15526 15543 15574 15565 15588 15592 15610 15617 15629 15644 15650 15653 15660 15655
15323 15398 15575 15884 15878 15919 15890 15853 15737 15547 15509 15556 15593 15592 15567 15602 15640 15681 15824 15994 16348 16641 16561 15221 14051 13289 12643 12085 11699 11508 11488 11655 12098 12805 13610 14422 15428 16688 16976 16861 16674 16136 15847 15712 15643 15547 15446 15382 15315 15289 15285 15287 15308 15298 15344 15377 15409 15422 15441 15465 15480 15534 15737 15563 15529 15562 15540 15568 15584 15575 15583 15572 15593 15615 15616 15624 15634
15297 15369 15493 15637 15700 15752 15781 15599 15561 15517 15490 15523 15517 15510 15542 15542 15663 15747 15840 15994 16323 16675 16678 16090 15152 14305 13960 13375 12873 12710 12949 13233 13526 14181 15206 16107 16685 16985 16895 16549 16344 15922 15784 15657 15655 15547 15475 15429 15315 15302 15308 15293 15323 15509 15625 15508 15506 15525 15535 15562 15507 15592 15670 15603 15758 15575 15513 15527 15534 15549 15569 15610 15643 15687 15694 15652 15616
15231 15323 15446 15536 15529 15715 15755 15849 15814 15613 15499 15454 15437 15493 15492 15552 15583 15664 15751 15860 16021 16431 16701 16508 16042 14783 14602 14600 14575 14650 14828 15183 15690 16433 16893 16969 16929 16795 16504 16286 16080 15839 15703 15536 15516 15423 15363 15316 15328 15409 15367 15322 15368 15491 15619 15546 15573 15580 15593 15582 15523 15563 15529 15562 15523 15514 15515 15520 15533 15539 15534 15558 15724 15642 15622 15722 15594
15249 15279 15385 15405 15396 15565 15768 15935 15899 15690 15593 15592 15569 15567 15599 15671 15730 15836 16025 16024 15984 16112 16271 16288 16269 15854 15407 15412 15584 15853 16173 16711 16863 16973 17027 16665 16524 16279 16211 16021 15924 15692 15601 15437 15426 15395 15334 15291 15301 15336 15339 15337 15422 15444 15578 15546 15503 15601 15511 15462 15458 15463 15456 15479 15524 15468 15479 15487 15491 15499 15502 15511 15527 15585 15607 15592 15549
15178 15265 15279 15291 15080 15057 15435 15863 15829 15377 15584 15586 15537 15290 15348 15664 15773 15886 15977 15916 15656 15449 15532 15581 15544 15757 15827 15865 15947 16043 16284 16369 16321 16159 16069 15860 15689 15610 15567 15631 15644 15650 15579 15512 15429 15322 15323 15295 15257 15271 15322 15336 15352 15348 15376 15470 15469 15420 15424 15483 15663 15581 15424 15426 15427 15432 15445 15449 15460 15463 15476 15462 15486 15504 15519 15518 15503
15097 15187 15249 15268 15037 14908 14832 14916 14923 14839 14833 14856 14880 14902 15066 15292 15350 15239 15141 15009 14979 14999 15018 15048 15078 15160 15315 15442 15481 15542 15656 15653 15643 15580 15546 15467 15413 15326 15270 15468 15583 15595 15568 15613 15498 15330 15293 15247 15269 15270 15272 15289 15324 15329 15315 15423 15390 15428 15411 15501 15502 15491 15433 15394 15394 15401 15410 15408 15414 15442 15467 15421 15428 15419 15434 15462 15437
15177 15179 15021 14846 14881 14821 14853 14809 14788 14780 14780 14775 14781 14787 14815 14849 14843 14857 14856 14840 14843 14861 14877 14899 14935 14961 15074 15118 15136 15135 15194 15218 15239 15248 15223 15225 15219 15239 15299 15670 15736 15636 15595 15508 15493 15544 15538 15404 15389 15385 15334 15310 15447 15571 15391 15371 15415 15390 15384 15434 15377 15387 15418 15374 15371 15369 15388 15355 15367 15350 15339 15323 15323 15327 15310 15289 15274
15103 15174 14829 14824 14811 14807 14799 14775 14771 14764 14766 14764 14766 14768 14786 14804 14816 14840 14788 14804 14777 14789 14838 14907 14936 14847 14852 14912 14933 14976 15004 15037 15045 15057 15051 15074 15109 15172 15230 15431 15567 15663 15668 15662 15508 15486 15507 15401 15331 15236 15245 15410 15466 15341 15340 15446 15322 15350 15299 15324 15322 15325 15326 15331 15335 15324 15325 15321 15301 15274 15250 15246 15257 15270 15263 15239 15240
14851 14837 14809 14838 14796 14760 14749 14747 14749 14747 14744 14738 14738 14756 14782 14803 14803 14897 14903 14925 14916 14757 14759 14791 14801 14756 14782 14788 14804 14901 14886 14884 14938 14906 14980 15021 15089 15113 15134 15254 15330 15535 15660 15850 15709 15757 15542 15322 15251 15245 15221 15302 15340 15305 15345 15317 15323 15248 15265 15277 15271 15266 15313 15286 15252 15230 15216 15239 15244 15243 15241 15242 15220 15244 15269 15252 15231
15207 15155 14846 14887 14804 14754 14757 14734 14732 14734 14734 14727 14732 14733 14739 14756 14779 14806 14885 14921 14936 14720 14734 14772 14811 14880 14790 14780 14848 14774 14794 14750 14811 14831 14923 14990 15015 15049 15090 15205 15609 16052 16123 16131 15787 15744 15536 15324 15180 15239 15283 15296 15286 15209 15217 15220 15211 15203 15211 15205 15220 15245 15247 15264 15242 15185 15152 15162 15166 15238 15210 15221 15209 15268 15286 15265 15227
14756 14750 14729 14730 14725 14720 14717 14716 14713 14724 14721 14719 14723 14719 14715 14709 14705 14713 14732 14867 14983 14950 14737 14768 14755 14841 14618 14962 14827 14715 14723 14716 14716 14783 14872 14917 14928 14948 14987 15204 15667 15912 15877 15674 15480 15427 15229 15151 15135 15121 15131 15137 15122 15100 15128 15149 15157 15095 15160 15161 15144 15147 15167 15150 15141 15124 15111 15118 15128 15145 15117 15133 15187 15224 15234 15190 15165
14726 14710 14704 14704 14701 14699 14699 14707 14988 15053 14765 14696 14716 14717 14711 14715 14736 14867 14826 14900 14837 14730 14715 14727 14752 14784 14764 14740 14708 14690 14698 14698 14704 14753 14777 14842 14904 14965 15080 15164 15230 15384 15477 15284 15275 15220 15129 15077 15044 15001 14999 14997 14987 15039 15032 15047 15069 15071 15046 15109 15089 15085 15081 15112 15122 15132 15116 15101 15101 15119 15103 15120 15122 15128 15124 15113 15110
14698 14691 14683 14683 14673 14694 14686 14744 14933 14990 14736 14705 14744 14762 14711 14892 14877 14880 14797 14876 14930 14707 14680 14681 14681 14682 14669 14675 14688 14706 14703 14691 14717 14766 14785 14817 14868 14977 15225 15240 15215 15288 15381 15221 15099 15091 15037 14998 14952 14893 14875 14905 14976 14976 14980 14978 14967 14962 15000 15008 15010 15025 15041 15075 15103 15124 15123 15090 15072 15080 15058 15068 15072 15074 15072 15055 15049
14741 14722 14692 14662 14656 14713 14844 14876 15017 15165 15236 15296 15343 15293 15100 14975 14967 14789 14820 14774 14781 14813 14861 14779 14679 14666 14652 14661 14670 14682 14684 14691 14780 14829 14820 14892 14862 14841 14927 15108 15204 15153 15145 15092 15047 14965 14988 15001 14903 14884 14923 14923 14893 14875 14928 14936 14920 14912 14929 14954 14959 14951 14959 15004 15017 15022 15020 15009 14993 15029 15027 14981 14952 14975 15004 15019 15022
14735 14722 14713 14687 14673 14687 14908 14975 15107 15327 15328 15356 15265 15194 14984 14672 14653 14673 14727 14944 14958 14849 14835 14720 14665 14671 14674 14672 14721 14809 14796 14760 15011 15121 15201 15298 15220 14963 14865 14838 14839 14833 14881 14941 14926 14990 14968 14937 14975 15107 15116 14958 14862 14839 14841 14842 14833 14839 14817 14795 14817 14829 14850 14910 14933 14945 14936 14930 14935 14948 14962 14952 15077 15031 15053 15063 15069
14712 14717 14717 14707 14685 14683 14661 14684 14669 14677 14712 14680 14766 14832 14817 14659 14633 14645 14731 14948 14974 14830 14801 14931 14913 14883 14990 14990 14930 14963 14886 14743 14862 14905 14926 15017 14926 14770 14767 14740 14759 14770 14807 14868 14896 14896 14915 14937 15036 15198 15140 14923 14926 14835 14830 14931 14915 14842 14856 14819 14770 14794 14828 14861 14851 14833 14842 14841 14895 14946 15093 15133 15052 15005 15041 15079 15179
14666 14669 14684 14691 14689 14659 14601 14599 14586 14614 14630 14651 14649 14646 14647 14618 14621 14618 14623 14646 14646 14735 14696 14845 14762 14855 15090 14989 14862 14781 14839 14712 14721 14760 14876 14901 14840 14802 14849 14644 14656 14676 14661 14681 14856 14857 14940 14937 15021 15053 14938 14876 14819 14779 14830 15027 15072 15066 15023 14973 14832 14816 14748 14751 14757 14761 14772 14800 14928 14971 15032 15044 15013 15023 15002 14977 14957
14639 14641 14656 14672 14679 14663 14586 14563 14563 14573 14617 14631 14636 14660 14664 14646 14628 14615 14606 14614 14620 14674 14720 14702 14650 14758 15093 15058 14666 14606 14671 14833 14852 14883 14889 14883 14854 14787 14799 14662 14637 14624 14608 14666 14754 14709 14757 14867 14912 14876 14881 14869 14852 14801 14771 14833 14971 14940 14959 15011 14872 14761 14751 14802 14805 14732 14737 14770 14829 14902 14881 14922 14939 14983 14947 14926 14894
14612 14604 14637 14621 14630 14619 14572 14545 14531 14555 14566 14577 14583 14628 14658 14683 14674 14613 14584 14579 14580 14595 14583 14585 14590 14610 14757 15057 14986 14728 14680 14833 14951 14912 14730 14802 14788 14806 14773 14660 14623 14613 14602 14601 14612 14654 14719 14700 14717 14790 14813 14826 14805 14811 14768 14728 14775 14778 14785 14745 14710 14678 14733 14687 14679 14675 14671 14688 14718 14790 14948 14965 14911 14842 14978 14985 14837
14557 14564 14562 14581 14593 14573 14542 14524 14516 14522 14519 14528 14536 14547 14602 14698 14692 14631 14592 14559 14578 14676 14604 14679 14686 14600 14585 14647 14866 14807 14789 14975 15052 15142 14790 15003 14868 14651 14651 14639 14630 14602 14598 14603 14601 14618 14635 14647 14686 14760 14765 14742 14737 14829 14775 14775 14778 14740 14722 14692 14692 14672 14676 14676 14665 14672 14665 14682 14685 14811 14943 14937 14855 14847 14859 14871 15056
14519 14518 14525 14529 14533 14530 14502 14498 14511 14494 14485 14484 14487 14494 14539 14618 14646 14616 14589 14619 14706 14718 14578 14595 14575 14603 14724 15120 15255 15188 14940 15099 15040 14696 14833 14733 14653 14674 14674 14651 14622 14596 14593 14600 14608 14681 14752 14756 14721 14661 14654 14705 14706 14726 14726 14760 14776 14779 14772 14761 14757 14699 14680 14685 14687 14715 14722 14730 14733 14745 14747 14725 14707 14705 14700 14694 14720
14508 14500 14492 14496 14499 14516 14496 14479 14472 14466 14462 14457 14458 14456 14473 14590 14587 14709 14660 14618 14702 14713 14647 14637 14583 14648 14744 15033 15010 14767 14663 14656 14649 14671 14684 14715 14736 14713 14740 14751 14744 14695 14648 14673 14746 14794 14791 14708 14640 14617 14649 14702 14690 14691 14681 14701 14703 14736 14771 14779 14804 14806 14748 14727 14704 14719 14725 14735 14737 14737 14712 14678 14685 14694 14682 14685 14679
14481 14543 14500 14504 14480 14474 14465 14462 14459 14449 14447 14445 14441 14435 14435 14467 14596 14848 14959 14775 14661 14760 14770 14666 14642 14622 14628 14615 14609 14600 14658 14699 14677 14698 14705 14695 14750 14775 14998 15191 15181 15219 15144 14973 14939 14855 14755 14651 14622 14627 14627 14634 14651 14720 14674 14735 14710 14700 14712 14771 14798 14800 14766 14726 14722 14719 14719 14724 14712 14700 14677 14681 14690 14681 14695 14695 14667
14544 14512 14461 14459 14440 14451 14452 14464 14449 14444 14434 14431 14430 14434 14449 14460 14471 14499 14552 14597 14825 15095 15085 14863 14800 14636 14636 14626 14624 14627 14674 15001 15020 14956 14899 14761 14809 15063 15294 15304 14658 14098 13844 14324 14917 15094 14721 14728 14627 14605 14609 14612 14633 14638 14661 14658 14706 14720 14708 14799 14816 14790 14748 14702 14680 14687 14680 14692 14692 14687 14669 14682 14681 14701 14685 14675 14665
14503 14484 14497 14437 14425 14431 14434 14455 14441 14437 14417 14431 14435 14443 14444 14444 14431 14435 14488 14592 14614 14624 14524 14592 14719 14929 15157 15363 15463 15578 15667 15570 15542 15266 15133 15021 15015 15242 15361 14582 13116 11918 12229 13565 14870 15260 14871 14712 14639 14615 14617 14617 14614 14625 14652 14663 14679 14698 14738 14809 14799 14743 14712 14668 14657 14654 14652 14657 14652 14650 14666 14711 14710 14715 14709 14686 14675
14457 14499 14450 14480 14447 14503 14424 14445 14528 14518 14447 14449 14448 14429 14493 14620 14736 14672 14533 14700 14742 14615 14616 14601 14949 15099 15203 15559 15671 15721 15774 15742 15720 15384 15141 15040 14955 15034 15379 15402 14989 14305 14530 15178 15257 15257 14888 14727 14678 14640 14626 14629 14611 14644 14653 14667 14678 14705 14748 14790 14782 14718 14682 14652 14640 14634 14628 14627 14633 14628 14641 14696 14784 14663 14710 14728 14689
