Alternative/Moon/Lvl0_30x30/Ele_BK.asc
ncols         335
nrows         335
xllcorner     13457491.657
yllcorner     3322833.042
cellsize      10000
nodata_value  -9999.0
[rows 102 to 135 of 335, columns 231 to 307 of 335]
18374 19101 19804 19891 19906 20033 20278 20611 20845 21059 20784 20430 20341 20932 21416 21595 21498 21131 21168 21295 21361 21245 21065 20938 20657 20006 20497 21424 21489 21126 21284 21743 22026 22043 21845 22183 22439 22761 22845 22986 22963 22754 22614 22564 22129 21524 20987 20466 20048 20001 19816 20032 20140 20159 20616 21492 21777 22325 22963 23374 23679 24062 24414 24281 23564 22942 22851 23366 23937 24331 24515 24402 24334 24325 23941 23443 23568
19265 19546 20603 20755 20651 20324 20241 20966 21547 22032 21973 21995 21972 22032 21993 21623 21666 21778 21794 21589 21339 21113 20886 21222 21214 21157 21114 21556 21513 20657 20154 20654 21160 21560 22110 22533 22734 22803 22769 22737 22433 22010 21822 21729 21773 21311 20463 19974 19646 19663 19769 19759 19885 20322 20514 20964 21639 22532 23158 23452 23607 23686 23915 24169 24315 24442 24398 24214 24346 24402 23973 23800 23618 23660 23580 23406 23480
19974 20471 21212 21875 22153 22054 21872 21983 22219 22321 22035 21777 21784 22056 22085 21996 21994 21847 21835 21703 21363 21300 21146 21185 21335 21403 21221 21535 21593 21336 20777 20626 20965 21363 21982 22402 22409 22412 22453 22417 22421 22049 21403 20877 20397 19825 19228 19164 19219 19746 19990 19997 20039 20468 20786 21457 22154 23175 23676 23582 23653 23767 23794 24081 24303 24644 24683 24631 24589 24606 24188 23509 23324 23263 23306 23352 23392
21315 21772 22555 23265 23320 23106 22670 22351 22087 22294 22119 21796 21741 22138 22494 22411 22216 22082 21846 21546 21293 21636 21578 21477 21524 21607 21461 21300 21264 21075 20741 20289 20540 20819 21418 21938 22028 21954 21504 21898 22238 22152 21585 21362 20733 19713 19404 19637 19919 20491 20722 20595 20512 20593 21031 22084 22960 23704 23894 23881 23907 23937 23863 24078 24395 24465 24679 24671 24574 24501 24194 23664 23307 23360 23351 23422 23412
23766 23751 23678 23547 23375 23145 22999 22981 22770 22524 22347 22343 22316 22222 22432 22399 22324 22240 21951 21817 21881 21932 21747 22023 22101 21991 21628 21455 21401 21174 20906 20659 20497 20725 21165 21413 21486 21168 21055 21502 21818 21783 21542 21601 21639 21381 20560 20259 21135 21865 21721 20951 20672 20701 21196 22199 23168 23523 23769 23830 24046 24292 24084 23962 24224 24500 24476 24415 24385 24223 23954 23717 23623 23414 23421 23406 23428
24150 23826 23553 23809 23814 23800 23689 23586 23444 23378 23135 23068 23071 22836 22693 22721 22820 22785 22644 22380 22285 22360 22388 22592 22591 22608 22259 21746 21557 21421 21274 21215 21034 20889 21177 21298 21349 21386 21643 21833 21787 21493 21431 21686 22213 22371 21101 20036 20871 22206 22440 21723 21269 21361 22228 22896 23361 23409 23492 23571 23897 24432 24498 24080 23915 24046 24146 23617 23831 23768 23707 23979 24152 24093 23642 23427 23419
23669 23681 23548 23767 24107 24273 24107 23828 23613 23625 23409 23297 23071 22871 22811 22748 22809 22757 22730 22643 22490 22619 22506 22485 22610 22576 22481 22129 21757 21414 21363 21346 21359 21502 21592 21550 21505 21606 21774 21778 21505 21397 21412 21741 22186 22405 22125 21689 22233 23067 23243 23322 23289 23247 23703 23865 23763 23407 23399 23610 23949 24653 24783 24121 23764 23616 23669 23657 23649 23687 23884 24351 24608 24227 23956 23488 23356
23552 23567 23516 23835 24012 24150 23938 23691 23424 23324 22816 22773 22463 22157 21967 21831 21898 21786 21907 21938 21849 22097 21887 22236 22778 22816 22455 22317 22045 21407 21266 21321 21434 21692 21785 21881 21886 21908 21960 21951 21781 21687 21620 22076 22418 22590 22937 23004 23222 23225 23168 23558 23933 24184 23812 23899 24080 24078 24117 24331 24667 24911 24814 24109 23798 23626 23692 23744 23925 23824 24364 24720 24846 24827 24212 23908 23599
23470 23436 23421 23570 23583 23314 23166 22934 22891 22445 21941 21511 21036 20531 20248 19933 19693 19574 19867 20271 20675 21245 21272 21969 22612 22802 22527 22454 22345 22008 21864 21435 21430 21845 21983 22153 22189 22163 22180 22182 22110 21884 21980 22363 22726 22867 23126 22820 22553 22265 21992 22704 23547 24170 23976 24012 24479 24619 24609 24506 24634 24722 24624 24086 23859 23900 24070 24230 24485 24581 24999 25210 25080 25047 25046 24523 23973
23596 23824 23829 23693 23583 23300 22904 22016 21571 21000 20301 19663 19278 18814 18441 18250 18170 18386 18780 19082 19365 19730 20172 20601 20880 21157 21642 22330 22429 22386 22055 21895 21907 21790 22059 22704 22839 22815 22658 22439 22234 22121 22197 22609 22880 22889 22847 22097 20770 19975 20715 22106 23036 23864 23757 23898 24323 24611 24581 24419 24269 24113 23756 23237 22854 23402 24052 24292 24661 24822 25129 25284 25094 25036 25072 24990 24461
24108 24219 24119 23765 23494 23135 22474 21624 20669 19710 18713 17962 17594 17111 16898 16829 16745 17086 17512 18028 18220 18540 18946 19415 19980 20223 20626 21385 22302 22448 22172 22052 22012 22081 22171 22694 23048 23153 22883 22301 22137 22253 22410 22720 22825 22470 22175 21888 21288 20509 20462 22106 22987 23052 22834 23037 23425 23876 23950 23814 23586 23043 22803 22598 22599 22907 23240 23858 24389 24416 24383 24729 24958 25265 25400 25253 24906
23916 23242 22233 21884 22196 22649 21950 20845 19678 18596 17709 16953 16549 16168 16156 15988 15989 16221 16520 16854 17411 17915 18376 18773 19358 20019 20547 21163 21665 22206 22338 22361 22237 22116 22431 22816 23158 23201 22891 22250 22231 22496 22562 22600 22626 22396 22034 21794 21630 21597 21039 21439 21969 21889 21819 22147 22516 22879 22921 22707 22440 22238 22040 21872 21631 21987 22328 22760 23224 23591 23478 23870 24470 25283 25459 25686 25603
22461 20873 19451 18554 19607 21206 21140 19723 18508 17478 16786 16276 16119 16112 15955 15923 15941 15938 15952 16078 16526 17249 17842 18780 19137 19022 18722 19310 19872 20989 22177 22652 22618 22382 22479 22994 23325 23250 22761 22193 22290 22462 22520 22490 22218 21715 21503 21215 21270 21255 20972 20924 20929 20751 20583 20826 21179 21663 21750 21441 21093 20799 20644 20801 20846 20938 21304 21783 22135 22703 22922 23450 23987 25352 26094 26167 26181
21540 19846 18246 18651 19110 19938 19773 18865 17897 16770 16502 16202 16064 15973 15932 15933 15932 15933 15945 15971 16312 16680 17425 18528 18596 18000 17961 18602 19751 21398 22781 22962 22668 22455 22387 22879 23277 23269 23220 22542 22187 22108 22019 21911 21709 21380 21327 21371 21326 20804 20711 20487 20454 20326 20135 20300 20779 21027 20889 20556 20399 20163 20149 20169 20148 20155 20477 21104 21551 22225 22725 23026 23527 24859 25981 26221 26098
21258 20202 19553 19411 19233 19090 18473 17970 17328 16632 16308 16057 15941 15969 16006 15927 15923 15932 15944 15984 16080 16434 17031 18129 18395 18475 18940 19859 20940 22194 22914 22993 22467 22503 22467 22406 22809 23275 23305 22558 21548 20822 20539 20381 20466 20597 21241 21529 21543 21370 21043 20478 20246 20171 20049 20244 20574 20693 20630 20435 20193 20056 19984 19967 19850 19753 20142 20810 21319 21714 22344 22888 23415 24560 25507 25619 25485
22024 21234 20084 19221 18934 18736 18419 17958 17270 16653 16324 16010 16091 16071 16058 16009 15932 16016 16078 16274 16513 16607 16831 17540 18207 19002 19872 20838 21786 22446 22781 22811 22530 22831 22798 22372 22701 23253 23283 22230 20860 19734 19049 18564 18316 18659 19311 20114 20636 21244 21431 21014 20333 20143 20202 20235 20322 20487 20314 19969 19955 19750 19718 19711 19718 19732 19977 20495 20977 21463 21980 22638 23224 24031 24631 24795 24959
23970 22777 21196 19874 19186 18710 18365 18055 17326 16603 16406 16270 16128 16137 16113 15947 15935 15948 15953 16217 16452 16468 16622 17271 17820 18871 19910 20989 21913 22560 23178 23337 23225 22921 22849 22351 22625 23290 23344 22221 20670 19204 18192 17925 18006 18068 18006 18421 19142 20419 21085 20986 20750 20713 20608 20089 19908 19782 19765 19756 19758 19723 19659 19703 19707 19760 19814 20230 20598 21114 21411 21993 22586 23188 23961 24885 25542
23964 23512 21952 20507 19886 19646 18800 18052 17238 16609 16397 16283 16134 15956 15975 15926 15939 15967 15976 16028 16214 16254 16580 17284 18074 19363 20288 21365 22126 22579 23197 23583 23510 22805 22286 22204 22562 22945 23254 23059 21863 20538 19595 19391 19637 19769 19730 19679 20119 20463 20919 20952 20717 20705 20623 20139 19691 19696 19675 19704 19735 19826 19812 19792 19820 19906 20338 20674 20771 20963 21343 21914 22383 23151 23824 24754 25301
23779 23677 23295 22272 21559 20366 19294 18281 17479 16645 16306 16226 16049 15864 15859 15866 15898 15946 16006 16044 16144 16550 17126 17850 18519 19605 20482 21510 22222 23009 23227 23323 23172 22698 22341 22181 22301 22620 23239 23357 23177 22141 21181 21234 21421 21462 21625 21552 21257 20825 20787 20668 20320 20167 20184 19605 19262 19864 20102 20024 19936 20041 20011 20030 19966 19925 20397 20720 20736 20950 21238 21950 22370 23092 23757 24559 25057
23900 23996 23991 23140 22037 20492 19349 18533 17839 16930 16503 16270 15961 15846 15900 15972 15973 16029 16168 16494 16726 17261 18037 18985 19531 20321 21306 22458 23052 23272 23411 23147 22797 22409 22354 22340 22377 22326 22683 23296 23361 23363 23427 23501 23458 22950 22478 22261 21565 21059 20402 19863 19818 19896 19885 19739 19675 19862 19987 20001 20104 20188 20040 20049 19947 19764 19978 20138 20381 20990 21228 22071 22534 22937 23406 23897 24328
23802 24048 24031 23098 22039 20697 19561 19134 18362 17294 16774 16655 16494 16327 16290 16398 16433 16785 17358 17718 18089 18904 19546 19989 20230 21003 22102 23212 23265 23105 22970 22889 22713 22735 22658 22571 22435 22551 22833 23128 23412 23843 23971 23921 23549 22805 22181 21486 20638 20069 19908 18882 18667 19551 19956 19888 19822 19526 19517 19737 19669 19380 19306 19679 19924 19918 19898 19990 20103 20773 21277 21973 22583 22927 23003 23586 24174
23771 23736 23571 23213 22610 21329 20290 19475 19169 18343 17712 17796 17750 17781 17756 17737 17823 18119 18286 18745 19489 20472 21205 21461 22045 22557 22883 23156 23133 22661 22364 22392 22711 22655 22587 22557 22382 22811 23159 23330 23564 23847 23905 23838 23353 22488 21584 20834 20319 19993 19791 19277 19222 19638 19901 19696 19435 19396 19422 19635 19660 19664 19755 19976 19981 19990 20002 20066 20132 20357 21099 22009 22282 22690 22757 22928 23497
23734 23987 23884 23569 22979 21898 20640 20135 19798 19414 19126 18928 19019 19044 19034 18944 19014 19211 19268 19858 20513 21494 22153 22102 22647 23074 23000 23114 23063 22722 22325 22277 22705 22664 22334 22198 22247 22669 23234 23426 23478 23501 23605 23502 22912 22042 21004 20415 19927 19795 19716 19439 19668 19723 19858 19694 19604 19400 19445 19626 19678 19803 19979 20019 20013 20039 20074 20128 20213 20572 21058 21807 22055 22419 22677 23079 23488
23559 23826 23776 23412 22954 22143 21065 20071 19863 19662 19667 19865 19973 19944 20079 20340 20704 21343 21855 22393 22737 22828 23006 22912 22708 22899 22962 23174 23159 22644 22126 22012 22118 22001 21715 21508 21458 21864 22409 22662 22652 22774 22943 22818 22447 21644 20514 19943 19718 19684 19538 19487 19620 19619 19738 19853 19876 19548 19495 19596 19710 19818 19888 19947 19980 20062 20105 20201 20371 20661 20839 21020 21550 22523 23112 23899 24155
23049 22997 23269 23249 22857 21990 21455 21104 20829 20506 20521 20635 20897 21005 21375 22015 22701 23066 23318 23282 23097 22856 22794 22936 22691 22353 22317 22506 22492 22246 21817 21839 21796 21260 20828 20635 20707 21159 21392 21610 21934 22074 22183 22031 21735 21040 19807 19066 19387 19707 19545 19460 19534 19539 19618 19823 19832 19581 19532 19476 19711 19845 19898 19972 20036 20072 20147 20414 20836 21272 21660 22256 22647 22918 23387 24449 24990
22821 22818 22700 22750 22481 22460 22129 22105 21996 21999 22033 21831 21796 22219 22609 22748 22898 22888 23089 22946 22732 22407 22218 22146 21929 21813 21822 21827 21779 21519 21025 20978 20935 20551 20289 19942 20091 20412 20868 21125 21457 21626 21609 21197 20942 20439 19860 19635 19573 19452 19510 19477 19468 19398 19397 19500 19475 19372 19519 19496 19614 19827 19871 19954 20105 20157 20196 20504 21006 21528 21962 22459 22870 23378 24315 25228 25682
22568 22604 22478 22485 22484 22485 22435 22502 22515 22297 22566 22563 22569 22718 22769 22742 22653 22552 22614 22551 22344 22077 22110 22022 21726 21239 21137 21301 21226 21200 21102 20796 20695 20324 20141 20018 20115 20179 20564 21185 21680 21716 21550 20947 20308 19734 19468 19536 19468 19424 19440 19460 19466 19398 19474 19594 19607 19604 19679 19685 19824 19949 20079 20329 20567 20565 20428 20665 20983 21540 22531 23001 23369 24023 24764 25392 25754
22270 22276 22161 22074 22049 21994 22167 22230 22321 22364 22383 22372 22463 22558 22477 22351 22367 22352 22087 21936 21841 21716 21483 21510 21134 21176 21490 21458 21451 21270 21301 21053 21053 20781 20551 20426 20352 20278 20822 21150 21605 21676 21604 21123 20488 19930 19468 19611 19531 19453 19601 19744 19625 19632 19778 19881 19776 19841 19830 19945 20285 20384 20198 20248 20566 20783 21127 21587 22030 22488 23663 24024 24238 24875 25047 25393 25700
21732 21668 21623 21600 21430 21397 21299 21383 21425 21590 21629 21486 21481 21820 21840 22066 22121 22065 21881 21337 21157 20893 20860 21006 21164 21191 21400 21000 20927 21499 21927 21372 21080 20908 20723 20507 20583 20651 20973 21031 21091 21335 21426 21262 20892 20502 19957 20079 19577 19182 19807 19948 19750 19883 19935 19922 19943 19884 19988 20283 20850 20619 19880 20131 21249 21930 22519 22921 23154 23511 24143 24901 25130 25260 25109 24470 24744
21376 21488 21226 21204 21169 21039 21083 21132 21389 21508 21561 21318 21236 21388 21522 21860 21926 21784 21524 21052 20688 20996 21262 21492 21794 21649 20402 19980 20675 22053 22057 21572 20997 20626 20487 20407 20601 20877 20879 21020 20849 20906 21454 21509 21066 21220 21171 20791 20487 20445 20454 20108 19881 20222 20287 20194 20275 20588 20674 21103 21876 22284 21697 21453 22287 23025 23951 24009 24021 24053 24583 25073 25398 25430 25211 24894 24824
21247 21095 20731 20608 20707 20792 20957 21011 21247 21371 21431 21279 21243 21116 21361 21469 21498 21182 21069 21080 21088 21145 21445 21535 21931 22064 21272 20262 21019 22079 22019 21520 20980 20625 20589 20546 20945 21120 21073 21204 21119 21432 21622 21552 21525 22028 22199 22042 21595 21405 20966 20732 20621 20531 20594 20910 21243 21611 21698 22032 22601 23195 22746 22187 23067 24092 24807 24840 24683 24132 24573 25126 25402 25281 25169 25061 24893
21096 20913 20625 20344 20583 20760 20680 20691 20608 20754 20851 20871 21019 20908 20939 20928 21071 21044 21278 21457 21429 21079 21147 21211 21629 22039 21860 21843 21912 21949 21640 21040 20825 20853 20919 20920 21104 21225 20863 21111 20989 21292 21451 21504 21684 22033 22337 22499 22419 22218 21628 21497 21726 21845 21882 22117 22430 22796 22934 23080 23534 24398 24361 23843 24035 24605 25293 25350 25062 24804 24793 25044 25058 25088 25129 25152 25200
20808 20504 20594 20362 20579 20730 20958 20871 20748 20631 20494 20608 20736 20678 20488 20649 20973 21220 21257 21544 21530 21146 21122 21087 21180 21425 21812 21920 21916 21628 21223 21296 21103 21107 21435 21457 21341 21536 21423 21285 21231 21332 21360 21392 21672 21999 22356 22667 22742 22589 22184 22437 22960 23611 23683 23393 23188 23465 23464 23499 23847 24395 24345 23938 24137 24652 25330 25369 25229 24911 24769 24851 24857 24983 25205 25272 25378
20535 20631 20685 20686 20515 20599 20698 20786 20739 20742 20932 20946 20750 20559 20469 20694 20988 21325 21365 21526 21385 21224 21239 21491 21446 21272 21478 21974 22052 21555 21119 20990 19716 20207 21822 21921 22042 22103 21906 21849 21710 21530 21379 21423 21713 22002 22532 22833 23303 23337 23185 23292 23918 24718 24905 24522 24473 24082 23922 23954 24189 24464 24109 23141 23119 24149 24625 25154 25229 24915 24699 24849 24898 25004 25216 25192 24905
