Alternative/Moon/Lvl0_30x30/Ele_EH.asc
ncols         335
nrows         335
xllcorner     3407491.657
yllcorner     -6727166.958
cellsize      10000
nodata_value  -9999.0
[rows 272 to 305 of 335, columns 0 to 76 of 335]
13094 13085 13082 13068 13271 13845 14645 15046 15198 15229 15197 14542 14209 13980 13962 14021 14049 14182 14214 14331 14335 14254 14172 14276 14377 14620 14617 14245 14121 13868 13924 13935 14037 14057 13941 14403 14563 14655 14927 15018 14805 14638 14705 14807 14769 14546 14712 15321 15806 16343 16578 16882 17138 17571 17519 18371 19259 19967 20868 21525 21810 22290 22469 22730 23012 23343 23378 23242 23134 23033 22955 22925 22889 22788 22732 22325 21813
13067 13030 13021 13013 13010 13437 14015 14571 14864 14868 14732 14671 14554 14369 14376 14131 14030 14010 13927 13967 14084 14271 14324 14368 14484 14673 14672 14358 14142 13854 13800 13826 13917 13971 13975 14217 14359 14430 14403 14501 14509 14403 14260 14214 14417 14521 14884 15409 15860 16410 16456 16614 17372 17626 17825 18486 19548 20539 21616 22133 22253 22516 22739 22979 23390 23451 23245 22336 21631 21611 21816 21783 21873 22506 22763 22057 21183
12955 12979 12970 12972 12961 13375 13980 14339 14701 14795 14701 14506 14319 14272 14330 13940 13920 13827 13802 13811 13908 13989 14000 14022 14079 13965 14023 14084 13904 13796 13782 13837 13929 13994 14013 13976 13882 13859 13858 13915 14050 13948 14019 14130 14112 14406 14716 15207 15479 16094 16508 17106 17483 18142 18846 19258 19712 20574 21649 22114 22368 22665 22985 23511 23493 22779 21154 19744 18856 18579 18668 18792 19069 19832 20339 20618 20673
12935 12923 12922 12932 12939 13343 14145 14808 14801 14842 14621 14504 14288 14098 13974 13836 13791 13759 13747 13768 13775 13792 13746 13808 13819 13738 13722 13762 13800 13814 13869 13833 13776 13802 13857 13848 13899 13884 13839 13893 13884 13950 13945 14014 14064 14378 14529 15061 15419 16085 16931 17657 18247 18762 19186 19368 19700 20317 21037 21646 22247 22929 23219 23298 22738 21246 19637 18360 18245 18169 17968 17749 17932 17975 17842 17965 18203
12910 12912 12951 13049 13038 13232 14427 15056 15021 14777 14553 14489 14343 14107 13959 13794 13769 13758 13731 13695 13675 13673 13738 13774 13769 13792 13780 13857 13839 13780 13820 13839 13787 13801 13932 13838 13842 13848 13801 13807 13863 13902 14013 14048 14124 14333 14591 15108 15642 16497 17022 17714 18419 18910 19298 19521 19699 20125 20642 21558 22350 22834 22799 21442 20656 19617 18378 17937 17790 17497 16924 16388 16449 16708 16777 17002 17112
12946 12958 12975 13253 13544 14007 14653 14868 14848 14622 14505 14345 14250 13851 13849 13786 13776 13800 13782 13722 13730 13702 13639 13711 13755 13789 13754 13796 13798 13812 13880 13888 13799 13858 13892 13766 13808 13825 13800 13805 13817 13886 13981 13978 14195 14409 14615 15229 16046 17058 17476 17797 18216 18835 19340 19490 19777 20114 20582 21328 22191 22478 21327 19668 18430 17366 17143 16758 16539 15950 15291 14978 15006 15307 15513 16106 16833
13196 13045 13620 14133 14329 14967 15146 14951 14663 14599 14327 14084 14091 13880 13818 13755 13700 13728 13706 13707 13784 13778 13725 13620 13663 13762 13773 13797 13796 13818 13807 13768 13779 13842 13850 13815 13850 13805 13790 13795 13802 13826 13967 14156 14400 14860 15222 15441 16086 16881 17466 17944 18450 18816 19189 19714 20076 20514 20976 21466 21598 21060 19711 18373 17540 16551 16035 15950 15834 15659 15384 14985 14994 14969 14886 15008 15745
14460 14610 14787 15095 15154 15039 15116 15022 14814 14641 14162 14015 13986 13879 13877 13792 13810 14208 14310 14337 14373 14215 14228 14206 13955 13878 14005 14083 13977 13904 13792 13814 13814 13774 13797 13754 13776 13755 13763 13777 13772 13825 13975 14347 14733 15166 15952 16288 16450 17043 17708 18162 18578 18939 19197 19688 19983 20559 21031 21735 21922 20854 19135 17623 17191 17267 16442 15789 15390 15232 15258 15130 15099 14938 15041 15136 16350
15327 15560 15706 15681 15408 15312 15371 15328 14965 14649 14268 14072 14057 13997 14026 14145 14207 14464 14449 14334 14317 14279 14337 14279 14088 14237 14292 14312 14073 14036 13757 13766 13775 13712 13702 13760 13838 13717 13734 13735 13745 13790 14235 14624 14941 15387 15989 16446 16801 17392 17890 18243 18549 18856 19115 19509 19802 20284 20944 21730 22079 21800 20213 18764 17714 17308 16960 16096 15398 15056 14996 15077 15113 14927 15153 15686 16751
16511 16583 16306 15959 15672 15515 15518 15197 14788 14353 14226 14152 14125 14221 14477 14455 14136 14097 13982 13898 13805 13496 13447 13604 13707 13643 13722 14194 14189 13982 13695 13699 13705 13744 13769 13794 13789 13698 13723 13706 13824 14055 14265 14340 15062 15721 16072 16542 16911 17457 17844 18163 18429 18661 19012 19378 19722 20195 20708 21508 22150 22263 21860 20662 19689 18585 17487 16429 15961 15584 15314 15151 15043 15274 16262 17096 18206
17953 17434 16946 16210 15741 15370 15079 14662 14391 14253 14227 14217 14215 14369 14851 14731 14120 13434 12998 12846 12789 12755 12772 12911 13014 13426 13662 13901 13955 13933 13977 13724 13745 13716 13730 13782 13843 13971 14005 14102 14178 14519 14772 15026 15322 15724 16343 16776 16951 17371 17604 18041 18382 18763 19174 19465 19882 20462 21059 21518 21963 22318 22419 22217 21162 19587 18742 18624 18291 17862 17640 17366 17131 17604 18748 19493 20409
18396 18109 17351 16711 16289 15619 15225 14534 14314 14265 14314 14389 14748 14886 14564 14240 13567 12981 12709 12702 12725 12731 12720 12728 12757 12837 13197 13739 13743 14040 14363 14034 13889 13736 14031 14243 14310 14608 14986 14893 14814 14942 15252 15678 15963 16186 16427 16957 17319 17787 18034 18296 18847 19419 19856 20236 20501 20815 21045 21406 21687 22010 22263 21613 20229 18769 20274 21440 21436 21253 21087 20845 20801 20637 20537 20354 20703
18406 18322 17572 17014 16801 16009 15587 15089 14683 14413 14491 14756 15159 15318 14654 13714 13068 12794 12778 12718 12713 12716 12724 12734 12751 12751 12859 13407 13901 14331 14778 14504 14391 14454 14526 14221 14273 14879 15459 15423 15353 15479 15819 16152 16397 16722 17150 17600 18018 18463 18511 18364 18849 19475 20194 20322 20467 20826 20996 20986 21206 21455 21734 21216 20235 20058 21438 22234 22203 22167 22154 21929 21807 21225 20837 20760 21042
18620 18412 17993 17488 17349 17292 16661 16101 15607 15330 15317 15273 15526 15669 15065 14070 13429 12782 12811 12794 12748 12746 12757 12775 12765 12777 12883 13564 14451 15066 15504 15423 15176 15345 15380 15395 15464 15554 15862 16005 16160 16496 16824 16987 17229 17595 17953 18344 18613 18772 18654 18597 18823 19597 20523 20641 20567 20653 20649 20605 20664 20833 21179 21285 21205 21280 21637 21704 21463 21454 21464 21381 21183 20841 20544 20663 20826
18946 18914 18767 18208 17836 17873 17919 17835 17486 17250 17044 16890 16825 16589 16035 15149 14745 14242 13571 13055 12813 12782 12801 12806 12811 12878 13226 13965 14968 15981 15903 16156 16083 15938 15847 15907 16079 16154 16363 16918 17203 17759 18029 18062 18018 18082 18408 18692 18877 19168 19820 20021 20109 20483 20701 20676 20424 20459 20391 20485 20539 20581 20437 20348 20145 20020 19954 19897 19767 19754 20033 20542 20860 20904 20937 20875 20864
19657 19740 19830 19763 19351 19102 18973 18848 18708 18684 18762 18711 18595 17805 16808 16033 15663 15132 14329 13734 13344 13098 12925 13042 13163 13636 14331 15365 16096 16948 16963 16950 16964 16784 16697 16743 16873 17130 17172 17657 18064 18243 18134 18689 18715 18939 19367 19605 19817 20103 20456 20404 20411 20425 20503 20403 20310 20134 20088 20108 20215 20178 19504 18947 18687 18525 18508 18554 18691 18852 19236 19843 20362 20880 21004 20964 20905
20042 19965 20008 19997 19901 19635 19520 19283 19037 19059 18918 18885 18765 18246 17278 16635 16207 15710 15254 14680 14232 13755 13936 13945 14122 14958 16028 17254 17814 18008 17886 17630 17591 17501 17443 17581 17574 17593 17900 18124 18252 18559 18853 19369 19597 19944 20053 20090 20220 20379 20524 20552 20618 20445 20424 20341 20118 20077 19789 20026 20000 19559 18957 18399 18116 18094 18064 18121 18294 18766 19263 19819 20060 20062 20387 20438 20360
19966 19960 20189 20280 20346 20447 20360 20349 20017 19611 19337 18895 18679 18321 17345 16726 16466 16316 16068 15750 15555 15631 16093 16371 16534 17037 17782 18416 18507 18478 18350 18203 18038 17942 18005 18319 18301 18480 18890 19108 19263 19535 19582 19820 19902 19754 19879 20088 20117 20027 20003 19842 20190 20295 20068 19701 19871 19932 19723 19868 19891 19468 18779 18099 17852 17872 17962 18047 18370 18927 19405 19982 20232 20224 20021 19644 19547
19938 19912 20083 20204 20537 20833 20901 20708 20572 20476 20071 20016 19863 19490 18822 17931 17319 17009 16677 16412 16543 17179 17982 18244 18249 18352 18330 18539 18604 18756 18874 18855 18777 19009 19000 19057 19024 19545 19559 19569 19580 19576 19793 19780 19476 19187 19233 19580 19627 19775 20088 20000 20269 20263 20170 19810 19642 19479 19568 19548 19496 19397 19018 18498 18601 18556 18595 18885 18932 18778 18783 19045 19607 19721 19565 19102 19014
19802 19895 20148 20301 20647 20809 20645 20149 19724 19763 20012 20258 20234 19981 19936 19295 18498 18562 18516 18312 18575 18768 18902 18871 18894 18930 19018 19006 18948 18821 18930 18994 19069 19164 19373 19467 19495 19592 19705 19815 19824 19922 19883 19870 19671 19664 19316 19150 19349 19798 20227 20545 20598 20357 20266 19845 19575 19154 18906 18728 18672 18644 18363 18500 18794 19059 19075 19297 19298 18643 18054 17954 18015 18260 18708 19273 19276
19710 19799 20006 20361 20619 20557 19640 18792 18428 18449 18988 19636 19737 19867 19838 19382 19044 19395 19384 19443 19662 20111 20253 20326 20250 19876 19719 19558 19432 19106 18872 19044 19115 19261 19426 19603 19679 19697 19689 19800 19834 19937 19919 19914 19897 19931 19598 19562 19584 19771 20001 20279 20338 20276 19885 19176 19118 18520 17940 17692 17482 17505 17647 17958 18304 18776 18794 19031 19154 19185 18892 18500 18696 18993 19089 19408 19424
19234 19461 19676 19771 19790 19858 19113 18495 18291 18302 18466 18916 18956 18831 18815 18771 18942 19130 19252 19418 19758 20172 20743 21131 21128 21076 20887 20764 20519 20307 19993 19846 19917 19963 19921 19715 19631 19486 19548 19555 19600 19786 19801 19629 19355 19517 19405 19469 19291 19479 19317 19411 19399 19672 19492 18895 18744 17876 17279 17225 17059 17073 17086 17107 17203 17657 18191 18720 19106 19244 19130 19059 19016 18982 18813 18784 18853
19151 19263 19183 19110 19115 19122 19029 18403 18400 18485 18444 18335 18184 18126 18113 18172 18306 18382 18671 19022 19459 20047 20560 21006 21119 21163 21066 20793 20607 20345 20170 20147 20160 20061 19914 19738 19600 19404 19307 19180 19099 19329 19378 19264 19282 19273 19231 19142 18955 19017 18976 18958 18963 18979 18338 17855 17852 17695 17160 17089 17032 17016 16988 16969 16967 17203 17789 18462 18801 18939 18952 18844 18593 18488 18396 18368 18393
18969 19195 18922 18511 18153 17936 17783 17679 17887 17844 17758 17538 17482 17512 17732 17883 18162 18221 18493 18921 19410 19956 20372 20778 20977 21091 20861 20486 20187 20209 20177 20075 20058 19983 19828 19346 19168 19084 19049 18981 18928 18947 18910 18958 18979 18901 18681 18658 18619 18541 18579 18703 18843 18861 18495 18258 18188 17894 17267 16949 17021 16980 16885 17034 17323 17895 18509 18729 18708 18803 18684 18667 18530 18479 18410 18378 18365
19090 19092 18945 18533 17925 17543 17495 17466 17457 17446 17441 17432 17486 17487 17535 17885 18145 18172 18395 18612 18987 19495 19950 20226 20362 20482 20343 20162 19993 19776 19742 19640 19711 19616 19277 18991 18861 18998 18963 18975 18901 18811 18682 18735 18569 18611 18567 18394 18257 18343 18392 18396 18351 18227 18257 18158 18122 17866 17717 17584 17502 17145 17203 17654 18138 18415 18889 18890 18826 18728 18684 18566 18318 18160 18293 18344 18346
19045 18951 18896 18488 17780 17489 17463 17441 17447 17423 17417 17419 17448 17450 17461 17557 17702 17858 17930 18415 18724 19283 19859 20150 20029 19961 19805 19556 19470 19385 19498 19497 19446 18967 18906 18916 18941 18927 18888 18905 18884 18780 18595 18515 18291 18206 18149 18131 18117 18038 18062 18032 17885 17846 17826 17834 17883 18135 18309 18207 17740 17844 18285 18597 18641 18690 18875 18853 18618 18576 18618 18553 18185 18017 18102 18384 18448
18762 18822 18887 18364 18022 17632 17457 17449 17432 17425 17403 17414 17416 17430 17454 17519 17528 17590 17972 18184 18532 19254 19701 19786 19739 19729 19485 19243 19016 18990 18944 18853 18751 18680 18592 18578 18578 18654 18720 18723 18727 18570 18400 18366 18223 18132 18044 18026 18085 18120 18116 18227 18188 17939 17845 17987 18122 18441 18790 18865 18599 18270 18517 18597 18633 18592 18569 18455 18554 18612 18599 18591 18461 18338 18273 18296 18329
18677 18829 18858 18742 18678 18023 17572 17459 17436 17428 17388 17407 17401 17418 17437 17481 17619 17887 18252 18712 19124 19507 19497 19564 19493 19418 19113 18881 18721 18675 18705 18649 18550 18465 18442 18504 18612 18780 18831 18786 18646 18491 18440 18362 18314 18309 18252 18279 18185 18190 18461 18325 18205 17949 18032 17994 18080 18394 18660 18675 18491 18284 18039 18034 18215 18171 18091 18105 18259 18389 18339 18254 18277 18235 18235 18410 18467
17734 17985 18486 18965 19013 18899 18581 18188 17888 17670 17459 17448 17410 17484 17661 18002 18161 18443 18610 18931 19238 19542 19482 19356 19187 19140 18980 18878 18800 18669 18602 18595 18549 18469 18423 18590 18619 18679 18773 18574 18429 18363 18365 18324 18304 18302 18254 18286 18176 18257 18413 18164 18068 17987 18042 18162 18265 18283 18322 18209 18185 18195 18166 18111 18021 18107 18071 18086 18260 18263 18198 18008 18005 18148 18518 18622 18567
17535 17561 17864 18512 18979 19150 19089 18934 18890 18846 18799 18806 18259 18504 18664 18426 18856 19064 18478 18182 18216 18867 19203 19038 18870 18810 18798 18775 18773 18765 18651 18654 18646 18515 18498 18370 18389 18339 18360 18313 18326 18347 18305 18293 18271 18228 18186 18125 18158 18062 17972 17950 17944 17935 17911 17910 17937 18070 18034 18082 18195 18162 18118 18101 18110 18087 18154 18188 18193 18247 18188 18275 18459 18409 18886 18743 17738
17520 17532 17848 18260 18463 18798 19063 19211 19207 19161 19107 19382 19547 19726 19605 19257 19390 19485 19075 18559 18330 18431 18889 18919 18640 18730 18696 18696 18734 18637 18670 18621 18582 18438 18472 18322 18299 18279 18356 18368 18380 18323 18253 18239 18061 18001 17954 18138 18196 18039 17960 17943 17941 17951 17959 17977 18035 18113 18090 18144 18142 18114 18107 18146 18078 18091 18201 18319 18325 18402 18643 18778 18961 19007 18916 18864 18369
17831 18186 18261 18296 18320 18362 18596 18802 18856 18835 19093 19448 19543 19640 19543 19288 19093 19043 18904 18825 18803 18761 18726 18643 18551 18507 18564 18546 18531 18568 18642 18519 18525 18453 18242 18199 18145 18201 18199 17991 17999 18170 18157 18194 18170 18148 18147 18167 18132 18095 17983 17998 17968 17976 17977 17983 18075 18192 18118 18209 18254 18267 18191 18156 18125 18168 18311 18376 18509 18765 18934 18977 19075 19216 18843 18470 18369
18178 18197 18149 18197 18279 18333 18338 18448 18559 18586 18734 18725 18722 18771 18739 18581 18455 18597 18571 18394 18295 18270 18274 18443 18473 18570 18593 18468 18541 18495 18492 18455 18463 18331 18184 18116 18109 18108 18111 18015 18009 18057 18061 18063 18067 18111 18156 18186 18149 18086 17955 17954 17953 17957 17936 17945 17974 18071 18023 18029 18086 18104 18145 18151 18137 18229 18511 18686 18556 18948 19194 19216 19201 19255 19263 19309 19409
18082 17971 17811 18107 18127 18172 18194 18268 18286 18287 18342 18351 18285 18032 18071 17972 17934 17881 18075 18115 18062 18122 18251 18260 18418 18526 18423 18352 18443 18425 18223 18039 18044 18117 18128 18154 18059 18022 18040 18084 18077 18101 18072 18083 18105 18235 18219 18261 18270 18207 18114 18010 18051 18070 18046 18147 18164 18165 18093 18026 18004 18085 18233 18379 18427 18438 18534 18828 19079 19118 19193 19191 19168 19279 19437 19461 19531
