Alternative/Moon/Lvl0_30x30/Ele_FI.asc
ncols         335
nrows         335
xllcorner     6757491.657
yllcorner     -10077166.958
cellsize      10000
nodata_value  -9999.0
[rows 34 to 67 of 335, columns 154 to 230 of 335]
14005 13680 13389 13254 13162 13127 13119 13082 13059 13012 12984 12947 12940 12935 12925 12924 12898 12887 12859 12862 12810 12806 12777 12751 12741 12730 12807 12895 13030 13243 13712 14307 15010 15568 16130 16772 17451 17970 18480 18723 18924 19263 19922 20428 20310 20148 20133 20091 19883 20170 20729 21061 21344 21437 21212 20346 19532 18909 18679 18658 18600 18619 18683 18891 19403 20004 20803 21546 21562 21420 21372 21560 21814 21802 21523 21267 20972
13702 13395 13301 13234 13167 13108 13082 13039 13033 13006 12964 12948 12951 12978 12938 12938 12964 12991 12877 12824 12775 12754 12743 12776 12767 12869 12808 12814 12864 12942 13101 13473 14051 14597 15336 16084 16873 17434 17944 18546 19068 19630 20378 20436 20258 20126 19973 20058 20063 20199 20539 20568 20278 20554 21130 21093 20646 20051 19498 19111 19103 19147 19481 19957 20462 20951 21351 21487 21563 21573 21565 21495 21642 21670 21509 21149 20737
13535 13372 13246 13199 13131 13081 13068 13026 13007 12982 12941 12950 12953 12986 12758 12993 13009 13000 12869 12837 12806 12773 12781 12848 12806 12890 12852 12835 12814 12811 12872 13108 13665 14178 14925 15755 16596 17006 17481 18004 18675 19163 19888 20071 19929 19777 19776 19855 19809 19812 20247 20225 20083 20314 20878 21122 21278 21307 20886 20398 20740 20971 21241 21425 21599 21608 21541 21448 21417 21536 21720 21708 21581 21384 20973 20540 19962
13386 13298 13233 13193 13155 13084 13060 13035 13009 12994 12961 12958 12972 12941 12987 12963 12814 13039 12905 12797 12785 12809 12820 12943 12919 12781 12823 12979 12910 12822 12921 13188 13810 14429 15092 15778 16257 16591 17101 17800 18582 19288 19740 19840 19866 19829 19791 19782 19762 19738 19761 19861 19912 20004 20366 20912 21226 21297 21134 20932 21386 21710 21789 21636 21486 21423 21261 21072 21079 21208 21343 21045 20335 19559 18955 18266 17537
13326 13233 13160 13148 13085 13060 13043 13049 12981 12972 12953 12940 12936 12918 12928 12911 12883 12940 12904 12850 12822 12822 12834 12980 12946 12937 12896 12955 12934 12937 13086 13276 13686 14329 15045 15674 16166 16594 17537 18434 19439 20048 20204 20115 20105 20080 19967 19739 19768 19823 19814 19919 20047 20287 20351 20468 20512 20367 20170 20276 20747 21334 21609 21568 21476 21412 21250 21072 21006 20972 20413 19330 17987 17154 16536 15923 15459
13437 13375 13466 13242 13113 13058 13049 13023 12968 12959 12976 12993 12953 12946 12905 12905 12864 12872 12850 12869 12850 12840 12843 12844 12897 12894 12856 12871 12858 12885 13053 13495 14105 14545 14966 15501 16268 17029 17937 19019 20103 20656 20720 20510 20473 20192 20233 19971 19821 20078 20339 20618 20695 20679 20976 21192 21364 21452 21458 21496 21504 21523 21508 21461 21518 21519 21340 21309 21302 20915 19569 18181 16770 15745 15062 14824 14633
13366 13506 13484 13264 13117 13056 13035 13040 13030 13056 13034 13074 12952 13004 13005 12895 12900 12903 12865 12858 12859 12867 12821 12834 12852 12817 12841 12891 12919 13030 13506 13950 14633 15111 15711 16483 17134 17536 18121 19118 20019 20664 20783 20680 20613 20615 20529 20491 20274 20483 20704 21027 21051 20944 21127 21210 21376 21448 21474 21556 21547 21482 21523 21558 21603 21561 21248 21035 21220 20913 19853 18570 17071 16192 15062 14573 14322
14371 13978 13455 13156 13119 13031 13091 13079 13096 13110 13094 13103 13077 13049 12985 12957 12941 12923 12911 12871 12846 12896 12863 12879 12910 12890 12914 12982 13285 13566 14136 14718 15109 15524 16206 16920 17558 17985 18702 19663 20510 20922 20921 20800 20915 20969 20811 20945 21096 21180 21050 20886 21232 21622 21715 21701 21585 21469 21453 21343 21388 21394 21480 21488 21253 21308 21159 20963 20967 20795 20053 19159 18201 17290 16165 15342 14953
14778 14241 13779 13371 13179 13151 13094 13126 13163 13132 13102 13100 13074 13006 12967 12929 12978 12979 12940 12922 12956 12987 12973 12959 12998 13031 13322 13682 14043 14366 14804 15289 15926 16379 16920 17547 18266 18976 19886 20535 21131 21285 21251 21075 21056 21206 21415 21460 21482 21607 21713 21926 21960 21905 21951 21951 21869 21748 21486 21199 21151 20963 20881 20926 20975 20971 20824 20662 20591 20572 20227 20153 19550 18669 17813 16875 16182
15521 14949 14298 13814 13627 13472 13303 13243 13201 13073 13063 13092 13089 13114 13054 13090 13084 13086 13085 13033 13078 13065 13097 13107 13180 13326 13975 14720 15154 15511 15958 16553 17207 17756 18470 19125 19910 20511 21072 21478 21586 21601 21501 21176 21004 21077 21331 21505 21641 21787 21957 22082 22102 22012 22020 22034 22006 21929 21768 21500 21279 21320 21265 20843 20770 20627 20387 20071 19981 20008 20082 20217 19959 19755 19431 19007 18499
16495 15861 15165 14624 14141 13710 13527 13421 13241 13088 13165 12914 12258 12805 13283 13280 13284 13286 13452 13571 13576 13529 13398 13376 13629 14139 14704 15612 16300 16869 17508 18002 18611 19263 19866 20530 20995 21316 21559 21690 21689 21598 21330 21119 20990 20936 21167 21473 21722 21920 22023 22033 21836 21652 21550 21841 21903 21895 21869 21633 21404 21355 21264 20829 20515 20488 20175 19826 19589 19392 19218 19151 19235 19308 19294 19081 18874
17092 16872 16550 15765 14961 14464 14006 13779 13670 13605 13439 13535 13666 13663 13426 13254 13153 13269 13682 14392 14701 14835 15011 15269 15558 15881 16402 17284 18233 18846 19405 19990 20466 20803 21299 21581 21585 21585 21660 21680 21628 21517 21315 21330 21490 21562 21422 21294 21667 21783 21888 22034 22030 21872 21930 22010 21942 21879 21564 21581 21397 20966 20744 20788 20551 20260 19959 19495 19066 18771 18367 18155 17970 17973 18053 18054 18143
16355 16936 16988 16483 15806 15320 14886 14673 14404 14322 14398 14397 14495 14554 14622 14534 14413 14728 15247 15669 16093 16395 16831 17203 17634 18115 18617 19220 19871 20336 20989 21265 21415 21481 21505 21620 21602 21607 21691 21660 21535 21450 21454 21453 21480 21649 21674 21670 21792 21842 21922 22046 22055 21967 21994 22003 21925 21793 21620 21272 21179 21105 20725 20385 20176 19823 19296 18927 18631 18375 18042 17833 17833 17882 17837 17786 17825
17148 17613 17624 17317 16946 16609 16244 16052 15721 15662 15374 15361 15505 15619 15765 16025 16080 16431 16798 16885 16963 17203 17638 18214 18954 19722 20519 21084 21398 21443 21433 21360 21412 21385 21334 21274 21259 21282 21449 21487 21541 21581 21557 21457 21451 21485 21512 21694 21878 21719 21743 21903 21899 21835 21803 21739 21717 21718 21550 21316 21295 21312 20879 20303 19713 19275 19015 18678 18418 18254 18079 18018 17719 17516 17431 17364 17452
18251 17950 17654 17370 17230 17026 16828 16565 16231 16151 16276 16323 16350 16448 16557 16729 16883 17058 17375 17379 17192 17196 17559 18264 19027 19895 20730 21324 21397 21405 21406 21333 21105 21194 21234 21177 21138 21153 21249 21338 21560 21655 21652 21691 21746 21809 21971 22106 22093 22033 21952 21996 21932 21919 21905 21820 21772 21681 21635 21558 21460 21440 21139 20404 19672 19306 18883 18528 18313 18309 18466 18505 18236 17866 17425 17260 17255
18690 18420 17950 17714 17370 17209 16999 16696 16485 16496 16852 16978 17148 17308 17455 17698 18022 18280 18441 18406 18361 18324 18725 19315 20018 20559 21001 21299 21411 21390 21303 21183 21074 21010 20942 20716 20624 20825 21152 21334 21453 21563 21622 21692 21757 21836 22085 22194 22019 21766 22024 22003 21949 21996 22007 21997 21932 21715 21653 21663 21524 21360 21163 20846 20397 20210 19790 19508 19410 19469 19419 19243 18821 18390 17838 17304 17110
18323 18396 18891 19080 18672 18115 17691 17445 17148 17063 17074 17281 17615 17962 18360 18592 18842 19008 19332 19781 19961 19976 20350 20639 20682 20809 20880 20795 20742 20899 20905 20906 20790 20782 20847 20926 21087 21152 21196 21296 21570 21641 21663 21725 21752 21807 21917 21917 22127 22224 22186 22136 21980 21892 21940 22152 22154 22136 22141 22067 21764 21436 21186 21178 21407 21431 21210 21017 20748 20510 20130 19640 19212 18925 18453 18004 17554
16856 17703 18990 19784 19617 19021 18487 18214 18165 18216 18177 18475 18742 18568 18367 18992 19381 19389 19749 20190 20488 20615 20653 20652 20720 20744 20726 20649 20548 20572 20570 20387 20053 19955 20403 20951 21173 21248 21363 21607 21684 21739 21887 21921 21867 21862 21958 22035 22244 22397 22423 22209 22005 21910 21890 22052 22286 22346 22402 22300 22150 21775 21553 21544 21715 21782 21676 21219 20727 20243 19734 19330 19001 18777 18352 17902 17481
17414 18389 19627 20446 20325 19777 19200 19073 19125 19161 19009 19121 19524 19638 19671 19713 19730 19752 19943 20131 20435 20525 20679 20720 20677 20591 20471 20330 20213 20127 20113 20146 20224 20270 20640 20887 21095 21213 21423 21653 21842 21869 21923 22024 22019 22082 22168 22298 22400 22526 22546 22529 22392 22196 22142 22218 22421 22412 22402 22459 22374 22345 22118 22030 21995 21883 21541 21031 20228 19510 18844 18397 18132 17803 17529 17215 17061
19017 20028 20614 20690 20474 20216 20031 19836 19897 19804 19800 19959 20086 20239 20385 20482 20609 20703 20833 20882 20858 20879 20800 20755 20602 20521 19907 19628 20059 20063 19956 19966 20005 20084 20320 20625 20819 21015 21218 21592 21864 21892 21965 22131 22197 22230 22336 22507 22669 22847 23127 23020 22739 22653 23109 23031 23001 23004 22853 22589 22324 22033 21849 21782 21566 21456 21162 20516 19818 19257 18653 18093 17686 17296 17106 17022 17011
20956 21467 21547 21159 20850 20829 20812 20824 21019 20961 20860 20872 20899 21140 21254 21337 21354 21383 21327 21254 21129 20939 20700 20428 20243 20272 20238 20091 19970 19855 19835 19823 19836 19797 19893 20126 20475 20662 20950 21228 21594 21810 21869 22043 22160 22385 22616 22807 23020 23293 23340 23326 23299 23113 23478 23543 23606 23552 23303 23036 22574 22508 22293 22220 22123 21915 21498 20884 20317 19713 19008 18404 17967 17516 17150 17115 17045
21424 21552 21476 21055 21022 20979 21270 21560 21579 21377 21389 21232 21160 21243 21546 21637 21636 21542 21481 21281 21032 20887 20616 20363 20012 19889 19807 19824 19735 19662 19590 19603 19703 19708 19690 19888 20031 20161 20347 20792 21157 21478 21756 22050 22262 22494 22666 22836 23089 23156 23062 22685 22441 22355 22587 22782 22991 22976 22626 22155 21907 22041 22220 22370 22470 22441 22365 21687 21062 20495 19822 19163 18710 18240 17860 17568 17405
20911 20776 20594 20720 20939 21036 21337 21579 21630 21713 21672 21195 21018 20706 20898 21495 21609 21564 21427 21265 21003 20816 20607 20358 19985 19781 19590 19575 19633 19609 19554 19568 19579 19558 19511 19703 19950 20093 20471 20813 21148 21537 21779 22062 22271 22323 22228 22006 21785 21635 21311 20905 20657 20542 20488 20617 20877 20976 20813 20403 20330 20688 20785 21242 21903 22307 22319 21944 21854 21402 20786 20216 19748 19256 18933 18667 18503
20810 20815 20580 20740 20812 20871 21080 21164 21438 21741 21759 21086 19994 19487 20090 20823 21441 21483 21367 21117 20879 20505 20031 19820 19677 19616 19682 19702 19512 19315 19271 19383 19446 19505 19592 19626 19655 19950 20262 20724 21255 21515 21727 21616 21250 20673 20182 19906 19554 19299 19008 18804 18638 18596 18546 18548 18634 18823 19011 19122 19108 19308 19541 19923 20408 20974 21599 21823 22110 22345 22276 21897 21518 21032 20529 20293 20185
20651 20699 20652 20709 20739 20765 20782 20743 20818 21145 21170 20550 20068 20425 20957 21408 21557 21512 21248 21044 20715 20366 20036 19663 19416 19435 19279 19339 19271 19352 19273 19025 18771 18796 19082 19354 19533 19782 20279 20886 21167 21159 20836 20209 19504 18993 18555 18245 17920 17765 17501 17454 17441 17443 17507 17665 17758 17797 17825 17896 17937 18016 18510 18868 19286 19739 20349 21046 21872 22468 22780 22830 22649 22200 21704 21317 21026
20280 20425 20528 20557 20418 20447 20572 20772 20859 20853 20743 20524 20443 20647 20894 20950 20932 20794 20625 20464 20360 20245 20018 19766 19487 19390 19164 18945 18816 18691 18354 18024 17795 17794 17902 18151 18721 19368 20209 20789 20762 20571 19895 19067 18181 17706 17478 17419 17309 17197 17022 16813 16947 16981 17001 17099 17225 17278 17227 17260 17309 17470 17932 18397 19102 19404 19873 20375 21115 21818 22564 22766 22681 22193 21781 21386 21104
20636 20825 20806 20516 20423 20441 20565 20723 20869 21041 21031 21005 20947 20794 20732 20710 20603 20596 20413 20291 20243 19972 19680 19328 19219 19061 18855 18788 18700 18440 18012 17849 17844 17729 17842 17927 18231 18905 19725 20182 20176 19911 19154 18285 17764 17296 16973 16783 16681 16624 16543 16613 16629 16712 16816 16828 16894 16921 16922 17094 17269 17512 17833 18287 18819 19228 19691 20260 21035 21804 22459 22632 22527 22198 21812 21474 21243
20562 20867 20781 20561 20328 20126 20222 20268 20275 20363 20592 20846 20964 20935 20808 20549 20409 20375 20360 20158 20185 20011 19600 19198 19019 18864 18774 18795 18741 18655 18434 18303 18134 17942 18126 18659 19051 19478 19958 20136 20136 19675 18789 17862 17186 17031 16749 16436 16194 16208 16278 16122 16260 16252 16278 16424 16639 16743 16822 16981 17263 17615 18069 18465 18807 19223 19824 20503 21198 21717 22141 22132 21979 21693 21520 21528 21445
20456 20638 20682 20604 20290 20013 19676 19522 19479 19502 19680 19874 20142 20368 20584 20630 20555 20672 20597 20419 20269 20064 19566 19420 19307 19189 19127 19188 19083 19048 19003 18783 18723 18779 18972 19346 19555 19753 19844 20102 20219 19880 19090 18295 17796 17392 16896 16418 16103 16045 16018 16074 16092 16108 16150 16201 16279 16387 16669 17001 17442 17779 18195 18608 18972 19278 19880 20535 21071 21306 21333 21307 21235 21122 21231 21333 21370
20108 20281 20303 20304 20346 20259 20006 19744 19610 19655 19806 19788 19975 20116 20294 20441 20475 20640 20603 20442 20309 20174 20056 19843 19750 19414 18980 19337 19366 19225 19027 19049 18866 18923 19191 19514 19670 19707 19520 19556 19849 19883 19429 18654 18109 17702 17173 16724 16356 16193 16083 16092 16077 16111 16177 16230 16262 16355 16734 17190 17436 17461 17263 17036 17294 17657 18012 18589 19218 19675 19860 19912 20142 20570 21157 21444 21414
18998 18997 19356 19847 20179 20177 20328 20385 20291 20219 20183 19662 19814 20066 20082 20255 20554 20759 20747 20655 20623 20523 20255 20088 19827 19569 19496 19661 19534 19147 18666 18275 18450 18392 18634 19092 19685 20244 20453 20523 20648 20637 20326 19779 18991 18339 17610 17116 16682 16382 16160 16114 16118 16148 16158 16295 16426 16621 17019 17322 17225 16855 16351 16172 16279 16479 16870 17631 18545 19308 19941 20001 20132 20526 21073 21368 21334
17524 17660 17817 18440 18994 19447 20052 20364 20466 20652 20786 20692 20705 20975 21024 20889 20508 20373 20431 20527 20760 20853 20729 20474 20131 19756 19368 19359 19219 18956 18563 18216 18050 18222 18637 19340 20029 20429 20683 20868 20950 20977 20870 20607 20158 19768 19183 18626 18138 17789 17548 17433 17339 17242 17390 17373 17566 17717 18026 18325 18434 18435 18275 18207 18288 18687 19019 19513 20158 20509 20472 20234 19984 20174 20485 20576 20743
16365 16715 16977 17331 17717 18149 18838 19555 20173 20670 20820 20695 20313 20363 20723 20937 20829 20609 20574 20937 21084 21061 20953 20566 20128 19753 19159 18583 18259 18070 17943 17848 17765 18122 18517 19211 19833 20261 20621 20905 21069 21057 20917 20854 20866 20739 20495 20177 19771 19550 19276 19095 19087 19138 19314 19155 19227 19244 19263 19359 19426 19569 19924 20324 20585 20727 20874 20886 20703 20512 20223 19728 19361 19187 19198 19369 19550
15728 15787 16100 16312 16720 17226 17958 18842 19885 20334 20075 19057 18524 18104 18723 19816 20457 20413 20068 20435 20503 20439 20266 20020 19508 18964 18482 18095 17791 17654 17650 17605 17694 17850 18035 18537 19193 19809 20371 20710 20900 20964 21075 20973 20838 20783 20701 20547 20445 20310 20024 20142 20289 20427 20335 20439 20540 20594 20682 20393 20057 20487 20466 20511 20585 20665 20741 20718 20503 19925 19467 19217 19077 19006 18942 18916 18958
