Alternative/Moon/Lvl0_30x30/Ele_BC.asc
ncols         335
nrows         335
xllcorner     -13342508.343
yllcorner     3322833.042
cellsize      10000
nodata_value  -9999.0
[rows 102 to 135 of 335, columns 77 to 153 of 335]
23971 24506 24896 24956 24924 24909 24728 24122 24207 24186 23435 22800 22338 22323 22281 22152 22067 22062 22062 22122 22055 22019 21944 21964 21882 21889 21951 21959 21928 22173 22216 22235 22277 22185 22283 22488 22529 22333 22479 22717 22534 22210 22100 21892 22020 22058 21657 21504 21361 21415 21479 20897 21449 21372 21320 21328 21415 21552 21424 21378 21572 21478 21311 21283 21435 21479 21713 21876 21609 21593 21858 22129 22125 21787 21713 21680 21721
24008 24526 25014 25102 25178 25179 24837 24585 24268 23955 23283 22633 22344 22215 22184 22077 22083 22102 22207 22157 22076 22241 22242 22158 21953 21894 21969 21991 21840 21995 22138 22245 22202 21970 22006 22130 22485 22725 22610 22615 22568 22180 22116 21949 21786 21704 21602 21442 21372 21363 21440 21472 21414 21371 21338 21345 21384 21416 21455 21478 21418 21356 21306 21332 21334 21276 21559 22047 22101 21533 21290 21285 21349 21837 21934 21890 21828
23836 24390 25027 25102 25197 25154 24716 24470 24257 23709 23068 22628 22383 22348 22250 22137 22196 22235 22234 22204 22131 22166 22175 22104 22007 22023 21935 21936 21914 21883 22021 22239 22220 21960 22014 22516 23062 23088 22889 22589 22363 22144 21929 21929 21891 21598 21472 21405 21388 21357 21379 21336 21309 21312 21326 21342 21337 21311 21357 21333 21315 21296 21313 21290 21309 21341 21631 22057 22178 21617 21342 21757 22048 22310 22384 21709 21457
23872 24760 25636 25999 26018 25856 25391 24393 23797 23314 22720 22452 22303 22281 22335 22304 22353 22408 22335 22184 22293 22386 22274 22264 22127 22096 22050 21892 21935 21805 21913 21973 22155 22163 22521 22724 22944 22932 22632 22180 22357 22329 21755 21854 21897 21514 21446 21419 21380 21374 21387 21363 21347 21404 21376 21369 21375 21319 21327 21336 21312 21308 21318 21327 21328 21359 21618 21774 21786 21414 21352 22096 22732 22792 22679 22138 21757
24281 24897 25248 25055 24889 25827 25701 24521 23792 23104 22728 22503 22435 22448 22502 22524 22603 22672 22391 22347 22574 22752 22477 22323 22335 22082 21923 21844 21853 21850 21836 21829 22031 22266 22548 22693 22627 22299 22278 22121 22369 22434 21832 21509 21467 21487 21612 21621 21473 21428 21446 21428 21433 21465 21405 21404 21397 21348 21354 21358 21340 21346 21342 21334 21361 21355 21496 21594 21569 21460 21385 21470 21789 21997 22373 22299 22260
24439 23911 23751 23658 24004 25235 25560 24693 24002 23223 23082 23005 22899 23071 22982 23043 22986 23006 23001 22952 22909 22794 22655 22412 22340 22224 22003 21995 21905 21788 21797 21794 21799 22088 22333 22529 22535 22274 21996 21975 22241 22295 21820 21516 21452 21484 21523 21493 21461 21456 21552 21585 21523 21412 21384 21401 21396 21380 21368 21363 21376 21394 21380 21343 21415 21425 21567 22179 22460 22216 21521 21343 21444 21414 21384 21930 22233
24874 24574 23733 23588 24069 24924 25155 24613 23928 23205 23008 22977 23018 23267 23544 23325 22980 22983 23016 22952 22857 22588 22391 22352 22394 22345 22152 21917 21814 21780 21690 21599 21582 21741 22062 22183 22315 22093 21889 21894 22013 22228 22264 21754 21529 21501 21634 21640 21531 21496 21479 21465 21519 21536 21434 21446 21418 21386 21382 21397 21406 21429 21459 21499 21509 21593 21676 22065 22470 22393 21935 21535 21428 21300 21281 21534 22107
25321 25341 25184 24918 24735 24746 24310 23824 23381 23332 23171 22973 22916 23709 24174 23913 23395 23192 23066 23135 23055 22629 22363 22365 22476 22410 22198 21865 21634 21586 21657 21704 21637 21625 21791 21874 21802 21883 21845 21923 22056 22233 22252 21957 21812 21575 21673 21652 21561 21590 21548 21504 21490 21468 21453 21446 21429 21406 21460 21527 21588 21668 21629 21643 21733 21742 21566 21634 22132 22699 22926 22190 21636 21511 21352 21522 21660
25251 25236 25183 24791 24574 24235 24169 23734 22760 23207 23386 23231 23003 23684 24255 24068 23742 23527 23214 22951 22916 22799 22446 22456 22191 21710 22020 22172 22031 22080 21913 21769 21653 21626 21726 21772 21781 21806 21827 21839 21872 22057 22075 21807 21812 21583 21526 21640 21660 21560 21571 21515 21505 21421 21405 21377 21405 21424 21487 21624 21824 21891 21601 20647 21609 21880 21676 21630 21815 22303 22736 22418 21979 21704 21440 21405 21499
25111 25269 25471 25475 25202 24653 24320 23392 22177 22551 23441 23284 23469 23821 23809 23741 23601 23483 23128 22956 22925 22773 22451 22579 22565 22337 22286 22238 22006 22095 21930 21749 21655 21710 21762 21874 21852 21882 21845 21802 21736 21779 21669 21633 21591 21594 21569 21681 21681 21668 21759 21451 21505 21501 21424 21464 21378 21482 21517 21596 21604 21719 21803 21596 21255 21839 21800 21775 21789 21900 22323 22035 21769 21591 21581 21719 21777
25196 25357 25547 25585 25369 24688 24298 24081 23800 23593 23607 23377 23494 23763 23757 23577 23489 23213 22886 22811 22646 22340 22103 22240 22257 22187 21892 21903 21876 21730 21636 21663 21999 22036 21810 21896 22035 22052 21957 21894 21850 21863 21625 21664 21601 21732 21617 21572 21540 21672 21761 21759 21889 21922 21688 21849 21769 21473 21281 21332 21440 21535 21678 21680 21736 21799 21746 21760 21860 21912 21988 22099 21997 21654 21924 21978 21907
25533 25590 25381 25254 25085 24527 24067 23678 23479 23399 23367 23397 23321 23331 23129 23150 23105 23148 23050 22842 22563 22023 21871 21834 21771 21737 21756 21931 21929 21717 21706 21825 22010 21906 21840 21857 22094 22180 21975 21761 21654 21790 21601 21560 21590 21707 21624 21663 21665 21654 21683 21912 22021 22072 21851 21713 21570 21471 21272 21212 21214 21335 21483 21381 21398 21427 21491 21655 21793 21970 21940 21981 21968 21841 21872 21844 21896
25181 25165 24845 24357 23977 23656 23661 23117 22890 22912 22894 23089 23191 23077 22652 22839 22826 22898 22950 22819 22455 21953 21898 21757 21708 21699 21796 21737 21839 21787 21798 21606 21738 21893 21891 21845 21800 21794 21547 21495 21490 21500 21456 21481 21693 21679 21692 21777 21922 22002 22094 21958 22019 22044 21802 21941 21824 21640 21801 21703 21435 21310 21420 21408 21390 21447 21527 21577 21613 21606 21807 21787 21767 21805 22134 22336 22319
24476 24375 24086 23711 23432 23220 22989 22950 22932 22797 22792 22812 22813 22797 22568 22472 22164 22106 22323 22333 22243 21901 21835 21739 21710 21703 21668 21751 21756 21767 21851 21805 21808 21895 21950 22068 22148 22035 21936 21758 21525 21464 21434 21479 21696 21712 21695 21779 22121 22289 22352 22080 22173 22113 21955 21892 21818 21724 21938 22013 21938 21615 21611 21591 21658 21512 21685 21641 21625 21698 21725 21754 21865 21871 21849 21973 21886
24265 24163 23875 23763 23431 22969 22844 22867 22856 22865 22900 22912 22777 22766 22663 22068 21983 21942 21984 21786 21893 21823 21739 21722 21726 21724 21713 21730 21741 21762 21891 21867 21796 21757 21746 22034 22199 22092 22214 22178 21845 21485 21456 21440 21494 21630 21666 21796 22184 22339 22134 22003 22164 22119 22069 21935 21973 22026 21974 22026 21789 21633 21589 21491 21544 21546 21689 21841 21957 21629 21696 21714 21825 21981 22237 21680 20647
24397 24272 24036 23738 23559 23555 23489 23274 23205 22983 22857 22828 22800 22910 22849 22482 22169 21969 21954 21847 21838 21754 21738 21733 21739 21739 21719 21990 21975 22052 22019 21949 21918 21792 22045 22273 22230 22108 22191 22209 21909 21500 21504 21470 21487 21525 21559 21542 21993 22237 22248 22180 22303 22216 22039 21954 21838 22012 21836 21669 21768 22083 22053 21474 21605 21694 21872 21910 22024 21898 21372 21598 21617 21913 22227 22125 21596
24332 24458 24252 24230 24056 24054 24178 24066 23467 22529 22235 22375 22788 23094 23003 22469 22264 22128 22173 21917 21823 21792 21767 21752 21756 21754 21758 21888 21928 22329 22391 22054 21952 21952 21932 22266 22267 22226 22193 22094 22073 21908 21636 21469 21475 21501 21450 21488 21666 21939 22269 22159 22219 22112 21890 21806 21727 21606 21572 21567 21696 22043 22023 21492 21268 21257 21257 21487 21835 21835 21330 21517 21533 21732 22039 22296 22583
23833 24170 24439 24404 24174 24512 24525 24497 24327 23524 22988 22972 23265 23304 22969 22560 22421 22124 22096 21974 21896 21868 21805 21786 21803 21876 21952 22137 22365 22755 22784 22715 22538 22514 22244 22362 22357 22369 22267 22120 22104 22138 21958 21500 21497 21490 21482 21523 21542 21588 21945 22110 22110 21748 21637 21646 21625 21601 21586 21574 21748 22190 22012 21316 21262 21251 21256 21254 21280 21289 21244 21473 21607 21646 22021 22337 22277
23659 23973 24370 24343 24194 24452 24261 24468 24468 24194 23852 23671 23571 23401 22775 22532 22436 22091 22090 22045 22057 22022 22021 22045 22037 22060 22232 22464 22742 22714 22378 22246 22401 22522 22408 22448 22517 22541 22350 22178 22184 22234 22041 21633 21530 21518 21498 21653 21952 21941 21680 21777 21853 21951 21896 21748 21746 21633 21597 21616 21990 22423 22411 21521 21297 21281 21267 21325 21407 21395 21276 21336 21336 21594 21841 21820 22023
22979 23270 23484 23553 23827 24018 23903 24275 24263 24125 23866 23666 23555 23201 22872 22668 22442 22222 22102 22136 22057 22188 22303 22345 22337 22257 22480 22671 22592 22265 22163 22149 22149 22163 22184 22322 22596 22892 22871 22382 22247 22330 22233 21898 21801 21634 21526 21580 21806 21807 21800 21927 21983 21998 21847 21811 21843 21706 21687 21821 21986 22238 22314 22064 21821 21513 21536 21639 21605 21330 21285 21354 21395 21530 21742 21885 21876
22244 22579 22781 22928 23043 23204 23305 23560 23905 23947 23730 23560 23139 22794 22747 22644 22445 22247 22122 22097 22103 22124 22539 22771 22839 23037 22929 22702 22632 22187 22152 22147 22144 22149 22171 22202 22292 22437 22515 22503 22380 22274 22253 21902 21632 21599 21536 21532 21645 21733 21632 21611 21636 21672 21907 22163 22127 21855 21824 21962 21901 21882 21797 21929 21769 21750 21673 21702 21505 21298 21241 21286 21413 21811 21753 21629 21832
21859 22034 22451 22716 22833 22909 22988 23339 23504 23691 23649 23238 22953 22925 22804 22494 22388 22364 22362 22308 22296 22714 22839 23007 23217 23506 23278 22909 22438 22176 22160 22158 22157 22175 22190 22339 22608 22535 22281 22324 22317 22241 22326 22195 21789 21583 21882 21879 21784 21765 21599 21638 21558 21667 21955 22149 22098 21949 21932 21904 21856 21810 21770 21796 21761 21599 21522 21517 21485 21488 21248 21105 21320 21701 21737 21764 21873
21827 21936 22269 22718 22592 22088 22704 23214 23398 23428 23320 23201 22952 23002 22897 22674 22777 22903 23015 22909 22634 22797 23072 23051 23112 23426 23267 22733 22268 22171 22174 22182 22186 22196 22216 22539 22863 22768 22580 22566 22422 22155 22159 22130 21857 21842 22056 22115 21843 21814 21773 21683 21796 21728 21572 21427 21499 21899 21917 21750 21521 21893 21790 21743 21794 21693 21571 21508 21432 21471 21365 21180 21124 21378 21669 21654 21942
21868 21891 22047 22504 22346 21218 22325 22750 22929 23269 23290 23018 22782 22900 22968 22902 22967 23107 23106 22796 22362 22517 22912 23073 23099 22607 22656 22479 22241 22198 22219 22221 22242 22355 22797 22879 22735 22925 22862 22590 22488 22207 22044 22010 21973 21908 22014 22021 22068 22006 21874 21987 22207 22167 21490 21366 21370 21468 21577 21681 21694 21562 21608 21735 21421 21373 21407 21520 21411 21454 21525 21411 21503 21557 21580 21621 21811
21891 21928 21938 22297 22297 22271 22591 22629 22758 23036 22862 22655 22671 23006 23261 23330 23273 23122 22333 21975 21921 21943 22445 23101 23287 23119 22562 22434 22618 22811 23086 23009 22945 23384 23586 23331 23083 23208 23147 22897 22647 22252 22194 22381 22349 22235 22031 22002 22052 22199 22365 22460 22462 22488 22128 21836 21689 21563 21419 21670 21920 21906 21439 21404 21380 21345 21327 21329 21340 21547 21736 21668 21684 21639 21600 21708 21712
21843 21883 21907 21925 22016 22104 22021 22327 22379 22211 22552 22848 23030 23042 23346 23517 23524 23350 22353 21971 21946 22013 22854 23561 23627 23461 23238 23146 23009 22996 23374 23351 23100 23453 23457 23314 23048 23088 23000 22859 22662 22550 22678 22697 22594 22380 22373 22464 22595 22589 22541 22570 22589 22612 22468 22093 22007 21868 21606 21807 21815 21615 21492 21471 21418 21389 21359 21398 21406 21523 21648 21606 21514 21624 21819 21620 21867
21833 21883 21987 22111 22160 22162 21922 22067 22029 22506 22915 23100 23152 23067 23294 23545 23573 23315 22672 22741 22469 22749 23629 23693 23581 23551 23483 23348 23173 22998 23193 23188 23034 23097 23208 23267 23201 22781 22747 22741 22715 22765 23031 23310 23355 23359 23055 22761 22593 23142 23227 22860 22996 22737 22535 22457 22367 21713 21574 21656 21648 21525 21503 21489 21436 21436 21454 21417 21401 21514 21525 21509 21520 21628 21752 21596 21864
21814 21853 21833 22029 22121 21983 21862 21973 22099 22608 23008 23207 23203 23096 23100 23267 23341 23322 23340 23422 23646 23943 23948 23692 23437 23457 23565 23616 23554 23218 22919 22919 23076 23199 23263 23144 23125 22989 22926 23067 23028 22988 23121 23322 23453 23471 23235 23156 23276 23312 23466 23456 23307 22998 23012 22996 22516 21817 21949 21818 21786 21963 21786 21610 21571 21648 21555 21415 21368 21406 21396 21451 21527 21593 21700 21910 21722
21963 21878 21896 22064 22194 21973 21803 21799 21924 22509 23302 23378 23346 23230 23027 23102 23187 23238 23306 23442 23571 23837 23873 23662 23386 23216 23466 23602 23610 23213 23086 23216 23290 23216 23101 23141 23171 23238 23354 23265 23239 23089 23114 23066 23081 23399 23825 23895 23933 23838 23467 23261 22915 23375 23351 23275 22903 22348 22389 22448 22364 22174 22129 22150 22195 22166 22082 21496 21457 21489 21457 21421 21508 21844 21803 21888 21979
22061 21982 21961 22161 22310 22218 22197 21865 21905 22483 23257 23256 23148 23032 23045 23141 23144 23226 23326 23474 23600 23862 23770 23559 23894 24206 24242 24252 24166 24017 23642 23558 23503 23526 23381 23402 23728 23878 23642 23511 23626 23846 23939 23757 23675 23685 23761 23765 23832 23800 23524 23446 23455 23376 23499 23333 22804 22876 23115 23102 22844 22726 22251 22221 22229 22219 22117 22002 21986 21888 21894 21745 21792 22022 22180 22170 22128
21981 21822 21806 21823 21858 22120 22139 21980 21916 22133 22610 23098 23119 23200 23178 23313 23554 23519 23471 23731 23793 23916 23864 24230 24249 24210 24287 24421 24380 24034 23696 23792 23847 23798 23499 23451 23730 23844 23663 23542 23710 23925 23974 23713 23633 23478 23126 22855 22791 23181 23440 23542 23532 23461 23572 23357 23434 23580 23476 23300 23147 22906 22722 22082 22000 21943 22032 22055 21990 22137 22098 22066 22183 22316 22375 22573 22580
21759 21782 21761 21755 21777 21761 21964 22069 22350 22509 22711 22890 22938 23185 23426 23579 23539 24001 24131 24049 24066 24114 24318 24312 24251 24292 24255 24134 23906 23679 23891 23977 23890 23590 23096 22869 23095 23256 23294 23229 23369 23456 23257 23130 22892 22956 22969 22808 22381 22136 22423 22551 22644 22860 22930 22802 22709 23339 23313 23257 23110 23002 23003 22744 22314 21935 21999 22349 22377 22405 22342 22325 22321 22389 22528 22671 22750
21912 21923 21881 21826 21879 21878 21888 22154 22464 22654 22925 23120 23242 23354 23431 23756 23888 24086 24123 24290 24188 24282 24225 24218 24100 24262 24278 24112 24170 24115 23762 23356 22821 22734 22558 22493 22416 22555 22363 22101 22030 21685 21586 21834 21774 21795 22047 22033 21903 21808 21787 21539 21351 22000 22482 22229 21841 22604 22775 22705 22867 23013 23184 23352 22834 22255 22315 22512 22593 22686 22623 22763 22677 22786 22844 22976 22885
22269 22401 22539 22561 22494 22551 22378 22364 22692 22982 23334 23460 23490 23684 23618 23801 24025 24354 24512 24368 24313 24203 24356 24462 24658 24476 24711 24737 24387 24246 23222 22589 22355 22237 21919 21748 21455 20557 21044 21382 21264 20967 20957 20890 20822 20771 21112 21370 21338 21584 21675 21547 21193 21227 21167 21271 21276 21046 21302 21716 22379 22777 23145 23387 23094 22794 22977 23092 23147 23246 22950 22907 23159 23186 23054 23294 23158
