Alternative/Moon/Lvl0_30x30/Ele_FL.asc
ncols         335
nrows         335
xllcorner     16807491.657
yllcorner     -10077166.958
cellsize      10000
nodata_value  -9999.0
[rows 0 to 33 of 335, columns 0 to 75 of 335]
13736 13692 13710 13747 14323 15277 15723 16276 16390 15991 15349 14533 13606 12822 12221 11725 11255 10560 10116 9944 9923 9919 9945 9969 9915 9911 9915 9919 10015 9890 10000 9949 9895 9853 9852 9916 9953 10132 10548 10905 11543 12305 12892 13640 14250 14828 15550 16154 16320 16269 16137 15818 15187 14707 14016 12822 11407 10349 9643 9587 9586 9615 9606 9583 9635 9639 9583 9574 9592 9738 10300 10677 10588 10274 10038 10062
14371 14021 13846 13854 14348 15102 15551 15858 15983 16033 15459 14516 13485 12688 12227 11654 11153 10530 10131 9990 10020 9925 10009 9974 9905 9901 9904 9898 9886 9895 9933 9899 9859 9876 9891 9922 9957 10078 10404 10895 11537 12377 13038 13835 14649 15468 15916 16131 16328 16344 16224 15841 15293 14880 14362 13583 12369 11327 10342 9763 9553 9539 9556 9574 9578 9574 9631 9668 9860 10120 10087 10174 10500 10396 10427 10367
14841 14614 14268 14129 13989 14443 14929 15411 15970 16028 15607 14880 13854 13109 12569 11737 11079 10613 10254 10010 9983 9961 9921 9895 9918 9891 9896 9883 9882 9877 9848 9846 9885 9906 9901 9911 10083 10400 10637 11381 12052 12800 13428 14467 15488 15950 16248 16515 16480 16345 16080 15737 15284 14771 14473 13854 13614 12924 11814 10803 10233 9934 9648 9630 9625 9650 9581 9565 10155 10402 10466 10480 10164 9755 10284 10331
14576 14136 13862 13731 13787 13699 13905 14890 15571 15764 15773 15268 14218 13678 13214 12458 11943 11415 10928 10602 10388 10101 10062 9938 9968 9869 9876 9890 9867 9874 9867 9899 9914 9935 10104 10370 10711 11026 11325 11892 12755 13703 14262 15049 16011 16487 16532 16455 16248 15937 15818 15550 15325 15077 14857 14722 14468 14151 13512 12775 12038 11421 10753 10314 10201 10388 10353 10208 10435 10353 10377 10463 10541 10438 10653 10789
14719 14399 14195 14117 13854 14336 14474 14993 15534 15706 15772 15581 15349 14689 14093 13464 12947 12545 12162 11695 11041 10624 10251 10049 10020 10019 9978 9918 9903 9867 9893 9970 10143 10585 11050 11556 11892 12272 12664 13234 14014 15047 15712 16550 16613 16810 16823 16485 16144 15839 15577 15479 15343 15189 15169 14842 14958 15048 14650 14007 13794 13049 12234 11591 11120 10758 10596 10522 10393 10297 10210 10225 10230 10352 10456 10711
15311 14791 14511 14438 14259 14387 14509 14895 15025 15067 15188 15524 15615 15480 14987 14387 13912 13460 12700 12249 11889 11392 10972 10950 11019 10881 10627 10545 10415 10571 10764 10850 11198 11563 12050 12546 13020 13647 13903 14343 15253 16045 16611 16705 16667 16357 16387 16223 16140 15886 15603 15265 15185 15160 15018 14977 15204 15220 14766 14595 14511 13839 12840 12102 11460 11008 10714 10655 10650 10504 10430 10116 10122 10157 10222 10466
15149 14770 14346 14189 14124 14057 14043 14184 14310 14471 14738 15310 15563 15585 15595 15452 14983 14448 14024 13701 13269 12745 12485 12488 12417 12251 12067 11934 11945 11845 12084 12287 12622 12971 13065 13375 13717 14294 15120 15688 16423 16817 16957 16822 16789 16352 15870 15669 15649 15572 15262 14964 14805 14971 15021 14995 14747 14914 15158 15048 14717 14326 13738 12674 11861 11508 11146 10778 10703 10506 10485 10460 10398 10369 10218 10107
15052 14436 14002 13691 13541 13579 13591 13529 13625 13673 13714 14226 14878 15334 15516 15516 15455 15155 14870 14805 14571 14480 14301 14239 14146 14035 13703 13546 13457 13515 13629 13857 14085 14470 14657 15018 15594 16271 16547 16781 16870 16959 16938 16702 16404 16045 15759 15631 15522 15354 15203 14866 14812 14822 14701 14668 14527 14847 15011 15040 14802 14369 13971 13613 12853 12346 11693 11268 10963 10861 10856 10802 10702 10543 10332 10031
14511 14030 13687 13413 13237 13101 13132 13178 13400 13765 14022 14173 14381 14920 15281 15440 15369 14977 14950 15219 15238 15182 15120 15164 15002 14651 14797 15219 15084 15253 15384 15384 15319 15623 15830 16028 16495 16675 16751 16797 16767 16541 16270 16005 15855 15579 15507 15413 15224 15015 14890 14830 14791 14743 14633 14573 14378 14359 14791 14824 14654 14503 14475 14080 13683 13208 12690 12380 12086 11932 11777 11138 10961 10667 10277 10056
14081 13741 13351 13159 13085 13080 13078 13106 13129 13322 13549 14109 14290 14430 14431 14390 14462 14402 14908 15119 15179 15159 15299 15727 15896 15728 15648 15945 15901 15689 15818 15840 16117 16371 16446 16568 16601 16649 16530 16432 16287 15917 15526 15361 15322 15189 15076 14673 14469 14589 14581 14641 14710 14645 14521 14074 13866 14013 14258 14234 14364 14505 14499 14358 14061 13842 13359 13069 12672 12643 12690 12227 11531 11225 10989 10317
13736 13394 13175 13083 13041 13050 13073 13065 13093 13120 13484 13671 13961 14060 13862 13644 13517 13901 14276 14582 15332 15473 15303 15756 16037 16112 16128 15999 16006 16068 16034 16237 16260 16405 16457 16339 16282 16089 15930 15810 15520 15083 14745 14686 14549 14442 14412 14363 14355 14210 14107 14173 14205 14142 13780 13364 13587 14141 14470 14424 14268 14214 14321 14290 14286 14364 14319 14256 13765 13321 13038 12971 12504 12253 11851 11458
13582 13104 13127 12995 12968 13063 13097 12971 13026 13088 13412 13540 13412 13131 13142 13148 13198 13301 13714 14514 15173 15278 15243 15283 15478 15719 15762 15647 15654 15973 15981 16061 16009 15872 15732 15554 15553 15542 15478 15330 15051 14706 14651 14457 14344 14218 14127 14031 14097 13983 13989 14030 13963 13959 13795 13469 13745 14240 14448 14333 14187 14106 13978 14150 14293 14319 14309 14367 14040 13725 13698 13355 13289 12870 12738 12825
13089 13081 12995 12997 12975 12970 12978 12975 13159 13363 13480 13692 13651 13220 13125 13250 13403 13913 14266 14625 14553 14614 14715 14753 14825 15089 15008 14848 14767 15116 15143 14965 15031 15034 14931 14602 14774 14775 14779 14684 14452 14069 13978 13909 13840 13831 13797 13775 13828 13864 13968 13967 14048 14119 14075 13765 13613 13855 13960 13939 13980 13962 13880 13867 13908 13956 14136 14145 14182 14336 14394 14241 13835 13787 13484 13215
12968 12967 12989 12974 12965 12969 12974 13169 13522 13596 13630 13440 13378 13089 13102 13641 14388 14613 14568 14646 14569 14561 14544 14494 14678 14807 14721 14895 14814 14708 14686 14575 14512 14451 14446 14393 14363 14320 14198 14078 14033 13926 13800 13746 13734 13540 13711 13727 13804 13862 13652 13989 14031 13923 13746 13500 13338 13645 13797 13694 13865 13899 13894 13810 13827 13867 14006 14030 14022 14308 14409 14590 14588 14518 14178 13800
13133 12965 12971 13011 13022 13039 13274 13456 13627 13612 13243 13088 13081 13104 12960 13436 14276 14513 14440 14507 14476 14448 14430 14455 14503 14632 14660 14666 14690 14685 14691 14631 14519 14411 14352 14375 14315 14157 14143 14094 13974 13924 13804 13729 13511 13418 13402 13409 13455 13555 13621 13668 13570 13380 12874 12782 12771 12814 13235 13458 13691 13782 13694 13777 13813 13801 13885 13897 13828 13914 14149 14538 14664 14678 14620 14667
13523 13377 13235 13212 13182 13374 13600 13753 13968 14134 14121 13763 13490 13561 13647 13828 13882 13804 13970 14129 14033 14001 14059 14204 14351 14431 14528 14624 14653 14683 14643 14645 14581 14406 14344 14383 14391 14425 14369 14079 14180 14170 13940 13714 13617 13483 13427 13425 13449 13545 13642 13650 13425 12944 12865 12859 13155 13410 13472 13450 13426 13409 13368 13495 13637 13560 13478 13249 13428 13420 13410 13624 13778 14214 14412 14525
14074 13999 13671 13667 13556 13691 13858 13997 14079 14291 14467 14611 14585 14452 14367 13877 13765 13866 13877 13893 13945 14146 14145 14333 14276 14490 14561 14699 14739 14911 14940 14624 14707 14395 14537 14618 14741 14786 14581 14326 14295 14320 14198 13986 13970 13684 13641 13475 13538 13583 13606 13649 13624 13485 13330 13470 13663 13742 13627 13393 13406 13357 13268 13268 13219 13161 13093 12954 12771 12882 12893 13184 13607 13839 13881 14009
14132 13952 13734 13696 13665 13757 13897 14059 14150 14257 14442 14739 14837 14691 14573 14373 14010 14067 13967 13919 13978 14084 14234 14383 14479 14616 14721 14824 14872 14935 14945 14896 14883 14822 14945 14856 14433 14367 14044 14125 14333 14436 14235 14043 13967 13784 13726 13541 13561 13611 13609 13600 13518 13420 13356 13492 13630 13633 13602 13512 13382 13349 13136 12945 12940 13027 12980 12908 12817 12779 12906 13162 13345 13452 13558 13548
14026 13734 13705 13520 13660 13902 14086 14268 14458 14666 14742 14856 14860 14790 14730 14656 14617 14626 14534 14588 14698 14841 14921 15008 15037 15166 15236 15160 15172 15198 15295 15138 15020 15158 15171 14590 13565 12867 12722 12888 13917 14184 14026 14028 13996 13770 13592 13344 13327 13306 13382 13324 13319 13232 13364 13393 13649 13791 13723 13614 13273 13098 13053 12964 12958 12975 12969 12915 12909 12948 12949 12905 13121 13303 13451 13514
13987 13865 13900 13788 13785 14115 14232 14425 14619 14890 15049 15104 15003 14889 14856 14765 14804 14806 14784 14783 14917 14947 14983 15057 15145 15228 15312 15202 15337 15437 15662 15701 15755 15520 15178 14513 13534 12921 12687 12706 13279 13600 13616 13520 13570 13563 13569 13489 13502 13419 13398 13347 13328 13210 13221 13457 13696 13750 13712 13509 13220 13005 12891 12831 12855 12873 12980 12969 12889 12898 12839 12857 12832 12922 13283 13577
14170 13924 13880 13817 14091 14328 14383 14484 14758 14935 15105 15149 14959 14562 14230 13985 13863 13743 13764 13710 13592 13626 13444 13496 13593 13778 14191 14497 14891 15304 15660 15799 15817 15506 14985 14166 13401 12808 12890 12804 12855 12925 13050 13260 13296 13552 13758 13799 13771 13721 13659 13572 13281 13066 13144 13027 13115 13239 13257 13261 13156 12821 12851 12719 12686 12724 12828 12798 12842 12888 12757 12741 12753 12763 13180 13542
14357 14116 13860 13564 13776 14056 14315 14391 14428 14669 14640 13714 12911 12644 12470 12151 12029 11941 11909 11884 11906 12100 12186 12233 12215 12335 12383 12356 13045 14002 14620 15283 15415 15248 14925 14694 14279 13583 13323 13452 13617 13751 13721 13512 13677 13992 14392 14593 14532 14356 14173 13942 13353 13002 13107 12952 12942 12915 12992 13020 12992 12846 12903 12717 12689 12675 12709 12734 12652 12706 12818 12854 12773 12768 13200 13391
14399 14131 13596 13081 12868 13092 13355 13488 13521 13571 13491 12573 11462 10924 11022 11062 10992 10902 10823 10851 10843 10845 10851 10875 10926 11010 11249 11543 11571 11841 12533 13376 14267 14797 14877 14833 14181 13210 12713 12722 13133 13801 13838 14000 14062 14360 14604 14691 14636 14388 14150 13846 13322 13119 13176 13173 13162 13095 13086 12939 12851 12887 12896 12791 12630 12612 12707 12724 12802 12792 12726 12574 12637 12820 12926 13095
13771 13699 13347 13058 12804 12850 13034 13326 13409 12888 11978 11220 10834 10630 10580 10611 10846 10883 10813 10842 10877 10875 10875 10785 10818 10903 10915 10958 10990 11131 11320 12135 12673 13152 13140 12970 12647 12258 12208 12605 12805 12913 12853 13767 14096 14257 14376 14153 13981 13926 13728 13454 13196 13392 13611 13635 13177 13225 13248 13018 12864 12871 12903 12857 12655 12712 12828 12929 12761 12506 12785 12754 12564 12488 12622 12637
12654 12575 12568 12596 12671 12770 12986 13131 12898 12033 11391 10902 10742 10627 10660 10723 10736 10778 10843 10772 10845 10909 10924 10920 10883 10885 10907 10971 11019 11110 11218 11614 12097 12704 12879 13554 13937 13959 13603 14233 14253 14136 13948 13715 13866 13836 13881 13945 13714 13395 13131 13121 13084 13214 13426 13534 13205 13107 13054 12885 12934 12971 12998 12980 12865 12959 12818 12912 12787 12654 12820 12798 12577 12647 12697 12758
11589 11487 11565 11731 11961 12448 12757 12640 11890 11228 10858 10770 10776 10776 10777 10775 10746 10807 10847 10868 10900 11029 11049 10934 10874 10830 10830 10867 10910 10907 10929 11017 11320 11825 12456 13344 14032 14145 14091 14095 14055 13806 13705 13510 13430 13263 13235 13137 12945 12992 12979 12890 12856 12914 12983 13058 12866 12909 12894 12873 12955 12951 12701 12695 12746 12750 12804 12779 12678 12636 12555 12567 12592 12651 12702 12671
10865 10773 10864 11151 11700 12222 12260 12088 11449 10906 10859 10900 10834 10852 10856 10800 10758 10825 10869 10828 10842 10848 10840 10860 10804 10723 10726 10753 10782 10799 10843 10958 11434 11979 12485 13175 13872 14067 14046 13681 13373 13230 13184 13251 13198 12904 12920 12911 12933 12951 12999 13298 13344 12880 13132 13111 13003 12917 12899 12973 13010 12876 12822 12729 12674 12676 12668 12677 12718 12585 12551 12570 12546 12609 12678 12930
10612 10526 10670 10992 11356 11625 11800 11738 11209 10899 10911 10914 10893 10902 10912 10879 10866 10820 10816 10865 10892 10886 10855 10802 10768 10727 10731 10751 10777 10855 10998 11480 12034 12819 13311 14022 14143 14122 13959 13739 13444 13252 13187 12977 12995 13040 13046 13149 13088 13142 13197 13284 13341 13534 13721 13696 13460 13399 13393 13288 13082 13027 13153 12880 12730 12629 12640 12641 12641 12505 12492 12445 12452 12404 12645 12636
10527 10524 10544 10785 11308 11712 11790 11719 11458 11445 11106 11000 11053 11092 11098 11121 11087 11124 10955 10842 10848 10874 10884 10867 10837 10732 10720 10786 10899 11156 11630 12317 12829 13300 13611 14015 14003 13784 13540 13646 13492 13032 13003 13021 13141 13123 13161 13175 13268 13430 13665 13551 13432 13835 13916 13829 13675 13697 13544 13500 13388 13210 13060 12885 12806 12755 12797 12871 12874 12609 12515 12447 12444 12415 12661 12812
10595 10606 10601 10583 10768 11031 11033 11369 11902 11975 11971 11692 11467 11223 11207 11188 11143 11066 11053 11063 11036 11044 11064 11063 10958 10978 11175 11518 11970 12380 12796 13346 13727 14203 14303 14302 14031 13718 13455 13230 12860 12868 12817 13000 13140 13292 13655 13765 13760 13796 13946 13749 14020 14147 13964 13647 13479 13527 13845 13981 13911 13734 13269 12993 13007 12967 13096 13171 13303 13162 12988 12860 12936 12910 13055 13169
10677 10727 10740 10688 10684 10732 10912 11403 12006 12462 12825 13135 13118 12837 12781 12388 12149 11934 11669 11462 11302 11315 11310 11299 11606 11938 12225 12662 13142 13440 13871 14319 14462 14444 14415 14292 14012 13592 13268 12873 12772 12740 12781 12927 13421 14140 14465 14712 14711 14286 14164 14283 14419 14440 14277 13912 13797 13977 14347 14320 14085 13628 13182 13095 13060 12974 13280 13890 13929 13873 13814 13484 13391 13329 13341 13385
10707 10694 10701 10707 10726 10789 10888 11293 11769 12244 12760 13263 13519 13542 13726 14110 14035 13525 13537 13440 13409 13497 13788 13618 13785 13961 13979 14294 14353 14211 14216 14330 14450 14471 14336 14101 13912 13986 13789 13610 13248 12977 13114 13405 13913 14698 14975 15460 15497 15248 14818 14784 14768 14780 14816 14775 14770 14787 14618 14568 14303 13849 13373 13155 13127 13259 13614 13911 14024 13999 13891 13890 13508 13322 13011 12978
10747 10719 10802 10882 10830 11006 11290 11592 11890 12146 12591 13054 13159 13328 13940 14529 14647 14897 15031 15030 15055 14979 14944 15095 15022 14756 14701 14651 14436 14270 14305 14354 14376 14267 14031 14142 14385 14653 14615 14206 14009 13795 13918 14115 14212 14657 15002 15377 15470 15134 15192 15054 14860 14907 14870 14747 14767 14751 14583 14597 14479 14264 14091 14187 14300 14336 14263 14000 14150 14241 14109 13871 13172 12603 12214 12114
11302 11317 11362 11139 10733 11113 11660 12008 12282 12607 12869 13159 13566 13944 14331 14617 14609 14876 15205 15249 15250 15105 15061 15056 14953 14619 14567 14439 14374 14463 14700 14665 14006 13281 12865 13060 13866 14603 14636 14359 13914 13829 14012 14081 14167 14390 14562 14591 14895 14918 14707 14432 14179 13810 13571 13583 13553 13564 13605 13727 13600 13463 13548 13777 14272 14379 14272 13950 13718 13662 13507 12913 12104 11785 11753 11578
