Alternative/Moon/Lvl0_30x30/Ele_FH.asc
ncols         335
nrows         335
xllcorner     3407491.657
yllcorner     -10077166.958
cellsize      10000
nodata_value  -9999.0
[rows 0 to 33 of 335, columns 0 to 76 of 335]
17912 17934 17786 17779 17949 17842 17850 17870 17912 17946 17933 18007 18097 18244 18264 18045 17973 17986 18051 18079 18096 18024 17988 17976 18052 18006 17758 17566 17568 17536 17626 17624 17541 17524 17434 17443 17461 17451 17463 17493 17569 17540 17816 17827 17898 18147 18316 18438 18614 18778 19021 19190 19233 19378 19388 19384 19433 19520 19414 19276 19265 19225 19351 19532 19699 19724 19698 19831 19867 19810 19719 19561 19409 19222 19016 18800 18681
17889 17936 17919 17899 17914 17848 17859 17947 17947 17936 17944 17990 18084 18243 18159 17996 17979 17968 17969 17990 17996 17980 17993 17973 17997 18068 17902 17755 17660 17591 17576 17560 17532 17522 17477 17506 17528 17552 17627 17626 17693 17834 17918 17882 17903 18312 18648 18806 18993 19227 19311 19326 19318 19163 18952 18821 18677 18517 18078 17592 17773 17943 18358 18707 18802 18924 19071 19531 19847 19948 19894 19798 19786 19622 19368 18988 18759
17947 17995 17943 17939 17951 17925 17940 17963 18008 18063 18018 18001 18048 18091 18089 18010 18053 18018 17991 17966 17958 17953 17977 18044 18152 18131 17953 17804 17739 17720 17679 17607 17552 17550 17548 17615 17641 17808 17785 17811 17837 17949 18078 18147 18294 18526 18886 19152 19287 19293 19305 19190 18765 18363 18168 17965 17816 17508 17237 16784 16377 15956 15739 16037 16126 16344 16995 17798 18320 19115 19650 19943 19953 19871 19478 19033 18818
18047 18050 18057 17987 18027 17984 17989 17973 18001 18069 18065 18014 18024 18110 18204 18156 18182 18219 18179 18091 18187 18147 18163 18223 18214 18108 17978 17896 17834 17826 17751 17783 17811 17857 17898 17773 17819 17948 17987 18012 18128 18225 18399 18494 18692 18749 19106 19250 19255 18920 18222 17919 17860 17603 17390 17179 17059 16390 15384 14480 14092 14354 14766 14801 14441 14562 15101 15782 16522 17285 18112 19196 19952 19970 19641 19340 19093
18011 18019 17977 18051 18092 18101 18060 18061 18055 18050 18056 18109 18125 18192 18272 18451 18474 18559 18595 18828 18792 18444 18296 18356 18365 18176 18099 18075 18019 17949 17919 17928 17993 18135 18211 18215 18191 18086 18143 18269 18391 18543 18724 18902 19233 19285 18995 18804 18461 18065 17418 17055 16684 16427 16440 16418 16251 15324 14220 13013 12614 13737 14746 14809 14557 14359 14317 14559 15006 15919 17028 18309 19255 19715 19709 19446 19213
18025 18035 18034 18054 18117 18149 18163 18128 18120 18062 18134 18147 18234 18232 18338 18553 18450 17630 18335 18851 18799 18715 18678 18541 18433 18413 18267 18305 18408 18297 18031 18008 18028 18132 18390 18491 18495 18340 18396 18611 18718 18788 19018 19383 19563 19604 19043 18392 17868 17375 16835 16324 15989 15705 15857 15862 15879 15733 15415 14923 14753 14860 14801 14729 14462 14360 14397 14424 14490 15102 16053 17316 18513 19538 19630 19392 19205
18008 18020 18031 18081 18094 18177 18129 18145 18152 18144 18145 18172 18220 18314 18555 18585 18684 18789 18830 18618 18836 18870 18779 18629 18578 18599 18608 18637 18688 18759 18689 18503 18420 18596 18830 18957 18907 18968 19081 19211 19349 19541 19764 19850 19815 19624 18751 17839 17111 16500 15950 15613 15487 15481 15554 15783 15911 15845 15298 14879 14823 14697 14491 14364 14335 14468 14500 14519 14547 14882 15671 16978 18004 19077 19087 18734 18612
18046 18064 18068 18063 18066 18084 18064 18167 18285 18315 18369 18581 18619 18568 18721 18805 18656 18684 18768 18805 18834 18804 18874 18897 18921 18921 18917 19008 19083 19254 19372 19382 19280 19425 19362 19266 19080 19266 19372 19528 19735 19855 19950 20035 20030 19324 18472 17710 16976 16105 15592 15513 15512 15531 15540 15813 16091 16322 16272 15915 15681 15526 15385 15300 15060 14765 14556 14596 15002 15893 16943 17870 18319 18513 18623 18432 18521
18139 18112 18171 18178 18193 18330 18398 18381 18440 18525 18595 18704 18685 18681 18663 18833 18838 18759 18820 18911 19032 19065 19149 19165 19144 19221 19278 19355 19468 19658 19732 19842 19837 19779 19703 19666 19643 19590 19695 19755 19862 19977 20055 20107 20096 19516 18617 17885 17319 16496 15756 15526 15552 15546 15604 15871 16053 16443 16482 16116 15872 15584 15576 15850 16223 16354 16290 16503 17045 17729 18444 18774 18918 18953 18602 18342 18340
18536 18381 18248 18297 18402 18414 18438 18483 18497 18580 18633 18798 18793 18811 18901 18859 18817 18860 18893 19054 19190 19228 19283 19397 19440 19522 19631 19841 19946 19827 20019 20101 20172 20182 20223 20183 20202 20221 20339 20272 20251 20154 20058 20076 20036 19548 18779 18123 17658 16934 16338 15869 15685 15632 15737 15968 16100 16149 15832 15193 14660 14394 14579 15349 16142 16662 16914 17340 17700 18487 19452 19605 19493 19056 18675 18406 18371
18584 18572 18541 18616 18618 18603 18549 18552 18580 18697 18789 18831 18896 18964 19083 19150 19260 19483 19530 19507 19454 19358 19608 19681 19688 19729 19787 19835 19903 19959 20137 20364 20537 20699 20766 20550 20500 20474 20536 20522 20530 20470 20257 20101 20081 20054 19633 18850 18154 17522 17122 16857 16545 15978 15955 16249 16266 15805 14761 13903 13782 13849 13977 14718 15601 16674 17079 17620 18161 19013 19844 19768 19472 19138 19020 18786 18527
18782 18774 18673 18721 18705 18711 18704 18746 18781 18905 19045 19256 19373 19378 19370 19422 19732 20160 20203 20143 20144 20085 20075 19865 19846 19757 19815 19941 20015 20041 20104 20309 20576 20723 20531 19800 19227 18884 19105 19775 20442 20604 20548 20452 20335 20396 20443 20303 19844 19089 18581 18526 18185 17584 16974 17021 17164 17078 16190 15585 15064 15219 15676 16440 17139 17973 18320 18637 19062 19878 20321 20285 19925 19419 19066 18759 18559
18933 18900 18852 18883 18908 19005 19018 19076 19224 19454 19533 19393 19665 19866 19723 19627 19863 20248 20517 20553 20622 20557 20411 20340 20291 20051 19956 20062 20143 20469 20524 20536 20629 20879 20651 19550 18854 18403 18595 19342 20214 20731 20742 20645 20697 20763 21021 21203 21218 20820 20714 20512 20014 19448 18774 18293 18015 17828 17589 17566 17601 17855 18191 18539 18953 19635 20262 20536 20588 20498 20427 20264 19996 19540 19137 18827 18843
19056 19032 19182 19226 19243 19290 19339 19576 19931 20051 20313 20369 20311 20088 19798 19678 19765 20176 20493 20610 20705 20788 20642 20475 20460 20446 20401 20202 20369 20559 20584 20544 20614 20867 20917 20801 20456 20129 20336 20687 20924 20899 20708 20532 20635 21045 21256 21227 21234 20827 20745 20570 20261 19965 19492 19084 18703 18407 18321 18329 18465 18716 18989 19553 19968 20429 20854 20894 20819 20512 20309 19943 19757 19477 19041 18812 18921
19886 19812 19808 19771 19843 20052 20397 20565 20621 20685 20648 20675 20591 20484 20144 19919 19895 19977 20332 20837 21051 21120 21105 20917 20734 20723 20694 20632 20529 20471 20533 20472 20590 20580 20776 20860 21006 21025 20943 20933 20859 20808 20637 20658 20805 21082 21261 21103 20738 20115 19778 19518 19346 19388 19359 19099 18836 18666 18620 18515 18483 18483 18804 19343 19764 20182 20605 20590 20596 20443 19997 19595 19284 19038 18650 18598 18529
20630 20661 20491 20587 20670 20874 20998 21142 21240 21368 21314 21321 21290 21210 21029 20865 20756 20686 20863 21135 21315 21420 21474 21457 21407 21274 21009 20816 20901 20868 20669 20756 20707 20739 20817 20841 20793 20764 20701 20701 20713 20849 20987 21081 21004 20776 20479 20029 19540 19019 18531 18238 18121 18192 18055 18006 17784 17620 17560 17513 17482 17650 17972 18294 18688 19127 19631 20168 20342 20211 20022 19642 19262 19044 18676 18478 18288
20702 21523 21570 21446 21661 21871 22112 22137 22291 22432 22288 22138 21960 21936 21844 21763 21761 21732 21682 21620 21689 21842 21924 22020 22119 22194 22097 21678 21608 21426 21130 20941 20847 20799 20800 20903 20973 20949 20977 21087 21235 21277 21064 20707 20227 19711 18917 18496 18187 17828 17443 17294 17272 17336 17529 17559 17569 17643 17587 17577 17581 17567 17717 17855 18035 18276 18542 18842 18972 19693 19905 19768 19579 19275 18949 18715 18418
21760 21897 22037 22233 22512 22845 23043 23208 23281 23360 23144 23094 23048 23070 23029 22865 22709 22611 22523 22349 22222 22361 22436 22811 23117 23318 23259 22859 22563 22048 21645 21338 21138 21018 21107 21083 21084 21161 21514 21753 21844 21634 20959 19943 19282 18699 18141 17436 17093 16948 16641 16578 16651 16791 16973 17268 17563 17724 17709 17643 17566 17523 17438 17279 17099 17177 17520 18063 18534 19416 19830 19771 19600 19272 18656 18604 18214
22442 22676 22934 23168 23301 23564 23702 23777 23870 23877 23875 23830 23714 23832 23754 23687 23505 23123 22934 22829 22955 23013 23339 23712 23735 23596 23545 23257 22667 22268 21985 21647 21411 21428 21563 21484 21257 21673 22024 22259 22261 21668 20579 19320 18490 17792 17261 16762 16508 16504 16553 16608 16645 16715 16760 16927 17073 17063 16965 16810 16727 16598 16485 16345 16280 16294 16832 17824 18641 19698 19946 19754 19375 18946 18536 18357 18290
23200 23271 23494 23376 23546 23623 23687 23689 23714 23762 23801 23786 23639 23894 23945 23838 23655 23363 23349 23136 23374 23507 23699 23880 23830 23602 23514 23373 22945 22656 22321 21995 21737 21610 21656 21700 21787 21958 22165 22295 22207 21498 20287 19075 18213 17571 16997 16638 16434 16503 16572 16609 16662 16712 16759 16756 16785 16799 16731 16423 16360 16294 16261 16261 16248 16243 16560 17501 18563 19482 19674 19552 19214 18736 18431 18159 17990
23293 23274 23378 23351 23171 23084 23054 22939 22912 22921 22982 23055 23195 23354 23285 23241 23257 23381 23457 23166 23354 23435 23539 23720 23630 23360 23543 23452 23026 22673 22431 22111 21845 21701 21741 21802 21895 21883 22056 22124 21943 21076 20127 19321 18800 18183 17663 16868 16692 16548 16604 16666 16706 16707 16716 16733 16764 16706 16646 16406 16334 16268 16259 16265 16253 16391 16937 17826 18531 19231 19230 18798 18289 17817 17900 17998 18009
23153 23112 22920 22861 22771 22699 22532 22465 22358 22309 22281 22301 22232 22192 22303 22465 22531 22659 22916 22936 23103 23096 23025 23048 23177 23356 23454 23390 23216 22846 22595 22336 22116 22035 21986 21916 21870 21837 21923 22072 21905 21104 20389 19781 19355 18829 18131 17584 17175 16758 16713 16737 16760 16792 16818 16793 16815 16630 16520 16366 16324 16278 16260 16244 16255 16504 17291 18251 18846 18911 18738 18291 17918 17821 17799 17835 17947
22939 22655 22571 22429 22282 22064 21855 21807 21779 21748 21567 21478 21407 21371 21207 21324 21387 21465 21801 22224 22475 22483 22272 22415 22757 23213 23350 23376 23278 22957 22676 22486 22303 22245 22186 22082 21978 21617 21526 21668 21713 21672 21283 20798 20457 19835 19152 18724 18396 18076 17672 17401 17108 16776 16770 16646 16537 16449 16343 16308 16327 16319 16299 16306 16553 17142 17678 18307 18787 18772 18266 18031 17995 17901 17795 17806 17783
22266 22088 21857 21753 21581 21197 21140 21103 20852 20880 21016 21082 21074 21017 20934 20829 20797 20910 20933 21291 21611 21749 21797 21981 22247 22612 22960 23063 23071 23038 22784 22494 22274 22147 22010 21966 21856 21720 21652 21549 21684 21778 21931 22069 21737 21572 21020 20143 19539 19024 18649 18404 18201 17961 17729 17437 17260 17061 16959 16866 16972 17078 17375 17769 17932 18463 18853 18893 18808 18489 18124 17998 18000 17974 17861 17793 17793
21037 21068 21029 20967 20901 20749 20556 20526 20515 20405 20341 20658 20746 20806 20837 20813 20812 20838 20915 21268 21408 21632 21842 21972 22057 22289 22478 22848 23016 23027 22828 22531 22244 21982 21837 21783 21755 21623 21607 21451 21492 21568 21796 22157 22143 22011 21782 21309 20797 20262 20139 20022 19689 19352 19084 18926 18776 18466 18361 18327 18645 19010 19158 19217 19396 19768 19754 19393 19116 18610 18151 17975 17976 18004 17963 17818 17811
19956 20207 20241 20252 20256 20153 20048 20010 19970 19909 19941 20162 20374 20688 20873 20873 20868 20644 20944 21204 21275 21520 21867 21938 21949 22028 22633 22879 22977 22968 22710 22410 21989 21826 21767 21700 21609 21485 21425 21475 21475 21468 21572 21654 21643 21553 21580 21385 21274 21413 21417 21460 21415 21060 20750 20368 19945 19728 19435 19176 19078 19483 19591 19557 19481 19734 19766 19566 19255 18742 18313 17977 17975 18035 18004 17920 17860
18790 19012 19292 19378 19357 19354 19350 19316 19127 18729 18723 19214 19852 20489 20784 20830 20902 21070 21386 21430 21479 21728 21916 22092 22209 22441 22884 23016 22962 22757 22364 21981 21764 21582 21624 21549 21551 21442 21306 21278 21268 21260 21292 21234 21234 21163 21115 21153 21224 21235 21213 21414 21462 21364 21130 20618 20184 20020 19730 19460 19131 19367 19319 19243 19311 19409 19572 19553 19331 18997 18632 18211 18251 18446 18399 18572 18637
18029 18550 18728 19026 19037 18630 17996 17328 16810 16369 16223 17051 17650 18449 19234 20103 20815 21313 21507 21815 21930 22164 22355 22479 22572 22840 23067 23199 23173 22791 22572 22203 21966 21703 21544 21600 21571 21480 21440 21342 21264 21177 21261 21175 21110 21113 21145 21177 21181 21200 21207 21179 21146 21091 20872 20491 20173 19730 19374 19203 19143 19100 19151 19279 19446 19491 19357 19326 19104 18846 18808 18924 19012 19163 19097 19027 18928
18465 18670 18622 17930 17149 16317 15801 15357 15297 15296 15414 15791 15947 16560 17513 18620 19425 20308 21035 21501 22033 22346 22492 22846 23040 23204 23277 23252 23238 23021 22676 22237 21950 21796 21760 21710 21737 21708 21573 21408 21221 21051 21120 21082 21033 20983 20898 21088 21053 20743 20905 20944 20834 20788 20795 20622 20394 20254 20085 19794 19565 19383 19560 19630 19651 19613 19437 19249 19085 18915 18910 19042 19064 19068 18944 18737 18649
18458 18522 17870 16679 15809 14891 14620 14592 14788 14926 15078 15204 15314 15583 16211 16959 17616 18429 19402 20620 21428 21839 22249 22913 23339 23445 23464 23265 23104 22682 22492 22144 21935 21869 21768 21773 21761 21708 21516 21158 21090 20983 20939 20898 20942 20829 20728 20795 20803 20636 20680 20660 20535 20353 20342 20336 20237 20218 20156 20041 19940 19797 19847 19856 19694 19547 19334 19233 19186 19126 18996 18878 18825 18509 18533 18444 18351
18345 18320 17433 16118 15029 14404 14370 14387 14439 14531 14756 15020 15090 15164 15441 16433 17400 18675 19885 20875 21422 22061 23014 23501 23655 23631 23514 23280 23041 22622 22196 22073 22025 21859 21746 21697 21627 21398 21244 21147 20996 20919 20943 21008 21022 20921 20806 20906 20749 20710 20624 20430 20355 20242 20244 20181 20170 20096 20032 20005 19985 19925 19931 19869 19653 19418 19231 19005 18852 18970 19003 18875 18664 18483 18326 18314 18229
17849 17921 17565 17040 16182 15307 14677 14351 14310 14397 14487 14768 15219 15963 16461 17361 18301 19280 20173 20816 21286 22086 23111 23705 23758 23657 23425 23243 22945 22522 22165 22032 22010 21926 21695 21560 21347 21019 20822 20786 20841 20949 21015 21181 21226 21003 20945 21050 21028 20857 20650 20406 20262 20185 20121 20118 20033 19964 19945 19964 20003 19852 19792 19411 19121 18933 18877 18855 18862 18902 18876 18863 18846 18836 18266 18328 18268
16894 17249 17488 17454 17452 17201 16734 16330 16287 16339 16577 16954 17388 18063 18542 18752 18918 19234 19533 19962 20521 21453 22496 23459 23624 23570 23166 22739 22546 22251 22215 22319 22273 22106 21812 21551 21295 21032 20924 20859 20932 20995 21015 20857 20975 21087 21179 21027 20868 20855 20761 20511 20215 20143 20030 19961 19956 19955 19889 19972 19938 19372 19440 19177 18981 18890 18856 18882 18937 18886 18884 18863 18888 18846 18500 18335 18171
16371 16603 16963 17325 17455 17457 17412 17480 17492 17131 17482 17665 17813 18244 18573 18646 18677 18791 18966 19297 19791 20543 21586 22599 23232 23214 23021 22685 22047 21840 22043 22339 22432 22276 21789 21520 21428 21415 21180 21001 21115 21003 21019 21079 20950 20799 20673 20642 20738 20912 20810 20575 20374 20193 20078 19975 19936 19891 19911 19848 19784 19667 19356 18930 18845 18869 18875 18875 18870 18903 19012 19007 18954 18777 18540 18251 18204
