Alternative/Moon/Lvl0_30x30/Ele_AG.asc
ncols         335
nrows         335
xllcorner     57491.657
yllcorner     6672833.042
cellsize      10000
nodata_value  -9999.0
[rows 272 to 305 of 335, columns 0 to 76 of 335]
16815 16749 16698 16787 16864 16881 16897 17087 16975 17062 17064 16998 17009 17076 17082 17105 17224 17129 17157 17093 17082 17050 17085 17117 17377 17325 17188 17239 17375 17449 17446 17364 17231 17219 17196 17147 17084 17044 17132 17166 17097 17049 17059 17088 17093 17119 17100 17052 16994 17051 17044 17020 17121 17178 17188 17196 17104 17130 17071 17031 16993 16994 17005 17000 16998 17036 17019 17028 17035 17051 17073 17062 17135 17105 17116 17127 17190
16831 16742 16780 16879 16834 16784 16812 16833 16937 16986 16983 16967 16977 17060 17100 17116 17138 17129 17201 17139 17069 17032 17066 17092 17121 17141 17200 17219 17247 17282 17355 17304 17233 17159 17119 17106 17146 17236 17254 17223 17198 17195 17316 17153 17064 17177 17090 17025 17069 17027 16992 17055 17276 17341 17276 17222 17157 17096 17140 17109 16989 16990 16998 17001 16989 16975 16995 17002 17009 17043 17067 17079 17172 17147 17237 17249 17249
16685 16728 16799 16873 16834 16709 16742 16771 16815 16902 16953 16929 17021 17038 17094 17098 17105 17105 17128 17122 17019 17033 17019 17052 17071 17112 17121 17089 17084 17111 17125 17106 17133 17087 17134 17112 17090 17188 17330 17239 17263 17248 17379 17248 17077 17317 17172 17057 17025 17037 16993 17037 17133 16994 16947 16931 16940 16960 16977 16983 16978 16989 17011 17002 17016 17103 17066 16991 17039 17056 17092 17204 17335 17411 17488 17527 17596
16606 16723 16698 16674 16691 16789 16742 16777 16856 16796 16912 16958 16987 16949 17002 17027 17110 17079 16999 17037 17022 17017 17046 17039 17059 17059 17018 17038 17061 17130 17146 17192 17201 17132 17117 17120 17270 17338 17222 17217 17113 17069 17082 17131 17288 17272 17053 17002 16999 17013 17036 17005 17007 16995 16975 16973 16918 16924 16995 16968 16977 17023 17078 17063 17018 17020 17003 17010 17132 17113 17190 17305 17670 17990 18288 18303 18319
16631 16620 16616 16588 16664 16839 16866 16842 16835 16782 16776 16795 16730 16806 16937 17030 17070 17086 17080 17123 17043 17079 17056 17013 17072 17088 16998 16993 17011 17120 17158 17120 17125 17143 17118 17225 17268 17174 17246 17239 17155 17120 17022 17087 17172 17146 17011 17002 17002 17031 17049 17028 16989 17072 16984 16998 17019 16935 16957 16990 17041 17034 17004 16992 17028 17045 17070 17122 17153 17276 17530 17981 18297 18315 18304 18238 17754
16698 16519 16605 16727 16758 16730 16764 16783 16857 16868 16766 16662 16744 16784 16954 17030 17013 17039 17019 17032 17022 17081 17169 17100 17228 17221 17049 17021 17022 17103 17104 17066 17148 17093 17236 17408 17520 17182 17113 17155 17040 17058 17087 17079 17135 17154 17007 17054 17016 17038 17035 17004 17003 17031 16968 16995 16998 16931 16943 16994 17015 16951 16942 16954 16981 17031 17097 17183 17341 17543 18201 18511 18393 17631 16341 15560 14690
16510 16603 16667 16747 16754 16646 16666 16674 16735 16722 16705 16676 16721 16780 16812 16776 16898 16955 17022 16996 17000 17078 17257 17164 17286 17119 16946 16961 17000 17009 17056 17020 17013 17029 17108 17159 17125 17065 17044 17038 17029 17089 17192 17203 17097 17064 17014 17013 17025 17050 16948 16957 16937 16939 17010 16970 16946 16912 16968 16968 16917 16939 16937 16955 16958 17001 17127 17240 17386 17703 18309 18622 18113 16370 14858 13601 12585
16567 16642 16687 16691 16641 16536 16561 16575 16616 16613 16618 16606 16677 16774 16786 16751 16906 17021 17065 17029 17020 17084 17103 17200 17090 16986 17005 16955 16958 16961 16952 16955 17045 17049 16947 16959 16971 17001 17170 17148 17251 17235 17224 17140 17103 17069 16964 16959 16952 16956 16963 16951 16917 16932 16938 16950 16948 16918 16929 16938 16892 16926 16913 16927 16943 16996 17058 17138 17407 17727 18368 18702 18585 17741 16572 15472 14856
16403 16388 16444 16443 16396 16458 16530 16584 16474 16625 16717 16679 16656 16592 16676 16804 16752 16766 16863 17021 17036 16985 16984 16970 17090 17064 16992 16949 16956 16938 16934 17089 17267 17331 17191 16987 16986 16929 17187 17152 17311 17300 17235 17111 17025 17006 16941 16941 16932 16929 17094 17178 16971 16957 16933 16965 16923 16923 16900 16885 16870 16905 16903 16918 16916 16998 17060 17174 17322 17541 17899 18272 18405 18302 18184 17993 17560
16352 16343 16352 16329 16392 16444 16538 16513 16454 16470 16608 16667 16639 16587 16596 16659 16706 16695 16806 16844 16903 17031 16990 16929 16842 16746 16780 16835 16920 16958 17000 17039 17049 17011 16952 16910 16922 16924 16959 17029 17108 17136 17168 17067 16964 16944 16945 16925 16923 16939 16961 16960 16939 16945 16939 16933 16908 16903 16860 16851 16908 16914 16941 16971 16962 17014 17082 17140 17180 17286 17501 17624 17759 17723 17966 18036 17997
16387 16379 16319 16403 16397 16366 16384 16397 16424 16647 16649 16588 16564 16551 16658 16737 16886 16669 16618 16670 16786 16998 17068 16878 16692 16762 16891 16994 16980 16794 16954 16974 16884 16918 16892 16867 16890 16897 16886 16876 17031 17341 17434 17135 17011 16954 17120 17065 16917 16934 16969 16975 16971 16992 16948 16938 16880 16875 16870 16910 16939 16992 16999 17022 17019 17062 17109 17122 17111 17110 17029 17028 17094 17231 17273 17296 17396
16269 16268 16306 16311 16466 16321 16283 16396 16370 16318 16420 16410 16457 16549 16560 16472 16467 16498 16565 16666 16695 16712 16673 16700 16811 16806 16823 16822 16887 16890 16921 16881 16896 16886 16944 16862 16835 16789 16792 16808 17029 17056 17072 16957 16964 16866 16984 16934 16895 16925 17054 17098 17145 17121 17030 16991 16928 16916 16903 16955 16996 17037 17024 17013 16985 16974 17040 17038 16951 16921 16883 16975 16929 16912 16989 17020 17123
16310 16252 16293 16318 16245 16192 16186 16238 16237 16291 16274 16321 16415 16370 16328 16432 16399 16367 16420 16526 16722 16756 16831 16827 16781 16827 16821 16863 16881 16749 16807 16828 16882 17037 17092 17006 16997 16867 16706 16734 16841 16836 16814 16824 16875 16870 16920 16938 16870 16905 16971 17096 17154 17150 17059 17011 16978 16938 16909 16916 16913 16952 17068 17125 17107 17104 16908 16866 16933 16820 16826 16816 16810 16870 16779 16822 16984
16276 16192 16167 16162 16119 16142 16174 16186 16179 16296 16331 16359 16422 16362 16351 16316 16337 16410 16419 16535 16579 16683 16793 16798 16947 16904 16881 16859 16856 16814 16857 16829 16781 16820 16922 16970 16966 16759 16805 16781 16984 16906 16804 16800 16803 16821 16930 16946 16934 16834 16879 16938 16970 16967 16961 16920 16858 16837 16790 16830 16841 16905 16968 16938 16922 16915 16813 16833 16774 16775 16803 16793 16781 16759 16795 16825 16842
16268 16136 16189 16183 16198 16139 16148 16192 16332 16276 16297 16328 16366 16368 16350 16255 16212 16323 16321 16479 16535 16622 16702 16726 16864 16826 16772 16763 16749 16809 16866 16824 16778 16761 16776 16789 16731 16758 16721 16741 16799 16865 16913 16886 16883 16763 16780 16860 16882 16781 16754 16765 16847 16825 16814 16811 16747 16729 16743 16761 16780 16779 16837 16837 16779 16742 16757 16760 16755 16760 16941 16886 16768 16787 16825 16865 16947
16357 16291 16109 16146 16157 16146 16280 16286 16396 16315 16281 16291 16324 16285 16253 16172 16166 16151 16216 16296 16408 16551 16797 16857 16796 16811 16760 16765 16785 16793 16766 16720 16692 16730 16788 16937 17012 16804 16763 16714 16780 16773 16778 16822 16791 16706 16721 16782 16786 16723 16714 16887 16971 16729 16765 16771 16709 16737 16732 16736 16805 16787 16760 16799 16782 16754 16771 16754 16773 16767 16780 16818 16838 16801 16888 16842 16934
16323 16208 16059 16143 16237 16310 16354 16309 16154 16189 16207 16233 16214 16239 16224 16112 16006 16071 16207 16215 16264 16520 16704 16813 16896 16844 16764 16768 16764 16770 16781 16708 16708 16755 16807 16909 16939 16837 16772 16740 16772 16789 16831 16843 16812 16722 16721 16806 16825 16752 16846 16746 16628 16635 16706 16697 16698 16715 16701 16714 16748 16741 16704 16719 16698 16750 16780 16767 16759 16741 16779 16790 16792 16790 16916 16818 16839
16250 16233 16293 16295 16271 16404 16397 16348 16263 16270 16270 16233 16204 16156 16089 16026 16076 16099 16153 16200 16385 16548 16635 16734 16872 16709 16763 16790 16885 16824 16686 16710 16729 16868 16918 16812 16862 16787 16695 16713 16748 16763 16782 16801 16760 16736 16707 16810 16753 16702 16782 16723 16668 16663 16654 16668 16661 16673 16684 16707 16679 16684 16688 16674 16676 16704 16765 16735 16718 16690 16681 16781 16767 16771 16813 16846 16860
16313 16209 16258 16288 16253 16195 16127 16180 16086 15994 16178 16261 16116 16027 16031 16051 16098 16084 16302 16336 16505 16612 16627 16634 16656 16685 16832 16846 16898 16865 16694 16695 16786 16831 16808 16762 16753 16741 16708 16676 16715 16705 16726 16762 16761 16955 17052 16842 16691 16685 16665 16600 16572 16597 16622 16629 16627 16642 16651 16668 16657 16660 16706 16713 16706 16720 16685 16724 16684 16688 16677 16684 16726 16763 16734 16736 16761
16184 16158 16255 16309 16147 16096 16088 16112 15981 16068 15980 15984 16015 15966 16023 16003 16147 16272 16260 16333 16513 16630 16672 16636 16570 16545 16569 16669 16750 16785 16752 16678 16788 16798 16802 16662 16789 16729 16671 16623 16637 16624 16593 16604 16671 16929 17054 16936 16742 16598 16574 16582 16601 16586 16600 16589 16601 16598 16628 16616 16621 16619 16707 16647 16640 16623 16586 16574 16622 16672 16727 16760 16754 16726 16708 16719 16802
16015 15983 16081 16095 16087 16049 15872 16003 16072 15929 15859 15865 15896 15951 16071 16059 16399 16477 16470 16448 16483 16568 16596 16598 16579 16584 16651 16705 16776 16798 16800 16672 16679 16662 16657 16681 16759 16685 16597 16611 16588 16569 16555 16532 16586 16699 16603 16539 16659 16584 16572 16586 16561 16571 16576 16567 16578 16588 16577 16586 16572 16561 16576 16580 16495 16501 16516 16589 16625 16717 16906 16957 16844 16786 16755 16769 16844
16062 16015 15984 16014 15854 15947 15910 15846 15840 15857 15822 15834 15852 15906 16040 16218 16456 16550 16538 16427 16501 16522 16493 16564 16627 16581 16570 16629 16670 16773 16795 16830 16837 16687 16723 16723 16670 16645 16621 16608 16524 16547 16499 16506 16516 16558 16573 16552 16571 16587 16573 16534 16533 16538 16550 16563 16625 16658 16568 16557 16568 16559 16540 16485 16476 16512 16510 16568 16635 16807 17070 17087 16849 16799 17070 17169 17151
16286 16226 16002 15862 15840 15831 15745 15733 15606 15744 15959 15952 16033 16233 16321 16394 16502 16539 16508 16357 16455 16542 16516 16475 16434 16457 16644 16828 16583 15600 14986 15658 16675 16652 16493 16472 16473 16424 16386 16372 16375 16504 16491 16612 16522 16549 16557 16578 16558 16557 16501 16490 16524 16551 16552 16571 16655 16638 16623 16614 16615 16598 16541 16603 16581 16512 16534 16561 16587 16636 16739 16931 17463 17917 18088 18159 18061
16302 16220 16038 15971 15970 15996 15821 15742 15666 15717 15756 15860 15978 16154 16233 16261 16300 16332 16436 16472 16448 16474 16496 16397 16356 16472 16629 16741 16789 16796 16662 16616 16535 16399 16419 16480 16683 16684 16750 16675 16495 16470 16578 16638 16507 16493 16536 16536 16482 16469 16464 16525 16545 16571 16635 16718 16643 16634 16590 16673 16683 16637 16611 16608 16600 16671 16881 16696 16782 16973 17339 17786 18106 18684 18693 18525 18544
16591 16485 16261 16141 16040 15986 15813 15803 15761 15695 15818 15948 15972 16091 16175 16220 16372 16557 16727 16596 16452 16499 16429 16441 16333 16437 16570 16657 16548 16479 16501 16494 16394 16430 16557 16583 16820 16800 16695 16681 16579 16623 16503 16488 16436 16540 16565 16591 16611 16522 16501 16521 16527 16608 16706 16769 16576 16646 16595 16640 16815 16964 16690 16662 16620 17126 18030 18171 18059 17849 18394 18672 18854 18903 18942 18660 18548
16797 16632 16470 16372 16186 16113 15903 15745 15738 15754 15752 15763 15838 16009 16112 16294 16331 16518 16599 16435 16360 16326 16306 16313 16333 16339 16377 16445 16404 16388 16442 16469 16471 16577 16718 16887 17009 17018 16847 16729 16624 16544 16508 16420 16436 16616 16564 16576 16667 16562 16525 16501 16523 16528 16542 16502 16460 16477 16502 16581 17018 17150 16836 16616 16663 17174 18161 18300 18063 17918 18399 18692 18777 18574 18358 18245 18066
17342 17009 16626 16415 16313 16141 15963 15980 15870 15800 15810 15746 15817 15824 16007 16242 16353 16274 16269 16241 16253 16199 16179 16253 16325 16362 16296 16363 16410 16321 16427 16425 16413 16611 16729 16637 16596 16587 16486 16440 16403 16435 16443 16450 16429 16460 16468 16480 16464 16447 16391 16389 16378 16406 16423 16391 16375 16402 16430 16479 16620 16702 16628 16776 16726 16910 17364 17393 17368 17240 16949 16793 17058 17156 16907 16723 16563
17725 17500 17057 16519 16270 16207 16166 16022 15871 15864 15880 15883 15904 15964 16144 16352 16347 16250 16207 16233 16215 16191 16193 16234 16260 16276 16470 16450 16337 16391 16599 16902 17267 17623 17674 17589 17039 16521 16576 16451 16465 16520 16526 16476 16454 16444 16425 16360 16352 16348 16399 16395 16354 16334 16290 16337 16334 16375 16396 16389 16463 16504 16632 16923 16857 16556 16485 16434 16489 16620 16598 16630 16665 16464 16345 16323 16307
17684 17606 17174 16700 16337 16194 16073 15929 15979 15972 16016 16043 16071 16231 16285 16272 16256 16230 16265 16248 16244 16238 16185 16170 16158 16190 16375 16451 16348 16438 17051 17439 17503 17777 17805 17607 16903 16539 16557 16473 16529 16516 16490 16506 16452 16454 16420 16388 16350 16397 16405 16375 16342 16279 16259 16277 16309 16344 16359 16373 16446 16996 17743 18161 18062 17560 16770 16485 16624 16744 16111 16280 16608 16456 16316 16255 16235
17112 17494 17067 16586 16291 16319 16326 16324 16287 16508 16512 16194 16160 16214 16248 16272 16224 16193 16165 16237 16570 16349 16087 16137 16253 16144 16162 16234 16373 16588 17112 17333 17411 17316 17693 17770 17594 17278 17130 16837 16516 16487 16480 16465 16471 16506 16407 16389 16322 16377 16411 16358 16291 16272 16285 16296 16312 16334 16557 16904 17669 18093 18522 18569 18318 17582 16729 16654 16633 16519 16556 16497 16427 16349 16359 16424 16604
16502 17606 17647 17494 17740 17711 17678 17507 17227 17013 16608 16227 16177 16182 16188 16140 16086 16037 16091 16182 16495 16355 16105 16192 16186 16173 16149 16225 16484 16839 17244 17309 17355 17576 17684 17735 17519 17319 17131 16805 16689 16597 16503 16505 16505 16507 16444 16352 16359 16373 16381 16454 16365 16341 16347 16360 16483 16787 16882 17133 17676 17900 17910 17795 17314 16998 16606 16558 16518 16557 16434 16411 16333 16369 16717 17051 17040
17091 18240 18578 18907 19088 19048 18595 18227 17617 17050 16797 16822 16370 16061 15987 15970 15959 16042 16021 16049 15937 16112 16273 16245 16240 16241 16409 16771 17339 17462 16932 16984 16850 17077 17329 17322 17220 17297 17192 17153 17180 17363 17559 17544 17501 17383 16833 16471 16387 16308 16293 16265 16319 16320 16361 16400 16938 17409 17887 18223 18323 18153 17897 17715 17190 16789 16694 16707 16807 16441 16507 16516 16430 16878 16925 16767 16631
17215 18146 18547 18973 19188 19119 18537 17909 17306 16892 16839 16871 16488 16054 15925 15859 15926 15825 15816 15857 15912 16133 16334 16273 16134 16244 16396 16722 16849 17112 16693 16734 17196 17380 17239 17180 17323 17392 17545 17556 17652 17925 18257 18216 17933 17556 16883 16460 16299 16261 16178 16170 16245 16264 16358 16471 16927 17412 17887 18223 18319 18156 17871 17501 17139 16672 16528 16608 16765 16463 16427 16444 16468 16868 16972 16803 16278
16539 16645 17424 17917 18196 18138 17522 16886 16441 16386 16270 16098 15852 15719 15698 15702 15785 15691 15802 15850 15941 16042 16059 16227 16349 16366 16428 16597 16496 16560 16973 17163 17725 17739 17023 17180 17599 17608 17479 17824 18160 18286 18330 18127 17388 16878 16240 16200 16121 16065 16112 16142 16140 16243 16402 16754 17167 17735 18231 18517 18548 18157 17829 17370 17162 16850 16427 16059 16445 16394 16440 16420 16399 16396 16544 16464 15977
