Alternative/Moon/Lvl0_30x30/Ele_FF.asc
ncols         335
nrows         335
xllcorner     -3292508.343
yllcorner     -10077166.958
cellsize      10000
nodata_value  -9999.0
[rows 272 to 305 of 335, columns 0 to 76 of 335]
18121 18254 18372 18470 18512 18542 18556 18578 18595 18602 18603 18550 18501 18455 18405 18314 18281 18236 18200 18165 18170 18181 18225 18282 18342 18378 18432 18499 18591 18687 18771 18844 18889 18922 18998 19057 19132 19250 19340 19446 19509 19537 19600 19673 19761 19795 19792 19765 19723 19664 19574 19533 19502 19510 19574 19653 19724 19729 19798 19857 19890 19894 19888 19845 19795 19740 19671 19604 19573 19519 19420 19353 19329 19293 19284 19277 19277
17294 17290 17291 17313 17381 17431 17557 17651 17756 17840 17987 18060 18121 18147 18164 18163 18200 18260 18294 18344 18377 18415 18433 18453 18481 18529 18597 18677 18798 18891 19012 19115 19203 19265 19314 19374 19434 19487 19546 19611 19669 19690 19669 19624 19537 19481 19422 19437 19373 19401 19462 19564 19626 19775 19866 20019 20076 20146 20166 20148 20075 20000 19915 19854 19822 19815 19815 19831 19867 19894 19939 19994 20040 20072 20104 20139 20174
17418 17430 17438 17452 17464 17474 17519 17591 17667 17722 17771 17817 17833 17843 17877 17934 17988 18061 18134 18216 18279 18345 18410 18471 18558 18637 18724 18814 18904 18970 19060 19136 19199 19254 19313 19367 19400 19440 19482 19552 19649 19731 19803 19862 19951 19999 20055 20097 20119 20134 20165 20203 20223 20284 20373 20421 20456 20520 20596 20656 20716 20745 20758 20770 20778 20800 20820 20825 20838 20864 20884 20912 20936 20983 21028 21084 21137
17452 17510 17566 17589 17596 17599 17583 17570 17598 17633 17675 17729 17763 17799 17829 17878 17930 18003 18084 18157 18225 18282 18364 18449 18549 18621 18695 18747 18848 18901 18971 19021 19070 19105 19183 19274 19332 19399 19492 19563 19634 19682 19737 19802 19874 19937 20007 20080 20129 20183 20249 20305 20407 20467 20562 20675 20784 20865 20947 21032 21093 21160 21212 21243 21246 21267 21311 21384 21465 21521 21567 21560 21538 21510 21479 21453 21443
17531 17567 17643 17736 17818 17896 17981 18061 18108 18155 18210 18252 18298 18334 18359 18367 18382 18393 18409 18472 18531 18587 18639 18692 18741 18805 18882 18944 18995 19068 19151 19272 19384 19468 19568 19635 19706 19757 19832 19895 19989 20074 20195 20308 20425 20522 20646 20751 20856 20948 21060 21172 21283 21373 21446 21556 21630 21703 21774 21813 21883 21929 21976 22028 22040 22040 22038 22053 22104 22127 22126 22120 22115 22097 22102 22117 22135
17459 17546 17645 17756 17856 17938 18024 18097 18157 18214 18283 18356 18399 18441 18489 18518 18538 18556 18570 18617 18713 18795 18883 18986 19075 19135 19214 19302 19391 19468 19555 19641 19735 19815 19895 19986 20069 20141 20217 20277 20370 20447 20536 20619 20726 20803 20898 20980 21057 21108 21138 21217 21307 21415 21508 21608 21710 21769 21840 21911 21984 22043 22076 22085 22091 22095 22102 22148 22213 22262 22293 22306 22311 22311 22314 22320 22322
17160 17256 17371 17483 17597 17692 17815 17915 18011 18080 18157 18228 18285 18321 18362 18395 18420 18445 18493 18549 18622 18702 18795 18904 19001 19097 19198 19294 19400 19494 19606 19712 19805 19879 19966 20038 20110 20163 20213 20238 20250 20283 20364 20467 20569 20650 20755 20846 20942 21013 21109 21201 21271 21334 21387 21444 21527 21618 21727 21810 21881 21903 21922 21968 21991 22003 22007 22007 22074 22112 22164 22211 22247 22265 22277 22286 22305
16683 16771 16865 16976 17069 17152 17293 17382 17481 17562 17693 17774 17886 17971 18064 18161 18271 18360 18450 18537 18618 18694 18796 18887 18982 19047 19133 19218 19302 19360 19435 19518 19599 19663 19740 19796 19888 19963 20048 20129 20218 20289 20384 20442 20523 20587 20656 20725 20785 20823 20877 20910 20930 20944 21007 21109 21219 21311 21432 21539 21652 21715 21812 21896 21959 21996 22027 22039 22049 22053 22055 22059 22049 22036 22025 21993 21969
16150 16188 16232 16280 16369 16456 16571 16702 16826 16930 17064 17195 17349 17479 17619 17767 17910 18026 18164 18292 18419 18531 18639 18743 18851 18926 19005 19112 19207 19289 19381 19468 19551 19632 19759 19869 19985 20090 20208 20320 20439 20534 20640 20741 20834 20896 20937 20962 20995 20998 20995 20994 21021 21020 20988 21000 21034 21112 21231 21350 21443 21512 21591 21663 21716 21734 21738 21735 21730 21735 21733 21743 21752 21764 21806 21837 21880
16385 16399 16444 16524 16610 16701 16812 16935 17051 17154 17282 17413 17513 17646 17772 17896 18033 18141 18274 18400 18498 18604 18707 18833 18937 19029 19127 19208 19293 19378 19472 19560 19649 19722 19812 19914 20014 20108 20218 20337 20451 20549 20670 20778 20872 20936 21006 21034 21045 21048 21031 21001 20981 20973 20968 20986 21054 21124 21217 21313 21397 21478 21539 21612 21667 21691 21694 21691 21682 21676 21670 21678 21695 21705 21713 21736 21754
16969 17050 17141 17213 17302 17385 17503 17582 17677 17769 17893 17988 18073 18184 18273 18371 18489 18574 18700 18790 18907 18985 19082 19175 19245 19316 19407 19499 19584 19655 19754 19845 19937 20009 20092 20177 20259 20324 20398 20472 20549 20614 20681 20733 20791 20852 20895 20937 20994 21012 21030 21126 21194 21240 21282 21326 21359 21390 21415 21439 21465 21494 21539 21565 21614 21659 21699 21725 21731 21739 21754 21760 21773 21793 21821 21881 21947
17621 17717 17812 17916 18022 18105 18196 18287 18371 18440 18531 18628 18720 18794 18898 18986 19074 19151 19247 19348 19423 19481 19573 19670 19741 19789 19845 19915 19991 20057 20135 20221 20286 20329 20371 20397 20444 20503 20592 20691 20797 20870 20982 21085 21196 21273 21366 21452 21529 21589 21657 21709 21769 21823 21916 21979 22032 22091 22144 22194 22239 22262 22291 22300 22318 22331 22317 22312 22323 22316 22298 22262 22206 22147 22068 21999 21950
18251 18334 18442 18550 18650 18735 18824 18910 18991 19058 19131 19198 19264 19310 19363 19420 19470 19520 19574 19626 19687 19740 19804 19861 19914 19958 20011 20089 20155 20207 20272 20323 20371 20416 20481 20551 20624 20696 20789 20883 20991 21079 21180 21295 21397 21473 21561 21638 21712 21762 21827 21881 21953 22007 22094 22169 22259 22351 22442 22521 22635 22718 22805 22888 22972 23026 23092 23155 23191 23223 23249 23272 23290 23296 23287 23282 23242
18575 18638 18708 18783 18859 18923 18982 19038 19081 19110 19142 19202 19262 19306 19351 19396 19437 19493 19546 19601 19654 19705 19773 19843 19912 19962 20009 20049 20093 20144 20205 20277 20344 20409 20488 20560 20634 20698 20775 20854 20930 20988 21048 21129 21213 21291 21381 21487 21596 21689 21800 21921 22034 22136 22262 22380 22500 22597 22703 22804 22901 22977 23059 23132 23195 23250 23317 23377 23433 23474 23526 23568 23603 23610 23612 23605 23568
18855 18912 18981 19041 19094 19134 19172 19197 19207 19222 19248 19296 19342 19397 19458 19524 19590 19636 19688 19740 19795 19840 19895 19951 20027 20111 20204 20299 20397 20492 20584 20676 20765 20847 20933 21026 21119 21216 21322 21424 21534 21615 21722 21816 21934 22015 22139 22261 22376 22455 22561 22675 22778 22864 22930 23016 23092 23169 23264 23355 23438 23491 23581 23643 23702 23747 23804 23837 23871 23897 23922 23945 23929 23957 23959 23927 23925
19066 19106 19155 19203 19255 19303 19359 19421 19476 19524 19574 19608 19647 19665 19676 19678 19687 19695 19739 19792 19859 19929 20019 20126 20239 20332 20435 20555 20661 20759 20881 20987 21093 21191 21302 21417 21543 21641 21761 21879 21986 22081 22202 22332 22471 22570 22683 22806 22930 23023 23136 23231 23342 23460 23562 23697 23819 23913 24030 24151 24256 24342 24447 24530 24621 24658 24710 24742 24741 24748 24730 24711 24677 24662 24629 24617 24600
19563 19592 19644 19698 19771 19813 19879 19937 19985 20020 20088 20137 20184 20220 20299 20358 20421 20484 20555 20643 20726 20790 20877 20961 21047 21125 21212 21299 21402 21495 21597 21709 21815 21899 22009 22126 22229 22309 22430 22563 22666 22770 22880 23002 23113 23215 23323 23431 23559 23668 23802 23936 24059 24167 24288 24419 24531 24645 24776 24874 24974 25035 25104 25215 25336 25391 25465 25534 25584 25619 25645 25652 25648 25622 25578 25525 25459
20152 20186 20240 20284 20384 20472 20564 20647 20723 20784 20870 20933 21024 21065 21136 21186 21238 21276 21321 21378 21416 21449 21506 21558 21614 21660 21713 21775 21833 21883 21911 21929 22011 22073 22139 22222 22307 22375 22449 22552 22661 22757 22876 23009 23139 23264 23400 23538 23678 23785 23926 24065 24187 24290 24423 24553 24672 24768 24879 24983 25075 25155 25248 25323 25401 25449 25495 25531 25542 25550 25551 25553 25530 25529 25520 25508 25498
21072 21124 21154 21201 21261 21305 21345 21385 21414 21435 21452 21455 21460 21459 21458 21454 21450 21460 21480 21513 21552 21578 21609 21634 21667 21695 21733 21775 21818 21860 21905 21950 21987 22027 22081 22145 22213 22278 22344 22424 22489 22549 22625 22684 22742 22811 22891 22953 23040 23096 23164 23206 23264 23318 23384 23483 23579 23649 23760 23836 23949 24004 24083 24150 24213 24246 24285 24321 24361 24370 24403 24429 24490 24533 24571 24614 24660
21521 21532 21543 21551 21550 21548 21542 21537 21529 21521 21506 21494 21480 21466 21457 21449 21451 21470 21479 21485 21501 21509 21543 21560 21604 21621 21638 21661 21673 21682 21704 21741 21770 21805 21825 21836 21836 21837 21856 21873 21882 21902 21924 21957 22003 22046 22099 22168 22234 22290 22357 22420 22490 22545 22600 22674 22743 22804 22877 22949 23033 23101 23164 23249 23326 23390 23475 23559 23622 23684 23748 23805 23869 23916 23957 24006 24063
21501 21503 21501 21491 21477 21472 21479 21482 21485 21500 21523 21541 21560 21574 21594 21605 21603 21633 21651 21669 21690 21709 21746 21777 21809 21836 21862 21885 21905 21918 21928 21948 21955 21964 21970 21995 22013 22025 22061 22080 22095 22114 22135 22158 22177 22189 22204 22224 22239 22261 22295 22334 22372 22410 22453 22500 22551 22590 22646 22700 22758 22802 22856 22908 22959 23003 23052 23097 23143 23181 23217 23244 23252 23266 23315 23349 23375
21301 21346 21405 21453 21501 21540 21587 21636 21674 21699 21732 21763 21800 21832 21864 21906 21951 21982 22022 22061 22102 22133 22172 22206 22231 22263 22299 22328 22358 22369 22389 22401 22410 22425 22456 22486 22518 22549 22579 22610 22629 22646 22672 22696 22702 22718 22729 22738 22754 22777 22795 22828 22877 22915 22944 22974 23017 23047 23085 23109 23130 23142 23162 23178 23197 23214 23241 23265 23296 23325 23341 23349 23350 23347 23338 23350 23377
21402 21440 21473 21520 21571 21610 21679 21753 21822 21876 21933 21983 22028 22063 22098 22128 22167 22184 22198 22199 22206 22207 22240 22279 22317 22356 22407 22459 22505 22545 22592 22639 22698 22743 22789 22828 22872 22900 22945 22975 23001 23013 23032 23048 23071 23097 23132 23161 23192 23218 23250 23286 23322 23353 23380 23396 23405 23409 23410 23407 23404 23401 23406 23408 23428 23454 23478 23504 23524 23544 23574 23608 23642 23668 23680 23682 23679
21409 21451 21486 21529 21571 21622 21684 21748 21812 21864 21921 21973 22022 22067 22118 22159 22208 22243 22280 22313 22342 22368 22398 22419 22452 22491 22525 22568 22609 22640 22664 22675 22698 22732 22765 22803 22831 22874 22934 22983 23023 23053 23077 23085 23101 23124 23157 23187 23230 23268 23319 23369 23413 23447 23479 23504 23532 23555 23585 23598 23601 23599 23590 23578 23573 23569 23577 23580 23582 23581 23613 23633 23657 23676 23681 23680 23665
21306 21319 21332 21353 21379 21412 21450 21496 21540 21581 21619 21673 21714 21748 21785 21826 21868 21908 21952 21991 22041 22082 22133 22192 22236 22290 22341 22385 22430 22462 22500 22544 22579 22598 22623 22663 22700 22711 22732 22779 22835 22867 22912 22941 22981 23009 23025 23044 23066 23094 23141 23203 23257 23296 23361 23421 23468 23489 23502 23506 23504 23492 23478 23464 23437 23408 23379 23348 23322 23297 23265 23231 23203 23183 23163 23129 23091
20920 20936 20954 20984 21004 21017 21057 21086 21111 21141 21170 21194 21227 21244 21264 21277 21298 21316 21343 21373 21403 21435 21476 21511 21552 21603 21670 21745 21810 21868 21928 21987 22060 22105 22177 22224 22295 22341 22420 22479 22543 22584 22645 22700 22744 22791 22846 22895 22937 22962 23001 23033 23053 23055 23060 23060 23067 23062 23046 23028 23009 22973 22942 22913 22871 22811 22747 22671 22607 22525 22440 22366 22302 22228 22115 22047 21956
19805 19837 19860 19892 19935 19958 20015 20065 20111 20143 20214 20279 20337 20388 20452 20500 20569 20622 20675 20737 20793 20836 20901 20970 21040 21087 21130 21205 21267 21327 21379 21443 21494 21536 21585 21663 21716 21758 21834 21881 21945 21998 22040 22118 22169 22218 22262 22316 22377 22403 22420 22452 22476 22500 22494 22484 22471 22448 22408 22358 22279 22213 22147 22055 21994 21930 21828 21762 21676 21614 21529 21433 21352 21283 21198 21119 21041
19521 19537 19561 19577 19588 19607 19617 19625 19664 19684 19710 19738 19784 19802 19839 19861 19900 19934 19968 20016 20064 20096 20136 20173 20229 20270 20301 20344 20414 20444 20494 20543 20601 20664 20735 20794 20868 20932 20992 21052 21125 21159 21224 21300 21337 21381 21433 21476 21517 21549 21580 21605 21624 21659 21648 21645 21634 21617 21608 21563 21531 21483 21445 21398 21338 21287 21207 21149 21087 21032 20966 20903 20849 20794 20741 20696 20646
19043 19058 19065 19075 19073 19065 19059 19052 19047 19042 19047 19048 19065 19066 19080 19085 19110 19136 19166 19218 19247 19260 19297 19312 19336 19356 19396 19434 19491 19530 19571 19599 19645 19687 19726 19751 19775 19815 19831 19876 19915 19949 20000 20047 20067 20114 20136 20169 20187 20233 20271 20313 20347 20361 20380 20402 20423 20453 20472 20489 20505 20516 20526 20520 20510 20489 20452 20412 20380 20336 20290 20230 20172 20128 20071 20023 19984
18375 18390 18415 18442 18473 18490 18517 18543 18554 18568 18572 18600 18641 18681 18736 18793 18831 18867 18901 18932 18966 18986 19015 19045 19077 19093 19127 19157 19185 19203 19226 19248 19275 19294 19316 19334 19350 19364 19376 19389 19399 19406 19414 19421 19437 19451 19486 19522 19546 19574 19604 19629 19662 19691 19756 19773 19819 19859 19903 19937 19960 19963 19973 19967 19955 19933 19905 19881 19835 19800 19762 19728 19696 19673 19638 19607 19569
18852 18898 18950 18990 19018 19051 19059 19068 19058 19047 19029 18974 18939 18889 18820 18759 18676 18606 18537 18450 18349 18307 18238 18159 18085 18025 17942 17897 17818 17766 17705 17637 17670 17697 17749 17819 17900 17962 18032 18123 18203 18302 18388 18490 18574 18667 18760 18864 18969 19036 19149 19244 19335 19419 19505 19598 19682 19746 19818 19885 19932 19971 20004 20019 20026 20022 20012 19995 19968 19945 19922 19895 19860 19826 19789 19750 19703
19509 19499 19482 19487 19485 19481 19486 19489 19481 19473 19467 19461 19447 19441 19450 19468 19480 19493 19501 19508 19508 19506 19487 19476 19457 19438 19419 19376 19343 19311 19278 19253 19194 19150 19138 19067 19039 18990 18915 18901 18857 18801 18783 18753 18715 18702 18670 18636 18630 18627 18589 18590 18566 18557 18587 18638 18711 18729 18806 18853 18918 18970 19030 19108 19199 19215 19271 19317 19387 19425 19468 19485 19524 19539 19536 19536 19517
19725 19726 19730 19737 19739 19740 19739 19717 19684 19683 19686 19672 19648 19626 19622 19596 19573 19563 19553 19531 19532 19526 19531 19537 19550 19555 19559 19566 19569 19587 19605 19624 19644 19662 19680 19701 19721 19729 19743 19757 19764 19772 19781 19790 19798 19807 19808 19814 19817 19822 19821 19827 19828 19834 19837 19841 19840 19857 19853 19856 19857 19855 19855 19861 19851 19837 19833 19809 19790 19768 19740 19705 19655 19622 19575 19520 19471
18802 18815 18849 18881 18895 18929 18952 18971 19010 19038 19077 19119 19167 19208 19248 19286 19324 19354 19378 19400 19410 19417 19426 19433 19445 19451 19464 19475 19485 19499 19508 19518 19523 19532 19532 19535 19543 19542 19541 19539 19540 19535 19530 19532 19535 19534 19532 19525 19522 19521 19523 19524 19517 19519 19518 19516 19513 19514 19514 19507 19492 19484 19478 19465 19462 19458 19450 19447 19445 19436 19426 19412 19392 19372 19350 19321 19290
