Alternative/Moon/Lvl0_30x30/Ele_EL.asc
ncols         335
nrows         335
xllcorner     16807491.657
yllcorner     -6727166.958
cellsize      10000
nodata_value  -9999.0
[rows 0 to 34 of 335, columns 234 to 311 of 335]
19884 20096 20119 20185 20506 21136 20342 18273 17101 15704 14397 14154 12567 11879 11071 10953 10789 10695 10882 10926 13192 14003 13748 11736 11125 11061 10788 10770 10947 10841 10875 10974 11199 12087 13999 15321 15499 15923 16599 18348 18627 18576 18340 18345 17889 17684 17472 17060 17099 16984 15804 14977 14400 14272 14331 14361 14643 14673 14733 14897 15885 16524 16426 16196 16615 16013 15867 16163 16149 15519 16600 17573 17814 16807 17257 18128 18111 17637
19699 19761 19941 20500 20851 20805 20303 18372 17082 15953 14660 13944 12869 11853 10995 10893 10780 10715 10803 10952 11921 12179 11780 11311 11017 11073 11261 10845 10892 10835 10919 11190 12177 13048 14642 15150 15409 15794 16723 18626 19192 19205 19099 19013 18724 17896 17549 16950 17160 17264 16247 14783 14389 14193 14465 14453 14712 14638 14508 15053 15826 16556 16697 16017 16185 15791 16025 15890 15907 15995 16185 17330 17405 16613 17297 18156 17959 17630
19630 19773 19986 20242 20798 20801 20359 18859 16907 16110 15230 14326 13031 11982 11107 10935 10848 10794 10803 10939 10742 10842 10880 10845 10872 11024 11234 10829 10854 10835 10916 11140 12546 13943 14871 14919 15652 15617 16933 19006 19518 19461 19239 19508 19206 18401 17984 17457 17487 17605 16543 15514 14465 14186 14440 14379 14581 14787 15030 15568 16093 16848 16927 16430 16001 15690 15920 15801 15753 15999 15651 16282 16268 16590 17267 17869 17579 17283
19191 19348 19756 20104 20268 20014 19854 19512 17297 16204 15696 14681 13551 12246 11298 10861 10857 10843 10726 10726 10839 10733 10937 10963 10797 10862 10798 11007 10957 10983 10943 11574 13064 14248 14644 14916 15565 15498 17735 19566 19819 19782 19259 19395 19056 18673 18380 17760 17377 17462 16769 15773 14912 14775 15128 14974 14972 15354 15277 15774 16315 17077 17108 16402 15698 15724 15660 15900 15988 15487 14936 15278 15787 16653 17174 17527 17120 17118
18603 18939 19452 19627 19546 19448 19457 19510 18244 16869 15879 15177 14663 12853 11739 11182 10965 10880 10760 10880 10815 10654 10883 10943 10945 10814 10829 10807 10832 10940 11575 12579 13803 13918 14320 14683 14834 16621 18697 19536 19830 19773 19271 19078 19094 18901 18409 17757 16783 17153 16768 16610 16251 15849 15978 15712 15660 15295 15441 15606 16643 17326 17174 16533 15888 15179 15505 15543 15662 15016 14862 14981 15325 16015 16421 16608 16278 17257
18273 18210 18877 19389 19320 19278 19093 19622 19611 17878 16587 16008 15007 13794 12535 11812 11657 11288 10900 10844 10737 10767 10737 10770 10891 10940 10852 10901 11184 11616 12620 13605 14021 13833 14049 14090 15805 17715 18499 18980 19416 19321 19181 19080 18923 18724 18162 17785 16982 16675 16979 17002 16603 16180 16188 16326 16362 16038 16244 16737 17036 17119 17005 16638 16015 15231 14671 14699 14994 15205 15291 14751 14604 14970 15772 15832 16227 17109
17907 18266 18447 18779 19161 19131 18709 19516 19753 19096 17510 17017 15424 14634 13714 12631 11958 11623 11213 11006 10850 10790 10819 10779 11040 11402 11182 11116 11815 12733 13182 13480 13565 13750 14215 15811 17686 18386 18529 18710 19072 19146 18888 18457 18268 18094 18093 18093 17655 16920 17021 17067 16752 16316 16383 16367 16411 16755 16964 17118 17039 16944 16642 16491 16343 15213 14661 14833 14850 15458 15306 14426 14208 14439 15098 15508 16099 16598
16958 18015 17980 17955 18398 18340 18214 18708 19468 19309 18734 17830 16891 15453 15087 14674 14082 13219 12563 11939 11418 11083 11010 11124 11543 11829 12098 12268 12720 12996 12941 13421 13564 14129 15980 17948 19079 19136 18788 18684 19042 19083 18636 18146 18112 17985 18122 18300 18232 17505 17061 16961 16297 16364 16317 16624 16612 17131 17438 17383 17028 16805 16412 16391 16253 15600 15268 15437 15033 15470 14928 14142 14346 14335 14428 14663 14852 15640
15075 16956 17704 17558 17563 17559 17891 18067 18696 19008 18898 18469 18004 16866 15754 15126 15081 14527 13560 12944 12702 12391 12573 12354 12272 12506 12488 12647 13074 13236 13475 13683 14511 16077 17216 18823 19138 19035 18682 18490 18760 18712 18416 18121 17895 17626 18057 18177 18011 17340 17046 16749 16441 16624 16413 16566 16923 17059 17185 17128 17099 17348 16574 16335 15971 16006 16097 15900 15238 15479 14960 14333 14421 14425 14389 14719 14937 15973
16339 16853 17005 16938 17049 16980 17508 18069 18065 18533 18727 18838 18721 18317 18093 17249 16651 15925 15117 14782 14443 14393 14318 13981 13394 13232 13577 14220 14911 15003 14885 15443 16762 17542 17765 18321 18176 18301 18153 17829 17326 17230 17327 17476 17652 18006 18067 17615 17444 17176 16850 16502 16487 16676 16592 15789 16445 16196 16294 16524 17368 17462 16523 15716 15919 16281 16162 15824 15869 15774 15407 14761 15000 14969 14400 14769 15056 15929
16344 16627 16761 16779 16821 16846 17222 17806 17781 17855 18335 18658 18684 18786 18836 18347 18323 17684 17179 17046 16465 16220 16340 16257 15409 15342 16093 16607 17518 17638 17389 17613 18154 17972 17759 17724 17348 17806 17771 17093 16386 16399 16488 16749 17362 17982 17947 17292 16315 16466 16352 15789 16408 16618 16406 15923 16377 15913 15644 16058 16653 17073 16110 15120 15583 16227 16148 16032 16291 16102 15668 15263 15470 15179 14688 14831 14650 15626
16222 16058 16407 16517 16749 16963 17209 17050 17790 17803 18055 18304 18411 18568 19014 19131 18743 18529 17985 18311 18407 18225 17715 17775 17975 18405 19108 19567 19763 19708 19457 18951 18413 17673 17446 17450 17073 17251 17127 16390 15932 16422 16545 16793 17291 17294 17118 16656 15746 15591 15670 15899 16191 16245 15789 15605 15904 15171 14685 14643 15068 15223 14560 14091 14573 15661 15875 15980 16134 16016 15779 15923 15812 15175 15023 15012 14865 14638
17043 16606 16372 16610 16790 17120 17918 17903 17225 17635 17655 17590 17561 18386 18243 18305 18534 18425 17896 17922 18350 18482 18661 18767 19447 20050 20113 19986 19827 19612 19415 18764 17925 17286 17035 16903 16437 16452 16328 15796 15631 16116 16439 16917 17350 17526 17437 17043 16556 15857 15523 15460 16337 16185 15383 15158 14923 14176 13543 13502 13468 13594 13160 13031 13473 14477 14941 15473 16121 16144 15442 15460 15334 15086 15277 15280 14970 14772
17781 17463 17232 16769 16831 17114 17726 17915 17567 17197 17157 17250 17558 17613 17395 17437 17570 17780 17628 17571 18046 18348 18686 18914 19577 19844 19767 19600 19544 19369 18783 18513 17898 17244 16613 16031 15657 15630 15688 15680 15602 15996 16148 16797 17299 17642 17402 17251 17148 15974 15368 15470 15858 16450 16518 15994 14906 14012 13049 12949 12874 12941 13026 12904 13083 13987 14761 14851 15686 15772 15403 15084 14844 15397 15659 15605 15235 15034
17706 17366 17120 16776 16899 17204 17433 17771 17625 17008 17209 17121 17110 17266 17308 17375 17109 17157 17258 17584 18407 18663 18778 18824 19005 19253 19338 19435 19528 19394 18585 18257 17629 16891 16032 15692 15923 16029 15836 15748 15840 16377 16812 16935 17180 17289 16987 17124 16983 15895 15186 15421 15968 16837 17042 16322 14894 13917 13190 12853 12849 12939 13243 13094 13026 13494 14749 14746 14422 14735 15313 15369 15343 15920 15858 15665 15466 15184
17275 16889 16420 16578 17170 17694 17731 17357 17373 17222 16896 16860 17093 17220 17070 16658 16754 16944 17113 17217 17775 18019 17976 18051 18552 18746 19020 19041 18909 18598 17903 17537 17123 16700 15931 15730 15978 16052 15821 15822 15831 16255 16900 16946 16685 16381 15874 16010 15798 15191 15031 15340 15904 16777 17002 16776 15416 14602 13883 13517 12932 12878 13040 13183 13283 13351 13787 13848 14089 14941 15690 15847 16127 16156 16175 16182 16189 15456
16793 16553 15990 16112 16830 17401 17538 17268 17523 17782 17306 17189 16761 16812 16956 16864 16494 16574 16777 16923 17226 17531 17983 18378 18730 18927 18879 18674 18442 18051 17347 16873 16614 16307 15941 15714 15936 15851 15392 15426 15547 15618 15865 15753 15753 15499 15197 15110 14960 15074 15186 15552 15992 16493 16766 16597 16016 15784 15242 14273 13723 13781 13865 13958 13841 13692 13606 13913 13918 14735 15660 15816 16513 16496 16384 16216 16771 16260
16689 16245 15725 15935 16189 16859 17118 17107 17331 17780 17655 18033 17924 17237 17029 16948 16869 16862 16786 16800 17200 17678 18207 18469 18595 18744 18836 18832 18517 17864 17342 16934 16637 16488 16213 15961 16279 16206 15589 15529 15610 14896 15118 15239 15935 15737 14865 14719 14786 14974 15162 15416 16180 16662 16754 16550 16569 16803 16172 15748 15071 14864 14764 14693 14441 14270 13940 13841 14023 14390 15108 15872 16553 16754 17475 17097 16592 16360
16670 16490 16233 16677 16649 16693 17212 17614 17714 17597 17748 18125 18111 17560 17230 16971 16965 16946 16423 16644 17268 17668 17980 17970 17860 17723 18263 18605 18456 17983 17295 16913 16345 16401 16558 16563 16678 16739 16412 15875 15952 15517 15343 15802 16106 15891 14900 14751 14996 15532 15644 15396 15936 16591 16702 16363 16695 16885 16644 16383 15762 14982 14918 14867 14658 14452 14022 13955 14247 14903 15425 15795 16435 17156 17671 17425 16715 16663
17873 18112 18318 18584 18385 17378 17660 17991 18009 18106 17486 17406 17409 17467 17207 16896 16884 16710 16857 16904 17210 17468 17126 16399 15784 15575 15995 16745 17344 17732 17437 17112 16686 16836 17012 16907 16547 16482 15998 15714 16199 16224 16152 16174 15765 15485 15782 15623 15480 15642 15720 15378 15301 15602 16274 16540 16744 16703 16643 16402 15862 15230 15132 15124 14953 14531 14400 14325 14649 15382 15756 16010 16343 17094 17013 16789 16594 16801
18668 18420 19372 19462 18805 18057 17612 17906 17919 18048 17602 17405 17289 17329 17277 17275 17291 16928 17034 17081 17338 17041 15788 15343 15097 14673 14422 14892 15610 17091 17574 17288 16508 16608 16927 16622 15409 14708 13961 13666 14704 16205 16258 16195 15522 15462 15785 15836 15637 15670 15514 15303 15313 15620 16257 16470 16666 16619 16496 16291 15778 15132 15255 15676 15658 15196 15043 15292 15207 15510 15981 16135 16291 16444 16489 16213 15923 16340
19063 18909 19345 19424 18737 18244 17535 17526 17349 17195 17093 16732 16699 16674 16814 16955 17020 16533 16669 16986 17366 16763 15100 14377 14112 13685 13852 14007 14820 16383 17693 17569 16735 16380 16401 16083 14055 12993 12294 11993 13051 15131 15975 15627 15012 14996 15221 15598 15660 15673 15445 15263 15231 15645 16288 16389 16216 15596 15839 15761 14991 14907 15563 15852 15705 15225 15148 15323 15760 16008 16082 16118 15944 15738 16145 16130 15974 16061
18772 18782 18728 18872 18252 17727 17027 16874 16609 16583 16696 16720 16567 16003 15997 16412 16324 15805 16254 16691 17447 17100 15220 14124 13238 13219 13770 13812 14271 15840 17526 17546 16975 16863 16670 16650 15222 14144 13575 13127 14064 15345 15755 15156 14944 14868 15099 15355 15867 15596 15510 15115 15211 15482 15937 16031 15973 15493 15006 14656 14461 14245 14552 14968 14940 14688 15197 15252 15927 16200 16278 16160 15595 15450 15739 15963 16207 16121
16996 17965 18082 18118 18146 18043 17251 16658 16179 16027 16634 16662 16380 15885 15936 16230 16202 16084 16437 16696 17639 17795 16785 15503 14453 13424 13480 14241 14857 16094 17806 17976 17395 17154 16715 16787 16643 16021 15189 14904 15167 15316 15100 14856 14800 14734 15243 15806 16041 15982 15399 14951 15343 15478 15040 15274 15427 14852 14233 14576 14614 14539 14458 14192 14116 14515 15198 15785 16266 16286 16261 15994 15542 15580 15706 15829 16212 16069
15504 17074 18081 18156 18327 18345 17811 17304 16084 15820 16296 16370 15912 15276 15808 15952 15939 16233 16509 16687 17121 17828 17815 17245 15879 15459 15880 16638 17199 17927 18354 18186 17519 16234 16587 16871 16543 16267 16109 15941 15532 14919 14783 14867 14914 15005 15660 15988 16142 15888 15217 14896 14596 15080 15002 14828 14741 14686 14448 14156 14267 14675 14558 14156 14276 15391 16210 16281 16326 16227 16122 15692 15549 15601 15644 15676 15850 15424
15625 16939 17528 17882 17357 17723 17676 17266 16052 15510 16039 16064 15470 15165 15257 15305 15598 16073 16239 16257 16368 17143 17511 17553 17994 18142 18535 18840 18899 18678 18371 18285 17613 16869 15942 15852 15416 15793 15769 15393 14855 14581 14503 14731 14729 15299 15855 15993 15832 15649 15193 14673 14221 14342 14652 15431 15511 15319 14845 14494 14442 15145 15027 14287 14259 15593 16437 16439 16210 16068 15786 15757 15721 15818 15712 15567 15243 14575
16914 17508 17130 17011 17150 16524 16395 16368 15785 15515 15454 15523 15624 15644 15240 15060 15524 15726 16184 16202 16239 16586 16622 17472 18221 18648 18843 18944 18952 18634 17674 17704 17166 16505 15926 15749 15113 14775 15121 15080 14819 14352 14448 14693 14712 14987 15156 15383 15385 15512 15018 14609 14177 14354 14669 15519 16164 16049 15498 14867 14436 14895 14942 14373 14818 15580 16218 16247 16163 15742 15573 15560 15714 15718 15508 15047 14615 14538
17230 17721 17710 17216 16168 15901 16173 16275 15690 15483 15267 15088 15596 15703 15510 15087 15464 15595 15622 15924 16345 16657 16681 17179 17651 18130 18102 18222 18371 18107 17311 16549 16498 16154 15747 15603 15620 15693 15536 14910 14744 14511 14590 14655 14354 14978 15073 15251 15457 15178 14795 14337 14180 14380 14789 15435 15906 15818 15362 14874 14324 14228 14448 14731 14984 15567 15765 15873 15899 16078 16001 15725 15703 15231 14876 14744 14890 14594
17454 17768 17672 17350 16687 15981 15922 15979 15911 15647 15387 15251 15602 15549 15434 15138 15617 15777 15824 16309 16973 17132 17278 17580 17272 17337 17556 17561 17629 17566 16723 16637 16589 16655 16374 16015 16005 16184 15874 15399 15389 14865 14659 14301 14451 14511 15029 15007 14793 14993 14488 14344 14241 14572 15225 15608 16305 16167 15392 14802 14503 14181 14321 14848 14763 15458 15697 15655 15805 16146 16105 16000 15574 14908 14305 14260 14531 14610
17450 17770 17568 17292 16582 16196 16348 16544 16309 16122 15921 15598 15612 15630 15338 15334 15000 15334 15748 16270 16966 17344 17586 17577 17215 17040 17217 17248 16872 16983 16756 16475 16660 16605 16446 16495 16583 16838 15952 15963 15931 15212 14809 14657 14472 14604 14973 14874 14922 14743 14364 14395 14456 15059 15900 16296 16209 15995 15421 15177 14508 14171 14591 14923 14813 14984 15318 15283 15785 16058 16155 16162 15719 14846 14088 14005 14234 14225
16919 17396 17469 16858 16459 16129 16360 16831 16723 16175 16007 15628 15524 15455 15430 15448 15440 14612 14716 15860 16677 16773 17071 16763 16608 16634 16741 16815 16882 16613 16310 16202 16233 16196 16483 16878 16610 16907 16482 16649 16501 15833 15465 15252 14840 15061 15010 14856 15094 14854 14657 14877 15268 15977 16311 16539 16177 15636 15477 15447 14900 14286 14445 14402 14748 15181 15445 15764 15759 16071 16218 16080 15394 14241 14114 14030 14166 14477
14631 15663 16846 16809 15915 15649 16163 16630 16489 15905 15672 15714 15567 15503 15595 15678 15393 14700 14287 15466 16085 16327 16181 15995 16042 16215 16768 17010 17407 17387 16686 16082 15899 16125 16566 16811 16451 16435 16681 16909 16772 16182 15602 15553 15141 15303 15411 15293 15238 15148 15154 15542 16000 16310 16313 16490 15853 15222 15349 15363 15293 14836 14473 14330 15003 15352 15472 15763 16049 16371 16151 15963 15206 14412 14322 14233 14601 14971
16611 17118 17416 16872 16108 15530 15912 16318 16122 15506 15569 15382 15294 15427 15605 15449 15349 14761 14223 14437 15118 15633 15660 15720 15656 16014 16773 17000 17347 17338 16667 16063 15558 15838 16010 16403 16532 16390 16226 16501 16669 15694 15013 15188 15644 15867 15699 15658 15372 15687 15865 15962 15978 15925 15930 15782 14687 15016 15277 15200 15254 14889 14678 14533 14946 15605 15960 15856 16121 16292 16201 15981 15179 14469 14370 14349 14605 15070
17123 17709 17379 16834 16373 16480 16323 16388 16793 16996 16513 16122 15606 15464 15753 15315 15305 15193 14669 13885 14261 15084 15963 16152 16179 16421 16497 16398 16338 16340 16061 15679 15107 15170 15591 16140 16944 17061 16846 16345 16011 15548 14897 15502 16128 16291 16493 16533 16451 16285 16447 16495 16156 15263 14838 14983 14883 14856 15186 15173 15024 14524 14590 14830 15566 15984 15980 15740 15509 15131 15125 15161 14950 14931 14774 14570 14289 14958
16616 17155 16965 16443 16687 16515 16342 16557 16965 17166 16894 16703 16281 16006 15881 15937 15545 15215 14842 14730 13423 14401 15611 16013 15953 15980 15616 15412 14680 14611 14640 14547 14356 14596 14875 15939 16731 16849 16478 15720 15062 15136 15117 15456 15668 16399 17641 17981 17655 17025 16818 16672 16648 15928 14511 14514 14771 15376 15067 14538 14147 14108 14395 15328 15731 15991 15862 15350 14549 14107 14112 13914 14530 14840 14757 14477 14466 14932
