Alternative/Moon/Lvl0_30x30/Ele_CI.asc
ncols         335
nrows         335
xllcorner     6757491.657
yllcorner     -27166.958
cellsize      10000
nodata_value  -9999.0
[rows 238 to 271 of 335, columns 231 to 307 of 335]
18101 18815 19248 19373 18999 19072 19466 20525 20445 20394 18892 17772 18039 17428 16165 15846 14872 13471 12424 12274 12153 11929 11858 11866 11888 11891 11906 11904 11914 11918 11908 11913 11913 11968 12092 12718 12941 12743 11902 11805 11783 11719 11671 11614 11570 11498 11431 11368 11338 11273 11263 11501 12114 11841 13605 14113 14705 15490 16418 17995 19053 19124 18250 18678 18692 18743 18563 18643 18813 18806 18408 18297 18595 19288 19264 19162 17995
18738 18826 19164 19237 19119 19430 19625 20185 20414 20409 19073 17639 18004 17663 16156 15768 14292 12997 13021 12977 12674 12083 11862 11944 11837 11846 11860 11860 11853 11857 11866 11862 11850 11832 11849 11842 11845 11896 11810 11756 11720 11674 11614 11564 11531 11483 11401 11329 11296 11252 11280 11870 12311 12002 13091 14222 14692 15885 16905 19309 19662 18968 18142 18319 18297 18525 18481 18625 18711 18546 18247 18367 18477 19617 19500 19178 18078
18821 18742 18907 19119 19224 19626 19769 19896 20440 20562 19894 17373 17931 17898 15930 15685 14754 13790 13141 13047 12907 12448 11920 11920 11959 11861 11794 11802 11811 11808 11796 11797 11781 11769 11763 11758 11759 11843 11851 11749 11654 11591 11561 11540 11468 11400 11341 11264 11181 11199 11176 11781 12440 12098 13453 14409 14911 16430 17368 19787 19996 19003 18253 18298 17973 17833 17771 18429 18531 18127 18441 18524 18552 19060 19066 18840 17829
18457 18766 18935 19140 19473 19755 19848 20356 20428 20415 20155 18258 17508 17679 16498 15979 15050 13884 12223 11098 11574 12399 12209 11933 12050 11692 11816 11769 11786 11762 11737 11729 11735 11724 11717 11673 11673 11839 11730 11647 11591 11517 11488 11435 11386 11353 11253 11176 11106 11145 11364 12464 12844 13036 13962 14735 15403 16770 18080 19977 19961 19306 17720 17541 17469 17343 17004 17401 17583 17914 18359 18482 18991 19267 19076 18332 17321
18475 18522 18448 19215 19651 19829 20100 20493 20511 20596 20313 19755 17850 17116 16531 15513 14882 13596 11916 10976 10837 11381 11090 11276 12142 12162 11970 11738 11734 11718 11686 11671 11673 11686 11713 11677 11615 11632 11673 11607 11537 11485 11455 11371 11337 11282 11188 11115 11069 11082 11456 12508 13085 13282 14234 14781 15628 17435 18265 20000 19821 19102 17523 17297 17209 17105 17073 16238 16611 17203 18011 18513 18962 19119 18926 18051 16928
18537 18740 18857 19366 19800 19850 20151 20298 20689 20606 20567 20699 18231 17364 16661 16116 15202 14110 12612 11945 11724 11028 10005 10055 12095 12212 12080 11817 11824 11675 11620 11605 11572 11659 11637 11677 11569 11539 11493 11488 11456 11444 11364 11300 11261 11199 11108 11032 10982 11080 11813 12810 13037 13977 14664 15214 16435 17699 18647 19443 19542 18656 17185 17081 17111 16858 16492 16032 16002 16417 17577 18117 18233 18551 18446 17902 16590
18624 18785 18953 19344 19633 19860 20077 20046 20333 20476 20675 20886 18168 17226 17008 16715 15684 15004 13986 13358 12275 11978 11414 11431 11536 12250 12170 11833 11875 11670 11555 11518 11483 11478 11501 11486 11449 11458 11447 11442 11400 11364 11280 11225 11182 11117 11027 10960 10914 11222 12370 13177 13827 14907 15398 15714 16659 17895 18576 19225 19139 18113 17144 16975 16891 16600 16383 16164 16050 16090 16704 17514 18074 17978 17763 17532 17161
19091 18804 18753 19115 19448 19646 19837 19635 19833 19896 20471 19901 17689 17749 17896 17195 15720 15436 14494 13913 12222 12251 12481 12032 12354 12157 11845 11620 11621 11562 11485 11475 11443 11415 11403 11388 11377 11374 11372 11371 11356 11296 11233 11183 11121 11051 10963 10965 11009 11529 12439 13180 14241 14829 15623 16318 16852 17957 18154 18875 18467 18067 17258 17238 16843 16613 16677 16231 16111 16170 16361 17481 18040 17825 17191 16876 16864
19088 18453 18564 18855 19213 19634 19783 19318 19228 19204 20167 19794 19024 19239 18644 17542 15837 15397 14577 14104 12435 11895 12309 11927 11987 11944 11519 11521 11488 11457 11425 11384 11371 11345 11343 11311 11313 11331 11330 11327 11315 11265 11211 11146 11064 10996 10958 11033 11256 12107 12660 13471 14834 15061 15787 16525 17244 18076 18670 18999 18696 17759 17607 17250 16912 16804 16865 16518 16001 16056 16245 17298 18006 17671 17034 16864 16817
18578 18368 18227 18395 18998 19128 19273 18975 18745 18979 19368 19732 19368 19732 19581 18368 17127 15605 14412 14144 13478 12819 11981 11913 11641 11465 11508 11393 11372 11370 11335 11312 11328 11313 11271 11270 11273 11274 11278 11288 11292 11240 11210 11129 11109 10970 10918 11781 12059 12439 13463 14401 15069 15731 16457 16889 17632 18704 19031 18771 17953 17899 17424 17262 17072 16948 16950 16487 16043 16353 16896 18434 18442 17485 16870 16511 16440
18715 18670 18383 18485 19095 19223 18961 18766 18643 18751 19078 19054 18947 19177 19361 18954 17998 16066 15270 14599 14077 13277 12235 11673 11553 11504 11436 11366 11391 11406 11444 11316 11204 11231 11201 11195 11213 11230 11244 11291 11294 11270 11227 11066 10995 10890 11538 12043 12445 12931 14315 14888 15595 16168 16864 17240 18444 19217 19259 18348 17507 17546 16883 17097 17134 17106 17111 16563 16240 16879 17853 18481 18265 17273 16734 16179 16153
18547 18516 18287 18001 18864 19194 19200 18811 18485 18611 18820 18938 18857 18509 19667 19822 18894 16843 15862 15603 14887 13762 12770 12049 11818 11864 11635 11514 11489 11386 11480 11505 11305 11118 11170 11140 11167 11190 11302 11478 11542 11545 11486 11608 11564 11396 12179 12725 13001 14104 15055 15696 16109 16548 17578 18467 19208 19336 19003 17866 17518 17190 16827 17182 17362 17261 17017 16652 16218 16617 17820 18462 17886 16666 16162 15873 16142
18212 18329 18276 18192 18732 19106 19106 18655 18399 18393 18679 18909 18823 18389 19559 20069 19939 17989 16641 16189 15343 14485 13676 12567 12562 12484 12158 11794 11380 10879 11148 11586 11578 11185 11154 11186 11247 11358 11456 11718 11887 12026 12361 12247 12104 11978 12118 12907 13917 14404 15316 16213 16290 17297 18889 19317 19549 19472 18593 17635 17103 16870 16662 17111 17342 17318 16784 16465 16198 16665 17328 17913 17615 16380 15847 15367 15850
17941 17876 18051 18262 18258 18579 18700 18796 18799 18168 18520 18633 18457 18394 18956 19553 19610 19311 18201 17617 16409 15411 14348 13852 13415 13140 13021 12687 12208 11512 11217 11749 11797 11363 11273 11196 11413 11559 11778 12055 12298 12382 12637 12653 12486 12473 13009 14546 15405 15857 16738 17118 17315 18923 19750 19563 19540 19278 18200 17261 17082 16625 16685 17203 17368 17025 16193 15771 15891 15889 16628 17578 17471 15978 15242 15026 15787
16649 17546 17513 17806 17657 18361 18680 18703 18809 18465 18161 18312 18414 18627 18653 19387 19843 20040 18626 18487 17132 15909 15449 15158 14369 14196 14101 13822 13279 13061 12860 12546 12156 11839 12087 12143 12142 12249 12154 12119 12330 12769 13025 13387 13774 14234 15111 16750 17379 18248 18220 19005 19376 19713 19806 19623 19310 18278 17723 17326 17108 16567 16732 17187 17102 16489 15740 15563 15624 15833 16955 18393 18259 16245 15118 14888 15302
17438 17262 16850 16942 17207 17676 18180 18313 18403 18350 18011 18082 18289 18462 18575 19170 20093 20241 19176 18370 17183 16814 16221 16394 15443 15676 15457 14884 14303 13760 13157 13448 13385 13371 13002 13014 12384 12591 12600 12425 12809 13569 14391 14881 15260 16292 17020 18708 19265 19619 20118 20034 20063 19914 19729 19379 18609 18091 17776 17219 16997 16418 16758 16989 16976 16112 15641 15625 15722 16363 17259 18716 18683 17321 15941 15426 15982
17534 17307 16703 16610 16830 17224 17408 17985 17896 17848 17962 17963 17688 18008 18277 19262 19460 19855 19925 19099 18062 17871 17179 17014 16939 16870 16462 16348 15580 14611 14922 14742 14912 14915 14728 14553 13702 13098 13606 13929 13903 14216 14535 15086 15934 17025 18552 19639 19769 19826 20479 20053 20081 19898 19674 19127 18137 17895 17531 16525 16423 16002 16333 16747 16667 15886 15626 15660 15925 16547 17242 18595 18607 17938 17056 16042 16319
17106 16715 16647 16670 16593 16488 16532 17535 17668 17502 17606 17463 17071 17651 17849 18678 19215 19500 20153 20131 18799 18012 17720 17475 17445 17427 17895 17947 16890 16390 16942 16245 16083 15748 15731 15429 15228 13865 14392 14492 14733 15109 15402 16247 16769 17907 18999 19562 19590 20103 20523 19913 19778 19713 19098 18674 18627 17932 16956 16262 15956 15759 16214 16290 16235 15776 15626 15636 15753 16593 17310 17777 17886 17655 17090 16296 16039
17151 16493 16478 16451 16484 16422 16411 16517 17023 17217 17364 17422 17178 17662 18257 18525 19116 19646 19581 19846 19819 18473 17702 17666 17573 17687 17982 17909 16933 17703 18421 18128 17462 17313 16976 16706 16199 15182 14964 15455 15634 15828 16149 16529 17315 17958 18975 19690 20138 20202 20818 20570 20162 19505 18968 18885 18704 18057 17051 16566 16235 15713 15974 16038 15816 15671 15624 15583 15866 17344 17980 17521 17111 16833 16617 16322 15999
17075 16571 16483 16368 16355 16341 16312 16487 16699 17373 17336 17463 17913 18916 19195 19458 19207 19825 19829 19956 20294 20071 18921 18214 17712 17938 17769 17779 17771 17979 18350 18309 18179 17839 18018 17698 17333 17339 16963 16671 16255 16360 16300 16946 17532 18339 19437 19705 20116 21008 21125 20762 20419 19202 18363 18397 18411 18186 17404 16989 16505 15673 15724 15892 15682 15627 15709 16150 16872 18112 18261 17529 16850 16532 16310 16265 16294
17142 16725 16539 16473 16369 16340 16355 16531 16506 16457 16772 16833 17845 19006 19517 19912 19717 19709 19790 19921 20422 20636 20493 19568 18765 18332 18415 18096 18535 18669 18362 18356 18459 18426 18058 17312 17319 17895 17387 17262 16901 16413 16521 17240 17650 17628 18701 19326 19575 20903 20874 20438 19898 18509 18525 18549 18488 17723 17470 16925 16410 15889 15758 15903 15698 15983 16554 17367 17973 18464 18553 17946 17390 16789 16360 16290 16314
17782 17431 17426 17207 16712 16392 16493 16380 16341 16290 16276 16402 17493 18230 19165 19799 19653 19740 19806 20144 20436 20746 20802 20813 20245 19506 19794 19460 18479 18605 18306 18347 18383 18815 18676 17522 17909 18807 17964 17494 16946 16802 16915 17224 17023 16751 17649 18610 19182 20051 19889 19107 18941 18962 18821 18760 18454 18318 17910 17437 17062 16258 15631 15602 15602 16654 18033 17983 18099 18256 18241 17829 17484 17318 16586 16142 15823
18442 18243 17857 17646 17277 16923 16400 16390 16181 16164 16174 16253 17288 17616 18159 18813 19354 19502 18749 19711 20234 20544 20707 20818 20611 20313 20585 20416 19683 19005 18643 18604 19129 20293 20625 20237 20067 19761 18549 17824 17419 16878 17236 17120 16646 17028 17490 18432 19013 19803 19623 19505 19287 19230 18646 18274 18198 18278 17953 17931 17901 17224 16272 15847 16759 17605 18238 17796 17231 17373 17314 17311 17668 17656 16636 16092 15733
19254 19198 18387 18318 18006 18126 17302 16346 16168 16149 16148 16201 16503 17142 17474 18314 18756 18927 18342 18927 19496 19657 20217 20364 20529 20733 20749 20665 20592 20331 20006 19627 19822 20219 20913 21339 21271 20116 18980 17856 17322 16855 16989 16875 16904 17070 17547 18085 19110 19336 19428 19338 19316 18827 18369 18386 18184 18232 18134 18137 18113 17794 17255 16675 17130 17546 17992 17445 17145 17105 17407 17573 17800 17776 16961 16130 15858
19353 19241 19019 18538 18378 18723 18442 16700 16111 16093 16181 16453 16425 16951 17425 18180 18880 18935 18783 18722 18859 19199 19943 20395 20453 20615 20719 20706 20371 20166 19798 19352 19529 19707 20392 21163 21160 19857 19135 18288 17628 17013 17063 16848 17102 17580 17732 17933 18929 19171 19108 18728 18779 18531 18417 18439 18089 18189 18337 18014 17886 17807 17534 17060 16911 16958 17106 17198 17263 17244 17476 17585 17577 17565 16771 16222 15914
19468 19661 19513 19525 19598 19469 18923 17425 16633 16591 16018 17188 17068 17428 18077 18595 19033 19322 19067 18724 18586 18973 19487 20271 20526 20703 20833 20757 20139 19490 18890 19097 19141 18496 19533 20166 20268 19698 19120 18288 17896 17651 17415 17614 17812 17850 18263 18397 18927 19129 18519 17905 18133 18083 18020 17984 17506 18070 18400 18577 18031 17743 17435 16685 16527 16408 16848 17187 17201 17190 17309 17215 17066 16765 16506 16229 15955
19483 19756 20025 19880 19862 19961 19841 19130 18400 18241 17684 17895 17697 18179 18978 19113 18922 19176 18513 18221 18531 18703 19287 19949 20667 20754 20890 20793 20184 19546 18268 18315 18305 18099 18513 18878 18977 19105 18838 18415 18118 17475 17877 18073 17926 18421 18574 18546 18896 19062 18142 18127 18352 18181 18113 18016 17475 17436 17892 18391 17764 17345 17405 16964 16788 16659 16937 17449 17401 17453 17579 17657 17452 16615 16049 16062 15971
19116 20033 20467 20400 20350 20284 20093 19900 19925 19418 19078 18684 18790 19118 19483 19461 19007 19094 17346 17665 18573 18601 18540 19813 20299 20574 20694 20584 20200 19055 17926 17792 17819 17755 17839 18657 19341 19500 18561 18641 18598 18268 18347 18036 18192 18674 18788 18569 18350 18360 18284 18138 18147 18097 17986 18040 17822 17882 17751 17960 17311 17106 17013 16882 16784 16833 16911 17173 17504 17609 18126 17608 17554 17506 16388 16520 16473
18951 19918 20562 20742 20330 20137 19984 19989 20103 19935 19761 19003 19235 19408 19778 19456 19074 19241 18453 17907 18401 18385 18828 19264 19527 19750 19949 19941 19745 18495 18278 18351 18414 18158 18246 19292 19976 20094 18495 18991 18714 18881 19124 19023 18867 19096 19302 19068 19237 19454 18756 17948 17819 17681 18039 18353 18203 18379 18664 18433 17792 17130 16832 16593 16572 16605 16657 16938 17754 17786 18337 18045 17845 17543 16579 16832 16803
19094 19310 20632 20735 20308 20206 20152 19657 20028 20305 20047 19056 19664 19586 19855 19372 18277 18563 18291 17849 17781 17805 18352 19524 20064 19911 19805 20152 19721 18724 18730 18736 18987 19071 18969 19754 20502 20645 19565 19148 19031 19311 19568 19455 19336 19187 19682 19852 20220 20228 19295 17944 17364 17395 18023 18162 18068 18462 18848 18483 17656 16700 16618 16515 16385 16583 16780 17015 17670 17785 18088 18076 17872 17161 16680 16337 17187
18743 19159 20022 20442 20260 19956 19697 19704 20001 20126 19983 19186 19780 19801 19449 19488 17949 17794 17754 17604 17481 17708 18252 19076 20265 20214 20271 20661 20577 19866 20311 20245 20092 19862 19510 20047 20542 20690 19935 19323 19136 19331 19285 19264 19332 19322 19588 20028 20362 20347 19066 17716 17753 17948 18064 17636 17531 17718 17853 17764 17418 16852 16404 16294 16458 16602 16701 16972 17201 17207 17609 17498 17120 16775 16625 17099 17192
18479 18991 19562 20130 20213 20153 19699 20036 20018 20213 19804 19294 19771 20019 20089 19447 17746 17908 17792 17427 17443 17484 17546 18417 20360 20332 20373 20718 20733 20075 21385 21513 20954 20427 19835 19836 20058 19689 19023 18954 19023 19283 19323 19034 18563 18368 17637 18063 18748 18840 18346 17715 17895 17944 18003 17581 17317 17405 17518 17435 16855 16416 15983 15755 15783 16168 16343 16599 16629 16818 17015 17089 17015 16874 16788 17327 17200
18591 18890 19475 20129 20091 20078 19997 19980 19863 19960 19909 19490 19359 20101 19973 18837 18547 18484 17846 17423 17335 17433 17618 18851 20324 20241 19997 20568 21163 21095 21704 21718 21006 20257 19838 19761 19667 19175 18887 18879 18948 19396 19337 18664 18074 16793 16263 16265 16615 16903 17187 17217 17521 17891 17812 17687 17776 17689 17248 17210 16786 16286 15812 15943 15685 15667 16049 16187 16362 16530 16884 17154 17089 16786 16757 17151 17265
18553 18891 19262 19852 20076 20214 20459 19812 19560 19773 19654 19458 19459 19966 20227 20338 20032 19181 18228 17943 17830 17598 18031 19095 19719 19720 19803 20296 20918 20804 21343 21130 20717 20258 19786 19280 18717 17835 18271 18620 18923 19172 18862 18090 16869 15102 15114 14759 14562 14608 14716 14860 15593 16742 17631 17596 17721 17750 17187 17041 16717 16301 15748 15186 14946 14827 15054 15267 15837 16055 16300 16463 16624 16646 16714 16846 16861
