Alternative/Moon/Lvl0_30x30/Ele_CK.asc
ncols         335
nrows         335
xllcorner     13457491.657
yllcorner     -27166.958
cellsize      10000
nodata_value  -9999.0
[rows 68 to 101 of 335, columns 0 to 76 of 335]
21591 21300 21584 22047 22085 22061 21422 20960 20358 19894 19286 19795 19962 20226 20392 20558 20660 20128 18789 17890 17814 17865 18082 18269 18808 19431 20121 20901 21938 22905 23462 23482 23442 23290 22642 21861 21814 22010 21930 21753 21514 21401 21429 21535 21774 22055 21989 22016 21583 21806 22585 22576 22316 22595 23059 23461 23510 22567 20806 19307 19325 19008 18747 18786 18924 19119 19679 20572 21843 22751 23161 22837 22528 22492 22164 22116 21973
21287 21209 21536 21919 22231 22420 22105 21047 19935 20120 20873 20712 20755 20740 21188 21638 21798 21897 21342 20520 20120 19410 18914 19550 20219 20968 21986 23112 23456 23733 23731 23442 23539 23107 22084 22020 22007 21964 21820 21605 21701 21761 21995 21954 22171 22091 21902 21808 21938 22202 22316 22197 22176 22361 22665 22973 23067 21930 19744 18598 19373 19365 19103 18982 19156 19666 20759 21910 23125 23508 23484 23188 22503 22507 22194 22062 22041
21002 21141 21628 21800 22251 22793 22933 21465 19801 20955 21993 21785 21578 21672 22124 22627 22998 23022 23017 23109 22911 22116 21518 22233 22880 23453 23663 23548 23683 23506 23425 23255 22930 22447 21891 21612 21409 21664 21724 21958 22328 22182 21983 21657 21515 21681 21837 21829 21909 21857 21877 21955 21989 22116 22571 22846 22981 22631 20973 20422 20786 20389 19882 19761 20166 20919 22505 23293 24063 23967 23474 23244 22889 22430 22203 22155 22037
20312 21024 21422 21604 21963 22567 22934 22503 22352 22508 22647 22097 22185 22147 22305 22798 23100 22932 23044 23254 23152 22760 22803 23124 23461 23674 23746 23131 23038 22747 22576 22529 22274 21908 21173 20518 20646 21066 21371 21957 22349 21965 20847 20378 20413 20832 21533 21697 21830 21930 21897 21733 21572 21825 22471 22701 22739 22684 22399 22211 21825 21385 20961 21034 21447 22184 23626 23895 24126 23951 23412 23186 22900 22518 22349 22197 22587
20316 20847 21132 21212 21357 21806 22215 22489 22470 22604 22459 22143 22124 22008 21924 22426 22593 22848 23031 23014 22696 22355 22558 22909 23060 22814 22416 22338 22197 22239 22261 22433 22170 21472 20943 20521 20192 20670 20841 21523 21743 21194 20262 20205 20244 20421 21017 21503 21786 21973 22026 21943 21672 22107 22494 22550 22283 22169 22525 22938 23129 22985 22360 21967 22798 23489 23785 23842 23874 23735 23377 23039 22719 22478 22264 22166 22700
20726 20855 21005 21292 21347 21484 21556 21983 22144 22447 22428 22107 21878 21692 21603 22061 22192 22371 22309 21978 21881 21848 22518 22487 22172 22048 22184 21961 21739 22053 22204 22102 21752 21051 20553 20434 20381 20258 20625 21338 21426 21405 20281 20173 20306 20319 20824 21359 21366 21615 21928 21998 22131 22515 22740 22501 22164 22108 22656 23267 23783 23919 23681 23333 23644 23994 24129 24052 23880 23594 23305 22903 22257 21969 22187 22198 22553
20723 20949 21117 21181 21378 21536 21851 21958 22320 22564 22594 21828 20646 21023 21503 21689 21665 21623 21579 21567 21526 21828 21878 21561 21389 21431 21424 20740 20495 20997 21715 21687 21216 20471 20325 20332 20339 20294 20638 21027 21516 21562 20997 21026 21159 21300 21183 20948 20542 20708 21131 21790 22225 22527 22781 22629 22372 22251 22709 23427 23846 23775 23653 23373 23481 23802 24125 24099 23977 23561 23408 23078 22380 21869 22206 22144 22391
20899 21045 21230 21428 21600 21729 21508 20664 20077 21314 21837 21567 20919 20311 20835 21264 21184 21214 21043 21047 21217 21275 21012 21004 20980 20995 20867 19816 19639 19763 20804 20991 20709 20107 20470 20348 20327 20244 20267 20831 21632 21787 22198 22399 22377 21993 21264 20612 20458 20425 20582 20895 21880 22366 22712 22578 22735 22791 22677 22910 23130 22778 22574 22427 22586 22934 22490 21662 22401 23259 23012 22577 22485 22182 22232 22075 22173
21155 21503 21676 21874 22228 22201 20730 19110 18972 19481 20847 21549 21423 21357 21167 21232 20877 20978 20784 20844 21044 20952 20736 20754 20793 20902 20660 19664 19602 20084 20544 20513 20231 20374 20478 20743 20766 20262 19995 20904 22056 22574 22792 22743 22806 22795 21552 20590 20563 20447 20508 21051 21729 22124 22394 22582 22711 22752 22604 22114 21660 21408 21235 21354 21725 22158 20752 19302 20508 22622 22494 22590 22534 22352 22252 22163 22138
21431 21720 21851 22032 22239 22000 20301 18983 18230 18749 20102 21751 21871 21670 20876 21051 20802 20735 20814 20787 20786 20504 20460 20396 20419 20540 20691 20497 20371 20711 20877 20836 20878 21023 21531 21771 21681 21236 20927 21860 22787 22700 22738 22993 23387 23453 22530 21030 20728 20570 20777 21473 21906 22321 22534 22533 21658 21653 21273 20695 20212 20277 20286 20255 20383 21109 20871 20773 21256 21805 22110 22551 22558 22487 22209 22196 22044
21173 21552 21859 22061 22324 22351 20529 18223 17703 18739 19638 21619 21685 21148 20878 20775 20694 20531 20825 20795 20644 20525 20522 20246 20266 20368 20601 20595 20752 20910 20923 21109 21561 21864 21927 21868 21721 22001 22004 22162 22826 22722 22984 23151 23349 23415 22573 21552 21241 21256 21704 22334 22671 22696 22675 22642 22335 21344 20521 20217 20130 20193 20183 19971 19823 20074 20443 20687 20938 21174 21676 22320 22582 22584 22309 22104 22116
20355 20723 21404 21773 22089 21610 20204 18402 17505 18734 19412 21479 21662 21120 21177 20994 20773 20641 20631 20644 20459 20556 20557 20376 20288 20478 20548 20643 20673 20693 20810 21175 21573 21658 21787 21925 22035 22186 22112 21883 22218 22500 23055 23125 22792 21877 20829 20828 21408 21657 22012 22793 23552 23918 23968 23714 22640 21070 20281 20201 19737 19696 19839 19707 19509 19546 19792 20273 20946 21274 22259 22883 23138 23260 23198 23008 22961
19165 19629 20407 21507 21626 20001 18676 18302 18744 20043 20982 21293 21239 21153 21099 20677 20685 20742 20802 20532 20481 20502 20456 20403 20600 20760 20620 20895 20874 20982 21040 21113 21480 21742 21914 22229 22385 22474 22057 21796 21755 22326 23150 23184 21869 20072 18666 18744 20499 21636 22181 22888 23639 23982 24196 23770 22619 21275 20309 20140 19412 19687 19658 19565 19410 19464 19684 20453 21496 22356 23161 23660 23646 23553 23619 23367 23330
18446 18592 19271 20369 20275 19043 20012 20980 21106 21879 21966 21483 21032 20869 20840 20649 20673 20752 20864 20558 20601 20542 20424 20359 20602 20731 20725 21173 21095 20774 21334 21460 21537 21711 21883 22250 22305 22303 22160 21788 21616 22154 23111 23142 21047 18812 17433 17908 19531 21781 22678 23105 23476 24118 24336 23830 22916 21576 20195 19884 19279 19092 19472 19697 19518 19514 20026 20600 21682 23124 24155 24416 24294 24099 23673 23347 23308
18121 18274 18541 19280 19533 19777 20277 21600 22217 22021 21853 21329 20888 20624 20634 20568 20594 20760 20779 20583 20454 20296 20412 20444 20459 20774 20883 21352 21350 20550 21470 21552 21575 21636 22026 22295 22344 21900 21633 21572 21552 21743 22492 22631 22014 19648 18256 18815 20613 22246 22837 23128 23486 24248 24270 23724 23123 21727 21269 20415 19533 19635 19614 19611 19584 19943 20502 21324 22468 23684 24393 25178 25021 24233 23607 23262 23159
18016 18042 18285 18647 19465 20393 20985 21611 22121 22011 21346 20989 20807 20836 20602 20615 20591 20638 20709 20753 20789 20562 20439 20509 20585 21045 21138 21433 21278 21251 21348 21556 21575 21678 21936 22115 22046 21885 21390 21376 21373 21477 22020 22725 22678 21901 20836 20867 21817 22071 22333 22718 23133 24061 23864 23504 23675 22673 21555 20681 19971 20114 19970 19637 19937 20585 21301 22011 23079 24230 24476 25049 25161 24743 23732 23172 22845
17956 18020 18110 18538 19395 20730 21930 22164 21641 21663 21318 20978 20799 20812 20571 20615 20603 20617 20667 20770 20850 20718 20492 20546 21155 21175 21303 21468 21446 21152 21444 21236 21454 21734 22105 22255 22039 21741 21400 21432 21342 21449 21859 22016 22764 22572 22244 21985 21827 21646 21568 22064 22582 23115 23512 23642 23656 22710 21867 21096 20632 20345 20014 19625 20258 21402 22266 22732 23325 24282 24863 25123 25052 24526 23791 23529 22972
17890 18043 18252 18750 19316 20561 21806 21908 20981 21295 21206 20726 20991 21013 20778 20804 20739 20736 20679 20725 20907 20805 20822 21022 21353 21335 21352 21620 21812 22224 22126 21121 21155 21654 22076 22242 21877 21935 21691 21748 21770 21532 21547 21640 22057 22159 22187 21966 21305 21490 21808 21968 22463 23061 23278 23240 23080 22928 22237 21660 21412 21099 20275 19957 20821 22167 22821 23301 24014 24471 24573 24632 24357 24337 24123 23800 23432
17879 18054 18466 19136 19667 20600 21195 21007 19762 20815 21305 21104 21252 21253 21208 21219 21247 21165 20990 20970 21101 21268 21719 21841 21696 21775 21693 21757 21833 21891 21581 21315 21764 21852 21361 21781 21911 22165 22083 21966 21814 21677 21347 21326 21379 21912 22000 21901 21451 21801 22055 22189 22547 23189 23025 22921 22920 22811 22357 22139 22058 22113 21734 21139 21871 22815 22439 22295 24022 24613 24450 24135 23789 23896 23855 23729 23626
17930 18145 18468 19190 19685 20537 21635 21461 20765 21006 21322 21137 21293 21326 21539 21658 21515 21311 21382 21452 21432 21628 21950 22079 22091 22132 21851 21839 21881 21930 21735 21953 22404 22386 21644 21850 21926 22206 22287 22216 22021 21677 21353 21338 21618 21824 21799 21497 21482 21841 22502 22550 22617 23163 23213 23196 23314 23465 23503 23553 23248 22997 23548 23571 23357 23528 22966 22669 23717 24417 24033 23559 23394 23348 23472 23667 23864
18353 18297 17946 18287 18857 19414 20760 21170 21014 20554 20805 21125 21421 21696 21676 21708 21657 21618 21648 21678 21831 21897 22122 22167 22097 21846 22148 22102 22035 22082 22116 22336 22608 22658 21780 21583 21824 22153 22518 22545 22106 21712 21374 21662 21777 21701 21653 21536 22083 22409 22716 22586 22495 22640 23142 23122 23366 23630 23886 24086 23858 23547 23944 24122 23679 23721 23895 24145 24329 24100 23795 23107 23020 23156 23393 23761 24225
18519 18753 19229 19290 19132 19203 19838 20570 20535 20383 20579 21143 21663 21807 21439 21656 21656 21372 21780 22063 22063 22066 22210 22146 21721 21858 22109 21979 22036 22170 22097 21869 22217 22433 22281 21726 21837 21777 22381 22497 22254 21937 21735 21764 21739 21482 21354 21520 22033 22241 22399 22285 22108 22132 22610 22402 22370 22582 23650 24203 24264 24327 24355 23969 23599 23497 23786 24096 24070 24005 23488 23033 22892 22938 23341 23851 24324
18776 19318 20149 20557 20385 20394 20788 20796 20430 20538 20796 21249 21733 21800 21292 21500 21980 21919 21851 22008 22085 21917 21655 21788 21716 21968 22154 21963 21800 21644 21555 21287 21376 21716 21828 21622 21644 21718 21761 22048 22348 22250 21980 21944 22017 21830 21465 21349 21311 21440 21472 21749 21876 21687 21870 21714 21471 21435 22073 23348 24417 24472 24411 23594 23395 23393 23602 23873 24112 24184 23570 22979 22855 23142 23552 23790 23895
19279 20089 20926 21251 21330 21674 21453 20937 20469 20889 20968 21171 21709 21880 21772 22151 22240 22124 21649 21929 21891 21684 21644 21791 21936 22094 22079 21984 22297 22298 22195 21489 21203 21169 21448 21451 21370 21685 21754 21945 22265 22197 22005 21999 22088 22030 21925 21616 21296 21320 21493 22275 22478 22562 22658 21915 21447 21593 22670 23522 24272 24218 24132 23772 23470 23528 23550 24147 24336 24410 23863 23343 23160 23020 23543 23645 23522
20415 20937 21160 21792 21815 21723 21470 21202 21262 21515 21799 21906 21791 21566 21720 22111 21943 21357 21019 20819 20283 20201 20745 20859 21704 21976 22052 22468 22210 22254 22205 22283 21910 21538 21331 21216 21395 21494 21264 21295 21580 21826 21975 22071 22193 22469 22648 22420 21596 21402 21789 22065 23055 22987 23333 23315 23169 23531 24562 24776 24498 24187 24190 24072 23533 23484 24026 24287 24349 24349 24009 23850 23498 23395 23125 23096 23249
21325 21496 21407 21947 21912 21338 21481 21483 21594 21715 21654 21687 21594 22020 21812 21539 21162 20324 19646 19026 18885 18978 19344 20054 20876 21731 22507 23128 22781 21071 20984 22398 22680 22307 21589 21258 21423 21538 21228 21179 21489 22121 22113 22264 22113 22591 22805 23137 22559 21877 22243 22579 22744 22728 23392 23720 24102 24566 24671 24776 24691 24289 24057 24025 23179 23729 23967 24279 24368 24139 23942 23959 23780 23704 23245 22233 22511
22131 21997 21379 21576 21643 21546 21430 21551 21726 21774 21254 20535 21297 22114 21761 20801 20134 19552 18651 18207 18109 18116 18415 19236 20075 21425 22339 23217 23086 22671 22471 22896 22935 22441 21760 21361 21333 20976 20931 20952 21535 21854 21975 22512 22735 22733 23213 23306 22643 22505 22875 23064 22986 22660 22960 23506 24082 24178 23284 22800 23909 24354 24283 24037 23506 24216 24061 24025 23925 23783 23899 23954 23807 23827 23631 23256 23133
22270 22035 21581 21691 21530 21366 21473 21623 21758 21760 21029 20017 20760 21452 21258 20389 19018 18551 18187 17948 17830 18051 18212 18753 19478 20465 21642 22355 22591 22925 23660 23507 22846 22096 21599 21194 21007 20538 20655 20917 21312 21175 21892 22670 22750 22895 23110 23093 22635 22749 23226 23484 23257 22802 23322 23857 24055 23754 22454 22165 23161 24349 24262 23681 23690 24521 24576 24282 23998 23833 23801 23271 22347 22981 23538 23774 23750
22556 22192 21990 21608 21566 21578 21504 21593 21483 21175 20374 19415 19340 20206 20732 20305 18938 18199 17829 17872 17880 18072 18242 18345 18749 18862 20651 21441 22378 23345 23470 23205 21853 20821 20512 20298 20359 20427 20463 20614 20571 20626 21350 22261 22478 22672 22731 22707 22582 22814 23372 23675 23520 23272 23346 23732 24055 23914 22985 22950 22933 23107 23184 22761 23482 24574 24636 24341 23924 23722 23205 21500 19843 20624 22568 23900 24417
22938 22362 21953 21964 21955 21895 21661 21765 21057 20293 19816 19026 19101 19512 20344 20455 19545 18395 17844 17899 18048 18224 18218 18282 18278 18718 19886 20808 22232 23331 23527 22305 21046 20377 20280 20232 20417 20326 20380 20418 20387 20517 20700 21087 22018 22287 22501 22583 22541 22876 23471 23609 23611 23732 23735 23697 23787 23832 23783 24009 24073 23880 23170 22783 23520 24074 24115 23873 23479 23857 22877 20275 18603 19515 21979 23723 24362
23340 22755 22115 22155 21939 21899 21690 21379 20803 20142 19885 19303 19568 19813 20259 20280 19368 18526 18414 18047 18140 18140 18187 18182 18108 18550 19553 20801 21957 22951 23178 21692 20779 20344 20302 20275 20443 20565 20419 20499 20543 20525 20377 20941 21395 21800 22303 22335 22410 22809 23216 23368 22894 23710 23701 23885 23954 23803 23782 24022 24512 24956 24691 23641 23705 23765 23595 23449 23329 23697 22950 20790 20275 21378 23316 23853 23951
23347 22731 22048 21923 21577 21517 21230 20559 20123 19962 19685 19754 19695 19660 20071 20077 19414 18555 18536 18264 17907 18054 18169 18135 18308 18850 19826 20683 21745 22645 22678 21362 20586 20442 20376 20362 20907 20901 20512 20566 20706 20851 20900 20980 21228 21703 22744 22884 22588 22787 23048 23216 23087 23493 23719 23927 24019 23872 24019 24278 24652 24968 24802 23740 23259 23152 23412 23291 23092 23038 22936 21775 21902 23105 23508 23812 23864
22953 21769 20939 20766 21166 21204 20609 20301 20051 20411 20450 20431 20189 18760 18546 18777 19349 19056 18440 18391 17956 17853 18149 18159 18485 19544 20109 20720 21506 21973 22134 21829 21120 20871 20878 20983 20756 21018 20939 20974 21364 21455 21111 21249 21581 22427 23039 23361 23000 23113 23330 23598 23622 23594 23610 23639 23696 24152 24179 24150 24502 24663 24717 24197 23279 23094 23008 22340 22491 22657 22746 23081 23338 23448 23386 23427 23689
22193 20930 20190 20411 20687 21212 21226 20990 21014 21960 22106 22014 21338 19284 18784 18729 19036 18818 18135 17794 18089 18496 18506 17855 17662 19140 19848 21191 21961 22379 22423 22390 22174 21952 22216 21659 20913 21548 21442 21503 21636 21578 21418 21448 21733 22498 23294 23523 23078 23496 23634 23715 23668 23514 23527 23622 23894 24114 24040 23949 24257 24514 24572 24041 23003 22617 22257 21964 22185 22632 22568 22869 23257 23297 23097 23194 23356
