Alternative/Moon/Lvl0_30x30/Ele_EF.asc
ncols         335
nrows         335
xllcorner     -3292508.343
yllcorner     -6727166.958
cellsize      10000
nodata_value  -9999.0
[rows 102 to 135 of 335, columns 77 to 153 of 335]
18870 19764 19943 19617 19823 19842 19736 19345 19180 18947 18721 17900 17651 17602 17628 17637 17895 18186 18521 19019 19201 19206 19024 18961 19065 19363 19359 19301 19000 18830 18656 18507 18214 17462 16487 15866 15444 15392 15436 15438 15413 15813 16473 16396 16058 15443 14837 13633 13459 13653 13857 14232 14935 15089 15103 14051 13437 14080 15206 15576 15587 14852 14698 14682 14994 15236 15503 16467 17963 18727 18618 18423 18444 18463 18579 18819 18782
17369 18166 19519 19606 19489 19743 19476 19192 19074 18749 18409 17909 17668 17667 17659 17721 18172 18375 19071 19328 19397 19205 19066 18932 18915 19109 19468 19539 19677 19156 19186 19157 18846 18253 17292 16409 15543 15438 15358 15604 15767 16430 16611 16572 16374 15753 15395 14973 14067 13852 14269 15007 15196 14601 12059 10675 10085 11118 13363 15239 15734 15445 14730 14140 15058 15361 16049 17134 18026 18695 18624 18532 18508 18448 18641 18578 18547
17896 17961 18943 18854 18739 18825 18781 18668 18539 18346 18071 17638 17678 17668 17681 17728 18058 18356 18935 19434 19474 19522 19157 19182 19204 19129 19417 19516 19748 19781 19568 19302 19002 18547 17560 16516 15750 15585 15978 17002 16982 16578 16269 15070 14812 14333 15255 15194 14760 14055 14597 15547 15381 13100 10519 9863 9624 9820 11504 13732 15601 15593 15195 14751 14998 15676 16108 16845 18040 18818 18780 18637 18619 18438 18358 18469 18620
18405 18327 18248 18389 18286 18070 18230 18096 18289 18248 17895 17716 17712 17697 17709 17734 18050 18284 18585 19293 19336 19299 19237 19285 19293 19156 19228 19539 19694 19682 19611 19391 19275 18683 18023 16904 16290 15877 16930 17235 16965 15997 14540 13351 13468 13725 14206 14698 14717 14370 14825 15813 15625 12613 10779 10066 9905 9970 11267 13109 14923 15575 15209 15128 15163 15957 16595 17122 18468 18957 18759 18614 18546 18575 18580 18533 18589
17932 17948 17657 17812 17983 18040 18004 18037 18111 18072 17961 17789 17720 17733 17734 17732 17926 18234 18325 18332 18304 18448 18600 19172 19169 18960 19119 19359 19471 19561 19605 19525 19343 19088 18330 17501 17287 16939 17478 17108 16853 15676 14298 13227 12873 13234 13303 13410 14364 14705 14923 15903 16120 14492 12293 11349 11410 11487 12259 14075 15423 15405 14951 15185 15778 16514 17410 18138 18775 19008 18905 18587 18580 18580 18594 18613 18519
17688 17707 17616 17721 17825 17853 18019 18033 18033 18086 18080 17945 17712 17773 17757 17853 17923 18097 18270 18345 18393 18243 18231 18181 18247 18408 18814 19285 19372 19522 19603 19663 19474 19276 18632 18189 17984 18316 18324 17343 16685 15727 14416 13376 12889 13133 12976 13901 14986 15364 15183 15496 16138 16035 14532 13412 13238 12981 14354 15419 15473 15172 14802 15609 16518 17320 17854 18391 18806 18885 18908 18582 18575 18577 18607 18611 18547
17593 17566 17632 17726 17704 17752 17900 18024 18040 18096 18126 18034 17819 17743 17723 17829 17891 17950 18075 18246 18386 18329 18159 18126 18125 18347 18467 18837 18990 19333 19451 19436 19416 19271 18675 18605 18596 18877 19132 18461 17261 15998 15238 14323 13665 13318 13763 14933 15766 15888 15458 15160 15614 16051 16133 15955 15983 15815 15680 15541 15178 14737 15555 16526 17449 17986 18191 18925 19206 18977 18981 18798 18768 18653 18640 18689 18291
17564 17613 17694 17709 17734 17924 17898 17833 17994 18053 18167 18262 17964 17935 17722 17709 17794 17918 18046 18417 18483 18381 18277 18176 18171 18384 18517 18652 18803 19192 19270 19069 19404 19033 18595 18597 18889 19190 19676 19428 18371 16798 16135 15204 14708 14510 15262 16174 16754 16705 16019 15764 15729 16217 16384 16239 16021 15745 15486 15098 14988 15353 16303 17167 17703 18199 18185 18646 19201 19033 19146 19054 18936 18757 19061 19037 17891
17574 17651 17728 17699 17733 17827 17931 17969 17965 17990 18090 18162 18109 17886 17821 17795 17850 17858 18019 18533 18577 18367 18611 18579 18520 18585 18640 18587 18689 19013 19326 19459 19393 19083 19215 19319 19216 19270 19688 19839 19609 18294 17478 16298 16512 16581 17000 17610 17925 18180 18167 17621 17367 17171 17395 17468 17152 16238 15533 15380 15395 16080 16844 17469 17957 18481 19011 19179 19160 18950 19024 19050 18831 18835 19228 18947 17830
17631 17745 17843 17855 18160 18148 18254 18456 18430 18450 18717 18719 18650 18363 17921 17960 18067 18189 18322 18543 18659 18657 18648 18734 18836 18921 18798 18859 18856 19032 19222 19385 19402 19425 19836 19746 19561 19592 19808 19793 19620 19418 19174 18092 18121 18688 19152 19340 19197 19096 18616 17854 17247 16754 17441 17816 18267 17967 17070 16647 16798 17160 18064 18627 18955 18906 19059 19019 18961 18823 18805 18808 18818 18965 19355 18409 17849
17812 17876 17971 18158 18336 17983 17654 18576 18970 19016 19190 19061 18831 18269 18111 18108 18397 18493 18482 18615 18617 18623 18780 18880 19000 19076 19028 18941 19123 19132 19344 19589 19602 19713 19812 19559 20205 20117 19984 20039 19776 19666 19423 19659 19743 20353 20322 20295 20142 19088 17939 16428 15308 14776 15384 16991 18433 19029 18621 18544 19041 19295 19362 19447 19471 19232 19222 19098 19095 18861 18851 18861 18893 19382 19637 19026 17907
17914 18014 18017 18174 18392 17921 17677 18237 19303 19370 19406 19279 18851 18525 17967 18090 18402 18743 18799 18830 18833 18777 18782 18797 18807 18891 19020 18928 19219 19193 19462 19682 18697 19247 19795 19703 20172 20052 20171 20077 19996 20206 19514 19661 20373 20675 20740 20714 20359 18818 17378 15940 15045 14581 14702 16123 18153 19856 20004 19905 20176 20131 19883 19667 19527 19285 19259 19143 19111 18959 19000 19121 19280 19559 19712 19605 18756
18178 18148 18142 18061 18417 18420 18378 19033 19202 19308 19484 19446 18963 18563 17982 17910 18188 18595 18926 19489 19462 19155 18864 18807 18796 18960 19065 19306 19304 19120 19211 19355 18954 19258 19488 19492 19773 20040 20186 20329 20439 20497 20180 20090 20431 20638 20704 20747 19984 18486 17361 15987 15056 14601 15028 16519 18267 19832 20294 20471 20243 20120 19733 19555 19166 19162 19152 19206 19273 19563 19885 20007 19742 19546 19574 19671 19698
18546 18444 18218 17889 17951 17975 17972 18259 18455 18679 18865 19019 18575 18427 18049 17849 17882 17928 18655 19464 19434 19192 18944 18892 18960 19190 18505 19397 19412 19248 19264 19293 19280 19364 19236 19220 19361 19789 20152 20302 20327 20497 20348 20193 20191 20567 20673 20721 19897 18679 17559 16641 15693 15482 15915 17247 18798 19999 20640 20440 20079 19626 19404 19304 19058 19024 19087 19262 19362 19633 19949 20093 19866 19708 19771 19850 20135
18789 18638 18517 17985 17870 17781 17784 17811 17932 18040 17947 17955 18213 18123 17854 17807 17833 17796 17830 18099 18204 19144 19796 19419 18706 19898 19701 19195 19270 18501 18477 18951 18849 18936 19299 19313 19220 19422 19745 19895 19932 19999 20071 20178 20068 20295 20386 20491 20189 19675 18367 17478 17239 17492 17847 18455 19429 19796 19974 20147 19893 19386 19130 19208 19077 19111 19226 19383 19405 19582 19720 19916 19784 19727 19912 19997 20343
19110 19162 18719 18100 17884 17929 17899 17830 17898 18027 17980 18194 17957 17881 17983 18228 18040 17770 17823 17891 18174 19450 19820 19278 18515 19982 20207 20101 18993 18355 18340 19012 19348 18976 19232 19277 19132 19339 19663 19761 19427 19313 20101 20259 20098 20316 20386 20483 20268 20038 18943 18345 18683 19177 19546 19898 20075 19793 19198 19636 19588 19144 19089 19113 19117 19182 19287 19362 19373 19338 19397 19587 19684 19757 19938 20146 20182
19098 19126 18782 18099 17879 17850 17872 18025 18239 18219 18089 17972 17988 18051 18060 18070 18345 18298 17899 18111 18581 19428 19804 18671 18379 19642 20688 20580 19597 18764 19121 19724 19676 19427 19356 19206 19009 18904 18927 19145 19086 19271 19936 20078 20298 20429 20352 20345 20406 20117 19848 19941 20018 20711 20809 20650 20471 19797 19298 19408 19295 19120 18964 19228 19164 19135 19078 19014 18863 18922 18905 19125 19351 19526 20045 20299 20305
19386 19041 18555 18169 18040 18025 18163 18068 18258 18270 18082 18226 18196 18096 18018 18204 18330 18662 18601 18839 19469 19660 19115 19062 19630 20364 20791 20723 20637 20618 20166 19984 19829 19955 19956 19859 19455 19182 19103 19207 19433 19876 19996 20149 20096 20035 20357 20259 20217 19745 19759 19812 19068 20278 20583 20252 20074 19627 19218 18868 18905 18875 18891 19193 19075 19027 18911 18796 18805 18812 18835 18899 19028 19320 19737 20300 20351
19597 19421 18660 18214 18009 18096 18252 18175 18313 18397 18530 18527 18284 18346 18271 19051 18931 19820 19852 19865 20268 20688 20290 19756 20596 20717 20520 20923 21038 21158 20613 20176 20027 20280 20446 20326 19996 19874 19578 19601 19851 20104 20103 20231 20398 20467 20202 20006 20120 20108 20226 20108 19287 20217 20408 19797 19451 18848 18835 18793 18776 18782 19060 19091 18865 18976 18904 18829 18825 18834 18850 18875 18913 18980 19384 19757 20185
19655 19708 19448 18814 18236 18324 18318 18549 18735 18794 18853 18731 18658 18667 18872 19314 19847 20083 19869 20103 20722 20924 20346 19463 20518 20497 19793 20712 21035 21107 20653 20527 20457 20246 20333 20280 20051 19922 19779 19651 20055 20247 20236 20199 20416 20540 19956 19701 20539 20604 20255 20098 19860 20358 20266 19546 19081 18949 18894 18863 18859 18850 19002 18966 19115 19108 18882 18857 18872 18890 18893 18911 18980 18971 19089 19473 19898
19844 19865 19937 19720 19226 18833 18916 18254 18440 19020 19005 19010 19130 19196 19218 19487 20050 20287 19161 20188 20886 21257 21137 20501 20350 20389 20067 20380 20689 20785 20711 20841 20615 20371 20215 20273 20118 20076 20071 19826 19925 20138 20332 20316 20427 20696 20278 20669 20948 20988 20288 19512 19918 20643 20722 19979 19695 19545 19391 19253 19139 19004 18990 19093 19058 19077 18929 18914 18968 18973 18975 18956 18970 19007 19024 19087 19201
20061 20113 20325 20407 19604 19741 19684 19245 18936 19116 18985 19232 19404 19714 19753 19794 20032 20484 20721 20861 20911 21188 21092 20669 20220 20203 19595 20203 20753 20744 20779 21179 20863 20476 19810 20140 20431 20687 20438 20025 19783 20033 20299 20395 20481 20637 21019 21347 21621 21633 20828 19898 20008 20215 19676 18784 19622 20332 20449 20050 19746 19530 19715 19780 19493 19071 19075 19071 19092 19181 19064 19006 19006 19019 19050 19057 19140
20199 20391 20652 20642 20601 20753 20546 20395 19965 19468 19175 19195 19054 19539 19612 19654 20020 20454 20508 20442 20325 20511 20626 19942 19935 19861 19375 20366 20647 20597 20945 20734 19210 17822 17002 18347 19913 21236 21163 20471 20395 20370 20193 20036 20398 20807 21120 21536 21747 21413 19984 19024 18561 17958 17561 17459 17984 19842 20797 21016 20830 20597 20394 20126 19599 19328 19308 19215 19252 19234 19036 19033 19046 19052 19058 19084 19159
20545 20665 20852 20903 21147 21139 21007 21037 20504 20060 19234 19012 18307 19047 19039 19540 19901 20455 20504 20361 20056 19936 20171 20087 19974 19649 19527 20181 20252 20287 20457 19437 18049 16487 16414 18026 19667 21449 21535 20796 20662 20451 20205 20042 20304 20725 21050 21511 21407 20163 18767 18022 17174 16235 16230 16447 16706 18101 20317 21094 21365 21278 20765 20070 19569 19424 19432 19260 19300 19220 19225 19074 19086 19098 19075 19071 19166
20745 20881 21005 20766 21324 21261 21200 21155 20711 19798 18492 18605 18540 18551 18409 18792 19066 19552 19688 19768 19700 19542 19155 19302 19354 19681 19775 20000 19920 19606 20077 19106 17578 16594 17406 18874 20307 21582 21658 20958 20822 20612 20296 19957 20118 20613 21131 21207 20031 18407 17116 16457 15658 15088 15030 15460 15977 16728 18100 20337 21435 21496 20958 20508 20303 19912 19575 19220 19201 19202 19058 19090 19135 19107 19150 19297 19453
20969 21172 21477 21584 21291 21283 21278 21081 20090 18453 16822 18216 18771 18442 18057 18004 18267 18556 18569 18438 18387 18344 17779 17800 17949 18805 19092 19189 19269 19227 19437 19323 18960 18889 19303 20648 21523 21624 21263 20746 20481 20246 20261 20000 20116 20808 21354 20627 18912 17765 16215 15337 14998 14734 14850 14888 15453 16724 17621 19199 21287 21542 21183 20665 20548 20272 19893 19594 19305 19192 19132 19326 19402 19599 19630 19992 20085
21465 21501 21397 21365 21466 21085 20848 20375 18954 17925 17730 18406 18688 18389 17748 17227 16991 17273 17131 16708 16555 16351 16281 16515 16706 17322 17281 17961 18370 18346 18377 18854 18892 19361 20124 21039 21544 21398 20523 20097 20029 20175 20296 20241 20222 20735 21171 20317 18436 17510 16371 15346 14968 14947 14823 14762 14919 16132 17399 18844 20714 21869 21412 20545 20417 20188 20164 19949 19936 19851 19997 20303 20522 20633 20655 20548 20458
21413 21184 21413 21117 21288 20906 20394 19870 18441 17650 17787 17928 17610 17520 17202 16572 16372 16101 15698 15640 15660 15610 15613 15593 15708 16199 16364 17184 17697 17827 17522 17690 18303 18763 19035 19478 20240 20398 20483 20370 20139 20625 20724 20589 20524 20585 21093 20604 18755 17423 16448 15350 15035 14991 15085 14944 15038 15882 17322 18730 20412 21847 21368 20635 20574 20196 20093 20090 20301 20415 20530 20776 20963 21072 20808 20573 20416
21055 21132 21240 20961 20823 20482 19605 18790 18097 17545 17200 16447 16389 16476 16231 15728 15567 15369 15344 15309 15307 15305 15341 15609 15446 15400 15535 15846 16100 16658 16983 17299 17503 17360 17607 18266 18851 20050 21024 21071 20772 20924 21097 20956 20710 20996 21265 20590 18793 17947 17326 16349 15732 15887 16088 15397 15318 16512 17455 18959 20667 21424 20987 20753 20523 20307 20229 20295 20498 20543 20715 20952 20992 20944 20803 20638 20328
21510 21410 20912 20268 19587 19330 18356 17544 16904 16214 16032 15853 15805 15691 15764 15703 15496 15324 15293 15290 15279 15267 15276 15299 15318 15336 15328 15440 15657 15714 16063 16735 17083 16673 16418 17481 18087 19197 20466 20915 21019 21185 21264 20955 20674 21041 21284 20763 19250 18109 17901 17088 16467 16685 16705 16410 16322 17133 18578 20537 21242 21189 20827 20635 20454 20409 20408 20482 20562 20797 20900 21019 20997 20762 20577 20143 20006
21606 21200 20303 19355 18433 17878 17188 16604 16054 15770 15703 15605 15671 15709 15657 15644 15274 15317 15299 15289 15383 15267 15284 15410 15453 15498 15554 15615 15722 15719 15802 16051 16395 16485 16518 17213 17470 18142 19256 20042 20579 21107 21041 20857 20708 20838 21020 21146 21013 20156 19315 19244 18750 17956 17490 17362 17688 18668 20469 21318 21326 20986 20811 20484 20330 20235 20393 20478 20639 20617 20942 20954 20885 20471 19600 19480 19509
21002 20729 19557 18704 17681 16996 16296 15752 15591 15622 15483 15515 15429 15490 15412 15304 15256 15311 15404 15283 15377 15334 15322 15605 15596 15663 15872 15941 16103 16107 15993 15740 15970 16177 16468 16714 17149 17776 18486 19483 19872 20133 20071 20686 20712 20698 20837 20988 20975 21112 21242 21188 20957 20513 20303 20050 20193 20839 21139 21313 21110 20939 20777 20484 20360 20258 20397 20478 20728 20668 20886 20702 20041 19066 17763 17941 18147
19972 19343 18282 17354 16481 15808 15641 15588 15508 15445 15430 15406 15410 15384 15394 15352 15300 15330 15473 15398 15343 15469 15371 15666 15621 15650 15963 15843 15880 15821 15958 15945 16001 16051 16380 16673 16798 17259 17367 17778 18909 20230 20608 20532 20307 20302 20300 20543 20635 20885 20985 20987 20822 20762 21065 21254 21305 21227 20938 20798 20753 20610 20640 20441 20468 20482 20548 20622 20556 20598 20488 19220 18275 17234 16819 16442 16452
19024 18435 17484 16511 15744 15655 15593 15572 15533 15409 15423 15425 15379 15368 15377 15395 15460 15436 15332 15425 15430 15443 15470 15578 15954 15903 16267 16363 15957 15791 16211 16199 16233 16607 16626 16678 16863 17103 17424 17925 19036 20097 20668 20373 20045 20064 20170 20226 20269 20348 20469 19920 19688 20286 20173 20431 20516 20514 20523 20436 20262 20318 20440 20493 20592 20588 20600 20642 20396 19962 19364 18150 17174 16205 15769 15557 15586
