Alternative/Moon/Lvl0_30x30/Ele_BG.asc
ncols         335
nrows         335
xllcorner     57491.657
yllcorner     3322833.042
cellsize      10000
nodata_value  -9999.0
[rows 136 to 169 of 335, columns 231 to 307 of 335]
16809 16309 16651 16656 14922 14053 15253 15917 15611 15213 15274 15335 15379 15385 15446 15449 15381 15124 15211 15342 15578 16106 16140 15942 15994 15958 16005 16147 16333 16559 16584 16563 16329 16336 16910 16990 17069 16977 16804 16542 16211 16287 16291 16437 16337 16335 16502 16894 17035 17163 17068 16708 16167 16061 16064 16107 16107 16146 16079 16029 16117 16104 16099 16076 16149 16201 16212 16367 16676 16566 16325 17271 17356 17324 17365 16623 16342
16406 16322 16294 16445 16313 16044 16056 15874 15433 15202 15478 15559 15764 15566 15575 15498 15456 15475 15507 15779 16020 16497 16817 16800 16609 16438 16323 16195 16286 16393 16625 16776 16700 16803 16685 16517 16916 16778 16523 16525 16450 16370 16590 16597 16614 16788 17172 17440 17594 17755 17687 17627 16970 16264 16260 16402 16555 16545 16407 16286 16208 16185 16142 16130 16124 16143 16188 16348 16290 16336 16359 16362 16379 16393 16411 16429 16442
16368 16156 16094 16125 16045 16050 15978 15703 15716 15564 15654 15808 15714 15905 15836 15706 15674 15726 16072 16195 16110 16567 16763 16689 16483 16455 16459 16651 16901 16874 17667 18091 18190 18062 18060 18159 18166 17714 17481 17799 17884 17969 17516 16968 16844 16991 17164 17083 17104 17380 17470 17430 16960 16888 16866 16649 16618 16601 16427 16212 16125 16080 16196 16250 16303 16366 16345 16377 16393 16409 16431 16459 16453 16464 16470 16478 16477
15955 15942 15858 15796 15861 15972 15948 15649 15649 15729 15802 15684 15760 15915 16145 16291 16081 15819 15942 15968 16136 16135 16230 16284 16185 16249 16361 16476 17204 18266 18417 18222 18403 18537 18563 18336 18115 17686 17627 17827 17589 18348 18273 17712 16924 17014 17095 17069 17041 17055 16999 16696 16949 17074 17087 16799 16332 16172 16251 16258 16353 16284 16280 16394 16495 16555 16596 16617 16514 16431 16463 16513 16500 16497 16495 16496 16510
16058 15913 15895 15817 15835 15811 15806 15784 15741 15826 16024 16311 16215 15916 16109 16317 16027 15965 16008 16076 16040 16100 15973 16113 16007 15981 15913 15974 16616 17650 18036 17910 17579 17547 17463 17202 17053 16949 16608 16869 17205 17341 17323 17047 16804 16974 17106 17089 17031 16966 16929 16578 16684 17024 17089 16847 16278 16226 16244 16274 16332 16325 16344 16407 16522 16642 16654 16660 16660 16626 16470 16490 16490 16505 16506 16515 16526
16299 15954 15999 15967 16213 16147 15969 16015 16148 16222 16243 16385 16350 16122 16194 16210 16504 17130 16611 15961 16013 16062 15819 15877 15792 15776 15821 15801 15799 16081 16112 15656 15469 15500 15790 15864 15962 15978 16043 16246 16404 16627 16770 16515 16520 16865 16891 16933 16794 16553 16395 16175 16621 17120 17035 16215 16209 16234 16244 16271 16284 16322 16358 16396 16512 16629 16671 16722 16779 16815 16718 16499 16496 16497 16534 16558 16579
16452 16071 16132 16095 16400 16286 16157 16288 16447 16371 16301 16209 16403 16237 16345 16421 16754 16906 16297 15961 15926 16110 16124 15991 15692 15618 15673 15661 15590 15574 15442 15311 15452 15511 15475 15615 15835 15919 15857 15784 15678 16140 16353 16453 16270 16137 16210 16322 16232 16260 16244 16023 16501 16529 16392 16217 16176 16167 16199 16234 16277 16321 16364 16397 16474 16576 16621 16744 16882 16918 16854 16714 16591 16550 16577 16617 16530
16392 16246 16233 16216 16223 16437 16629 16496 16476 16484 16416 16390 16455 16444 16462 16418 16582 16518 16270 16061 16005 15866 15842 15826 15754 15686 15556 15517 15492 15396 15654 15789 15972 15892 15747 15721 15884 16637 16756 16181 15828 15607 15810 15835 15881 15989 16059 16106 15896 15884 15931 15952 15976 15999 16018 16066 16086 16068 16109 16137 16204 16276 16314 16340 16439 16549 16636 16776 16880 16925 16900 16814 16721 16658 16612 16610 16651
16490 16365 16292 16237 16361 16470 16560 16422 16466 16520 16630 16569 16442 16462 16449 16438 16521 16403 16164 16014 15977 15868 15662 15619 15494 15403 15592 15560 15609 15578 15674 15845 16407 16267 15540 15552 15681 16135 16415 16185 15875 15453 15439 15379 15507 15815 15857 15710 15766 15766 15807 15819 15844 15882 15918 15968 15964 15991 16014 16136 16152 16173 16204 16257 16366 16477 16640 16794 16869 16906 16901 16853 16765 16745 16651 16633 16614
16514 16354 16472 16577 16504 16392 16505 16634 16711 16743 16813 16696 16738 16640 16524 16456 16241 15953 15790 15794 15863 15954 15883 15977 15527 15660 15813 16247 16131 15644 15715 15725 15528 15488 15468 15352 15354 15411 15508 15107 15203 15239 15267 15312 15387 15475 15548 15606 15653 15679 15696 15716 15738 15766 15813 15833 15847 15885 15942 16099 16053 16072 16108 16196 16339 16592 16670 16748 16848 16882 16873 16834 16818 16774 16709 16674 16638
16658 16506 16622 16684 16629 16592 16765 16916 17053 17036 16979 17049 17072 17048 16772 16492 16102 15829 15831 15804 15795 15772 16012 16008 16010 15929 15780 16095 16088 15729 15577 15643 15505 15550 15618 15435 15378 15400 15095 15132 15229 15259 15306 15351 15439 15474 15523 15573 15613 15637 15649 15683 15710 15771 15844 15882 15881 15888 15896 15951 15982 16034 16077 16165 16331 16606 16673 16708 16813 16837 16840 16838 16831 16793 16720 16683 16645
16834 16556 16695 16755 16671 16749 16803 17002 17213 17415 17575 17255 17091 17178 16977 16703 16594 16442 16193 16045 16154 15952 16007 16032 16137 16155 16225 16224 16138 16009 15672 15571 15452 15693 15640 15363 15430 15385 15390 15369 15323 15314 15379 15432 15515 15571 15573 15603 15640 15688 15706 15723 15769 15794 15802 15851 15852 15872 15920 15928 15956 15999 16036 16084 16198 16524 16775 16797 16736 16786 16822 16819 16827 16814 16750 16722 16664
16945 16612 16638 16696 16697 16839 17004 17231 17403 17534 17615 17300 17166 17110 16960 16796 16824 16870 16702 16487 16579 16519 16740 16742 16528 16436 16383 16372 16391 16075 15747 15672 15310 15417 15234 15206 15272 15569 15607 15680 15708 15445 15424 15507 15561 15619 15626 15673 15715 15758 15777 15821 15826 15824 15810 15819 15833 15869 15883 15925 15969 15992 16009 16085 16185 16455 16756 16801 16731 16780 16814 16823 16818 16828 16784 16724 16684
17328 17230 17084 17070 16985 16954 17080 17101 17199 17243 17268 17263 17472 17615 17512 17335 17483 17415 17287 17007 16892 17072 17043 16915 17007 17089 17304 17362 17149 15828 15442 15169 15330 15558 15407 15274 15244 15457 15707 15924 16407 16194 15764 15755 15722 15633 15648 15732 15777 15880 15880 15853 15912 15917 15894 15897 15934 15947 15940 15954 15982 16028 16051 16038 16153 16499 16664 16722 16726 16755 16772 16836 16887 16863 16783 16670 16682
17821 17745 17656 17323 17297 17220 17069 17081 17203 17259 17373 17503 17640 17830 17875 17897 17831 17550 17426 17497 17327 17270 17292 17403 17430 17243 17341 17334 17020 15696 15033 15159 15294 15401 15479 15490 15306 15340 15641 15834 15781 15695 15671 15840 16023 15680 15703 15765 15821 15877 15908 15920 15952 15963 15968 15961 15967 15963 15970 16009 16052 16071 16105 16124 16119 16409 16493 16678 16726 16791 16816 16826 16867 16886 16797 16784 16701
18020 17878 17790 17761 17664 17500 17531 17471 17423 17540 17643 17706 17858 18025 18156 18255 18075 17871 17866 17859 17921 17985 17844 17609 17577 17295 17092 16849 16319 15887 15245 15253 15285 15331 15360 15358 15420 15467 15583 15683 15638 15700 15775 15693 15725 15695 15712 15754 15813 15882 15933 15970 15992 16024 16056 16079 16054 16026 16044 16073 16089 16149 16181 16159 16201 16366 16531 16644 16721 16784 16803 16793 16893 16924 16900 16808 16765
18432 18309 18108 18843 18692 18436 18320 17911 17525 17746 17762 17817 17992 18049 18155 18218 18101 18054 18071 18088 18064 18020 17996 17958 17879 17803 17649 17058 16329 15897 15265 15314 15360 15365 15380 15403 15480 15552 15577 15597 15605 15617 15625 15634 15683 15707 15744 15766 15849 15912 15930 15975 16040 16083 16142 16148 16102 16094 16120 16104 16136 16155 16252 16258 16290 16288 16432 16785 16770 16788 16792 16858 16908 16886 16881 16865 16872
17815 17839 18289 19215 19272 19143 18953 18619 17882 18040 18157 18189 18359 18415 18381 18214 18170 18056 18072 18037 18062 18022 18038 18122 18110 17946 17774 16938 16054 15469 15392 15391 15394 15402 15438 15460 15499 15532 15613 15647 15627 15646 15645 15664 15682 15725 15743 15801 15845 15879 15922 15956 16050 16073 16154 16120 16095 16116 16132 16143 16137 16141 16146 16217 16257 16350 16288 16746 16838 16881 16854 16891 16976 16934 16932 17020 17026
17635 17650 17686 18246 18769 19007 18697 18394 18221 18305 18405 18488 18457 18438 18386 18264 18159 18149 18131 18135 18032 18002 17733 17637 17504 17369 16968 16279 15546 15326 15365 15450 15453 15448 15465 15478 15517 15560 15623 15648 15665 15670 15688 15699 15709 15739 15779 15831 15852 15886 15903 15953 15982 16055 16088 16122 16160 16168 16215 16200 16232 16217 16188 16216 16212 16317 16329 16408 16599 16801 16953 16977 16971 17027 17089 17139 17111
17417 17606 17870 18219 18357 18333 18339 18344 18302 18426 18290 18311 18180 18177 18122 18083 18091 18073 18229 18243 17863 17889 17538 17377 17149 16892 16600 16110 15711 15464 15440 15489 15515 15522 15511 15515 15556 15590 15645 15674 15689 15699 15706 15701 15726 15779 15797 15843 15876 15911 15947 15979 16020 16053 16106 16147 16177 16257 16254 16235 16317 16330 16295 16253 16285 16311 16374 16429 16546 16793 17070 17118 17070 17354 17351 17300 17345
17958 18081 18507 19139 19293 18510 18522 18490 18222 18124 18083 18328 18335 17935 17862 17893 17827 17701 17719 17692 17728 17620 17482 17434 17371 17162 16776 16344 15674 15413 15468 15518 15560 15551 15542 15549 15602 15623 15650 15664 15680 15712 15726 15707 15738 15781 15810 15867 15916 15954 15981 16005 16022 16049 16089 16144 16204 16275 16311 16305 16331 16349 16311 16281 16324 16332 16381 16377 16472 16801 17108 17198 17352 17528 17582 17668 17669
18054 18465 18752 19383 19408 19297 18946 18640 18226 17991 18057 18196 18239 17999 17893 17876 17668 17514 17604 17738 17787 17663 17530 17420 17231 17068 16782 16465 15831 15480 15502 15559 15598 15590 15568 15617 15624 15617 15634 15653 15678 15677 15692 15732 15767 15816 15830 15874 15922 15918 15951 15997 16059 16088 16091 16148 16210 16270 16350 16376 16424 16388 16381 16387 16382 16397 16436 16463 16701 16886 17097 17371 17581 17773 17812 17777 17955
18548 18602 18899 19250 19406 19456 18961 18550 18192 18413 18408 18191 18271 18108 17957 17788 17487 17324 17500 17597 17573 17571 17589 17618 17502 17290 16886 16318 15759 15618 15481 15521 15568 15569 15605 15621 15644 15653 15704 15702 15695 15694 15719 15749 15804 15831 15864 15915 15934 15953 15984 16021 16055 16071 16098 16114 16170 16252 16280 16324 16321 16368 16375 16433 16445 16435 16611 16587 16757 17024 17461 18101 18263 18365 18402 18525 18618
19442 19928 19981 19869 19637 19411 19084 18910 18614 18566 18476 18125 17990 17882 17708 17700 17600 17666 17639 17490 17565 17581 17806 17666 17509 17302 16982 16462 15817 15551 15467 15504 15576 15587 15612 15626 15638 15657 15758 15778 15748 15746 15750 15807 15879 15886 15912 15929 15940 15961 15989 16010 16031 16046 16076 16095 16171 16247 16268 16291 16330 16353 16385 16418 16543 16560 16704 17002 17308 17437 18178 18542 19106 19288 19160 18895 18637
19505 19939 20060 19960 19777 19565 19319 19189 19059 18766 18560 18473 18164 18146 18065 17905 17778 17876 17842 17709 17625 17780 17835 17764 17562 16965 16494 16327 15878 15587 15518 15574 15616 15638 15641 15649 15689 15706 15712 15728 15736 15752 15792 15846 15939 15954 16000 15988 15991 15981 15992 16016 16015 16057 16071 16105 16151 16244 16258 16244 16285 16347 16355 16385 16519 16618 16766 17240 17529 17834 18906 19209 18840 18977 18358 17261 16266
19215 19408 19777 19894 19923 19774 19451 19517 19441 19294 19259 19096 19021 19038 18721 18392 18265 18302 18321 18173 17947 18039 18119 17884 17678 17137 16686 16313 15904 15655 15619 15617 15644 15692 15710 15728 15707 15699 15719 15741 15746 15780 15813 15893 15935 16016 16050 16057 16044 16036 16011 16013 16044 16087 16093 16141 16139 16145 16234 16211 16264 16408 16440 16451 16542 16660 16894 17457 18156 18349 18630 18462 17534 16098 15315 14964 14882
19212 19289 19468 19566 19772 19765 19590 19559 19451 19271 19142 19099 19034 18977 18641 18198 17975 18160 18249 18016 17797 17975 18133 17781 17534 16999 16887 16646 16188 15632 15632 15655 15699 15749 15789 15812 15763 15721 15718 15737 15757 15798 15831 15867 15914 16026 16055 16061 16046 16028 16007 16011 16034 16094 16134 16159 16122 16116 16109 16193 16264 16415 16467 16514 16525 16729 17243 17941 18339 18248 16570 16094 15417 14450 14194 13573 13174
18753 18804 18825 18914 19151 19377 19177 19183 19126 19121 18942 18695 18480 18427 18209 18039 17849 17743 17794 17777 17484 17551 17480 17306 17196 17027 16848 16710 16420 16016 15652 15665 15707 15742 15788 15783 15782 15741 15749 15756 15779 15809 15827 15863 15897 15951 15975 15994 16005 15993 15973 16023 16035 16075 16058 16118 16146 16137 16192 16207 16283 16443 16422 16614 16674 17066 17558 18164 17796 16327 15597 15291 14903 13936 12748 12548 12638
18073 18668 18802 18714 18393 18528 18786 18785 18805 18840 18635 18220 18016 17774 17575 17514 17496 17613 17622 17489 17361 17309 17287 17267 17223 17106 16828 16580 16268 16005 15800 15698 15710 15742 15747 15756 15746 15737 15767 15779 15795 15827 15832 15852 15876 15911 15951 16006 16029 15965 15961 15967 15981 16062 16101 16128 16145 16153 16148 16129 16174 16409 16539 16695 16724 17102 17572 17945 16504 16144 15647 15148 14511 13663 12408 12548 13728
17453 18055 18341 18404 18083 17990 18090 18119 18261 18338 18347 18120 17827 17838 17649 17599 17455 17546 17685 17561 17450 17411 17436 17350 17225 17109 16859 16626 16227 15850 15693 15729 15730 15742 15746 15732 15738 15743 15775 15804 15807 15841 15849 15842 15847 15869 15924 15920 15943 15937 15942 15982 16006 16040 16080 16117 16142 16135 16137 16240 16337 16416 16463 16663 16762 17319 17670 17938 16542 16207 15679 14952 14053 13501 12508 13113 13874
17033 16797 17284 17401 17381 17379 17521 17555 17650 17593 17476 17659 17744 17831 17991 18100 17685 17423 17467 17444 17685 17713 17492 17202 17085 17027 16823 16573 16018 15799 15652 15662 15656 15632 15647 15679 15721 15753 15732 15843 15810 15857 15842 15860 15862 15862 15879 15893 15931 15994 16014 16015 16001 16010 16092 16110 16166 16179 16155 16200 16235 16344 16467 16596 16802 17273 17919 18093 16989 16571 16232 14466 13726 12887 12880 13090 13691
16740 16735 16618 16767 16850 17027 17312 17396 17575 17657 17624 17568 17538 17654 17907 17948 17548 17499 17442 17512 17695 17679 17716 17638 17397 17029 16861 16122 15837 15536 15591 15601 15637 15666 15683 15706 15770 15760 15782 15865 15915 15868 15857 15857 15855 15848 15849 15895 15932 15997 16029 16085 16057 16121 16093 16104 16159 16143 16160 16162 16169 16217 16247 16584 16729 17361 17903 18078 17629 17541 16487 15947 14097 13418 12810 12456 12467
17021 17062 16850 16796 16882 16998 17081 17125 17356 17467 17557 17591 17543 17279 17347 17329 17407 17516 17578 17532 17644 17813 17821 17815 17690 17302 16691 15725 15642 15549 15601 15603 15668 15660 15674 15725 15782 15762 15769 15876 15952 15958 15921 15891 15854 15825 15871 15901 15935 15996 16027 16131 16144 16072 16057 16058 16085 16136 16146 16133 16144 16185 16289 16505 16820 17533 17745 17944 18840 18542 17481 16077 14186 13213 12313 12080 12090
17061 17249 17245 16920 17088 17021 17346 17415 17416 17490 17500 17311 17165 17114 17156 17349 17256 17092 17330 17464 17795 17879 17691 17694 17562 17251 16592 16104 15627 15589 15610 15642 15669 15660 15702 15726 15783 15807 15841 15980 15979 15965 15893 15833 15871 15862 15886 15879 15900 15948 15996 16100 16115 16058 16020 16009 16040 16039 16034 16065 16173 16223 16394 16628 16954 17604 17719 17600 18804 18965 19129 17734 15971 14526 13568 13607 13606
