Alternative/Moon/Lvl0_30x30/Ele_AE.asc
ncols         335
nrows         335
xllcorner     -6642508.343
yllcorner     6672833.042
cellsize      10000
nodata_value  -9999.0
[rows 68 to 101 of 335, columns 154 to 230 of 335]
17733 17738 17779 17662 17674 17658 17655 17641 17637 17639 17684 17749 17775 17796 17782 17721 17715 17711 17703 17693 17647 17622 17609 17622 17617 17604 17588 17582 17627 17721 17750 17758 17734 17688 17688 17628 17694 17692 17683 17664 17671 17666 17664 17673 17665 17690 17701 17748 17787 17842 17915 18030 18151 18237 18278 18310 18327 18278 18250 18158 18209 18305 18571 18531 18668 18733 18787 18820 18843 18911 18961 18974 18960 18915 18884 18915 18892
17915 17973 17980 17938 17883 17793 17722 17698 17687 17661 17662 17696 17694 17706 17675 17721 17713 17704 17694 17679 17662 17629 17594 17575 17570 17577 17552 17535 17546 17595 17597 17582 17562 17556 17537 17543 17526 17531 17544 17531 17543 17538 17541 17596 17619 17599 17596 17636 17643 17651 17662 17685 17723 17787 17831 17857 17879 17785 17800 17854 17909 17923 17918 17955 18049 18145 18285 18482 18690 18828 18871 18934 18959 18927 18878 18816 18705
17723 17761 17743 17740 17679 17666 17647 17747 17835 17857 17858 17806 17714 17644 17559 17565 17573 17577 17581 17583 17595 17548 17536 17529 17529 17499 17474 17491 17566 17566 17543 17537 17521 17526 17530 17561 17581 17581 17566 17562 17552 17557 17582 17615 17638 17655 17615 17607 17609 17613 17635 17649 17683 17720 17695 17692 17737 17770 17817 17867 17961 18063 18152 18257 18324 18408 18489 18534 18737 18866 19012 19173 19311 19384 19428 19462 19484
17475 17468 17475 17486 17506 17503 17544 17599 17700 17749 17732 17720 17679 17613 17574 17557 17544 17551 17557 17548 17577 17584 17564 17513 17468 17513 17520 17502 17508 17508 17513 17515 17506 17506 17516 17548 17575 17554 17565 17563 17555 17596 17622 17728 17794 17812 17784 17738 17758 17770 17757 17748 17764 17778 17773 17821 17871 17907 17946 17997 18067 18163 18236 18342 18437 18616 18747 18796 19049 19136 19222 19289 19296 19321 19344 19381 19451
17476 17492 17495 17480 17453 17425 17427 17446 17464 17522 17559 17574 17588 17597 17602 17597 17583 17591 17585 17602 17593 17597 17601 17545 17526 17520 17547 17560 17536 17531 17538 17537 17524 17529 17520 17529 17541 17551 17553 17537 17544 17526 17547 17569 17578 17592 17688 17781 17839 17815 17827 17809 17774 17724 17681 17642 17689 17765 17771 17728 17769 17816 17905 18018 18164 18253 18337 18558 18616 18563 18675 18745 18774 18868 18792 18750 18672
17507 17484 17486 17494 17503 17504 17522 17532 17466 17451 17454 17485 17515 17527 17534 17524 17539 17564 17542 17556 17557 17531 17528 17518 17507 17483 17491 17514 17501 17492 17490 17496 17486 17486 17506 17493 17484 17480 17506 17521 17511 17506 17498 17504 17527 17491 17501 17517 17535 17555 17565 17568 17570 17590 17608 17650 17681 17706 17717 17711 17700 17713 17770 17904 18042 18134 18270 18342 18398 18383 18287 18117 17946 18001 17901 17878 17885
17512 17506 17520 17523 17534 17566 17562 17540 17522 17506 17474 17492 17547 17581 17536 17524 17539 17567 17581 17582 17566 17570 17567 17669 17694 17819 17835 17836 17847 17882 17744 17663 17551 17525 17537 17544 17524 17515 17536 17552 17588 17532 17550 17574 17587 17583 17592 17594 17592 17605 17617 17615 17626 17649 17697 17789 17850 17883 17884 17833 17795 17781 17770 17735 17721 17714 17692 17646 17654 17624 17668 17721 17708 17671 17693 17674 17611
18221 18110 18042 18084 17985 17966 18034 17891 18066 17926 17844 17840 17907 17914 17926 17854 17736 17808 17849 17778 17746 17720 17720 17803 17834 17929 17997 18041 18083 18094 18012 17895 17672 17605 17615 17634 17592 17599 17590 17601 17585 17580 17576 17612 17626 17617 17623 17611 17573 17603 17594 17590 17598 17585 17586 17582 17582 17595 17592 17603 17609 17602 17588 17576 17596 17589 17594 17590 17594 17596 17599 17608 17599 17607 17622 17607 17611
19842 19857 19680 19561 19615 19539 19578 19481 19414 19324 19238 19138 19080 19025 18949 18877 18941 18727 18663 18572 18479 18396 18341 18344 18285 18177 18056 17903 17843 17803 17787 17784 17753 17733 17749 17767 17733 17700 17643 17596 17712 17591 17607 17583 17608 17571 17570 17557 17567 17598 17611 17649 17644 17614 17595 17583 17585 17586 17580 17563 17571 17578 17567 17581 17607 17592 17591 17598 17605 17597 17593 17609 17651 17696 17731 17757 17758
20279 20328 20331 20362 20420 20409 20391 20351 20286 20257 20232 20148 20035 19900 19762 19607 19375 19275 19114 18904 18779 18641 18596 18560 18482 18422 18325 18183 18054 17988 18027 18026 17969 17886 17842 17755 17705 17644 17682 17845 18045 18149 18157 18144 18048 17863 17812 18012 18005 18050 17912 17720 17652 17609 17633 17640 17600 17684 17756 17804 17844 17932 17896 17852 17757 17695 17687 17668 17676 17675 17694 17720 17685 17685 17690 17687 17654
19288 19298 19385 19573 19630 19748 19741 19817 19908 20043 20051 20074 20044 19901 19854 19670 19443 19347 19222 19070 18945 18857 18805 18579 18457 18375 18282 18145 18029 17882 17845 17901 17929 17911 17878 17826 17770 17640 17599 17709 17769 17803 17774 17771 17835 17752 17782 17994 18086 18041 17907 17830 17825 17770 17697 17684 17657 17642 17698 17718 17778 17837 17810 17788 17766 17696 17716 17728 17698 17684 17689 17711 17701 17718 17713 17703 17700
17730 17761 17796 17808 17895 17873 18042 18026 17918 17983 18023 18101 18216 18394 18888 18771 18922 19075 19197 19246 19403 19290 19258 19083 18881 18692 18467 18276 18090 17929 17819 17710 17663 17661 17642 17621 17601 17609 17618 17622 17640 17658 17648 17646 17605 17593 17610 17607 17608 17646 17657 17636 17629 17629 17635 17629 17630 17656 17660 17669 17699 17724 17693 17692 17701 17690 17728 17743 17725 17730 17720 17742 17740 17721 17724 17730 17740
17585 17593 17593 17607 17629 17639 17668 17645 17660 17742 17761 17811 17938 18111 18354 18633 18921 19172 19338 19547 19616 19616 19561 19426 19229 19001 18755 18528 18285 18066 17962 17866 17776 17706 17699 17677 17681 17692 17679 17645 17683 17681 17698 17696 17713 17700 17722 17721 17712 17719 17710 17704 17704 17716 17703 17715 17722 17730 17721 17710 17702 17719 17719 17679 17686 17715 17710 17720 17720 17725 17710 17722 17718 17752 17748 17773 17767
17579 17579 17588 17595 17628 17646 17671 17684 17698 17737 17813 17979 18167 18410 18633 18834 19026 19146 19160 19225 19312 19292 19216 19105 18994 18886 18708 18534 18571 18523 18450 18427 18408 18356 18238 18144 18075 18070 17980 17947 17938 17895 17876 17785 17858 17858 17863 17816 17845 17834 17828 17748 17821 17828 17841 17827 17825 17834 17846 17843 17856 17862 17875 17833 17779 17796 17791 17850 17843 17838 17806 17783 17802 17793 17804 17825 17850
17786 17799 17807 17855 17902 17903 17918 17945 18061 18216 18367 18517 18674 18919 19123 19317 19425 19466 19417 19128 19026 18815 18640 18454 18329 18417 18526 18630 18683 18647 18632 18663 18695 18684 18643 18604 18590 18572 18554 18441 18405 18330 18303 18240 18242 18248 18227 18222 18231 18303 18402 18433 18454 18401 18318 18201 18169 18197 18237 18214 18338 18277 18224 18169 18167 18101 18098 18107 18169 18232 18096 18125 18008 17911 17902 17857 17797
18303 18258 18127 18057 18056 18147 18180 18194 18184 18278 18384 18470 18563 18659 18732 18861 18663 18672 18823 18513 18406 18247 18181 18090 18056 18113 18246 18188 18236 18221 18234 18208 18259 18302 18346 18298 18332 18356 18359 18320 18323 18320 18341 18345 18359 18332 18246 18146 18132 18200 18321 18396 18426 18373 18277 18144 18085 18027 18097 18068 18252 18215 18096 18031 18017 17999 18056 18051 18044 18022 18004 18005 18046 18087 18034 17992 17964
18145 18172 18128 18053 17965 17933 17956 17970 18063 18120 18148 18158 18261 18265 18237 18104 18075 18141 18131 18270 18266 18273 18282 18296 18305 18273 18158 18022 17970 17912 17887 17848 17794 17769 17718 17704 17679 17650 17659 17652 17656 17753 17697 17691 17723 17730 17705 17718 17606 17828 17827 17781 17758 17796 17807 17842 17901 18008 18056 18029 17946 17958 17949 17951 17951 17959 17963 17974 17978 17972 17984 17979 17975 17959 17954 17957 17963
18078 18062 18014 17953 17896 17924 18016 18080 18170 18266 18371 18394 18322 18259 18218 18070 17960 17910 17907 18054 18088 18196 18267 18336 18359 18336 18268 18085 18014 17915 17852 17697 17632 17621 17623 17616 17621 17622 17620 17632 17653 17655 17633 17647 17706 17731 17736 17739 17741 17742 17770 17783 17755 17767 17769 17796 17803 17823 17831 17849 17842 17853 17823 17849 17888 17915 17902 17977 17984 17996 18002 18030 18009 18035 18023 18022 18051
18279 18236 18209 18199 18132 18030 17951 17880 17891 17913 17975 18077 18123 18117 18098 18058 18055 18074 18124 18167 18215 18231 18207 18253 18224 18074 17991 17789 17690 17599 17569 17599 17630 17643 17655 17648 17573 17577 17576 17637 17647 17622 17620 17637 17652 17667 17677 17713 17715 17720 17726 17743 17748 17753 17787 17794 17761 17797 17818 17832 17866 17865 17865 17865 17868 17891 17909 17925 17935 17972 17993 18037 18084 18121 18120 18083 18115
18295 18315 18316 18224 18135 18071 18066 18025 17970 17978 17984 17984 17949 17859 17813 17791 17809 17840 17898 17919 17900 17834 17797 17764 17734 17714 17673 17623 17591 17586 17615 17616 17613 17627 17616 17615 17625 17625 17638 17680 17638 17639 17629 17670 17694 17692 17697 17712 17729 17737 17743 17784 17774 17772 17804 17801 17789 17801 17799 17818 17828 17844 17844 17869 17897 17933 17942 17913 17942 17965 17982 18001 18068 18096 18132 18153 18149
18423 18341 18291 18227 18113 17996 17997 17845 17836 17868 18056 18224 18316 18334 18253 18101 17850 17701 17684 17717 17725 17747 17772 17751 17632 17644 17632 17638 17633 17625 17655 17722 17655 17657 17665 17711 17702 17709 17717 17700 17687 17662 17672 17687 17670 17687 17696 17698 17707 17712 17727 17763 17771 17803 17876 17889 17874 17858 17873 17899 17846 17888 17874 17888 17912 17948 17988 17987 17993 17981 17992 18022 18030 18028 18069 18145 18166
18264 18233 18194 18166 18108 18041 18018 17951 17904 17869 17855 17939 17931 17900 17889 17853 17841 17867 17788 17756 17717 17687 17735 17726 17688 17687 17684 17633 17665 17670 17644 17710 17673 17663 17661 17686 17740 17783 17800 17722 17741 17758 17765 17712 17660 17667 17744 17822 17913 17895 17874 17874 17879 17986 18049 18132 18301 18356 18246 18309 18273 18217 18172 18131 18100 18120 18132 18148 18184 18184 18136 18111 18079 18064 18084 18086 18121
18274 18240 18224 18232 18231 18201 18134 18041 17968 17928 17874 17840 17847 17829 17827 17811 17828 17840 17792 17762 17768 17774 17824 17815 17771 17742 17737 17687 17689 17738 17694 17740 17702 17665 17687 17690 17730 17805 17910 17958 17992 18045 18107 18165 18193 18106 17997 18039 18036 18078 18024 17961 17927 17967 18075 18184 18313 18339 18195 18218 18213 18195 18127 18063 18068 18142 18162 18244 18273 18263 18259 18247 18247 18303 18382 18394 18338
18584 18414 18262 18325 18275 18137 18057 17934 17895 17848 17841 17819 17859 17827 17877 17993 18022 18044 17889 17893 17847 17843 17859 17868 17892 17870 17919 17916 17883 17958 17932 17933 17891 17849 17816 17955 18010 18004 18042 18137 18128 18183 18222 18255 18244 18128 18003 17957 17931 17930 17810 17769 17681 17648 17680 17674 17692 17726 17705 17748 17794 17793 17806 17816 17865 17869 17869 17922 17941 17955 17986 18076 18079 18088 18134 18168 18218
17769 17791 17778 17929 18071 18173 18188 18268 18438 18454 18371 18082 18093 17831 17846 17808 17893 17933 17906 17859 17728 17759 17840 17864 17854 17908 17926 17939 17978 17986 17981 17986 17972 18000 17989 18011 18017 17957 17903 17784 17778 17828 17883 17837 17642 17594 17582 17616 17586 17586 17564 17552 17543 17545 17543 17520 17527 17529 17569 17530 17550 17604 17618 17585 17633 17669 17692 17702 17750 17796 17792 17863 17851 17827 17848 17951 18064
17871 17873 17920 17985 17975 18048 18155 18258 18411 18464 18379 18286 18295 18241 18241 18112 17939 17764 17686 17698 17719 17790 17871 17916 17888 17867 17845 17832 17868 17896 17921 17981 18057 18209 18246 18251 18183 18037 17858 17778 17687 17664 17644 17625 17589 17574 17533 17521 17483 17472 17449 17461 17467 17444 17457 17463 17491 17489 17476 17460 17469 17461 17452 17443 17532 17553 17544 17617 17659 17681 17675 17746 17755 17781 17813 17841 17915
17863 17810 17759 17850 17782 17790 17770 17854 17869 17940 17968 18191 18207 18018 17969 17809 17776 17747 17723 17654 17629 17608 17625 17626 17610 17640 17630 17739 17739 17820 17831 17962 18121 18288 18412 18532 18585 18567 18407 18229 18053 17848 17761 17713 17668 17645 17610 17536 17558 17539 17512 17456 17417 17434 17442 17448 17429 17447 17503 17543 17529 17518 17532 17537 17561 17606 17613 17629 17655 17651 17693 17734 17747 17783 17813 17823 17862
17826 17730 17782 17738 17712 17718 17723 17720 17689 17809 17914 17995 17936 17902 17920 17930 17950 17906 17755 17636 17609 17691 17707 17703 17674 17648 17652 17665 17662 17693 17694 17780 17929 18137 18258 18383 18473 18436 18351 18248 18240 18153 18166 18115 17961 17835 17848 17776 17723 17755 17658 17650 17672 17609 17604 17621 17611 17624 17632 17693 17691 17684 17648 17743 17777 17768 17789 17824 17795 17784 17859 17956 17941 17935 18035 18153 18172
18261 18247 18186 18073 17954 17890 17858 17859 17795 17764 17862 17876 17849 17761 17782 17913 17976 18019 18056 18041 18021 17988 17874 17727 17692 17691 17690 17712 17707 17728 17772 17797 17758 17764 17774 17751 17765 17863 17933 17977 17984 18019 18095 18133 18139 18205 18282 18350 18420 18557 18508 18334 18178 17966 17859 17799 17795 17767 17800 17866 18001 18071 18012 17894 17860 17918 17941 17905 17907 17928 18180 18213 18323 18350 18375 18384 18360
18298 18267 18215 18157 18159 18122 18066 18016 17919 17849 17851 17841 17807 17750 17800 17871 17932 17936 17982 18007 18038 17995 17877 17710 17686 17672 17680 17684 17684 17680 17700 17715 17705 17706 17738 17716 17731 17840 17913 17976 17989 18029 18066 18061 18138 18259 18349 18564 18601 18606 18563 18363 18132 17927 17842 17852 17800 17897 17983 18015 18018 18026 18039 18026 18024 18074 18144 18223 18252 18297 18309 18363 18417 18454 18469 18477 18459
18361 18331 18289 18263 18174 18149 18092 18031 17998 17973 17956 17900 17867 17859 17871 17870 17809 17776 17741 17712 17720 17724 17700 17679 17683 17639 17615 17623 17637 17654 17642 17635 17652 17639 17641 17648 17677 17673 17697 17649 17729 17737 17753 17758 17779 17799 17875 17825 17855 17811 17839 17883 17868 17868 17907 17913 17879 17906 17909 17917 17966 17938 17834 17814 17786 17802 17916 18035 18145 18178 18198 18317 18345 18531 18655 18888 18985
18354 18357 18318 18288 18221 18088 17963 17875 17890 17874 17873 17872 17864 17835 17800 17782 17814 17851 17838 17801 17719 17736 17718 17696 17674 17689 17687 17697 17708 17719 17722 17755 17736 17673 17726 17727 17733 17780 17847 17845 17727 17718 17658 17582 17574 17583 17592 17608 17724 17734 17712 17683 17720 17767 17787 17812 17801 17801 17816 17796 17800 17905 17841 17867 17958 18001 18040 18135 18204 18162 18109 18220 18299 18493 18573 18576 18688
18082 18031 18058 17967 17901 17839 17810 17819 17837 17848 17858 17869 17894 17858 17806 17784 17870 17891 17829 17855 17921 17953 17958 17969 17863 17885 17902 17863 17860 17884 17920 17984 18014 17853 17582 17440 17483 17683 17836 17885 17981 18057 18057 17967 17860 17853 17811 17657 17672 17653 17689 17773 17792 17766 17765 17778 17772 17866 17928 18109 18176 18448 18450 18500 18545 18434 18442 18498 18504 18472 18616 18879 18928 18971 18955 18819 18675
18070 18033 18036 17949 17946 17921 17901 17887 17870 17855 17836 17846 17856 17866 17873 17870 17847 17845 17870 17916 18037 18127 18092 18115 18085 18071 18007 17980 17973 17977 17961 17996 18081 18162 18183 18182 18096 18100 18071 18064 18139 18157 18148 18091 18077 18052 17980 17883 17864 17802 17770 17830 17817 17970 18064 18153 18219 18294 18439 18604 18727 18777 18747 18760 18743 18714 18674 18776 18893 18974 19022 19060 19085 19075 19144 19141 19104
