Alternative/Moon/Lvl0_30x30/Ele_AL.asc
ncols         335
nrows         335
xllcorner     16807491.657
yllcorner     6672833.042
cellsize      10000
nodata_value  -9999.0
[rows 102 to 135 of 335, columns 228 to 303 of 335]
14646 14552 14480 14531 14536 14497 14274 14077 13800 13968 14236 14578 14662 14644 14601 14515 14178 13689 13495 13160 13100 13350 13509 13751 14116 14391 14476 14455 14392 14314 14273 14251 14257 14225 14177 14201 14212 14208 14204 14198 14196 14210 14219 14239 14309 14394 14527 14516 14475 14468 14389 14397 14383 14359 14313 14258 14255 14242 14233 14261 14262 14295 14295 14237 14264 14267 14265 14266 14280 14308 14313 14325 14285 14285 14292 14290
14676 14598 14479 14389 14328 14303 14361 14388 14300 14257 14284 14418 14444 14418 14496 14515 14466 14394 14376 14416 14425 14416 14425 14414 14384 14375 14334 14288 14246 14220 14173 14185 14165 14170 14185 14187 14181 14160 14215 14211 14215 14216 14252 14303 14352 14463 14541 14492 14442 14429 14372 14404 14456 14484 14461 14383 14325 14332 14342 14359 14396 14361 14334 14331 14325 14344 14338 14309 14312 14327 14339 14318 14278 14234 14253 14283
14543 14362 14355 14327 14309 14264 14222 14218 14266 14309 14305 14239 14194 14194 14162 14193 14224 14213 14227 14260 14240 14228 14231 14209 14193 14208 14161 14161 14163 14160 14161 14166 14227 14274 14280 14260 14221 14275 14328 14353 14375 14392 14439 14443 14400 14322 14233 14247 14246 14247 14230 14263 14303 14314 14347 14315 14324 14406 14414 14405 14285 14140 14197 14215 14352 14421 14511 14446 14374 14399 14399 14366 14321 14285 14279 14300
15552 15052 14984 14802 14796 14651 14507 14407 14537 14603 14644 14646 14738 14723 14612 14561 14473 14389 14375 14267 14264 14230 14212 14262 14264 14279 14274 14307 14313 14329 14305 14232 14191 14196 14208 14242 14241 14197 14257 14277 14296 14302 14376 14426 14388 14372 14381 14391 14357 14344 14378 14391 14435 14426 14404 14455 14468 14481 14495 14512 14502 14522 14510 14512 14527 14486 14439 14424 14484 14526 14527 14466 14537 14424 14400 14390
16856 16440 16349 16394 16145 16017 15687 15606 15250 15107 14924 14915 14945 14966 14995 15005 15028 15018 14997 14960 14830 14653 14583 14592 14565 14591 14599 14638 14693 14734 14748 14754 14766 14684 14591 14470 14304 14243 14257 14326 14361 14628 14671 14697 14557 14464 14429 14387 14340 14292 14290 14365 14490 14513 14571 14607 14575 14519 14568 14560 14521 14482 14514 14542 14647 14622 14612 14740 14931 15047 15156 15415 15431 15483 15501 15602
17786 17663 17522 17427 17225 17044 16882 16771 16718 16646 16590 16556 16614 16546 16461 16417 16541 16505 16419 16231 16171 15830 15572 15373 15341 15386 15361 15486 15179 15247 15278 15334 15383 15387 15385 15321 15302 15266 15378 15409 15334 15432 15538 15552 15564 15621 15447 15344 15116 14854 14852 14804 15151 15060 14967 14978 14996 14841 14853 14893 14915 14973 15029 15093 15238 15243 15441 15534 15731 15986 16039 16113 16089 16173 16261 16326
18587 18398 18201 18032 17839 17845 17817 17835 17873 17890 17861 17786 17642 17526 17420 17403 17286 17379 17284 17250 17083 17063 17113 17082 17078 17117 17120 17128 17213 17220 17028 16864 16886 16933 16961 16879 16979 16954 17024 17054 17050 16952 16987 16970 16970 17086 17041 16807 16954 16655 16656 16771 16900 16800 16811 16733 16721 16798 16837 16809 16745 16600 16563 16524 16759 16924 17069 17112 17122 17301 17227 17452 17373 17418 17514 17623
18612 18696 18724 18663 18628 18563 18518 18468 18375 18188 18015 17965 18000 18123 18140 18088 18021 18026 18031 17935 17857 17851 17870 17873 17861 17868 17915 17933 17962 17906 17903 17992 18107 18126 18100 18133 18204 18386 18538 18603 18640 18517 18664 18700 18570 18560 18526 18361 18385 18373 18384 18351 18043 17788 17551 17450 17381 17736 17905 18201 18219 18212 18233 18247 18301 18210 18193 18180 18286 18549 18667 18678 18727 18871 18981 18976
18240 18217 18436 18578 18559 18491 18483 18449 18362 18203 18052 17987 17835 17987 18012 18040 18005 17968 17993 17993 18042 18062 18111 18110 18222 18243 18339 18476 18684 18792 18856 18855 18859 18825 18779 18803 18826 19018 19170 19340 19531 19633 19669 19538 19486 19417 19421 19569 19607 19629 19693 19695 19630 19621 19592 19500 19521 19721 19680 19415 19646 19723 19668 19785 19766 19638 19681 19755 19808 20015 20012 20121 20221 20168 20229 20322
17876 17961 18021 18007 18116 18041 18118 18177 18438 18455 18487 18498 18524 18569 18565 18644 18757 18676 18683 18667 18520 18349 18234 18227 18192 18373 18403 18516 18636 18836 19015 19116 19222 19210 19232 19262 19233 19402 19656 19803 19954 20097 20163 20158 20133 20097 20060 20203 20255 20148 20171 20247 20417 20450 20593 20654 20648 20758 20686 20960 21115 21155 21289 21357 21453 21507 21503 21515 21534 21504 21517 21493 21469 21432 21501 21562
18977 19011 19006 19032 19107 19267 19408 19471 19496 19548 19579 19648 19704 19720 19641 19689 19804 19870 20041 20019 20049 20153 20121 20130 20014 19963 20089 20070 20129 20174 20172 20277 20282 20509 20579 20642 20712 20871 20977 21007 20989 21000 21005 21038 21082 21108 21082 21029 21005 21047 21039 21077 21076 21126 21199 21258 21366 21522 21633 21711 21694 21702 21767 21815 21859 21825 21827 21737 21687 21791 21862 21896 22050 22260 22504 22847
19020 19060 19030 19003 18992 19167 19299 19315 19433 19634 19779 19868 20032 20121 20152 20215 20362 20396 20438 20403 20581 20728 20815 20855 20935 21032 21085 21196 21382 21490 21533 21517 21368 21286 21167 21349 21277 21408 21371 21332 21254 21141 21053 21078 21115 21189 21184 21310 21406 21397 21367 21436 21493 21551 21557 21565 21629 21835 22018 22157 22180 22310 22389 22444 22494 22564 22568 22573 22556 22578 22660 22793 22960 23156 23285 23398
18609 18742 18865 18900 19019 19079 19135 19152 19378 19643 19749 19854 19946 20036 20125 20293 20557 20674 20691 20733 20813 20985 21097 21074 20994 21093 21166 21103 21381 21527 21668 21684 21637 21584 21602 21571 21603 21681 21757 21725 21624 21484 21409 21430 21587 21684 21919 22027 22089 22003 21939 21819 21771 21829 21952 21904 21957 22035 22027 22051 22105 22186 22231 22321 22490 22606 22641 22715 22811 22866 22898 22931 22906 22926 22958 22858
17193 17108 17072 17221 17422 17727 17874 18035 18181 18583 18850 19142 19584 19935 20024 20193 20193 20150 20052 20045 20286 20493 20612 20729 20833 20871 20903 20917 20984 21066 21263 21347 21452 21548 21660 21690 21711 21738 21874 21998 22005 21965 21923 21964 21969 22094 22125 22193 22279 22270 22241 22223 22256 22306 22290 22154 22022 21908 21906 21830 21877 22024 22127 22189 22262 22331 22405 22433 22616 22667 22714 22783 22713 22673 22625 22621
16932 16883 16927 17066 17157 17189 17207 17252 17489 17963 18387 18731 19200 19590 19803 19875 19837 19875 19988 19997 19964 19910 19900 20005 20210 20366 20542 20628 20669 20793 20924 20999 21098 21018 20834 20750 20632 20674 20631 20609 20560 20692 20833 20907 20957 21005 21024 21024 20954 20971 21078 21303 21309 21374 21373 21356 21124 21114 21140 21221 21256 21283 21299 21295 21440 21517 21686 21932 22134 22348 22448 22411 22439 22525 22536 22538
17069 17065 17030 16905 16874 16888 17006 17069 17139 17196 17416 17630 17936 18337 18825 18895 19242 19462 19636 19755 19861 19793 19800 19777 19750 19721 19839 19789 19807 19758 19799 19811 19830 19982 20209 20238 20340 20416 20463 20469 20419 20411 20428 20375 20320 20308 20198 20161 20009 19893 19752 19762 19645 19720 19848 19992 20185 20320 20534 20608 20588 20662 20796 20873 20934 20945 21029 21181 21269 21326 21541 21674 21752 21846 21968 21939
17154 17065 16981 16888 16857 16904 17031 17101 17228 17353 17397 17536 17491 17530 17674 17835 18024 18324 18620 18831 18962 18993 19049 19052 19051 19095 19104 19182 19290 19323 19373 19369 19275 19302 19352 19350 19335 19462 19415 19438 19418 19383 19443 19519 19478 19447 19500 19519 19535 19523 19484 19388 19367 19495 19675 19751 19740 19704 19725 19830 19997 20124 20266 20317 20346 20486 20522 20509 20497 20570 20497 20731 20765 20884 20601 20412
16879 16824 16766 16813 16782 16816 16849 16927 17134 17386 17555 17792 17845 17949 18008 18109 18249 18316 18422 18476 18577 18740 18827 18958 19010 18921 18810 18713 18581 18494 18516 18515 18526 18511 18463 18395 18214 18121 18112 18170 18192 18101 18090 18099 18085 18050 18127 18337 18488 18688 18649 18636 18681 18746 18729 18833 18974 19048 19186 19207 19266 19302 19307 19202 19075 18975 18957 18926 19072 19076 19166 19285 19357 19354 19264 19066
16425 16423 16405 16390 16466 16512 16573 16621 16787 16808 16851 16952 17039 17304 17472 17739 17809 17841 17907 18008 18172 18204 18330 18442 18547 18564 18669 18699 18705 18688 18622 18534 18444 18424 18422 18362 18253 18152 18149 18168 18118 18077 18003 17924 17869 17847 17909 17971 17961 17994 18091 18149 18311 18435 18481 18474 18437 18393 18320 18246 18299 18159 18155 18253 18188 18177 18140 18050 18020 18246 18177 18339 18212 18388 18227 18156
16377 16469 16551 16613 16731 16737 16790 16918 16949 16937 16893 16880 17002 17126 17342 17465 17648 17739 17766 17741 17698 17655 17661 17655 17586 17593 17648 17732 17792 17677 17655 17689 17634 17608 17632 17620 17700 17733 17730 17744 17727 17734 17660 17630 17519 17475 17494 17540 17550 17332 17301 17235 17193 17143 17183 17155 17311 17201 17268 17168 17152 16970 17006 16996 16966 16914 16988 16914 16874 16839 16840 16829 16821 16866 16913 16801
16384 16534 16844 16979 17006 17051 17033 17045 17041 17001 16902 16861 16830 16856 16916 16938 16817 16822 16925 16964 16952 17002 16975 16929 16859 16766 16700 16783 16717 16653 16553 16565 16538 16559 16564 16642 16400 16302 16299 16442 16457 16496 16581 16720 16701 16620 16526 16430 16467 16317 16321 16246 16122 16012 15959 16013 16022 15935 15965 16019 16060 16081 16032 16020 16026 16032 16057 16086 16145 16223 16232 16221 16174 16144 16105 16073
16363 16546 16799 16927 16940 16886 16855 16876 16740 16592 16362 16268 16161 16172 16246 16340 16369 16344 16326 16335 16358 16448 16541 16550 16548 16515 16504 16523 16588 16616 16530 16304 16129 15932 15821 15781 15691 15644 15643 15601 15594 15559 15522 15543 15648 15646 15651 15627 15571 15507 15420 15310 15296 15398 15489 15590 15646 15701 15754 15779 15761 15628 15585 15575 15566 15592 15616 15698 15672 15638 15617 15542 15434 15426 15204 15100
16614 16665 16599 16515 16207 15985 15803 15785 15793 15739 15678 15528 15437 15628 15824 15945 15962 15974 15933 16453 16330 15980 16005 15966 15839 15761 15798 15959 15975 16008 16009 16005 15945 15848 15744 15687 15538 15514 15447 15364 15249 15273 15296 15299 15309 15333 15308 15224 15092 15035 15062 15178 15219 15334 15353 15387 15434 15500 15473 15436 15364 15286 15277 15246 15182 15123 15056 15028 15007 15080 15129 15150 15131 15095 15019 14922
16899 16877 16812 16720 16588 16451 16347 16251 16120 16110 16078 15981 15896 15806 15950 15963 15920 15813 15634 15993 15821 15418 15361 15336 15311 15241 15359 15413 15422 15468 15454 15386 15402 15490 15553 15532 15451 15459 15463 15420 15401 15269 15169 15074 15055 14949 14917 14964 14968 14916 14850 14850 14872 14934 14950 15032 15024 15061 15065 15107 15230 15215 15176 15131 15071 14984 14973 14990 15028 15062 15087 15091 15060 14993 14948 14922
16684 16731 16698 16703 16723 16753 16766 16683 16556 16304 16105 16042 15966 15886 15921 15907 15810 15639 15445 15282 15006 14892 14839 14879 14859 14868 14944 14952 15009 15048 15022 14980 15023 15047 15106 15177 15306 15378 15380 15341 15318 15268 15194 15064 15041 14963 14922 14918 14996 15032 15047 15071 15045 15065 15030 15006 14961 14879 14808 14813 14784 14823 14781 14749 14828 14791 14811 14800 14782 14776 14832 14894 14926 14961 14957 14924
16909 16928 16883 16852 16792 16816 16864 16844 16721 16500 16241 16105 15971 15806 15663 15614 15454 15344 15256 15145 15074 15036 14960 14898 14854 14823 14750 14693 14729 14852 15027 15122 15151 15073 15061 15096 15168 15184 15218 15228 15158 15092 15093 15101 15162 15188 15232 15354 15477 15466 15480 15505 15434 15369 15334 15242 15205 15201 15206 15161 15234 15252 15242 15137 15033 14934 14934 14936 14894 14865 14869 14864 14825 14747 14734 14742
17198 17117 17074 17022 16895 16728 16586 16540 16494 16435 16316 16160 15917 15638 15441 15274 15426 15642 15843 15829 15792 15639 15499 15361 15216 15051 15111 15047 15170 15191 15347 15470 15607 15622 15650 15619 15640 15642 15724 15703 15698 15642 15701 15809 15914 15970 15970 15981 15964 15862 15837 15672 15611 15508 15361 15250 15221 15283 15309 15310 15222 15165 15089 15010 15044 15017 14979 14935 14859 14778 14792 14721 14716 14781 14776 14761
17361 17376 17336 17214 17024 16915 16855 16794 16681 16639 16424 16272 16021 15929 16089 16038 16039 16121 16094 16125 16118 16055 16014 16129 16307 16513 16630 16602 16549 16361 16291 16243 16238 16281 16299 16243 16182 16226 16212 16153 16094 16058 16049 16044 16092 16065 16081 16027 15936 15830 15735 15623 15608 15608 15618 15612 15474 15413 15356 15359 15375 15343 15230 15060 15036 14999 14956 14915 14899 14910 14904 14897 14893 14968 14965 14964
17305 17216 17109 17047 16913 16739 16555 16446 16426 16380 16474 16598 16595 16593 16673 16725 16865 16816 16802 16600 16350 16132 16168 16294 16479 16577 16635 16633 16566 16409 16302 16286 16342 16436 16461 16470 16446 16355 16336 16371 16416 16380 16356 16296 16283 16238 16226 16270 16196 16098 16073 15913 15950 15992 16064 16053 15932 15802 15706 15610 15587 15457 15304 15181 15063 14988 14952 14909 14848 14872 14842 14846 14817 14838 14846 14958
17181 17143 17057 16988 16871 16773 16762 16748 16813 16975 17065 17091 17054 17131 17301 17359 17392 17374 17248 17005 16707 16590 16452 16397 16425 16422 16365 16370 16350 16484 16618 16647 16632 16518 16523 16478 16430 16402 16410 16428 16510 16515 16468 16441 16407 16579 16607 16526 16620 16736 16800 16831 16691 16507 16409 16298 16182 16101 15998 15939 15906 15789 15688 15545 15443 15259 15123 15093 15109 15049 15059 15047 15067 15054 14965 14850
16947 16948 16989 16996 16920 16862 16867 16881 16912 17025 17153 17201 17201 17143 17149 17191 17121 17261 17278 17111 16903 17070 17150 17165 17088 16932 16785 16837 16852 16854 16805 16813 16821 16938 16900 16842 16715 16647 16607 16508 16440 16416 16465 16484 16513 16628 16658 16767 16874 16947 17003 17006 16975 16810 16713 16527 16370 16182 16083 16010 15970 15913 15915 15877 15775 15627 15600 15515 15353 15261 15217 15151 15258 15328 15287 15228
16676 16701 16718 16688 16660 16616 16438 16308 16138 16046 16111 16206 16378 16537 16534 16535 16509 16475 16639 16800 17040 17197 17253 17277 17271 17255 17185 17208 17316 17367 17359 17318 17289 17299 17306 17355 17374 17360 17210 17043 16995 16969 16909 16783 16706 16850 16968 17124 17248 17304 17385 17407 17262 17057 16999 16738 16664 16477 16384 16272 16324 16310 16270 16069 15959 15810 15731 15628 15622 15652 15653 15651 15564 15565 15705 15708
16025 15977 15888 15836 15666 15642 15621 15678 15726 15809 15984 16139 16205 16186 16204 16305 16400 16391 16362 16352 16463 16780 17088 17210 17243 17361 17502 17561 17622 17595 17558 17537 17525 17494 17467 17591 17642 17668 17697 17682 17663 17601 17542 17511 17432 17316 17295 17388 17452 17484 17470 17492 17442 17376 17327 17309 17219 17174 17161 16959 16791 16642 16472 16247 16093 15978 15904 15797 15743 15781 15752 15721 15798 15968 16218 16469
14870 14852 14898 15019 15096 15098 15119 15234 15392 15578 15721 15837 15963 16064 16109 16108 16038 16052 16050 16117 16107 16039 16023 16241 16600 17119 17433 17628 17787 18030 18202 18315 18383 18400 18298 18031 17755 17536 17615 17792 17874 17946 17972 17963 17844 17652 17523 17386 17311 17253 17241 17220 17223 17245 17252 17382 17454 17498 17447 17272 17111 16935 16772 16607 16508 16460 16360 16157 16140 16173 16303 16564 16778 16871 16985 16953
