Alternative/Moon/Lvl0_30x30/Ele_BL.asc
ncols         335
nrows         335
xllcorner     16807491.657
yllcorner     3322833.042
cellsize      10000
nodata_value  -9999.0
[rows 238 to 271 of 335, columns 0 to 75 of 335]
28384 27437 27064 27062 27161 26869 26497 26604 27005 26917 26805 26961 27090 27263 27579 27536 27502 27385 27365 27327 27332 26882 27680 27778 27783 27845 27534 27586 27983 28059 28022 28012 27842 27922 28132 28196 27979 27308 27066 27309 27411 27355 27180 27359 27559 27875 28001 28003 28152 28249 28123 27995 27805 27066 26901 27293 27607 27562 27594 27401 27474 27540 27447 26595 25576 24814 24635 25262 26088 26438 26374 26005 25472 25034 24502 24422
28129 26815 26595 26605 26475 26248 26407 27049 27318 27237 26992 27172 27730 28167 27934 27780 27859 27972 27957 27854 27899 27566 27909 28042 28301 28409 28233 27608 27860 27896 27548 27179 27330 27358 27563 27562 27209 26689 27247 27497 27657 27534 27795 28024 28124 28221 28528 28592 28401 28097 27865 27769 27537 26616 26796 27084 27005 26631 26744 26568 26492 26961 27158 27302 27073 26615 26145 26346 26421 26408 26297 26040 25196 24191 23949 23742
27262 26752 26248 26309 26149 25945 26381 27196 27410 27115 26992 27618 28281 28480 28562 28655 28346 28467 28314 27858 27423 26886 27432 27920 28290 28398 28209 27789 27742 27516 26889 26669 26915 27140 27191 26927 26633 26807 27372 27750 27808 27903 28203 28440 28554 28659 28666 28669 28406 28018 27409 27201 27090 26053 26064 26666 26664 26246 26197 26210 26380 26548 27054 27284 27443 27147 27121 26844 26647 26342 25927 25426 24514 23572 23065 22726
26223 26205 26176 26300 26544 26596 26585 26845 27056 26976 26988 27652 28504 28959 28909 29031 28979 28981 28217 26846 25696 24945 25952 26666 27647 28378 28479 28535 28218 27689 27125 27176 27253 27128 27156 26844 26720 27301 27530 27756 27912 28278 28656 28710 28687 28586 28421 28124 27640 27528 27076 26871 26791 26431 26809 27067 26747 25479 25328 26207 26530 26755 26977 27236 27450 27529 27028 26923 26442 26130 26120 25580 24596 23512 22654 22809
26566 26250 26133 26124 26235 26310 26477 26674 27014 27278 27579 27707 28412 28703 28786 28965 29426 29460 28109 26438 25189 24688 25802 27004 28706 29510 29472 29294 28202 28030 27778 27785 27693 27516 27203 26950 27009 27596 27871 27880 27931 28366 28811 28824 28482 27903 27808 27504 27160 27158 26937 26602 26677 26815 27024 27062 26701 25616 24351 24736 26258 26426 25888 26999 27601 27477 26692 26647 26370 26367 26286 26073 25346 24302 24111 23520
26710 26333 25975 26139 26151 26240 26474 26712 27391 27158 27334 27779 28078 28331 28475 28969 29391 29251 27869 27014 26255 25919 26378 27606 29339 30103 29891 29294 28602 28157 27900 27902 27629 27270 26925 26930 26693 27042 27675 27764 27565 28247 28731 28732 28243 27609 26904 27362 27325 27186 26422 26245 26344 26577 26630 26402 26320 26007 25964 25588 26616 26674 26116 27082 27537 27565 27262 27144 27048 26728 26114 26193 25970 25527 25004 24170
26364 26347 26176 26048 26158 26163 26310 26648 27335 27251 27540 27625 28211 28768 28814 29033 28907 27639 28259 28130 27550 27473 27702 28849 29473 29999 29719 29180 28681 27840 26653 26308 26365 25874 26738 27151 26781 26549 26762 26960 27054 27714 28167 28425 28401 27278 26613 27409 27535 27408 27258 27139 27276 27291 26677 26485 26695 26958 26724 26212 26759 27047 26907 27103 27555 27680 27720 27564 27194 26898 26594 26273 25673 25587 25083 24060
25972 26086 26060 26103 26262 26318 26382 26945 27768 27656 27508 27675 28449 29012 28839 28762 28492 28490 29137 29169 28938 28461 28707 29444 29850 29727 29434 29064 28536 27601 26351 26112 26424 26301 26932 27257 26898 26931 26895 26180 26914 27217 27596 28283 28091 26281 24995 25708 26752 27383 27393 27370 27487 27440 27171 27124 26987 27153 27058 26882 26690 26650 26418 26340 26983 27549 27739 27669 27264 26758 26235 26082 25487 24914 23833 23524
26744 26563 26366 26439 26606 26668 26923 27475 27679 27582 27468 27718 28528 28817 28568 28117 27329 27750 28255 28516 28647 28289 28715 28858 28910 29000 28971 28748 28327 28088 27596 27652 27126 27481 27571 27334 27058 26667 26142 26130 26597 26600 26861 27450 27680 26229 24628 23939 25113 27044 27335 27095 27135 27248 27264 27240 26370 26205 26468 26475 26219 26648 26669 26696 27076 27150 27215 27129 27117 26811 26283 25586 24327 22943 22434 21886
26516 26777 26603 26284 26851 27168 27075 27299 27410 27443 27496 27803 28394 28622 28261 27710 27273 27033 27139 27246 27293 27318 27357 27721 27754 28141 28037 27564 27928 28235 28239 27829 28103 28121 27754 27197 26850 26519 26037 25898 25960 26410 27389 27596 27134 27149 26056 25192 26289 26567 26629 25973 27087 26996 26252 25770 24977 24750 25645 26439 26758 26946 26972 27135 27165 27402 27456 27257 27266 26866 25582 24197 22471 21350 21088 20341
24811 26300 26626 26535 26637 27250 26996 26928 27331 27491 27557 27787 27980 27931 27834 27744 27670 27180 26761 26551 25849 25725 26421 26754 26526 26731 27531 28285 28430 28378 28209 27826 28222 28271 28111 27386 26405 26342 26282 25964 25904 26242 26937 27042 27051 27128 26299 26122 27066 27143 26480 25130 26261 26417 26102 26114 25751 25279 25887 26494 26812 26542 26694 27304 27401 27369 27555 27532 27016 25986 24422 22823 21083 20451 20154 19683
24655 26402 27695 27787 27718 27492 26902 26867 26981 26877 27064 27435 27681 27621 27477 27487 27700 27452 26707 26041 25776 25681 25686 26170 26760 27313 27841 28199 28072 28072 27890 28041 28302 28262 28130 27370 26785 26574 26393 25906 26119 26263 26199 26494 26420 26185 25652 26125 26997 27080 26376 25131 26284 26255 26450 26473 26374 26532 26409 26431 26461 26149 26860 27356 27483 27534 27568 27430 26179 24587 22758 21475 20420 19899 19490 19126
26544 27212 27505 27569 27566 27516 27151 27284 26598 25835 26131 26942 27493 27623 27440 27173 27342 27476 27226 26915 26789 26696 26345 26177 26464 27235 27791 27942 27975 27927 27739 28008 28170 28151 28088 27291 26691 26223 26162 25965 25820 26023 25881 25970 25988 25283 23702 25010 26480 26786 26407 26730 27212 26895 26166 25627 26047 26476 26304 26179 26158 26256 26681 26879 27430 27689 27208 26829 24837 22944 21324 20418 20048 19848 19375 18992
26878 27007 27251 27442 27493 28123 28010 27509 27281 26687 26657 27195 27382 27550 27358 27177 27219 27408 27238 27018 26923 26537 25886 25606 26032 26921 27972 28080 27916 27946 27631 27647 27578 27422 27091 26561 26079 26017 25715 25882 25602 25676 25713 25632 25551 25240 25540 25884 25712 26470 26840 27099 27099 26852 26019 25358 25777 26765 26726 26257 26286 26118 26147 26760 27206 27416 26707 25773 23653 22007 20590 19895 19626 19318 18955 18957
27184 27214 27582 27920 28530 28721 28379 28226 27721 27664 27650 27737 27780 27557 27129 27167 27105 27049 27131 27011 26905 26147 25446 25267 26342 27057 27516 27575 26564 27129 27312 27361 27212 27154 27010 26424 25833 25510 25539 25821 25679 25705 25558 25681 25660 25817 25969 25981 25675 25524 26111 26333 26690 26654 26084 26293 26583 26829 26814 26582 26653 26525 26552 26801 27094 27061 26366 25214 23087 21566 20711 20204 19503 19055 19029 19018
27580 27565 27839 28406 28778 28797 28341 28274 28277 28039 27997 27909 27756 27426 26924 26531 25359 24685 26036 26576 26513 26060 25337 25538 26533 27018 26788 26038 24930 24394 24746 25647 26616 26653 26649 26260 25939 25692 25630 25551 25697 25812 25578 25631 25703 25960 25831 25621 25304 25359 25379 25743 26169 26075 26150 26467 26728 26703 26196 26342 26616 26968 27070 27064 27002 26939 26037 24463 22434 20950 20758 20225 19803 19269 19221 19095
27065 27638 27871 28344 28641 28754 28618 28481 28655 28047 28386 28037 27681 27476 26626 25429 23797 23678 25338 26560 26544 26012 25595 25750 26188 26428 25112 23872 22579 22652 24100 25727 27022 27152 26919 26761 26667 26613 25746 25939 25889 25831 25664 25660 25769 25739 25037 25152 25444 25669 26005 26081 26440 25978 25919 26283 26410 25754 24876 25207 26308 27097 27258 27252 27201 26696 25548 23950 21939 21208 20756 20739 20375 19630 19465 19501
24935 26588 27098 28084 28447 28686 28644 28975 28852 28634 28477 27998 27712 27053 25920 25346 25042 25178 25665 25947 25971 25734 25613 25613 25795 25927 25183 23595 23561 24302 25667 26860 27376 27406 27308 26977 26850 26735 26276 26243 26083 25820 25892 25718 25768 25749 25767 25891 26331 26869 26997 26955 26701 26090 25835 25988 26078 25692 25006 25251 26033 26817 27163 27278 27213 26757 25307 23731 22148 21608 21109 21001 20781 20136 19571 19672
25708 26869 27598 27925 28094 28072 28499 28951 28944 28846 28715 28211 27940 26655 25964 25432 25069 25030 24849 24938 25047 25176 25264 25185 25432 25657 25117 24604 25235 25367 26157 26836 27189 27353 27260 26783 26675 26353 26282 26321 26081 26068 25907 25688 25770 25900 26190 26222 26335 26731 27349 27400 26832 26246 25812 25500 25899 26039 25841 25700 25943 26478 26877 27362 27348 26881 25934 24474 22959 21760 21354 21002 20703 20167 19661 19676
26223 26608 26882 27204 27731 27837 28127 28340 28810 28852 28641 28278 27993 26899 25714 25063 24387 23949 24016 24096 24348 23730 24463 24981 24984 24375 25090 25328 25824 26037 26281 26258 26365 26985 26558 26273 25605 24609 25484 26095 26177 26148 26098 25666 25680 25877 25824 25912 25917 26624 27330 27399 27054 26528 26357 26241 26116 26351 26095 25767 25766 26199 26636 26997 27010 26828 26824 25877 24125 22746 22123 21702 21052 20015 19566 19599
25912 25962 25726 26039 26736 26896 27568 28134 28332 28383 28149 28039 27840 26914 25727 24797 23956 23594 23957 24105 24460 24320 24053 24319 24299 24194 24502 24706 25214 25545 25614 25316 25930 26612 26563 26196 25441 25145 25444 25709 26193 26275 26120 25796 25312 25219 24751 24827 24858 25335 26326 26587 26670 26600 26622 26505 26089 25874 25250 25142 25092 25656 26384 26683 26981 27229 26956 26338 24687 23572 23073 22709 22211 21303 20294 19834
25135 25124 24988 24851 24753 26129 26557 27119 27331 27519 27821 27615 26371 25957 25592 24846 24112 23551 23481 23729 23870 23778 23545 23443 23387 23545 23755 23858 24380 24407 24808 25268 25935 26157 26118 26103 25757 25747 25768 25729 26169 26225 25806 25688 25445 24957 24550 24624 24684 25027 25670 26154 26471 26523 25990 25301 24521 23843 23358 23483 24067 24607 25290 25461 26594 27189 27155 26420 24855 23692 22820 22478 22358 22070 21353 20768
24531 24524 24769 24931 25087 25670 25735 25908 26424 26768 27249 26653 24960 24868 25017 24542 24183 23956 23438 23576 23647 23502 23167 23103 23202 23344 23416 23461 24013 24125 24459 24994 25614 25473 25359 25465 25463 25703 25749 25667 25590 25805 25832 25592 25328 24954 24870 24889 24960 25691 26127 26339 26289 25462 24243 23371 22459 21892 21936 22101 22971 23842 24511 25272 25930 26764 26759 26239 24727 23157 21413 21046 21955 22380 22179 21218
23958 24091 24388 24714 24847 24888 25287 25580 25664 26450 26804 26693 26020 25947 24871 24422 24399 24116 24057 23898 23764 23369 23245 23021 23143 22944 22874 23616 23638 23495 23532 23518 24325 24343 24399 24289 24536 24933 25020 24924 24688 24974 25189 25238 25141 25143 25237 25538 25768 26147 26378 26331 25786 23811 22205 21439 20633 20372 20067 20341 21225 22499 23694 24686 25382 25939 26203 26005 24318 22515 21603 21227 21645 22766 22613 21857
23966 24074 24112 24021 24168 24441 24803 25157 25612 25769 26048 26177 26279 26116 25161 24577 24417 24282 24162 23862 23358 23359 23042 23113 23188 22069 21505 23009 23025 22370 22827 22843 23280 23558 23622 23639 23693 23845 24030 24014 24012 24268 24603 24793 24969 25135 25386 25666 26040 26044 26302 26200 25134 23492 21996 21309 20023 19277 18972 18817 19646 21359 23049 24299 24998 25530 26133 26155 25921 24482 23460 23350 23741 23663 23290 23296
23945 23917 24092 24273 24633 25030 25037 25255 25277 25359 25779 25803 25828 25327 24509 24508 24501 24178 23911 23944 23921 23643 23394 23205 23280 23454 23549 23561 23197 22574 22557 22582 22958 23069 22554 22909 22856 22674 22710 23195 23238 23401 24076 24199 24818 25194 25347 25507 26031 26279 26325 25808 24703 23713 22334 21260 20007 19153 18603 18623 19510 21240 23013 23965 24425 24840 25683 26335 26895 26749 26199 26090 25920 25347 24506 24323
23752 23827 24253 24623 24914 25393 25535 25680 25918 25786 25721 25787 25400 24790 24325 24042 24096 23989 24327 24288 24248 23956 23722 23594 23265 23460 23467 23432 23263 22738 22634 22341 22524 22241 21847 22529 22581 22522 22321 22342 22428 22569 23312 23877 24605 24834 25050 25556 26260 26535 26417 25909 24872 23948 22722 21176 20083 19249 18985 19528 20414 22170 23065 23872 24449 25006 25619 26301 27208 27030 26692 26880 27020 26945 26327 25886
24292 24095 24264 24776 25501 25908 25804 26065 26020 25957 25760 25608 25444 25075 24717 24627 24458 24331 24919 24714 24365 24132 24079 23664 23310 23348 23407 23163 22975 22745 22377 21227 22072 22195 21901 21980 21983 22256 22011 22000 21970 22059 22581 22992 23700 23879 24423 25172 26229 26518 26287 25818 24963 23969 23097 22556 21741 20906 20744 21420 21912 22455 22775 23451 24313 25028 25897 26864 27544 27215 26483 26690 27057 27472 28106 28095
24511 24517 24697 25005 25553 26016 26009 26065 26085 26016 25668 25094 24887 25008 25243 25006 24744 24271 24855 24604 24095 24234 24316 23956 23424 23535 23505 23389 23203 22718 22193 22783 22891 22371 21890 21919 21919 22093 22166 22165 22177 22187 22245 22713 23153 23583 23569 24213 25499 25886 25513 25007 24358 23636 22714 22322 21990 21723 21683 21665 21888 21859 22097 22858 23603 24805 25923 26837 27451 27188 26302 26353 26669 27120 27964 28223
25054 24897 24965 25237 25448 25597 26052 26125 26011 25728 24726 24145 24042 24832 25307 25060 24746 24331 24182 23830 23422 23982 24197 23972 23869 23584 23448 23190 23149 23160 23278 23493 23280 22490 22180 22181 22145 22045 22192 22507 22572 22069 22216 22684 23131 23213 23341 23789 24868 25433 25295 25059 24419 23168 22088 21660 21405 21300 21221 21122 21184 21346 21854 22653 23513 24541 25672 26231 26420 26343 26166 26268 26271 26220 27288 27869
25107 25295 25325 25342 25470 25682 26009 26068 25926 25666 25280 24594 24702 25043 25236 25180 24967 24724 24173 23389 23114 23462 23868 24349 24264 23894 23609 23461 23387 23574 23648 23789 23349 22843 22321 22295 22196 21967 22175 22563 22610 22019 22108 22540 23237 23576 23856 23888 24668 25228 25208 25002 24456 23498 22781 21625 21071 21325 21049 21092 21139 21552 22319 22843 23379 24767 25654 25667 25883 26013 25733 25680 25591 25780 26614 26968
25306 25408 25391 25261 25143 25267 25884 25968 26150 26020 25848 25649 25649 25494 25276 25254 24969 24757 24027 23288 23136 23812 24420 24332 24184 24150 24217 24126 24106 24160 24079 23982 23669 23485 23028 22328 22008 22010 22003 22133 22104 22313 22638 22933 23490 23683 23910 23860 24179 24966 25201 25310 25286 24590 23711 22720 22536 22536 21731 21850 22248 22371 22900 23403 24513 25337 25514 25482 25025 24805 24998 25020 25066 25114 25822 26185
24242 24218 24019 23692 23892 24346 24808 25314 26037 26108 26267 26188 25849 25478 25146 25157 25043 24990 24324 23810 23818 24404 24520 24434 24192 24491 24779 24639 24377 24160 24020 23708 23853 23940 23669 23164 22653 22398 22275 22529 22780 23194 23269 23128 23306 23594 23790 23773 23856 24296 24867 25442 25434 25265 25260 24662 24151 23831 23283 23434 23577 23978 24097 24269 24883 25280 24949 24759 24489 24375 24145 24252 24410 24302 25372 25915
22893 22316 21940 21809 22201 22584 23349 23971 24453 25224 26138 26201 26076 25757 25742 25805 25799 25580 25380 24842 24680 24489 24363 24288 24259 24589 24957 25052 25008 24578 23960 23616 23811 24023 24107 23899 23396 23210 23016 22909 23217 23266 23209 23136 23140 23058 23156 23369 23597 23698 24417 24883 25351 25911 25777 25473 24855 24237 24500 24620 25056 25174 25233 25253 25099 24843 24304 23819 23952 23767 23682 23790 23587 23463 24282 24826
