Alternative/Moon/Lvl0_30x30/Ele_DA.asc
ncols         335
nrows         335
xllcorner     -20042508.343
yllcorner     -3377166.958
cellsize      10000
nodata_value  -9999.0
[rows 34 to 67 of 335, columns 231 to 307 of 335]
25311 25325 25298 25433 25171 25151 25122 25088 25100 25118 25132 25105 25089 25167 25254 25306 25296 25161 25283 25231 25312 25491 25656 25615 25433 25468 25363 25643 25846 26272 26504 26773 26853 26680 26561 26549 26642 26346 25963 26086 26135 26065 26127 26117 26153 26267 26212 27160 28039 28557 28647 28329 28034 28274 28113 28196 28339 28614 29086 29243 28346 27378 26275 24191 23189 22954 22854 23102 23261 24459 25971 27905 28959 28686 28182 27711 27511
25188 25278 25286 25495 25312 25187 25163 25105 25103 25083 25141 25121 25112 25131 25246 25296 25295 25289 25307 25224 25273 25629 25699 25653 25268 25286 25306 25520 25887 26415 26446 25536 24818 24598 24377 26080 26727 26748 26243 26086 26170 26007 25996 26077 26120 26364 26544 26678 26708 27947 28335 28440 28200 28080 28065 28141 28247 28521 28867 29208 28134 26801 25595 23720 23084 23031 23034 23075 23072 23949 25502 27996 28631 28595 28137 27816 27474
25266 25272 25236 25284 25234 25162 25154 25117 25103 25083 25044 24992 25054 25156 25166 25176 25253 25223 25200 25218 25323 25546 25036 25388 25477 25778 25705 25488 25879 26535 25947 23716 22542 22201 22110 23758 26392 27033 26442 26132 26015 26105 26122 26088 26122 26225 26397 26791 27655 28429 28811 28847 28550 28209 28003 27923 28242 28237 28697 28884 27795 26159 24972 23497 23099 23118 23143 23187 23521 24340 25650 27957 28583 28673 28310 27902 27649
25335 25228 25268 25250 25278 25276 25224 25161 25123 25057 25064 25036 25080 25219 25272 25332 25285 25326 25287 25300 25629 25505 25509 25870 25623 25522 25559 25561 25988 26841 26319 23765 22119 21623 21556 22468 25489 26841 26537 26169 26099 26067 26099 26094 26109 26137 26244 26568 27645 28957 29413 29139 28602 28221 27873 27790 27752 28062 28417 28545 27763 26000 25137 24227 23321 23466 23606 23952 24761 25673 26774 28180 29103 28897 28519 28006 27794
25314 25232 25284 25164 25149 25220 25218 25202 25091 25060 25186 25287 25307 25541 25759 25893 25948 25836 25782 25508 25558 25736 25648 25561 25536 25502 25482 25611 26159 27015 26546 24023 21909 21620 21572 22857 25417 26831 26483 26122 26161 26149 26140 26052 26138 26289 26272 26669 27454 28812 29127 28643 28077 28113 28006 27748 27664 27787 28146 28493 28077 26659 25963 25422 24622 24257 24532 25452 26771 27584 28442 28892 29425 29321 28963 28467 28265
25193 25208 25129 25126 25139 25168 25185 25291 25211 25135 25224 25347 25591 26151 26264 26158 26301 26343 26401 25891 25535 25497 25323 25484 25429 25458 25451 25625 26088 27158 26994 24958 22731 21702 22067 24043 26052 26785 26509 26184 26193 26079 26023 26094 26358 26648 26631 26935 27879 28472 28357 28081 28066 28118 28055 27715 27689 27679 28028 28359 28080 27477 27068 26198 25603 25133 25460 26669 27781 28421 28781 28657 29083 29224 29224 29201 29023
25227 25188 25159 25149 25210 25229 25244 25274 25203 25283 25298 25631 26375 26485 26174 25061 24665 25701 26503 26323 26073 25744 25425 25424 25316 25410 25406 25517 25925 26860 27069 26899 24719 23793 24324 25773 26260 26204 26211 26212 26039 26023 26068 26177 26671 27175 27182 28005 28116 28016 28008 28047 27969 27946 27879 27804 27696 27705 27727 27978 28219 28205 28065 27248 26754 26452 26985 28246 28639 28545 28517 28155 28066 27769 28189 29175 29375
25269 25216 25231 25264 25301 25305 25288 25397 25248 25360 25495 26211 26881 26107 24092 22331 22404 23075 24332 26247 26430 25867 25520 25315 25317 25367 25372 25232 25657 26126 26925 26884 25705 26720 27000 27255 27094 26358 26189 26191 25954 25964 26013 26181 26629 27305 27323 27980 28767 28726 28272 28186 28212 28171 28143 27922 27699 27666 27686 27850 28331 28742 28676 28570 28095 27907 28092 29299 29084 28533 27611 26311 25702 25680 25953 26568 28894
25260 25129 25147 25157 25222 25297 25260 25312 25221 25406 25746 26545 26993 24797 22579 21618 21683 21889 22791 25223 26362 25883 25649 25523 25535 25392 25471 25228 25167 25665 26255 26499 26376 26822 26964 27029 26904 26559 26345 25964 25953 25964 26004 26075 26309 27103 27176 28141 29111 28956 28301 28858 29185 29135 28732 28128 27861 27666 27706 27795 28141 28296 28371 28548 28839 29104 29247 29630 28960 27739 26145 24643 23933 23902 24555 24660 26861
25167 25110 25158 25232 25120 25228 25264 25248 25231 25414 25808 26843 27016 24361 22328 21550 21506 21557 22370 25219 26316 26102 25714 25666 25718 25584 25466 25405 25518 25656 25666 26003 26043 26252 26325 26326 26351 26233 26065 25951 25937 25959 25972 26142 26161 26323 26593 27569 28162 27986 28245 29999 30444 30101 29074 28122 27737 27677 27701 27900 28411 28234 27994 28284 28826 29075 29526 29772 28458 27015 25181 23535 23824 23875 23250 23812 25497
25087 25119 25151 25234 25073 25243 25244 25234 25256 25470 25834 26840 26908 25242 23012 21538 21455 21777 23195 26145 26629 26144 25726 24818 25611 25631 25435 25452 25463 25619 25634 25728 25717 25884 25991 26058 26095 26024 25945 25922 25918 26014 26096 26227 26268 26287 26664 27935 28656 28360 28847 30112 30605 30213 29006 28249 27812 27775 27661 28123 28501 28311 27856 27919 28356 28926 29540 29728 27616 25809 24070 23042 24022 24067 23691 24567 25836
25070 25204 25372 25362 25246 25376 25386 25206 25275 25438 25729 26341 26928 26559 24708 22723 22042 23279 25326 26702 26560 26153 25069 24513 24691 25723 25502 25360 25355 25363 25520 25597 25547 25657 25831 25990 26015 26027 25995 25995 26018 26073 26126 26147 26294 26234 27107 28705 28933 28626 28974 29770 30056 29569 29316 29008 28616 28086 27677 27963 27978 27815 27742 27751 28165 28697 29190 29514 27616 25519 24134 22918 22950 23913 23922 25235 26271
25054 25206 24848 25234 25331 25341 25351 25291 25314 25418 25475 25871 26642 26932 26753 25606 24975 25826 26514 26690 26234 25866 25673 24768 25652 25613 25393 25384 25378 25300 25365 25518 25461 25543 25735 25959 25983 26046 26054 26084 26060 26070 26093 26108 26152 26359 27194 28788 28744 28424 28638 28785 28786 28950 29023 28888 28671 28068 27816 27760 27781 27733 27668 27733 28025 28280 28857 29292 28683 26028 24997 23896 23138 23399 24919 26219 26828
25074 25231 25350 25379 25340 24315 25037 25293 25340 25333 25357 25592 26130 26741 26782 26651 26436 26420 26405 26297 25840 25579 25621 25588 25706 25563 25341 25340 25336 25343 25334 25420 25447 25512 25820 25972 25969 25977 26025 26096 26114 26107 26165 26283 26339 26434 27138 28156 28132 28372 28382 28365 28364 28642 28788 28527 28259 28086 27904 27827 27787 27707 27595 27686 27837 28112 28414 29123 28948 27299 27132 25792 24698 24675 25565 26760 27807
25168 25183 25202 25291 25325 24918 25343 25284 25288 25263 25268 25385 25523 25741 25974 25995 25985 25729 25526 25436 25367 25388 25416 25481 25455 25321 25316 25406 25466 25567 25466 25460 25426 25543 25869 26034 26060 26125 26139 26160 26158 26308 26279 26607 26575 26588 27131 28180 28103 28551 28720 28438 28259 28273 28223 28107 28007 27931 27907 27777 27795 27699 27614 27704 27820 28006 28262 28547 28942 28443 27939 27693 26820 26729 27280 28457 28912
25183 25245 25218 25340 25534 25293 25369 25214 25243 25204 25206 25242 25325 25358 25393 25359 25271 25180 25204 25273 25236 25235 25300 25266 25331 25399 25453 25478 25626 25471 25533 25428 25494 25591 25973 26041 26026 26180 26167 26265 26367 26515 26461 26945 26891 27115 28227 28933 28913 29440 29567 29103 28296 28156 28150 28081 27999 27934 27736 27631 27626 27586 27735 27919 27748 27861 27908 28119 28468 28531 28609 28915 28925 28473 28743 28979 28976
25155 25240 25177 25299 25306 25118 25130 25180 25283 25324 25267 25217 25265 25256 25246 25240 25223 25225 25266 25240 25189 25186 25213 25270 25297 25446 25428 25511 25342 25156 25690 25535 25541 25612 25907 25951 26075 26173 26223 26276 26352 26574 26631 26993 27127 28042 28446 29118 29386 29589 29543 29048 28410 28131 28056 28105 28079 27926 27654 27521 27499 27533 27715 27907 27672 27740 27879 27928 28046 28150 28555 28874 28985 28729 28805 28593 28444
25144 25203 25279 25300 25146 25175 25219 25218 25330 25400 25314 25232 25232 25215 25174 25208 25224 25144 25277 25264 25181 25179 25252 25320 25380 25449 25533 25575 25309 25789 25781 25576 25582 25714 26018 26150 26125 26213 26247 26297 26407 26449 26447 26821 28045 28536 29335 29840 30075 30127 29659 28837 28424 28340 28148 28105 28009 27814 27678 27584 27389 27362 27336 27549 27604 27805 27983 27962 27948 27884 28108 28156 28059 28060 28159 28254 27923
25205 25283 25191 25160 25189 25253 25234 25241 25191 25361 25247 25161 25224 25133 25185 25235 25222 25191 25238 25227 25204 25199 25299 25365 25457 25653 25805 25766 25814 25817 25781 25754 25758 25890 26101 26204 26216 26265 26278 26335 26318 26324 26363 26781 27993 29062 29566 30342 30720 30750 29980 29106 28416 28329 28109 28018 27897 27568 27599 27544 27402 27299 27242 27380 27441 27888 28402 28483 28365 28257 28269 28023 27733 27628 27662 27678 27546
25279 25265 25091 25179 25217 25218 25226 25253 25153 25210 25182 25097 25165 25149 25150 25199 25221 25244 25241 25221 25255 25279 25339 25390 25593 25839 25957 25976 25919 25878 25874 25732 25964 26215 26241 26292 26370 26445 26477 26469 26343 26324 26318 26775 27980 28865 29382 30379 31185 31427 30332 29189 28799 27958 27913 27793 27625 27496 27492 27340 27288 27261 27238 27413 27558 27667 28303 28397 28077 27598 27637 27749 27453 27473 27460 27479 27360
25313 24965 24852 25169 25228 25207 25179 25159 25140 25138 25101 25116 25145 25146 25249 25170 25204 25192 25294 25280 25318 25360 25536 25680 25898 26023 26436 26442 26310 26228 26168 26325 26465 26484 26533 26454 26463 26511 26504 26442 26420 26327 26310 26652 27494 28094 28605 29510 31085 31339 30678 29349 28484 27752 27512 27548 27468 27423 27363 27333 27396 27324 27257 27349 27594 27585 28072 28395 26997 25755 25967 27354 27486 27456 27474 27459 27365
25355 25371 25281 25191 25137 25127 25082 25111 25036 25062 25061 25082 25119 25152 25196 25168 25206 25225 25266 25337 25346 25595 25797 26028 26493 26699 26872 26945 26999 27126 27122 27066 26841 26602 26555 26626 26538 26554 26483 26415 26317 26270 26434 26600 26579 26854 27539 29125 30835 31157 30653 29206 28303 27618 27491 27574 27524 27441 27396 27385 27425 27599 27638 27592 27665 27804 27779 28185 26891 25544 25809 27684 27959 27543 27407 27492 27402
25360 25284 25241 25200 25137 25130 25094 25096 25090 25119 25119 25122 25121 25138 25174 25182 25209 25288 25331 25467 25654 26094 26323 26875 27680 27629 27137 26996 27164 27175 27432 27492 27386 26969 26839 26588 26585 26557 26427 26287 26310 26422 26569 26425 26444 26714 27137 28518 30475 30867 30485 29654 29112 27997 27599 27667 27659 27475 27486 27636 27751 27665 27806 28058 27937 27712 27565 27582 27767 27604 27836 28017 28026 27637 27406 27415 27355
25342 25210 25176 25063 25102 25156 25111 25074 25081 25195 25201 25206 25233 25246 25241 25298 25359 25498 25586 25712 25947 26361 26774 27436 27592 26637 26029 25401 25494 25679 26379 27504 27748 27230 26799 26464 26482 26463 26403 26367 26325 26404 26619 26684 26423 26812 27401 28483 29372 30260 30846 30612 29190 28246 27673 27489 27561 27560 27684 27983 28132 26823 26386 27939 27922 27461 26975 27652 27952 27943 28083 27944 27707 27543 27690 27732 27516
25373 25224 25166 25226 25247 25162 25145 25106 25143 25328 25305 25210 25234 25247 25336 25374 25480 25639 25761 25885 26177 26508 26887 27315 26501 24535 24385 24270 24165 24007 25077 26722 27785 27479 26980 26652 26623 26429 26412 26341 26261 26369 26692 26697 26586 27342 28286 30142 31292 31788 31898 31260 29596 28430 27931 27630 27424 27420 27768 28202 28453 27220 26601 27932 27914 27283 27294 27534 27471 27417 27492 27647 27523 27797 27649 27760 27950
25695 25370 25424 25441 25497 25332 25219 25162 25217 25313 25353 25294 25317 25522 25614 25678 25766 25827 25918 26119 26300 26795 27071 26567 24644 23692 23584 23755 22206 21785 23088 25404 27651 27606 27059 26647 26604 26429 26373 26270 26235 26345 26450 26537 27272 28980 30483 31708 32306 32354 32210 31457 29704 28661 28400 28139 27621 27644 28078 28326 28354 27833 28176 28451 27167 26125 27481 27732 27470 27281 27368 27511 27635 27830 27269 27567 27973
25616 25653 25491 25459 25325 25470 25377 25337 25308 25264 25414 25534 25638 25746 25771 25752 25970 25900 25945 26275 26570 27220 27369 25456 23725 23306 23565 23742 22209 21242 22247 24871 27493 27610 27146 26725 26509 26356 26297 26186 26221 26355 26555 27533 29216 30686 31717 32325 32289 32233 30795 30668 29612 28477 28138 28090 27939 27843 28208 28347 26802 26803 28302 28347 25049 24032 27135 27953 27411 27285 27307 27501 27596 27899 27988 27838 27779
25901 25920 25567 25720 25875 25641 25629 25556 25507 25533 25674 25755 25772 25762 25784 25907 26008 25979 26028 26271 26706 27436 27524 25242 23610 23214 23396 23762 23475 23030 23687 24864 27032 27374 27078 26808 26721 26377 26220 26174 26218 26326 26799 28318 30833 31653 32086 31904 31508 30702 29494 29639 29108 28113 27835 27983 27850 27748 27873 28223 27105 26849 28316 28560 26767 26470 28086 28078 27373 27324 27310 27478 27525 27721 27369 27450 27408
26206 25954 25784 25585 25590 25668 25623 25449 25854 25880 25718 25966 26000 25937 25873 25843 25992 25962 25955 26237 26648 27580 27698 25503 23621 23138 23138 23473 23461 23436 23757 25100 27241 27623 27162 26694 26726 26346 26259 26254 26238 26666 27307 28303 30900 31772 31881 31317 30132 29237 28678 28422 28126 27725 27679 27609 27558 27645 28045 28325 28189 27972 28324 28585 28451 28420 28335 27845 27443 27494 27007 27301 27537 27498 27457 27466 27393
26174 25954 25853 25701 25790 25812 26057 26192 26443 26404 25913 25935 25889 25867 25908 25808 25854 25895 26023 26214 26627 27489 27650 26499 24299 23306 23114 23048 23104 23248 24277 26142 27654 27620 27096 26853 26588 26349 26368 26339 26333 26834 27473 28748 30617 31060 30243 30196 29731 28596 28014 27916 27723 27714 27706 27828 27672 27868 27998 27955 28095 28106 27999 28046 28357 28435 28053 27569 27557 27563 26053 26293 27424 27450 27463 27323 27477
26078 26068 25865 25707 25712 25778 26275 25801 24951 26163 25973 25790 25832 25864 25909 25862 25817 25817 25999 26102 26445 27017 27552 27499 25464 24076 23622 23224 23302 24236 25840 27599 27803 27431 26884 26622 26172 26608 26251 26455 26364 26888 28191 29181 30697 30962 30277 29149 29138 28217 27943 27791 27784 28075 28176 27960 27766 27829 28158 28061 27745 27857 27843 27799 27820 27762 27654 27520 27577 27625 27228 27436 27550 27410 27421 27408 27672
26334 26126 25942 25791 25986 25940 26346 26445 26103 26307 26050 25863 25883 25851 25806 25864 25909 25906 25994 26100 26278 26575 27084 27443 27198 25769 25479 25428 25628 26588 27529 27845 27607 27239 26930 26696 26429 26618 26871 26772 26401 26947 28321 29017 30111 30171 30002 29127 28941 28632 28051 27771 27874 28501 28585 28085 27627 27737 28103 27922 27388 27569 27778 27739 27604 28113 28000 27244 27434 27798 27610 27486 27464 27188 27269 27418 27696
26311 26232 26025 25841 25872 26002 26270 26555 26439 26227 26005 25885 25952 25892 25853 25850 25934 25954 26030 26202 26253 26443 26698 27210 27450 27327 27455 27615 27640 27770 27728 27782 27261 26724 26959 26750 26300 26561 26939 27221 27000 27244 28291 28828 29078 29014 29029 28754 28822 28685 27953 27723 27786 28404 28463 28130 27960 27844 27676 27625 27305 27700 27914 27779 27515 28350 28089 26984 27253 27637 27421 27349 27255 27226 27332 27367 27635
26314 26182 26020 25863 25901 25927 25964 25982 25914 25923 25941 25933 26157 26447 26432 26317 25938 26024 26091 26159 26323 26445 26475 27170 27511 27415 27434 27695 27661 27673 27525 26938 26610 26738 26811 26667 26272 26591 27293 27406 27874 27546 27576 28394 28482 28490 28429 28504 28098 28267 27955 27762 27939 27852 27858 28180 28367 28289 27978 27865 27570 27757 27913 27764 27513 28052 28069 27548 26919 27057 27072 27218 27240 27325 27542 27481 27600
