Alternative/Moon/Lvl0_30x30/Ele_DI.asc
ncols         335
nrows         335
xllcorner     6757491.657
yllcorner     -3377166.958
cellsize      10000
nodata_value  -9999.0
[rows 102 to 135 of 335, columns 154 to 230 of 335]
19592 19970 20469 21219 21580 21991 22103 22173 22364 22543 22699 22762 23041 23201 23344 23255 23480 23400 23052 23190 22836 23009 23239 23387 23320 22901 22690 21802 21129 21184 21136 21078 21278 21304 21287 21109 20480 20083 19501 18745 18247 18111 18371 18688 18483 18505 18636 18775 19409 19355 19238 19080 19038 19192 19237 19344 19328 19406 19662 19872 19937 20027 20428 20608 20320 19801 20299 20813 20900 20346 19857 19576 19603 19811 20288 20762 21088
19801 19771 19972 21023 21758 21915 22340 22351 22408 23017 23199 22974 22897 23383 23520 22421 22147 21860 21353 20662 20430 20127 20561 21322 21346 22095 22369 22093 21950 21421 21324 21342 21285 21291 21231 21083 20579 20167 19768 19275 18714 18563 19075 19171 19075 19195 19312 19391 19565 19623 19485 19237 19098 19053 19066 19211 19246 19207 19677 19898 19846 19818 19969 20492 20724 20808 20874 20987 20441 19902 19533 19502 19516 19477 19920 20267 20404
19636 19913 20512 20911 21689 22221 22374 22613 22961 23018 23022 23258 23141 22889 22119 21762 21454 20886 20488 20376 20011 19391 19719 19932 20125 20475 20866 21314 22050 22221 22096 21692 21678 21301 20970 20630 20558 20041 19756 19553 19533 19565 19742 20047 20402 20780 20776 20594 19998 19703 19656 19385 19222 19172 19157 19283 19296 19224 19377 19521 19568 19481 19469 19552 20060 20203 20434 20357 19932 19656 19543 19508 19483 19491 19685 20036 19952
19791 20254 20539 20942 21291 21872 22161 22761 23003 22863 22964 23062 22041 21036 20577 20174 20075 19266 19522 19419 19133 18779 18792 18977 19421 19895 20255 20785 21315 22258 22160 22227 22073 21608 21253 20772 20811 20550 19938 19876 20404 20625 20560 20727 21034 21235 21219 20982 20570 20193 19894 19829 19455 19299 19311 19192 19243 19295 19338 19210 19427 19395 19347 19297 19449 19413 19807 19796 19653 19596 19519 19585 19526 19552 19677 19978 19855
20027 20412 20736 20720 21022 21311 21831 22808 23026 22509 21319 21128 20713 20653 20364 19601 18934 18593 18723 18801 18411 18537 18330 17797 18366 19183 19385 20107 20767 22146 22094 22311 22236 21783 21521 21234 21199 21225 20517 20058 20515 20703 20585 20490 20459 19876 19738 19880 20434 20343 20350 20163 19789 19508 19507 19240 19294 19377 19317 19245 19290 19365 19269 19265 19339 19256 19245 19415 19408 19499 19552 19626 19624 19559 19925 19895 19938
19984 20684 20803 20596 21064 21769 22189 23076 23051 21082 21016 20825 20386 19553 19349 18138 17862 17616 17955 17852 17638 17877 18038 17635 16801 17929 18899 19409 20380 20600 21876 22339 22388 21926 21883 21671 21687 21424 20786 20380 20362 19357 18840 18348 17871 17386 17875 18603 19168 20299 20508 20371 19964 19459 19472 19342 19218 19248 19256 19245 19334 19400 19363 19275 19313 19155 19119 19217 19365 19700 19707 19756 19691 19696 19737 20020 19855
20045 20656 20839 20990 21153 22188 22616 22708 21075 20665 20486 19778 18460 17878 17306 16579 16570 16328 16177 16567 16634 16314 16137 16554 16592 17010 17755 18815 19983 20289 21229 22707 22758 21933 21698 21809 21850 21565 21213 20520 19302 18550 17632 16652 16362 16580 17330 18147 18562 19744 20635 20307 19794 19497 19500 19536 19296 19213 19289 19189 19220 19182 19158 19241 19255 19134 19160 19423 19799 19887 20060 19729 19811 19814 19729 19886 19899
20121 20607 20748 21230 21877 22549 22547 21945 20358 19786 19378 18130 17493 16412 15855 15237 15327 15229 14955 15174 15264 15291 15221 15615 15998 16719 17091 17861 19489 19908 20882 22815 23118 22979 22568 21747 21852 21687 21248 20554 19118 18121 16882 15730 15611 15714 15965 17215 17828 19088 20645 20498 19919 19639 19444 19555 19365 19263 19336 19304 19231 19222 19160 19138 19263 19167 19443 19667 19966 20397 20334 19834 19904 20026 20202 19973 20106
20231 20786 20807 21718 22144 22597 22500 21068 20309 19272 17935 17035 16172 15842 15592 15044 15060 14910 14686 14773 14780 14799 14814 14956 15127 15525 16412 17587 18494 19309 19868 21836 23011 23167 22771 21803 21857 21833 21186 20574 19262 18105 16984 15981 16204 16197 15676 16835 17698 19577 20565 20150 19976 19684 19509 19537 19460 19449 19347 19313 19265 19265 19252 19205 19168 19147 19487 20223 20119 20322 20475 20133 19922 20054 20204 20023 20063
20711 20849 20946 21988 22698 22757 22309 20810 19567 18392 17335 16445 15292 15046 14993 14715 14532 14554 14562 14627 14705 14671 14659 14871 14991 15448 15608 16477 17944 19261 19849 20706 22263 23209 23124 22610 21929 21974 21275 20486 19315 18133 17154 16379 15940 16002 16027 17591 18731 20425 20705 20126 19966 19568 19556 19482 19547 19512 19337 19318 19130 19186 19276 19291 19266 19264 19621 20481 20347 20233 20391 20172 19900 19761 20122 20040 20075
20677 20752 21162 22061 22709 22690 21951 20570 19083 18195 17035 15578 15116 14966 14534 14457 14687 14600 14632 14481 14515 14631 14716 14903 14949 15266 15294 15613 17380 18677 19748 20725 20822 22877 23288 22871 21723 21801 21625 20604 19009 18239 17199 16894 16321 16227 16791 18225 20151 21137 20885 20131 19689 19673 19375 19390 19446 19771 19543 19132 18993 19283 19484 19435 19291 19408 19513 20408 20512 20167 19995 19933 19991 20018 19970 20009 20012
20698 20706 21294 22005 22571 22500 21987 20127 19051 17935 16524 15227 14908 14581 14462 14376 14385 14603 14622 14566 15191 15960 15813 15132 14876 14931 15105 15930 16941 18481 19153 19995 20615 21905 23391 22986 22321 22022 21947 21012 19050 17903 17409 17036 16568 16910 17313 18811 21115 21095 20604 20002 19676 19477 19321 19241 19350 19395 19403 19376 19141 19491 19729 19572 19499 19483 19563 20029 20223 20024 19752 19627 19915 19988 20012 19959 20091
20709 20842 21120 21904 22413 22364 22090 20080 18961 17255 15750 14849 14629 14589 14483 14701 14713 14404 14686 14624 16470 17177 16567 15126 14895 14963 15153 15800 17081 18423 19175 19894 20401 22582 23910 23495 22898 22207 22029 21308 19638 18126 17938 17578 17381 17962 18956 20369 21149 20927 20305 19802 19535 19635 19390 19239 19202 19167 19305 19338 19145 19466 19809 19626 19855 19634 19444 19854 19881 19537 19672 19879 19852 20103 20104 19917 19923
20660 20792 21411 21730 22348 22176 21447 20054 18617 16474 15147 14600 14448 14361 14403 14728 14936 14199 14139 14374 16392 17149 17016 15196 14985 15073 15172 15678 16777 18368 19138 19706 20207 22780 24392 24139 23334 22724 22069 21335 20418 20388 20254 20349 20343 20566 20839 20921 20835 20406 19843 19504 19482 19584 19430 19169 19125 19210 19404 19321 19338 19588 19639 19682 19979 19900 19407 19654 19698 19560 19838 19986 20153 20278 20193 20146 20260
20949 21086 21611 21700 21604 21857 21521 20398 18249 16171 14956 14522 14540 14386 14357 14379 14307 14201 14130 14330 14808 16421 16438 15393 14908 15058 15240 15901 16486 17718 18532 19217 20068 22529 24149 23997 23463 22646 22089 21161 20560 20371 20625 20784 20769 20642 20823 20681 20247 20031 20075 19861 19717 19762 19522 19233 19275 19329 19472 19575 19556 19745 19701 19695 19752 19717 19495 19641 19679 19782 19835 20108 20278 20009 19902 20308 20518
21299 21368 21671 21558 22275 22018 21296 20476 18141 16718 15387 14668 14522 14382 14386 14437 14403 14367 14322 14398 15242 15747 15137 14988 15024 15106 15316 15957 16510 17592 18747 20075 20327 22448 23859 23802 22887 22664 21623 20803 20440 20152 20115 20720 20683 20521 20304 20285 20143 19959 19988 19927 20023 20054 19669 19745 20013 19946 19789 19937 19889 19625 19778 19768 19525 19272 19232 19250 19321 19700 19752 20062 20229 20107 20196 20148 20473
21314 21577 21759 21433 22488 22509 21435 20499 18229 16474 15202 14674 14476 14481 14381 14442 14385 14370 14346 14403 15393 15690 15074 15078 15127 15228 15339 15624 16596 17825 19139 20094 20402 22364 23728 22879 22582 22471 21611 20985 20542 19904 19953 20277 20297 20215 20149 20283 20318 20130 20226 20206 20234 20183 20169 20081 20190 20188 19917 20007 20000 20001 20083 20170 19903 19304 19240 19161 19385 19488 19690 19655 19871 20149 20427 20409 20358
21466 21767 21741 21659 22284 22594 21945 20637 18741 16978 16037 15155 14737 14455 14369 14368 14343 14345 14379 14500 15529 15271 15190 15219 15176 15273 15364 15636 16509 17900 19342 20065 20573 22671 23309 22292 22543 22491 21644 21227 20498 20083 20037 19800 19794 19974 20417 20672 20649 20405 20386 20472 20584 20452 20388 20581 20583 20335 20330 20314 20435 20446 20270 20233 19970 19535 19391 19434 19530 19515 19412 19344 19604 20489 20770 20640 20388
21471 21774 21802 21680 22117 22623 22167 20865 20095 17950 16984 15992 14959 14651 14439 14435 14379 14458 14455 14545 15169 15253 15408 15642 15577 15348 15408 15835 16568 17905 19304 20002 20929 23189 23324 22291 22438 22279 21359 21072 20595 20282 19974 20410 20448 20696 20916 21096 20988 20589 20600 20768 20832 20649 20595 20632 20668 20643 20690 21048 21080 20931 20922 20514 20284 20099 19935 19840 19833 19720 19670 19518 19847 20541 20696 20578 20398
21582 21748 21787 21751 21934 22339 22190 21360 20482 18523 18135 16916 15780 14749 14532 14529 14572 14602 14542 14550 14897 15243 15215 15310 15766 15648 15936 16525 17165 18355 19288 19976 21808 23707 23588 22617 22236 21464 20985 20542 20578 20400 20385 20550 20560 20672 21046 21181 21143 21010 20801 20745 20864 20934 21108 20909 21100 21150 21124 21350 21389 21264 21171 21074 21045 20895 20587 20526 20343 20077 19791 19898 19794 20213 20458 20396 20491
21778 21769 21554 21725 21642 22008 22019 21372 20577 19519 18679 18120 16522 15194 15030 14900 14962 14963 14816 14894 15085 15369 15461 15625 15726 15795 16155 17059 18297 19278 19687 20017 22797 23688 23332 22642 21910 21503 20742 20440 20404 20401 20307 20495 20454 20573 20852 19837 21064 21029 20883 20898 20904 21098 21113 21194 21553 21592 21416 21487 21348 21350 21344 21062 21086 21106 21035 20800 20638 20676 19983 20061 19966 19762 20348 20342 20347
21490 21583 21519 21672 21604 21557 21852 21950 20491 20280 20084 18785 17642 16800 16333 15627 15330 15031 15036 15071 15010 15201 15583 15603 15476 16221 17021 18524 19402 20179 20259 21646 23318 23225 23032 22980 22114 21629 20953 20346 20315 20287 20217 20201 20253 20695 21142 21014 21265 21154 21071 21237 21364 21540 21430 21335 22002 22143 22345 22144 21934 21604 21369 21368 21401 21432 21196 21061 21180 21192 20827 20092 20054 20011 19717 19727 19859
20885 20996 21057 21217 21442 21424 21541 22058 21548 20771 20509 20231 18803 18170 18027 17421 16624 16122 15794 15792 15419 15534 16033 16033 16438 17018 17567 19105 19773 20187 21586 22911 22912 22543 22919 22896 22144 22008 21615 20694 20078 20117 20321 20320 20407 20696 20976 21269 21275 21234 21264 21774 21784 21534 21335 20357 21686 22039 22371 22281 22015 21829 21463 21195 21588 21497 21354 21265 21258 21359 21228 20521 20363 20183 20324 20435 20140
20226 20519 20922 20970 21195 21227 21469 21896 22287 20947 20985 20862 20681 19548 18844 18371 17853 17261 17292 17327 16893 16463 16822 17101 17595 18107 18930 19974 20337 21973 22907 22949 22325 22674 22793 22188 22247 22087 21622 20791 20032 20286 20561 20842 21015 21122 21250 21358 21594 21692 21592 21773 21666 20772 20002 20045 20083 20517 20553 19894 19796 20131 20236 19959 20879 21348 21638 21632 21527 21621 21566 20972 20677 20484 20695 20631 20189
20168 20811 20985 21114 21162 21125 21612 21844 22599 22060 21344 21417 20873 19870 19100 18865 18711 18781 18691 18223 17952 17278 17595 18109 18488 19714 20256 20622 22127 22423 22774 22682 22402 22407 22318 21941 22123 21899 21444 20738 20269 20799 20923 21391 21396 21237 21314 21898 22008 21817 21552 21429 20506 19493 18712 18664 18428 18344 18295 18057 17600 17893 18480 18634 18968 19578 20750 21383 21513 21618 21678 21413 21170 20767 20755 20624 20198
20155 21048 21338 21385 21393 21642 21711 22309 23205 23555 23118 21904 21960 21553 20459 18928 19317 19301 19311 19103 18842 18746 18780 19581 20365 21004 21091 21921 22640 22610 22366 22361 22424 21852 21767 21816 22012 21688 21110 20796 20599 20940 21184 21267 21324 21271 21434 21932 21943 21304 20337 19155 18407 18140 17740 17336 17204 17299 16821 16346 16834 17121 17443 18325 18642 18624 18582 19510 19842 21307 21721 21585 21538 21485 21444 21001 20331
21035 21230 21702 21667 21688 21615 21677 22576 23238 23585 23543 23660 23185 22830 22834 21803 20665 20272 20159 20284 19944 19825 20029 20018 21197 22044 22635 23205 23153 22022 21768 22159 22188 21619 21624 21583 21701 21308 21109 20665 20717 21400 21255 21399 21433 21418 21656 21552 21067 19766 18291 17667 17166 16755 16542 16619 16543 16150 15514 15455 16043 16273 16809 16821 17093 17439 17511 18380 19361 20687 22014 21967 22218 22233 21780 21488 21237
21107 21301 21609 21394 21542 21866 21520 22405 22861 22994 23388 23682 23685 23014 23481 23426 23270 23127 22886 22291 22261 22725 22452 22655 22912 23220 23229 23149 22614 22264 21940 21670 21778 21668 21421 21398 21656 21283 20736 20894 20907 21528 21557 21279 21231 21310 21312 20624 18961 18112 17467 16708 16098 16308 16023 15256 15047 15089 15223 15014 14905 15522 16001 16249 16174 16619 16952 17598 18948 20710 22020 22008 22275 21734 19035 20954 21412
22212 21825 21413 21246 21345 21619 21901 22798 23348 23289 23188 23516 23646 23497 23476 23985 23831 23892 23900 24236 24304 24148 24393 24145 23943 23900 23708 23103 22549 22068 21855 22012 21867 21680 21260 21115 21021 20671 20563 20936 21285 21522 21535 21435 21474 21217 20559 19118 17977 17244 16411 16443 15846 15633 15202 14681 14461 14122 14193 13991 14247 14514 15017 15535 15782 16054 16147 16586 17577 19757 21639 22009 22320 21254 18247 20614 21292
22346 21889 21350 21014 20986 21225 21833 22885 23428 23599 23593 23695 23762 24062 24330 24244 24147 24144 24283 24522 24883 24840 24510 24485 24094 23649 23681 22946 22402 22049 21942 21946 21663 21416 20905 20583 20520 20461 20929 21120 21367 21616 21652 21665 21550 20389 19291 18243 17079 16343 15997 15899 14649 14408 13844 13718 13615 13619 13282 13211 13368 13884 14260 14235 14838 15608 15854 15664 15842 17520 19682 21540 21971 21931 21529 21815 21247
21853 21592 21016 21159 21242 21013 21512 22610 23264 23717 23777 23261 23519 24032 24318 24490 24535 24170 23926 24593 25310 25388 25199 24585 24133 23680 23274 22541 22603 22112 21901 21957 21908 21476 21077 20666 20520 20506 20971 21310 21903 21825 21683 21872 21220 19247 18162 17117 16129 15913 15646 14715 13978 13669 13340 13162 13107 13214 13149 13148 13168 13153 13320 13633 13758 14393 14929 15007 14665 15621 17501 19658 21376 21495 21672 21622 21300
21589 21425 21152 21046 21154 20955 21143 21986 22912 23136 23077 22760 22565 23985 24115 24067 24153 24013 24356 24582 25280 25529 25437 24739 24279 24038 23322 22452 22398 22147 22114 21909 21925 21553 21222 20566 20455 20929 21195 21480 21815 21797 21994 21723 20134 18105 17474 16599 15634 15344 14417 13941 13682 13481 13227 13204 13095 13049 12985 12922 13050 13068 13255 13364 13688 13894 13875 13762 13996 14355 16200 18361 21109 21478 21008 21147 21384
21409 21095 20906 20881 20853 20709 20657 21668 22029 22156 22886 23258 22642 23730 23837 23104 23183 23921 24327 24591 25108 25457 25343 24657 24128 23803 23194 22581 22465 22270 21714 21723 21669 21768 21285 20352 20452 20912 21394 21690 21781 21706 21705 21072 19115 17657 17004 16219 15437 14906 14214 13539 13250 13270 13274 13103 12978 12955 13101 12925 12923 12986 13131 13127 13131 13331 13423 13494 13732 14041 15649 17667 20010 21062 21307 21074 21067
20701 20585 20498 20978 21793 21917 21714 21663 21979 22186 23063 23155 22444 22860 23081 22696 22505 22904 23584 24368 24926 25069 24919 24411 23738 23126 22661 22369 22395 21989 21697 21381 21540 21614 21152 20614 20755 21109 21340 21808 21869 21774 21660 20035 17636 16709 16070 15170 14686 14523 13773 13480 13260 13194 13154 13091 13154 13165 13045 12940 12846 12806 12835 12845 12856 12964 13217 13449 13770 13818 15357 17630 18887 20202 21699 21349 20845
