Alternative/Moon/Lvl0_30x30/Ele_CH.asc
ncols         335
nrows         335
xllcorner     3407491.657
yllcorner     -27166.958
cellsize      10000
nodata_value  -9999.0
[rows 204 to 237 of 335, columns 154 to 230 of 335]
18091 18047 17823 17856 17318 16933 17165 17355 17451 18372 18469 18623 18565 17516 17457 17646 17914 17792 17983 18334 18457 18161 18006 17856 17637 17461 17441 17435 17552 17752 18056 18393 18363 18373 18192 17902 17571 17490 17375 17394 17513 17540 17862 18110 18447 18937 19382 19553 19899 20131 19781 19739 19719 19662 19252 18666 18821 18934 19177 19364 19363 19241 19213 18656 18571 18353 18314 18234 18672 19291 19325 19234 19234 19093 19583 20552 20786
18152 17997 17926 17497 17024 16842 17038 17256 17471 18087 18274 18228 17812 17570 17502 17566 17910 18129 18514 18622 18501 18205 18142 18032 17633 17518 17384 17341 17484 17823 18285 18458 18349 18363 18336 17830 17569 17446 17356 17393 17380 17465 17575 17604 17627 18405 18792 18951 19146 20135 20021 19990 19796 19806 18894 18340 18441 18790 19144 19333 19460 19233 19226 18708 18197 17817 17704 17729 18218 19046 19391 19237 19241 19571 19587 19895 19665
18459 18746 18419 18022 17080 16925 17039 17107 17301 17780 17594 17557 17621 17591 17441 17337 17633 18170 18591 18733 18553 18178 17992 17951 17571 17501 17381 17352 17419 17713 18064 18104 18181 18057 17912 17791 17585 17571 17477 17458 17500 17527 17551 17548 17546 17537 17875 18073 18363 19372 19495 19447 19069 18799 18088 18198 18459 18528 18942 19145 19336 19182 19054 18838 18160 17704 17526 17774 18398 19149 19320 19379 19623 19876 19925 18821 18897
18348 18811 18713 18594 17671 17047 17264 17240 17804 17573 17614 17576 17451 17568 17604 17482 17511 17757 18402 18469 18462 18219 17699 17616 17603 17707 17488 17492 17533 17743 17709 17767 17869 17795 17697 17546 17527 17552 17637 17705 17730 17629 17600 17562 17574 17493 17604 17766 17887 18150 18198 18177 18451 17756 17746 17694 18109 18010 18342 18707 19050 18877 18996 18932 18196 17648 17335 17586 18278 18912 19174 19342 19712 20223 20090 18773 18777
17522 18080 18505 18578 18089 18340 18551 18370 17826 17905 17662 17581 17482 17539 17568 17565 17556 17521 17728 18349 18790 18854 18117 18044 18100 17824 17843 17897 18107 18259 18270 17971 17880 17681 17668 17798 17870 18075 18801 18925 18934 18340 18229 17792 17684 17616 17571 17620 17742 17670 17465 17373 17303 17221 16987 17164 17402 17453 17683 18513 18758 18082 18538 18579 18224 17356 16961 17263 17841 18614 19076 18862 19534 20147 20079 18885 18864
17518 17488 17836 18213 18496 18575 18704 18489 17946 17692 17636 17553 17501 17536 17582 17549 17560 17536 17854 18324 18618 18725 18182 17996 18021 18216 18381 18357 18277 18408 18326 18215 18228 18271 18162 18221 18459 18685 19072 19221 19142 18629 18339 18220 18224 17808 17868 17895 17958 18071 18015 17498 17297 17131 16912 16820 16772 16773 17001 18359 18778 17353 17121 17892 18118 17156 16692 16936 17557 18010 18171 18697 19514 20025 19944 18786 18837
17494 17473 17462 17507 17686 17890 17960 17888 17851 17434 17433 17482 17452 17505 17542 17549 17566 17564 17717 17709 17899 18001 18025 17705 18140 18425 18676 18526 18425 18356 18467 18541 18502 18527 18802 18782 18708 18895 19118 19200 19013 18494 18254 18331 18452 18592 18381 18485 18230 18110 18201 17593 17271 16845 16746 16710 16716 16719 16983 17679 18417 17762 17188 17101 17157 16762 16551 16503 16599 16930 17315 18407 18908 19692 19938 19833 18895
17481 17458 17456 17471 17471 17475 17529 17522 17438 17426 17425 17474 17462 17485 17474 17534 17636 17600 17626 17609 17926 17528 17488 17520 17883 18311 19127 18990 18666 18435 18627 18570 18687 18632 19231 19185 19068 19441 19110 19223 19203 18884 18302 18255 18434 18660 18348 18768 18694 18424 18288 17173 16857 16719 16705 16683 16693 16702 16962 17363 17945 17792 17580 17159 16867 16559 16494 16447 16519 16565 16767 17237 17990 19248 19889 19974 19726
17497 17469 17463 17472 17467 17460 17442 17437 17427 17417 17433 17476 17516 17443 17454 17507 17624 17923 18000 17824 17646 17492 17524 17524 17766 18125 18762 18838 18813 18443 18686 18827 18721 18839 18913 18915 19284 19657 18976 18338 18506 18451 18052 18194 18429 18658 18583 18489 18478 18422 18003 17013 16737 16696 16631 16680 16705 16674 16702 16792 17121 17684 17559 17109 16716 16444 16403 16624 16991 16979 17104 17316 18008 19362 19562 19519 19600
17482 17467 17467 17466 17462 17446 17487 17459 17440 17433 17437 17456 17551 17497 17481 17614 17936 18033 17928 17746 17490 17474 17518 17556 17904 17868 18945 18855 18767 18745 18374 18576 18481 18348 18435 18403 18117 18298 18475 17972 17950 17796 17824 18078 18252 18256 18201 18061 17967 17788 17481 17029 16802 16711 16760 16796 16679 16692 16680 16671 17196 17241 17339 17292 16842 16597 16452 16837 16982 16417 17194 17323 17947 18941 19155 18775 19084
17489 17462 17472 17457 17446 17448 17450 17444 17525 17749 17489 17456 17456 17493 17777 17804 17862 17976 17824 17609 17516 17477 17473 17490 17620 17655 18952 18965 18814 18728 18453 18738 18790 18784 18873 18480 17990 18024 17774 17797 17871 17665 17723 18101 18215 18303 18050 17911 17765 17503 17170 16832 16735 16724 16746 16791 16736 16821 17156 17989 18346 17994 17862 17393 17327 16878 16509 16823 16573 15369 16923 17018 17643 18151 18228 18229 18851
17477 17463 17466 17456 17438 17454 17457 17447 17519 17810 17629 17721 17651 17824 18021 18039 17882 17825 17637 17589 17518 17480 17449 17497 18011 18057 18076 18585 18529 18485 18785 19562 19856 19278 18955 18501 18132 18109 18696 18755 18089 17820 17661 17931 18136 18223 18058 17948 17785 17803 17345 16852 16690 16682 16691 16696 16763 17685 18231 19013 19090 19749 19891 19469 18894 18019 17193 16808 17329 17298 17017 16796 17562 17556 17830 17965 18934
17463 17458 17448 17442 17436 17446 17485 17576 17544 17520 17614 18005 18115 17798 17819 17876 17710 17979 17653 17554 17539 17568 17476 17733 18138 18342 18660 18477 18489 18515 18690 19133 19474 18872 19047 19178 19108 19861 20766 20872 19795 18192 18052 17821 17948 17791 17703 17721 17848 17824 17564 16916 16778 16667 16655 16726 16811 17699 18116 19045 19117 20211 20370 20138 19832 19366 18430 17711 17239 17209 16943 16754 16634 16854 17384 18282 19179
17450 17443 17486 17484 17421 17438 17461 17500 17654 17676 17777 18035 18118 17884 17850 17857 17831 17733 17626 17518 17430 17528 17472 17671 17714 17567 18326 18021 18264 18590 18854 18825 18925 19196 19627 20009 20632 21438 21730 21675 20405 18848 18010 17969 18111 17833 17376 17618 17595 17679 17206 16791 16750 16690 16697 17190 17117 17498 19343 19725 19059 19461 19494 19474 19683 19857 19660 19135 18427 17720 17073 16900 16666 16596 17179 18265 19058
17443 17434 17596 17577 17651 17802 17550 17532 17592 17569 17921 18009 18061 17404 17583 17897 17966 17740 17525 17424 17398 17448 17421 17337 17405 17282 17437 18547 18721 18798 18831 18736 19025 19729 19762 20440 20676 21737 21493 21257 20379 18860 18111 18020 18183 18057 17529 17447 17526 17439 17062 16831 16663 16681 16783 17057 17104 17763 19263 19691 19115 18050 17943 18056 18263 19307 19712 19668 19337 18514 17710 16814 16447 16498 16827 17925 18640
17476 17599 17667 17612 17511 17655 17750 17629 17607 17725 18075 18460 18452 17441 17547 17862 17853 17695 17497 17373 17328 17421 17419 17222 17444 17392 18338 18690 18765 18901 18811 18649 18742 19211 20044 20416 20667 21922 22063 21276 19970 18675 18587 18590 18647 18556 17743 17861 17278 17492 17176 16975 16783 16737 16795 17164 18023 18373 18304 18921 18808 17967 18005 17707 17846 18305 19149 20027 19770 19007 18034 16745 16537 16542 16663 17124 18404
17616 17735 17381 17119 17246 17370 17769 17793 17471 17777 18156 19228 19149 18520 17697 17696 17729 17541 17391 17271 17333 17430 17358 17285 17365 17322 18112 18155 18234 18644 18473 18396 18679 18860 20666 20806 21079 22028 22599 22242 20666 20964 21083 21496 21284 20389 19475 19192 19170 18449 17714 17208 17578 17478 17297 17606 17936 18233 18212 17905 17795 17748 17639 17494 17568 17781 18318 20018 20096 19291 17857 16697 15752 16602 16641 16962 17827
17843 18091 17459 17120 16798 17171 17854 17832 17671 17681 17447 18567 18957 18305 17764 17710 17585 17385 17270 17215 17324 17425 17319 17254 17282 17330 17358 17378 17789 17947 17977 18451 18670 18785 20666 20994 20998 21166 21921 21165 21600 22829 22749 22649 22815 22560 21755 21266 20705 20490 19078 18106 18092 17995 18003 18098 17913 17812 18188 18148 17936 18005 17733 17596 17824 17837 18169 19429 19652 19003 17483 16713 16498 16490 16539 16924 17357
18994 18982 19517 18913 18227 18184 18088 18276 17340 17490 17144 17272 17645 17669 17740 17722 17534 17344 17224 17195 17240 17268 17379 17392 17236 17651 17844 17691 17737 17552 17873 18433 18663 18654 19568 21118 20734 19656 20075 19774 21231 22033 21969 21650 22591 22777 22434 21797 21070 21098 20563 20296 18614 18471 18135 18272 18204 17744 17922 17979 18053 18053 18102 17966 18069 18295 18563 18852 19174 18647 17345 16886 16431 16235 16197 16257 16517
19556 19308 19972 19792 18720 18426 18827 18492 17774 17775 17226 17494 17684 17650 17577 17553 17503 17284 17195 17232 17231 17247 17239 17269 17217 17701 18080 17909 17716 17595 17823 18043 18523 18628 19320 20854 20496 19590 18566 18961 20270 21616 21809 21795 21514 22430 22323 21547 21044 20587 20503 20342 18773 18473 18405 18615 18706 18284 18017 18056 18522 19127 19175 18659 19067 19265 19284 19392 19145 18650 17529 16899 16458 16204 16195 16162 16296
19447 19164 19249 19220 18423 18149 18685 19083 19095 18712 18284 17770 17607 17509 17267 17289 17298 17273 17231 17261 17216 17249 17208 17206 17203 17566 18046 17948 17898 17823 17748 17918 18256 18608 19191 19736 19253 18551 18288 18730 19894 21177 21647 21663 21489 21567 21496 20682 20155 19537 19229 19030 18695 18636 18907 18866 18882 18583 18432 18541 18534 19495 19767 19680 19540 19677 19447 19405 19060 18773 18096 16909 16568 16241 16251 16220 16177
19540 19444 19037 18998 18444 17717 18359 18859 18883 19271 19163 18652 17856 17665 17320 17223 17232 17260 17330 17346 17247 17178 17214 17195 17210 17350 18513 18543 17857 17818 17795 17814 17818 18592 19269 18956 18211 18210 18355 18597 19677 20626 21389 21533 21447 20334 19790 19409 19391 19555 19086 18573 18658 18615 18981 18998 18901 18384 18502 18869 18694 18201 19127 19444 19566 19472 18937 19162 18814 18600 18398 17393 16672 16257 16228 16226 16098
19934 19333 18457 18465 18116 17769 17803 18297 18337 18923 19227 18886 18523 18494 17460 17216 17147 17187 17220 17279 17254 17133 17153 17190 17171 17583 18194 18234 17861 17760 17802 17807 17836 18273 18572 18454 17687 18003 18431 18400 18861 20268 21052 21089 19866 18428 18402 18565 18119 18067 17954 17997 18050 18101 17932 18184 18211 18297 18429 18616 18376 17262 18036 19064 18929 18762 18582 18719 18367 17715 18173 17627 16591 16237 16265 16242 16149
19563 18585 17836 17957 17704 17529 17530 17677 17691 18077 18779 18878 18786 18472 18202 17189 17152 17160 17255 17309 17256 17197 17146 17154 17065 17468 17732 17783 17558 17849 17831 17806 17701 17897 17849 17930 17646 17649 18330 18131 18899 19345 20207 19926 18719 18275 17999 18046 17930 17960 17898 17815 17713 17806 17832 17539 18023 18314 18354 18426 18225 17226 18099 18640 18737 18786 18937 18657 18059 16692 16906 17198 16550 16238 16250 16277 16164
18773 17510 17162 17082 17166 17135 17135 17400 17239 17011 18000 18342 18893 18754 18307 18292 17222 17103 17171 17159 17003 17206 17006 17033 17042 17158 17281 17367 17750 17691 17701 17750 17696 17618 17458 17002 17044 17639 17764 17867 18073 18452 18718 18273 17755 17710 18073 17935 17850 17827 17645 17673 17915 17931 17891 17580 17716 17812 17809 17533 17773 16915 17395 18458 18626 18773 18710 18515 17945 16803 16692 16601 16304 16202 16185 16218 16148
18588 17259 17110 16962 16916 17036 16946 16901 16900 17179 17751 18179 19338 19155 18396 18352 17521 17065 16951 16904 16864 16865 16993 17014 17051 16935 17252 17512 17521 17594 17639 17649 17451 17123 17074 16407 16942 16755 17212 17790 17905 17365 17511 17667 17784 17788 17871 17735 17605 17724 17693 18044 18040 18102 18110 17647 17178 17015 16797 16801 16560 16050 16536 18305 18282 18101 17904 17715 17487 16938 16673 16370 16267 16220 16220 16187 16110
18501 17169 17160 16876 16846 17285 17758 17767 17533 17231 17700 18050 19401 19196 18371 18328 17663 17129 17139 17124 16934 16969 16950 17153 16945 16949 16990 17385 17605 17564 17519 17479 17511 17088 16398 16915 16619 16879 17140 17389 17317 17474 17617 17830 17718 17532 17436 17259 17427 17804 17787 18036 18176 17969 17748 17483 17155 16752 16045 15323 15280 15316 15767 17257 17709 17163 17112 17048 16884 16500 16371 16254 16269 16222 16169 16169 16128
18081 17080 17409 17446 16933 17421 17836 17834 17574 17679 17991 18129 18918 18878 18323 18227 17725 17038 17216 17286 17040 16893 17417 17445 16872 16956 16979 17019 16813 17421 17567 17666 17413 16747 16313 16523 16453 16405 16656 17277 17327 17499 17439 17613 17645 17609 17225 17563 18060 17920 17403 17811 18200 17838 17543 17457 17154 16878 16321 15922 15862 16248 15915 16471 17455 17473 16865 16918 16826 16533 16587 16607 16453 16260 16266 16123 16186
17239 17434 17420 17536 16979 16902 17159 17191 17422 17647 17747 18534 18852 18773 18298 18369 17834 17997 17483 17250 16814 16611 17944 18366 17888 16923 16858 16830 16908 17202 17533 17620 17208 17018 16425 16264 16328 16542 16565 17107 17233 17240 17120 17551 17490 17531 16924 17475 17997 17805 17725 17943 17858 17621 17549 17434 17118 17156 17257 17299 17560 17526 16972 16890 17142 17295 16913 16981 16979 16970 16760 16636 16588 16273 16218 16159 16222
17152 17251 17317 17311 17310 17239 16974 17072 17657 17635 18173 18544 18752 18648 18528 18289 18268 17880 17418 16970 16436 16468 17590 18532 18440 16766 16901 16923 16944 17102 17054 17205 17199 16860 16524 16320 16436 16888 17173 17001 16781 16749 17089 17404 17362 17555 17000 17106 17436 17516 17609 17717 17814 17522 17500 17358 17117 17413 17620 17882 17955 17790 17504 17251 17253 16963 16970 16912 16944 17139 17211 16819 16618 16388 16217 16378 16409
17382 16756 17110 17099 17152 17105 17470 17424 17330 18095 18309 18477 18550 18422 18233 18097 17998 18218 18086 16939 16304 16186 16741 17896 17853 16887 16911 16879 16863 16788 16935 16926 16855 16644 16653 16578 17383 17497 17740 17258 16642 16658 16264 16822 16947 16753 16522 17351 17491 17407 17601 17570 17661 17731 17511 17262 17503 17447 17423 17439 17654 17858 17956 17960 17653 17297 16862 16827 17251 17603 17678 17075 16597 16262 16200 16345 16454
17377 16732 16957 16865 17190 17880 18155 17862 17055 18118 18343 18162 18049 17835 17628 17726 17937 18081 18067 17695 16746 16638 17266 17620 17246 16960 16887 16893 16873 16797 16943 16943 16883 16828 16823 16829 17109 17281 17146 17073 16764 16644 16184 16343 16600 16564 17152 17725 17661 17218 17610 17379 17122 17711 17395 17381 17573 17757 17828 17966 17888 17975 18183 18318 18141 17847 17485 17181 17311 17486 17306 17033 16697 16545 16455 16200 16220
17434 17257 16778 16752 16784 17894 18359 17975 17005 17788 18067 17989 17807 17807 17603 17258 17536 17774 18055 17591 17066 17582 17847 17607 17356 16950 16833 16834 16833 16801 16902 16887 16880 16827 16835 16808 16695 16764 16538 16457 16477 16530 16520 16625 16640 16634 16918 17574 17576 17424 17259 17237 17455 17492 17383 17393 17732 18604 18788 18623 18146 18072 18289 18302 18316 18223 18176 17701 17543 17758 17809 17801 17672 17318 16811 16191 16115
17301 17179 17098 17124 17215 17358 17771 17813 17319 17175 17686 17500 17557 17725 17395 17144 17257 17709 17962 17414 17012 17242 17196 17130 17189 16922 16820 16831 16874 16810 16866 16883 16849 16812 16814 16761 16743 16784 16821 16869 16742 16711 16686 16675 16609 16571 16693 17123 17341 17102 17026 17029 17066 17213 17268 17351 17628 17843 18520 18482 17884 18161 18304 18142 18298 18244 18198 17825 17984 18153 18403 18500 18432 17981 17084 16266 16613
