Alternative/Moon/Lvl0_30x30/Ele_FB.asc
ncols         335
nrows         335
xllcorner     -16692508.343
yllcorner     -10077166.958
cellsize      10000
nodata_value  -9999.0
[rows 144 to 179 of 335, columns 81 to 161 of 335]
13806 13691 13546 13533 13447 13249 13081 12812 12540 12444 12401 12348 12340 12272 12155 12098 12028 11749 11543 11217 10977 10824 10867 10885 10806 10722 10599 10383 10233 10121 9988 9948 10000 10026 10009 9912 9578 9170 9054 8940 8719 8556 8318 8198 8162 8228 8251 8292 8280 8264 8227 8183 8116 8047 7996 8063 8086 7922 7893 7892 7918 7939 7986 8006 8032 7995 7939 7939 7984 7936 7887 7890 7953 7973 7944 7812 7829 7879 7934 7938 7793
13491 13498 13412 13286 13137 12971 12715 12381 12239 12143 12123 12063 11925 11619 11451 11238 11092 10983 10853 10712 10667 10526 10351 10161 9954 9776 9656 9596 9532 9483 9428 9330 9058 8819 8614 8497 8314 8261 8152 8184 8149 7968 7894 7853 7860 7929 7946 7947 7942 7958 7937 7967 7989 7985 7930 7894 7878 7878 7844 7823 7747 7769 7799 7850 7818 7771 7767 7773 7795 7786 7774 7778 7813 7797 7732 7674 7763 7809 7819 7858 7758
13214 13110 13099 12931 12796 12585 12384 12216 11985 11795 11672 11566 11349 11138 10989 10835 10712 10613 10436 10200 9909 9705 9635 9490 9415 9274 9108 8939 8792 8708 8629 8527 8358 8312 8266 8228 8202 8118 8042 7960 7905 7817 7772 7761 7712 7793 7848 7856 7821 7838 7863 7894 7859 7832 7791 7779 7798 7795 7808 7690 7627 7610 7639 7627 7652 7678 7700 7652 7649 7721 7726 7704 7669 7610 7610 7579 7548 7534 7598 7796 7802
12341 12564 12586 12417 11815 11273 10895 10692 10926 11148 11092 10896 10648 10499 10392 10170 10015 9802 9603 9409 9306 9174 9116 8953 8740 8665 8644 8507 8277 8143 8046 7982 7771 7595 7785 7944 7923 7840 7795 7745 7612 7623 7613 7633 7681 7657 7610 7645 7687 7765 7795 7802 7768 7664 7691 7714 7687 7625 7611 7603 7600 7578 7583 7553 7594 7589 7562 7603 7599 7648 7615 7552 7614 7631 7574 7538 7538 7567 7599 7568 7582
11933 11681 11673 11495 11261 11047 10974 10805 10548 10436 10381 10180 9965 9991 9881 9606 9352 9168 9082 8932 8791 8649 8587 8501 8220 8044 8060 7987 7971 7930 7899 7902 7914 7855 7789 7729 7737 7645 7660 7673 7652 7592 7546 7528 7542 7562 7564 7530 7612 7601 7534 7650 7714 7642 7615 7634 7635 7553 7552 7572 7585 7563 7554 7541 7524 7520 7547 7576 7583 7597 7610 7651 7703 7647 7544 7524 7578 7554 7573 7489 7533
11329 11136 10918 10577 10399 10431 10505 10458 10296 10001 9740 9422 9170 8985 8811 8726 8626 8535 8494 8289 8178 8051 8024 8015 8031 8069 7805 7591 7773 7886 7892 7819 7706 7661 7674 7709 7675 7599 7552 7618 7602 7594 7596 7587 7540 7502 7497 7506 7507 7512 7631 7665 7506 7658 7750 7769 7667 7650 7609 7592 7552 7495 7499 7485 7495 7469 7482 7496 7499 7551 7553 7529 7488 7515 7543 7598 7649 7647 7649 7657 7637
10215 9877 9649 9436 9411 9427 9460 9416 9215 8982 8751 8434 8186 8018 7974 7851 7752 7776 7757 7834 7877 7858 7794 7911 8098 8221 8177 7711 7557 7496 7611 7655 7602 7510 7461 7459 7499 7599 7708 7730 7755 7722 7684 7516 7480 7531 7535 7672 7733 7655 7640 7669 7690 7712 7702 7533 7593 7644 7555 7563 7700 7731 7764 7766 7761 7636 7478 7516 7535 7511 7533 7576 7629 7617 7537 7612 7642 7476 7252 7221 7161
9435 9210 9068 8943 8748 8556 8504 8476 8397 8284 8221 8039 7875 7808 7759 7734 7787 7768 7819 7863 7886 7862 7822 7779 7819 7847 7871 7840 7833 7803 7667 7436 7520 7560 7507 7462 7452 7475 7544 7552 7489 7439 7441 7477 7489 7628 7681 7663 7607 7530 7481 7448 7550 7692 7714 7548 7367 7380 7404 7607 7741 7710 7601 7605 7567 7498 7412 7444 7468 7592 7628 7623 7608 7629 7620 7575 7617 7644 7646 7670 7652
9436 9116 8869 8592 8419 8150 7948 7994 7996 7939 7903 7861 7854 7834 7783 7731 7767 7728 7679 7652 7540 7448 7527 7694 7791 7905 7897 7861 7842 7847 7854 7766 7787 7758 7628 7531 7501 7512 7495 7525 7486 7423 7420 7433 7461 7484 7458 7436 7456 7468 7469 7673 7727 7661 7825 7813 7786 7748 7771 7742 7719 7608 7548 7496 7523 7532 7554 7616 7654 7618 7611 7573 7606 7649 7632 7547 7504 7456 7469 7574 7662
9098 8837 8716 8690 8383 8135 8001 7933 7984 7980 7903 7769 7630 7581 7582 7604 7604 7659 7732 7848 7876 7996 8115 8155 8201 8165 8099 7972 8103 8099 7931 7718 7631 7557 7529 7469 7457 7461 7414 7411 7526 7552 7546 7543 7552 7531 7588 7515 7468 7476 7517 7601 7608 7498 7486 7419 7464 7454 7477 7445 7557 7563 7538 7547 7590 7461 7223 7275 7302 7415 7537 7516 7449 7444 7436 7428 7419 7427 7414 7443 7438
8787 8540 8434 8363 8313 8096 7987 7828 7812 7801 7756 7687 7706 7756 7760 7722 7642 7745 7900 8070 8056 8081 8077 7972 7729 7535 7490 7438 7483 7492 7472 7421 7409 7372 7370 7368 7410 7411 7410 7468 7651 7614 7506 7449 7464 7527 7642 7529 7465 7461 7459 7404 7416 7463 7494 7451 7425 7419 7422 7380 7409 7457 7452 7480 7506 7527 7547 7538 7456 7459 7446 7393 7379 7405 7420 7403 7397 7408 7405 7393 7394
8498 8528 8670 8674 8618 8620 8588 8255 7970 7791 7779 7753 7695 7796 7787 7662 7651 7714 7861 8012 7905 7556 7374 7342 7335 7331 7330 7341 7358 7381 7388 7407 7422 7403 7380 7370 7406 7398 7454 7444 7405 7482 7491 7520 7504 7497 7408 7443 7421 7367 7368 7347 7380 7390 7388 7395 7459 7515 7549 7526 7470 7423 7432 7480 7436 7401 7411 7439 7394 7413 7410 7401 7400 7384 7384 7382 7370 7382 7384 7429 7417
8547 8518 8457 8442 8571 8582 8528 8254 8039 7928 7920 7726 7681 7640 7569 7629 7599 7671 7684 7566 7399 7353 7335 7341 7365 7370 7375 7373 7365 7369 7372 7367 7378 7373 7375 7375 7377 7376 7376 7376 7383 7439 7487 7479 7471 7487 7459 7396 7396 7364 7380 7392 7381 7406 7543 7565 7446 7300 7187 7294 7488 7561 7511 7505 7433 7379 7374 7376 7383 7427 7428 7373 7377 7449 7439 7424 7581 7529 7460 7426 7434
8571 8442 8265 8116 7924 7956 7963 7893 7843 7817 7776 7629 7483 7340 7319 7304 7328 7340 7346 7331 7332 7338 7374 7571 7523 7497 7476 7406 7451 7424 7359 7371 7375 7377 7382 7368 7365 7369 7371 7357 7377 7416 7464 7467 7428 7448 7430 7399 7389 7384 7389 7397 7377 7425 7498 7544 7490 7395 7402 7391 7432 7454 7393 7398 7368 7355 7353 7366 7373 7417 7426 7419 7457 7555 7495 7464 7485 7496 7474 7477 7449
8812 8700 8421 8082 7827 7598 7561 7476 7466 7444 7441 7416 7378 7328 7308 7317 7331 7353 7346 7331 7336 7333 7410 7438 7369 7402 7443 7427 7456 7337 7344 7342 7351 7374 7370 7354 7344 7347 7348 7358 7370 7406 7429 7426 7423 7417 7410 7400 7383 7399 7403 7393 7394 7395 7382 7363 7352 7381 7406 7394 7368 7343 7366 7352 7362 7328 7343 7357 7378 7407 7391 7393 7388 7383 7389 7405 7426 7446 7444 7430 7397
9060 8793 8400 8067 7727 7536 7469 7469 7439 7435 7401 7346 7328 7309 7294 7307 7327 7315 7325 7347 7332 7341 7392 7360 7338 7335 7382 7380 7366 7342 7359 7368 7366 7360 7368 7363 7339 7336 7341 7339 7351 7361 7401 7406 7394 7406 7420 7414 7409 7410 7399 7387 7443 7475 7469 7496 7549 7553 7534 7454 7334 7293 7301 7337 7334 7335 7338 7344 7343 7350 7334 7331 7331 7335 7342 7363 7389 7388 7382 7397 7399
8858 8554 8260 7892 7799 7682 7592 7459 7358 7307 7318 7321 7310 7306 7313 7323 7331 7331 7328 7327 7402 7433 7414 7338 7393 7348 7330 7339 7335 7354 7355 7352 7359 7349 7347 7348 7352 7357 7364 7338 7341 7349 7374 7406 7407 7408 7403 7409 7386 7389 7373 7526 7596 7596 7483 7528 7582 7624 7630 7579 7451 7324 7335 7323 7327 7317 7314 7328 7324 7334 7333 7325 7317 7311 7318 7327 7331 7330 7329 7346 7369
8008 7942 7838 7665 7653 7755 7770 7670 7437 7321 7322 7323 7330 7322 7325 7333 7328 7335 7359 7399 7469 7462 7352 7356 7364 7367 7355 7352 7349 7434 7415 7360 7400 7378 7473 7452 7434 7364 7407 7411 7453 7451 7400 7378 7371 7369 7380 7369 7334 7327 7332 7562 7610 7584 7372 7001 6982 7211 7318 7533 7506 7366 7305 7406 7349 7372 7391 7377 7314 7310 7329 7347 7385 7379 7376 7358 7352 7339 7340 7357 7360
7884 7602 7422 7371 7342 7340 7320 7322 7323 7321 7370 7422 7508 7531 7519 7385 7333 7330 7315 7332 7332 7347 7322 7330 7331 7337 7341 7347 7348 7424 7446 7499 7447 7399 7387 7350 7498 7529 7439 7372 7390 7381 7363 7314 7307 7327 7356 7315 7303 7265 7291 7310 7368 7533 7511 7453 7492 7477 7389 7332 7300 7275 7273 7293 7316 7373 7339 7302 7308 7312 7327 7383 7392 7299 7397 7363 7350 7330 7334 7358 7359
7361 7315 7322 7350 7370 7363 7370 7386 7475 7623 7633 7597 7533 7422 7374 7367 7346 7349 7350 7348 7342 7332 7337 7331 7336 7341 7334 7329 7347 7349 7352 7381 7364 7380 7438 7453 7393 7316 7319 7313 7315 7295 7288 7354 7353 7344 7353 7363 7277 7264 7269 7276 7273 7240 7251 7283 7262 7283 7288 7313 7336 7320 7279 7266 7264 7264 7271 7272 7284 7294 7307 7337 7325 7305 7372 7384 7309 7319 7324 7329 7347
7598 7501 7678 7917 8016 8014 7911 7712 7523 7515 7523 7491 7388 7368 7367 7366 7365 7375 7375 7373 7367 7364 7369 7373 7363 7360 7361 7411 7432 7495 7511 7523 7487 7252 7169 7262 7307 7287 7256 7233 7245 7249 7250 7233 7255 7251 7275 7319 7283 7249 7249 7262 7250 7251 7243 7242 7252 7252 7263 7249 7246 7247 7254 7250 7253 7264 7268 7276 7284 7299 7304 7305 7304 7314 7330 7306 7329 7340 7361 7357 7361
7691 7497 7541 7838 7846 7738 7631 7535 7416 7354 7359 7352 7356 7357 7365 7365 7362 7371 7377 7379 7384 7386 7388 7382 7410 7432 7469 7493 7527 7674 7727 7773 7791 7880 8026 7952 7707 7347 7205 7187 7191 7197 7182 7199 7226 7221 7222 7238 7186 7231 7204 7219 7226 7232 7230 7232 7245 7241 7245 7249 7258 7259 7265 7264 7266 7324 7310 7319 7332 7319 7312 7324 7339 7342 7403 7401 7384 7443 7411 7399 7398
7899 7805 7648 7518 7478 7447 7411 7389 7375 7364 7366 7410 7397 7412 7419 7388 7384 7383 7408 7412 7474 7474 7482 7494 7441 7406 7510 7576 7545 7502 7458 7405 7425 7409 7480 7521 7477 7275 7188 7182 7183 7186 7188 7200 7207 7214 7216 7214 7223 7221 7208 7216 7213 7227 7231 7237 7238 7278 7235 7241 7331 7322 7286 7291 7291 7345 7356 7417 7692 7766 7706 7579 7419 7381 7457 7432 7396 7381 7396 7434 7449
7631 7579 7516 7490 7482 7434 7439 7438 7413 7392 7380 7436 7442 7476 7473 7570 7550 7520 7530 7506 7597 7621 7650 7553 7435 7128 7113 7124 7149 7541 7568 7318 7213 7203 7259 7265 7226 7203 7176 7193 7201 7213 7220 7213 7211 7213 7208 7212 7223 7234 7245 7269 7350 7358 7268 7263 7325 7266 7252 7256 7279 7295 7275 7285 7288 7305 7302 7381 7769 8059 8070 8115 7691 7380 7337 7336 7328 7378 7560 7692 7525
7632 7553 7537 7518 7475 7460 7419 7400 7395 7401 7469 7564 7523 7373 7389 7597 7631 7599 7579 7540 7501 7490 7528 7530 7501 7422 7404 7373 7287 7232 7225 7199 7216 7231 7261 7271 7234 7218 7195 7262 7235 7238 7248 7259 7213 7216 7219 7218 7214 7223 7241 7275 7347 7283 7304 7358 7316 7292 7297 7255 7265 7282 7329 7288 7352 7323 7309 7328 7309 7305 7318 7343 7372 7359 7354 7350 7369 7471 7593 7705 7636
7660 7458 7519 7571 7478 7467 7457 7420 7406 7403 7403 7486 7515 7569 7579 7536 7511 7470 7471 7453 7422 7396 7392 7346 7313 7271 7269 7244 7193 7208 7214 7201 7221 7225 7196 7152 7172 7176 7201 7252 7237 7191 7191 7259 7208 7220 7214 7206 7201 7208 7236 7250 7271 7273 7269 7269 7289 7304 7310 7316 7330 7304 7322 7331 7336 7341 7339 7353 7375 7380 7387 7372 7361 7390 7434 7424 7388 7382 7390 7410 7411
7569 7498 7481 7454 7441 7410 7407 7424 7436 7421 7413 7439 7466 7462 7482 7481 7480 7495 7471 7447 7436 7439 7333 7304 7276 7260 7247 7223 7212 7221 7203 7125 7132 7130 7135 7151 7150 7145 7158 7165 7164 7180 7180 7197 7205 7198 7202 7216 7225 7239 7242 7276 7298 7285 7344 7303 7307 7296 7310 7325 7324 7316 7317 7324 7326 7333 7334 7350 7380 7354 7382 7363 7368 7423 7425 7418 7399 7381 7349 7367 7378
7834 7811 7742 7702 7604 7491 7553 7644 7577 7519 7466 7465 7466 7465 7456 7455 7439 7430 7446 7437 7423 7408 7379 7337 7273 7229 7208 7189 7165 7157 7171 7147 7162 7168 7172 7184 7208 7183 7177 7173 7170 7166 7187 7201 7192 7202 7223 7232 7229 7244 7247 7258 7249 7235 7270 7229 7305 7274 7280 7309 7304 7303 7295 7304 7297 7323 7319 7336 7354 7351 7357 7361 7370 7384 7393 7404 7418 7416 7404 7413 7420
8088 8079 7971 7558 7243 7214 7593 7724 7666 7522 7469 7470 7473 7472 7495 7498 7483 7491 7482 7446 7401 7360 7320 7293 7248 7198 7192 7178 7155 7166 7173 7173 7183 7187 7194 7196 7194 7208 7213 7215 7207 7212 7210 7220 7222 7237 7236 7244 7249 7252 7234 7239 7255 7271 7248 7251 7247 7265 7267 7287 7284 7300 7300 7317 7312 7329 7326 7332 7354 7402 7402 7391 7412 7417 7396 7452 7457 7460 7465 7446 7432
8041 7999 8011 7824 7832 7883 7812 7692 7645 7598 7576 7541 7570 7588 7625 7643 7641 7577 7512 7429 7325 7272 7244 7221 7219 7206 7172 7179 7180 7189 7195 7185 7231 7251 7224 7229 7216 7214 7215 7216 7220 7204 7220 7210 7227 7229 7226 7228 7240 7242 7244 7240 7226 7235 7243 7232 7242 7260 7264 7266 7282 7294 7295 7325 7324 7338 7372 7420 7464 7486 7467 7488 7492 7461 7461 7519 7466 7504 7520 7538 7407
8086 8099 7934 7613 7466 7579 7655 7882 7854 7690 7638 7634 7537 7612 7697 7723 7687 7591 7501 7354 7296 7261 7301 7293 7254 7223 7217 7298 7354 7283 7299 7402 7392 7448 7375 7263 7279 7298 7226 7214 7207 7209 7225 7226 7215 7223 7237 7245 7257 7269 7279 7267 7258 7246 7255 7279 7288 7339 7410 7416 7382 7384 7367 7400 7509 7666 7673 7622 7588 7560 7591 7620 7687 7731 7700 7493 7447 7436 7434 7414 7387
8232 8004 7804 7785 7740 7732 7707 7728 7645 7594 7607 7663 7702 7693 7631 7533 7440 7485 7454 7312 7325 7323 7294 7246 7235 7213 7213 7320 7470 7392 7400 7356 7277 7342 7384 7317 7297 7281 7218 7221 7228 7248 7248 7252 7253 7239 7243 7248 7259 7267 7284 7284 7284 7270 7281 7293 7299 7312 7357 7429 7496 7536 7585 7629 7619 7682 7809 7774 7458 7247 7214 7483 7620 7739 7732 7512 7427 7404 7389 7420 7488
8516 8272 8120 7948 7914 7734 7636 7551 7488 7515 7507 7497 7484 7576 7580 7521 7422 7374 7344 7313 7264 7247 7236 7249 7274 7291 7364 7376 7312 7320 7354 7350 7268 7292 7290 7263 7258 7250 7247 7292 7282 7288 7285 7261 7283 7280 7261 7279 7270 7290 7306 7299 7294 7305 7310 7319 7410 7549 7576 7591 7580 7577 7560 7569 7550 7618 7753 7790 7708 7627 7626 7674 7683 7612 7535 7421 7401 7418 7421 7429 7506
9225 9195 8934 8615 8239 8021 7970 7787 7618 7723 7695 7698 7589 7491 7414 7385 7384 7361 7322 7282 7273 7286 7304 7390 7441 7379 7276 7315 7328 7311 7309 7310 7299 7296 7260 7270 7255 7259 7261 7260 7272 7286 7285 7290 7286 7299 7281 7292 7292 7305 7306 7315 7314 7323 7333 7345 7487 7648 7642 7622 7555 7476 7507 7433 7371 7316 7294 7257 7267 7339 7426 7458 7262 7450 7513 7450 7500 7596 7564 7516 7469
9922 9736 9573 9384 9233 8834 8494 8291 8294 8304 8263 8177 8093 7901 7796 7779 7632 7433 7387 7351 7306 7329 7313 7317 7379 7404 7380 7348 7362 7367 7365 7360 7359 7363 7375 7339 7310 7323 7324 7381 7337 7319 7339 7313 7310 7313 7312 7321 7337 7337 7344 7359 7322 7365 7369 7345 7459 7708 7764 7751 7700 7819 7811 7669 7586 7502 7685 7942 8009 7770 7550 7496 7211 7080 7095 7075 7361 7624 7774 7847 7894
10418 10170 9991 9847 9670 9496 9321 9145 9099 9145 9084 8897 8572 8212 8028 7894 7813 7753 7615 7500 7409 7340 7317 7325 7345 7393 7393 7319 7288 7342 7366 7380 7372 7439 7482 7468 7434 7396 7404 7384 7378 7363 7332 7346 7336 7372 7380 7387 7443 7451 7442 7436 7398 7403 7407 7397 7419 7473 7669 7746 7724 7633 7467 7430 7530 7841 8065 8202 8116 7707 7242 6679 6475 6407 6397 6379 6449 6625 6998 7540 7950
