Alternative/Moon/Lvl0_30x30/Ele_EA.asc
ncols         335
nrows         335
xllcorner     -20042508.343
yllcorner     -6727166.958
cellsize      10000
nodata_value  -9999.0
[rows 204 to 237 of 335, columns 154 to 230 of 335]
11258 11295 11326 11283 11283 11257 11246 11313 11374 11348 11497 11570 11833 11670 10861 10469 11947 12442 12291 11943 11935 11682 11571 11624 11802 11977 12063 12126 12080 12142 12119 11916 11524 11435 11440 11582 11824 11566 10523 11083 11487 11316 11306 11285 11304 11297 11180 11197 11199 11178 11177 11084 11042 10889 10927 10901 10958 10900 10993 11263 11210 11097 11196 11351 11248 11445 11521 11524 11928 12125 11535 9990 9321 8911 8563 8993 8985
11272 11239 11260 11310 11226 11188 11200 11322 11439 11483 11599 11838 12057 12168 12116 11593 11998 12251 12251 11996 11809 11300 11339 11538 11798 11878 11904 11851 11764 11595 11988 11984 11633 11400 11307 11362 11748 11688 11347 11413 11299 11293 11408 11423 11400 11297 11202 11182 11180 11298 11271 11184 10977 10928 10915 10860 10867 10848 10875 11021 11258 11209 10740 10155 11016 11144 11313 11475 11802 12105 11961 10465 9555 9221 9173 9708 9777
11087 10865 10952 11242 11178 11108 11063 10954 11091 11634 11672 11718 11159 11083 11710 11694 11324 11529 11504 11451 11306 11284 11381 11488 11734 11833 11843 11793 11136 10378 10397 11427 11616 11425 11300 11203 11193 11155 11210 11166 11148 11286 11397 11388 11343 11267 11168 11163 11217 11289 11275 11131 10925 10835 10774 10934 10927 10891 10878 10945 11012 11252 11421 11417 11274 11060 11094 11151 11319 11643 11750 10790 9662 9643 10178 11209 11670
11215 11292 11053 11085 11142 11166 11399 11656 11424 10077 10367 10608 10449 11012 11644 11536 11209 11234 11210 11180 11196 11274 11291 11317 11397 11512 11912 12348 12380 12206 12033 11755 11516 11353 11266 11119 11051 10991 11000 11008 11092 11122 11229 11296 11251 11223 11226 11154 11147 11160 11150 10897 10804 10789 10805 10974 10954 10924 11226 11156 10900 11046 11295 11320 11294 11102 10997 11063 11190 11290 11357 11265 11364 11544 11678 11821 11834
11081 10942 11038 11167 11108 11122 11256 11253 10834 11598 11808 11840 11711 11690 11663 11347 11221 11274 11254 11139 11157 11186 11256 11300 11378 11475 11664 11828 12076 12089 11939 11671 11384 11227 11127 11035 10976 10922 10956 10954 10892 10998 11088 11161 11161 11137 11153 11078 11112 11243 11168 11251 11057 10833 10769 10817 10791 11113 11284 11184 11117 11234 11411 11225 11046 10962 10718 10865 10919 10920 10988 11161 11288 11406 11375 11310 11331
10898 10836 11140 11106 11051 11093 11177 11258 11229 11657 11697 11617 11345 11392 11359 11234 11195 11243 11242 11141 11151 11205 11276 11322 11466 11469 11467 11529 11865 11910 11770 11583 11255 11209 11096 10998 10908 10832 10796 10755 10835 10918 10958 10869 11051 11090 11139 11061 11267 11286 11308 11329 11138 10881 10790 10825 10739 11082 11190 11110 11233 11308 11412 11245 11066 11068 10830 10768 10798 10775 10848 10994 11045 11128 11058 11174 11203
10902 10951 10992 10962 11030 11092 10969 11125 11126 11317 11295 11223 11222 11120 11163 11162 11140 11064 11020 11102 11120 11234 11345 11315 11416 11463 11554 11602 11661 11635 11571 11481 11292 11146 11096 10980 10887 10794 10719 10688 10705 10885 10955 10925 10941 11021 11168 11148 11267 11559 11648 11616 11515 11181 10875 10878 11412 11220 11135 11235 11137 10938 10921 11167 11130 11075 10761 10634 10667 10762 10953 10998 11059 10821 11044 11045 11242
11085 10676 11081 11285 11041 11001 10953 10890 10965 11011 10985 11072 11067 11115 11108 11026 11000 10956 11021 11046 11106 11289 11347 11368 11390 11379 11414 11514 11526 11533 11465 11328 11240 11086 10975 10884 10813 10759 10715 10630 10622 10692 10799 10890 10937 10924 11013 11139 11431 11501 11460 11203 10204 10689 10770 11206 11695 11274 10841 10886 10816 10726 10869 11221 11212 10825 10572 10552 10739 10742 10826 10872 10937 10981 10868 10879 10925
10696 10703 11217 11307 11021 10901 10948 10968 11000 10924 10930 10884 10924 10914 10931 10996 10913 10922 11045 11052 11113 11166 11176 11254 11288 11289 11343 11401 11415 11382 11348 11224 11139 11075 10973 10932 10805 10753 10703 10687 10661 10687 10782 10886 10934 10965 10973 11095 11337 11311 11025 10675 10695 10810 10713 10945 11410 11255 10797 10431 10616 10907 11143 11282 11150 10791 10564 10549 10585 10671 10674 10625 10820 10877 10909 10897 10811
10928 10557 10666 11143 11060 10903 10860 10782 10972 10920 10885 10854 10869 10870 10874 10875 10868 10884 10912 10984 10990 11049 11054 11127 11139 11110 11213 11280 11375 11264 11261 11123 11088 11038 11037 10962 10795 10702 10660 10681 10659 10651 10725 10825 10904 10938 11019 11126 11103 10934 10891 10821 10824 10806 10646 10598 10644 10650 10507 10832 11255 11270 11327 11369 11153 10734 10582 10595 10561 10577 10590 10596 10689 10745 10835 10841 10791
10885 10486 10444 10566 10787 10783 10764 10814 10842 10889 10853 10768 10778 10837 10810 10817 10887 10842 10868 10846 10911 10913 10938 11013 10981 10998 11038 11087 11201 11233 11240 11196 11134 11085 11069 10961 10801 10712 10675 10707 10731 10744 10802 10870 10871 10904 11031 11065 10831 10819 10788 10751 10732 10697 10644 10616 10614 11022 11194 11253 11307 11328 11317 11027 10672 10580 10568 10550 10519 10516 10551 10528 10611 10676 10687 10675 10709
10535 10355 10353 10342 10456 10543 10591 10782 10623 10676 10764 10740 10749 10719 10729 10793 10784 10796 10779 10761 10782 10806 10826 10870 10911 10902 10901 10922 11192 11178 11215 11058 11068 11003 11030 10985 10885 10784 10744 10911 11024 11138 11371 11395 11117 10967 10839 10832 10838 10822 10800 10770 10753 10713 10662 10637 10625 11379 11746 11673 11428 11290 10788 10707 10679 10676 10620 10581 10592 10817 10931 10995 10992 11002 11012 10919 10824
10445 10345 10318 10352 10396 10478 10590 10651 10664 10659 10854 10834 10741 10699 10652 10689 10696 10692 10700 10639 10680 10709 10692 10723 10736 10779 10780 10838 10862 10988 11100 11062 10987 11012 11003 10957 10866 10814 10787 11064 11293 10837 11432 11481 11520 11476 11075 10861 10866 10845 10813 10809 10842 10753 10749 10711 10670 11001 11415 11340 11078 10811 10709 10669 10657 10640 10587 10609 10770 11043 11187 11280 11312 11333 11404 11383 11049
10393 10319 10362 10550 10773 10499 10479 10474 10577 10631 10580 10650 10777 10681 10511 10626 10622 10589 10593 10615 10631 10658 10653 10707 10760 10800 10840 10808 10809 10890 11014 10967 10933 10990 11023 10979 10868 10831 10841 11237 11251 10381 9536 10211 11335 11661 11428 10981 10878 10884 10918 10938 10933 10772 10750 10704 10665 10610 10916 11116 11337 11320 10907 10771 10770 10608 10588 10769 11111 11263 11191 10861 10395 10717 11256 11398 11398
10313 10508 10869 10698 10731 10515 10441 10469 10506 10545 10571 10556 10570 10533 10578 10604 10622 10623 10671 10810 10828 10675 10663 10689 10716 10778 10759 10835 10824 10856 10873 10836 10843 10828 10879 10884 10898 10861 10951 11340 11394 10501 9610 9155 9994 11394 11552 11561 11052 10968 11130 11085 10847 10765 10730 10708 10665 10649 10619 10592 11035 11107 10979 10849 10813 10684 10775 11062 11446 11281 10125 8911 8193 8318 9223 10419 11309
10275 10618 10816 10714 10648 10629 10496 10451 10454 10471 10478 10477 10506 10500 10565 10579 10597 10667 10677 10946 11023 10702 10690 10725 10801 10823 10847 10805 10822 10851 10847 10783 10831 10843 10850 10850 10992 10988 10849 10978 11259 11304 11448 11347 10128 10260 11021 11550 11306 10955 11043 11016 10832 10782 10740 10715 10714 10675 10653 10593 10864 11392 11391 11136 11177 11287 11205 11237 11642 10897 9492 8455 8237 8190 8318 9268 10908
10422 10509 10540 10663 10645 10691 10492 10418 10391 10407 10432 10473 10522 10491 10486 10546 10583 10643 10609 10779 10803 10726 10707 10734 10786 10790 10759 10807 10924 10928 10948 10905 10938 10982 11015 11083 11138 11049 10926 10942 10948 11096 11379 11324 9814 9017 9597 11351 11341 10960 10812 10777 10770 10864 10844 10798 10793 10673 10645 10775 11130 11584 11610 11265 11262 11471 11548 11488 11708 11659 10773 9735 9159 8865 9357 10238 11179
10354 10386 10449 10637 10596 10606 10661 10699 10417 10400 10547 10577 10562 10464 10448 10578 10607 10654 10599 10722 10776 10750 10787 10779 10772 10785 10733 10831 10927 10928 10933 10906 10940 10981 11022 11092 11133 11054 10921 10886 10923 11127 11416 10921 9288 8956 10286 11545 11480 11326 11063 10800 10703 10775 10802 10776 10723 10648 10741 11209 11498 11755 11833 11874 11699 11048 10969 11047 11513 11630 11433 11279 10996 10962 11066 11192 11206
10272 10277 10322 10455 10533 10789 10749 10596 10495 10449 10804 10969 10862 10454 10409 10518 10534 10497 10656 10844 10708 10830 10835 10836 10879 11031 11036 10796 10789 10798 10872 10865 10953 10900 10762 10464 10504 10762 10818 10761 10745 11080 11368 11160 10349 10350 11160 11879 11788 11301 11193 10859 10631 10638 10639 10646 10619 10573 10799 11443 11605 11679 11830 12105 12102 12091 11591 11029 10899 11007 11146 11189 11297 11376 11282 11186 10966
10161 10205 10354 10621 10596 10519 10343 10178 10253 10324 10743 10959 10667 10259 10301 10363 10332 10588 10743 10930 11117 11092 10733 9915 10026 10985 11088 10821 10653 10679 10787 10890 10950 10992 10862 10484 10550 10629 10938 10903 10879 10898 11254 11816 11844 11087 11392 11975 11912 11556 11046 10725 10621 10561 10572 10569 10545 10514 10537 11030 11249 11466 11527 11787 11843 11869 11542 10902 10653 10634 10649 10605 10677 10697 10698 10676 10704
9949 10137 10334 10541 10478 10342 10255 10285 10326 10242 10279 10192 10042 10023 10052 10270 10343 10389 10377 10110 10767 11098 11012 10470 10444 10819 10885 10628 10568 10698 10723 10838 10899 10879 10876 10899 10928 10844 10473 10784 10960 11062 11235 11405 11498 10505 10293 10516 11409 11375 11126 10732 10493 10498 10491 10484 10467 10439 10522 10890 11611 11747 11771 11835 11638 10972 10785 10630 10548 10524 10522 10555 10646 10729 10726 10796 10804
9973 10264 10339 10334 10248 10222 10244 10167 10374 10364 10380 10202 10031 10012 10052 10245 10320 10346 10368 10123 10420 10800 10719 10574 10602 10672 10520 10476 10562 10719 10750 10766 10889 10883 10879 10940 10899 10875 10735 10777 10774 10726 10898 11027 11032 10345 10306 10303 10276 10264 10415 10659 10417 10417 10422 10423 10447 10769 10996 11422 11727 11747 11713 11815 11360 10886 10762 10585 10592 10567 10555 10572 10636 10709 10638 10713 10764
10332 10375 10396 10388 10199 10180 10401 10382 10012 10050 10070 10098 10123 10125 10042 10004 10149 10280 10323 10267 10591 10539 10348 10201 10461 10414 10426 10372 10517 10537 10587 10617 10749 10988 10989 10976 10891 10665 10629 10571 10511 10560 10629 10781 10897 10962 11041 11008 10414 10304 10470 10754 10424 10429 10393 10462 10718 11021 11333 11586 11600 11557 11536 11548 10971 10710 10588 10527 10552 10541 10546 10519 10563 10572 10574 10620 10639
10245 10306 10339 10310 10145 10197 10180 10047 9971 10000 10039 10055 10070 10062 10061 10034 10253 10209 10213 10323 10339 10450 10432 10368 10324 10298 10326 10378 10466 10615 10492 10764 10927 10914 10957 10979 10757 10543 10597 10558 10507 10540 10526 10522 10632 10812 11107 11119 10837 10701 10621 10592 10465 10473 10478 10472 10656 11223 11340 10867 11822 11892 11775 11148 10657 10547 10516 10483 10474 10482 10492 10751 11046 11065 10759 10583 10766
10003 9995 9949 9970 10078 10118 10056 9997 9929 9930 9944 9990 10031 10024 10259 10451 10208 10143 10141 10262 10232 10214 10301 10321 10288 10285 10303 10470 10522 10760 10775 10895 10885 10888 10866 10781 10583 10519 10549 10456 10403 10338 10325 10320 10421 10464 10553 10504 10438 10410 10368 10396 10401 10363 10467 10463 10463 10644 10799 10997 11785 11806 11697 10953 10643 10533 10665 10644 10428 10448 10497 10662 10832 10867 10611 10455 10537
9912 9918 9942 9975 10023 10056 10082 9989 9941 9897 9911 9942 9951 10114 10574 10559 10213 10272 10335 10189 10187 10220 10298 10287 10277 10304 10328 10525 10687 10696 10839 10958 10985 11036 11087 10828 10625 10572 10581 10588 10393 10290 10297 10277 10328 10385 10329 10314 10322 10358 10412 10422 10454 10506 10478 10450 10453 10434 10371 10543 11052 11175 11085 10658 10523 10498 10546 10434 10438 10255 10382 10452 10281 10428 10402 10272 10283
9879 9909 9922 9972 10013 10034 10044 10080 10066 9988 10019 10076 9983 10215 10459 10435 10204 10401 10421 10075 10250 10301 10358 10364 10373 10505 10609 10760 10880 10993 11023 10985 10367 10429 11149 11384 11212 10584 10353 10424 10328 10255 10250 10247 10243 10290 10288 10294 10359 10364 10406 10627 10599 10591 10550 10503 10466 10387 10399 10363 10611 10677 10555 10463 10449 10476 10560 10495 10410 10243 10227 10350 10370 10351 10323 10411 10274
9863 9883 9903 9929 9979 10016 10036 10050 10067 10021 10080 10149 9997 10082 10065 10121 10254 10426 10425 10404 10344 10163 10149 10418 10407 10642 10876 10924 10925 10757 10861 10941 9661 9395 10459 11126 11093 10517 10374 10256 10245 10247 10239 10232 10237 10270 10329 10377 10398 10472 10544 10667 10597 10536 10476 10476 10482 10426 10426 10395 10511 10449 10439 10440 10402 10386 10423 10564 10712 10626 10731 10664 10361 10375 10439 10405 10249
9969 9952 10003 10054 10108 10125 10139 10071 10090 10116 10125 10080 10088 10155 10313 10486 10482 10416 10377 10413 10383 10485 10596 10620 10104 9986 10369 10751 10905 10967 10601 10644 10512 10615 10614 10563 10518 10532 10299 10247 10244 10214 10232 10255 10262 10318 10352 10378 10460 10524 10541 10529 10436 10442 10513 10622 10491 10517 10458 10507 10544 10423 10442 10430 10361 10470 10479 10188 10234 10593 10665 10518 10233 10265 10285 10249 10276
10081 10078 10102 10136 10154 10187 10229 10214 10196 10276 10306 10288 10424 10722 10760 10623 10469 10483 10536 10368 10368 10534 10695 10780 10522 10329 10502 10746 10940 11041 10816 10641 10540 10568 10509 10485 10453 10369 10289 10259 10251 10257 10276 10306 10323 10363 10382 10389 10398 10397 10329 10364 10408 10445 10522 10769 10777 10760 10665 10568 10402 10433 10437 10517 10500 10479 10430 10206 10267 10239 10293 10277 10254 10275 10284 10243 10201
10184 10114 10107 10131 10133 10122 10113 10102 10216 10787 10806 10578 10487 10811 10859 10699 10638 10440 10444 10410 10362 10451 10473 10581 10518 10331 10258 10231 10352 10460 10490 10319 10532 10555 10496 10399 10355 10318 10271 10272 10291 10316 10332 10357 10351 10344 10343 10352 10354 10355 10355 10350 10420 10365 10381 10497 10560 10611 10551 10568 10522 10468 10502 10553 10380 10242 10208 10393 10359 10300 10287 10275 10256 10245 10247 10215 10171
10141 10156 10152 10126 10129 10082 10108 10211 10480 10756 10629 9938 9897 9878 9964 10462 10856 10667 10505 10601 10716 10758 10579 10178 10163 10150 10148 10171 10200 10210 10211 10215 10306 10318 10524 10437 10326 10324 10335 10378 10404 10457 10460 10464 10415 10391 10376 10369 10377 10368 10346 10334 10316 10313 10313 10308 10360 10367 10462 10441 10405 10429 10329 10464 10407 10458 10371 10258 10207 10260 10298 10322 10203 10188 10194 10179 10131
10099 10128 10126 10159 10189 10169 10294 10224 10831 10624 9910 9812 9752 9674 9753 9997 11224 11004 10691 10864 10856 10770 10241 10167 10178 10141 10130 10145 10154 10162 10163 10169 10185 10234 10444 10470 10349 10395 10414 10483 10523 10542 10557 10526 10446 10385 10369 10355 10373 10366 10327 10291 10299 10285 10292 10410 10432 10311 10331 10335 10424 10362 10359 10602 10348 10402 10369 10307 10174 10295 10291 10217 10182 10170 10165 10125 10115
10080 10127 10094 10295 9992 9971 10056 10220 10853 11026 10426 9805 9787 9768 9811 10769 11190 10903 10682 10884 10864 10516 10244 10215 10173 10166 10166 10165 10162 10151 10146 10125 10113 10198 10290 10470 10355 10402 10493 10726 10753 10655 10647 10566 10526 10426 10419 10464 10355 10381 10334 10234 10243 10286 10289 10302 10259 10285 10327 10301 10416 10369 10363 10242 10188 10210 10161 10140 10137 10157 10159 10164 10161 10144 10127 10106 10100
