Alternative/Moon/Lvl0_30x30/Ele_AI.asc
ncols         335
nrows         335
xllcorner     6757491.657
yllcorner     6672833.042
cellsize      10000
nodata_value  -9999.0
[rows 170 to 203 of 335, columns 77 to 153 of 335]
14232 14234 14234 14234 14266 14273 14276 14258 14277 14293 14294 14308 14301 14300 14321 14412 14409 14326 14308 14322 14332 14364 14384 14464 14437 14410 14421 14463 14411 14369 14378 14475 14527 14568 14825 15233 15320 15588 15954 16461 16924 17582 18261 18876 19419 19851 19960 19947 20091 20427 20805 21071 21321 21359 21281 20980 20658 20247 19968 19595 19265 18998 18783 18756 18638 18658 18905 19201 19521 19730 19745 19798 19813 20093 20064 19896 19806
14259 14279 14305 14324 14315 14317 14333 14345 14334 14347 14329 14322 14305 14308 14296 14328 14312 14293 14300 14307 14322 14327 14339 14344 14358 14381 14383 14385 14404 14522 14727 14848 14796 14697 14451 14425 14622 15082 15513 16000 16457 16870 17383 17847 18153 18653 19398 19921 20269 20694 21021 21366 21549 21604 21556 21308 20891 20559 20469 20459 20383 20084 19854 19614 19485 19471 19583 19721 20063 20119 20067 20112 20103 19894 19585 19405 19335
14295 14306 14308 14331 14354 14349 14355 14359 14372 14370 14364 14340 14337 14335 14367 14355 14342 14310 14357 14362 14356 14334 14356 14365 14356 14360 14357 14370 14450 14467 14473 14616 14753 14642 14470 14439 14469 14619 14999 15260 15522 15850 16384 16921 17411 18020 18599 19380 19868 20357 20827 20990 21055 20924 20757 20588 20545 20532 20690 20903 20957 20949 20836 20629 20464 20264 20207 20292 20304 20252 20019 19885 19864 19713 19576 19641 19632
14328 14319 14325 14316 14314 14348 14361 14376 14374 14369 14360 14362 14363 14366 14366 14362 14366 14348 14354 14361 14362 14362 14347 14403 14400 14369 14366 14376 14449 14461 14505 14634 14763 14635 14566 14858 15030 14909 15038 15464 15950 16439 16824 17179 17631 18314 18941 19374 19579 20056 20210 20260 20410 20560 20740 20862 21004 21029 20821 20953 20942 20939 20847 20710 20500 20251 20135 20014 19997 19798 19583 19613 19632 19596 19576 19951 20330
14280 14313 14340 14360 14438 14473 14504 14531 14518 14551 14539 14543 14482 14488 14461 14452 14458 14465 14404 14459 14443 14435 14444 14463 14468 14473 14467 14445 14451 14462 14612 14632 14681 14699 14631 14833 14963 14940 15181 15765 16252 16649 16926 17181 17724 18292 18852 19359 19673 19686 19477 19221 19181 19480 19990 20366 20685 20758 20607 20381 20348 20409 20374 20256 20097 19904 19722 19607 19515 19280 19192 19081 19049 19286 19827 20287 20716
14258 14313 14334 14368 14390 14404 14423 14474 14476 14469 14483 14505 14489 14508 14509 14500 14525 14530 14471 14460 14462 14454 14452 14468 14473 14470 14480 14523 14533 14502 14548 14602 14672 14797 14772 14713 14615 14699 14956 15294 15497 16042 16629 17122 17483 18157 18785 19320 19660 19682 19649 19638 19724 19980 20353 20518 20480 20214 19951 19418 19299 19430 19394 19330 19279 19167 19038 19155 19240 19232 19131 19347 19389 19463 19804 20077 20409
14121 14192 14275 14291 14304 14308 14363 14417 14466 14460 14426 14463 14471 14510 14497 14530 14553 14566 14495 14484 14475 14482 14476 14494 14500 14496 14498 14502 14537 14648 14765 14945 14938 14921 15069 15063 14891 14715 14775 15297 15720 16131 16415 16658 16986 17470 18061 18583 19006 19051 18820 18896 19277 19951 20226 20179 20024 19747 19484 19316 19118 18841 18880 18924 18915 18850 18672 18476 18656 18678 19033 19380 19458 19614 19751 19985 20315
14329 14304 14331 14330 14334 14307 14310 14357 14363 14378 14414 14437 14428 14424 14440 14443 14483 14480 14485 14487 14480 14489 14486 14499 14553 14650 14682 14732 14745 14745 14758 14875 15233 15598 15853 16089 16172 15880 15921 15811 15937 16318 16620 16938 17194 17667 18306 18921 19056 18943 18597 19162 19696 20297 20513 20394 20052 19727 19552 19348 19158 19142 19121 19029 18957 18700 18568 18716 18774 18941 19412 19613 19625 19669 19835 19987 20185
14324 14329 14347 14329 14319 14326 14314 14319 14347 14359 14373 14374 14383 14395 14415 14414 14446 14437 14484 14463 14508 14513 14537 14570 14543 14591 14757 14716 14691 14945 15270 15511 15795 16204 16520 16579 16748 17072 17187 17166 17193 17478 18006 18408 18607 18992 19454 19650 19666 19613 19461 19853 20343 20459 20474 20278 20062 19909 19535 19313 19274 19245 19307 19316 19328 19271 19335 19305 19250 19161 19232 19503 19555 19583 19620 19874 20029
14293 14308 14307 14309 14321 14324 14320 14308 14326 14333 14350 14367 14374 14390 14401 14427 14447 14455 14477 14464 14505 14520 14535 14595 14736 14965 15005 15106 15258 15501 15644 15793 16008 16250 16560 17183 17622 17947 18154 18338 18503 18711 18922 19056 19247 19473 19611 19638 19596 19722 20214 20383 20453 20440 20327 20187 20038 19980 19853 19806 19713 19344 18987 18643 18879 19124 19343 19487 19548 19376 19427 19549 19570 19710 19769 19895 19989
14269 14290 14301 14314 14325 14330 14329 14326 14320 14354 14329 14375 14367 14332 14317 14323 14326 14355 14396 14432 14474 14516 14636 14874 15116 15333 15371 15576 15850 16284 16535 16784 17178 17622 17887 18195 18286 18569 18905 19064 19158 19310 19320 19127 19210 19401 19456 19626 19821 20349 20473 20318 20155 19983 19927 19801 19831 19739 19499 19298 19221 19183 19174 19233 19417 19508 19609 19456 19560 19867 20034 20006 19870 19731 19748 19743 19711
14271 14266 14249 14227 14178 14139 14153 14141 14178 14225 14244 14306 14304 14286 14263 14312 14369 14385 14383 14688 14918 15251 15373 15351 15373 15646 15921 16012 16116 16341 16572 16862 17194 17664 18073 18300 18326 18593 19001 19145 19187 19165 19116 19232 19607 20060 20276 20533 20843 20910 20833 20953 20955 20912 20789 20550 20385 20084 19793 19568 19530 19559 19585 19919 20308 20471 20424 20176 19941 20047 20062 20000 19826 19552 19180 18906 18904
14320 14355 14364 14386 14431 14421 14436 14518 14546 14661 15210 15277 15428 15503 15668 15724 15649 15408 15239 15319 15548 15847 15988 16077 16122 16013 16181 16520 16643 16615 16599 16966 17310 17559 17779 17914 17976 18150 18367 18497 18501 18370 19127 19664 19978 20234 20492 20795 21254 21645 21796 21904 21751 21500 21255 21096 20871 20747 20524 20226 20136 20191 20292 20602 20787 20805 20666 20482 20494 20461 20181 19896 19623 19186 18910 18706 18544
14797 14871 15128 15293 15447 15698 15678 15690 15774 15855 16074 16209 16313 16538 16791 16874 16874 16784 16683 16601 16417 16130 16276 16292 16244 16608 16788 16907 16911 17054 17236 17405 17488 17695 18005 18027 17897 17657 17600 17544 17525 17917 18525 19270 19809 20207 20533 21008 21284 21421 21613 21772 21804 21590 21338 21220 21222 21172 20987 20918 20785 20562 20454 20608 20772 20887 20743 20612 20604 20444 20221 19994 19692 19278 18799 18396 18141
16085 16415 16496 16766 16939 16974 16965 16901 16876 17022 17087 17083 17084 17016 16932 16918 16900 16877 16782 16714 16830 16987 17071 17250 17313 17484 17679 17868 18033 18443 18796 18923 18946 18796 18645 18224 17885 17369 17472 18015 18396 18969 19575 19997 20176 20385 20585 20834 21080 21289 21295 21007 20763 20436 20220 20386 20676 20833 20849 20847 20678 20434 20141 20058 20029 20171 20366 20482 20469 20333 20073 19851 19551 19085 18545 18082 17744
16680 16955 17120 17045 17049 17165 17285 17395 17396 17346 17508 17486 17445 17449 17522 17320 17206 17463 17775 17886 18179 18246 18271 18311 18367 18410 18817 19174 19408 19489 19601 19652 19430 19107 18788 18763 18820 18683 18974 19056 19440 19812 20098 20455 20528 20505 20574 20367 20307 20501 20387 20231 20066 19956 19941 19885 19703 19461 19138 19260 19667 19640 19669 19651 19531 19336 19160 19150 19338 19348 19611 19629 19424 18979 18523 17965 17497
17957 18094 18306 18319 18373 18234 18327 18277 18573 18619 18822 18895 18967 19023 19249 19043 19226 19606 19703 19996 20208 20347 20378 20249 20188 20253 20655 21059 21252 21336 21231 21028 20688 20509 20224 20048 19906 19749 19640 19660 19787 19900 20013 20121 20093 19996 19896 20118 20289 20342 20303 20250 20164 20063 20055 19986 19859 19729 19498 19070 18802 18430 18398 18382 18253 18194 18456 18921 19125 19092 18744 18477 18302 18074 17699 17302 16833
19342 19498 19767 20012 20216 20265 20310 20376 20373 20347 20463 20461 20586 20701 20872 21160 21421 21515 21234 20639 20605 20752 20747 20665 20626 20665 20894 21234 21402 21403 21205 20851 20578 20253 20039 19899 19713 19636 19663 19686 19627 19637 19767 19786 19753 19618 19886 20215 20519 20732 20759 20749 20688 20518 20286 20038 19738 19476 19107 18807 18612 18532 18374 18008 17615 17403 17418 17341 17604 17607 17403 17207 17008 16775 16631 16416 16250
19744 19981 20239 20495 20783 20931 21044 21144 21262 21392 21519 21589 21552 21597 21678 21743 21811 21767 21555 21286 21173 20785 20394 20173 20340 20725 20935 21047 21016 20783 20596 20564 20554 20574 20478 20420 20294 20247 20222 20015 19913 20013 20098 20177 20180 20182 19883 19450 19201 18893 19050 19096 19203 19348 19416 19374 19285 19211 18765 18299 18328 18372 17973 17542 17294 16971 16612 16365 16289 16386 16573 16641 16608 16504 16397 16169 16121
20414 20510 20580 20770 20976 21099 21265 21416 21457 21508 21591 21584 21536 21468 21591 21550 21288 21029 21268 21562 21666 21593 21288 21098 20849 20847 20922 20961 20856 20590 20478 20481 20539 20677 20729 20859 20864 20794 20646 20529 20277 20092 19944 19741 19527 19463 19446 19235 19060 18669 18174 17988 18075 18136 18159 18174 18241 18267 18251 18211 17939 17572 17076 16826 16715 16876 16848 16705 16385 16268 16387 16466 16450 16336 16169 16042 16007
20355 20482 20675 20824 21067 21175 21270 21349 21319 21350 21319 21226 21285 21328 21337 21331 21329 21230 21228 21177 21122 21033 20757 20498 20351 20087 19993 19962 19973 20078 20121 20199 20262 20481 20578 20704 20803 20891 20709 20424 20105 19820 19741 19622 19439 19343 19191 18827 18508 18012 17627 17242 17223 17403 17441 17438 17455 17497 17409 17298 17246 17320 17238 17060 16870 16823 16705 16536 16226 16009 16094 16091 16039 16022 15952 15862 15852
20601 20752 20912 20998 21112 21185 21185 21113 21113 21065 21049 21075 20868 20761 20864 20902 20856 21005 20983 20873 20797 20521 20190 20030 19936 19893 19893 19925 19922 19961 20046 19974 19635 19329 19779 20026 20055 19952 19963 19973 19896 19672 19526 19394 19398 19487 19466 19281 19077 18812 18566 18415 18265 18100 17702 17328 16994 16751 16617 16612 16605 16588 16400 16192 16084 16024 15989 15973 15955 15953 15951 15969 16013 16028 15932 15943 15916
20952 20974 20975 20973 21038 21046 20970 20528 20289 20266 19928 19820 19723 19478 19206 19014 18995 18977 19007 18872 18777 18705 18738 18742 18915 18913 19073 19216 19230 19523 19806 19878 19808 19624 19867 20069 20042 19895 19929 19899 19718 19340 19466 19541 19561 19540 19479 19435 19343 19158 18960 18823 18628 18421 18273 18059 17884 17757 17552 17287 16786 16364 16225 16016 16024 16016 15986 15978 15991 15977 15960 15949 16043 15966 15887 15863 15834
20949 20909 20821 20647 20583 20219 19858 19537 19200 18853 18609 18425 18269 18050 17883 17818 17609 17358 17158 16822 16847 16961 17165 17506 17772 17625 17595 17813 17789 18022 18208 18405 18579 18971 19194 19695 19837 19859 19949 19936 19757 19446 19498 19558 19620 19702 19789 19755 19642 19408 19137 18966 18919 18876 18614 18447 18250 18082 17774 17459 17038 16792 16670 16443 16389 16304 16100 16012 16039 16003 15973 15936 15910 15872 15846 15881 15931
19620 19151 18649 18334 18173 17892 17417 17178 16985 16853 16783 16895 16969 17023 16962 16912 17002 16999 16821 16729 16698 16632 16490 16545 16524 16464 16427 16435 16469 16530 16737 17018 17164 17484 17745 18017 18224 18451 18514 18883 18838 18822 19027 19400 19633 19745 19772 19815 19841 19728 19426 19307 19303 19363 19366 19160 19075 18796 18470 18154 17942 17863 17455 17236 17065 16892 16615 16364 16059 15960 15980 15986 15954 15950 15900 15898 15936
18009 17733 17504 17304 17114 16941 16634 16426 16371 16271 16073 15941 15790 15625 15704 15473 15394 15290 15274 15332 15240 15248 15268 15333 15310 15076 15007 15205 15128 15316 15413 15624 15714 15903 16152 16568 16756 16977 17344 17531 17939 18196 18584 18911 19197 19501 19875 19974 19963 19852 19664 19459 19444 19382 19374 19335 19374 19405 19225 19116 18912 18682 18292 17882 17615 17493 17257 16994 16813 16622 16349 16154 16007 15926 15927 15888 15891
17243 17179 16744 16428 16147 15801 15535 15404 15149 14947 14871 14670 14622 14387 14254 14159 14089 14062 14023 14048 14054 14050 14059 14035 14033 14043 14033 14063 14059 14079 14071 14129 14222 14347 14577 14850 15130 15343 15720 16065 16213 16463 16722 17168 17352 17964 18703 19359 19809 19918 20011 20049 20127 20137 20090 20082 20191 20217 20207 20241 20125 19823 19444 18998 18882 18469 18339 18179 18028 17737 17654 17435 17293 16793 16428 16079 15903
16380 16201 15840 15396 15102 15020 14969 14711 14490 14327 14094 14080 14031 14014 13995 14004 14000 13996 13987 13989 13973 13973 13974 13978 13981 13991 13999 14000 14020 14028 14032 14034 14041 14044 14040 14098 14219 14418 14746 15149 15283 15593 15804 16234 16483 17055 17737 18516 19044 19458 19727 20053 20177 20495 20695 20827 20842 20933 21108 21170 21205 20897 20545 20309 19937 19645 19251 18944 18708 18568 18467 18309 18166 17875 17582 17052 16608
15302 15014 14745 14412 14341 14156 14078 14006 13975 13932 13925 13940 13927 13925 13929 13955 13950 13943 13954 13927 13941 13935 13945 13956 13964 13989 13991 13990 13991 13983 14015 14015 14017 14038 14046 14034 14113 14145 14247 14553 14938 15277 15629 16025 16333 16776 17397 18106 18600 19280 19861 20227 20420 20693 21162 21501 21627 21846 22177 22310 22297 22268 22008 21529 21025 20454 20143 20180 20132 19984 19786 19661 19465 19142 18822 18233 17804
14289 14192 14157 14121 14091 14088 13976 13928 13887 13870 13881 13882 13875 13889 13905 13900 13908 13907 13909 13905 13914 13923 13934 13940 13945 13986 13988 13965 13949 13959 13981 13979 14005 14010 14029 14052 14135 14189 14273 14415 14681 15095 15562 16013 16329 16908 17384 17951 18697 19431 20077 20650 20852 21013 21358 21616 21627 21635 21936 22031 22074 21974 21631 20867 20511 20130 20001 20133 20163 20117 19921 19926 19801 19731 19541 19277 18932
14066 14089 14060 14016 14000 13972 13927 13892 13888 13886 13882 13874 13868 13871 13871 13869 13871 13883 13894 13898 13909 13913 13910 13932 13934 13981 13982 13948 13935 13957 13970 13995 13995 13987 14012 14070 14120 14157 14153 14362 14659 14983 15465 15936 16302 16878 17359 17810 18237 18770 19246 19434 19437 19409 19668 20029 20196 20478 20683 20688 20693 20672 20609 20585 20490 19942 19546 19248 19182 19388 19542 19363 18965 18750 18972 18821 18424
13948 13932 13934 13889 13880 13883 13870 13884 13877 13894 13885 13864 13864 13860 13859 13865 13874 13886 13898 13897 13911 13906 13895 13921 13925 13931 13965 13985 13937 13929 13926 13909 13973 14020 13954 13980 13989 14134 14209 14404 14556 14798 15241 15917 16498 17030 17438 17847 18178 18277 18503 18760 19094 19473 19999 20673 21137 21613 22027 22196 22199 22174 22101 21864 21742 21098 20646 20441 20412 20207 19665 18988 18582 18280 18104 17916 17848
14044 13978 13919 13879 13850 13831 13832 13829 13843 13845 13849 13829 13815 13833 13830 13815 13818 13823 13815 13790 13778 13790 13823 13858 13879 13895 13953 13972 13966 13954 13950 13939 13956 13992 13984 14001 14042 14094 14176 14277 14449 14813 15398 16101 16657 17299 17990 18601 19026 19345 19654 19870 20080 20200 20378 20838 21219 21573 21841 21976 21848 21828 21856 21809 21765 21472 21231 21214 20981 20477 19919 19539 19676 19642 19620 19679 19658
14164 14077 13972 13948 13955 13900 13868 13856 13854 13848 13833 13828 13797 13686 13682 13779 13797 13734 13723 13717 13725 13750 13807 13855 13854 13873 13868 13890 13895 13910 13911 13910 13913 13919 13977 14019 14013 14031 14094 14226 14501 15295 15905 16359 16631 17078 17715 18494 19072 19485 19807 20004 20130 20161 20052 19972 19809 19611 19461 19325 19385 19356 19423 19704 19815 20064 20192 20412 20676 20834 20936 20924 20939 20964 20831 20661 20663
