Alternative/Moon/Lvl0_30x30/Ele_AC.asc
ncols         335
nrows         335
xllcorner     -13342508.343
yllcorner     6672833.042
cellsize      10000
nodata_value  -9999.0
[rows 34 to 67 of 335, columns 77 to 153 of 335]
16118 16123 16128 16122 16145 16151 16140 16095 16073 16054 16037 16048 15992 15977 15955 15946 15920 15893 15882 15876 15842 15821 15789 15757 15727 15712 15682 15671 15685 15681 15694 15685 15682 15666 15648 15643 15649 15645 15651 15668 15673 15652 15647 15578 15569 15559 15552 15556 15555 15572 15596 15625 15639 15669 15653 15631 15593 15571 15575 15563 15568 15580 15594 15602 15597 15594 15589 15604 15625 15667 15712 15738 15771 15786 15781 15780 15760
16055 16003 16028 15967 15925 15940 15884 15893 15863 15840 15825 15840 15816 15806 15797 15812 15797 15787 15759 15737 15709 15670 15657 15645 15665 15676 15698 15709 15733 15729 15735 15752 15731 15720 15699 15682 15657 15615 15590 15575 15589 15597 15582 15573 15581 15580 15594 15589 15586 15575 15572 15587 15630 15667 15719 15777 15832 15863 15894 15891 15880 15886 15870 15843 15830 15781 15733 15675 15610 15564 15555 15577 15590 15599 15565 15536 15527
16243 16218 16205 16179 16141 16126 16094 16060 16012 15999 15961 15949 15912 15887 15837 15830 15812 15805 15776 15741 15706 15713 15754 15776 15777 15790 15792 15779 15769 15734 15715 15701 15696 15724 15751 15767 15766 15759 15729 15705 15684 15672 15668 15670 15691 15696 15711 15714 15697 15690 15663 15641 15625 15612 15602 15609 15605 15593 15588 15572 15637 15652 15633 15677 15690 15703 15619 15602 15572 15575 15583 15613 15650 15652 15657 15640 15621
16094 16031 15945 15889 15843 15816 15801 15794 15789 15790 15786 15787 15793 15789 15779 15762 15751 15717 15696 15684 15666 15662 15653 15655 15639 15628 15616 15613 15618 15627 15659 15704 15744 15761 15769 15765 15780 15788 15790 15777 15774 15764 15747 15733 15708 15687 15685 15675 15663 15661 15652 15637 15619 15610 15606 15625 15613 15598 15566 15567 15573 15580 15575 15568 15557 15557 15542 15525 15531 15506 15516 15541 15565 15568 15556 15551 15538
15874 15848 15833 15831 15827 15832 15848 15822 15785 15822 15785 15752 15724 15735 15734 15740 15745 15729 15726 15717 15719 15707 15698 15701 15689 15679 15673 15684 15673 15656 15635 15641 15635 15648 15647 15642 15643 15670 15692 15710 15702 15696 15671 15658 15642 15632 15628 15620 15608 15607 15618 15639 15659 15658 15647 15625 15612 15615 15619 15620 15627 15618 15618 15635 15639 15642 15642 15634 15621 15620 15617 15613 15605 15601 15633 15640 15645
15969 15954 15926 15916 15898 15883 15883 15889 15870 15863 15833 15801 15797 15817 15818 15838 15834 15793 15795 15789 15764 15755 15770 15758 15769 15757 15730 15721 15731 15693 15667 15658 15640 15643 15679 15686 15708 15707 15688 15700 15711 15707 15706 15703 15690 15686 15687 15686 15696 15689 15692 15682 15683 15694 15682 15689 15697 15692 15688 15692 15695 15706 15763 15753 15736 15729 15710 15724 15750 15749 15750 15742 15744 15744 15729 15729 15727
15851 15871 15872 15868 15910 15952 15994 16029 16029 16021 16023 16005 15996 16006 16006 16004 16004 15989 16014 16044 16065 16085 16079 16061 16034 16022 16009 16006 15982 15916 15909 15871 15886 15888 15902 15912 15913 15914 15934 15951 15961 15962 15967 15985 16018 16028 16032 16056 16038 16033 16011 15964 15923 15896 15882 15868 15824 15858 15867 15884 15897 15953 15976 16011 16031 16046 16036 16025 15996 15993 15937 15916 15870 15860 15852 15813 15786
16055 16065 16082 16115 16119 16119 16132 16125 16109 16103 16080 16040 16031 16039 16047 16068 16088 16086 16080 16077 16051 16020 16029 16037 16023 16010 16014 16029 16036 16036 16039 16019 16012 15993 15965 15937 15932 15927 15929 15933 15945 15931 15896 15911 15895 15894 15889 15874 15831 15805 15772 15735 15686 15693 15707 15678 15668 15669 15690 15718 15770 15812 15876 15915 15963 15981 16008 15982 15974 15961 15938 15909 15928 15925 15918 15919 15911
16414 16439 16459 16456 16466 16468 16475 16484 16470 16467 16449 16438 16416 16410 16374 16339 16327 16298 16256 16209 16189 16153 16101 16054 15992 15950 15941 15966 15981 15961 15971 15970 15949 15916 15882 15836 15804 15771 15764 15750 15744 15798 15838 15858 15879 15879 15899 15936 15946 15940 15932 15905 15858 15844 15839 15856 15824 15772 15755 15733 15729 15742 15791 15779 15760 15749 15785 15845 15899 15930 15960 15991 16031 16030 16028 16013 15998
16705 16646 16598 16551 16510 16521 16514 16511 16501 16475 16444 16410 16397 16385 16359 16315 16262 16237 16191 16163 16143 16111 16092 16069 15989 15959 15884 15838 15826 15782 15755 15717 15706 15709 15748 15791 15848 15849 15838 15822 15771 15758 15743 15789 15756 15764 15764 15778 15756 15754 15774 15746 15742 15727 15731 15756 15772 15772 15763 15767 15746 15757 15762 15756 15758 15772 15772 15778 15753 15706 15689 15643 15626 15630 15666 15704 15735
17496 17444 17396 17314 17272 17235 17202 17205 17102 17086 17017 16980 16926 16839 16881 16803 16735 16774 16738 16698 16737 16648 16585 16540 16498 16452 16351 16306 16240 16222 16181 16133 16052 15990 15934 15905 15907 15904 15914 15874 15901 15884 15873 15883 15864 15820 15849 15839 15849 15824 15792 15810 15852 15879 15883 15886 15853 15850 15820 15764 15697 15667 15639 15629 15608 15571 15555 15534 15566 15607 15650 15682 15679 15664 15655 15616 15552
18010 17992 17954 17933 17909 17887 17888 17892 17871 17853 17797 17764 17731 17720 17688 17680 17614 17586 17551 17498 17444 17383 17321 17250 17180 17111 17044 16943 16869 16784 16712 16631 16581 16512 16446 16385 16296 16229 16148 16084 15995 15905 15988 15840 15871 15884 15849 15868 15930 15955 15976 15997 16033 16027 16001 15948 15888 15826 15787 15744 15709 15697 15689 15722 15735 15710 15719 15712 15706 15703 15680 15666 15621 15645 15640 15626 15570
17987 17978 17948 17879 17845 17814 17793 17809 17788 17719 17702 17654 17650 17681 17651 17659 17623 17597 17548 17444 17359 17274 17181 17143 17028 16940 16873 16800 16685 16663 16617 16604 16611 16595 16567 16537 16481 16445 16376 16292 16255 16225 16188 16085 16107 16079 16033 15976 15957 15935 15901 15846 15843 15818 15774 15761 15751 15758 15754 15749 15727 15705 15670 15662 15672 15684 15677 15656 15629 15641 15642 15665 15696 15687 15668 15657 15642
17136 17123 17042 17035 16906 16875 16772 16662 16551 16552 16401 16458 16345 16333 16287 16317 16296 16285 16259 16274 16220 16204 16122 16071 16046 15994 15956 15908 15884 15848 15810 15794 15768 15773 15762 15729 15723 15706 15706 15709 15705 15712 15747 15779 15805 15824 15835 15844 15835 15828 15829 15821 15817 15798 15802 15801 15805 15828 15873 15884 15901 15909 15887 15867 15872 15873 15852 15839 15811 15781 15760 15748 15743 15732 15726 15721 15719
16411 16313 16248 16171 16131 16130 16103 16074 16043 15994 15990 15996 15954 15930 15873 15779 15744 15715 15714 15702 15709 15765 15841 15923 15952 15910 15860 15873 15879 15874 15817 15797 15764 15841 15902 15955 15952 15954 15934 15926 15909 15853 15803 15723 15649 15570 15567 15568 15568 15573 15633 15656 15683 15737 15730 15784 15806 15815 15814 15830 15855 15867 15838 15805 15804 15810 15819 15814 15793 15786 15755 15737 15728 15734 15728 15722 15725
15804 15792 15781 15769 15811 15847 15901 15939 15951 15963 15974 15961 15951 15930 15887 15818 15750 15677 15650 15720 15806 15875 15960 16009 16002 15967 15905 15839 15795 15770 15746 15757 15811 15847 15864 15904 15864 15849 15831 15760 15684 15631 15569 15553 15568 15592 15586 15583 15594 15595 15665 15655 15732 15774 15793 15811 15779 15745 15706 15756 15789 15827 15844 15877 15898 15886 15858 15835 15846 15832 15789 15746 15706 15687 15656 15667 15663
15728 15669 15655 15703 15741 15751 15749 15689 15690 15655 15628 15632 15598 15584 15603 15598 15622 15648 15657 15698 15746 15784 15850 15926 15924 15947 15935 15884 15778 15707 15635 15639 15710 15775 15841 15854 15877 15894 15835 15818 15759 15704 15636 15597 15559 15538 15542 15606 15678 15690 15684 15657 15675 15673 15725 15721 15754 15737 15716 15651 15661 15605 15562 15565 15590 15585 15577 15583 15585 15586 15605 15594 15592 15649 15640 15632 15617
15798 15773 15747 15733 15750 15759 15746 15706 15690 15653 15650 15631 15652 15704 15733 15765 15800 15787 15799 15794 15782 15782 15842 15881 15895 15896 15903 15869 15800 15758 15681 15641 15648 15646 15664 15726 15792 15814 15820 15816 15814 15818 15794 15776 15740 15704 15656 15625 15587 15560 15525 15528 15485 15522 15601 15626 15625 15615 15582 15544 15585 15627 15652 15689 15607 15720 15671 15635 15624 15650 15678 15719 15742 15780 15779 15763 15778
15827 15850 15871 15854 15859 15837 15785 15740 15687 15652 15665 15717 15763 15765 15760 15763 15762 15755 15730 15715 15722 15724 15714 15725 15697 15692 15665 15670 15637 15636 15642 15706 15689 15692 15669 15672 15699 15732 15760 15793 15783 15796 15790 15783 15762 15747 15691 15668 15653 15597 15616 15624 15655 15673 15681 15701 15702 15700 15660 15659 15699 15714 15743 15692 15626 15604 15554 15528 15506 15458 15433 15426 15392 15403 15440 15442 15545
15943 15959 15960 15944 15910 15901 15822 15774 15734 15679 15732 15744 15782 15793 15796 15784 15776 15756 15720 15714 15737 15757 15766 15768 15755 15752 15745 15734 15742 15752 15776 15778 15770 15776 15753 15738 15711 15731 15727 15741 15745 15743 15721 15688 15593 15526 15487 15492 15559 15522 15530 15525 15561 15584 15680 15721 15725 15709 15700 15692 15720 15734 15715 15672 15689 15736 15820 15900 15928 15985 15985 15964 15892 15833 15764 15708 15751
15688 15671 15664 15626 15638 15644 15678 15677 15674 15646 15649 15659 15676 15645 15625 15636 15613 15607 15612 15591 15637 15623 15607 15586 15562 15552 15548 15532 15530 15522 15515 15524 15527 15539 15547 15546 15564 15573 15582 15589 15654 15665 15679 15682 15670 15642 15621 15617 15601 15591 15575 15580 15577 15568 15544 15529 15513 15518 15498 15537 15597 15595 15594 15578 15587 15638 15724 15736 15818 15789 15815 15718 15709 15664 15646 15644 15653
16057 16068 16060 16025 15997 15964 15908 15939 15925 15924 15927 15912 15913 15884 15871 15863 15891 15903 15897 15893 15847 15773 15667 15588 15545 15529 15517 15528 15537 15559 15583 15594 15587 15573 15540 15539 15547 15516 15516 15496 15542 15536 15556 15566 15542 15511 15495 15498 15512 15504 15490 15480 15504 15541 15570 15570 15566 15568 15562 15564 15569 15609 15629 15634 15623 15574 15559 15576 15636 15674 15667 15685 15643 15676 15763 15795 15827
16098 16107 16117 16110 16113 16090 16062 16034 16025 16022 16013 15974 15899 15847 15862 15844 15827 15827 15797 15737 15709 15716 15749 15768 15775 15789 15791 15819 15877 15956 16008 16069 16126 16124 16162 16145 16131 16108 16101 16090 16094 16074 16097 16123 16132 16130 16138 16200 16227 16238 16216 16188 16164 16097 16095 16019 15900 15829 15740 15809 15830 15919 15904 15865 15835 15845 15836 15851 15848 15840 15816 15793 15767 15757 15757 15795 15816
16630 16595 16605 16513 16450 16429 16390 16480 16400 16347 16302 16329 16319 16361 16345 16319 16271 16250 16219 16166 16107 16044 15992 15948 15928 15938 15930 15930 15940 15972 16046 16099 16154 16155 16184 16175 16134 16110 16025 15974 15901 15800 15761 15765 15870 15906 15890 16112 16158 16237 16294 16338 16355 16352 16330 16370 16389 16364 16319 16229 16140 16065 15973 15867 15796 15729 15690 15714 15778 15790 15785 15787 15751 15747 15766 15937 16093
17396 17379 17340 17410 17345 17383 17374 17356 17319 17226 17163 17096 17084 17099 17120 17110 17048 17029 16938 16837 16750 16702 16672 16605 16596 16534 16484 16448 16458 16450 16367 16337 16292 16242 16169 16090 16056 16046 16061 16082 16079 16084 16070 16090 16043 16059 16107 16169 16188 16204 16220 16192 16185 16185 16243 16343 16397 16402 16321 16275 16194 16096 15981 15845 15811 15922 15993 16054 16182 16148 16265 16335 16487 16663 16664 16785 16927
18363 18341 18233 18146 18053 17980 17907 17864 17793 17746 17722 17660 17611 17565 17550 17658 17640 17626 17713 17805 17739 17772 17787 17787 17784 17703 17640 17542 17443 17325 17186 17076 16915 16837 16721 16653 16618 16610 16614 16572 16652 16600 16567 16667 16626 16624 16606 16603 16585 16684 16641 16694 16662 16648 16672 16667 16746 16698 16706 16704 16724 16722 16794 16838 17020 17010 17082 17226 17360 17409 17594 17723 17873 18008 18123 18234 18315
19789 19608 19480 19334 19288 19179 18994 18974 18866 18756 18618 18652 18614 18559 18667 18598 18706 18794 18815 18857 18855 18845 18854 18778 18760 18572 18459 18367 18302 18359 18437 18251 18266 18238 18327 18279 18404 18404 18274 18283 18340 18269 18335 18237 18296 18238 18281 18254 18207 18159 18098 18014 18099 18054 18127 18253 18214 18282 18160 18189 18149 18278 18374 18605 18508 18640 18778 18765 18935 18955 19076 19124 19181 19330 19441 19602 19563
20791 20788 20733 20705 20662 20694 20578 20432 20391 20239 20330 20224 20255 20311 20196 20224 20143 20151 20134 19998 20000 19884 19865 19827 19755 19840 19757 19881 19834 19806 19787 19790 19822 19846 19829 19860 19925 19808 19819 19720 19847 19683 19700 19695 19605 19592 19512 19513 19420 19445 19378 19394 19484 19447 19481 19550 19502 19507 19540 19397 19364 19496 19665 19772 19905 19994 20033 20146 20183 20230 20362 20463 20527 20621 20776 20866 20896
21070 21069 21073 21071 21060 21091 21121 21111 21086 21086 21042 21014 20996 20965 20945 20969 21006 21035 21082 21121 21148 21133 21095 21019 21021 21014 21020 20997 20968 20969 20993 21029 21077 21107 21153 21212 21198 21178 21146 21109 21041 20969 20874 20837 20764 20684 20778 20760 20884 20934 21017 20986 21033 21012 20931 20818 20755 20687 20633 20642 20617 20687 20784 20772 20841 20828 20789 20943 21048 21099 21148 21152 21135 21140 21149 21128 21129
20882 20899 20873 20853 20809 20762 20704 20690 20738 20699 20730 20724 20710 20710 20801 20859 20883 20931 20953 20946 20985 20991 20906 20906 20879 20901 20897 20916 20970 21014 21102 21154 21222 21203 21202 21217 21251 21240 21268 21333 21357 21316 21262 21219 21174 21152 21169 21163 21137 21120 21149 21118 21088 21064 21035 20949 20900 20850 20858 20900 20960 20992 21050 21108 21166 21219 21258 21276 21322 21335 21353 21359 21411 21420 21445 21460 21503
20286 20264 20181 20231 20283 20384 20444 20443 20493 20493 20484 20426 20390 20373 20328 20329 20238 20258 20330 20364 20331 20448 20478 20571 20644 20716 20781 20803 20826 20820 20810 20868 20868 20871 20905 20944 20927 20946 20931 20922 20893 20918 20890 20849 20862 20801 20759 20731 20723 20717 20726 20706 20681 20681 20716 20728 20745 20786 20864 20933 20998 21061 21093 21116 21192 21226 21270 21265 21294 21258 21249 21254 21383 21491 21594 21673 21740
20123 20037 20095 20084 20091 20120 20078 20128 20140 20155 20205 20166 20177 20193 20196 20218 20236 20232 20250 20264 20300 20319 20335 20371 20434 20493 20536 20516 20488 20446 20443 20514 20506 20542 20563 20572 20532 20524 20460 20441 20409 20398 20386 20458 20487 20603 20677 20751 20820 20837 20846 20813 20792 20780 20791 20811 20814 20808 20817 20813 20838 20872 20896 20930 20933 20995 20946 21059 21166 21233 21321 21413 21458 21523 21625 21722 21807
19733 19738 19733 19707 19673 19645 19662 19669 19650 19658 19654 19651 19649 19649 19672 19699 19749 19803 19862 19915 19983 19992 20041 20095 20172 20230 20248 20225 20166 20190 20135 20128 20174 20216 20197 20158 20035 19905 19757 19778 19856 19893 19965 20069 20128 20238 20361 20405 20417 20434 20372 20378 20479 20439 20424 20446 20478 20425 20572 20582 20605 20634 20677 20739 20766 20743 20774 20969 21130 21195 21330 21407 21489 21541 21573 21592 21625
19654 19693 19717 19703 19683 19699 19719 19746 19756 19753 19733 19671 19604 19604 19553 19642 19682 19603 19554 19528 19458 19443 19241 19199 19266 19053 19361 19301 19471 19576 19602 19662 19716 19764 19755 19693 19734 19748 19780 19825 19828 19844 19868 19839 19881 19897 20010 20041 20093 20071 20030 19986 19974 19953 19931 19933 19932 19917 19911 19941 19952 20026 20044 20133 20245 20316 20361 20425 20481 20529 20564 20625 20704 20785 20849 20915 20913
