Alternative/Moon/Lvl0_30x30/Ele_CI.asc
ncols         335
nrows         335
xllcorner     6757491.657
yllcorner     -27166.958
cellsize      10000
nodata_value  -9999.0
[rows 136 to 169 of 335, columns 77 to 153 of 335]
13405 13442 13460 13459 13440 13430 13417 13407 13393 13376 14083 14310 13421 13443 13580 13638 13460 13675 13669 13604 14627 15199 15482 15695 15843 15544 15487 15551 15513 15519 15598 15850 15859 15650 15570 15570 15972 16246 16398 16371 16515 16862 16685 16677 17010 17354 17362 17335 17158 17007 16894 16864 16854 16894 17539 17574 17541 17641 17558 17648 18659 19305 19918 19844 19760 21941 23701 23785 22978 21625 21450 21360 21248 21381 21314 21250 21062
13401 13450 13456 13440 13426 13420 13406 13392 13369 13363 14628 14812 13491 13372 13381 13380 13473 13644 13240 14460 15681 15826 16199 16753 17035 16392 15473 15370 15388 15400 15579 15589 15490 15471 15517 15457 15701 16145 16414 16442 16681 16703 16869 16824 17003 17249 17335 17306 17238 17079 16998 16938 17047 17075 17498 17670 17714 17742 17603 17842 18073 18722 18821 18998 19910 22404 23802 23787 23075 21949 21556 21499 21440 21535 22055 22062 21861
13388 13443 13467 13448 13417 13405 13393 13369 13370 13365 14927 15033 13610 13399 13367 13369 13391 13577 13616 14993 15877 15968 16010 16404 16909 17213 16340 15891 15675 15716 15837 16124 16048 15555 15468 15458 15630 16305 16629 16694 16649 16885 17397 17380 17433 17222 17394 17396 17184 17157 17041 16977 17204 17232 17407 17525 17678 17723 17711 17820 18504 19065 19169 19261 20360 21831 22678 23051 22707 21993 21914 21870 22028 21869 21990 22189 22037
13360 13447 13473 13443 13406 13391 13382 13366 13368 13396 14722 14806 13600 13727 13523 13349 13361 13377 13464 15029 15670 15683 15586 16516 17207 17398 16662 16810 16895 16884 16553 16406 16421 16025 15581 15549 15624 16360 16794 16911 16747 17349 18191 17972 17461 17171 17130 17163 17500 17529 17177 17142 17346 17775 17335 17242 17635 17823 17812 18022 18213 18921 20257 20243 21186 22358 23054 23135 23211 23219 22923 22732 22118 22123 21790 21513 21613
13355 13449 13468 13432 13411 13401 13381 13355 13328 13372 14646 14496 13791 13885 13774 13337 13349 13360 13441 13841 14253 14903 15667 16544 17197 16703 16789 17518 17925 17997 17696 17515 17289 16648 15936 16009 16716 16577 16489 16625 16841 17386 18661 18630 17648 17358 17206 17383 17660 17634 17539 17485 17564 17956 17446 17447 17908 18047 18366 19074 20538 21170 21739 21723 22333 22745 23975 24994 25048 25047 24024 23324 22816 22689 22006 21921 22254
13368 13426 13435 13420 13420 13416 13394 13360 13331 13328 15310 15691 14776 13624 13410 13411 13367 13479 13554 13602 13634 14704 15508 16422 16887 16846 16371 16957 17730 18818 18742 18131 17854 17304 17007 16316 17235 17224 16810 16948 17241 18177 18799 18782 18110 17623 17356 17383 17502 17755 17786 17708 17922 17959 17722 17919 18207 18399 18852 19836 21055 21618 21908 22248 23175 23124 24586 25062 25060 25057 24656 23893 23410 23233 22620 22240 22394
13385 13399 13416 13420 13423 13422 13397 13376 13354 13535 16177 17263 16607 15486 14302 13487 13556 13809 14086 14210 14783 15658 16615 17942 18541 18423 17332 16344 16924 18576 18610 18482 18554 18202 17691 17221 17010 17179 16828 17091 17654 18883 18999 19209 19208 18054 17426 17391 17813 18158 18167 17786 17930 17880 17728 18214 18683 18931 18931 19996 21032 21223 21457 22327 23630 24074 24921 24925 24712 24707 24680 24084 23920 23725 23142 22723 22498
13395 13409 13422 13432 13435 13428 13411 13394 13373 13704 16826 18495 18197 16507 15326 13724 13797 14505 14972 14981 15812 16558 17547 18427 18683 18967 17888 16623 16219 17657 18388 19033 19196 18645 17932 17366 17137 17141 16988 16984 17608 19088 19620 19514 19214 18005 17611 17487 17848 18242 18231 17975 18044 17882 18073 19095 19743 19748 19903 19408 20339 21276 21439 21977 23039 23922 25171 25254 24977 24404 24285 24055 24103 24116 23864 23364 22377
13401 13431 13437 13464 13469 13444 13430 13422 13428 13937 17058 18876 18659 17608 16673 14659 14981 15381 15183 15361 16445 17121 17835 18097 18777 19056 17915 16627 16740 17940 18672 19188 19076 18386 17759 17202 17596 17636 17360 17407 18586 20378 21046 21008 20170 19787 18831 17943 18078 18205 18180 18115 18033 18044 18466 19407 19709 19900 20898 21008 20868 21616 21733 21987 22194 23874 25098 25267 25027 24675 24585 24191 24102 24214 24173 23651 21943
13411 13441 13463 13489 13479 13453 13436 13434 13434 13793 16691 18428 18370 17795 16675 16504 17024 16694 15406 15265 16599 17318 17605 18108 18493 18117 17046 16513 17474 17435 17958 18008 17813 17319 16862 17190 17955 18192 18150 17782 18948 20483 21370 21338 20628 20318 19550 19129 18943 18785 18593 18253 18155 18105 19000 19565 19761 20021 20913 21225 21562 21700 21484 21959 22425 23607 24761 25055 24876 24539 24492 24287 24452 24712 24222 23641 21748
13412 13433 13486 13504 13479 13456 13442 13432 13430 13430 14878 16685 17355 17317 17297 18134 17985 17011 15419 15272 15558 16621 17022 17306 17258 16619 16331 16508 17083 17025 16502 16679 16587 16292 17013 17665 18582 18908 18853 18419 18763 19919 21076 21200 20662 20329 20282 20127 19906 19501 19052 18572 18322 18336 18802 19293 19479 19876 20212 20401 20887 20936 21353 22025 22604 23306 24577 25154 24942 24568 24460 24208 24460 24974 24783 23586 21963
13354 13414 13472 13487 13476 13453 13442 13422 13421 13409 13461 14463 15469 15687 17216 18251 17965 16749 16106 15590 15258 15912 16443 16418 16218 16708 16706 16378 16247 15779 15849 15868 16185 16517 17061 17888 18571 18912 19336 19392 18895 19207 20411 20617 20396 20896 21142 20864 20576 20241 19914 19249 18909 18865 18763 18906 19445 19789 19979 20345 20571 20803 21237 22183 22938 23413 24038 24512 24925 25019 24867 24550 24777 25420 25306 24087 22304
13260 13350 13439 13462 13459 13445 13434 13421 13410 13391 13382 13359 13453 13950 16037 17521 17317 17382 17527 17254 15954 15312 15498 15655 16170 16654 16686 16400 16129 15324 15698 15836 16078 16754 17611 17955 18353 18921 19618 19711 19324 19368 20161 20616 20562 21005 21221 21130 21269 21242 20778 20185 20209 20168 19773 19496 19546 20227 20552 20527 20618 20804 21179 22458 23416 23893 23995 24481 24972 25116 25147 24825 25457 25606 25328 24517 23237
13216 13329 13420 13433 13429 13422 13414 13401 13396 13382 13360 13353 13350 13997 15570 17118 17057 17443 18837 18919 17477 16448 15883 15873 15514 16045 16232 16161 15103 15232 15618 15817 15973 16918 17374 18344 18920 18835 19603 19620 19232 19093 19729 20488 20503 19772 19719 20609 21455 21516 21319 21055 20679 20506 20167 20354 20324 20505 20682 20797 20922 20953 21206 22225 23357 23834 24082 24710 25046 25161 25140 25329 25933 25841 25449 24776 23885
13157 13332 13401 13450 13454 13421 13385 13380 13378 13363 13345 13331 13339 13574 15207 16572 16880 17261 19031 19349 18767 16903 15861 15775 15898 15356 15743 15646 15053 15058 15016 15275 15649 16994 17199 18047 18193 17803 18471 18682 18485 19107 19517 19698 19006 18176 17631 17800 18896 20015 21161 21280 21136 20887 20538 20393 20288 20433 20794 21141 21655 21915 21678 22084 22991 23525 23875 24314 24935 25147 24926 25527 25734 25208 23646 23054 23376
13410 13447 13542 13614 13628 13507 13461 13456 13420 13394 13493 13594 13599 13468 14739 16020 16072 16801 18177 18893 18655 16839 15977 16762 16933 16575 15740 14674 14517 14235 14078 14434 15067 16652 16953 17230 17088 16921 17125 17634 18680 19352 19129 18889 18115 17016 16572 16659 16861 17818 19178 20643 21320 21172 20827 20662 20470 20564 20918 21124 21459 22017 22145 22016 22907 23464 23726 23944 24598 24914 24735 25469 25037 23290 21216 20388 21862
13677 13862 13865 13941 13977 13942 13760 13746 13715 13697 15097 15767 15626 14750 13856 14174 14257 16142 16871 16752 16723 16526 15960 17042 17214 16904 16141 14751 14139 14069 14095 14062 14793 15793 15915 15983 16080 16583 16956 17998 19402 19588 18922 18156 16755 15553 14465 15227 15776 16585 17376 18900 21280 21298 20828 20665 20619 20780 20933 21314 21596 22064 22188 22084 22523 23367 23593 23732 23955 24076 24423 25307 24040 21625 18954 18347 20393
13706 13854 13889 13908 13949 13978 13923 13905 13849 13817 15605 16457 16310 15240 13813 13621 13780 15192 16560 16624 16224 15726 15971 16920 16910 16977 16006 14497 14046 14122 14166 14090 14198 14439 15086 15514 15798 16358 17111 18639 19388 19113 17991 17154 15061 14152 14082 14045 14558 15310 16543 17982 19725 21135 20817 20512 20749 20876 21009 21188 21295 21618 21802 21697 22265 22634 23101 23489 23846 23978 24307 24978 24430 22462 20766 20583 22359
13701 13783 13844 13870 13886 13892 13876 13848 13815 13773 14152 15218 15499 14976 13777 13994 15459 15261 15338 15203 15422 15245 15661 16503 17286 17480 15960 14069 14094 13946 14240 14208 14229 14278 15162 15860 16071 16526 17198 18594 19219 18477 17411 16060 14093 13919 13851 13875 13977 14529 15954 17444 18621 20784 20695 20259 20065 20141 20291 20335 20511 20970 21368 21536 21873 22036 22651 22927 23380 23657 23941 24500 24938 24882 23769 23676 23872
13650 13694 13738 13765 13782 13805 13805 13785 13766 13753 13715 13734 13844 13650 13541 13766 15622 16080 14665 14457 14437 14424 15463 15626 16896 17240 15622 14004 14042 14061 14129 14100 14222 14475 14977 15658 16239 17131 17418 18158 19007 18394 16747 15383 13899 13829 13836 13820 13851 14073 15274 16832 18677 20609 20377 20030 19714 19816 19779 19850 20156 20754 21197 21280 21847 22042 22606 22817 22751 22716 23847 23998 24852 25257 25125 24703 24083
13583 13613 13640 13663 13687 13717 13787 13723 13712 13693 13675 13676 13668 13628 13570 13613 15308 16251 15589 14534 13913 14056 14993 15183 16207 16366 14864 13898 13930 14018 13979 14045 14570 15027 14862 15095 16222 17030 17540 18198 19045 18543 17351 15575 13945 13845 13798 13791 13812 14145 15778 16654 18446 20344 20087 19981 19540 19150 19114 19179 20052 20234 20411 20874 21606 22105 22289 22605 22989 23202 23596 23803 24432 24674 24261 23789 23105
13529 13536 13566 13586 13631 13694 13685 13675 13767 13647 13643 13637 13639 13631 13606 13659 14536 16157 15573 14205 13834 13799 14084 14138 14425 14378 13902 13888 13913 13952 14203 14843 16009 16215 16153 16044 15612 16791 17513 18214 18993 18620 17997 16655 15095 13899 13797 13793 13947 14881 16072 16463 18769 19792 19318 19281 18924 18640 18742 18936 19388 19665 20230 21033 22469 22815 22629 22523 22802 23106 23538 23811 24350 24328 23064 22893 22395
13479 13487 13517 13539 13559 13591 13644 13608 13586 13604 13609 13630 13643 13629 13634 13660 13727 14046 14003 13841 13886 13838 13809 13811 13822 13909 13908 13904 13914 14283 15616 16229 16528 16822 16863 16587 16156 16665 16940 17405 19007 19457 18665 17886 16569 15256 14534 14369 14933 15627 17027 17716 19226 19135 18214 18694 18667 18941 18919 18891 19288 19747 20351 21067 22497 22674 22608 22552 22261 22691 23484 23757 23753 23448 23325 23139 22402
13430 13446 13444 13459 13479 13495 13536 13524 13530 13557 13587 13610 13634 13624 13638 13668 13699 13754 13801 13832 13814 13776 13777 13778 13787 13878 13957 13934 13928 14383 15800 16415 16603 17003 17007 16495 16649 17269 17586 18061 18937 19699 19370 18479 17951 17053 16244 15877 15905 17158 19070 19579 19786 18926 18214 18639 18701 19041 18965 18680 18953 19991 20773 21132 21383 22550 22484 22509 22118 22222 23151 23587 23596 23219 23412 23125 22420
13390 13401 13385 13391 13406 13441 13449 13461 13482 13512 13536 13563 13598 13609 13626 13648 13705 13740 13765 13794 13759 13714 13706 13742 13780 13794 13912 13931 13940 14556 15844 16267 16731 17026 16842 16604 16052 17868 17981 18261 18486 19247 19221 18909 18790 18277 18020 17997 18763 19568 19846 19809 19675 19074 19144 18895 18671 18845 18774 18774 19647 20748 21018 20880 21309 21472 21965 22072 21895 21777 22172 22653 22784 22805 22797 22669 21999
13353 13358 13353 13343 13520 13407 13388 13409 13431 13452 13481 13519 13540 13587 13628 13652 13696 13733 13743 13751 13688 13701 13714 13735 13797 13861 13867 13915 14033 14850 15836 16091 16316 16639 16581 16047 15997 17682 18113 17860 17160 18092 18533 18837 18944 18931 18884 18919 19188 19750 19786 19287 18932 18835 19049 18823 18919 18774 18794 19372 20429 20979 21009 21135 20982 21245 21908 22064 21544 20769 21221 21400 22316 22496 22259 22131 22344
13301 13310 13307 13468 14837 14826 13831 13356 13381 13401 13431 13473 13495 13553 13577 13613 13657 13686 13702 13724 13676 13696 13714 13735 13880 13919 13981 14018 14067 14724 15495 15777 15956 16018 16289 16210 16326 16436 17082 16740 16558 17791 18605 18292 18089 18294 18328 18498 18566 18711 19181 19489 19857 19904 19508 19131 18927 18862 18884 19461 20145 20660 21144 21174 20646 20771 21147 21400 21121 20244 20303 20438 21168 21625 22005 22395 22398
13279 13361 14079 13616 15145 16006 15468 13755 13337 13367 13395 13432 13465 13715 13539 13570 13613 13652 13654 13676 13678 13692 13693 14212 14392 13985 14041 14154 14275 14706 15111 15283 15630 15604 15767 16040 16144 15869 16052 16074 16324 17764 18635 18294 17694 17750 18001 17932 17902 18018 19102 20363 20856 20849 20289 19693 19488 19289 18902 19013 19395 20210 20852 20982 20686 20495 20415 21022 20734 19805 19750 20208 20907 21119 21430 22135 22040
13202 13336 13818 13521 15151 17251 16883 14302 13286 13309 13333 13363 13401 13724 13507 13521 13556 13599 13631 13649 13662 13672 13688 14172 14248 14033 14125 14215 14454 14866 15464 15467 15315 15534 15555 15625 15667 15686 16049 15841 15831 17092 18004 18064 17548 17464 17409 17402 17229 17525 18842 20394 21075 20903 20745 20522 20195 20074 19643 19667 19718 19973 20231 20345 20456 20912 20676 20452 20070 20018 19559 19732 20201 20683 21053 21560 21646
13139 13161 13186 13636 14780 17171 16832 14199 13230 13238 13283 13316 13342 13488 13438 13473 13512 13573 13599 13634 13763 13842 14583 14513 14330 14097 14176 14281 14522 14852 15668 15673 15306 15472 15514 15513 15614 15660 15711 15892 15900 16471 17860 17907 17379 17297 17124 17037 17224 17594 18605 19949 20915 21035 21045 20804 20432 20347 20221 20353 20329 20249 20312 20391 20742 20938 21013 20764 20355 20431 19467 19479 19331 19458 20186 20588 20789
13086 13084 13100 13676 14067 14826 14970 14419 13505 13197 13236 13294 13332 13369 13387 13428 13476 13504 13551 13619 15508 15831 16036 16021 15562 15069 14865 14822 14405 14536 15009 15043 15145 15391 15540 15542 15531 15587 15611 15803 16043 16392 16712 17401 17377 17159 17055 17246 17803 18505 19517 20554 21247 21269 21172 21198 21182 20993 20968 20988 20921 20721 20701 20693 20804 20949 20916 20868 20204 19675 19469 19467 19264 19237 19256 19672 19884
13070 13052 13077 13126 13331 13744 14191 14597 14109 13179 13207 13237 13269 13307 13358 13393 13430 13473 13475 14024 16124 16123 17088 17116 16523 16031 15952 15554 14577 14414 14531 14939 15711 15703 15492 15563 15713 15648 15659 16185 16478 16822 16602 17348 17394 17178 17486 18116 18983 19765 20564 21210 21643 21713 21894 22078 22006 21760 21918 21910 21418 20934 20796 20857 21263 21356 21058 20997 20482 19332 19591 19548 19572 19571 19211 19051 19213
13024 13023 13017 13027 13369 14423 14509 14862 14569 13166 13159 13184 13224 13258 13288 13328 13360 13381 13402 13958 16117 16235 17232 17243 16585 16126 15744 16023 15642 14519 15125 15532 15809 15744 15763 15742 15713 15680 15834 16174 16891 16868 16756 17349 17532 17796 18440 19803 20955 21327 21578 21899 22273 22734 23137 23435 23450 23476 23161 22843 22321 21616 21423 21490 21323 21430 21007 20838 20519 19187 19214 19711 20103 19901 19281 18882 18826
12976 12975 12983 13091 14797 15808 15114 13793 13459 13104 13127 13147 13213 13224 13267 13284 13314 13337 13369 13821 15122 16243 16764 16769 16107 15341 15509 15892 15813 16010 16068 15915 15829 15974 16174 15947 15819 15913 16169 16808 16856 16726 16619 16993 18349 18961 20025 21590 22226 22357 22494 22405 22558 22492 22563 22826 23376 23668 23862 23953 23492 22858 22324 21462 20914 20171 20143 19912 19719 19347 19112 19491 20029 20135 19077 18727 18631
