Alternative/Moon/Lvl0_30x30/Ele_AD.asc
ncols         335
nrows         335
xllcorner     -9992508.343
yllcorner     6672833.042
cellsize      10000
nodata_value  -9999.0
[rows 238 to 271 of 335, columns 154 to 230 of 335]
19590 18970 18791 19157 19903 20371 20371 20052 19376 18857 18491 18315 18097 17594 17112 16814 16636 16482 16447 16313 16675 17041 17621 18185 18947 19380 19911 20552 21104 21386 21474 21341 21255 21040 20822 20750 20460 20486 20382 20400 20389 20395 20360 20345 20377 20361 20239 19933 19865 19677 19482 19171 19323 19303 19168 19167 19166 19157 19229 19366 19395 19410 19359 19206 19189 19195 19136 19149 19149 19183 19158 19177 19051 19152 19165 19175 19093
20488 20562 20677 20664 20416 19755 19224 18779 18102 17535 17281 17144 16925 16690 16448 16286 16233 16228 16212 16199 16203 16397 16993 17614 18222 18692 19265 19844 20708 21338 21471 21247 20698 20903 20824 20521 20316 20459 20431 20367 20397 20413 20335 20307 20068 20182 20146 19976 19823 19599 19474 19303 19196 19182 19160 19167 19115 19111 19061 19047 19062 19140 19113 19239 19309 19334 19350 19334 19291 19225 19197 19197 19070 19061 19072 19067 19052
20414 20646 20794 20791 20430 19584 18773 18263 17736 17346 16983 16762 16554 16427 16275 16229 16215 16218 16232 16229 16242 16246 16360 16849 17325 17709 18490 19124 19929 20750 20998 20815 20475 20202 19969 19923 19821 19891 20066 20083 20077 20005 20034 20045 19950 20061 20055 19946 19858 19793 19625 19426 19191 19158 19096 19142 19122 19140 19131 19083 19101 19085 19102 19208 19304 19490 19631 19676 19532 19274 19287 19293 19163 19096 19145 19130 19060
20003 20270 20591 20755 20540 19560 18688 17908 17411 17083 16603 16397 16274 16248 16223 16212 16212 16212 16216 16218 16247 16238 16260 16282 16557 17160 17990 18449 19013 19771 20134 20017 19795 19510 19230 19000 18968 19196 19462 19925 20113 19995 20031 20196 20251 19920 19947 20020 19944 19876 19725 19709 19487 19220 19213 19185 19124 19172 19233 19239 19122 19089 19061 19061 19228 19207 19137 19248 19292 19327 19455 19405 19202 19151 19158 19141 19014
19945 20217 20564 20774 20768 20290 19446 18640 17899 17337 16961 16644 16457 16325 16342 16319 16260 16261 16270 16290 16376 16348 16292 16574 17010 17481 18133 18773 19533 20024 20032 19874 19600 19328 19163 18999 19028 19100 19198 19364 19686 19897 19956 20074 20072 20006 19917 19976 20021 20050 20058 19894 19822 19606 19403 19320 19439 19120 19117 19150 19167 19173 19120 19026 19137 19110 19023 19076 19079 19024 19022 19046 19003 19049 19073 19089 19056
19821 20012 20160 20575 20767 20887 20753 20274 19582 18777 18128 17716 17545 17273 16752 16480 16399 16453 16501 16338 16527 16592 16779 17300 17959 18784 18985 19375 19955 20001 19962 19795 19595 19280 19156 19084 19171 19341 19350 19352 19516 19719 19702 19689 19666 19771 19800 19707 19410 19684 19837 19749 19736 19610 19449 19329 19497 19375 19146 19116 19066 19077 19104 19014 18999 19021 18957 18991 18982 18956 18970 18966 18972 19020 19025 19014 19008
19938 20025 20230 20319 20579 20925 20960 20919 20895 20434 19919 19416 19136 18715 18385 17840 17808 17629 17772 17869 17952 18142 18336 18702 19263 19730 19752 19354 19408 19370 19364 19366 19282 19128 19090 19068 19140 19261 19291 19248 19205 19068 18936 18867 18877 19024 18986 18965 19205 19342 19357 19435 19458 19500 19446 19285 19168 19155 19106 19077 19034 19029 19005 19037 19079 19072 19074 19009 18991 18935 18903 18828 18832 18917 18896 18845 18818
20039 19956 19763 19843 20013 20270 20612 20845 20950 20847 20844 20848 20677 20459 20229 20000 19853 19859 19871 19900 19853 19850 19839 19819 19814 19802 19737 19301 19069 18999 18957 18686 18436 18740 18743 18621 18503 18576 18542 18552 18562 18469 18323 18285 18328 18365 18389 18427 18597 18905 19158 19233 19217 19275 19467 19508 19394 19162 19133 19137 19165 19067 19079 19147 19164 19263 19207 18981 18686 18475 18392 18489 18719 18765 18645 18451 18358
18475 18183 17957 18041 18292 18733 19439 19981 20329 20413 20337 20284 20290 20140 20027 19909 19810 19690 19753 19766 19675 19534 19290 19155 19064 18935 18864 18626 18608 18496 18393 18382 18413 18416 18394 18242 18175 18211 18218 18311 18390 18382 18355 18230 18232 18227 18231 18287 18544 18748 18933 18969 18899 18436 18124 17891 18080 18223 18623 19096 19349 19298 19092 19138 19147 19150 19138 18841 18583 18312 18186 18047 18090 18116 17997 17918 17769
17679 17688 17679 17678 17808 18045 18671 19438 20017 20051 19639 19641 19629 19408 19254 19178 19124 19227 19214 18923 18885 18834 18550 18526 18545 18527 18485 18437 18374 18352 18322 18338 18306 18279 18228 18188 18153 18162 18216 18198 18184 18197 18167 18221 18148 18177 18348 18342 18555 18914 18953 18752 17966 17345 17134 17086 17163 17369 17545 18373 18973 18988 18767 18559 18504 18129 18009 18399 18371 18103 17914 17796 17787 17734 17803 17777 17765
17892 17940 17935 17902 18033 18378 19028 19616 19955 19929 19536 19253 19189 18973 18873 18880 18828 18775 18807 18725 18497 18422 18296 18339 18378 18469 18434 18437 18382 18280 18269 18275 18252 18230 18226 18168 18156 18085 18061 18124 18148 18199 18204 18179 18179 18267 18383 18468 18384 18703 18877 18799 18431 18389 18462 18355 18218 18120 18456 18537 18725 18635 18350 18383 18241 18058 18041 17943 17817 17802 17793 17831 17834 17715 17704 17721 17778
19763 19730 19717 19774 19955 20119 20285 20279 19886 19864 19576 19339 19171 19168 19036 18693 18594 18587 18833 18843 18725 18547 18448 18425 18447 18420 18410 18403 18366 18292 18380 18436 18418 18372 18332 18270 18202 18181 18188 18204 18181 18283 18367 18316 18165 18111 18189 18392 18443 18468 18460 18417 18379 18526 18941 18990 18964 18958 18895 18550 18281 17929 17632 17485 17468 17944 18031 18120 17928 17857 17844 17849 17864 17766 17784 17784 17890
20357 20169 20274 20369 20255 20311 20355 20217 19879 19542 19385 19217 19091 19133 19126 19212 19218 18961 18629 18643 18673 18616 18678 18633 18574 18576 18531 18566 18494 18479 18526 18482 18443 18368 18313 18281 18222 18240 18322 18374 18260 18095 17962 18122 18110 18111 18227 18348 18517 18484 18455 18403 18447 18445 18485 18584 18881 19043 19017 18675 18036 17560 17396 17335 17497 17844 17965 18144 18040 17937 17893 17881 17885 17941 17984 17992 17937
17830 17466 17773 18390 19439 19999 20072 19658 19349 19114 18998 18763 18488 18798 19001 19137 19119 18950 18770 18877 18933 19120 19104 19115 19108 19118 19101 18972 18812 18811 18918 18815 18772 18577 18416 18228 18210 18273 18306 18290 18310 18120 18008 18024 18099 17856 17912 17960 18054 18053 18159 18328 18391 18427 18483 18544 18628 18834 18978 18932 18695 18741 18594 18213 18408 18386 18207 18206 18003 17963 17987 17952 17995 17964 18009 18008 17935
15551 14930 15340 16252 17378 18706 19380 19136 18606 18345 18177 18177 18193 18383 18702 18910 19086 19229 19239 19155 19114 19090 19083 18992 19004 19046 19041 19000 18997 19091 19180 19235 19027 18836 18805 18604 18533 18623 18689 18668 18497 18084 17992 18011 18075 17939 18057 18022 17969 17951 17964 18028 18186 18281 18237 18263 18160 18213 18384 18585 18674 18806 18902 18814 18690 18391 18207 18077 17920 17931 17987 17977 18029 18042 17935 17839 17768
16263 15870 16270 17027 18094 18883 19046 18838 18478 18269 18255 18238 18287 18334 18629 19131 19296 19222 19012 18563 18064 17505 17156 17084 17047 17078 17237 17593 18116 18660 19104 19303 19206 19064 18964 18740 18550 18639 18717 18647 18377 18096 18029 18005 18003 17950 17922 17978 17992 17983 18002 17999 18130 18223 18306 18246 18206 18313 18425 18739 18850 19055 19238 19178 18898 18542 18243 17984 17940 17934 17989 18008 17937 17937 17865 17818 17744
19283 19085 19054 18974 18996 19042 18847 18473 18279 18110 18218 18280 18506 18727 18967 19067 18894 18253 17685 17379 17113 16963 16806 16730 16703 16721 16731 16762 16812 17377 17999 18646 18881 18987 18878 18711 18486 18393 18420 18429 18382 18366 18198 18003 18006 17976 18015 18033 18026 17966 17953 17962 18092 18192 18371 18350 18314 18442 18456 18785 18988 19182 19251 19105 18815 18502 18240 18058 17902 17885 17999 17999 17836 17769 17822 17787 17726
18924 18860 18869 18763 18692 18706 18783 18875 19070 19121 19173 19138 19170 19280 19528 19535 19473 18645 17752 17077 16868 16727 16675 16664 16689 16705 16709 16718 16800 17093 17777 18471 19040 19137 19035 18805 18416 18435 18450 18345 18300 18342 18236 18049 18058 18197 18241 18160 18189 18219 18145 18078 18176 18186 18270 18308 18485 18611 18730 18950 19211 19263 19313 19154 18738 18518 18267 18124 18005 17862 17875 17823 17844 17793 17675 17686 17778
18297 18240 18177 18317 18579 18876 19218 19341 19309 19407 19416 19408 19336 19268 19469 19518 19508 19046 18339 17683 17164 16806 16904 16890 16862 16875 16965 17120 17487 18073 18693 19103 19126 19136 18928 18703 18537 18474 18285 18200 18120 18100 18119 18130 18139 18238 18346 18333 18247 18259 18217 18181 18251 18355 18493 18696 18903 18939 18923 19144 19241 19245 19157 18997 18663 18383 18213 18145 18021 18023 17890 17815 17933 17963 18018 17901 17744
18218 18076 17972 17908 18005 18451 18946 19131 19176 19314 19337 19286 19284 19456 19442 19398 19498 19545 19495 19378 18921 18695 18640 18618 18625 18667 18672 18953 19318 19423 19373 19247 19134 18994 18911 18732 18717 18595 18395 18226 18115 18207 18205 18185 18124 18142 18168 18248 18233 18206 18181 18255 18295 18322 18389 18459 18576 18822 19102 19250 19371 19433 19355 18944 18498 18268 18223 18068 17999 17958 17917 17800 17895 17909 17919 17878 17812
18142 18006 18015 17969 17946 18120 18425 18531 18617 18741 18841 18888 19181 19266 19280 19323 19464 19641 19677 19648 19518 19530 19577 19600 19255 18951 18708 18930 19349 19568 19560 19486 19186 18955 18881 18935 18981 18930 18768 18540 18437 18333 18264 18177 18130 18062 18110 18143 18219 18292 18360 18379 18296 18292 18340 18485 18580 18826 19116 19263 19330 19498 19470 19033 18569 18416 18290 18248 18276 18195 18035 18023 18014 17977 18009 17866 17793
17988 18038 18002 17927 17929 18009 18199 18350 18477 18429 18561 18702 18637 18598 18655 18680 19042 19257 19183 19390 19389 19400 19640 19677 19231 18528 18140 17950 17990 18461 19088 19233 18961 18638 18457 18691 18953 19059 19134 19195 19085 18766 18440 18239 18102 18130 18123 18134 18142 18205 18192 18129 18141 18217 18291 18292 18474 18718 18916 19190 19187 19000 18978 18763 18567 18454 18441 18349 18359 18331 18190 17967 17880 17854 17807 17779 17838
17933 18031 17926 17873 17873 17896 18064 18157 18312 18328 18324 18324 18305 18233 18401 18531 18745 18945 18990 18991 19028 19115 19321 19500 19502 19321 19103 19024 19141 19192 18822 18549 18240 17876 17691 17579 17896 18453 18901 19105 19076 18773 18380 18093 18416 18456 18301 18243 18112 18207 18199 18229 18337 18540 18655 18628 18479 18706 18890 18945 18983 18961 18950 18790 18598 18561 18411 18246 18237 18151 17958 17803 17808 17841 17911 17915 17852
18262 18044 17928 17849 17756 17749 17828 17903 17910 17867 17871 17832 17899 18161 18182 18188 18234 18341 18481 18515 18705 18830 18916 19116 19386 19534 19561 19548 19553 19367 18833 18296 17864 17743 17634 17629 17618 17622 17637 17656 17637 17723 17852 18020 18395 18506 18503 18520 18505 18401 18386 18453 18508 18490 18699 18698 18530 18522 18616 18625 18793 18829 18840 18888 18851 18741 18661 18332 18414 18309 18141 18065 18111 18123 18103 18069 18105
18437 18274 17799 17698 17683 17679 17678 17710 17726 17680 17660 17667 17784 17914 17981 18011 18012 18015 18039 18295 18578 18839 18891 18937 18950 18941 18910 18960 18967 18948 19282 19286 19020 18458 18125 17886 17665 17629 17677 17687 17675 17663 17638 17632 17821 18044 18119 18423 18666 18667 18612 18636 18608 18502 18414 18340 18466 18506 18427 18390 18612 18950 19159 19174 19206 19131 19100 18969 18793 18632 18390 18169 18098 18027 18009 18005 18100
18903 18618 18378 18211 18252 18181 18031 18018 17919 17702 17631 17528 17540 17572 17638 17715 17749 17725 17690 17791 17834 17921 17963 18138 18237 18194 18269 18325 18407 18857 19168 19188 19135 19120 18962 18498 18156 17662 17679 17645 17604 17724 17699 17628 17720 17848 17972 18151 18526 18594 18544 18415 18447 18391 18455 18424 18367 18553 18711 18731 18712 18649 18854 19025 19110 19140 19138 18995 18700 18482 18256 18119 17946 17784 17805 17873 17932
18738 18830 18837 18431 18252 18069 17861 17964 17979 17742 17665 17521 17500 17629 17655 17645 17525 17521 17570 17596 17631 17678 17826 18109 18296 18374 18373 18468 18577 18699 18782 19031 19120 19187 19120 18729 18370 18028 17773 17638 17663 17701 17616 17599 17776 18178 18447 18668 18674 18617 18574 18495 18480 18429 18491 18473 18408 18582 18686 18728 18721 18596 18606 18700 18852 18968 18965 18935 18756 18497 18220 18129 17962 17924 17901 17824 17847
18668 18837 18799 18304 17595 17186 16944 16883 17056 17204 17139 16954 16885 17071 17221 17327 17383 17413 17558 17627 17605 17725 17757 17838 17848 17715 17702 17250 17601 17498 17378 17563 18066 18540 18538 18521 18446 18354 18203 17918 17649 17640 17662 17736 17872 18226 18497 18743 18825 18834 18845 18627 18349 18147 18010 17916 18001 18146 18275 18406 18394 18255 18183 18321 18428 18460 18389 18307 18331 18281 18125 18096 18096 18073 18017 17989 17923
18102 17902 17822 17618 17152 16774 16589 16482 16335 16145 16010 16046 16538 17171 17476 17719 18140 18013 17864 17854 17965 18034 17784 17202 16634 16272 16081 15800 15508 15481 15527 15822 16177 17147 17836 18164 18155 18114 18012 17695 17605 17666 17658 17696 17784 17891 18105 18362 18420 18466 18479 18426 18317 18252 18187 18092 17971 18079 18055 17934 18078 18190 18165 18111 18124 18005 17964 17989 18014 17936 17991 18114 18120 18073 18082 18050 18069
16847 16599 16322 16133 15876 15675 15619 15588 15668 15691 15893 15949 16382 17167 17926 18312 18392 18275 18096 17971 17948 17987 17634 17064 16337 15714 15267 14893 14633 14670 14776 14901 15153 15920 16913 17606 17730 17861 17911 17865 17735 17633 17768 18060 18122 18243 18472 18488 18425 18411 18372 18405 18377 18247 18209 18082 17886 17818 17802 17890 17920 17915 17913 18027 18084 17959 17861 17869 17844 17862 17944 18209 18300 18200 18048 18153 18165
16371 15922 15648 15552 15489 15468 15550 15574 15532 15644 15817 16122 16566 17190 17836 18149 18191 18028 17867 17681 17777 17894 17855 17249 16470 15884 15379 15079 14990 15056 14898 14921 15177 15932 16678 17556 17717 17618 17592 17664 17688 17660 17746 18082 18435 18445 18418 18447 18409 18397 18419 18386 18193 17876 17844 17790 17792 17721 17677 17810 17843 17892 17879 17981 18124 18343 18409 18325 18114 18286 18343 18269 18213 18178 18139 18180 18386
16328 16122 15845 15637 15555 15524 15562 15666 15872 16063 16141 16380 16713 17339 17992 18192 18243 18103 17863 17688 17595 17723 17819 17867 17953 17939 17630 17300 17142 16915 16773 16854 16963 17453 17651 17653 17530 17389 17411 17520 17539 17538 17638 17773 17942 18020 18085 18175 18138 17955 17835 17886 17895 17803 17717 17680 17708 17761 17724 17719 17726 17754 17907 17948 18214 18375 18370 18436 18448 18521 18571 18595 18776 18811 18769 18610 18429
17274 16837 16536 16192 16083 16136 16276 16596 16948 16947 16162 15559 15152 15584 16243 17038 17858 18086 17998 17682 17553 17639 17743 17810 17901 18103 18107 18141 18105 17966 17854 17716 17483 17642 17673 17673 17589 17664 17771 17759 17754 17747 17699 17719 17730 17520 17716 17805 17799 17852 17791 17787 17900 17948 17926 17773 17781 17651 17654 17655 17710 17867 18040 18203 18361 18589 18704 18782 18996 19166 19264 19389 19350 19207 18926 18836 18593
17391 17251 17148 17073 17125 17223 17343 17411 17630 17752 17592 17007 16425 16201 16840 17199 17488 17724 17604 17396 17294 17340 17577 17708 17668 17399 17200 17193 17207 17293 17285 17236 17426 17448 17356 17371 17430 17485 17580 17680 17811 17909 17973 17989 17918 17908 17939 18014 18002 17968 17831 17752 17841 17824 17873 17810 17801 17659 17602 17606 17668 17772 17970 18162 18400 18734 18800 18851 18970 19101 19121 19084 18953 18695 18590 18396 18075
