Alternative/Moon/Lvl0_30x30/Ele_FJ.asc
ncols         335
nrows         335
xllcorner     10107491.657
yllcorner     -10077166.958
cellsize      10000
nodata_value  -9999.0
[rows 34 to 67 of 335, columns 154 to 230 of 335]
21540 21519 21302 21151 21015 20958 20753 20577 20231 20183 20019 19927 19770 19581 19656 19690 19594 19644 19731 19746 19711 19706 19548 19458 19397 19355 19354 19345 19351 19349 19307 19248 19148 19023 18975 18884 18772 18515 18464 18474 18487 18487 18496 18592 18772 19075 19166 19386 19581 19642 19763 20079 20101 20556 20945 20969 20582 20289 20341 20124 20335 20647 20963 21095 21057 20582 20091 19683 19632 19586 19144 19434 19995 20661 20706 20518 20333
21721 21802 21839 21740 21393 21317 21163 21008 20825 20703 20381 20220 20026 19780 19587 19478 19359 19414 19670 19781 19850 19875 19696 19501 19397 19322 19240 19080 18957 18855 18929 18919 18850 18749 18673 18566 18523 18518 18512 18515 18519 18576 18834 19070 19259 19431 19470 19670 20020 20336 20492 20838 21192 21407 21607 21594 21158 20972 20793 20775 21124 21458 21557 21461 21133 20533 19970 19635 19591 19662 19788 20062 20587 21084 21121 21238 21243
21751 21760 21738 21720 21534 21387 21190 21010 20884 20807 20565 20410 20354 20274 20113 19919 19719 19655 19655 19705 19672 19580 19474 19447 19397 19344 19255 19125 19005 18941 18914 18853 18850 18850 18804 18718 18617 18549 18545 18577 18713 19113 19401 19482 19603 19678 19802 19895 20100 20817 21193 21631 22053 22276 22357 22234 21852 21497 21408 21662 21898 21952 21868 21438 20877 20346 19858 19832 19791 19694 19891 20235 20719 21373 21586 21582 21477
22034 21597 21402 21322 21279 21142 21050 20920 20784 20727 20522 20488 20467 20366 20387 20351 20310 20246 20121 19991 19891 19709 19483 19508 19515 19472 19525 19517 19456 19333 19243 19132 19030 18964 18951 18963 18940 18878 18998 19129 19323 19537 19655 19672 19690 19699 19740 19839 20070 20722 21258 21854 22119 22431 22561 22566 22425 22138 22468 22848 22937 22843 22372 21914 21387 20710 20239 20090 20133 20250 20448 20694 21040 21354 21341 21188 20914
22005 21559 21121 21270 21329 21254 20996 20629 20541 20530 20536 20405 20418 20294 20282 20276 20293 20247 20103 20046 19939 19825 19748 19816 19823 19810 19840 19860 19803 19730 19563 19425 19342 19254 19255 19217 19237 19356 19403 19341 19462 19579 19655 19645 19617 19608 19564 19472 19451 19840 20270 20680 21025 21498 21957 22258 22283 22781 23076 23141 23137 22834 22317 21691 21209 20713 20551 20582 20697 20674 20822 20823 20904 21072 21013 20684 20430
20944 20667 20520 20481 20574 20975 20992 20691 20536 20393 20375 20452 20494 20537 20496 20380 20261 20072 20017 20065 20152 20184 20180 20108 20000 19882 19938 20014 20005 19977 19935 19910 19891 19845 19679 19525 19609 19675 19690 19648 19660 19736 19617 19409 19360 19344 19308 19244 19229 19263 19296 19445 19753 20062 20396 21083 21892 22628 22824 22806 22693 22353 21644 21026 20770 20675 20577 20665 20879 21248 21400 21514 21707 21624 21402 20966 20683
20621 20382 20209 20076 20007 20175 20404 20492 20480 20380 20524 20623 20631 20621 20483 20372 20374 20229 20102 20236 20431 20477 20478 20450 20366 19990 20064 20116 20243 20370 20424 20451 20381 20335 20213 20070 20004 19912 19892 19859 19814 19691 19506 19258 19226 19225 19231 19252 19255 19278 19317 19440 19739 20114 20390 20819 21489 22173 22543 22458 22211 21773 21317 20999 20799 20777 20814 20756 20974 21456 21714 21806 21853 21796 21427 20913 20380
21172 20973 20562 20366 20751 20912 21029 20995 20881 20799 20672 20656 20591 20554 20524 20555 20470 20350 20296 20300 20467 20555 20614 20672 20747 20751 20641 20622 20762 20925 21034 21046 20980 20858 20791 20729 20643 20474 20329 20290 20202 20093 20030 19811 19618 19487 19463 19476 19634 19803 20042 20462 20692 20875 21004 21301 21463 21702 21876 21847 21731 21578 21430 21427 21461 21457 21651 21673 21551 21736 21774 21715 21512 21141 20931 20800 20548
21499 21432 21308 21152 21074 21091 21058 21008 20900 20877 21072 21148 21107 20856 20951 21019 21023 20927 20791 20559 20598 20561 20525 20608 20664 20672 20613 20753 20921 21080 21205 21221 21207 21162 21175 21195 21142 20971 20762 20621 20557 20465 20566 20531 20386 20120 20201 20487 20495 20522 20728 20764 20847 20970 21092 21392 21582 21538 21462 21438 21378 21195 21254 21416 21541 21505 21469 21482 21355 21320 21403 21419 21303 21231 21078 21018 21061
21399 21364 21377 21437 21608 21808 21783 21535 21276 21122 21235 21541 21668 21702 21743 21795 21743 21549 21252 21141 21086 20961 20667 20448 20402 20454 20516 20648 20846 21056 21244 21228 21206 21174 21207 21247 21247 21164 20996 20871 20785 20714 20751 20437 20236 20047 20047 20669 20864 20823 20840 20872 20877 20971 21149 21539 21752 21723 21425 21324 21200 21089 20998 20978 20992 20920 20922 20920 20910 20882 20996 21248 21252 21259 21198 21211 21042
20596 20635 20849 21160 21570 21898 21902 21673 21591 21407 21678 22003 22200 22254 22105 21920 21988 21856 21577 21630 21641 21645 21580 21292 21069 21006 20879 20764 20679 20952 21185 21186 21069 20988 21013 21065 21116 21122 21007 20950 20849 20862 21007 21187 21269 21239 21174 21081 21051 20952 20868 20886 20871 20928 21142 21367 21493 21513 21359 21323 21205 21085 21010 21000 21008 21019 21043 20911 20834 20797 20864 21093 21260 21252 21094 21021 20953
20125 20094 20044 20096 20232 20627 20951 21319 21442 21322 21628 21894 22133 22196 22151 22082 22015 22055 22217 22284 22320 22217 22135 21950 21767 21546 21283 21133 21109 21395 21615 21564 21477 21372 21305 21127 21055 20956 20868 20844 20848 20901 20965 21071 21219 21352 21233 21068 21038 21261 21179 20970 20892 20884 20969 21041 21081 21097 21100 21083 21026 20967 20905 20822 20731 20961 20957 20884 20840 20807 20895 20963 20925 20789 20648 20572 20528
19569 19737 19821 19927 19999 20181 20306 20437 20577 20633 20801 21219 21426 21646 21810 21915 21981 22129 22323 22417 22446 22434 22445 22412 22381 22111 21799 21678 21706 21858 21995 21936 21924 21778 21473 21013 20719 20451 20460 20527 20593 20660 20653 20628 20538 20758 20829 20583 20671 21118 21118 20863 20794 20717 20652 20573 20616 20597 20652 20671 20625 20584 20525 20428 20377 20359 20379 20496 20548 20478 20441 20407 20374 20351 20272 20088 19992
19087 19232 19553 19641 19602 19761 19925 20090 20183 20349 20473 20454 20503 20725 21015 21402 21495 21743 22101 22316 22349 22366 22390 22409 22350 22260 21871 21709 21674 21735 21790 21739 21580 21411 21003 20330 20069 20000 19996 20091 20144 20163 20113 20003 19898 19819 19843 19841 19857 19933 20001 20034 20082 20140 20056 20066 20056 20065 20061 20006 19983 19943 19921 19900 19822 19809 19738 19727 19736 19730 19678 19582 19468 19420 19378 19303 19284
18137 18274 18664 18772 18743 19025 19348 19582 19869 19870 19416 18984 19081 19562 20042 20480 20946 21331 21423 21637 21768 21882 21891 21926 21909 21793 21585 21337 21348 21538 21618 21425 21216 20774 20384 19941 19752 19675 19739 19753 19731 19640 19474 19297 19280 19242 19137 19097 19160 19285 19545 19605 19603 19595 19610 19643 19640 19625 19575 19461 19379 19351 19317 19229 19153 19139 19101 19105 19096 19072 18975 18909 18922 18862 18811 18775 18739
17652 17520 17562 17754 18064 18367 18587 19000 19167 18948 18460 17912 17582 17850 18802 19328 19649 20094 20702 20964 21027 21043 21094 21095 20883 20765 20855 21047 21146 21182 21121 21015 20687 20338 19937 19697 19612 19660 19694 19668 19528 19272 18980 18806 18756 18769 18642 18491 18544 18619 18838 18844 18851 18918 18956 18990 18980 18920 18814 18811 18840 18862 18765 18679 18577 18529 18517 18466 18430 18350 18273 18196 18203 18217 18166 18108 17975
16830 16737 16608 16724 16947 17083 17324 17967 18005 18188 18436 18431 18365 17889 17887 18424 18811 19184 19632 20080 20173 20196 20152 20235 20180 20155 20288 20590 20831 20947 21110 20940 20736 20347 19953 19687 19708 19825 19811 19707 19563 19308 19015 18832 18654 18498 18344 18232 18175 18154 18206 18244 18229 18177 18231 18244 18194 18071 18101 18139 18235 18261 18257 18205 18121 18034 17970 17919 17854 17873 17829 17809 17830 17830 17758 17611 17455
16146 16086 15889 15868 15968 16048 16321 16614 16720 16612 17094 17507 17572 17523 17208 17428 17662 17823 18590 19270 19632 19809 19964 19985 19969 19988 20139 20411 20634 20946 21052 20825 20547 20246 19892 19598 19663 19743 19651 19517 19369 19219 18976 18764 18608 18433 18258 18112 18037 17929 17878 17867 17799 17676 17703 17754 17747 17756 17807 17807 17707 17761 17769 17695 17708 17643 17673 17664 17618 17585 17588 17565 17526 17482 17428 17480 17452
15659 15577 15420 15391 15353 15388 15491 15645 15704 15893 16138 16251 16444 16783 17087 17568 17984 18203 18566 19023 19164 19559 19824 19778 19683 19839 19958 20141 20383 20558 20620 20548 20290 19968 19668 19597 19644 19623 19532 19341 19192 19081 18922 18819 18709 18584 18413 18337 18246 18178 18075 17877 17824 17672 17630 17654 17667 17673 17724 17673 17604 17597 17627 17635 17635 17613 17584 17572 17542 17509 17486 17460 17482 17540 17475 17505 17440
15126 15066 14931 14892 14847 14849 14865 14793 14812 14978 15108 15213 15232 15272 15695 16468 17078 17842 18553 18884 19017 19163 19244 19365 19466 19597 19694 19756 19882 20087 20292 20285 20154 19906 19665 19553 19403 19292 19231 19147 19118 19085 18910 18812 18714 18577 18534 18603 18589 18422 18290 18096 17914 17751 17752 17767 17774 17754 17720 17691 17674 17634 17771 17796 17800 17641 17599 17698 17601 17518 17472 17450 17440 17431 17385 17385 17349
15153 15022 14926 14817 14732 14615 14530 14491 14397 14385 14499 14752 14886 14934 15058 15526 16041 16737 17313 17831 18138 18440 18686 18892 19298 19711 19903 19897 19871 20024 20137 20109 20010 19968 20143 20140 20082 19998 19770 19310 19039 18967 18824 18627 18563 18445 18558 18666 18666 18429 18346 18127 17996 17884 17849 17870 17853 17713 17774 17724 17653 17678 17730 17826 17697 17215 17583 17735 17703 17596 17494 17448 17414 17387 17379 17346 17331
15002 14984 14914 14808 14723 14650 14571 14356 14248 13892 13429 13480 14042 14792 14926 15366 15613 15720 15986 16625 17189 17952 18487 18823 19253 19694 19948 19965 20090 20190 20373 20425 20443 20566 20738 20753 20718 20733 20096 19490 19057 18744 18475 18331 18324 18337 18291 18318 18296 18236 18090 17982 17965 17967 17931 17957 17964 17838 17836 17756 17723 17680 17672 17686 17728 17655 17689 17621 17535 17517 17454 17448 17414 17399 17348 17274 17256
14754 14660 14532 14412 14428 14079 13904 14228 14209 14039 14072 14081 14087 14179 14530 15351 15685 15881 16030 16276 16682 17365 18071 18658 19136 19545 19706 19851 20078 20229 20366 20404 20451 20560 20698 20735 20550 20407 20013 19561 19163 18729 18384 18236 18204 18106 18011 17989 17991 17901 17760 17867 17879 17937 17925 17923 17918 17915 17972 17955 17918 17836 17754 17785 17832 17832 17749 17555 17564 17552 17425 17400 17391 17294 17237 17238 17234
13772 14398 14406 14249 14245 14244 14228 14170 14100 13945 13995 14000 13988 13984 14224 14457 14646 15330 15969 16587 16834 17199 17776 18245 18731 19576 19857 19910 20075 20137 19942 19783 19900 20063 20136 20033 19843 19760 19464 19211 18874 18595 18228 17937 17793 17669 17676 17642 17639 17647 17646 17679 17729 17757 17843 17903 17896 17998 18106 18160 18151 18105 18083 18067 18043 17908 17851 17646 17640 17636 17497 17475 17470 17563 17407 17322 17281
14260 14307 14282 14343 14374 14390 14269 14219 14148 14114 14024 13912 13920 13891 14111 14406 14782 15250 16005 16560 16867 17014 17188 17311 17468 17959 18480 19083 19632 19831 19891 19757 19648 19532 19516 19381 19193 19025 18973 18799 18669 18372 18145 17970 17888 17807 17689 17639 17621 17601 17602 17579 17573 17611 17621 17706 17787 17917 18084 18164 18206 18199 18152 18145 18101 17936 17767 17664 17618 17567 17541 17521 17500 17511 17456 17383 17318
14330 14366 14393 14392 14430 14447 14442 14387 14337 14286 14189 14133 14187 14281 14374 14230 14403 15059 15856 16496 16629 16539 16596 17010 17248 17906 17795 17985 18357 18835 19295 19585 19638 19714 19750 19567 19411 19333 19301 19206 19227 19284 19226 19127 18958 18734 18404 18275 18038 17734 17612 17522 17511 17538 17613 17676 17701 17806 17978 18119 18111 18118 18055 18036 17993 17860 17805 17749 17679 17626 17616 17566 17511 17456 17430 17411 17348
14555 14609 14604 14593 14614 14627 14614 14574 14549 14524 14437 14324 14418 14544 14532 14518 14730 14843 14852 14986 14828 15055 16009 16985 17927 18444 18284 17940 17914 18244 18752 19252 19318 19482 19499 19459 19434 19453 19408 19423 19501 19541 19598 19420 19245 18979 18751 18593 18453 18228 17988 17807 17750 17631 17633 17655 17624 17596 17617 17710 17778 17902 17951 17943 17925 17845 17799 17720 17717 17742 17768 17717 17637 17512 17431 17408 17382
14579 14839 14772 14632 14755 14808 14806 14812 14781 14813 14815 14750 14703 14712 14638 14621 14609 14911 15217 15277 15870 16871 17667 18270 18897 19139 19107 18955 18618 18369 18171 18272 18447 18557 18588 18475 18591 18718 18862 18997 19118 18992 19152 19094 18940 18798 18580 18639 18653 18543 18318 18085 17890 17679 17532 17530 17535 17545 17568 17579 17607 17695 17698 17673 17664 17661 17633 17671 17774 17764 17776 17772 17742 17728 17628 17529 17496
14515 14852 14799 14684 14705 14712 14628 14690 14803 14897 14923 14895 14810 14743 14404 14350 14479 14487 14903 15509 16048 16844 17562 18200 18700 19115 19405 19511 19485 19100 18587 18193 18012 18046 18057 17990 17960 18028 18371 18820 19007 18858 18944 19178 19233 19276 19256 19131 18931 18738 18517 18232 18008 17697 17417 17281 17484 17556 17627 17680 17658 17655 17900 17869 17847 17794 17855 18011 18021 17924 17812 17706 17752 17777 17702 17745 17806
13714 14135 14239 14355 14363 14413 14555 14692 14778 14825 14871 14828 14704 14577 14512 14542 14550 14606 14805 15457 15883 16317 16806 17548 18218 18627 18897 19190 19316 19273 19018 18550 18256 17893 17759 17751 17795 18017 18395 18504 18422 18557 18775 19096 19211 19221 19219 19039 18838 18526 18265 18055 17814 17510 17247 17180 17227 17505 17608 17709 17701 17723 17913 17900 17857 17795 17757 17931 17997 17972 18045 17963 17884 17947 18072 18045 18166
12849 13192 13537 14057 14279 14420 14549 14619 14663 14716 14683 14684 14647 14571 14559 14695 14840 15107 15271 15538 15793 16216 16604 17094 17603 17916 18275 18698 19077 19214 19326 18825 18530 18301 18297 18451 18439 18404 18579 18661 18617 18406 18449 18702 18798 18765 18640 18336 17814 17735 17528 17387 17283 17143 17040 17028 17046 17311 17430 17503 17495 17632 17783 17914 17891 17703 17585 17832 17977 18030 18042 17957 17936 17982 18083 18233 18241
11887 12164 12609 13236 13767 14083 14300 14341 14388 14467 14570 14582 14609 14660 14884 15192 15426 15416 15264 15560 15997 16542 16662 17058 17594 18127 18601 18954 19222 19519 19464 19016 18660 18310 18282 18531 18506 18661 18977 19057 18909 18664 18215 18186 18149 18074 17926 17794 17645 17441 17220 17084 17086 17067 17056 17054 17039 17044 17216 17213 17197 17310 17591 17644 17574 17570 17532 17583 17752 17836 17869 17977 18077 18143 18128 18206 18202
12431 11902 11650 12226 12802 13342 13799 13931 14043 14160 14259 14364 14490 14679 15048 15347 15566 15873 16054 16347 16711 16881 16882 17121 17782 18791 19546 20048 20131 20104 19888 19784 19373 18574 17975 17944 18071 18551 19028 19138 19128 19060 18822 18415 18065 17938 17937 17747 17628 17421 17161 17049 17043 17049 17047 17052 17053 17043 17047 17088 17209 17382 17654 17574 17553 17656 17604 17680 17836 18040 18200 18304 18307 18256 18159 18083 18120
12996 12698 12261 11815 12035 12397 13099 13606 13920 14135 14224 14425 14577 14801 15065 15339 15546 15821 16128 16438 16704 16855 16896 17337 17827 18549 19180 19965 20104 20069 20130 20296 20108 19214 18300 17749 17695 17840 18118 18476 18761 18809 18668 18254 17902 17654 17414 17314 17259 17130 17075 17047 17092 17152 17216 17196 17144 17132 17261 17421 17488 17543 17583 17631 17712 17779 17773 17857 17907 18036 18283 18400 18418 18390 18298 18214 18201
