Alternative/Moon/Lvl0_30x30/Ele_BK.asc
ncols         335
nrows         335
xllcorner     13457491.657
yllcorner     3322833.042
cellsize      10000
nodata_value  -9999.0
[rows 170 to 203 of 335, columns 231 to 307 of 335]
21822 22411 22869 22942 23304 23339 23568 23675 23705 23629 23492 23437 23383 23268 23347 23660 23736 23753 23752 23821 23950 24241 24446 24666 24754 24879 24972 24915 24676 24649 23721 22689 21841 20554 19257 18284 17920 18184 18234 17924 17974 18039 18093 18020 18056 17976 18114 19165 19836 20537 21322 22037 22738 23503 24685 25001 24965 24527 24326 24457 24587 24855 25620 25591 24491 24214 24278 24647 24665 24309 24099 23919 23642 23587 23053 22305 21836
21444 21759 21872 21824 22022 22435 23422 23658 23669 23451 23771 24140 24143 23943 24052 24315 24259 24148 24073 24034 23904 24142 24494 24857 25039 25043 25134 25071 24583 23540 22724 21777 21018 19787 18731 18221 18156 18058 17945 17899 17689 17708 17645 17766 17794 17779 17828 18117 18446 19320 20288 21153 22070 22763 23894 24736 24778 24599 24344 24651 24898 25174 25616 25575 24844 23618 23186 23522 24001 24027 24036 23972 23988 23759 23704 23469 22567
20513 19892 19486 19336 19908 21403 22793 23281 23345 23423 23875 24138 24239 24228 24372 24447 24417 24315 24112 24106 23910 23999 24288 24793 24878 25409 25529 24617 23868 22907 21687 20737 20274 19714 19197 18828 18114 18026 18170 17919 17892 17986 18126 18109 18007 17815 17907 18087 18458 18785 19754 21004 21836 22346 23314 24014 24429 24490 24531 24675 24946 25350 25739 25879 25584 24539 23719 23840 23986 24047 24066 24169 24433 24365 24164 23878 23130
17883 18248 18205 18102 18150 19497 21445 22603 22939 23077 23573 23860 24111 24244 24296 24257 24182 23984 23832 23850 23572 23666 24179 24857 25192 25601 25571 24439 23314 21793 20617 19980 19723 18940 18241 18299 18224 17996 18249 18506 18785 18646 18571 18474 18297 18133 18180 18214 18470 18779 19729 21121 21742 22321 23043 24084 24549 24721 24675 24663 25140 25850 25876 25856 25678 25289 24820 24457 24317 24202 24021 24432 24614 24545 24340 24096 23679
15949 16170 16768 17685 17828 18485 19406 21018 22724 23101 23263 23799 24246 24333 24186 24121 23684 23078 22861 22846 22821 23329 23803 24431 24447 24978 24970 23702 22621 21509 20567 19857 19429 18380 17146 17796 17764 17685 18080 18333 18698 18751 18514 18177 18159 18275 18330 18337 18497 18880 19815 21211 21779 22087 23388 24611 24852 24898 24861 24860 25115 25800 25770 25717 25661 25388 25424 25125 24677 24428 24133 24327 24544 24491 24311 23992 23603
14043 14351 15007 16293 17106 18144 19047 19994 21529 22865 23482 23941 24011 23606 22782 23124 23074 22429 21899 21576 21703 22541 23354 23833 23832 23582 23306 23222 22668 21701 20851 20003 19347 18668 18055 17871 17724 17609 17979 17965 17755 17912 18070 17919 18092 18391 18367 18311 18390 18687 19637 20471 20955 21860 23306 24593 25332 25380 25319 25561 25626 25018 25176 25413 25385 25353 25528 25523 25169 24684 24269 24096 24089 24111 24051 23940 23654
14098 14134 14424 15187 16301 17776 19010 20223 20781 22541 23458 23905 23899 23351 22387 22074 22090 21678 21071 20713 20897 21784 22758 22925 22436 21861 21653 21864 21873 21438 20861 20106 19044 18386 17955 17743 17678 17852 17765 17625 17736 17626 17686 17947 18028 18371 18319 18397 18459 18565 19247 20127 20598 21428 22791 24227 25339 25771 25616 25624 25678 24991 24946 24981 25019 25398 25759 25737 25615 25234 24655 24120 24147 24227 24060 24037 24053
14510 14616 14828 15575 16177 17017 18918 20223 21089 22309 22788 23149 23162 22985 22436 21901 21049 20337 20074 20021 20213 21257 22067 21920 21055 20332 20183 20234 21071 21242 20685 20037 19029 18288 17980 17801 17885 17882 17644 17857 17946 17825 17838 18230 18285 18596 18603 18626 18699 19270 20054 20465 20777 21758 22893 24339 25573 26070 25982 25586 25450 25262 25205 25021 25004 25419 25879 25891 25816 25583 24997 24519 24473 24543 24384 24137 24152
14175 14545 15038 15665 15968 17133 19107 20803 21430 21681 21823 22146 22250 22146 21722 21095 20571 19792 19375 19207 19741 20631 21355 21236 20694 20324 20190 20542 21184 21352 20826 19778 18965 18182 17957 17932 17796 17711 17648 17841 18194 18228 18201 18554 18859 19725 19771 19299 19042 20021 20861 21184 21532 22270 23733 24702 25369 25899 26066 26194 26045 25587 25291 25290 25214 25266 25816 25804 25708 25500 25379 25314 24611 24795 24519 23986 23729
14835 14701 15475 16639 17445 18275 19522 21011 21432 21437 21400 21385 21401 21080 20186 19762 19250 18599 18205 18098 18702 19747 20423 21007 21448 21371 21242 21141 21416 21375 20794 19858 18908 17869 17659 17772 17726 17668 17663 17821 18265 18854 19267 19078 19307 19837 20075 20063 20162 20660 21568 22256 23006 23836 24786 25202 25133 25605 26152 26270 26168 25758 25376 25444 25383 25198 25326 25719 25816 25612 25641 25736 25723 25422 25020 24709 23550
16631 16858 17598 17809 18503 19001 20425 21043 21205 21599 21582 21550 21148 20517 19936 19083 18467 17889 17545 17762 18070 18845 19842 20863 21331 21266 21269 21132 21168 21235 20781 20037 18964 18229 18412 18449 17996 17912 17998 18200 18008 18800 19241 19123 19326 20267 20922 21151 21442 21422 22002 23081 24333 25392 25648 25631 25598 25890 26234 26204 25981 25750 25632 25523 25694 25584 25259 25352 25563 25587 25646 25807 26059 25765 25378 25396 24747
19137 19490 19789 19789 20033 20135 20430 20892 21334 21743 21761 21591 20936 20159 19683 18940 18208 17743 17111 17228 17653 18359 19144 20159 20604 20600 20874 20881 20580 20546 20256 20001 19557 18926 18759 18507 18623 18557 19010 19084 19076 18349 18325 19216 19890 21044 21657 21715 22037 22245 22867 24226 25355 25849 25669 25717 25756 25869 26044 26052 25857 25715 26162 26237 25929 26038 26055 25963 25608 25248 25446 26027 26503 26287 25651 25489 24681
18790 19171 19464 19754 20142 20517 20616 21041 21535 21711 21505 20974 20547 20124 19568 18801 18002 17386 17314 17364 17467 17889 18733 19780 20236 20215 20195 20241 20128 20146 20282 20250 19905 19461 19212 19413 19402 19516 19781 20220 20376 19590 19554 20540 21331 22138 22731 23254 23565 23677 24161 25165 25345 25803 25476 25389 25444 25526 25974 26166 26479 26534 26232 26229 26070 26063 26090 26020 25985 25757 25667 25742 26338 26214 25426 25202 24793
19141 19399 19796 20312 20646 21222 21568 21383 21813 21911 21559 21072 20542 19728 18862 17757 17672 17424 17359 17350 17185 17618 18361 19044 19520 19664 19823 20091 20295 20200 20158 19864 19610 20080 20467 20593 20671 20656 20929 21474 21735 21398 21391 22142 22761 23138 23874 24169 24350 25103 25862 25751 25887 25930 25571 25257 25677 25936 25977 26125 26476 26486 26353 26478 26346 26201 25773 25984 26646 26910 26811 26759 26338 26139 26098 26094 25737
20377 20343 20677 21254 21706 22093 22269 21953 21820 21894 21539 20639 20032 19114 18259 17489 17317 17216 17551 17724 17572 17559 18245 18944 19155 19390 19874 20103 20238 20324 20488 20281 20300 20710 21031 21220 21537 21577 22068 22621 23115 23133 22996 23440 23618 23646 24582 25104 25329 25808 26109 26080 25814 25859 25405 24883 25188 25971 26151 26167 26192 26387 26400 26489 26504 26302 26003 26282 27006 27415 27264 27137 26809 26347 26274 26182 25755
21534 21768 22192 22703 22901 22861 22665 22346 22154 21858 21127 19997 19351 18424 17631 17451 17345 17321 17690 17994 17985 17903 17923 18574 19139 19369 19619 19817 19863 20110 20524 20841 21087 21406 21987 22084 22124 22325 22824 23441 24137 24643 24823 25013 24795 25145 25920 26038 26034 25960 26114 25928 25938 26218 25772 24855 24628 24934 25640 25950 25930 25868 26191 26349 26475 26671 26599 26640 26845 27361 27681 27742 26904 26333 26035 25945 25802
22556 22781 22942 22930 22622 22451 21821 21731 21720 20950 20620 19997 19310 18319 17407 17265 17145 17147 17440 18136 18175 17937 17999 18260 18924 19311 19572 19781 19838 19980 20343 21057 21654 22280 22608 22433 22464 22952 23618 24107 24668 24844 25121 25595 25616 25722 25989 25994 26114 26161 26099 25703 26107 26490 26269 25490 25218 25041 25267 25489 25476 25570 25829 26131 26418 26615 26548 26680 26661 26459 27257 27354 26825 26270 25933 25824 25818
23682 23723 23300 23073 22451 21511 20631 20560 21028 21031 20499 19487 18670 18046 17407 17220 16982 17106 17401 17935 18035 17844 17692 17857 18018 18591 19361 19511 19677 19979 20455 21045 21605 22437 22396 22275 22537 23388 23409 23936 24466 24502 24998 25438 25515 25820 25975 25983 25818 25980 25951 26263 26681 26749 26636 26599 26508 26522 26033 25607 25622 25789 25851 25656 25491 26191 26149 26267 26593 26443 26463 26859 26815 26816 26433 26247 26036
23691 23714 23313 23119 22512 21624 20747 20321 20668 20626 19875 18939 18236 17663 17206 16983 17047 17290 17353 17548 17525 17594 17596 17457 17562 17941 18761 19411 19621 20197 20791 21130 21577 22025 21754 21601 22117 22894 22859 22975 23687 24126 24842 25679 25772 25792 25956 25681 25801 25789 25747 26348 26779 26813 26708 26967 27043 26905 26496 25762 25674 25853 26025 26046 25853 26046 26081 25832 26183 26190 26579 26697 26651 26789 26615 26449 26205
23365 23096 22872 22837 22549 21794 21154 20922 20711 20250 19347 18182 17632 17150 16866 16855 16983 17368 17381 17255 17358 17552 17579 17279 17303 17899 18666 19014 19735 20173 20737 21037 21138 21118 20804 21540 22050 22562 22922 23235 23611 24521 25371 26092 26507 26521 26413 25921 25860 25281 25356 25587 25814 26631 27228 27405 27193 26820 26503 26247 26477 26535 26529 26336 26118 26433 26389 26163 25939 26155 26552 26539 26433 26280 26189 26138 25811
23461 22998 22561 22371 21847 21503 20836 20515 20267 19625 18645 17458 16932 17053 17036 16995 17039 16927 17039 17316 17207 17771 18059 17950 17979 18714 18999 19231 19317 19940 20208 20257 20372 20392 21246 22141 22262 22348 22789 23233 24045 25503 26594 26639 26687 26706 26402 25358 24695 25134 25462 25639 25727 25991 27140 27434 26859 25052 24438 26020 26888 26780 26619 26743 26656 26433 26416 26430 26205 26048 26145 26184 25969 25966 25879 25629 25456
23694 23529 22837 22186 21948 21397 20982 20416 20121 19152 18028 17057 16942 17225 17338 17144 16897 17128 17247 17157 17520 18545 18874 18768 18552 19136 19114 19361 19473 19910 20101 20699 20665 20897 22389 22777 22758 23005 23544 24535 25507 26371 26709 26692 25993 25068 24431 24623 24830 24857 25027 25545 25728 25963 26604 26978 26288 24058 23677 25357 26661 26672 26664 26807 26512 26477 26331 26333 26189 25804 25941 26126 25820 25808 25636 25193 25098
23431 23455 22873 22391 22147 21630 20608 20199 19828 19305 18529 17514 17369 17485 17460 17366 17170 16961 17243 17328 17821 18684 19064 18941 18653 19073 19174 19054 19704 20378 20420 21028 21269 22308 23400 23722 23697 24325 25034 25782 26083 26373 26231 25366 24879 24672 24183 24641 24821 24852 24534 24883 25002 25302 25618 25848 25785 24711 24484 25246 25597 25673 26077 26299 26370 26037 25897 26025 26062 25684 25626 25976 25956 25776 25638 25445 24958
22973 23037 22715 22396 22186 21622 20958 19906 19504 19341 18831 18466 18223 17746 17644 17306 17120 17261 17175 17381 17908 18555 18779 18705 18970 18967 19383 19555 20224 20501 20760 21478 21905 22722 23694 24363 24772 25444 26205 26668 26668 26291 25040 24407 23998 23647 23368 23769 23821 23962 23991 23907 24024 24086 23954 24129 24443 24599 24410 24402 24011 23819 23693 24165 25078 25840 25735 25802 25728 25520 25520 25683 25612 25581 25484 25438 25576
22633 22554 22531 22345 22189 21845 21159 20020 19244 18158 18211 18970 18879 18451 17789 17291 17382 17463 17595 18043 18322 18811 18824 18909 19343 19681 19685 19817 20517 20960 21766 22592 22848 23666 24607 25058 24981 25263 26118 26502 26380 25377 24344 23466 23409 23332 23207 23071 22892 22748 22924 23037 23121 22993 22526 22885 23259 23450 23517 22996 22611 23269 23459 23068 22919 23566 24138 24924 25342 25264 25269 25371 25458 25730 25753 25806 25958
22076 22322 22504 22259 22187 21886 21345 20334 19734 19827 19828 19649 19342 18842 18221 17795 17782 18031 18681 19063 19272 19852 19936 19692 19927 19790 20088 20699 21023 21731 22769 23632 24034 24463 24820 25080 25225 25303 25525 25353 24486 23862 23601 23822 23675 23272 22770 22027 21622 21470 20871 20774 20894 21614 21635 21263 21313 21404 21223 21168 21160 21164 22344 22714 22733 22719 22811 23606 24679 25045 25192 25217 25162 25459 25751 25861 26047
21884 22338 22469 22200 22247 22140 21896 21369 21014 20825 20260 19742 19388 18871 18646 18538 18378 18990 19594 20348 20401 20360 20118 19836 19983 20283 21073 21449 21909 22806 23659 24331 24821 24924 25128 25105 25238 25336 25048 23959 23359 23100 23234 23220 23036 22552 21585 20963 20837 20194 19993 19736 19563 19640 19476 19436 19538 19600 20198 20140 19627 19964 20883 21245 22203 22602 22546 22447 22824 23469 24137 24070 23597 23810 24868 25038 24617
21898 22317 22701 22764 22725 22547 22588 22076 21701 20944 20417 20029 19772 19639 19609 19446 19329 19853 20442 20594 20701 20545 20047 20442 20426 20736 21497 21809 22447 23274 24266 25075 25392 25364 25563 25334 24893 24503 23468 22321 22246 22596 22303 21246 20997 20467 20026 19803 19541 19054 18451 18544 18567 18426 18370 18684 18759 18660 18532 18631 18829 19050 19649 20320 20769 21874 22281 22381 22402 22388 22753 23098 23034 22731 23611 24007 24357
22082 22381 22785 22910 23067 23036 22867 22426 22121 21531 21174 20713 20416 19900 19880 20012 20301 20399 20501 20586 20806 20969 20972 20806 20694 21025 21917 22791 23098 24089 24959 25583 25682 25708 25546 24955 24488 23667 23167 22328 21680 21130 20718 20396 20130 19617 18936 18292 17832 17928 17851 17719 17855 17979 17946 17854 17592 17602 17791 17955 17893 18280 18706 18891 19021 20583 21470 21710 22281 22652 22618 22873 22856 22453 23016 23464 24026
22152 22385 22645 22823 23105 23194 23167 23093 23016 22497 21758 21166 20674 20248 20192 20232 20767 20952 20776 21022 21348 21766 21927 21721 21148 21463 22454 23181 23832 24630 25260 25705 26122 26151 25021 23842 23188 22556 22540 22150 21448 20775 19861 19371 18925 18119 17882 17303 17117 17202 17217 17224 17249 17292 17316 17477 17499 17241 17138 17141 17579 17846 17620 18066 18695 19491 20307 20871 21561 21971 22392 22403 22160 21729 21974 22371 22931
22216 22178 22656 22818 23152 23294 23402 23311 23271 22910 21836 21030 20743 20518 20252 20313 20606 21183 21415 21751 21923 22127 22087 21782 21341 21910 22912 23405 24291 25058 25195 25774 25989 25909 24502 23059 22798 22842 22492 21455 20536 19963 19274 18334 18120 17728 17313 17125 17137 17164 17037 17186 17301 17347 17384 17393 17127 17148 17050 17041 17105 17270 17259 17437 17635 18179 18707 19458 20372 20966 21599 21967 21920 21645 21479 21743 22057
22299 22202 22622 23191 23301 23304 23282 23148 23198 22993 22340 21759 21416 21103 20909 20586 20938 21311 21497 21807 21947 22133 22334 22438 22380 22727 23214 23674 24657 25539 25619 25897 25748 24692 23674 23507 23055 22498 21015 19843 19095 18851 18135 17693 17503 17152 17058 17069 17059 17068 17091 17036 17042 17106 17154 17175 17125 16963 16928 17055 17066 17048 17148 17279 17253 17499 18101 18356 19181 20377 21364 21723 21818 21574 21387 21396 21468
22021 22186 22735 23012 23061 22936 22441 22627 23010 23229 22860 22360 22209 22344 21835 21179 21299 21370 21800 22168 22298 22248 22629 23294 23621 23815 24149 24724 25464 25755 26051 26010 25361 23989 23900 23548 22944 21400 19437 18765 18059 17455 17187 17188 17111 16966 16984 17013 17028 16999 17011 17015 17034 17033 17066 17047 17023 16969 17008 16987 17051 17112 17104 17184 17330 17552 17633 17674 18119 19251 20510 21306 21946 21873 21435 21358 21385
21940 22093 22660 22970 23004 22750 22190 22370 23257 23415 22544 21165 21536 22335 22499 22171 21883 21501 21697 22140 22525 22537 22787 23463 24115 24741 25457 25756 25793 25933 26197 25921 24838 24162 23890 22946 21902 20726 19293 18272 17707 17145 17010 17004 17017 17005 16974 16993 16958 16973 16983 16998 16985 17043 17069 17054 17072 17047 17020 16985 16993 17042 17088 17242 17287 17334 17428 17489 17719 18161 19270 20318 21682 21678 21527 21505 21645
