Alternative/Moon/Lvl0_30x30/Ele_DC.asc
ncols         335
nrows         335
xllcorner     -13342508.343
yllcorner     -3377166.958
cellsize      10000
nodata_value  -9999.0
[rows 136 to 169 of 335, columns 77 to 153 of 335]
30062 29857 29575 28712 27505 26647 26701 26541 26354 26585 26545 26251 26057 25713 25537 25604 25628 25626 25611 25646 25661 25658 25689 25688 25733 25748 25952 25632 25569 25577 25570 25517 25803 25608 25524 25459 25198 25221 25209 25059 24403 23842 23561 23448 23410 23341 23287 23530 24252 25149 25000 24724 23574 23021 22482 22287 22340 23285 24614 24588 23450 22920 22989 23045 22571 22238 22327 22311 22869 23865 23497 23206 23486 24521 24175 23959 23508
29811 29899 29445 28362 27367 27106 27162 26727 26690 26233 26416 26513 26628 26231 25608 25620 25629 25647 25583 25595 25673 25673 25680 25752 25829 25873 25921 25851 26010 25983 26069 26031 26074 26317 25903 25731 25963 26229 26043 25690 23957 23649 23484 23517 23382 23259 23286 23259 23542 24266 25249 25122 23845 22842 22146 22220 22286 22978 23800 23772 23150 22326 22206 22260 22233 22171 22318 22263 22451 23546 23248 23105 23819 24198 24148 23736 23133
29276 29180 28871 28110 27010 27151 27084 26648 26512 26406 26383 26461 26576 26182 25489 25495 25540 25642 25575 25461 25550 25634 25653 25849 25860 25877 25968 26330 26333 26930 27094 26539 26343 26266 25834 25732 26125 26421 26411 25753 23813 23617 23573 23543 23429 23166 23199 23250 23332 24030 24480 24514 23983 23098 22075 21946 22050 22292 22629 22378 22174 22083 21943 21983 22027 22027 21970 21889 22151 22738 22734 22971 23065 23344 23031 23135 23236
28760 28678 28635 27896 27207 27210 26936 26634 26561 27124 27177 26887 25834 25513 25734 25945 25816 25210 25237 25317 25363 25454 25561 25653 25804 25760 25959 26689 26890 27592 27916 27913 27812 27340 26535 25990 26382 27339 27147 25742 23768 23667 23759 23515 23485 23139 23140 23113 23242 23605 23894 23943 23703 23187 21980 21728 21641 21667 22135 22437 22628 22249 22205 22165 21853 21859 21808 21838 21998 23592 23622 23307 22542 22656 22768 23025 23385
28516 28437 28013 27694 27708 27720 27439 26884 27283 27749 27762 27542 27321 25952 26085 26445 26486 25208 25233 25444 25426 25484 25575 25617 25729 25652 25938 26822 27275 27652 28326 28622 28996 28905 28050 26698 26568 27247 26830 25437 24164 23695 23849 23684 23203 23075 23141 23158 23200 23414 23618 23615 23097 23071 21923 21518 21504 21509 21865 22585 22755 22400 21592 21979 21839 21856 21871 22089 22126 23962 24214 23528 22447 22436 23021 23597 23406
28090 28236 28177 28884 29000 28569 28326 28095 28143 28310 28485 28569 28064 26532 26999 27144 26531 25125 25200 25370 25409 25399 25587 25703 25670 25655 26003 26949 27799 27898 28507 28811 29828 29975 29120 28863 28416 27157 26829 25947 24431 23848 23708 23490 23207 23338 23338 23129 23081 23481 23526 23218 22511 22423 21694 21501 21506 21565 21781 22550 22345 22085 22090 21828 22031 22040 21741 21983 22163 23456 23857 22970 22426 22440 23068 23455 23559
28359 28387 28862 29554 29838 29385 29039 28830 28878 28783 28858 28817 28317 27282 27275 27184 26107 25342 25183 25225 25194 25239 25595 25781 25684 25739 26063 26839 27800 28400 29297 30021 30218 30256 29626 29317 28991 28165 27233 26971 25445 24117 23682 23514 23655 23396 23259 23218 23076 23397 23321 23055 22489 22049 21685 21541 21578 21762 21552 21475 21545 21969 21715 22171 21991 21672 21770 21910 22059 22979 23272 22617 22276 22574 23214 22693 23198
29005 28776 29633 30262 30694 30722 30125 29841 29725 29991 30245 29961 29448 28051 27476 26970 26417 26330 26285 25785 25193 25219 25353 25469 25556 25677 26191 26734 27367 28561 29312 29929 29942 29830 29486 29016 28662 28033 27789 27533 25743 24951 23763 23609 23658 23529 23376 23358 23061 22911 23098 23036 22961 22369 21568 21557 21556 21504 21400 21590 21804 22768 22066 21835 21887 21573 21515 21746 22208 22425 22157 22199 22617 22681 23520 23014 22267
30124 30100 30519 30880 31185 31501 30968 30993 30811 31410 31776 31615 31029 29598 27859 27460 26884 26684 26782 26034 25370 25159 25207 25369 25491 25246 26257 26750 27486 28331 29909 30432 30268 29078 28868 28618 28556 28409 27799 27478 26794 25497 24447 23996 23758 23724 23644 23503 23423 23312 22570 22496 22511 22236 21715 21635 21588 21488 21582 21782 21876 22569 22083 21660 21691 21652 21686 21659 21838 22103 21721 22022 22575 22569 22350 22257 22318
31436 31076 30614 30784 31114 31614 31647 31360 31570 31748 32064 32144 31648 30322 28424 28328 27986 27690 26865 26113 25479 25430 25077 25130 25199 25168 26087 26798 28090 29822 30428 31024 30787 29955 28923 28408 27813 27394 26695 26263 26341 25864 25157 25091 24905 25066 25222 24589 23898 23875 22939 22385 22225 22158 21879 21747 21701 21637 21583 21607 21631 21817 21859 21759 21698 21801 21578 21633 21610 21621 21460 21406 21655 21633 21341 21585 21828
31544 31112 30907 31295 31587 31520 31614 31531 32200 32262 32391 32229 31458 30234 28879 28532 28230 27966 26843 26482 25596 25534 25420 25546 25796 26086 26637 26975 28466 29977 30562 30893 30708 30235 29452 28619 27813 27210 26596 26237 26224 26086 25838 25509 25232 25475 25826 26043 24889 24500 23773 23013 22706 22357 21876 21857 21738 21608 21688 21960 21936 21583 21698 21742 21829 21738 21572 21632 21552 21368 21327 21439 21504 21571 21859 21196 21208
31429 31687 31684 32072 32279 32387 32291 32470 32753 32862 32229 31859 31568 30805 29350 28538 27531 27368 27266 26649 25461 25396 25606 26013 26536 26923 26863 27122 28024 28995 30086 30256 30013 29874 29768 29703 28621 28108 27517 27308 26392 26138 26076 26113 25588 25556 25821 26246 25410 24332 23497 22830 22695 22558 22188 22002 21809 21692 21790 22002 21988 21706 21743 22232 22236 21786 21667 21574 21506 21254 21403 21537 21698 21597 21664 22378 21940
31787 31801 31773 32725 32680 32760 32644 32671 32711 32374 32763 32419 32274 30828 29365 28930 27622 27213 27131 26398 25330 25693 26231 26358 26324 26653 26373 26983 28071 29072 29963 30109 30167 29569 29438 29505 28870 28589 27615 27435 26661 26360 26173 26015 25955 26133 26218 25895 25216 24403 22902 22631 22565 22367 22139 22020 21984 21813 21801 22146 22099 21738 21677 22115 22063 21649 21749 21656 21381 21390 21503 21466 21402 21354 21703 22546 23829
32072 31942 31694 32229 32178 32313 32372 32408 32584 32393 32841 32464 31857 30600 29292 28321 27574 27884 27765 26690 25592 25586 26150 26092 25835 25677 26068 27035 28016 28650 29562 29966 30003 29701 29244 28897 28910 28364 27513 27127 26699 26512 26549 26607 26750 26610 26142 25603 24904 23829 23702 23529 23032 22892 23245 23479 23202 22038 21978 22084 21925 21711 21843 21986 22046 22001 21595 21795 21471 21379 21297 21339 21335 21551 21205 21587 23877
32281 32346 32329 32744 32766 32248 32272 32254 32522 32149 31678 31837 31588 30579 28785 27650 27667 27845 27637 26626 26196 25438 25920 25915 25606 25947 26474 26925 27996 28759 29340 29475 29475 29481 29328 28876 28608 28478 27557 27173 26821 26798 26774 26784 26735 26570 26044 25288 24621 23824 23626 23860 24076 23896 23879 24047 23546 22798 22381 22313 22118 21890 21834 21977 22009 21904 21488 21595 21403 21332 21380 21423 21399 21529 21100 21044 22026
32726 32831 32838 32849 32793 32579 32434 32206 32173 31944 31415 31655 31293 30253 28710 28772 28163 27115 26740 26426 26059 25206 26209 26610 26465 26233 26968 27001 27435 28708 29390 29459 28737 28820 28859 28838 28582 28365 27665 27109 26974 27039 27193 26995 26921 26043 25526 24831 24475 23921 23758 24267 24540 25001 25121 24789 24085 23295 22764 22295 22120 21998 21881 21914 22002 21977 22010 21778 21489 21563 21573 21607 22115 22025 21783 21654 20583
32741 32579 33053 32993 32846 32745 32468 31993 32012 31566 31640 31428 30251 29677 29038 29093 28121 26509 26086 25976 25801 25458 26306 26992 26685 27378 27692 28027 28156 28785 29158 29172 28480 28442 28502 28515 28391 28702 28271 27476 27243 27248 27611 27789 27199 25835 25176 24793 24192 23918 23941 24288 24689 25200 25380 25100 25094 23794 23187 23233 22960 21916 21843 22099 22219 22008 22043 21955 21801 21797 21839 21795 22320 22727 22950 22677 20939
32286 32358 32629 32726 32198 32431 32001 31884 31582 31212 31826 31559 29897 29311 28729 28741 27603 26782 25945 26125 26782 26804 26632 27251 27376 28247 28845 29250 29113 28464 28475 28677 28874 28903 28931 28889 28703 29052 28748 28308 27891 27569 27739 27770 26625 25377 24674 24533 24321 23945 24084 24288 24689 24723 24907 25248 25268 24196 23899 23050 22936 22258 21971 22144 22545 22381 21829 21886 21871 21737 21819 21663 21991 22398 22827 22570 21752
32085 32266 32225 32128 31821 31608 31565 31468 31098 31424 31810 31352 29687 29294 28606 28214 28169 27781 26796 26432 27003 27527 27488 27914 28314 28406 29566 30359 29704 28488 28401 28664 29201 29631 29617 29201 29146 29167 28965 29030 28924 28272 27720 27684 27280 25640 24803 24734 24644 24236 24396 24647 25057 25092 24511 24390 24410 23898 23894 22794 22409 22311 22241 22281 22298 22236 22117 22547 22413 22105 21805 21524 21350 21920 22081 21902 21604
31840 32270 32253 32173 32000 31571 31415 31173 31103 31039 30889 30312 29519 29072 27946 27935 27993 27873 27275 26678 27023 28079 28552 28566 28838 29017 29023 30071 29623 29560 28736 28857 29448 29656 29633 29531 29478 29309 29386 29489 29729 29228 28548 28654 28554 27117 24956 25076 24998 24586 24626 24571 24895 25008 24398 23898 23758 23374 22764 22409 22295 22393 22521 22501 22896 22686 22663 23143 23363 23047 23259 22452 21314 21455 21857 21750 21231
31713 31911 32344 32213 32298 32048 31767 31525 31262 31424 31230 30478 29606 28973 27854 28062 28059 27689 27195 26675 27276 28416 28679 28657 28722 28927 28941 28289 29041 29732 29488 29081 29226 29469 29534 29432 29565 29809 30150 30034 30029 29659 29455 28957 28702 27593 25561 24780 24813 24819 24725 24608 24677 24778 24626 24071 23384 23137 22859 22523 22511 22959 22939 22802 23161 23258 22760 24171 24202 23697 23937 23735 22088 21769 21599 21493 21249
32278 32093 31890 31821 32264 32248 32143 31890 32009 32138 31008 30224 29529 28899 28177 28267 28218 28004 27785 27611 27108 27533 28010 28546 28401 28231 28259 28030 28276 29245 29939 29773 29171 29577 29488 29496 29818 29822 29987 30002 29784 29310 29365 28947 28257 27670 25818 24773 24803 24548 24505 24411 24501 24667 24684 24211 23554 22582 22622 22635 22933 23628 23745 23337 23308 23396 23354 24329 24696 23921 23680 23823 22746 22699 22203 21874 21736
32275 32133 31993 31922 32256 32425 32415 32420 32205 32209 31109 30565 29305 29054 28670 28606 28587 27843 27745 27729 27600 27324 27264 27740 27470 27458 27927 28003 27654 28453 29898 30231 29958 29902 29892 30244 30209 30033 29981 29615 29390 29195 28754 28568 27781 26720 25603 24990 24933 24516 24424 24196 24263 24579 24389 24291 23670 22780 22639 22704 23102 24281 24282 23623 23877 23720 23369 23718 25004 24633 23651 22500 22408 22752 22388 21913 21739
33649 33198 32715 32525 32581 32822 32742 32626 31861 31725 31628 30827 30018 29897 29072 28772 28319 27500 27653 27966 28314 28051 27663 27352 27479 27518 27992 28222 28182 29700 30429 30359 30255 30237 30288 30159 30211 30076 29769 29701 29422 29278 28838 28271 27698 26735 25689 25171 24972 24472 24357 24124 24522 24338 24567 24197 23193 23175 22926 22804 23207 23874 23928 23422 23767 23639 24151 24360 25334 25027 24207 23130 22235 22169 21972 21774 21816
34330 34154 33708 33330 33309 32832 33040 32795 32892 32923 32531 31941 30762 30267 29369 29274 28524 27765 27547 28119 28344 28250 27663 27329 27203 27516 28389 28929 28833 29640 30318 30636 30555 30368 30652 30827 30561 30119 29923 29845 29533 29216 28666 27755 27210 26594 26283 25638 24866 24714 24559 24209 24301 24307 24649 24234 24192 23740 23253 23029 23330 23402 23442 23385 23587 23298 23910 24392 25501 25373 24719 24120 23348 22933 22832 22512 21793
34957 34464 33999 33888 33577 33403 32968 33328 33487 33360 33318 33211 32356 31678 30884 30435 29464 28638 27852 27971 28045 27518 27484 27629 27607 28294 28882 29099 29131 28793 29958 30654 30512 30439 30741 30919 30843 30293 29966 30078 29672 29122 28311 28088 28569 28605 27619 25626 25171 24852 24733 24473 24741 24313 24323 24326 24436 24040 23612 23630 23098 23333 23260 23148 23095 23161 23368 23944 25013 25568 25231 24385 23877 23692 22947 22842 21775
35140 35109 35122 34621 34170 33579 33417 33928 34056 34152 33878 33869 33138 32029 31488 30856 30195 29587 28433 27622 27630 27834 28044 28076 28117 28830 29018 29072 29173 28991 29340 30311 30320 30502 30642 30932 30836 30525 30180 30148 29796 29165 28703 28945 29957 29793 27698 26098 25127 24747 25054 24791 25434 24668 24521 24521 24431 24033 23758 23845 23650 23234 23274 23323 23013 23058 23467 23514 24354 25522 25248 24360 24305 24469 23851 22479 21816
35211 35365 35441 35001 34474 33675 33929 34364 34301 34432 34171 33777 33174 31813 31037 30674 30436 29604 28517 27866 27821 27921 28921 28911 28526 28730 29274 29539 29629 29431 29784 29959 30087 30388 30693 30827 30740 30571 30285 30173 30027 29566 29466 29939 30513 29811 27668 26068 24944 24572 25002 24866 25374 25092 25227 24921 24627 24551 24495 24080 23888 23349 23208 23248 23150 22965 23641 23499 24058 24104 24228 24269 24267 24217 23909 23319 22418
34348 35150 35068 34724 34465 33587 33755 34239 34334 34081 33741 33211 32245 31674 31080 30747 30084 29448 28714 28189 28395 28415 29106 29181 28925 29381 29640 29772 29780 29972 30125 29973 30369 30686 30860 31046 31048 30947 30491 30249 29995 29692 30032 30980 31122 29606 26932 25674 24817 24439 24526 24514 25237 24774 24492 24377 24860 24746 24565 23956 23723 23474 22954 23222 23188 22815 23486 23569 24211 24017 23634 23879 24170 24155 23275 23171 22346
33320 33999 34665 34547 34013 33266 32942 32910 33546 33586 33139 32607 32050 31242 30675 30622 30242 29703 28969 28715 28709 28431 28803 29219 29297 29650 29641 29801 29946 30074 30134 30333 30707 30722 30936 31095 30882 30697 30741 30828 30587 30442 30902 31301 31004 28946 26500 24986 24809 24777 24407 24461 24474 25228 25049 24855 24296 24509 24427 23823 23440 23427 22626 22405 23034 23292 23686 24019 23978 23606 23682 23706 23579 23590 22934 22662 21905
32590 33815 34378 34323 33988 33306 32948 32292 32622 32933 32659 32090 31113 30504 30003 30041 29996 29844 29633 29060 28825 29143 29104 29168 29540 29625 29825 30071 30024 30077 30078 30297 30691 30818 31018 31091 31160 31039 31022 31076 31388 31767 31715 30485 29147 28000 26291 25502 24949 24906 24467 24529 24456 25030 25107 24888 24576 24327 24201 24272 23374 23588 23180 22567 22728 22999 23033 23883 23952 23579 23673 23527 23431 23503 22990 22362 21997
32152 33850 34168 33703 33364 32839 32236 31860 31376 31576 30988 30703 30069 29781 29431 29503 29548 29517 29601 29586 29536 29595 29552 29382 29639 29610 29890 30143 30019 30257 30111 30082 30555 30685 30976 30973 30876 30814 31384 31400 32136 32162 31353 29299 27928 27475 26452 25405 24824 24720 24494 24513 24510 24855 24883 24879 24511 24473 24112 24110 23395 23725 23828 23872 23387 22738 22557 23895 23944 23088 22702 23588 23209 23002 22937 22523 22109
32797 34420 34778 34794 34904 33659 32912 32604 31627 30882 30190 30003 29254 29194 29287 29124 29039 29089 29366 29586 29633 29460 29374 29340 29638 30030 30093 30095 30340 30296 30018 30059 30327 30625 30657 30842 30801 30896 31116 31239 32312 32238 30251 28272 28041 27442 26501 25513 25091 24621 24809 25032 24685 24712 24905 25290 25099 24458 23617 23521 23520 23306 23698 23880 23817 23363 22217 22848 23069 21995 22047 23459 23326 23191 22760 22267 21734
34428 34878 35468 35479 35758 35280 34228 33231 31679 31199 30642 29957 29089 29044 29037 28919 28897 28932 29216 29612 29497 29246 28972 28897 30185 30834 30870 30487 30102 31357 31467 30638 30374 30475 30646 30729 30530 30809 30817 30798 31151 31350 29619 28276 28054 27465 26513 25882 25471 24668 25308 25380 24892 24392 24539 24489 24474 24370 23882 23582 23719 23654 23164 23203 23340 22440 21981 20876 20621 20202 20954 21914 21773 22206 21908 21087 20867
