Alternative/Moon/Lvl0_30x30/Ele_FD.asc
ncols         335
nrows         335
xllcorner     -9992508.343
yllcorner     -10077166.958
cellsize      10000
nodata_value  -9999.0
[rows 238 to 271 of 335, columns 77 to 153 of 335]
12955 13059 13080 13233 13472 13410 13595 13657 13634 13614 13570 13570 13589 13579 13579 13577 13629 13692 13815 13806 13871 13935 14036 14105 14231 14315 14392 14494 14611 14666 14804 14902 14904 15004 15176 15272 15294 15308 15253 15194 15271 15350 15368 15398 15357 15391 15499 15687 15861 15950 15996 15965 15899 15879 15837 15853 15864 15880 15879 15920 15961 15968 15960 15934 15891 15853 15804 15794 15726 15679 15630 15694 15680 15744 15751 15756 15777
14769 14808 14863 14887 14891 14839 14741 14647 14603 14584 14585 14583 14674 14783 14917 15007 15017 15035 15099 15141 15115 15187 15225 15302 15250 15203 15136 15044 15045 15091 15224 15359 15437 15555 15650 15810 15906 15917 15934 15929 15913 15886 15823 15801 15817 15820 15886 15951 16032 16088 16142 16134 16071 16063 16054 16002 15941 15972 15971 15942 15887 15908 15914 15912 15912 15920 15906 15834 15745 15721 15741 15746 15768 15785 15752 15688 15662
15307 15298 15346 15400 15386 15394 15480 15499 15547 15557 15577 15585 15607 15583 15570 15546 15555 15607 15733 15867 15845 15793 15699 15690 15777 15838 15874 15837 15724 15595 15513 15532 15681 15828 16004 16091 16174 16207 16208 16146 16010 15892 15845 15847 15998 16151 16299 16380 16422 16363 16277 16246 16150 16126 16119 16115 16077 16098 16083 16079 16020 15890 15733 15549 15410 15287 15230 15256 15219 15300 15481 15605 15734 15758 15726 15695 15689
16104 16150 16170 16138 16122 16069 15988 15941 15892 15882 15832 15854 15892 15862 15776 15739 15669 15619 15588 15614 15737 15866 15978 16026 16017 15979 15933 15814 15661 15565 15519 15516 15524 15587 15665 15727 15767 15814 15870 15913 15927 15898 15881 15921 16010 16087 16206 16192 16166 16081 15977 15896 15883 15874 15824 15751 15681 15646 15665 15719 15652 15592 15512 15446 15345 15295 15225 15177 15165 15239 15411 15582 15693 15697 15620 15570 15500
16270 16287 16292 16300 16294 16258 16221 16168 16108 16013 15900 15851 15891 15896 15829 15693 15631 15595 15569 15604 15651 15673 15653 15572 15518 15518 15520 15485 15467 15464 15467 15530 15616 15655 15682 15624 15582 15591 15605 15630 15656 15702 15766 15761 15760 15730 15706 15635 15564 15453 15375 15331 15318 15299 15244 15171 15135 15148 15146 15132 15133 15137 15150 15156 15151 15139 15112 15118 15107 15104 15101 15095 15093 15100 15103 15114 15111
16403 16395 16354 16316 16230 16133 15997 15903 15828 15805 15775 15780 15777 15762 15709 15658 15642 15625 15589 15603 15619 15631 15582 15558 15545 15571 15574 15531 15408 15345 15343 15344 15324 15332 15284 15254 15298 15326 15347 15337 15305 15298 15304 15314 15310 15271 15317 15373 15379 15364 15326 15269 15218 15168 15132 15113 15089 15086 15084 15062 15095 15095 15081 15075 15072 15080 15075 15057 15085 15079 15073 15072 15071 15072 15075 15074 15071
16519 16470 16418 16400 16277 16098 15917 15796 15803 15901 15906 15842 15708 15653 15697 15786 15804 15789 15727 15550 15456 15471 15477 15508 15526 15495 15425 15376 15308 15248 15177 15105 15085 15069 15079 15070 15056 15058 15056 15056 15074 15093 15131 15175 15215 15224 15182 15104 15064 15048 15056 15041 15033 15057 15053 15049 15047 15046 15044 15046 15043 15051 15049 15042 15042 15045 15049 15054 15064 15064 15063 15078 15078 15079 15084 15097 15175
16104 16097 15953 15786 15708 15662 15608 15558 15484 15406 15348 15415 15303 15342 15328 15298 15245 15221 15263 15298 15324 15341 15335 15248 15142 15081 15074 15077 15101 15098 15057 15086 15084 15080 15076 15079 15075 15087 15135 15170 15212 15249 15273 15316 15312 15288 15248 15175 15105 15058 15045 15041 15029 15026 15031 15030 15029 15023 15034 15026 15034 15046 15061 15063 15054 15061 15142 15218 15272 15288 15361 15407 15481 15579 15751 15945 16073
15784 15808 15914 15875 15891 15825 15807 15729 15627 15574 15515 15403 15344 15279 15199 15140 15107 15098 15086 15107 15105 15103 15083 15077 15105 15106 15058 15055 15053 15053 15045 15043 15050 15056 15046 15042 15072 15052 15065 15109 15137 15155 15176 15158 15143 15119 15074 15023 15037 15032 15023 15019 15024 15023 15023 15036 15034 15033 15042 15043 15050 15055 15062 15074 15115 15188 15295 15338 15371 15393 15465 15626 15788 15931 16080 16255 16407
16374 16370 16335 16371 16368 16342 16310 16215 16101 16060 16063 16040 15962 15892 15778 15639 15512 15490 15465 15417 15396 15371 15322 15248 15158 15091 15064 15058 15065 15050 15051 15056 15044 15050 15048 15036 15048 15040 15035 15029 15036 15032 15031 15039 15041 15027 15020 15018 15021 15024 15024 15035 15042 15047 15049 15050 15050 15050 15049 15051 15061 15146 15245 15457 15661 15783 15956 16122 16254 16344 16441 16547 16623 16695 16710 16661 16550
16386 16376 16288 16231 16235 16207 16072 15969 15903 15896 15893 15822 15793 15831 15831 15787 15712 15637 15563 15553 15555 15529 15417 15305 15167 15112 15102 15101 15102 15092 15078 15057 15047 15059 15052 15046 15061 15058 15047 15052 15060 15051 15044 15042 15038 15039 15041 15036 15031 15026 15034 15032 15031 15018 15012 15011 15014 15012 15018 15026 15098 15219 15409 15655 15868 16028 16240 16414 16528 16636 16738 16823 16843 16832 16809 16770 16669
16241 16158 16112 16120 16141 16148 16149 16137 16122 16079 16086 16069 16061 16052 16050 16045 15926 15826 15719 15651 15597 15532 15477 15395 15382 15404 15437 15424 15387 15333 15289 15278 15274 15288 15299 15287 15345 15358 15439 15469 15546 15568 15642 15648 15654 15642 15624 15678 15720 15779 15841 15890 15999 15976 15977 16032 16112 16113 16169 16226 16247 16301 16454 16567 16781 16900 16990 17083 17176 17265 17333 17350 17368 17369 17311 17187 17074
17599 17393 17231 17134 17119 17084 17081 17117 17125 17101 17026 17033 16985 16983 16987 16973 16995 17004 16988 16900 16675 16527 16315 16128 15950 15783 15678 15636 15644 15621 15585 15578 15582 15600 15624 15650 15684 15744 15871 15979 16051 16180 16232 16342 16377 16496 16647 16822 16778 16844 16919 16965 17035 17078 17123 17208 17319 17432 17551 17619 17621 17614 17659 17654 17656 17616 17587 17551 17551 17544 17553 17589 17656 17666 17685 17689 17686
18434 18435 18398 18336 18256 18244 18227 18190 18221 18170 18124 18125 18247 18285 18318 18285 18262 18318 18278 18178 18126 18025 17867 17776 17658 17601 17542 17612 17598 17630 17701 17608 17574 17586 17603 17569 17595 17583 17640 17704 17858 17930 18077 18127 18168 18238 18308 18263 18304 18292 18290 18243 18235 18298 18220 18356 18317 18315 18278 18210 18245 18285 18341 18376 18408 18429 18432 18394 18353 18299 18260 18276 18317 18344 18358 18357 18318
19231 19279 19296 19310 19319 19356 19370 19385 19391 19416 19399 19397 19370 19323 19291 19314 19420 19565 19713 19725 19680 19645 19599 19545 19493 19498 19546 19624 19654 19664 19650 19652 19648 19645 19666 19678 19748 19742 19709 19746 19757 19745 19684 19627 19558 19566 19541 19532 19515 19504 19469 19454 19398 19331 19243 19143 19027 18982 18934 18927 18963 18986 18987 18957 18912 18868 18863 18862 18865 18835 18805 18749 18704 18649 18548 18434 18358
19742 19830 19866 19911 19956 20011 20060 20088 20158 20162 20134 20073 20049 20040 20010 19963 19968 20002 20009 20050 20067 20114 20144 20159 20045 20098 20135 20223 20345 20507 20568 20540 20545 20530 20460 20394 20309 20283 20316 20346 20319 20278 20307 20296 20230 20149 20074 19998 19946 19882 19812 19805 19787 19723 19642 19500 19367 19261 19151 19127 19112 19115 19109 19073 19020 18962 18917 18908 18916 18883 18847 18788 18701 18658 18651 18642 18626
19658 19718 19779 19850 19892 19905 19972 19962 19994 19988 19972 19984 20168 20300 20362 20406 20417 20400 20438 20536 20643 20718 20735 20832 20959 21063 21156 21202 21105 21081 21058 21057 21016 20973 20965 20914 20818 20723 20661 20646 20630 20582 20519 20494 20418 20316 20187 20065 19933 19842 19713 19586 19536 19482 19449 19438 19473 19549 19613 19676 19800 19874 19922 19980 20010 20041 20058 20067 20067 20043 20049 20046 20028 20009 19991 19979 19922
19304 19381 19440 19479 19546 19596 19647 19731 19825 19910 20002 20163 20273 20369 20472 20548 20588 20568 20604 20652 20730 20802 20837 20898 20987 21075 21152 21153 21001 20963 20891 20797 20799 20836 20885 20873 20824 20750 20628 20531 20447 20365 20313 20282 20217 20142 20039 19990 19975 19976 19974 20028 20115 20186 20213 20209 20326 20438 20528 20542 20517 20483 20431 20353 20277 20231 20192 20147 20141 20144 20147 20139 20132 20125 20112 20111 20119
18836 18899 19067 19177 19333 19441 19552 19716 19883 19938 20060 20127 20153 20150 20120 20102 20156 20219 20310 20324 20344 20417 20494 20543 20591 20643 20657 20677 20682 20721 20669 20645 20622 20611 20507 20387 20260 20162 19998 19831 19813 19728 19653 19684 19736 19792 19857 19913 19983 20005 20007 20088 20174 20229 20261 20284 20320 20341 20401 20402 20395 20369 20260 20131 20049 20007 19987 19964 19904 19885 19844 19737 19632 19585 19578 19591 19605
18441 18525 18591 18731 18822 18825 18801 18774 18876 18970 19010 19060 19133 19134 19122 19098 19080 19047 19069 19024 19025 19009 19001 19007 19030 19044 19123 19188 19225 19227 19148 19060 18968 18895 18756 18672 18583 18531 18458 18433 18435 18474 18525 18606 18664 18719 18768 18840 18920 18996 19076 19154 19251 19276 19335 19362 19372 19396 19412 19452 19477 19502 19536 19541 19535 19528 19482 19453 19410 19337 19267 19194 19120 19089 19087 19074 19063
17556 17572 17579 17603 17639 17680 17682 17687 17635 17652 17600 17622 17601 17606 17581 17590 17651 17674 17721 17758 17768 17793 17824 17875 17913 17870 17721 17602 17430 17301 17128 16955 16880 16881 16817 16857 16960 17119 17338 17499 17662 17748 17790 17839 17898 17986 18057 18119 18208 18267 18349 18404 18451 18478 18527 18580 18613 18653 18710 18781 18849 18952 19075 19147 19195 19209 19208 19154 19056 19051 19052 19066 19051 19026 18996 18993 19030
17146 17154 17145 17098 17033 16979 16936 16941 16959 16950 16962 16971 16970 16965 16974 17020 17104 17177 17265 17364 17449 17472 17462 17411 17240 17071 16897 16659 16418 16177 15940 15739 15688 15842 16087 16360 16606 16774 16915 16981 17153 17348 17512 17592 17617 17642 17673 17704 17759 17802 17878 17926 17979 17977 18016 18084 18112 18160 18236 18337 18452 18591 18746 18863 18935 18978 19005 18985 18919 18816 18699 18527 18386 18251 18222 18278 18480
16785 16837 16840 16811 16752 16733 16691 16705 16793 16842 16842 16825 16789 16758 16722 16675 16676 16678 16728 16796 16848 16851 16852 16831 16841 16858 16803 16759 16702 16613 16548 16554 16668 16833 17040 17233 17403 17520 17567 17567 17525 17460 17454 17515 17518 17514 17438 17352 17278 17239 17210 17212 17264 17349 17440 17549 17627 17717 17838 17997 18121 18287 18349 18349 18264 18119 17963 18058 18146 18187 18194 18138 18103 18088 18169 18296 18497
16037 15837 15646 15597 15707 15851 16002 16113 16259 16350 16466 16494 16463 16402 16314 16217 16130 16100 16107 16161 16274 16338 16426 16541 16602 16680 16738 16752 16754 16702 16656 16579 16520 16654 16826 16997 17176 17269 17270 17256 17187 17179 17185 17225 17227 17221 17193 17176 17152 17158 17113 17099 17091 17124 17181 17238 17290 17330 17371 17411 17457 17494 17574 17646 17754 17845 17946 18041 18052 18028 17931 17740 17503 17392 17200 17085 17001
15897 15865 15883 15939 15997 15978 15944 15883 15838 15763 15663 15597 15550 15530 15540 15516 15561 15607 15659 15736 15757 15784 15787 15799 15774 15700 15673 15801 15955 16033 16140 16247 16310 16331 16367 16445 16603 16696 16798 16907 16973 16974 16946 16858 16805 16766 16708 16774 16832 16841 16906 16977 17032 17076 17135 17203 17260 17264 17281 17284 17296 17313 17348 17367 17464 17584 17699 17765 17865 18003 18149 18319 18442 18531 18650 18744 18848
15641 15606 15557 15508 15515 15511 15523 15541 15525 15489 15463 15466 15493 15532 15555 15553 15578 15639 15699 15784 15885 16004 16129 16187 16199 16201 16150 16072 15996 15944 15907 15885 15911 15976 16001 15974 15858 15778 15848 15946 16052 16123 16145 16214 16255 16324 16373 16444 16512 16602 16666 16718 16754 16777 16749 16758 16739 16748 16719 16721 16814 16891 16985 17089 17216 17311 17425 17574 17742 17875 18023 18164 18319 18431 18561 18630 18748
15454 15407 15331 15247 15304 15342 15398 15437 15429 15397 15368 15356 15363 15360 15365 15368 15424 15494 15582 15689 15809 15877 15947 15982 15999 16042 16050 16022 15975 15926 15896 15900 15871 15895 15921 15971 16042 16090 16112 16115 16103 16102 16100 16096 16138 16190 16250 16285 16266 16226 16142 16067 16001 16007 16006 16013 16021 16027 16055 16102 16159 16227 16314 16406 16510 16596 16689 16785 16883 16969 17077 17213 17294 17388 17505 17621 17718
15099 15100 15103 15111 15116 15116 15121 15116 15130 15150 15172 15214 15250 15282 15306 15304 15302 15310 15309 15320 15315 15318 15324 15335 15343 15336 15398 15478 15543 15592 15685 15787 15892 15987 16077 16161 16258 16344 16432 16514 16568 16580 16578 16595 16607 16603 16558 16471 16382 16299 16207 16137 16207 16266 16353 16415 16436 16471 16525 16560 16607 16636 16638 16655 16694 16737 16789 16823 16811 16801 16819 16826 16838 16850 16878 16998 17104
15254 15286 15331 15357 15377 15358 15314 15275 15256 15262 15305 15334 15357 15386 15411 15420 15411 15371 15321 15286 15282 15289 15299 15329 15364 15405 15449 15503 15581 15666 15778 15883 15967 16054 16148 16245 16343 16418 16502 16571 16624 16642 16651 16636 16617 16612 16621 16606 16596 16575 16542 16501 16498 16504 16514 16554 16606 16637 16680 16690 16678 16670 16650 16615 16603 16600 16616 16644 16669 16698 16720 16774 16834 16873 16908 16948 16997
15349 15292 15292 15273 15249 15228 15186 15129 15087 15085 15076 15067 15080 15088 15085 15059 15020 14983 14967 14932 14949 14958 15019 15113 15210 15273 15338 15358 15406 15456 15519 15611 15728 15806 15918 16025 16144 16221 16324 16435 16488 16498 16500 16506 16506 16491 16499 16483 16444 16398 16419 16431 16429 16458 16513 16552 16546 16517 16476 16480 16520 16524 16503 16449 16411 16412 16410 16384 16360 16352 16362 16405 16458 16495 16556 16655 16764
14905 14866 14820 14819 14809 14797 14783 14783 14780 14773 14776 14783 14813 14810 14809 14818 14804 14781 14805 14824 14887 14944 15028 15095 15178 15251 15318 15376 15422 15454 15480 15506 15534 15563 15597 15612 15614 15631 15658 15693 15716 15707 15670 15580 15528 15540 15583 15665 15836 15933 16017 16095 16167 16235 16333 16396 16396 16376 16354 16372 16361 16369 16365 16375 16366 16368 16366 16316 16273 16248 16255 16275 16304 16332 16375 16414 16439
14423 14443 14487 14516 14507 14517 14588 14649 14668 14669 14681 14698 14723 14740 14762 14776 14778 14773 14754 14742 14761 14762 14741 14716 14704 14706 14711 14708 14705 14712 14719 14735 14726 14742 14773 14821 14851 14885 14953 15044 15133 15194 15277 15363 15449 15538 15642 15723 15791 15842 15899 15948 15975 15975 15977 15979 15984 15967 15961 15953 15944 15949 15933 15916 15897 15892 15875 15841 15828 15822 15820 15821 15837 15872 15901 15928 15953
14535 14481 14532 14574 14626 14649 14643 14725 14787 14844 14937 15034 15113 15193 15246 15270 15252 15233 15183 15159 15106 15044 14965 14905 14840 14813 14803 14791 14773 14775 14754 14732 14754 14739 14735 14728 14732 14740 14748 14754 14784 14856 14974 15094 15218 15318 15432 15553 15646 15696 15747 15755 15741 15750 15736 15732 15698 15714 15722 15741 15733 15724 15729 15699 15663 15634 15596 15575 15544 15509 15549 15637 15706 15775 15826 15898 15960
14544 14513 14531 14556 14582 14606 14665 14719 14796 14894 14997 15091 15175 15233 15279 15300 15277 15248 15205 15177 15130 15068 14993 14931 14872 14890 14886 14871 14879 14879 14886 14905 14882 14872 14880 14883 14874 14873 14889 14943 14999 15053 15116 15175 15204 15216 15214 15189 15163 15146 15159 15169 15183 15200 15206 15248 15269 15319 15395 15460 15554 15571 15647 15636 15653 15618 15600 15534 15450 15388 15363 15362 15374 15410 15485 15548 15582
