Alternative/Moon/Lvl0_30x30/Ele_EC.asc
ncols         335
nrows         335
xllcorner     -13342508.343
yllcorner     -6727166.958
cellsize      10000
nodata_value  -9999.0
[rows 0 to 33 of 335, columns 0 to 76 of 335]
29185 29140 29229 29062 28772 28765 28775 28705 28364 28057 27648 27604 27814 27754 27649 26956 26112 25796 25334 24925 24993 25270 25389 25768 25996 26015 26428 26763 26718 26788 26599 26284 26631 26706 26451 26452 26744 26954 27417 26908 26511 25970 25832 26208 26050 25987 26093 26066 26235 26599 27341 27949 28095 27638 26911 27363 27537 28080 28614 28442 27788 27837 27540 27146 26837 26574 26486 25970 25784 25752 24703 25826 25808 25040 24553 24592 24588
28310 28657 28260 28026 28132 28523 28520 28220 28077 28036 27335 27514 27743 27742 27833 27733 27079 26186 25798 25428 25469 25588 25465 25459 25421 25929 26772 26907 26644 26956 26802 26818 26746 26655 25788 26127 26354 26852 27344 26857 26225 25991 25880 25997 25830 25407 25367 25316 25946 26656 27311 28108 28327 28166 27216 27532 27640 28011 28683 28793 28634 28411 27746 27176 26877 26027 25942 25744 25669 25687 26380 26596 26222 24792 24698 24655 24731
27367 27678 27724 27744 27621 27985 27860 28009 27814 27641 27189 27320 27281 27497 27805 27794 27076 26334 26196 25972 25806 25768 25399 25303 25646 26062 26320 26219 26498 27228 27149 26953 26722 26450 26011 26055 26361 26776 26848 26852 26862 26656 26716 26617 26024 25016 25075 24847 25814 26575 26945 27561 27527 27045 26964 26896 27085 27541 28644 28939 28678 28285 27854 27167 26401 25923 25811 25666 25617 26695 27187 26997 26062 24916 24905 25173 25544
26854 27035 26997 26866 26722 26532 27388 27743 27697 27459 27067 26940 26961 27107 27195 26964 26331 26317 26618 26714 26264 25487 25582 25705 25786 25935 25873 25663 26679 27053 26847 26651 26140 25634 25100 25639 26829 27209 27911 27979 27373 27204 27454 27227 26325 25151 24739 24657 25478 26085 26734 27131 27027 26631 26460 26296 26378 27727 28400 28638 28545 28054 27342 27049 26393 25732 25774 26431 26887 27391 27701 27212 26364 25779 25688 25674 26010
25449 25675 25752 25795 25835 26257 27210 27425 27404 27229 26649 26644 26867 27201 27233 26822 26483 26795 26903 26959 26675 26281 26358 26342 26298 26041 26034 26057 26291 26437 26876 26644 26624 25985 26566 27122 27387 27344 27868 27868 27647 27534 27541 27666 27680 27231 26478 25686 25553 24864 25440 26145 26295 26388 25764 25868 26413 27625 28227 28179 27664 27622 27321 27138 25970 25713 26254 27270 27617 28285 28413 27404 26596 25985 25885 26492 26561
24302 24076 24533 24807 25163 26085 26987 27097 26871 26422 26203 26055 26461 26712 26686 26703 26668 26848 26961 26716 26684 26648 26576 26466 26660 26660 26445 26226 26400 26706 26906 27290 27209 27089 27634 28498 28529 27941 27696 27821 28029 27959 27937 28363 28621 28348 27878 26687 26168 25426 25822 26190 26449 26432 26216 26578 27024 27231 27667 27334 26943 26742 26805 26123 26031 26047 26568 27234 27569 28438 28621 28146 27314 26663 26714 26694 26839
23948 23963 23832 23651 24488 25607 26744 26796 26302 25815 25335 25448 26055 26718 26747 26755 26731 26605 26838 26766 26714 26603 26582 26770 26949 26938 26972 26627 26450 26790 27532 27870 27876 27868 28021 28471 28484 28142 27753 28193 28366 27983 27777 28343 28594 28300 28117 27232 26231 25422 25972 26105 26107 25974 26247 26522 26636 26487 26494 26480 26390 26502 26488 26024 26034 25964 26602 27046 27653 28463 28515 28263 27916 27951 28153 27943 27630
23763 23420 22918 22947 23896 25026 26343 26814 26581 25923 25266 25131 25573 25684 25650 25629 25738 26138 26562 26457 26381 26430 26312 26698 26819 26960 26969 26537 26573 26818 27410 27722 27987 28596 28906 28840 28731 28481 27723 28074 28003 27791 27316 27955 28214 28222 28179 27298 26133 25816 25702 25749 25349 25086 25179 25071 25080 25175 25454 25573 25838 26498 26299 26218 26014 26135 26699 27106 27600 28194 28359 28177 28136 28512 28717 28619 28775
22723 23131 23190 22978 23940 24860 26427 26571 26837 26891 26368 25521 24928 24760 24764 24964 25312 25638 25837 25838 25990 26076 26327 26281 26398 26388 26483 26585 26216 26420 27398 27921 27976 28724 28888 28804 28907 28725 27669 27631 27633 27429 27321 27993 27967 27860 27975 27024 25983 25542 25344 24833 24778 25002 24927 24664 24895 25257 25676 25901 26203 26605 26308 26063 25973 26320 26619 26731 27343 27275 27353 27620 28149 29307 29944 30159 30313
22520 23022 23157 23013 23543 23724 25327 26201 26689 26736 26358 25726 25569 24944 24723 25053 25416 25558 25259 25717 25799 26003 26069 25961 25896 25988 26156 26153 26740 27291 27506 27543 28046 28285 28670 28950 28970 28190 26856 26858 26787 26542 26761 27123 27284 27367 27227 26198 24998 25079 24937 25100 25476 25568 25651 25566 25594 25757 26313 26244 26862 26880 26601 26392 25744 25562 25966 26434 27055 27735 27550 28268 28744 29605 29894 30225 30434
22025 22580 22674 23096 23691 24070 24830 25315 25896 26159 26083 25853 25886 25741 25703 26260 26299 26023 26044 25898 25713 25646 25703 25601 26161 26412 26766 26955 27081 27536 27865 28002 28120 28027 28800 28838 28636 27786 27179 27009 27014 26368 26754 27239 27517 27169 26201 26125 26144 26111 25629 25377 25739 25683 25794 25995 25732 26232 26386 26560 26858 26773 26602 26130 25776 25502 25798 26925 28006 28274 28409 29162 29260 29822 30186 30130 30108
21676 22383 22617 22913 23297 23806 23802 24438 25130 25603 25760 25985 26223 26576 26755 26712 26493 25946 25740 25673 25664 25422 25425 25856 26320 26791 26918 27179 27140 27494 27607 27821 27814 28074 28033 28027 27285 27223 27050 27175 27216 26565 26539 27018 26998 26943 26934 26662 26641 26482 25137 25279 25754 25751 25895 25974 25864 26322 26461 26436 26664 26634 26254 25751 25579 25715 25764 27163 28126 28692 29093 29428 29768 30163 30233 29849 29069
21818 21863 22148 22651 22729 23363 23883 24637 25181 25907 26419 26792 26902 27028 26975 26729 26522 26451 26144 25937 25726 25446 25384 25651 26291 26711 27041 27210 27162 27219 27452 27484 27781 28012 27380 27257 26994 26346 26134 26544 26705 26336 26551 26333 26302 26954 26864 26673 26629 26371 26195 25829 25521 25173 25488 25987 26132 26028 26144 26264 26272 26502 26270 25364 25620 25937 25906 26703 27983 28905 29355 29622 29930 30074 30043 29365 29022
21714 21781 21768 22116 22689 23276 23856 24669 25163 26043 26997 27052 27166 27193 27072 26864 26576 26349 26262 26185 26028 25604 25665 26047 26282 26769 26928 27045 26997 27084 27405 27430 27276 27258 27060 26896 26371 25048 25008 25986 26219 26479 26564 26120 26305 26293 26225 26283 26242 26954 26915 26404 26418 25786 25663 26205 26350 26191 26281 26300 26314 26516 26426 25956 25606 25533 25542 26667 27408 29291 30112 30076 30075 29937 29494 29121 28474
21754 21544 22128 22912 23345 22530 22822 23579 24444 26046 26966 27314 27593 27670 27494 26969 26595 26575 26554 26467 26104 26020 26214 26379 26913 27014 26756 26320 25875 26409 26865 26824 26622 26516 26409 26164 25709 25156 25995 26284 26468 26606 26579 26428 26429 26247 26225 26285 26295 27067 27141 26890 26490 25745 25512 26123 26170 26157 26152 25836 25371 26198 26320 26044 25652 25701 26652 27807 28191 29648 30156 30293 30033 29491 29226 28945 28085
21872 22361 22970 23838 24068 23579 22546 23290 24364 25545 26532 27478 27913 27870 27444 27070 26889 26998 27085 26736 26520 26279 26549 26559 27002 27165 26884 26183 25544 25894 25829 25726 25627 25697 25642 25386 25108 25681 26264 26605 26674 26600 26374 26519 26528 26214 26085 26406 26769 27195 27133 26954 26597 25450 24970 25261 25364 24990 25135 25293 25611 25720 25517 25208 25026 26490 27478 28231 28558 29780 30008 29955 29740 29323 29035 28556 27981
22301 22456 22622 23497 24110 23934 23165 23951 25096 25905 26752 28193 28551 27972 27368 27152 27320 27481 27391 27318 27479 27298 26909 26581 26912 26896 26023 25113 24953 25057 24737 24731 24866 24784 24613 24833 25634 26082 26038 26095 26077 25994 26014 26011 26127 26341 26430 26823 27101 27312 27189 26739 26488 25232 24580 24377 24622 24994 25068 25293 25730 25848 25577 24527 24915 26430 27384 28091 28484 29331 29347 29212 29258 29198 28363 28049 27798
22312 22746 23113 23422 23857 24326 24399 24442 25098 26002 27310 28313 28521 28006 27515 27428 27532 27527 27173 27672 27768 27573 27087 26886 26812 26628 26241 25116 25301 25115 24861 24876 24911 24698 24420 25250 25795 26488 26583 25683 25730 25489 25871 26186 26497 26534 26764 26849 26744 27040 27106 26466 25780 24833 24412 24608 24749 24689 25043 25135 25643 25618 25311 24690 24982 25921 26873 27683 28008 28126 28742 28804 28862 28802 28066 27487 26459
22327 22742 23073 23410 23976 24626 24935 25196 25673 26522 27602 28401 28432 27759 27279 27372 27430 27414 26854 26744 26733 26900 26989 27119 26935 26642 26634 26079 25806 25098 24938 24724 24493 24706 24824 25757 26162 26704 26694 25764 25763 25706 25699 25809 26035 26124 26150 26322 26211 26149 25896 25202 24528 24543 24681 25028 25006 24795 25224 25144 25538 25657 25251 25370 25716 25873 26009 26557 26513 27123 27805 28197 28213 28006 27536 26797 25649
22337 22590 23251 24083 24752 25550 25392 25376 25891 26911 27774 28096 27900 27387 27332 26780 26576 26571 25644 25938 26056 26209 26337 26679 26780 26588 26488 26303 26168 25449 25054 24361 24860 25140 25193 26087 26310 26185 26165 26225 26046 26053 26136 26355 26228 25525 25451 25637 25834 25959 25400 24621 24590 24660 24641 25017 24921 24552 24525 24818 25362 25522 25466 25625 26218 26488 25650 25802 26180 26834 27337 27508 27586 27545 26955 25980 25182
22928 23687 24427 25042 25402 26402 26485 25317 25628 26772 27650 27544 27175 26819 26728 26476 26301 26172 25471 25298 25264 25557 26054 26460 26438 26222 26175 26233 26044 26074 25842 25373 25494 25577 25369 26267 26373 26305 26469 26522 26613 26439 26291 26155 26120 25743 25435 25481 25546 25582 25280 24731 24861 24627 24684 24414 24656 24796 24763 24717 24821 25119 25847 26573 26843 26649 26175 26593 26803 27054 26358 26423 26673 26730 26422 25706 25150
23852 24505 25119 25081 25558 26105 25853 24995 24697 25605 25909 26088 26087 26291 26569 26194 26337 26503 25706 24870 24650 24897 25585 26186 26350 26185 25716 25704 25964 25922 25593 25715 26151 26204 25403 25583 25586 26189 26491 26763 26757 25803 24067 23139 24273 25522 25293 25179 25353 25274 24788 24773 24778 24946 24850 24493 24543 24675 24604 24449 24787 25378 26143 26492 26840 26667 27231 27192 27039 27015 26612 25752 25436 25846 26159 25617 24993
25107 26038 26314 26131 26173 26510 25971 24530 24428 24892 25746 26121 25693 25692 25803 25989 26801 26537 24193 22730 24754 25788 25488 26056 26105 25857 25164 25550 25776 25647 25739 25746 26074 26276 26009 25484 25537 25862 26314 26542 26528 24592 22272 21029 22612 24984 25198 25091 25126 24989 24472 24240 24564 24576 24479 24472 24656 24645 24302 24443 24811 25833 26174 26426 26707 26934 27500 27589 27465 26934 26581 26064 25328 25122 25819 25280 24838
26663 27646 28077 27805 26795 26276 25378 24828 25259 25616 25799 26090 25700 25417 25533 26141 26718 26726 24954 24081 25449 26410 26079 26221 25911 24962 24707 24888 25161 25575 25637 25608 25521 26131 26130 25796 25173 25696 25717 26085 26182 25348 23493 23036 24030 25358 25131 24971 24875 24068 24291 24718 24925 24916 24614 24687 24778 24750 24323 24473 24735 25829 26181 26482 26695 27212 27448 27428 27351 26970 26531 26115 25537 25173 25289 25109 24372
28184 28589 28652 28116 26707 26070 25828 26470 26745 26760 25799 24886 24832 24863 25773 26147 26513 26899 27046 26869 26528 26543 26807 26362 25851 24795 24709 24598 24987 25379 25450 25788 25918 26242 26112 25666 24784 24772 24900 24972 25430 25727 25964 25917 26003 25567 24881 24474 24277 24306 24571 25172 25225 24971 24517 24431 24574 24498 24450 24811 24914 25308 25936 26428 26747 26864 26958 27065 27229 27145 26958 26343 25628 25294 25288 25166 24417
28238 28351 27891 26628 25572 26395 26732 27070 27191 26776 26402 25418 24966 25071 25743 26199 26816 26810 27368 27595 27652 27069 26872 25806 24834 24887 25006 25112 25132 25076 24818 25197 25627 25930 25868 24949 23981 23971 24058 24018 24532 25585 26286 26422 26243 25475 24862 24865 24994 24965 24628 24768 24808 24641 24262 24651 24662 24602 24479 24799 24895 24814 25840 26175 26289 26355 26840 27309 27403 27250 27053 26341 25846 25455 25472 24949 24055
27303 27105 26456 25953 26079 26737 27329 27257 27164 26904 26422 26069 25521 25400 25834 26389 26745 26851 27384 27873 28078 27230 26885 25349 24723 24943 25083 25194 25193 25086 24861 24978 25264 25737 25690 24851 23702 23854 24102 24523 25186 25929 26108 26068 25981 25548 25157 24822 25234 25239 24485 24883 24895 24158 24649 25197 25243 24767 24685 24562 24541 25058 25595 26153 26343 26740 27210 27684 27789 27574 26716 26797 26573 26123 25735 24718 23933
26568 26211 25987 25941 25928 26478 27268 27402 27246 26886 25976 25825 25577 25569 25422 26132 26765 26897 27199 27811 27935 27255 26291 25699 25672 25411 25167 25187 24815 24649 24873 24970 24953 24888 24793 23833 23704 23726 24108 24728 25657 25980 25972 25678 25285 24828 24814 24999 25273 25209 25352 25358 25080 24207 25110 25574 25562 25325 25304 25168 25286 25747 26476 26624 26691 26976 27280 27568 27627 28109 28043 27576 27028 26435 25233 23934 23871
26687 26524 25972 25360 24783 25650 26380 26704 26490 25713 25329 25012 25055 24658 25656 26713 27241 27584 27460 27459 27402 26764 26380 25903 25533 25409 25149 24694 24460 24428 24884 25044 25025 24753 24858 24110 23715 24172 24301 25129 25629 25901 25908 25403 25365 25098 25240 25236 24905 25199 25370 25386 24792 24835 25190 25505 25512 25394 25524 25564 25436 26003 26642 26932 26993 27138 27255 27447 27623 28047 27917 27199 26358 25877 25250 24019 23877
27551 26518 26001 25332 25710 25709 25720 25369 25197 24758 24515 24359 24370 24800 25841 26372 26995 27527 27280 27262 26576 26570 26414 26354 26201 25803 25031 24653 24723 25085 25777 25910 25581 25054 24968 24655 24375 24592 24839 24999 25198 25546 25432 24895 25039 25017 25319 25337 25080 25417 25393 24944 25512 25809 25687 25577 25357 25225 25417 25588 26131 26773 26991 27297 27409 27342 27081 27118 27467 27514 27378 26941 26984 26764 26375 24729 24092
27673 26526 25667 25902 26221 26036 25506 24536 24367 24184 24233 24263 24829 25598 26082 26455 26397 26391 26271 25867 25918 26308 26448 26432 26332 26101 25750 25415 24895 25051 25789 25940 25832 25554 25226 24703 24383 24567 25030 25235 25149 25210 25257 25356 25545 25682 25795 25761 25567 25440 25450 25471 25874 26204 26166 25695 25384 25190 25190 25654 26522 26735 26144 26119 27000 27449 27177 26960 27051 27120 26808 27258 27326 26991 26858 25904 24724
27715 27063 26874 25899 25551 25271 25206 24545 24557 25008 25557 25866 25915 26436 26689 26909 27023 26179 25495 25745 25940 26293 26323 26440 26365 26208 26103 25942 25618 25719 26364 26339 26132 25273 24841 24508 24347 24711 25129 25221 25059 24870 24983 25466 25604 25852 25971 25933 25747 25486 25566 25963 26101 26084 25961 25212 24745 25003 25181 26003 26692 26173 23741 23324 25069 27316 27302 26946 26903 26255 26541 26877 26982 27020 27031 26672 26070
27049 26690 26418 25746 25355 25490 25680 25459 26065 26703 26901 26790 26708 26795 26806 26479 26660 26460 26027 26121 26051 26258 26321 26165 26639 26645 26538 26144 26216 25947 26336 26251 26412 25871 25100 24808 24644 24751 24819 24886 24884 24793 24882 25110 25224 25513 25697 25684 25748 25775 25789 25663 25538 25701 25620 25099 25003 25129 25438 25967 26635 26309 24637 24226 25787 27499 27434 26954 26321 25559 26031 26887 26969 27093 27558 27638 27624
26375 26472 25952 25378 25134 25763 25927 25955 26591 26972 26915 26773 26783 26682 26412 26531 27417 27441 26815 26712 26619 26631 26575 26502 26740 26755 26605 26897 26768 26173 26465 26470 25982 25728 25532 25134 25269 25342 25178 24952 24920 24665 25196 25283 25204 25324 25340 25454 25694 25710 25703 25553 25293 25241 25362 25190 25158 25201 25286 25547 25958 26508 26590 26795 27161 27481 27199 27042 26585 25381 25933 26525 26898 28091 28576 28468 28143
