Alternative/Moon/Lvl0_30x30/Ele_BE.asc
ncols         335
nrows         335
xllcorner     -6642508.343
yllcorner     3322833.042
cellsize      10000
nodata_value  -9999.0
[rows 34 to 67 of 335, columns 231 to 307 of 335]
14841 14829 14839 14845 14854 14860 14859 14853 14850 14838 14919 14872 14966 14956 14952 15040 15196 15114 14945 14864 14931 14845 14833 14827 14827 14830 14828 14823 14815 14809 14883 14961 14975 14956 14800 14859 14841 14784 15006 15056 14995 14869 15029 15094 14788 14728 14778 14773 14751 14769 14786 14794 14803 14814 14825 14831 14830 14836 14846 14848 14851 14890 14856 14963 15025 14929 14860 14864 14868 14869 14879 14872 14874 14869 14866 14867 14880
14819 14821 14823 14823 14826 14844 14849 14849 14848 14837 14825 14819 14857 14828 14931 14910 14917 14988 14921 14814 14835 14872 14823 14818 14819 14819 14846 14819 14822 14819 14818 14814 14808 14801 14795 14933 14937 14808 14997 15039 14968 14944 14745 14812 15084 15269 15759 15746 15419 15068 14804 14819 14820 14842 14856 14855 14851 14847 14844 14845 14839 14928 14870 15239 15380 15120 14840 14844 14852 15243 15357 15276 15326 15214 14867 14863 14870
14800 14795 14797 14796 14796 14796 14812 14824 14825 14822 14813 14807 14802 14792 14796 14794 14806 14814 14796 14792 14827 14880 14810 14805 14796 14809 14845 14812 14815 14814 14814 14811 14809 14803 14795 14793 14796 14794 14802 14856 15164 15262 15347 14787 15360 15718 15706 15730 15530 15209 14868 14862 14863 14870 14873 14866 14851 14846 14979 14833 14828 14819 14830 15172 15402 15203 14819 14809 14937 15398 15426 15332 15354 15146 14839 14834 14825
14751 14769 14765 14766 14751 14757 14765 14788 14791 14806 14800 14791 14782 14782 14778 14776 14781 14782 14781 14776 14774 14774 14780 14777 14778 14780 14790 14789 14789 14784 14779 14773 14773 14777 14774 14787 14791 14779 14786 14815 15125 15352 15449 15568 16068 16147 15621 15100 15150 15079 15053 14987 14859 14989 14928 14847 14827 14826 14921 14806 14795 14782 14787 14784 14771 14770 14767 14790 14857 15122 15463 15013 14960 14775 14843 14770 14783
14718 14720 14730 14727 14724 14724 14719 14743 14770 14778 14785 14776 14777 14776 14768 14765 14767 14765 14759 14764 14765 14760 14756 14757 14755 14752 14749 14752 14746 14740 14735 14731 14736 14734 14736 14732 14746 14766 14777 14808 14947 15085 15402 15810 16124 16025 15613 15020 14976 14965 14879 14913 14965 15078 14977 14803 14787 14774 14766 14767 14762 14760 14753 14753 14750 14742 14733 14730 14791 15029 15181 14812 14738 14762 14844 14771 14756
14699 14706 14702 14703 14699 14698 14700 14723 14793 14793 14783 14773 14755 14760 14754 14755 14769 14752 14750 14743 14746 14744 14739 14738 14735 14733 14725 14721 14715 14718 14715 14702 14702 14710 14715 14721 14722 14730 14729 14730 14747 14796 14840 15073 15364 15158 15077 14940 14773 14776 14907 14995 14906 14803 14779 14781 14775 14759 14756 14748 14744 14743 14742 14739 14730 14722 14721 14716 14716 14716 14720 14722 14727 14739 14738 14738 14749
14701 14695 14686 14684 14684 14689 14687 14692 14693 14751 14780 14778 14773 14767 14768 14759 14756 14770 14752 14730 14735 14730 14731 14728 14724 14772 14788 14779 14713 14696 14682 14678 14685 14688 14699 14706 14713 14731 14727 14744 14758 14769 14776 14781 14774 14773 14767 14764 14763 14765 14772 14818 14780 14770 14758 14756 14761 14746 14743 14736 14735 14723 14720 14715 14714 14704 14701 14702 14695 14691 14691 14700 14706 14716 14721 14718 14730
14677 14675 14672 14675 14675 14679 14697 14710 14697 14685 14686 14720 14734 14744 14753 14746 14747 14741 14736 14724 14715 14716 14720 14720 14715 14749 14790 14779 14707 14667 14665 14670 14664 14676 14688 14702 14726 14742 14735 14745 14766 14780 14781 14781 14783 14845 14766 14754 14750 14749 14749 14758 14753 14774 14891 14870 14814 14732 14733 14728 14720 14722 14709 14699 14694 14692 14688 14688 14680 14676 14678 14677 14684 14695 14700 14706 14710
14667 14664 14664 14665 14668 14669 14687 14679 14665 14664 14669 14672 14667 14675 14680 14700 14718 14720 14715 14706 14707 14706 14708 14705 14705 14708 14701 14692 14677 14655 14648 14646 14646 14655 14679 14710 14735 14742 14753 14772 14786 14793 14784 14777 14912 15268 15186 14774 14736 14725 14725 14818 14916 14828 14771 14811 14898 14768 14716 14721 14739 14737 14737 14788 14755 14725 14720 14704 14697 14681 14661 14661 14665 14666 14677 14684 14693
14649 14652 14661 14658 14663 14657 14649 14650 14656 14663 14649 14650 14654 14655 14659 14666 14669 14677 14699 14700 14695 14687 14689 14691 14697 14702 14693 14692 14679 14660 14653 14639 14635 14660 14681 14708 14744 14761 14780 14779 14791 14786 14776 14765 14870 14945 15112 15052 15237 15184 14704 14875 14922 14688 14687 14685 14745 14792 14748 14746 14741 14725 14725 14718 14719 14729 14726 14722 14707 14706 14680 14657 14641 14648 14652 14651 14654
14652 14641 14643 14635 14631 14628 14628 14637 14635 14634 14638 14635 14634 14645 14644 14643 14655 14665 14660 14660 14664 14671 14667 14680 14682 14697 14701 14700 14681 14664 14658 14672 14675 14660 14686 14732 14747 14813 14780 14785 14785 14783 14766 14759 14740 14762 14919 14980 15269 15286 14905 14683 14852 14834 14789 14790 14810 14772 14711 14707 14691 14674 14672 14659 14662 14658 14636 14626 14625 14634 14654 14664 14650 14629 14606 14610 14619
14661 14627 14615 14617 14611 14613 14620 14637 14641 14630 14631 14635 14627 14627 14626 14628 14644 14653 14645 14642 14647 14654 14659 14671 14678 14695 14703 14702 14693 14682 14688 14696 14685 14656 14705 14778 14760 14771 14782 14784 14780 14772 14762 14733 14729 14745 14801 14790 14789 14865 14711 14692 14754 14708 14736 14690 14661 14662 14629 14600 14587 14590 14589 14575 14558 14557 14574 14581 14588 14592 14608 14608 14592 14589 14585 14599 14616
14606 14600 14599 14594 14597 14600 14603 14625 14610 14612 14627 14620 14609 14618 14636 14649 14628 14627 14626 14625 14631 14630 14641 14651 14659 14680 14697 14711 14721 14697 14694 14717 14717 14712 14732 14771 14766 14768 14778 14776 14761 14745 14731 14717 14709 14710 14803 14746 14695 14669 14742 14718 14632 14619 14609 14610 14688 14644 14597 14557 14540 14528 14511 14505 14501 14492 14496 14489 14485 14490 14493 14491 14518 14554 14561 14562 14558
14617 14616 14604 14589 14586 14606 14630 14640 14637 14622 14607 14594 14593 14595 14601 14604 14601 14607 14619 14621 14613 14612 14617 14638 14646 14655 14679 14689 14687 14679 14676 14747 14776 14742 14745 14749 14755 14758 14758 14749 14734 14717 14720 14707 14681 14822 14759 14750 14647 14811 14743 14749 14733 14715 14661 14598 14643 14616 14583 14539 14529 14503 14494 14491 14482 14473 14467 14457 14495 14457 14437 14429 14425 14422 14415 14408 14428
14617 14621 14626 14642 14653 14682 14651 14645 14640 14643 14636 14640 14637 14591 14587 14589 14596 14595 14589 14595 14598 14596 14601 14608 14617 14630 14641 14659 14670 14654 14751 14758 14770 14759 14754 14752 14746 14738 14723 14708 14700 14694 14706 14716 14655 14792 14799 14722 14729 14748 14626 14637 14635 14653 14595 14577 14567 14580 14539 14516 14508 14498 14489 14481 14476 14477 14476 14484 14484 14476 14488 14482 14461 14451 14428 14411 14432
14657 14637 14638 14651 14666 14649 14647 14651 14653 14667 14670 14653 14674 14685 14655 14656 14620 14580 14585 14593 14590 14586 14589 14593 14601 14623 14630 14633 14635 14696 14738 14761 14773 14770 14756 14738 14728 14711 14699 14692 14688 14679 14667 14671 14690 14655 14627 14671 14720 14675 14611 14603 14595 14582 14576 14563 14555 14547 14540 14531 14519 14508 14501 14492 14486 14483 14488 14484 14487 14475 14467 14468 14460 14464 14453 14459 14716
14799 14704 14703 14699 14696 14701 14689 14671 14666 14667 14689 14693 14697 14730 14733 14724 14712 14702 14659 14602 14590 14585 14582 14588 14599 14617 14613 14613 14664 14692 14726 14760 14769 14767 14766 14770 14749 14729 14720 14698 14685 14676 14678 14849 14861 14746 14667 14663 14675 14635 14602 14601 14594 14587 14575 14555 14572 14537 14544 14536 14532 14537 14530 14523 14522 14517 14510 14474 14488 14464 14445 14436 14435 14447 14467 14446 14865
14744 14722 14716 14717 14706 14708 14709 14713 14711 14707 14703 14702 14703 14704 14706 14719 14712 14704 14690 14664 14601 14596 14615 14609 14587 14601 14619 14633 14623 14686 14770 14760 14762 14762 14786 14762 14743 14726 14721 14715 14714 14719 14721 14728 14708 14692 14680 14665 14661 14694 14654 14687 14587 14562 14562 14550 14556 14545 14550 14539 14536 14513 14508 14503 14509 14512 14515 14498 14460 14449 14437 14432 14425 14545 14517 14717 14743
14940 14882 14737 14735 14733 14727 14726 14731 14728 14722 14727 14731 14717 14710 14715 14708 14699 14686 14673 14670 14657 14637 14612 14597 14603 14612 14615 14638 14656 14683 14798 14782 14765 14752 14742 14730 14706 14703 14707 14706 14698 14715 14688 14670 14665 14659 14659 14641 14653 14667 14682 14699 14636 14672 14797 14569 14696 14782 14633 14640 14533 14517 14506 14502 14510 14506 14510 14502 14475 14460 14444 14435 14435 14442 14472 14581 14638
14940 14873 14747 14748 14745 14749 14763 14736 14728 14726 14728 14722 14732 14760 14725 14714 14758 14761 14714 14694 14685 14670 14654 14636 14619 14633 14643 14645 14661 14691 14732 14754 14761 14756 14720 14702 14689 14687 14685 14679 14675 14675 14667 14654 14646 14652 14646 14625 14628 14642 14641 14643 14623 14632 14775 14729 14773 14786 14726 14773 14593 14530 14520 14561 14722 14598 14522 14525 14520 14503 14459 14456 14452 14465 14628 14690 14816
14760 14751 14746 14743 14736 14732 14744 14733 14718 14727 14728 14719 14724 14741 14764 14759 14769 14772 14722 14699 14777 14758 14665 14684 14696 14653 14650 14654 14655 14685 14697 14725 14729 14725 14750 14716 14705 14700 14690 14683 14677 14680 14670 14662 14658 14652 14654 14640 14637 14644 14642 14641 14631 14617 14618 14627 14620 14623 14673 14783 14779 14615 14581 14751 14801 14544 14530 14525 14550 14557 14531 14502 14605 14660 14663 14943 14962
14764 14762 14750 14748 14742 14733 14739 14716 14720 14719 14723 14726 14711 14724 14729 14784 14800 14853 14864 14791 14794 14892 14723 14666 14859 14869 14720 14669 14673 14671 14717 14732 14737 14726 14740 14738 14718 14697 14709 14694 14690 14689 14684 14682 14682 14673 14666 14662 14660 14649 14649 14649 14650 14650 14637 14637 14631 14635 14644 14684 14626 14634 14587 14581 14602 14679 14562 14533 14596 14587 14660 14752 14671 14521 14665 14941 14984
14757 14759 14755 14747 14740 14735 14736 14781 14781 14717 14719 14716 14718 14720 14738 14802 14824 14823 14853 14831 14955 15202 15154 14925 15100 15044 14858 14682 14677 14676 14725 14738 14741 14732 14720 14719 14712 14709 14709 14708 14705 14704 14700 14694 14692 14689 14687 14682 14681 14680 14670 14668 14668 14663 14653 14644 14640 14658 14636 14665 14647 14658 14593 14584 14610 14665 14667 14629 14792 14795 14872 14940 14964 15071 14994 14939 14999
14732 14718 14737 14733 14742 14794 14742 14730 14773 14735 14724 14720 14724 14713 14721 14812 14886 14815 14899 15093 14948 14917 14925 15281 15343 15324 15208 14846 14684 14684 14695 14730 14742 14741 14729 14722 14719 14726 14719 14719 14716 14718 14709 14705 14703 14702 14701 14701 14696 14687 14689 14691 14688 14693 14677 14658 14653 14647 14640 14631 14624 14626 14616 14612 14660 14685 14707 14657 14704 14816 14925 15082 15179 15237 15081 15169 15132
14704 14703 14695 14712 14718 14726 14709 14712 14695 14699 14705 14704 14712 14708 14872 14867 14996 14810 14941 14855 14790 14822 14778 14737 14677 14693 14868 14787 14761 14644 14679 14688 14714 14736 14740 14739 14730 14728 14727 14722 14736 14739 14734 14714 14715 14717 14715 14714 14706 14710 14711 14717 14710 14707 14692 14676 14661 14659 14646 14636 14631 14631 14638 14641 14680 14766 14947 14683 14830 14922 14950 15053 15198 15460 15705 15770 15841
14673 14666 14710 14698 14689 14713 14686 14669 14667 14664 14665 14673 14682 14689 14776 14757 14751 14681 14701 14704 14697 14711 14864 14777 14655 14645 14639 14653 14698 14717 14696 14677 14685 14694 14729 14736 14734 14724 14715 14722 14751 14805 14722 14719 14730 14722 14724 14730 14714 14721 14730 14708 14745 14720 14696 14682 14673 14664 14652 14651 14649 14652 14669 14723 14639 14824 15041 15140 15236 15398 15416 15492 15491 15512 15492 15781 16042
14653 14648 14648 14654 14654 14640 14642 14642 14641 14644 14644 14748 14987 14996 14669 14671 14673 14667 14682 14684 14731 14695 14844 14778 14973 14867 14654 14643 14651 14708 14696 14706 14731 14698 14700 14721 14725 14725 14724 14741 14757 14770 14762 14746 14747 14751 14762 14729 14723 14721 14816 14718 14713 14872 14756 14693 14683 14680 14685 14723 14698 14652 14646 14688 14639 14949 15186 15217 15306 16316 16437 15840 15691 15523 15549 15578 15137
14633 14623 14615 14617 14619 14608 14616 14616 14616 14656 14619 14625 14911 15092 14712 14676 14653 14656 14671 14674 14676 14693 14727 14721 15057 15053 14812 14949 14925 14703 14740 14671 14680 14697 14694 14732 14725 14721 14730 14733 14739 14750 14761 14758 14777 14754 14749 14728 14730 14737 14710 14692 14877 14822 14726 14880 14852 14845 15184 15197 15207 14761 14742 14848 14740 15099 15409 15550 15932 16454 16518 15787 15427 15432 15416 15117 15007
14612 14613 14611 14603 14590 14591 14592 14597 14625 14761 14734 14769 14777 14704 14621 14633 14699 14685 14661 14661 14668 14692 14825 14776 14792 14741 14735 14898 14943 14931 14897 14691 14685 14662 14676 14690 14693 14679 14691 14692 14704 14830 14746 14760 14764 15029 15196 14802 14713 14695 14682 14678 14677 14752 14770 14748 14685 14702 14819 15517 15591 14779 14620 15156 15269 15242 15003 15354 15825 16121 15422 15854 15733 15310 15103 15055 15140
14591 14596 14581 14577 14574 14572 14576 14577 14589 14588 14587 14668 14711 14600 14604 14616 14810 14965 14639 14648 14663 14662 14670 14743 14778 14711 14816 14848 14870 15083 15170 15086 14775 14671 14677 14673 14667 14650 14654 14676 14727 14764 14822 14803 14907 15303 15262 14930 14695 14704 14644 14644 14645 14762 15070 15101 14722 14643 14753 15680 15711 14805 15076 15455 15663 15691 15357 16265 16387 16392 16449 16285 15821 15055 15095 15116 15176
14569 14595 14565 14562 14558 14572 14579 14584 14583 14580 14588 14626 14618 14699 14717 14711 14761 14691 14679 14664 14651 14645 14654 14708 14713 14684 14853 15054 15153 15236 15026 14940 14797 14836 14812 14604 14592 14598 14604 14694 14858 14909 14675 14727 14890 15212 15180 15143 15053 14864 14690 14670 14637 14626 14963 15049 14798 14701 15339 15715 15676 15028 15469 15680 15931 16037 16077 16273 16343 16208 16078 15888 15679 15539 15199 15028 15053
14570 14746 14600 14566 14568 14564 14570 14567 14565 14565 14602 14620 14629 14644 14697 14686 14763 14737 14654 14661 14662 14651 14648 14663 14865 14852 14786 15126 15247 15247 15078 14881 14650 14780 14749 14572 14570 14578 14576 14706 15362 15171 14588 14599 14820 15192 15249 15226 15295 15147 14905 14728 14716 14663 14646 14716 14637 14705 15181 15112 15111 15139 15752 16113 15969 16197 16183 15930 15562 15582 15803 15857 15688 15477 15587 15401 15165
14599 14701 14621 14606 14581 14561 14552 14549 14551 14585 14611 14607 14615 14622 14624 14633 14642 14652 14680 14711 14731 14730 14725 14705 14686 14675 14690 14666 14714 14704 14752 14676 14710 14636 14650 14708 14688 14601 14599 14573 15281 15267 14584 14617 15038 15229 15060 14897 15052 15125 15129 14745 14647 14666 14620 14679 14810 14900 15055 15096 15232 15324 16058 16471 16267 15894 15737 15241 15090 15302 15672 15714 15551 15272 15349 15199 15459
14618 14612 14622 14634 14605 14604 14616 14570 14564 14589 14587 14598 14603 14605 14609 14680 14646 14664 14685 14700 14730 14737 14740 14743 14724 14736 14704 14694 14617 14631 14601 14598 14670 14683 14739 14742 14722 14719 14716 14638 14592 14621 14624 14815 15256 15505 15377 14728 14954 15116 14992 14641 14634 14669 14586 14679 14767 14823 14811 15126 15212 15212 15956 16474 16246 16114 15645 15299 15261 15255 15213 15221 15098 15150 14909 15249 15658
