Alternative/Moon/Lvl0_30x30/Ele_FC.asc
ncols         335
nrows         335
xllcorner     -13342508.343
yllcorner     -10077166.958
cellsize      10000
nodata_value  -9999.0
[rows 272 to 305 of 335, columns 154 to 230 of 335]
16628 16658 16687 16716 16755 16792 16796 16776 16746 16694 16655 16610 16555 16501 16453 16404 16385 16346 16334 16314 16263 16209 16141 16064 16004 15930 15856 15806 15738 15679 15584 15525 15466 15427 15417 15420 15413 15385 15363 15360 15361 15369 15374 15380 15374 15368 15376 15384 15381 15376 15346 15340 15360 15374 15392 15407 15421 15424 15440 15453 15455 15457 15475 15476 15484 15488 15502 15493 15488 15468 15435 15392 15372 15337 15316 15300 15296
16209 16245 16298 16357 16399 16447 16470 16488 16497 16508 16508 16503 16516 16511 16498 16478 16468 16451 16419 16384 16359 16339 16303 16280 16256 16253 16238 16205 16176 16140 16105 16052 16026 15989 15964 15923 15880 15822 15764 15707 15660 15602 15553 15536 15519 15491 15454 15425 15406 15403 15408 15415 15410 15411 15410 15393 15411 15412 15397 15405 15406 15402 15385 15379 15373 15361 15362 15344 15312 15292 15275 15265 15259 15243 15248 15250 15248
16370 16359 16359 16383 16395 16418 16427 16419 16388 16351 16318 16299 16286 16273 16263 16243 16232 16217 16191 16176 16182 16171 16165 16151 16124 16074 16006 15960 15896 15829 15785 15764 15743 15732 15703 15687 15641 15593 15523 15458 15414 15384 15355 15338 15336 15344 15353 15359 15357 15366 15375 15385 15394 15397 15408 15424 15428 15444 15450 15449 15425 15411 15433 15451 15462 15477 15482 15476 15457 15427 15375 15356 15345 15306 15286 15243 15215
16542 16462 16384 16380 16397 16422 16431 16422 16394 16361 16314 16260 16228 16182 16131 16089 16038 15984 15943 15863 15846 15786 15728 15681 15638 15591 15562 15525 15504 15487 15481 15466 15455 15438 15422 15405 15405 15395 15397 15386 15383 15391 15388 15389 15377 15365 15367 15390 15390 15374 15349 15349 15340 15328 15330 15332 15338 15345 15337 15318 15314 15342 15366 15378 15392 15418 15424 15416 15399 15366 15337 15300 15296 15284 15271 15270 15262
16548 16469 16378 16289 16219 16186 16172 16166 16139 16118 16079 16041 16010 15972 15947 15926 15917 15898 15897 15877 15822 15790 15751 15702 15690 15643 15618 15613 15613 15616 15617 15624 15624 15622 15605 15584 15545 15511 15488 15453 15429 15427 15431 15433 15424 15416 15429 15460 15497 15532 15594 15640 15702 15748 15820 15851 15865 15886 15904 15911 15901 15893 15881 15869 15834 15806 15738 15697 15657 15614 15558 15523 15507 15466 15446 15431 15437
16452 16409 16377 16364 16348 16346 16343 16355 16367 16396 16419 16439 16438 16428 16405 16382 16371 16345 16315 16280 16257 16222 16184 16137 16096 16038 15970 15890 15837 15775 15721 15670 15643 15640 15630 15609 15574 15516 15485 15465 15451 15454 15469 15472 15470 15479 15513 15578 15639 15723 15799 15872 15942 16005 16051 16090 16106 16121 16123 16131 16111 16081 16055 16009 15969 15916 15853 15790 15741 15688 15642 15608 15608 15612 15609 15608 15617
16375 16392 16417 16442 16464 16487 16506 16524 16549 16576 16589 16591 16595 16587 16566 16528 16488 16433 16375 16309 16252 16207 16159 16113 16082 16027 15975 15916 15871 15812 15775 15717 15668 15631 15604 15602 15595 15573 15554 15532 15525 15496 15481 15464 15446 15411 15376 15362 15351 15348 15342 15348 15350 15315 15311 15341 15356 15366 15364 15373 15399 15455 15525 15594 15633 15672 15690 15681 15659 15628 15583 15551 15526 15488 15446 15402 15369
16572 16571 16572 16564 16552 16545 16585 16611 16621 16628 16629 16633 16648 16646 16644 16633 16604 16560 16530 16493 16479 16453 16433 16408 16385 16333 16278 16225 16170 16099 16040 15982 15927 15860 15794 15738 15698 15651 15622 15592 15557 15518 15480 15444 15419 15398 15377 15368 15367 15383 15380 15368 15340 15341 15354 15340 15320 15312 15308 15323 15360 15400 15453 15499 15517 15536 15534 15533 15508 15476 15459 15433 15420 15396 15371 15347 15318
16667 16631 16592 16575 16577 16585 16590 16593 16594 16613 16619 16642 16654 16667 16670 16692 16703 16716 16733 16759 16783 16790 16784 16776 16759 16737 16699 16657 16612 16529 16458 16382 16308 16218 16143 16071 15994 15925 15857 15790 15734 15663 15599 15523 15474 15433 15376 15352 15347 15348 15340 15332 15332 15314 15308 15295 15292 15286 15274 15277 15272 15279 15270 15274 15272 15251 15245 15243 15249 15236 15228 15251 15251 15221 15219 15200 15205
16847 16791 16732 16684 16650 16609 16611 16619 16620 16627 16646 16669 16677 16681 16681 16700 16719 16735 16754 16777 16801 16803 16794 16780 16769 16749 16726 16703 16670 16616 16543 16512 16463 16406 16341 16266 16192 16107 16015 15931 15861 15779 15715 15642 15599 15552 15533 15513 15483 15452 15435 15420 15415 15395 15376 15353 15335 15316 15307 15296 15289 15278 15271 15274 15277 15278 15262 15265 15256 15251 15269 15250 15233 15230 15201 15194 15212
16879 16811 16737 16674 16624 16564 16510 16460 16425 16409 16402 16408 16403 16393 16382 16379 16360 16342 16328 16324 16322 16335 16367 16387 16401 16432 16434 16438 16429 16419 16386 16363 16325 16276 16237 16198 16153 16091 16065 16036 16009 15977 15934 15884 15861 15884 15901 15900 15904 15890 15848 15824 15782 15770 15733 15697 15678 15652 15647 15635 15615 15605 15579 15561 15560 15523 15513 15510 15517 15526 15528 15547 15557 15575 15578 15594 15631
16439 16417 16353 16309 16273 16230 16199 16154 16147 16149 16147 16136 16133 16118 16095 16062 16016 15981 15953 15949 15958 15962 15972 15980 16003 16017 16035 16043 16040 16042 16021 16026 16024 16033 16050 16048 16052 16049 16044 16023 16011 15997 15984 15970 15964 15960 15957 15950 15955 15974 15995 16017 16025 16030 16032 16025 16020 16005 16001 15998 15993 15983 15963 15942 15913 15895 15865 15824 15795 15781 15791 15794 15785 15772 15760 15774 15795
16556 16480 16394 16315 16253 16178 16120 16053 16015 15962 15924 15910 15893 15863 15847 15832 15822 15812 15793 15794 15811 15816 15822 15824 15831 15839 15840 15852 15865 15875 15878 15885 15885 15883 15877 15908 15925 15930 15935 15940 15941 15947 15959 15979 15988 16002 16013 16014 16013 16009 16012 15998 16001 15997 15991 15982 15956 15930 15926 15917 15898 15852 15784 15728 15669 15618 15615 15646 15699 15733 15783 15812 15823 15826 15816 15792 15762
16311 16250 16200 16136 16101 16055 15992 15942 15890 15847 15801 15760 15751 15742 15740 15731 15728 15736 15742 15743 15739 15750 15749 15753 15761 15766 15746 15745 15755 15788 15810 15816 15816 15825 15869 15904 15930 15966 15999 16038 16071 16101 16129 16147 16157 16157 16143 16119 16094 16059 16011 15968 15939 15897 15849 15807 15770 15730 15697 15677 15654 15631 15611 15612 15625 15643 15628 15617 15628 15621 15613 15603 15583 15547 15523 15490 15467
16023 15967 15904 15859 15831 15804 15774 15739 15727 15702 15696 15694 15685 15676 15669 15659 15648 15627 15616 15600 15586 15563 15559 15556 15553 15563 15578 15558 15553 15564 15588 15623 15633 15652 15653 15662 15670 15677 15707 15717 15742 15767 15794 15814 15842 15856 15861 15866 15856 15837 15809 15768 15718 15674 15619 15587 15554 15534 15512 15473 15448 15415 15398 15380 15371 15375 15372 15354 15342 15335 15322 15313 15309 15296 15289 15269 15265
15881 15854 15801 15749 15699 15651 15622 15568 15528 15498 15469 15436 15419 15398 15394 15403 15407 15395 15375 15359 15331 15305 15298 15298 15301 15303 15295 15292 15292 15299 15298 15298 15304 15310 15314 15316 15318 15327 15332 15329 15330 15331 15330 15339 15345 15344 15346 15354 15364 15374 15401 15417 15424 15434 15435 15429 15427 15414 15394 15379 15379 15374 15365 15362 15363 15363 15360 15358 15359 15363 15364 15371 15387 15405 15418 15428 15428
15693 15679 15648 15609 15576 15532 15490 15449 15424 15391 15357 15341 15328 15316 15316 15313 15312 15293 15280 15281 15286 15287 15288 15280 15284 15286 15281 15290 15290 15293 15299 15301 15302 15303 15307 15310 15315 15313 15309 15313 15318 15317 15315 15316 15321 15319 15324 15331 15331 15336 15335 15335 15333 15347 15355 15345 15355 15351 15356 15364 15360 15360 15369 15372 15376 15380 15379 15378 15380 15383 15379 15380 15379 15387 15402 15419 15438
15647 15638 15620 15592 15568 15556 15555 15554 15548 15544 15537 15525 15516 15508 15501 15495 15495 15492 15472 15458 15458 15460 15467 15486 15494 15507 15508 15509 15502 15481 15461 15436 15421 15397 15373 15356 15347 15331 15325 15319 15319 15326 15325 15325 15330 15333 15328 15332 15319 15321 15326 15334 15339 15344 15346 15374 15350 15357 15361 15374 15389 15414 15450 15484 15514 15550 15587 15620 15644 15666 15674 15691 15701 15695 15706 15706 15713
15472 15474 15471 15471 15477 15485 15495 15515 15529 15549 15552 15549 15540 15528 15522 15527 15527 15518 15504 15498 15498 15509 15519 15517 15512 15496 15478 15477 15466 15469 15457 15444 15423 15414 15408 15419 15432 15446 15459 15466 15477 15484 15485 15469 15453 15416 15386 15355 15332 15324 15338 15362 15415 15467 15516 15558 15588 15630 15671 15717 15767 15792 15836 15859 15895 15933 15983 16015 16038 16068 16087 16117 16135 16146 16162 16163 16160
15274 15285 15305 15317 15329 15342 15357 15377 15389 15409 15433 15452 15467 15486 15494 15504 15505 15506 15511 15520 15528 15533 15537 15538 15533 15520 15510 15499 15497 15495 15493 15485 15488 15480 15484 15485 15483 15484 15475 15461 15458 15486 15486 15474 15461 15459 15462 15455 15451 15453 15448 15447 15447 15462 15506 15542 15573 15614 15658 15698 15739 15767 15808 15850 15882 15930 15972 16007 16029 16057 16072 16084 16099 16117 16131 16139 16140
15241 15252 15256 15255 15256 15253 15264 15294 15322 15329 15342 15357 15357 15368 15388 15410 15418 15434 15444 15455 15466 15489 15492 15518 15525 15524 15535 15551 15553 15549 15561 15562 15564 15561 15565 15568 15578 15591 15581 15572 15564 15590 15608 15603 15600 15615 15618 15600 15609 15614 15593 15582 15603 15611 15613 15587 15568 15538 15530 15532 15542 15535 15527 15505 15494 15496 15518 15544 15567 15618 15653 15700 15721 15759 15782 15784 15789
15474 15444 15413 15381 15360 15354 15357 15359 15364 15372 15386 15393 15403 15414 15449 15468 15502 15550 15582 15619 15642 15670 15689 15692 15692 15708 15730 15746 15753 15760 15764 15761 15756 15753 15753 15753 15753 15751 15753 15760 15762 15758 15760 15763 15753 15758 15755 15737 15748 15759 15772 15768 15760 15755 15757 15727 15719 15718 15711 15707 15721 15743 15787 15830 15859 15876 15912 15923 15925 15939 15971 16008 16042 16110 16182 16250 16302
15794 15795 15795 15798 15806 15817 15831 15851 15869 15886 15909 15917 15930 15938 15945 15957 15963 15974 15987 15999 16005 16020 16032 16056 16061 16085 16082 16083 16072 16072 16066 16047 16045 16025 16007 15990 15981 15966 15949 15929 15946 15955 15953 15945 15925 15915 15885 15866 15852 15837 15816 15793 15778 15753 15731 15717 15705 15704 15703 15692 15703 15729 15758 15784 15804 15815 15830 15839 15847 15862 15875 15899 15930 15974 16013 16071 16124
15846 15851 15863 15870 15876 15897 15923 15951 15967 15993 16014 16035 16055 16084 16118 16150 16177 16203 16238 16265 16288 16310 16328 16350 16364 16388 16418 16416 16436 16442 16449 16440 16442 16427 16413 16391 16369 16343 16312 16279 16257 16229 16192 16151 16117 16072 16027 15986 15954 15921 15890 15851 15826 15797 15768 15754 15746 15727 15707 15694 15681 15673 15668 15659 15650 15625 15615 15614 15608 15610 15635 15656 15683 15718 15760 15789 15840
16532 16526 16531 16541 16552 16557 16568 16584 16604 16621 16655 16696 16727 16750 16773 16771 16766 16757 16731 16709 16693 16661 16640 16612 16601 16585 16569 16560 16553 16539 16526 16513 16505 16496 16488 16475 16473 16463 16450 16428 16406 16391 16385 16380 16376 16364 16351 16332 16331 16331 16310 16301 16302 16310 16306 16323 16347 16337 16364 16349 16355 16369 16382 16405 16419 16421 16469 16489 16513 16517 16519 16545 16610 16702 16785 16832 16944
16745 16741 16747 16756 16763 16774 16782 16796 16807 16827 16852 16874 16892 16907 16909 16929 16944 16954 16962 16973 16972 16970 16961 16946 16936 16919 16900 16873 16851 16841 16828 16824 16822 16823 16826 16846 16856 16891 16928 16962 16994 17008 17033 17052 17058 17015 16991 17029 17054 17117 17132 17144 17164 17192 17215 17236 17272 17312 17326 17358 17396 17458 17513 17530 17586 17640 17680 17751 17788 17850 17902 17985 18003 18064 18130 18208 18247
17252 17282 17301 17314 17337 17358 17366 17410 17426 17458 17491 17545 17585 17628 17687 17727 17755 17794 17829 17852 17870 17899 17905 17918 17929 17928 17929 17917 17908 17898 17874 17854 17843 17814 17790 17765 17763 17761 17755 17758 17752 17731 17721 17707 17708 17701 17714 17750 17777 17814 17850 17897 17936 17983 18018 18055 18094 18135 18186 18243 18283 18336 18389 18445 18494 18550 18618 18682 18738 18800 18874 18939 19013 19077 19159 19241 19290
17190 17237 17303 17358 17403 17446 17497 17549 17598 17679 17743 17800 17857 17919 17968 18026 18077 18130 18162 18218 18258 18318 18368 18432 18489 18539 18574 18609 18623 18619 18614 18597 18569 18528 18491 18438 18406 18355 18321 18310 18308 18309 18311 18319 18305 18315 18309 18314 18317 18325 18342 18371 18395 18429 18449 18495 18540 18589 18647 18698 18746 18790 18842 18890 18924 18976 19039 19096 19138 19188 19244 19295 19343 19404 19462 19518 19566
15731 15828 15932 16044 16161 16267 16391 16528 16612 16731 16877 16999 17080 17233 17363 17477 17591 17701 17821 17926 18018 18122 18217 18299 18371 18429 18486 18525 18536 18553 18586 18595 18593 18572 18560 18552 18543 18535 18533 18529 18523 18521 18527 18524 18539 18551 18573 18607 18622 18631 18644 18660 18688 18734 18790 18841 18889 18937 18991 19045 19095 19155 19202 19233 19255 19291 19324 19354 19380 19397 19431 19463 19516 19557 19605 19652 19679
16487 16615 16712 16800 16887 16989 17091 17198 17291 17382 17479 17569 17640 17720 17798 17862 17921 17978 18030 18070 18099 18140 18175 18209 18239 18259 18281 18305 18323 18335 18346 18353 18353 18358 18352 18358 18357 18361 18366 18364 18368 18375 18404 18435 18462 18498 18540 18581 18625 18677 18724 18767 18811 18863 18928 18994 19047 19113 19168 19227 19273 19319 19355 19385 19408 19429 19440 19447 19452 19467 19480 19491 19492 19502 19511 19513 19521
17920 17867 17838 17837 17819 17798 17793 17775 17778 17788 17817 17847 17880 17915 17964 18001 18044 18110 18168 18228 18277 18325 18368 18405 18432 18458 18479 18480 18483 18502 18532 18570 18607 18617 18638 18678 18696 18729 18728 18746 18770 18752 18794 18755 18746 18784 18827 18887 18906 18933 18999 19054 19089 19122 19189 19260 19275 19339 19377 19414 19435 19447 19448 19447 19447 19451 19466 19472 19476 19478 19485 19499 19503 19518 19528 19532 19538
18228 18250 18254 18284 18299 18328 18357 18340 18344 18362 18360 18338 18316 18333 18325 18344 18383 18406 18450 18486 18572 18600 18678 18717 18791 18846 18939 18996 19035 19098 19175 19210 19262 19307 19318 19335 19345 19360 19350 19339 19332 19313 19293 19283 19270 19270 19272 19269 19265 19272 19279 19291 19320 19335 19364 19374 19390 19403 19421 19433 19437 19442 19439 19440 19443 19439 19455 19462 19472 19485 19501 19515 19523 19530 19534 19524 19516
18631 18620 18616 18619 18620 18613 18613 18603 18603 18599 18597 18592 18587 18596 18602 18608 18625 18641 18648 18675 18699 18749 18796 18844 18893 18958 19003 19069 19133 19168 19218 19268 19288 19327 19366 19364 19381 19385 19390 19380 19379 19364 19353 19337 19324 19301 19286 19271 19263 19259 19254 19241 19234 19222 19212 19210 19202 19207 19212 19215 19217 19218 19217 19210 19210 19251 19296 19328 19358 19378 19409 19422 19441 19443 19458 19449 19460
18497 18489 18461 18460 18440 18428 18401 18369 18360 18368 18369 18379 18382 18375 18417 18446 18470 18495 18509 18556 18593 18636 18684 18729 18768 18822 18883 18931 18982 19032 19090 19128 19175 19210 19244 19272 19287 19296 19299 19301 19301 19301 19293 19284 19300 19316 19345 19376 19400 19437 19461 19502 19523 19565 19591 19612 19634 19663 19682 19694 19710 19729 19741 19751 19757 19765 19775 19782 19785 19790 19794 19799 19807 19814 19823 19843 19854
