Alternative/Moon/Lvl0_30x30/Ele_AB.asc
ncols         335
nrows         335
xllcorner     -16692508.343
yllcorner     6672833.042
cellsize      10000
nodata_value  -9999.0
[rows 272 to 305 of 335, columns 77 to 153 of 335]
15942 15932 15930 15903 15917 15924 15892 15903 15921 15951 16057 16131 16164 16213 16229 16286 16500 16736 17063 17441 17684 17691 17715 18133 18562 18773 19122 19599 20003 20333 20803 21273 21720 22075 22429 22707 23249 23604 24036 24128 24056 23928 23793 23688 23678 23628 23625 23882 24240 24391 24596 24832 25084 25138 25042 25433 25756 25790 25731 25698 25551 25399 25408 25545 25578 25246 24776 24171 23708 23403 23078 23013 23023 23030 23063 23166 23360
15969 15996 15876 15866 15885 15918 15960 15870 15886 15902 15931 15984 16037 16073 16078 16164 16309 16396 16524 16740 17145 17508 17841 18209 18305 18411 18819 19211 19837 20287 20691 20953 21040 20970 21250 21723 22078 22378 22738 23189 23593 23678 23735 23699 23645 23603 23528 23685 24039 24240 24621 24890 24898 24994 25297 25487 25774 25893 25850 25815 25737 25753 25754 25712 25511 25210 24823 24370 24021 23574 23336 23174 23233 23247 23196 23282 23538
15924 15905 15855 15979 16002 15950 15916 15958 16009 16007 16008 16175 16251 16221 16247 16054 16069 16115 16281 16736 16899 17160 17426 17604 17845 18118 18432 18861 19444 19945 20491 20780 21084 21119 21157 21309 21317 21345 21363 21504 21997 22580 23272 23516 23533 23412 23345 23679 23994 23997 23781 24153 24721 25140 25406 25478 25538 25554 25668 25600 25420 25461 25586 25407 25274 25069 24974 24912 24708 24429 23947 23717 23569 23381 23330 23249 23231
15871 15858 15837 15984 16004 15927 15958 16202 16235 15910 15205 14750 15058 15621 16164 16273 16154 16144 16398 16740 16665 16488 16351 16582 16989 17487 18009 18240 18505 18744 19172 19600 20424 20819 21131 21152 21206 21228 21320 21364 21561 22071 22503 23112 23449 23459 23131 22855 23359 23797 24188 24929 25300 25312 25274 25140 25204 25476 25616 25610 25405 25377 25411 25398 25260 24968 24694 24643 24617 24592 24398 24131 23898 23654 23450 23126 23098
15874 15875 15850 15858 15896 15876 15955 16114 16234 16152 15960 15374 14967 15080 15614 16246 16150 16360 16526 16319 15529 15082 14894 14952 15355 16063 17104 17691 17744 17752 17891 18554 19396 20004 20492 20582 20731 20720 20849 20986 21425 21794 22230 22736 22851 22636 22549 22662 23316 23741 24179 24916 25273 25311 25227 25345 25382 25414 25517 25571 25697 25804 25978 26068 26075 25902 25397 24782 24290 24497 24390 24122 24237 24159 23640 23320 23311
15883 15870 15855 15861 15861 15856 15810 15800 15833 15972 16039 16019 15944 16080 16088 16032 15968 16189 16331 16245 15983 15600 15604 15891 16379 16842 17321 17547 17555 17519 17478 17726 18120 18834 19291 19426 19597 19791 19878 20193 20808 21052 21402 22166 22462 22437 22463 22477 22826 23191 23241 23692 24403 24880 25132 25136 25117 25049 24969 25277 25760 26035 26299 26370 26294 26210 25738 24875 24235 23956 23952 24213 24294 24224 23872 23676 23503
15921 15892 15878 15880 15885 15895 15817 15809 15836 15975 16015 15903 15830 15821 15828 15765 15773 15857 15985 16272 16367 16330 16517 16647 16729 16884 16959 16984 16915 16867 17205 17556 17785 17874 18081 18473 18935 19545 19912 20120 20426 20648 20966 21392 21682 21930 22256 22423 22334 22153 22567 22809 23467 24271 25004 25130 25288 25340 25471 25542 25682 25711 26041 26242 26126 26110 25673 25215 24944 24797 24517 24510 24490 24362 24166 23970 23711
15975 15976 15857 15787 15737 15745 15865 16055 16180 16209 16166 16072 15872 15802 15782 15758 15732 15722 15732 15740 15754 15797 15951 16094 16066 15999 16009 16034 16286 16563 16970 17210 17391 17651 18147 18522 18868 19068 19397 19752 19957 20313 20660 20765 21011 21289 21656 21746 21795 21686 22133 22593 22966 23688 24687 25217 25305 25538 25758 25722 25678 25742 25984 26039 25950 25800 25816 25707 25400 25159 25434 25613 25578 25240 24751 24390 24184
16550 16517 16373 16220 15979 15932 16117 16319 16587 16625 16466 16069 15971 15797 15799 15768 15730 15721 15720 15735 15737 15747 15715 15694 15732 15756 15734 15747 15718 16000 16185 16424 16897 17113 17382 17795 18386 18705 19184 19829 20051 20468 20648 20643 20930 21250 21491 21523 21479 21693 22241 22535 22780 23362 24389 25301 25634 25636 25565 25679 25783 26022 26180 26199 26146 26038 25847 25696 25460 25369 25503 25662 25629 25365 24996 24700 24514
18219 17942 17657 17153 16632 16665 16791 16576 16457 16403 16135 15902 15858 15782 15781 15760 15739 15739 15720 15705 15700 15717 15704 15639 15607 15590 15582 15698 15698 15723 15881 16370 16573 17065 17608 18138 18665 19080 19313 19502 19788 20102 20281 20660 20710 20712 20855 20857 21137 21798 22405 22863 23125 23565 24407 25299 25583 25590 25571 25707 25854 26018 26095 26232 26338 26155 25695 25295 25258 25370 25495 25496 25539 25432 25068 24725 24474
19419 19339 19332 18931 18213 17661 16854 16356 16068 15944 15834 15791 15771 15766 15758 15738 15766 15815 15787 15741 15711 15674 15658 15632 15577 15544 15588 15721 15672 15717 15801 16012 16548 17020 17706 18144 18686 18947 19261 19446 19353 19399 19814 20087 20153 20102 19944 20490 21396 22303 23159 23533 23604 23638 23781 24082 24320 24789 25389 25415 25480 25589 25666 25783 25913 25899 25660 25598 25496 25428 25367 25453 25557 25537 25343 25135 24781
19826 20310 20691 20438 19683 18711 17415 16349 15938 15876 15847 15818 15786 15762 15747 15752 15864 15798 15793 15837 15781 15702 15660 15629 15592 15595 15516 15637 15615 15622 15539 15777 16051 16577 17303 17671 17993 18387 18666 18739 18823 19101 19264 19402 19409 19407 19829 20551 21581 22366 23182 23578 23667 23734 23811 23753 23582 23761 24594 25318 25447 25275 25149 25335 25467 25442 25485 25655 25744 25799 25743 25564 25133 25097 24860 24846 24578
19651 20338 20716 20447 19677 18703 17422 16432 16055 15914 15848 15841 15810 15784 15751 15756 15890 15869 15574 15785 15801 15695 15655 15617 15599 15590 15502 15459 15477 15496 15447 15752 15879 16279 16774 17050 17332 17858 18387 18542 18724 18819 18977 18998 19290 19390 19664 20310 21123 22015 22832 23333 23553 23629 23700 23640 23376 23802 24720 25263 25405 25184 25231 25172 25201 25125 25131 25340 25633 25747 25684 25577 25229 25015 24768 24859 24821
17997 18514 18966 19110 18863 18610 17720 16872 16274 16001 15949 15899 15924 15869 15805 15889 15896 15784 15768 15703 15651 15597 15532 15496 15472 15477 15516 15645 15673 15702 15679 15729 16164 16497 16590 17024 17509 17779 18282 18304 18749 18980 19028 19155 19404 19706 19849 19953 20495 21189 22148 22876 23052 23113 23358 23289 23208 23747 24792 25388 25517 25498 25669 25714 25612 25283 25026 25285 25665 25728 25629 25337 25057 24974 24791 24736 24671
16092 16428 17102 17950 18655 18664 17978 16819 16103 16235 16337 16286 16091 16017 15915 15882 15855 15825 15811 15651 15583 15527 15471 15420 15408 15512 15758 15852 15886 15758 15610 16053 16405 16715 17039 17360 17666 18050 18300 18258 18737 19044 19070 19077 19350 19565 19806 19993 20327 20964 21857 22408 22654 22822 23151 23677 24118 24426 24678 25060 25430 25542 25743 25753 25615 25365 25309 25170 25459 25507 25453 25297 25210 25079 24588 23989 23967
15883 15895 16021 16303 16281 16214 16227 16148 16281 16453 16537 16524 16441 16420 16408 16418 16219 15949 15717 15623 15531 15472 15427 15373 15350 15405 15591 15763 15766 15568 15697 16236 16518 16701 16908 17335 17817 18175 18266 18478 18839 19007 19124 19178 19344 19572 19832 19930 20224 20589 21177 21801 22315 22946 24057 25136 25362 25283 25074 24903 24941 25121 25237 25309 25307 25319 25274 25120 25290 25538 25565 25280 25112 24768 24296 24191 24120
15904 15891 15882 15865 15870 15879 15957 16199 16510 16523 16100 15338 14766 15018 16057 16397 16398 16134 15750 15609 15526 15463 15415 15364 15348 15340 15386 15445 15449 15533 15689 15965 16157 16492 16743 17177 17548 18085 18161 18466 18886 19146 19250 19300 19250 19230 19540 19790 20174 20633 21294 21934 22433 23282 24379 25201 25366 25292 25205 24904 24728 24707 25079 25372 25430 25387 25077 25082 25161 25462 25463 25039 24401 24099 24032 24040 23963
15908 15908 15913 15916 15911 15930 16004 16213 16545 16512 15615 14565 13931 14138 14971 16102 16409 16273 15826 15659 15576 15497 15440 15388 15342 15320 15324 15382 15398 15323 15383 15502 15894 16270 16639 16838 17044 17527 18207 18638 19077 19238 19336 19315 19225 19090 19367 19941 20221 20413 20899 21856 22879 23933 24681 24936 24890 24909 25175 25389 25420 25164 24918 25213 25134 25212 25280 25302 25334 25289 25049 24660 24135 23891 23737 23722 23610
15880 15885 15888 15915 15918 15926 15949 16063 16310 16482 16459 16377 16364 16388 16417 16334 16186 15903 15701 15584 15535 15471 15448 15403 15363 15347 15305 15308 15361 15395 15559 15799 16037 16423 16739 17053 17379 17745 18266 18584 18892 18993 19042 19085 19094 19159 19771 20170 20246 20541 21329 22409 23594 24386 24749 24682 24474 24430 24793 25346 25336 25161 24864 25107 25190 25240 25051 25205 25404 25394 25154 24608 24596 24602 24621 24692 24577
15848 15868 15883 15892 15898 15905 15912 15916 15949 15986 16050 16071 16188 16207 16114 15943 15771 15689 15601 15522 15482 15463 15436 15404 15406 15387 15377 15391 15317 15417 15607 15751 15985 16422 16849 17296 17470 17597 17618 18006 18581 18871 19064 19211 19383 19557 20117 20897 21483 21709 22241 23124 23961 24739 25079 25031 24574 24079 24500 24897 24864 24960 25027 25347 25558 25581 25378 25328 25226 25123 25259 25303 25169 25127 25124 25401 25475
15993 16000 15920 15893 15899 15897 15892 15913 15911 15885 15871 15849 15816 15784 15767 15715 15662 15636 15612 15530 15485 15467 15457 15437 15405 15422 15378 15443 15472 15461 15649 15775 15930 16232 16552 16751 17043 17530 18364 18784 18798 18918 19156 19413 19828 20136 20770 21801 22626 22997 22994 23220 23898 24576 24787 24667 24782 24971 24910 24870 25047 25254 25412 25716 25872 25835 25692 25379 25606 25688 25696 25649 25471 25335 25423 25563 25544
16048 16052 16101 16113 16035 15979 15925 15878 15847 15820 15843 15836 15804 15778 15757 15726 15657 15619 15602 15588 15520 15497 15482 15395 15486 15742 15750 15594 15591 15581 15736 16092 16504 16591 16996 17477 17770 18350 19006 19270 19379 19520 19552 19812 20374 20518 20960 22015 22854 23159 23169 23253 23685 24244 24790 25397 25724 25767 25787 25463 25644 25931 26204 26268 26267 26122 26027 25829 25683 25784 25854 25762 25490 25523 25645 25737 25746
16338 16357 16346 16262 16210 16211 16181 16124 16057 15968 15964 15924 15857 15802 15731 15695 15655 15633 15608 15619 15564 15521 15483 15448 15580 15794 15796 15751 15871 16063 16308 16498 16676 17146 17645 18277 18888 19318 19703 20044 20458 20571 20678 20780 20759 20755 20884 21440 21725 21954 23013 23642 24127 24667 25310 26009 26225 26235 26063 25646 25848 26196 26460 26641 26670 26622 26229 25848 25649 25487 25381 25332 25447 25432 25388 25211 25185
16356 16371 16388 16422 16420 16375 16346 16278 16257 16283 16302 16208 16056 15968 15864 15798 15744 15733 15668 15615 15577 15576 15631 15724 15836 15944 15976 15914 16098 16274 16412 16959 17639 18120 18764 19489 20102 20337 20635 21072 21204 21234 21051 21078 20947 20852 20977 21415 22393 23238 24431 25232 25548 25790 26177 26508 26450 26092 25725 25682 26022 26119 26717 26784 26732 26547 26063 25677 25451 25367 25257 25178 25133 25233 25309 25251 25199
16368 16356 16351 16409 16424 16411 16390 16386 16358 16349 16438 16449 16356 16254 16113 16024 15935 15883 15781 15720 15700 15718 15844 15910 16049 16118 16170 16245 16423 16824 17411 18016 18853 19431 19869 20092 20308 20471 20838 21322 21510 21507 21314 21478 21470 21477 21938 22759 23773 24603 25639 26229 26362 26486 26546 26442 26350 25763 25432 25671 26116 26469 26750 26764 26554 26466 26072 25640 25272 25221 25284 25286 25377 25193 25267 25222 25421
16425 16412 16373 16360 16350 16346 16360 16378 16376 16358 16380 16459 16469 16448 16418 16380 16199 16047 15955 15883 15845 16052 16294 16598 16801 16854 16736 16747 17019 17419 17879 18678 19416 19629 19924 20043 20578 21177 22110 22717 22730 22216 22223 22439 22766 22947 23586 24513 25534 26219 26410 26562 26617 26564 26539 26459 26208 25976 25579 25487 25674 25973 26424 26526 26353 26020 25986 26148 26137 26078 25972 25682 25521 25386 25494 25521 25529
16459 16430 16398 16386 16375 16374 16373 16389 16385 16354 16347 16350 16332 16329 16423 16416 16383 16220 16221 16415 16582 16747 17116 17258 17275 17558 17630 17563 17600 18031 18730 19628 20463 20808 20868 20845 21657 22401 22894 23450 23640 23612 23595 23553 23888 24084 24818 25775 26283 26423 26395 26511 26676 26751 26497 26159 26153 26005 25708 25703 25589 25674 26155 26100 25959 25921 25939 25920 25893 25857 25833 25929 25890 25542 25501 25536 25501
16441 16447 16445 16436 16441 16452 16458 16430 16433 16444 16422 16454 16421 16417 16416 16493 16593 16800 16929 16938 17057 17112 17312 17585 17918 18241 18467 18519 19067 19544 20014 20432 20761 21235 21521 21683 22203 22749 23138 23525 24148 24315 24463 24484 24662 25285 26188 26832 26911 26928 27031 27009 26810 26628 26271 26079 26075 26163 26311 26515 26506 26512 26471 26417 26150 26319 26335 26177 26040 25945 26015 26092 25940 25637 25505 25582 25534
16371 16398 16424 16442 16456 16462 16450 16434 16447 16451 16422 16427 16349 16352 16411 16755 17090 17342 17493 17560 17668 17764 18194 18480 18577 18850 18967 19529 19970 20204 20590 21098 21145 21523 21942 22048 22253 22692 23547 24363 25013 25174 25552 25567 25584 26285 27223 27551 27191 27133 27105 27006 26628 26470 26367 26170 26250 26421 26581 26669 26687 26571 26464 26390 26351 26369 26236 25800 25821 25748 25694 25644 25472 25431 25327 25232 25155
16292 16299 16313 16345 16343 16336 16343 16403 16390 16386 16464 16661 16663 16500 16692 17226 17668 17839 18119 18230 18341 18731 19130 19172 19516 19976 20166 20182 20757 21012 20991 21143 21472 21786 22048 22050 23010 23844 24771 25844 26638 26888 27141 27561 27867 27897 27678 27563 27030 26958 26878 26789 26669 26348 26310 26341 26350 26473 26557 26546 26604 26405 25814 25744 26047 26171 25857 25710 25631 25578 25609 25496 25213 25132 25139 25043 24976
16289 16292 16307 16328 16433 16497 16557 16553 16743 16964 17175 17416 17660 17825 17877 17908 18136 18571 19163 19432 19651 19627 19685 20121 20402 20366 20359 20464 20580 20836 21075 21457 21893 22087 22312 22727 23136 23971 25111 26124 26685 26936 27301 27742 27988 27970 27605 27396 27240 27217 27076 26962 26883 26571 26340 26413 26416 26428 26439 26410 26427 26441 26283 26069 25861 25692 25596 25598 25686 25630 25538 25212 24964 24826 25053 25232 25180
16254 16344 16387 16419 16537 16446 16694 17318 17675 17883 18124 18353 18624 19095 19291 19402 19385 19446 19933 20421 20710 20700 20774 21037 21140 21116 21259 21440 21466 21458 21854 22216 22461 22703 23604 24255 24799 24904 25333 25684 25932 26274 27073 27764 28022 27960 27676 27543 27680 27659 27448 27077 26961 26719 26562 26707 26670 26473 26309 26146 25848 25673 25531 25626 25604 25402 25300 25227 25319 25352 25368 25070 24885 25023 25217 25446 25435
16370 16644 16792 16640 16915 17077 17307 17805 18161 18448 18917 19211 19628 19928 20240 20541 20868 21166 21277 21594 21964 22184 22385 22353 22055 21862 21762 21760 21792 22264 22578 22992 23554 24197 24726 24964 25246 25408 25497 25491 25723 26301 27060 27675 27980 27965 27691 27580 27704 27673 27363 27018 26907 26747 26621 26693 26545 26312 26217 25778 25328 25050 25022 25020 25054 25004 24958 24989 25123 25247 25164 24893 24955 25079 25113 25225 25318
17515 17731 17774 17556 17720 18124 18579 18642 18601 18642 19134 19436 19847 20213 20647 21374 21793 22176 22423 22587 22643 22629 22670 22692 22468 22419 22657 22621 21852 22294 22969 23549 23821 24273 24591 24728 24903 25050 25220 25510 25878 26352 26590 26607 26703 26810 27018 26998 26964 26721 26558 26598 26583 26576 26424 26085 25771 25735 25757 25529 25190 24834 24738 24630 24627 24661 24741 24916 24800 24851 24783 24936 24972 24524 24317 24334 24456
