Alternative/Moon/Lvl0_30x30/Ele_CG.asc
ncols         335
nrows         335
xllcorner     57491.657
yllcorner     -27166.958
cellsize      10000
nodata_value  -9999.0
[rows 204 to 237 of 335, columns 77 to 153 of 335]
19449 19368 19079 19028 19137 19006 18901 18698 18682 18870 18911 18832 18874 18930 18776 18706 18803 18873 18677 18616 18579 18546 18583 18520 18520 18482 18696 18863 18961 17963 17774 17758 17755 17737 18232 18272 18110 18024 17989 17946 18036 18038 17953 18026 18455 18709 18874 18566 18571 18550 18616 18701 18825 18969 19173 19322 19501 19739 19572 19345 19349 19360 19349 19295 19722 20213 20439 20393 20453 20339 19481 19328 19287 19259 19215 19220 19286
19436 19391 19146 19043 19086 19139 19041 18847 18729 18752 18748 18698 18843 18885 18772 18799 18811 18840 18783 18635 18579 18545 18434 18503 18491 18529 18366 18566 18628 18463 18246 17736 17739 17724 17682 18100 18298 18301 18115 17977 18099 18208 18123 18222 18215 18538 18795 18658 18631 18634 18700 18788 18839 18941 19074 19315 19473 19496 19532 19435 19422 19418 19367 19401 19728 20027 20214 20560 20843 20430 19415 19352 19348 19293 19230 19271 19307
19334 19302 19180 19031 18970 18858 18904 18852 18709 18649 18595 18623 18585 18584 18701 18689 18731 18750 18757 18708 18602 18601 18466 18423 18526 18484 18393 18074 18253 18543 18601 17932 17829 17842 17806 17885 18445 18502 18209 18192 18141 18254 18311 18399 18383 18734 18742 18821 18695 18642 18689 18822 18908 18954 19073 19142 19465 19555 19613 19589 19763 20048 19501 19674 19845 20068 20079 20428 20745 20355 19493 19407 19335 19295 19245 19275 19342
18692 18991 19051 19025 18967 18911 18922 18877 18651 18557 18474 18530 18526 18500 18485 18574 18686 18762 18694 18718 18674 18597 18508 18451 18449 18490 18461 18143 17970 17982 18189 17884 17786 17854 17867 17870 17969 18182 18189 18257 18144 18132 18352 18488 18497 18673 18757 18830 18764 18644 18576 18832 18933 18968 19083 19197 19370 19559 19655 19699 20311 20417 19719 19809 20011 20020 20071 20022 20066 19928 19591 19459 19372 19334 19314 19309 19320
18080 18364 18737 18983 18983 18901 18922 18697 18587 18573 18536 18609 18602 18546 18489 18582 18619 18647 18522 18569 18599 18585 18514 18474 18585 18427 18497 18219 17986 17919 17824 17739 17709 17750 17817 18158 17849 17950 18258 18283 18330 18410 18446 18912 18794 18729 18741 18710 18714 18739 18674 18689 18933 19079 19073 19208 19407 19569 19691 19721 19760 19756 19882 20112 20124 20129 20132 20164 20104 19999 19833 19572 19433 19348 19371 19379 19389
18116 17855 18371 18844 18955 18913 18766 18679 18665 18586 18557 18612 18603 18543 18436 18554 18421 18515 18482 18490 18551 18552 18406 18351 18450 18412 18294 18176 18061 18057 18100 17803 17701 17715 17724 17849 17856 17856 18286 18453 18471 18532 18592 18836 18814 19032 18895 18857 18913 18940 18934 18859 18804 19061 19155 19178 19300 19414 19627 19669 19658 19659 19897 20146 20211 20338 20493 20510 20237 20190 20408 19854 19521 19408 19422 19535 19560
18646 18206 18020 18298 18864 18887 18776 18647 18582 18576 18505 18549 18558 18506 18367 18305 18310 18285 18271 18357 18470 18527 18408 18334 18282 18334 18329 18183 18122 18037 18239 18253 17934 17758 17819 17844 17845 17809 18338 18601 18680 18651 18648 18765 18896 19076 19117 19024 19054 19117 19334 19329 18943 18938 19154 19214 19197 19277 19403 19549 19641 19659 19771 19802 20124 20320 20565 20488 20406 20273 20299 20116 19679 19516 19460 19375 19437
18867 18712 18431 18022 18801 18788 18629 18603 18330 18400 18400 18339 18343 18257 18376 18309 18196 18151 18156 18302 18351 18285 18319 18341 18293 18253 18244 18247 18172 18146 18178 18551 18892 18487 17796 17800 17818 17858 18042 18815 18888 18813 18758 18816 18910 19062 19139 19102 19129 19238 19380 19474 19388 19038 19072 19199 19188 19220 19392 19617 19670 19685 19780 19730 19770 20149 20489 20614 20565 20784 21223 20595 19927 19534 19516 19445 19456
19549 19336 18872 18195 18082 18229 18328 18314 18243 18244 18216 18216 18190 18202 18181 18193 18211 18163 18130 18143 18224 18182 18283 18335 18438 18355 18280 18213 18173 18236 18207 18627 19017 18930 18409 17926 17994 17772 18240 18927 18968 18930 18829 18817 18780 18912 19180 19188 19273 19316 19496 19629 19640 19465 19079 19064 19173 19226 19386 19607 19691 19836 19767 19725 19648 19697 20307 20458 20787 21378 22232 21845 21072 20353 20243 20138 19680
19668 19673 19203 18460 18077 18157 18251 18274 18293 18289 18269 18208 18141 18185 18118 18136 18230 18221 18176 18099 18169 18180 18365 18438 18431 18372 18298 18308 18294 18342 18454 18380 18536 18714 18708 18405 18049 18141 18734 19262 18943 18621 18975 18804 18746 18790 18975 19212 19358 19522 19559 19707 19696 19585 19258 19143 19173 19264 19378 19553 19657 19881 19977 19891 19755 19860 20085 20420 20756 21337 22248 22301 21921 21365 20939 20614 20436
17739 18667 19076 18584 18209 18118 18198 18248 18315 18317 18256 18208 18121 18080 18076 18169 18280 18257 18236 18151 18095 18167 18389 18507 18460 18373 18353 18372 18331 18376 18519 18486 18487 18588 18736 19121 19061 19258 18885 19225 18859 18204 18933 18767 18763 18862 18920 19153 19438 19515 19582 19577 19701 19650 19547 19423 19266 19280 19422 19486 19594 19775 19942 19884 19950 20037 20050 20112 20727 21283 22190 22215 22145 21874 21628 21047 20462
18675 18998 18778 18717 18356 18119 18137 18218 18314 18318 18185 18181 18097 18051 18102 18205 18279 18332 18305 18245 18175 18174 18315 18478 18511 18490 18444 18404 18393 18370 18509 18632 18752 18801 18919 19817 20109 19804 18882 18566 18093 17725 18092 18352 18771 18863 18919 19067 19262 19402 19532 19518 19709 19670 19540 19485 19439 19388 19412 19481 19594 19743 19817 19833 19989 20185 20205 20209 20640 21121 21746 21322 21551 21513 21527 20950 20528
19473 19656 19134 18787 18614 18303 18127 18137 18232 18247 18114 18123 18143 18150 18118 18165 18354 18416 18443 18520 18425 18349 18197 18349 18461 18480 18438 18388 18424 18468 18673 18827 18966 19207 19357 20299 20398 19669 18485 17862 17427 17203 17137 17731 18376 18714 18830 19048 19083 18935 18939 19226 19521 19655 19644 19573 19590 19544 19523 19577 19585 19810 19982 19947 19989 20214 20380 20308 20376 20623 21018 21111 21197 20904 20942 20981 20624
18839 19102 18970 18717 18779 18742 18219 18118 18149 18107 18004 18197 18210 18204 18229 18287 18382 18479 18578 18588 18487 18424 18297 18309 18343 18366 18372 18393 18474 18491 18615 18840 19013 19353 19523 20012 19380 18454 17987 17376 17055 16878 16836 16739 17259 17471 18071 18868 18931 18931 18711 18617 18930 19317 19553 19685 19681 19592 19582 19660 19856 19898 20058 20127 20096 20158 20502 20480 20528 20623 20679 21089 21166 21136 21397 20894 20668
18517 18835 18828 18716 18845 18865 18574 18097 18030 17986 17960 18075 18332 18415 18423 18521 18579 18569 18571 18560 18532 18467 18376 18356 18369 18379 18373 18372 18497 18624 18653 18822 18934 19301 19478 19663 18166 17247 16857 16892 16934 16945 16938 16848 16892 17035 17608 18557 18638 18722 18758 18747 18731 18925 19466 19645 19676 19626 19532 19709 20014 20039 20074 20232 20308 20346 20466 20638 20649 20821 21001 21543 21389 21208 21178 20545 20199
18159 18498 18544 18663 18860 18919 18820 18340 18018 17979 17977 18026 18397 18644 18542 18649 18646 18676 18651 18565 18515 18467 18402 18405 18393 18374 18346 18400 18524 18629 18734 18831 19055 19104 18951 18310 17242 16810 16871 16937 16954 16956 16963 16960 16864 17083 17437 18356 18877 18987 18935 18957 18971 18903 19335 19560 19661 19607 19533 19660 20002 20069 20119 20267 20468 20511 20592 20825 20833 20893 21147 21496 21412 21209 21308 21000 19902
18103 18473 18622 18548 18882 19038 19009 18862 18221 18221 17910 18020 18385 18612 18675 18728 18857 18872 18728 18608 18519 18484 18428 18416 18395 18359 18385 18524 18522 18567 18639 18814 19193 19194 18481 18068 17938 16957 16870 16915 16962 16970 16964 17015 16909 17161 18250 19231 19926 19948 19145 19120 19108 19166 19307 19423 19582 19602 19566 19594 19746 20043 20121 20335 20557 20653 20750 20903 21029 21116 21335 21372 21233 21165 21391 21508 20733
17960 17987 18163 18156 18773 18968 18939 18817 18445 18472 18194 17888 17895 18460 18856 18905 18863 18881 18754 18670 18623 18580 18519 18469 18422 18437 18468 18510 18507 18576 18683 18800 19090 19172 18309 17883 17907 17495 16909 16911 16969 16991 17024 17050 16964 17050 18141 19650 20130 20213 19530 19236 19209 19193 19337 19320 19541 19581 19629 19638 19831 19934 20141 20480 20712 20741 20851 21261 21277 21388 21554 21574 21516 21283 21272 21370 20756
18029 17973 17876 17847 17942 18613 18864 18726 18432 18466 18367 17988 18220 18465 18987 19138 18880 18888 18723 18783 18805 18609 18560 18515 18493 18507 18544 18532 18557 18597 18684 18771 18985 18825 18376 18213 17699 17499 17311 16933 16973 16996 17041 17174 17008 16868 18213 20167 20147 20139 19563 19568 19515 19414 19281 19263 19195 19417 19606 19661 19842 19945 20233 20560 20897 20799 20780 21307 21398 21634 21796 22130 22000 21645 21151 20675 20301
18104 17997 17938 17841 17795 17896 18639 18637 18413 18283 18213 18135 18538 18637 19010 19192 19030 18820 18733 18698 18438 18557 18524 18555 18543 18537 18526 18530 18580 18607 18725 18717 18905 18893 18403 18140 17561 17599 17489 16972 16971 17010 17040 17205 17043 16906 17843 19918 19992 19996 19493 19755 20069 20005 19421 19343 19248 19164 19483 19651 19804 19904 20173 20650 20897 20824 20811 21005 21406 21839 22098 22454 21473 21657 21526 19747 19697
18431 18054 17970 17888 17788 17769 18482 18760 18420 18238 17945 18088 18553 18689 18964 19096 18989 18892 18787 18857 18790 18618 18480 18535 18583 18548 18555 18401 18593 18704 18709 18724 18753 19017 18650 17929 17994 18055 17958 17389 16993 17026 17377 17326 17081 16958 17241 19286 19431 19378 19264 19573 20038 20049 19793 19711 19380 19249 19227 19514 19721 19789 20000 20459 20949 21152 21094 21035 21459 22051 22155 22559 22621 22438 21501 20048 18979
18608 18121 18025 17979 18153 17978 18457 19070 18829 18432 18120 18030 18462 18638 18784 18930 18915 18831 18784 18751 18664 18605 18508 18479 18572 18580 18601 18411 18462 18653 18701 18834 18809 18942 18635 18141 18251 18355 18177 17530 17104 17237 17353 17315 17221 17085 16824 18318 18945 18910 18880 19047 19486 19608 19671 19696 19461 19615 19544 19477 19682 19726 19927 20069 20749 21611 21614 21510 21993 22115 22163 22293 22649 22565 21096 19913 19136
18800 18210 18082 18132 18101 17790 17640 18527 18791 18685 18298 18111 18250 18526 18654 18771 18890 19021 18945 18760 18610 18576 18525 18450 18498 18531 18559 18539 18578 18585 18756 19005 18893 18874 18521 18351 18485 18391 18540 18157 17442 17430 17330 17237 17168 17088 16916 17504 18726 18748 18385 18474 18917 19350 19448 19624 19755 19581 19733 19742 19758 19841 19932 19975 20058 20879 21351 21496 21959 22161 22175 22315 22347 21896 20092 19152 18743
19186 19062 18297 18096 18037 17931 17681 17949 18660 18773 18444 18073 18210 18461 18633 18716 18901 19023 19065 18890 18758 18640 18531 18448 18406 18442 18481 18457 18668 18655 18893 18994 18917 18910 18731 18616 18462 18338 18491 18109 17888 17868 17287 17192 17098 17005 17018 17597 18130 18340 18336 18260 18573 18714 19431 19541 19741 19506 19546 19727 19822 20104 20105 20050 20001 20087 20621 20866 21482 22157 22167 22094 22011 21149 19720 18682 18322
19445 19914 19788 18235 18158 17868 17801 17817 18472 18571 18283 18052 18361 18666 18649 18675 18788 18980 19049 18973 18780 18657 18468 18425 18374 18433 18423 18390 18658 18807 18895 19088 19073 18931 18966 18802 18648 18321 18145 17884 17963 17667 17235 17117 17789 17750 17607 17623 17903 18184 18178 18405 18574 18627 18913 19369 19751 19753 19621 19442 19679 20352 20344 20139 20064 19987 19900 20460 21301 22072 22234 21948 21261 20246 19639 18510 18337
18878 19837 19921 18887 17984 17932 18251 18413 18052 18076 18030 17822 18419 18753 18746 18651 18844 19143 19098 18906 18871 18737 18563 18436 18318 18329 18387 18422 18591 18860 18866 18946 18904 18923 18969 19179 19530 19329 18400 18243 17896 17789 17516 17492 18809 19011 18923 17350 17567 17953 18128 18290 18463 18764 18947 19162 19459 19771 19549 19275 19284 20311 20360 20138 20135 19979 19884 19983 20826 21627 21989 21906 21237 20190 19516 18772 18621
18914 19328 19522 19363 19077 18210 18233 18418 18136 18171 18066 17912 18073 18754 18876 18697 18666 19037 19067 18868 18848 18746 18532 18443 18308 18313 18459 18434 18516 18699 18843 18835 18820 18911 18982 19931 20963 20993 20120 19288 19443 18551 18735 19457 19142 19054 18931 17434 17317 17721 17968 18407 18606 19067 19310 19717 19434 19699 19828 19541 19362 20172 20645 20212 19963 19901 19828 19867 20231 21081 21732 21849 21087 20216 19546 18781 18836
18658 18894 19370 19587 19807 19469 18256 18365 18211 18345 18476 18046 18086 18416 18726 18698 18670 18904 19005 18855 18849 18788 18614 18465 18459 18474 18447 18449 18464 18543 18624 18615 18701 18739 18782 19149 20413 20859 20301 20669 20695 20489 19837 19528 19325 18914 18023 17372 17312 17638 18448 18740 18723 19162 19446 19559 19448 19685 19972 19600 19530 19759 20578 20376 19938 19858 19763 20163 20285 20909 21605 21661 21061 20152 19551 18876 18848
18827 18664 18816 19040 19399 19398 18479 18435 18376 18445 18514 18316 18287 18228 18459 18642 18694 18818 18967 18922 18728 18724 18645 18611 18593 18535 18513 18466 18467 18485 18565 18520 18693 18697 18563 18773 19494 19597 20277 20714 20818 20785 20001 19191 18995 18329 18111 18172 17387 17657 18587 18959 19219 19103 19532 19627 19419 19490 19760 19876 19964 19835 20187 20385 19928 19832 19770 20141 20254 20751 21441 21515 21548 20122 19807 19099 18983
18890 18796 18665 18653 18910 19190 19236 18613 18514 18519 18445 18334 18364 18355 18802 18791 18776 18724 18882 18874 18710 18623 18651 18655 18672 18680 18604 18544 18519 18482 18512 18542 18592 18614 18440 18477 18721 18946 19508 19785 19760 19589 19283 18943 18280 17880 18033 18084 17752 17826 18339 19196 19396 19001 19334 19654 19726 19625 19736 19954 19992 20103 20004 19894 19835 19829 19752 19719 20202 20765 21282 21322 21497 20985 19911 19530 19147
18959 18916 18830 18731 18700 19162 19261 18783 18769 18622 18813 18588 18552 18531 18997 18819 18951 18959 18841 18759 18688 18768 18757 18788 18811 18748 18621 18548 18534 18475 18377 18400 18390 18376 18339 18398 18358 18521 18807 19471 19288 19126 18749 18765 17997 17593 17754 17792 17986 18156 18329 19148 19414 19121 18882 19489 20195 20267 19873 20027 20079 20183 19945 19654 19680 19685 19668 19754 19925 20698 21005 21529 21404 20878 20176 19604 19231
19093 19082 19143 19239 18988 18985 18929 18813 18721 18636 18821 18833 18782 18803 18796 18843 19043 19216 19001 18726 18810 18885 18827 18808 18840 18857 18781 18699 18626 18549 18452 18425 18353 18343 18306 18335 18231 18250 18413 18688 19140 19455 19189 17931 17595 17611 18075 18319 18199 18317 18641 19095 19503 19314 18455 18700 20060 20632 20749 20822 20739 20382 19935 19659 19506 19532 19597 19665 19658 20155 20984 21418 21433 20753 20421 19831 19377
19233 19163 19245 19382 19169 19192 18996 18938 18907 18835 18773 18895 18837 18721 19042 19076 18852 19149 19176 18771 18834 18932 18899 18829 18809 18827 18829 18739 18706 18640 18539 18457 18454 18377 18345 18287 18367 18303 18208 18284 18894 19399 19193 18311 18394 18255 18416 18602 18060 18616 18984 19445 19482 19323 18751 18295 18850 19595 19952 20263 20215 20215 19887 19440 19309 19427 19456 19412 19427 19499 20620 21195 21287 21131 20503 20144 19707
19257 19247 19266 19353 19382 19297 19067 19015 19050 18920 18929 19005 18998 18757 18776 18923 18680 18771 19280 19154 18817 18947 18916 18814 18687 18724 18841 18822 18752 18678 18577 18497 18431 18363 18371 18308 18396 18379 18297 18213 18315 18772 18997 18912 18968 19162 18925 18832 18522 18529 19153 19363 19444 19169 19212 18599 18424 18699 18917 19330 19612 19591 19545 18993 19197 19270 19297 19281 19157 19333 20469 21223 21816 22024 21693 21038 20810
