Alternative/Moon/Lvl0_30x30/Ele_DD.asc
ncols         335
nrows         335
xllcorner     -9992508.343
yllcorner     -3377166.958
cellsize      10000
nodata_value  -9999.0
[rows 204 to 237 of 335, columns 77 to 153 of 335]
24317 24409 24388 23452 22824 22966 22896 23694 24160 24102 23541 22449 21842 21241 20738 20355 20516 20596 20700 20717 20754 21254 21473 21768 22104 22037 22127 22149 21094 20582 20185 19853 19663 19598 19573 19553 19578 19487 19475 19484 19435 20672 22492 23869 25513 26923 26356 25536 25310 25464 25788 26119 25706 25170 25587 25667 25087 24185 23748 22837 22789 23145 23235 23441 23499 23579 23597 23333 22921 22564 22229 21702 21503 21465 21257 20729 20702
23467 24051 23895 24005 23104 23559 23197 23036 23725 23858 22882 21992 21286 20693 20534 20473 20702 20624 20731 20686 20870 21214 21656 21687 21776 21986 22029 21980 21591 20780 20465 20263 19842 19624 19604 19548 19596 19503 19479 19508 19442 20026 21901 23495 26195 26818 26701 26733 25622 25117 25007 24931 24515 25051 25625 25837 25628 25221 25068 24226 23740 23948 23202 23052 23111 23073 23088 22997 22232 21821 21687 21065 21056 20965 20675 20617 20736
23422 24366 24788 24855 24141 23551 23844 23886 23759 23094 22330 22016 21035 20713 20660 20599 20741 20734 20796 20858 21077 21193 21720 21997 21895 21770 21874 21859 21635 21287 20770 20429 20159 19742 19618 19570 19539 19558 19509 19474 19471 19681 21572 23916 26081 26545 26735 26502 25588 24750 24095 24189 23905 24600 25023 25671 25715 25760 26104 26037 25785 25193 23624 22858 22240 22305 22416 21937 21853 21237 21087 20942 20746 20726 20916 20935 20804
23521 24253 25270 25206 24902 24754 24792 24579 23848 22991 22249 22016 21178 20745 20998 21051 20861 20901 21002 21065 21052 21114 21711 21637 21524 21496 21643 21600 21666 21532 21132 21300 21349 20736 19919 19649 19727 19698 19601 19502 19487 19676 21163 23930 25557 25968 26052 25493 25386 25035 23751 23953 23838 23575 23817 24776 25122 25969 26545 26387 26098 25408 23669 22728 22197 21638 21949 21644 21059 20838 20857 20606 20615 20846 21006 21038 21210
23488 24351 24907 25013 25031 24781 24648 24039 23789 22928 21759 21080 21054 21053 20823 21282 20899 20897 21013 21039 21037 21086 21489 21400 21481 21507 21524 21423 21611 21662 21648 21090 20966 21140 20831 19847 19726 19617 19548 19505 19479 19477 20451 22799 24910 25468 25623 24533 24411 23954 23646 23886 24224 24253 23787 24364 25549 25725 26410 26338 26292 24989 23560 22756 22380 21348 20933 20809 20696 20595 20389 20505 20655 20824 20979 20992 21179
22302 23178 25050 25317 25001 24611 24329 23839 24151 23482 21746 21030 20853 21065 20751 21071 20819 21051 21119 21214 21140 21223 21079 21208 21391 21456 21408 21466 21317 22074 21655 19080 18134 21046 21285 20062 19886 19761 19562 19562 19564 19482 19521 21006 23599 25156 25336 24810 24078 23888 24111 24114 24818 25025 24912 25076 25553 25525 25440 25051 25344 24025 23435 22544 22213 21242 21182 20995 20924 20655 20606 20412 20749 20820 20860 21100 21271
21156 22461 23907 25420 25388 24404 24487 24158 24358 23533 21806 21263 21084 20923 20494 21132 20737 21147 21233 21241 21321 21142 20884 20928 21409 21457 21323 21644 21809 22111 22129 20367 19778 21541 21527 20615 19868 19742 19673 19885 19818 19497 19546 19553 21901 24460 25048 25653 24950 24633 24459 24446 25009 25604 25335 24903 24929 24953 24712 24281 23993 23596 23250 22106 21429 21219 21167 21062 20966 20655 20655 20434 20424 20524 20791 21157 21285
20980 21888 23505 25015 25201 24423 24560 24499 24430 22215 21557 21329 21486 20505 20614 21024 21099 20954 21310 21196 21167 21020 20876 20963 21626 21638 21394 21573 21671 21717 22271 22245 22098 21783 21568 20673 19790 19810 19846 19899 19949 19660 19747 19788 20695 22835 25063 26041 25345 24976 24546 24646 24574 25454 25330 24382 24310 23891 23083 23335 23599 23337 22990 21817 21281 20637 20609 20679 20755 20857 20675 20506 20809 20676 20635 20731 20738
21986 21936 23393 24605 24944 24279 24242 24471 24002 21539 21851 21078 20940 20918 21299 21237 20876 21025 20625 20587 20979 20935 20949 21127 21549 21466 21367 21423 21451 21576 21588 21550 21715 21431 20996 20128 19959 20158 20109 20019 20027 20012 19984 19887 20462 22105 24594 26086 26112 25386 24810 24868 24496 24476 24011 23413 23481 23399 23289 23445 23441 22967 22594 21035 20859 20789 20743 20759 20941 20976 20868 20881 20863 20838 20721 20639 20387
22386 23194 24185 23818 23965 24473 24283 23638 23352 21968 21642 21245 20874 21205 21371 21481 20613 20614 20794 21060 21075 21044 21183 21066 21238 21174 21506 21801 21868 21759 21659 21151 21201 21275 21001 20060 20155 20368 20264 20302 20271 20218 20093 20055 20582 21539 23429 25990 26331 26109 25407 24552 24774 24782 24315 23959 23529 23577 23422 23143 23271 23359 23133 21746 21142 21164 21115 20620 20639 20682 20828 20790 20673 20638 20469 20228 20345
22844 24388 24716 23988 23428 23491 23175 23309 23004 21943 21435 21194 21360 21354 20964 20792 20714 20960 21179 21118 21066 20771 21247 21284 21227 21259 21331 22002 22233 21784 21492 20957 20893 20846 20525 20255 20365 20415 20389 20305 20259 20298 20276 20053 20741 23015 24892 26105 26269 26023 25358 24288 24381 25002 24769 24541 24268 24199 24134 23648 23564 23509 23300 22366 21487 21226 21142 20785 20533 20547 20577 20543 20410 20230 20266 20287 20365
23305 24186 24207 24314 23885 23383 23617 22974 23280 22078 21223 20933 21189 21083 20699 20975 21011 21128 21386 20744 20936 21087 21662 21444 21556 21224 21252 21751 21956 21621 21234 21025 20503 20139 20274 20393 20334 20490 20526 20485 20440 20251 20174 20211 20910 23095 25389 25988 25638 25047 24747 24217 24239 25032 24879 24848 24463 24029 24156 23578 23412 23336 23174 23016 22166 21224 21040 20744 20533 20543 20535 20258 20398 20372 20128 20265 20348
23520 23089 23049 23329 23223 23072 23693 23008 23186 23100 22451 21188 21161 20642 20348 20916 21113 21100 20950 20611 21069 21082 21027 21253 21545 21287 21312 21242 21280 21273 21395 21102 20460 20260 20335 20283 20255 20630 20733 20771 20518 20332 20248 20511 20822 22416 24788 26066 26361 26028 24975 24488 24160 24514 24787 24790 24357 24027 23630 23670 23630 23242 23244 23187 22932 22038 21280 21108 20832 20698 20580 20485 20503 20448 20313 20282 20322
24515 23093 22793 22566 22429 22655 22623 22444 22772 22791 22231 21821 21971 21392 20582 20834 21026 21246 21025 20784 20927 20905 21348 21372 21611 21550 21254 21187 21143 21311 21328 20610 20746 20571 20429 20437 20501 20616 20737 20888 20827 20546 20477 20708 20763 22350 24476 25929 26099 25660 24902 25004 25012 24818 25022 24893 24559 23876 23599 23432 23384 23148 22990 22577 22728 22399 21834 21719 21171 20714 20558 20809 20816 20760 20576 20306 20329
23771 23004 23151 22867 22759 22633 22650 22554 22580 22443 22343 22339 22463 21790 21070 20613 20910 21126 20782 20715 20555 20743 21370 21490 21420 21565 21509 21568 21323 21167 21217 21108 20908 20598 20614 20552 20555 20529 20736 20910 20822 20698 20551 20688 21239 23675 25401 25739 25717 25036 24901 25114 25086 25008 25040 25014 24926 24386 23540 23446 23243 23449 23536 23246 22441 22299 21855 21646 21093 20775 20870 20875 20902 20759 20487 20213 20113
22347 23011 23274 22963 23837 23677 23341 22792 21877 21813 22323 22535 22000 22118 21675 21073 21014 21241 20693 20670 20596 20709 20622 21105 21381 21543 21522 21611 21354 21088 21096 21122 20911 20701 20764 20677 20616 20647 20769 20881 20849 20817 20555 20648 23032 25432 25499 25128 24674 24635 24524 24938 25521 24980 24877 24920 24887 24328 23975 23957 23806 23919 23705 23349 22429 21723 21421 21270 21031 21104 21096 21019 21007 20730 20259 20548 20598
22839 22855 23064 23155 23736 23715 23594 23585 22875 21719 22194 22434 21893 22566 22011 21034 20881 20860 21047 21208 20733 20795 20681 20563 20843 21271 21440 21476 21407 21163 21217 21124 20781 20742 20678 20515 20609 20561 20683 20785 20822 20712 20543 21199 23876 26161 25962 24548 23995 23958 24298 24707 25328 25192 25002 23992 24240 24082 24060 24060 23798 23887 23807 22800 21814 21223 21207 20938 20864 20653 20552 20765 20615 20237 19734 20942 21246
24596 24194 23761 23358 23297 23501 23438 23313 22582 22006 21241 21277 21322 21806 22058 21594 21313 20648 21042 20991 20921 20922 20770 20640 20852 21131 21214 21297 21382 21201 21103 21146 20747 20950 21036 20554 20637 20643 20672 20707 20727 20498 20349 21143 23644 25934 25931 25718 24695 24649 24647 24414 24726 25166 24885 23814 23863 24450 24495 23933 23995 23735 23494 22367 21277 21009 20849 20470 20088 19889 20058 20049 19771 19831 20089 21181 21449
24830 24730 24373 23380 23221 23793 23839 23617 23400 22972 21926 21185 21311 21441 21782 21733 21120 20998 21154 21127 21477 21658 20932 20811 21070 21104 21143 21344 21124 21072 20930 20851 20874 21037 21068 20809 20706 20750 20786 20689 20753 20483 20367 20380 22557 25071 25992 25755 24852 24869 24710 24644 24122 24341 24222 23773 23428 23747 23897 23861 24020 23933 23444 22603 21805 20967 20578 19760 19694 19796 20141 20494 20516 20092 20218 20788 21393
25353 25307 24780 23892 23464 24247 24439 24183 23698 23428 23017 21468 21452 21533 21353 21448 21020 21044 21124 21558 21595 21416 21031 20822 21190 21160 21683 21536 21262 21080 20981 20911 20905 20876 20885 20976 20896 20844 20789 20672 20639 20597 20470 20565 21204 23540 25671 26082 25478 24782 24428 24750 24542 24485 24272 24141 23887 23448 23389 23823 23780 23715 23217 23038 22623 21525 21098 20781 20587 20368 20256 20491 20460 20306 20196 20086 20850
25930 25820 24988 24103 23469 24496 24750 24226 23578 23316 22768 21730 21389 21420 21245 21420 21629 21545 21599 21654 21715 21703 21457 21189 21241 21104 21444 21219 21102 21085 20953 21018 20887 20863 20768 20920 20849 20752 20727 20622 20356 20455 20514 20657 20911 22709 24727 25841 25803 24719 24734 24916 24938 24724 24643 24039 23777 23247 23502 24241 24305 23512 23436 23347 22785 22400 22010 21355 20969 20933 20555 20600 20705 20688 20560 20189 20202
26121 25955 25221 24303 23431 24412 24723 23938 23400 23455 22813 21752 21164 21091 21234 21417 22016 22052 21848 21729 21895 21800 21923 21725 21272 21250 21341 20993 20888 20818 20936 20978 20956 20895 20953 21072 20858 20644 20659 20574 20166 20320 20447 20776 20915 21893 23202 25445 25926 25284 24709 24343 24404 24287 24254 23482 22836 23403 24399 24953 24910 24051 23933 23753 23544 22584 22469 21885 21539 21515 21334 20849 20797 20804 20797 20798 20742
25288 24840 24625 24119 23971 22938 22799 23328 23050 22775 22658 21923 22003 21827 21784 21775 21789 21841 21818 21794 21984 21972 22019 21821 21570 21180 21379 21321 20839 20697 21013 21271 21147 21259 21198 21036 20849 20468 20611 20687 20660 20155 20091 20711 21430 21878 22012 24982 25745 25287 24082 23438 23151 23151 23047 22843 22808 23567 24861 25097 24979 24757 24888 24459 24385 24183 23607 22933 22039 21659 21492 21328 21380 21531 21555 21340 21135
23095 23025 22866 23652 23732 22885 22242 22261 22563 22210 22177 22162 22054 22037 22057 22050 22155 22124 21804 21945 22105 21841 21878 21673 21631 21325 21214 21299 21036 20864 21020 21438 21159 20957 21178 21134 20761 20497 20469 20648 20701 20281 20073 20452 21545 21702 21625 24518 25636 25178 24349 22324 22731 22644 22630 23205 23657 24567 24951 25757 25774 25556 25370 25044 24931 24598 24570 24002 22884 21889 21566 21966 22052 21791 21566 21460 21080
22831 22802 22529 22717 23181 23104 22571 22257 22398 22189 22177 22117 22134 22187 22108 22062 21900 21771 21901 22318 22217 21890 21773 21689 21670 21520 20883 21430 21350 20941 20993 21475 21316 20753 21254 21153 20857 20652 20499 20357 20476 20182 20221 20513 20966 21282 21661 24219 25681 24790 24638 23155 23002 22755 22208 22993 23912 25179 25984 26236 26387 26566 26547 26120 25331 25119 24885 24377 23336 22387 22162 22471 22353 22068 22058 21703 21503
22782 22582 22460 22689 22621 22899 22774 22377 22451 22240 22259 22227 22112 21999 21986 21866 22016 22100 21729 21731 21840 21795 22205 22050 21936 21454 21005 21475 21399 21320 21271 21182 21148 20726 20971 20373 20806 20764 20480 19917 20237 20060 20439 20717 21023 21148 21748 23568 25225 24831 24686 24015 23433 22472 21939 22797 24328 25613 26111 26375 26006 26343 26378 26134 25464 24650 24578 24397 24052 23199 22953 22697 22620 22523 22568 22589 22041
22970 22675 22722 22788 22558 22525 22408 22466 22569 22197 22121 22201 21979 21898 21833 21774 22112 22156 21936 22068 22139 22150 22104 22138 22163 21692 21524 21068 21343 21459 21460 20868 20438 20559 20670 20394 20531 20315 20138 19499 19602 19683 20608 20877 21357 21743 21820 23768 24979 24881 24618 24481 23858 22960 22511 23383 24361 24868 24856 24526 24449 24493 24675 24895 24624 24489 24516 24525 24121 23849 23235 22628 22559 22820 23228 23099 23021
23218 22786 22441 22240 22360 22412 22392 22806 22467 22180 22075 21896 21808 22096 21927 21977 21762 21866 22030 22355 22449 22769 22703 22298 22117 21651 21542 21119 21192 21339 21361 20764 20515 20411 20502 20371 20321 20331 20176 19948 19869 19540 19853 20675 21588 21854 22560 25044 25713 24984 24529 24207 23688 23151 22605 22980 23425 23466 23484 22917 22786 22985 23144 23644 24069 24507 24391 24061 23952 24005 23700 23186 22479 22972 23139 22954 23015
23224 22842 22145 21946 22427 22565 22611 22805 22538 22144 21919 21843 21861 21974 21943 21908 21922 22004 22023 22144 22414 22593 22700 22286 21854 21758 21591 21355 21165 21346 21393 20913 20633 20848 20896 20830 20676 20709 20601 20272 20033 19784 20028 21188 21564 22295 24454 25833 25997 25014 24342 23127 23016 22661 22217 21367 21879 21973 22410 22655 22746 22865 23047 23577 24028 24248 24251 23952 23588 24294 24811 24460 23420 22485 22462 23216 23259
23241 22691 22054 21976 22402 22666 22666 22762 22575 22276 21759 21775 21785 21863 21925 21883 22047 22091 22047 22380 22557 22704 22874 22407 22315 21764 21616 21474 21299 20917 21373 21214 20776 20928 20902 20965 21025 20935 20922 20590 20084 19677 19896 21465 22405 23965 25153 25489 25694 24466 23865 22897 21972 21633 21399 21236 21494 21627 22441 22893 22889 23068 23478 23968 24310 24012 23815 23628 24299 25121 25225 24716 24013 22669 22604 23185 23104
22772 22588 22125 21934 21984 22202 22356 23235 22815 22411 21944 21932 21835 21785 21756 21984 22035 22061 22603 22897 22685 22587 22634 22454 22177 21646 21611 21658 21387 21242 21164 21099 21000 20914 21032 21041 20878 20779 20772 20605 20315 19752 19908 22176 23478 24077 24909 24925 24722 23619 22921 22318 21523 21359 21487 21364 22135 22471 22707 23303 23717 24523 25055 25094 24163 24247 24795 24596 24645 25273 25199 25027 24224 22900 22984 22922 22830
22320 21732 22136 22041 22117 22385 22353 22951 23448 22908 22630 22114 22500 22315 22077 22142 22132 22413 22546 22736 22549 22846 23153 22872 22261 21629 21804 21463 21371 21304 21114 21526 21591 21441 21625 21594 21437 21309 21220 21112 20875 19805 20674 23055 23431 23392 23585 23634 23224 22397 21963 21835 21731 21664 22032 22400 22306 22773 23546 23791 24094 24979 25286 24981 25080 25251 25378 25117 24727 24947 24985 24939 24196 22964 22928 22932 22341
21479 21387 21553 21475 21745 21765 21270 22193 22995 22989 22674 22643 23376 23547 23118 22526 22487 22677 22761 22819 22366 22570 23048 22834 22616 22320 21906 21810 21893 21814 21886 22010 21906 21614 22062 22147 22288 21879 21531 21346 21113 20449 21579 23389 23394 22894 22832 22939 23163 23042 22801 22272 22001 22249 22695 22931 22979 23232 23438 24473 25319 25583 24884 25344 25539 25383 25201 24793 24565 24521 24365 24555 24563 23958 23243 22886 21972
20835 20594 20959 21341 21477 21404 21325 22322 22611 22514 23222 23779 24247 24100 23467 23342 22573 22748 22828 22650 22585 22711 22742 22523 22328 22183 22244 22287 22223 22118 22021 22010 22137 22062 22122 22182 22259 21904 21568 21664 21555 21681 23137 23486 23019 22925 23013 23640 24040 23940 23366 22789 22392 22661 23308 23904 23954 24404 24546 24871 25780 26024 25388 25955 25887 25029 24446 24134 24215 24567 24792 24975 24878 24304 23670 23278 22491
