Alternative/Moon/Lvl0_30x30/Ele_DG.asc
ncols         335
nrows         335
xllcorner     57491.657
yllcorner     -3377166.958
cellsize      10000
nodata_value  -9999.0
[rows 102 to 135 of 335, columns 77 to 153 of 335]
23608 22722 22524 22218 21931 21121 21079 21083 21065 21092 21149 21142 21163 21252 21299 21203 21176 21774 22150 22049 22200 21726 21328 21001 20927 20906 20867 20911 20914 21137 20934 20809 20748 20824 20905 20820 21128 21249 21391 21217 20906 21046 20586 20478 20105 20783 21025 21118 21070 21218 21066 20918 21162 21147 21464 21527 21265 21166 21435 21639 21832 22197 22157 22203 21980 21654 21105 20860 20440 20383 20294 20759 20515 20677 21403 21422 21953
23178 21993 22463 22647 22317 21490 21449 21376 21194 21230 21096 21099 21121 21136 21133 21137 21139 21209 21237 21997 21852 21003 20847 20955 21002 20976 20947 20985 21321 21401 21284 21071 20997 21026 20970 20896 21649 21819 21633 21410 21068 21043 21096 20746 20547 20680 21262 21274 21311 21473 21312 21068 21162 21341 21541 21481 21289 21436 21426 21363 21434 22053 22086 22115 22182 22159 21462 20843 20442 20322 20281 20163 20231 20414 20487 20461 20627
21752 21695 21948 22506 22214 21477 21596 21533 21283 21318 21315 21097 21121 21143 21154 21151 21151 21238 21295 21434 21263 20912 20920 20921 21144 21039 21037 21038 21732 21799 21455 21384 21173 21150 21028 21894 22373 21842 21566 21503 21219 21120 21038 20624 20962 21814 22045 21388 21630 21639 21485 21413 21239 21575 21687 21919 21672 21458 21400 21365 21358 21606 21803 21832 22327 22305 21441 20637 20545 20711 20687 20265 20240 20629 20617 20448 20452
22562 21945 21970 22450 22380 21911 21330 21314 21226 21217 21166 21109 21142 21154 21166 21240 21420 21516 21405 21104 20999 20906 20880 21176 21347 21016 21084 21077 21594 21673 21597 21613 21228 21372 21093 22844 23093 22009 21577 21472 21153 21177 20984 20691 21083 21746 22396 21793 21792 21846 22183 22070 21831 22668 22658 22405 22231 21652 21300 21259 21322 21633 21672 22224 22368 22335 21975 21051 20809 21144 21111 20751 20540 20802 20919 21032 20980
23319 22699 21959 22473 22425 22182 21662 21535 21406 21288 21160 21107 21136 21170 21171 21460 21653 21577 21294 20978 20949 20867 20965 21119 21119 21011 21177 21139 21230 21391 21453 21837 21398 22231 22368 23230 23317 22567 21459 21534 21098 20976 20626 21180 21381 21841 22382 22191 21607 21784 22518 22589 22443 22810 22933 22656 22293 22102 21451 21368 21347 21343 21665 22324 22425 22284 22256 21941 21732 21703 21639 21171 20892 20763 20861 21039 21007
23069 22635 21751 21492 21503 22009 22284 22174 21784 21313 21325 21243 21237 21309 21364 21766 21710 21598 21066 21033 21000 20956 20934 20899 20867 20831 21141 21162 21086 21151 21499 21766 21835 22307 22721 23499 23565 22942 21875 21405 21356 20871 21071 21590 21616 21933 22334 22396 22053 21967 22360 22603 23085 23368 23210 22777 22690 22811 22605 22236 21463 21329 21391 22147 22151 22234 22695 23107 22511 22679 22309 21983 21926 21340 20981 20876 20932
21831 21496 21432 21543 21571 21786 22141 22692 22770 22020 21683 21557 21400 21659 21989 22271 21952 21702 21070 21051 20995 20946 20935 20883 20875 20842 20955 20934 20979 21150 21742 21949 22257 22269 22823 23426 23441 23334 22876 21760 21557 21307 21474 21624 21760 21881 22123 22361 22321 22348 22836 23020 23228 23066 21854 21499 21475 22477 22968 22738 22038 21329 21318 21295 21758 22307 23375 23490 23233 23650 23666 23317 23047 22312 21794 21816 21646
21649 21487 21370 21452 21447 21769 22524 22902 22865 22231 21902 21615 21572 21747 22041 22341 21687 21119 21029 21046 21055 20970 20926 20928 20857 20858 20996 21392 21327 21531 21664 22050 22420 22506 22484 22672 23400 23593 23439 22685 21919 21548 21997 22607 22530 21958 22415 22537 22536 22326 23363 23289 22470 21441 21332 21576 21487 21495 22209 22650 22648 21723 21369 21499 22074 22682 23501 24176 24117 24790 24910 24966 24646 23618 22994 22554 22233
22141 21539 21378 21368 21389 21581 22313 22702 22687 22439 22318 21951 21714 21884 21998 22234 22170 21717 21144 21306 21378 21311 20977 20960 20887 20947 21235 21347 21323 21362 21496 22061 22109 21932 22537 22531 22765 23651 23758 23222 22672 21930 22481 22594 22510 22383 22448 22772 23003 23287 22835 22333 21281 20949 21036 21199 21220 21317 21104 22006 22625 22657 21637 21620 22699 23010 23575 24334 24665 24792 25052 25220 25010 24138 23332 22743 22583
21841 21616 21475 21413 21409 21595 21909 21841 21703 22795 22872 22873 22566 22383 22305 22073 21815 21658 21522 21273 20564 21371 21041 20975 21053 21183 21418 21493 21423 21405 21567 21705 21845 22122 22317 22542 22723 22495 22968 22922 22575 22098 22166 21017 22123 22438 22621 22849 23142 23435 22505 21212 20857 20801 20786 20760 20754 20855 21014 21301 22912 23438 22819 22172 23183 23501 23617 23612 24143 24456 24506 24746 24741 24147 23518 22925 22762
21609 21645 21621 21552 21621 21783 21893 21957 22022 23146 23278 23151 22781 22670 22463 22091 21505 21534 21656 21737 21812 21575 21157 21016 21109 21403 21646 21845 21792 21723 21672 21709 21816 21953 21778 21782 22022 21708 21904 21876 21897 21978 21743 21388 22122 22310 22650 22944 23088 23133 22101 20946 20833 20781 20807 20786 20754 21184 21402 21564 23188 23891 23075 22713 22557 22982 23055 22864 22466 23368 23655 24144 24303 24278 24106 23374 23461
21644 21803 21924 21930 21652 21639 21930 22405 22987 23453 23671 23429 23089 22827 22565 22327 21603 21533 21726 21711 21816 21583 21362 21040 21124 21460 21740 22060 22021 21988 21815 21403 21583 21865 21776 21666 21298 21428 21396 21215 21402 21548 21700 21845 21879 22251 22342 22639 22927 22758 21752 20888 20817 20797 21034 20960 20959 21317 21404 21822 23767 24320 23343 22529 22298 22414 22125 22014 22012 22359 22902 24004 24286 24308 24196 23815 23892
21753 21814 21942 21858 21625 21592 21825 22881 23518 23672 24185 24270 23653 23203 22836 22476 21843 21761 21570 21462 21329 21242 21148 20967 21110 21436 21857 22184 22102 22048 21646 21288 21215 21422 21324 21160 20946 21265 21163 21201 21236 21520 21644 21880 22184 22281 22659 22075 22424 22637 22260 21150 20954 20801 21110 21162 21174 21220 21450 21966 23068 23976 23400 22559 22256 22080 22133 22092 22188 22152 22603 23514 24011 24134 23852 23836 23970
21810 21764 21788 21742 21742 21954 22213 23223 23441 22849 23674 24296 24150 23549 22969 22424 21942 21835 21272 21177 21222 21188 21011 20949 20892 20797 21287 21896 22057 21954 21803 21380 21005 21031 20977 20873 20997 20974 21107 21106 21444 21533 21681 21965 22217 22193 22914 22899 21775 22728 22634 21382 21427 21397 21025 21419 21061 21061 21082 22269 23928 23939 23748 23219 22623 22975 22904 22202 22003 22085 22643 22999 23090 23352 23144 23706 24073
22074 21751 21748 21583 21964 22154 21998 22677 22743 20655 21020 22974 23861 23734 23330 22524 22096 21743 21486 21263 21105 21087 21058 20956 20912 20687 20612 20863 21175 21253 21119 20963 20869 20843 20921 20866 20926 20941 21057 21347 21827 21304 20665 21147 22262 22338 22936 23185 22382 22529 22707 21487 21555 21615 21398 21175 20943 21140 21569 23739 23900 24215 24309 23371 22625 23122 23007 22241 22084 22109 22471 22842 22895 22672 22486 23108 23567
22255 22112 21773 21686 21996 21838 20563 21284 21567 20778 19862 20926 22361 23155 23232 22669 22222 21974 21740 21705 21171 21199 21210 20964 20685 20615 20571 20605 20688 20806 21006 20850 20667 20646 20717 20671 20659 20828 20931 21408 21725 20524 20753 20403 21707 22168 22500 21957 22454 22848 23025 22400 22054 21677 21525 21318 21310 21583 22826 24385 24433 24130 24164 22971 22565 22249 22144 21975 21996 22155 22380 22952 22976 22415 22490 22851 23113
21595 21743 21758 21924 21961 20944 20383 21178 21386 21277 20365 19918 20447 21085 22506 22674 22375 22015 21890 21921 21682 21681 21152 20854 20647 20649 20570 20598 20675 20865 20961 20705 20614 20582 20529 20586 20641 20656 20806 21256 21552 20533 20696 20475 21892 21907 21755 22065 22617 22816 23082 22948 23645 23432 22471 22388 22491 23087 23565 24229 24272 24004 23860 22954 22806 22546 22221 22236 22192 22323 22449 22689 22533 22011 22426 22746 22916
21950 22014 21821 21842 21891 20756 20731 20522 20524 20604 20178 19911 19896 19920 21033 22336 22467 21841 21683 21454 21770 21755 20932 20701 20628 20602 20533 19927 20345 20528 20585 20865 20741 20565 20555 20592 20597 20589 20741 21018 21477 21255 20591 20621 21875 21728 21115 21626 21778 22542 22588 22754 23809 23895 23512 23530 23293 23604 23813 23962 24173 23993 23684 22832 22722 22478 22416 22616 22611 22525 22775 22727 22171 21794 21870 22437 22529
22129 22029 22079 22063 21817 21782 21143 21071 20193 19881 19815 19833 19809 19814 20017 21905 22484 22204 21610 21566 21560 21423 21301 20692 20566 20606 20518 19621 19530 19555 20000 20708 20799 20555 20584 20561 20553 20539 20641 20656 21164 21336 20968 20635 20917 20933 20903 21150 21527 21443 22046 21675 22618 23248 23563 23436 23264 23494 23403 23948 24215 24112 23242 22932 22821 22583 22432 22415 22536 22657 22751 22718 21906 21961 21970 21985 21944
21737 21750 21886 21920 21909 22150 22431 22353 21910 20141 19762 20156 20177 19753 19786 20800 22431 22181 21531 21364 21462 21409 21091 20636 20497 20753 20582 19609 19482 19496 19657 20747 20849 20557 20567 20599 20579 20532 20546 20551 20546 20739 20788 20534 20588 20724 20844 20890 21309 21116 21274 21379 21819 22250 22940 22857 23033 23004 23236 23752 24005 23847 23197 22955 23123 23112 22942 22542 22536 23039 23009 22835 22351 22526 22212 21955 21850
21312 21454 21739 22060 22297 22305 22665 22878 22838 21091 19942 20374 20461 19750 19770 20869 22178 21931 21267 21242 21192 21033 20727 20601 20514 20945 20859 19686 19548 19550 19715 20279 20597 20543 20575 20602 20596 20549 20524 20582 20611 20616 20525 20490 20600 20616 20924 21083 21168 20809 21025 21231 21755 22164 22543 22519 22479 22466 22922 23301 23429 23469 23124 23134 23178 23437 23562 23314 22718 22908 22567 22542 22758 22534 22103 22121 21861
21321 21176 21502 21455 22346 22297 22342 22697 22770 21341 19905 19885 19762 19702 20410 21821 21848 21456 21085 21129 21104 21112 20935 21256 21034 20790 21003 20061 19938 19861 20400 20580 20586 20603 20570 20530 20606 20584 20760 20631 20511 20582 20626 20463 20645 20653 21027 21084 21090 20717 20906 21569 21952 22216 22637 22662 22288 22070 22317 22980 23435 23371 22991 23106 23094 23295 23789 23362 22892 21924 22401 22267 22757 22610 21951 21952 21975
21264 20740 21308 21351 21831 21696 21661 21941 22351 21954 20146 19812 19893 20273 21207 21774 21486 20712 20769 20965 20951 21222 21432 21519 21494 20110 19936 21480 21595 21200 21016 21010 20975 20554 20587 20619 20677 20652 21436 21301 20588 20765 20657 20472 20580 20564 20705 20979 20995 20983 19873 20669 21765 21743 22555 22646 22275 21796 21781 22384 22900 23061 23112 23132 23141 22865 22976 22975 22660 21790 22058 22002 22588 22565 22423 22182 22493
20607 20248 20212 20759 20827 20735 20624 21183 21523 21708 20938 20777 21311 21439 21587 21330 20791 20666 20728 20833 21138 21449 21364 20381 20522 20289 20451 21764 22190 22046 21481 20893 20444 20394 20554 20605 20774 20723 21540 21576 21554 20937 20544 20514 20486 20481 20520 20754 21039 21121 19754 19656 19875 19736 20681 21941 22124 21550 21466 21622 21990 22721 23091 23458 23345 22876 22559 21980 21900 21655 21837 22223 22446 22666 22896 22815 22715
20253 20210 20055 20325 20524 20231 20217 20337 20684 20854 20873 21015 21336 21410 21169 20630 20682 20881 21223 21163 21788 21502 20791 20514 20402 20400 20416 20553 21718 21814 21448 21017 20388 20357 20391 20357 20370 20719 21199 21476 21428 20863 20530 20556 20482 20469 20468 20691 20839 20834 20588 19833 19846 19458 19569 20224 21422 21210 20873 21001 21365 22124 22883 23446 23369 22424 22007 21761 21955 21774 21810 22350 22409 22519 22616 22709 22685
20016 20131 20072 19662 19901 19899 19763 19864 20088 20157 20215 20609 20763 20801 20417 21040 21259 20705 21182 21511 22105 21657 20446 20614 20827 20604 20761 20645 20634 20435 20420 20641 20323 20454 20368 20615 20585 20946 21140 20578 20750 20577 20539 20510 20497 20464 20497 20496 20780 20973 20953 19815 19746 19392 19646 19711 21449 21138 20526 20473 20781 21386 22013 22886 22839 21530 21473 21414 21539 21579 21648 21910 22029 21874 21993 21741 21827
19744 19636 19577 19649 19764 19837 19734 19621 19867 20005 19986 19981 20024 20002 20211 21014 21366 21160 21528 21794 22521 22972 21575 20546 20547 20549 20839 20542 20709 20858 20652 20727 20650 20960 20371 20621 20690 20661 20905 20858 20593 20562 20549 20567 20490 20488 20489 20483 20562 20807 20855 20046 19650 19574 19717 19870 21000 20765 20451 20426 20516 20949 21289 21908 21810 20915 21099 21306 21534 21623 21225 21290 21526 21507 21643 21648 21674
20051 19302 19691 19729 19708 19766 19726 19717 19735 20012 19976 19918 19867 19936 20056 20234 21048 21412 21575 21943 22603 23230 22850 21254 20159 20146 20157 20318 20503 20908 21206 21478 20878 21069 20491 20378 20520 20506 20824 20802 20634 20578 20536 20528 20540 20495 20468 20446 20447 20661 20808 20691 20709 20230 20912 20456 20794 20671 20433 20433 20436 20939 21044 20799 20656 20767 20779 20840 20868 20958 20834 20854 20858 21328 21872 22192 22001
20093 19438 19651 19546 19532 19709 19632 19761 19824 20026 20013 19961 19936 19955 19992 20359 20304 20936 21226 21458 22106 22842 23168 22005 20613 20142 19973 20118 20219 20760 20917 21348 21225 21059 20609 20522 20416 20483 20831 20656 20604 20575 20561 20617 20604 20507 20446 20422 20404 20401 20612 20704 21018 20519 21011 20596 20785 20637 20453 20417 20527 20795 20841 20583 20523 20531 20610 20599 20663 20905 21126 21110 20937 21409 21797 22084 22190
19894 19468 19189 19287 19207 19365 19394 19307 19743 19842 19244 19452 19965 20301 20292 20407 20640 20832 21244 21232 21536 22289 23039 22009 20632 20127 19590 19344 19771 20257 20959 21403 21552 20880 20750 20723 20594 20694 21058 21096 20790 20669 20737 20677 20629 20566 20468 20428 20426 20425 20436 20523 20600 19704 20553 20536 20473 20455 20427 20402 20670 20564 20505 20600 20559 20857 20855 20775 20732 21115 21306 21121 20778 21088 21409 21832 22103
20162 19777 19387 19193 19225 19279 19303 19287 19303 19269 18951 19133 20015 20401 20359 20257 20778 20879 20886 21057 21339 21527 22501 22517 21399 20236 19126 19194 19448 20433 21363 21921 22009 20920 20748 20804 20890 20800 21093 21286 20874 21151 21022 20708 20740 20581 20473 20440 20413 20389 20395 20459 20542 20760 20742 20650 20571 20423 20362 20357 20528 20529 20459 20786 20984 21236 21129 20825 20706 21257 21214 20672 20625 21309 21722 22080 22412
20190 19875 19709 19188 19225 19282 19309 19291 19305 19460 19405 19734 19775 20115 19994 19946 19814 20773 20733 20532 20717 21271 21933 22546 22040 21265 19387 18929 19379 20756 22342 22363 21751 20815 20745 20672 20869 20914 20580 20716 20786 21041 20994 20725 20777 20594 20589 20372 20428 20422 20414 20484 20645 20803 20776 20893 20820 20464 20338 20301 20341 20344 20542 20771 21148 21240 21246 20891 20798 20775 20895 20646 20661 20794 21543 22058 22515
20441 20113 19773 19232 19234 19270 19309 19321 19385 19538 19569 19714 19992 19624 20026 20026 19524 20579 20520 20331 20440 21067 21391 21622 21684 21355 19229 18847 18907 20290 22602 22367 21460 20905 20845 20721 20717 20713 20578 20458 20623 20697 20525 20698 20669 20478 20483 20409 20389 20403 20426 20634 20558 20253 20226 20902 21079 20628 20440 20320 20348 20464 20606 20772 20939 20627 21241 21224 21254 20992 20965 20938 20945 20718 21088 21940 22493
20776 20754 20399 19512 19269 19311 19318 19329 19493 19560 19681 19871 20112 19610 19764 19771 19898 20005 20022 20028 20047 20333 19869 20972 21893 21052 19031 18904 19052 20302 22159 21876 21699 21042 20816 20787 20862 20921 20903 20758 20502 20518 20532 20513 20441 20418 20379 20343 20327 20305 20376 20724 20368 20169 20228 20505 21052 20601 20407 20304 20304 20334 20753 20928 20741 21261 21205 21259 21307 21295 21109 21189 21192 21123 21092 21687 22141
