Alternative/Moon/Lvl0_30x30/Ele_FA.asc
ncols         335
nrows         335
xllcorner     -20042508.343
yllcorner     -10077166.958
cellsize      10000
nodata_value  -9999.0
[rows 136 to 169 of 335, columns 156 to 233 of 335]
12699 12711 12746 12758 12760 12859 12933 12924 12870 12838 12793 12926 13205 13261 13226 13215 12989 12630 12374 12266 12479 12756 13166 13347 13361 13383 13362 13307 13225 13089 13154 13151 13028 12923 12731 12660 12596 12464 12467 12422 12310 12339 12591 12920 13039 13026 12592 12185 11824 11865 12308 12805 13075 13079 12930 12795 12760 12802 12800 12873 12849 12878 12933 13065 13087 12947 13199 13382 13489 13221 12829 12746 13089 13191 13016 12781 12954 12996
12335 12103 11986 12191 12342 12517 12581 12639 12718 12809 12777 12682 12878 12953 13113 13194 13104 12987 13162 13141 12958 12610 12446 12626 12840 13073 13141 13153 13080 13039 13059 13014 12910 12532 12139 12006 12094 12193 12293 12460 12845 13236 13360 13355 13329 13280 13342 13422 13361 13137 12993 12768 12760 12569 12517 12722 12749 12691 12603 12592 12452 12389 12476 12443 12428 12396 12493 12600 12636 12599 12568 12805 12998 13036 12952 12752 12898 13041
11998 11882 11936 12048 12063 11971 11984 12152 12256 12283 12194 12153 12139 12101 12095 12183 12242 12308 12519 12687 12737 12614 12319 12235 12285 12334 12442 12457 12391 12368 12277 12241 12264 12287 12310 12441 12560 12492 12271 12236 12516 12870 13058 13026 13015 13067 13094 12979 12997 12928 12698 12457 12331 12272 12337 12383 12543 12563 12422 12319 12261 12243 12239 12138 12192 12257 12287 12364 12157 11630 11562 11718 12094 12160 12276 12350 12548 12592
11724 11854 11884 11763 11663 11528 11546 11636 11645 11651 11663 11672 11610 11442 11293 11474 11593 11587 11519 11766 11926 11903 11859 11866 11753 11578 11857 12189 12466 12413 12252 12313 12383 12567 12940 13124 13077 13027 12947 12775 12725 12735 12730 12747 12803 13012 13021 12959 12785 12790 12650 12083 11695 11505 11659 11940 12313 12415 12404 12259 12167 12214 12195 12152 12054 12002 12130 12098 12021 11932 11854 11829 11984 12103 12054 11902 11932 11987
11689 11782 11782 11712 11542 11389 11427 11538 11589 11615 11598 11476 11356 11213 11120 11089 11186 11300 11307 11210 11180 11265 11426 11537 11484 11344 11653 12194 12533 12763 12801 12732 12752 12757 12914 12946 12781 12486 12424 12496 12574 12687 12780 12818 13010 13172 13235 13231 13200 13200 13251 12919 12374 11877 11942 12184 12346 12453 12466 12382 12400 12392 12161 12049 11972 11881 11782 11806 11848 11819 11626 11652 11753 11946 12043 12031 12109 12059
11810 11702 11742 11786 11679 11401 11268 11154 11078 11072 10949 10851 10963 11023 11051 11070 11015 10949 10968 11191 11390 11567 11599 11631 11619 11542 11792 12121 12379 12564 12698 12717 12768 12759 12674 12473 12388 12369 12371 12469 12545 12769 12886 12870 12760 12743 12879 13108 13347 13322 13319 13147 12860 12631 12572 12520 12420 12151 11911 12309 12591 12612 12488 12231 11977 11776 11671 11716 11774 11785 11734 11641 11540 11576 11448 11579 11721 11679
12016 11819 11828 11838 11793 11577 11484 11307 11135 11039 11060 10876 10649 10794 11145 11210 11401 11530 11558 11730 11747 11745 11712 11856 11846 11649 11388 11555 12063 12509 12664 12726 12714 12625 12438 12296 12286 12480 12495 12672 12761 12856 12835 12744 12645 12455 12387 12669 12849 12887 12802 12450 12169 11885 11716 11612 11648 11666 11585 11359 11506 11572 11597 11681 11775 11776 11819 12041 12053 11983 11865 11788 11821 11831 11715 11695 11772 11860
12243 11915 11685 11557 11403 11059 10821 10762 11051 11262 11277 11156 11133 11121 11212 11400 11590 11689 11657 11581 11531 11875 12180 12316 12342 12286 12419 12294 12223 12401 12423 12522 12512 12383 12208 12126 12041 12257 12485 12541 12537 12596 12960 13095 13087 13000 12842 12707 12709 12545 12319 12097 11778 11318 10828 10579 10417 10447 10618 10696 10748 10765 10927 11100 11272 11340 11427 11500 11481 11542 11529 11481 11695 11722 11598 11665 11790 11939
12199 12040 12197 12347 12363 12330 12232 11974 11741 11458 11288 11303 11287 11379 11403 11107 10947 11142 11215 11299 11418 11724 12030 12242 12235 12337 12492 12401 12068 12055 12385 12546 12566 12466 12346 12239 12224 12302 12530 12572 12550 12542 12650 12691 12700 12543 12373 12344 12315 12203 12144 11771 11376 10953 10678 10516 10424 10412 10432 10516 10604 10804 10990 11125 11268 11315 11374 11375 11485 11559 11824 11853 11775 11679 11623 11844 12073 12086
12133 12131 12314 12601 12606 12519 12453 12038 11785 11742 11711 11823 11941 12018 11966 11668 11275 10948 11209 11433 11480 11488 11565 11737 11828 12140 12232 12170 11949 12116 12460 12542 12393 12035 12000 11960 11880 12040 12275 12390 12392 12355 12433 12468 12407 12375 12309 12295 12356 12300 12165 12035 11952 11719 11586 11422 11410 11481 11521 11530 11345 11074 11298 11300 11331 11672 11800 11854 11966 11959 11926 11920 11872 12010 12111 12149 12149 12129
12299 12191 12129 12367 12505 12601 12564 12493 12317 11707 11713 11603 11625 11795 11864 11777 11813 11919 11862 11748 11760 11772 11821 11943 11965 11801 11506 11375 11333 11631 12176 12574 12608 12398 12104 12072 12063 12039 11982 12063 12133 12112 12116 12221 12236 12224 12302 12286 12318 12404 12491 12530 12447 12272 12223 12139 12014 12004 11849 11741 11628 11666 11893 11922 11927 11891 12026 12088 12195 12204 12240 12236 12101 12116 12135 12091 11992 11844
13264 13033 12808 12689 12612 12527 12821 13083 13049 12554 12394 12199 12205 11951 11904 11805 11821 11944 11938 11881 11839 11907 11969 12153 12249 12295 12262 12180 12159 12121 12020 12205 12371 12341 12338 12334 12349 12322 12171 12078 12119 12043 12025 12160 12203 12169 12160 12183 12247 12433 12447 12367 12199 12122 12120 12035 11978 11959 11959 11856 11891 11899 11830 11624 11525 11612 11980 12143 12161 11950 11791 11859 12055 12137 12123 12081 12102 11965
13725 13531 13396 13326 13077 12670 12975 13242 13246 13111 13050 12856 12581 12484 12499 12429 12238 12111 11916 11756 11791 11902 11948 12169 12297 12314 12269 12283 12314 12239 11997 11949 12090 12179 12245 12374 12357 11994 11913 11960 12236 12251 12154 12085 12099 12124 12153 12156 12034 11825 11756 11947 12059 12137 12164 12106 12070 11963 11960 11949 11945 12008 12048 12045 12091 12048 12022 12097 12059 12053 11999 11966 11917 11977 11987 11977 11891 11580
12944 13129 13183 13146 13034 12933 12476 12349 12343 12698 13108 13081 12933 12900 12890 12612 12493 12365 12273 12146 12004 11852 11812 11936 12085 12175 12216 12424 12484 12440 12266 12124 12173 12153 12227 12334 12377 12363 12433 12314 12162 12065 12147 12164 12073 12190 12212 12172 12066 12178 12291 12320 12196 12175 12148 12060 11975 12037 12094 12089 12082 12141 12147 12075 12095 12184 12255 12381 12402 12249 12024 11800 11721 11491 11476 11464 11301 10985
13155 13551 13646 13556 13439 13352 13134 12984 12993 13122 13107 13005 12844 12787 12809 12839 12840 12744 12554 12370 12255 12226 12186 12161 12032 11977 11893 12183 12338 12455 12378 12123 12049 12003 11891 11968 11961 12091 12036 11967 12004 11771 11529 11298 11286 11695 12025 12265 12343 12444 12504 12486 12332 12291 12333 12306 12121 11885 11766 11770 11806 11932 11962 11972 12112 12131 12083 12094 12121 11936 11623 11471 11277 11092 10839 10643 10641 10645
12966 13337 13525 13525 13542 13482 13223 12863 12649 12524 12370 12270 12341 12315 12183 11995 12253 12421 12381 12417 12438 12415 12318 12239 12232 12178 11959 12013 12379 12523 12486 12500 12353 12232 12186 12232 12242 12261 12169 12061 12141 12293 12139 11801 11584 11841 11953 11959 12247 12255 12007 11967 12001 12082 12040 11890 11805 11717 11696 11701 11712 11832 11929 11934 11946 11967 11994 12007 11990 11814 11641 11524 11293 11002 10849 10817 10776 10695
12953 13019 13164 13157 13177 13061 12686 12340 12122 12015 12039 12044 11873 11527 11188 11063 11428 11819 12163 12325 12442 12473 12513 12710 12714 12611 12508 12373 12400 12408 12439 12454 12356 12215 12243 12211 12220 12268 12269 12292 12463 12548 12410 12147 11933 11809 11882 11834 11828 11896 11848 11882 11846 11773 11785 11913 12049 11961 11913 11944 12014 12107 12102 12118 12154 12111 12050 11970 11980 11933 11856 11781 11524 11313 11234 11128 10937 10649
13021 13118 13092 12969 13072 13078 12864 12662 12605 12498 12501 12582 12681 12703 12686 12483 12619 12915 12998 12933 12932 12956 13055 13018 12824 12743 12591 12531 12585 12721 12853 12793 12589 12382 12284 12173 12077 12082 12237 12303 12440 12480 12325 12032 11869 11863 11679 11654 11650 11673 11812 11899 11998 11898 11650 11917 11934 11735 11717 11513 11870 12262 12391 12379 12317 12233 12216 11998 11593 11531 11742 11946 12165 12156 11887 11594 11272 11171
12803 12975 13009 13049 13245 13420 13439 13030 12841 12996 13071 13154 13269 13340 13341 13236 13166 13084 13042 13113 13203 13284 13312 13289 12990 12464 11938 11634 11844 12143 12504 12472 12298 12181 12225 12207 12121 11993 11836 11921 11981 12087 12209 12141 11968 11790 11608 11575 11643 11685 11658 11767 11897 11963 12040 12021 12166 12365 12370 12071 11773 11844 12059 12086 12107 12081 12176 12168 12056 11867 11756 12048 12204 12165 12055 11988 11895 11724
13077 13196 13406 13467 13457 13378 13386 13242 13037 13018 13068 13133 13248 13362 13528 13601 13586 13546 13388 12943 12861 12899 13224 13366 13361 13114 12975 12827 12718 12577 12679 12618 12432 12270 12383 12489 12467 12524 12537 12358 12129 12272 12423 12368 12305 12185 12061 12003 11897 11754 11679 11683 11678 11731 11897 11925 11921 11964 12001 12064 12151 12242 12302 12264 12246 12193 12152 12083 12031 12019 11963 11925 11905 11840 11632 11680 11740 11721
13311 13368 13420 13483 13465 13287 13408 13457 13432 13312 13255 13343 13401 13403 13453 13501 13564 13732 13720 13639 13529 13461 13473 13361 13236 13074 12948 12821 12944 12913 12812 12695 12549 12437 12320 12333 12404 12476 12422 12233 12179 12262 12436 12453 12431 12367 12204 12193 12195 12143 11993 11919 11933 11874 11811 11749 11767 11750 11683 11703 11687 11886 12088 12222 12251 12209 12189 12100 11976 11924 11945 11947 12042 12059 11911 11608 11712 11964
13129 13092 13173 13413 13423 13456 13466 13459 13411 13315 13216 13211 13264 13248 13271 13404 13460 13599 13688 13642 13573 13668 13699 13631 13465 13081 12919 12959 13069 13187 13219 13152 13044 12823 12686 12691 12676 12591 12731 12774 12799 12801 12718 12652 12520 12439 12530 12519 12461 12411 12306 12168 11975 11982 11991 12020 12022 12096 12216 12264 12256 12203 11975 12084 12052 11948 11954 11942 11911 11783 11848 11881 11941 12009 12104 12035 11786 11786
13305 13318 13386 13425 13403 13550 13561 13455 13299 13230 13257 13318 13326 13362 13445 13533 13601 13615 13603 13509 13690 13743 13703 13600 13547 13398 13268 13276 13231 13013 12998 12989 13000 12978 12967 12866 12583 12339 12483 12660 12714 12657 12619 12666 12679 12640 12536 12597 12587 12530 12401 12286 12177 12135 12170 12174 12182 12193 12238 12270 12426 12386 12112 11858 11875 11887 11890 11828 11719 11656 11616 11590 11622 11844 12036 12019 11814 11859
13493 13464 13427 13472 13544 13607 13694 13429 13158 12897 12923 13084 13422 13576 13586 13565 13600 13720 13760 13750 13766 13824 13736 13572 13527 13383 13312 13168 13176 13187 13072 12981 13030 13042 12969 12844 12685 12525 12409 12428 12437 12397 12326 12327 12283 12129 12170 12150 12315 12270 12256 12222 12286 12179 12098 12161 12103 12109 12079 12209 12296 12273 12138 12090 12035 11983 11876 11847 11670 11469 11373 11372 11360 11333 11396 11522 11687 11841
13865 13868 13812 13674 13651 13728 13790 13732 13734 13744 13655 13674 13643 13415 13631 13709 13696 13712 13759 13758 13768 13798 13785 13689 13610 13506 13451 13234 13063 13003 12916 12865 12904 12909 12862 12716 12620 12519 12437 12429 12383 12273 12287 12288 12265 12245 12265 12296 12214 12037 12019 12175 12296 12275 12037 12079 12011 11931 11881 11882 12003 11977 12053 12029 12083 11998 11827 11679 11528 11412 11338 11283 11288 11386 11529 11531 11650 11776
14154 14186 14272 14233 14111 14007 13818 13668 13618 13655 13666 13695 13685 13528 13503 13564 13614 13571 13650 13628 13675 13728 13738 13599 13504 13317 13293 13249 13236 13107 13019 12894 12849 12803 12698 12656 12609 12421 12257 12134 11979 11816 11727 11673 11735 11911 12169 12414 12518 12527 12301 11979 11721 11826 12020 12065 12050 12052 12093 12035 11664 11252 11314 11449 11733 11829 11797 11651 11586 11429 11323 11340 11414 11467 11557 11575 11512 11443
14533 14463 14364 14380 14348 14298 14271 14290 14229 14063 13722 13540 13434 13343 13565 13652 13767 13781 13685 13430 13352 13363 13485 13452 13382 13324 13271 13198 13169 13123 13082 13064 13089 13040 12871 12634 12505 12338 12294 12250 12206 12167 12085 12081 12093 12065 12068 12144 12362 12426 12341 12318 12346 12381 12345 12315 12272 12152 12122 12053 11742 11440 11446 11544 11599 11563 11591 11605 11622 11540 11491 11453 11428 11495 11586 11637 11664 11701
15371 15216 15053 14966 14880 14699 14534 14402 14244 14213 14286 14227 14149 14165 14122 14123 14033 13886 13874 13784 13882 13882 13807 13688 13571 13483 13347 13298 13324 13328 13265 13243 13253 13395 13420 13293 13217 13189 13202 13169 13066 12947 12838 12726 12569 12454 12296 12222 12077 12054 12215 12251 12244 12265 12342 12383 12370 12271 12231 12211 12130 11988 11819 11860 11846 11795 11698 11704 11811 11819 11801 11862 11921 11915 11938 11934 11762 11863
15563 15547 15382 15029 14960 15054 15185 15168 15015 14726 14641 14628 14610 14509 14414 14392 14398 14384 14260 14198 14259 14269 14260 14124 14021 13873 13657 13428 13412 13389 13336 13346 13445 13463 13531 13615 13604 13515 13572 13578 13564 13511 13339 13263 13178 13073 12875 12670 12508 12356 12197 12302 12409 12384 12372 12370 12341 12328 12190 12119 12033 11974 11947 11841 11809 11844 11825 11827 11913 12077 12203 12322 12329 12312 12207 12047 11766 11648
15214 15423 15812 15908 15913 15899 15871 15729 15652 15651 15482 15329 15211 15110 15080 14878 14862 14846 14803 14889 14886 14813 14803 14880 14808 14600 14292 14074 13911 13775 13603 13564 13684 13803 13951 14076 14173 14170 14015 13956 13859 13798 13790 13650 13510 13306 13107 13016 12857 12796 12795 12762 12781 12744 12816 12814 12816 12861 12843 12710 12480 12269 12141 12093 12088 12014 11912 11818 11673 11822 12041 12061 12052 12022 11908 11804 11684 11677
16010 16217 16227 16131 16169 16414 16574 16633 16859 17057 17072 16843 16545 16197 16357 16586 16665 16599 16486 16292 16191 15957 15950 15863 15726 15548 15345 15092 14929 14943 14645 14377 14255 14239 14248 14148 14074 14035 14002 13894 13727 13889 13939 13837 13657 13608 13517 13668 13641 13485 13492 13403 13449 13322 13148 13116 13180 13354 13550 13576 13528 13314 13225 13155 12988 12746 12588 12365 12158 11975 11927 11884 11748 11743 11750 11721 11629 11647
16188 16338 16370 16498 16651 16854 16880 16910 17110 17386 17679 17895 17969 17914 17945 17940 17877 17904 17964 17912 17757 17500 17322 17082 16952 16655 16481 16406 16386 16130 15890 15498 15289 14947 14822 14777 14699 14590 14662 14589 14498 14580 14610 14818 14879 14887 14748 14747 14772 14663 14419 14266 14092 13866 13791 13624 13492 13658 13959 14008 13976 13874 13819 13757 13616 13213 12758 12462 12304 12168 11983 11765 11821 11851 11844 11819 11673 11566
15805 16151 16340 16524 16676 16838 16763 16437 16302 16680 17366 17870 18031 18213 18327 18344 18413 18438 18459 18582 18575 18471 18361 18119 17976 17558 17142 16972 16911 16679 16321 16058 15796 15502 15333 15280 15190 15297 15421 15552 15633 15684 15572 15570 15606 15598 15328 14906 14802 14648 14319 14007 13752 13606 13508 13406 13296 13475 13685 13837 13895 13823 13840 13875 13822 13574 13360 13209 13126 12976 12646 12396 12267 12152 12019 12099 12042 12006
15568 15794 15986 16054 16026 16017 16143 16291 16382 16618 17083 17478 17774 18021 18197 18208 18233 18281 18367 18401 18340 18251 18246 18171 17937 17661 17439 17118 16948 16806 16645 16440 16311 16033 15750 15681 15670 15667 15650 15674 15680 15743 15808 15821 15838 15783 15516 15114 14450 13857 13194 12739 12360 12077 11883 11929 12051 12200 12338 12568 12877 13120 13283 13432 13848 14051 14097 13936 13938 13701 13493 13360 13249 13109 13012 12972 12894 12855
