Alternative/Moon/Lvl0_30x30/Ele_FE.asc
ncols         335
nrows         335
xllcorner     -6642508.343
yllcorner     -10077166.958
cellsize      10000
nodata_value  -9999.0
[rows 204 to 237 of 335, columns 231 to 307 of 335]
20913 20862 20735 20478 20158 19875 19641 19399 19196 19021 18809 18566 18318 18155 18064 17962 17893 17849 17799 17746 17688 17637 17660 17784 17811 17818 17815 17804 17870 18053 18178 18266 18321 18356 18428 18552 18598 18667 18715 18719 18666 18523 18461 18293 18117 18012 17896 17798 17701 17742 17780 17776 17660 17574 17558 17580 17555 17457 17289 17231 17086 16915 16677 16493 16471 16463 16456 16441 16438 16436 16433 16433 16434 16430 16428 16424 16449
20004 19789 19505 19275 18983 18798 18591 18383 18196 18086 17952 17789 17626 17535 17479 17389 17374 17383 17423 17449 17428 17367 17358 17351 17399 17361 17346 17333 17379 17504 17607 17698 17834 18009 18150 18252 18267 18208 18053 17802 17602 17470 17499 17586 17724 17959 18118 18145 18135 18153 18111 17964 17955 17962 17944 17903 17875 17822 17715 17537 17301 17112 16927 16738 16607 16570 16523 16491 16481 16476 16471 16470 16469 16471 16467 16479 16480
18267 18130 18031 17895 17781 17713 17654 17551 17473 17381 17335 17294 17276 17236 17207 17157 17126 17133 17108 17074 17099 17126 17125 17132 17121 17121 17200 17269 17349 17367 17411 17437 17470 17599 17707 17824 17857 17845 17823 17748 17748 17740 17753 17804 17910 18013 18094 18164 18191 18147 18090 18153 18223 18348 18424 18504 18561 18612 18639 18639 18576 18443 18232 17915 17695 17489 17314 17113 16960 16834 16703 16619 16710 16745 16829 16970 17121
17384 17397 17414 17416 17375 17318 17309 17284 17284 17256 17248 17209 17132 17131 17119 17093 17090 17077 17041 17079 17107 17090 17097 17105 17117 17181 17256 17248 17081 16955 16949 17082 17139 17160 17179 17251 17376 17437 17512 17612 17650 17662 17663 17696 17715 17697 17651 17626 17629 17588 17659 17940 18154 18292 18366 18422 18440 18512 18560 18616 18636 18619 18494 18261 18011 17799 17641 17488 17540 17740 17999 18296 18501 18595 18662 18677 18805
17181 17169 17185 17165 17032 16908 16845 16855 16866 16778 16774 16809 16784 16694 16641 16608 16670 16671 16580 16475 16467 16619 16796 16923 16929 16774 16783 16834 16976 17044 17068 17074 17246 17316 17328 17311 17376 17366 17388 17422 17411 17281 17264 17314 17342 17392 17372 17222 17139 17175 17316 17547 17776 17923 18003 18010 18024 18041 18040 18036 17982 17978 17880 17745 17748 17811 17891 17926 17859 17885 18195 18475 18688 18777 18846 18850 18874
16961 16862 16829 16771 16665 16558 16464 16341 16304 16295 16274 16258 16226 16199 16171 16121 16161 16174 16153 16096 16088 16126 16171 16250 16223 16227 16259 16319 16501 16662 16723 16773 16820 16954 17077 17127 17248 17358 17372 17394 17527 17587 17548 17472 17281 17223 17124 17014 17030 17087 17195 17225 17221 17231 17325 17380 17410 17463 17525 17559 17566 17531 17473 17473 17510 17545 17642 17706 17686 17583 17416 17428 17536 17685 17943 18211 18410
16807 16618 16550 16539 16487 16450 16443 16450 16439 16417 16409 16389 16362 16322 16324 16303 16305 16340 16334 16293 16310 16259 16235 16210 16238 16267 16251 16244 16239 16227 16155 16180 16127 16235 16286 16445 16574 16805 17023 17287 17559 17622 17582 17461 17205 16977 16851 16794 16834 16911 16975 17074 17172 17190 17249 17284 17402 17468 17538 17521 17404 17393 17332 17298 17305 17328 17423 17469 17509 17520 17549 17565 17682 17810 17965 18068 18083
17546 17229 16930 16676 16585 16543 16489 16396 16397 16373 16359 16353 16364 16397 16411 16421 16430 16433 16432 16411 16397 16386 16375 16353 16371 16343 16344 16327 16353 16348 16329 16320 16256 16261 16275 16346 16460 16611 16718 16881 17203 17471 17510 17459 17287 17051 16892 16782 16755 16735 16742 16736 16747 16748 16766 16929 17112 17281 17429 17538 17515 17445 17338 17294 17284 17284 17277 17311 17344 17339 17366 17397 17423 17486 17597 17670 17672
17782 17521 17243 16930 16782 16649 16582 16570 16561 16597 16600 16628 16622 16602 16587 16583 16572 16603 16607 16630 16614 16598 16536 16515 16485 16547 16496 16457 16476 16465 16512 16610 16737 16858 16955 17071 17186 17186 17221 17301 17314 17312 17333 17290 17258 17263 17286 17302 17308 17202 17127 17029 16976 17001 17005 17182 17410 17499 17473 17475 17441 17375 17286 17266 17261 17244 17278 17270 17334 17267 17273 17298 17275 17263 17252 17292 17334
17482 17208 16973 16984 16999 17031 17082 17182 17251 17261 17254 17213 17153 17064 17046 17028 17035 17019 17000 16986 16990 16994 17015 17046 17055 17116 17150 17131 17109 17136 17091 17159 17163 17263 17320 17349 17349 17366 17331 17246 17335 17351 17298 17258 17262 17259 17268 17314 17306 17284 17273 17244 17232 17228 17189 17277 17304 17297 17140 17227 17372 17372 17297 17246 17209 17203 17232 17237 17219 17230 17227 17236 17209 17189 17214 17294 17384
17568 17482 17416 17156 17004 17124 17218 17275 17267 17186 17033 16828 16536 16357 16202 16045 15985 16016 16052 16098 16216 16302 16473 16657 16831 17072 17168 17282 17375 17522 17714 17860 17953 17981 17959 17832 17684 17564 17492 17421 17324 17250 17243 17224 17212 17192 17187 17176 17184 17161 17103 16994 16900 16917 16889 16896 16882 16898 16905 16902 16914 16934 17015 17125 17211 17284 17326 17315 17297 17253 17209 17236 17344 17378 17493 17595 17672
17790 17869 17830 17560 17211 16851 16478 16112 15738 15377 15110 14727 14363 14035 13806 13561 13509 13560 13663 13778 14014 14223 14423 14657 14984 15310 15562 16019 16393 16799 17154 17549 17815 17938 18016 18095 18113 18056 17940 17754 17557 17381 17310 17312 17238 17185 17167 17182 17193 17314 17354 17314 17284 17249 17278 17248 17205 17112 17028 16945 16887 16903 16888 16914 16914 16907 16905 16884 16889 16870 16900 17030 17187 17287 17467 17648 17794
18080 17880 17628 17282 16866 16425 16019 15594 15142 14667 14375 13957 13533 13208 13015 12840 12652 12438 12349 12466 12734 12935 13124 13350 13619 13879 14222 14662 15167 15699 16123 16707 17161 17608 17856 18017 18069 18025 17899 17791 17680 17592 17509 17369 17250 17152 17061 17088 17195 17347 17456 17411 17416 17421 17413 17392 17332 17256 17116 17003 16884 16841 16798 16788 16795 16801 16793 16786 16778 16803 16904 16991 17098 17098 17340 17599 17787
18073 18004 17875 17744 17456 17086 16793 16386 16000 15711 15566 15355 15114 14931 14805 14671 14490 14417 14447 14544 14647 14767 15001 14836 15011 15276 15377 15630 15931 16181 16473 16865 17267 17638 17887 18092 18099 18014 17932 17826 17706 17610 17516 17413 17366 17294 17217 17092 16958 16944 17013 17033 17009 16942 16875 16819 16828 16794 16716 16704 16736 16695 16634 16616 16632 16643 16656 16689 16713 16781 16866 16914 17023 17018 16828 16621 16728
17707 17885 17940 17949 18022 18023 17990 17920 17831 17722 17579 17496 17364 17121 17001 16909 16851 16789 16771 16797 16962 17007 17155 17472 17596 17737 17858 18018 18175 18337 18420 18450 18450 18407 18356 18286 18184 18018 17848 17708 17649 17624 17625 17643 17597 17479 17360 17197 17011 16858 16745 16665 16584 16582 16561 16508 16538 16542 16592 16607 16584 16537 16499 16455 16437 16439 16448 16445 16488 16529 16559 16597 16629 16675 16681 16675 16702
17546 17631 17723 17859 17948 18013 18072 18103 18106 18132 18145 18132 18088 18040 17903 17873 17867 17878 17901 17910 17922 17993 18030 18137 18241 18275 18312 18330 18363 18381 18383 18354 18292 18175 18124 18122 18115 18091 18014 17877 17669 17462 17358 17354 17334 17269 17194 17100 16985 16986 16978 16939 17094 17082 17262 17308 17348 17396 17405 17320 17196 17068 16853 16800 16806 16762 16667 16614 16595 16583 16566 16560 16563 16595 16603 16498 16478
16624 16620 16789 17156 17449 17620 17649 17676 17707 17754 17745 17749 17726 17704 17706 17607 17578 17509 17453 17393 17347 17382 17348 17290 17322 17428 17536 17543 17548 17573 17560 17616 17556 17475 17364 17291 17241 17121 17027 17009 16866 16788 16648 16559 16581 16574 16644 16739 16846 16953 17175 17428 17657 17845 18025 18226 18335 18361 18355 18316 18190 17967 17572 17211 16900 16764 16635 16590 16545 16501 16487 16424 16355 16347 16354 16351 16326
17194 17251 17260 17252 17299 17300 17222 17075 16890 16726 16623 16562 16460 16364 16301 16238 16223 16267 16218 16224 16286 16350 16403 16493 16524 16528 16490 16516 16498 16516 16552 16533 16471 16321 16246 16186 16144 16118 16096 16161 16307 16471 16535 16589 16697 16798 16832 16937 17092 17268 17532 17799 17995 18153 18398 18467 18619 18625 18567 18645 18701 18700 18561 18469 18386 18312 18240 18044 17799 17567 17291 16977 16773 16647 16472 16351 16325
17149 17175 17161 17038 16874 16697 16549 16327 16217 16137 16058 15979 15933 15976 16004 15990 15967 16009 16043 16038 16011 15932 15878 15862 15889 15924 15962 15993 16021 16054 16096 16119 16119 16105 16081 16060 16089 16168 16179 16219 16423 16603 16679 16800 17001 17186 17318 17434 17588 17748 17886 18097 18350 18442 18475 18483 18382 18286 18243 18275 18390 18460 18533 18540 18536 18590 18620 18614 18561 18519 18405 18236 18043 17871 17710 17505 17329
17049 17036 16923 16701 16555 16455 16361 16295 16126 15943 15881 15867 15848 15865 15894 15937 15938 15905 15872 15873 15863 15854 15855 15890 15901 15912 15945 15961 15966 16005 16019 16010 16003 16035 16046 16082 16125 16206 16281 16414 16603 16735 16858 17040 17187 17311 17356 17392 17353 17360 17360 17303 17236 17208 17272 17342 17456 17552 17554 17596 17627 17638 17714 17822 17957 18100 18250 18399 18466 18463 18433 18428 18401 18348 18290 18224 18141
16919 16893 16842 16757 16733 16665 16566 16425 16288 16176 16036 15934 15892 15877 15912 15927 15923 15897 15880 15937 15977 15984 15970 15952 15895 15897 15886 15904 15944 15958 15992 16035 16052 16142 16210 16298 16371 16523 16622 16672 16772 16868 16972 17086 17182 17266 17307 17361 17348 17280 17209 17077 17096 17145 17267 17341 17340 17343 17418 17517 17594 17573 17802 17960 18037 18091 18055 18011 18069 18058 17979 18054 18023 18054 18077 18070 18013
16660 16616 16632 16657 16682 16722 16819 16947 16960 16883 16746 16545 16336 16213 16138 16084 16015 15978 15947 15944 15950 15954 15941 15959 16004 16071 16102 16135 16225 16371 16464 16522 16522 16514 16495 16404 16323 16625 16823 16960 17119 17311 17473 17665 17827 17989 18140 18238 18281 18298 18286 18259 18277 18416 18443 18425 18287 18165 18060 18027 18175 18369 18587 18616 18569 18515 18474 18377 18287 18240 18172 18208 18202 18183 18138 18054 17888
17137 17130 17084 17040 17058 17066 17071 17115 17146 17172 17193 17200 17187 17152 17107 17055 17013 16927 16882 16787 16702 16633 16611 16684 16676 16725 16825 16925 17005 17008 16900 16652 16412 16255 16176 16127 16111 16100 16118 16190 16310 16556 16772 17106 17428 17734 17993 18223 18345 18377 18395 18445 18533 18638 18759 18829 18845 18821 18794 18838 18827 18802 18808 18766 18627 18531 18445 18355 18290 18226 18186 18210 18203 18201 18189 18090 17928
17086 17098 17096 17068 17074 17079 17076 17095 17127 17124 17113 17153 17185 17249 17270 17256 17214 17141 17130 17190 17188 17140 17073 17072 17113 17183 17247 17331 17440 17478 17454 17332 17168 16991 16834 16709 16647 16589 16519 16576 16693 16910 17062 17394 17695 17914 17964 17932 17714 17498 17278 17261 17380 17584 17793 18035 18252 18421 18522 18522 18519 18494 18469 18386 18259 18163 18075 18018 17999 18011 18039 18034 18102 18149 18190 18201 18236
17127 17094 17080 17080 17082 17069 17064 17046 17048 17069 17078 17095 17091 17135 17188 17243 17256 17248 17228 17251 17265 17252 17299 17305 17307 17410 17520 17594 17638 17711 17767 17864 17936 17988 17986 18003 18016 18010 17999 17974 17969 17981 17985 17980 17997 18024 18074 18072 17999 17944 17883 17814 17773 17760 17814 17863 17938 17954 17978 18027 18069 18101 18100 18149 18167 18166 18125 18074 18048 18063 18054 18113 18149 18200 18240 18291 18437
17167 17241 17271 17281 17241 17214 17247 17305 17337 17314 17291 17315 17320 17320 17327 17314 17358 17360 17342 17321 17284 17271 17284 17347 17440 17526 17572 17595 17605 17621 17651 17677 17700 17706 17731 17743 17752 17754 17759 17788 17790 17772 17736 17698 17669 17632 17607 17560 17547 17542 17524 17479 17431 17463 17527 17577 17622 17657 17701 17745 17757 17841 17912 17950 17987 18032 18084 18136 18133 18144 18173 18189 18118 18128 18139 18151 18159
17935 17915 17899 17849 17789 17704 17636 17608 17581 17593 17638 17656 17601 17480 17421 17396 17331 17368 17439 17602 17696 17721 17690 17629 17599 17598 17620 17645 17644 17608 17623 17646 17669 17669 17653 17657 17677 17676 17679 17663 17628 17617 17612 17573 17534 17529 17558 17554 17540 17548 17518 17466 17407 17443 17507 17561 17597 17627 17659 17715 17792 17861 17901 17980 18064 18087 18093 18149 18185 18255 18237 18217 18198 18173 18227 18227 18228
18050 18034 18026 18045 18037 17993 17989 17946 17869 17824 17831 17847 17904 17927 17937 17940 17935 17947 18011 18042 18038 17988 17918 17875 17913 17923 17933 17930 17893 17813 17801 17781 17759 17706 17735 17748 17733 17708 17707 17694 17755 17837 17846 17788 17736 17709 17687 17633 17627 17648 17684 17717 17749 17744 17740 17718 17773 17859 17997 18032 18022 17995 18000 18003 18130 18164 18117 17899 17650 17405 17229 17245 17281 17371 17557 17755 17968
18563 18538 18496 18434 18367 18341 18310 18338 18346 18389 18432 18467 18460 18414 18362 18266 18241 18270 18347 18363 18248 17971 17796 17700 17710 17762 17824 17871 18071 18259 18331 18292 18247 18216 18181 18136 18052 18093 18136 18134 18139 18142 18147 18137 18141 18142 18107 17998 17879 17789 17701 17640 17721 17749 17784 17771 17835 17867 17862 17776 17536 17496 17641 17718 17888 18013 18104 18099 18030 18015 18038 18047 18048 18082 18079 18062 18075
18708 18626 18587 18572 18532 18587 18662 18748 18765 18778 18782 18773 18783 18915 18966 18991 18934 18894 18883 18876 18809 18792 18797 18806 18795 18809 18815 18819 18798 18674 18579 18507 18448 18340 18254 18130 18081 18122 18197 18272 18335 18403 18444 18485 18475 18428 18313 18220 18154 18101 18060 17990 17943 17926 17954 18027 18040 18008 18055 18108 18149 18182 18258 18284 18286 18291 18254 18143 18025 17994 17927 17849 17793 17748 17746 17740 17741
17800 17870 17971 18050 18124 18280 18425 18516 18545 18562 18597 18730 18915 19029 19041 19022 18984 18985 19014 19014 18983 18960 18947 18943 18951 18943 18950 18942 18890 18625 18418 18139 17842 17489 17203 16891 16776 16735 16955 16979 17153 17227 17218 17165 17011 16992 16939 17059 17278 17514 17803 17984 18076 18089 18057 18088 18128 18143 18140 18137 18126 18113 18100 18086 18032 17979 17858 17723 17616 17524 17433 17419 17471 17471 17552 17600 17652
17059 17148 17250 17368 17453 17517 17609 17646 17773 17905 18049 18200 18399 18458 18466 18354 18300 18168 18252 18263 18280 18276 18339 18348 18290 18279 18298 18363 18414 18416 18369 18202 17980 17875 17876 17945 18012 18074 18113 18153 18107 18007 17953 17815 17695 17697 17703 17670 17632 17629 17804 17961 17991 17948 17832 17793 17814 17778 17665 17512 17539 17565 17624 17648 17639 17624 17614 17556 17480 17409 17348 17398 17436 17432 17314 17060 16941
16443 16510 16627 16771 16860 16928 16961 16971 17011 17061 17061 17002 17156 17264 17266 17202 17074 16999 16947 16962 17045 17094 17113 17071 17060 17048 17072 17188 17266 17355 17437 17513 17581 17603 17641 17732 17810 17818 17790 17693 17743 17832 17857 17869 17855 17852 17827 17762 17679 17607 17499 17395 17358 17398 17409 17342 17354 17349 17348 17333 17273 17260 17236 17228 17242 17278 17369 17450 17448 17384 17314 17346 17425 17438 17471 17483 17501
15553 15511 15616 15720 15781 15918 16034 16160 16337 16460 16569 16655 16728 16732 16718 16657 16645 16663 16713 16795 16920 17033 17122 17312 17450 17581 17682 17774 17900 18043 18108 18206 18250 18254 18245 18259 18356 18416 18423 18391 18354 18269 18092 17951 17682 17559 17459 17376 17340 17402 17435 17415 17466 17548 17642 17687 17717 17731 17731 17709 17597 17564 17643 17669 17599 17490 17401 17433 17441 17429 17393 17362 17423 17450 17447 17457 17461
