Alternative/Moon/Lvl0_30x30/Ele_BJ.asc
ncols         335
nrows         335
xllcorner     10107491.657
yllcorner     3322833.042
cellsize      10000
nodata_value  -9999.0
[rows 68 to 101 of 335, columns 77 to 153 of 335]
15397 15516 16336 16887 17371 17868 17889 17711 17265 17858 18586 19014 19632 20251 20492 20477 20374 20341 20327 20332 20308 20202 20335 20259 20114 20391 20587 20549 20750 20736 20626 21025 21147 21208 21107 20688 19985 19140 19043 19108 18969 18766 19021 18911 18777 18360 18171 18141 17899 17936 17525 17398 17012 16974 17009 16750 16659 16074 15740 15645 15796 15894 15831 15866 15604 15574 15557 15784 16077 15994 15726 15391 14929 14752 14532 14336 14296
15948 15933 16516 17109 17901 18606 18578 17981 18090 18701 18987 19661 20238 20434 20322 20258 20177 20152 19928 19781 19823 19811 19823 19721 20021 20411 20634 20480 20382 20266 19965 19992 20706 21291 21372 21200 20898 20595 19954 19451 19118 18916 18916 18804 18702 18694 18512 18484 18244 17782 17482 17498 17331 17161 17127 16908 16719 16489 16226 16185 16174 16086 15813 15870 15834 15643 15859 15484 15484 15372 15205 15183 15044 15136 14919 14701 14720
16863 16964 16968 17202 17958 18651 18662 18824 19754 20335 20735 20952 20877 20761 20862 20866 20587 20005 19382 19388 19356 19060 19332 19698 19643 19763 19723 19594 19746 19594 18781 19336 20136 20651 20892 20931 21067 21044 20986 20989 20908 19827 18945 18855 18581 18792 18527 18483 18456 18056 17615 17455 17569 17633 17589 17429 16673 16513 16580 16555 16785 16810 16668 16843 17002 17060 17012 16734 16486 16221 15586 15287 14846 15131 15614 15640 16067
16745 17266 17235 17644 18228 18880 19554 20110 20960 21692 22077 22081 21695 21013 20791 20748 20596 20067 19597 19608 19722 19662 19560 19518 19351 19026 18979 19039 19508 19499 18719 19042 19916 20568 20740 20734 20410 20926 20911 20961 20978 20396 20281 19959 19067 18944 19208 19088 18548 18498 18839 18953 18967 18776 18818 18881 18602 18419 18196 17862 17688 17538 17455 17563 17750 17777 17558 17150 16964 16520 16648 16627 16481 16117 15891 16189 16241
17567 17558 17545 17701 18170 19018 19596 20250 21051 21735 21955 21944 21717 21231 20850 20680 20382 19896 19613 19844 19815 19951 19897 19519 19054 18968 19042 18916 19072 19072 18287 18328 18817 19494 19661 20011 20065 20103 20218 20314 20669 20695 20504 20505 20391 20337 19940 20176 20430 20353 20124 20157 20587 20788 20724 20687 20737 20842 20720 19740 18651 17757 17500 17231 17311 17403 17372 17082 16993 16626 16727 17012 17127 17528 17893 18076 18192
18527 18649 18709 18538 18243 19052 19899 20487 20725 20829 20999 21477 21688 21360 21073 20965 21022 20598 20082 19921 19843 19833 19664 18822 18153 18795 18818 18379 18371 18282 17810 17777 18354 18988 19593 20067 20139 19984 20236 20412 20627 20651 20457 20515 20509 20460 20375 20306 20563 20568 20346 20199 20532 20805 20859 20851 20830 21025 20965 20806 20555 19711 19003 18755 18366 17720 17061 16889 16970 17108 17536 18197 18471 18602 19043 19216 19115
18600 18927 19247 19432 19324 20095 20437 20366 20277 20087 19972 20105 20216 20327 20282 20385 20387 20274 20018 19866 19816 19594 19192 18538 18766 18544 17766 17810 18060 18180 18218 18092 18419 18832 19501 19756 19650 19639 19800 19736 19472 19758 19878 19729 20064 20154 20171 20301 20594 20720 20448 20036 20074 20518 20943 20926 20602 20754 20802 20943 20899 20597 20440 20275 20259 20246 19827 19539 19667 19845 19823 19460 18802 19170 19447 19597 19660
18108 18629 19864 20566 21376 21460 20705 19868 18990 18891 18667 18594 18655 18576 18816 19292 19425 19663 19657 19596 19443 19036 18684 18650 18879 18693 18287 18264 18246 18347 18310 18263 18518 18583 18655 18844 19184 19314 19414 19322 18773 18939 19031 19235 19205 19459 19863 20278 20429 20916 20927 20613 20213 20457 20860 20880 20228 20002 20180 20331 20565 20575 20646 20598 20306 20239 20112 20119 20289 20492 20338 20226 19899 19937 19698 19416 19761
18339 19318 20141 20780 21538 21502 20455 19478 18594 18368 18168 18362 18293 18119 18268 18717 18781 18783 18879 19110 19044 18743 18692 18256 17739 17727 18407 18904 18792 18304 18365 18378 18480 18405 18182 18625 18824 18964 19120 19133 18243 18094 18356 18341 18195 18492 18688 19329 19937 20525 20822 20670 19750 19909 19877 20017 19956 19675 19685 19955 20067 20372 20383 20389 20357 20143 20053 19878 20090 20339 20412 20339 20246 20405 20349 20026 19706
18940 19502 19745 19837 20652 20712 20187 19418 18599 18239 17989 18188 18230 18173 18123 18182 18077 17927 18009 18394 18630 18807 18929 18866 18266 18820 18802 18906 18858 18827 18678 18518 18610 18627 18899 19142 19098 18635 18596 18553 18467 18092 18296 18267 17948 17596 17955 18325 18958 19578 19818 19803 19721 19455 19257 19211 19117 18635 18795 18895 19028 19325 19737 19987 20127 20199 20157 20073 20044 20222 20155 20004 20115 20085 19970 19868 19665
19302 19739 19744 19705 20149 20156 19469 18833 18522 18502 18242 18020 18172 18253 18001 17833 17771 17580 17629 17942 18150 18379 18792 18747 18136 18531 18453 18712 19113 19110 18793 18620 18708 18733 18991 19228 19100 18608 18024 18281 18701 18829 18343 17956 17981 17874 17815 18341 18631 18735 19046 19379 19528 19424 19303 19126 19332 19100 18598 18421 18015 18336 18760 19266 19813 19922 19982 19992 19940 19871 19679 19546 19260 19355 19245 19183 18778
19113 19476 19500 19419 19217 19183 19209 19079 18640 18620 18363 18153 17733 17627 18057 18232 18325 17954 17868 18204 18387 18266 18140 17915 17550 17477 17708 18131 18461 18836 18829 18719 18839 18818 18963 19205 19227 19033 18960 19051 18964 18952 18915 18405 17758 17113 17582 18299 18723 18881 19142 19474 19926 20166 20486 20422 20164 19576 19295 19482 19259 18664 18343 18256 18804 19474 19759 19913 19860 19715 19314 19250 19152 19224 18913 18703 18667
18500 18441 18485 18194 18133 18106 18063 18015 17987 18166 18303 18157 17880 17659 17941 18320 18503 18448 18458 18415 18461 19043 18995 18595 17923 17662 17761 17574 17982 18380 18336 18621 18754 18701 19009 19114 19172 19233 19624 19611 19161 19291 19351 19360 18939 18541 18406 18139 18360 18868 19420 19749 20248 20504 20968 21040 20988 20743 20375 20326 19986 19552 19475 19032 18353 18570 18797 18797 18646 19095 19173 18880 18839 18822 18698 18424 18207
17702 17815 18049 18169 18105 18087 17983 17683 17527 17669 17680 17579 17551 17707 17691 17909 18511 18567 18542 18500 18641 19034 18938 18576 18186 18081 18293 18125 18688 19147 19194 19141 18869 18984 19596 19724 19189 19283 19561 19487 19066 19036 19116 19184 19313 19213 19135 19194 18914 19312 19997 20053 20337 20559 20976 21105 21076 20946 20663 20462 20263 20080 19774 19816 19714 19210 19011 18951 18528 18159 18532 18593 18485 18427 18204 17791 17235
17729 17653 17586 17765 17952 18041 17876 17595 17605 17691 17726 17766 17565 17943 17917 17783 18115 18421 18785 19075 19778 20320 20296 19784 19397 19405 19315 19268 19772 20112 20283 20225 19755 19073 19261 19256 19004 18807 18575 18972 18883 19209 19494 19348 19355 19392 19578 19824 19673 19854 19896 19970 19452 19455 19816 20093 20303 20357 20320 20174 20366 20386 20386 20342 20017 19712 19061 18778 18015 17564 17426 17202 17158 17058 17185 17151 17187
17496 17540 17632 17695 17627 17506 17467 17576 17455 17479 17553 17632 17691 17610 17553 17783 18355 18738 19554 19731 20233 20897 20940 20903 21024 20635 19949 20099 20222 20135 20163 20096 19686 19390 19283 19346 18969 18434 18653 19030 18890 18964 19084 19065 19197 19241 19504 19753 19712 19805 19801 19396 19027 19013 19071 18944 18903 19032 19423 19771 19851 19948 19815 19860 19665 18996 18357 17686 17294 16832 16842 17006 16807 16613 16532 16792 17210
17885 17969 17634 17708 17593 17289 17422 17292 17564 17974 17894 17712 17916 18088 18075 18169 18530 19165 19384 19463 19860 20216 20603 20737 20804 20410 19958 20291 20427 19873 19603 19336 18983 19428 19231 18718 18369 18087 18287 18280 18439 18531 18669 18900 18924 19193 19649 19871 20077 19969 19218 18808 18864 19235 19220 18919 19135 19568 19398 19565 19596 19028 18555 18400 18111 17759 17276 16959 16503 16337 16769 16968 16728 16747 16533 16815 16779
17737 17765 17502 17239 17203 17205 17158 17243 17660 17955 18032 17855 17864 18096 18096 18142 18543 19222 19373 19395 19748 20113 20249 20232 20131 19743 19669 19804 19791 19535 19518 19115 19478 19451 19073 18825 17936 17980 18195 18097 18384 18269 18330 18659 18663 19029 19616 19999 20359 20393 20295 20029 19711 19445 19863 19941 19891 19509 19303 18967 18967 18656 18182 17996 17971 17334 16718 16306 16309 16348 16298 16397 16337 16356 16439 16246 15741
17763 17385 17280 17265 17439 17404 17348 17293 17551 17916 17944 17763 17510 17656 17765 17947 18388 19076 19426 19408 19365 19635 19728 19789 19728 19384 19056 19314 19436 19587 19445 18861 19737 20147 20065 19800 19322 19273 19457 19342 19105 19000 18612 18311 18268 18938 19512 19781 20409 20619 20768 20779 20623 20042 20242 20233 19979 19181 18566 18518 18190 17536 17094 16903 16873 16840 16698 16262 15841 15862 15766 15801 16068 16165 16401 16408 16140
18913 18530 18116 18059 18100 18136 17840 17703 18169 18370 18355 18351 17991 17669 17534 17675 18277 18945 19446 19407 18785 19225 19794 19707 19501 19377 19467 19739 19848 19702 19459 19438 19812 19985 19902 19604 19302 19358 19731 19618 19279 18915 18730 18760 18934 19399 19571 19901 20192 20253 20395 20549 20737 21212 21233 21062 20578 19738 18669 18206 17567 17355 17446 17458 17676 18049 18027 17427 16576 15848 15787 15797 16001 15996 15682 15714 15928
20000 19893 19420 19861 19747 19507 18740 18780 18874 18817 19142 19258 18978 18794 18586 18340 18715 19417 20163 20186 19751 19565 19630 19633 19446 19410 19381 19519 19532 19250 18980 19000 19145 19158 19098 18916 18410 18679 19279 19397 19163 18399 18742 18790 19086 19249 19569 19807 20231 20315 20137 20717 21164 21398 21271 20977 20756 19571 18661 17803 17265 17247 17543 17807 18028 18275 18319 18179 17975 17586 16862 16168 15553 15533 15167 15089 15041
20136 20268 20539 20892 21108 21034 20278 19844 19759 19724 20022 20258 20267 20360 20344 20054 19757 19973 20178 20194 19906 19745 19908 19845 19670 19203 19314 19715 19915 19617 19399 19539 19523 19221 19189 19136 18889 18654 18717 18441 18350 18499 18345 18390 18531 18527 19300 19412 19701 19903 20216 20833 21292 21314 20804 20262 19940 19468 18667 17852 17252 17114 16856 17277 17618 17850 18036 18046 17992 17686 16862 16165 15574 15174 15013 14826 14648
19074 19712 20445 20667 21057 21034 20715 20485 19977 20158 20493 20888 21041 21199 21095 20823 20528 21074 21121 21486 21505 20845 20561 20738 20764 20782 20707 21252 21323 20779 20416 20350 19800 19134 18985 18928 18892 18641 18504 18245 18180 18522 18272 17914 17806 18116 18363 18465 18928 19555 20115 20652 21265 21325 20506 20016 19363 18894 18461 18198 18135 17809 17338 17097 17354 17237 17188 17083 17122 16829 16370 15684 15249 14934 14850 14800 15275
18519 18845 19352 19537 19815 20391 20593 20364 20068 19932 20484 20997 21496 21906 22026 21664 21904 22262 22172 22141 22365 22247 21730 22365 22430 22086 21803 21927 21861 21242 20616 20216 19482 18847 18669 18626 18537 18208 17834 17629 17659 18013 18012 17830 17360 17448 17702 17942 18358 18710 19284 19632 20437 20670 20141 19547 18756 18169 18135 18201 18230 18139 18071 17551 17423 17179 17367 17429 16929 16210 16036 15383 15014 14807 15298 15886 15894
18359 18549 18515 18226 18665 19401 19742 19681 19878 19849 20549 20953 21434 21851 22011 22149 22432 22526 22521 22449 22445 22411 22449 22838 22885 22567 22236 22086 21700 21041 19971 19568 19184 18539 17821 17742 17535 17706 17625 17228 17318 17370 17472 17465 17433 17532 17458 17758 17807 17766 18012 18415 19494 20014 20439 20404 20126 19619 19080 18809 18560 18432 18619 18586 17776 17377 17308 17003 16502 16017 15972 15060 14796 14923 15411 15938 15718
17985 18053 17964 17846 18065 18693 19204 19554 19637 19763 20349 20663 20936 21631 22087 22734 23203 23100 22952 22811 22832 22838 22937 23119 23010 22453 22026 21862 21204 20192 19685 19209 18677 18064 17412 17180 17476 18169 18190 17779 17566 17651 17405 16900 17186 17359 17497 17720 17748 17624 17990 18185 18921 19997 20546 20632 20651 20131 19509 19232 18768 18720 18655 18574 18335 18002 17325 16798 16410 16355 15789 15618 15161 15256 15308 15580 15827
17483 17419 17359 17408 17461 17645 18083 18612 19300 19625 20115 20181 20431 20940 21778 22514 22950 23184 23369 23055 22726 22705 22953 23071 22891 22235 21973 21513 20883 20105 19176 18763 18200 17689 17603 17645 17775 18178 18093 17972 17794 17959 17841 17641 17483 17534 17573 17444 17443 17436 17490 17769 18242 19292 19934 20366 20452 20511 20483 20326 19654 19394 18568 18712 19014 18952 18392 18149 17962 18115 17952 17188 16634 16267 16323 16082 16115
17189 17224 17208 17097 16930 17068 17337 17958 18185 18308 18946 19362 19938 20323 20953 21361 22055 22918 23099 22702 22545 22409 22311 22358 22158 21744 21256 20977 20522 19747 18770 18052 17532 17492 17612 17680 17876 17890 17664 17714 17559 17679 17790 17803 17415 17208 17602 17798 17506 17489 17594 17877 18422 18624 19086 19626 20441 20979 20846 20837 20749 20463 20025 19718 19733 19502 19025 19060 18879 18893 18983 18611 18191 18056 17583 17198 16788
17208 17034 16793 16798 17118 17005 17107 17426 17610 17875 18613 19145 19753 20351 21129 21418 22037 22479 22452 21965 21958 21979 22247 22280 21836 20603 19462 19170 18753 18388 18070 18005 17785 17610 17421 17426 17728 17569 17583 17553 17784 17791 17680 17790 17786 17689 17801 18091 18262 18401 18376 18328 18625 18657 19323 19694 20508 21343 21822 22104 22129 22017 21591 20705 19938 19314 19578 19587 19426 19454 20039 20407 20269 19654 18850 18099 17513
17078 17501 17678 17626 17560 17158 17274 17328 17018 17460 18178 18663 19220 20360 20966 21166 21932 22472 22549 22581 22495 22469 22308 22085 21648 20307 19518 18664 17588 17191 17273 17684 17898 17958 17679 17750 17887 17644 17676 17497 17761 17769 17526 17777 17876 18067 17999 18244 18735 19244 19619 19691 20171 20144 19888 20313 20712 21287 22499 22989 23155 23204 22561 21661 20578 19843 20052 20071 19726 19685 20677 21285 21576 21415 20687 19835 18970
17332 17886 18130 17935 17507 17151 17191 17241 16904 17109 17613 18510 19313 20349 20516 20744 21277 21973 22396 22538 22402 22417 22166 21821 21578 21489 20703 20116 19467 18282 17805 17668 17956 18085 17816 17628 17847 17836 17989 17720 17555 17571 17593 17734 18125 18108 17989 17952 18586 19105 19865 20227 20650 20916 20954 20839 20905 21364 22272 22695 23004 23149 22742 22359 21509 21400 20651 20306 19855 20143 20925 21308 21459 21705 21905 21980 21963
18145 18340 18288 17996 17919 17765 17904 17927 17620 17309 17349 18061 18844 20203 20803 20872 21243 21598 21766 21819 21762 21791 21945 21889 21684 21648 20846 20460 20149 19672 18986 18453 18136 18102 18057 17931 17815 17848 17615 17631 17953 17972 17888 17730 18096 18426 18455 18304 18683 18814 18965 19382 20625 21597 21940 21773 21438 21454 22152 22647 22825 22812 22383 21821 21551 21746 21610 21021 19991 20036 20775 21506 21879 21863 22023 22422 22800
18945 19670 19719 19325 19198 19097 19270 19228 18842 18305 17699 17453 18043 19156 20157 20490 21246 21804 22260 22272 22206 21803 20961 21591 21956 21370 20623 20193 20115 19641 19063 18788 18639 18308 18016 17886 17860 17675 18008 18080 18249 18233 18128 17627 17876 18495 18317 17743 18569 20071 20618 20914 21183 21687 21720 21638 21261 21295 21525 21587 21887 22169 22123 21879 21945 22058 21799 21157 20122 19579 20115 21024 21459 21532 22028 22391 22862
19454 20097 20459 20487 20525 20435 20387 20251 19586 18891 18219 17763 17667 18130 19140 20144 21086 21821 22258 22315 22321 22353 21830 21862 21877 21351 20950 20705 20493 19969 19402 19141 18750 18416 18006 17770 17675 17776 17848 17820 18171 18430 18398 17953 17906 18777 18715 18326 19593 20577 20908 21381 21514 21675 21674 21294 21592 21578 21187 21564 21661 21667 21582 21866 21990 21827 21402 20919 20181 20010 20037 20265 20806 21541 22006 22233 22724
