Alternative/Moon/Lvl0_30x30/Ele_FD.asc
ncols         335
nrows         335
xllcorner     -9992508.343
yllcorner     -10077166.958
cellsize      10000
nodata_value  -9999.0
[rows 204 to 237 of 335, columns 0 to 76 of 335]
10954 10888 10909 10934 10972 11040 11041 10950 10811 10714 10656 10639 10681 10665 10602 10576 10689 10903 10945 10869 10700 10592 10591 10618 10628 10557 10502 10456 10542 10578 10559 10529 10517 10487 10471 10484 10494 10472 10454 10430 10413 10439 10447 10459 10477 10480 10434 10444 10493 10524 10541 10571 10585 10580 10545 10515 10519 10531 10542 10550 10530 10506 10488 10489 10511 10536 10580 10582 10559 10595 10616 10610 10640 10649 10642 10592 10606
11236 11106 10987 10928 10913 10922 10911 10951 10955 10905 10837 10845 10845 10911 10891 10861 10953 11067 11094 11025 10822 10722 10688 10711 10704 10663 10659 10622 10598 10604 10625 10651 10664 10656 10646 10606 10556 10471 10438 10430 10413 10383 10387 10386 10390 10399 10411 10467 10448 10433 10431 10409 10420 10417 10411 10420 10440 10462 10479 10513 10544 10542 10533 10506 10503 10533 10552 10557 10539 10587 10617 10700 10676 10619 10628 10658 10652
11366 11151 11133 11169 11275 11393 11474 11554 11480 11368 11298 11273 11194 11140 11170 11219 11458 11697 11748 11704 11666 11683 11590 11442 11313 11100 10968 10804 10741 10709 10700 10654 10637 10680 10689 10654 10574 10557 10558 10546 10535 10545 10582 10575 10557 10590 10560 10554 10559 10576 10577 10567 10556 10538 10502 10477 10452 10453 10473 10503 10535 10557 10558 10562 10543 10543 10536 10534 10549 10537 10600 10623 10627 10613 10634 10650 10672
11320 11456 11642 11754 11794 11810 11841 11905 11988 12031 12039 12025 11916 11682 11520 11591 11939 12351 12652 12935 13064 13191 13290 13278 13126 12819 12681 12518 12423 12247 12009 11729 11323 11030 10850 10686 10665 10687 10682 10673 10652 10622 10600 10594 10610 10600 10613 10621 10625 10665 10713 10703 10601 10571 10671 10676 10628 10589 10565 10539 10541 10561 10570 10564 10523 10549 10539 10520 10512 10524 10559 10573 10564 10612 10622 10686 10678
11431 11761 11901 11918 12001 12155 12211 12257 12141 12093 12130 12207 12293 12318 12268 12211 12256 12387 12607 12905 13214 13580 13808 13842 13811 13738 13577 13249 12969 12692 12395 11964 11501 11138 10953 10848 10782 10786 10767 10752 10732 10762 10733 10710 10677 10688 10672 10649 10680 10704 10676 10662 10666 10633 10637 10665 10624 10658 10690 10682 10702 10642 10521 10510 10598 10683 10645 10628 10597 10577 10579 10538 10540 10576 10611 10587 10581
11659 12060 12339 12545 12751 12944 13046 12992 12776 12558 12502 12538 12613 12690 12829 13008 13224 13445 13526 13617 13899 14291 14596 14641 14513 14113 13751 13321 12833 12436 12102 11757 11341 11179 10991 10893 10848 10855 10837 10832 10811 10773 10774 10706 10732 10760 10751 10752 10842 10959 11056 11202 11269 11335 11387 11438 11356 11266 11152 10965 10729 10626 10357 10317 10628 10704 10743 10760 10693 10638 10617 10593 10587 10570 10549 10532 10540
12330 12696 12889 13031 13025 12931 12906 12769 12509 12681 12869 13073 13153 13220 13398 13763 14125 14382 14584 14639 14661 14518 14294 14321 14066 13767 13708 13336 13209 12916 12628 12583 12467 12323 12089 11748 11319 11086 11126 10880 10810 10817 10774 10767 10827 11059 11343 11757 12206 12477 12583 12626 12577 12538 12441 12188 11853 11415 11171 10953 10790 10772 10790 10705 10734 10656 10640 10789 10729 10663 10680 10683 10652 10631 10635 10617 10606
11943 11975 12089 12172 12131 12130 12198 12378 12470 12492 12553 12571 12635 12645 12682 12894 13269 13680 13940 14288 14429 14452 14472 14700 14606 14649 14701 15029 15234 15206 15049 14878 14541 14067 13740 13244 12888 12560 12337 12090 11740 11452 11170 10969 11002 11256 11606 12097 12559 12966 13050 12996 12899 12789 12660 12346 12032 11735 11742 11807 11833 11835 11681 11431 11165 11094 11111 11133 11081 10968 10872 10782 10744 10687 10673 10660 10643
10744 10966 11218 11414 11664 11933 12152 12331 12348 12212 12106 11972 11914 11890 11692 11738 11835 11987 12180 12428 12693 12929 13158 13372 13618 14039 14295 14907 15151 15113 15023 14913 15028 15191 15092 14719 14392 14090 13811 13445 12983 12622 12290 11949 11795 11764 11905 12146 12564 13106 13130 12998 12936 12835 12734 12492 12150 11906 11755 11673 11766 11773 11671 11479 11219 11136 11117 11086 11025 10931 10861 10793 10776 10775 10773 10800 10855
10940 11055 11268 11536 11643 11724 11725 11981 11906 11706 11439 11218 11090 11001 11044 11039 11021 11091 11250 11348 11429 11598 11689 11880 12158 12545 12861 13273 13707 14160 14390 14752 15029 15392 15493 15483 15492 15438 15308 14961 14559 14313 14024 13771 13516 13417 13314 13125 12762 12613 12626 12603 12483 12412 12283 12141 12080 11988 11801 11538 11339 11148 11002 10914 10874 10848 10829 10813 10796 10810 10817 10799 10796 10791 10797 10817 10879
10935 10953 10974 10952 10910 11070 11145 11294 11430 11607 11767 11965 12036 12114 12134 12027 12028 12130 12208 12011 12157 12217 12431 12624 12932 13176 13052 12798 12543 12652 12824 13217 13594 14145 14647 15104 15379 15422 15284 14819 14481 14119 13926 13420 13050 12699 12532 12338 12097 11787 11758 11734 11586 11173 10955 10929 10914 10897 10901 10886 10897 10834 10838 10844 10868 10857 10859 10848 10827 10820 10830 10833 10832 10828 10821 10814 10824
10690 10797 10873 10993 11158 11487 11726 12084 12515 12720 12781 12763 12777 12796 12803 12737 12708 12917 13152 13534 13732 13812 14008 14139 14119 13926 13601 13233 12941 12615 12464 12339 12158 12365 12533 12845 13088 13221 13205 13093 12928 12662 12769 12265 11913 11492 11259 10967 10861 10851 10859 10857 10831 10835 10839 10854 10853 10833 10850 10854 10841 10812 10815 10817 10832 10828 10826 10822 10832 10816 10822 10825 10836 10839 10827 10827 10826
10899 11029 11183 11389 11482 11600 11816 12259 12608 12904 13198 13367 13357 13254 13302 13315 13215 13094 13156 13522 13593 13574 13550 13413 13294 13132 12951 12816 12653 12725 12634 12263 11697 11235 11048 10930 10968 10963 10852 10800 10855 10820 10798 10789 10786 10788 10771 10796 10807 10833 10851 10858 10849 10843 10837 10833 10830 10842 10836 10850 10846 10820 10815 10820 10828 10824 10819 10818 10820 10826 10819 10813 10817 10818 10813 10820 10831
11191 11476 11739 12076 12324 12439 12462 12469 12591 12739 12866 13030 12969 12810 12555 12135 11814 11563 11482 11499 11772 11786 11738 11491 11391 11475 11608 11822 11953 11911 11776 11728 11486 11172 10919 10829 10839 10822 10810 10805 10810 10800 10801 10808 10809 10810 10812 10804 10833 10844 10845 10849 10849 10849 10846 10846 10841 10833 10829 10826 10822 10817 10817 10819 10824 10827 10819 10822 10820 10824 10827 10803 10811 10805 10813 10824 10834
11056 11287 11388 11573 11759 11634 11658 11596 11449 11332 11089 10962 10915 10806 10798 10797 10802 10801 10797 10797 10794 10796 10819 10891 11032 11188 11220 11164 11074 10959 10893 10816 10807 10823 10812 10817 10809 10813 10811 10815 10816 10819 10821 10816 10816 10827 10835 10829 10825 10826 10845 10851 10853 10874 10864 10863 10859 10834 10832 10822 10815 10807 10800 10800 10804 10800 10799 10795 10811 10824 10830 10832 10819 10810 10812 10812 10812
10772 10781 10808 10829 10813 10794 10837 10822 10824 10829 10867 10870 10873 10857 10862 10879 10828 10833 10835 10836 10879 10864 10855 10854 10850 10864 10844 10871 10864 10848 10850 10878 10853 10857 10862 10851 10839 10827 10844 10833 10848 10905 10914 10838 10859 10903 10907 10905 10864 10842 10829 10853 10862 10860 10872 10849 10834 10828 10820 10818 10806 10801 10803 10805 10815 10816 10817 10831 10825 10837 10835 10830 10809 10798 10805 10805 10794
10760 10788 10848 10842 10871 10895 10899 10885 10916 11054 11126 11136 11050 11005 10979 10955 10961 10974 11021 11021 11101 11180 11116 11013 10940 10919 10900 10885 10850 10843 10851 10875 10833 10820 10858 10837 10827 10821 10824 10839 10866 10927 10925 10881 10896 10905 10912 10906 10861 10860 10839 10849 10855 10846 10837 10830 10831 10829 10825 10811 10803 10800 10801 10813 10805 10805 10812 10812 10820 10817 10818 10812 10794 10776 10774 10760 10749
10695 10663 10823 10862 10873 10880 10888 10950 11005 11185 11302 11270 10950 10484 10050 9814 10153 10518 10821 11073 11099 11187 11135 11028 10956 10953 10915 10864 10853 10825 10823 10809 10808 10803 10799 10804 10803 10794 10810 10806 10811 10816 10813 10826 10815 10861 10859 10846 10838 10820 10813 10801 10795 10783 10772 10768 10759 10770 10764 10763 10745 10740 10757 10765 10808 10818 10800 10807 10828 10816 10800 10794 10782 10766 10768 10757 10738
10789 10735 10756 10784 10802 10839 10821 10809 10824 10847 10894 10960 10962 10906 10963 10940 10953 11092 11192 11181 11098 11005 10936 10873 10862 10863 10856 10845 10842 10822 10812 10801 10791 10791 10776 10766 10786 10772 10769 10761 10763 10769 10765 10764 10767 10781 10775 10783 10781 10772 10769 10762 10759 10750 10748 10718 10717 10719 10722 10715 10732 10755 10717 10740 10765 10742 10744 10766 10800 10805 10795 10772 10775 10741 10747 10743 10731
10713 10677 10708 10713 10712 10728 10735 10778 10782 10799 10813 10834 10852 10851 10812 10818 10817 10822 10807 10810 10794 10796 10808 10809 10788 10799 10789 10778 10780 10788 10756 10761 10778 10769 10761 10745 10739 10736 10727 10731 10722 10714 10718 10728 10759 10744 10746 10735 10737 10718 10717 10712 10721 10717 10717 10711 10704 10695 10676 10667 10681 10677 10680 10678 10697 10676 10695 10733 10742 10740 10747 10753 10756 10753 10736 10721 10725
10758 10736 10726 10718 10721 10728 10728 10734 10772 10801 10811 10839 10866 10859 10806 10787 10794 10791 10790 10789 10787 10791 10790 10789 10785 10783 10776 10769 10742 10729 10721 10709 10712 10714 10714 10717 10725 10719 10715 10712 10710 10700 10698 10708 10718 10731 10705 10697 10683 10683 10683 10675 10670 10671 10673 10665 10661 10656 10653 10659 10656 10659 10666 10655 10664 10662 10672 10673 10698 10730 10729 10721 10736 10756 10775 10752 10744
10973 10931 10870 10847 10778 10752 10750 10749 10739 10742 10756 10762 10768 10768 10773 10757 10747 10748 10740 10747 10770 10773 10758 10774 10843 10829 10784 10728 10719 10712 10696 10686 10679 10685 10680 10676 10667 10665 10666 10663 10647 10643 10646 10645 10642 10631 10642 10634 10639 10635 10639 10641 10642 10643 10652 10677 10682 10675 10678 10667 10669 10667 10679 10698 10679 10695 10708 10689 10701 10711 10727 10716 10733 10730 10724 10757 10773
11128 11079 11065 10955 10857 10824 10823 10818 10800 10785 10769 10764 10763 10731 10723 10713 10708 10715 10737 10821 10832 10764 10707 10734 10722 10804 10818 10736 10690 10679 10677 10686 10688 10695 10708 10687 10670 10707 10685 10689 10643 10668 10654 10639 10630 10631 10642 10646 10656 10695 10752 10782 10726 10735 10767 10795 10810 10807 10782 10745 10751 10734 10715 10704 10709 10745 10742 10744 10732 10719 10728 10704 10662 10655 10651 10644 10649
10970 10924 10873 10827 10807 10809 10812 10817 10814 10782 10760 10750 10749 10711 10693 10655 10637 10642 10639 10644 10638 10655 10652 10658 10632 10612 10632 10653 10665 10671 10656 10660 10687 10725 10736 10709 10698 10709 10704 10684 10704 10724 10728 10758 10785 10739 10680 10635 10624 10671 10779 10809 10770 10782 10762 10815 10828 10824 10810 10790 10758 10723 10696 10671 10657 10651 10630 10618 10606 10608 10611 10582 10585 10575 10578 10582 10580
10921 10978 10982 10929 10891 10841 10818 10796 10776 10772 10763 10762 10746 10736 10707 10684 10680 10664 10653 10637 10626 10612 10611 10614 10622 10624 10625 10636 10663 10667 10661 10677 10673 10666 10664 10666 10659 10665 10663 10661 10665 10654 10662 10695 10707 10712 10693 10672 10643 10647 10647 10626 10649 10696 10696 10649 10676 10681 10656 10650 10630 10614 10608 10599 10590 10587 10590 10578 10578 10575 10577 10583 10577 10562 10573 10587 10582
10811 10833 10741 10673 10659 10652 10654 10674 10639 10620 10632 10634 10644 10638 10636 10646 10662 10648 10645 10623 10620 10607 10606 10621 10619 10622 10621 10611 10664 10671 10662 10673 10704 10733 10735 10727 10701 10682 10673 10658 10652 10637 10635 10631 10629 10623 10620 10622 10623 10620 10620 10605 10618 10597 10583 10590 10579 10579 10579 10579 10578 10582 10583 10585 10585 10594 10600 10586 10592 10594 10591 10591 10578 10577 10567 10571 10577
10786 10743 10692 10635 10641 10629 10634 10650 10648 10611 10622 10652 10646 10621 10617 10598 10589 10578 10571 10569 10558 10551 10544 10533 10524 10516 10520 10541 10569 10568 10565 10617 10637 10690 10700 10701 10696 10668 10668 10629 10639 10649 10641 10628 10633 10620 10623 10638 10636 10635 10614 10638 10641 10618 10611 10606 10607 10609 10611 10606 10598 10592 10601 10603 10592 10591 10577 10586 10590 10603 10602 10597 10596 10598 10598 10623 10671
10808 10802 10789 10731 10621 10606 10590 10564 10563 10556 10561 10575 10570 10579 10606 10615 10600 10578 10589 10591 10595 10596 10580 10583 10581 10579 10571 10561 10559 10557 10551 10601 10633 10642 10659 10658 10664 10650 10615 10641 10647 10642 10632 10631 10618 10616 10610 10622 10619 10610 10628 10616 10621 10614 10617 10626 10649 10644 10677 10703 10728 10653 10663 10689 10728 10704 10741 10710 10665 10638 10613 10604 10599 10599 10608 10698 10838
10814 10813 10778 10724 10628 10608 10601 10607 10599 10556 10625 10612 10574 10712 10694 10641 10654 10675 10652 10610 10591 10582 10563 10561 10592 10602 10603 10585 10631 10664 10680 10680 10658 10683 10705 10702 10671 10670 10666 10675 10652 10649 10651 10643 10668 10673 10649 10623 10624 10608 10612 10610 10588 10595 10606 10625 10653 10679 10729 10774 10706 10475 10282 10194 10304 10452 10708 10764 10752 10672 10626 10603 10591 10628 10614 10577 10647
10861 10877 10879 10845 10831 10826 10823 10839 10830 10794 10745 10710 10665 10621 10552 10418 10419 10664 10721 10773 10794 10822 10816 10768 10692 10658 10612 10610 10617 10615 10611 10615 10635 10671 10699 10699 10700 10682 10688 10670 10655 10655 10649 10646 10651 10656 10654 10640 10624 10617 10616 10605 10594 10600 10605 10601 10624 10623 10620 10618 10646 10651 10632 10617 10616 10643 10642 10596 10549 10544 10541 10540 10557 10534 10529 10566 10563
11468 11340 11238 11136 11050 11012 11002 11016 11024 11002 10880 10868 10798 10682 10731 10768 10844 10849 10739 10533 10564 10708 10831 10877 10986 11037 11044 10978 10914 10854 10839 10832 10801 10726 10672 10627 10583 10538 10520 10521 10543 10556 10543 10550 10542 10544 10542 10547 10559 10576 10604 10665 10663 10645 10611 10613 10639 10681 10666 10604 10579 10546 10550 10545 10545 10516 10520 10506 10524 10540 10519 10507 10498 10537 10562 10560 10540
12595 12440 12348 12099 11857 11735 11601 11478 11396 11321 11327 11295 11287 11242 11166 11072 11057 11045 11113 11155 11088 10871 10804 10796 10923 11047 11046 10974 10926 10870 10823 10816 10779 10720 10681 10638 10580 10557 10536 10516 10517 10528 10557 10601 10664 10676 10602 10570 10576 10608 10678 10721 10653 10598 10638 10603 10564 10561 10542 10542 10532 10528 10522 10517 10516 10517 10518 10514 10511 10513 10514 10518 10525 10559 10591 10610 10595
13919 13869 13624 13433 13108 12925 12788 12552 12424 12133 12014 11971 11873 11780 11681 11620 11585 11539 11542 11447 11398 11403 11356 11235 11152 11112 11063 11003 10902 10882 10846 10829 10804 10850 10858 10891 10926 10960 11023 11064 11094 11135 11145 11136 11041 10944 10910 11029 11147 11223 11222 11133 11055 10938 10852 10798 10785 10833 10825 10880 10907 11004 11034 11138 11160 11192 11215 11305 11242 11214 11188 11168 11116 11073 11054 11012 10975
14844 14861 14784 14628 14485 14455 14390 14362 14286 14321 14177 14036 13889 13655 13498 13285 13093 13001 12950 13002 13053 12907 12810 12706 12518 12515 12491 12466 12406 12382 12282 12224 12156 12149 12031 11921 11773 11685 11626 11660 11726 11890 11984 12139 12252 12210 12161 12177 12249 12220 12304 12250 12292 12321 12292 12302 12298 12288 12314 12321 12293 12229 12192 12164 12075 11932 11836 11797 11759 11677 11653 11649 11598 11562 11544 11513 11472
