Alternative/Moon/Lvl0_30x30/Ele_AH.asc
ncols         335
nrows         335
xllcorner     3407491.657
yllcorner     6672833.042
cellsize      10000
nodata_value  -9999.0
[rows 204 to 237 of 335, columns 77 to 153 of 335]
17791 17756 17750 17790 17796 17792 17792 17828 17824 17814 17818 17824 17825 17833 17837 17841 17942 18011 18485 18757 19188 19730 20298 20507 20631 20674 20600 20380 20187 19989 19694 19511 19516 19472 19228 19201 19621 20038 20359 20465 20467 20349 20100 19823 19316 18918 18540 18160 17723 17602 17498 17471 17451 17428 17397 17373 17360 17352 17351 17340 17340 17339 17343 17349 17395 17409 17442 17451 17563 17671 17635 17504 17527 17658 17636 17629 17685
17736 17746 17757 17766 17776 17782 17809 17815 17820 17810 17813 17822 17832 17827 17833 17900 18180 18202 18268 18368 18976 19430 20174 20383 20504 20589 20563 20389 20253 20020 19754 19598 19566 19549 19536 19644 19889 20201 20583 20663 20570 20460 20216 19974 19363 18913 18314 17904 17625 17585 17480 17472 17452 17399 17378 17373 17359 17348 17345 17303 17299 17294 17309 17340 17361 17384 17384 17442 17523 17629 17799 17946 17991 17996 17911 17930 17944
17786 17777 17722 17661 17661 17683 17673 17687 17667 17675 17703 17770 17814 17824 17853 17880 18017 18034 18033 18197 18405 18527 18938 19313 19889 20117 20159 20031 19881 19858 19869 19845 19802 19995 20275 20498 20497 20359 20326 20385 20412 20325 19923 19230 18649 18123 17680 17555 17512 17495 17461 17444 17420 17410 17394 17380 17375 17351 17356 17342 17322 17316 17321 17338 17354 17392 17406 17434 17591 17878 18044 18095 18081 18059 18022 17965 17929
17766 17760 17760 17726 17695 17656 17700 17714 17741 17747 17722 17700 17717 17805 17817 17822 17827 17838 17873 17873 18074 18422 18815 19257 19792 20070 20078 19970 19958 20005 19990 20039 20201 20382 20624 20632 20520 20490 20901 21152 21176 20944 20518 19910 19429 18964 18423 18126 17985 17839 17607 17539 17518 17513 17481 17481 17451 17463 17578 17415 17319 17325 17335 17329 17348 17374 17439 17464 17516 17740 17790 17777 17725 17741 17745 17768 17771
17763 17762 17762 17760 17750 17762 17764 17774 17780 17784 17785 17777 17790 17794 17803 17817 17835 17837 17865 17948 18161 18438 18895 19281 19400 19726 19809 19845 19826 19795 19797 19828 19904 19931 20082 20087 20157 20575 21068 21623 21854 21758 21414 20914 20242 19882 19452 19132 18874 18719 18536 18268 18099 18040 18031 17838 17609 17554 17471 17438 17417 17401 17481 17482 17638 17641 17545 17578 17620 17609 17635 17571 17516 17529 17506 17447 17486
17760 17755 17759 17760 17758 17760 17760 17762 17767 17769 17774 17784 17791 17795 17803 17814 17867 17874 18004 18247 18488 18771 19100 19280 19242 19290 19315 19342 19417 19455 19505 19625 19810 19912 20022 20120 20160 20335 20829 21459 21721 21687 21446 21075 20788 20570 20308 19924 19495 19278 19189 19009 18888 18821 18643 18501 18081 17811 17673 17544 17549 17492 17500 17547 17775 17724 16907 16252 16643 17275 17738 17701 17634 17479 17387 17368 17370
17762 17759 17759 17760 17759 17761 17762 17763 17766 17769 17773 17781 17790 17803 17813 17926 18226 18453 18750 19107 19308 19279 19244 19164 19126 19148 19147 19223 19318 19401 19461 19550 19690 19713 19828 19915 20052 20184 20301 20588 20891 21089 21128 21013 20867 20873 20566 20210 19728 19518 19382 18943 18726 18614 18554 18451 18237 18002 17761 17626 17642 17695 17717 17702 17786 17823 17860 17873 17826 17817 17787 17763 17731 17470 17424 17396 17387
18553 18650 18515 18338 18135 18063 17965 17843 17800 17796 17785 17786 17794 17806 17811 17868 18314 18667 18896 19116 19198 19157 19082 19055 19070 19106 19146 19195 19316 19516 19571 19626 19594 19581 19671 19946 20102 20393 20512 20545 20561 20583 20626 20665 20555 20237 19682 18970 18426 17933 17636 17540 17478 17448 17424 17434 17454 17427 17474 17504 17604 17607 17651 17755 17819 17785 17603 17633 18054 18255 18135 17652 17467 17424 17466 17560 17423
18613 18833 18907 19047 19051 18935 18764 18557 18355 18266 18112 18036 18054 17988 18003 17982 17888 17905 17891 18092 18286 18486 18467 18574 18447 18488 18575 18860 19141 19320 19417 19583 19690 19784 19994 20162 20475 20742 20843 20743 20580 20228 19714 18986 18253 18014 17656 17505 17434 17422 17381 17473 17395 17317 17310 17311 17309 17357 17443 17492 17514 17467 17507 17555 17498 17560 17563 17669 17766 17775 17767 17570 17495 17487 17493 17617 17456
18553 18642 18751 18901 18918 18865 18739 18572 18396 18248 18103 18002 18051 17993 17961 17955 17879 17909 18042 18306 18519 18609 18630 18418 18236 18194 18190 18259 18494 18666 18713 18757 18787 19164 19706 20190 20482 20645 20757 20488 19944 19581 18739 18205 17632 17443 17401 17372 17348 17336 17339 17376 17370 17347 17325 17319 17310 17420 17402 17468 17736 17719 17524 17418 17472 17453 17530 17593 17756 17770 17692 17671 17623 17623 17629 17573 17534
18584 18633 18594 18752 18731 18711 18670 18559 18491 18382 18280 18130 18053 18091 18285 18467 18405 18397 18394 18676 18906 19069 19098 19065 18969 18509 18184 18127 18130 18139 18166 18191 18180 18276 18628 19190 19743 19943 19820 19338 18757 18318 17949 17635 17466 17415 17379 17343 17321 17316 17309 17309 17341 17367 17415 17428 17598 17560 17425 17349 17375 17381 17338 17321 17339 17480 17625 17576 17549 17630 18017 18443 18440 18203 18012 17865 17971
19211 18816 19046 19141 19128 19289 19556 19557 19511 19190 19114 19143 19242 19229 19267 19387 19365 19252 19184 19188 19073 19051 19051 18961 18804 18461 18186 18151 18112 18088 18107 18138 18218 18405 18615 19158 19782 19998 19935 19609 19010 18430 17969 17643 17476 17426 17419 17448 17369 17329 17315 17368 17575 17881 18362 18554 18584 18390 17911 17460 17395 17338 17416 17391 17370 17440 17515 17584 17659 17772 18406 19071 19219 19281 19201 19070 19049
19192 19059 19061 19074 19166 19239 19519 19539 19515 19319 19310 19270 19203 19246 19307 19297 19249 19253 19237 19153 18963 18611 18304 18236 18273 18354 18341 18463 18502 18406 18290 18307 18396 18595 18884 19267 19565 19887 19961 19557 19094 18817 18361 17945 17798 17686 17514 17586 17432 17361 17398 17509 17570 17711 18165 18347 18366 18163 17747 17480 17418 17412 17421 17515 17469 17514 17563 18094 18710 19297 19783 19855 19892 19950 19957 19873 19747
18601 18553 18768 18994 19096 19139 19174 19140 19152 19213 19211 19106 18976 18940 18788 18784 18755 18678 18678 18781 18811 18717 18635 18505 18523 18528 18550 18649 18641 18502 18339 18291 18268 18448 18619 18799 19023 19343 19440 19332 19553 19570 19392 18858 18267 17732 17549 17373 17347 17364 17393 17415 17430 17452 17506 17517 17461 17467 17578 17585 17478 17564 17580 17543 17720 18216 18537 19082 19573 19681 19921 19890 19825 19786 19780 19716 19619
18196 18198 18353 18779 19037 19122 19172 19250 19216 19242 19161 19118 19079 19066 19026 18983 19005 18998 18895 18708 18474 18392 18317 18298 18368 18371 18351 18343 18294 18187 18045 17918 17925 17954 17973 18005 18028 18308 18597 18646 19151 19537 19575 19349 18688 18071 17559 17470 17552 17726 18209 18515 18574 18671 18718 18707 18519 18317 17855 17735 17709 17767 17744 18145 18722 19349 19743 19804 19751 19673 19568 19396 19333 19329 19102 18733 18735
18323 18255 18406 18589 18903 19099 19217 19276 19273 19328 19296 19211 19104 19038 18947 18908 18967 18984 18906 18764 18537 18383 18315 18341 18270 18204 18292 18277 18387 18396 18351 18265 18177 18143 18399 18640 18644 18410 18194 18088 17935 17670 17801 17842 17632 17525 17483 17479 17567 17790 18139 18658 19183 19638 19952 20045 19913 19611 19215 18876 18955 18848 19021 19154 19214 19549 19698 19599 19576 19689 19641 19511 19328 19247 19184 19068 18950
18978 19109 19134 19160 19214 19110 19088 18968 19059 19070 19063 19004 18899 18842 18724 18629 18549 18582 18579 18548 18553 18610 18676 18742 18870 18933 18975 18987 18892 18794 18532 18412 18483 18630 18778 19127 19182 18933 18465 17980 17585 17567 17523 17465 17449 17377 17383 17423 17479 17511 17634 18005 18924 19504 20020 20150 20031 19932 19912 19880 19731 19569 19527 19289 19128 18970 18986 19100 19212 19230 19150 19105 19159 19164 19118 19089 19171
19550 19555 19495 19301 19160 19017 18796 18824 18780 18668 18666 18618 18713 18729 18668 18608 18635 18760 18858 18979 18982 18978 18943 18969 19068 19126 19144 19102 18986 18935 18558 18528 18587 18561 18578 18888 19077 18772 18348 17941 17737 17722 17624 17468 17412 17377 17369 17351 17386 17433 17508 17726 18503 19401 20172 20718 20632 20268 19968 19861 19642 19477 19121 18935 18869 18745 18783 18872 18899 18893 18881 18825 19040 19129 19091 18957 18983
19426 19425 19435 19370 19249 19138 18997 18980 18874 18879 18810 18740 18852 19023 19063 19009 18968 18968 19064 19147 19242 19233 19222 19236 19184 19204 19260 19209 19093 19042 18947 18692 18654 18630 18706 19080 19178 18998 18216 17875 17819 17758 17643 17578 17579 17570 17444 17466 17499 17458 17751 18398 19262 19900 20520 20797 20732 20325 19705 19213 19079 19073 18949 18821 18712 18596 18548 18621 18631 18582 18569 18597 18605 18681 18729 18777 18806
19309 19285 19224 19281 19303 19255 19281 19225 19093 19007 19043 19178 19230 19174 19030 19040 19086 19063 19119 19165 19278 19332 19282 19244 19228 19316 19364 19355 19309 19310 19266 19038 19289 19446 19627 19565 19482 19394 19309 19702 19363 19120 18854 18619 18467 18389 18194 18316 18566 18830 19404 19909 20249 20280 20467 20288 19871 19657 19266 18943 18906 18859 18823 18756 18661 18618 18611 18475 18462 18450 18472 18596 18617 18638 18697 18791 18740
19359 19262 19342 19533 19613 19710 19706 19670 19541 19517 19192 19266 19240 19150 18917 18913 19067 19102 19209 19180 19148 19317 19448 19661 19742 19677 19483 19395 19416 19382 19423 19530 19594 19690 19703 19681 19622 19604 19752 20111 20247 20282 20300 20197 20385 20368 20245 20166 20201 20163 20127 20192 20149 19899 19455 19245 19190 19069 18765 18681 18639 18596 18560 18540 18555 18583 18476 18345 18348 18375 18432 18615 18636 18779 18782 18738 18299
19508 19286 19080 19183 19228 19453 19540 19575 19597 19625 19432 19318 18980 18725 18247 18496 18550 18796 19211 19267 19300 19355 19523 19669 19719 19673 19452 19198 19105 19086 19385 19654 19666 19650 19618 19593 19566 19587 19564 19588 19637 19592 19553 19790 20046 20122 19969 19820 19710 19654 19448 19100 19182 19264 19310 19273 19092 19112 19012 18748 18547 18491 18467 18431 18293 18232 18294 18188 18215 18323 18539 18717 18582 18790 18755 18505 18088
18715 18438 18105 17951 17901 17892 17966 18212 18651 18680 18759 18562 18413 18296 18171 17834 17918 18201 18884 19186 19236 19250 19214 19291 19313 19109 18969 18750 18839 19230 19626 19795 19788 19756 19681 19520 19549 19622 19498 19378 19338 19327 19199 19219 19107 19014 19015 19083 19083 19006 18755 18735 18828 18855 18862 18875 18746 18772 18801 18790 18687 18554 18306 18161 18051 17918 17896 17862 17896 17926 18025 18072 18110 18081 18043 17874 17661
18243 17909 17818 17815 17829 17840 17865 17901 18107 18355 18838 19143 19182 18952 18387 17998 17871 17888 18308 18594 18503 18120 18072 18242 18169 18129 17735 17744 18026 18322 18532 18729 18723 19077 19172 19308 19493 19490 19421 19619 19733 19767 19624 19401 19465 19461 19335 19240 19210 19062 18892 18704 18656 18633 18538 18547 18598 18584 18726 18781 18702 18606 18592 18340 18167 17966 17903 17881 17842 17849 17872 17873 17816 17743 17698 17666 17642
19184 18904 18512 18156 18072 18074 18086 18092 18152 18485 18786 18829 18597 18477 17936 17746 17695 17659 17643 17489 17535 17568 17587 17522 17445 17465 17475 17528 17560 17575 17561 17527 17580 17657 17560 17551 18063 18447 19085 19408 19777 19877 19900 20022 20090 20035 19941 19814 19650 19481 19281 19060 18729 18690 18508 18315 18335 18199 18265 18493 18641 18616 18426 18300 18292 18199 18157 18076 17973 17894 17829 17815 17866 17928 17909 17865 17743
19582 19585 19523 19376 19204 19063 18871 18637 18361 18435 18605 18509 18301 18123 17682 17582 17498 17391 17442 17418 17396 17368 17340 17348 17339 17336 17328 17326 17326 17353 17346 17365 17402 17410 17443 17457 17462 17527 17827 18242 18824 19254 19546 19919 20113 20077 20002 20068 19899 19847 19720 19515 19419 19262 19171 19034 18853 18828 18891 19176 19268 19125 19002 18841 18579 18355 18190 18049 18024 17968 17895 17827 17832 17874 17878 17821 17746
19399 19459 19481 19354 19065 18799 18695 18420 18259 18238 18086 17807 17585 17420 17367 17312 17314 17284 17273 17282 17256 17252 17241 17242 17213 17212 17219 17217 17227 17236 17335 17268 17283 17278 17296 17328 17376 17405 17452 17518 17724 17961 18138 18572 19336 19570 20032 20328 20337 20188 20190 20112 19932 19784 19628 19471 19369 19411 19490 19434 19480 19421 19298 18944 18540 18321 18155 17961 17824 17880 17896 17923 18068 18138 18170 18145 18141
18313 18067 18167 18137 17867 17792 17623 17452 17365 17335 17309 17297 17283 17275 17257 17235 17219 17209 17189 17182 17175 17160 17148 17145 17124 17127 17123 17145 17158 17166 17181 17180 17188 17189 17215 17239 17268 17298 17337 17364 17404 17461 17517 17745 18099 18307 18964 19643 20135 20209 20339 20317 20170 19895 19738 19731 19734 19750 19555 19422 19076 18753 18489 18205 17938 17745 17713 17701 17680 17700 17722 17800 18181 18474 18456 18220 18025
18333 18434 18283 17708 17377 17373 17376 17334 17321 17307 17278 17274 17267 17257 17265 17264 17242 17234 17217 17200 17172 17163 17142 17134 17121 17104 17104 17110 17119 17119 17125 17132 17148 17147 17142 17158 17182 17197 17227 17253 17298 17377 17477 17434 17571 17726 18248 18890 19617 20002 20287 20277 20196 20140 20217 20277 20051 19881 19571 19151 18614 18323 17855 17729 17680 17685 17670 17635 17618 17621 17666 17738 17976 18198 18150 17976 17695
18212 18241 18054 17533 17369 17366 17367 17456 17330 17333 17328 17312 17297 17284 17278 17270 17254 17235 17236 17227 17198 17160 17139 17168 17160 17167 17143 17132 17136 17137 17137 17147 17150 17149 17151 17153 17154 17148 17162 17192 17234 17273 17382 17387 17456 17527 17615 18090 18844 19519 20038 20160 20226 20318 20370 20491 20636 20611 20356 19759 19263 18806 18265 17797 17749 17795 17637 17628 17623 17620 17637 17672 17748 17761 17765 17689 17486
18868 18404 17835 17435 17361 17331 17314 17288 17242 17226 17223 17186 17196 17169 17138 17111 17085 17076 17078 17088 17083 17092 17107 17172 17190 17198 17209 17198 17173 17149 17146 17150 17141 17148 17148 17151 17142 17151 17154 17166 17189 17221 17274 17357 17424 17468 17583 17892 18437 18872 19371 19802 19821 19866 19893 19961 20119 20428 20331 20096 19818 19525 18890 18305 17882 17783 17721 17689 17686 17781 17775 17697 17835 17937 17933 17658 17382
18842 18350 17784 17452 17392 17441 17302 17226 17196 17141 17104 17090 17068 17044 17007 16987 16962 16949 16958 16964 16994 17010 17086 17124 17140 17206 17212 17219 17229 17209 17174 17152 17144 17149 17156 17158 17153 17158 17166 17178 17188 17256 17276 17333 17398 17468 17569 17850 18214 18228 17861 17740 17531 17559 17600 17568 17857 18215 18879 19283 19114 18808 18439 18160 18049 17883 17801 17647 17388 17446 17527 17264 17555 17978 18299 18379 18291
18695 18245 17676 17380 17320 17284 17218 17156 17121 17068 17042 17002 16974 16948 16928 16922 16943 16953 16948 16943 16955 16979 16992 17026 17084 17123 17158 17187 17207 17233 17440 17526 17405 17263 17188 17177 17179 17185 17182 17208 17232 17248 17291 17361 17403 17468 17578 17614 17564 17340 17305 17280 17254 17252 17267 17292 17283 17334 17400 17465 17411 17519 17809 18002 18162 18274 18251 17920 17388 17084 16850 16827 16994 17171 17400 17631 17659
18735 18315 17822 17388 17267 17215 17182 17130 17103 17060 17018 16974 16936 16952 16953 16913 16947 16968 16933 16942 16952 16955 16967 16993 17040 17070 17127 17188 17314 17575 17663 17664 17576 17426 17485 17189 17191 17194 17209 17223 17252 17258 17298 17330 17382 17443 17537 17717 17964 17962 17724 17412 17297 17304 17302 17314 17337 17322 17289 17299 17300 17389 17691 18025 18230 18283 18206 17790 17181 16904 16842 16840 16911 16869 16779 16897 16903
