Alternative/Moon/Lvl0_30x30/Ele_EF.asc
ncols         335
nrows         335
xllcorner     -3292508.343
yllcorner     -6727166.958
cellsize      10000
nodata_value  -9999.0
[rows 238 to 271 of 335, columns 231 to 307 of 335]
16809 16989 17658 18660 19029 19152 19145 18969 18236 17698 17567 16946 16475 16110 15798 15415 14933 14868 14860 14820 14709 14860 14878 15055 15117 14872 14909 15195 15451 15582 15146 14471 14340 14142 14207 14367 14251 14177 14191 14284 14984 15371 15618 15572 15544 15910 16433 16686 16730 17247 17472 17709 18245 18409 18448 18374 18981 19313 20248 20936 21521 21576 21910 22199 22114 22072 22077 22010 21957 22011 21682 21535 21404 21371 21121 20925 20799
16785 17182 17849 18751 19490 20090 20124 20041 19422 18708 18118 17593 16974 16570 16221 16023 15762 15290 14917 15048 15194 15266 15191 15102 15254 15273 14964 15426 15161 14803 14159 14129 14173 14096 14168 14637 14738 14339 14340 14740 15436 15695 15598 15658 15883 16216 16767 17292 17329 17173 17262 17549 17984 18233 18594 19234 19624 19950 20749 21358 21566 21546 21821 22159 22039 22332 23072 23049 22557 22341 21938 21562 21485 21488 21232 20968 20974
16772 17195 17865 19150 19518 20445 21048 20892 19869 19278 18896 18185 17747 17201 16858 16420 15978 15765 15696 15632 15500 15463 15540 15487 15477 15960 16162 15897 15059 14367 13966 14011 14018 14015 14125 14744 15238 15174 15197 15695 16163 16403 16390 16484 16743 17080 17615 18080 18127 18060 17929 17926 18711 19045 19079 19433 20054 20317 21312 21969 22165 22283 22216 21940 21775 22194 23022 23023 22434 22072 21734 21454 21335 21353 21210 20891 20923
17015 17929 18620 19869 20471 21433 21745 21483 20477 19664 19368 18991 18528 18288 18111 17603 16736 16630 16703 16360 16112 16446 16461 16414 16423 16406 16500 16101 15458 15178 14186 13925 13998 14092 14453 15383 15862 15892 15909 16341 16897 17302 17617 17873 18232 18457 18660 19019 19343 19496 19401 18987 19251 19648 20021 20543 20914 20851 20851 21979 22882 22820 22679 22498 22037 22022 22325 22287 21998 21660 21444 21282 20956 20928 20808 20677 20658
17731 18704 19726 21013 21405 21293 21225 21289 20675 19849 19597 19393 19280 19216 19034 18673 17942 17196 16878 16425 16418 16757 17231 17408 17456 17677 17705 17283 16400 15795 14817 14278 14356 14988 15593 15844 16340 16635 16814 17407 17854 18357 18564 19091 19625 19911 19913 19784 20058 20002 20161 20445 20542 20848 21403 21860 22358 22351 22293 22618 23015 22937 22744 22501 22030 21952 21820 22033 21839 21546 21491 21353 21086 20842 20765 20720 20699
19026 19674 20797 22481 22807 22669 22288 21716 20858 20172 19811 19749 19722 19126 18943 18900 18613 18238 17638 17231 17751 17677 17599 18312 18569 18738 18945 18806 17909 17068 16400 15961 15789 16035 16547 16924 17400 17658 18026 18433 18828 19451 19704 20046 20516 20634 20442 20136 20677 20969 21159 21784 22076 22337 22453 22681 22863 22651 22740 22881 22907 22830 22764 22614 21845 21434 21316 21200 21082 21085 21059 20891 20606 20522 20721 20684 20515
20970 21715 22431 23253 23199 22666 22255 21676 21253 20289 19838 19845 19988 19610 19261 19182 19205 18810 18701 18473 18752 18576 18284 18921 19161 19379 19332 18923 18089 17676 17785 17284 17521 17701 17944 18428 18807 18841 18795 19166 19810 20302 20584 20725 21050 21189 21194 20706 21404 22093 22176 22205 22635 23062 23089 23227 23217 22831 22411 22854 22966 22899 22825 22642 22077 21565 21231 21064 21113 21102 21037 20943 20593 20570 20601 20515 20489
22824 23164 23410 23366 23099 22921 22814 22538 22092 21407 20992 20971 20755 20452 20152 19852 19789 19959 19605 18104 19214 19700 19381 19913 20190 20200 19240 17960 17522 17916 19128 19483 19406 19378 19637 19836 20214 20244 20081 20054 20198 20481 20839 21208 21868 22046 22281 22324 22805 22913 22666 22552 22829 22980 22898 22829 22589 22586 22231 22532 22665 22764 22681 22563 22247 21616 21039 21089 21287 21210 20726 20537 20517 20591 20694 20620 20402
22946 23005 23140 23057 22960 23000 22918 22814 22650 21863 22174 22183 22141 21861 21356 20753 20694 20877 20950 20840 20626 20227 19738 20259 20860 20836 19644 18900 18639 19208 20200 21228 21375 21073 21145 21013 21411 21360 21307 21244 21168 21428 21950 22432 22817 22739 23237 23360 23298 23055 22634 22441 22179 21734 21966 21991 21538 21503 21841 22311 22444 22234 22115 21905 21733 21699 21805 21730 21598 21439 21009 20637 20490 20619 21099 21190 20964
22312 22477 22797 22894 22878 22782 22896 23050 23059 22907 22805 22827 23080 23200 22943 22320 21991 21487 21476 21333 21297 21106 21305 21500 21473 21351 20922 20463 20777 21397 22040 22013 22171 21783 21929 21887 21815 21895 22500 22542 22323 22718 23125 23302 23273 22804 23319 23406 23303 22917 22589 22293 21774 21502 21552 21764 21794 21610 21809 22086 22255 22005 21601 21625 21807 21966 22047 21876 21639 21498 21556 21303 20999 20980 21161 21224 21053
22051 22391 22788 22871 22820 22685 22732 22792 22857 22798 22707 22875 23202 23267 23017 22661 22089 21926 22149 22313 22205 22228 22233 21532 21425 22072 22125 21948 21832 22129 22255 22250 22241 22104 22124 22150 21900 22201 22553 22677 22659 22877 23030 23281 23204 22665 22771 22942 22796 22528 22146 21697 21499 21235 21357 21526 21487 21060 20851 21185 21362 21465 21653 21685 21665 21695 21762 21768 21656 21580 21883 21938 21537 21457 21300 20797 20737
22087 22128 22135 22118 22306 22287 22126 22205 22378 22195 21938 22050 22385 22885 23007 22933 22740 22660 22845 23016 23189 23282 22971 21572 21455 22454 22536 22433 22387 22633 22593 21996 21765 21784 21703 22484 22516 22631 22692 22750 22859 22603 22415 22883 22779 22524 22486 22586 22559 22316 21978 21659 21236 21068 21029 20923 20635 20620 20709 20656 20680 20693 20718 20707 20702 21000 21231 21417 21449 21500 21855 21830 21496 21508 21400 20720 20340
21745 21861 21701 21716 21841 21753 21723 21943 21968 21911 21769 22035 22584 22944 22954 22824 22842 22913 22834 22677 22824 23100 22935 21843 21522 22260 22493 22499 22275 22627 22536 21830 21620 22072 22526 22837 22926 22853 22718 22658 22743 22433 22614 22859 22253 22600 22580 22552 22340 22257 21918 21740 21157 21147 21213 21112 20912 20687 20756 20665 20431 20210 19977 20012 20085 20216 20109 20168 20794 21191 21680 21923 21813 21779 21405 20701 20251
21399 21323 21121 21490 21691 21502 21483 21547 21352 21413 21636 22264 22391 22379 22236 22084 22330 22439 21953 21576 21602 21857 21676 21468 21754 21893 22282 22294 21411 21616 22072 22151 22621 22662 22784 22939 22844 22500 22194 22210 22362 22263 22344 22262 21868 22032 21756 21352 21253 21244 20753 20732 20744 20870 21020 21126 21024 20478 20426 19709 19639 19615 19654 19973 19907 20086 20056 19824 20152 20338 20988 21578 21707 21461 20867 20491 20158
20952 20759 20761 21036 21264 21258 21563 21586 21520 21435 21979 22599 22562 22222 21976 21972 22065 22022 21597 21610 21912 22055 21933 21818 21764 21641 21643 22139 22241 22176 21452 21681 22569 22620 22704 22776 22553 22055 21635 21927 22054 21896 22053 22158 21938 21784 21460 20787 20395 20450 20244 19836 19623 19948 20472 20929 21079 21192 21075 20024 19625 19604 19598 19897 19810 19785 19731 20000 20109 20419 20638 21263 21345 21106 20887 20486 20020
20375 20490 20486 20473 20675 20977 21361 21466 21502 21413 21895 22435 22205 22000 21902 21809 21543 21607 21565 21819 21904 21838 21224 21198 20870 20780 21209 21579 22025 22081 21572 21565 22275 22280 22301 22286 21896 21561 21702 21637 21808 21842 22068 21968 21613 21331 20839 20249 19745 19413 19339 19241 18936 19292 19782 20354 20884 21018 20924 20416 19657 19614 19600 19604 19687 19702 19788 19942 20130 20579 21051 21363 21370 21094 20946 20597 20173
20222 20429 20468 20399 20382 20680 20986 21279 21157 20916 20944 21135 21227 21367 21740 21685 21475 21585 21540 21468 21346 21019 20949 20971 21016 20902 20748 21069 21284 21382 21428 21133 21520 21604 21440 21571 21794 21522 21718 21692 21654 21912 21951 21444 20720 20295 19691 18971 18265 17992 17968 17967 17991 18015 18302 18760 19798 20249 20520 20273 20030 20196 20109 19675 19704 19550 19440 19701 20255 20709 21071 21168 21126 20758 20656 20535 20187
20500 20563 20447 20313 20368 20690 21052 21150 20991 20760 20608 20501 20617 21031 21080 20682 20522 20561 20617 20643 20638 20983 21195 21149 21073 20644 20473 20544 20599 20622 20611 20832 21277 21645 21784 21718 21490 21485 22226 22332 22482 22540 22194 21427 20539 19567 18501 17973 17957 17927 17975 17939 17937 17946 17979 18178 18886 19541 19899 19928 20508 20555 20128 19690 19516 19450 19386 19780 20349 20718 21098 21106 20919 20604 20267 20288 20099
20708 20624 20403 20318 20330 20498 20752 20737 20835 20640 20459 20323 20330 20309 20312 20310 20301 20311 20330 20334 20373 20652 21063 20933 20511 20470 20416 20427 20506 20569 20585 20680 20741 20977 21483 21515 21467 21680 22348 22490 22736 22789 22657 21714 20332 19426 18577 18016 17906 17909 17941 17913 17918 17928 17974 17988 17992 18227 18985 19653 20240 20351 20045 19508 19352 19446 19851 20227 20667 20988 21138 21047 20751 20511 20283 20248 20132
20643 20431 20279 20503 20392 20184 20176 20180 20193 20395 20493 20372 20293 20278 20269 20285 20306 20494 20445 20362 20527 20537 20493 20396 20416 20416 20416 20428 20445 20521 20538 20542 20573 20638 20799 21493 21690 22028 22080 21925 22222 22478 22496 21670 21231 20512 19752 19013 18368 17932 17887 17891 17905 17916 17926 17958 18004 17968 18073 18528 18946 18777 19500 19468 19964 20526 20761 20524 20929 21000 21069 20910 20525 20402 20363 20249 20322
20666 20846 20998 21167 21131 20666 20384 20196 20188 20409 20703 20583 20463 20448 20565 20594 20757 20683 20391 20325 20382 20335 20347 20382 20403 20412 20404 20396 20403 20484 20523 20530 20532 20588 20661 21184 21360 21456 21213 21366 21468 21374 21505 21781 21387 20797 20034 19207 18599 18128 17900 17872 17882 17888 17918 17920 17956 17949 17991 18033 18391 19521 20283 20791 21080 21086 21168 21510 21682 21659 21314 20994 20868 20748 20608 20464 20404
20161 20802 21132 21165 21157 20908 20950 20755 20747 20198 20209 20561 20784 20892 20938 20927 20732 20508 20316 20299 20427 20495 20552 20421 20362 20409 20675 20622 20472 20489 20477 20520 20440 20531 20544 20648 21046 21253 21339 21665 21661 21403 20837 20932 20625 19785 19206 19111 19113 19143 18983 18515 18303 18316 18276 18035 17964 17966 18010 18082 18776 19590 20532 21450 22003 22058 21932 21895 21962 21904 21714 21479 21348 21229 21258 21070 20970
20694 21016 21114 21245 21086 20887 20787 20607 20655 20355 20183 20179 20590 20741 20766 20735 20416 20384 20409 20575 20947 21115 21124 20888 20359 20539 20735 20753 20587 20636 20643 20465 20407 20406 20471 20618 20982 21218 21673 21971 22107 21883 21201 20780 20089 19883 19618 19513 19831 20312 20505 20345 20021 19769 19605 19359 19056 19018 18718 18684 18764 19512 20305 21307 21993 22069 22108 22482 22575 22278 22186 21902 21731 21857 21697 21637 21514
20772 20892 20663 20795 20910 20709 20212 20201 20246 20496 20366 20392 20437 20253 20343 20881 21147 21021 20755 20885 21013 21021 21084 20943 20651 20575 20551 20397 20514 20680 20684 20649 20423 20408 20430 20469 20650 21002 21587 21548 21558 21516 21350 21328 21067 20778 20361 19923 20577 21229 21596 21799 21630 21582 21313 20847 20562 20591 20404 20057 19649 19701 20018 20535 21130 21402 21979 22475 22612 22524 22484 22099 21588 21597 21338 20998 20774
21427 21026 20821 20707 20688 20694 20416 20257 20325 20302 20264 20266 20260 20248 20507 21245 21260 21015 20853 21071 20991 20948 20764 20699 20550 20446 20482 20679 20515 20404 20804 21001 20786 20441 20407 20577 20642 20770 21100 21389 21243 21332 21472 21174 21274 21074 20884 20897 21492 22411 22690 22829 22808 22661 22470 22072 21591 21635 21582 21419 20865 20643 20687 20854 21205 21518 21763 22121 22285 22220 21249 20023 19197 18627 18498 18242 17811
21513 21214 20940 20748 20739 20667 20487 20394 20428 20474 20467 20418 20324 20248 20407 20803 20807 20578 20768 21326 21419 21267 20880 20405 20284 20287 20380 20587 20655 20587 20993 21144 20985 21108 21192 21201 21101 21065 21589 22211 22238 22274 22366 22393 22140 21811 21185 21252 22089 22714 22825 23009 23043 23009 22927 22702 22518 22341 22337 22548 22376 22129 22103 22046 22029 22295 22334 22606 22285 21317 19790 18181 17263 16752 16680 16478 16468
21444 21105 20797 20462 20354 20280 20279 20270 20374 20466 20589 20554 20414 20317 20287 20527 20493 20274 20583 21321 21361 21043 20560 20236 20231 20286 20341 20471 20592 20556 20748 20929 21162 21267 21359 21248 21011 21050 21626 22194 22340 22481 22655 22581 22455 22124 21446 21355 21813 22254 22382 22535 22628 22694 22718 22651 22626 22531 22644 22704 22703 22703 22678 22659 22539 22582 22837 22917 22090 20567 18730 17240 16652 16583 16344 16287 16296
21977 21559 21169 20627 20514 20323 20273 20255 20266 20436 20364 20762 20646 20621 20420 20388 20398 20305 20496 21084 21313 20914 20248 20226 20257 20323 20341 20635 20750 20377 20663 21347 21509 21489 21239 20831 20939 21130 21531 21779 21424 21547 22328 22689 22566 22250 21601 21146 21029 21156 21344 21466 21563 21584 21749 22013 22273 22414 22608 22681 22745 22750 22718 22751 22807 22934 23278 23261 21796 20308 18602 17298 16444 16315 16295 16457 16500
22271 21978 21652 21312 21059 20602 20416 20366 20333 20325 20401 20683 20596 20603 20599 20636 20670 20807 21181 21662 21693 21509 20765 20266 20255 20315 20349 20443 20502 20799 21335 21754 21799 21605 21018 20759 20708 20518 20902 21102 20724 20610 21036 21566 21550 21484 20534 20260 20117 20001 20051 20328 20557 20587 20781 21111 21577 21957 22313 22532 22567 22735 22850 22878 22883 23082 23255 23291 22149 20756 18890 17637 16829 16341 16549 16788 16718
22451 21699 21009 20878 21056 21038 20890 20747 20485 20481 20510 20705 20636 20637 20618 20599 20666 20793 20977 21416 21660 21661 21379 21051 20857 20595 20938 21464 21615 21479 21273 21302 21341 21187 20966 20881 20448 20174 19872 20193 20189 20050 19873 19982 20078 19909 19464 19064 18905 18856 18948 19575 20044 20106 20348 20591 20983 21356 21797 22156 22384 22463 22451 22278 21946 21973 22132 22181 21876 20738 19073 17587 16677 16297 16311 16281 16289
21381 19789 19085 19107 20193 21130 21131 21056 20591 20660 20831 20861 20722 20710 20731 20653 20550 20681 20859 21282 21583 21615 21493 21494 21318 21008 21121 21587 21681 21465 21180 21074 20837 20409 20446 20436 20118 19909 19552 19288 19210 19062 19086 19097 19024 18963 18675 18552 18459 18433 18701 19122 19682 20279 20699 20733 20909 21024 21120 20977 20827 20652 20503 20397 20506 20518 20686 21139 21046 20278 18789 17655 17108 16825 16480 16390 16520
21731 20349 19596 19552 20412 21206 21185 20997 20553 20545 20664 20764 21007 20907 20851 21066 21082 21058 20741 21062 21513 21527 21390 21273 21268 21176 21445 21623 21634 21430 21513 21515 21424 21156 20967 20842 20748 20197 19621 19156 18654 18345 18325 18279 18307 18288 18347 18312 18328 18477 18769 19365 19865 20308 20528 20401 19949 19893 19647 19332 19019 18902 18818 18832 19058 19482 19700 19685 19753 19568 18974 18322 18536 18452 18101 17915 18580
22650 22395 22009 21541 21229 21138 20939 20632 20398 20389 20393 20518 20957 20911 20777 21100 21546 21574 21495 21548 21542 21402 21199 21256 21638 21590 21648 21732 21704 21711 22200 22434 22503 22557 22537 22338 22136 21314 20624 19399 18622 18299 18260 18246 18231 18236 18238 18243 18251 18396 18889 19373 19672 19728 19564 18985 18912 18650 18119 17792 17542 17404 17311 17282 17339 17908 18291 18308 18592 18843 19059 19153 19628 19980 20406 20477 21031
22472 22335 22044 21563 21024 20717 20774 20670 20430 20393 20404 20498 20709 20922 21022 21039 21235 21380 21900 21876 21721 21361 21301 21631 21665 21502 21202 21000 21010 21433 22267 22609 22788 22813 23046 23033 22581 21874 20851 19614 18814 18288 18217 18214 18271 18272 18320 18412 18442 18611 19018 19221 19304 18948 18218 17939 17810 17174 16648 16286 16146 15971 15846 16005 16388 16797 17215 17288 17464 17872 18299 18576 19042 19553 20422 20912 21283
