Alternative/Moon/Lvl0_30x30/Ele_AL.asc
ncols         335
nrows         335
xllcorner     16807491.657
yllcorner     6672833.042
cellsize      10000
nodata_value  -9999.0
[rows 68 to 101 of 335, columns 0 to 75 of 335]
18333 18476 18607 18726 18878 19122 19285 19403 19514 19561 19729 19815 19881 19967 20012 20028 20042 20071 20080 20075 20112 20158 20212 20233 20236 20240 20240 20263 20274 20299 20300 20344 20410 20476 20501 20512 20509 20536 20586 20617 20627 20603 20607 20556 20515 20463 20398 20219 20171 20075 19947 19847 19795 19697 19655 19590 19535 19480 19408 19356 19316 19322 19268 19215 19208 19232 19197 19198 19193 19165 19140 19147 19128 19160 19187 19256
17821 17869 17920 17961 18016 18098 18227 18346 18433 18616 18645 18825 18820 18976 19035 19136 19144 19204 19335 19355 19393 19491 19599 19670 19716 19761 19863 19962 20071 20102 20154 20195 20207 20240 20300 20343 20376 20397 20421 20478 20526 20482 20449 20468 20476 20476 20483 20471 20463 20428 20396 20246 20098 19967 19844 19763 19689 19544 19464 19431 19410 19455 19406 19402 19421 19357 19475 19441 19484 19507 19499 19463 19402 19304 19224 19142
17039 17073 17059 17084 17123 17200 17287 17341 17395 17476 17680 17658 17846 17917 18011 18009 17966 17908 18092 17852 17772 17932 17910 18389 18274 18524 18562 18851 19019 18949 19074 19246 19333 19484 19715 19729 19735 19879 19981 20072 20335 20327 20382 20415 20465 20472 20485 20527 20536 20528 20503 20465 20410 20356 20289 20224 20130 20075 19960 19923 19897 19889 19863 19855 19848 19819 19822 19835 19836 19822 19804 19792 19772 19733 19688 19647
16891 16889 16871 16864 16875 16883 16902 16899 16924 16961 16991 17042 17075 17167 17134 17230 17234 17271 17257 17238 17175 17138 17195 17231 17299 17366 17473 17677 17752 17939 18104 18219 18372 18492 18564 18735 18860 18960 19239 19249 19244 19504 19682 19846 20021 20128 20274 20356 20413 20467 20485 20491 20486 20488 20475 20483 20453 20393 20358 20289 20221 20184 20083 19970 19888 19878 19893 19897 19895 19891 19921 19937 19948 19940 19950 19980
16573 16599 16614 16622 16652 16695 16702 16692 16701 16807 16825 16842 16835 16787 16761 16757 16794 16865 16907 16943 16969 17032 17034 17090 17117 17176 17257 17261 17325 17340 17409 17459 17524 17641 17755 17862 17977 18148 18341 18504 18596 18787 18927 19093 19214 19401 19547 19653 19744 19864 20022 20213 20275 20359 20395 20430 20405 20430 20498 20554 20555 20519 20541 20558 20623 20647 20670 20668 20582 20547 20466 20444 20406 20386 20356 20359
16525 16564 16577 16579 16593 16585 16584 16608 16639 16670 16654 16652 16662 16661 16670 16682 16720 16742 16764 16824 16861 16945 16971 16988 16982 17028 17072 17111 17161 17236 17320 17426 17494 17549 17567 17529 17515 17640 17650 17634 17906 18106 18354 18452 18502 18657 18796 18941 19071 19199 19274 19415 19621 19634 19752 19852 19986 20124 20237 20312 20370 20470 20545 20611 20681 20770 20751 20688 20576 20461 20331 20237 20171 20086 20042 20055
16346 16421 16465 16455 16454 16435 16443 16449 16471 16540 16563 16596 16603 16647 16648 16617 16595 16644 16700 16735 16729 16754 16812 16867 16898 16957 16983 17024 17062 17158 17272 17349 17385 17425 17480 17500 17500 17506 17539 17598 17671 17830 17939 18096 18192 18270 18387 18534 18686 18818 18923 19073 19193 19390 19576 19700 19837 19928 19970 19976 19982 20034 20092 20112 20150 20185 20161 20126 20109 20055 19986 19931 19904 19907 19938 20007
16474 16513 16537 16564 16594 16615 16644 16651 16662 16693 16738 16739 16760 16767 16780 16784 16791 16785 16765 16739 16717 16756 16797 16824 16841 16869 16907 16948 17027 17134 17238 17298 17330 17308 17259 17372 17441 17523 17542 17557 17588 17662 17739 17888 17958 18101 18234 18340 18475 18624 18786 18956 19095 19294 19470 19706 19842 20021 20122 20196 20192 20165 20149 20138 20127 20076 20010 19977 19889 19853 19831 19781 19757 19770 19767 19743
16581 16617 16645 16665 16667 16674 16688 16707 16731 16771 16788 16783 16780 16815 16830 16834 16826 16832 16838 16851 16885 16934 16974 16979 16982 17003 17050 17094 17092 17097 17060 17019 17011 17093 17094 17129 17172 17245 17327 17440 17552 17609 17681 17782 17868 17992 18090 18210 18368 18559 18709 18923 19078 19316 19514 19761 19944 20073 20267 20322 20333 20298 20209 20140 20046 20028 20026 20076 20060 20020 20031 20002 19992 19982 19997 19927
16566 16576 16603 16656 16695 16726 16742 16752 16759 16776 16792 16840 16859 16855 16844 16808 16784 16754 16771 16814 16863 16943 17023 17049 17071 17069 17067 17085 17112 17122 17121 17105 17135 17204 17263 17280 17278 17262 17248 17260 17284 17356 17414 17475 17529 17665 17825 17993 18140 18309 18468 18666 18765 18919 19115 19246 19386 19528 19635 19651 19762 19809 19921 20035 20156 20264 20309 20353 20358 20460 20513 20624 20674 20673 20614 20561
16509 16453 16416 16449 16484 16525 16537 16502 16544 16652 16690 16752 16775 16771 16760 16734 16739 16737 16724 16708 16743 16794 16837 16861 16863 16904 17013 17008 17050 17071 17085 17078 17096 17152 17197 17207 17201 17201 17183 17177 17228 17252 17305 17296 17310 17312 17423 17549 17656 17791 17910 18065 18174 18366 18573 18720 18962 19134 19295 19491 19642 19855 19981 20104 20190 20305 20417 20481 20538 20589 20657 20688 20709 20704 20658 20593
15765 15890 16263 16344 16549 16608 16598 16532 16492 16496 16525 16519 16573 16579 16570 16590 16651 16648 16644 16666 16675 16700 16665 16625 16637 16624 16637 16718 16735 16789 16840 16929 17016 17200 17236 17417 17551 17671 17758 17818 17912 17941 18112 18213 18293 18506 18527 18645 18739 18943 19116 19190 19318 19441 19593 19628 19658 19737 19772 19915 20034 20137 20263 20401 20450 20464 20536 20627 20700 20776 20812 20823 20825 20779 20698 20634
16585 16620 16667 16698 16708 16717 16704 16720 16707 16693 16707 16756 16802 16832 16865 16865 16914 16969 17039 17051 17052 17100 17123 17161 17214 17250 17282 17371 17432 17493 17547 17651 17675 17747 17808 17897 18034 18248 18346 18639 18700 18944 19124 19318 19476 19686 19819 19926 19960 19997 19997 19965 19928 19918 19913 19979 20013 19972 19909 19863 19870 19982 19998 19940 19897 19897 19942 20042 20088 20179 20327 20366 20435 20510 20578 20564
16653 16704 16709 16741 16754 16762 16777 16820 16844 16851 16882 16936 16977 16984 16940 16929 16956 17007 17065 17148 17196 17258 17339 17403 17463 17584 17709 17880 17986 18051 18190 18318 18414 18566 18707 18873 19013 19217 19374 19584 19711 19902 20105 20151 20236 20293 20313 20296 20248 20188 20094 20031 19971 19916 19899 20001 20062 20161 20193 20238 20289 20313 20289 20158 20058 20035 20060 20111 20103 20105 20066 20065 20099 20134 20197 20304
16701 16739 16779 16848 16815 16853 16831 16786 16834 16859 16892 16987 16967 17015 17058 17118 17153 17205 17360 17451 17443 17490 17714 17760 17930 18138 18410 18605 18642 18845 19002 19286 19198 19386 19542 19668 19734 19819 19918 19985 20044 20128 20233 20316 20380 20429 20487 20503 20499 20435 20348 20269 20112 20012 19886 19782 19826 19831 19854 19927 19948 19979 19991 19953 19890 19943 19991 20061 20068 20040 20062 20070 20111 20157 20265 20387
17135 17181 17240 17302 17353 17447 17560 17561 17686 17775 18078 18094 18220 18363 18447 18595 18721 18750 18740 18875 18915 18999 19161 19272 19407 19535 19700 19819 19975 20086 20193 20244 20251 20243 20223 20223 20250 20327 20356 20348 20511 20581 20653 20725 20760 20770 20730 20761 20775 20773 20802 20826 20817 20832 20764 20646 20623 20376 20358 20144 20066 19936 19833 19796 19803 19735 19854 19943 20229 20155 20389 20469 20608 20723 20892 21039
18548 18538 18672 18720 18817 18961 19008 19095 19034 19061 19115 19212 19157 19110 19213 19439 19475 19557 19625 19697 19770 19821 19934 20062 20170 20288 20404 20495 20537 20568 20571 20520 20465 20343 20285 20266 20267 20395 20507 20666 20718 20799 20860 20888 20898 20935 20982 21065 21110 21164 21235 21307 21373 21418 21441 21436 21397 21311 21248 21183 21146 21171 21217 21304 21353 21413 21448 21499 21518 21532 21485 21489 21458 21446 21438 21418
19995 20069 20069 20078 20072 20033 20072 20160 20085 19993 19916 19929 19929 19963 20009 20045 20138 20324 20423 20473 20505 20561 20528 20579 20667 20729 20754 20756 20707 20712 20709 20710 20664 20715 20781 20885 20981 21098 21205 21300 21378 21409 21397 21295 21116 20914 20843 20916 21022 21150 21230 21304 21356 21341 21249 21218 21198 21189 21118 21063 21113 21212 21305 21379 21440 21448 21430 21428 21443 21404 21331 21319 21262 21177 21074 21028
20353 20341 20282 20208 20210 20263 20294 20312 20347 20398 20404 20391 20366 20355 20304 20418 20456 20606 20691 20751 20776 20806 20812 20788 20758 20787 20849 20866 20873 20885 20871 20844 20807 20807 20841 20913 20983 21092 21180 21277 21363 21421 21416 21358 21268 21305 21401 21408 21441 21420 21423 21346 21304 21214 21112 20984 20969 20948 20862 20858 20862 20894 20908 20906 20901 20830 20744 20672 20651 20615 20635 20657 20634 20598 20559 20508
20339 20320 20275 20242 20296 20366 20422 20457 20504 20604 20615 20510 20445 20430 20409 20419 20518 20598 20716 20791 20827 20875 20948 20980 20987 20981 20961 20942 20906 20828 20784 20725 20699 20686 20653 20656 20717 20804 20880 20914 20911 20880 20857 20853 20959 21106 21173 21149 21177 21177 21145 21120 21126 21117 21078 20998 20864 20743 20595 20447 20310 20192 20129 20121 20116 20097 20117 20117 20225 20390 20426 20483 20518 20543 20464 20398
20272 20265 20286 20333 20370 20403 20495 20583 20620 20644 20664 20658 20641 20580 20522 20500 20462 20456 20464 20503 20509 20564 20620 20686 20734 20752 20780 20809 20806 20778 20745 20677 20583 20519 20484 20479 20492 20497 20484 20507 20544 20587 20591 20610 20629 20666 20666 20685 20676 20632 20564 20481 20407 20377 20333 20319 20278 20262 20232 20171 20063 19956 19901 19800 19672 19545 19566 19684 19708 19680 19604 19549 19595 19524 19466 19417
20470 20434 20363 20274 20179 20072 20000 19974 19947 19952 19996 20054 20141 20189 20228 20229 20199 20144 20056 20075 20147 20184 20179 20184 20245 20272 20305 20299 20263 20330 20348 20442 20488 20532 20544 20529 20511 20462 20373 20217 20017 19832 19604 19437 19566 19171 19042 18988 18942 18847 18809 18792 18876 18928 19006 19010 19138 19223 19114 19037 19011 19105 18971 19020 19082 19121 19209 19260 19244 19196 19077 18908 18747 18570 18401 18237
20382 20233 20062 19964 19843 19711 19671 19584 19713 19671 19748 19943 20028 20153 20237 20256 20256 20212 20054 19906 19745 19542 19330 19309 19426 19579 19719 19879 19990 20068 20165 20173 20179 20164 20180 20047 19984 19836 19651 19373 19212 18978 18649 18473 18299 18099 17981 17903 17834 17786 17818 17888 17971 18017 18086 18143 18240 18295 18328 18351 18409 18470 18520 18598 18631 18682 18705 18801 18796 18807 18727 18612 18501 18386 18247 18127
19343 18949 18895 18763 18771 18980 19175 19300 19444 19781 19999 20152 20133 20097 20020 19968 19992 20014 19973 19941 19894 19781 19699 19729 19661 19494 19350 19106 18986 18881 18812 18739 18562 18405 18390 18258 18147 18053 17961 17849 17792 17638 17539 17415 17348 17335 17346 17376 17414 17463 17507 17610 17657 17688 17724 17775 17826 17903 17931 17984 18007 17967 17914 17864 17813 17771 17772 17796 17808 17817 17817 17913 17678 17608 17479 17364
20138 20183 20225 20234 20224 20223 20227 20186 20103 20035 20068 20072 20045 20002 19967 20030 20030 19991 19937 19952 20018 20087 20122 20128 20109 20076 19954 19817 19649 19415 19116 18925 18691 18372 18328 18106 17846 17801 17688 17645 17590 17621 17564 17628 17560 17566 17585 17591 17627 17657 17651 17599 17602 17595 17586 17594 17562 17484 17460 17407 17343 17230 17223 17251 17258 17254 17227 17209 17181 17141 17053 17117 17125 17084 17023 16995
20242 20375 20420 20433 20404 20318 20231 20097 20017 19956 19883 19932 19960 20049 20090 20099 20080 20070 20070 20037 20071 20115 20131 20128 20082 20044 19934 19782 19658 19500 19344 19221 19144 19100 19099 19136 19122 19081 18987 18925 18839 18756 18621 18441 18310 18127 17938 17747 17617 17538 17509 17477 17486 17449 17375 17287 17296 17317 17315 17340 17338 17364 17367 17369 17337 17305 17339 17378 17351 17282 17167 17056 16992 16953 16954 16976
20406 20299 20219 20130 20133 20105 20071 20079 19946 19909 19878 19817 19831 19711 19700 19691 19714 19666 19698 19701 19714 19685 19669 19680 19671 19685 19655 19572 19491 19371 19248 19123 19093 19093 19125 19159 19161 19158 19092 19037 18937 18840 18680 18503 18335 18169 17975 17813 17672 17583 17496 17444 17359 17321 17320 17367 17433 17495 17511 17515 17504 17485 17484 17452 17414 17364 17368 17431 17467 17456 17385 17267 17304 17277 17181 17243
20492 20429 20422 20356 20303 20235 20188 20163 20103 20054 19992 20007 20007 20001 20025 20045 20044 20013 19957 19906 19844 19734 19696 19632 19523 19470 19408 19409 19420 19324 19282 19102 18966 18807 18708 18674 18621 18575 18464 18410 18301 18207 18125 17995 17926 17820 17698 17587 17504 17379 17316 17300 17267 17248 17260 17282 17341 17406 17475 17488 17495 17487 17507 17524 17548 17549 17560 17588 17579 17533 17492 17472 17479 17529 17504 17511
20714 20757 20671 20644 20601 20498 20427 20387 20520 20346 20342 20338 20335 20319 20210 20192 20072 20009 19919 19839 19725 19627 19541 19494 19472 19472 19488 19476 19447 19393 19293 19156 19000 18844 18698 18535 18478 18418 18337 18235 18151 18042 17983 17971 17918 17818 17648 17526 17400 17262 17166 17114 17077 17076 17066 17010 17003 17018 17104 17109 17182 17293 17372 17427 17424 17389 17356 17325 17337 17397 17430 17473 17507 17526 17524 17489
21254 21339 21372 21409 21428 21477 21487 21487 21487 21483 21360 21266 21199 21111 21001 20863 20708 20527 20279 20039 19833 19660 19559 19459 19381 19281 19170 19047 18952 18853 18795 18729 18703 18590 18516 18401 18259 18177 18066 17980 17963 17863 17821 17834 17769 17717 17626 17581 17543 17502 17464 17404 17342 17305 17312 17324 17311 17295 17256 17207 17145 17118 17117 17142 17163 17168 17183 17175 17206 17243 17192 17218 17155 17144 17176 17219
20681 20804 20954 21085 21261 21394 21510 21585 21591 21681 21700 21705 21675 21592 21362 21168 20979 20695 20542 20308 20123 19918 19722 19549 19393 19209 19035 18846 18693 18547 18448 18342 18282 18184 18076 17966 17865 17772 17660 17655 17666 17609 17583 17551 17512 17522 17558 17557 17620 17665 17670 17642 17637 17574 17572 17580 17564 17473 17367 17282 17262 17292 17290 17281 17274 17289 17297 17322 17341 17358 17352 17327 17288 17220 17136 17124
17956 18024 18390 18750 18982 19324 19728 20043 20377 20893 21174 21419 21633 21608 21504 21388 21237 21000 20743 20425 20233 20026 19776 19576 19441 19287 19159 19004 18891 18716 18564 18390 18286 18181 18085 17961 17867 17775 17677 17541 17427 17326 17305 17345 17386 17455 17527 17584 17623 17670 17676 17664 17669 17623 17611 17588 17571 17516 17456 17407 17385 17358 17321 17292 17282 17230 17135 17241 17362 17489 17519 17563 17572 17553 17512 17491
15512 15815 16261 16707 17110 17671 18098 18662 19044 19642 20119 20658 21013 21387 21480 21421 21309 21064 20899 20707 20583 20440 20283 20143 20054 19805 19668 19451 19297 19019 18748 18524 18379 18030 17920 17669 17542 17419 17295 17246 17215 17207 17204 17202 17197 17215 17314 17309 17247 17305 17364 17439 17443 17419 17216 17047 17008 17027 16916 16956 17049 17109 17105 17059 17031 16974 16920 16870 16971 17088 17313 17504 17571 17635 17630 17621
16893 17288 17744 18147 18469 18947 19439 20004 20308 20776 21180 21580 21791 21785 21712 21536 21397 21254 21103 20997 20932 20786 20635 20510 20369 20188 19970 19744 19584 19414 19213 19017 18830 18681 18780 18612 18572 18467 18273 18079 17931 17772 17644 17525 17454 17346 17294 17254 17258 17312 17368 17421 17424 17402 17348 17312 17253 17207 17161 17087 17087 17110 17156 17171 17175 17161 17157 17167 17178 17167 17200 17154 17035 16869 16936 16957
