Alternative/Moon/Lvl0_30x30/Ele_DA.asc
ncols         335
nrows         335
xllcorner     -20042508.343
yllcorner     -3377166.958
cellsize      10000
nodata_value  -9999.0
[rows 34 to 67 of 335, columns 154 to 230 of 335]
34002 34022 34061 34492 34621 34820 35137 35531 36244 35738 33652 32888 32140 31376 30896 30304 30378 31274 31378 31011 30062 29551 29232 28998 29562 29607 29120 29051 28994 29117 29195 29276 29190 28663 28508 28134 27671 26427 25339 25227 25119 25212 25194 25222 25112 25057 25111 25079 25026 25179 25709 26373 26590 26402 27546 28145 27974 27035 26907 26227 25779 25760 25694 25648 25556 25741 25525 25332 25498 25809 25460 25438 25370 25175 25185 25214 25386
34120 34262 33994 34413 34658 34786 34830 35520 36227 35543 33500 32769 31830 30736 30488 30179 30031 30817 31114 30835 29704 29216 28891 28782 29208 29563 29693 29601 29075 28989 29066 28603 28029 27332 27225 27161 26603 25863 25362 25363 25279 25439 25238 25262 25211 25287 25226 25326 25233 25204 25430 26260 26480 26630 27608 28115 27878 27059 26675 25986 25705 25682 25693 25711 25675 25649 25401 25481 25505 25691 25381 25347 25259 25170 25202 25218 25269
34365 34638 34261 34636 34610 34679 35002 35596 36247 35939 34004 33147 32185 30929 30078 29975 30034 30913 31127 30563 29710 29131 28841 28732 28981 29841 29887 29440 29165 29324 29183 28912 28037 26872 26241 25605 25428 25410 25405 25447 25502 25461 25361 25261 25201 25213 25258 25340 25383 25324 25405 25751 26062 26722 27034 26270 26411 26488 26494 25818 25595 25577 25639 25518 25640 25592 25477 25615 25607 25476 25360 25293 25204 25101 25150 25274 25328
34458 35033 35058 34740 34715 34733 34907 35396 36193 36194 35313 34675 33974 31857 30502 30417 31145 31253 30906 30362 29752 29104 28755 28692 28979 29742 29359 27754 28699 29552 29566 28924 27474 26490 25801 25460 25417 25386 25337 25350 25433 25281 25338 25281 25278 25226 25226 25446 25431 25367 25377 25564 25747 26044 26040 25749 26066 26077 26028 25723 25551 25522 25577 25649 25663 25467 25460 25422 25523 25497 25348 25221 25159 25140 25131 25185 25268
34905 35173 35060 34903 34893 34988 35234 35394 36148 36031 35463 34843 34307 33036 32303 32092 31506 31253 30413 29797 29256 28801 28833 28841 28692 29361 29649 29425 29284 29775 29716 28851 27354 26089 25498 25457 25422 25393 25347 25316 25331 25261 25236 25213 25442 25300 25483 25744 25580 25442 25507 25591 25525 25523 25720 25938 26088 25956 25712 25643 25582 25515 25555 25600 25583 25359 25465 25555 25575 25534 25379 25225 25276 25252 25300 25144 25138
35398 35005 35035 35227 35104 35461 35554 35466 35409 35231 34517 33953 33329 32852 32325 32073 31120 30458 29902 29380 29035 28821 28851 28989 28909 29202 29759 29709 29373 29393 28993 28427 27346 26197 25466 25430 25421 25372 25339 25321 25318 25278 25233 25209 25405 25299 25433 25625 25556 25660 25775 25741 25495 25623 25803 25901 26130 26045 25758 25732 25601 25515 25567 25603 25428 25366 25390 25458 25466 25414 25337 25224 25260 25165 25216 25145 25179
35525 35909 35782 35701 35540 35491 35441 35001 34497 34284 33501 32807 32433 32125 31723 31270 30440 29991 29562 29221 28996 28929 28850 28892 28567 28830 29263 29302 28589 28465 28147 27376 26495 25679 25471 25487 25446 25358 25338 25333 25322 25285 25218 25241 25172 25188 25307 25344 25373 25718 25790 25710 25799 26272 26451 26198 25846 25919 25907 25838 25645 25588 25557 25531 25404 25410 25497 25566 25529 25510 25402 25380 25152 25220 25218 25127 25250
35589 36548 36506 35886 35586 35353 35178 35172 34740 33903 33242 32396 31727 31384 30760 30361 29876 29613 29418 29233 29112 28869 28805 28939 28874 28554 28047 28231 27706 26885 26656 26359 25578 25478 25474 25482 25433 25348 25313 25294 25271 25258 25218 25235 25229 25211 25242 25314 25356 25508 25754 25763 25988 26681 26800 26304 25831 25868 25928 25701 25765 25700 25631 25507 25363 25383 25506 25621 25533 25441 25483 25348 25182 25205 25239 25172 25244
36155 36429 36246 35661 35762 35737 35260 35119 34479 33714 32594 31991 31159 30548 30334 29991 29735 29664 29308 29104 29154 29146 28851 28648 28388 27859 27340 27114 26901 26248 25663 25508 25491 25475 25450 25450 25393 25360 25334 25280 25244 25254 25257 25250 25282 25288 25321 25373 25385 25500 25620 25652 25934 26512 26645 25811 25751 25748 25819 25648 25709 25678 25621 25536 25446 25507 25482 25659 25560 25400 25466 25243 25181 25165 25256 25217 25087
36444 36674 36013 35782 36134 35729 34790 34706 33884 32967 31770 31350 31021 30561 30367 29991 29738 29709 29590 29220 29500 29435 29155 28738 28398 27898 27205 26329 26203 26135 25765 25504 25481 25468 25441 25427 25374 25292 25349 25324 25225 25261 25320 25438 25399 25407 25372 25398 25400 25492 25624 25679 25944 26398 26397 25785 25650 25658 25712 25690 25594 25599 25624 25577 25478 25487 25391 25455 25403 25275 25201 25080 25100 25192 25241 25117 25142
36394 36557 36100 36062 36127 35677 34573 33940 33169 32364 31901 31518 31088 30428 30230 29949 29736 29697 29665 29881 30131 30006 29153 29073 28806 28009 27281 26212 25914 26057 25774 25530 25490 25460 25435 25404 25393 25304 25327 25272 25222 25249 25360 25527 25599 25491 25386 25395 25407 25471 25606 25692 25809 25894 25806 25758 25679 25631 25656 25590 25568 25646 25681 25541 25512 25707 25781 25333 25321 25159 25055 25042 25069 25133 25039 25066 25043
36193 37122 37032 36266 36128 35827 34736 33760 33005 32460 32113 31413 30796 30366 30120 29929 29750 29721 30492 30708 30486 30013 29508 29113 28941 28463 27699 26299 25610 25608 25520 25522 25483 25465 25455 25434 25387 25308 25268 25255 25236 25287 25364 25501 25552 25601 25429 25432 25524 25589 25717 25917 25843 25701 25619 25670 25657 25812 25658 25765 25655 25665 25713 25593 25431 25652 25791 25470 25128 25068 25017 25017 24984 25057 25081 25047 25069
36212 37110 37133 36468 36540 36307 35016 34168 33335 32585 32036 31179 30568 30339 30207 30033 29768 30044 30609 30703 29279 29883 29603 29450 29359 28657 28242 27242 25669 25521 25513 25518 25483 25468 25464 25467 25400 25294 25233 25238 25217 25257 25456 25475 24526 25580 25559 25479 25451 25620 25845 26023 25887 25790 25842 25733 25859 26017 25937 25778 25768 25720 25700 25651 25519 25667 25772 25346 25148 25141 25088 25066 25038 25035 25053 25032 25055
35805 36588 37048 36450 36375 36276 35227 34403 33268 32295 31811 31051 30538 30507 30353 30084 29778 30162 30530 30121 29532 29776 29696 29322 29073 29034 28693 28359 26742 25574 25534 25514 25515 25473 25464 25441 25427 25266 25229 25273 25271 25302 25520 25569 25036 25637 25603 25565 25579 25588 26049 26237 26162 25958 25980 25931 26072 26024 25933 25847 25845 25606 25813 25702 25710 25883 25815 25486 25254 25276 25230 25118 25076 25059 25051 25069 25152
36136 36695 36969 36725 35999 36099 35264 34885 33530 32083 31251 30997 30722 30561 30263 29984 29903 29896 30434 30695 30703 29770 29650 29349 29458 29233 28910 28324 27823 26003 25511 25528 25525 25555 25466 25457 25344 25293 25235 25224 25308 25380 25502 25517 25504 25455 25530 25573 25675 25725 25972 26103 25908 25989 25941 26257 26524 26539 26387 26017 25854 25850 25818 25792 25713 25883 25913 25629 25214 25304 25284 25228 25074 25105 25096 25107 25171
34946 35237 37014 36924 35982 35336 35286 35154 33739 32942 31923 31221 30720 30378 30208 30132 30033 29865 30058 30719 30576 30052 29713 29575 29380 29123 28749 28327 28017 26612 25686 25528 25528 25508 25438 25402 25321 25246 25177 25184 25267 25372 25519 25387 25520 25518 25660 25700 25676 25723 25815 25847 25958 26022 26232 26506 26191 25234 26360 26391 26016 25749 25666 25747 25581 25370 25415 25601 25486 25274 25226 25165 25128 25152 25095 25125 25166
35033 34957 36789 36795 36548 35620 35149 35149 33967 33252 32349 31468 30522 30129 30281 30100 30191 30274 30139 30445 30272 29916 29705 29463 29274 29074 28693 28057 27658 26439 25647 25533 25529 25548 25415 25312 25376 25203 25185 25230 25282 25363 25489 25485 25513 25618 25514 25608 25611 25779 25869 25941 26124 26450 26507 26515 24817 22683 25306 26413 26202 26001 25795 25789 25606 25755 25995 25881 25487 25364 25188 25125 25132 25156 25140 25170 25171
36808 36905 36921 36846 36539 35855 34670 34666 33835 33291 32329 31638 30618 30092 30228 30250 30245 30430 30514 30504 30177 30041 29782 29594 29232 29146 28864 28160 27001 26318 25601 25540 25544 25500 25547 25608 25566 25469 25299 25261 25284 25448 25491 25487 25433 25574 25494 25541 25796 25872 25940 26399 26320 26415 26498 25927 25350 24275 25740 26567 26668 26351 25846 25758 25823 26168 26254 26021 25633 25383 25389 25187 25198 25208 25164 25186 25114
36849 37053 36802 36640 36177 35714 34415 34030 33375 32866 32623 32121 31011 30173 30113 30122 30127 30120 30280 30326 30366 30440 30245 29627 29362 29224 29066 28592 27431 27079 26048 25576 25522 25494 25533 25577 25553 25538 25403 25276 25273 25473 25497 25461 25438 25443 25588 25819 25851 25406 25899 26363 26360 26534 26910 27175 27186 26920 27007 26963 26718 26171 25959 25819 25826 25943 26037 25955 25912 25794 25392 25474 25351 25217 25135 25190 25163
36146 36305 36332 36385 36291 35758 34512 33760 33431 33012 32605 32194 31239 30300 30177 30138 30148 30141 30096 30118 30415 30406 29780 29416 29328 29204 29092 29022 28393 27992 26642 25661 25600 25491 25467 25475 25453 25370 25365 25387 25311 25436 25415 25415 25366 25470 25603 25736 25793 25297 24537 25995 26657 26593 26523 26642 27027 26986 26952 26892 26396 26245 26017 25937 25944 25851 25932 25971 25917 25842 25266 25598 25715 25448 25120 25149 25225
35504 35447 35623 35892 35953 35356 34520 33552 33350 32907 32447 32139 31401 30639 30228 30180 30157 30163 30103 30159 30658 30773 29638 29396 29313 29255 29156 29231 28669 27962 26681 25712 25639 25461 25413 25398 25371 25340 25403 25415 25276 25341 25420 25415 25418 25461 25473 25562 25705 25895 26009 26413 26618 26197 24809 24332 24965 25238 26904 27075 26540 26316 26035 25964 25982 25871 25912 26029 25986 25742 25488 25645 25769 25586 25234 25202 25257
35164 35084 35027 34872 34566 34822 34488 33924 33142 32470 31767 31539 31422 30946 30433 30181 30171 30158 30185 30626 30910 30985 29992 29619 29305 29246 29301 29312 29124 27863 26667 25715 25640 25521 25375 25342 25318 25268 25380 25385 25373 25344 25373 25406 25518 25483 25449 25486 25637 25828 26132 26406 26580 24780 23513 23397 23637 24633 26196 26853 26507 26182 26078 25957 25928 25860 25874 25912 25854 25867 25864 25382 25648 25774 25668 25400 25267
35171 35101 34978 34736 34333 34063 34014 33959 33795 33063 32193 31432 31049 30935 30471 30463 30384 30595 30741 31086 31151 30904 30082 29937 29485 29364 29311 29206 29300 28187 27164 26087 25597 25632 25720 25673 25244 25233 25291 25382 25421 25457 25406 25436 25547 25434 25412 25456 25591 25695 25863 26380 26533 25541 23823 23463 24796 26793 26921 26642 26111 26098 26086 26001 25868 25883 25798 25793 25789 25913 25948 25889 25900 25868 25872 25661 25517
34375 34597 34501 34244 34042 34001 33875 33890 34027 34040 33245 31862 30966 30906 30850 30863 31155 31296 31107 31197 31389 30876 30087 29947 29665 29421 29367 29483 29267 28116 27312 26363 26197 26045 25571 25798 25619 25364 25266 25313 25508 25552 25539 25522 25621 25595 25428 25438 25440 25452 25678 25809 26583 26397 25650 24880 26155 27026 26871 26360 26173 26117 26063 25986 25945 25912 25931 25834 25819 25900 25872 25861 25990 26035 26025 26000 25796
34175 34086 34019 34054 34033 33805 33834 33846 34013 34092 33696 32248 31133 31014 30948 31004 31227 31252 31221 31578 31616 30895 30301 30186 29643 29624 29331 29415 28643 28130 27557 26988 26601 26183 26399 25916 25625 25590 25410 25543 25788 25788 25687 25594 25816 25765 25460 25498 25490 25501 25600 25838 26500 26505 26607 26156 26864 26888 26617 26316 26199 26134 26113 26094 25959 25988 25981 25981 25943 25821 25994 25975 26111 26072 26109 26020 25894
34145 33964 33964 33850 33821 33834 33810 33863 33877 33896 33780 33397 32277 31328 31070 31206 31483 31414 31283 31628 31885 30690 30704 30621 29661 29697 29780 29531 28943 29164 29133 28700 28360 28352 27468 26992 25686 25707 25910 25637 25481 25901 25904 25833 25573 25634 25557 25630 25503 25438 25666 25740 26037 26316 26287 26610 26739 26773 26587 26488 26471 26242 26220 26169 26119 26173 26112 26009 26006 25913 26096 25959 26023 26172 26169 25986 25834
34069 33952 33952 33778 33790 33799 33836 33962 33944 33882 33690 33383 32700 32096 31603 31331 31524 31377 31394 31935 31965 30465 30623 30685 29917 29788 30031 30049 30318 31155 30989 30812 30225 29201 28142 26970 25930 25968 26317 25576 22613 23710 25925 26257 25503 25336 25705 25611 25432 25488 25538 25676 25934 26295 26365 26198 26690 26970 27172 27291 26893 26839 26690 26264 26267 26283 26176 26149 26197 26091 26062 25948 26150 26179 25998 25978 25883
34108 34226 34315 33840 33791 33801 33942 34207 34225 33806 33212 33030 32894 32525 31759 31375 31460 31287 31450 31800 31614 30913 31023 31055 30121 30712 31320 31339 30888 31128 31033 31009 30355 29113 28154 26755 25984 26396 26756 24982 21936 23216 25966 26169 24935 25330 25816 25687 25418 25359 25462 25525 26023 26230 26313 25554 27219 27958 28607 28250 27274 26762 26529 26400 26279 26164 26058 26115 26325 26166 25904 25977 26028 26074 26139 25752 25442
34027 34518 34711 34266 33773 33819 34175 34224 34196 33784 33372 33331 33005 32773 32002 31457 31448 31407 31940 31999 31558 31583 31084 30975 31010 31260 31583 31541 31006 30940 30794 30423 29135 28337 27713 26697 26087 26148 26150 24982 22656 24851 26300 25708 23959 24350 25731 25665 25580 25491 25538 25563 26045 26098 26320 26684 27950 28335 28808 28629 27728 26525 26037 26401 26280 26092 26088 26130 26053 26000 25928 26010 25994 26005 26023 26119 26332
34222 34364 34682 34534 33929 33912 34228 34009 34071 33862 33910 33601 33641 33822 32874 31887 31694 31882 32559 32734 32511 32249 31444 31306 31571 31564 31531 31513 31057 31564 32100 31472 29542 27975 27517 27845 26768 26339 25302 25398 24953 25956 26630 26409 26327 26030 25792 25726 25703 25686 25607 25635 25873 26351 26468 26827 27108 27355 27309 27353 26847 26206 26189 26452 26469 26117 26217 26217 26147 26060 26027 26003 25980 26005 26177 26143 26256
34214 34687 34601 34541 34378 34086 34106 34125 34045 33954 33894 33826 34202 34265 33124 32508 32294 32600 33209 33191 32636 32855 32757 32382 32089 31864 31820 31645 31833 31862 32164 31547 30473 28656 28435 28076 26714 26138 26475 26639 26597 26301 26165 26136 26227 25958 25659 25674 25676 25678 25707 25687 25889 25483 25945 26446 26326 26163 26177 26136 26136 26217 26236 26417 26397 26068 26054 26108 26074 25991 26111 25940 26042 26071 26030 26180 26149
34080 34256 34640 34551 34364 34051 34190 34486 34618 34628 33959 33944 34576 34642 33765 33458 33136 33300 33934 33973 33453 33287 33004 32501 32586 32468 31930 32297 32315 32288 32355 31779 30988 30133 29608 28351 27184 26427 26405 26082 26063 25768 25703 25667 25692 25678 25676 25665 25663 25675 25713 25703 25860 25341 25476 26108 26070 26048 26051 26034 26281 26550 26036 26124 26048 26059 26109 26162 26008 26081 26100 26088 26117 26195 26216 26224 26332
33941 33770 34425 34428 34185 34144 34380 34476 34892 34916 34169 34112 35045 34897 34344 34338 33726 33762 34178 34274 34119 33396 33046 33378 33452 32834 32679 32859 32886 32598 32297 31771 31418 30565 29736 28774 27987 27353 27295 26169 25796 25773 25686 25665 25720 25668 25672 25686 25672 25667 25693 25699 25838 25887 25936 26046 25932 26080 26404 26408 26369 26513 25938 25929 25973 25965 26094 26159 26136 26200 26351 26421 26430 26225 26512 26505 26514
34020 34144 34063 33959 34015 34445 34704 34611 34995 35145 34734 34788 35225 34952 35106 35099 34970 34083 34316 35112 35057 34053 33262 34186 34290 33243 33417 33380 33183 32769 31860 31513 31412 30855 29936 29389 28511 27426 27340 26177 25785 25732 25684 25656 25694 25657 25646 25668 25674 25670 25672 25669 25694 25779 25796 25792 25861 26094 26317 26345 26233 25893 25898 25854 25859 25977 26151 26156 26475 26330 26448 26525 26255 25704 26323 26525 26366
