Alternative/Moon/Lvl0_30x30/Ele_EK.asc
ncols         335
nrows         335
xllcorner     13457491.657
yllcorner     -6727166.958
cellsize      10000
nodata_value  -9999.0
[rows 238 to 271 of 335, columns 0 to 76 of 335]
23710 23039 22743 22790 22617 22657 23420 23941 24697 24632 24511 24000 22584 21082 20529 21118 21675 21454 21689 21611 21189 21274 21455 21473 20883 20734 20722 20313 19924 19979 19677 19450 19286 19276 19478 19673 20458 21132 21695 21699 21374 21404 21437 21073 20979 21000 20891 20384 20070 19945 19759 19510 19135 18713 18393 18233 18038 18059 18069 18097 18023 17925 17766 17675 17694 17751 17820 17904 18169 18182 17819 17791 17785 17791 17895 17895 17843
24787 23943 23444 23266 23223 23609 24406 24842 25293 25214 24883 24206 23076 22147 21397 21068 21271 21242 20557 20195 20131 20135 20609 20231 19299 19520 19771 19506 19440 19241 19061 18750 18686 19072 19520 20227 21269 22241 22566 22327 21498 21209 21180 20989 20859 20832 20641 20245 19950 19688 19529 19380 18872 18616 18294 18023 18038 18069 18055 17962 17968 17905 17786 17756 17742 17844 17969 18098 18346 18473 18407 18260 17889 17828 17972 17804 17896
25481 24554 23898 23522 23510 23727 24470 24805 25036 24780 24397 23700 22943 22328 21844 21270 20802 20247 19812 19578 19352 19431 19572 19703 19518 19531 19380 18993 18752 18681 18555 18585 18989 19562 20127 20802 22110 22964 23124 23130 22296 21333 21105 20746 20964 20956 20682 20248 19842 19636 19416 19187 18559 18296 18130 18024 17982 17955 17953 17935 17921 17805 17824 17865 17845 17915 17994 18122 18440 18555 18548 18543 18553 18121 18103 18180 18123
25985 25030 24392 24051 23690 23642 23811 23801 23640 23354 23108 22470 21849 21419 20936 20446 20046 19720 19443 19103 18732 18559 18552 18556 18398 18265 18190 18057 18053 18066 18276 18732 19394 20301 20816 21588 22571 23354 23562 23463 22511 21395 20990 20749 20631 20515 20342 19779 19434 19245 18985 18872 18582 18373 18371 18153 17992 17936 18026 18002 18053 17948 17909 18015 18160 18079 17976 18041 18307 18404 18345 18414 18443 18197 18166 18223 18139
26336 25454 24607 24085 23522 23231 22978 22898 22541 22078 21663 21190 20728 20354 19987 19567 19461 19474 19370 19019 18445 18071 17896 17781 17737 17564 17521 17633 17721 17829 18188 18973 19877 20745 21186 21794 22483 23281 23550 23220 22136 20729 20506 20592 20332 19924 19563 19103 18840 18676 18761 18844 18769 18673 18432 18353 18393 18313 18245 18227 18222 18224 18045 17983 18055 18132 18094 18010 18179 18284 18254 18202 18125 17998 17940 17924 17948
26363 25487 24488 23951 23422 22658 21915 21620 20988 20598 20326 19820 19355 18949 18723 18556 18519 18442 18295 18259 18184 17622 17625 17223 17497 17404 17541 17587 17684 17827 18149 18776 19796 20592 20853 21437 22313 22783 22807 22290 21490 19955 19731 19795 19674 19261 18764 18785 18577 18430 18454 18503 18587 18561 18395 18385 18425 18244 18020 17976 17932 18057 18111 18381 18120 18000 18017 18040 18269 18384 18388 18243 18148 18043 18075 18022 18073
26139 25056 24207 23639 22942 22032 21164 20567 20016 19529 19213 18874 18611 18317 18051 17962 17788 17728 17767 17836 17737 17502 17416 17198 17376 17528 17860 18220 18174 18011 18202 18759 19469 19854 19988 20217 21053 21719 22082 21897 21160 19865 18956 19026 18995 18730 18759 18836 18600 18311 18218 18213 18600 18640 18554 18484 18213 17966 17789 17709 17718 17774 17967 18404 18303 18021 17958 17954 18142 18381 18386 18359 18371 18303 18140 18049 18096
25927 24756 23710 22853 22000 21071 20299 20001 19767 19130 18789 18444 18123 17754 17450 17148 17175 17172 17180 17113 17153 17041 17088 17135 17287 17555 18023 18409 18223 17664 17729 18376 18982 18996 19064 19624 20567 21199 21573 21679 21071 19684 18599 18543 18590 18364 18322 18395 18422 18271 18282 18541 18892 18796 18659 18566 18463 17882 17840 17687 17709 17742 18045 18465 18367 18009 17903 17894 18003 18078 18156 18349 18361 18297 18236 18236 18089
25322 23690 22511 21640 20689 20059 19796 19534 19161 18672 18317 17964 17589 17226 16926 16783 16704 16792 16828 16872 16823 17031 17138 17186 17297 17619 18087 18253 17913 17344 17243 17672 18958 19720 20079 20309 20661 20947 21077 21175 21024 20195 19396 18689 18414 18196 17989 17903 18002 18169 18226 18530 18794 18595 18511 18545 18534 18488 18316 18032 17912 18210 18332 18471 18338 18080 17994 17977 18024 18051 18108 18258 18208 18264 18175 18177 18218
24755 23393 22058 21135 20360 19672 19369 19130 18726 18234 17988 17615 17322 16799 16605 16600 16684 16952 17036 16990 17114 17509 17704 17814 17838 17634 18156 18206 18180 18252 18455 18829 19283 19743 20016 20294 20752 21159 21462 21718 21864 21263 20028 18909 18465 18190 18086 18061 17965 17994 18054 18372 18481 18478 18517 18459 18407 18412 18371 18222 18238 18404 18407 18253 18133 18045 17924 17946 18115 18128 18317 18305 18157 18078 18069 18081 18239
24684 23638 22359 21100 20234 19535 19220 18843 18324 17925 17655 17411 17149 16784 16594 16646 16895 17063 17109 17232 17317 17603 17807 17882 17903 17706 18152 18194 18159 18301 18506 18796 19253 19627 19798 20251 20628 20964 21245 21636 21909 21478 20447 19277 18638 18449 18319 18245 18224 18476 18491 18484 18509 18434 18437 18354 18419 18445 18334 18215 18202 18228 18247 18152 18033 17998 17892 17868 17913 17928 18097 18280 18168 18038 18094 18189 18262
24498 23542 22303 21206 20078 19191 18638 18340 18212 17925 17641 17189 17273 17322 17303 17152 17105 17259 17488 17722 17744 17724 17765 17792 17712 17825 17958 18020 18026 18101 18250 18523 18928 19251 19477 19825 19747 19990 20518 21072 21358 21151 20723 19975 19258 18794 18571 18337 18461 18716 18750 18562 18493 18375 18337 18405 18556 18708 18395 17899 18179 18173 18259 18252 18187 18118 18100 18084 17932 17948 17951 17948 17984 18090 18225 18258 18232
23107 22076 21086 20146 19072 18516 18089 17943 17853 17866 17438 17048 17457 17496 17450 17523 17524 17463 17536 17692 17765 17851 17895 17822 17655 17704 17738 17755 17744 17808 18015 18222 18445 18679 18822 19319 19750 20143 20579 20880 20861 20698 20561 20241 20132 19696 19599 19116 18905 18789 18795 18632 18422 18409 18233 18431 18706 19018 18899 18061 18271 18315 18176 18305 18252 17976 17948 18020 18081 18046 17944 17973 18021 18134 18230 18235 18291
21220 20549 19725 19164 18683 18338 18081 17898 17751 17557 16987 16858 16867 17005 17195 17514 17811 17746 17552 17354 17411 17562 17626 17423 17417 17616 17632 17553 17502 17665 18015 18481 18714 19154 19303 19705 19760 20019 20243 20643 20841 20981 21027 21141 20662 20345 20029 19589 19197 19252 19207 18699 18536 18387 18216 18479 18651 18836 18837 18676 18565 18181 18200 18210 18042 18106 18039 18001 18041 18110 18095 18093 18138 18178 18210 18262 18332
20312 19815 19503 19257 18794 18506 18100 17858 17700 17336 16997 16896 16914 16874 16950 17559 18146 18105 17911 17607 17233 17377 17302 17162 17168 17402 17438 17480 17578 17915 18413 18879 19077 19292 19620 19938 19853 19676 19601 19702 20315 21025 21358 21381 21083 20521 20220 20330 19997 19759 19482 18925 18708 18544 18573 18629 18266 18236 18472 18775 18620 18222 18147 18326 18445 18513 18478 18099 18082 18164 18149 18151 18163 18249 18310 18314 18333
19968 19757 19465 19342 18970 18562 18373 18195 17781 17897 17614 17521 17372 17163 17320 17734 18006 18036 17957 17585 17206 17050 17080 17083 17084 17203 17333 17519 17805 18136 18390 18821 18981 19108 19350 19747 19907 19629 19466 19542 19774 20726 21088 21332 21265 20728 20484 20559 20393 20225 19789 18797 18553 18578 18719 18540 18389 18714 18701 18544 18532 18200 18174 18332 18496 18681 18662 18059 17999 18002 18202 18276 18359 18356 18098 18359 18642
19679 19607 19417 19338 19077 18872 18552 18435 18106 18131 18020 17724 17607 17548 17582 17578 17499 17764 17729 17581 17354 17194 17063 17055 17143 17486 17491 17722 17855 18115 18164 18421 18420 18461 18494 18641 18917 19203 19325 19548 19663 19881 20050 20385 20590 20262 20124 20222 20347 20148 19617 18537 18129 18443 18726 18503 18463 18999 19127 18864 18609 18465 18521 18549 18600 18498 18579 18596 18684 18703 18670 18447 18361 18491 18583 18781 18754
18090 17900 17779 17823 17998 18247 18484 18444 18236 18069 17761 17698 17965 17940 17647 17582 17629 17651 17560 17367 17258 17174 17121 17077 17281 17536 17644 17684 17708 17812 17965 18039 18074 18026 18020 18191 18405 18520 18681 18926 19161 19241 19311 19390 19417 19184 19095 19251 19218 19063 18845 18565 18170 18201 18365 18922 19280 19595 19618 19677 19379 19365 19348 19161 19246 19311 18896 18661 18518 18472 18356 18326 18423 18473 18584 18848 19270
17452 17330 17361 17336 17223 17412 17853 18341 17782 16460 15695 16515 17769 17930 17524 17523 17635 17667 17616 17790 17837 17549 17441 17388 17391 17609 17674 17674 17595 17611 17631 17744 17807 17909 17986 18190 18394 18441 18637 18925 19190 19382 19425 19051 18920 18650 18516 18779 19039 19435 19946 20010 18955 18704 19506 20093 20283 20423 20414 20269 20119 19900 19621 19325 19279 19355 19100 18830 18553 18386 18375 18537 18672 18607 18598 18847 19334
17022 17046 17038 17040 17102 17176 17604 18225 17864 16607 15757 16514 17858 18037 17833 17801 17666 17673 17689 18274 18262 17663 17656 17650 17566 17683 17585 17732 17907 17959 18067 18082 18064 18292 18330 18421 18728 18988 19547 19777 19882 19970 20081 20127 19805 19352 19070 19670 20213 20625 20852 20734 19735 19291 20292 21070 20995 20998 20773 20649 20318 19971 19644 19435 19348 19246 19168 19077 18933 19021 18855 18724 19071 19359 19402 19205 19237
16977 16984 16973 16983 17032 17079 17386 18336 18292 18036 17891 17619 17731 17575 17645 17654 17413 17311 17403 18257 18478 18100 17678 17648 17668 17672 17745 17900 18144 18180 18249 18219 18232 18557 18676 18963 19142 19474 19832 20097 20096 20044 20161 20164 19902 19948 19822 20744 21118 21311 21458 21417 20509 19884 20415 21117 21091 21079 20743 20419 20115 19886 19575 19708 19776 19625 19695 19561 19527 19548 19187 18869 19211 19637 19620 19474 19418
17333 16967 16955 17009 17025 17666 17931 17945 17831 17535 17511 17277 17496 17673 17791 17764 17444 17351 17660 18209 18402 18095 17774 17763 17767 17755 17785 17974 18033 18138 18297 18400 18507 18629 18723 18941 19103 19313 19511 19755 19805 19769 19779 19804 19940 19992 19771 20601 21492 21657 21715 21630 20798 20380 20438 20642 20690 20634 20640 20635 20677 20471 19810 19714 20105 20303 20384 20468 20334 19758 19133 18739 18744 18924 19319 19718 19493
17699 17468 17475 17594 17611 17749 17913 17765 17594 17334 17348 17408 17860 18018 18084 17930 17456 17373 17688 17979 17908 17743 17719 17761 17752 17711 17761 17937 17891 17990 18183 18364 18486 18559 18631 18743 18961 19081 19253 19442 19429 19454 19572 19795 19882 19845 19644 20271 21298 21462 21776 21816 21277 20812 20871 21037 21083 21091 21112 21362 21425 21329 20356 19672 20301 21055 21045 21032 20781 20371 19752 19167 18668 18600 18892 19110 19071
17424 17404 17370 17362 17312 17120 17257 17378 17330 17252 17212 17157 17495 17805 17854 17803 17505 17442 17470 17503 17580 17646 17769 17845 17811 17865 17852 17815 17803 17950 18108 18144 18225 18307 18438 18696 18832 18956 19078 19195 19216 19362 19603 20041 19895 19576 19481 19839 20672 21318 21717 21965 21600 21158 21303 21431 21576 21550 21602 21813 21894 21723 21164 20416 20392 21120 21401 21352 21404 21196 20864 20516 19712 18779 18594 18591 18742
16868 16784 16803 16785 16756 16769 16901 16962 17003 17053 17139 17083 17318 17459 17629 17413 17456 17542 17455 17514 17679 17733 17702 17781 17813 17920 17901 17857 17755 17705 17768 17751 17866 18054 18237 18407 18507 18774 18931 19074 19135 19080 19139 19566 19766 19510 19759 19720 19747 20565 21001 21090 21035 21044 21273 21297 21463 21450 21397 21303 21264 21046 20847 20909 21040 21342 21423 21569 21503 21301 21167 20904 20505 19728 19249 19285 19388
16922 16874 16963 16976 16992 16933 16932 16958 16971 17028 17132 17171 17293 17473 17625 17491 17495 17549 17557 17543 17556 17679 17664 17567 17580 17693 17728 17711 17635 17644 17659 17637 17668 17852 17923 18205 18368 18518 18616 18761 18799 18742 18642 18621 19225 19509 19782 19797 18982 19414 20241 20570 20623 20618 20652 20737 20721 20576 20571 20541 20609 20539 20525 21128 21314 21562 21659 22065 22080 21889 21692 21442 21282 21102 20760 20751 21230
17831 17648 17693 17786 17898 17870 17763 17697 17545 17225 17109 17185 17280 17401 17427 17414 17547 17539 17568 17542 17528 17531 17542 17546 17581 17606 17648 17678 17686 17668 17655 17670 17705 17903 17904 18084 18168 18209 18240 18211 18193 18154 18133 18568 19303 19385 19746 19801 19323 19435 20114 20503 20527 20450 20435 20325 20227 20146 20374 20576 20619 20440 20467 20842 21265 21592 21814 22118 22122 22009 21971 21908 21861 21784 21817 21439 21513
18217 18045 18066 18284 18356 18325 18334 17625 17698 17674 17423 17310 17108 17181 17381 17467 17532 17509 17530 17512 17511 17526 17552 17587 17667 17732 17860 17896 17940 17963 17885 17869 17865 17964 17990 18089 18176 18157 18156 18212 18209 18501 18644 18995 19328 19324 19323 19283 19280 19164 19366 19623 19975 20209 20230 20149 20036 20214 20363 20424 20291 20354 20388 20543 20881 21371 21770 22146 22463 22495 22488 22155 21971 22020 22098 22214 21920
18056 17886 17859 18044 18261 18437 18401 18268 18079 18096 18045 18073 17949 18199 18327 18494 18474 18226 18075 17968 17795 17613 17593 17579 17667 17861 17904 18028 18051 18025 17912 17838 17881 17961 18056 18150 18174 18189 18237 18341 18440 18758 18876 19106 19659 19643 19406 19251 19113 18457 18573 19026 19506 19854 19997 20037 20092 20172 20192 20272 20388 20440 20591 20805 21050 21460 21964 22563 22978 23017 22930 22717 22485 22554 22767 22763 22412
18061 17768 17733 17661 18061 18192 18265 18224 18390 18588 18593 18619 18739 18628 18375 18439 19214 19206 18872 18827 18525 18243 17883 17718 17824 17929 18140 18140 18038 17957 17913 17825 17750 17923 18202 18337 18352 18462 18628 18713 18785 18893 19005 19104 19428 19520 19399 19206 19126 19252 19008 19380 19702 19838 19937 19980 19939 19994 20133 20383 20503 20643 20629 20714 21070 21629 22051 22615 23051 23174 23195 23227 23382 22962 22949 22907 22466
17814 17596 17613 17607 18079 18449 18491 18509 18765 18844 18797 18799 18787 18853 19055 19068 19350 19290 19225 19146 19094 18943 18651 18219 18204 18181 18178 18284 18271 18314 18225 18074 18074 18242 18325 18363 18356 18420 18649 18849 18898 18927 19020 19171 19299 19350 19344 19219 19322 19089 18908 19387 19706 19755 19714 19614 19591 19734 19949 20336 20338 20379 20081 20077 20782 21824 22274 22605 22856 23266 23400 23402 23373 22884 22524 22301 21680
17341 17343 17478 17624 17998 18351 18524 18648 18757 18898 18882 18941 18945 19124 19109 18964 19263 19459 19379 19347 19311 19173 18973 18661 18510 18429 18475 18651 18751 18811 18797 18698 18605 18534 18483 18325 18324 18440 18575 18714 18799 18899 18921 18934 19128 19288 19365 19150 19024 18869 18803 19131 19224 19214 19363 19577 19670 19769 19984 20273 20536 20882 21081 21350 21808 22033 22219 22729 23028 23401 23480 23399 22952 22310 21897 21598 21130
17122 17371 17557 17756 17812 17904 17875 17928 18366 18743 19004 18991 18946 19046 19054 19168 19109 19497 19404 19232 19275 19226 18895 18656 18577 18495 18455 18650 18741 18802 18815 18723 18587 18468 18377 18317 18420 18534 18621 18656 18686 18858 18892 18985 18966 19066 19135 19170 19170 19122 19242 19371 19420 19530 19581 19687 19808 19890 20001 20457 20642 20909 21343 21827 22225 22408 22599 22745 22840 22881 22846 22606 22297 21814 21541 21256 20842
17077 17335 17425 17658 17845 17734 17578 17421 17605 18270 18709 18737 18839 18978 19063 19335 19455 19698 19675 19565 19505 19282 19178 18895 18146 18324 18715 18633 18595 18567 18523 18461 18350 18214 18166 18509 18870 18975 19031 19026 18797 18811 18879 19008 19017 18997 19032 19299 19288 19090 19040 19115 19281 19474 19570 19667 19779 19885 20059 20555 20765 21195 21802 22409 22653 22707 22784 22731 22473 22334 22270 22146 21926 21494 21231 20768 20851
