Alternative/Moon/Lvl0_30x30/Ele_CI.asc
ncols         335
nrows         335
xllcorner     6757491.657
yllcorner     -27166.958
cellsize      10000
nodata_value  -9999.0
[rows 34 to 67 of 335, columns 0 to 76 of 335]
16945 16330 15978 15707 15639 15567 15511 16282 17242 17864 18509 18815 18816 18884 17978 16531 15540 15646 15885 15892 16253 16222 16567 17155 17256 17045 16103 15548 15560 15577 15584 15583 15622 15815 16547 16551 16339 16211 15841 15698 15888 16116 16201 16232 17675 18469 19984 20451 19911 19844 19269 18697 18090 18081 18019 17672 18283 18564 18603 18625 18852 18972 19490 19242 18412 18226 19206 19713 19781 19664 18973 18097 17820 18379 18667 19601 20608
16352 16078 15840 15822 15623 15738 16717 18240 18717 18698 19227 19409 19282 19054 18147 17605 16845 15945 15455 15464 15454 15461 15578 16041 16469 16226 15580 15579 15573 15579 15596 15587 15739 16082 16505 16032 15139 16218 16081 15532 15530 15736 15825 15696 17146 18528 19506 19966 19258 19470 19204 18641 17738 17785 17811 17611 18106 18978 19017 19186 18742 19791 20204 19543 18515 17923 19294 19556 19325 18826 17822 17552 18246 19046 20383 20770 20116
16088 15920 15946 16426 16561 17343 18491 19058 19114 19092 19251 19441 18919 18289 17992 17875 17427 16630 16089 15576 15436 15459 15488 15513 15556 15577 15590 15618 15620 15615 15607 15654 15857 16204 16472 14369 13204 15334 15996 15474 15354 15309 15468 15559 16330 17360 18114 18601 18662 18863 19120 18438 17732 17912 18385 18339 19031 19414 19247 19317 18694 19934 20262 19640 18395 17701 18696 18670 18872 18885 17967 17102 18930 19963 21488 21850 20445
15968 15848 15869 16892 17828 18723 19159 19339 19362 19549 19483 19130 18458 18143 18363 17864 17401 17020 16587 15679 15432 15452 15483 15515 15548 15556 15584 15611 15634 15636 15691 15757 15881 16080 16370 16041 15236 16041 15998 15510 15423 15360 15363 15463 15338 15316 15638 16518 17450 17684 17568 17441 17606 17621 18323 18634 19045 19164 18882 18494 17867 18361 18762 18496 17682 17133 17802 17736 19009 18889 17754 16936 18698 20181 22231 22299 20424
15797 15715 15708 16418 17349 18666 19167 20074 20039 20076 20158 20067 19518 18910 18638 18202 17563 17225 16784 16150 15506 15454 15489 15526 15552 15559 15590 15594 15615 15620 15737 15770 15770 15764 16080 16229 16118 16078 15675 15451 15415 15416 15354 15358 15360 15342 15349 15429 15538 15713 16003 16959 17372 17676 18622 18750 18624 18989 18997 19056 18422 17838 16897 16571 16621 16849 17832 18860 19333 18626 17272 16846 18863 20525 22216 22225 20696
15728 15705 15660 15658 16571 17990 19042 20227 20239 20151 20302 20292 20173 19170 18357 18051 17322 16979 16780 16064 15564 15491 15537 15556 15574 15587 15578 15568 15604 15664 15761 15731 15688 15601 15578 15638 15608 15557 15466 15438 15419 15396 15372 15380 15384 15366 15378 15402 15449 15462 15919 17435 18142 18674 19013 19384 19239 18949 19510 19475 18692 17883 16246 15570 16172 17121 17909 18904 19232 18559 16761 17087 19317 20878 21122 21667 21258
15706 15693 15599 15634 16413 17364 18354 19376 19441 19807 20236 20224 20080 19141 18173 17657 17038 16869 16397 15791 15452 15543 15580 15562 15585 15588 15591 15586 15567 15740 15750 15655 15576 15503 15505 15498 15456 15442 15439 15437 15447 15437 15400 15432 15445 15394 15407 15415 15452 15450 15827 17515 18788 19533 19643 19933 19789 20225 20590 20153 18390 17817 16949 15544 16067 16349 17336 18080 18096 17783 16724 17098 19525 20993 21192 20768 20783
15658 15574 15617 15644 15668 16279 16555 17163 17219 17448 17918 18169 18128 17856 17341 16786 16477 16218 15660 15461 15534 15616 15648 15607 15596 15596 15582 15581 15666 15712 15660 15557 15515 15508 15469 15448 15423 15433 15396 15410 15438 15441 15433 15435 15433 15440 15452 16109 16204 15559 15933 17615 18742 19491 19772 19750 20745 21260 20820 20096 18090 17664 16863 15549 15995 16226 15659 16171 15769 15780 15865 16468 18758 19793 19701 20214 20593
15573 15555 15576 15594 15590 15575 15551 15598 16001 15969 16086 16172 16362 16283 16035 15680 15592 15542 15513 15512 15591 15619 15611 15615 15614 15594 15568 15577 15657 15645 15586 15509 15474 15503 15434 15406 15404 15417 15411 15407 15427 15471 15504 15527 15541 15623 15939 17160 17466 17448 17261 17780 18601 18950 19324 19506 20658 20807 20163 18830 16876 16626 16086 15666 16170 16619 15965 15378 15617 16465 16728 16364 16754 17290 17883 18832 19850
15865 15562 15587 15565 15582 15589 15571 15616 15569 15549 15512 15559 15580 15592 15605 15607 15585 15560 15516 15533 15598 15620 15611 15620 15617 15632 15619 15682 15700 15677 15562 15486 15469 15469 15404 15393 15399 15418 15429 15468 15559 15601 15651 15723 15830 15928 16893 17617 18114 17984 17991 17578 17240 17259 17983 18480 18816 18841 17927 16881 15956 15645 15845 15791 15691 15825 16494 16398 16087 16355 16816 16962 17121 16777 17250 17856 17883
17196 16702 16220 16097 16209 16145 15939 15835 15712 15582 15520 15577 15577 15597 15656 15631 15592 15560 15538 15570 15606 15623 15599 15650 15723 15766 15760 15764 15728 15683 15530 15484 15420 15387 15350 15367 15404 15427 15417 15462 15551 15646 15861 16173 16316 16939 17804 17967 18310 18415 17928 16523 14975 14716 15467 16140 17210 17795 17250 16189 15886 15682 15735 15655 16130 16036 16428 16459 16213 16281 16097 16937 18038 17726 17291 17480 17431
18561 17960 17414 17262 17010 16977 16635 16861 16876 16635 16047 15715 16255 16671 16922 16983 16710 16682 16635 16633 16614 16290 15924 15690 15765 15765 15703 15676 15571 15528 15450 15403 15410 15416 15370 15343 15396 15404 15401 15438 15526 15625 15856 16244 16963 17777 18380 18674 18738 18340 17344 16578 15309 14426 14760 15104 16096 17321 16988 15639 15745 15686 15647 15646 16095 16251 16144 16532 17598 17745 16367 17758 17940 17702 17277 17308 17539
20227 19572 18681 18318 18092 17771 17385 17494 17573 17197 16808 16700 17606 18030 18164 17876 17677 18022 18146 18055 18015 17925 17575 16568 15732 15641 15511 15457 15425 15404 15367 15360 15413 15418 15363 15327 15361 15394 15405 15432 15516 15602 15895 16521 16824 16830 16680 17809 18593 18351 16868 15739 15396 15529 16238 16372 16389 16668 16299 15539 15658 15660 15615 15603 15607 16122 16203 17830 18315 18256 17104 18130 18116 17381 17225 15592 17319
21443 20962 19719 18923 18676 18608 18782 18700 18063 17662 17295 17865 18556 18753 18735 18790 19223 19395 19521 19063 18845 18880 18749 18041 17001 16548 15570 15441 15366 15332 15311 15289 15432 15428 15365 15358 15344 15395 15417 15458 15546 15675 15946 16479 15865 14240 14153 15165 16584 17282 16515 15733 15446 15384 15630 15621 15471 15457 15461 15454 15492 15497 15481 15474 15502 15659 16178 17757 18215 18102 17588 17581 17870 17244 17476 17437 17433
22553 21969 20509 19471 19291 19164 19059 18750 18227 17851 17511 18380 19100 19347 19298 19248 19914 20628 20932 20181 19703 19646 18874 18305 17670 17124 16051 15515 15423 15326 15296 15294 15410 15411 15360 15341 15367 15383 15416 15487 15574 15731 16005 16337 14898 13147 13002 13485 15527 16541 16143 15583 15430 15381 15372 15413 15453 15456 15407 15402 15427 15432 15437 15493 16275 16881 17022 17435 17749 17658 17233 17028 16954 17056 17404 17334 17205
22787 22169 21389 20453 20728 20725 19351 18559 18179 18021 18471 18588 19516 20112 20180 19667 20227 20863 21135 21026 20963 20545 20134 19445 17938 17442 16366 15991 16100 15764 15327 15267 15345 15344 15320 15364 15392 15418 15452 15493 15594 15700 15874 16426 15945 14423 13681 14921 16538 16566 15864 15508 15406 15366 15373 15379 15400 15409 15404 15408 15386 15405 15492 16442 17639 19117 19169 18472 18030 17464 17043 16765 16724 17230 17762 17689 17223
22226 21796 21349 20528 21115 20744 19073 18405 19257 19904 20012 19693 20094 21311 21280 20542 20377 20884 21845 23091 23167 22360 21879 20564 19562 18465 17275 16346 16269 16083 15893 15966 15372 15320 15301 15382 15454 15468 15493 15513 15544 15550 15685 16198 16401 16454 16404 16366 16521 16273 15669 15436 15352 15352 15373 15386 15389 15397 15404 15404 15388 15400 15661 17552 18718 19414 19468 18520 17432 17269 16904 16731 16786 17069 17847 18140 17827
21942 21278 20816 19731 19731 19392 18784 19264 20551 21491 21230 19797 20318 21646 21951 22118 22146 22527 23509 24177 23748 22728 22317 22278 21818 20351 18565 17014 16215 16120 16204 16316 15806 15257 15258 15335 15486 15502 15508 15525 15582 15597 15645 15731 16023 16217 16275 16143 15900 15718 15503 15430 15359 15341 15359 15391 15391 15404 15409 15403 15387 15394 15679 17800 18698 18943 18010 17234 17209 17220 16851 16745 16999 18194 18488 18370 18451
20884 20421 19913 19359 19041 18808 18761 19467 20613 21439 21064 19862 20135 21439 21751 22024 23191 23817 24243 24926 24368 23053 22830 23049 22757 21586 19416 17439 16322 16295 16551 16420 15927 15222 15206 15284 15463 15487 15494 15591 15611 15619 15629 15633 15644 15800 15772 15624 15554 15511 15468 15414 15362 15342 15352 15375 15389 15405 15409 15399 15383 15397 15962 17519 17936 18059 16966 16726 16811 16818 16791 16803 17272 18271 18621 18678 18831
19331 19034 19111 19195 19208 19142 19126 19509 19624 19773 20100 20377 20377 20079 20036 21430 23047 23927 24528 24910 24384 22992 23179 22895 22277 21463 19371 17823 16572 16325 16640 16391 15364 15219 15207 15238 15331 15399 15456 15588 15610 15616 15603 15559 15564 15585 15552 15508 15449 15455 15441 15377 15362 15349 15347 15371 15375 15380 15386 15389 15379 15426 15863 16064 16202 16370 16406 16549 16733 16867 16913 17147 17104 17497 17821 18237 18594
18627 18293 18464 19522 19691 19487 19193 19441 19279 19276 20035 20376 20789 20214 19284 20458 22043 23167 23511 23367 23434 23118 22987 21832 20550 20016 18715 18029 16958 16266 16818 16540 15279 15191 15218 15249 15326 15378 15428 15524 15560 15574 15535 15524 15494 15493 15484 15480 15438 15413 15412 15379 15364 15348 15360 15362 15370 15370 15376 15366 15392 15390 15583 15557 15755 15940 16071 16279 16670 16613 16785 16897 17278 17604 17727 17392 17011
18357 17367 17937 19189 19487 19261 18980 19094 19160 19686 20033 20974 21744 20909 19394 19177 20079 21127 21477 21238 21773 21936 21700 20344 19092 18694 18321 18239 17424 16674 16882 16598 15271 15206 15200 15236 15358 15412 15412 15411 15464 15498 15458 15452 15441 15443 15552 15579 15739 15778 15608 15424 15366 15360 15368 15347 15358 15360 15356 15364 15379 15378 15372 15651 15864 15690 15718 15367 16360 16503 16046 16202 17331 17406 17151 16527 16274
18982 18276 17681 18862 18982 18605 18609 18917 19373 19908 20281 20856 21382 20736 19560 19170 18914 19613 19978 19920 20003 20180 19955 19257 18564 18318 18192 18197 17514 16793 16719 15926 15262 15231 15206 15242 15356 15416 15435 15400 15423 15457 15486 15496 15653 15667 16241 16262 16171 16305 16058 15750 15531 15353 15360 15341 15335 15335 15351 15361 15355 15352 15415 15650 15417 15313 15578 15670 15688 15918 15907 15957 16721 16883 16214 15735 15894
19104 18528 16970 17454 17677 17621 18270 18754 19126 19534 20222 20467 20559 20677 20107 19794 19422 18932 19111 19279 19132 18831 18498 18410 18051 17744 18037 18031 17417 16818 16941 15687 15294 15254 15225 15243 15323 15428 15540 15757 15984 16207 16379 16119 16224 16306 16652 16737 16656 16704 16751 16444 16014 15641 15320 15319 15319 15321 15335 15343 15339 15328 15864 16190 16010 15918 16709 16385 15572 15171 15161 15156 15576 15752 15676 16244 16116
17622 17219 16126 14494 14524 14691 16364 17694 18458 18904 19581 19912 19857 19792 19808 19637 19423 18983 19169 19008 18205 17599 17431 17094 16842 17282 17668 17580 17001 16692 16615 15574 15307 15264 15233 15213 15293 15509 16348 16682 16909 16798 16484 15822 15558 15430 15149 15307 15652 16259 16579 16648 16581 15912 15359 15304 15309 15317 15326 15494 15530 15874 16249 16591 16811 16815 16568 16411 15654 15089 15056 15048 15062 15533 16007 16306 16291
14623 14316 13713 13410 13293 13409 13911 14920 15816 16557 17429 18198 19073 19081 18786 18254 18621 18703 18435 17977 17119 16119 15130 15036 16169 16829 17170 16979 16831 16222 15417 15299 15273 15256 15234 15199 15242 15733 16944 17225 17043 15924 14816 13778 13012 12548 12385 13229 13805 14022 14804 16384 16563 16349 15673 15291 15300 15316 15341 15767 16002 16189 16759 16887 16913 16778 16371 15900 15134 15068 15069 15052 15074 15858 16402 16301 16178
13343 13297 13248 13216 13243 13213 13245 13433 13813 14185 14803 15899 17270 17573 17482 16855 17757 18168 18007 17535 16521 15458 14301 14228 14885 15691 16087 16317 16380 15899 15704 15893 15580 15246 15218 15213 15520 15997 16967 17003 16120 14484 13101 11839 11103 10867 10814 11563 12234 12898 13192 14940 16225 16312 16016 15311 15310 15310 15321 15513 15600 15864 16463 16745 16696 16442 15783 15140 15066 15087 15084 15084 15661 16045 16438 16454 16680
13244 13208 13320 13560 13452 13217 13197 13285 13288 13353 13495 13641 14566 14882 14762 15183 16210 17437 17507 16846 15187 14212 13952 14093 14450 14776 15366 15992 16465 16932 17252 17277 16582 15828 15273 15494 15785 16468 16721 15882 14086 13240 11676 10477 10158 10148 10144 10176 10436 11117 12154 13683 15913 16454 16266 15432 15379 15323 15306 15310 15329 15563 15829 15929 15838 15342 15070 15082 15080 15076 15072 15090 15301 15687 16354 17809 18639
13120 13147 13213 13382 13395 13178 13154 13170 13237 13224 13342 13407 13681 13828 13890 13842 14169 14816 14772 14540 13851 13764 13876 14030 14960 15953 16063 15654 17016 17455 17759 17654 17210 16488 15935 16042 16143 16498 16225 14106 12749 11818 10341 10134 10115 10112 10121 10136 10166 10214 11159 12317 14708 16295 16145 15754 15795 15473 15277 15262 15283 15341 15201 15065 15071 15079 15091 15087 15078 15079 15238 16211 16271 16912 17500 18992 19035
13149 13169 13206 13212 13159 13220 13235 13124 13408 13405 13098 13268 13568 13791 13784 13709 13674 13695 13665 13672 13673 13673 13768 13997 14750 15715 16098 17765 18375 18191 17692 18025 18169 18015 17933 17914 17537 17527 16180 13855 12184 11013 10109 10123 10131 10165 10109 10131 10144 10179 10501 11519 13827 16009 16347 14516 15723 15802 15280 15217 15313 15310 15077 15074 15085 15098 15104 15097 15147 15133 15726 16581 16924 17933 18547 18473 19780
13176 13171 13281 13243 13167 13120 13091 13100 13266 13251 13026 13112 13304 13748 13753 13669 13680 13684 13655 13660 13661 13658 13712 13703 14107 15254 16565 18476 18988 18736 18015 18595 18718 18697 18967 18924 18667 18155 16307 14129 12641 11368 10181 10128 10183 10318 10121 10110 10130 10163 10245 11521 13788 16076 16430 14389 15601 15686 15239 15166 15142 15113 15092 15094 15098 15098 15100 15088 15170 15640 16102 16811 17008 17981 19155 20104 20246
13234 13204 13214 13239 13222 13233 13240 13237 13113 13096 13103 13022 13248 13394 13685 13690 13684 13676 13652 13638 13638 14394 14580 14012 13796 14376 16831 18285 18847 18707 18653 19214 19081 19048 19116 19201 19026 18370 16317 14309 12839 11758 10240 10161 10146 10103 10110 10123 10127 10144 10200 11173 13307 15764 16424 15998 15609 15337 15179 15141 15121 15107 15104 15104 15105 15092 15121 15461 15631 15845 16302 16595 16702 17579 19127 20536 20227
13234 13243 13335 13359 13346 13243 13330 13241 13251 13190 13142 13083 13322 13458 13676 13693 13684 13671 13659 13629 13664 15093 15331 15028 13861 13789 15194 17127 17898 18302 19000 19304 19157 19142 19049 18900 18923 18718 16899 15165 13365 12205 10672 10339 10355 10362 10328 10331 10154 10138 10271 11070 12718 14690 16126 15763 15183 15131 15095 15097 15100 15098 15095 15093 15097 15191 15575 15837 15941 16010 15979 16059 16214 16654 18459 19374 19135
13254 13284 13383 13334 13471 13409 13219 13273 13466 13380 13175 13251 13303 13478 13657 13685 13671 13671 13653 13627 13976 15287 15339 14980 13828 13663 13759 14973 16668 17508 18130 18285 18709 18862 18619 18415 18658 18629 17267 15336 14029 12654 11221 10335 10492 10596 10613 10426 10241 10847 11687 12172 14187 15963 16580 15853 15083 15087 15079 15068 15084 15075 15073 15085 15088 15078 15547 15800 15854 15992 16117 16264 16154 16348 17437 18095 18416
