Alternative/Moon/Lvl0_30x30/Ele_FK.asc
ncols         335
nrows         335
xllcorner     13457491.657
yllcorner     -10077166.958
cellsize      10000
nodata_value  -9999.0
[rows 0 to 33 of 335, columns 77 to 153 of 335]
26436 26262 25413 24544 24109 23450 22846 22634 22568 22313 22162 22101 22062 21833 21574 21295 20794 20259 19941 19508 19117 18933 18603 18272 18193 18329 18486 18673 18682 18620 18595 18508 18513 18551 18713 18739 18504 18075 17554 17263 17151 17092 17002 16797 16520 16351 16174 16115 15989 15952 16041 16044 15986 16030 16145 16172 16090 16180 16198 16250 16352 16291 16041 15869 15583 15555 15540 15550 15623 15558 15564 15583 15398 15372 15387 15371 15340
26090 25596 24898 24309 24045 23360 22942 23010 23037 23058 22847 22646 22420 22133 21829 21400 20879 20533 20078 19690 19468 19144 18764 18365 18266 18280 18282 18340 18479 18487 18406 18493 18455 18413 18645 18685 18350 18120 17935 17704 17445 17262 17013 16850 16528 16336 16194 16227 16019 15913 15989 15968 15900 15939 15969 16081 16037 16113 16226 16356 16341 16268 16062 15853 15710 15565 15554 15554 15614 15580 15624 15680 15542 15559 15443 15464 15355
26000 25907 25828 25195 24281 23784 23706 23428 23249 23189 23133 23203 22984 22883 22548 22053 21509 20914 20445 19954 19534 19180 18732 18428 18274 18300 18205 18216 18309 18311 18487 18601 18542 18447 18536 18604 18502 18318 18278 18270 17809 17700 17388 16792 16565 16384 16412 16269 16197 16255 16211 16166 16007 15917 15923 16004 16145 16353 16524 16439 16457 16497 16388 15994 15815 15708 15534 15619 15713 15726 15930 15938 15633 15594 15401 15236 15417
25153 25765 25922 25647 25439 25381 25017 24569 24048 23897 23788 23873 23932 23810 23399 22964 22245 21778 21153 20548 19939 19454 18810 18493 18439 18368 18455 18505 18493 18494 18668 18680 18598 18430 18426 18440 18449 18472 18148 17586 17207 17270 17305 17117 16938 16712 16574 16465 16549 16702 16574 16633 16667 16599 16487 16426 16536 16412 16161 16347 16616 16638 16598 15995 15517 15411 15480 15544 15639 15765 15789 15745 15352 15009 14966 14886 14929
24728 25053 25669 25475 25726 25688 25479 24952 24137 23911 23813 23967 24140 24036 23732 23454 23339 22898 22534 21940 21043 20307 19520 18836 18731 18631 18641 18631 18591 18672 18684 18539 18489 18269 18048 18003 18168 18416 18425 18245 17864 17191 16126 15849 16312 16771 17094 16989 16979 17102 17318 17374 17328 17166 17001 16585 16541 16504 16440 16466 16646 16646 16428 15860 15516 15319 15301 15320 15301 15326 15273 15293 15245 15433 15604 15447 14600
24216 24187 25187 25981 25920 25666 25542 24958 24190 23906 23793 23987 24118 24026 23842 23555 23495 23058 22718 22174 21214 20411 19546 18716 18910 18901 18922 18858 18717 18717 18632 18628 18510 18349 18256 18019 18141 18190 18218 18191 18027 17923 17420 17054 16855 17296 17419 17280 17236 17404 17319 17301 17068 16877 16541 16452 16527 16719 16770 16540 16437 16515 16195 15587 15414 15269 15222 15225 15229 15227 15226 15201 15245 15444 15655 15561 15089
23463 23862 24988 26015 25978 25471 24945 24562 23924 23721 23767 23947 23989 23985 23906 23598 23151 22852 22358 21624 20813 20120 19580 19189 19021 19062 19133 19193 19167 19054 19023 18848 18706 18677 18574 18312 18098 18118 18176 18223 18121 17953 17630 17560 17601 17615 17467 17644 17978 17867 17002 16357 16146 16036 16021 16352 16880 17215 17073 16275 16181 16335 16132 15380 15194 15250 15303 15233 15226 15232 15310 15137 15145 15172 15251 15363 15392
22386 22957 24163 25256 25335 25039 24532 24036 23556 23462 23583 23687 23845 23966 23924 23609 23158 23164 22961 22343 21311 20687 20049 19545 19276 19350 19409 19360 19300 19249 18989 18218 18179 18131 18298 18275 18064 18126 17998 18058 17909 17617 17428 17429 17410 17449 17685 18080 18309 18190 17183 16297 16024 16069 16404 16891 17065 17284 17235 16390 15820 15814 15679 15339 15253 15272 15283 15211 15199 15207 15262 15166 15142 15140 15246 15402 15551
22144 22873 24069 25300 25668 25483 24942 24143 23502 23251 23152 23327 23696 23701 23485 23476 23751 23877 23687 23007 22207 21504 20633 20033 19713 19743 19787 19681 19486 19153 18213 17934 18058 17924 17805 18030 18209 18219 18213 18214 18049 17717 17610 17596 17581 17575 17603 17695 17764 17810 17455 17418 17148 17062 17059 17184 17347 17497 17408 16749 16617 16334 15826 15454 15241 15201 15196 15184 15205 15275 15247 15256 15256 15343 15321 15356 15429
22202 22755 23981 25248 25695 25587 25101 24636 24119 23533 23219 23558 23590 23687 23783 24125 24163 24114 23721 23171 22492 21831 21084 20506 20116 20051 19965 19769 19679 19614 19364 19014 18711 18646 18654 18591 18529 18452 18331 18362 18132 17882 17882 17883 17915 17903 17828 17491 17364 17348 17574 17680 17647 17447 17256 17428 17695 17760 17610 17138 17184 17094 16713 16174 15671 15299 15205 15223 15222 15198 15249 15354 15503 15591 15578 15638 15715
22457 22524 23418 24670 25465 25457 25269 24998 24800 24424 24055 23941 24027 24072 24439 24637 24651 24634 24291 23574 22830 22329 21702 21009 20706 20676 20415 20277 20108 19641 19066 19506 19474 19471 19489 19411 19234 19030 18921 18708 18685 18608 18393 18272 18224 18190 18064 17986 17877 17903 17891 17883 17740 17559 17560 17643 17536 17281 17123 17113 17532 17690 17365 16589 15922 15360 15302 15252 15298 15266 15317 15721 15913 15842 15698 15439 15727
22503 22447 23041 24276 25513 26171 26206 25846 25446 25222 25030 24638 24329 24311 24696 25110 25233 25235 25002 24426 23765 23303 22569 21876 21804 21690 21536 21396 21118 21061 20978 20425 20109 19837 19727 19643 19581 19466 19198 19145 18908 18677 18544 18419 18325 18333 18269 18283 18275 18237 18121 17975 17795 17666 17726 17964 17923 17816 17908 17988 17967 17812 17394 16753 16042 15603 15393 15318 15388 15449 15507 15846 15816 15077 13842 13203 14310
22134 22299 23257 24722 25961 26653 26735 26482 26135 26080 25979 26003 26023 25901 25721 25716 25914 25920 25629 25171 24767 24208 23513 23143 22821 22684 22571 22552 22604 22435 21821 21212 20600 20439 20297 20168 19971 19856 19727 19615 19421 19074 18936 18786 18637 18597 18466 18353 18308 18291 18147 18024 17968 18119 18421 18713 18597 18542 18495 18381 18107 17796 17400 16838 16232 15689 15452 15343 15340 15430 15512 15714 15909 15872 15535 15342 15593
22064 22336 23280 24729 25967 26636 26849 26883 27218 27328 27205 26824 26461 26538 26704 26792 26643 26349 26047 25454 24804 24312 23993 23900 23646 23436 23359 23591 23449 22776 22053 21581 21151 20908 20704 20660 20589 20624 20585 20202 19720 19508 19398 19205 18999 18849 18677 18580 18394 18193 18202 18095 18349 18550 18840 18927 18646 18484 18419 18275 18067 17798 17459 17034 16343 15890 15700 15579 15485 15508 15519 15638 15890 16131 16173 16158 15982
22121 22286 22868 24004 25177 26152 27089 27555 27572 27684 27675 27553 27009 26741 26757 27027 26949 26606 26213 25773 25164 24931 24758 24504 24175 23979 23880 23798 23475 22953 22381 21958 21600 21447 21499 21454 21170 21160 21052 20858 20577 20285 20024 19829 19321 19054 18876 18690 18408 18287 18287 18229 18374 18496 18631 18654 18561 18403 18423 18402 18044 17928 17515 16918 16336 16037 15805 15680 15798 15852 16057 16102 16162 16187 16238 16241 16023
21776 21962 22131 23261 24656 25785 26949 27535 27681 27621 27533 27441 27222 26954 26480 26690 26593 26253 26116 25836 25133 24921 24719 24477 24128 23936 23844 23747 23671 23424 23155 22923 22274 21772 21632 21450 21276 21463 21473 21434 21217 20985 20808 20496 20019 19646 19473 19220 18920 18770 18637 18402 18350 18463 18627 18719 18423 18023 18253 18273 17995 17812 17334 16960 16483 16247 16305 16527 16635 16896 17091 17134 17166 17151 17002 16645 15954
21896 22284 22477 23010 23909 24538 25211 25539 25933 26610 27156 27177 27098 26965 26740 26610 26400 25999 25812 25641 24990 24988 24947 24721 24488 24337 24393 24476 24432 24364 24227 23744 23214 22935 22524 22518 22473 22316 22034 21875 21611 21355 21264 21268 21123 20915 20807 20605 20264 19894 19561 19312 18993 18862 18738 18610 18357 18202 18147 18031 17761 17615 17355 17303 17350 17287 17403 17611 17682 17775 17679 17867 17954 18005 17762 17434 16520
21823 22274 22570 23046 23855 24146 24353 24470 24754 25039 26004 26808 26830 26902 26750 26632 26395 25975 25586 25237 24837 24893 24976 24922 24964 25001 24980 24921 24858 24686 24318 24119 23626 23599 23501 23376 22884 22496 22271 22056 21799 21633 21542 21398 21275 21221 21174 21152 21052 20863 20543 20155 19731 19485 19277 19241 19261 19203 18863 18602 18211 17985 17963 18080 18086 18033 18003 17996 17942 18213 18212 18344 18291 18075 17887 17822 17095
22200 22468 22546 22976 23747 24271 24386 24340 24320 24559 24935 25814 26609 26647 26641 26546 26462 26256 25936 25442 25043 24774 24827 24819 24893 24899 24812 24702 24560 24269 23926 24080 23924 23729 23501 23370 22893 22604 22248 21994 21809 21679 21544 21383 21282 21275 21233 21155 21176 21149 20971 20759 20521 20390 20380 20265 20116 19979 19704 19498 19215 19102 18912 18875 18910 18912 18925 18889 18795 18790 18759 18731 18772 18839 18897 18756 18470
23064 23213 23105 23190 23634 24306 24460 24370 24279 24429 24819 25567 26519 26553 26453 26502 26390 26157 25966 25697 25299 24957 24761 24727 24653 24514 24386 24061 23680 23744 23761 23604 23437 23313 23266 23172 22908 22560 22243 21958 21712 21570 21396 21230 21075 21054 21146 21113 21201 21195 21018 20938 20925 20984 21064 21057 20992 20830 20412 20185 20211 20263 20135 20052 19962 19810 19757 19807 19819 19821 19820 19766 19704 19765 19708 19684 19522
23156 23346 23336 23268 23545 23687 23924 24235 24517 24622 24532 25124 25855 26200 26171 26325 26186 25883 25660 25448 25019 24706 24596 24524 24406 24395 24430 24077 23939 23934 23834 23803 23624 23461 23381 23165 22937 22600 22304 22015 21723 21632 21351 21172 21052 21082 21195 21177 21204 21181 21110 21095 21404 21552 21889 21952 21488 21287 21259 21363 21393 21275 21202 21074 20996 21067 21295 21378 21223 21136 21171 21109 20954 20956 20960 20666 20525
23063 23242 23322 23236 23289 23609 23933 24238 24611 24684 24560 24732 25089 25727 25914 26089 25879 25266 25045 24917 24774 24704 24637 24587 24413 24330 24249 24118 24024 23920 23920 23772 23517 23352 23330 23086 22815 22741 22473 22194 21976 21788 21692 21566 21405 21263 21211 21135 21194 21327 21374 21579 22018 22003 22130 22208 21567 21161 21265 21398 21688 21805 21818 21726 21701 21784 21910 21977 22027 22017 21996 21939 21796 21662 21510 21529 21581
23083 23052 23521 23278 22804 23156 23723 24048 24340 24539 24635 24654 24937 25781 26104 26027 26038 25559 25225 25087 25069 25029 24925 24716 24258 24351 24476 24423 24070 23945 23931 23850 23553 23278 23091 22910 22764 22690 22541 22422 22226 22209 22217 22211 22104 22004 21880 21969 22006 21890 21915 22278 22760 23109 23138 22635 21653 21191 21093 21372 21821 22041 22211 22218 22349 22449 22602 22523 22231 22130 22114 22345 22426 22569 22734 22889 22922
22860 22764 23111 23043 22633 22592 23045 23790 24314 24603 24767 25143 25617 26378 26520 26403 26304 25912 25482 25105 25115 25102 24716 23743 23524 23876 23893 23564 23107 23176 23532 23674 23652 23560 23293 22954 22727 22666 22581 22593 22588 22718 22948 22928 22704 22552 22472 22409 22309 22269 22700 23046 23402 23525 23643 23603 23158 22669 22384 22557 22669 22736 22727 22760 22846 22969 23152 23190 22837 22406 22381 22568 22827 23178 23665 23953 24088
23298 22814 22763 22765 22566 22635 23128 23491 24146 24576 24914 25119 25708 26537 26645 26464 26513 26351 25879 25454 25154 24885 24726 24695 24760 24438 23199 21872 21013 20964 21521 21929 22660 23292 23250 23028 22727 22659 22674 22749 22796 22929 22995 22970 22868 22745 22707 22584 22471 22644 23213 23623 23879 23855 23901 24026 24040 23732 23509 23382 23295 23333 23340 23303 23317 23280 23547 23638 23447 22775 22374 22556 22791 23135 23669 24104 24401
24385 23746 23019 22839 22602 22581 22956 23320 23770 24211 24824 25055 25387 26014 26357 26474 26565 26612 26509 26221 25878 25543 25039 25039 25066 25034 24085 22837 21727 21360 21200 21381 22088 22912 23423 23304 22863 22651 22565 22716 22824 22951 23060 23048 23004 22996 22952 22844 22892 23032 23357 23808 23969 24036 24349 24561 24471 23938 23788 23735 23752 23850 23935 23977 24050 24196 24129 24133 24144 23714 23306 23124 23415 23651 24131 24419 24502
24630 24077 23357 23226 22665 22372 22282 22843 23658 24033 24236 24622 25124 25870 26005 26146 26451 26528 26441 26353 26126 25865 25333 25105 24993 24949 24778 24537 24352 24187 23991 23712 23469 23287 23368 23163 22935 22811 22629 22614 22660 22871 23093 23142 23142 23209 23370 23385 23496 23650 24044 24573 24876 24932 25028 25038 24709 24358 24224 24303 24223 24007 23917 23792 24068 24353 24394 24480 24496 24498 24471 24404 24374 24247 24241 24406 24407
25052 24367 23487 23056 22700 22380 22185 22686 23566 23791 23973 24372 24580 24867 25783 26055 26032 26149 26239 26126 26046 25910 25558 25213 24951 24813 24699 24537 24364 24310 24063 23742 23540 23376 23313 23236 23172 23176 23245 23236 22900 22786 22934 23026 23059 23214 23487 23571 23707 23763 24164 24780 25167 25283 25379 25344 25083 24833 24725 24611 24131 23574 23023 22898 23003 23428 24279 24508 24531 24483 24276 24096 24017 23876 23674 23492 23324
25757 24869 23746 22887 22695 22563 22296 22564 23361 23585 23614 23853 24037 24641 25960 26052 25976 25861 25990 26057 25983 25896 25685 25463 25317 25224 25257 25219 24845 24460 24236 24002 23858 23812 23687 23552 23525 23527 23449 23431 23108 22662 22556 22589 22607 22766 23072 23388 23680 23827 23977 24456 24863 25167 25312 25239 24957 24834 24775 24706 24276 23665 22949 22780 22785 22790 23512 23943 24176 24108 23734 23614 23534 23403 23186 22965 22908
26605 25732 24533 23381 22721 22518 22486 22763 23129 23130 23050 23472 23993 24624 25853 26150 26311 26266 26172 26157 26146 26104 26113 25998 25877 25744 25665 25521 25353 25089 24825 24774 24712 24588 24474 24270 23948 23939 23799 23594 23192 22812 22717 22381 22377 22373 22389 22722 23351 23597 23899 24141 24271 24352 24510 24495 24525 24566 24554 24506 24355 24196 23843 23789 23308 23076 23185 23345 23317 23176 23094 22978 22817 22669 22611 22564 22569
26284 25690 24617 23492 22576 22367 22152 22325 22373 22322 22970 23431 24234 25040 26032 26486 26753 26869 26855 26746 26811 26735 26698 26715 26682 26670 26485 26204 25943 25864 25783 25739 25410 25221 25083 24842 24623 24454 24238 24136 23918 23714 23338 23100 22860 23045 23527 23971 24124 24125 24081 24137 24172 24140 24164 24110 23980 23991 23768 23852 24022 24026 23983 23876 23393 23279 23241 22897 22821 22763 22802 22791 22726 22661 22675 22607 22496
25353 25155 24504 23529 22496 21863 21384 21145 21314 21697 22205 23222 24278 25162 26003 26244 26504 26654 26670 26763 26834 26868 26949 26998 27107 27107 27224 27262 27041 26735 26490 26308 26031 25880 25756 25533 25387 25172 24846 24510 24434 24198 23988 24159 24357 24510 24733 24764 24575 24442 24286 24193 24221 24131 23941 23851 23777 23641 23532 23382 23294 23268 23336 23450 23261 23091 22938 22746 22660 22752 22856 22813 22715 22751 22794 22802 22778
24842 24772 24236 23405 22401 21559 20825 20458 20414 20624 21454 22682 23962 24575 24897 25072 25229 25356 25502 25682 25928 26108 26384 26485 26703 26777 27098 27203 27108 26971 26943 26920 26827 26699 26462 26103 26025 26033 25934 25631 25138 25165 25154 24998 24786 24871 25083 25250 25167 24968 24689 24479 24417 24316 24048 24024 23881 23695 23506 23409 23657 23683 23668 23581 23400 23467 23348 23068 22923 22797 22726 22742 22763 22787 22810 22814 22848
23714 23821 23624 22978 22194 21251 20204 19366 19153 19477 20524 21681 22538 23164 23458 23456 23479 23528 23713 24134 24511 24791 24829 25137 25502 25560 25549 25616 26119 26539 26862 27023 27056 27015 26810 26724 26810 26795 26644 26663 26519 26457 26333 26375 26243 26108 25955 25759 25744 25560 25240 25057 24876 24704 24559 24486 24438 24407 24370 24480 24478 24339 24330 23913 23550 23525 23363 23224 23012 22896 22795 22797 22794 22759 22706 22543 22584
