Alternative/Moon/Lvl0_30x30/Ele_EB.asc
ncols         335
nrows         335
xllcorner     -16692508.343
yllcorner     -6727166.958
cellsize      10000
nodata_value  -9999.0
[rows 238 to 271 of 335, columns 77 to 153 of 335]
9001 8701 8242 7986 8011 7965 8004 7962 7883 7726 7742 7770 7813 7867 8183 8772 9496 10397 11014 11485 12007 12268 12585 12880 12895 12442 11950 11741 11473 11424 11438 11359 11410 11354 11459 11393 11072 10870 11083 11414 11701 11713 11474 11299 11388 11277 11329 11264 11177 11224 11276 11308 11318 11506 11701 11880 12015 12430 12807 12764 12663 12309 12816 13083 13155 13031 12700 12349 12364 12431 12556 12704 12918 12909 12861 12640 12600
8003 8012 7966 7944 8031 7993 7948 7855 7672 7647 7698 7733 7820 7957 8022 8050 8271 9279 10192 10645 11109 11257 11683 12558 12728 12282 11745 11516 11381 11314 11299 11286 11265 11231 10994 10948 10872 10842 10847 10983 11040 11018 10894 11210 11229 10988 10998 10824 10742 10864 11171 11252 11212 11012 11192 11378 11456 11591 11825 11877 11876 11798 11873 12073 12151 12143 11897 11748 11823 12067 12369 12696 12827 12892 12849 12606 12564
7934 7914 7863 7825 7834 7758 7832 7728 7544 7560 7586 7619 7667 7799 7934 7956 7902 7944 8282 9030 9351 9581 10496 11447 12423 12378 11860 11607 11558 11330 11384 11444 11419 11248 10855 10858 10835 10825 10747 10724 10507 10561 10765 10786 10619 10588 10469 10450 10586 10617 10307 10875 10967 11015 11150 11249 11190 11096 11053 11013 11058 11058 11224 11248 11352 11615 11611 11628 11850 11876 12409 12567 12626 12804 12856 12660 12579
7907 7864 7837 7809 7773 7728 7751 7673 7641 7581 7562 7569 7588 7693 7725 7749 7727 7712 7753 8348 8853 9119 9748 10870 12135 12317 11959 11654 11588 11523 11625 11638 11610 11359 10986 10746 10764 10749 10731 10670 10452 10461 10731 10733 10702 10520 10588 10523 10232 10444 10374 10545 10820 11041 11191 11247 11172 11000 10914 10894 10968 10994 10992 11076 11224 11465 11691 11842 11899 11916 12432 12555 12538 12431 11822 12131 12147
7918 7886 7835 7827 7829 7770 7758 7599 7595 7564 7544 7558 7574 7623 7687 7680 7640 7665 7697 8043 8630 8929 9438 10514 11520 12202 12205 11761 11412 11486 11557 11582 11504 11068 10994 10708 10711 10700 10718 10621 10478 10421 10438 10393 10467 10458 10470 10454 10331 10392 10454 10477 10493 10787 11066 11185 11053 11040 11007 10960 10968 10965 10963 10966 11028 11032 11508 11805 11861 11865 11973 12050 12064 11933 12030 12186 12345
7908 7879 7844 7875 7874 7795 7706 7605 7558 7647 7541 7544 7554 7577 7599 7602 7639 7683 7720 8487 9064 9457 10022 10769 12090 12383 12099 11570 11250 11186 11163 11124 11068 10845 10835 10684 10353 10383 10585 10461 10374 10341 10423 10448 10318 10269 10177 10143 10281 10332 10299 10317 10379 10455 10486 10624 10806 11091 10955 10866 10912 10943 10965 10958 10966 10949 10927 10904 10921 11030 11334 11599 11708 11783 11752 11594 11214
7976 7889 7857 7865 7873 7818 7737 7603 7571 7662 7542 7551 7637 7623 7622 7632 7663 7712 7962 8942 9384 9598 10613 11317 12256 12360 11828 11312 10957 10728 10590 10379 10384 10581 10858 10837 10783 10908 10801 10522 10282 10236 10242 10256 10334 10383 10323 10218 10218 10276 10306 10357 10393 10424 10448 10475 10823 11120 10998 10910 10951 10915 10885 10920 10789 10538 10788 10808 10785 10907 10861 11178 11364 11568 11856 11952 11408
8017 7951 7889 7848 7822 7789 7731 7645 7539 7530 7572 7674 7702 7680 7658 7689 7721 7738 8445 9364 9658 9982 11152 12030 12262 12084 11780 11186 10496 10052 10003 9991 10000 9949 10521 10553 10749 10897 10770 10580 10439 10343 10286 10292 10370 10555 10467 10271 10302 10314 10329 10344 10367 10417 10431 10425 10585 10858 10824 10821 10974 10965 10707 10779 10940 10769 10858 10865 10980 11378 11449 11375 11383 11293 11595 11808 11612
8359 7999 7920 7867 7821 7751 7744 7635 7695 7721 7714 7674 7670 7683 7719 7730 7825 8329 9304 9730 10402 11288 11902 12391 12264 11873 11523 11172 10283 9953 9896 9906 9935 9963 10113 10410 10489 10535 10590 10643 10688 10692 10585 10760 10622 10578 10433 10381 10357 10354 10350 10374 10356 10352 10445 10461 10434 10455 10520 10641 10874 10897 10803 10739 10849 11110 11076 10853 11174 11638 11607 11495 11262 11234 11287 11402 11551
9138 8448 8108 7906 7837 7727 7693 7596 7551 7624 7599 7643 7697 7744 7946 8189 8787 9449 10185 10695 11564 12144 12256 12363 12056 11749 11397 11085 10277 9855 9811 9843 9936 9835 9921 10276 10463 10505 10490 10359 10623 10637 10547 10652 10040 9576 10596 10502 10432 10381 10361 10351 10346 10427 10429 10431 10340 10381 10458 10503 10625 10721 10753 10777 10867 10951 11064 11254 11423 11658 11618 11418 11192 11128 11066 11057 11239
9953 9544 9046 8564 8041 7843 7594 7560 7573 7589 7700 7851 8096 8503 8887 9190 9861 10677 11210 11907 12122 12173 12145 11890 11793 11683 11261 10855 10234 9750 9738 9725 9647 9704 9851 10174 10594 10843 10741 10545 10398 10390 10288 10297 10653 10706 10514 10395 10544 10391 10365 10356 10325 10445 10437 10418 10353 10446 10461 10455 10456 10538 10699 10734 11041 11280 11328 11265 11085 11166 11147 11139 11019 11025 10979 11017 10987
11723 11113 10605 10126 9444 9089 8838 8571 8415 8563 8876 9028 8969 9420 10535 10666 10846 12121 12378 12240 12208 12143 12062 12042 11984 11788 11166 10589 10004 9719 9684 9637 9659 9808 10171 10463 10750 10962 10940 10687 10580 10507 10454 10335 10390 10477 10449 10347 10466 10340 10322 10308 10293 10289 10270 10231 10256 10419 10526 10271 9977 10348 10631 10711 11088 11375 11408 11374 11311 11119 10927 10877 10932 10954 10858 10889 10868
12236 12000 11939 11894 11686 11182 10574 10238 10359 10481 10724 10913 10960 11256 11818 12214 12210 12484 12537 12158 12113 11946 11859 11914 11840 11724 11134 10748 10465 9822 9697 9799 10100 10199 10480 11013 11511 11456 11323 10978 10934 10913 10746 10719 10475 10294 10263 10320 10272 10298 10298 10278 10279 10298 10277 10354 10292 10529 10576 10307 10260 10070 10487 10545 10671 10601 10917 11215 11173 11160 11077 10873 10768 10713 10632 10624 10547
12204 12063 11908 11890 12013 11972 11969 11948 11921 11925 11993 12017 11679 11679 11788 12000 11961 11824 11822 11769 11178 10755 10958 11012 11176 11149 11099 10871 10519 9837 9567 9850 10198 10245 10474 11039 11676 11745 11611 11258 11016 10724 10301 10820 10687 10399 10162 10161 10226 10254 10285 10337 10370 10370 10491 10354 10120 10355 10375 10196 10201 10299 10475 10533 10510 10557 10639 10770 10924 11160 11134 10886 10529 10383 10380 10388 10361
11949 11862 11739 11851 11898 11750 11829 11810 11884 11922 11924 11969 11684 11472 11333 11287 11153 11003 10770 10552 10435 10047 10040 10288 10357 10355 10802 10757 10299 9627 9167 9326 9549 9782 10326 10837 11457 11710 11719 11455 11067 10773 10673 10623 10591 10401 10337 10232 10202 10338 10475 10516 10424 10336 10357 10182 10009 9779 9998 9974 10233 10330 10477 10537 10492 10486 10576 10587 10563 11001 10979 10759 10472 10537 10376 10396 10322
11447 11670 11122 10501 11445 11609 11327 11421 11420 11214 11872 11890 10959 10705 10781 10548 10174 9923 9836 9851 9852 9840 9774 9750 9734 9863 10193 10209 9654 9413 9265 9248 9289 9463 10219 11016 11489 11781 11772 11656 11437 10924 10779 10766 10725 10522 10449 10437 10484 10551 10673 10590 10409 9884 9507 9264 9139 9109 9195 9285 9830 10145 10377 10387 10489 10472 10341 10481 10565 10707 10646 10422 10358 10319 10316 10226 10381
10970 11021 10724 11047 11326 11443 11291 11358 11412 11708 11958 12000 11608 10840 10449 9971 10059 10050 9852 9848 9870 9923 9922 9842 9771 9791 9913 9837 9545 9430 9400 9344 9303 9408 10065 10782 11404 11757 11795 11729 11576 11328 11114 11200 11517 11485 10672 10749 10866 10941 10770 10461 9917 9309 9113 9088 9172 9117 9207 9196 9314 9641 10185 10355 10462 10482 10362 10381 10392 10511 10592 10484 10322 10248 10326 10521 10601
10593 10637 10776 10750 10611 10746 10851 10979 11358 11727 11811 11779 11542 11118 10421 10255 9946 10129 10098 10163 10157 9925 9930 10027 10005 9956 10392 10395 9846 9471 9414 9402 9400 9839 10486 10637 10960 11596 11780 11733 11671 11476 11305 11462 11899 12075 11838 11329 10862 10895 10664 10120 9211 9295 9140 9148 9134 9138 9136 9246 9231 9464 10026 10193 10272 10281 10261 10168 10162 10264 10303 10389 10357 10290 10565 10980 11319
10487 10329 10506 10456 10099 10074 10083 10191 10843 11621 11792 11764 11449 11028 10688 10629 10511 10992 11030 10966 10714 10379 10149 10239 10524 10690 11020 11012 10318 9598 9386 9762 10362 10859 11238 11293 11137 11222 11357 11412 11390 11373 11310 11470 11881 12086 11902 11349 10884 10503 10318 10039 9560 9241 9190 9185 9097 9052 9132 9269 9339 9862 10404 10603 10590 10293 10241 10173 10125 10267 10252 10261 10306 10260 10596 11062 11417
10434 10310 10275 10162 10014 9994 10014 10305 10690 10930 11044 11000 10665 10659 10823 10973 10982 10982 11056 11033 11022 10640 10286 10531 10770 10967 11214 11261 10950 10200 9864 10651 11613 11966 11855 11648 11590 11428 11408 11396 11356 11121 11053 11191 11448 11699 11705 11364 10944 10786 10784 10570 9964 9441 9321 9329 9194 9130 9151 9133 9404 9825 10337 10434 10361 10481 10112 10130 10176 10261 10195 10167 10187 10340 10384 10825 10978
10376 10379 10243 10199 10523 10575 10458 10524 10942 10920 10649 10567 10540 10630 10663 10769 10810 10610 10641 10503 10559 10337 10373 10427 10223 10312 11089 11169 10922 10363 10497 11122 11766 11973 11972 11676 11761 11390 11302 11273 11192 11004 10977 11078 11292 11502 11566 11510 11281 10920 10965 10865 10231 10042 9934 10072 10078 9789 9494 9402 9416 9764 10292 10293 10603 10385 10301 10328 10176 10166 10208 10204 10213 10341 10317 10504 10745
10458 10452 10367 10209 10700 10896 10921 10894 10891 10659 10624 10582 10487 10585 10632 10575 10636 10542 10488 10413 10307 10219 10320 10401 10055 10218 10613 10688 10640 10409 10566 11139 11784 11889 11619 11517 11634 11507 11432 11279 11210 11302 11255 11134 11304 11303 10911 10546 10316 10699 10976 10933 10706 10611 10659 10315 10696 10813 9972 9577 9498 9907 10115 10195 10296 10388 10543 10470 10508 10432 10426 10268 10390 10355 10310 10443 10636
10451 10435 10156 9980 10526 10869 10929 10926 10741 10671 10614 10527 10432 10348 10351 10420 10490 10541 10581 10592 10418 10416 10224 10338 10281 10251 10293 10499 10589 10462 10722 11096 11035 10885 11448 11425 11103 11305 11227 11203 11217 11328 11288 11199 11138 10358 9463 9333 9283 9502 10477 10811 10740 10679 10652 10337 10781 10828 10480 10283 9996 10401 10583 10555 10425 10375 10514 10674 10776 10596 10688 10195 10432 10437 10271 10444 10586
10227 10010 10016 9985 10300 10384 10710 10713 10606 10622 10605 10532 10445 10285 10287 10368 10407 10503 10658 10694 10825 10986 10776 10467 10444 10441 10604 10768 10866 10937 10976 10696 10830 10853 10731 10679 10661 10847 11009 11082 11037 10927 10915 10922 10655 9560 9244 9230 9243 9362 10154 10523 10514 10548 10483 10357 10470 10453 10554 10379 10119 10388 10540 10492 10467 10681 10729 10633 10310 9807 10196 10365 10373 10162 10162 10330 10439
9476 9443 9462 9467 9406 9715 10046 10453 10580 10489 10498 10366 10292 10232 10219 10313 10336 10371 10415 10455 10499 10777 10729 10588 10534 10659 11037 11118 11119 11026 11055 10904 11007 10848 10699 10730 10639 10509 10663 10701 10691 10775 10846 10920 10760 10394 10209 10119 10177 10609 10725 10490 10717 10707 10591 10482 10472 10352 10256 10140 10214 10270 10240 10302 10461 10588 10279 9962 9568 9858 10466 10514 10430 10023 9793 9768 9831
9411 9425 9383 9369 9330 9318 9345 9689 10079 10225 10299 10307 10231 10197 10281 10415 10448 10285 10314 10345 10406 10644 10893 11042 10889 10654 10682 10738 10721 10716 10801 10801 10808 10711 10598 10550 10498 10127 10399 10217 10325 10519 10716 10715 10552 10411 10529 10714 11041 11113 11092 10891 10721 10692 10596 10590 10493 10366 10416 10196 10169 10149 10124 10111 10187 10205 10255 10492 10724 10815 10669 10471 10249 9785 9599 9510 9491
9449 9458 9388 9375 9371 9291 9250 9324 9710 10018 10184 10298 10204 10243 10323 10418 10541 10568 10465 10409 10599 10777 10963 10963 10817 10748 10717 10600 10342 10331 10398 10300 10218 10246 10146 10245 10440 10374 10304 10252 10174 10341 10467 10423 10358 10434 10567 10941 11076 11005 10348 9653 9269 9201 10325 10619 10543 10366 10392 10332 10152 10132 10072 9904 10109 10217 10273 10370 10471 10534 10458 10148 9910 9704 9570 9570 9630
9518 9501 9413 9414 9457 9351 9265 9298 9273 9327 9342 9401 9723 10187 10342 10507 10848 10857 10701 10591 10483 10687 10743 10786 10744 10732 10656 10570 10450 10376 10421 10327 10315 10322 10434 10387 10340 10475 10427 10223 10200 10400 10494 10456 10497 10567 10756 11150 11168 9771 8366 7452 7773 8791 10298 10827 10762 10380 10540 10355 9879 9554 9375 9285 9336 9659 9783 9947 10585 10953 10890 10654 10293 9796 9669 9674 9785
9770 9725 9661 9688 9593 9405 9504 9569 9516 9245 9168 9161 9184 9540 10330 10542 10620 10556 10612 10513 10362 10393 10535 10588 10595 10503 10542 10458 10324 10283 10464 10615 10866 10937 10961 10932 10449 10782 10680 10437 10571 10805 10590 10581 10715 10816 11016 11167 11117 10157 9992 9246 9382 10180 10485 10630 10492 10335 10482 10134 9645 9261 9127 9156 9157 9315 9694 10271 10926 11056 11018 10672 10378 10104 10253 10270 10383
10859 10888 10723 10234 10211 10279 10479 10546 10592 10244 9562 9372 9449 10063 10500 10658 10399 10405 10552 10616 10425 10211 10204 10343 10500 10378 10261 10122 10176 10240 10366 10503 10985 11083 10997 10948 10534 10750 10720 10498 10852 10799 10795 10614 10464 10882 10961 10104 9410 10806 11023 10916 10899 10769 10437 10136 9969 9996 10228 10128 9589 9401 9259 9177 9151 9260 9612 10095 10793 10756 10329 10135 10070 10192 10624 11046 11225
11887 11749 11742 11510 11355 11283 11154 11196 10963 10823 10306 10276 10534 10809 10739 10411 10264 10306 10538 10582 10307 10155 10146 10220 10434 10384 10142 10134 10164 10296 10332 10533 10837 11127 11118 11219 11261 11129 10833 10959 11095 11104 11038 10982 10728 11182 11306 10670 10277 10709 10645 10737 10775 10560 10171 10023 9951 9940 10167 10326 10184 9643 9372 9338 9551 10177 10487 10533 10468 10336 10197 10099 10235 10388 10507 10906 11225
12376 11881 11891 11897 11638 11515 11317 11078 10882 10622 10369 10292 10532 10839 10837 10649 10193 10117 10426 10507 10287 10018 9990 10001 10261 10408 10584 10418 10249 10334 10504 10790 11191 11429 11348 11000 11041 10968 10968 11155 11313 10944 10231 10062 10238 10847 10949 10683 10295 10182 10169 10348 10402 10315 10123 9976 10007 10199 10386 10423 10535 10590 10541 10506 10610 10651 10650 10657 10595 10472 10124 10139 10585 10861 10882 11034 11421
13086 12607 12258 12240 12014 11512 11261 11087 10899 10382 10280 10267 10248 10367 10383 10370 9955 9855 9884 9878 9929 9948 9988 10017 10300 10664 11028 11030 11279 11491 11480 11503 11435 11402 11246 10910 10773 10628 10813 10984 10975 10373 9869 10005 10888 10995 10879 10681 10359 10339 10251 10253 10305 10275 10149 9989 10084 10220 10359 10348 10485 10574 10623 10645 10611 10622 10592 10504 10544 10452 10139 10312 10417 10793 11182 11592 11749
13377 12928 12765 12525 12143 11794 11348 11142 11047 10432 10326 10292 10265 10317 10216 10033 9881 9888 9933 9925 9935 9973 9983 10027 10385 10676 10777 10948 11275 11590 11522 11450 11378 11079 10783 10338 10390 10339 10407 10818 11425 11510 11475 10837 11003 11149 10871 10806 10549 10399 10379 10265 10217 10111 10014 10002 10072 10127 10170 10357 10379 10450 10594 10626 10426 10499 10384 10286 10243 10156 10232 10360 10734 11042 11631 11820 11663
