Alternative/Moon/Lvl0_30x30/Ele_CH.asc
ncols         335
nrows         335
xllcorner     3407491.657
yllcorner     -27166.958
cellsize      10000
nodata_value  -9999.0
[rows 136 to 169 of 335, columns 77 to 153 of 335]
17823 18026 18079 17918 17972 18031 18038 18056 18091 18106 18062 18040 18161 18202 18221 18587 18667 18600 18604 18205 18025 17976 17927 17862 17842 18024 17824 17661 17637 17616 17614 17657 17667 17602 17577 17592 17553 17918 18303 18033 18177 18299 18831 18658 18376 18253 18348 18207 18052 18026 18240 18631 19248 19750 19608 18851 18226 17828 17885 18206 18421 18513 18135 18303 18381 18331 18050 18128 18377 18536 18678 18507 18292 18668 18570 18121 18149
17861 18024 18099 17941 17984 18076 18070 18059 18086 18111 18063 18021 18053 18141 18219 18657 18639 17381 18676 18501 18106 18003 17964 17913 17866 18092 18185 17729 17719 17871 17615 17628 17628 17737 17620 18058 18538 18527 16538 15565 17295 17943 18318 18681 18614 17999 17974 18308 18233 18035 18058 18905 18973 18859 18705 18404 18424 17744 17889 18373 18672 18758 18105 18376 18404 18268 17814 17582 17715 18158 18520 18845 18596 18651 18541 18159 18140
17801 17866 17913 17974 18026 18061 18065 18058 18114 18102 18067 18029 18045 18064 18102 18597 18460 17479 18780 18517 18193 18072 17995 17940 17881 17841 17768 17717 17727 17861 17619 17619 17619 17868 17936 18135 18705 18697 15786 14466 16400 18195 19198 19317 18653 18410 18294 18391 18350 18261 18070 18189 18553 18447 18076 18183 18156 18046 17860 18192 18222 18226 18330 18438 18030 18020 17640 17438 17552 17749 18039 18588 18501 18513 18420 18358 18513
17760 17826 17885 17978 18004 18047 18044 18049 18105 18078 18036 18031 18046 18045 18059 18375 18488 18541 18746 18368 18191 18087 17996 17984 17912 17858 17786 17737 17701 17673 17613 17601 17605 18159 18250 18486 18757 18955 17137 16645 18051 18170 19181 19387 19096 18836 18501 18535 18406 18076 17835 17924 18178 18055 18329 18299 18180 18015 17810 17806 17988 17944 18285 18357 17965 17742 17563 17441 17526 17835 17922 18073 18272 18462 18591 18479 18473
17745 17792 17862 17962 18003 18026 18035 18036 18038 18041 18011 18004 17989 17995 18020 18075 18157 18177 18139 18072 18024 18030 18029 17976 17958 17869 17795 17760 17736 17685 17673 17611 17640 18307 18365 18422 18713 18892 18875 18564 18490 18349 18467 18919 19070 18910 18697 18796 18796 18201 17546 17482 17669 18127 18213 17956 17859 17956 17758 17860 17941 17866 17847 18051 17748 17637 17530 17434 17541 17857 18052 17873 17752 18230 18716 18766 18491
17740 17792 17843 17950 17989 18043 17966 17974 17967 17967 17990 17979 17982 17986 18038 18040 18035 18007 17966 17956 17988 18052 18098 18027 17980 17995 17934 17880 17849 18088 18021 18230 18301 18228 18215 18469 18671 18897 19005 18928 18989 18876 18652 18647 18615 18511 18812 18825 18369 18607 18269 17663 17718 18217 18034 17796 17865 17876 17618 17981 17971 17836 17904 17877 17771 17716 17654 17684 17777 18534 18929 18611 18269 18025 18456 18816 18855
17787 17815 17871 17958 17983 17976 17947 17972 17966 17988 17999 18008 18034 18054 18058 18056 18049 18014 18009 17978 17956 17984 18054 18253 18838 19551 19573 19078 18365 18377 18358 18567 18600 18547 18472 18430 18734 18982 19009 19014 19447 19661 19574 19209 18575 18311 18811 18830 18421 18941 19548 19254 18472 18210 18237 17564 17671 17928 17743 17808 18138 18207 17937 17719 17725 17846 18021 17990 18132 19203 19484 18893 18031 18804 18861 18824 18766
17825 17839 17861 17930 17949 17947 17962 17960 17956 18002 18011 18040 18049 18055 18055 18048 18044 18032 18021 18022 18003 17959 17940 18352 19270 19710 19775 19344 18653 18925 19304 19341 19197 18933 18683 18653 18769 18693 18845 18965 19279 19225 19618 19823 18598 18030 18251 18695 18643 19058 19541 19343 18819 18613 17570 17656 17907 17775 17822 17856 18140 18239 18093 17808 17999 18057 18234 18517 18291 19277 19571 19146 19074 19259 19070 18944 18550
17780 17841 17911 17923 17929 17938 17946 17942 17957 17996 18012 18037 18036 18034 18062 18086 18092 18078 18067 18089 18065 17992 17948 18078 19427 19588 19190 19080 18772 18663 19262 19308 19125 19450 19411 18818 18844 18066 17843 17731 17868 18431 18953 19135 18433 17782 17954 18594 19088 19769 19810 19252 18906 18806 18528 18318 18131 18039 18145 18087 17994 18155 17790 17976 17990 18163 18108 18346 18384 18765 18806 18626 18912 19220 18998 18802 18595
17832 17876 17909 17902 17881 17903 17939 17908 17933 17966 17992 18010 18013 18031 18089 18116 18124 18132 18180 18167 18241 19263 19489 19289 19085 19082 18873 18495 18380 18284 18290 18370 18490 18951 19433 19088 18395 17718 17937 18187 18092 18151 17794 17750 17681 17467 17514 17757 18383 19634 19807 19143 18818 18632 18453 18502 18278 18075 18215 18201 18148 17964 18023 18191 18209 18152 18150 18114 17969 18850 18614 18578 18606 18626 18686 18739 18727
17841 17865 17865 17864 17854 17931 17912 17906 17925 17962 17995 18016 18025 18043 18096 18126 18154 18204 18210 18340 19205 19600 19660 19390 18915 18606 18398 18287 18224 18160 18148 18242 18329 18457 18859 19535 18741 17741 18005 19411 19979 19435 18010 17787 17611 17524 17450 17735 17917 18770 18970 18745 18598 18194 17743 17927 18031 18000 18239 18257 18058 18159 18311 17973 17881 18096 18199 17934 18279 19064 18807 18576 18273 17814 17779 17794 18606
17783 17811 17849 17853 17874 17911 17898 17919 17938 17985 17994 18017 18036 18063 18114 18150 18203 18232 18258 18302 19152 19206 19224 18999 18652 18461 18443 18207 18127 18078 18083 18188 18285 18439 18971 19537 18790 17510 17484 19311 20418 20051 18836 18281 17834 17592 17480 17529 17698 18482 19054 18867 18603 18294 17700 18107 18136 17996 18344 18611 18286 18240 18421 18093 18048 18008 17796 17829 18206 18476 18403 18363 18273 17551 17386 17474 18093
17774 17811 17853 17870 17882 17913 17930 17931 17929 17981 18017 18026 18072 18104 18159 18174 18249 18255 18308 18439 18727 18694 18659 18333 18161 18671 18843 18440 18183 18068 18068 18120 18202 18449 19609 20056 19405 18081 18066 20387 20949 20239 19278 18979 19155 19168 18239 18212 18071 17830 18854 18864 18491 18160 17657 18224 18351 18232 18277 18461 18533 18128 17917 17676 17619 17582 17747 17891 18402 18277 18445 18314 17960 17535 17371 17449 17751
17785 17815 17869 17874 17881 17949 17940 17936 17938 17990 18021 18042 18076 18116 18148 18190 18256 18285 18323 18318 18464 18427 18293 18253 18208 18667 18951 18542 18322 18208 18183 18261 18316 18592 20026 20181 20549 20279 18829 20047 20745 20231 19447 19301 19520 19666 19495 18842 18379 18741 18456 18570 18606 18398 17649 17978 17985 17868 17720 18009 18368 17763 18521 18313 17818 18031 17670 17825 18326 18328 18281 18000 18133 18045 17687 18476 18456
17791 17840 17850 17882 17891 17945 17953 17923 17935 17980 18017 18042 18074 18103 18140 18175 18216 18267 18312 18377 18406 18317 18174 18121 18184 18346 19155 19219 18568 18330 18322 18368 18513 19188 20024 19942 20566 20630 19365 19727 19930 19693 19286 19254 18978 18978 19111 18792 18894 18656 18631 18697 18688 18362 17442 17850 17784 17090 17109 17601 18051 18606 19297 19446 18403 17500 17505 17800 18320 18335 18276 18197 18234 18274 18675 18906 18927
17829 17852 17913 17906 17891 17934 17967 17940 17974 18010 18022 18034 18074 18115 18154 18188 18234 18296 18321 18351 18324 18147 18220 18501 18246 18294 19238 19582 19362 18650 18545 18585 18934 19800 19493 18981 19231 19814 19636 19719 19854 19224 19074 19038 18785 18701 18619 18672 19224 19248 18622 18490 18491 18187 17139 16919 16983 17059 16979 17328 17965 18855 19702 19865 18661 17480 17408 17896 18141 18339 18232 18202 18104 17889 18503 18836 18919
17860 17869 17898 17896 17899 17923 17979 17972 17981 18009 18028 18041 18074 18123 18182 18227 18264 18305 18349 18370 18336 18218 18331 18572 18276 18114 18822 19594 19562 19175 19353 19427 19268 19501 19263 18882 18868 18798 18992 19222 19436 19499 19002 19062 18974 18739 18684 18459 18727 18772 18605 18329 18156 17511 16732 16730 16845 16945 16902 17053 17103 18103 18964 18842 17962 17534 17720 17685 18088 18153 18127 18079 18007 17865 17979 18509 18751
17888 17861 17837 17850 17892 17920 18047 18010 18005 18032 18028 18045 18093 18144 18212 18263 18300 18362 18389 18392 18331 18241 18210 18213 18190 18173 18610 19150 19048 19011 19175 19365 19306 18991 18724 18686 18634 18888 19172 18989 19211 19245 19155 19052 19236 19195 19077 18635 18508 18506 18238 18047 17824 16728 16816 16923 17852 17751 18024 18214 17866 17749 18708 18821 18681 18601 17823 17576 17697 17874 18077 18066 17898 17824 17856 18373 18720
17933 17866 17845 17864 17893 17922 18190 18152 17986 18035 18037 18075 18108 18150 18211 18269 18316 18392 18406 18414 18332 18286 18274 18245 18219 18178 18210 18592 18814 18736 18792 18942 18897 18856 18893 18816 18905 18697 19048 18975 18972 19134 18974 18956 19050 19109 18990 18811 18537 18562 17885 17205 17370 16926 16842 17005 18039 17977 18116 18198 17944 18252 18713 19102 18776 18750 18138 17543 17533 17483 17706 17593 17544 17506 17509 17578 18098
17913 17873 17869 17867 17912 17919 17969 17960 17962 18009 18052 18076 18114 18152 18222 18273 18344 18443 18470 18392 18328 18293 18283 18260 18247 18185 18307 19218 19389 18714 18648 18815 18909 18898 18891 19121 18934 18931 19099 18942 18928 19147 19068 19021 19205 19356 19231 19055 18593 18371 17855 17627 18008 17431 17580 18133 18107 18013 18145 17790 17722 18445 18841 18972 19987 20052 18546 17772 17478 17490 17246 17502 17676 17776 17306 17277 17344
17876 17886 17880 17911 17925 17931 17938 17990 18047 18013 18054 18082 18094 18129 18201 18272 18352 18448 18473 18392 18326 18268 18257 18266 18223 18188 18361 19130 19026 18704 18632 18953 19015 19003 18920 18931 18140 18753 19179 19092 18999 18940 18881 18932 18863 18963 19341 19164 18623 18092 17550 17556 18065 18038 18327 18554 18558 18050 17812 17544 17626 18384 18821 18902 19740 20314 20001 19285 17941 17418 17295 17790 17968 17534 17313 17223 17300
17880 17882 17881 17919 17920 17913 17957 18003 18050 18066 18059 18088 18091 18127 18195 18268 18343 18417 18414 18351 18312 18276 18263 18236 18670 18669 18142 18378 18736 18695 18446 18598 18839 19074 19078 18776 18003 18306 19272 19079 19078 19101 19213 18676 18355 17686 18261 18487 18553 17944 17674 17719 17963 17928 18470 18969 18645 18121 18274 17720 17556 18082 18713 18796 18852 19508 19817 19154 18488 17761 17220 17248 17412 17392 17285 17251 17287
17868 17872 17897 17917 17917 17942 17983 18019 18039 18097 18082 18084 18093 18126 18189 18273 18334 18390 18384 18346 18294 18264 18234 18225 18203 18419 18127 18485 18736 18544 18443 18615 18679 19096 19017 18707 18604 18278 18352 18979 19073 18840 19224 18623 18255 18074 18621 18533 18250 17711 17703 17731 17545 17924 18470 18807 18493 18117 18346 17748 17701 17474 18257 18250 18707 18816 18933 18981 18468 18487 18175 18047 18064 17604 17218 17147 17174
17879 17908 17931 17941 17932 17932 17959 18018 18037 18138 18134 18080 18083 18115 18185 18267 18322 18369 18372 18327 18271 18245 18231 18220 18196 18212 18164 18493 18656 18530 18456 18667 18773 19208 19203 19048 18937 18876 18397 18868 18547 18432 18634 18739 18794 18608 18627 18734 18646 17947 17428 17603 17475 17905 18089 18337 17962 17935 18114 17472 17159 17226 18285 18652 18269 18424 18707 18610 18150 18158 18202 18085 17966 17451 17251 17084 17019
17873 17918 17940 17951 17941 17933 17955 17989 18003 18077 18124 18050 18059 18086 18156 18246 18278 18325 18315 18303 18253 18215 18191 18169 18168 18186 18214 18289 18371 18405 18300 18785 18999 18753 18918 18843 18787 18703 18554 18511 18437 18319 18515 18570 18584 18440 18571 18757 18809 18404 17221 17603 17795 17771 18118 17867 17800 17725 17377 16891 16956 17187 18358 18739 18252 18293 18359 18412 18137 18284 18347 17975 17885 17884 17577 17251 17145
17867 17949 18014 18055 18008 17938 17963 17979 17993 18035 18060 18047 18031 18044 18126 18168 18202 18236 18251 18238 18189 18168 18153 18123 18100 18131 18121 18100 18227 18179 18302 18686 18892 18964 18780 18658 18651 18602 18657 18496 18464 18338 18161 18339 18256 18307 18415 18421 18405 18256 17920 17542 17815 17639 18044 17707 17353 16851 16849 17147 17839 18297 17911 17723 17834 18172 18163 18100 18052 17937 18154 18181 18070 17981 17992 17661 17776
17879 17963 18045 18093 18067 17981 17971 17981 17997 18024 18036 18018 18020 18001 18045 18090 18117 18156 18179 18140 18210 18232 18094 18076 18046 18106 18119 18010 17947 17982 18253 18449 18621 18911 18795 18597 18420 18274 18523 18484 18464 18181 18446 18590 18047 18343 18160 18203 18215 17831 18168 17522 17533 17298 17027 17484 17611 17647 17443 17451 18072 18556 18648 17885 18245 18028 17906 17800 17970 18467 18682 18372 17941 18079 18046 18686 19014
17892 18023 18048 18065 18042 17999 17988 17989 17999 18026 18037 18018 17999 17956 17985 18022 18060 18092 18104 18171 18247 18285 18135 18027 18004 18017 18023 17955 18054 17906 17963 18212 18205 18402 18339 18247 18551 18643 18311 18451 18443 18112 18317 18509 18136 18168 18153 18035 18022 18039 18547 18384 17416 17070 16767 17339 17805 17792 18005 18246 18237 18492 18690 18124 18598 18536 18407 17505 17701 18488 18788 18517 18327 17900 18166 18573 19034
17894 18014 18047 17977 17997 18008 17997 17988 18007 18006 18000 17975 17953 17945 17921 17986 18007 18046 18047 18054 18196 18192 18117 17974 17969 17969 17972 17905 18445 18172 17868 17995 18097 18107 18219 18090 18223 18509 18423 18118 18006 18033 17823 18205 18116 18032 18195 18015 17644 18407 18604 18025 17603 17544 17195 18381 18778 18827 18513 18528 18679 18583 18448 18612 18611 18343 18097 17437 17704 17826 18602 18207 18158 17975 18143 18000 18018
17875 17890 17916 17956 17967 17983 17984 17968 17987 17977 17961 17911 17904 17884 17876 17921 17944 17989 17972 17954 17977 17998 17974 17946 17907 17903 17944 17930 17991 17959 17840 17897 17972 18039 18074 18037 18088 18361 18412 18317 18596 18384 17264 17210 17199 17293 18239 18748 18309 17742 17723 18007 18411 18261 17681 18764 18959 19005 18486 18431 18366 18349 18007 18020 18280 18091 17340 17196 17413 18370 18399 17537 17707 18017 17904 17849 17905
17875 17915 17912 17936 17943 17942 17952 17949 17939 17954 17964 17882 17856 17856 17836 17851 17883 17927 17911 17891 17890 17902 17894 17860 17861 17891 17909 18176 18414 18363 17879 18074 17989 18266 18340 18222 18129 18148 18270 18492 18648 18368 17199 17208 16911 16929 17794 18761 18597 18313 18008 17744 18659 18488 17866 18478 18467 18348 18619 18062 17734 18029 17609 17093 17473 17497 17463 17286 17212 17406 17532 17609 18269 18396 18156 17960 17846
17895 17912 17912 17907 17918 17916 17924 17923 17916 17921 17934 17899 17833 17824 17806 17815 17842 17861 17861 17845 17837 17849 17847 17808 17833 17871 17852 18082 18309 18204 18158 18425 18697 18682 18655 18235 17996 18148 18276 18549 18579 18297 17524 17369 16966 16943 18249 18616 18339 18394 18060 17761 17785 17776 17521 17316 17277 17870 18572 18361 17799 17192 17195 17114 16997 17512 17737 17650 17740 17415 17411 17433 18131 18238 17997 17933 18012
17929 17921 17915 17919 17924 17931 17941 17930 17905 17894 17906 17916 17890 17779 17778 17775 17801 17803 17784 17789 17814 17834 17796 17786 17803 17822 17826 18210 18709 18651 18404 18804 19034 19310 18896 18203 17793 18080 18182 18374 18428 17962 17728 17826 18167 17779 18403 18590 17982 17801 17681 17769 17796 16964 16687 16728 17065 17252 18119 18047 18063 17949 17824 17035 16882 17008 17312 18098 18084 17937 18329 18136 17492 17634 17794 17774 17823
17924 17918 17905 17914 17944 17966 17961 17922 17892 17873 17887 17892 17891 17807 17729 17732 17751 17740 17730 17744 17803 17822 17741 17737 17761 17797 17791 17839 18876 19080 19229 19396 19545 19566 18857 18113 17440 17888 17905 17973 17751 17696 17761 18371 18442 17763 17848 18030 17948 17625 17256 17083 17017 16685 16705 16804 17698 17787 17865 17675 18119 17888 17369 17006 17147 17187 17473 17983 17973 17986 18175 17897 17882 17917 17856 17764 17774
