Alternative/Moon/Lvl0_30x30/Ele_BE.asc
ncols         335
nrows         335
xllcorner     -6642508.343
yllcorner     3322833.042
cellsize      10000
nodata_value  -9999.0
[rows 238 to 271 of 335, columns 0 to 76 of 335]
15002 15033 15061 15040 15022 15029 15043 15058 15070 15088 15164 15252 15319 15360 15364 15376 15378 15389 15392 15405 15410 15429 15428 15438 15380 15367 15513 15736 15732 15690 15364 15171 15136 15134 15134 15134 15134 15134 15131 15127 15122 15113 15086 15045 15020 15085 15119 15003 14834 14800 14787 14780 14771 14765 14762 14752 14747 14750 14771 14808 14846 14876 14911 14915 14894 14896 14901 14867 14858 14861 14864 14869 14872 14876 14886 14918 14937
14988 14991 15023 15065 15048 15001 14997 15012 15033 15046 15114 15189 15264 15314 15321 15330 15343 15347 15349 15362 15375 15384 15380 15442 15388 15360 15354 15325 15344 15277 15174 15156 15148 15142 15137 15146 15146 15143 15135 15129 15132 15105 15090 15057 15036 15014 15069 15004 14926 14810 14798 14790 14774 14768 14763 14757 14756 14752 14767 14821 14868 14897 14906 14897 14887 14893 14905 14869 14869 14870 14876 14886 14896 14891 14890 14928 14961
14970 14964 14979 15013 15024 15027 15016 14973 14987 15024 15074 15187 15225 15235 15257 15293 15295 15294 15300 15320 15338 15363 15378 15382 15392 15381 15330 15270 15271 15207 15167 15162 15154 15149 15140 15135 15142 15142 15148 15146 15128 15122 15113 15095 15056 15051 15051 15021 14992 14872 14812 14798 14792 14787 14782 14779 14782 14782 14787 14824 14868 14899 14913 14910 14882 14887 14892 14880 14881 14876 14884 14885 14891 14911 14935 14961 14992
14972 14947 14948 14981 15014 15034 15054 15067 15021 15057 15092 15128 15136 15149 15198 15244 15285 15301 15300 15288 15306 15344 15376 15385 15393 15402 15343 15298 15296 15239 15218 15178 15167 15155 15155 15150 15147 15151 15153 15151 15146 15132 15136 15115 15103 15086 15064 15055 15030 14963 14832 14821 14810 14804 14789 14794 14798 14800 14818 14842 14870 14901 14924 14930 14907 14888 14899 14906 14922 14914 14911 14921 14944 14970 14994 15023 15029
14935 14933 14928 14937 14959 15008 15026 15077 15075 15039 15059 15085 15097 15140 15146 15217 15251 15297 15304 15303 15275 15308 15336 15358 15377 15362 15322 15300 15323 15266 15203 15203 15199 15181 15171 15165 15174 15173 15169 15164 15160 15152 15141 15137 15121 15153 15130 15069 15048 15014 14985 14851 14826 14815 14803 14804 14804 14815 14834 14872 14892 14921 14934 14948 14929 14911 14914 14923 14929 14944 14955 14983 14994 15019 15026 15039 15040
14929 14928 14921 14912 14922 14943 14972 15024 15040 15063 15038 15058 15094 15121 15143 15182 15213 15250 15295 15328 15310 15284 15308 15344 15350 15355 15328 15292 15302 15290 15233 15216 15220 15217 15192 15171 15176 15178 15177 15180 15177 15173 15159 15144 15123 15156 15172 15116 15084 15036 14994 14949 14878 14829 14817 14810 14811 14819 14839 14875 14903 14946 14985 14997 14985 14951 14962 14972 14993 14995 15001 15019 15027 15044 15044 15044 15043
14920 14919 14917 14908 14906 14914 14965 14985 15030 15059 15066 15026 15061 15103 15122 15161 15194 15224 15262 15314 15318 15271 15297 15328 15354 15384 15337 15286 15297 15285 15261 15234 15229 15233 15220 15208 15204 15198 15201 15201 15196 15190 15176 15164 15145 15164 15190 15157 15105 15077 15037 14995 14940 14896 14831 14824 14828 14833 14850 14914 14952 14973 14987 14973 14977 14978 15006 15019 15023 15029 15042 15049 15060 15070 15060 15046 15028
14924 14915 14921 14915 14912 14921 14940 14949 15009 15114 15084 15021 15054 15084 15119 15168 15197 15243 15274 15334 15338 15331 15331 15331 15331 15368 15378 15327 15320 15307 15296 15261 15249 15238 15234 15238 15233 15216 15209 15214 15207 15204 15198 15182 15168 15197 15222 15183 15152 15099 15094 15053 14990 14939 14914 14864 14846 14863 14892 14946 14969 14979 14989 14991 15010 15012 15017 15036 15048 15049 15059 15065 15070 15069 15052 15041 15034
14942 14931 14938 14931 14925 14933 14938 14951 14993 15087 15094 15066 15076 15095 15130 15176 15206 15248 15294 15295 15327 15335 15346 15351 15343 15333 15355 15366 15387 15380 15368 15290 15277 15262 15253 15250 15255 15244 15233 15224 15224 15222 15216 15201 15188 15168 15204 15188 15202 15124 15134 15128 15081 15034 14953 14922 14906 14886 14931 14971 14983 15004 15019 15029 15042 15032 15043 15065 15077 15070 15076 15076 15062 15056 15051 15041 15033
14960 14941 14942 14939 14932 14938 14948 14962 14981 15043 15087 15086 15098 15108 15136 15181 15213 15257 15302 15301 15286 15307 15341 15349 15349 15337 15336 15339 15409 15428 15433 15377 15331 15303 15285 15267 15270 15275 15287 15278 15246 15237 15231 15219 15212 15195 15167 15188 15232 15194 15178 15133 15110 15092 15029 15001 14946 14928 14973 14994 15008 15017 15022 15031 15054 15059 15064 15081 15095 15098 15101 15097 15071 15059 15053 15042 15032
14990 14963 14951 14949 14947 14948 14953 14967 14987 15015 15059 15091 15154 15126 15147 15183 15220 15260 15288 15290 15274 15278 15292 15318 15320 15313 15313 15315 15359 15423 15451 15438 15404 15358 15324 15283 15280 15280 15304 15332 15333 15307 15285 15265 15241 15215 15190 15164 15150 15157 15196 15231 15166 15156 15167 15123 15094 15097 15035 15035 15060 15044 15054 15056 15074 15074 15083 15091 15104 15109 15137 15131 15089 15069 15055 15031 15028
15027 15005 14973 14959 14956 14957 14963 14980 14994 15013 15071 15121 15198 15192 15164 15190 15220 15254 15262 15258 15255 15251 15258 15277 15287 15286 15283 15287 15296 15335 15406 15399 15397 15376 15343 15310 15292 15284 15284 15338 15331 15366 15345 15331 15309 15271 15214 15196 15179 15159 15134 15197 15188 15138 15212 15243 15173 15137 15168 15051 15047 15052 15065 15078 15083 15087 15088 15091 15108 15119 15157 15149 15107 15056 15034 15034 15036
15045 15044 15011 14963 14956 14957 14965 14981 15000 15029 15083 15150 15215 15245 15187 15200 15210 15227 15237 15234 15234 15226 15237 15249 15262 15274 15281 15281 15286 15290 15338 15375 15374 15376 15333 15315 15303 15292 15290 15302 15331 15376 15325 15335 15341 15329 15274 15228 15222 15182 15166 15150 15153 15126 15119 15274 15261 15212 15151 15114 15052 15054 15064 15074 15087 15093 15096 15099 15109 15108 15161 15150 15112 15052 15031 15038 15043
15047 15056 15046 15011 14995 14961 14955 14983 15020 15059 15113 15177 15219 15245 15193 15201 15205 15214 15217 15205 15212 15217 15214 15232 15249 15436 15479 15513 15305 15275 15286 15335 15339 15332 15315 15292 15302 15286 15292 15306 15332 15312 15308 15316 15343 15347 15308 15281 15241 15202 15194 15170 15162 15155 15159 15215 15271 15291 15253 15164 15088 15058 15066 15077 15089 15095 15105 15104 15109 15112 15153 15136 15113 15038 15030 15037 15047
15028 15045 15043 15039 15035 15014 14978 14996 15050 15093 15157 15242 15258 15248 15190 15192 15182 15180 15182 15177 15187 15184 15192 15208 15234 15438 14910 15620 15475 15281 15278 15271 15299 15314 15312 15272 15264 15276 15276 15285 15300 15295 15301 15304 15306 15314 15313 15295 15283 15250 15226 15208 15193 15180 15227 15231 15223 15315 15354 15219 15139 15071 15076 15079 15081 15088 15090 15099 15108 15112 15147 15137 15120 15030 15026 15031 15039
15013 15017 15017 15030 15039 15045 15031 15049 15097 15143 15195 15258 15272 15245 15177 15171 15171 15167 15159 15155 15165 15161 15167 15174 15205 15462 15482 15498 15419 15247 15250 15251 15245 15252 15264 15252 15247 15259 15260 15263 15276 15285 15289 15291 15296 15300 15294 15291 15292 15288 15268 15239 15228 15213 15218 15262 15306 15299 15336 15261 15204 15080 15086 15080 15084 15088 15093 15096 15104 15110 15126 15113 15080 15036 15012 15024 15033
15001 14996 14989 15004 15055 15071 15068 15109 15139 15171 15207 15249 15252 15239 15172 15154 15149 15139 15132 15134 15142 15145 15144 15144 15157 15179 15204 15217 15219 15226 15232 15230 15219 15215 15214 15223 15231 15237 15241 15258 15266 15277 15285 15290 15300 15302 15299 15300 15299 15299 15298 15292 15270 15260 15227 15261 15293 15404 15448 15250 15208 15151 15096 15094 15094 15091 15096 15089 15107 15115 15115 15103 15067 15022 15017 15016 15030
15001 14988 14987 14998 15036 15078 15104 15152 15172 15191 15234 15251 15245 15218 15173 15144 15130 15122 15109 15115 15123 15129 15130 15146 15135 15146 15166 15179 15196 15202 15208 15212 15210 15199 15199 15207 15217 15223 15232 15250 15263 15265 15277 15282 15295 15300 15304 15300 15303 15307 15293 15293 15291 15287 15287 15264 15281 15347 15464 15295 15187 15167 15132 15092 15094 15093 15097 15093 15101 15111 15108 15097 15066 15018 15011 15010 15020
15006 15030 15069 15001 15009 15072 15125 15161 15200 15231 15257 15244 15218 15195 15151 15126 15105 15104 15094 15092 15099 15107 15113 15118 15122 15122 15132 15147 15162 15171 15193 15192 15191 15191 15191 15191 15200 15209 15225 15238 15256 15263 15271 15283 15288 15294 15303 15306 15312 15310 15307 15297 15289 15296 15306 15295 15306 15339 15411 15373 15262 15178 15172 15094 15089 15089 15092 15085 15081 15111 15114 15086 15021 15008 15002 15010 15018
15021 15074 15070 15036 15015 15063 15120 15165 15204 15252 15296 15214 15179 15178 15125 15099 15111 15102 15086 15082 15086 15097 15106 15107 15111 15113 15119 15133 15143 15147 15159 15170 15176 15178 15174 15181 15186 15247 15284 15238 15241 15257 15268 15270 15282 15291 15297 15305 15324 15336 15334 15320 15302 15297 15303 15304 15309 15321 15430 15446 15372 15309 15217 15131 15096 15095 15089 15074 15065 15109 15100 15034 15006 15003 14998 15006 15016
15046 15045 15026 15023 15040 15076 15124 15173 15206 15250 15283 15211 15156 15156 15107 15079 15068 15058 15060 15069 15072 15079 15087 15086 15087 15086 15099 15107 15111 15126 15152 15148 15149 15155 15165 15170 15172 15232 15262 15215 15230 15242 15256 15273 15313 15288 15294 15306 15318 15333 15332 15328 15316 15310 15293 15298 15310 15321 15333 15367 15386 15390 15378 15172 15112 15098 15093 15072 15064 15099 15060 15009 15002 14998 15002 15013 15018
15076 15073 15056 15048 15059 15090 15119 15163 15200 15239 15267 15226 15149 15134 15097 15065 15061 15049 15051 15050 15053 15069 15070 15071 15074 15079 15086 15096 15100 15105 15119 15122 15128 15134 15148 15163 15165 15179 15186 15205 15220 15235 15244 15286 15307 15285 15287 15297 15306 15320 15321 15321 15313 15325 15320 15309 15312 15319 15333 15336 15371 15414 15458 15385 15150 15132 15090 15096 15072 15084 15030 15007 15009 15008 15009 15016 15012
15119 15075 15069 15074 15088 15107 15131 15154 15188 15233 15262 15234 15165 15104 15084 15064 15062 15045 15040 15043 15053 15055 15054 15057 15061 15068 15081 15087 15091 15092 15098 15103 15109 15124 15134 15141 15153 15171 15184 15198 15215 15222 15241 15261 15258 15268 15275 15294 15297 15299 15300 15303 15309 15322 15342 15351 15340 15335 15323 15341 15344 15359 15451 15481 15180 15201 15108 15119 15124 15071 15021 15031 15020 15001 15002 15006 15005
15137 15079 15079 15101 15112 15135 15192 15175 15220 15272 15268 15215 15156 15089 15074 15065 15059 15056 15053 15050 15051 15049 15086 15081 15056 15060 15063 15064 15070 15083 15092 15097 15101 15110 15120 15130 15147 15169 15179 15210 15223 15218 15223 15242 15247 15256 15266 15274 15283 15289 15294 15294 15298 15316 15335 15355 15346 15336 15331 15344 15355 15363 15395 15424 15325 15205 15149 15124 15143 15130 15072 15043 15010 14990 14982 14976 14973
15184 15090 15097 15115 15140 15154 15168 15203 15266 15310 15258 15176 15136 15083 15072 15060 15058 15060 15056 15057 15053 15051 15064 15076 15052 15054 15057 15063 15061 15066 15078 15095 15105 15107 15120 15212 15204 15169 15183 15197 15206 15215 15228 15230 15244 15246 15248 15254 15270 15283 15286 15288 15291 15301 15325 15345 15341 15339 15340 15347 15357 15363 15376 15418 15402 15288 15174 15122 15094 15118 15105 15043 14974 14959 14950 14952 14950
15179 15114 15122 15146 15163 15179 15190 15230 15276 15307 15205 15102 15070 15065 15052 15048 15051 15054 15051 15055 15054 15052 15055 15058 15054 15060 15055 15057 15060 15057 15068 15083 15101 15108 15120 15187 15211 15175 15190 15201 15216 15222 15229 15230 15235 15234 15225 15234 15256 15272 15277 15281 15280 15284 15300 15333 15344 15343 15355 15356 15361 15363 15394 15432 15439 15339 15195 15149 15105 15069 15106 15084 15019 14945 14943 14948 14949
15188 15143 15183 15205 15201 15201 15205 15235 15238 15220 15115 15064 15051 15042 15045 15040 15038 15043 15044 15049 15047 15046 15050 15058 15067 15054 15058 15065 15062 15062 15069 15083 15111 15115 15126 15153 15162 15182 15192 15207 15215 15223 15235 15242 15255 15248 15241 15255 15259 15302 15314 15288 15289 15301 15315 15332 15355 15366 15363 15373 15385 15393 15406 15462 15483 15464 15233 15161 15128 15085 15066 15101 15109 14998 14963 14935 14953
15195 15180 15204 15249 15256 15232 15207 15202 15164 15112 15068 15054 15042 15035 15028 15033 15031 15041 15050 15057 15055 15054 15053 15063 15070 15063 15063 15064 15072 15073 15086 15095 15107 15130 15144 15162 15185 15201 15223 15229 15232 15235 15240 15249 15272 15291 15285 15288 15290 15290 15305 15309 15327 15339 15354 15367 15381 15381 15392 15404 15430 15428 15437 15451 15475 15544 15431 15171 15148 15112 15075 15049 15098 15027 15015 14982 14953
15202 15195 15223 15252 15284 15293 15207 15170 15110 15064 15134 15141 15042 15033 15024 15024 15036 15043 15054 15057 15056 15059 15064 15068 15068 15074 15081 15086 15096 15101 15111 15117 15120 15141 15160 15179 15188 15226 15242 15251 15270 15258 15268 15273 15278 15299 15300 15314 15327 15333 15333 15341 15367 15382 15403 15419 15419 15407 15434 15438 15460 15449 15451 15460 15472 15479 15433 15432 15231 15131 15116 15087 15047 14996 15029 15034 14977
15160 15199 15228 15240 15271 15294 15264 15179 15094 15062 15142 15138 15038 15023 15019 15019 15025 15038 15042 15055 15060 15064 15075 15087 15100 15106 15117 15123 15132 15134 15144 15147 15145 15166 15177 15190 15218 15231 15257 15267 15280 15280 15276 15288 15295 15317 15324 15335 15353 15366 15375 15388 15402 15428 15439 15449 15449 15433 15447 15466 15470 15463 15449 15462 15463 15464 15432 15441 15426 15246 15137 15116 15081 15038 14999 15064 15079
15178 15185 15211 15228 15233 15288 15293 15218 15105 15048 15048 15042 15034 15037 15035 15031 15032 15039 15044 15055 15061 15075 15094 15119 15141 15156 15172 15173 15179 15181 15184 15185 15189 15216 15214 15222 15236 15271 15284 15298 15307 15312 15318 15329 15336 15350 15364 15390 15402 15424 15442 15452 15456 15472 15484 15495 15491 15495 15494 15501 15512 15529 15508 15497 15487 15468 15456 15411 15484 15526 15283 15142 15126 15100 15065 15046 15052
15215 15210 15199 15205 15223 15269 15301 15272 15171 15050 15047 15045 15043 15043 15050 15049 15048 15051 15057 15078 15099 15116 15143 15161 15187 15205 15221 15229 15227 15228 15228 15230 15229 15235 15240 15264 15272 15302 15316 15320 15325 15346 15359 15366 15379 15403 15409 15431 15447 15466 15483 15505 15520 15525 15528 15538 15540 15537 15549 15552 15556 15557 15543 15538 15534 15524 15506 15475 15455 15501 15374 15227 15161 15141 15120 15123 15143
15224 15295 15202 15203 15206 15216 15301 15310 15228 15069 15048 15046 15053 15059 15062 15068 15068 15071 15091 15119 15145 15170 15196 15221 15241 15259 15264 15267 15268 15268 15262 15270 15279 15281 15293 15299 15313 15337 15351 15362 15373 15388 15406 15417 15420 15436 15457 15468 15488 15505 15526 15543 15545 15564 15565 15572 15577 15585 15585 15594 15595 15588 15582 15582 15578 15559 15551 15534 15522 15523 15455 15355 15214 15178 15178 15151 15180
15205 15342 15336 15225 15202 15216 15218 15295 15259 15110 15051 15058 15062 15073 15080 15092 15090 15105 15123 15154 15180 15210 15241 15265 15275 15295 15313 15314 15316 15316 15321 15322 15327 15324 15324 15333 15347 15373 15386 15407 15411 15418 15433 15454 15468 15469 15486 15506 15526 15543 15558 15565 15570 15583 15583 15585 15606 15612 15615 15609 15613 15609 15610 15607 15587 15577 15576 15567 15554 15573 15465 15423 15295 15180 15188 15178 15177
