Alternative/Moon/Lvl0_30x30/Ele_CF.asc
ncols         335
nrows         335
xllcorner     -3292508.343
yllcorner     -27166.958
cellsize      10000
nodata_value  -9999.0
[rows 34 to 67 of 335, columns 154 to 230 of 335]
15495 15481 15465 15467 15468 15485 15488 15475 15467 15458 15460 15521 15614 15634 15624 15735 15723 15750 15843 15951 16373 16686 17015 17194 14960 13917 12639 11671 11827 12349 12569 11969 12247 13463 14983 16280 17413 17119 16608 16173 16025 15849 15859 15837 15779 15640 15673 15659 15629 15776 15704 15528 15534 15509 15489 15481 15447 15418 15420 15397 15391 15402 15392 15377 15355 15343 15361 15427 15457 15494 15543 15672 15787 15898 15888 15993 16049
15480 15467 15464 15477 15484 15501 15502 15525 15541 15573 15614 15684 15735 15734 15716 15681 15734 15816 15817 16092 16338 16835 16917 16505 15474 13919 12707 11749 11930 12096 12558 11863 12262 13427 14671 16247 17491 17194 16744 16292 16128 15909 15889 15810 15797 15755 15606 15572 15623 15733 15624 15541 15537 15496 15476 15452 15429 15428 15419 15423 15431 15391 15400 15402 15395 15381 15383 15450 15492 15514 15587 15704 15790 15912 15983 16286 16353
15481 15475 15469 15494 15500 15561 15564 15579 15575 15610 15669 15679 15637 15623 15677 15672 15785 15721 15817 16040 16250 16838 16971 16573 15690 14371 12862 11752 11733 11811 11905 12215 13136 13858 15094 16551 17360 17305 16817 16288 16120 15871 15828 15798 15750 15688 15619 15624 15849 15783 15576 15549 15536 15517 15489 15478 15459 15452 15447 15439 15453 15401 15409 15419 15422 15422 15401 15480 15497 15500 15607 15728 15787 15867 15986 16426 16496
15504 15490 15479 15496 15501 15539 15583 15590 15571 15602 15614 15590 15548 15585 15625 15557 15636 15807 15871 15956 16320 16649 17284 17469 16512 15054 13674 12355 11816 11935 11880 12476 13529 14208 15639 17385 17683 17216 16700 16162 16064 15911 15903 15815 15718 15640 15628 15793 15818 15696 15574 15578 15560 15515 15500 15491 15463 15478 15481 15457 15423 15415 15419 15427 15471 15494 15454 15486 15533 15717 15747 15739 15793 15871 15968 16281 16361
15498 15483 15478 15502 15502 15514 15504 15507 15512 15512 15555 15546 15558 15570 15617 15599 15569 15682 15835 15922 16281 16636 16997 17477 17278 16058 15204 13531 12704 12975 13054 13216 14011 15324 17550 17503 17477 16966 16388 16265 15964 15887 15914 15809 15701 15660 15639 15664 15678 15632 15675 15650 15599 15534 15519 15506 15488 15485 15478 15453 15431 15423 15427 15426 15461 15511 15536 15516 15553 15659 15681 15743 15812 15871 15947 16030 16109
15508 15490 15476 15486 15490 15487 15484 15495 15490 15495 15508 15504 15540 15575 15556 15624 15759 15747 15781 15853 16234 16457 16709 17112 17254 16981 16026 15031 14687 14039 13767 14634 15456 16711 17717 17394 17161 16806 16360 16329 16014 15888 15898 15866 15691 15664 15679 15701 15662 15661 15730 15684 15667 15556 15532 15517 15494 15485 15470 15469 15454 15443 15431 15446 15465 15501 15524 15554 15620 15717 15782 15878 15968 15942 15983 16046 16101
15532 15505 15509 15521 15517 15489 15498 15517 15506 15491 15492 15507 15520 15541 15579 15613 15720 15755 15857 15782 15927 16228 16518 16785 16955 17484 17474 16367 15938 16078 16368 17003 17289 17351 17390 16933 16878 16511 16305 16239 16034 15965 15819 15738 15695 15693 15698 15714 15663 15660 15659 15632 15608 15561 15554 15523 15505 15507 15502 15499 15483 15476 15471 15453 15458 15504 15536 15600 15702 15844 15973 16004 16009 15954 15987 16053 16118
15532 15515 15545 15538 15504 15499 15546 15515 15501 15508 15498 15526 15539 15604 15649 15671 15698 15777 15904 15792 15876 15983 16180 16457 16585 17311 17348 17247 17394 17367 17420 17458 17313 17137 16846 16533 16273 16130 16118 16100 15967 15900 15908 15863 15765 15706 15717 15686 15698 15625 15615 15622 15607 15575 15577 15555 15527 15525 15507 15494 15487 15560 15552 15523 15467 15500 15530 15625 15785 15854 15916 15923 15937 15944 16014 16071 16123
15557 15544 15533 15516 15525 15551 15522 15478 15483 15487 15513 15536 15552 15573 15599 15662 15672 15661 15723 15768 15846 15925 16112 16268 16258 16431 16636 16946 16980 17097 17119 17002 16822 16571 16286 16064 16039 16040 16056 16024 15992 15966 16015 15969 15887 15775 15709 15694 15659 15640 15644 15616 15609 15599 15598 15566 15561 15543 15523 15524 15499 15515 15593 15554 15492 15506 15539 15679 15849 15837 15771 15809 15832 15927 16010 16080 16205
15570 15550 15549 15537 15532 15525 15486 15471 15471 15482 15507 15526 15556 15577 15640 15629 15728 15692 15590 15654 15759 15843 15923 15999 15964 16135 16238 16290 16344 16496 16511 16355 16302 16083 15918 15963 15916 15786 15842 15895 15970 15966 15854 15854 15919 15846 15786 15734 15715 15655 15651 15624 15638 15618 15596 15581 15573 15567 15546 15546 15541 15539 15552 15520 15490 15512 15546 15690 15834 15786 15782 15807 15840 15947 16026 16107 16197
15564 15550 15525 15510 15490 15484 15474 15467 15490 15496 15493 15511 15584 15613 15611 15637 15654 15619 15632 15656 15660 15670 15721 15708 15868 15977 15979 15977 16083 16063 16045 16052 16030 15941 15917 15919 15788 15778 15676 15807 15882 15870 15882 15886 15934 15880 15789 15766 15720 15675 15677 15630 15637 15636 15621 15601 15571 15570 15567 15559 15575 15587 15560 15508 15496 15500 15545 15788 15877 15809 15745 15810 15875 15971 16047 16160 16193
15582 15564 15504 15488 15476 15473 15467 15478 15487 15497 15500 15540 15562 15548 15626 15608 15607 15594 15588 15590 15651 15663 15685 15691 15601 15727 16028 16054 16003 15920 15896 15935 15816 15694 15698 15673 15672 15674 15689 15690 15725 15795 15840 15880 15942 15903 15775 15749 15689 15692 15690 15648 15663 15688 15631 15606 15605 15596 15584 15579 15622 15620 15600 15548 15518 15529 15650 15810 15860 15780 15775 15844 15886 15987 16086 16241 16267
15564 15533 15495 15479 15477 15482 15478 15488 15500 15511 15517 15525 15548 15569 15594 15607 15608 15581 15551 15614 15611 15686 15705 15701 15649 15652 15662 15856 15927 15908 15772 15680 15700 15756 15736 15710 15728 15690 15678 15634 15659 15696 15704 15824 15899 15859 15809 15745 15792 15699 15678 15673 15673 15698 15664 15692 15664 15643 15620 15639 15659 15629 15592 15567 15544 15569 15687 15812 15820 15741 15770 15852 15918 16023 16093 16198 16206
15563 15509 15488 15485 15474 15509 15503 15514 15603 15587 15517 15511 15519 15538 15534 15578 15578 15568 15540 15541 15615 15630 15674 15638 15598 15592 15698 15624 15660 15773 15775 15739 15710 15687 15701 15703 15695 15648 15596 15600 15637 15689 15629 15810 15897 15843 15794 15753 15739 15694 15680 15693 15690 15670 15707 15729 15687 15675 15664 15686 15688 15672 15583 15561 15557 15574 15740 15847 15793 15758 15788 15851 15907 16025 16079 16217 16245
15528 15507 15495 15483 15483 15491 15511 15524 15537 15612 15536 15501 15512 15517 15539 15539 15534 15527 15535 15539 15575 15551 15568 15562 15560 15566 15539 15624 15574 15637 15699 15683 15657 15643 15642 15628 15573 15594 15599 15588 15619 15688 15687 15733 15876 15846 15812 15787 15740 15685 15690 15692 15687 15685 15674 15676 15701 15676 15673 15695 15689 15696 15609 15578 15572 15588 15742 15850 15825 15778 15785 15838 15896 16078 16094 16229 16255
15531 15517 15497 15496 15508 15510 15518 15509 15537 15568 15540 15509 15498 15487 15504 15526 15515 15510 15511 15530 15533 15554 15580 15588 15570 15565 15533 15550 15547 15557 15569 15627 15620 15618 15617 15618 15582 15595 15596 15618 15582 15598 15650 15750 15762 15739 15810 15834 15850 15716 15691 15677 15681 15672 15663 15663 15683 15691 15688 15696 15710 15705 15614 15603 15593 15601 15652 15820 15832 15831 15821 15822 15882 16029 16092 16188 16251
15541 15535 15518 15528 15492 15485 15489 15508 15523 15534 15534 15518 15494 15487 15499 15509 15518 15501 15510 15537 15555 15537 15550 15589 15535 15575 15550 15555 15542 15548 15530 15584 15564 15586 15565 15587 15578 15553 15562 15598 15576 15576 15589 15677 15699 15713 15706 15817 15872 15813 15901 15840 15788 15665 15674 15671 15685 15707 15714 15705 15713 15721 15637 15606 15599 15605 15666 15741 15866 15896 15862 15863 15872 16010 16057 16155 16234
15518 15534 15571 15489 15495 15507 15521 15513 15515 15518 15532 15521 15520 15486 15482 15486 15486 15515 15533 15573 15546 15520 15521 15537 15562 15533 15516 15567 15520 15524 15533 15562 15548 15584 15586 15593 15592 15560 15557 15545 15559 15571 15579 15565 15559 15682 15702 15781 15892 15872 15857 15852 15813 15776 15714 15774 15800 15830 15794 15751 15743 15732 15689 15616 15604 15619 15666 15780 15860 15984 15955 15889 15900 15977 16037 16116 16230
15506 15531 15509 15517 15542 15601 15601 15533 15520 15522 15518 15508 15488 15486 15492 15476 15488 15521 15548 15559 15539 15520 15510 15544 15524 15523 15523 15520 15532 15517 15522 15539 15548 15584 15582 15602 15608 15610 15571 15569 15540 15571 15573 15556 15538 15640 15706 15688 15652 15707 15747 15777 15816 15834 15807 15824 15776 15828 15805 15751 15740 15741 15687 15639 15616 15634 15693 15788 15866 15982 15976 15905 15896 15974 16031 16083 16120
15495 15537 15646 15668 15670 15645 15546 15547 15532 15560 15530 15498 15503 15513 15494 15491 15508 15528 15563 15546 15532 15514 15515 15510 15505 15494 15496 15507 15550 15538 15526 15545 15559 15586 15585 15601 15594 15595 15581 15574 15546 15543 15558 15565 15562 15560 15557 15571 15571 15589 15671 15729 15789 15806 15752 15744 15717 15752 15770 15775 15766 15723 15666 15637 15638 15638 15703 15764 15829 15949 15978 15913 15880 15944 15960 16014 16097
15516 15557 15750 16020 16014 16028 15713 15537 15533 15533 15526 15506 15513 15545 15527 15504 15537 15566 15575 15547 15537 15501 15512 15547 15539 15499 15510 15517 15535 15532 15537 15542 15553 15572 15588 15602 15608 15601 15584 15564 15556 15559 15561 15558 15584 15577 15556 15574 15580 15574 15589 15647 15684 15723 15695 15652 15664 15704 15750 15783 15769 15704 15647 15640 15633 15648 15709 15740 15784 15975 16023 15930 15902 15919 15967 15984 16037
15565 15570 16018 15738 14506 15832 15713 15548 15547 15545 15527 15506 15522 15550 15520 15524 15782 15732 15669 15559 15531 15503 15517 15548 15535 15516 15520 15525 15537 15552 15605 15574 15568 15581 15606 15611 15627 15628 15597 15564 15576 15586 15580 15571 15581 15600 15591 15589 15607 15571 15578 15590 15612 15640 15644 15587 15563 15589 15649 15721 15707 15682 15649 15674 15653 15677 15695 15732 15770 15961 16033 15946 15914 15926 15939 15945 15983
15569 15585 16011 16037 15233 16056 15709 15551 15548 15532 15531 15516 15505 15517 15519 15526 15784 15742 15664 15593 15545 15499 15505 15533 15540 15568 15562 15538 15572 15590 15629 15583 15586 15596 15633 15648 15664 15638 15610 15591 15598 15610 15597 15601 15586 15595 15572 15576 15585 15571 15573 15593 15611 15650 15630 15560 15524 15528 15583 15645 15673 15678 15678 15695 15661 15668 15698 15719 15738 15922 15991 15954 15912 15932 15944 15961 15958
15574 15570 15704 16052 16000 15964 15634 15544 15541 15531 15529 15522 15517 15518 15521 15512 15602 15659 15527 15548 15533 15515 15514 15516 15529 15558 15564 15565 15594 15623 15645 15627 15612 15609 15643 15650 15669 15637 15623 15593 15616 15629 15619 15586 15583 15582 15600 15547 15578 15572 15566 15588 15604 15644 15637 15609 15539 15528 15537 15595 15612 15655 15656 15670 15659 15658 15687 15684 15726 15845 15981 15910 15899 15930 15967 16011 16010
15596 15579 15567 15577 15571 15561 15539 15530 15531 15532 15530 15533 15511 15513 15512 15538 15525 15526 15521 15548 15546 15527 15529 15524 15535 15538 15559 15593 15612 15638 15675 15668 15673 15628 15645 15668 15667 15647 15629 15629 15617 15621 15596 15572 15570 15564 15568 15537 15566 15583 15589 15596 15608 15631 15649 15608 15556 15534 15539 15564 15636 15662 15667 15649 15658 15661 15672 15641 15674 15766 15811 15862 15882 15919 15964 16039 16031
15604 15604 15615 15587 15565 15555 15535 15529 15538 15533 15526 15524 15513 15543 15542 15579 15562 15530 15551 15573 15564 15537 15517 15508 15521 15542 15574 15608 15639 15659 15679 15702 15696 15658 15662 15670 15675 15669 15677 15652 15631 15612 15599 15571 15580 15579 15568 15545 15568 15588 15608 15613 15614 15637 15680 15656 15555 15542 15550 15563 15596 15644 15678 15639 15673 15647 15608 15720 15744 15720 15777 15826 15855 15913 15944 15988 16011
15616 15608 15608 15605 15583 15561 15543 15542 15538 15527 15526 15526 15524 15561 15560 15569 15564 15536 15549 15563 15532 15540 15525 15516 15543 15541 15573 15618 15650 15684 15705 15715 15709 15672 15675 15680 15685 15685 15689 15661 15636 15608 15601 15588 15586 15579 15567 15561 15573 15592 15609 15622 15629 15650 15697 15683 15593 15549 15547 15558 15575 15563 15545 15511 15512 15555 15550 15700 15719 15651 15665 15692 15749 15893 15941 16006 16027
15636 15619 15629 15642 15625 15584 15567 15548 15548 15541 15520 15527 15530 15546 15563 15553 15550 15546 15550 15556 15528 15545 15539 15539 15547 15560 15594 15635 15664 15695 15723 15729 15729 15694 15686 15687 15677 15679 15675 15658 15646 15624 15615 15616 15608 15581 15566 15572 15590 15613 15645 15643 15659 15667 15707 15724 15665 15578 15571 15565 15560 15537 15488 15477 15482 15573 15556 15535 15560 15571 15575 15618 15654 15745 15868 15968 16033
15659 15637 15633 15644 15637 15596 15580 15565 15575 15552 15549 15544 15547 15540 15558 15558 15578 15619 15569 15554 15550 15543 15556 15573 15562 15579 15607 15652 15669 15701 15729 15737 15730 15719 15685 15678 15665 15656 15647 15630 15626 15625 15640 15632 15604 15583 15576 15590 15601 15625 15634 15653 15666 15677 15685 15743 15708 15628 15610 15563 15542 15492 15471 15475 15488 15577 15592 15549 15545 15554 15576 15600 15625 15688 15808 15883 15939
15662 15647 15650 15654 15632 15607 15595 15584 15593 15579 15589 15555 15560 15554 15567 15579 15636 15627 15575 15567 15559 15558 15567 15568 15561 15571 15598 15631 15659 15695 15736 15724 15715 15695 15675 15667 15644 15635 15639 15625 15635 15641 15631 15632 15613 15590 15593 15608 15617 15633 15636 15658 15677 15697 15699 15729 15718 15646 15617 15552 15493 15476 15486 15485 15492 15566 15624 15593 15562 15572 15592 15610 15629 15672 15808 15880 15908
15679 15664 15660 15658 15644 15625 15618 15594 15572 15566 15587 15576 15577 15583 15575 15585 15580 15607 15573 15570 15645 15636 15635 15656 15581 15577 15580 15612 15634 15689 15709 15706 15693 15672 15655 15639 15645 15645 15645 15632 15644 15650 15631 15607 15607 15609 15610 15633 15640 15639 15653 15659 15676 15746 15734 15722 15707 15660 15587 15500 15492 15489 15494 15496 15514 15556 15645 15651 15638 15630 15633 15643 15661 15693 15737 15868 15914
15710 15697 15667 15666 15662 15693 15742 15648 15592 15583 15585 15588 15584 15588 15582 15584 15581 15583 15584 15590 15596 15621 15615 15590 15595 15576 15574 15593 15620 15648 15671 15680 15668 15665 15660 15646 15654 15659 15653 15661 15656 15647 15627 15612 15614 15616 15652 15655 15649 15658 15670 15673 15692 15724 15723 15733 15738 15646 15551 15514 15518 15495 15514 15525 15548 15604 15628 15659 15680 15693 15686 15687 15686 15717 15738 15814 15878
15738 15748 15689 15679 15672 15726 15720 15724 15623 15617 15610 15606 15601 15598 15591 15591 15603 15603 15600 15605 15614 15606 15595 15594 15587 15577 15569 15577 15597 15612 15633 15638 15637 15646 15650 15673 15669 15681 15683 15669 15665 15645 15612 15628 15626 15636 15669 15692 15663 15676 15693 15719 15727 15764 15737 15763 15769 15668 15563 15553 15551 15513 15522 15546 15593 15617 15626 15630 15661 15716 15743 15747 15747 15775 15787 15785 15806
15738 15720 15706 15703 15688 15700 15745 15681 15646 15646 15640 15621 15616 15617 15607 15606 15622 15619 15617 15619 15617 15611 15603 15600 15586 15577 15578 15579 15581 15583 15594 15607 15630 15641 15651 15662 15677 15704 15706 15687 15662 15645 15636 15649 15648 15661 15672 15682 15688 15685 15699 15715 15760 15771 15748 15765 15772 15740 15610 15571 15552 15517 15518 15570 15589 15598 15594 15602 15625 15713 15795 15839 15837 15796 15784 15797 15816
