Alternative/Moon/Lvl0_30x30/Ele_AH.asc
ncols         335
nrows         335
xllcorner     3407491.657
yllcorner     6672833.042
cellsize      10000
nodata_value  -9999.0
[rows 238 to 271 of 335, columns 77 to 153 of 335]
18768 18320 17788 17358 17258 17201 17172 17143 17107 17111 17052 17008 17003 16999 17048 16942 16936 16949 16941 16940 16944 16958 17019 17035 17051 17096 17169 17223 17357 17554 17756 17599 17269 17258 17319 17208 17213 17216 17245 17272 17289 17309 17337 17363 17395 17411 17482 17658 18078 18216 18324 18293 18343 18343 18411 18510 18372 18483 18350 17941 17342 17216 17160 17151 17189 17254 17247 17191 16969 16823 16756 16695 16692 16753 16818 16882 16967
19334 18912 18260 17603 17364 17318 17284 17248 17210 17164 17119 17081 17067 17036 17047 17065 17005 16976 16964 16992 16988 17044 17029 17073 17125 17164 17228 17272 17305 17346 17333 17277 17219 17206 17226 17204 17221 17242 17263 17291 17301 17319 17336 17353 17361 17380 17431 17491 17514 17649 18113 18340 18729 18890 19131 19151 19132 19078 18699 18226 17660 17313 17289 17356 17801 18141 18321 18184 17504 17079 16875 16822 16866 16930 17230 17519 17468
19398 18981 18372 17670 17423 17403 17326 17270 17245 17251 17251 17235 17179 17155 17125 17140 17133 17063 17059 17070 17085 17114 17181 17219 17238 17265 17276 17283 17295 17288 17253 17222 17185 17184 17188 17201 17219 17258 17274 17295 17311 17318 17370 17369 17369 17383 17411 17461 17494 17688 17868 18103 18271 18554 18706 18822 18838 18723 18629 18509 18504 18708 18970 19072 19112 18995 18952 18542 18163 17895 17478 17203 16936 17060 17395 17547 17520
19055 18912 18549 17787 17436 17407 17332 17318 17336 17345 17346 17318 17258 17242 17196 17213 17158 17164 17189 17217 17181 17190 17213 17252 17295 17314 17305 17292 17276 17251 17237 17212 17208 17219 17207 17245 17270 17288 17306 17333 17374 17413 17457 17489 17553 17549 17694 18124 18567 18994 19041 18860 18799 18850 19083 19241 19289 19272 19057 18817 18589 18791 18935 18887 18849 18761 18567 18171 17812 17804 17599 17498 17036 16872 16813 16863 16889
19881 19768 19369 18518 17910 17913 17834 17723 17590 17699 17925 17902 17628 17450 17345 17324 17313 17294 17299 17302 17256 17262 17252 17264 17280 17285 17272 17231 17213 17201 17204 17227 17275 17297 17319 17331 17335 17367 17358 17384 17447 17483 17481 17549 17835 18204 18815 19202 19253 19182 19228 19179 19115 19091 19133 19085 19100 18984 18728 18447 18295 18265 18243 18162 18185 17739 17092 16506 16620 17085 17434 17522 17210 17012 16774 16672 16636
19658 19602 19202 19536 19741 19733 19227 18327 17836 17703 18105 18178 18106 17738 17542 17430 17402 17405 17341 17303 17295 17299 17309 17403 17399 17315 17272 17257 17238 17249 17284 17329 17354 17365 17378 17411 17432 17434 17544 17561 17544 17570 17672 18436 18900 18892 19039 19274 19254 18998 18647 18389 18253 18178 18126 18255 18331 18355 18315 18147 18098 18115 18087 17927 17658 17508 17368 17293 17259 17325 17322 17072 16828 16773 16787 16726 16644
18505 18808 19303 19567 19793 19840 19606 18809 17928 17483 17489 17528 17551 17546 17506 17475 17712 17935 18173 18377 18400 18363 18146 18009 17969 17876 17695 17549 17505 17486 17518 17497 17475 17469 17477 17514 17586 17621 17531 17809 18090 18319 18745 19194 19345 19322 18920 18478 18449 18462 18462 18339 18202 18042 17886 17807 17918 18042 17973 17810 17978 17956 17653 17409 17186 17122 16892 16755 16785 16721 16728 16678 16647 16652 16645 16742 16738
18327 18306 18504 18828 19114 19321 19153 18757 17955 17488 17857 18035 18223 18321 18548 18968 19576 19866 20170 20198 20075 19864 19571 19331 19362 19188 18959 18640 18330 18174 18195 18020 18225 18341 18554 18817 18950 19052 19107 19379 19401 19328 19228 19269 19302 19217 19019 18661 18464 18336 18100 17981 17882 17907 17792 17686 17738 17703 17605 17505 17454 17406 17267 17181 17175 17059 16805 16722 16696 16694 16690 16738 16736 16666 16865 16871 16802
17088 17388 17578 17705 17712 17578 17228 17172 17271 17695 18396 19244 19893 20235 20344 20233 20227 20400 20738 20918 20966 20878 20889 20806 20654 20683 20586 20507 20064 19686 19552 19444 19588 19950 20393 20518 20429 20092 19873 19764 19604 19378 19040 18812 18466 18229 18010 17954 17893 17735 17685 17628 17602 17585 17556 17644 17709 17711 17517 17406 17327 17311 17318 17297 17110 16905 16835 16745 16708 16685 16678 16734 16890 17020 17049 17067 16955
16552 16456 16762 16914 16895 16960 17294 17902 18247 18459 18830 19365 19919 20214 20266 20295 20439 20618 20997 21194 21271 21309 21279 21206 21191 21159 21095 20988 20724 20345 19869 19494 19429 19782 20261 20349 20023 19558 19267 18987 18670 18558 18386 18150 17970 17882 17870 17828 17775 17651 17598 17628 17715 17712 17689 17688 17633 17611 17541 17413 17416 17269 17076 16990 17043 17019 16868 16809 16747 16740 16716 16691 16937 17065 17228 17191 16962
16269 16190 16173 16231 16219 16242 16487 17046 17549 17996 18620 18763 18940 19018 19160 18972 18637 18752 19579 20344 20748 20800 20844 21132 21158 21160 21151 21037 20776 20511 20082 19584 19206 19134 19034 18909 18611 18313 17999 17902 17998 18099 18113 18111 18000 17861 17785 17874 17762 17524 17523 17613 17575 17489 17448 17322 17186 17203 17131 17197 17258 17186 17338 17368 17415 17232 17102 17058 16871 16836 16796 16839 17056 17089 17093 17013 16904
16100 16168 16124 16094 16106 16120 16139 16205 16451 16591 17208 17490 17650 17800 17964 17952 17920 17892 18612 19368 20000 20469 20675 20856 20953 21040 20938 20673 20419 20274 19924 19686 19736 19716 19188 18461 18126 18152 18061 18119 18018 17791 17718 17555 17583 17795 17911 17839 17779 17785 17708 17765 17688 17610 17562 17415 17241 17218 17121 17188 17228 17274 17351 17384 17393 17193 17058 17005 16871 16857 16865 16827 16778 16687 16665 16660 16662
15917 15945 16001 16031 16071 16095 16112 16163 16267 16287 16316 16340 16400 16440 16858 17477 17933 18292 18672 19131 19753 20008 20202 20582 20631 20626 20587 20523 20383 20272 20051 19960 19796 19596 19186 19209 19276 19283 19245 19029 18647 18202 17649 17286 17235 17382 17333 17196 17172 17153 17199 17195 17175 17150 17078 16894 16821 16820 16688 16706 16749 16823 16865 16943 16987 16923 16939 16867 16828 16812 16763 16630 16631 16649 16680 16685 16669
16006 16042 16035 16027 16043 16067 16103 16178 16341 16358 16317 16191 16227 16292 16384 16796 17289 17800 18144 18356 18652 18863 19155 19186 19192 19337 19425 19320 19221 19047 19211 19629 19642 19589 19356 19235 19250 19249 19185 18782 18254 17797 17442 17014 16745 16666 16592 16554 16541 16515 16554 16603 16641 16636 16630 16618 16584 16546 16516 16507 16495 16519 16802 17031 17022 17016 16993 16858 16748 16759 16738 16632 16639 16649 16659 16674 16684
15998 16047 16072 16068 16058 16073 16126 16228 16475 16502 16507 16338 16202 16244 16263 16336 16629 16972 17412 17824 18070 18271 18492 18729 18872 18935 18965 18849 18966 19250 19287 18889 19130 19236 19251 19057 18757 18537 18400 18142 17683 17564 17421 16948 16705 16661 16580 16557 16551 16545 16718 17032 17089 17069 17019 16782 16761 16811 16727 16641 16661 16625 16861 16916 16879 16850 16726 16652 16638 16636 16635 16628 16642 16655 16675 16685 16810
16033 16033 16082 16073 16069 16092 16115 16155 16288 16411 16457 16392 16259 16229 16228 16240 16314 16519 16853 17011 16936 16883 17185 17804 18092 18360 18612 18876 19005 19230 19205 18683 18825 18937 18948 18756 18443 18243 18060 17989 17593 17305 16969 16837 16844 16815 16744 16687 16662 16662 16955 17147 17239 17258 17188 17068 17046 17042 17138 17003 16956 16903 16948 16925 16730 16716 16654 16646 16647 16657 16669 16678 16689 16711 16704 16708 16802
16118 16150 16143 16144 16107 16117 16127 16142 16172 16181 16377 16397 16242 16214 16212 16237 16244 16273 16283 16286 16471 16773 17114 17533 17889 18018 18355 18618 18881 18909 18730 18632 18493 18499 18426 18115 17649 17167 17033 16946 16815 16740 16844 17032 17134 17156 17150 17046 16830 16725 16648 16751 16819 16937 16908 16805 16917 17056 17277 17276 17421 17522 17499 17331 17118 17015 16824 16765 16765 16694 16707 16750 16743 16757 16760 16750 16786
16075 16146 16127 16184 16195 16174 16146 16180 16225 16205 16201 16228 16217 16220 16225 16239 16259 16265 16299 16332 16401 16574 17039 17493 17883 18104 18316 18736 18908 18923 18794 18564 18152 17761 17565 17422 17254 17126 17083 17197 17219 17242 17389 17491 17472 17371 17106 16986 16961 16850 16748 16594 16501 16424 16390 16367 16334 16323 16350 16619 17127 17572 17609 17540 17386 17237 17174 17029 17032 17051 17037 16995 16964 16884 16758 16543 16660
15810 15854 15942 16054 16175 16230 16247 16240 16254 16258 16266 16261 16268 16258 16294 16326 16339 16362 16376 16439 16546 16664 16961 17311 17538 17696 17955 18153 18346 18331 18320 17960 17521 17223 17156 17090 17164 17025 16967 17042 17054 17179 17302 17426 17415 17318 17073 16953 16869 16847 16813 16714 16599 16475 16397 16313 16262 16207 16244 16360 16655 16713 16722 16876 16841 16873 16955 16973 16981 16989 17010 17083 17038 16928 16863 16691 16592
15875 15907 15951 16076 16168 16210 16215 16215 16231 16262 16283 16289 16301 16330 16354 16420 16459 16419 16494 16569 16816 16966 17353 17709 17798 17885 18097 18282 18391 18336 18110 17903 17650 17278 17095 17000 16945 16902 16856 16819 16798 16821 16887 17062 17121 17127 17099 16965 16799 16776 16736 16600 16502 16495 16499 16406 16329 16289 16245 16221 16249 16324 16310 16350 16402 16527 16641 16705 16718 16735 16844 16909 16910 16882 16880 16794 16760
16058 16092 16156 16190 16231 16246 16225 16259 16278 16293 16364 16347 16343 16395 16410 16437 16488 16488 16570 16625 16689 16831 17166 17444 17632 17980 18394 18593 18664 18669 18494 18219 17810 17496 17172 16954 16857 16846 16810 16823 16858 16871 16852 16883 16946 16998 16993 16893 16851 16796 16722 16641 16584 16544 16461 16451 16417 16430 16397 16357 16354 16354 16398 16364 16365 16333 16345 16462 16561 16525 16657 16665 16674 16738 16797 16895 16858
16176 16213 16239 16232 16244 16266 16274 16274 16313 16331 16381 16390 16398 16431 16450 16477 16506 16534 16583 16643 16791 17029 17370 17526 17828 18083 18355 18435 18393 18307 18256 17918 17766 17806 17695 17578 17444 17262 17176 16980 17082 17008 16879 16946 16925 16857 16834 16823 16754 16685 16603 16544 16547 16536 16531 16541 16534 16537 16534 16523 16522 16524 16504 16517 16542 16563 16512 16477 16550 16529 16555 16574 16738 16713 16688 16706 16663
16192 16216 16257 16269 16321 16315 16318 16329 16325 16325 16349 16391 16442 16467 16480 16494 16521 16543 16589 16654 16783 17011 17450 17638 18049 18325 18375 18330 18222 18115 17959 17877 17807 17761 17681 17562 17492 17266 17176 17072 17003 16928 16869 16898 16879 16835 16845 16774 16758 16695 16655 16661 16598 16574 16528 16513 16530 16539 16542 16529 16518 16507 16497 16502 16532 16562 16648 16744 16760 16814 16837 16801 16705 16599 16573 16554 16527
16209 16230 16272 16269 16281 16332 16305 16342 16345 16341 16352 16372 16421 16457 16483 16484 16505 16535 16564 16598 16753 16957 17211 17610 18030 18171 18251 18257 18161 18037 17938 17895 17829 17767 17696 17749 17708 17658 17581 17393 17347 17417 17409 17306 17216 17234 17257 17055 16901 16766 16794 16843 16729 16705 16659 16580 16553 16565 16595 16623 16610 16593 16689 16890 16978 16918 16977 17040 17138 17234 17309 17408 17240 17002 16775 16652 16607
16275 16283 16329 16334 16330 16344 16346 16347 16364 16366 16411 16409 16426 16429 16433 16442 16463 16479 16511 16574 16649 16699 16704 16778 17159 17597 17882 17972 18007 18027 18011 18184 18252 18173 17887 17826 17777 17607 17477 17063 16937 16925 16962 16959 17147 17225 17322 17379 17389 17342 17418 17378 17309 17213 17139 17063 16867 16764 16707 16720 16809 16912 17023 17128 17168 17102 17116 17158 17185 17438 17955 18094 17971 17612 17256 16991 16856
16335 16379 16404 16413 16415 16416 16432 16470 16488 16508 16544 16588 16634 16693 16604 16688 16650 16616 16657 16690 16636 16577 16771 17236 17622 17840 17889 17944 18002 18037 18056 18081 18177 18172 18187 18027 17879 17841 17682 17651 17625 17653 17668 17652 17536 17387 17468 17448 17303 17133 17104 17054 17083 17098 17084 17007 16927 16858 16853 16858 16890 16922 17257 17644 17702 17561 17288 17207 17357 17730 17880 17974 18061 18142 18164 17847 17288
16449 16479 16520 16550 16532 16619 16602 16603 16647 16682 16672 16659 16669 16695 16733 16784 16841 16942 16976 17059 17042 17088 17234 17478 17554 17661 17855 18054 18072 18135 18088 18074 18200 18190 18226 18129 17983 17920 17766 17704 17677 17753 17809 17789 17640 17367 17110 16995 17012 17053 17021 16998 16979 16986 16994 17046 17070 17066 16986 16940 16952 16957 17197 17487 17529 17366 17188 17023 17244 17494 17527 17461 17681 17844 17879 17743 17275
16583 16592 16602 16621 16611 16630 16652 16696 16703 16710 16738 16733 16658 16678 16776 16998 17400 17566 17545 17546 17482 17309 17278 17307 17386 17448 17479 17328 17408 17479 17452 17386 17399 17480 17588 17633 17713 17717 17358 17114 17291 17493 17727 17743 17630 17472 17340 17245 17192 17147 17109 17027 16986 16975 16974 17012 17073 17093 17049 16996 16982 16956 16965 16967 16988 17013 17010 16998 17001 16996 17005 17087 17193 17166 17068 17048 17014
16749 16763 16796 16817 16824 16825 16801 16774 16778 16816 16846 16835 16866 17004 17252 17429 17557 17577 17754 17812 17741 17610 17416 17328 17288 17385 17550 17592 17567 17608 17499 17350 17321 17254 17246 17244 17290 17312 17633 17929 18026 18008 17891 17707 17447 17323 17289 17267 17212 17127 17051 17012 16990 16969 16980 16966 16948 16969 16968 16943 16955 16944 16933 16936 16932 16960 16965 16961 16961 16955 16946 16938 16928 16892 16907 16931 16909
17008 17011 16975 16946 16896 16883 16867 16846 16865 16927 16985 17364 17769 18111 18214 18059 18136 18111 18083 18018 17908 17763 17738 17467 17280 17233 17226 17242 17275 17324 17368 17423 17391 17260 17212 17271 17294 17314 17517 17636 17582 17489 17381 17224 17203 17201 17181 17129 17137 17059 17011 16998 17003 16995 16972 16960 16956 16937 16915 16913 16890 16907 16891 16885 16879 16893 16908 16917 16908 16905 16912 16898 16882 16867 16841 16858 16829
17001 16999 16969 16984 16989 17075 17154 17113 17468 17747 17911 18188 18402 18462 18438 18365 18224 18113 17969 17787 17642 17641 17755 17786 17709 17502 17326 17327 17358 17379 17318 17273 17255 17194 17158 17191 17251 17252 17265 17500 17547 17537 17378 17245 17336 17329 17338 17287 17287 17281 17197 17114 17067 17028 16978 16949 16938 16927 16898 16866 16855 16849 16857 16860 16871 16883 16891 16899 16963 16921 16843 16857 16822 16795 16784 16794 16919
17102 17030 17158 17552 18139 18182 17796 17767 18467 18846 18859 18768 18605 18554 18365 17991 17983 17959 17699 17566 17582 17671 17784 17785 17675 17441 17150 17179 17174 17164 17113 17061 17083 17084 17115 17129 17126 17099 17049 17281 17415 17444 17432 17312 17226 17245 17249 17232 17238 17285 17346 17358 17266 17167 17076 17040 17022 16922 16874 16843 16823 16833 16832 16838 17031 17057 17011 16886 17000 16914 16816 16778 16752 16727 16702 16663 16644
17452 17688 18301 18813 18956 19042 19222 19447 19701 19729 19562 19140 18776 18490 18358 18177 17952 17611 17151 17069 17022 17058 17183 17359 17432 17373 17378 17272 17201 17229 17217 17107 17133 17238 17176 17043 16990 16987 16958 16974 17041 17104 17223 17320 17427 17633 17835 17799 17777 17769 17841 17806 17849 17850 17685 17415 17228 17098 16930 16866 16811 16794 16791 16768 16729 16734 16750 16753 16758 16745 16725 16705 16685 16656 16635 16608 16582
18552 18910 18957 19034 19069 19100 19047 19271 19461 19525 19333 18970 18516 18119 17687 17468 17358 17115 17020 17002 16998 17002 16991 17066 17142 17166 17238 17245 17142 17106 16967 16971 16970 16970 16964 16961 16951 16962 16964 16996 17095 17217 17428 17816 17865 17794 17716 17081 16738 16498 16317 16599 17209 17584 17863 17960 17959 17456 17189 16939 16843 16801 16777 16689 16697 16691 16670 16652 16658 16642 16637 16628 16623 16600 16573 16544 16509
