Alternative/Moon/Lvl0_30x30/Ele_DA.asc
ncols         335
nrows         335
xllcorner     -20042508.343
yllcorner     -3377166.958
cellsize      10000
nodata_value  -9999.0
[rows 68 to 101 of 335, columns 154 to 230 of 335]
33924 34067 33943 33928 34381 34541 34754 34974 35193 35172 34873 34983 34932 34805 35135 35264 35205 34605 34779 35107 35077 34658 34172 34622 34637 34194 34130 34014 33550 33002 31637 30743 31099 31101 30602 30667 29822 27607 26716 26336 25756 25751 25790 25660 25688 25651 25654 25659 25668 25688 25665 25670 25694 25713 25798 25802 25885 25896 25997 25948 25789 25872 25915 25918 25934 26002 26192 26606 26949 26864 26594 26534 26224 25589 26196 26170 26055
33521 33100 33527 33882 34227 34188 34312 34769 34611 34820 35081 35041 34666 34953 35019 35268 35278 35394 35416 35782 35593 35008 34559 34501 34413 34436 34485 34210 33787 32741 31523 30459 30618 30937 31153 31211 29890 27499 26397 26282 25741 26122 26129 25677 25679 25654 25669 25676 25677 25684 25685 25687 25686 25845 25838 25802 25723 25732 25714 25705 25693 25730 25911 25933 26109 26275 26397 26931 26826 26603 26104 25921 26117 25569 26037 25878 26479
32837 32068 32383 32897 33362 33583 34065 34353 34522 34748 35063 35013 34592 34797 35013 35145 35124 35382 35674 36140 36152 35690 35039 34326 34328 34329 34525 34161 33724 32117 30915 30387 30330 30392 30548 30690 29646 28044 26274 25874 25780 25853 25782 25684 25693 25686 25668 25674 25663 25676 25686 25693 25691 25861 25763 25743 25730 25719 25696 25694 25731 25758 25806 25927 26039 26251 26494 26902 26422 25288 25348 25616 25911 26080 25155 24963 26455
31628 31392 31776 32465 33256 33851 34259 34516 34683 35005 35444 35428 34395 34689 34797 34919 35243 35787 35934 36116 36201 36052 36037 35305 33875 33968 34399 33820 32870 31974 31296 30507 30349 30427 30289 30320 29880 28925 26946 26234 26012 25837 25730 25723 25781 25694 25672 25652 25662 25670 25692 25682 25678 25765 25743 25745 25735 25718 25705 25699 25719 25805 25843 25864 26079 26538 26676 26670 26281 26196 26524 26539 26841 26371 26423 26470 26496
31257 31104 31294 32216 33172 33856 34402 34785 35279 35526 35688 35646 34540 34324 34323 34728 35307 35832 35546 35729 35893 35934 35840 35278 33111 32480 33357 33372 32489 31987 31382 30600 30265 30200 30032 29995 29610 29090 27315 26402 26373 26404 25816 26054 26213 25853 25674 25674 25664 25683 25701 25698 25682 25789 25760 25800 25705 25736 25760 25766 25772 25793 25824 25862 26128 26568 26306 26338 26612 27048 26940 26987 26788 26340 26268 26317 26418
30857 30939 31311 31872 32411 33340 33810 34271 34967 35594 35503 35246 34994 34328 34215 34425 35247 35457 35270 35211 35824 35912 35915 35936 33999 32225 32599 32945 32342 31878 31270 30619 30143 30007 29979 29859 30161 29949 27767 26522 26379 26483 25864 25887 26198 26284 25748 25686 25673 25680 25676 25688 25666 25628 25792 25863 25839 25726 25783 25719 25751 25740 25749 25817 26050 25748 25605 25823 26443 27086 27013 26935 26717 26461 26300 26285 26552
30763 30798 30942 31156 31528 32202 33130 33808 34328 35368 35131 35164 35043 34394 34061 34346 34832 34905 34973 35325 35743 35673 35737 36018 34882 32438 32310 32643 32392 31569 30839 30429 30050 30001 29995 30005 30120 29620 27681 26613 26435 26436 26306 25890 26034 26215 26002 25771 25672 25678 25659 25641 25628 25652 25796 25815 25840 25835 25725 25705 25690 25651 25778 25982 26006 26047 26327 26555 26612 26692 26168 25979 26388 26496 26361 26251 26429
30840 30762 30864 31059 31390 31796 32422 33171 33634 34211 34699 34612 34384 34150 34057 34150 34783 35501 35533 35289 35423 35218 35361 35888 35307 33223 32280 32427 32028 30859 30391 30083 30066 30029 30040 30050 30126 29078 27143 26616 26491 26647 26903 26207 25932 26039 25953 25960 25821 25645 25645 25643 25636 25610 25647 25762 25752 25777 25710 25691 25690 25727 25799 25937 26008 26056 26271 26289 26368 26378 26592 26572 26421 26365 26372 26025 26120
30867 30658 30816 31154 31554 31913 32352 33139 33841 34117 34951 34920 34065 33889 34031 34449 34869 35398 35665 35651 35193 35190 35131 35238 35157 34943 34330 33388 32144 31132 30266 30133 30092 30016 30048 30054 30120 29492 28454 27451 26601 26431 26461 26432 26268 26041 26055 26292 26075 25649 25631 25637 25644 25616 25562 25558 25575 25685 25565 25666 25876 25720 25970 26065 26044 26084 26168 26118 26095 26156 26259 26453 26491 26419 26501 26734 27258
31048 30656 30783 31174 31920 32390 32664 33424 33779 34098 34802 34876 34174 33342 33881 34422 34493 34871 35682 36180 36189 35587 33973 35032 35500 35645 35259 34074 33104 32005 30680 30248 30351 30259 30048 30054 30134 29577 28830 27899 26888 26498 26463 26497 26568 26275 26312 26521 26346 25825 25687 25669 25672 25633 25568 25547 25584 25717 25860 25930 26070 25871 25651 25778 25915 26092 26082 26110 26116 26151 26103 26308 26565 27021 26726 26473 27112
31073 30599 30843 31320 32196 32485 32741 33134 33712 33716 33917 34250 33827 33045 33231 34253 34338 34607 35582 36265 36327 35634 34173 35187 35503 35641 35221 34202 33277 32758 31519 30495 30410 30413 30056 30031 30021 29737 28987 28111 27125 26812 26654 26586 26779 26684 26260 26439 26336 26126 25698 25655 25666 25631 25582 25585 25553 25799 26133 26047 26010 25873 25321 25310 25949 26308 25877 25741 26058 26103 26148 26250 26432 27152 26826 26350 26670
31155 30834 30925 31402 31977 32208 32425 32600 32913 32782 32466 32787 32567 32323 33435 33855 34007 34405 35179 35423 35435 35480 35558 35533 35687 35763 35448 34791 34043 33551 32043 31118 30420 30353 30300 30128 29708 29325 28752 27693 27084 27159 27339 26718 26899 26999 26517 26446 26268 26134 25735 25631 25634 25623 25574 25572 25539 25747 26030 26008 26054 26081 25709 25209 26219 26257 26189 26194 26151 26182 26187 26274 26417 26761 26811 26061 26797
30839 30808 30885 31093 31216 31731 32289 32469 32402 31936 31527 31711 31588 32490 32715 33098 33809 34320 34909 35012 34714 34862 35227 35351 35790 35859 35504 35265 34760 33760 32321 31100 30821 30361 30314 30166 29612 29186 28403 27375 27154 27070 27041 26762 26655 26580 26221 26052 25805 25714 25640 25633 25634 25614 25570 25559 25534 25520 25547 25532 25863 25969 25986 25563 25945 26240 26470 26278 26237 26265 26306 26280 26290 26570 26812 26812 26674
31349 30707 30363 30921 31101 31518 32137 32318 32295 32087 31422 31174 31581 32286 32090 32875 33362 33839 34452 34485 34231 34061 34521 35512 36033 35808 35364 34751 34292 33415 32364 31624 31256 30669 30310 30138 29586 29154 28375 27388 27293 27117 27013 26915 26412 26251 25953 25886 25840 25750 25623 25635 25648 25637 25574 25556 25492 25499 25483 25687 25691 26065 26013 25450 25600 26149 26343 26452 26511 26685 26721 26722 26347 26561 26673 26780 26761
31440 31097 30207 30666 30758 32123 32324 32257 32203 32123 31361 31174 31214 31712 31694 32740 33276 33646 33713 33990 33802 33764 34444 35350 35810 35396 34458 33940 33505 32968 33040 33089 32807 31104 30428 30139 29460 28484 27959 27511 27434 27303 27156 26901 26387 26166 25963 25900 26056 26090 25645 25642 25658 25651 25596 25564 25529 25445 25508 25665 25696 26164 26198 25886 25538 26156 26258 26435 26901 27322 27405 27446 27102 26685 26690 26891 26797
31598 31119 30864 30889 30914 32484 32624 32485 31973 31483 31206 31100 31039 31514 31740 32364 32915 32937 33806 34024 33174 33253 34266 34864 35025 34819 34333 33723 33125 34090 34473 34101 33913 32746 31154 30600 30180 28835 28143 27791 27925 27884 27728 27326 26426 26143 26144 25944 25815 25675 25681 25684 25722 25696 25602 25562 25500 25434 25416 25468 25678 25995 26029 25873 25870 26258 26564 26800 26826 26192 26585 27542 27555 27176 26503 26651 26470
31310 30725 30862 30939 31246 31951 31558 31938 32051 31269 31019 31030 31084 31354 31474 31642 32536 32972 33360 33396 31599 31488 33556 34870 35321 35121 34619 34111 34004 34592 34910 34801 34291 33557 32087 31343 30558 29657 29200 28224 27975 27925 27637 27379 26526 26480 26664 26626 25793 25696 25714 25718 25762 25597 25504 25548 25456 25432 25410 25452 25673 25087 25652 25725 25855 26200 26636 26450 24826 23499 23864 25326 27325 27293 26132 26126 26207
30748 30405 30361 30652 31532 31761 29693 30574 31672 31002 30896 31118 31347 31441 31355 31315 31951 32672 33183 32555 31073 31182 33040 34853 35059 34920 34580 34158 33925 34286 35131 35153 34534 33961 33429 31917 30585 29793 29117 28529 28292 27957 27646 27375 27367 27054 27044 27079 26262 25730 25736 25727 25734 25771 25727 25625 25539 25449 25402 25513 25634 25671 25635 25634 25702 26126 26666 25573 23229 23006 23001 23417 25520 26843 26082 25741 25975
30305 30226 30273 30723 31607 31845 31333 31270 31246 30723 30822 31320 31882 31727 31549 31625 31573 31954 32075 31989 31759 32325 33404 33979 34228 34178 34415 34196 33194 33684 35199 35174 34498 34000 33915 33257 31735 30220 29280 28498 28363 28997 29022 28637 28582 27367 26567 26736 26329 25746 25768 25770 25722 25723 25720 25661 25618 25472 25460 25526 25666 25724 25650 25560 25699 26016 26513 25678 23424 23027 23040 23234 24303 25935 25721 25947 26003
30065 30355 30564 31048 31639 31867 31707 31230 30423 30538 30537 31328 31564 30267 30424 31657 31716 31780 31933 32349 33108 33548 33502 33432 33881 34234 34219 33853 34110 33817 34199 34334 34209 34161 34415 34454 33434 32240 30953 29200 29063 29654 29751 29483 28907 27620 26153 26047 25936 25813 25773 25763 25749 25780 25789 25742 25683 25561 25447 25439 25477 25594 25560 25554 25645 25911 26424 26470 25454 24206 24816 26041 26185 25781 25629 25952 26026
29507 29511 30206 30690 30833 31049 31034 30637 30571 30461 30923 31100 30343 27679 28094 30215 31772 31797 31922 32657 33342 33737 33484 33738 33424 32751 34405 34327 34314 34183 33778 33805 33983 34143 34393 34421 33931 33435 31987 30642 30135 30829 30478 29371 28543 27200 26138 25958 25866 25853 25797 25793 25808 25804 25849 25794 25607 25531 25484 25615 25529 25456 25448 25577 25571 25756 26302 26532 26605 26715 26992 27077 26679 25791 25637 25863 25961
29043 29055 29793 30208 30232 30579 30816 30848 30684 30602 30826 31158 31259 30115 29658 31152 31342 31467 31837 32886 33510 33941 33791 33449 32500 33396 34243 34310 34076 33849 33698 33710 33692 33889 34064 33921 33793 33451 32298 32067 31219 30950 30383 29363 28628 27724 26168 25986 25891 25825 25797 25799 25803 25831 25851 25808 25770 25747 25600 25607 25646 25523 25498 25433 25509 25639 25842 26025 26289 26576 26798 26756 26284 25828 25843 25718 25642
28728 29110 29873 30235 30257 30196 30726 30755 30691 30735 31039 30848 31318 31259 31061 31133 31109 31246 31659 32649 33138 33424 33463 33398 33292 33714 34097 34234 34214 33673 33697 33094 33678 34046 33977 34145 34252 34072 33203 32571 31495 30794 29437 28896 29079 28763 26715 26154 26062 25820 25764 25765 25808 25849 25818 25799 25803 25753 25750 25772 25688 25588 25507 25525 25499 25724 25741 25714 25846 25886 26066 26115 25991 25414 24954 25460 25513
28662 29106 29711 30033 30239 30180 30255 30346 30535 30762 31099 31150 30977 31080 30924 30946 31149 31107 31585 31630 31954 32154 32351 32576 33245 33386 33603 33939 34423 34216 33740 33591 33774 34045 33833 34143 34633 34728 34168 33540 31903 29809 27552 28014 29774 29625 27447 26282 26147 25970 25736 25705 25780 25830 25768 25782 25808 25691 25638 25716 25837 25888 25828 25741 25923 26029 25400 25590 25569 25486 25650 25725 25754 25713 25604 25656 25455
28697 28754 29470 29788 29882 30135 30251 30394 30544 30651 30854 31081 31137 31073 30987 30912 30973 31097 31475 31601 31755 31900 32574 33000 33470 33469 33324 33564 34155 34246 33738 33499 33589 34091 32954 31519 32704 34624 34596 34088 33536 31127 29503 30600 31129 29958 28230 26639 26315 26142 25899 25706 25647 25737 25645 25682 25703 25822 25992 26146 26261 25930 25988 26145 26163 26106 25639 25540 25455 25415 25349 25590 25751 25824 25702 25483 25498
28850 28630 29085 29446 29560 30123 30377 30541 30716 30831 30916 31188 31182 31217 31043 30932 30891 31112 31472 31623 31719 32287 32630 32922 33431 33512 33407 33800 33955 33922 33923 33911 33625 34150 34309 32022 30923 33827 34403 34094 33870 32484 30934 32010 31848 30175 29066 27979 27356 27190 26643 25969 25780 25647 25619 25597 25645 25864 26373 26471 26536 26419 26220 26080 26139 25955 25732 25652 25628 25781 25576 25724 25823 25839 25792 25933 25547
28750 29121 29222 29218 29547 30121 30389 30515 30775 31032 30810 30792 30687 31180 31223 30959 30929 31001 31298 31426 31584 32308 32723 32935 33635 33681 33642 33868 34012 33987 34016 33999 33737 33989 34335 34006 32344 33981 34191 33864 33423 32472 30436 31889 31819 30475 29329 28908 28598 28142 27691 26394 25884 25804 25832 26040 25993 25804 26083 25711 24484 25977 26418 26111 25923 25816 25617 25585 25807 25807 25664 25805 25789 25821 25913 25982 25704
29076 29424 29490 29387 29578 29975 30346 30530 30505 31016 30300 29460 29307 30035 31307 31071 31000 31024 31153 31521 31912 32513 32993 33179 33796 33936 33988 34166 34409 34314 34528 34135 34501 34558 34380 34382 34103 33911 33616 33009 32850 33101 31962 31574 31521 30714 29603 28949 28694 28847 28484 27192 26499 26758 26419 26304 26240 26411 26126 24022 22532 24007 26375 26393 25931 25741 25681 25658 25599 25855 25737 25998 26399 26605 26447 26535 26332
29171 29373 29578 29569 29801 30081 30395 30436 30803 31208 30556 29355 29326 30103 31469 31201 31101 31089 31262 31551 31920 32500 33000 33144 33873 33962 33957 33961 34256 34557 34626 34170 35332 35306 35044 34715 34131 33518 33467 33154 33027 33102 33044 32729 31723 31290 30541 29666 28910 28480 28027 27442 27627 27721 27219 26768 26373 26636 26694 25044 24282 24537 26453 26379 25834 25805 25788 25425 24968 25925 26582 27165 27102 26250 25925 26746 27066
28820 29278 29631 29982 30394 30397 30443 30648 30828 31229 31237 31081 30703 31613 31620 31369 31328 31301 31491 31578 31698 32258 32805 33070 33720 33799 33420 33462 34099 34181 34160 33761 34490 34767 35034 34920 34386 34789 34522 33951 33262 33035 32989 32696 32228 31593 31301 30916 30496 29296 27795 27473 27483 27553 27459 26904 26811 27004 26811 26491 26291 26780 26843 26321 25608 25589 25112 25373 26078 26897 27135 27023 26096 24699 23441 25056 26914
29097 29376 29518 30135 30721 30777 30619 30711 30719 30737 31386 31788 31926 31643 31598 31382 31829 31557 31512 31544 31774 31952 32325 32740 32965 32950 33224 33494 33661 33772 33196 32401 32318 32834 33500 33601 34485 35194 34990 34392 33619 33168 32962 32647 32247 31666 31329 31011 30877 29809 28303 27591 27474 27469 27414 27033 27110 27145 26789 26817 27109 26909 26773 25851 25898 25686 25588 25987 26581 26908 26931 25978 24187 22781 22351 23573 25771
29582 29998 30170 30205 31107 31376 31144 30883 30944 31085 31521 31883 32096 32058 32143 32048 31875 31803 31810 31699 31799 31689 31817 32143 32484 32698 33220 33282 33073 32093 31086 30992 30855 31134 32076 32351 33779 35313 35288 34924 34122 33670 33169 32882 32129 31648 31173 30724 30752 29847 28717 27755 27712 27615 27217 27042 27051 27064 26916 27153 26787 26201 26152 26227 25889 25783 25690 25982 26263 25009 23915 23645 23135 21721 21636 22777 25229
29695 29980 30086 30323 31433 31657 31223 31052 31195 31371 31463 31965 32890 33199 33104 32673 32366 32353 31902 31339 31692 31912 31864 32291 32458 33065 33203 32761 31264 29962 29463 29537 29588 29670 30604 31541 32372 33990 34971 34777 34154 33794 33311 32984 32462 31876 31180 30622 30467 29743 28593 29133 29280 28288 27396 26930 26963 26947 27221 27784 27906 27652 27310 26936 26326 25870 25654 25949 26203 23915 22501 23078 22955 22189 23273 24485 26310
29537 29978 30273 30659 31697 31606 31218 31411 31711 31741 31707 32690 33572 33703 33418 33007 33056 32979 32958 32039 31955 32094 31925 32157 32533 33285 33176 31722 29912 29395 28759 28520 28223 28320 28900 29958 30865 32285 34074 34381 34182 33769 32780 32396 32669 32349 31167 30580 30380 29643 29623 30371 30333 29255 27806 26929 26857 26974 27189 28219 29211 29078 28426 27576 27319 26892 26420 26131 26105 26296 25543 25318 24295 24143 25216 25260 26608
