Alternative/Moon/Lvl0_30x30/Ele_CD.asc
ncols         335
nrows         335
xllcorner     -9992508.343
yllcorner     -27166.958
cellsize      10000
nodata_value  -9999.0
[rows 204 to 237 of 335, columns 231 to 307 of 335]
17063 17165 16738 17135 16904 16787 16700 16639 16591 16591 16877 17145 16723 15798 15725 15816 17228 17331 16685 16530 16514 16512 16505 16507 16534 16525 16523 16538 16549 16568 16630 16565 16533 16507 16492 16444 16394 16340 16286 16283 16272 16274 16251 16248 16245 16252 16261 16267 16262 16274 16289 16300 16299 16330 16373 16354 16386 16443 16511 16557 16571 16581 16598 16708 17150 17558 17472 17546 17320 16761 16621 16569 16520 16483 16467 16457 16444
17032 17148 17148 17021 16901 16786 16693 16643 16624 16606 16642 17231 17378 15940 15730 15722 16417 17339 16701 16578 16551 16557 16555 16553 16570 16569 16558 16570 16565 16594 16597 16591 16581 16560 16540 16512 16436 16366 16290 16290 16278 16279 16277 16273 16279 16263 16260 16261 16261 16277 16291 16309 16305 16291 16371 16369 16360 16385 16470 16538 16563 16579 16603 16631 16676 16834 16869 16843 16828 16695 16604 16559 16545 16491 16480 16469 16461
17032 17016 16964 16882 16895 16773 16689 16624 16602 16666 16678 17335 17737 17628 16403 15929 16816 17145 16538 16554 16573 16573 16597 16598 16621 16610 16588 16595 16590 16598 16608 16608 16608 16600 16581 16550 16507 16419 16335 16301 16301 16290 16288 16280 16283 16266 16274 16275 16270 16285 16305 16311 16310 16300 16400 16458 16364 16373 16440 16517 16551 16589 16600 16606 16619 16633 16645 16671 16704 16664 16599 16565 16541 16515 16482 16480 16469
16955 16913 16868 17095 17059 16790 16825 16941 16719 16720 16949 17052 17609 17869 17834 17285 17077 16955 16528 16549 16572 16587 16600 16624 16629 16614 16607 16608 16618 16615 16628 16622 16623 16627 16626 16595 16542 16483 16368 16323 16317 16300 16306 16299 16287 16278 16277 16278 16284 16296 16311 16315 16315 16315 16363 16479 16459 16391 16424 16486 16549 16585 16600 16623 16621 16585 16591 16596 16598 16591 16615 16550 16514 16521 16479 16470 16467
17312 17272 17149 16855 16775 16731 16817 16774 16764 16619 16942 17002 16922 17140 17421 17178 16942 16528 16523 16544 16565 16579 16624 16646 16645 16614 16629 16626 16626 16631 16641 16638 16630 16647 16649 16643 16604 16524 16435 16372 16339 16320 16309 16307 16307 16304 16300 16290 16296 16302 16319 16331 16335 16342 16339 16480 16480 16426 16426 16461 16505 16545 16591 16636 16655 16631 16587 16582 16591 16541 16556 16546 16531 16498 16485 16449 16467
17293 17209 16950 16741 16736 16700 16677 16594 16585 16755 16929 17094 16851 16925 16616 16687 16519 16519 16525 16556 16560 16585 16633 16645 16647 16628 16636 16628 16634 16641 16647 16644 16647 16652 16669 16663 16643 16601 16511 16423 16367 16360 16333 16317 16321 16323 16327 16311 16306 16309 16318 16341 16341 16351 16367 16364 16497 16538 16438 16448 16497 16515 16558 16638 16664 16657 16632 16618 16624 16574 16548 16619 16609 16522 16487 16467 16462
17183 16954 16855 16757 16700 16673 16628 16590 16574 16665 16983 17079 16816 17180 16510 16522 16511 16507 16517 16544 16538 16578 16604 16629 16612 16641 16639 16640 16642 16667 16662 16649 16651 16655 16664 16686 16678 16661 16595 16505 16436 16387 16358 16328 16340 16340 16332 16326 16318 16320 16329 16345 16357 16374 16385 16386 16371 16583 16545 16464 16498 16501 16539 16612 16676 16724 16728 16758 16782 16770 16674 16576 16636 16568 16533 16509 16517
17045 17281 16818 16767 16693 16643 16600 16562 16546 16638 16934 16964 17055 16823 16515 16529 16501 16499 16512 16537 16569 16560 16578 16579 16713 16712 16644 16667 16673 16667 16663 16656 16661 16653 16643 16683 16692 16704 16638 16581 16514 16446 16396 16358 16351 16351 16348 16338 16330 16336 16333 16348 16356 16374 16384 16387 16375 16526 16547 16458 16467 16500 16516 16600 16655 16768 16917 16898 16998 16961 16790 16689 16642 16605 16571 16559 16539
18286 17160 16763 16708 16677 16618 16566 16536 16515 16770 16748 17041 17131 16675 16496 16502 16509 16505 16541 16682 16600 16586 16536 16564 16578 16603 16666 16701 16693 16738 16744 16683 16655 16650 16637 16633 16634 16686 16691 16645 16592 16519 16465 16452 16417 16387 16369 16352 16351 16366 16379 16352 16370 16370 16380 16380 16376 16368 16551 16558 16503 16496 16527 16606 16696 16868 17260 17632 17662 17731 17679 17001 16836 16612 16610 16596 16564
18054 16910 16742 16709 16669 16620 16584 16527 16486 16650 17163 17069 17152 16735 16652 16530 16507 16503 16522 16540 16502 16506 16520 16553 16548 16589 16663 16685 16751 16724 16713 16660 16642 16634 16634 16633 16625 16631 16666 16684 16684 16619 16590 16537 16521 16470 16417 16399 16397 16396 16388 16367 16359 16370 16369 16371 16377 16378 16365 16533 16601 16586 16537 16626 16736 17062 17709 17677 17292 17168 17728 17422 16990 16759 16674 16638 16601
17324 17102 16751 16703 16672 16635 16564 16586 16566 16573 17364 16998 16709 16578 16531 16524 16508 16501 16492 16499 16506 16517 16535 16575 16580 16576 16613 16710 16736 16748 16668 16661 16632 16637 16632 16631 16627 16628 16636 16672 16694 16673 16652 16639 16589 16548 16469 16438 16424 16426 16399 16384 16384 16379 16377 16370 16372 16383 16382 16434 16543 16661 16624 16617 16760 17320 17863 16058 14481 14085 16108 17534 17298 16841 16688 16640 16617
17743 17718 17354 16749 16664 16611 16725 16751 16749 16687 17125 16970 16613 16551 16543 16526 16537 16514 16514 16506 16540 16523 16537 16563 16578 16615 16626 16720 16750 16798 16667 16654 16665 16640 16632 16724 16628 16637 16658 16663 16664 16650 16642 16641 16601 16592 16494 16471 16436 16421 16411 16395 16393 16401 16377 16370 16372 16372 16384 16391 16400 16631 16637 16624 16774 17392 17833 15191 14177 13645 15175 17743 17464 16843 16647 16625 16604
17823 17974 18202 18221 17622 17185 17287 16954 16931 16943 17108 16974 16628 16542 16540 16539 16540 16533 16553 16525 16524 16531 16537 16557 16576 16603 16639 16648 16687 16702 16655 16649 16644 16645 16638 16666 16652 16656 16720 16734 16667 16666 16687 16653 16619 16596 16531 16484 16447 16426 16420 16407 16427 16399 16375 16363 16366 16373 16385 16402 16423 16495 16608 16623 16775 17333 17668 15265 14569 14632 15510 17712 17441 16809 16647 16590 16590
17134 17984 18575 18676 18673 17815 17471 17013 16943 16953 16879 16659 16748 16598 16540 16603 16542 16531 16535 16541 16528 16535 16555 16562 16578 16592 16605 16620 16647 16645 16658 16652 16647 16642 16646 16639 16647 16656 16781 16761 16714 16667 16704 16671 16659 16638 16596 16518 16472 16434 16417 16410 16403 16390 16375 16374 16379 16373 16380 16398 16424 16460 16527 16590 16639 17046 17346 16546 15627 15982 17281 17396 17325 16782 16629 16590 16581
17220 17688 17437 18125 18172 18080 17788 16948 16884 16676 16712 16939 16801 16771 16598 16848 17046 16986 16678 16530 16530 16540 16556 16571 16581 16594 16601 16621 16628 16642 16660 16660 16655 16649 16649 16646 16653 16652 16702 16736 16681 16722 16679 16670 16661 16661 16647 16586 16504 16445 16442 16444 16434 16409 16395 16384 16383 16385 16388 16385 16398 16417 16448 16533 16609 16731 17151 17227 17376 17590 17582 17323 17057 16795 16636 16594 16592
17707 18077 17967 17668 17732 17674 17260 17140 16975 16849 16784 16893 16739 16734 16724 16957 16993 17041 16741 16573 16532 16542 16553 16577 16574 16580 16597 16612 16623 16635 16654 16659 16660 16651 16652 16649 16656 16661 16694 16728 16694 16728 16725 16684 16669 16664 16663 16618 16540 16458 16448 16457 16446 16411 16405 16408 16394 16389 16396 16389 16383 16401 16414 16489 16505 16562 16774 16958 17111 17215 17153 16999 16886 16795 16640 16606 16605
17732 18040 18196 18039 18108 17795 17609 17155 17075 17006 16900 16697 16680 16566 16806 17082 16238 16853 16678 16536 16549 16544 16549 16562 16574 16579 16599 16602 16618 16634 16647 16663 16664 16649 16651 16648 16655 16654 16658 16664 16684 16716 16676 16711 16681 16654 16664 16655 16589 16506 16472 16493 16465 16436 16469 16422 16409 16407 16392 16406 16407 16399 16402 16417 16446 16476 16565 16658 16714 16755 16765 16764 16750 16712 16673 16614 16626
17571 17922 18452 18242 18124 17689 17320 17126 16995 16826 16773 16690 16570 16543 16652 16732 16799 16758 16588 16627 16597 16542 16552 16567 16573 16583 16593 16613 16625 16647 16668 16760 16800 16703 16656 16656 16659 16661 16667 16671 16672 16704 16692 16706 16694 16666 16673 16659 16638 16577 16495 16538 16475 16507 16468 16460 16428 16419 16415 16405 16400 16401 16405 16416 16415 16461 16488 16507 16504 16653 16711 16741 16767 16694 16668 16619 16610
17239 17594 18242 18216 18113 17658 17170 17360 17252 16833 16696 16674 16547 16691 16749 16554 16634 16613 16663 16703 16741 16571 16557 16569 16578 16597 16602 16614 16628 16661 16675 16765 16792 16699 16659 16660 16661 16660 16670 16671 16720 16765 16709 16755 16703 16676 16705 16694 16695 16614 16544 16523 16513 16489 16489 16475 16443 16432 16418 16413 16414 16417 16430 16437 16438 16452 16458 16475 16474 16560 16641 16743 16720 16675 16655 16628 16607
17142 17210 17711 18142 18004 17513 16943 17079 16977 16741 16918 16983 17010 16827 16898 16563 16543 16548 16694 16733 16741 16577 16558 16572 16578 16603 16607 16614 16623 16660 16668 16669 16668 16669 16664 16665 16670 16675 16685 16686 16854 16871 16785 16718 16702 16676 16707 16740 16709 16752 16663 16547 16489 16486 16479 16466 16469 16466 16440 16425 16431 16439 16436 16450 16461 16471 16469 16479 16488 16486 16602 16635 16660 16671 16664 16638 16610
16769 17198 17702 17674 17346 17266 17284 17810 17588 16608 16788 16907 17104 17199 16921 16784 16608 16815 17017 16711 16579 16551 16566 16582 16579 16612 16618 16606 16624 16660 16661 16671 16669 16674 16677 16681 16671 16711 16684 16681 16742 16728 16695 16683 16683 16679 16675 16731 16761 16875 16735 16639 16597 16534 16512 16509 16497 16492 16475 16449 16446 16449 16453 16470 16464 16476 16492 16496 16490 16501 16648 16616 16607 16634 16668 16660 16632
16732 16887 17195 17457 17497 17343 17257 17104 16758 16545 16695 16898 17156 17218 16942 16737 16555 16595 16728 16684 16562 16566 16586 16597 16582 16603 16603 16600 16628 16663 16660 16667 16663 16679 16679 16678 16669 16682 16681 16678 16695 16697 16680 16684 16689 16692 16691 16703 16768 16760 16783 16732 16698 16668 16594 16547 16530 16526 16506 16494 16478 16460 16464 16466 16469 16477 16505 16509 16520 16510 16576 16678 16675 16623 16636 16642 16634
16756 16794 17057 17104 17065 16850 16657 16727 16687 16579 16624 16774 17146 17116 16851 16574 16570 16855 16776 16557 16559 16566 16586 16598 16592 16600 16603 16605 16621 16668 16661 16666 16696 16698 16694 16685 16666 16671 16663 16675 16691 16669 16673 16681 16687 16699 16699 16696 16686 16706 16785 16766 16751 16729 16690 16607 16570 16540 16537 16522 16513 16506 16489 16490 16494 16486 16506 16532 16538 16525 16528 16646 16731 16655 16621 16620 16613
16781 16785 16889 16942 16989 16613 16588 16818 16775 17407 17216 16830 17094 17111 16852 16585 17029 17303 16667 16580 16569 16573 16581 16607 16611 16611 16627 16632 16641 16653 16657 16662 16692 16682 16698 16697 16675 16675 16670 16692 16686 16672 16675 16678 16682 16695 16709 16715 16712 16709 16709 16738 16741 16762 16761 16688 16626 16588 16576 16579 16579 16579 16554 16543 16547 16537 16534 16556 16565 16551 16541 16609 16752 16714 16616 16613 16620
16918 16895 16881 16915 16894 16659 16609 16717 17566 17735 17806 17393 17148 16729 16788 16957 16810 16746 16665 16626 16582 16590 16588 16605 16629 16803 16742 16660 16649 16671 16664 16663 16673 16681 16698 16865 16717 16681 16658 16681 16677 16670 16673 16676 16699 16687 16700 16711 16716 16726 16740 16740 16712 16772 16783 16753 16723 16663 16633 16636 16643 16644 16618 16586 16577 16586 16578 16581 16584 16567 16558 16685 16789 16696 16640 16633 16623
17398 17114 17011 16928 16715 16686 16629 16642 17414 17672 17680 17454 17261 17107 16942 16881 16759 16763 16767 16786 16610 16591 16672 16766 16687 16586 16926 16734 16676 16673 16666 16673 16671 16681 16700 16735 16687 16675 16655 16662 16666 16668 16669 16679 16687 16696 16704 16711 16718 16728 16738 16742 16713 16719 16794 16774 16815 16790 16705 16661 16662 16666 16651 16627 16615 16624 16629 16628 16608 16594 16570 16572 16685 16659 16652 16646 16643
17267 17126 17017 16780 16727 16687 16650 16620 16661 16806 17395 17460 17472 17093 17057 16900 16775 16858 16921 16777 16601 16588 16710 16775 16684 16831 16957 16728 16697 16680 16666 16662 16671 16712 16790 16707 16703 16681 16655 16661 16667 16670 16671 16682 16679 16691 16711 16712 16717 16723 16722 16715 16718 16720 16719 16780 16827 16832 16761 16653 16648 16652 16651 16645 16633 16634 16670 16652 16617 16600 16574 16557 16678 16678 16695 16714 16644
16891 16867 16801 16770 16744 16706 16771 16908 16814 16752 16773 17274 17332 16652 16714 16828 17164 17321 16954 17118 16906 16660 16640 16592 16621 16683 16716 16701 16760 16770 16678 16863 16860 16702 16754 16721 16708 16701 16688 16669 16669 16670 16681 16685 16689 16707 16720 16716 16723 16725 16723 16726 16721 16724 16718 16759 16833 16856 16801 16653 16629 16631 16647 16647 16636 16623 16634 16638 16636 16621 16589 16576 16581 16679 16686 16780 16720
17224 16798 16759 16771 16744 17007 17110 17011 16988 16732 16674 16675 16767 16690 16903 17068 17522 17586 17365 17150 16931 16591 16591 16594 16600 16623 16651 16774 16810 17015 16868 16964 17068 16775 16721 16776 17016 16704 16698 16683 16675 16681 16684 16682 16689 16707 16705 16713 16727 16726 16723 16732 16727 16714 16723 16710 16748 16874 16845 16701 16628 16627 16633 16638 16637 16645 16654 16659 16659 16642 16625 16613 16615 16616 16622 16767 16784
17245 16915 17184 17327 17015 17131 17323 16998 16784 16695 16632 16606 16601 16764 16964 17026 17174 17102 17216 17127 17005 16723 16627 16613 16632 16642 16645 16837 16927 17224 17347 17332 17190 16879 16886 16771 16856 16718 16697 16688 16687 16689 16701 16703 16708 16705 16710 16715 16717 16728 16723 16714 16709 16700 16696 16704 16700 16885 16878 16749 16626 16622 16628 16637 16636 16683 16663 16663 16678 16664 16663 16646 16691 16640 16620 16761 16828
17092 17061 17293 17310 17121 17540 17198 17027 16753 16707 17109 16624 16599 16791 17103 17191 17058 17162 17129 16959 17004 16886 16619 16615 16629 16659 16739 16922 17433 17513 17403 17235 17040 16930 16882 16742 16730 16740 16711 16705 16690 16699 16718 16709 16727 16727 16719 16718 16715 16712 16720 16714 16700 16686 16678 16685 16692 16782 16865 16816 16752 16624 16631 16635 16634 16676 16646 16654 16662 16700 16702 16694 16682 16631 16609 16728 16780
16804 17110 17116 17192 16958 17426 17085 16850 16768 16706 16736 16639 16585 16577 16954 17115 17223 17377 17117 16940 16902 16772 16647 16629 16632 16836 17107 17483 17939 17683 17308 17089 16933 16848 16755 16781 16731 17079 16788 16712 16706 16723 16737 16721 16723 16726 16735 16724 16714 16715 16712 16704 16690 16681 16669 16659 16679 16703 16746 16830 16816 16621 16620 16620 16626 16628 16636 16661 16726 16726 16681 16698 16693 16689 16621 16617 16700
16900 16703 16774 16989 17089 16917 16882 17086 17073 16782 16976 16956 16684 16541 16718 17358 17387 17211 17197 16974 16919 16707 16676 16640 16638 17051 17193 17848 17915 17868 17320 17025 16952 16755 16774 16758 16748 16735 16732 16725 16804 16770 16759 16761 16735 16733 16739 16739 16719 16704 16698 16693 16682 16667 16648 16650 16667 16688 16696 16771 16782 16653 16614 16623 16633 16626 16631 16661 16723 16754 16647 16634 16639 16622 16624 16632 16618
17008 16748 16805 16834 16919 16856 17089 16984 17105 16919 17150 16837 16572 16488 16767 17366 17374 17184 16912 16892 16886 16749 16686 16635 16665 16981 17421 17901 18002 17730 17299 17043 16929 16796 16844 16821 16774 16774 16914 16896 16903 16862 16829 16863 16831 16805 16801 16744 16729 16723 16710 16693 16683 16674 16645 16635 16639 16668 16684 16743 16748 16666 16605 16622 16631 16639 16620 16630 16650 16657 16647 16636 16625 16615 16585 16590 16609
