Alternative/Moon/Lvl0_30x30/Ele_DH.asc
ncols         335
nrows         335
xllcorner     3407491.657
yllcorner     -3377166.958
cellsize      10000
nodata_value  -9999.0
[rows 170 to 203 of 335, columns 154 to 230 of 335]
19425 20082 20128 19410 19011 18323 16790 16031 16151 15993 15954 15800 15653 15482 15388 15346 15307 15444 15451 15456 15427 15398 15321 15256 15406 16390 17134 17966 19202 19534 19816 19879 20365 22230 22313 22488 22852 22516 22162 21660 21050 20320 20268 20288 20233 20154 20123 20329 21077 21104 20415 20434 20335 20598 19559 20097 20245 19957 20290 20721 21045 20869 19649 19347 18977 18994 19171 20646 21508 21394 20879 20350 20109 20280 20443 20556 20805
19382 20330 20859 20388 19244 18832 17592 16205 16163 16001 15986 15838 15603 15511 15435 15383 15408 15458 15482 15469 15442 15524 15658 16108 16491 16381 17578 18615 19570 20059 20067 20167 20833 22711 22672 22406 22386 22373 22004 21188 21071 20853 20411 20250 20207 20209 20688 21035 21085 21074 21111 20593 20398 20471 20251 20249 20023 19815 19937 20145 20450 20741 20977 20923 20468 20574 21285 21460 21445 20766 20208 19806 20044 20113 20090 20412 20342
18882 20575 21398 21325 20206 19050 17904 16291 16065 15915 15882 15881 15588 15513 15462 15433 15432 15467 15499 15588 15709 15798 16030 16723 16589 17293 18277 19142 19758 20258 20585 20592 21793 22805 22746 22411 21920 21577 21390 21292 21021 20564 20315 20430 20624 20688 20905 20967 21051 21211 21256 21018 20603 20283 20066 20047 19746 19697 19723 19854 19947 20301 20554 20923 21125 21162 21180 21002 20507 20024 19620 19571 19845 19835 19816 20256 20258
18636 20188 21006 21157 21233 19767 18149 16656 15938 15757 16010 15974 15928 15573 15482 15461 15477 15640 15627 15700 16205 16212 15901 17107 17331 18534 18962 19798 20460 20876 20944 20781 22225 22748 22526 22244 21896 21590 21381 21145 20835 20516 20355 20649 20866 20778 20629 20509 20941 20944 21061 20941 20407 20131 19809 19744 19702 19661 19612 19613 19711 19886 20033 20106 20478 20536 20374 19927 19869 19643 19382 19427 19617 19764 19781 20057 20019
18414 19741 20526 21092 21186 20350 19383 17834 17561 16681 16769 16744 16266 15684 15484 15453 15598 15817 15825 16385 16858 17132 17335 17396 17811 19069 20179 20734 21120 21037 20818 21500 22467 22614 22202 22104 21843 21631 21343 21114 20848 20607 20539 20545 20597 20420 20425 20517 20577 20575 20416 20198 19833 19748 19689 19613 19644 19631 19609 19599 19737 19741 19736 19859 20028 20007 19755 19590 19415 19328 19294 19371 19490 19771 19785 19784 19750
17732 18692 19512 20352 20410 20417 20453 19171 18651 18151 17837 17814 17006 16165 15697 15963 16666 16738 16492 16890 17661 17854 17929 18051 18388 20430 21471 21661 21500 21585 21531 22398 22556 22425 22033 22087 21847 21639 21579 21537 21133 20693 20599 20559 20392 20334 20307 20578 20894 20515 19874 19719 19677 19713 19697 19647 19629 19635 19635 19610 19715 19773 19664 19587 19558 19530 19444 19489 19269 19325 19221 19260 19282 19587 19674 19737 19737
17769 18632 19240 20083 20572 20245 20485 20491 20056 19329 18532 18693 18582 17698 17213 17448 17890 18214 18162 18189 18833 19004 18545 18633 19752 21342 22094 22438 22168 21865 22023 22372 22313 21864 21725 21722 21646 21664 21426 21451 20906 20944 20603 20533 20444 20354 20278 20614 21118 20822 19900 19706 19703 19711 19750 19794 19658 19670 19663 19614 19618 19631 19614 19554 19468 19417 19380 19351 19308 19221 19156 19229 19229 19475 19826 19775 19381
17663 18662 19273 19922 20277 20056 20581 20774 20886 20971 20742 19744 19184 18539 18106 18190 18596 18714 18998 19124 19622 20146 20104 20140 21561 22322 22286 22383 22245 22484 22324 22058 21911 21738 21610 21476 21962 21522 21234 21561 21545 21020 20875 20620 20649 20423 20747 21342 21376 20855 19909 19806 19762 19718 19826 19854 19686 19701 19673 19623 19612 19613 19595 19550 19516 19474 19446 19425 19376 19435 19271 19107 19113 19149 19522 19514 19213
17520 18449 18835 19195 19654 19785 20596 20516 20156 20935 20986 20011 19531 19442 18816 18981 19196 19931 20131 20215 20401 20747 20799 21191 22134 22589 22571 22496 22830 22734 22298 22139 21948 21920 21808 21380 21943 21758 21298 21249 21339 21153 20903 20650 20640 20539 20980 21477 21479 20933 20186 19973 19741 19931 19983 19741 19724 19734 19665 19636 19617 19607 19594 19560 19627 19715 19614 19531 19766 19669 19185 19037 19051 19004 19126 19149 19173
17284 17777 18405 19124 19172 20050 20165 18333 17779 19474 21187 20781 21636 20229 19999 20802 21117 21029 20938 21188 22087 22258 22393 23266 23658 23806 23945 23724 23058 22588 22188 22141 22100 22310 22274 21594 21681 21847 22004 21422 21010 20855 20826 20804 20747 20790 20850 21030 21157 21096 20662 20332 20227 20308 19915 19743 19719 19705 19658 19631 19597 19604 19603 19647 19791 19974 19923 19580 19725 19537 19121 18958 18922 18991 19098 19114 19138
17301 17476 18077 18613 18743 19942 19926 17928 17670 18544 20873 20942 20613 21107 21213 21763 22354 22471 22178 22602 23972 24393 24698 24960 24929 24393 24255 24103 23292 22432 22142 22059 22179 22213 22143 21555 21256 21418 21471 21112 20899 20846 20960 20904 20915 20875 20860 20713 21318 21317 20778 20615 20457 20235 19815 19829 19754 19686 19655 19630 19610 19601 19599 19671 19720 19719 19676 19506 19358 19225 19130 18926 18882 18875 19070 19172 19137
17304 17325 17491 18005 18367 19455 19713 18387 17749 18607 20351 20630 20519 21117 21284 21817 22360 22891 23307 23595 24079 24639 24754 24736 24399 24061 24182 24155 23804 22580 22013 21796 21888 21835 21576 21314 21210 21328 21327 21094 20965 20936 20787 20920 20970 21019 20991 21210 21432 21183 20839 20517 20255 19877 19814 19827 19798 19699 19658 19627 19618 19592 19577 19646 19701 19663 19540 19333 19148 19078 19026 18903 18911 18880 19119 19259 19099
17304 17288 17375 17736 18686 18897 19021 18877 18761 19475 19999 20646 21351 21857 21695 21466 22103 22861 23366 23614 23788 24564 24693 24342 23687 23755 23954 24160 23866 22964 22214 21604 21528 21465 21332 21126 21025 21050 20936 21114 20919 20814 20884 20952 20981 21165 21364 21649 21652 21508 21094 20544 20121 19887 19804 19775 19750 19673 19651 19619 19607 19583 19564 19613 19630 19574 19358 19180 19054 18958 18919 18925 18929 18905 19034 19072 19077
17296 17336 18057 18670 18778 19052 18769 18347 18818 19347 19660 20411 21190 22047 22067 22010 22755 22912 22849 23241 23498 23917 23894 23662 23537 23641 23623 23428 23088 22769 22214 21566 21392 21233 21192 21043 20874 20825 20718 20629 20636 20671 20760 20939 21265 21648 22012 22007 21745 21475 21333 20940 20560 20253 19832 19910 19766 19669 19622 19596 19583 19552 19524 19506 19480 19761 19493 19116 19026 18953 18939 18953 18956 18956 19020 19326 19098
17263 17688 18805 19363 19191 18889 18171 18237 18808 19096 19291 19275 20152 21604 21857 22036 22641 22789 22607 22508 23376 23838 23718 23247 23374 23465 22957 22056 21442 21838 21801 21448 21291 21412 21444 21304 20854 20784 20711 20523 20647 20816 20953 21166 21472 21981 21461 21643 21204 20832 20885 21104 21109 20604 20367 20449 19802 19673 19645 19608 19560 19547 19516 19509 19686 19804 19634 19144 19022 18990 18995 18986 18982 18917 18894 19111 19118
17239 17727 18252 18614 18509 17928 18151 18537 18860 19105 19195 19152 19343 20748 21040 20758 21791 22144 21807 21971 22788 22867 22866 22554 22561 22657 22040 21358 21141 21110 21220 21177 21110 21378 21408 21261 20815 20427 20451 20376 20652 20868 21424 21767 21887 21936 21098 20345 20188 20105 19862 20194 20627 20169 20432 20423 20091 19706 19660 19617 19560 19532 19514 19592 19716 19544 19315 19042 19059 19020 19003 18986 18952 18900 18880 18836 19117
17217 17654 17487 17577 17596 17897 18726 19210 19024 19048 19293 19355 19222 19979 19994 19961 21265 21638 21221 21389 21889 22079 21808 21558 21751 21939 21426 21039 20944 20856 20819 20691 20619 20771 20916 20786 20384 20136 20126 20471 20645 21187 21786 21865 21800 20870 19788 19364 19358 19387 19369 19265 19545 19595 19837 20218 20131 19974 19683 19675 19555 19535 19542 19530 19574 19363 19214 19280 19067 19026 18990 18942 18929 18883 18841 18790 19031
17206 17208 17199 17172 17444 18210 19640 20224 20084 19228 19235 19196 19503 19646 19636 19490 20176 20687 20916 21020 20952 20963 20862 20927 20922 20918 20986 20622 20598 20809 20804 20387 20065 20020 20039 19990 19900 19857 19940 20240 20771 21629 21714 21195 20268 19548 19454 19351 19225 19233 19244 19234 19237 19247 19594 19692 20023 20005 19736 19738 19528 19518 19510 19433 19516 18866 19048 19447 19050 19009 18964 18892 18877 18782 18770 18740 18741
17196 17204 17200 17202 17180 18246 19647 20102 20095 19379 18957 19042 19490 20624 20943 20400 19897 20547 20908 20893 20628 20483 20661 20601 20303 20336 20238 20150 20523 20781 20690 20208 19643 19577 19644 19712 19668 19598 19877 20282 21022 21802 21735 20116 19846 19559 19392 19285 19257 19231 19217 19204 19206 19215 19266 19437 20000 20159 19716 19484 19437 19530 19572 19572 19640 19013 19369 19272 19093 18999 18930 18891 18813 18717 18711 18696 18707
17211 17224 17231 17240 17208 17909 19214 19452 19378 18732 18766 18883 19706 21413 21773 20989 20389 20766 20987 20694 20502 20357 20485 20332 20197 20097 20081 19906 20003 20479 20483 20067 19572 19354 19403 19575 19597 19566 19970 20423 21342 21796 21347 19898 19627 19449 19364 19306 19302 19284 19264 19213 19204 19234 19203 19270 20152 20674 20233 19437 19427 19526 19695 19806 19859 19352 19367 19162 19012 19000 18930 18848 18796 18715 18682 18668 18698
17242 17232 17249 17262 17269 17280 17811 17981 18180 18772 19085 19276 20816 21998 22068 21341 20527 20953 21025 20629 20474 20145 20178 20154 20160 20090 20017 19923 19890 19940 20055 20156 19563 19065 19033 19153 19196 19576 19891 20613 21339 21200 20608 19737 19569 19440 19376 19342 19352 19295 19274 19219 19189 19233 19210 19227 20036 20673 20345 19470 19414 19519 19593 19855 19839 19524 19523 19221 18991 18911 18857 18797 18759 18694 18656 18640 18647
17503 17320 17286 17293 17226 17210 17198 17187 18152 18931 19102 20009 21963 22361 22183 21659 20998 21049 21041 20658 20250 20092 19993 20074 20057 20093 20038 19916 19860 19696 19814 20048 19503 19217 18846 18838 19107 19388 19858 20708 20832 20840 19919 19721 19578 19487 19425 19366 19343 19302 19255 19217 19186 19178 19221 19240 19978 20527 20293 19609 19416 19433 19578 19606 19668 19718 19643 19258 19040 18888 18836 18767 18758 18693 18665 18621 18659
18677 18358 17819 18010 17360 17251 17220 17228 17487 18390 18810 20320 22141 22280 22288 21881 21058 21014 21033 20732 20199 20010 19951 20006 20059 20010 20085 20048 19795 19649 19518 19464 19326 19112 18814 18772 18816 19338 20134 20538 20794 21084 20007 19765 19633 19534 19443 19391 19332 19291 19260 19227 19204 19198 19202 19277 19996 20207 19999 19595 19346 19370 19391 19362 19373 19688 19639 19312 18987 18879 18771 18721 18671 18648 18624 18585 18648
18585 18408 18462 18399 18484 18181 17447 17474 18310 18795 18733 19918 21316 22335 22328 21585 20885 20587 20722 20775 20366 20043 20026 20110 20142 20163 20177 20011 19852 19767 19564 19415 19259 18959 18813 18727 18769 19106 20022 20538 20551 21097 20123 19825 19690 19579 19485 19419 19358 19330 19282 19260 19422 19468 19404 19518 20291 20385 20090 19528 19333 19424 19478 19342 19309 19350 19191 19011 18892 18804 18766 18731 18719 18693 18632 18596 18578
18269 18936 19145 19239 19272 18969 18455 18117 19320 19661 19664 19964 21325 21940 21856 20974 20424 20608 20832 20756 20291 19981 20133 20184 20222 20253 20205 20094 19861 19787 19614 19423 19234 18916 18783 18691 18664 18976 19485 20301 20466 20850 20065 19903 19797 19615 19510 19433 19386 19347 19315 19330 19547 19487 19442 19879 20625 20670 20215 19513 19317 19483 19550 19635 19371 19142 19087 18938 18809 18760 18746 18726 18727 18706 18654 18576 18540
18518 19090 19726 20634 20728 19935 19474 18829 19900 20296 20224 20189 20969 21205 21191 20447 20793 21248 21040 21000 20081 20454 20643 20278 20279 20304 20374 20376 20311 19909 19641 19651 19278 19006 18759 18682 18648 18799 19158 19777 20374 20795 20514 20440 20083 19760 19592 19505 19412 19400 19346 19351 19574 19284 19627 20271 20903 20720 20162 19372 19167 19420 19473 19507 19268 19139 19043 18893 18769 18738 18754 18764 18741 18712 18663 18567 18510
18444 19178 19911 21032 21024 20474 20319 19857 20633 20970 20891 21080 21078 21067 20754 20286 20950 21323 21045 21059 20525 20657 20683 20579 20441 20480 20599 20361 20260 19811 19725 19547 19243 19005 18798 18676 18627 18662 19033 19687 20288 21005 21274 20735 20145 19939 19720 19730 19667 19501 19369 19324 19514 19589 19668 20470 20751 20218 19448 18943 19024 19069 19258 19085 19243 19246 19017 18866 18787 18756 18738 18757 18733 18703 18652 18531 18525
18313 19072 19655 20922 21028 21514 21288 21430 21052 20965 21042 21268 21224 21378 20535 20176 20319 20524 20743 20787 20298 20092 20120 20423 20569 20541 20441 20298 20115 19909 19828 19585 19179 18894 18892 18856 18544 18400 18470 19604 19939 20735 21500 21464 20577 20105 20074 19693 19716 19521 19401 19426 19412 19956 20674 20834 20522 19719 18859 18811 18883 18938 18953 18960 19159 19193 18975 18854 18789 18735 18735 18687 18670 18643 18582 18531 18523
18168 18964 19148 19716 20560 21538 21660 22053 21683 20802 20725 21338 21238 21281 19983 20309 21006 21147 21047 20750 19871 19770 19833 20128 20581 20437 19981 19503 19815 19855 19658 19182 18941 18850 18891 18875 18461 18387 18484 19217 19685 20374 21170 21757 21611 20734 20631 19778 19537 19454 19465 19734 20277 21004 21160 20743 19992 19137 18588 18544 18866 18908 18933 18952 18967 18959 18922 18846 18766 18755 18750 18679 18654 18609 18565 18616 18696
17770 17909 18028 18474 19765 21128 21548 21646 21115 20082 20046 21018 20987 22090 19734 20140 20707 20915 20954 20679 19756 19272 19453 19465 19693 19445 19009 18630 18829 18890 18794 18739 18625 18547 18631 18755 18367 18326 18468 18921 19323 20292 21014 21860 21900 21403 21357 21128 20572 19738 20493 21484 21578 21269 21055 20418 19378 18726 18594 18539 18628 18825 18885 18900 18908 18912 18865 18805 18737 18711 18687 18659 18623 18593 18576 18753 18650
19276 20035 20121 19717 19570 20323 20618 20313 19302 19016 19002 19819 20248 19920 19450 19311 19678 20547 20726 20330 19449 18684 18807 18903 18590 18358 18446 18276 18766 18902 18950 18907 18842 18758 18781 18742 18324 18334 18473 18727 18930 19612 20193 21007 21552 21621 21741 21656 21361 21433 21470 21597 21351 20690 20409 19581 18685 18642 18632 18562 18563 18671 18730 18785 18800 18811 18779 18759 18716 18692 18675 18642 18606 18581 18576 18736 18680
20740 22016 22163 21586 20509 19749 19415 18591 18112 18265 18064 18700 19014 19022 18798 18820 19220 19654 19743 19486 19191 18439 18490 18473 18212 17983 17960 18112 18902 18980 18974 18939 18981 18972 19201 19162 18798 18599 18582 18654 18754 18892 19896 20145 20434 20552 20929 20932 20925 21169 21178 20792 19976 19539 19110 18653 18700 18662 18622 18579 18569 18594 18620 18680 18701 18708 18714 18720 18703 18755 18706 18622 18596 18577 18563 18552 18590
21259 22662 22678 21928 20517 19173 18288 17839 17734 17842 17940 17798 18092 18397 18458 18964 18939 18609 18671 18753 18711 18504 18564 18641 18141 17973 17961 18086 18702 18793 18614 18875 19035 19098 19192 19110 18833 18843 18621 18582 18756 19180 19519 19589 19683 19635 19634 19599 20026 19836 19495 19155 18809 18621 18611 18603 18677 18640 18601 18575 18553 18553 18541 18602 18639 18660 18675 18685 18663 18648 18628 18599 18578 18536 18504 18492 18478
21447 22811 22859 21646 19686 18192 17809 17698 17774 17756 17712 17704 17995 18760 20061 17986 18796 18880 18336 18356 18203 18372 18646 18665 18389 18045 17962 18073 18341 18636 18940 19039 19129 19081 19319 19322 19233 18933 18745 18570 18660 18953 19011 19057 18911 18728 18698 18596 18578 18553 18569 18562 18614 18621 18590 18603 18605 18584 18564 18564 18544 18522 18534 18523 18562 18578 18620 18621 18613 18627 18595 18567 18545 18488 18460 18460 18464
