Alternative/Moon/Lvl0_30x30/Ele_CH.asc
ncols         335
nrows         335
xllcorner     3407491.657
yllcorner     -27166.958
cellsize      10000
nodata_value  -9999.0
[rows 272 to 305 of 335, columns 154 to 230 of 335]
16897 16774 17016 17627 17166 16674 16694 16691 16663 16491 17012 17266 17749 18024 16126 15900 15784 15697 15572 15117 14867 14647 14678 14682 14668 14879 14943 15029 15211 15243 15406 15262 15426 15972 16204 16238 16000 15505 15300 15160 15427 15402 15303 15139 15359 15525 15520 15443 15467 15180 15232 15221 15259 15339 15609 15889 15817 15830 15999 15898 15431 15373 15703 15780 15941 15486 15375 15402 15400 15419 15423 15435 15462 15463 15495 15483 15496
17716 18123 17596 17254 17068 17010 16681 16662 16651 16446 16977 17347 17530 17872 16211 16135 16037 15890 15707 15268 15003 14740 14667 14731 14689 14723 14830 14955 15091 15163 15271 15163 15496 16509 16336 16181 15877 15587 15415 15397 15639 15549 15392 15294 15235 15379 15481 15488 15633 15568 15225 15336 15523 15264 15310 15731 15806 15857 16000 15902 15418 15372 15344 15355 15351 15367 15397 15451 15410 15408 15445 15455 15472 15474 15464 15477 15494
17464 17757 17529 17020 16542 17163 16841 16609 16571 16681 16933 17340 17841 18120 16421 16212 16073 15970 15777 15416 15198 14856 14745 14795 14700 14728 14744 14833 14895 14983 15178 15288 15461 16720 16467 15945 15635 15352 15263 15487 15631 15371 15963 15559 15047 15328 15287 15250 15629 15594 15491 15442 15567 15228 15523 16030 15925 15661 15855 15760 15531 15340 15336 15348 15358 15369 15403 15448 15457 15430 15458 15465 15475 15466 15468 15476 15489
17050 16897 16885 16689 16648 16884 16821 16702 16608 16580 16827 17412 18006 18281 17583 16077 16062 15935 15760 15649 15304 15007 14920 14778 14848 14798 14775 14804 14779 14854 15108 15568 15542 16809 16468 15839 15536 15236 15078 15178 15128 15494 15913 15627 15197 15470 15395 15282 15485 15582 15418 15397 15278 15206 15451 15977 15652 15535 15621 15661 15573 15388 15327 15337 15346 15370 15385 15396 15426 15426 15443 15464 15485 15468 15464 15475 15494
17186 16961 16949 16933 16697 16561 16644 16681 16645 16589 16994 17488 18040 18232 17908 17426 16054 16166 15712 15566 15495 15154 14971 15059 14924 14996 14813 14844 14848 15007 15182 15763 16558 16615 16251 15882 15543 15380 14992 15048 15119 15548 16121 15510 15270 15158 15218 15278 15419 15577 15563 15498 15355 15783 16000 15509 15411 15406 15465 15679 15677 15503 15343 15320 15337 15351 15393 15434 15438 15445 15434 15447 15468 15469 15468 15472 15481
17128 17041 17039 17084 16691 16566 16443 16512 16413 16399 16619 17213 17451 17776 17791 17883 16982 16164 15640 15618 15532 15553 15431 15264 15137 15110 14980 14962 15194 15189 16285 16841 16767 16365 16216 15916 15575 15319 15367 15047 14981 15244 15940 15453 15307 15227 15149 15102 15062 15392 15524 15565 15529 15671 15831 15745 15638 15343 15410 15629 15667 15670 15516 15303 15308 15355 15387 15401 15401 15424 15423 15416 15424 15434 15445 15448 15458
17355 17108 17018 17174 17053 16580 16648 16622 16415 16271 16584 17193 17336 17648 17542 17797 17287 17348 16876 15776 15633 15560 15415 15474 15182 15102 15129 15160 15419 16031 16967 17087 16737 16229 16198 15912 15518 15260 15438 15137 15462 15838 15507 15328 15345 15245 15189 15068 15083 15187 15392 15559 15525 15508 15414 15600 15630 15136 15376 15510 15591 15638 15646 15479 15319 15350 15353 15367 15372 15398 15412 15409 15413 15419 15430 15435 15447
17333 17260 17156 16977 16975 16644 16626 16586 16378 16353 16582 16978 17196 17451 17469 17539 17636 17744 17763 17580 16506 15766 15510 15364 15338 15314 15442 15733 16401 16811 17077 17038 16132 16103 15996 15853 15565 15157 15449 15538 15930 16013 15537 15230 15235 15182 15118 15052 15095 15112 15249 15312 15349 15385 15412 15635 15714 15707 15579 15501 15705 15753 15562 15431 15383 15338 15328 15320 15342 15357 15380 15395 15399 15408 15418 15436 15441
17338 17236 17100 16898 16849 16719 16623 16473 16328 16337 16521 16701 16798 17000 17133 17285 17202 17421 17710 17685 17509 17078 17003 16869 16397 16600 17159 17179 17166 17035 16580 16052 16074 15988 15719 15511 15890 15087 15267 15543 15261 15139 15144 15132 15177 15196 15121 15052 15046 15032 15133 15121 15224 15230 15286 15445 15619 15850 15679 15362 15412 15706 15638 15600 15396 15303 15289 15309 15343 15351 15366 15378 15387 15405 15411 15439 15518
17400 17424 17140 16903 16735 16575 16465 16312 16296 16372 16393 16368 16455 16684 17047 17172 17230 17210 17004 17154 17351 17317 17362 17478 17498 17302 17284 17260 16798 16220 16222 16226 16039 15688 15533 15473 16253 15487 15746 15511 15395 15258 15224 15103 15106 15139 15111 15031 15047 15069 15023 15008 15072 15119 15164 15301 15523 15569 15383 15275 15375 15438 15587 16135 16005 15723 15510 15515 15410 15371 15374 15364 15393 15407 15425 15500 15555
17442 17421 17127 16829 16679 16518 16292 16323 16373 16341 16427 16432 16350 16397 16803 16927 17123 17100 16819 16924 17068 17256 17292 17231 17244 16950 16908 16666 16350 16167 16301 16289 15793 15341 15458 15667 16064 15525 15634 15360 15290 15280 15240 15067 15070 15088 15084 14987 14961 15008 15020 14985 14989 15050 15048 15152 15412 15363 15309 15194 15278 15361 15453 16133 16170 15890 15745 15633 15683 15568 15437 15486 15562 15573 15586 15585 15532
17283 17253 17073 16762 16637 16501 16333 16299 16308 16446 16418 16435 16277 16207 16502 16513 16608 16787 16627 16987 17145 17116 16763 16677 16799 16784 16569 16260 16211 16225 16217 16154 15812 15294 15333 15508 15430 15212 15098 15273 15161 15220 15200 15083 14988 15006 15033 14991 14914 14906 14910 14949 14894 14903 14881 14967 15159 15151 15120 15301 15287 15325 15452 16156 16225 15964 15739 15534 15636 15808 15828 15740 15714 15685 15681 15691 15595
17645 17275 16930 16650 16512 16384 16380 16344 16265 16362 16282 16337 16417 16232 16045 15937 16015 16254 16303 16319 16705 16728 16689 16688 16707 16701 16578 16271 16181 16039 15841 15753 15437 15165 15224 15141 15154 15097 15046 15064 15080 15177 15168 15048 15019 14937 14925 14875 14926 14915 14897 14891 14853 14843 14825 14838 15045 15087 14953 14950 15079 15318 15527 16262 16025 15637 15464 15521 15621 15774 15804 15680 15611 15658 15713 15703 15716
17761 17515 16968 16769 16503 16406 16391 16398 16276 16208 16205 16307 16342 16208 16036 15802 16096 15918 16065 16242 16267 16427 16440 16361 16199 15962 15826 15870 15988 15673 15599 15529 15238 15005 15092 15129 15104 15121 15137 15071 15006 14988 15054 15070 15054 14942 14926 14902 14915 14910 14953 14920 14867 14819 14801 14772 14896 15002 14822 14744 14809 15053 15170 15656 15421 15279 15253 15327 15433 15475 15534 15494 15440 15471 15545 15631 15650
17790 17639 17118 16772 16593 16570 16360 16312 16294 16210 16165 16157 16078 16161 16070 15916 16008 15810 15870 16019 16184 16112 16072 15905 15904 15630 15593 16007 16024 15635 15319 15188 15083 15064 15212 15222 15212 15126 15102 15135 15170 15091 15051 15057 14987 14896 14917 14960 14970 14948 14981 14897 14827 14813 14782 14759 14834 14859 14759 14717 14720 14809 14923 15439 15178 14989 14997 15059 15079 15130 15294 15342 15304 15353 15429 15534 15598
17746 17555 17148 16743 16574 16584 16453 16403 16306 16176 16116 16118 16151 16194 16178 16009 15968 15766 15847 15972 15864 15900 15860 15853 15453 15488 15365 15660 15609 15654 15840 15822 15145 15123 15309 15339 15262 15236 15142 15147 15213 15117 15087 15098 15007 14941 14864 14845 14828 14858 14848 14891 14837 14808 14766 14755 14739 14787 14707 14683 14675 14721 14776 14846 14860 14850 14844 14877 14856 14885 14934 14974 15099 15242 15335 15427 15543
17407 16448 16461 16517 16491 16490 16441 16393 16231 16204 16116 16137 16127 16277 16185 16001 16039 15876 15763 15785 15642 15822 15806 15690 15472 15557 15456 15481 15366 15845 15760 15734 15335 15286 15221 15239 15176 15122 15122 15128 15180 15122 15067 15071 15038 14948 14852 14843 14839 14846 14814 14836 14809 14775 14772 14760 14731 14769 14700 14645 14660 14686 14723 14819 14831 14862 14859 14863 14855 14870 14878 14880 14917 15172 15250 15359 15433
17549 17093 16624 16728 16580 16421 16385 16376 16355 16240 16035 16128 16095 16184 16025 16103 16210 16159 15824 15696 15525 15655 15763 15867 15366 15421 15408 15324 15656 16212 16043 15397 15280 15281 15212 15225 15080 15099 15110 15178 15190 15127 15035 14980 15029 15000 14891 14800 14791 14807 14795 14790 14806 14776 14766 14755 14731 14744 14776 14699 14691 14877 15169 14936 14823 14854 14870 14897 14860 14867 14880 14894 14924 15024 15160 15293 15363
17545 16993 16985 16701 16576 16436 16390 16420 16408 16271 16142 16138 16103 15986 16005 16128 16238 16101 15834 15738 15691 15533 15442 15496 15451 15533 15550 15476 16025 16364 15876 15395 15461 15396 15258 15215 15127 15083 15094 15199 15218 15141 15040 14987 14984 14947 14890 14790 14772 14764 14772 14750 14753 14772 14769 14749 14723 14755 15033 15017 15161 15150 15157 14858 14807 14840 14889 14912 14851 14865 14874 14938 14932 14985 15113 15245 15336
17424 16964 17094 16904 16576 16531 16469 16416 16405 16354 16249 16211 16161 15953 16035 16074 16028 15916 15796 15772 15709 15594 15529 15909 16561 16503 16431 16312 16334 16389 15572 15354 15419 15569 15437 15248 15167 15173 15197 15284 15168 15180 15080 14997 14951 14922 14891 14798 14822 14802 14761 14753 14755 14732 14754 14728 14721 14694 14704 14748 14833 14813 14756 14781 14766 14829 14828 14830 14840 14854 14864 14870 14923 14974 15038 15187 15312
17508 17310 17015 16784 16785 16712 16595 16499 16400 16348 16246 16164 16161 15971 15973 15993 15940 15928 15883 15838 15742 15598 15464 15667 16347 16559 16558 16612 16075 15486 15302 15317 15442 15105 15373 15378 15205 15171 15144 15331 15179 15177 15168 15018 14963 14902 14896 14864 14794 14786 14786 14789 14756 14723 14710 14730 14737 14696 14706 14735 14742 14733 14745 14746 14767 14829 14832 14821 14837 14855 14860 14873 14905 14970 14977 15101 15246
17406 17248 17059 16951 16914 16693 16634 16516 16406 16360 16295 16249 16209 15988 15977 15987 16018 15974 15950 15897 15820 15566 15548 15556 15715 15843 15905 15881 15589 15580 15468 15456 15393 15400 15403 15529 15243 15229 15197 15283 15210 15161 15166 15110 14957 14895 14876 14927 14883 14801 14789 14791 14776 14740 14712 14713 14731 14700 14705 14720 14715 14757 14760 14739 14783 14844 14835 14825 14820 14844 14858 14858 14890 14937 14965 15004 15174
17437 17349 17290 17132 17045 16676 16556 16501 16404 16394 16401 16180 16095 15994 15943 15982 16008 16014 15963 15876 15855 15580 15593 15795 16019 15988 15972 15693 15592 15469 15473 15607 15554 15345 15296 15697 15363 15112 15085 15175 15200 15194 15146 15095 15002 14936 14888 14904 14890 14848 14796 14789 14766 14750 14730 14718 14726 14711 14710 14706 14697 14706 14733 14729 14797 14815 14808 14829 14823 14834 14839 14864 14881 14910 14945 14991 15120
17373 17359 17234 17099 16893 16613 16530 16503 16358 16269 16274 16157 16141 16020 15962 15979 15998 16015 15959 15838 15766 15594 15615 16002 15661 15531 16095 15675 15603 15535 15601 15644 15711 15441 15319 15704 15257 15062 14968 14928 15141 15129 15137 15094 15042 15011 14929 14952 14919 14884 14859 14804 14792 14776 14770 14720 14728 14711 14684 14701 14676 14718 14774 14766 14795 14781 14789 14812 14804 14832 14849 14874 14889 14905 14931 14981 15097
17595 17347 17214 16813 16682 16600 16635 16470 16347 16224 16170 16091 16080 16018 15952 15998 15997 15988 15876 15787 15670 15665 15551 15976 15952 15751 16088 15632 15646 15597 15570 15628 15719 15641 15643 15461 15163 15063 14971 14940 14959 14972 14961 14985 15007 15002 14962 14956 14918 14885 14876 14853 14783 14765 14743 14730 14719 14699 14687 14661 14672 14754 14810 14781 14760 14773 14774 14778 14802 14836 14844 14875 14905 14920 14931 14960 15012
17519 17346 17291 16861 16685 16570 16543 16415 16328 16216 16146 16110 16090 16049 16017 16039 15994 15975 15917 15796 15706 15632 15600 15679 15962 15974 15775 15741 15807 15692 15668 15639 15700 15639 15577 15374 15169 15099 15013 14957 14938 14929 14899 14881 14931 14908 14986 14976 14954 14910 14877 14857 14808 14780 14767 14742 14704 14676 14676 14646 14657 14751 14811 14782 14731 14742 14747 14763 14788 14831 14842 14880 14935 14961 14940 14943 14998
17398 17316 17034 16708 16531 16425 16440 16394 16258 16210 16146 16129 16123 16054 16025 16067 16027 15977 15911 15843 15772 15674 15615 15783 15651 15729 15754 15747 15803 15748 15748 15746 15654 15626 15603 15496 15317 15094 15033 15019 14970 14929 14892 14834 14864 14895 14889 14971 14960 14929 14910 14879 14832 14802 14791 14746 14696 14666 14669 14640 14640 14796 14817 14809 14721 14731 14744 14756 14801 14837 14856 14908 14951 14958 14930 14947 14972
17403 17334 16762 16566 16427 16394 16438 16457 16348 16225 16220 16178 16136 16067 16040 16057 16033 15945 15861 15861 15834 15797 15703 15803 15764 15717 15729 15756 15854 15829 15892 15900 15815 15730 15589 15551 15202 15161 15065 15063 15012 14929 14899 14855 14829 14788 14751 14732 14980 14972 14941 14884 14886 14827 14807 14743 14695 14678 14666 14639 14646 14718 14796 14844 14720 14732 14742 14774 14799 14841 14877 14925 14982 14952 14921 14946 14982
17212 17061 16826 16641 16407 16373 16417 16408 16354 16329 16209 16201 16207 16117 16079 16006 15995 15906 15839 15865 15863 15816 15820 15847 15813 15753 15842 15909 15893 15922 15982 15995 15927 15767 15618 15485 15363 15176 15109 15042 15026 14979 14930 14883 14883 14828 14804 14773 14745 14923 14934 14928 14892 14862 14826 14762 14715 14703 14679 14631 14654 14723 14797 14851 14795 14723 14736 14768 14805 14841 14902 14943 15021 14986 14933 14964 14997
16963 16758 16757 16519 16343 16344 16398 16408 16329 16308 16277 16186 16202 16282 16113 16063 15952 15931 15904 15898 15911 15878 15934 15936 15815 15785 15878 15951 16022 15969 15999 16046 16025 15878 15717 15569 15425 15259 15208 15152 15077 14980 14949 14901 14877 14843 14838 14822 14806 14815 14831 14930 14919 14898 14889 14800 14722 14705 14690 14658 14673 14717 14780 14856 14855 14738 14742 14768 14801 14856 14919 14957 15011 15025 14941 14969 15045
16946 16661 16578 16446 16355 16395 16420 16428 16368 16309 16274 16226 16216 16305 16133 16082 15956 15966 15935 15936 15927 15989 16013 15924 15818 15812 15891 15960 16074 16055 15984 16055 16071 15920 15801 15659 15483 15327 15229 15168 15040 14997 14957 14938 14890 14868 14867 14856 14819 14833 14825 14803 14847 14881 14890 14796 14734 14722 14697 14681 14689 14744 14805 14872 14833 14768 14766 14772 14823 14871 14934 14996 15054 15016 14961 14982 15128
16428 16513 16344 16349 16353 16384 16393 16416 16407 16377 16258 16247 16185 16201 16188 16077 16048 16029 16007 16014 16079 16102 16037 15943 15876 15905 15954 16056 16082 15992 15948 16043 16158 15919 15855 15726 15488 15431 15313 15172 15070 15019 14984 14949 14924 14913 14896 14909 14865 14846 14864 14847 14876 14872 14862 14761 14749 14708 14731 14745 14754 14775 14811 14865 14842 14792 14781 14791 14827 14882 14950 14991 15063 15043 14989 15087 15238
16649 16571 16484 16451 16445 16410 16378 16406 16409 16399 16359 16303 16233 16135 16080 16105 16064 16083 16069 16113 16131 16150 16029 15998 15933 15967 16031 16105 16087 15998 16011 16080 16142 15949 15896 15786 15567 15425 15406 15332 15273 15044 15018 14982 14961 14960 14957 14935 14933 14909 14908 14913 14898 14902 14883 14813 14812 14773 14770 14763 14779 14810 14835 14863 14873 14844 14808 14837 14867 14898 14935 14974 15061 15144 15148 15198 15328
16832 16731 16594 16504 16463 16472 16414 16348 16368 16364 16365 16343 16263 16163 16148 16177 16143 16153 16218 16196 16217 16142 16054 16025 15960 16002 16069 16113 16110 16013 16005 16119 16149 16064 15939 15857 15658 15469 15373 15341 15295 15253 15090 15035 15000 14994 15007 15020 15004 14958 14923 14910 14921 14909 14894 14887 14875 14842 14823 14787 14809 14849 14863 14890 14895 14896 14850 14872 14913 14918 14956 14991 15106 15340 15215 15182 15318
