Alternative/Moon/Lvl0_30x30/Ele_DI.asc
ncols         335
nrows         335
xllcorner     6757491.657
yllcorner     -3377166.958
cellsize      10000
nodata_value  -9999.0
[rows 0 to 33 of 335, columns 154 to 230 of 335]
16983 17181 17135 17520 18051 18338 18778 19083 18957 20132 20401 19949 19467 19013 18827 18263 18253 17959 17868 19268 20760 21852 22131 21274 20596 20258 20357 20656 21722 23075 23657 23641 23648 23465 23371 23394 23663 23884 24038 24201 24199 24195 24214 24220 24170 24092 23705 23398 22542 22321 22184 22147 22019 21147 20434 19863 19492 19280 19264 18989 18152 17381 17098 17020 16953 17014 17074 17097 17091 16773 16257 15408 13629 12812 12825 12858 12799
17064 17302 17426 17477 17519 18005 18593 18577 18813 19654 20143 20229 19945 19830 19591 19414 19510 19785 20113 21401 22882 23410 23209 22215 21393 21324 21561 22025 23121 23692 23697 23503 23266 23084 23038 22830 22671 23249 23290 23629 23765 23838 23787 23729 23665 23524 23271 23265 23217 23038 22717 21934 21401 20687 20253 19610 19391 19362 19347 19075 18631 17325 17068 17016 16996 17050 17054 17067 17014 16561 16104 15268 13841 12877 12884 12922 12853
17339 17384 17038 17650 17601 17858 18359 18504 19302 19572 20246 20770 20765 20344 21078 21012 21871 22397 22857 23149 23696 23792 23791 23758 23263 23206 23210 23220 23468 23592 23473 23256 23081 22855 22737 22527 22521 22533 22693 22940 22970 23084 23151 23121 23088 23062 22785 22372 22321 22115 21686 21322 20898 20328 20048 19518 19390 19249 17838 18822 18919 18042 17410 17192 17073 17101 17099 17049 16829 16261 15765 15089 13819 12921 12833 12933 12886
17266 17393 16684 17744 17594 17889 18335 18788 19447 19647 20238 20803 21203 21455 21907 21924 21993 22651 23062 23109 23703 23810 23802 23824 23608 23524 23385 23371 23392 23385 23297 23175 23007 22772 22599 22359 22263 22327 22306 22463 22624 22757 22781 22889 22774 22629 22515 22158 21931 21797 21417 21017 20749 20218 19984 19444 19180 19171 19139 19160 19003 18463 18103 17757 17445 17249 17134 16987 16780 16095 15538 14432 13191 12877 12854 12932 12900
17745 17842 16061 17837 17581 17783 17921 18371 19715 19774 19384 19102 20533 21595 21621 21797 21564 22117 22388 22778 23319 23606 23633 23557 23501 23317 23427 23538 23617 23582 23454 23298 22989 22630 22423 22275 22125 22104 22195 22314 22491 22655 22669 22574 22485 22287 22170 21947 21770 21576 21231 20838 20639 20244 19969 19611 19040 19123 19157 19117 18801 18397 18088 17860 17515 17309 17153 16921 16590 16155 15649 14487 13337 12896 12835 12911 12886
17703 17896 16565 17478 17529 17676 17324 18411 19360 19036 17516 18004 19199 20968 21358 21178 21268 21749 22042 22336 23257 23492 23542 23553 23376 23332 23543 23723 23757 23719 23775 23807 23503 22804 22592 22345 22303 22210 22150 22322 22575 22685 22786 22434 22387 22132 21983 21837 21822 21623 21333 20743 20510 20430 20311 19680 18771 18862 18750 18867 18434 18071 17817 17612 17402 17244 17114 16692 16540 16181 15711 14593 13361 12902 12943 12953 12933
17402 17622 17632 17698 17479 17810 18133 19106 19380 17288 15876 16543 18151 20258 21276 21144 21086 21595 21626 21679 22692 23042 23072 23233 23213 23418 23528 23544 22961 22654 23286 23699 23643 23313 22861 22706 22499 22379 22280 22312 22603 22715 22753 22594 22252 21955 21828 21457 21218 21487 21353 21085 20758 20551 20458 19816 18840 18688 18549 18526 18282 17878 17561 17432 17348 17255 17105 16480 16276 16214 15933 14632 13196 12978 12985 12982 12914
17225 17265 17343 17465 17362 17728 18206 19363 19667 17112 15249 16076 17658 20316 21316 20949 20973 21141 21138 21760 22348 22635 22861 23000 23295 23280 22623 21709 20646 20298 21288 21949 22795 23448 23455 23220 23010 22810 22484 21975 22193 22356 22590 22553 22232 21504 20386 19471 19165 20470 21189 21162 20862 20604 20442 19816 18886 18629 18806 18783 18508 18021 17609 17432 17302 17207 17108 16589 16292 16227 16049 14759 13139 12956 12987 12928 12920
17213 17280 17762 17991 17510 17790 18344 19110 19760 19010 17249 17148 18878 20781 20898 20543 20715 21020 21068 21753 22202 22478 22772 23363 23609 22036 20627 19771 18910 18751 19114 19587 21009 23106 23544 23555 23150 22886 22597 21949 21824 21940 22176 22253 21958 20111 18864 17998 17438 18441 19769 21131 20970 20409 20268 19659 19051 18977 19126 19167 18762 18123 17722 17517 17324 17212 17116 16700 16461 16340 15841 14573 13138 12812 12899 12931 12981
17239 17626 18339 18263 18021 17984 18393 19004 19929 19908 19676 19726 20173 20564 20403 20413 20622 20871 20692 20940 21247 21797 22486 23452 23762 21225 20006 19593 18430 17893 17903 18174 19373 21386 22899 23430 23016 22786 22444 21955 21746 21675 21648 21958 21733 20239 18393 17572 17527 17305 18346 20690 20919 20083 19474 19169 19345 19031 18737 18934 18907 18719 18044 17692 17547 17235 17024 16662 16306 16338 15781 14393 13071 12903 13040 13433 13515
17255 17740 18430 18453 17820 17922 18385 18950 19422 20232 20702 20722 20413 19782 19646 19888 20238 20545 20607 20400 20519 21179 22134 23163 23126 20636 19628 19043 18168 17973 17976 17985 18667 20368 21836 23059 22925 22607 22387 22051 22109 22092 22009 22041 22067 20643 17617 16010 17757 17453 18752 20635 20754 19754 19186 19086 19172 17427 16405 17154 18860 18853 18356 17838 17758 17476 17114 16585 16229 15847 15209 14041 12929 13033 13650 13741 13701
17358 17781 18430 18553 18007 17579 17645 18288 19195 19636 20345 20317 19965 19417 19111 18993 19283 19721 19934 20107 20374 21088 22326 23034 22184 19768 18918 18528 18082 17982 17922 17928 18724 20395 21414 22744 22748 22732 22566 22110 22026 22115 22356 22425 22336 21662 19636 18048 18222 18133 19871 20861 20568 19575 18970 19049 18631 16223 15235 15676 18231 18915 18453 18051 17914 17800 17509 16805 16067 15477 14979 13823 12878 13267 13621 12863 11362
17356 17714 18177 18479 18108 17890 18125 17511 18154 19134 19904 19954 19828 19576 18654 18005 17998 18802 19495 19870 20206 20852 21948 22237 21552 19470 19152 18213 17887 17890 17847 17929 18993 20506 21493 22695 22736 22710 22066 20510 19449 20384 21682 22201 22378 22171 21863 20705 19830 20386 20863 20779 20101 19530 19047 19064 18378 16095 15733 16213 18466 19103 18528 18073 17914 17789 17532 16975 16276 14901 14459 13416 12899 13296 13620 12372 10585
17937 17719 17996 18127 17856 17891 18100 17978 18059 19215 19774 19985 20302 19719 18358 17504 17381 17892 18441 19245 19801 20439 21632 21997 21955 20322 19860 19035 18085 17929 17920 18582 19828 21170 22475 23074 22803 21219 19773 18711 17932 17621 18690 19671 21223 22265 22270 21462 21437 20866 20740 20279 19892 19555 19087 19216 19136 18022 17881 17715 19062 19213 18589 18082 17860 17617 17393 17096 16388 14861 14491 13192 12845 12975 13633 13677 13545
18619 18364 17852 17885 17815 17829 17869 18324 18513 18988 19430 19805 20121 19822 19002 17647 16922 16898 16987 17704 18582 19822 20913 21826 21883 21017 20371 19913 19252 18495 18867 19842 20998 22636 23176 23231 22265 19639 18508 17895 17002 16527 16373 17338 19222 21608 22190 21783 21358 20810 20461 19788 19456 19244 18906 19096 19245 19314 19444 19020 18656 18456 18215 18044 17834 17607 17419 17044 16510 15586 14609 13418 12878 12844 13107 13556 13619
18896 18708 18082 17978 18003 18011 18082 18194 18302 18243 17890 17726 18222 19029 19022 17887 16882 16411 16160 16224 17082 18857 19935 21320 21636 21156 21142 20855 20366 19997 20441 21499 22729 23017 23167 23232 21254 18948 18414 17317 16369 16236 16092 16359 17752 20020 21579 21727 21015 20404 20107 19641 19359 19222 19079 18981 19010 19267 19295 18813 18417 18316 18245 18080 17913 17723 17610 17327 17005 15875 14755 13510 12961 12835 12949 13080 13067
19031 18884 18726 18173 18113 18075 18243 18359 18257 17099 15649 15625 16078 17269 18433 17900 16810 15964 15598 15500 15919 17401 18481 20102 21212 21038 21418 21881 21679 21888 22590 22553 22878 22836 22891 22921 20548 18867 17764 16456 16404 16771 16473 16211 16922 18864 20868 21800 20974 20318 19986 19644 19358 19239 19089 18935 18927 18894 18857 18584 18474 18322 18235 18330 18398 18118 18030 17891 17595 16563 15411 14084 13020 12808 12947 12996 12981
19153 19053 18684 18302 18198 18279 18384 18321 17638 16184 15121 14650 15617 16986 18345 17924 16665 15675 15565 15474 15407 16373 17453 18483 20158 20935 21162 21937 22109 22359 22580 22487 22207 22289 22607 22577 20259 18960 17478 16361 16357 16835 16701 16114 16850 19002 20996 21788 20784 20302 19968 19710 19369 19252 19166 19049 19022 18865 18804 18655 18616 18474 18532 18730 18681 18228 18062 17966 17646 17129 16533 15185 13811 13046 12979 12995 12984
19734 19345 18984 18431 18437 18409 18424 18357 17734 15889 14399 14568 15068 16951 18294 18002 16371 15689 15621 15447 15397 15735 16419 17575 18581 19579 19811 20637 21066 21238 21322 21496 21547 21853 22372 22551 21011 19199 17598 16300 16202 16165 16189 16198 17501 19099 20844 21503 20945 20284 19856 19641 19441 19279 19185 19228 19865 19797 19810 19726 19704 19777 19743 19517 19037 18234 18072 18116 18083 18020 16995 15359 13746 13156 13068 13023 13067
19907 19700 19358 18925 18373 18613 18291 18030 17586 15133 14953 15361 15778 17120 17978 17587 16193 15544 15478 15320 15428 15750 15975 16977 17993 18465 18878 19468 19795 20265 20590 20898 21326 21472 22081 22601 21776 19435 18035 16619 16243 16223 16204 16537 17967 19152 21003 21600 20785 20063 19795 19572 19449 19401 19521 20119 20568 20347 20450 20563 20639 21004 20908 20406 19614 18622 18250 18349 18332 18054 16165 14027 13006 12975 13181 13158 13063
20065 20069 19710 19705 19295 18654 17994 17712 17347 15169 16081 16578 16615 16789 16899 16548 15913 15523 15507 15308 15306 15819 16130 16676 17503 17704 17918 18477 18962 19613 20080 20641 20878 21081 21763 22492 22486 20519 19269 17797 16709 16837 17069 17784 18981 20116 21048 21179 20362 20009 19727 19593 19532 19550 20054 20746 20910 20859 20718 20860 21250 21806 21545 20814 20133 19391 19073 18841 18868 17338 14751 13027 13108 13024 13182 13447 13169
20253 20352 20139 19886 19262 18663 17968 17153 17301 16475 15403 16434 16537 16562 16459 16501 15951 15468 15496 15343 15434 15612 15940 16194 16752 17086 16947 17258 17883 18857 19459 20109 20352 20519 21098 22135 22417 21947 20493 19471 18429 18559 18602 19646 20720 21291 21145 20547 20216 19802 19716 19549 19609 19750 19779 19951 20261 20836 20850 20644 21449 21903 21736 21151 20469 19947 19349 19099 18995 17454 14699 13059 13223 13083 14036 14269 13439
20302 20338 20256 19818 19016 17734 17625 16770 16539 16287 15660 14933 15588 16137 16193 16173 15811 15689 15663 15726 15967 16143 16287 16315 16432 16631 16666 16386 16332 17284 18158 19000 19528 19846 20337 21145 22028 22043 22020 21806 21475 21283 21325 21715 21602 21437 20914 20286 19969 19745 19576 19517 19623 19926 19915 19843 19857 20433 20492 19722 21171 21908 21766 21374 20655 20078 19493 18894 18541 17765 15720 13509 13699 14479 15398 15207 14269
20157 20262 20240 19530 18452 17653 16885 16394 16003 15652 15380 14045 14606 15102 15397 15552 15569 15662 15775 16121 16124 16360 16494 16666 16667 16134 16194 16192 15627 15878 17102 18146 18837 19390 19978 20641 21217 21721 21996 22029 22025 22037 21947 21723 21429 20717 20393 20053 19760 19655 19510 19439 19676 20254 20222 19970 19979 19810 19424 18776 20148 21183 21432 21310 20586 19934 19499 18673 18123 17750 17132 15403 15812 15914 15598 15186 14338
20304 20427 20146 19303 18290 16720 16115 16188 16026 15204 15112 14979 14103 14742 15130 15243 15245 15253 15796 16280 14788 13855 14171 15566 16585 16345 15531 15745 15653 15801 16408 17470 18276 18994 19489 20347 20797 20844 21094 21368 21439 21424 21166 21095 20778 20411 20113 19860 19612 19448 19437 19339 19658 20600 20798 20717 20437 19929 19013 18097 18219 19102 19458 19434 19456 19394 19092 18966 18409 17578 17312 16772 16349 16035 15228 14621 13812
20168 20487 20169 19389 18467 16842 16029 15810 15341 14997 15105 14974 14784 14821 15266 15022 15084 15151 16146 15992 13801 11972 11629 13114 15763 16424 15711 15353 15316 15951 16394 16799 17582 18668 19316 19985 20616 20541 20580 20661 20690 20613 20662 20628 20365 20130 19847 19459 19257 19177 19196 19143 19605 20301 20706 20757 20342 19512 18358 17348 16759 16993 17281 17344 18046 18752 18992 18952 18399 17179 16759 16261 15652 14951 14441 14034 13388
20504 20415 19722 19040 18168 16942 15882 15076 14836 14755 14844 15029 15103 15124 15139 15136 15185 15425 16103 16006 13577 11097 10682 11825 15223 16234 15713 15309 15097 15604 16076 16487 17088 18499 19055 19487 20482 20434 20265 20273 20183 20144 20154 20106 19905 19810 19244 18708 18498 18512 18595 18868 19438 20331 20813 20516 18828 17885 17065 16616 16560 16531 16535 16606 16729 17256 18107 18200 17804 16584 16157 15996 15379 14585 13859 13422 13141
20572 20353 19269 18242 17243 16155 15231 14843 14868 14822 14839 14998 14964 15062 15143 15195 15254 15438 16059 16447 14888 12193 11463 13120 15727 16250 15451 15209 15056 15157 15691 16140 16726 17615 18691 18856 19822 20064 20143 20105 20035 20011 19954 19694 19578 19115 18641 18340 18267 18239 18286 18463 18908 20005 20552 19858 17903 16921 16774 16650 16577 16542 16536 16538 16533 16646 17112 17362 17284 16529 16168 16201 15510 14336 13807 13316 13245
20546 20282 18847 17500 16626 15574 14830 14881 14849 14892 14952 15028 15053 15039 15043 15152 15332 15470 15748 16426 16338 15111 14656 15781 16261 15927 15308 15081 15001 14975 15282 15802 16237 17029 17985 18403 19480 19835 20118 20144 19871 19848 19674 19593 19437 18610 18302 18231 18100 18099 18124 18082 18643 18691 18927 18398 17261 16893 16791 16730 16627 16575 16574 16544 16517 16494 16500 16607 16967 16581 16078 15956 15506 14095 13629 13239 13318
19642 19133 18126 16621 16060 15182 14875 14889 14878 15020 14952 14880 15159 15200 15231 15331 15265 15395 15323 15819 16327 16503 16446 16333 15958 15318 15107 14980 14938 14894 14902 15267 16095 16728 17226 17829 18689 19771 20133 20263 20027 19737 19582 19505 19390 18720 18278 18092 18052 18057 18030 17947 18637 18489 18117 17278 16893 16882 16805 16745 16680 16671 16695 16612 16565 16511 16514 16505 16497 16587 16578 15682 15084 14023 13487 13086 13118
18550 18371 17435 16513 15666 15074 14915 14890 14925 15065 14964 15122 15453 15434 15322 15282 15359 15187 15211 15405 15268 15770 15783 15627 15292 15059 15053 14917 14876 14861 14879 15306 16011 16650 16992 17962 18671 19540 20129 20201 19966 19814 19539 19352 19263 18763 18239 18176 18123 18033 17981 17904 18485 18474 17663 17053 16967 16911 16862 16790 16756 16823 16787 16789 16657 16579 16520 16512 16515 16528 16459 15859 14676 13742 13511 13021 12927
18182 17667 16987 16486 15616 15046 15007 14959 14983 14971 15050 15317 15058 15343 15347 15305 15309 15379 15080 15253 15071 15194 15192 15039 15008 15050 15059 14926 14841 14835 14915 15190 15972 16444 17026 17949 18663 19273 19674 19742 19785 19696 19604 19401 19139 18706 18206 18168 18084 17943 17859 17780 17745 17751 17351 17122 17014 16944 16880 16865 16830 16934 16238 16823 16658 16605 16566 16546 16580 16546 16499 15753 14748 13786 13314 13036 12826
18056 17273 16290 15875 15497 15089 15119 15127 15191 15002 15098 15345 15326 15315 15172 15241 15273 15094 15117 15039 15036 14892 14970 14982 14963 14955 14979 14972 14902 15043 15101 15669 15951 16265 16918 18221 18874 19370 19500 19597 19613 19617 19570 19375 19119 18789 18349 17908 17941 17903 17813 17745 17707 17587 17400 17288 17076 17024 16973 16966 16898 16902 16861 16814 16711 16638 16604 16673 16606 16806 16781 15431 14663 13757 13330 12956 12815
18154 17053 15890 15171 15094 15165 15169 15177 15218 15045 15108 15352 15436 15179 15082 14994 15210 15094 15080 14931 14821 14951 14914 14882 14956 14916 14969 15051 15292 15406 15485 15649 15999 16417 17022 18285 18884 19440 19801 19866 19933 19894 19542 19221 18945 18436 18180 17869 17850 17821 17755 17651 17646 17599 17428 17397 17182 17032 16987 16962 16939 16860 16846 16778 16712 16662 16675 16672 16667 16552 16464 15391 14692 13477 12976 12817 12849
