Alternative/Moon/Lvl0_30x30/Ele_CL.asc
ncols         335
nrows         335
xllcorner     16807491.657
yllcorner     -27166.958
cellsize      10000
nodata_value  -9999.0
[rows 170 to 203 of 335, columns 76 to 151 of 335]
19121 20382 21160 21706 21754 21814 22236 22332 22140 21149 20227 20266 20408 20525 20503 20188 20066 19889 19682 19387 19248 19853 20484 20503 19740 19434 18980 18303 17953 17660 17469 17389 17547 17673 17386 17350 16813 16850 17515 18609 19452 20731 21858 22369 22775 23634 24336 25429 25445 25967 26429 25736 24892 25128 25819 26035 25396 23953 23232 22369 21482 21208 20976 20641 20728 21064 21483 22132 22741 23432 24672 25771 27103 28387 28480 28540
19780 20565 20669 20850 21278 21398 21648 22035 21994 21265 20728 20431 20573 20836 20761 20734 20594 20561 20543 19840 19703 20278 20824 20752 20134 19207 18195 17342 17215 17364 17263 17324 17755 18212 18130 17330 16807 16816 17333 18226 19063 20656 21878 22202 23239 24470 25641 26058 25817 25991 26042 24661 23967 24238 25120 25522 25381 24990 23923 22896 22493 22193 21733 21181 21127 21746 22480 23280 23618 24981 26478 27683 28680 28830 28795 28502
21547 21484 21087 20517 21192 21211 21050 21158 21029 21005 20626 20366 20451 20804 21164 21433 21404 21528 21282 20668 20873 20831 21373 21424 20756 19473 18585 17359 16795 16695 16745 16863 17601 17859 17805 17138 16795 16867 17278 18085 19084 21011 22875 24465 25784 26575 26807 26712 25934 25495 25536 24796 23943 24402 24861 25182 24916 25179 25169 23893 23565 23107 22818 22335 22537 22883 23402 23819 25153 27020 28335 28977 29294 29246 28893 28641
21573 21436 20674 19908 19874 20138 20748 20712 21035 21170 20818 20563 20612 21195 21857 22349 22565 22570 21755 21985 21831 21554 21912 22100 21551 19994 19025 17793 17212 16732 16664 16650 16701 17024 17363 17249 17147 16857 17377 18558 19722 21314 23201 25293 26537 26827 26714 26327 25764 25296 25291 25055 24756 24913 24893 24703 24798 25550 25894 26029 25941 25389 25024 24349 23913 24228 24618 25581 27229 28594 28635 28960 28938 28872 28591 28313
21754 21366 20846 20154 20162 20551 20809 20935 21246 21227 21055 21000 20924 21439 21957 22866 23436 23500 23447 23287 22592 22545 22601 22528 22088 20573 19643 18527 17897 17093 16650 16662 16688 16789 16861 16843 16902 17049 17489 18941 20204 21505 23234 25426 25845 26032 26056 25602 25151 24732 24375 24515 24675 24729 24500 24403 24831 25524 25916 26226 26449 26481 26346 26302 26252 26565 26862 27527 28352 29052 29071 28774 28504 28022 27714 27640
21980 21345 21000 20121 20143 20513 20847 20920 21257 21612 21636 21341 21172 21910 22105 22928 23438 23622 23694 23529 22989 23118 23103 22739 22592 21507 20664 19514 18623 17689 17043 16682 16734 16923 16801 16772 16926 17602 18059 19086 20266 21741 23096 25022 25166 25357 25531 25351 24731 24327 23972 23854 24021 24022 23735 23848 24611 24694 24936 25514 26225 26420 26309 26392 26560 27077 27294 27608 28282 28877 29030 28980 28395 27916 27826 27734
22459 21453 21168 20294 20590 20303 20425 20870 21392 21880 21858 21902 22158 22340 22426 22748 23185 23363 23510 23284 23321 23423 23462 23152 23382 23141 22152 20765 19729 18890 18243 17510 17226 17328 17269 17559 17959 18689 18920 19407 20314 22178 23457 24534 24576 24312 24706 24727 23953 23938 23453 23412 23176 23054 23152 23447 23817 23786 24082 24502 24843 25530 26077 26317 27084 27365 27380 27772 27704 28206 28870 28856 28386 27947 27696 27691
22378 22160 21661 20693 21146 20301 19988 21603 21538 21261 20660 21413 22826 23060 22822 22669 22738 22649 22858 23254 23843 23943 23784 23770 23862 23871 23246 22066 21167 20210 19589 19085 18817 18468 18292 18774 19290 20150 20444 20523 21056 22876 23657 23305 22771 22656 22837 23595 23647 23767 23275 23063 22888 22822 22803 23122 23269 23164 23540 24125 24479 24707 24983 26072 27050 27287 27317 27669 27408 27502 28646 28915 28343 27858 27512 27650
22657 22279 21516 20188 21223 21458 21733 22085 21642 20155 19780 20261 22409 23103 22870 22286 21818 22369 23054 23550 23965 23976 23607 23417 23672 23856 23554 23242 22947 21429 20819 20376 19985 19241 19445 19949 20426 21346 21782 21608 22532 23465 23961 23917 24296 24507 24399 24261 23577 23445 23054 22869 22891 23035 23081 23231 23357 23592 24017 24676 24598 23986 24309 25405 26679 27090 27019 27227 26964 27073 27586 28412 28403 28008 27785 27209
22642 22224 21727 21215 21031 21360 21798 22373 22281 20707 19795 19933 21868 22870 22792 22675 22897 23104 23423 23418 22940 22578 21629 21247 22158 22628 22969 23253 23329 22417 21524 20951 20595 20778 20533 20875 21217 21898 22584 22977 23256 23784 24039 24147 25043 25204 25202 25008 23960 23509 23387 23303 22917 23432 23746 23748 23510 23878 24349 24658 24676 24444 24937 25541 26348 26753 27046 27301 27109 27178 27146 28111 28468 28027 27840 26060
21985 21541 21277 21049 20651 21246 21885 22456 22717 22370 21333 20064 20723 22279 22659 22907 23052 23133 23307 22444 20472 19601 19130 18770 19373 20417 21256 22604 23399 23537 22567 21763 21636 21647 21400 21680 22234 23263 23909 23945 23956 24468 24477 24060 23980 24055 24781 24811 24273 24050 24217 24192 23761 23966 24096 24264 23859 24601 24860 24805 24730 24941 25051 25582 26444 27197 27275 27409 27272 27538 27303 27662 28221 28087 27726 25743
21927 21392 21009 20758 20642 21147 21840 22421 22848 23074 22576 20810 20132 21099 22129 22836 22869 22716 22916 21191 19070 18271 17927 17725 18270 19277 20395 21394 22873 24254 24128 23062 22094 21981 22415 22901 23445 24236 24544 24563 25055 25173 24211 24019 24112 24089 24898 24878 24284 24259 24702 24717 24733 24903 25012 25025 24747 24920 25008 25014 24803 24925 25050 25680 26607 27306 27566 27599 27735 27935 27546 27144 27786 27836 27259 25135
21746 21092 20633 20269 20865 21337 21549 22116 22546 22880 22836 21545 21082 20664 20788 21472 22253 22609 22018 19472 17984 17484 17110 17046 17260 18067 19536 20735 22424 24383 24351 23450 22482 22768 23013 23275 23470 23770 23740 23854 24871 25119 24195 24414 24139 23336 24932 25084 24258 24027 24810 25010 25061 25113 25088 25351 25482 25255 25342 25338 24978 25049 25528 26245 27478 27938 27948 28082 28347 28196 27794 27990 28158 27723 26950 24481
20796 20308 19884 19918 20764 21289 21663 21994 22127 22670 22908 23207 22997 21361 20928 21464 22588 22804 21325 18800 17353 17111 16989 17139 17231 17817 18745 20214 22187 24103 24105 23341 22632 22737 22645 22990 23187 23250 23347 23293 23998 24283 24137 24385 24190 23525 24724 24937 24118 23887 24223 24864 25173 25474 25466 25738 25842 25412 25349 25321 25471 25307 26117 27111 28335 28620 28363 28122 28500 28496 28172 28309 28215 27729 26463 24760
19577 18608 18656 19275 19981 20610 20953 21722 22211 22473 22770 23101 23136 22590 22419 22806 23187 23253 21451 19154 17330 16852 16929 17119 16942 17193 17723 19265 21694 23676 23622 23114 22409 22210 22434 22524 22709 22781 23086 23244 23017 22683 22680 23878 24765 24855 24856 24610 24370 23811 24188 24831 25323 25618 25700 25798 25846 25503 25424 25469 25508 25916 26657 27717 28373 28591 28244 27973 28252 28410 28409 28342 28160 27472 25675 25056
18822 17925 18016 18591 19062 19638 20638 21530 21871 22263 22335 22607 22952 23393 23424 23514 23625 23525 22038 19386 17758 16890 16883 16889 16898 17105 17764 19955 22500 23302 23101 22787 22490 22297 22766 22906 22689 22880 22909 22992 22461 21829 21920 22900 24359 24663 24245 22672 23745 23841 24285 24759 25096 25397 25435 25483 25739 25497 25504 25765 25961 26192 26670 27781 27955 27902 27907 27905 27707 27785 27948 28235 28058 26984 25696 25068
18528 17737 17729 18384 18992 19536 20198 20879 21483 22008 22133 22548 22833 22892 22795 22644 22759 22725 21936 19790 18306 17163 16921 17026 17234 18062 19332 21657 23196 23206 22722 22534 22493 22245 22642 22872 22986 23075 23121 23084 22393 21872 22093 23117 24010 24492 23936 21593 22965 23549 24254 24587 24678 24992 25210 25240 25205 25202 25458 25957 26215 26205 26634 27370 27724 27682 27740 27827 27542 27624 27675 28046 27994 26957 25690 25004
18491 17811 17722 18277 19066 19469 20232 20809 21463 22043 22494 23027 22929 22134 21512 21294 21142 21731 21759 20823 19173 17816 17630 18115 18731 20099 21383 23061 23184 22892 22427 22288 22440 22328 22387 22860 23235 23523 23615 23543 23273 22687 22812 23641 23914 24272 24158 23630 23540 23595 23773 24533 25055 25470 25550 25078 24957 25177 25580 25944 26041 26097 26292 27000 27535 27381 27443 27352 27521 27589 27498 27959 27781 26997 26311 25541
18918 18893 18321 18824 19467 20102 20640 21371 21651 21615 22121 22987 22935 21345 20759 20121 19680 20347 20959 20957 20366 18977 19461 19611 21096 22679 23386 23551 23239 22475 21938 21983 22280 22422 22235 22525 23253 23987 24031 23924 23862 23661 23856 23959 23923 23895 24075 24002 23892 24470 24461 24925 25425 25864 25741 25259 25459 25581 25745 26055 26207 26279 26510 26761 27083 27128 27015 26941 27224 27503 27984 28144 27734 27094 26311 25714
20329 20022 19342 19022 19951 20624 20969 21340 21948 21664 21168 21767 21681 20575 19988 19295 18779 19184 19774 20227 20360 20492 20057 21121 22672 23530 23589 23428 22740 22004 21684 21756 22304 22577 22625 22768 23068 23853 24025 24020 23995 23807 23967 24001 23708 23357 23252 23352 23979 24654 24402 24276 25419 25771 25627 25468 25509 25775 25919 26067 26251 26347 26533 26761 26616 26434 26872 27223 27264 27845 28180 28189 27817 27776 26854 26349
20882 20686 19920 18661 18708 20403 21000 20621 22529 22622 22290 21742 20962 19666 18899 18485 18653 19044 19265 19660 20355 20707 21015 21546 22488 23144 23138 22884 22402 21985 21835 22084 22349 22588 22633 22831 22969 23239 23744 23720 23505 23347 23495 23605 23453 22847 22293 22800 23644 24432 24558 24198 24066 24799 25183 25256 23648 25628 26068 25526 24895 26551 26790 27055 26443 26272 27030 27449 27785 27955 28212 28267 28204 28309 27924 26364
20731 20670 19770 18048 18237 19711 20974 21844 22644 22894 22567 21721 20392 18655 18057 18054 18368 18832 18945 19219 19403 19932 20462 20591 21144 22601 22702 22498 22293 22076 22311 22628 22659 22544 22462 22463 22664 22909 23234 23157 22767 22571 22410 22516 22435 21819 21847 22237 23254 23769 24304 24153 24227 24383 24121 25178 25327 26062 26171 24878 24211 26653 26931 27127 26947 26339 26948 27411 27812 27946 27953 28165 28141 28348 28002 26059
20063 20064 19613 18296 18464 19791 21277 21649 22193 22805 22553 21209 19620 17894 17683 17885 18120 18708 18723 18475 18740 18805 19118 19692 20175 21869 22504 22278 22005 22122 22430 23003 23110 22657 22228 22097 22019 22357 22512 22449 22240 22236 22072 21948 21875 21354 21223 21666 22476 23402 23990 23758 23576 23948 24167 24951 25463 25371 26298 26476 26592 27154 27445 27815 27581 26790 27289 27841 28009 27759 27521 27725 27721 28149 27974 26239
18971 19182 19149 18737 19170 20469 21067 20879 20796 22471 22381 20650 19050 17849 17713 17849 17952 18235 18472 18411 18227 18251 18216 19003 20200 21695 22303 22264 21920 22027 22365 23017 23157 22837 22289 21859 21417 21546 21668 21431 20911 21264 21261 21037 21043 21248 21188 21083 22053 22641 23211 23571 23804 23896 24350 25055 25596 26055 26421 26958 26995 27364 27796 28005 27752 27751 27804 28200 28239 28023 28104 27827 27435 27694 27765 27165
17224 18496 18669 18491 19491 20112 20659 21378 22246 22495 22026 20373 18667 17593 17637 17667 17686 17889 18465 18411 18161 18105 18112 18915 20235 21219 22245 22317 21685 21812 21912 22711 22958 22620 22107 21053 20793 20691 20697 20089 20628 20861 20772 20536 20167 20362 20211 19236 21244 22222 22753 23188 23801 23624 23945 25035 25419 25857 26523 27057 27574 28064 28445 28502 28477 28445 28069 28021 28100 28305 28499 28724 28187 27180 28141 28111
16649 18294 18343 18545 19461 19717 20257 21259 22202 22219 21773 20284 18559 17630 17630 17545 17653 17746 18043 18094 18231 18196 18250 19253 20601 21016 21528 22032 21331 21785 21808 22192 22362 21454 21228 20458 20009 19923 19795 19330 19689 20074 20222 20195 19853 19647 19769 18868 20570 21675 22548 22945 23015 23699 23999 24699 25290 26392 27162 27470 27799 28275 28600 28664 28743 28496 28084 27856 28393 28867 28886 28755 28332 27039 28112 28176
16756 17407 17694 18235 18768 19055 19842 20914 21765 22031 21803 20570 19186 17756 17338 17708 17598 17554 17935 18194 18342 18375 18746 20196 21530 22140 22541 22348 21130 21748 21778 21635 21746 21282 20610 19981 19498 19167 18971 18819 18947 19170 19524 20059 20168 19296 18671 18610 19311 20306 20865 20922 22336 23478 23876 24025 24993 26649 27397 27654 28027 28605 28715 28735 28688 28580 28083 28267 28557 28560 28246 27176 27410 27007 27552 28107
16697 16952 17303 17633 18081 18455 19393 20382 21273 21936 21789 20930 20038 18567 17936 18126 17767 16998 17807 18404 18539 18574 19934 21476 22442 22248 22494 22595 21777 21880 21659 21217 20900 20656 19895 19534 19079 18862 18876 18778 18585 18704 18733 19621 19751 18377 17700 17860 18477 19043 19874 21479 23379 24147 24349 24478 25532 27078 27476 27760 28190 28468 28589 28541 28716 28724 28701 28692 28948 29013 27956 26405 26361 26737 27321 27874
16794 17100 17149 17230 17621 18162 18725 19325 20528 21621 21679 21330 21064 20111 19740 19278 19022 17402 17692 18605 17881 17658 19901 22746 23340 23007 22643 22780 22785 22418 21690 21245 21163 20728 20092 19654 19388 19275 19382 18686 17503 18116 18561 18384 18478 17908 17557 17837 18162 18965 19630 21789 23299 24047 24534 25168 26112 27114 27390 27801 27968 28151 28553 28736 29069 29192 29042 28933 29301 29258 28478 26671 26064 26408 26683 27820
16903 17061 17201 17045 17409 17954 18552 18897 19891 21045 21548 21554 21459 21069 21046 20398 19437 18813 19132 19351 18514 18539 20617 23062 23436 23072 22710 22657 22748 22443 21706 21450 21722 21382 20652 20094 19838 19695 19545 18605 17790 17798 17935 17656 18053 17931 17777 17822 18414 19328 20601 22192 23224 23660 24535 25092 26028 26732 27252 27523 27390 27409 28386 28846 29133 29375 29280 29446 29319 28780 28539 27512 26877 27289 27580 28522
16230 15611 16054 16441 16792 17762 18149 18673 19504 20385 21234 21704 21854 22183 22234 20629 19417 20516 21138 21163 20745 20523 22063 23194 23302 22682 22327 22354 22044 20586 19906 20932 21633 21650 21114 20295 19874 19558 19492 19027 18968 18594 18721 19083 19210 17985 18205 18201 18990 20213 21360 22304 23309 23525 24014 24933 25765 26549 26914 27498 27686 28190 28256 28452 29019 29666 29609 29386 28491 28523 29678 29606 28663 28355 29107 29490
16272 15649 16232 16740 16648 16908 17430 18561 19865 20180 20668 21660 22005 22415 22605 21265 19845 20899 22093 22264 22605 22715 22751 22565 22459 22290 22006 22255 21530 19110 18516 19316 20277 21241 21109 20424 19923 19476 19365 19208 19013 18817 18806 19072 19230 19244 19291 19365 19989 21021 21899 22611 22941 23611 24185 25384 26110 26577 26626 26996 27543 28015 28331 29102 29772 29862 29830 29580 28309 29080 30115 30133 29778 29797 29827 29694
18263 17853 18399 18316 16977 16928 17369 18740 20330 21018 21121 21476 21847 22628 22933 22814 21806 22112 22633 22470 22791 22798 22593 22098 21890 21997 22128 22442 21820 20040 18927 19173 19911 21335 21447 20714 19990 19199 18783 18856 18821 18792 18700 18596 19159 19434 19925 20586 21283 21758 21991 22661 23028 23990 24658 25457 26030 26223 26226 26396 26991 27145 27938 28667 29626 30050 30031 29698 28365 29842 30130 30080 30213 30171 30147 29908
19654 19698 19618 18678 17558 17350 17750 18879 20491 21235 21718 21790 21654 22370 22777 22740 21939 22401 22709 22551 22300 22185 21686 21702 21861 22097 22309 22278 21861 21136 19765 19394 20079 21528 21574 20624 19763 18960 18674 18667 18846 18746 18576 18763 18937 19500 20008 20578 21335 21779 21953 22435 22897 23933 24711 25687 26217 26150 26003 26239 26893 27288 27870 28419 29273 29817 29758 29285 28318 29642 29902 29890 30202 30127 30129 30108
