Alternative/Moon/Lvl0_30x30/Ele_FE.asc
ncols         335
nrows         335
xllcorner     -6642508.343
yllcorner     -10077166.958
cellsize      10000
nodata_value  -9999.0
[rows 136 to 169 of 335, columns 231 to 307 of 335]
16684 16632 16561 16540 16495 16463 16383 16492 16832 17108 17372 17644 17726 17644 17466 17117 16751 16582 16539 16538 16411 16291 16299 16160 16185 16166 16156 16162 16185 16220 16212 16174 16276 16331 16434 16495 16574 16618 16774 16861 16777 16748 16854 17138 17446 17653 17670 17542 17270 17016 16827 16644 16595 16419 16333 16345 16300 16181 15967 15688 15343 15250 15259 15284 15459 15494 15459 15254 15153 15122 15124 15099 15080 15052 15055 15093 15116
17457 17252 17042 16881 16759 16524 16404 16352 16328 16326 16397 16471 16525 16706 16786 16705 16506 16310 16288 16176 16132 16296 16407 16657 16783 16602 16834 16788 16703 16618 16640 16739 16832 16806 16702 16637 16563 16670 16763 16797 16952 17087 17168 17339 17542 17685 17752 17762 17552 17182 16919 16632 16406 16255 16197 16095 16069 16038 15929 15791 15631 15481 15547 15523 15304 15099 15087 15124 15130 15135 15120 15075 15083 15069 15069 15048 15052
17758 17567 17446 17324 17317 17166 16918 16626 16293 16189 16193 16166 16138 16131 16108 16076 16075 16083 16133 16254 16328 16453 16590 16655 16488 16084 16001 15877 15804 15882 16070 16441 16876 17141 17311 17441 17459 17375 17413 17751 17876 17916 17901 17900 17883 17686 17654 17494 17315 17053 16896 16779 16652 16468 16425 16344 16157 16096 16137 16115 15946 15808 15760 15654 15511 15310 15145 15105 15087 15063 15050 15060 15070 15076 15061 15069 15056
17746 17640 17565 17552 17528 17400 17194 16792 16666 16528 16396 16327 16201 16178 16153 16161 16164 16203 16299 16343 16438 16517 16645 16711 16621 16118 15635 15034 14688 14407 14415 14600 15164 15868 16406 16950 17149 17135 17184 17402 17537 17487 17496 17767 17869 17959 17940 17917 17690 17481 17203 17073 16856 16706 16577 16284 15965 15937 16191 16206 16173 15897 15804 15630 15463 15255 15148 15128 15135 15139 15109 15097 15075 15102 15103 15110 15188
18402 18057 17826 17755 17708 17689 17497 17307 17094 16769 16581 16492 16485 16429 16374 16331 16349 16391 16438 16605 16681 16714 16728 16843 17056 17264 17268 17211 16972 16739 16592 16601 16568 16696 16702 16404 16199 16586 17044 17479 17663 17665 17521 17420 17657 17732 17744 17656 17602 17527 17432 17202 16926 16728 16556 16299 16183 16159 16128 16000 15867 15712 15613 15428 15300 15186 15195 15149 15110 15119 15155 15167 15166 15181 15264 15291 15236
19484 19358 19340 19256 19075 18684 18305 17928 17518 17207 17134 17057 16988 16983 16989 16914 16792 16821 16990 17253 17528 17636 17617 17498 17595 17814 18204 18745 19040 19129 19045 18641 17988 17241 16895 16516 16267 16484 16712 17176 17586 17710 17964 18322 18238 17925 17501 17118 16821 16673 16717 16712 16703 16668 16514 16280 16214 16172 16079 15881 15691 15539 15336 15215 15242 15260 15227 15196 15178 15211 15294 15344 15338 15256 15326 15395 15430
21102 20690 20442 19923 19515 19273 18858 18553 18426 18462 18530 18563 18497 18365 18268 18080 18106 17993 17756 17802 17986 18070 18143 18333 18355 18642 19028 19535 19635 19471 19472 19290 19026 18722 18584 18461 18335 18098 17883 17673 17944 18344 18601 18690 18661 18402 18086 17677 17364 17177 17029 16786 16495 16203 15975 15792 15637 15548 15488 15376 15346 15256 15271 15258 15244 15240 15238 15226 15268 15300 15334 15438 15255 15222 15329 15365 15406
22152 21733 21570 21439 21352 21107 20840 20632 20407 20187 20083 19931 19843 19788 19857 19960 19943 19685 19425 19192 19330 19605 19883 20148 20407 20576 20777 20857 20896 20840 20626 20039 19412 19083 19203 19661 19905 19955 19900 19608 19268 18935 18698 18701 18644 18417 18173 17877 17715 17557 17428 17183 16906 16629 16351 16105 15783 15536 15544 15490 15495 15498 15485 15478 15349 15317 15343 15291 15256 15217 15269 15268 15286 15268 15243 15290 15282
23534 23336 23218 22961 22543 22282 22188 21954 21650 21395 21172 20979 20958 20927 20939 20976 21049 21114 21162 21245 21329 21393 21481 21564 21573 21580 21493 21289 21191 21051 20868 20633 20498 20319 20201 20432 20573 20550 20331 19859 19409 19032 19004 18833 18552 18246 17942 17757 17607 17387 17267 17070 16748 16472 16213 15972 15755 15813 15616 15255 14682 15035 15338 15490 15423 15303 15315 15296 15294 15243 15229 15244 15239 15235 15233 15226 15222
25752 25504 25304 25156 24846 24600 24357 24181 23818 23580 23338 23120 22893 22806 22746 22676 22613 22755 22817 22819 22699 22693 22676 22595 22361 21913 21537 21100 20626 20246 20138 20215 20359 20362 20295 20218 20202 20187 20098 19804 19635 19619 19543 19322 18922 18490 18075 17653 17306 17028 16736 16375 16032 15610 15435 15506 15510 15595 15560 15477 15496 15434 15405 15472 15429 15383 15354 15310 15290 15276 15267 15242 15247 15250 15245 15249 15252
26498 26237 26163 25926 25762 25472 25199 24884 24706 24440 24208 24086 23952 23808 23738 23739 23670 23269 22973 22642 22326 22376 22425 22359 22177 22129 21953 21338 20741 20223 19931 19802 19775 19838 19804 19776 19886 19986 19960 20159 20236 20190 20059 19773 19474 18975 18525 17947 17429 17087 16784 16388 16008 15787 15714 15604 15602 15542 15444 15452 15405 15412 15402 15379 15380 15336 15245 15196 15169 15174 15196 15233 15264 15271 15228 15222 15241
26388 26382 26326 25974 25604 25187 24855 24587 24435 24267 24101 23994 23855 23779 23721 23624 23511 23108 22619 22330 22135 22069 22200 22450 22514 22567 22581 22407 21994 21624 21361 21149 21072 20977 20942 20976 20990 21007 21025 21003 20921 20672 20533 20234 19877 19526 19235 18814 18451 18081 17699 17218 16937 16604 16357 15889 15529 15456 15446 15411 15387 15373 15363 15365 15404 15380 15275 15235 15311 15516 15545 15421 15476 15359 15387 15344 15297
26368 26425 26349 26146 25719 25190 24783 24492 24398 24320 23981 23384 22805 22558 22480 22605 22552 22571 22476 22735 22861 22914 22973 22966 22880 22775 22731 22634 22509 22427 22407 22431 22441 22465 22402 22345 22192 21859 21602 21248 21019 20753 20570 20269 19974 19675 19404 19170 19126 18883 18621 18285 17870 17439 17089 16688 16228 15906 15629 15513 15457 15405 15400 15416 15462 15510 15466 15342 15342 15443 15441 15372 15328 15348 15372 15339 15385
26532 26487 26252 25999 25788 25451 25072 24645 24454 24253 23969 23753 23430 23180 23074 22952 22887 22851 22671 22538 22435 22513 22597 22606 22534 22322 22161 22114 22185 22400 22511 22626 22708 22727 22658 22409 22180 21886 21597 21261 20984 20728 20492 20253 20084 19944 19836 19592 19258 19151 19071 18852 18639 18439 18213 17877 17487 17213 16888 16650 16311 16192 16080 15953 15806 15879 15804 15748 15698 15571 15622 15626 15525 15446 15450 15429 15423
26099 26053 25902 25778 25603 25381 25117 24758 24473 24225 23991 23716 23512 23404 23205 22946 22738 22564 22440 22397 22303 22194 22105 21961 21638 21369 21198 21159 21328 21491 21698 21965 22208 22363 22376 22175 21876 21591 21381 21118 20871 20707 20671 20633 20493 20333 20214 20060 19870 19697 19533 19377 19118 18793 18522 18158 17896 17654 17387 17206 17081 16822 16702 16762 16806 16622 16574 16706 16713 16604 16532 16393 16295 16249 16176 16098 16087
25112 25050 25102 25139 25095 25019 24901 24653 24466 24229 24008 23705 23506 23293 23075 22832 22573 22193 22088 22110 22211 22298 22295 22184 21885 21582 21401 21210 21252 21300 21339 21512 21807 22076 22131 22084 21897 21623 21414 21168 20969 20868 20875 20913 21011 20996 20984 20936 20801 20655 20449 20141 19676 19260 18798 18441 18243 18044 17909 17847 17773 17566 17375 17176 17079 16859 16926 17117 17159 17119 17055 16998 16965 17044 17048 17107 16970
24483 24368 24502 24591 24587 24497 24315 24096 23954 23913 23816 23712 23469 23256 23055 22857 22626 22415 22392 22393 22481 22591 22644 22547 22653 22649 22469 22285 22099 22037 21875 21659 21677 21748 21779 21741 21671 21496 21377 21194 21049 20943 20875 20876 20894 20894 20945 21001 21010 20901 20721 20417 20082 19816 19539 19287 18869 18423 18006 17836 17702 17353 17039 16850 16528 16210 16095 16274 16323 16415 16515 16527 16701 16946 17075 17311 17585
23890 23778 23768 23684 23696 23883 23945 23911 23889 23831 23679 23476 23166 22956 22810 22669 22485 22274 22272 22213 22470 22616 22671 22832 22933 23019 23046 22951 22640 22262 21960 21670 21408 21289 21126 20951 20842 20785 20779 20783 20740 20661 20606 20604 20717 20800 20824 20859 20877 20801 20791 20843 20852 20687 20359 19792 19104 18382 17760 16966 16256 15549 15043 14659 14405 14342 14303 14340 14419 14477 14590 14821 15281 15774 16347 16997 17520
23321 23138 23055 23116 23098 23049 22940 22727 22524 22583 22616 22747 22727 22511 22368 22289 22126 21944 21943 21992 21829 21450 21569 22001 22458 22710 22786 22727 22402 22002 21746 21465 20962 20691 20633 20433 20269 20180 20158 20155 20165 20222 20258 20319 20337 20374 20427 20505 20632 20796 20990 21188 21238 21004 20525 19815 19026 18170 17407 16598 15731 15052 14575 14303 14309 14338 14368 14435 14454 14499 14564 14646 14851 15056 15397 15985 16715
23589 23297 23095 22957 22900 22805 22789 22698 22601 22446 22339 22135 21897 21661 21604 21533 21427 21331 21179 21028 21037 21094 21352 21430 21617 21737 21767 21817 21864 21715 21401 20923 20680 20529 20309 19993 19799 19755 19870 19908 19904 19974 20054 20169 20218 20310 20468 20574 20721 20854 21004 21124 21153 21058 20697 19956 19175 18368 17665 16953 16199 15491 15059 14613 14429 14454 14475 14487 14521 14536 14528 14647 14980 15315 15897 16657 17423
23558 23242 23004 22910 22812 22692 22529 22345 22181 21958 21789 21658 21518 21391 21240 21205 21125 20966 20878 20824 20734 20670 20724 20858 20878 20832 20908 21055 20851 20848 20738 20198 20023 20138 20106 19928 19761 19700 19762 19824 19862 19881 19930 19955 20026 20152 20288 20448 20648 20802 20906 21031 21158 21118 20902 20569 20073 19272 18721 18041 17411 16613 16067 15588 15232 15206 15346 15348 15414 15384 15499 15859 16295 16750 17388 18040 18761
23102 23011 22908 22822 22543 22350 22313 22012 21807 21474 21278 21177 21105 20532 20091 19737 19752 20240 20381 20312 19913 19664 19460 19532 19572 19425 19284 19396 19414 19261 19186 19249 19141 19204 19218 19128 18823 18773 18975 19033 19073 19186 19211 19420 19563 19694 19743 19843 19957 20129 20163 20232 20580 20636 20560 20455 20323 20312 20128 19735 19291 18710 18524 18257 17913 17676 17472 17529 17706 17811 18129 18480 18811 19110 19504 19923 20185
23078 23081 23159 23118 22936 22688 22456 22153 21788 21390 21110 20936 20773 20436 20338 20104 20152 20145 20056 19918 19479 19063 18696 18407 18106 18319 18398 18476 18645 18757 18940 19109 19147 19247 19293 19286 19140 18907 18758 18666 18629 18657 18665 18695 18724 18757 18814 18884 18870 18943 19063 19206 19418 19589 19753 19816 20064 20239 20238 20124 20051 20026 19994 19996 19923 19782 19638 19521 19198 18952 19329 19707 19865 19886 19973 20068 20086
22686 22800 22861 22933 22931 22804 22577 22269 21954 21585 21266 20918 20573 20295 20106 19920 19737 19495 19315 19060 18632 18335 18120 17917 17905 17917 17901 17912 18151 18435 18673 18857 19016 19070 19006 19012 18795 18617 18772 18872 18767 18738 18781 18765 18747 18700 18606 18584 18464 18293 18230 18412 18641 18826 18993 19210 19388 19528 19698 19825 19824 19702 19656 19736 19756 19815 19714 19443 18983 18574 18519 18865 19236 19325 19328 19264 19198
22530 22768 22950 22977 22945 22848 22599 22342 21976 21572 21237 20872 20538 20257 20087 19935 19652 19300 18949 18544 18258 18062 17947 17832 17739 17753 17749 17684 17648 17712 17853 17899 17998 18139 18154 18374 18542 18592 18682 18704 18704 18649 18605 18572 18476 18356 18235 18185 18100 17864 17819 17923 18204 18403 18624 18796 18949 19078 19175 19046 18700 18592 18799 19084 19205 19084 18745 18213 17652 17304 17416 17616 18061 18438 18697 18672 18589
22724 23134 23356 23463 23382 23153 22911 22665 22446 22128 21896 21513 21124 20829 20644 20303 19833 19321 18927 18507 18201 17958 17792 17630 17456 17375 17286 17273 17259 17228 17198 17125 17103 17148 17202 17238 17198 17332 17461 17519 17555 17549 17526 17578 17655 17663 17780 17814 17829 17825 17801 17833 18022 18064 18069 18112 18231 18441 18594 18713 18743 18694 18686 18677 18732 18822 18825 18798 18771 18722 18628 18606 18490 18465 18354 18246 18166
23071 23238 23406 23520 23442 23212 23002 22652 22171 21641 21243 20870 20712 20686 20564 20318 20008 19421 18928 18516 18156 17809 17543 17265 17128 17080 17006 16928 16909 16936 16917 16857 16793 16821 16813 16843 16850 16872 16959 17163 17326 17612 17834 18013 18206 18229 18140 17809 17658 17594 17604 17631 17755 17882 17939 17996 18094 18165 18284 18320 18301 18264 18309 18329 18379 18405 18444 18482 18539 18573 18548 18444 18294 18208 18101 18089 18124
23360 23349 23323 23220 23099 22875 22668 22367 22019 21668 21277 21023 20859 20719 20608 20449 19966 19342 18824 18395 18023 17704 17546 17433 17233 17013 16882 16823 16797 16780 16775 16788 16792 16809 16809 16834 16827 16848 16891 16905 17065 17330 17575 17875 18104 18153 18101 17870 17609 17501 17420 17425 17530 17665 17783 17923 18004 18045 18045 18013 18100 18127 18180 18198 18184 18209 18181 18151 18176 18222 18196 18099 17941 17912 17906 17938 18076
23276 23285 23145 22895 22504 22184 22029 21925 21899 21668 21339 21114 20831 20515 20209 19798 19274 18752 18341 18021 17782 17643 17575 17436 17224 16992 16858 16815 16799 16795 16791 16799 16811 16845 16849 16858 16854 16865 16938 16904 16864 16891 17079 17250 17227 17253 17544 17622 17560 17484 17420 17430 17519 17623 17633 17763 17755 17652 17583 17549 17549 17489 17419 17398 17469 17605 17610 17727 17841 17862 17839 17885 17901 17885 17931 18109 18275
22544 22335 22226 22043 21672 21294 21062 20618 20198 19846 19553 19334 18983 18585 18283 18024 17932 17877 17756 17619 17489 17423 17307 17040 16853 16800 16794 16790 16790 16782 16788 16791 16795 16821 16905 16900 16866 16913 16902 16882 16891 16849 16884 16896 16886 16868 16896 16897 16923 16958 16921 17006 17031 17071 17175 17229 17295 17330 17322 17355 17377 17398 17406 17435 17465 17587 17663 17786 17884 17929 17949 17941 17914 17926 17900 18061 18153
21764 21687 21584 21256 20755 20171 19734 19347 18923 18535 18230 17839 17673 17614 17484 17399 17347 17311 17264 17234 17188 17083 16955 16912 16897 16865 16841 16834 16847 16865 16871 16862 16860 16863 16888 16920 16899 16878 16878 16914 16951 16886 16908 16983 17054 16920 16837 16803 16878 16959 16965 16860 16989 17059 17143 17213 17226 17254 17284 17292 17359 17433 17446 17397 17387 17403 17461 17571 17640 17651 17683 17678 17693 17692 17735 17768 17771
20790 20672 20544 20361 20093 19723 19399 18974 18641 18357 18181 17997 17820 17744 17825 17869 17862 17837 17777 17780 17736 17683 17653 17604 17566 17501 17451 17449 17351 17258 17249 17203 17076 17016 16930 16954 16958 16941 16947 16923 16910 16922 16920 16935 17020 17018 17014 16998 16931 16905 16886 16924 17113 17278 17415 17421 17336 17394 17387 17275 17272 17281 17261 17266 17284 17266 17313 17400 17425 17344 17213 17157 17252 17326 17335 17358 17403
21196 21079 20937 20659 20336 20011 19702 19388 19019 18713 18510 18280 18152 18241 18282 18284 18237 18163 18203 18316 18330 18278 18235 18286 18309 18317 18271 18313 18267 18133 18044 17969 17834 17614 17533 17452 17345 17369 17330 17276 17145 17051 17029 17001 16947 16954 16971 16933 16957 16978 17018 17161 17383 17524 17585 17612 17565 17396 17380 17270 17218 17191 17087 16992 16914 16750 16729 16714 16409 16079 15681 15760 16021 16359 16820 17242 17304
21574 21300 21159 20912 20640 20362 20102 19856 19653 19448 19309 19101 18881 18770 18663 18563 18549 18637 18690 18768 18779 18915 19019 19075 19154 19212 19275 19276 19302 19278 19225 19125 18997 18832 18710 18617 18586 18541 18513 18427 18268 17995 17778 17616 17528 17514 17483 17287 17473 17684 17688 17566 17419 17440 17391 17297 17229 17026 16759 16496 16283 16096 15916 15750 15624 15585 15606 15648 15701 15702 15733 15836 16046 16173 16343 16477 16626
