Alternative/Moon/Lvl0_30x30/Ele_AA.asc
ncols         335
nrows         335
xllcorner     -20042508.343
yllcorner     6672833.042
cellsize      10000
nodata_value  -9999.0
[rows 136 to 169 of 335, columns 77 to 153 of 335]
20167 20113 20104 20107 20177 20251 20343 20419 20449 20503 20524 20532 20444 20600 20648 20615 20524 20453 20495 20562 20609 20582 20490 20517 20493 20442 20442 20430 20407 20328 20258 20249 20299 20334 20353 20497 20540 20583 20623 20556 20472 20519 20468 20458 20418 20403 20398 20329 20306 20326 20361 20414 20404 20296 20337 20452 20634 20889 20980 20971 20814 20825 21022 21078 21111 21074 21028 21026 20991 20732 20618 20832 21040 21209 21271 21318 21395
20442 20344 20404 20587 20771 20860 20863 20876 20900 20818 20752 20662 20565 20678 20725 20696 20616 20535 20508 20607 20687 20693 20734 20784 20804 20781 20734 20722 20658 20601 20570 20499 20478 20524 20541 20552 20491 20577 20640 20619 20530 20532 20449 20361 20342 20252 20061 19947 19883 19969 20132 20364 20396 20295 20228 20271 20369 20454 20535 20553 20496 20269 20104 20028 20038 19998 19977 20118 20062 20199 20291 20318 20553 20777 20832 20926 20883
21056 21195 21323 21392 21391 21269 21052 20872 20897 20933 20798 20637 20741 20908 20952 21039 21041 20997 20876 20835 20939 20931 20947 20951 20956 20935 20883 20913 20880 20854 20842 20743 20654 20567 20486 20543 20541 20323 20371 20357 20178 20104 20110 20071 20025 19967 19934 19969 19927 19871 19913 20062 20136 20136 20211 20217 20157 20155 20170 20173 20213 20205 20130 20022 19793 19390 18946 18512 18394 18344 18398 18550 18880 18999 18946 19044 19352
21575 21408 21392 21443 21535 21555 21547 21506 21304 21160 21197 21270 21311 21331 21395 21487 21397 21274 21136 21108 21197 21247 21253 21143 21016 21016 21028 21021 20990 20885 20817 20805 20743 20609 20621 20644 20626 20594 20491 20308 20173 20075 20019 20019 19962 19917 19926 19968 19966 19962 19979 19956 19857 19968 20004 19991 19974 19898 19901 20057 20099 20079 20032 19941 19748 19367 18989 18565 18262 18109 18054 18057 18053 18023 18072 18109 18222
21777 21670 21741 21741 21576 21442 21624 21655 21761 21931 22003 22035 21929 21889 21775 21729 21557 21277 21107 20993 21036 21110 21050 20945 20792 20719 20854 20910 20945 20923 20938 20943 20861 20652 20443 20343 20284 20359 20315 20321 20217 20094 19981 19914 19828 19865 19861 19853 19941 19935 19867 19867 19873 19871 19897 19885 19884 19856 19856 19799 19781 19715 19771 19819 19808 19755 19679 19559 19445 19295 19126 18998 18865 18799 18795 18816 18844
21846 21800 21901 21908 21940 22085 22104 22014 21790 21914 22066 22113 22110 22024 21828 21563 21200 20880 20769 20574 20514 20482 20433 20361 20303 20313 20369 20393 20440 20556 20605 20606 20569 20485 20423 20440 20347 20272 20209 20159 20193 20184 20143 20028 19812 19836 19830 19691 19503 19650 19716 19780 19818 19789 19662 19402 19234 19259 19366 19451 19446 19379 19363 19496 19557 19626 19612 19607 19654 19651 19621 19623 19551 19463 19459 19404 19281
21443 21474 21587 21709 21795 21961 21997 21949 21817 21905 21921 21937 21814 21681 21616 21474 21321 21165 21069 20956 20874 20728 20614 20526 20417 20353 20349 20356 20353 20393 20511 20547 20492 20471 20540 20522 20473 20405 20331 20209 20060 19931 19861 19724 19472 19362 19358 19374 19348 19331 19341 19357 19346 19335 19333 19320 19316 19273 19222 19177 19111 19103 19112 19131 19111 19123 19098 19071 19118 19202 19320 19288 19251 19172 19180 19117 19059
21525 21590 21635 21638 21600 21527 21407 21565 21784 21994 22115 22153 22025 21787 21628 21460 21311 21197 21046 20966 20881 20769 20625 20407 20239 20090 19949 19901 19886 19948 20000 20071 20118 20222 20257 20335 20240 20188 20051 19918 19814 19637 19531 19579 19583 19525 19458 19389 19359 19364 19379 19371 19317 19268 19252 19311 19318 19308 19285 19250 19158 18978 18890 19035 19258 19318 19307 19183 19087 19001 18888 18809 18787 18857 18973 19100 19121
21714 21573 21596 21590 21626 21615 21588 21608 21628 21625 21617 21600 21423 21258 21226 21094 20881 20701 20594 20579 20580 20520 20361 20222 20124 20121 20108 19998 19739 19578 19374 19545 19778 19869 19907 19873 19789 19796 19870 19854 19742 19610 19679 19700 19604 19602 19586 19561 19609 19596 19532 19466 19478 19412 19307 19346 19339 19326 19386 19390 19286 19246 19306 19331 19378 19381 19345 19278 19167 19002 18952 19004 18966 19048 18970 19103 19158
21887 21908 21901 21748 21552 21222 20939 20973 21399 21710 21674 21726 21645 21314 21105 20760 20286 20252 20250 20447 20553 20509 20351 20275 20301 20287 20291 20330 20359 20354 20211 20121 20226 20227 20183 19996 19794 19762 19762 19717 19653 19630 19671 19748 19823 19839 19778 19733 19769 19779 19727 19618 19437 19392 19296 19217 19170 19249 19319 19364 19337 19309 19297 19300 19265 19206 19257 19278 19193 19173 19101 19050 19219 19245 19205 19217 19216
21801 21831 21869 21877 21785 21661 21570 21545 21603 21792 21881 21945 21944 21918 21884 21706 21488 21306 21215 21122 21161 21102 20937 20819 20655 20706 20735 20715 20573 20422 20326 20251 20154 20171 20169 20057 19931 19897 19846 19741 19619 19780 19817 19823 19848 19773 19706 19691 19607 19523 19493 19323 19270 19240 19157 19044 19143 19165 19137 19031 18960 19018 19062 19145 19163 19186 19185 19111 19137 19160 19155 19108 19042 19102 19125 19102 19068
21560 21603 21618 21620 21621 21620 21583 21592 21646 21724 21833 21889 21889 21877 21850 21700 21511 21304 21207 21182 21267 21282 21207 21026 20907 20772 20739 20667 20604 20560 20455 20299 20169 20172 20172 20072 19959 19853 19801 19774 19715 19714 19634 19438 19511 19605 19560 19347 19204 19191 19153 19116 19104 19109 19086 19074 19149 19151 19216 19246 19201 19141 19077 19119 19203 19192 19192 19170 19039 18926 18943 18928 18976 19030 19014 19142 19213
21814 21817 21810 21785 21738 21684 21674 21630 21679 21739 21694 21657 21697 21811 21807 21793 21652 21557 21395 21235 21171 21096 20983 20921 20837 20698 20543 20444 20389 20356 20276 20309 20253 20095 19928 19928 19955 20057 20031 19872 19790 19659 19579 19411 19295 19260 19229 19198 19199 19209 19191 19147 19189 19200 19156 19001 19024 19167 19222 19228 19303 19314 19342 19343 19296 19294 19281 19186 18992 19016 19131 19167 19085 19081 19118 19266 19266
21539 21414 21201 21134 21284 21329 21345 21432 21561 21710 21877 22041 22123 22115 21991 21875 21643 21475 21294 21102 21123 21108 21074 21036 20967 20886 20833 20737 20668 20657 20587 20574 20641 20586 20470 20371 20246 20131 20017 20008 20060 19999 19921 19853 19695 19572 19431 19349 19228 19423 19493 19502 19440 19342 19253 19136 19306 19378 19406 19416 19391 19396 19309 19252 19185 19254 19249 19211 19145 19248 19322 19275 19035 18858 18799 19075 19211
21505 21366 21269 21293 21330 21328 21321 21269 21404 21636 21819 21968 22057 22038 21922 21859 21655 21353 21174 21059 21143 21361 21366 21233 21010 20886 20854 20877 20846 20951 21093 21177 21206 21180 21086 20998 20911 20697 20551 20360 20197 20079 19947 19844 19704 19737 19799 19899 19920 19931 19927 19957 19968 19890 19783 19868 19885 19882 19823 19722 19601 19450 19390 19376 19343 19368 19421 19432 19390 19310 19310 19344 19343 19316 19208 19215 19221
21571 21584 21593 21528 21449 21278 21168 21126 21125 21179 21284 21492 21645 21766 21788 21777 21682 21661 21634 21557 21390 21346 21346 21210 21036 20942 20998 21085 21095 21003 20984 21089 21204 21222 21183 21074 20882 20585 20361 20126 19892 19703 19714 19802 19831 19821 19804 19725 19711 19736 19763 19883 19981 19994 20016 20044 20084 20048 19893 19672 19500 19518 19534 19525 19491 19351 19414 19429 19440 19444 19473 19386 19433 19308 19249 19191 19189
21611 21715 21711 21724 21700 21554 21387 21317 21331 21378 21503 21651 21820 21895 21889 21820 21648 21586 21521 21390 21211 21020 20775 20417 20236 20362 20439 20430 20412 20404 20350 20410 20487 20574 20534 20391 20304 20306 20236 20225 20275 20204 20250 20292 20400 20440 20472 20509 20527 20478 20439 20312 20208 20231 20165 20015 20056 20131 20164 20230 20212 20113 19952 19949 19978 20092 20124 20228 20393 20491 20494 20431 20312 20098 20046 19942 19964
21795 21877 21948 21985 21947 21856 21803 21728 21758 21782 21921 22024 22103 22021 21849 21689 21413 21097 20866 20635 20526 20286 20104 19955 19961 20006 20000 19981 19965 19938 19906 19937 20097 20252 20506 20768 20909 21076 21021 21046 21080 21109 21101 21014 20893 20891 20871 20807 20698 20598 20495 20607 20701 20614 20667 20623 20633 20545 20619 20646 20624 20660 20795 20919 20862 20758 20690 20831 20927 20952 20909 20874 20831 20748 20665 20513 20420
22035 22116 22111 22089 22134 22251 22264 22065 22261 22486 22709 22722 22566 22327 22124 21767 21366 20915 20611 20288 20117 20000 19951 19986 19956 19940 19898 19846 19845 19870 20037 20244 20480 20704 20951 21236 21496 21651 21662 21612 21479 21343 21238 21078 21031 20934 20847 20760 20836 20969 21184 21195 21082 21180 21214 21192 21262 21327 21346 21447 21536 21623 21599 21574 21363 21094 20850 20734 20775 20774 20678 20665 20696 20697 20720 20709 20752
20851 20622 20740 20776 20994 21326 21671 21878 22235 22548 22673 22710 22686 22663 22576 22466 22303 21970 21595 21210 20831 20456 20247 20112 20070 20000 19914 19878 19952 20040 20167 20350 20581 20850 21046 21253 21533 21789 21902 21910 21892 21750 21660 21641 21635 21564 21587 21508 21341 21372 21453 21438 21425 21410 21416 21452 21505 21733 21836 21958 22083 22166 22223 22211 21955 21727 21399 21113 20853 20654 20613 20573 20548 20609 20698 20920 21029
19505 19248 19132 19133 19226 19419 19674 19937 20371 20675 21009 21290 21719 21883 22121 22346 22376 22285 22146 21731 21272 20717 20453 20262 20163 20312 20629 20880 21012 21162 21137 21327 21476 21777 21866 21917 21925 21899 21894 21885 21860 21855 21755 21639 21589 21613 21693 21768 21875 22011 22050 22107 22113 22063 22094 22194 22266 22363 22477 22516 22642 22770 22886 22961 23008 22912 22665 22447 22247 22203 22104 21948 21629 21324 21060 20882 20915
18473 18303 18172 18073 18159 18402 18620 18941 19150 19389 19648 19887 20143 20532 20972 21475 21983 22079 22025 21672 21241 20635 20263 19994 19997 20298 20610 20983 21331 21463 21585 21604 21640 21794 21854 21817 21764 21704 21650 21681 21696 21618 21317 20834 20471 20660 20966 21288 21571 21944 22021 22125 22208 22224 22245 22336 22449 22550 22682 22823 22923 23044 23130 23196 23190 23016 22698 22436 22362 22336 22216 21998 21689 21322 21047 20794 20817
17807 17828 17801 17737 17737 17821 18011 18149 18422 18663 18937 19192 19533 19868 20236 20583 20963 21357 21598 21606 21502 21493 21410 21109 21030 21087 21077 21094 20987 20818 20832 20872 20927 20761 20780 20888 20920 20897 20936 20903 20940 20991 20982 20933 20635 20302 20147 20065 20298 20615 20944 21274 21480 21538 21541 21714 21873 22042 22294 22504 22609 22904 23043 23091 23015 22583 22213 22000 22008 22001 21955 21772 21727 21426 21307 21269 21296
17735 17638 17665 17663 17688 17864 18075 18215 18322 18469 18692 19029 19396 19648 19944 20332 20812 21082 21215 21244 21035 21138 21166 21097 21039 20923 20785 20597 20408 20286 20057 19596 19376 19570 19788 19882 19854 19855 19698 19604 19538 19458 19434 19456 19393 19389 19378 19431 19528 19621 19663 19826 20067 20276 20332 20367 20471 20787 21203 21450 21680 21772 21892 21938 21892 21883 21958 22012 22102 22191 22362 22538 22705 22743 22676 22635 22730
19291 18747 18599 18551 18488 18526 18605 18704 18900 18986 19196 19647 19982 20316 20588 20869 20939 21075 21077 20792 20437 20111 20009 19916 19751 19537 19409 19287 18861 18736 18805 18866 18897 18825 18811 18649 18480 18181 18011 17770 17477 17188 17190 17281 17278 17454 17637 17842 18183 18597 18918 19198 19548 19780 19962 20021 19934 19867 19701 19547 19502 19214 19101 19008 19128 19243 19591 19747 20329 20812 21282 21854 22420 22777 22983 23048 23043
21544 21154 20968 20657 20435 20609 20567 20594 20573 20680 20707 20841 20829 20803 20857 20878 20741 20464 20122 19810 19407 19249 19060 18870 18611 18288 18145 17942 17819 17720 17801 17784 17807 17729 17690 17347 17073 16771 16533 16383 16302 16198 16228 16334 16586 16819 17083 17334 17660 17814 17871 18045 17958 18130 18159 18178 18086 17946 17763 17526 17423 17231 17170 17006 17195 17635 17911 18349 18973 19554 20062 20720 21330 21837 22147 22291 22429
22294 22148 21997 21813 21622 21486 21442 21365 21202 21132 21058 20776 20643 20374 20060 19699 19573 19208 18908 18542 18221 17833 17452 17043 17077 17169 17170 17079 16978 16896 16819 16760 16725 16642 16600 16467 16282 16165 16143 16125 16111 16061 16114 16214 16312 16539 16652 16708 16657 16421 16154 16046 15919 15906 15957 15955 16062 16089 16147 16178 16158 16210 16351 16641 17015 17519 17946 18381 18865 19359 19725 20085 20248 20379 20623 21018 21585
21930 21748 21684 21589 21348 21121 20948 20674 20419 20101 19951 19656 19359 19055 18905 18670 18366 18080 17869 17572 17295 17021 16781 16434 16426 16444 16428 16269 16226 16269 16240 16092 15861 15869 15890 16061 16073 15973 15971 16040 16044 16038 15980 16114 16295 16336 16432 16546 16587 16563 16558 16663 16840 16955 16962 17029 17126 17274 17303 17269 17232 17205 17337 17545 18034 18521 19017 19509 19769 19792 19822 20166 20587 20969 21157 21367 21821
21560 21267 20984 20708 20332 19941 19786 19513 19177 19022 18805 18425 18143 17868 17767 17709 17551 17269 17091 16868 16852 16757 16627 16558 16403 16283 16119 15798 15721 15797 15949 15965 15883 15745 15828 15854 15832 15813 15751 15704 15674 15682 15681 15677 15780 15776 15826 15961 16094 16250 16412 16597 16819 17000 17048 17152 17203 17279 17297 17385 17619 17744 17791 17847 18098 18568 19047 19490 19770 19800 19863 20187 20552 20860 21069 21198 21449
20787 20309 19811 19358 18961 18509 18195 18001 17815 17565 17399 17200 17025 16792 16663 16524 16339 16138 16131 16251 16435 16529 16513 16555 16505 16439 16383 16264 16099 16045 16063 16041 15855 15648 15602 15596 15532 15150 14729 14327 14383 14726 15042 15171 15133 15018 14962 14993 15014 15118 15199 15386 15595 15798 15972 16115 16282 16554 16683 17006 17283 17290 17359 17508 17733 18015 18346 18507 18784 19134 19447 19819 20144 20383 20626 20841 20817
20453 19912 19330 18699 18190 17810 17529 17200 16800 16448 16140 15790 15478 15199 15049 14865 14786 14811 14776 14795 14968 14967 15176 15519 15876 16191 16186 16010 16053 15878 15670 15581 15581 15573 15488 15271 15068 15030 14908 14812 14673 14652 14703 14789 14754 14725 14710 14716 14735 14759 14761 14884 14970 15043 15168 15180 15350 15553 15741 15971 16196 16475 16678 16907 17072 17180 17508 17777 18312 18730 18950 19278 19701 20145 20525 20908 21225
20496 19927 19332 18643 17956 17264 16831 16361 15835 15460 15139 14844 14698 14572 14500 14401 14341 14299 14323 14285 14348 14472 14670 15030 15332 15589 15848 16039 16053 15843 15665 15486 15394 15344 15290 15271 15142 14958 14776 14741 14746 14748 14808 14868 14874 14842 14786 14809 14814 14782 14766 14843 14991 15000 14926 14925 14987 15039 15141 15404 15695 15884 16071 16391 16599 16845 17100 17636 18145 18603 18855 19074 19292 19627 19904 20268 20707
20529 20042 19537 18885 18333 17640 17234 16601 16162 15546 15174 14836 14728 14635 14614 14446 14365 14357 14348 14324 14389 14656 14830 15146 15464 15739 15888 15964 15934 15777 15655 15476 15315 15236 15227 15228 15171 15072 14893 14682 14713 14755 14825 14891 14899 14875 14845 14893 14898 14839 14800 14881 14997 15013 14957 14858 14841 15004 15138 15278 15448 15622 15869 16195 16520 16810 17108 17539 17980 18266 18605 18866 19030 19263 19528 19847 20210
20452 20067 19731 19408 19105 18804 18473 17961 17589 17125 16876 16643 16292 16172 16118 15868 15811 15718 15635 15703 15792 15888 16011 16047 16027 15962 15918 15832 15634 15414 15265 15068 15193 15201 15153 15117 15099 15024 14875 14735 14658 14610 14664 14721 14740 14829 14848 14852 14865 14838 14819 14813 14825 14867 14982 15170 15246 15339 15383 15469 15599 15721 15829 15991 16311 16454 16598 16910 17091 17332 17575 17897 18218 18583 18805 19131 19614
