Alternative/Moon/Lvl0_30x30/Ele_FE.asc
ncols         335
nrows         335
xllcorner     -6642508.343
yllcorner     -10077166.958
cellsize      10000
nodata_value  -9999.0
[rows 102 to 135 of 335, columns 154 to 230 of 335]
19313 19001 18995 19241 19105 18816 18553 18324 18068 17920 17957 17917 17773 17459 17003 16611 16239 16054 15930 15919 15814 15595 15469 15296 15309 15423 15416 15480 15486 15353 15373 15361 15385 15380 15376 15393 15398 15422 15434 15447 15440 15449 15446 15446 15452 15495 15604 15756 15930 15714 14812 14381 14239 14832 15662 16143 16150 16213 16778 17309 17956 18637 19315 19966 20805 21388 21957 22459 22948 23248 23284 23314 23262 23087 22713 22287 21704
19279 19018 18846 18737 18540 18357 18210 18195 18354 18345 18291 18193 18038 17806 17451 17059 16710 16730 16637 16487 16226 16016 15762 15472 15270 15225 15323 15383 15551 15595 15404 15323 15307 15324 15339 15367 15372 15399 15392 15405 15434 15418 15421 15437 15441 15458 15514 15582 15806 15909 15870 15899 15879 15947 16013 16023 15993 16394 17020 17632 18348 19058 19865 20410 20885 21396 21727 22011 22206 22258 22291 22242 22224 22231 22163 22080 21787
19078 18855 18670 18670 18910 19035 18960 18845 18793 18624 18431 18379 18245 18045 17689 17376 17258 17168 17074 16970 16791 16558 16234 16006 15690 15462 15297 15304 15374 15408 15341 15284 15301 15321 15406 15388 15403 15456 15410 15395 15415 15406 15429 15420 15431 15433 15466 15488 15543 15596 15651 15715 15963 15998 16117 16337 16645 17049 17485 17886 18561 19389 19997 20391 20578 20573 20547 20530 20525 20498 20464 20454 20510 20598 20916 21268 21700
19056 19225 19554 19857 20117 20257 20270 20176 19999 19805 19543 19413 19082 18808 18501 18236 18004 17997 17902 17682 17444 17151 16702 16377 16084 15778 15396 15195 15262 15279 15289 15291 15315 15355 15420 15408 15402 15441 15387 15368 15381 15407 15408 15435 15438 15429 15441 15451 15479 15696 16110 16329 16531 16675 16716 16764 16997 17441 18068 18475 18885 19550 20006 20037 20124 20240 20145 20093 20100 20108 20100 20095 20076 20075 20337 20761 21439
20105 20114 20512 20829 21153 21433 21449 21384 21087 20562 20335 20088 19831 19492 19321 19164 19000 18869 18707 18381 18026 17704 17331 16998 16449 16201 15894 15602 15353 15271 15290 15321 15328 15315 15321 15329 15363 15377 15370 15339 15357 15397 15418 15434 15418 15424 15479 15582 15797 16128 16268 16399 16632 16833 16967 17087 17337 17601 18075 18417 18787 19303 19726 19934 20403 20793 20777 20570 20377 20252 20294 20305 20247 20356 20627 20917 21224
20777 21087 21370 21554 21811 21910 21954 21936 21778 21560 21252 21012 20843 20675 20541 20488 20079 19650 19261 18926 18542 18096 17625 17321 17086 16784 16497 16272 16110 15942 15702 15527 15484 15458 15450 15447 15481 15519 15524 15509 15434 15396 15427 15540 15738 15844 16053 16270 16505 16760 16962 17108 17408 17787 18136 18331 18314 18124 18340 18589 19009 19693 20309 20771 21011 21068 21151 21143 21075 21002 20904 20883 20913 21010 21186 21362 21480
20942 21170 21478 21731 22015 22197 22187 22126 22138 22228 22202 21905 21775 21595 21478 21380 21093 20714 20350 19968 19433 18822 18207 17801 17307 16947 16969 17020 17002 16767 16440 16352 16251 16244 16209 16101 16039 16120 16210 16143 15856 15738 16069 16256 16726 16876 17062 17242 17628 17933 18106 18106 18327 18633 18963 19118 19121 19154 19306 19488 19862 20234 20721 21021 21068 21085 21075 21035 20997 20995 20915 20904 20874 20990 21184 21197 21145
21175 21416 21588 21775 22026 22320 22397 22396 22337 22308 22109 21914 21816 21575 21260 21070 20891 20807 20514 20116 19609 18975 18433 18147 17977 17942 17902 17933 17959 17918 17827 17447 16716 16787 16825 17065 17396 17460 17635 17731 17847 17943 18083 18482 18783 18895 18956 19248 19104 19285 19342 19334 19265 19276 19554 19752 19898 19990 20016 19959 19965 20244 20599 20872 20939 20901 20826 20770 20676 20621 20613 20586 20518 20545 20559 20546 20579
21867 21921 22159 22147 22059 21565 21368 21168 21078 21179 21265 21376 21374 21234 20982 20736 20605 20512 20203 20040 19726 19496 19124 18764 18559 18420 18409 18313 18285 18308 18332 18310 18187 18276 18260 18500 18861 18966 19345 19491 19609 19585 19511 19566 19773 19915 20014 20116 20197 20350 20475 20630 20704 20629 20389 20190 20002 19933 19922 19876 19731 19815 20137 20243 20417 20311 19896 19576 19243 19038 19183 19178 19456 19751 20108 20260 20224
22314 22341 22469 22445 22203 21535 20958 20372 19930 20008 20127 20128 20159 20153 20073 20104 19955 19831 19827 19734 19703 19529 19249 19011 18813 18842 18854 18843 18738 18640 18657 18692 18749 18884 19185 19466 19561 19621 19627 19655 19565 19361 19201 19043 19032 18978 19187 19285 19423 19608 19851 20112 20498 20670 20568 20450 20248 19851 19586 19471 19526 19648 19848 19857 19304 18412 17421 16872 16285 15870 15678 15972 16443 17269 18219 19005 19770
22780 22558 22481 22459 21994 21329 20682 20169 20049 20150 20119 20160 20470 20724 20839 20788 20770 20594 20354 20140 20077 20037 19857 19595 19491 19717 19763 19719 19443 19125 18913 18780 18752 18954 19239 19437 19577 19545 19227 18760 18199 17832 17686 17663 17633 17675 17701 17710 17716 17947 18235 18646 19189 19852 20311 20354 20181 20050 19819 19678 19614 19511 19639 19462 18636 17783 16792 15952 15108 14492 14420 14665 15348 16163 17249 18068 19021
22797 22676 22392 22178 21933 21489 20896 20557 20504 20482 20145 19908 19741 19691 19868 19860 19864 19790 19541 19402 19399 19328 19224 19339 19759 19959 19985 19885 19675 19361 19060 18970 18884 18856 19072 19274 19305 19064 18504 17993 17583 17574 17560 17551 17562 17599 17617 17609 17591 17595 17578 17590 17812 18301 18896 19417 19822 19913 19868 19778 19652 19407 19371 19383 19129 18928 18597 18114 17655 17202 17196 17441 18002 18437 18731 18799 18970
22659 22618 22332 22426 22457 22169 21577 21218 21028 20940 20552 20260 19833 19338 18963 18671 18418 18398 18439 18436 18304 18161 18482 18829 19092 19292 19378 19414 19353 19103 19042 19038 19020 18965 19074 19221 19160 18703 18105 17733 17597 17607 17582 17554 17578 17556 17553 17547 17536 17526 17559 17550 17533 17540 17770 18232 18894 19305 19301 19206 18984 18742 18515 18550 18634 18838 18864 18704 18649 18613 18609 18617 18607 18626 18574 18486 18266
20788 20983 21342 21548 21824 21835 21334 20884 20625 20523 20446 20399 20229 20063 19998 19694 19296 19054 19058 19130 19128 18801 18690 18732 18517 18302 18330 18556 18833 19024 19159 19368 19441 19433 19441 19457 19390 19425 19351 19051 18490 17982 17690 17585 17555 17553 17532 17522 17501 17498 17491 17516 17562 17567 17917 18353 18818 18964 18897 18612 18339 18118 18025 18008 18081 18100 18081 18043 18059 18118 18092 18065 18031 18030 17981 17937 17916
19218 18796 19057 19396 19824 20145 20065 19858 19516 19415 19566 19917 20296 20575 20600 20543 20347 20206 20096 20013 19846 19721 19694 19664 19608 19439 19133 18643 18348 18604 18970 19193 19312 19281 19287 19315 19545 19733 19717 19464 19107 18748 18353 18003 17660 17565 17544 17524 17530 17517 17549 17552 17746 18133 18701 18932 19066 18904 18554 18235 17985 17908 17904 17889 17920 17920 17878 17853 17851 17899 17912 17881 17850 17867 17860 17837 17818
21924 21473 21118 20651 20094 19416 18847 18569 18273 18308 18615 19078 19694 20266 20669 20858 21020 21009 20916 20837 20813 20745 20641 20497 20379 20091 19708 19342 19220 19578 19672 19570 19432 19274 19002 18834 19025 19332 19346 19369 19379 19301 19061 18669 18041 17622 17580 17587 17576 17559 17702 17867 18017 18361 18703 18790 18799 18571 18261 18008 17840 17837 17849 17823 17824 17840 17825 17799 17787 17814 17808 17812 17811 17813 17814 17822 17810
23038 22983 22524 21811 20796 19815 18904 18334 17775 17510 17657 17942 18506 19103 19790 20407 21004 21246 21092 20849 20740 20654 20714 20728 20741 20539 19963 19494 19107 19384 19563 19549 19676 19624 19326 19036 18674 18440 18374 18381 18292 18033 17908 17794 17653 17581 17536 17501 17488 17486 17510 17546 17629 17810 17977 18111 18257 18175 18118 17963 17815 17817 17822 17807 17814 17812 17821 17822 17796 17807 17797 17832 17823 17832 17822 17829 17814
22684 22883 22699 22261 21756 21039 20366 19862 19471 19348 19501 19829 20201 20695 21493 21910 22026 21933 21472 21145 20777 20559 20471 20624 20740 20714 20488 20339 20225 20071 19892 19707 19749 19568 19016 18443 17817 17644 17653 17629 17617 17604 17465 17468 17481 17499 17497 17494 17480 17437 17422 17420 17402 17410 17405 17468 17499 17625 17826 17819 17734 17744 17777 17784 17780 17778 17807 17824 17823 17798 17792 17771 17793 17795 17799 17791 17790
21939 22137 22190 22173 22037 22060 21997 21912 21920 21730 21661 21684 21791 21800 21770 22018 22140 22107 21917 21917 21728 21241 21094 21360 21389 21263 21059 20850 20451 20176 19941 19649 19195 18756 18295 17976 17741 17748 17772 17670 17571 17570 17546 17513 17533 17525 17469 17461 17453 17426 17415 17404 17389 17395 17442 17412 17434 17432 17522 17667 17748 17760 17752 17734 17766 17740 17751 17750 17748 17744 17754 17756 17772 17770 17773 17779 17781
21657 21664 21580 21634 21802 21803 22069 22057 22055 21992 21799 21681 21702 21665 21510 21514 21699 21758 21888 21898 21765 21500 21494 21420 21397 21236 21012 20835 20503 20120 19744 19464 19176 18910 18510 18095 17773 17664 17600 17579 17576 17561 17522 17489 17459 17445 17438 17444 17427 17430 17436 17424 17406 17397 17390 17376 17380 17397 17444 17493 17631 17706 17796 17888 17849 17782 17756 17754 17759 17752 17748 17745 17748 17769 17766 17751 17758
21456 21567 21596 21595 21376 21372 21559 21672 21692 21724 21753 21734 21662 21724 21600 21648 21750 21872 21851 21840 21931 21907 21894 21850 21705 21481 21157 20900 20490 20046 19768 19356 19030 18760 18460 18131 18019 17838 17749 17625 17528 17480 17462 17465 17454 17434 17440 17408 17419 17447 17463 17455 17447 17443 17419 17411 17377 17374 17371 17383 17392 17414 17473 17570 17794 17862 17903 17838 17776 17753 17772 17760 17881 18053 18407 18636 18661
22040 22049 21955 21868 21720 21630 21636 21774 21828 21962 22081 22162 22198 22141 22124 22148 22085 22161 22351 22399 22388 22375 22286 22102 21997 21757 21443 21159 20946 20741 20480 20176 19569 19037 18476 18148 17968 18050 18067 18020 17874 17622 17548 17511 17485 17464 17487 17467 17450 17438 17461 17460 17490 17477 17496 17492 17489 17467 17443 17424 17547 17928 18286 18545 18542 18381 18234 18183 18155 18148 18452 18907 19344 19377 19554 19611 19722
22102 22034 21830 21515 21034 20748 20636 20739 20949 21296 21680 22013 22188 22216 22218 22175 22261 22309 22444 22532 22564 22547 22380 22198 22054 21797 21611 21434 21360 21408 21358 21038 20702 20560 20123 19582 18967 18849 18941 18939 18690 18351 18046 17818 17572 17505 17494 17505 17502 17510 17572 17700 17815 18075 18228 18133 17864 17594 17578 17796 18172 18532 18842 19094 19276 19235 19099 18995 18954 19191 19382 19688 19869 20093 20248 20331 20376
20529 20101 19920 19423 19086 18917 18929 19011 19335 19664 20183 20654 21300 21833 22229 22571 22818 22931 22945 22856 22617 22511 22220 21989 21912 21648 21431 21412 21594 21606 21637 21629 21551 21410 21251 21012 20684 20342 20126 20129 20005 19840 19696 19387 19158 19139 18942 18829 18655 18469 18560 18806 18854 18696 18684 18613 18422 18788 18920 19047 19171 19309 19484 19698 19979 20195 20261 20203 19896 19939 20070 20278 20489 20742 20954 21031 21223
18415 17951 17858 17670 17704 17643 17776 17927 18040 18293 18764 19158 19935 20797 21491 22068 22591 22959 23008 22835 22401 21927 21568 21510 21490 21423 21410 21539 21697 21834 21892 21891 21905 21845 21712 21510 21185 20920 20911 20869 20960 20949 20862 20739 20431 20227 19883 19579 19353 19269 19179 19304 19392 19343 19176 19156 19318 19515 19637 19725 19858 20113 20462 20667 21042 21206 21348 21370 21164 20790 20533 20692 21002 21274 21404 21461 21509
17575 17568 17584 17622 17665 17690 17706 17707 17656 17651 17869 18180 18669 19444 20208 20889 21677 22380 22761 22966 23008 22799 22423 22111 22094 22257 22484 22677 22814 22822 22750 22636 22450 22116 21818 21558 21369 21454 21628 21624 21490 21348 21238 21172 20974 20501 20151 19918 20100 20130 19979 19782 19535 19252 19379 19485 19476 19438 19567 19806 20243 20624 20914 21198 21408 21580 21834 21972 21973 21819 21587 21360 21371 21469 21478 21477 21511
17631 17689 17713 17732 17755 17768 17792 17781 17789 17930 18002 18205 18444 18694 19396 20128 20985 21798 22543 23033 23306 23282 22953 22877 22859 23022 23146 23260 23256 23076 22917 22779 22571 22483 22115 21832 21817 21890 21776 21655 21466 21307 21226 21234 21268 21167 20918 20902 20879 20722 20771 20812 20714 20557 20525 20528 20288 20130 20186 20472 20819 21134 21440 21679 21786 21779 21808 21970 21965 21855 21598 21344 21229 21164 21090 21049 20977
18342 18120 17889 17872 17891 17902 17889 17927 17972 18129 18334 18593 18999 19536 20174 20732 21458 22222 22929 23229 23331 23315 23416 23401 23377 23345 23372 23391 23308 23206 23007 22858 22600 22418 22335 22142 22013 21942 21823 21693 21546 21431 21427 21370 21355 21361 21430 21498 21518 21645 21676 21668 21645 21378 21575 21617 21602 21666 21925 21907 21349 21348 21643 21748 21757 21861 21840 21641 21505 21326 21101 20849 20573 20429 20406 20373 20203
20327 20013 19515 19277 19018 18889 18952 19047 19413 19689 20152 20555 21282 21484 22063 22612 23123 23517 23543 23445 23379 23198 22910 22455 22010 21776 21876 22247 22706 23093 23151 23018 22667 22401 22281 22139 22075 22063 21997 21861 21729 21673 21659 21632 21694 21649 21825 22048 22157 22210 22269 22197 21977 21725 21600 21562 21621 21592 21905 22130 22370 22571 22577 22509 22336 22165 22006 21765 21474 21247 20942 20880 20704 20282 20237 19956 19658
22683 22333 22036 21720 21639 21372 21179 21328 21683 22108 22526 22885 23296 23681 23827 23785 23714 23706 23625 23509 23368 22840 22125 21485 20841 20565 20658 21130 21729 22363 22740 22820 22565 22381 22225 22219 22189 22437 22451 22419 22412 22409 22449 22484 22498 22465 22591 22623 22679 22799 22817 22759 22633 22492 22343 22213 22101 22112 22413 22807 23176 23208 22843 22487 22057 21588 21305 21280 21024 20636 20205 20353 20362 20014 19474 18907 18545
24190 24069 23880 23815 23640 23452 23355 23511 23646 23760 23829 23807 23843 23957 23985 23941 23781 23687 23613 23478 23344 23120 22977 22823 22263 21733 21855 22506 22909 22853 22771 22607 22457 22280 22270 22346 22522 22732 22786 22782 22849 23068 23249 23255 23138 23081 23192 23077 22837 22818 22758 22649 22509 22454 22441 22362 22622 23051 23279 23484 23663 23671 23474 22965 22312 21950 21625 21367 21148 20761 20426 20100 19808 19502 19089 18845 18533
24533 24452 24434 24416 24356 24321 24162 24094 24046 23927 23822 23700 23607 23584 23617 23612 23545 23254 23299 23292 23174 23197 23096 22774 22118 21573 21875 22308 22589 22641 22970 23039 23028 22912 23050 23203 23288 23376 23449 23434 23331 23427 23597 23578 23651 23544 23313 22841 22110 21466 20932 20716 20688 20862 21207 21698 22371 23029 23531 23602 23665 23665 23415 22931 22374 21962 21441 21067 20571 20205 20003 19863 19605 19113 18757 18384 17950
24420 24274 24409 24380 24355 24332 24265 24188 24038 23972 23859 23645 23500 23415 23292 23238 23209 23170 23185 23193 23151 22928 22763 22632 22593 22489 22548 22797 22898 22858 22802 22925 22965 22994 23101 23270 23323 23373 23497 23491 23455 23562 23608 23647 23626 23394 23100 22922 22468 21949 21362 21198 21247 21481 21875 22280 22741 23240 23492 23513 23318 23061 22721 22303 21806 21357 20830 20401 19858 19368 19052 18865 18761 18606 18288 18014 17685
23617 23506 23562 23667 23708 23810 23815 23834 23742 23756 23515 23411 23413 23353 23130 23040 22954 22914 22852 22741 22586 22434 22730 23071 23266 23275 23190 23065 22907 22774 22653 22601 22700 22703 22688 22679 22835 22953 23089 23184 23209 23325 23427 23496 23608 23643 23645 23524 23287 23167 23107 23033 22956 23023 23162 23308 23533 23689 23673 23450 23163 22741 22323 21869 21206 20460 19756 19222 18520 17979 17507 17340 17075 16884 16763 16669 16599
