Alternative/Moon/Lvl0_30x30/Ele_FC.asc
ncols         335
nrows         335
xllcorner     -13342508.343
yllcorner     -10077166.958
cellsize      10000
nodata_value  -9999.0
[rows 272 to 305 of 335, columns 0 to 76 of 335]
23516 23433 23355 23265 23167 23087 23024 22897 22835 22824 22767 22783 22729 22716 22680 22686 22650 22713 22673 22682 22690 22681 22693 22691 22595 22495 22375 22322 22345 22421 22519 22602 22704 22801 22879 22913 22908 22865 22838 22782 22679 22637 22582 22550 22525 22527 22523 22512 22449 22360 22227 22150 22021 21898 21744 21643 21557 21496 21477 21518 21497 21498 21438 21357 21239 21069 20856 20743 20542 20341 20136 19983 19813 19665 19557 19515 19490
24854 24869 24875 24892 24922 24962 24973 24989 25014 25013 25011 25006 25058 24965 24941 24935 24910 24900 24868 24794 24622 24546 24441 24328 24277 24117 24113 24091 24023 24028 24124 24147 24133 24158 24114 24125 24090 24039 23978 23947 23921 23853 23819 23777 23767 23750 23711 23676 23650 23591 23578 23576 23566 23520 23513 23437 23429 23358 23274 23165 23002 22839 22644 22476 22280 22072 21869 21678 21481 21276 21084 20914 20777 20610 20466 20308 20167
24870 24908 24987 25065 25183 25314 25459 25576 25692 25804 25900 25958 26032 26063 26090 26114 26135 26191 26228 26269 26303 26305 26299 26253 26237 26233 26218 26185 26154 26067 26020 25944 25895 25860 25891 25849 25823 25754 25691 25611 25530 25518 25583 25666 25769 25819 25851 25863 25875 25829 25812 25758 25675 25572 25480 25370 25283 25160 24993 24941 24749 24568 24453 24305 24149 23977 23782 23672 23423 23246 23088 22908 22767 22539 22326 22177 21994
25578 25569 25562 25560 25560 25590 25632 25663 25697 25824 25927 26004 26096 26170 26197 26248 26259 26294 26306 26311 26354 26374 26382 26390 26430 26514 26602 26676 26728 26747 26739 26700 26642 26569 26504 26498 26491 26503 26531 26549 26548 26547 26546 26565 26562 26547 26521 26486 26481 26474 26429 26371 26278 26177 26085 26050 26032 26012 25952 25873 25773 25707 25664 25639 25566 25444 25309 25207 24989 24831 24669 24516 24300 24062 23851 23675 23471
25895 25822 25745 25691 25638 25607 25626 25653 25689 25711 25730 25725 25757 25794 25840 25913 25975 26088 26200 26273 26332 26361 26384 26369 26376 26397 26417 26424 26432 26421 26404 26390 26362 26345 26294 26314 26337 26372 26396 26405 26407 26400 26384 26358 26336 26327 26341 26352 26352 26347 26352 26337 26322 26349 26345 26339 26331 26280 26184 26146 26162 26174 26144 26083 26001 25862 25720 25565 25389 25199 24989 24822 24609 24408 24194 24028 23824
25840 25817 25784 25755 25714 25622 25568 25523 25496 25491 25488 25503 25530 25571 25596 25616 25621 25626 25602 25588 25611 25663 25712 25733 25742 25721 25686 25650 25626 25670 25729 25780 25833 25884 25927 25958 26014 26041 26067 26089 26168 26244 26302 26335 26364 26402 26418 26424 26445 26480 26495 26504 26485 26444 26422 26425 26438 26430 26368 26331 26262 26183 26070 25952 25816 25679 25526 25390 25214 25034 24854 24693 24498 24309 24113 23959 23780
25654 25626 25581 25536 25480 25418 25358 25289 25223 25137 25056 24995 24959 24952 24976 24990 25010 25036 25046 25067 25072 25080 25106 25129 25166 25187 25210 25247 25257 25272 25300 25342 25410 25485 25569 25617 25672 25700 25723 25747 25779 25828 25883 25922 26000 26078 26165 26232 26316 26375 26416 26438 26442 26440 26459 26473 26444 26410 26356 26286 26168 26026 25877 25737 25562 25405 25237 25121 24972 24816 24654 24516 24350 24190 24032 23899 23739
25033 25024 24990 24966 24951 24935 24913 24893 24874 24869 24867 24856 24855 24863 24874 24881 24917 24960 25009 25056 25079 25070 25008 24911 24859 24863 24893 24922 24954 25014 25090 25135 25195 25275 25321 25363 25411 25466 25506 25556 25587 25604 25622 25639 25667 25722 25798 25867 25926 25989 26043 26078 26103 26116 26105 26069 25982 25876 25758 25639 25503 25380 25255 25141 25027 24897 24757 24644 24521 24378 24232 24121 23968 23822 23673 23544 23390
24293 24322 24346 24388 24413 24435 24458 24482 24514 24552 24600 24635 24686 24744 24831 24897 24983 25084 25182 25249 25321 25381 25444 25456 25475 25528 25562 25543 25547 25555 25601 25662 25717 25728 25716 25694 25585 25486 25303 25217 25062 24938 24769 24651 24709 24800 24864 24957 25031 25080 25179 25238 25301 25336 25345 25312 25211 25106 24975 24866 24707 24578 24437 24315 24185 24055 23926 23834 23709 23627 23526 23437 23350 23309 23253 23209 23153
23776 23814 23874 23889 23945 23984 24027 24065 24102 24143 24202 24273 24338 24440 24521 24619 24706 24805 24866 24948 25008 25060 25052 25034 25084 25171 25248 25319 25387 25473 25552 25602 25650 25750 25836 25877 25885 25858 25790 25728 25618 25508 25384 25259 25112 24959 24829 24718 24593 24511 24397 24321 24216 24115 24022 23960 23963 23953 23911 23872 23851 23790 23757 23723 23685 23631 23583 23561 23518 23466 23394 23328 23249 23164 23090 23040 23026
22623 22680 22767 22838 22912 22980 23050 23103 23184 23225 23302 23329 23430 23506 23607 23737 23832 23981 24078 24178 24250 24366 24469 24546 24660 24761 24857 24962 25063 25169 25278 25368 25468 25517 25565 25591 25581 25566 25530 25475 25395 25336 25271 25187 25095 24997 24906 24837 24768 24699 24625 24573 24512 24468 24425 24398 24358 24321 24319 24306 24309 24347 24383 24407 24423 24448 24456 24467 24482 24464 24436 24394 24360 24343 24299 24328 24335
21908 21984 22041 22086 22137 22135 22152 22153 22174 22224 22337 22393 22524 22632 22755 22852 22952 23062 23141 23234 23375 23488 23602 23736 23853 24003 24133 24248 24365 24487 24610 24726 24859 24984 25086 25158 25225 25290 25340 25356 25361 25303 25230 25151 25070 24977 24901 24833 24777 24720 24667 24631 24602 24560 24532 24510 24487 24473 24442 24422 24398 24377 24421 24442 24456 24459 24470 24474 24516 24538 24536 24550 24573 24569 24607 24637 24677
20789 20900 21012 21079 21180 21277 21359 21440 21512 21564 21655 21710 21783 21859 21958 22043 22150 22254 22376 22462 22564 22668 22785 22851 22961 23070 23176 23248 23376 23457 23567 23643 23729 23829 23900 23977 24078 24116 24194 24213 24271 24292 24347 24337 24369 24370 24405 24409 24421 24442 24451 24460 24466 24440 24436 24420 24393 24372 24313 24272 24200 24132 24069 24027 23981 23975 23982 23952 23944 23924 23954 23976 24021 24067 24088 24097 24137
19824 19912 20005 20043 20137 20221 20311 20390 20466 20555 20628 20673 20762 20855 20915 20962 21016 21059 21108 21159 21185 21213 21257 21265 21308 21304 21358 21361 21439 21485 21513 21531 21575 21662 21707 21726 21791 21855 21939 22032 22079 22172 22279 22355 22458 22555 22667 22766 22825 22875 22925 22939 22968 22935 22914 22891 22782 22721 22660 22585 22533 22429 22363 22357 22288 22238 22186 22186 22185 22169 22148 22163 22194 22166 22183 22194 22151
18904 18946 18990 19048 19117 19213 19293 19343 19420 19519 19558 19644 19677 19730 19746 19783 19777 19807 19791 19785 19803 19822 19864 19900 19948 19988 20031 20064 20108 20134 20176 20198 20222 20253 20288 20313 20339 20351 20378 20387 20441 20459 20538 20575 20668 20773 20800 20896 20931 21006 21074 21061 21038 21007 20980 20918 20874 20825 20757 20697 20647 20557 20495 20416 20377 20287 20220 20164 20073 20012 19932 19897 19883 19891 19897 19960 19966
17861 17907 17962 18004 18055 18101 18125 18178 18198 18263 18353 18433 18520 18572 18618 18670 18707 18779 18820 18874 18967 19046 19101 19188 19253 19334 19405 19431 19502 19553 19620 19650 19644 19660 19651 19648 19622 19579 19529 19485 19438 19398 19368 19322 19298 19320 19263 19286 19255 19278 19262 19277 19294 19245 19289 19265 19242 19235 19219 19193 19141 19059 19020 18926 18835 18726 18637 18569 18522 18451 18394 18341 18329 18306 18311 18338 18410
16763 16791 16824 16840 16891 16925 16968 17014 17047 17102 17139 17166 17219 17269 17328 17354 17406 17460 17534 17569 17655 17742 17789 17837 17873 17928 17991 18048 18127 18209 18282 18338 18407 18450 18484 18487 18486 18473 18450 18434 18395 18354 18297 18251 18203 18151 18106 18070 18027 17985 17938 17910 17866 17825 17784 17774 17714 17680 17670 17656 17627 17607 17599 17559 17545 17537 17522 17550 17545 17514 17459 17456 17455 17398 17394 17400 17409
16481 16489 16524 16543 16573 16592 16605 16646 16657 16693 16718 16741 16774 16792 16810 16836 16859 16886 16912 16952 16984 17002 17041 17061 17095 17145 17204 17213 17274 17312 17380 17424 17448 17496 17519 17553 17553 17568 17569 17548 17540 17517 17493 17484 17421 17362 17308 17246 17176 17100 17050 16995 16945 16845 16802 16748 16661 16661 16614 16550 16516 16459 16435 16400 16387 16365 16353 16350 16334 16330 16298 16279 16287 16262 16262 16274 16282
16064 16088 16111 16129 16138 16173 16209 16230 16254 16265 16273 16283 16282 16279 16275 16272 16268 16259 16258 16254 16254 16247 16249 16244 16242 16245 16248 16248 16253 16239 16235 16232 16221 16206 16211 16231 16267 16275 16294 16294 16304 16291 16288 16261 16243 16214 16151 16122 16047 15970 15900 15862 15830 15808 15782 15779 15781 15789 15789 15781 15758 15736 15713 15704 15694 15697 15704 15716 15723 15729 15733 15751 15764 15774 15783 15786 15779
16178 16205 16224 16230 16237 16238 16233 16246 16251 16246 16221 16203 16178 16146 16102 16068 16025 15994 15951 15937 15913 15897 15892 15880 15882 15883 15872 15861 15829 15795 15755 15707 15678 15664 15638 15630 15651 15692 15709 15741 15774 15773 15767 15749 15734 15734 15743 15768 15780 15802 15828 15843 15856 15842 15826 15821 15821 15830 15830 15824 15802 15790 15765 15759 15751 15761 15771 15774 15774 15773 15766 15769 15759 15763 15770 15772 15766
16289 16320 16338 16333 16321 16291 16243 16194 16143 16088 16081 16074 16051 16012 15957 15916 15869 15809 15746 15697 15654 15623 15598 15557 15515 15483 15461 15459 15481 15493 15516 15523 15515 15508 15491 15480 15451 15442 15439 15437 15437 15433 15434 15440 15454 15473 15501 15526 15554 15565 15563 15570 15584 15557 15573 15570 15532 15526 15502 15521 15529 15552 15597 15625 15639 15638 15603 15561 15517 15480 15452 15428 15401 15392 15395 15384 15388
16462 16433 16407 16378 16329 16280 16234 16189 16137 16093 16036 15985 15917 15862 15805 15761 15713 15664 15628 15600 15573 15542 15521 15508 15490 15468 15445 15428 15419 15413 15402 15391 15379 15368 15363 15364 15368 15368 15371 15371 15372 15374 15371 15375 15379 15400 15412 15420 15426 15437 15436 15433 15430 15423 15411 15409 15393 15376 15362 15382 15401 15407 15406 15399 15387 15386 15374 15373 15388 15385 15380 15388 15380 15381 15383 15386 15395
15671 15685 15711 15743 15777 15816 15861 15900 15903 15895 15867 15877 15861 15826 15790 15761 15725 15683 15650 15641 15628 15615 15598 15589 15576 15568 15553 15542 15539 15547 15563 15576 15587 15586 15582 15565 15536 15488 15454 15413 15377 15365 15370 15369 15370 15373 15379 15394 15403 15407 15401 15391 15378 15369 15361 15355 15354 15354 15351 15351 15351 15356 15353 15359 15361 15356 15362 15365 15369 15374 15380 15383 15394 15404 15418 15432 15436
15431 15408 15388 15386 15399 15416 15416 15416 15403 15407 15433 15475 15518 15568 15619 15647 15661 15663 15658 15657 15666 15676 15687 15701 15703 15733 15751 15760 15769 15770 15769 15765 15749 15728 15708 15688 15662 15638 15611 15590 15570 15558 15550 15546 15542 15539 15542 15550 15564 15580 15594 15604 15605 15603 15595 15580 15564 15560 15555 15551 15557 15556 15555 15564 15577 15576 15593 15606 15619 15603 15628 15645 15659 15668 15705 15703 15733
15589 15591 15597 15588 15600 15602 15605 15603 15604 15619 15635 15655 15676 15694 15709 15715 15724 15735 15739 15742 15740 15739 15738 15740 15737 15740 15745 15765 15771 15766 15743 15718 15682 15671 15666 15673 15672 15687 15698 15717 15732 15744 15757 15754 15756 15747 15737 15736 15727 15744 15772 15789 15822 15857 15885 15907 15940 15981 16019 16052 16098 16142 16193 16228 16274 16307 16337 16346 16362 16371 16388 16406 16440 16462 16473 16476 16478
15740 15747 15758 15767 15777 15792 15805 15818 15839 15851 15869 15882 15903 15930 15951 15965 15966 15955 15938 15935 15914 15903 15890 15889 15890 15885 15879 15879 15883 15879 15877 15882 15874 15872 15879 15888 15896 15899 15900 15903 15903 15903 15886 15865 15858 15867 15893 15915 15929 15942 15957 15987 16012 16036 16070 16089 16114 16146 16169 16185 16203 16221 16255 16283 16311 16337 16355 16355 16351 16351 16341 16327 16327 16314 16330 16338 16337
15735 15748 15772 15790 15810 15825 15837 15846 15851 15849 15838 15825 15809 15820 15832 15838 15844 15851 15853 15855 15858 15858 15854 15855 15850 15844 15842 15850 15869 15884 15903 15929 15949 15970 15982 15979 15983 15985 15987 15993 15991 15991 15998 15996 15992 15987 15980 15985 15985 15985 15980 15969 15967 15968 15969 15973 15979 15982 15986 15991 15999 16004 16002 16001 16000 15993 16000 16003 15999 16000 16013 16006 16000 15997 15991 15989 15985
15781 15773 15773 15769 15771 15766 15764 15763 15768 15773 15772 15779 15785 15795 15806 15815 15819 15821 15817 15813 15817 15817 15817 15812 15811 15816 15825 15834 15843 15854 15874 15894 15914 15932 15946 15947 15941 15943 15938 15940 15936 15937 15937 15935 15933 15937 15935 15932 15927 15925 15936 15943 15946 15946 15944 15940 15942 15946 15947 15948 15953 15959 15964 15976 15985 15995 16002 16007 16010 16016 16017 16018 16017 16014 16013 16011 16005
15903 15902 15905 15899 15899 15904 15913 15925 15940 15959 15974 15983 15994 15996 15985 15971 15955 15936 15925 15916 15911 15904 15898 15896 15893 15890 15886 15881 15880 15883 15887 15888 15885 15886 15887 15890 15898 15905 15907 15916 15918 15919 15916 15910 15907 15906 15905 15902 15902 15904 15916 15917 15920 15915 15922 15914 15917 15916 15915 15919 15917 15913 15914 15909 15895 15901 15913 15925 15944 15960 15975 15977 15986 16005 16021 16041 16053
16254 16257 16267 16270 16264 16255 16240 16223 16204 16180 16153 16131 16103 16082 16061 16050 16036 16017 15999 15982 15960 15942 15923 15913 15908 15908 15908 15904 15911 15910 15910 15912 15913 15916 15920 15933 15952 15970 15984 16000 16013 16038 16062 16081 16101 16129 16159 16180 16201 16224 16250 16272 16294 16314 16332 16354 16369 16389 16407 16408 16430 16438 16452 16462 16460 16461 16481 16504 16523 16547 16578 16589 16615 16626 16634 16640 16653
16280 16283 16290 16292 16295 16303 16311 16319 16329 16342 16360 16377 16396 16417 16436 16451 16466 16497 16526 16544 16558 16593 16603 16622 16644 16651 16676 16679 16682 16655 16658 16627 16616 16585 16567 16552 16519 16502 16469 16455 16408 16391 16365 16343 16303 16277 16248 16230 16213 16200 16204 16216 16232 16249 16258 16264 16263 16260 16260 16262 16268 16282 16306 16326 16363 16399 16440 16468 16505 16548 16591 16623 16659 16689 16720 16743 16771
16292 16304 16314 16320 16327 16351 16376 16399 16424 16445 16477 16504 16541 16579 16616 16650 16690 16729 16767 16801 16838 16875 16910 16941 16976 16996 17002 17002 16985 16975 16952 16927 16892 16853 16807 16783 16750 16716 16690 16666 16634 16619 16594 16581 16571 16560 16538 16526 16507 16490 16484 16477 16462 16447 16456 16463 16474 16503 16520 16535 16554 16569 16587 16590 16596 16598 16612 16624 16638 16667 16689 16707 16735 16757 16768 16795 16824
16808 16823 16832 16830 16868 16877 16892 16903 16926 16949 16962 16992 17010 17049 17069 17101 17122 17162 17190 17212 17228 17249 17251 17266 17275 17281 17276 17278 17279 17272 17260 17255 17240 17226 17205 17178 17133 17115 17070 17021 16979 16941 16907 16873 16851 16824 16822 16812 16806 16803 16800 16806 16804 16800 16790 16794 16812 16842 16863 16886 16914 16937 16952 16967 16974 17002 17047 17087 17126 17173 17217 17262 17306 17341 17363 17387 17407
17840 17821 17819 17815 17818 17822 17819 17829 17839 17853 17870 17883 17900 17919 17938 17948 17976 17993 18007 18023 18026 18034 18042 18039 18034 18023 18014 17986 17956 17929 17887 17872 17825 17788 17755 17728 17700 17660 17619 17603 17566 17530 17478 17465 17421 17413 17408 17398 17396 17417 17422 17441 17461 17471 17515 17545 17589 17613 17650 17647 17709 17724 17770 17789 17840 17847 17892 17907 17949 17951 17964 17989 18003 18032 18042 18060 18088
