Alternative/Moon/Lvl0_30x30/Ele_FJ.asc
ncols         335
nrows         335
xllcorner     10107491.657
yllcorner     -10077166.958
cellsize      10000
nodata_value  -9999.0
[rows 238 to 271 of 335, columns 77 to 153 of 335]
15703 15719 15770 15794 15812 15840 15838 15798 15725 15645 15561 15562 15552 15544 15541 15535 15520 15522 15522 15543 15559 15586 15645 15704 15746 15810 15847 15843 15805 15780 15758 15685 15630 15652 15670 15682 15678 15695 15764 15831 15916 15981 16010 16058 16117 16132 16134 16128 16082 16020 15942 15797 15729 15736 15706 15654 15601 15594 15563 15518 15463 15449 15445 15442 15439 15439 15462 15487 15530 15532 15525 15546 15598 15622 15649 15677 15714
16065 16072 16036 16002 15949 15869 15865 15808 15720 15662 15612 15585 15571 15586 15591 15617 15616 15592 15645 15732 15842 15888 15944 15951 15930 15946 15911 15890 15813 15765 15691 15614 15613 15662 15701 15712 15676 15661 15656 15665 15728 15815 15936 16034 16065 16093 16102 16099 16031 15967 15909 15840 15827 15817 15792 15768 15697 15596 15551 15521 15460 15452 15447 15442 15441 15442 15464 15464 15477 15512 15525 15542 15537 15534 15542 15563 15580
16251 16143 16032 15974 15923 15869 15827 15814 15860 15895 15919 15928 15958 15952 15939 15987 16028 16048 16052 16055 16045 16061 16077 16081 16069 16058 16024 15976 15927 15850 15737 15612 15503 15413 15292 15196 15123 15086 15086 15109 15133 15152 15194 15294 15377 15436 15492 15533 15581 15608 15650 15666 15710 15728 15733 15738 15713 15676 15620 15589 15581 15571 15570 15563 15550 15535 15504 15501 15524 15542 15556 15628 15637 15644 15651 15654 15664
16275 16252 16218 16175 16099 16048 16054 16107 16130 16138 16136 16140 16118 16116 16118 16104 16092 16082 16073 16034 15943 15878 15845 15811 15760 15766 15746 15708 15616 15549 15518 15467 15422 15404 15348 15273 15212 15194 15199 15144 15129 15118 15126 15129 15177 15217 15290 15365 15440 15487 15522 15509 15582 15627 15644 15629 15582 15571 15562 15554 15559 15563 15581 15591 15611 15637 15686 15733 15736 15765 15770 15776 15772 15756 15735 15725 15710
16473 16411 16374 16333 16295 16253 16168 16125 16090 16049 15968 15863 15809 15773 15755 15760 15762 15762 15765 15733 15703 15670 15626 15608 15588 15572 15573 15604 15628 15634 15616 15580 15567 15543 15528 15530 15504 15447 15337 15287 15289 15296 15294 15305 15343 15396 15446 15485 15510 15520 15512 15455 15385 15330 15295 15277 15276 15277 15281 15283 15299 15316 15342 15379 15407 15445 15494 15507 15515 15519 15534 15541 15538 15549 15564 15570 15551
16854 16805 16717 16629 16537 16470 16345 16224 16135 16049 15948 15828 15748 15688 15666 15638 15611 15602 15603 15606 15614 15576 15539 15527 15516 15528 15553 15611 15663 15671 15618 15504 15439 15379 15338 15430 15420 15348 15287 15248 15245 15245 15235 15228 15221 15221 15232 15250 15265 15264 15271 15277 15277 15276 15326 15321 15331 15341 15350 15366 15385 15401 15422 15443 15468 15474 15477 15470 15455 15440 15418 15395 15368 15369 15362 15356 15370
16690 16624 16540 16484 16405 16327 16211 16145 16083 16047 16021 16024 16010 15963 15964 16013 16003 15997 15989 15962 15934 15895 15845 15801 15761 15724 15654 15622 15588 15562 15492 15438 15412 15376 15370 15348 15290 15273 15265 15262 15254 15251 15250 15241 15243 15270 15294 15304 15318 15337 15353 15392 15387 15403 15419 15415 15429 15440 15449 15461 15460 15463 15473 15476 15481 15479 15473 15465 15449 15427 15392 15368 15350 15345 15342 15345 15370
16953 16867 16817 16774 16757 16681 16663 16628 16595 16545 16518 16483 16456 16438 16438 16426 16414 16403 16403 16395 16295 16231 16196 16136 16034 15985 15908 15829 15711 15643 15603 15554 15488 15428 15379 15337 15307 15291 15289 15289 15290 15288 15283 15280 15280 15266 15261 15266 15285 15312 15333 15382 15382 15405 15421 15423 15444 15454 15464 15469 15464 15459 15453 15437 15422 15407 15398 15385 15359 15351 15344 15311 15310 15307 15271 15261 15263
17355 17354 17309 17246 17162 17084 16943 16852 16797 16759 16699 16646 16601 16567 16519 16486 16435 16435 16397 16421 16411 16386 16389 16352 16301 16271 16209 16145 16038 15948 15927 15870 15809 15726 15644 15577 15498 15437 15387 15348 15305 15287 15285 15282 15275 15271 15266 15266 15261 15265 15294 15352 15375 15352 15304 15292 15268 15273 15255 15270 15306 15314 15312 15309 15311 15305 15300 15296 15283 15283 15278 15237 15239 15230 15181 15104 15160
17582 17570 17574 17565 17492 17446 17390 17302 17174 17099 16981 16948 16837 16788 16724 16701 16665 16627 16597 16533 16504 16491 16470 16431 16421 16382 16350 16310 16269 16226 16162 16121 16089 16027 15969 15909 15861 15797 15741 15686 15641 15631 15591 15538 15500 15479 15438 15423 15395 15383 15368 15351 15333 15317 15285 15262 15245 15259 15254 15250 15249 15247 15237 15245 15255 15237 15233 15233 15226 15221 15214 15215 15219 15226 15217 15222 15237
17480 17476 17462 17436 17424 17431 17436 17406 17373 17316 17304 17284 17207 17177 17145 17148 17141 17129 17067 17031 17013 16979 16927 16892 16853 16870 16837 16773 16657 16604 16509 16484 16426 16399 16382 16364 16329 16303 16272 16202 16143 16105 16029 15955 15929 15895 15824 15742 15696 15673 15608 15589 15506 15477 15395 15324 15289 15281 15279 15275 15273 15264 15267 15263 15264 15262 15258 15252 15251 15245 15242 15235 15225 15222 15209 15203 15206
17535 17513 17453 17379 17330 17281 17216 17145 17094 17051 17024 16966 16944 16908 16926 16966 16997 17006 17003 16997 16997 17009 17025 17047 17065 17055 17008 16997 16993 17011 17033 17031 16971 16913 16848 16768 16707 16672 16628 16614 16586 16561 16524 16475 16444 16403 16347 16281 16251 16249 16226 16175 16100 16073 15998 15906 15776 15705 15600 15517 15451 15404 15383 15364 15360 15319 15301 15307 15298 15294 15310 15305 15314 15312 15323 15336 15295
18098 18050 17976 17876 17790 17750 17704 17659 17602 17555 17522 17461 17403 17342 17290 17269 17229 17189 17156 17100 17053 17003 16964 16925 16842 16806 16787 16816 16865 16923 16954 16967 16959 16942 16920 16941 16986 17000 16984 16924 16925 16917 16949 16930 16917 16889 16765 16691 16658 16566 16573 16555 16530 16530 16517 16465 16393 16354 16227 16154 16139 16069 16046 16019 15976 15942 15939 15893 15860 15856 15835 15829 15813 15790 15787 15774 15767
18157 18117 18064 18021 17959 17907 17867 17825 17772 17754 17720 17702 17651 17610 17544 17526 17497 17476 17463 17450 17407 17393 17319 17252 17189 17152 17086 17075 17057 17048 17039 17024 17008 16985 17006 17004 16973 16969 16973 16973 17029 17034 17061 17074 17105 17130 17131 17102 17092 17064 17009 16960 16988 16946 16918 16835 16769 16724 16714 16649 16562 16532 16493 16415 16353 16332 16297 16276 16243 16234 16220 16215 16179 16159 16183 16241 16220
18687 18663 18623 18549 18456 18407 18383 18270 18224 18180 18172 18142 18132 18097 18081 18087 18036 17963 17854 17782 17736 17713 17681 17624 17583 17527 17466 17408 17363 17347 17354 17355 17312 17259 17346 17372 17364 17336 17298 17277 17214 17176 17163 17131 17092 17070 17036 17053 17048 17038 17026 17059 17093 17097 17091 17056 17035 17044 17046 17018 16988 16968 16923 16848 16780 16770 16750 16707 16677 16650 16643 16625 16557 16544 16568 16511 16471
19052 19043 19069 19065 19013 18898 18722 18540 18407 18370 18309 18250 18187 18135 18107 18105 18078 18034 17945 17907 17869 17833 17802 17775 17729 17630 17553 17457 17471 17476 17497 17510 17517 17512 17501 17483 17487 17485 17476 17446 17432 17408 17375 17347 17331 17304 17296 17267 17248 17204 17158 17101 17052 17041 17024 17026 17035 17062 17089 17118 17123 17124 17112 17081 17062 17029 17027 17002 16985 16982 16948 16931 16961 16971 16967 16900 16900
18906 18899 18887 18884 18876 18809 18682 18509 18405 18328 18273 18212 18172 18112 18056 18029 17999 17980 17965 17929 17881 17825 17786 17742 17717 17699 17658 17610 17579 17572 17553 17570 17570 17579 17597 17578 17559 17525 17500 17472 17422 17393 17366 17356 17353 17346 17347 17340 17340 17336 17357 17369 17370 17352 17338 17303 17261 17238 17201 17158 17113 17085 17068 17068 17096 17104 17106 17132 17162 17185 17181 17187 17178 17165 17132 17131 17130
18862 18858 18810 18762 18674 18652 18605 18528 18438 18361 18231 18150 18120 18076 18025 17978 17935 17924 17924 17912 17878 17824 17814 17810 17785 17767 17728 17709 17718 17710 17709 17723 17756 17764 17780 17780 17779 17783 17771 17748 17753 17750 17718 17681 17663 17617 17618 17601 17573 17535 17515 17515 17492 17504 17490 17448 17424 17394 17368 17328 17255 17174 17080 17059 17070 17072 17066 17062 17090 17113 17147 17154 17161 17157 17140 17157 17160
18158 18176 18234 18305 18365 18382 18418 18432 18404 18349 18245 18176 18128 18090 18058 18039 18012 17989 17961 17946 17900 17875 17825 17823 17829 17868 17903 17927 17923 17918 17921 17932 17932 17924 17909 17854 17817 17812 17798 17796 17785 17772 17773 17777 17774 17782 17789 17764 17728 17635 17602 17649 17625 17588 17542 17514 17499 17488 17460 17424 17378 17319 17281 17277 17239 17229 17220 17238 17229 17199 17144 17071 16999 16970 16972 16963 16961
17381 17487 17606 17692 17712 17745 17838 17935 17965 18011 18042 18065 18055 18111 18169 18205 18219 18231 18200 18112 18094 18134 18129 18087 18030 17974 17919 17834 17767 17745 17736 17760 17786 17806 17810 17787 17732 17713 17694 17665 17665 17659 17674 17674 17652 17610 17631 17633 17607 17543 17540 17547 17522 17505 17423 17348 17299 17317 17307 17248 17239 17226 17227 17237 17228 17236 17240 17270 17260 17214 17156 17094 17041 17049 17094 17137 17145
16635 16704 16748 16795 16876 16955 17090 17217 17345 17438 17594 17719 17782 17892 17930 17986 18057 18121 18149 18156 18150 18166 18152 18142 18141 18154 18142 18087 18009 17940 17847 17780 17725 17787 17798 17771 17764 17741 17744 17742 17730 17677 17598 17538 17502 17487 17441 17369 17327 17286 17245 17222 17186 17194 17189 17171 17136 17061 16990 17016 17047 17047 17034 17039 17015 16987 16939 16880 16827 16802 16776 16794 16832 16897 16995 17049 17070
15664 15750 15897 16069 16159 16227 16321 16386 16443 16536 16635 16793 16947 17081 17234 17375 17509 17558 17619 17646 17700 17761 17871 17971 18021 18102 18089 18071 18024 17959 17863 17781 17706 17657 17601 17574 17540 17486 17375 17308 17303 17409 17503 17519 17516 17486 17500 17516 17471 17464 17425 17392 17334 17286 17234 17182 17117 17043 16954 16861 16854 16824 16784 16757 16736 16772 16794 16834 16809 16781 16783 16742 16716 16696 16709 16738 16723
15285 15354 15398 15457 15529 15596 15709 15848 15973 16033 16137 16241 16373 16490 16634 16764 16943 17009 17104 17196 17225 17229 17209 17175 17138 17122 17117 17117 17113 17135 17136 17256 17270 17299 17316 17350 17397 17425 17426 17409 17395 17405 17457 17458 17410 17379 17396 17430 17455 17469 17472 17451 17371 17316 17320 17412 17523 17592 17622 17616 17579 17485 17403 17347 17337 17327 17288 17235 17215 17200 17170 17147 17162 17182 17174 17176 17167
14257 14428 14558 14722 14880 14993 15124 15302 15468 15578 15776 15928 16075 16185 16295 16366 16445 16502 16559 16583 16618 16585 16576 16596 16715 16810 16934 17005 17080 17126 17134 17096 17079 17019 16915 16829 16788 16858 16958 17086 17198 17223 17351 17409 17402 17433 17474 17501 17509 17476 17416 17352 17257 17221 17228 17337 17473 17576 17646 17706 17683 17670 17598 17571 17574 17552 17537 17485 17437 17439 17445 17448 17411 17360 17309 17274 17247
13672 13839 14042 14217 14340 14464 14610 14755 14858 14906 15025 15088 15170 15259 15307 15338 15343 15456 15615 15815 15999 16170 16330 16447 16530 16613 16702 16790 16841 16846 16869 16937 16943 16945 16940 16906 16882 16855 16818 16812 16847 16948 17036 17159 17229 17267 17275 17290 17295 17323 17365 17395 17441 17501 17497 17467 17393 17334 17276 17215 17158 17157 17115 17141 17176 17186 17191 17165 17133 17094 17080 17083 17080 17025 16996 17022 17045
13525 13597 13702 13803 13905 13929 13996 14045 14183 14243 14307 14365 14470 14552 14638 14795 14980 15155 15328 15504 15630 15725 15733 15730 15820 15916 15974 15988 15956 15989 15992 16076 16110 16202 16230 16292 16353 16442 16558 16696 16794 16864 16912 16923 16888 16861 16835 16843 16890 16922 17062 17207 17342 17436 17571 17639 17646 17641 17552 17420 17327 17277 17181 17074 16971 16939 16924 16916 16863 16869 16885 16844 16829 16781 16760 16756 16748
13044 13121 13220 13305 13315 13348 13402 13503 13528 13560 13611 13683 13737 13759 13809 13891 13952 14015 14111 14243 14323 14432 14632 14829 14999 15114 15312 15463 15567 15697 15831 15920 15999 16030 16051 16073 16110 16129 16159 16190 16251 16311 16376 16413 16466 16469 16459 16444 16575 16747 16979 17142 17317 17448 17524 17556 17549 17533 17472 17426 17370 17344 17313 17235 17168 17138 17071 17014 16971 16946 16937 16930 16907 16886 16857 16822 16797
12650 12736 12849 12990 13115 13247 13315 13349 13401 13419 13474 13558 13611 13659 13707 13796 13860 13935 14017 14108 14219 14326 14447 14548 14643 14702 14760 14807 14850 14966 15058 15196 15274 15355 15434 15507 15574 15646 15741 15834 15862 15870 15861 15937 16123 16292 16504 16726 16909 17062 17218 17360 17438 17516 17569 17618 17656 17679 17678 17659 17617 17571 17463 17426 17414 17414 17398 17353 17341 17311 17268 17239 17203 17174 17132 17075 17006
12549 12556 12581 12637 12682 12748 12828 12868 12921 12966 13004 13057 13112 13120 13186 13288 13365 13467 13635 13757 13820 13876 13995 14082 14194 14294 14402 14543 14644 14689 14730 14709 14819 14898 14995 15100 15199 15299 15424 15516 15570 15596 15628 15704 15839 15940 16150 16305 16484 16675 16828 16961 17056 17126 17181 17185 17211 17276 17368 17431 17457 17471 17478 17498 17511 17519 17525 17557 17594 17599 17574 17523 17414 17336 17204 17137 17060
12542 12542 12536 12544 12558 12563 12569 12599 12611 12620 12671 12745 12799 12872 13010 13160 13326 13459 13636 13783 13858 13881 13877 13878 13882 13901 14040 14197 14309 14402 14464 14574 14617 14689 14766 14821 14852 14849 14860 14878 14882 14909 14952 15061 15181 15304 15448 15621 15859 16039 16276 16488 16675 16827 17006 17134 17282 17362 17419 17476 17489 17490 17549 17630 17691 17690 17681 17697 17699 17681 17648 17594 17497 17410 17320 17222 17112
12541 12539 12540 12546 12544 12542 12552 12546 12545 12548 12553 12607 12687 12738 12823 12898 12979 13031 13106 13223 13337 13440 13522 13632 13773 13880 14015 14164 14319 14431 14542 14622 14707 14781 14854 14910 15018 15125 15248 15307 15320 15336 15376 15412 15480 15535 15630 15688 15750 15816 15891 15985 16168 16295 16481 16663 16847 17006 17173 17351 17494 17581 17636 17655 17648 17616 17525 17498 17437 17379 17317 17277 17220 17189 17145 17102 17076
12540 12537 12540 12534 12532 12535 12533 12539 12543 12546 12562 12602 12620 12638 12676 12717 12785 12875 12928 13019 13150 13289 13456 13604 13751 13863 13957 14038 14144 14240 14340 14425 14545 14629 14682 14727 14777 14851 14986 15161 15334 15464 15623 15730 15823 15900 16039 16161 16291 16373 16430 16484 16541 16599 16650 16726 16783 16872 17047 17240 17375 17480 17585 17619 17615 17568 17503 17462 17465 17469 17456 17432 17378 17335 17308 17268 17244
12566 12559 12548 12545 12545 12540 12542 12546 12548 12563 12604 12666 12714 12749 12762 12776 12801 12828 12925 13069 13244 13379 13570 13769 13963 14102 14278 14428 14561 14623 14727 14860 14963 15038 15112 15176 15244 15309 15384 15491 15614 15729 15883 16051 16210 16327 16436 16532 16572 16639 16731 16826 16903 16967 17045 17068 17069 17104 17152 17191 17202 17217 17226 17250 17362 17457 17545 17596 17609 17601 17553 17486 17432 17399 17367 17335 17312
12558 12557 12558 12566 12583 12601 12610 12653 12715 12790 12865 12917 12953 12956 12972 13034 13050 13105 13189 13267 13348 13429 13552 13700 13891 14017 14159 14331 14452 14517 14604 14714 14839 14934 15020 15117 15186 15297 15405 15527 15672 15794 15927 16099 16237 16350 16467 16583 16672 16753 16834 16909 16960 16988 17028 17057 17068 17092 17104 17134 17163 17213 17315 17457 17574 17624 17681 17683 17644 17578 17519 17451 17412 17384 17352 17327 17297
