Alternative/Moon/Lvl0_30x30/Ele_AK.asc
ncols         335
nrows         335
xllcorner     13457491.657
yllcorner     6672833.042
cellsize      10000
nodata_value  -9999.0
[rows 204 to 237 of 335, columns 0 to 76 of 335]
13622 13826 13841 13644 13531 13462 13405 13391 13364 13366 13387 13406 13410 13475 13523 13549 13576 13595 13568 13641 13606 13668 13680 13530 13690 13695 13640 13646 13658 13647 13688 13690 13694 13678 13669 13691 13680 13632 13694 13689 13642 13591 13499 13455 13454 13469 13427 13438 13435 13409 13408 13367 13313 13341 13384 13384 13359 13405 13415 13417 13447 13411 13339 13351 13391 13351 13416 13427 13448 13423 13541 13666 13682 13525 13682 13876 13954
13446 13614 13739 13681 13600 13451 13393 13390 13420 13427 13442 13450 13476 13506 13515 13575 13591 13597 13639 13657 13645 13633 13613 13591 13598 13594 13539 13575 13607 13568 13632 13642 13651 13598 13575 13683 13644 13625 13619 13595 13523 13506 13522 13472 13447 13408 13374 13362 13322 13321 13326 13305 13272 13238 13267 13258 13239 13255 13256 13262 13268 13234 13278 13289 13299 13283 13263 13225 13246 13245 13228 13369 13410 13385 13455 13503 13446
12357 12702 13158 13689 13713 13527 13451 13441 13454 13490 13504 13509 13555 13561 13593 13600 13563 13589 13603 13618 13582 13584 13552 13548 13528 13465 13474 13476 13529 13537 13550 13541 13580 13546 13569 13609 13612 13634 13588 13539 13520 13494 13519 13501 13476 13466 13420 13447 13506 13430 13377 13370 13389 13344 13286 13256 13278 13271 13260 13267 13273 13218 13185 13183 13187 13167 13156 13107 13035 13147 13157 13197 13194 13190 13146 13106 13163
13705 13750 13760 13593 13503 13435 13442 13473 13510 13572 13595 13612 13591 13580 13574 13591 13574 13581 13564 13540 13506 13504 13513 13529 13502 13520 13566 13595 13581 13558 13545 13539 13515 13525 13528 13550 13629 13690 13677 13660 13583 13561 13518 13465 13467 13453 13438 13489 13536 13478 13446 13418 13337 13322 13316 13241 13200 13229 13202 13195 13196 13152 13099 13091 13079 13055 13050 13025 13030 13033 13050 13028 13031 13024 13035 13063 13122
13550 13638 13483 13451 13505 13530 13562 13567 13582 13635 13635 13554 13635 13652 13583 13582 13615 13605 13569 13514 13526 13548 13577 13662 13695 13738 13664 13647 13679 13684 13619 13546 13534 13497 13472 13466 13480 13484 13508 13544 13538 13552 13529 13417 13360 13347 13347 13319 13317 13330 13351 13340 13341 13272 13235 13115 13117 13116 13093 13079 13055 13031 13037 13039 13040 13032 13039 13037 13031 13056 13061 13076 13062 13049 13000 12994 13013
13415 13425 13546 13619 13634 13658 13675 13692 13710 13711 13692 13669 13714 13723 13713 13728 13707 13650 13644 13625 13675 13770 13727 13765 13849 13836 13479 13006 13217 13680 13740 13585 13476 13451 13429 13402 13392 13437 13447 13452 13487 13481 13459 13377 13341 13326 13288 13235 13272 13278 13364 13439 13455 13331 13224 13143 13108 13080 13057 13034 13042 13020 13002 13005 13023 13030 13037 13017 13003 12998 13023 13045 13001 12984 12979 12987 12949
13367 13556 13682 13718 13753 13774 13756 13785 13787 13893 13930 14022 14144 13984 13880 13719 13828 13853 13771 13809 13815 13897 13807 13326 13506 13863 13920 13767 13680 13741 13686 13567 13513 13462 13464 13409 13420 13400 13409 13446 13402 13402 13367 13323 13299 13267 13240 13216 13203 13179 13175 13205 13242 13194 13167 13084 13107 13071 13066 13048 13042 13022 13008 13001 12988 12973 12970 12999 13005 13007 13011 12998 13058 13105 13002 13016 13106
13569 13765 13858 13904 13896 13878 13845 13854 13853 13980 14410 14617 14873 14841 14269 14185 13826 13881 13844 13825 13900 13894 13853 13790 13784 13785 13700 13575 13544 13544 13495 13507 13516 13528 13565 13539 13486 13477 13449 13420 13411 13403 13380 13370 13374 13283 13308 13236 13191 13164 13150 13151 13191 13181 13142 13092 13066 13066 13068 13028 13079 13075 13039 13032 13023 13001 12993 12972 12978 12958 12950 12929 12947 12983 12936 12941 13006
14152 14709 14791 14455 14032 13869 13840 14006 14457 15006 15416 15555 15026 14855 14553 14316 13954 13737 13763 13777 13781 13767 13776 13709 13828 13831 13678 13578 13568 13534 13539 13543 13495 13487 13493 13457 13417 13398 13374 13361 13365 13325 13348 13373 13365 13351 13332 13266 13216 13202 13194 13189 13188 13157 13152 13129 13124 13095 13071 13129 13112 13117 13149 13115 13096 13091 13039 13010 12982 12956 12961 12969 12995 12974 12951 12924 12902
14314 14808 14836 14459 14020 14144 14660 15264 15765 15949 15949 15664 15052 14525 14144 13917 13763 13628 13638 13734 13728 13655 13725 13718 13579 13571 13603 13579 13554 13560 13672 13730 13671 13509 13420 13405 13376 13351 13328 13339 13325 13292 13296 13292 13343 13344 13302 13229 13221 13206 13181 13174 13162 13132 13122 13139 13180 13168 13166 13077 13075 13092 13107 13111 13104 13104 13098 13057 13042 13011 12994 12980 12980 12985 12960 12969 12919
13806 13845 14100 14612 15015 15463 15784 15782 15686 15384 15088 14686 14220 13855 13686 13720 13706 13839 13768 13443 13298 13509 13543 13491 13410 13417 13394 13381 13352 13473 13527 13508 13452 13498 13487 13475 13456 13385 13388 13337 13341 13318 13277 13265 13237 13256 13244 13256 13233 13204 13186 13175 13187 13227 13288 13321 13250 13268 13225 13304 13278 13154 13182 13096 13112 13041 13097 13094 13074 12994 12971 12941 12939 12947 12918 12858 12873
13757 13811 13835 13891 14053 14392 14481 14437 14227 13917 13690 13648 13582 13564 13539 13522 13518 13598 13567 13446 13451 13450 13418 13451 13522 13526 13483 13446 13372 13420 13509 13470 13489 13444 13510 13533 13491 13431 13449 13396 13324 13301 13317 13304 13343 13346 13286 13293 13291 13251 13229 13187 13189 13220 13347 13335 13357 13000 13148 13421 13364 13194 13117 13059 13057 13084 13161 13135 13106 12995 12973 12928 12873 12837 12835 12833 12862
13787 13820 13821 13757 13830 13818 13713 13641 13599 13570 13502 13484 13485 13498 13528 13515 13520 13487 13511 13449 13428 13392 13385 13397 13363 13204 13369 13482 13471 13363 13371 13422 13481 13447 13446 13429 13411 13405 13393 13398 13376 13351 13375 13368 13324 13330 13330 13326 13236 13248 13216 13144 13155 13158 13121 13244 13387 13118 12967 13264 13253 13093 13029 13018 12990 12980 12989 12957 12940 12937 12900 12868 12839 12810 12794 12775 12765
13669 13758 13765 13692 13606 13630 13612 13530 13488 13493 13477 13443 13450 13527 13530 13543 13563 13586 13566 13464 13438 13390 13383 13391 13358 13370 13424 13353 13331 13361 13378 13417 13459 13525 13550 13555 13517 13418 13398 13385 13376 13333 13320 13342 13312 13329 13279 13224 13189 13168 13167 13134 13105 13084 13072 13060 13111 13141 13079 13078 13059 13031 13015 13004 12945 12958 12960 12933 12924 12894 12891 12855 12822 12806 12797 12781 12767
13666 13676 13633 13616 13451 13541 13553 13592 13522 13527 13446 13420 13497 13523 13553 13567 13581 13570 13514 13500 13492 13389 13354 13353 13356 13380 13418 13392 13439 13444 13413 13410 13437 13490 13565 13561 13479 13403 13346 13273 13254 13272 13276 13274 13267 13277 13262 13224 13207 13179 13142 13130 13108 13089 13077 13066 13051 13056 13047 13016 13012 12993 12980 12961 12953 12982 12942 12926 12955 12878 12851 12834 12828 12813 12819 12804 12798
13426 13474 13616 13641 13615 13434 13407 13356 13488 13562 13487 13505 13592 13558 13482 13519 13581 13530 13529 13512 13517 13513 13472 13441 13450 13375 13474 13538 13496 13481 13638 13585 13547 13510 13531 13498 13454 13389 13337 13298 13261 13229 13226 13247 13209 13248 13247 13243 13259 13306 13307 13242 13137 13101 13102 13095 13102 13056 13038 13025 13006 12998 12995 12975 12963 12949 12953 12918 12905 12898 12944 12923 12892 12900 12901 12887 12878
13160 13254 13251 13288 13361 13334 13309 13272 13333 13404 13384 13431 13496 13543 13574 13585 13583 13532 13465 13452 13480 13501 13491 13472 13422 13401 13349 13407 13461 13475 13573 13567 13507 13559 13469 13409 13410 13364 13354 13296 13285 13211 13236 13205 13255 13292 13307 13505 13784 13930 13887 13644 13457 13273 13175 13126 13088 13067 13079 13065 13064 13054 13056 13060 13075 13023 12984 13018 13022 12990 12989 12941 12923 12897 12886 12870 12879
12926 12965 12999 13088 13155 13297 13335 13358 13376 13369 13312 13438 13471 13516 13560 13605 13609 13518 13546 13593 13639 13649 13628 13566 13521 13503 13506 13509 13468 13509 13526 13434 13454 13442 13451 13465 13426 13384 13360 13350 13297 13299 13262 13239 13256 13280 13327 13506 13818 13966 13908 13860 13847 13571 13232 13176 13159 13123 13129 13105 13103 13099 13114 13133 13130 13118 13083 13060 13046 13014 12989 12933 12909 12882 12867 12858 12878
12965 12962 13067 13154 13293 13373 13505 13746 13828 13899 13874 13896 13922 13961 13943 13984 13935 13882 13871 13765 13802 13817 13828 13821 13784 13750 13745 13758 13682 13458 13467 13533 13528 13499 13474 13467 13443 13414 13392 13373 13320 13314 13313 13248 13226 13207 13164 13232 13234 13367 13536 13627 13613 13422 13229 13209 13211 13206 13210 13213 13171 13140 13140 13123 13125 13111 13089 13042 13040 12982 12955 12939 12934 12910 12901 12878 12881
13731 13863 13888 14019 14127 14212 14322 14340 14384 14447 14511 14524 14477 14402 14387 14416 14376 14313 14365 14398 14308 14299 14206 14149 14037 14027 13903 13885 13851 13695 13593 13551 13497 13462 13456 13481 13438 13334 13315 13371 13299 13246 13242 13243 13239 13191 13206 13181 13198 13146 13182 13246 13202 13215 13201 13238 13276 13269 13272 13241 13206 13169 13176 13107 13111 13071 13071 13048 13068 13040 13005 12994 12966 12936 12935 12933 12933
14517 14662 14698 14675 14654 14595 14654 14605 14513 14571 14751 14801 14890 14879 14822 14668 14781 14831 14799 14646 14575 14633 14711 14735 14709 14646 14501 14340 14188 14006 13869 13784 13667 13620 13592 13527 13531 13476 13470 13400 13352 13304 13329 13316 13323 13378 13408 13330 13332 13295 13319 13370 13301 13299 13269 13281 13297 13313 13312 13294 13261 13222 13183 13151 13120 13107 13096 13077 13052 13053 13027 13017 13008 12996 13001 12988 12976
14658 14719 14722 14691 14647 14547 14545 14452 14309 14162 14653 14808 14875 15005 14984 15000 14996 14958 15045 14985 14855 14628 14738 14773 14769 14730 14681 14614 14548 14362 14109 14024 13893 13792 13734 13669 13605 13572 13578 13541 13419 13366 13447 13430 13478 13429 13381 13241 13183 13295 13386 13471 13443 13353 13347 13370 13373 13328 13294 13282 13244 13201 13178 13156 13141 13116 13143 13146 13097 13082 13083 13085 13071 13088 13057 13040 13038
14315 14292 14207 14094 13917 13731 13691 13480 13246 13340 13359 13460 13558 13948 14158 14496 14591 14733 14769 14887 14870 14895 14906 14692 14658 14897 15017 14995 14978 14855 14743 14645 14202 14090 14021 13922 13821 13722 13775 13738 13594 13469 13485 13494 13498 13533 13492 13458 13480 13512 13515 13541 13488 13495 13444 13418 13400 13286 13284 13271 13236 13165 13151 13129 13127 13119 13119 13130 13136 13127 13145 13125 13104 13088 13087 13076 13041
13615 13219 12909 12568 12317 12361 12217 12204 12245 12201 12207 12203 12207 12279 12358 12461 12467 12608 13055 13526 14056 14677 15130 15088 15209 15308 15115 15183 15190 15060 14947 14839 14585 14274 14300 14183 14128 14039 13941 13858 13875 13892 13881 13754 13716 13588 13556 13471 13501 13473 13475 13478 13447 13443 13352 13295 13274 13284 13218 13204 13172 13177 13161 13147 13149 13169 13140 13172 13153 13150 13130 13100 13099 13088 13071 13076 13075
12121 12085 12099 12044 12086 12161 12132 11973 11910 11891 11893 11917 11935 11967 12026 12100 12166 12229 12339 12382 12415 12732 13491 14213 14814 15209 15187 15299 15346 15300 15193 14944 14861 14625 14504 14377 14272 14169 14142 14186 14158 14028 13877 13871 13813 13624 13541 13550 13534 13473 13451 13466 13435 13382 13318 13326 13307 13291 13229 13245 13218 13200 13201 13200 13190 13226 13212 13176 13169 13142 13124 13118 13117 13112 13118 13095 13114
12089 11995 11928 11930 11804 11745 11681 11633 11650 11708 11747 11808 11830 11856 11898 11992 12026 12143 12212 12330 12327 12357 12454 12877 13455 13875 14478 14881 15183 15253 15217 15049 14966 14843 14891 14628 14095 13720 13794 14195 14195 14068 13930 13847 13826 13697 13596 13623 13596 13547 13484 13471 13426 13358 13339 13343 13344 13318 13258 13262 13235 13251 13254 13218 13241 13247 13233 13203 13204 13195 13177 13161 13152 13139 13149 13155 13153
11856 11696 11686 11647 11707 11838 11851 11645 11586 11626 11617 11594 11640 11640 11737 11736 11806 11840 11855 11885 11948 12049 12201 12303 12475 12752 13339 13982 14374 14656 14775 14797 14902 15011 14988 14821 14650 14482 14475 14257 14077 13918 13879 13848 13695 13651 13670 13693 13686 13545 13457 13421 13405 13356 13343 13336 13338 13332 13283 13260 13285 13290 13243 13218 13253 13288 13293 13274 13340 13276 13294 13332 13469 13500 13332 13230 13200
11796 11659 11680 11743 11946 12004 11991 11918 11671 11610 11487 11381 11327 11457 11624 11857 12040 12109 11896 11956 11898 11900 11992 12237 12368 12479 12560 13015 13443 14095 14481 14517 14796 15104 15085 14866 14619 14630 14536 14193 14043 13948 13779 13702 13679 13653 13672 13723 13696 13567 13482 13408 13401 13350 13331 13363 13341 13309 13308 13267 13283 13312 13299 13256 13241 13256 13279 13288 13323 13302 13298 13296 13354 13426 13401 13337 13248
11754 11683 11712 11733 11723 11779 11680 11802 11739 11724 11733 11644 12215 12340 12191 11876 11849 11627 11907 12035 11865 11957 12139 12138 12194 12360 12461 12623 12870 13481 14199 14729 15395 15514 15431 15164 14832 14671 14505 14304 14218 13992 13839 13689 13658 13646 13613 13613 13606 13505 13461 13474 13425 13380 13326 13351 13304 13294 13231 13314 13422 13415 13349 13363 13370 13354 13277 13273 13267 13266 13268 13283 13304 13382 13424 13353 13316
11689 11715 11722 11777 11677 11773 11700 11840 11952 12207 12330 12458 12424 12425 12280 12116 11934 11822 11915 12032 11956 12046 12051 12102 12070 12232 12359 12480 12596 13087 13938 14978 15594 15672 15548 15276 14932 14642 14408 14287 14133 13938 13907 13812 13754 13627 13480 13507 13517 13460 13539 13538 13511 13380 13345 13387 13353 13388 13385 13328 13402 13412 13361 13378 13385 13398 13372 13293 13319 13329 13288 13285 13292 13284 13317 13335 13314
11713 11704 11787 11803 11675 11645 11627 11574 11678 12081 12375 12475 12370 12072 11696 11723 11729 11784 11814 11793 11805 12060 12061 12022 11997 12072 12166 12201 12440 13114 13949 15085 15614 15654 15418 15077 14895 14638 14336 14103 14035 13962 13884 13766 13726 13582 13538 13624 13535 13554 13604 13549 13493 13442 13402 13447 13438 13442 13493 13490 13451 13452 13438 13413 13407 13413 13360 13349 13345 13345 13326 13307 13296 13313 13314 13316 13311
11837 11753 11625 11715 11771 11780 11881 11822 11753 11842 11896 11842 12023 12066 11985 11886 11911 11817 11860 11784 11731 11735 11854 11824 11850 11894 12053 12361 12715 13149 13813 14788 15279 15303 15076 14712 14521 14402 14281 14138 14037 13931 13949 13918 13851 13874 13894 13853 13725 13605 13577 13530 13539 13519 13476 13482 13446 13448 13484 13431 13461 13404 13395 13393 13404 13383 13341 13370 13377 13429 13413 13391 13362 13338 13387 13405 13406
11800 11770 11738 11739 11835 11836 11785 11993 12053 11984 11880 11896 11827 12045 12070 12084 12116 11803 11686 11613 11574 11542 11588 11706 11794 12065 12443 13037 13274 13574 14387 15123 15260 15230 14953 14625 14468 14413 14258 14115 14186 14119 14115 14115 14047 14066 14077 13940 13780 13700 13627 13529 13471 13507 13519 13542 13550 13527 13523 13442 13492 13500 13478 13495 13501 13463 13455 13432 13458 13447 13443 13545 13540 13558 13573 13537 13556
11783 11717 11632 11605 11757 11837 11771 11753 11885 11888 11834 11907 11929 12029 12135 12140 12132 11796 12075 11911 11781 11709 11738 12206 12406 12749 13125 13812 14413 14933 15207 15253 15235 15064 14784 14472 14344 14115 14046 14188 14206 13885 13373 12874 12673 12702 12909 13331 13717 13835 13479 13590 13594 13615 13564 13559 13559 13540 13530 13615 13655 13566 13555 13553 13544 13581 13583 13651 13632 13594 13592 13615 13648 13685 13855 13870 13682
