Alternative/Moon/Lvl0_30x30/Ele_FC.asc
ncols         335
nrows         335
xllcorner     -13342508.343
yllcorner     -10077166.958
cellsize      10000
nodata_value  -9999.0
[rows 102 to 135 of 335, columns 0 to 76 of 335]
10862 11422 11895 12283 12779 13684 14472 15277 15515 15479 15243 15004 14927 15068 15083 15048 15010 15177 15120 14922 14427 13925 13546 13339 13464 13771 14327 14731 14842 14866 14625 14448 14368 14167 14414 14500 14533 14533 14409 14299 14195 14202 14232 14215 14126 14104 14107 14113 14187 14318 14390 14292 14624 14763 14999 15068 15076 15044 14697 14571 14608 14585 14547 14654 14863 15041 15164 15208 15176 15123 15163 15255 15257 15249 15485 15607 15589
9615 10050 10703 11141 11729 12291 13362 14340 15242 15472 15266 15338 15406 15384 15367 15369 15322 15303 15344 15362 15383 15271 15196 15029 14941 14963 14903 14877 14820 14576 14447 14319 14108 13877 13797 13755 13860 13981 14002 13979 14042 14083 14299 14317 14381 14422 14314 14385 14480 14534 14654 14789 14953 15082 15029 14969 14903 15026 15286 15303 15168 15275 15393 15420 15309 15328 15432 15430 15159 15047 15031 15035 15034 15115 15219 15244 15223
9300 9507 9890 10636 11357 12326 13370 14209 14618 15461 15462 15334 15393 15434 15418 15342 15353 15457 15517 15537 15551 15573 15509 15464 15235 15020 14681 14568 14476 14294 14139 14050 13921 13603 13348 13330 13374 13506 13648 13753 13795 13900 14096 14177 14254 14316 14316 14339 14450 14560 14640 14748 14955 15064 14944 15026 15268 15463 15579 15704 15768 15752 15753 15762 15765 15757 15777 15641 15284 15229 15170 15152 15074 15078 15075 15097 15140
10142 10482 10641 11113 11994 12819 13551 14110 14625 15388 15422 15259 15041 15116 15250 15226 15267 15374 15398 15520 15625 15656 15646 15621 15468 15083 14636 14289 13969 13626 13464 13381 13312 13291 13280 13301 13300 13326 13385 13406 13475 13568 13709 13711 13460 13303 13830 13892 13699 13714 13886 14104 14153 14082 14725 14979 15257 15565 15719 15732 15727 15689 15778 15742 15807 15906 15824 15480 14780 14482 14933 15197 15178 15089 15058 15081 15022
11617 11828 12064 12407 13292 13993 14575 15022 15088 15084 14918 14966 14936 14748 14711 14604 14703 14820 14927 14956 15073 15324 15346 15320 15199 14858 14213 13765 13376 13235 13195 13170 13160 13128 13143 13178 13182 13229 13269 13317 13380 13382 13522 13590 13636 13655 13545 13512 13339 13341 13436 13589 14063 14447 14798 15137 15652 15830 15855 15719 15404 15364 15524 15645 15829 15888 15717 15360 15421 15396 15391 15459 15192 15019 14976 15020 15060
12801 13316 13848 14295 14958 15329 15207 15159 14988 14788 14665 14586 14469 14389 14256 14161 14089 14128 14195 14307 14385 14391 14431 14424 14400 14285 13945 13674 13425 13316 13231 13176 13135 13141 13176 13211 13272 13353 13379 13362 13346 13373 13426 13472 13535 13518 13502 13541 13472 13664 13855 14094 14490 14844 15119 15280 15742 15949 15803 15357 14805 14676 14804 15036 15341 15477 15270 15373 15589 15593 15363 15218 15195 15185 15051 15087 15278
15324 15590 15621 15527 15423 15333 15171 14815 14497 14249 14057 13983 13814 13723 13591 13506 13538 13616 13621 13722 13913 14113 14131 14137 14240 14281 14238 14047 13855 13732 13639 13462 13363 13257 13220 13340 13369 13347 13419 13410 13358 13414 13439 13468 13446 13549 13703 13768 14003 14095 14366 14434 14593 14898 15193 15338 15673 15694 15397 14942 14610 14764 14959 14956 14889 14966 14915 15183 15681 15879 15732 15419 15133 15328 15572 15643 15596
15854 15756 15550 15355 15058 14759 14458 14249 14065 13836 13701 13591 13531 13482 13412 13360 13349 13360 13383 13452 13650 13767 13973 14005 14165 14265 14425 14433 14379 14219 14050 13900 13721 13687 13637 13611 13519 13577 13468 13540 13479 13464 13587 13611 13788 13983 14144 14130 14035 14248 14350 14505 14637 14545 14506 14679 14968 15000 14893 14833 15022 15229 15549 15808 15825 15798 15839 15779 15848 15959 15912 15786 15756 15708 15544 15656 15854
15134 15023 14809 14634 14476 14220 14033 13922 13775 13656 13622 13567 13497 13423 13409 13453 13615 13662 13682 13661 13628 13637 13801 14031 14187 14206 14187 14006 13577 13289 12993 12780 12495 12588 12869 12959 12936 12945 12957 13318 13639 13769 14044 14352 14374 14432 14651 14628 14560 14531 14465 14393 14539 14457 14351 14479 14488 14578 14511 14742 14889 14966 15115 15413 15744 15977 16128 16103 15962 16230 16576 16648 16533 16267 16116 16434 17067
14555 14514 14447 14388 14192 14084 14061 13995 13852 13761 13746 13731 13748 13693 13745 13737 13758 13767 13790 13746 13756 13848 14133 14231 14258 14108 13605 13049 12530 12363 12380 12289 12459 12578 12617 12543 12506 12480 12547 12653 13037 13591 14208 14551 14834 14885 14810 14651 14462 14490 14384 14375 14324 14229 14250 14323 14358 14474 14560 14709 14868 15064 15173 15349 15646 15900 16143 16215 16378 16632 16925 17013 16925 16458 16644 17169 17807
14408 14406 14420 14366 14105 14076 14069 13942 13726 13761 13856 13862 13835 13824 13821 13761 13790 13839 13897 13934 14057 14250 14494 14517 14098 13327 12634 12236 12355 12435 12275 12314 12415 12507 12460 12406 12413 12394 12437 12579 12901 13553 14405 14918 15148 15105 15011 14934 14660 14503 14403 14358 14303 14232 14288 14346 14459 14476 14490 14661 14733 14828 14845 14898 14889 14982 15026 15131 15513 15889 16094 16067 15982 15855 16256 16771 17175
15145 15073 15014 14986 14948 14871 14665 14590 14509 14424 14381 14199 14103 14048 14146 14227 14221 14199 14328 14344 14210 14274 14498 14545 14523 14131 13659 13269 12833 12589 12449 12352 12300 12316 12311 12312 12322 12477 12768 13179 13816 14605 15155 15335 15302 15119 15029 14855 14602 14410 14389 14377 14253 14169 14194 14383 14608 14762 14726 14609 14368 14278 14034 13963 13941 14066 14175 14251 14423 14810 15347 15630 15659 15730 15730 16085 16694
15057 15098 15239 15332 15345 15336 15137 14986 14997 14938 14941 14940 14761 14426 14286 14331 14264 14286 14381 14460 14483 14460 14474 14573 14677 14749 14652 14366 13959 13626 13224 13004 12775 12540 12780 12916 12986 13412 13742 14207 14883 15287 15370 15338 15127 14816 14631 14459 14322 14199 14240 14375 14450 14449 14466 14511 14593 14610 14504 14358 14346 14324 14096 13917 13873 13878 13963 13986 14190 14674 15084 15305 15624 15831 16005 16361 16752
13891 14453 14562 14573 14577 14771 14875 15071 15141 15173 15159 15120 14964 14884 14971 14832 14586 14611 14472 14324 14079 14237 14398 14499 14613 14772 14970 15213 15312 15263 15000 14835 14614 14446 14376 14445 14690 14914 15108 15029 15103 15199 15132 14961 14864 14686 14502 14438 14429 14404 14374 14464 14427 14475 14472 14455 14499 14496 14482 14439 14379 14331 14306 14325 14278 14300 14384 14440 14516 14670 14969 15276 15765 16172 16470 16659 17021
12759 12770 12728 12681 12736 12828 12983 13264 13480 13775 14099 14395 14831 15252 15298 15238 14955 14621 14476 14438 14378 14444 14508 14524 14633 14768 14987 15226 15324 15363 15349 15335 15064 14982 15041 15117 15216 15184 15174 15095 14839 14685 14536 14375 14294 14177 14087 14056 14045 14074 14064 14071 14157 14253 14342 14411 14501 14523 14548 14547 14556 14514 14617 14655 14662 14581 14465 14521 14571 14713 14981 15289 15797 16169 16397 16615 16893
11097 11098 11345 11440 11363 11223 11277 11471 11888 12447 13134 13581 14211 14814 15164 15193 15029 14891 14821 14674 14594 14559 14552 14620 14654 14675 14723 14774 14742 14739 14649 14646 14625 14587 14675 14727 14803 14874 14932 14916 14894 14750 14468 14224 14121 14114 14079 14132 14118 14107 14117 14133 14173 14407 14462 14499 14638 14674 14806 14836 14708 14530 14772 14812 14721 14513 14339 14229 14242 14381 14654 14991 15457 15678 15920 16355 16397
10927 10941 10937 10933 10997 11080 11097 11137 11168 11209 11503 12011 12622 13357 14176 14791 15277 15493 15488 15429 15582 15615 15582 15378 15146 15016 14875 14781 14664 14418 14389 14388 14340 14280 14232 14221 14219 14234 14297 14382 14560 14568 14453 14342 14243 14235 14194 14158 14199 14149 14155 14134 14210 14392 14490 14570 14692 14780 14868 14893 14792 14602 14531 14430 14245 13981 14051 14032 14049 14263 14357 14587 14739 14820 14993 15281 15966
10911 10910 10913 10885 10858 10860 10838 10848 10896 10957 11089 11350 11988 12859 13822 14483 15139 15392 15417 15444 15529 15563 15546 15406 15159 15031 15078 15193 15220 15071 14747 14601 14371 14359 14306 14242 14253 14280 14298 14353 14398 14407 14356 14316 14233 14177 14227 14177 14175 14159 14161 14152 14236 14425 14496 14525 14603 14554 14434 14427 14411 14482 14452 14378 14140 13981 13997 14027 14090 14122 14273 14641 15089 15477 15718 15985 16398
10924 10901 10900 10888 10875 10869 10901 10899 10898 11000 11101 11383 11908 12566 13288 13758 14280 14746 14900 14887 14828 14751 14705 14651 14691 14829 15034 15137 15193 15309 15294 15215 14899 14528 14312 14234 14264 14308 14367 14414 14390 14472 14480 14419 14410 14325 14340 14234 14210 14157 14212 14169 14161 14344 14399 14281 14299 14414 14482 14484 14434 14374 14484 14481 14347 14294 14228 14154 14185 14342 14512 14737 15040 15415 15776 16043 16341
10939 10928 10915 10887 10895 10913 10922 10879 10970 11041 11192 11494 11958 12395 12938 13477 13914 14239 14536 14553 14376 14117 14017 14023 14042 14101 14320 14569 14883 15089 15144 15150 14959 14668 14370 14197 14232 14347 14423 14368 14438 14503 14497 14463 14456 14378 14487 14489 14420 14331 14363 14364 14288 14231 14223 14219 14222 14392 14463 14431 14305 14224 14194 14206 14216 14203 14199 14226 14315 14530 14869 15092 15258 15322 15430 15499 15603
10925 10891 10930 10985 11020 11029 11117 11186 11399 11743 12117 12450 12846 13195 13223 13445 13847 14255 14543 14561 14460 14227 14056 14029 13910 13963 14077 14261 14399 14639 14815 14841 14716 14354 14255 14165 14178 14220 14240 14237 14267 14284 14306 14338 14349 14328 14448 14432 14188 14457 14455 14410 14470 14562 14575 14586 14633 14583 14492 14422 14507 14596 14624 14596 14539 14495 14489 14494 14480 14612 14884 14928 14852 14762 15091 15155 15169
11081 11045 11174 11399 11568 11387 11652 12093 12522 12842 13163 13412 13635 13639 13932 14211 14476 14587 14632 14555 14247 13979 13882 13787 13830 13969 14314 14328 14389 14317 13858 13466 13491 13983 14374 14405 14145 14098 14142 14180 14194 14205 14228 14256 14275 14282 14300 14332 14344 14317 14313 14406 14516 14376 14289 14438 14610 14613 14543 14384 14451 14700 14951 15080 15106 15069 15009 14901 14906 14908 14820 14642 14747 14782 14806 14812 14802
12229 12257 12262 12355 12590 12674 12682 13041 13681 14247 14613 14852 14936 14808 14579 14472 14513 14484 14331 14253 14032 13686 13957 14025 14084 14075 14249 14207 14286 14330 14330 14316 14479 14611 14620 14483 14130 13985 14014 14051 14102 14157 14191 14223 14306 14324 14300 14308 14324 14342 14354 14451 14638 14646 14630 14708 14872 14901 14549 14484 14418 14564 14872 15015 15136 15147 14933 14778 14614 14522 14384 14247 14264 14316 14331 14348 14471
13986 14080 14161 14191 14306 14541 14804 15016 15063 15223 15330 15403 15350 15033 14924 14731 14559 14439 14202 14075 14027 13971 13975 13958 13943 14138 14288 14527 14558 14479 14425 14332 14231 14326 14368 14257 14151 14021 13938 13943 13979 14020 14087 14165 14250 14283 14276 14262 14274 14285 14329 14299 14382 14423 14512 14638 14844 14856 14853 14926 14975 14988 14842 14785 14794 14738 14493 14339 14391 14391 14367 14276 14190 14176 14261 14358 14426
15532 15445 15354 15185 15372 15386 15394 15382 15364 15376 15438 15495 15476 15268 14981 14893 15010 14989 14801 14713 14611 14481 14293 14216 14299 14304 14399 14528 14529 14408 14295 14181 14079 14046 14073 14086 14043 14013 14031 14048 14035 14034 14138 14158 14198 14300 14291 14282 14254 14298 14309 14320 14348 14364 14439 14438 14400 14702 14917 14906 14708 14349 14420 14435 14421 14351 14442 14551 14624 14620 14529 14410 14317 14405 14461 14555 14548
15715 15539 15301 15190 15185 15103 15043 15101 15108 15012 15053 15120 15203 15195 14984 14845 14983 14921 14748 14719 14698 14597 14653 14648 14590 14496 14386 14389 14361 14277 14172 14062 14037 14060 14014 14029 14028 13995 14172 14021 14035 14038 14058 14084 14114 14189 14198 14153 14194 14250 14290 14336 14401 14400 14404 14450 14472 14663 14838 14862 14748 14638 14528 14447 14672 14746 14699 14554 14546 14544 14519 14506 14542 14639 14625 14514 14482
15530 15560 15570 15437 15351 15248 15144 15015 14875 14742 14691 14602 14507 14483 14429 14539 14638 14539 14269 14235 14402 14535 14628 14614 14529 14394 14251 14232 14149 14049 14037 14027 14021 14051 14059 14053 14017 14020 14016 14044 14054 14081 14063 14043 14021 14016 14067 14087 14154 14238 14341 14434 14512 14509 14447 14451 14422 14458 14603 14630 14617 14587 14478 14410 14505 14572 14565 14460 14354 14359 14370 14402 14516 14656 14657 14446 14155
16903 16950 16867 16773 16678 16623 16418 16129 15988 15778 15467 15170 15060 14915 14633 14478 14405 14398 14398 14363 14231 14090 14076 14068 14065 14064 14057 14058 14070 14059 14072 14067 14076 14117 14118 14089 14066 14041 14044 14054 14065 14081 14174 14276 14329 14364 14339 14231 14146 14216 14301 14338 14352 14362 14368 14361 14370 14361 14336 14328 14397 14392 14329 14304 14335 14377 14343 14358 14332 14433 14421 14437 14315 14534 14579 14515 14116
18959 19115 19128 19041 18943 18651 18511 18252 18050 17629 17196 16991 16767 16400 16170 15946 15620 15298 14889 14635 14400 14285 14131 14096 14093 14075 14095 14066 14121 14093 14107 14186 14310 14319 14204 14101 14064 14074 14070 14087 14119 14188 14253 14403 14489 14492 14469 14340 14204 14220 14236 14286 14355 14344 14357 14346 14363 14425 14406 14355 14288 14279 14283 14311 14286 14287 14377 14360 14316 14334 14417 14515 14575 14576 14486 14367 14031
19972 19798 20062 20468 20599 20614 20568 20390 20162 19870 19370 18916 18413 17988 17657 17333 16881 16401 15950 15652 15288 14950 14674 14522 14378 14233 14140 14114 14098 14092 14105 14207 14317 14349 14414 14409 14273 14119 14082 14103 14128 14158 14162 14157 14195 14249 14245 14254 14298 14270 14306 14293 14251 14307 14339 14299 14276 14343 14336 14346 14332 14362 14404 14409 14326 14271 14258 14249 14265 14253 14265 14422 14546 14546 14380 14428 14642
21724 21759 21971 22281 22422 22503 22406 22035 21522 20993 20336 19743 18989 18590 18105 17797 17480 17103 16687 16415 16133 15910 15580 15329 15018 14721 14465 14357 14213 14158 14140 14176 14209 14265 14375 14374 14333 14269 14166 14120 14116 14124 14157 14161 14153 14252 14245 14206 14234 14301 14406 14402 14311 14289 14332 14360 14501 14581 14596 14594 14494 14546 14490 14452 14329 14285 14264 14225 14198 14211 14276 14335 14314 14112 14372 14917 15507
22448 22691 23111 23343 23382 23227 22767 22255 21614 21004 20423 19858 19264 18633 18208 17839 17529 17167 16814 16608 16448 16284 16164 15956 15616 15349 15195 15081 14951 14768 14524 14266 14198 14237 14365 14459 14429 14330 14241 14137 14148 14128 14139 14170 14202 14261 14291 14327 14327 14349 14378 14438 14378 14297 14314 14306 14425 14583 14670 14659 14512 14312 14249 14382 14402 14397 14400 14377 14489 14484 14291 14014 13669 14155 14830 15249 15629
22168 22392 22779 22906 22891 22622 22006 21288 20494 19818 19182 18650 18271 18243 18051 17743 17288 17067 16942 16827 16701 16521 16322 16188 15888 15605 15381 15195 14983 14800 14551 14353 14235 14191 14161 14183 14178 14149 14146 14169 14186 14191 14193 14187 14182 14206 14263 14330 14466 14577 14648 14671 14678 14527 14458 14367 14352 14610 14861 14933 14882 14573 14326 14304 14379 14564 14675 14691 14581 14415 14003 14040 14504 14986 15119 15176 15040
20792 21123 21205 21261 21239 21079 20815 20730 20413 20003 19454 18965 18461 18047 17643 17399 17121 17092 17014 16902 16740 16543 16331 16062 15716 15325 14975 14783 14578 14475 14386 14335 14262 14260 14200 14173 14174 14166 14162 14173 14180 14192 14182 14211 14274 14399 14535 14557 14457 14572 14731 14752 14741 14550 14381 14399 14583 14863 15068 15134 15127 14888 14661 14819 14924 14978 14998 15009 14882 14497 14373 14740 15195 15362 15241 14794 14059
