Alternative/Moon/Lvl0_30x30/Ele_BC.asc
ncols         335
nrows         335
xllcorner     -13342508.343
yllcorner     3322833.042
cellsize      10000
nodata_value  -9999.0
[rows 136 to 169 of 335, columns 0 to 76 of 335]
23096 22841 22722 22516 22382 22090 21842 21755 21687 21601 21475 21671 21609 21770 21870 21955 22067 22073 21937 21865 22228 22457 22837 23161 23415 24437 24934 25259 25376 25655 25681 25298 24279 23429 22829 22556 22387 22189 21722 21249 20940 20796 20676 20864 21254 21576 22581 23331 23121 23003 22534 22277 22222 22173 22275 22341 22344 22528 22268 21976 21701 22047 23335 23889 24115 24175 24024 23468 23097 22896 22550 22593 22755 22751 22753 22686 22327
24351 23633 23309 22746 22962 23027 22879 22725 22594 22465 22195 22119 22218 22258 22289 22300 22272 22246 22151 21931 22435 22654 23047 23395 24174 25061 25390 25366 25321 25062 24566 23683 22827 21951 21723 21291 20976 20553 20354 20271 19829 19719 19775 19596 19783 20017 20824 22153 22778 22698 22425 21740 21622 21711 21722 21728 21689 21591 21572 21565 21558 21567 22426 23496 24152 24335 24107 23763 23498 23491 23341 23031 22908 23097 23203 22759 22651
24744 24738 24404 24067 24030 24058 23789 23701 23627 23520 23383 22712 22826 22789 22728 22750 22719 22581 22471 22549 22529 22708 23248 23718 24514 25477 25458 25243 24606 24030 23676 23077 22068 21509 20951 19787 19416 19352 19316 19324 19395 19351 19364 19343 19248 19235 19431 20284 21549 22276 22158 21693 21680 21723 21741 21726 21585 21600 21515 21431 21434 21509 21774 22511 23387 24132 24051 23772 23463 23403 23551 23524 23409 23345 23172 22958 22793
24420 24790 25063 25127 25104 24914 24301 24146 24034 23941 23818 23657 23641 23653 23612 23642 23664 23249 22976 22762 22433 22426 22979 23688 25049 25537 25484 25226 24530 23782 22911 21767 21275 20877 20475 19603 19391 19358 19317 19384 19305 19232 19216 19259 19219 19127 19138 19374 20447 21735 22199 22177 21611 21707 21709 21766 21655 21644 21567 21483 21451 21482 21517 21767 22692 23360 23869 23882 23482 23324 23543 23565 23483 23421 23237 22895 22763
22841 23973 24935 25180 25234 25074 24390 23576 23366 23293 23441 23705 24144 24324 24289 24130 23924 23520 23334 22813 22233 22189 22520 23702 25019 25436 25367 25463 24482 23341 22553 21915 21259 20329 19711 19435 19391 19370 19323 19291 19280 19334 19338 19236 19119 19090 19061 19209 19935 21228 22197 22354 21941 21404 21527 21793 21409 21603 21574 21508 21480 21494 21407 21447 21729 22250 23342 23707 23461 23290 23373 23452 23380 23272 23216 23160 23138
21431 22481 23458 24719 24939 24340 23637 22437 21775 21856 22144 22923 23991 24686 24797 24638 24033 23541 23463 23356 23098 23026 23541 24470 25068 25723 25949 25554 24390 23317 22456 21580 20829 19854 19520 19454 19429 19670 19687 19562 19455 19216 19474 19217 19133 19106 19077 19068 19110 19842 21770 22367 22060 21450 21398 21592 21625 21688 21489 21265 21254 21302 21491 21509 21628 21560 22440 23433 23462 23284 23241 23441 23532 23663 23834 23503 23297
20371 20869 21613 22847 23556 23211 22735 22192 21789 21624 21610 21896 23274 24696 25006 24969 24218 23656 23491 23699 23779 23912 24178 24559 25121 25842 26122 25708 24507 23345 22213 21329 20636 20121 19747 19496 19460 19944 20107 19735 19369 19428 19468 19223 19155 19140 19107 19101 19534 20114 21193 21956 22231 21966 21444 21451 21453 21426 21330 21374 21355 21305 21396 21479 21556 21667 22114 22919 23204 23896 24211 24252 24031 23981 23503 23096 23484
19388 19806 20271 21070 21586 21731 22224 22251 22060 21710 21638 21892 23093 24639 25287 25278 24659 23984 23771 23669 23908 24209 24312 24529 25121 25873 26174 25909 24520 23185 22169 20833 20108 19858 19615 19527 19478 19423 19381 19359 19307 19272 19241 19197 19178 19162 19132 19194 19955 20504 21151 22142 22542 22253 21618 21713 21582 21477 21429 21465 21506 21551 21093 21622 21905 22113 23125 24131 24285 24359 24772 24781 24751 24591 24015 23615 23553
18538 19206 19749 20645 21221 21814 21981 22036 22012 21707 21681 22322 23555 25079 25628 25681 25433 24841 24427 24358 24549 24731 24691 24594 25050 25884 26070 25698 24241 23142 22272 21262 20489 19798 19612 19563 19508 19437 19417 19373 19330 19296 19266 19220 19194 19181 19155 19193 20158 20914 21937 22844 22893 22509 21837 21715 21559 21460 21436 21475 21460 21546 21739 22280 22565 22830 23550 24641 24800 24646 24750 24509 25005 24805 24471 24347 24170
17839 18297 19130 19641 20736 21859 22499 22458 22134 21890 22137 23030 24444 25640 26013 26184 26137 25762 25469 25215 25216 25168 25043 25007 25449 25885 25703 24509 23759 23064 22409 21898 21269 20663 20311 19934 19597 19482 19444 19416 19372 19336 19287 19266 19240 19218 19274 19755 20451 21099 22558 23195 22877 22538 21747 21565 21555 21555 21461 21483 21548 21779 22220 22745 23260 23735 24832 25209 25487 25432 25458 25145 25178 25156 25171 25124 24858
17855 18459 19114 20032 21306 22544 22874 22747 22486 22636 23039 23718 24745 25610 25956 26230 26321 26323 26046 25609 25326 25248 25507 25531 25837 26100 25584 24767 23759 22558 21988 21902 21839 21666 21318 20696 20198 19763 19512 19459 19412 19412 19388 19339 19296 19327 20023 20460 21193 21916 22937 23369 22704 21981 21663 21652 21709 21615 21686 22088 22471 22845 23874 23732 23925 24591 25701 26243 26312 26425 26425 26253 25838 25411 25305 25403 25560
18007 18534 19268 20115 21698 22895 22961 22826 22633 22902 23242 23724 24496 25128 25594 26123 26399 26539 26489 25970 25425 25335 25646 25742 26031 26098 25481 24769 24350 23522 23061 22990 22848 22599 22637 22223 21364 20850 20614 20250 20187 20279 20334 20061 20033 20371 20741 20955 21789 22588 22891 22751 22032 22177 22517 22858 23143 23131 22884 23004 23607 24492 24571 23539 23248 24619 26184 26897 27272 27368 27398 26794 26348 26103 26138 25944 25988
18055 18555 19288 20120 21708 22730 22689 22516 22442 22608 22803 23212 23847 24543 25168 25800 26174 26619 26561 26241 25654 25428 25556 25984 26331 26594 26592 26034 25208 24588 24391 24177 23961 23466 23711 23480 22654 22177 21943 21776 21660 21482 21109 20830 20889 20980 21248 21891 22942 23205 22947 22348 22441 23091 23847 24061 23988 23985 24334 24365 23906 24504 24543 23084 22526 24159 26224 26915 27258 27448 27378 26919 26701 26393 26233 26116 25352
18130 18998 19468 20906 21706 22259 22048 21762 21606 21815 22016 22466 23155 23906 24651 25349 26141 26608 26537 26358 25938 25732 25868 26241 26539 26713 26928 27027 26879 26775 26693 26551 25412 24596 24497 23920 23646 23382 23299 22995 22622 22455 22261 22618 22954 23181 23285 23623 23795 23527 23033 23086 23599 24074 24406 24451 24413 24430 24379 24388 24000 24174 24109 23048 22302 23691 25545 25758 25700 25573 25416 25765 26140 26314 26358 26574 26474
19360 20329 21305 21834 21991 21805 21498 21380 21357 21400 21437 21888 22596 23347 24039 24913 25634 26437 26596 26571 26182 25937 26164 26427 26634 26588 25943 26834 27029 26946 26956 26951 26785 26244 25765 25502 25487 25477 25180 24372 23809 23992 24316 24719 24559 24424 23993 23900 23820 23904 23770 24066 24392 24573 24475 24266 24068 23969 23882 23897 23273 22839 22971 22874 22345 23248 23608 23620 23416 23609 24656 25504 25616 25797 25744 25932 26277
21522 22176 22381 22142 21595 21351 21274 21181 21185 21148 21246 21635 22303 23160 23672 24479 25502 26487 27020 27022 26672 26592 26726 26762 27008 27035 26566 26594 26914 26609 26607 26875 26902 26791 26696 26736 26692 26735 26540 26059 25455 24730 24992 25079 25115 25208 25280 25213 25078 24956 24920 24835 24675 24586 24384 23834 23463 23212 22702 22394 21893 21255 20909 20904 21075 21355 21461 22008 22169 22255 22991 23511 23396 23656 24025 24326 24442
22215 22257 22409 22097 21248 20994 21136 21041 21072 21025 21230 21519 22179 22998 23628 24598 25555 26680 27234 27220 26972 26974 26981 27003 27011 27056 27088 26965 26677 26542 26432 26501 26520 26459 26479 26602 26493 26407 26343 26496 26469 25991 25967 25908 25889 25886 25921 25745 25563 25388 25326 25175 24914 24693 24108 23200 22841 22385 21569 20925 20231 19860 19939 19982 19953 20671 20785 21421 21658 21663 22043 22035 21858 22218 22670 22641 23321
22192 21527 21949 21731 21234 20834 21083 21020 21009 21273 21446 21510 22037 22877 23895 25071 26134 27123 27393 27217 26970 27059 27079 27155 27350 27352 27238 27106 26901 26521 26499 26479 26446 26355 26318 26347 26416 26358 26298 26623 26619 26633 26757 27158 27419 27399 27201 26692 26460 26230 25940 25528 25248 24789 24114 23328 22474 21919 21158 20269 19577 19488 19418 19499 19365 20178 20298 20592 20928 21072 21097 21040 21202 21433 21945 22169 22884
22081 21629 21560 21439 21283 20886 21049 21208 21272 21526 21582 21922 22532 23679 24858 26185 27348 27706 27601 27347 27009 27023 27047 27350 27526 27506 27344 27059 26750 26457 26399 26333 26312 26350 26351 26230 26354 26417 26434 26864 27197 27319 27420 27827 28101 28125 28019 27673 27144 26788 26485 25959 25404 24853 23966 23245 22422 21668 21090 20364 19690 19462 19293 19276 19274 19354 19515 19423 19325 19685 20269 20232 20219 20508 20969 21255 22056
21539 21529 21526 21595 21636 21290 21408 21570 21443 21877 22196 22810 23878 24902 26194 27396 27926 27969 27806 27473 27032 27021 27071 27333 27320 27371 27136 27027 26830 26381 26368 26678 26768 26679 26421 26096 26042 26334 26791 27213 27702 28003 27978 27881 27815 27911 27886 27706 27224 26828 26315 25723 25287 24836 24093 22867 21836 21190 20436 19818 19466 19365 19283 19280 19265 19244 19236 19212 19204 19205 19417 19374 19289 19365 19656 20106 20395
21397 21537 21284 21586 21655 21547 21348 21846 22243 22592 23097 23887 24995 26195 27102 27752 27958 27912 27830 27493 27147 27063 27089 27063 27323 27368 27093 27072 27005 26727 26655 26935 26921 26657 26402 25989 26048 26482 27013 27623 27989 28247 28221 27993 27832 27731 27607 26970 26011 25249 24304 23845 23885 24045 23982 23196 22508 22021 21358 20332 19367 19309 19301 19277 19273 19277 19249 19229 19210 19215 19238 19297 19252 19228 19237 19454 19611
21806 21935 21878 21853 21889 21842 21468 21439 22359 23415 24254 25110 25937 26865 27414 27754 27992 27960 27714 27687 27316 27328 27331 27113 26813 26812 26612 26559 26822 26825 27038 27070 26797 25833 25390 25263 25605 26264 27036 27827 28214 28514 28338 28146 27992 27860 26909 25262 24255 23684 22921 22279 21886 21680 21667 21909 21917 21829 21441 20789 20032 19590 19347 19321 19293 19282 19271 19248 19248 19221 19211 19213 19207 19194 19202 19209 19236
22461 22486 22198 22380 22514 22502 21857 21641 23140 24313 25145 25749 26121 26820 27259 27591 27748 27691 27638 27598 27348 27246 27288 26825 26793 26685 26211 26102 26180 26753 26982 26894 26394 25477 25238 25184 25238 25634 26738 27805 28522 28590 28313 28378 28154 27826 26249 24464 23534 22791 21727 20959 20484 20207 20098 20151 20391 21013 21162 20803 20089 19582 19724 19806 19628 19522 19266 19247 19242 19228 19228 19254 19233 19220 19202 19199 19230
23714 23426 23185 22918 22999 23174 23406 23351 24487 24801 25470 25829 26019 25270 25464 26361 26661 26642 26533 26426 26509 26516 26534 26408 26799 27080 26853 26570 26367 26693 26850 26599 25986 25349 25159 25456 25458 25464 26433 27625 28423 28544 28492 28341 27972 27452 25607 23853 22991 22109 21002 20294 20175 20149 20086 20083 20115 20194 20811 20778 20098 19554 19305 19309 18961 19514 19573 19260 19257 19242 19246 19261 19260 19226 19231 19218 19219
24497 24060 24081 23887 23882 24029 23684 23448 25059 25462 25750 25763 25770 25338 24975 25608 25712 25484 24948 25097 25002 25232 25413 25555 26511 26995 26901 26807 26730 26683 26868 26694 25995 25280 25133 25481 25496 25849 26850 27733 28638 28907 28959 28623 27654 26825 25176 23848 22810 21741 20971 20282 20114 20096 20060 20068 20102 20121 20738 20712 20129 19665 19216 18263 18186 19264 19543 19365 19283 19281 19267 19253 19268 19234 19234 19227 19220
24965 24548 24334 24155 24183 24523 24639 24671 25043 25321 25051 25425 25419 25046 24718 24835 25072 24912 24379 24228 24103 24253 24525 25024 25822 26179 26218 26386 26525 26466 26431 26393 26074 26059 25847 25775 25995 26681 27528 28297 28826 29113 29087 28328 26863 25567 24042 23185 22301 20967 20522 20222 20126 20111 20082 20061 20059 20484 20951 20576 19943 19625 19702 19629 19701 19712 19463 19308 19302 19269 19258 19248 19257 19257 19267 19269 19266
25174 24415 23859 23334 23625 24310 24540 24654 24560 23586 22670 23641 24559 24348 23791 23799 23815 23621 22961 22615 22843 23145 23571 24242 24601 25086 25235 25475 25432 25353 25432 25721 26141 26336 26556 26789 26384 27057 27754 28356 28804 28996 28844 27917 26471 25288 23815 22469 21962 20817 20507 20341 20140 20128 20099 20332 20680 21017 21180 20229 19490 19367 19489 19452 19387 19361 19331 19288 19279 19273 19282 19283 19287 19283 19280 19285 19281
25129 24186 23343 22642 22678 22919 23277 23715 23914 23327 21844 22620 23614 23514 23258 22882 22486 22176 21888 21752 21978 21985 22382 23006 23526 23982 24152 24446 24507 24760 24682 24846 25482 25951 26327 26722 26335 27027 27655 28080 28471 28595 28447 28000 26906 25720 25419 24483 23226 22738 22207 21552 21246 20766 20824 20807 21152 21107 20552 19642 19460 19398 19329 19281 19262 19260 19261 19265 19292 19312 19320 19316 19311 19308 19309 19301 19318
24476 24002 23574 23090 23116 23515 23642 23734 23888 23367 22291 22490 23168 22847 22411 22146 21539 21207 21235 21395 21511 21465 21550 22124 22355 22563 22813 23244 23507 23918 24080 24189 24509 25131 25475 25995 25838 26496 27115 27554 27811 28053 28167 27825 26676 25520 25416 25203 24336 23784 23302 22656 22251 21746 21220 21035 20631 20485 19865 19510 19502 19466 19398 19341 19293 19296 19297 19293 19323 19350 19350 19352 19330 19329 19332 19328 19344
23366 23452 23479 23324 23333 23326 23371 23363 23328 23280 22843 22464 22291 21300 20821 20728 20574 20599 20596 20678 20595 20522 20753 21147 21396 21645 22094 22294 22408 22591 22736 22739 22968 23472 24097 24862 24766 25234 26361 26564 27031 27626 27791 27793 26966 25846 24991 24873 24206 23616 22943 22323 21673 21229 20737 20137 19778 19609 19547 19525 19510 19469 19442 19408 19356 19343 19337 19344 19405 19362 19362 19364 19359 19356 19366 19369 19375
22145 22387 22711 22799 22709 22729 22649 22540 22374 22297 21896 21438 20781 20328 19965 19756 19603 19783 19813 19848 20145 20280 20335 20306 20562 20964 21352 21484 21529 21588 21863 21970 21963 22282 22861 23557 24013 24588 24842 25329 25938 26598 27498 27863 27339 26658 24924 24372 23851 23604 22847 22157 21160 20367 19910 19881 19774 19723 19592 19520 19497 19472 19400 19411 19372 19381 19396 19382 19464 19401 19385 19392 19398 19399 19407 19408 19405
21077 21625 21901 22062 21927 21541 21532 21734 21735 21456 20839 20305 19843 19470 19215 19129 19099 19171 19196 19236 19359 19505 19518 19703 20170 20430 20696 20868 21050 21197 21192 21296 21760 22080 22250 22343 22681 23186 23722 24348 24935 25478 26379 27322 27198 26888 25288 24083 23645 23381 22745 22290 21509 20522 19951 19666 19705 19770 19604 19503 19482 19393 19382 19405 19426 19429 19429 19461 19763 19592 19460 19439 19423 19422 19431 19480 19518
20761 20790 21194 21227 21000 21010 20900 20752 20584 20379 19960 19548 19161 18958 18904 18812 18805 18822 18796 18756 18973 18950 19007 19181 19706 20349 20366 20204 19535 19895 20562 21179 21332 21761 22203 22152 22347 22688 23015 23514 24290 24774 25488 26503 27081 26971 25413 24092 23127 22713 22408 21963 21475 20790 19927 19638 19691 19758 19709 19648 19571 19445 19414 19609 19474 19450 19476 19586 19745 19582 19417 19422 19432 19432 19440 19547 19668
20615 20491 20358 20393 20300 20246 20330 20155 19799 19649 19319 18930 18852 18829 18821 18779 18749 18725 18710 18688 18671 18659 18663 18874 19404 20225 20003 17975 16353 16682 18148 19941 20635 21077 21700 21951 22368 22581 22615 23386 23826 24253 24897 25752 26549 26665 26102 24577 23549 23043 22136 21666 21283 21120 20423 19709 19778 19836 19838 19816 19625 19484 19471 19525 19641 19669 19513 19614 19794 19692 19462 19507 19495 19446 19527 19846 19811
