Alternative/Moon/Lvl0_30x30/Ele_CK.asc
ncols         335
nrows         335
xllcorner     13457491.657
yllcorner     -27166.958
cellsize      10000
nodata_value  -9999.0
[rows 102 to 135 of 335, columns 154 to 230 of 335]
27712 27400 27018 26672 26374 25867 25403 25386 25093 24876 24545 24301 24503 24941 26194 27393 27603 27150 24912 23250 22632 22271 21818 21762 21646 21626 21743 21753 21772 21835 22718 23693 24520 24677 24678 24182 23280 23154 23298 22859 22726 22692 23174 23809 25035 25444 27710 29260 29246 28943 28694 27346 25848 25133 24160 23560 23386 22677 22319 22344 22646 23123 24326 25612 26479 27375 27346 27116 26849 26780 26871 25839 24482 24143 25556 26660 26426
27118 26841 26378 26056 25834 25536 25390 25369 24950 24716 24595 24340 24390 24621 25640 26860 27581 27403 25679 24029 23368 22980 22239 21838 21799 21803 22117 22124 22330 22701 23150 24387 24812 24662 24418 24031 24145 23861 22981 22736 22696 22694 23045 24344 25641 25905 27234 29231 29427 28961 28580 27470 26126 25161 23775 23350 22918 22535 22468 22440 22820 23212 24373 26017 27257 27708 27408 26896 26894 26732 26510 25257 24425 24625 25702 26628 26486
26448 26351 25870 25908 25999 25753 25294 25009 24745 24833 24745 24598 24388 24577 25079 26218 27421 27551 27102 25102 24554 24270 23852 22903 22282 22515 23132 23515 23681 23921 24857 24811 25254 24954 24165 24458 24594 23987 22704 22646 22746 22914 23782 25016 26262 26798 27563 29754 30083 29357 28546 27732 26359 25175 24418 23630 22876 22570 22394 22739 23322 23958 24803 26373 27793 28175 27754 27229 27508 27495 27307 26857 26413 26473 26259 25998 24919
26081 25885 25861 25728 25914 25664 25364 25149 24860 24923 24724 24631 24553 24781 25100 25745 26404 27634 27554 26369 25351 24803 24400 23444 23527 23816 23959 24523 25346 25576 25926 25622 25155 24843 23753 23528 23453 22896 22775 22674 22833 23655 24521 25551 26410 27092 28632 30822 31140 30235 28623 27469 26359 25661 24834 23957 23408 23320 23017 23249 23788 24619 25362 27023 27953 28374 27631 27871 27985 27998 27648 27169 26880 26691 26050 25309 23839
25594 25807 25985 25533 25497 25008 24962 24505 24240 24321 24303 24284 24801 25264 25557 25773 26508 27026 27679 27458 26919 26500 26351 25838 26209 26387 26666 27004 27424 27282 26324 25628 24749 24273 23458 23086 22925 22822 22778 23146 23851 24540 25449 26079 26909 28020 29242 31367 31534 30876 29332 28242 27166 26341 26010 25026 24091 24347 24434 24442 25077 25713 26280 27760 28845 28800 28288 28283 28297 28180 27813 27568 26933 26547 26099 25431 24815
25407 25828 25959 25733 25462 24972 24543 23889 23717 23663 23834 24323 25269 25824 26188 26281 26282 26562 27530 27898 28572 28729 28620 28339 28794 28971 28976 28409 27905 27386 26095 24951 24536 24054 23348 23049 22933 22934 23197 23687 24631 25221 25988 26770 27660 28825 29813 31481 31541 31108 30361 28833 28137 27403 26853 26126 25279 25746 25752 25510 25929 26351 27615 28890 28943 28768 28373 28459 28457 28482 28363 28216 27733 26841 26354 25480 24863
25638 25794 25837 25670 25248 25011 24431 23905 23790 23721 23963 24506 25314 25863 26423 26483 26455 26006 26802 27750 28706 29183 29516 29606 29861 29988 29979 28599 27867 27235 26182 25034 24611 24016 23356 23178 23156 23324 23972 24408 24836 25741 26814 27531 27896 29578 30197 31630 31735 31144 30675 30018 28873 28016 27231 26845 26844 26865 26874 27037 27324 27977 29164 29026 28605 28094 28164 28578 28698 28748 29118 29070 28680 27646 26352 25665 25283
26151 26525 26433 26238 25815 25536 25017 24355 23867 23828 24047 24463 24822 25235 25990 26526 26591 25973 26592 27563 28247 28684 29182 29294 29695 30043 29998 29485 28163 27316 26445 25309 24275 23775 23631 24029 24415 24857 25162 25793 26334 26715 27537 27746 28262 30092 31198 31619 31621 31421 31025 30367 29504 28698 28175 27910 28042 28126 28574 29657 29942 30010 29561 28890 27980 27501 27908 28394 28587 28754 29102 29173 29089 28101 26667 25856 25441
26535 26830 26157 26329 26386 26118 25738 25236 24778 24393 24085 24227 24412 24867 25341 26179 26366 26339 27273 27683 28111 28195 28395 28681 29206 29621 29853 29743 29386 28431 27111 26119 24839 24443 25189 25518 25579 26241 26567 26804 26885 26964 27734 28271 29662 30792 31643 31550 31377 31345 31096 30697 29919 29074 28432 28666 29011 29826 30542 30634 30628 30425 29658 28897 28086 27470 27405 27748 27849 28163 28665 29277 29176 28095 26905 26295 26069
26354 26538 25864 26442 26455 26469 26374 25454 25192 24897 24399 24501 24700 25128 25353 25728 26396 26477 27273 27169 27110 27237 27889 28406 28721 29205 29576 29751 29848 29332 27793 27258 26044 26086 26613 26660 26243 26439 26942 26977 27142 27456 28224 29369 30702 31408 31527 31446 31375 31237 30992 30555 30196 29604 29197 28960 29682 30167 30563 30750 30765 30540 29861 29062 28518 27935 27351 27366 27593 28007 28603 29096 28919 28112 27484 26871 26574
26046 25346 25217 25522 26275 26475 26429 25854 25803 25417 25060 25285 25641 25770 25719 25806 26492 26564 26736 26794 27069 27011 27196 27235 28167 28723 29142 29451 29862 29684 28989 28555 27934 27565 27582 27740 27855 27550 27963 27979 28225 29102 29968 30768 31333 31701 31480 31039 30704 30653 30644 30354 29884 29544 29462 29499 29853 29884 29771 30573 30649 30704 30014 29532 29323 28926 27835 27391 27580 28358 29169 29184 28867 28259 27643 27215 26775
25580 24665 24312 25013 26300 26773 26751 26685 26032 25077 25896 26354 26408 26049 26106 26068 26330 26234 26315 26186 25767 25357 26188 26449 27483 27604 27842 28633 29135 29076 29008 29010 29304 29296 28913 29988 30149 30102 29994 29788 30287 30543 30629 30920 31220 31234 30944 30487 30561 30701 30779 30280 29410 29053 29267 29315 28502 29161 29192 29669 30490 30636 30334 30179 30329 30025 29184 28119 28040 28664 29504 29465 28940 28341 27607 27343 26822
25814 25468 25677 26531 27257 27319 27352 27484 26968 27041 27076 26933 26674 26460 26611 26326 26051 25786 25377 24863 25037 24972 25493 25820 26438 26750 26999 27277 28236 28599 28425 29121 29403 29535 29939 30206 30524 30542 30497 30120 30201 30437 30509 30680 30824 30820 30163 30292 30610 30677 30702 30059 29582 29195 28976 29161 29175 29174 29184 29633 29976 30323 30661 30945 30996 30886 30169 29173 28768 29045 29589 29485 28754 28424 27783 27287 26874
26269 26403 26539 26726 26948 26919 27301 27521 27797 27676 27404 27048 26605 26559 26681 26383 26243 25564 24640 24151 24506 24573 24885 25104 25414 25848 26082 26472 27460 28426 28781 29203 29376 29435 29724 29788 29832 29614 29343 29339 29739 30062 30118 30070 30063 29860 29949 30298 30763 30756 30541 30305 29888 29389 29249 29314 29293 29156 29121 29663 29944 30362 30662 30963 31043 31046 30744 30310 30009 29645 29672 29510 28919 28698 28483 27642 27021
26193 26338 25916 25093 24458 24085 24965 26734 27887 27846 27475 27173 26690 26531 26496 26103 25851 25338 24541 24095 24106 24047 24116 24834 25314 25769 25706 25842 26239 27216 27907 28429 28833 28832 28783 28480 28668 28910 28747 28857 29200 29577 29692 29593 29506 29501 29492 29881 30469 30517 30194 30060 29702 29343 29353 29512 29506 29286 28845 29304 29817 30091 30273 30800 31532 31658 31890 31890 31679 30889 30096 29453 29435 29474 29148 28461 27836
25273 24803 23695 23062 22629 22508 22915 24580 26474 27403 27489 27035 26459 26197 25911 25560 25390 24918 24315 24373 24591 24567 24324 25350 25870 25889 25827 25735 26102 26575 27091 28028 28122 28232 28006 27922 28106 28166 28142 28266 28720 29093 28882 29289 29189 29183 28938 29386 29565 29807 29754 29434 29032 28798 28967 29186 29390 29487 29358 29289 29337 29434 30068 30901 31669 32127 32281 31673 31588 31471 30829 30111 30308 30340 29909 29407 28975
24454 23288 22266 21337 21142 21007 21471 22245 23658 25277 26815 26931 26717 26513 25930 25571 25276 24812 24320 24412 24936 25153 25415 25735 26022 25885 25855 26013 26063 26330 27148 27904 28147 28064 27288 27386 27477 27702 27822 27965 28320 28623 28714 28616 28193 28516 28504 28558 28574 28674 28756 28637 28485 28361 28784 28805 29231 29541 29665 29502 29350 29679 30494 31129 31745 31772 31464 28881 29766 31513 31215 30686 31129 31142 30759 30619 30316
23231 22207 21025 20071 19906 19955 20108 20500 21746 23221 25497 26767 26755 26627 26176 25635 25119 24623 24291 24283 24928 25460 25840 26090 26146 25919 25211 26078 26557 26972 27405 27451 27548 27320 27372 26266 27453 27696 27712 27948 28013 27931 28113 28083 27816 27971 28079 28036 28348 28487 28553 28401 28586 28581 28768 28824 28794 29233 29641 29821 29560 29671 30526 31495 32106 31808 31436 30192 30996 31525 31059 30867 31268 31199 30951 30726 30560
22318 21438 20230 20315 20300 20263 19855 20128 21002 22080 25006 26483 26580 26522 26201 25685 25198 24730 24203 24446 25113 25701 25997 26405 26245 25909 25529 26097 26540 27060 27146 26907 27018 27182 27180 27239 27450 27671 27645 27477 27323 27100 27118 27396 27554 27706 27695 27822 27997 28323 28462 28154 27978 28301 28491 28528 28631 28990 29393 29502 29146 29320 30186 31708 32386 32254 31835 31937 31610 31117 30520 30718 30839 30714 30579 30619 29826
21916 20868 20183 20625 20822 20765 19895 19920 20716 22900 25633 26224 26039 26143 26112 25814 25321 24598 24405 24492 25373 25878 26053 26358 25976 25753 25600 25414 26200 26538 26453 26436 26675 26926 26946 26903 26876 26963 27245 27046 26422 26392 26516 26784 27101 27258 27421 27381 27235 27738 27988 27599 27635 27563 28086 28315 28306 28229 28553 28678 28774 29188 30280 31757 31860 31725 31680 31595 31339 30789 30450 30339 30432 30146 30077 30234 29648
22417 20719 20030 20133 19863 19752 19672 19887 21761 24047 25948 25884 25251 25433 25585 25578 24860 23688 24534 24601 25272 25502 25485 25528 25511 25390 25163 25404 25632 25772 25955 25878 25809 26472 26462 26141 25977 26112 26199 26111 25886 26170 26399 26707 26771 26981 27078 27172 27560 27952 27993 27292 27169 27018 27527 28494 28658 28658 28711 28950 29479 29423 30244 30963 31075 31052 30799 31178 30806 30590 30385 30546 30520 30302 30102 30180 30075
24110 22392 20887 20108 19702 19639 19270 20515 23117 24758 25868 25634 24873 24567 24713 24806 24704 24274 24515 24555 24743 24781 24911 25415 25425 25101 25217 25704 26031 26053 25878 26073 26103 26098 25845 25522 25350 25481 25584 25662 25595 25993 26093 26214 27186 27293 27195 27056 27539 27897 27930 27682 27108 27179 28159 29067 29452 29443 29486 29950 29595 29393 29077 30336 30725 30725 30931 30977 30455 30094 30209 30445 30451 30432 30067 30141 30062
26205 24156 22249 21457 21201 20952 21317 22355 24066 25348 25457 25024 24091 23501 23417 23496 23688 23742 24041 24218 24316 24475 24892 25424 25427 25211 25555 26245 26444 26135 26136 25986 25769 25709 25322 25295 25339 25547 25508 25297 25133 25340 26293 26959 27362 27421 27191 26896 27145 27541 28099 28204 27846 27726 28421 29299 29949 30309 30316 30378 29203 28396 26713 27811 29794 30283 30048 29853 29620 29647 29767 29938 30008 30087 29760 29662 29332
26315 25119 23183 23034 23174 23415 24059 24875 25481 25426 25194 24434 23491 23107 22958 22844 22820 22965 23425 23791 24098 24305 24815 25344 25429 25494 25839 26402 26501 25747 26141 26111 26619 26627 25930 25383 25969 26149 25827 25259 24937 25962 26527 27348 27457 27294 26816 26790 26869 27290 27915 28129 27864 28151 28828 29696 30281 30546 30464 30146 29743 28683 26718 26684 28515 29747 28972 28847 29128 29440 29665 29843 29911 29760 29354 29021 28769
25613 25540 25160 25152 25524 25569 25572 25656 25528 25090 24372 23863 23321 23279 23187 22884 22692 22872 23092 23407 23810 24303 24991 25125 24887 25554 25700 26104 26169 25987 26267 26335 26794 26843 26037 25508 26118 26265 25795 25158 25549 25875 26010 26092 27042 26969 26632 26584 26713 26975 27359 27417 27519 28088 28856 29817 30269 30417 30109 28892 29096 29124 28990 28572 28852 28807 28180 28178 28505 29016 29684 29650 29665 29851 29580 29240 29211
25321 25509 25474 25487 25524 25550 25335 25153 24716 24139 24008 23828 23403 23353 23177 22860 22865 23021 23110 23289 23793 24570 25261 25360 25319 25109 24869 24918 25194 25701 26247 26442 26685 26678 25779 25511 25697 25701 25051 24679 25371 25812 25968 26245 26726 26788 26564 26598 26871 27135 27120 26992 27448 28066 28570 29618 29904 29657 29115 28417 28929 29751 29746 28689 28843 28467 27589 27512 27928 28316 29211 29450 29514 29985 29830 29405 29380
25259 25009 24857 24673 24590 24405 24207 23974 23751 23683 23584 23370 23306 23242 23108 22969 23195 23183 23238 23586 24393 25327 25683 25758 25486 24879 23775 23935 24285 24923 26077 26334 26201 25897 25393 25223 24992 24811 24482 24657 25124 25585 25921 26239 26455 26631 26546 26743 27062 27283 27094 26821 27382 27934 28276 28832 29072 28526 28226 28617 29704 30474 29622 27274 28940 28868 28269 27581 27476 27546 28335 29339 29534 29770 29674 29553 29388
24928 24677 24319 24406 24498 24418 23448 23392 23174 23188 23182 23149 23002 22971 22865 23077 23376 23464 23553 24056 24790 25266 25509 25855 25446 24743 23858 23820 23971 24790 25559 26557 26703 25954 25167 24908 24686 24371 24573 24625 24851 25037 25553 25847 26148 26489 26653 26740 27004 27037 26691 26302 26352 27489 28216 28472 28234 27707 27504 28824 30076 30564 29393 29450 30300 29999 29030 28242 27592 28179 28928 29797 29837 29854 29862 29613 29167
24957 24813 24820 24869 24793 24537 23701 23076 22875 22867 22851 22963 22978 22856 22877 23099 23466 23835 24131 24305 24776 24913 25550 25633 25147 24731 24367 24124 24168 24601 25831 26369 26465 25708 25089 24730 24565 24685 25073 25303 24902 24640 25120 25706 26378 26390 26603 26633 26657 26395 26266 25712 25676 26987 27908 27906 27439 27393 28068 29140 29980 30421 29760 29915 30292 29983 29281 28560 28486 29031 29488 30074 30276 30026 29731 29381 29112
24686 25195 25424 25333 25003 24572 23732 22964 22653 22814 22789 22863 22866 22915 22977 23356 23794 24258 24419 24355 23878 23379 23959 24160 24704 24892 24932 24363 24279 24985 26445 26471 26051 25459 24851 24707 24635 24716 25169 25356 24880 24432 24562 25118 25600 25232 26045 26269 26210 26055 26099 25938 25581 26501 27230 27091 27242 27400 28749 29500 29859 30222 29273 28212 29245 29329 29040 28643 28759 29048 29761 30193 30264 30001 29454 29396 28868
24064 25238 25684 25766 25433 25125 24124 23070 22628 22621 22737 22876 22833 22893 22974 23556 23951 24595 24365 23451 21540 21019 21361 21572 22799 24416 24945 24764 24407 24924 26463 26625 26241 25317 24918 24592 24509 24688 24991 24769 24499 24268 24325 24753 25417 25445 25395 25434 25597 25880 25964 26009 25873 26532 26523 26157 26643 27761 28767 29414 29858 29479 27401 26947 29067 29072 28765 28705 28753 27637 28906 30129 30031 29879 29689 29894 29516
23856 25196 26231 26177 25904 25624 24630 23387 22704 22553 22607 22740 22759 22737 23012 23515 24320 24667 23980 22133 20256 19604 19719 19915 21147 22827 24893 24998 24585 24730 26239 26337 25896 25091 24574 24514 24584 24893 24975 24736 24283 24393 24311 24780 25251 25021 24548 24506 24921 25095 25289 25364 25846 26223 25924 25817 26364 27985 28770 28959 29238 29290 29027 28873 29234 29169 28770 28837 29240 28797 28658 29811 29835 29699 29632 29900 29973
24425 25855 26743 26607 26232 25864 24807 23631 22862 22699 22636 22787 22816 22829 23017 23477 24208 24496 23494 21754 19900 19828 20333 20006 20611 21579 23956 25059 24820 25394 26437 26405 25825 25188 25043 25206 25302 25655 25717 25293 24506 24477 24445 24661 24548 24224 23858 23762 24234 24507 24545 24597 25043 25512 25691 26875 27404 27200 28002 28460 28107 28709 28859 28712 28522 28547 28530 28906 29347 29266 29691 29780 29791 29708 29731 30014 29547
25398 26535 27121 27074 26439 25842 24464 23724 23222 22922 22858 23181 23139 23093 23606 23928 24441 24566 23809 21539 19932 19944 20144 19672 19981 20988 23407 25312 25609 26170 26849 26799 26265 25479 25160 25255 25564 26119 26336 25787 25100 24654 24519 24655 24737 24312 23818 23807 23936 24055 24096 24126 24423 25022 25485 26926 27954 27871 27686 27796 27516 27505 27736 27612 27909 28091 28262 28666 28959 29161 29532 29701 29550 29344 29703 29931 29453
