Alternative/Moon/Lvl0_30x30/Ele_EF.asc
ncols         335
nrows         335
xllcorner     -3292508.343
yllcorner     -6727166.958
cellsize      10000
nodata_value  -9999.0
[rows 102 to 135 of 335, columns 0 to 76 of 335]
17784 17786 17861 19165 19347 19348 19134 18209 18134 18116 18161 18222 18198 17795 17790 17815 17813 17778 17783 17776 17745 17753 17752 17717 17722 17882 17892 17657 17568 17542 17538 17524 17514 17484 17490 17624 17745 16465 17679 18151 18108 18120 18325 18129 18121 18038 18400 19048 19227 19330 19311 19076 18830 18543 18439 18739 19040 19069 18877 18413 18130 17675 17492 17520 17420 17630 17634 17557 17771 18174 18118 18134 18223 18527 19199 19243 18887
17837 17877 18683 19730 20594 20728 20687 19880 19797 19004 18499 18456 18294 17763 17744 17773 17766 17729 17742 17743 17739 17727 17742 17695 17677 17655 17635 17607 17577 17546 17545 17543 17518 17494 17516 17542 17760 17763 17847 17881 17952 18107 18214 18277 18221 17960 18100 18125 18311 18420 18389 18095 17949 17668 17879 18143 18260 18091 18021 17882 17830 17598 17503 17492 17455 17562 17545 17494 17575 17780 17804 17859 17876 18018 18952 18779 17396
17929 18414 19023 20341 21050 21444 21639 21582 21024 20009 19196 18975 18990 18274 17727 17665 17670 17683 17692 17729 17743 17688 17681 17664 17663 17672 17649 17620 17596 17587 17564 17554 17546 17514 17508 17513 17554 17715 17752 17806 17887 18056 18085 17942 17790 17836 17981 18070 18090 17838 17758 17818 17635 17486 17467 17528 17554 17536 17543 17388 17464 17496 17477 17496 17496 17546 17517 17474 17546 17740 17812 17884 17854 18043 18462 18687 18466
18092 18850 19087 20163 20545 21697 21940 21944 21428 20415 19739 19693 19567 18945 18502 18200 18025 17641 17667 17683 17690 17655 17650 17664 17685 17666 17648 17617 17601 17599 17573 17564 17553 17526 17524 17544 17521 17527 17741 17825 17894 18283 18284 18083 17936 17920 18079 18102 17958 17766 17797 17769 17619 17470 17474 17454 17429 17432 17450 17396 17407 17519 17652 17574 17497 17540 17540 17489 17618 17732 17837 17796 17853 17849 17878 18527 18598
18616 19192 18859 18907 20533 21757 21984 22023 21519 20814 20415 20087 20025 19958 19532 19098 18436 17899 17655 17648 17659 17649 17657 17703 17680 17653 17636 17611 17584 17558 17565 17807 17790 17886 17770 17549 17537 17517 17488 17597 17923 18212 18215 18101 18031 17949 17959 18020 17958 17711 17729 17589 17456 17471 17503 17542 17446 17421 17419 17429 17446 17509 17600 17562 17537 17517 17513 17522 17637 17668 17893 17899 17799 17696 17639 17807 17921
18965 19570 19861 20349 21708 22081 21909 22061 21447 21077 20887 20725 20768 20743 20284 19616 18855 18380 18210 17890 17766 17658 17672 17657 17660 17671 17661 17637 17589 17553 17547 17948 17950 17857 17777 17714 17685 17521 17510 17826 18220 18881 18895 18278 17981 18229 18246 17723 17733 17694 17563 17605 17567 17582 17553 17698 17569 17423 17440 17433 17439 17520 17522 17530 17648 17509 17515 17531 17553 17583 17620 17778 17721 17664 17610 17732 17823
19325 19668 19710 20187 21678 22118 22269 22268 21540 21305 21195 20640 20562 20865 20556 19939 19512 19238 18968 18742 18241 17673 17657 17632 17614 17643 17641 17619 17584 17547 17551 17539 17488 17463 17476 17549 17945 17686 17536 18368 18489 18760 18711 18039 17988 18566 18530 17969 17741 17681 17664 17624 17578 17575 17546 17583 17467 17436 17437 17441 17458 17461 17515 17513 17592 17566 17514 17533 17540 17523 17541 17663 17588 17522 17544 17549 17542
19650 19720 19887 20510 21225 21995 22323 22360 21846 21516 21459 20234 19944 20450 20381 20056 19593 19342 18949 18852 18325 17675 17641 17603 17617 17680 17688 17662 17581 17546 17548 17525 17477 17468 17463 17505 17910 18124 17622 18426 18464 17910 17412 17314 17340 17715 17820 17832 17690 17622 17705 17693 17683 17627 17570 17536 17462 17434 17440 17446 17453 17480 17481 17492 17718 17668 17522 17510 17655 17606 17590 17545 17540 17511 17579 17576 17635
19682 19593 19605 20340 21136 21682 22095 22122 21813 21628 21612 21584 21061 20857 20480 19975 19679 19546 19530 19266 18518 17690 17591 17612 17614 17612 17598 17751 17571 17551 17532 17494 17489 17468 17475 17512 18377 18264 18168 18689 18093 17364 17373 17171 17420 17281 17283 17987 17857 17818 17737 17775 17735 17691 17537 17472 17580 17463 17449 17461 17479 17496 17482 17489 17608 17591 17628 17678 17522 17508 17663 17626 17568 17544 17639 17627 17623
19516 19501 19610 19983 20854 21138 21432 21485 21520 21563 21528 21374 20996 20787 20747 20612 20079 20114 19888 19518 18673 18184 17843 17838 17708 17589 17565 17559 17514 17513 17509 17485 17477 17479 17512 17967 18619 18327 18062 18765 18283 17371 17329 17393 17333 17484 17313 17768 17918 18007 17958 17895 17977 17836 17490 17414 17572 17531 17508 17561 17499 17494 17515 17509 17545 17569 17662 17757 17801 17814 17567 17777 17605 17551 17562 17652 17624
19385 19478 19583 19892 20256 20775 20885 21151 21425 21465 21248 21090 21057 21126 20898 20678 19918 20159 19968 19547 19068 18529 18140 18064 17716 17599 17704 17663 17551 17492 17500 17492 17484 17482 17520 17549 17476 17482 17751 18455 17927 17417 17378 17344 17332 17339 17349 17370 18109 18349 18144 18069 18323 18277 17984 17820 17601 17601 17519 17520 17528 17705 17492 17517 17585 17592 17592 17613 17695 17847 17876 17703 17624 17595 17658 17797 17842
19247 19455 19677 19945 20225 20684 20916 20949 21213 21182 21144 21187 21222 21228 20479 19063 18879 19708 19745 19484 19118 18806 18383 18400 18192 17792 17648 17650 17566 17538 17519 17502 17485 17492 17518 17494 17467 17482 17541 17829 17472 17444 17406 17370 17362 17354 17360 17388 18007 18952 18725 18265 18171 18069 18011 17836 17713 17634 17599 17653 17651 17854 17841 17642 17539 17595 17607 17642 17658 17746 17881 17794 17771 17741 17724 18002 18013
19362 19342 19735 20372 20404 20637 20889 20830 20838 21002 21292 21362 21278 21119 20150 18954 18901 19978 20101 19694 18876 18696 18611 18533 18428 18293 18224 18240 18236 18115 17787 17509 17492 17484 17487 17463 17463 17466 17466 17519 17508 17456 17425 17404 17402 17387 17404 17401 18198 19113 18698 18357 18379 17886 17602 17656 17661 17578 17629 17635 17667 17763 17875 17950 17725 17562 17593 17643 17725 17733 17917 17838 17994 17926 18020 17940 18059
19303 19327 19679 20567 20903 21209 21036 19793 20826 20824 21163 21278 21270 20681 20464 20525 20481 20495 20274 19670 19318 18971 19032 18922 18522 18399 18373 18236 18321 18467 18598 18215 17583 17488 17483 17477 17482 17478 17472 17512 17510 17475 17441 17434 17433 17430 17427 17596 18010 18577 18392 18245 17919 17806 17913 17910 17786 17731 17706 17697 17836 17797 17681 17998 17997 17959 17622 17623 17643 17674 17798 17748 18043 18002 18092 18344 18418
19499 19660 20250 20754 21146 21387 21236 20588 20659 20442 20556 20804 20782 20585 20525 20503 20285 20199 19994 19825 19402 18929 19088 18942 18511 18503 18613 18631 18774 18723 18835 18520 18233 17602 17504 17486 17493 17501 17499 17509 17526 17488 17480 17470 17460 17472 17490 17706 18540 18700 18406 18079 18258 18512 18417 18038 17794 17797 17813 17712 17783 17803 17957 18037 18106 18118 18167 17941 17730 17647 17717 17860 17934 18195 18364 18476 18571
20250 20227 20319 20644 20878 20976 20665 20476 20453 20405 20132 20261 20251 19903 19777 19484 19327 19568 19544 19272 18955 18752 18779 18552 18300 18449 18691 18753 18830 18764 18770 18686 18294 17598 17532 17502 17499 17514 17543 17737 17575 17511 17511 17509 17497 17505 17578 18008 18771 18785 18715 18060 18304 18764 18790 18568 18308 17863 17860 18113 18079 17991 17989 18125 18179 18188 18171 18046 18010 17580 17693 17865 18092 18206 18476 18663 18804
21425 20798 20191 20321 20359 20382 20118 20054 20364 20353 20189 19980 19575 19054 19073 18771 19053 19165 19186 19095 18616 18443 18398 18356 18361 18480 18498 18566 18691 18629 18331 18175 17744 17499 17513 17496 17540 17542 17538 17914 17770 17577 17544 17542 17538 17535 17547 18331 18418 18334 18515 18236 18285 18553 18833 18942 18649 18158 17924 18130 18398 18520 18262 18142 18001 17976 18101 17908 18001 18056 17732 17777 18011 18361 18541 18718 18977
21723 20990 20423 20576 20491 20129 19959 19881 20111 20013 19712 19495 19493 19085 18508 18443 18768 19106 19205 19157 18818 18477 18367 18778 19125 19363 19165 18485 18281 18443 18301 17710 17774 17760 17701 17641 18041 18258 18168 17913 17855 17953 17587 17569 17550 17577 17546 18443 18668 18425 18356 18468 18470 18528 18577 18659 18803 18409 18008 18288 18547 18518 18214 18359 18085 18125 18081 17807 17757 17744 17866 18139 18345 18484 18537 19032 19373
21604 21558 21321 20936 20562 19846 19522 19333 19127 19333 19293 19033 18759 18368 18245 18539 18868 19168 19177 19317 19042 18719 18504 19249 19753 19743 19362 18545 18243 18383 18425 17938 17764 17724 18218 18223 18929 19369 19310 19132 18296 18115 18002 17889 17603 17551 17548 18188 18519 18560 18803 18890 19019 19011 18851 18872 19141 18940 18410 18378 18521 18410 18140 18207 18310 18171 18041 17852 17739 17753 18032 18253 18379 18809 18983 19150 19433
21791 21985 21841 21069 20393 19696 19327 18842 18390 18486 18527 18699 18508 17738 18091 18788 19019 19253 19351 19371 19102 19047 18867 19274 19682 19621 19120 18295 18229 18300 18307 18104 18057 18540 18894 18751 18334 19147 19355 19305 18819 18329 18048 17831 17866 18286 18313 18368 18317 18767 19510 19601 19503 19034 19290 19294 19392 19215 18721 18391 18210 18136 18204 18490 18382 18285 18248 18131 18022 18048 18046 18256 18662 18838 19108 19299 19503
21924 22095 21983 21222 20981 20550 19602 18970 18681 18560 18249 18315 18183 17873 18703 18872 18991 18993 18613 18663 18715 18928 18629 18784 18817 18683 18266 18162 18201 18297 18350 18310 18586 18998 18892 18513 17315 17234 17496 17955 18599 18676 18391 17877 17800 18385 18615 18457 17626 18232 18854 19214 19364 19544 19707 19317 19442 19218 18747 18706 18353 18098 17967 18244 18318 18557 18567 18352 18253 18394 18424 18584 18839 18974 19203 19470 19627
21011 19832 19710 20282 20904 20961 20565 20301 19913 19315 18771 18300 18200 18339 18578 18659 18541 18341 18120 17936 18411 18546 18555 18402 18193 18079 18001 17921 18207 18387 18429 18499 19016 19098 18427 17110 17103 17118 16935 17037 17916 18752 18648 18041 17759 17945 17948 17557 17285 17555 17600 17262 17635 18453 18899 19266 19608 19477 19056 18695 18448 18171 18157 18143 18288 18634 18590 18690 18502 18720 19038 19045 18932 19328 19512 19565 19844
18286 17183 16923 17751 19088 20377 20407 19820 19684 19510 19184 18586 18308 18360 18363 18259 18224 18174 17909 17854 18141 18235 18311 18173 17902 17944 17948 17877 18230 18676 18696 18759 18958 18824 17505 17201 16973 16968 16932 16984 17473 18758 18831 17954 17754 18121 18043 17492 17639 17472 17362 17207 17282 17406 18190 18657 19596 19347 18951 18745 18870 18847 18555 18582 18671 18554 18613 18756 18905 18916 19147 19480 19495 19617 19633 19844 20061
17587 16992 16532 16868 17832 18378 18157 17174 17838 19256 19319 18680 18374 18121 18274 18245 18191 17941 17833 17897 18021 18052 18089 17894 17888 17921 17919 17886 18141 18664 18684 18708 18620 18113 17273 17093 17012 17134 17219 17362 17860 18875 18933 17928 17515 17929 17990 17504 17525 17306 17484 17515 17162 17134 17361 18082 19162 19304 19274 19032 19222 19262 19139 18576 18805 18842 18943 19020 19219 19391 19550 19614 19684 19748 19879 19903 20249
17981 17562 16396 16574 17674 18556 18554 18804 19631 20243 20046 18761 18079 17760 18213 18642 18505 17834 17760 17788 17825 17772 17757 17835 18029 17974 17846 17856 17959 18408 18613 18622 17902 17415 17220 17063 17819 18298 18287 18056 18011 18881 18965 18151 17854 18097 18152 17566 17273 17172 17627 17558 17201 17330 17751 18271 19000 19656 19720 19417 19309 19544 19348 19105 19074 19285 19170 19280 19452 19597 19835 19882 20021 20026 20097 20263 20582
17666 17279 16516 16507 17752 19030 19900 21408 21789 21280 20235 18917 18070 17714 17908 18417 18456 18232 17876 17784 17793 17862 17895 17853 17966 17905 17804 17816 18225 18474 18566 18533 18433 18482 18304 18185 18488 18431 18342 18180 18206 18758 18849 18105 17888 18216 18291 17973 17688 17751 17845 17451 17350 17119 17605 18548 18987 19744 19752 19565 19598 19698 19587 19106 19036 19283 19298 19389 19725 19352 20050 20248 20425 20536 20611 20716 20772
17512 16854 16492 17211 18358 19818 20864 21927 21886 20951 19994 18756 18055 17587 17757 17889 18022 18096 17916 17798 17895 17958 17931 18081 18156 18056 18036 17798 17947 18355 18342 18602 18812 19198 19176 19182 18846 18551 18478 18395 18685 19601 19833 18762 17780 18023 18224 17961 18104 18130 17839 17806 17250 17196 17598 18958 19196 19551 19644 19607 19600 19645 19542 19336 19307 19296 19275 19650 19790 20205 20322 20473 20736 20860 20839 21102 21373
19312 18758 18406 18741 19741 21596 22074 22013 21668 20780 19892 18499 18067 17668 17741 17898 17943 17863 17872 17912 18006 18102 18089 18033 18160 18094 18039 17943 17981 18073 18345 18619 18907 19192 19197 19291 18874 18324 18685 19406 19720 20031 20149 19091 18334 18042 18067 17844 18134 18141 17923 18322 18015 18321 18931 19172 19492 19613 19664 19601 19529 19610 19500 19282 19214 19232 19239 19746 20027 20481 20687 20850 20880 20947 21290 21472 21520
20838 20579 20481 20507 21151 21845 21886 21341 20809 20415 19815 18887 18258 18035 17929 18003 17881 17913 17910 17973 18116 18209 18197 18050 17939 17995 17948 17917 18213 18192 18020 18196 18803 18914 18987 19022 18891 18954 19137 19474 19889 20309 20188 19384 18833 18217 18067 17959 18165 18385 19050 19537 19298 19993 20071 19929 19613 19767 19850 19565 19522 19398 19521 19311 19780 20047 20048 20271 20633 20771 20793 20985 21347 21425 21474 21684 21312
20496 20464 20355 20351 20575 20436 20384 20300 20130 19835 19467 18893 18576 18200 18093 18066 18020 18119 18180 18254 18208 18295 18262 18149 18118 18095 18031 17967 18263 18275 18198 18358 18694 18946 18991 19172 19117 19223 19194 19273 19745 20299 20252 19204 18714 18268 18218 18168 18315 18775 19358 20324 20168 20143 20211 20097 20003 19989 19960 19851 19766 19817 19764 19751 20203 20451 20491 20802 20846 21184 21221 21390 21509 21667 21724 21749 21430
18962 18989 18978 18880 18965 19278 19584 19675 19947 19979 19746 19650 19118 18660 18884 18932 18639 18566 18640 18783 18585 18400 18375 18331 18202 18210 18051 18130 18231 18362 18313 18390 18441 18655 18957 19006 19059 19234 19526 19665 19513 20124 20170 19388 18554 18394 18371 18339 18288 18833 19355 20438 20718 20374 20428 20040 20128 19960 19971 19764 19972 20115 20138 20199 20303 20603 21050 21298 21509 21745 21969 21990 22245 22297 21908 21822 21689
18117 18130 18139 18121 18224 18665 19187 19614 20067 20025 19947 19826 19407 19068 19129 19277 19356 19059 18681 18812 18958 18773 18351 18799 18682 18515 18433 18362 18412 18456 18491 18645 18462 18680 18759 18939 19277 19467 19585 19641 19511 19915 20035 19893 19222 18870 18722 18503 18393 18417 19070 19877 20456 20410 20283 20146 20224 19977 20006 20103 20166 20197 20310 20346 20680 21008 20891 21336 21690 21947 21911 21509 22250 22358 22006 21497 21451
17650 17642 17671 17726 17860 18468 19162 19825 20159 20112 19857 19821 19822 19773 19533 19322 19581 19283 18944 18831 19110 19102 18975 18969 18845 18703 18646 18664 18581 18674 18839 18756 18449 18688 18774 19119 19426 19503 19548 19449 19407 19128 19571 19762 19510 19218 18869 19005 18909 18809 19251 20005 20129 20038 19770 19776 19822 20134 20112 20467 20445 20299 20531 20811 21007 20911 20150 21179 22119 22200 21792 20407 21299 22158 22046 21234 20614
17381 17369 17391 17536 18432 18859 19556 20166 20236 20129 19856 19650 19833 19788 19610 19433 19589 19065 18809 18897 19288 19263 19163 19044 19000 18829 18811 18814 18698 18703 18774 18790 18887 18587 18932 19151 19593 19420 18687 18732 18729 18598 18430 18916 19440 19415 19313 19723 19205 19132 19179 19658 19610 19507 19883 19788 19858 20148 20425 20453 20379 20388 20762 20855 20651 20298 19504 20631 22126 22144 22106 21781 21991 22040 21824 20944 19850
