Alternative/Moon/Lvl0_30x30/Ele_BF.asc
ncols         335
nrows         335
xllcorner     -3292508.343
yllcorner     3322833.042
cellsize      10000
nodata_value  -9999.0
[rows 68 to 101 of 335, columns 154 to 230 of 335]
15249 15236 15148 15041 14937 14989 15284 15240 14962 15438 15549 15224 14943 14874 14927 14943 14899 14859 14887 14919 14972 14820 14818 14800 14848 14959 14818 14763 14608 14503 14725 14834 14828 14886 15025 15152 15222 15152 15308 15424 15476 15494 15652 15679 15598 15682 15633 15590 15931 16103 16491 17044 17281 17240 16995 17175 17190 17466 17791 17896 18025 18030 17630 17314 17008 17433 17498 17275 17278 17111 16849 16675 16678 16590 16886 16860 17053
15340 15319 15245 15164 15154 15101 15190 15475 15429 15631 15406 14620 14898 15542 15412 15274 15102 15026 14941 14939 15251 15268 15174 14933 15065 15108 15005 15036 15022 14870 14704 14815 14908 15060 15050 15077 15071 15070 15359 15384 15350 15471 15600 15671 15628 15646 16012 16165 16413 16423 16553 17519 17756 17683 17470 17329 17002 17135 17859 18201 18163 17951 17516 17091 17294 17350 17375 17460 17404 17404 17336 17260 16957 16738 16922 17248 17557
15474 15587 15572 15418 15348 15344 15235 15338 15640 15770 15650 15258 15665 15867 15528 15479 15530 15273 15030 15058 15283 15295 15254 14947 14884 15081 15232 15197 14937 14846 15029 15202 15154 15053 15077 15173 15248 15245 15251 15341 15329 15466 15636 15614 15631 15687 16057 16223 16486 16499 16549 17002 17410 17311 17337 17280 17341 17624 17708 17888 17869 17677 17701 17626 17529 17605 17542 17591 17619 17638 17612 17544 17552 17482 17330 17277 17289
15606 15653 15679 15661 15591 15631 15562 15703 16063 16079 16065 16054 15707 15330 14598 15232 15818 15758 15783 15932 15918 15973 15950 15834 15454 15650 15544 15280 15072 15057 15404 15518 15578 15502 15488 15343 15608 15799 15789 15870 16119 16045 16191 16114 16034 15811 15957 16173 16164 16662 16852 16795 16513 16815 16914 16969 17000 17037 17520 17825 18017 17855 17630 17776 18056 18130 18148 18220 18209 17999 17807 17812 17958 18036 18034 17892 17913
15624 15644 15634 15726 15752 15757 16028 16782 16906 16813 16527 15872 15000 14534 15375 16029 16461 16582 17062 17339 17111 16746 16684 16228 16055 16029 15762 15478 15597 15592 15458 15650 15775 15905 16038 16136 16036 16107 16341 16543 16544 16504 16504 16252 16159 16376 16489 16369 16357 16650 16833 16927 17142 17099 17151 17142 17077 17043 17490 17941 17932 17969 18140 18417 18456 18321 18508 18385 18345 18345 18306 18215 18274 18490 18495 18475 18368
15639 15698 15711 15777 15794 15909 16159 17142 17471 17252 16512 15896 15799 15608 16045 16919 17332 17372 17414 17546 17277 16951 16847 16213 15839 15884 15613 15056 15564 15860 15791 15867 16018 16396 16586 16555 16445 16472 16578 16594 16761 16824 16781 16760 17005 16983 16689 16406 16647 16658 16807 17109 17329 17595 17591 17549 17974 18128 18352 18491 18574 18730 18789 18775 18882 18972 19112 18859 18994 18883 18558 18506 18492 18373 18330 18281 18313
16149 16326 16242 16173 16120 15897 16459 17418 17563 17199 16273 15821 15913 16027 16536 17138 17394 16986 16404 16027 15483 14865 14745 14808 15193 15208 14977 15778 16253 16333 16308 16023 16506 17023 17017 16904 16782 16739 16689 16696 16725 16776 16817 16899 17335 17380 17078 16742 16949 16886 17191 17318 17719 17710 17802 17951 18447 18649 18815 18851 18904 18904 19132 19286 19299 19150 19222 19113 19259 19237 19037 18865 18719 18610 18252 18165 18159
17047 16276 15201 15067 16157 16148 16121 16881 16948 16636 15998 15990 16170 16418 16874 17235 17317 16720 15575 14364 13449 12657 12247 12733 13658 14320 15132 15975 16517 16691 16524 16589 16930 17254 17158 16966 16973 16802 16613 16563 16447 16498 16643 16809 16955 17221 17429 17315 17477 17614 17686 18155 18363 18335 18214 18421 18860 19010 18882 18673 17947 17367 17623 18037 18113 18198 18212 18471 18521 18344 17969 17533 17369 17265 17264 17472 17392
17575 16144 14397 14051 15897 16124 15865 15775 15956 15903 15824 15861 15919 16246 16742 17107 16742 15898 14644 13189 12020 11358 11087 11695 12817 13700 14621 15484 16401 16702 16658 16598 16475 16834 16912 16956 17042 16990 16800 16633 16388 16306 16542 16746 17058 17412 17531 17735 17966 17968 18166 18482 18492 18551 18896 18979 19043 19027 18552 17289 15952 15837 16017 16002 15761 15703 15775 15901 15870 15864 15700 15302 15215 15161 15260 15659 15936
16968 16451 15972 16084 16039 15961 15646 15481 15518 15464 15445 15366 15567 15755 16207 16520 15936 14741 13431 12383 11527 11129 11103 11430 12428 13435 14517 15459 16410 17044 17327 16878 16309 16172 16380 17090 17491 17427 17225 16780 16808 16855 16709 16720 17144 17616 17890 18019 18213 18244 18394 18778 18910 19101 19237 18943 18051 17455 16399 15749 15608 15646 15744 15750 15483 15177 15113 15093 15011 15014 15005 15011 15005 15000 14997 15010 15055
15500 15436 15506 15648 15685 15839 15776 15587 15508 15626 15625 15643 15792 15849 16059 16332 15977 14859 13362 12544 11974 11738 12047 13017 13669 14690 15940 16513 16800 16959 17193 16901 16397 16176 16229 17072 17605 17567 17329 16861 16974 17109 17113 17207 17752 17814 17947 18043 18153 18255 18352 18715 18775 18504 18040 16967 16547 16561 16105 15420 15599 15594 15627 15641 15241 15134 14950 14952 14957 14959 14961 14958 14956 14953 14957 14963 14977
15263 15228 15126 15268 15481 15543 15585 15385 15541 15622 15692 15679 15409 15213 15491 16069 16067 15929 15536 14267 13711 13144 13187 13809 14550 15659 16631 16730 16868 16964 16881 16606 16282 16140 16089 16341 16821 16934 16977 17210 17264 17316 17494 17518 17784 17828 18053 18118 17861 17381 16574 16614 16573 16523 16267 15851 15976 15590 14989 15029 14982 14898 14898 14906 14906 14904 14906 14907 14912 14915 14917 14911 14918 14920 14925 14939 14952
14958 15145 15056 15102 15340 15477 15752 15676 15639 15722 15739 15367 15182 15429 15544 15694 15935 15985 15989 15866 15428 15074 15479 15825 16307 16444 16671 16655 16405 16167 16131 16125 16221 16331 16438 16542 16671 16766 17054 17215 17186 17419 17564 17519 17620 17946 17912 17685 16343 16453 16431 16376 16558 16324 15681 15501 15259 14917 14939 14928 14898 14896 14911 14905 14889 14881 14880 14884 14883 14882 14887 14893 14903 14908 14911 14923 14934
14882 14911 14963 15075 15187 15466 15994 15561 14315 14597 15160 15654 15568 15366 15344 15490 15592 15691 15876 15841 16139 16053 15929 16062 16142 16197 16162 16209 16121 16012 15984 16200 16380 16480 16775 17054 17157 17154 17034 17224 17569 17644 17879 17594 17819 17976 17451 16205 16380 16469 16458 16312 16204 15810 15472 15253 14997 14890 14893 14883 14886 14878 14870 14868 14873 14863 14861 14865 14873 14878 14873 14876 14883 14886 14894 14904 14912
14776 14813 14937 15095 15159 15426 15636 14763 14426 15182 15214 15661 15478 15341 15236 15442 15513 15624 15606 15608 15648 15533 15629 15659 15510 15633 15800 15837 15884 15970 15763 16038 16356 16525 16996 17380 17409 17345 17175 17266 17873 17979 17936 17885 17769 18040 17047 16155 16449 16249 16120 16164 15853 15315 15136 14958 14871 14879 14862 14862 14861 14861 14857 14850 14851 14850 14856 14862 14867 14868 14872 14873 14875 14882 14893 14901 14911
14999 15028 14942 15190 15302 15294 15191 15447 15367 15300 15309 15107 14993 14943 14990 14929 14949 14961 15090 15224 15210 15137 15216 15325 15369 15425 15467 15741 15803 15741 15705 15832 16145 16516 17070 17409 17755 17925 17921 17693 18015 18008 17914 17833 17790 17838 16733 16080 16249 16277 16073 15324 15166 15048 14870 14844 14840 14846 14843 14849 14847 14845 14845 14855 14858 14858 14857 14865 14874 14870 14866 14869 14885 14891 14898 14906 14925
15114 15283 14896 14558 14828 15043 15243 15208 15244 15224 15190 15157 15103 14934 14943 14887 14869 14893 15013 15034 15071 15106 15268 15444 15405 15444 15429 15655 15625 15631 15712 15820 15837 16398 17075 17504 17838 18026 18089 17816 17760 17868 18038 18117 17943 17416 16674 16135 16242 16055 15402 14898 14899 14857 14844 14839 14836 14832 14839 14870 14842 14844 14845 14851 14854 14864 14864 14868 14870 14870 14881 14883 14892 14892 14894 14904 14920
15011 15269 14809 14546 15239 15445 15440 15297 15059 14987 14999 15012 15032 14991 14942 14881 14889 14899 14969 15004 15035 15057 15021 15310 15408 15603 15805 15784 15691 15651 15603 15588 15606 16135 16819 17371 17748 17921 18015 17789 17916 18013 18021 18047 16983 16156 15708 15200 15044 14991 14902 14885 14867 14844 14841 14836 14834 14839 14841 14842 14846 14855 14849 14860 14859 14867 14956 14976 14966 14960 14916 14894 14893 14898 14901 14905 14913
14671 14840 14890 15212 15396 15452 15378 15320 15068 15051 15024 15007 15058 15130 15056 14915 15020 15128 15129 14990 14980 14988 14993 15024 15144 15408 15470 15696 15681 15397 15311 15346 15491 15750 16352 17205 17513 17852 17968 17964 17692 18143 17910 17302 16778 16253 15858 15488 15032 14914 14875 14866 14861 14853 14849 14844 14845 14849 14852 14854 14858 14857 14860 14866 14874 14879 14938 14973 14957 14942 14955 14896 14902 14906 14912 14926 14933
14806 14771 14690 14833 14937 14941 14984 15062 15095 15069 15010 14939 15058 15080 15074 15054 15100 15141 15211 15087 15023 15110 15121 15227 15237 15330 15508 15686 15703 15473 15236 15295 15454 15634 15916 16351 17048 17347 17579 17787 18123 18656 18036 17714 17218 16400 15869 15228 14990 14913 14879 14861 14859 14848 14842 14845 14852 14853 14859 14864 14867 14869 14870 14874 14883 14886 14888 14890 14903 14908 14911 14912 14919 14924 14931 14940 14952
14614 14623 14651 14754 14847 14855 14847 14890 14965 14921 14876 14904 14980 15025 15032 15011 15034 15148 15214 15309 15388 15395 15577 15523 15541 15605 15524 15552 15399 15251 15178 15250 15277 15461 15900 16200 16712 16904 17657 18178 18802 19600 19618 18542 17133 16127 15747 15379 14950 14917 14889 14869 14868 14859 14855 14855 14858 14866 14870 14873 14874 14880 14884 14885 14888 14894 14892 14895 14912 14916 14922 14929 14930 14935 14947 14950 14961
14576 14565 14573 14651 14744 14749 14675 14731 14733 14711 14704 14749 14787 14914 15010 15031 15137 15221 15290 15411 15556 15603 15509 15489 15585 15588 15409 15065 15027 15107 15130 15106 15156 15439 15743 16201 16471 16749 17608 18457 19513 20277 20479 19794 17934 16193 15784 15316 14948 14923 14906 14877 14871 14870 14865 14870 14876 14878 14886 14887 14885 14884 14887 14891 14892 14894 14896 14905 14917 14923 14932 14933 14950 14959 14959 14964 14973
14479 14496 14506 14513 14615 14663 14675 14712 14609 14551 14616 14634 14715 14864 14845 15000 15066 15135 15275 15293 15543 15648 15470 15267 15191 15199 15107 14932 15000 15053 15030 15097 15231 15744 16286 16685 16940 17232 17565 18428 19454 20033 20348 19795 17967 16135 15067 14988 14943 14922 14899 14887 14880 14879 14884 14893 14892 14892 14888 14888 14887 14889 14899 14902 14909 14911 14915 14914 14921 14928 14939 14939 14957 14964 14965 14969 14978
14457 14455 14471 14523 14550 14762 14833 14825 14629 14607 14554 14539 14618 14751 14842 14906 14950 14965 15000 15149 15208 15165 15142 15190 14934 14897 14901 14916 14906 14933 15232 15227 15658 16352 16980 17289 17275 17648 17881 18023 18104 18355 18962 18244 16860 15563 14992 14968 14936 14916 14904 14894 14893 14894 14898 14900 14899 14899 14898 14900 14897 14900 14909 14908 14918 14922 14920 14926 14934 14935 14942 14949 14953 14965 14970 14991 14995
14404 14403 14455 14615 14670 14807 14936 14969 14963 14700 14545 14554 14446 14475 14675 14655 14705 14727 14739 14864 14960 14977 14935 14962 14923 14915 14902 14821 14714 14724 15338 15295 15456 16274 16973 17221 17370 17623 17888 18117 18146 18234 18399 17409 15648 15130 14979 14960 14932 14918 14912 14904 14904 14907 14908 14909 14907 14907 14909 14907 14907 14914 14918 14915 14921 14926 14930 14930 14936 14938 14942 14949 15000 15120 15066 15046 14997
14373 14389 14436 14694 14324 13166 13115 14616 14968 14754 14621 14545 14617 14531 14510 14566 14530 14551 14692 14881 14872 14830 14806 14889 14909 14910 14752 15038 15326 15524 15474 15295 15129 15284 16490 17346 17479 17671 17912 18103 18185 18288 18014 16707 15726 15269 14965 14955 14932 14922 14917 14912 14920 14920 14926 14923 14915 14916 14921 14922 14927 14929 14940 14949 14944 14943 14942 14940 14945 14951 14956 14962 14993 15083 15093 15048 15007
14361 14396 14429 14857 14723 14394 14351 14693 14743 14607 14438 14486 14545 14541 14409 14456 14571 14579 14568 14420 14551 14536 14719 14641 14749 15017 15207 15263 15248 15490 15554 15607 15714 16681 17763 17768 17914 17848 17912 18113 18255 18199 17122 17597 17490 16608 15388 14965 14939 14925 14922 14935 14927 14939 14944 14939 14935 14938 14953 14971 14982 14982 14983 14973 14970 14968 14964 14964 14963 14967 14975 14978 14981 14990 14996 15009 15023
14348 14389 14445 14472 14730 14810 14973 14916 14635 14369 14254 14221 14221 14248 14274 14370 14481 14508 14458 14369 14481 14648 14724 14991 15090 15259 15274 15381 15578 15923 15974 15615 15632 16492 17431 17404 17481 17477 17555 17959 17977 17319 17388 17648 17712 17667 16480 15148 14952 14942 14937 14934 14939 14943 14946 14952 14957 14967 14978 14985 14989 15008 14988 14985 14982 14984 14982 14982 14991 14995 15001 14996 15005 15009 15020 15029 15044
14375 14440 14440 14480 14509 14521 14513 14401 14332 14290 14234 14184 14164 14164 14169 14181 14233 14265 14276 14335 14342 14449 14656 15018 15042 15234 15280 15422 15789 16285 16379 15846 15698 16119 16766 16965 17170 17152 17128 17332 16780 17102 17463 17626 17644 17676 17026 15384 14967 14958 14955 14952 14956 14957 14958 14956 14962 14966 14968 14969 14971 14976 14988 14977 14984 14990 14995 15003 15010 15015 15017 15018 15018 15030 15040 15053 15066
14442 14442 14450 14480 14488 14506 14463 14341 14335 14307 14252 14208 14178 14223 14226 14247 14264 14241 14253 14320 14452 14527 14741 14782 14965 15072 15468 15550 15523 15741 15842 15769 15816 16024 16413 16517 16664 16755 16870 16887 16524 16868 17340 17557 17462 17401 17025 15504 14982 14981 14992 14979 14979 14986 14986 14988 14982 14986 14987 14991 14989 14989 14991 14995 15003 15010 15014 15024 15038 15036 15040 15046 15051 15057 15071 15086 15090
14438 14443 14513 14453 14458 14413 14373 14337 14332 14316 14254 14211 14171 14198 14245 14340 14301 14297 14277 14356 14392 14490 14817 15061 15252 15480 15797 15948 15927 15701 15481 15522 15588 15627 15887 16097 16621 16951 16899 16617 16744 16621 16808 16959 17046 17245 17068 15708 15061 15005 15001 15001 15001 15001 15004 15014 15018 15002 15004 15009 15015 15017 15017 15019 15025 15033 15032 15034 15035 15045 15044 15057 15071 15078 15089 15091 15103
14387 14428 14450 14487 14440 14374 14371 14334 14309 14279 14231 14205 14205 14168 14189 14244 14231 14212 14229 14280 14322 14499 14892 15199 15516 15531 15786 15998 16009 15813 15902 15978 15872 15845 15909 16173 16373 16909 17008 16822 16745 16903 16581 16772 16789 17064 17196 16029 15589 15037 15031 15027 15026 15040 15034 15030 15027 15028 15027 15034 15039 15043 15042 15042 15047 15048 15051 15057 15062 15074 15080 15080 15091 15099 15109 15120 15134
14314 14391 14442 14451 14443 14356 14330 14312 14266 14218 14218 14190 14205 14160 14167 14189 14197 14194 14183 14237 14254 14487 14705 15099 15512 15526 15565 15614 15567 15571 15872 16016 16232 16347 16346 16314 16569 16596 16934 16914 16929 17025 17059 16297 16681 16986 17283 16615 15943 15156 15053 15050 15052 15052 15061 15062 15048 15054 15054 15054 15059 15058 15059 15064 15068 15068 15078 15115 15119 15097 15086 15100 15107 15121 15129 15135 15143
14297 14349 14396 14386 14366 14369 14326 14291 14225 14222 14237 14227 14215 14150 14153 14163 14172 14176 14183 14191 14213 14232 14376 14612 15137 15169 15192 15245 15251 15251 15455 15804 16415 16608 16625 16633 16481 16436 16594 16876 16909 17008 17190 17204 16314 16450 16947 16875 15805 15242 15119 15105 15102 15093 15087 15091 15088 15088 15088 15085 15086 15094 15094 15096 15093 15096 15100 15174 15167 15118 15115 15123 15146 15155 15159 15166 15172
