Alternative/Moon/Lvl0_30x30/Ele_FD.asc
ncols         335
nrows         335
xllcorner     -9992508.343
yllcorner     -10077166.958
cellsize      10000
nodata_value  -9999.0
[rows 204 to 237 of 335, columns 231 to 307 of 335]
14348 14425 14452 14433 14397 14310 14314 14325 14360 14315 14370 14386 14377 14341 14311 14363 14427 14460 14482 14533 14559 14600 14623 14662 14748 14872 14993 15143 15236 15246 15212 15166 15088 15110 15122 15107 15171 15185 15164 15126 15097 15188 15145 15097 15443 15881 16191 16419 16576 16761 16922 17073 17281 17467 17550 17600 17644 17700 17551 17297 17032 16634 16202 15697 15169 14716 14347 14005 14091 14220 14695 15072 15453 15612 15617 15554 15507
14402 14482 14519 14579 14703 14820 14923 15034 15108 15082 15129 15134 15070 14957 14827 14598 14402 14287 14242 14170 14186 14226 14287 14369 14512 14671 14755 14775 14875 14942 14961 14958 14953 14958 14907 14995 15075 15109 15133 15154 15173 15197 15166 15164 15159 15261 15474 15722 15918 16131 16265 16357 16407 16543 16638 16671 16669 16675 16674 16668 16678 16621 16582 16628 16512 16428 16317 16165 16116 16036 15980 15861 15761 15587 15520 15516 15515
14536 14623 14666 14667 14745 14757 14784 14863 14852 14832 14907 15005 15004 14937 14922 14960 14971 14927 14853 14752 14751 14760 14799 14852 14952 15073 15157 15209 15226 15194 15232 15270 15260 15225 15181 15131 15136 15088 15088 15098 15101 15037 15133 15266 15384 15527 15648 15763 15842 15894 15945 15875 15802 15755 15712 15736 15708 15632 15715 15799 15889 16051 16190 16282 16329 16248 16191 16106 16060 16009 16008 16256 16330 16260 16177 16102 15834
14347 14327 14347 14400 14422 14448 14431 14386 14337 14364 14404 14523 14664 14759 14842 14960 15000 15022 15075 15108 15228 15336 15460 15521 15533 15555 15643 15734 15835 15924 16055 16151 16226 16236 16209 16175 16161 16222 16232 16326 16238 16268 16252 16340 16289 16308 16384 16360 16439 16473 16500 16446 16530 16492 16545 16505 16482 16581 16589 16581 16520 16469 16428 16270 16027 15954 15912 16043 16279 16452 16593 16593 16607 16621 16608 16595 16605
14484 14562 14617 14643 14619 14521 14440 14400 14401 14406 14418 14494 14601 14720 14783 14854 14930 15037 15158 15312 15404 15501 15539 15572 15531 15477 15440 15522 15603 15750 15892 16041 16176 16278 16323 16481 16647 16793 16910 16989 17063 17078 17048 17002 16937 17053 17098 17174 17239 17226 17230 17160 16973 16862 16814 16724 16709 16791 16785 16764 16715 16666 16613 16579 16633 16682 16711 16737 16827 16865 16856 16827 16780 16734 16758 16734 16698
15796 15629 15571 15444 15350 15250 15199 15188 15151 15190 15259 15365 15438 15538 15630 15730 15825 16030 16187 16118 15958 15500 15188 14666 14305 13879 13646 13597 13688 13827 13953 14224 14550 14925 15357 15801 16254 16772 17169 17572 17716 17681 17633 17581 17581 17742 17833 17846 17856 17938 17908 17617 17244 16781 16588 16229 16079 16183 16318 16496 16545 16603 16648 16638 16697 16737 16736 16700 16757 16853 16923 16941 16905 16832 16788 16851 16945
16169 16085 16106 16114 16131 16144 16167 16179 16173 16203 16255 16296 16291 16282 16294 16396 16548 16715 16822 16937 16974 16976 16945 16857 16681 16533 16471 16412 16332 16435 16458 16588 16743 16976 17206 17511 17858 18168 18331 18411 18392 18371 18296 18356 18429 18502 18536 18549 18518 18455 18356 18214 18074 17910 17803 17713 17652 17543 17452 17317 17302 17307 17269 17186 17090 17009 16973 16948 16974 17004 17051 17017 16962 16859 16817 16874 16941
17234 17211 17186 17236 17268 17343 17369 17421 17351 17322 17295 17315 17394 17479 17496 17478 17543 17475 17465 17374 17367 17396 17403 17425 17469 17500 17536 17633 17755 17848 17973 18063 18214 18315 18415 18482 18531 18641 18643 18616 18522 18467 18447 18505 18617 18678 18734 18721 18624 18502 18435 18334 18257 18202 18147 18161 18296 18406 18440 18364 18338 18254 18128 18019 17941 17868 17826 17721 17662 17588 17541 17487 17401 17375 17392 17414 17443
18118 18149 18176 18194 18178 18090 18015 18034 18062 18010 17804 17792 18169 18553 18792 18845 18757 18539 18340 18120 17928 17896 17958 18053 18055 18077 18158 18183 18185 18182 18161 18155 18176 18241 18313 18465 18552 18581 18618 18616 18544 18462 18440 18455 18501 18494 18517 18486 18405 18381 18332 18274 18248 18204 18150 18134 18251 18411 18466 18416 18383 18303 18176 18018 17937 17862 17823 17730 17672 17607 17559 17482 17443 17365 17398 17447 17496
18680 18386 18148 18167 18215 18231 18248 18227 18270 18211 18177 18092 18289 18571 18733 18797 18716 18507 18271 18039 17854 17808 17838 17914 17999 18072 18122 18147 18152 18169 18188 18181 18121 18101 18097 18082 18039 17978 17929 17904 17932 18095 18216 18381 18409 18400 18296 18189 18066 17964 17942 17955 18055 18120 18152 18168 18130 18131 18145 18125 18089 18046 17989 17925 17821 17856 17860 17829 17829 17793 17716 17622 17536 17537 17598 17734 17838
19263 19268 19134 18844 18570 18529 18813 19103 19304 19325 19271 19184 19145 19043 18921 18856 18821 18766 18764 18736 18741 18702 18648 18689 18653 18656 18570 18421 18229 18060 17926 17845 17814 17698 17704 17709 17693 17703 17725 17714 17727 17744 17773 17908 17964 18003 18009 17991 17954 17915 17895 17893 17944 17977 17982 17921 17932 17962 17929 17998 18068 18198 18298 18385 18417 18430 18405 18387 18326 18253 18100 18122 18111 18046 17910 17826 17908
19283 19283 19272 19354 19452 19488 19556 19654 19760 19826 19868 19827 19673 19449 19375 19521 19569 19539 19497 19495 19392 19427 19397 19373 19282 19163 19078 18888 18674 18524 18399 18311 18252 18226 18199 18182 18115 18034 17921 17777 17693 17702 17703 17668 17613 17543 17535 17588 17615 17613 17549 17430 17368 17328 17340 17361 17356 17341 17377 17496 17667 17857 18004 18190 18304 18349 18338 18317 18238 18141 18158 18119 18021 18039 18044 17992 17998
18759 18616 18584 18457 18405 18570 18655 18828 19111 19450 19668 19802 19739 19563 19475 19520 19554 19538 19527 19529 19517 19483 19452 19410 19308 19138 18997 18807 18721 18618 18510 18455 18404 18354 18318 18287 18269 18231 18171 18046 17895 17764 17672 17525 17358 17266 17259 17251 17250 17250 17250 17258 17252 17245 17241 17242 17249 17245 17238 17262 17383 17603 17760 17943 18096 18122 18110 18038 17927 17812 17763 17825 17808 17744 17757 17740 17652
19347 18999 18701 18308 18049 17836 17848 18110 18381 18722 18983 19247 19357 19405 19412 19394 19350 19312 19283 19251 19201 19138 19108 19078 19033 19024 18967 18870 18796 18657 18501 18375 18281 18266 18273 18295 18309 18269 18219 18121 18043 17964 17833 17645 17474 17316 17283 17280 17279 17259 17309 17274 17273 17253 17293 17340 17415 17439 17428 17433 17405 17360 17321 17309 17295 17281 17280 17311 17366 17379 17425 17446 17433 17403 17367 17316 17235
19645 19573 19437 19332 19215 19094 19025 18943 18853 18943 19090 19158 19162 19157 19153 19180 19172 19171 19181 19211 19181 19108 19020 18953 18838 18739 18638 18502 18358 18283 18201 18132 18099 18038 17997 18005 18021 18046 18088 18134 18120 18044 17983 17893 17686 17547 17473 17389 17382 17422 17455 17471 17490 17554 17595 17636 17644 17625 17588 17511 17422 17378 17359 17348 17330 17323 17350 17392 17390 17380 17351 17315 17350 17355 17317 17288 17280
19478 19505 19492 19454 19337 19174 19063 18963 18891 18862 18880 18935 18968 18906 18889 18887 18779 18733 18723 18715 18688 18745 18755 18740 18673 18637 18563 18521 18473 18392 18334 18503 18664 18732 18833 19000 19151 19184 19138 19072 18946 18712 18533 18290 18124 17917 17768 17579 17472 17402 17325 17289 17279 17293 17308 17393 17411 17404 17450 17467 17439 17365 17313 17315 17298 17293 17282 17286 17280 17322 17365 17366 17346 17320 17301 17260 17260
19484 19374 19356 19391 19424 19426 19441 19463 19522 19535 19501 19340 19250 19220 19110 18968 18807 18670 18565 18474 18404 18350 18314 18237 18221 18218 18215 18230 18266 18382 18480 18582 18675 18790 18888 19046 19222 19266 19251 19192 19059 18894 18678 18464 18325 18187 18042 17842 17696 17526 17444 17360 17275 17251 17238 17239 17236 17244 17245 17332 17352 17365 17421 17427 17372 17295 17276 17282 17279 17363 17386 17371 17331 17303 17288 17280 17353
19910 19779 19594 19694 19763 19717 19724 19800 19723 19585 19550 19511 19538 19483 19413 19275 19195 19175 19102 19021 19007 19009 19022 19017 19030 19002 18986 18950 18861 18743 18687 18570 18533 18574 18633 18578 18664 18703 18692 18666 18615 18542 18475 18416 18334 18209 18126 18021 17944 17849 17707 17506 17361 17322 17340 17427 17441 17499 17492 17455 17419 17429 17449 17430 17363 17333 17319 17297 17287 17284 17285 17285 17280 17291 17344 17472 17633
19861 19793 19700 19647 19750 19891 19976 19989 20000 19957 19907 19870 19882 19902 19909 19890 19817 19706 19577 19456 19386 19376 19395 19408 19417 19365 19292 19147 19006 18838 18707 18538 18400 18131 17999 17884 17834 17897 17943 18014 18048 18050 18008 17917 17827 17779 17799 17853 17909 17901 17876 17813 17782 17747 17660 17590 17559 17528 17529 17520 17502 17455 17402 17368 17353 17337 17328 17310 17312 17371 17328 17364 17384 17396 17390 17342 17316
19560 19705 19745 19822 19955 20081 20166 20199 20283 20289 20233 20083 19946 19849 19737 19663 19680 19676 19627 19594 19557 19468 19318 19092 19160 19206 19200 19305 19429 19561 19615 19600 19602 19486 19372 19155 19014 18805 18660 18526 18419 18334 18275 18186 18096 18026 18019 18017 18064 18109 18151 18244 18371 18416 18395 18358 18279 18174 18118 18061 18038 17888 17796 17665 17583 17557 17576 17594 17627 17657 17644 17598 17533 17480 17462 17439 17488
19471 19494 19595 19818 20079 20192 20202 20183 20286 20366 20368 20357 20374 20390 20364 20305 20218 20122 20036 19921 19745 19539 19426 19374 19332 19370 19436 19528 19628 19747 19840 19901 19902 19838 19768 19766 19723 19631 19465 19254 19127 19005 18944 18776 18625 18522 18450 18382 18386 18444 18508 18627 18746 18824 18858 18846 18776 18798 18755 18635 18539 18383 18347 18224 18150 18151 18225 18267 18336 18357 18378 18379 18324 18305 18306 18227 18164
19669 19793 19940 20107 20205 20261 20262 20197 20124 20118 20152 20168 20240 20326 20342 20318 20237 20115 19987 19799 19636 19587 19633 19722 19799 19867 19894 19911 19930 20001 20008 19998 20083 20100 20097 20043 20027 19960 19943 19852 19762 19611 19534 19470 19345 19240 19141 19087 19074 19100 19143 19209 19308 19416 19489 19513 19489 19439 19384 19218 19141 19136 19134 19115 19086 19093 19079 19043 18968 18930 18940 18924 18880 18871 18850 18823 18760
19265 19366 19523 19761 19883 19879 19838 19689 19504 19340 19351 19400 19488 19563 19560 19545 19507 19470 19579 19737 19884 20045 20127 20296 20504 20562 20582 20551 20423 20317 20260 20206 20246 20272 20255 20213 20174 20122 20087 20012 19927 19797 19695 19602 19453 19344 19299 19232 19210 19216 19199 19232 19294 19385 19554 19681 19767 19783 19753 19703 19608 19537 19440 19394 19357 19300 19246 19163 19098 19094 19104 19103 19043 18988 18962 18931 18868
18557 18748 18869 18981 19086 19101 19073 18994 18917 18982 19085 19243 19334 19338 19305 19390 19436 19561 19643 19714 19770 19897 19992 20169 20256 20299 20333 20299 20210 20103 19982 19836 19797 19924 19922 19961 19953 19917 19851 19794 19719 19646 19633 19609 19619 19569 19458 19332 19273 19219 19201 19193 19208 19248 19311 19378 19406 19397 19375 19324 19287 19250 19236 19196 19197 19302 19386 19465 19497 19478 19503 19459 19393 19271 19167 19211 19205
18675 18841 18917 18995 19042 19075 19107 19108 19079 19060 19052 19017 19091 19215 19258 19336 19384 19426 19445 19480 19525 19544 19558 19509 19505 19478 19562 19656 19638 19812 19928 20078 20206 20307 20300 20248 20369 20560 20564 20502 20362 20230 20117 19981 19961 19830 19764 19640 19565 19402 19433 19354 19248 19234 19240 19233 19232 19226 19239 19295 19308 19356 19385 19411 19410 19495 19537 19592 19669 19724 19733 19689 19645 19570 19547 19508 19470
18551 18603 18642 18742 18859 18951 18975 18950 18938 18959 18961 18925 18829 18759 18700 18743 18886 19029 19132 19287 19400 19623 19791 19980 20104 20243 20303 20363 20391 20372 20358 20317 20277 20265 20341 20475 20567 20712 20730 20721 20647 20540 20450 20453 20457 20435 20362 20276 20215 20137 20085 20064 20069 20067 20075 20058 20025 20054 20120 20104 20164 20062 20039 20138 20143 20073 19932 19875 19869 19869 19898 19986 20045 20135 20151 20162 20160
18481 18401 18328 18276 18328 18379 18381 18470 18641 18771 18852 18877 18858 18798 18766 18837 18952 19068 19163 19291 19448 19631 19822 20020 20137 20271 20429 20521 20570 20553 20534 20489 20526 20523 20528 20544 20542 20640 20635 20589 20521 20442 20433 20476 20582 20679 20838 20911 20923 20960 21009 21000 20966 20964 20956 20902 20829 20710 20639 20532 20409 20325 20314 20297 20268 20177 20099 20101 20126 20198 20240 20247 20332 20395 20518 20638 20714
18743 18649 18613 18604 18567 18483 18428 18388 18341 18380 18424 18440 18402 18324 18245 18272 18340 18481 18600 18787 18949 19168 19319 19480 19627 19829 19938 20075 20214 20348 20420 20497 20542 20559 20539 20551 20515 20441 20408 20389 20366 20351 20378 20399 20510 20731 20877 21000 21073 21141 21147 21147 21081 21031 20963 20850 20746 20581 20436 20311 20176 20155 20174 20243 20276 20313 20385 20449 20473 20518 20555 20607 20662 20736 20763 20788 20801
18855 18787 18773 18825 18834 18808 18715 18590 18491 18446 18455 18466 18438 18354 18244 18117 18022 18079 18182 18357 18427 18631 18675 18867 19128 19379 19557 19816 20003 20102 20090 20049 20076 20095 20090 20061 19973 20016 20019 19978 19925 20062 20130 20219 20279 20355 20373 20417 20460 20472 20473 20411 20343 20196 20151 19990 19812 19585 19447 19278 19232 19247 19240 19339 19492 19684 19801 19977 20060 20195 20195 20157 20094 20093 20109 20087 20090
18781 18724 18710 18772 18799 18784 18733 18712 18658 18521 18478 18482 18470 18464 18395 18400 18506 18681 18849 18994 19100 19179 19222 19285 19279 19211 19216 19287 19292 19272 19096 18860 18727 18502 18399 18147 18032 17962 17988 17997 18122 18268 18351 18537 18758 18933 19059 19006 18979 18929 18810 18674 18569 18497 18338 18182 18084 17934 17825 17710 17651 17647 17693 17726 17861 18071 18214 18424 18630 18745 18808 18899 18920 18871 18853 18854 18834
18305 18328 18343 18383 18353 18290 18229 18109 17983 17916 17952 18123 18273 18475 18604 18759 18834 18923 18986 19032 19071 19087 19115 19118 19052 18957 18777 18499 18103 17705 17354 16934 16559 16118 15769 15591 15300 15093 15099 15129 15235 15405 15706 15903 16217 16564 16859 17251 17445 17569 17542 17381 17192 17027 16966 16931 16911 16841 16803 16688 16646 16653 16705 16779 16889 17038 17147 17333 17503 17731 17892 18045 18117 18181 18190 18172 18101
17451 17634 17838 18024 18187 18347 18497 18654 18688 18693 18646 18573 18594 18734 18785 18849 18869 18907 18912 18875 18717 18538 18438 18231 18102 18021 17961 17814 17538 17161 16869 16551 16245 15962 15757 15500 15230 15146 15086 15089 15201 15400 15547 15710 15830 15953 16049 16298 16455 16435 16366 16278 16141 16070 16065 16031 16098 16183 16275 16393 16501 16562 16583 16570 16523 16600 16692 16826 16961 17131 17287 17438 17576 17571 17461 17367 17459
17848 17940 18036 18110 18217 18348 18533 18634 18679 18696 18627 18565 18549 18508 18479 18460 18401 18279 18240 18095 17909 17711 17520 17255 17016 16767 16552 16392 16270 16223 16137 16072 15958 15800 15693 15565 15463 15381 15376 15374 15332 15366 15417 15439 15416 15468 15399 15390 15392 15363 15378 15378 15418 15499 15565 15706 15833 15944 16011 16175 16147 16119 15924 15938 16070 16116 16132 16172 16268 16295 16328 16428 16520 16682 16722 16787 16862
17807 17753 17728 17677 17654 17690 17710 17728 17707 17670 17550 17442 17325 17275 17216 17144 16998 16885 16688 16470 16283 16081 15904 15718 15481 15267 15103 14911 14816 14707 14637 14583 14546 14526 14520 14494 14469 14457 14442 14393 14374 14322 14271 14267 14334 14393 14476 14588 14634 14731 14783 14910 14965 15021 15071 15183 15321 15444 15550 15664 15685 15652 15692 15804 15836 15827 15824 15833 15881 15897 15905 15934 15959 15961 15991 15998 16032
