Alternative/Moon/Lvl0_30x30/Ele_CF.asc
ncols         335
nrows         335
xllcorner     -3292508.343
yllcorner     -27166.958
cellsize      10000
nodata_value  -9999.0
[rows 102 to 135 of 335, columns 77 to 153 of 335]
16645 16635 16638 16646 16627 16614 16614 16602 16599 16683 16709 16701 16640 16698 16735 16779 16984 17332 17857 18492 18069 15426 14230 14142 14836 16437 17941 17955 17303 16975 16703 16712 16662 16612 16608 16593 16584 16601 16647 16745 16740 16712 16652 16604 16576 16546 16533 16508 16504 16486 16489 16481 16497 16499 16506 16504 16517 16489 16496 16531 16570 16589 16610 16623 16630 16647 16679 16695 16714 16720 16708 16716 16713 16778 16970 17015 16944
16650 16650 16642 16646 16644 16612 16607 16600 16642 16986 16976 17021 16700 16702 16742 16832 16969 17331 17997 18381 17455 14835 14129 14095 13991 15847 18002 17952 17362 16958 16740 16656 16634 16599 16587 16582 16569 16575 16595 16626 16659 16684 16603 16580 16566 16541 16527 16506 16506 16483 16480 16477 16485 16501 16509 16500 16507 16499 16497 16523 16538 16546 16561 16581 16588 16609 16630 16699 16786 16717 16687 16689 16682 16703 16904 16941 16948
16663 16659 16642 16623 16608 16601 16599 16597 16670 16938 15962 16889 16806 16717 16735 16842 16914 17274 17854 18437 17725 15135 14951 14921 14893 15974 17792 17799 17356 16914 16761 16663 16693 16619 16572 16579 16574 16578 16577 16629 16711 16614 16592 16573 16559 16531 16528 16502 16481 16484 16480 16476 16478 16507 16512 16525 16528 16507 16482 16481 16512 16524 16535 16538 16559 16575 16587 16681 16767 16712 16659 16651 16652 16659 16728 16797 16886
16669 16660 16643 16620 16604 16602 16616 16599 16684 17025 17055 17040 16766 16716 16759 16786 16961 17074 17558 18336 18232 17046 15700 15525 15692 17210 17455 17564 17056 16872 16719 16645 16644 16592 16577 16574 16574 16568 16566 16571 16603 16565 16565 16554 16546 16525 16532 16487 16468 16472 16461 16460 16476 16502 16503 16547 16547 16540 16486 16459 16494 16513 16515 16520 16540 16551 16564 16593 16640 16638 16620 16623 16623 16623 16645 16659 16786
16674 16654 16643 16628 16623 16610 16607 16606 16619 16683 16760 16721 16664 16697 16702 16735 16803 17037 17152 17723 18096 18035 17636 16911 17633 17699 17663 17226 16947 16713 16671 16606 16607 16584 16575 16569 16561 16555 16554 16554 16577 16545 16544 16534 16521 16510 16495 16498 16492 16474 16463 16472 16474 16485 16502 16547 16567 16546 16493 16467 16475 16490 16497 16516 16535 16540 16551 16563 16573 16603 16603 16596 16589 16610 16626 16652 16703
16678 16665 16656 16637 16626 16630 16629 16631 16636 16637 16657 16660 16657 16690 16725 16747 16788 16887 17037 17151 17382 17602 17569 17331 17519 17424 17287 16915 16786 16706 16657 16588 16584 16566 16562 16562 16562 16549 16544 16543 16550 16536 16529 16524 16508 16489 16486 16482 16471 16468 16462 16466 16465 16476 16491 16535 16554 16546 16511 16467 16450 16464 16501 16520 16542 16540 16545 16534 16545 16569 16576 16576 16575 16598 16623 16628 16665
16686 16673 16664 16650 16643 16640 16656 16665 16665 16679 16680 16670 16675 16693 16752 16779 16807 16824 16846 16909 17103 17081 17060 16983 16991 16894 16796 16784 16716 16640 16607 16579 16580 16566 16559 16560 16550 16543 16535 16543 16529 16526 16516 16501 16486 16481 16477 16465 16467 16461 16460 16474 16484 16478 16482 16476 16549 16557 16521 16467 16434 16432 16466 16511 16531 16529 16537 16527 16533 16543 16557 16566 16567 16581 16614 16605 16642
16698 16681 16671 16665 16672 16679 16680 16678 16684 16693 16695 16697 16717 16714 16757 16782 16814 16890 16903 16756 16655 16681 16740 16713 16693 16689 16722 16653 16616 16602 16570 16550 16564 16554 16555 16548 16542 16536 16531 16539 16531 16520 16516 16491 16478 16473 16473 16470 16467 16459 16471 16477 16483 16484 16489 16492 16552 16553 16515 16463 16427 16417 16441 16509 16526 16521 16528 16526 16531 16538 16560 16563 16566 16581 16598 16597 16629
16706 16698 16688 16683 16684 16691 16697 16698 16703 16706 16709 16732 16735 16748 16751 16777 16839 16891 16897 16689 16558 16540 16612 16624 16606 16594 16606 16602 16565 16559 16558 16550 16544 16553 16553 16545 16531 16530 16534 16542 16534 16521 16503 16482 16470 16478 16473 16463 16464 16457 16466 16476 16483 16533 16600 16583 16547 16542 16503 16444 16429 16424 16438 16500 16497 16517 16530 16521 16528 16543 16566 16607 16629 16633 16621 16631 16639
16707 16707 16697 16697 16697 16704 16706 16729 16730 16725 16734 16743 16746 16767 16767 16779 16825 16904 16884 16657 16524 16520 16538 16563 16567 16548 16584 16572 16551 16550 16558 16556 16548 16548 16544 16539 16528 16524 16523 16542 16532 16522 16504 16490 16478 16472 16459 16455 16450 16461 16471 16477 16479 16528 16579 16567 16537 16542 16499 16441 16429 16431 16457 16498 16496 16511 16526 16518 16536 16557 16580 16634 16643 16634 16661 16654 16720
16716 16711 16709 16718 16722 16735 16738 16744 16754 16753 16757 16763 16772 16786 16796 16774 16811 16857 16825 16606 16516 16497 16516 16521 16528 16508 16517 16530 16540 16551 16560 16561 16549 16540 16535 16536 16520 16518 16516 16526 16532 16519 16513 16489 16480 16462 16453 16445 16457 16462 16467 16468 16461 16455 16472 16480 16521 16534 16494 16437 16429 16437 16477 16517 16499 16495 16496 16516 16547 16563 16577 16601 16624 16650 16640 16657 16645
16731 16725 16728 16733 16747 16760 16768 16770 16774 16777 16772 16785 16791 16804 16812 16758 16762 16716 16728 16597 16506 16488 16492 16498 16503 16492 16497 16503 16529 16548 16556 16561 16553 16538 16527 16536 16524 16515 16511 16529 16521 16515 16512 16508 16464 16449 16445 16446 16450 16462 16471 16466 16458 16465 16471 16468 16503 16530 16505 16452 16449 16475 16470 16489 16491 16506 16503 16515 16543 16559 16578 16617 16664 16652 16663 16667 16679
16755 16759 16762 16763 16754 16788 16801 16793 16800 16793 16796 16812 16806 16801 16800 16804 16806 16711 16664 16559 16506 16491 16489 16481 16496 16489 16511 16508 16508 16528 16557 16558 16556 16540 16546 16534 16521 16507 16510 16519 16525 16537 16511 16481 16451 16446 16453 16452 16455 16455 16461 16466 16472 16480 16481 16474 16515 16561 16523 16462 16453 16461 16470 16493 16505 16508 16513 16527 16553 16561 16610 16587 16629 16633 16661 16660 16675
16797 16780 16788 16779 16784 16822 16819 16806 16817 16818 16811 16815 16806 16828 16876 16849 16804 16700 16637 16534 16507 16490 16492 16491 16486 16479 16493 16485 16490 16508 16544 16555 16556 16538 16544 16550 16524 16502 16510 16544 16539 16538 16511 16486 16457 16445 16451 16452 16454 16455 16461 16460 16478 16504 16499 16474 16520 16600 16549 16487 16459 16452 16478 16496 16505 16508 16523 16536 16559 16568 16570 16592 16599 16623 16658 16666 16683
16813 16803 16808 16823 16811 16858 16843 16828 16831 16845 16833 16823 16825 16896 16925 16853 16750 16632 16547 16520 16504 16494 16495 16498 16489 16511 16496 16489 16488 16498 16520 16549 16547 16547 16554 16560 16533 16514 16499 16552 16608 16535 16514 16486 16450 16442 16455 16454 16451 16454 16464 16466 16456 16455 16472 16493 16523 16592 16569 16492 16463 16467 16478 16503 16513 16520 16543 16545 16558 16564 16571 16599 16602 16620 16662 16661 16689
16816 16828 16824 16840 16884 16924 16859 16854 16864 16860 16842 16821 16846 16997 16968 16870 16715 16588 16534 16526 16511 16505 16500 16501 16497 16515 16491 16484 16478 16493 16514 16542 16547 16547 16556 16603 16534 16510 16496 16528 16608 16526 16504 16480 16451 16443 16448 16455 16455 16454 16459 16458 16454 16455 16469 16495 16511 16585 16586 16502 16472 16479 16503 16512 16515 16528 16543 16552 16563 16565 16591 16599 16614 16628 16657 16685 16718
16831 16836 16835 16852 16859 16895 16886 16897 16880 16871 16848 16837 17007 16990 16957 16869 16681 16572 16555 16537 16520 16513 16514 16515 16516 16512 16503 16496 16477 16487 16499 16527 16540 16535 16535 16531 16511 16495 16508 16511 16529 16524 16507 16486 16453 16446 16448 16457 16466 16463 16467 16462 16467 16463 16495 16515 16532 16579 16592 16540 16494 16505 16522 16516 16534 16546 16548 16564 16585 16594 16601 16611 16636 16659 16680 16717 16745
16841 16853 16863 16865 16875 16878 16915 16960 16929 16887 16889 16877 16976 17002 16963 16829 16631 16589 16571 16561 16540 16528 16528 16528 16524 16517 16511 16508 16493 16494 16487 16496 16514 16524 16525 16515 16499 16492 16500 16513 16536 16531 16505 16488 16476 16461 16462 16458 16466 16475 16480 16477 16475 16488 16514 16522 16571 16586 16601 16560 16508 16523 16527 16526 16535 16548 16556 16570 16583 16602 16622 16631 16655 16669 16690 16739 16764
16864 16869 16882 16886 16898 16907 16929 16923 16943 16919 16919 16894 16919 16973 16940 16787 16633 16600 16582 16575 16559 16551 16569 16560 16543 16534 16515 16517 16510 16485 16478 16484 16506 16522 16519 16501 16529 16507 16519 16528 16540 16535 16509 16504 16504 16477 16472 16471 16475 16502 16533 16542 16530 16521 16520 16539 16567 16590 16607 16588 16530 16529 16547 16551 16551 16555 16578 16600 16607 16618 16644 16659 16683 16690 16703 16730 16765
16892 16896 16899 16913 16921 16926 16935 16946 16954 16915 16912 16898 16923 16938 16873 16763 16645 16622 16598 16585 16590 16569 16580 16573 16555 16540 16532 16524 16510 16493 16482 16486 16480 16494 16496 16480 16531 16549 16558 16577 16547 16529 16517 16523 16507 16491 16483 16493 16507 16541 16548 16546 16532 16522 16524 16556 16560 16595 16643 16631 16555 16543 16560 16560 16558 16563 16579 16604 16629 16639 16661 16681 16694 16710 16720 16742 16755
16935 16939 16926 16932 16944 16964 16964 16960 16955 16936 16932 16968 16956 16897 16834 16723 16633 16625 16608 16599 16608 16583 16576 16573 16569 16557 16548 16534 16512 16496 16489 16487 16483 16465 16470 16478 16490 16540 16726 16669 16640 16572 16534 16529 16526 16512 16510 16515 16519 16523 16529 16547 16524 16521 16539 16556 16580 16615 16689 16686 16583 16568 16567 16564 16570 16574 16601 16606 16633 16668 16688 16704 16723 16734 16766 16781 16800
16970 17010 17009 16963 16967 16966 16968 16971 16962 16954 16972 17011 16964 16855 16771 16667 16633 16618 16614 16603 16610 16616 16597 16569 16564 16568 16558 16538 16524 16510 16502 16497 16492 16482 16477 16486 16494 16505 16741 16634 16716 16585 16535 16530 16526 16517 16516 16518 16522 16522 16531 16554 16524 16522 16529 16600 16590 16622 16711 16736 16609 16590 16574 16574 16576 16587 16602 16623 16635 16687 16682 16719 16758 16765 16815 16840 16834
16999 17113 17095 17032 17024 17032 17014 17018 17016 16992 17004 17000 16836 16749 16692 16648 16620 16634 16628 16604 16593 16601 16583 16576 16564 16563 16556 16543 16539 16526 16510 16508 16496 16495 16493 16497 16513 16520 16523 16534 16512 16524 16534 16541 16513 16508 16512 16516 16519 16519 16521 16522 16518 16518 16580 16606 16614 16638 16711 16783 16713 16616 16590 16631 16664 16646 16618 16637 16671 16701 16705 16749 16767 16791 16823 16826 16828
17001 17056 17044 17082 17108 17087 17083 17069 17026 16979 16978 16895 16820 16728 16689 16652 16614 16619 16620 16602 16575 16578 16571 16560 16569 16555 16562 16543 16540 16538 16520 16517 16500 16516 16522 16528 16542 16555 16564 16556 16512 16513 16513 16524 16513 16508 16505 16510 16512 16512 16517 16515 16512 16519 16536 16617 16612 16654 16722 16768 16756 16656 16606 16636 16653 16654 16635 16650 16714 16735 16744 16756 16776 16816 16833 16812 16753
17030 17050 17109 17137 17140 17109 17081 17041 16980 16934 16907 16860 16815 16746 16716 16666 16629 16624 16600 16593 16590 16573 16566 16547 16595 16574 16545 16537 16539 16528 16517 16525 16534 16546 16548 16554 16571 16587 16564 16553 16529 16510 16514 16512 16500 16507 16505 16503 16500 16507 16507 16517 16516 16530 16570 16569 16632 16686 16741 16772 16752 16665 16620 16604 16601 16629 16660 16672 16743 16781 16798 16783 16773 16809 16824 16779 16757
17064 17120 17170 17156 17109 17079 17064 17025 16967 16907 16876 16835 16813 16755 16724 16683 16649 16634 16610 16586 16578 16572 16564 16547 16535 16537 16537 16531 16531 16541 16549 16535 16551 16546 16550 16564 16575 16588 16575 16582 16536 16526 16508 16498 16499 16505 16502 16497 16495 16497 16510 16513 16521 16543 16590 16588 16635 16702 16744 16784 16780 16674 16638 16609 16605 16618 16646 16675 16748 16796 16809 16773 16778 16790 16798 16775 16780
17111 17139 17157 17115 17072 17044 17032 17005 16968 16920 16927 16868 16851 16778 16741 16697 16671 16629 16604 16582 16577 16562 16553 16548 16528 16535 16536 16524 16527 16559 16568 16562 16554 16540 16541 16559 16561 16565 16593 16567 16557 16542 16528 16509 16498 16499 16493 16485 16483 16486 16511 16515 16526 16560 16586 16584 16618 16686 16774 16801 16788 16705 16653 16623 16616 16624 16658 16690 16752 16807 16823 16763 16751 16752 16783 16811 16806
17129 17097 17064 17033 17014 17010 16996 16976 16965 16941 16941 16912 16916 16821 16756 16721 16691 16655 16644 16614 16598 16558 16551 16545 16537 16540 16535 16544 16561 16579 16593 16589 16568 16548 16558 16563 16586 16595 16624 16709 16635 16576 16542 16513 16505 16495 16485 16486 16477 16476 16490 16512 16535 16560 16568 16593 16603 16679 16779 16789 16778 16725 16674 16637 16635 16648 16674 16697 16734 16801 16851 16749 16764 16776 16790 16861 16810
17112 17069 17035 16995 16974 16972 16965 16966 16968 16997 17012 16978 16964 16852 16782 16734 16718 16758 16691 16647 16612 16561 16574 16582 16574 16586 16601 16615 16643 16637 16632 16584 16571 16565 16564 16570 16615 16613 16745 16781 16714 16642 16538 16530 16514 16497 16498 16489 16483 16474 16475 16492 16511 16544 16539 16584 16620 16695 16773 16808 16782 16722 16699 16670 16669 16671 16674 16686 16689 16765 16884 16744 16761 16772 16789 16853 16816
17079 17065 17016 16962 16958 16960 16959 16957 16971 17043 17149 17012 16975 16885 16808 16763 16738 16790 16732 16734 16714 16658 16639 16623 16619 16623 16629 16644 16649 16655 16650 16617 16611 16589 16572 16585 16601 16606 16597 16704 16617 16592 16531 16563 16511 16513 16511 16505 16490 16479 16474 16479 16501 16520 16530 16558 16620 16709 16769 16800 16786 16735 16727 16697 16678 16671 16668 16662 16672 16732 16755 16720 16734 16744 16782 16829 16811
17078 17029 16985 16955 16956 16956 16947 16943 16957 17014 17000 16992 16927 16895 16821 16792 16757 16745 16741 16765 16798 16801 16747 16708 16686 16665 16670 16634 16653 16736 16723 16639 16611 16590 16582 16581 16591 16601 16603 16595 16546 16530 16547 16533 16522 16523 16525 16517 16509 16500 16488 16488 16497 16514 16536 16578 16650 16727 16760 16797 16787 16745 16728 16699 16676 16686 16679 16655 16656 16694 16714 16734 16722 16747 16763 16809 16799
17047 17019 16978 16965 16950 16993 16990 16975 16957 16926 16924 16876 16884 16869 16844 16800 16769 16761 16749 16756 16810 16815 16807 16779 16760 16684 16662 16622 16639 16759 16677 16650 16623 16609 16604 16603 16622 16623 16616 16617 16581 16561 16577 16541 16532 16530 16545 16531 16520 16517 16508 16499 16500 16526 16564 16611 16692 16737 16749 16790 16788 16758 16720 16687 16697 16694 16688 16675 16643 16659 16766 16719 16732 16745 16763 16782 16785
17017 16994 16984 16987 16970 16994 16967 16985 17026 17219 17245 17040 16910 16889 16842 16814 16817 16771 16762 16736 16735 16735 16727 16703 16713 16663 16614 16601 16651 16674 16673 16656 16629 16628 16611 16640 16709 16710 16620 16624 16597 16581 16579 16560 16557 16552 16548 16539 16532 16526 16527 16519 16519 16547 16596 16644 16758 16773 16748 16756 16775 16775 16736 16714 16710 16698 16712 16691 16679 16718 16840 16729 16705 16720 16739 16768 16784
17051 16992 16991 16991 17017 16967 16943 17002 17503 17574 17473 17467 17085 16868 16836 16814 16824 16773 16761 16747 16765 16757 16724 16673 16653 16637 16621 16600 16658 16669 16663 16657 16663 16631 16633 16634 16724 16733 16614 16619 16600 16583 16576 16559 16561 16561 16546 16537 16533 16530 16536 16538 16531 16559 16610 16675 16766 16779 16749 16751 16748 16751 16745 16788 16756 16717 16698 16700 16708 16717 16863 16741 16689 16714 16717 16744 16762
