Alternative/Moon/Lvl0_30x30/Ele_ED.asc
ncols         335
nrows         335
xllcorner     -9992508.343
yllcorner     -6727166.958
cellsize      10000
nodata_value  -9999.0
[rows 34 to 67 of 335, columns 0 to 76 of 335]
19693 19559 19806 19792 19845 20047 20102 20034 19774 19630 19622 19920 20277 20679 20909 20882 20883 21005 20932 21046 21584 22670 24852 25428 25466 24042 23798 23198 22875 22334 22463 22438 22560 23165 24018 24325 24781 24659 23365 23299 23890 24783 24945 24414 22653 22761 22267 21893 21956 22319 22721 22686 22985 23331 24171 24993 25976 27493 27800 27796 27585 26898 25786 25169 25483 25265 24075 23780 22911 21700 21541 21780 22439 23018 23750 24046 23947
19565 19458 19673 19687 19739 19651 19715 19971 19824 19785 19750 19859 19964 20198 20559 20793 21103 21104 21417 21758 21983 23262 25065 25272 24748 23380 23249 23005 22696 21821 21534 21794 21584 21676 22214 23097 24271 24248 23488 23028 23600 24500 24575 24601 24121 23848 23459 23397 23560 23660 23563 23904 24608 25002 25055 26551 27258 27439 27094 26799 26875 26694 25269 24889 25327 24966 23831 23206 22818 22214 21595 21939 22742 23421 24254 24679 24742
19749 19551 19664 19702 19763 19748 19655 19637 19754 19758 19797 19857 19813 19851 20404 20811 21616 22325 22139 22117 22479 23341 24856 24880 23679 23201 23020 22544 22393 21757 21391 21012 20969 20946 21209 21751 22699 22866 22857 22703 22576 23088 23840 23854 24039 24493 24473 24154 24225 24353 24757 25016 25791 26319 26296 26614 27141 27001 26883 26252 26244 25957 25193 24695 24808 24589 23543 23546 23593 23125 22328 21942 23224 24781 25459 25665 25534
19788 19772 19578 19851 19693 19640 19881 19948 19612 19693 19721 19767 19746 19857 19716 20311 21409 22022 21947 22087 22579 23984 24963 25014 24295 23810 23150 23668 23597 22406 21338 21211 21740 22164 21795 21363 21802 22250 22561 22447 22204 21905 22356 23015 23702 23834 23731 23849 23681 23878 24110 24200 25156 25772 25863 26094 26047 26458 26351 25952 26171 26173 25398 25474 25089 24235 23960 23974 23858 23358 22560 22580 23119 24917 25628 25880 26212
20015 19815 19583 19862 19709 19677 19757 19745 19663 19627 19661 19705 19696 19866 19670 19661 20039 20629 21255 21615 22488 23874 25076 25136 24771 24541 23594 23686 23592 22548 21879 21606 21968 22324 21913 21446 20980 21309 21414 21548 21772 21695 21779 22575 23325 23825 23630 23270 23351 23155 22865 22789 23707 24900 25229 25565 25726 26510 26449 25623 26149 26149 25428 25620 25645 24227 24059 23905 23831 23178 22537 22551 23260 25167 25770 25759 26226
21098 20489 19972 19738 19687 19775 19705 19621 19680 19654 19592 19570 19653 19722 19647 19599 19685 20415 21457 21657 22312 23311 24447 24859 24845 24887 24028 23252 22422 22193 21898 21942 22043 22132 21637 20961 20729 20573 20801 20812 21416 21886 21908 22125 22580 22637 22787 22668 22471 22470 22159 22145 22391 23299 24394 25268 25770 25932 25887 25571 25844 25803 25076 25391 25568 24640 24383 24595 24671 24378 23679 22840 23745 25423 26578 26348 25553
22397 21881 20577 20038 19789 19617 19756 19761 19787 19665 19516 19511 19638 19730 19576 19478 19549 20356 21354 22054 22744 23592 24277 24341 24640 25211 24392 23545 23136 22229 21500 21674 21527 21506 21168 20815 20881 20681 20582 21064 21324 21672 21931 21936 21819 22004 21886 21993 22027 22001 21809 21582 21737 22719 24039 24699 25664 26210 26514 26495 26522 26312 25360 25309 25572 25387 24401 24826 25017 25200 24461 23717 24041 25345 26626 26530 25636
23961 22800 21732 21465 20742 19951 19785 19822 19714 19678 19651 19462 19537 19604 19506 19373 19442 19816 21097 21980 22705 23879 24214 24404 24978 25372 25304 24294 23261 22406 21244 20832 20646 20867 20900 21003 21006 20868 20509 21042 21719 21629 21391 21569 21656 21851 21791 21883 22021 21953 21812 21957 21857 22810 23898 24734 25311 25901 26536 27370 27659 26937 25965 26183 26158 26240 25901 25316 25182 25304 24882 24347 24742 25326 26697 26717 26119
26173 24452 23295 22554 21151 20123 19797 19900 19738 19610 19463 19366 19367 19303 19294 19434 19448 20236 21144 21774 22621 23772 24322 24539 25081 25216 25313 24687 23672 22666 21757 21135 20708 20737 20825 20862 20841 20815 20793 20872 21762 21832 21053 21261 21336 21801 21920 21780 22605 22638 22624 22286 21850 22222 23449 24345 25648 25875 26134 27384 27977 27945 26863 26504 26372 26373 25941 25599 24807 25124 25096 25005 25244 25490 26581 26737 26669
27071 25378 24386 23826 21831 20372 19855 19781 19784 19788 19689 19298 19196 19252 19271 19358 19571 20213 21071 21829 22792 24064 24313 24385 24715 24920 25008 24992 23533 22672 22192 22223 22002 21188 20884 20655 20549 20458 20788 21536 21786 22106 21977 21452 21106 21741 21899 21927 22749 22857 22753 22283 22109 21762 23269 24274 25623 26418 26458 26609 27474 28013 27819 27276 27129 26371 25883 25503 24884 24811 25149 25208 25556 25756 26380 26554 26650
26543 25170 24876 24652 23064 21020 20233 19964 20008 20248 20234 20132 19566 19243 19288 19385 19507 19826 20742 21988 23154 24845 24776 24757 24233 23968 24264 24348 23382 23115 23072 23040 22338 21682 21275 21109 20782 21156 21447 22124 22331 22552 22544 21778 21074 20893 21299 21427 21821 21989 21808 21623 21692 22058 22664 23306 24986 26432 26790 27343 27463 27961 28529 28306 27201 26234 25752 25591 25334 25419 25167 25215 26020 25984 26070 26469 26989
26680 26539 26803 25811 23490 22311 21313 21406 21486 21181 20986 20978 20096 19665 19312 19495 19564 20063 21183 22101 23409 24861 25127 24918 24725 23939 23502 23272 23300 23349 23361 23332 22460 22577 22301 22219 22200 21931 22272 22638 22876 22734 22118 21539 21112 20887 21543 21429 20841 20965 20892 20867 21247 21951 22547 23094 24365 25590 26633 27463 27481 27560 28462 28492 27997 26492 25842 25653 25406 25765 25775 25427 25902 25789 26305 26908 27291
26981 26939 27122 26755 25168 23648 22924 22716 22921 22819 21735 21111 20574 20217 19601 19542 19533 19958 21283 22354 23214 24192 25010 24872 24994 23992 23028 22802 22945 23345 23379 23001 22424 22638 22661 22870 23101 22944 23466 23596 23478 23167 22214 21193 20922 21139 22120 22087 20912 20626 20731 20801 21197 21936 22579 23063 24404 26171 26995 27055 27134 27459 27899 28244 28030 27411 26578 26442 25627 25951 25957 25578 25341 25561 26340 26895 27341
27591 27438 27207 27138 26750 25366 24910 24722 24209 23885 23039 22430 21747 20743 20091 20064 19791 20040 21204 22393 23350 24157 24451 24771 24891 24564 23266 23334 23250 22887 22949 22702 22407 22494 23117 23230 23496 23922 24802 25058 24901 24102 22654 22112 21716 21604 21964 21876 20856 20753 20739 20832 21127 22069 22611 23062 24128 26075 27067 27186 27394 27573 27333 28054 28126 28033 27507 26769 26253 25772 25889 25849 25257 24894 25817 26262 26525
27817 27744 27830 27672 27521 27110 26659 26771 26032 24868 24298 23570 23192 22415 21266 20925 20942 20836 20546 21688 23196 23912 24467 25041 25066 25012 23823 23213 23016 23342 23769 23688 23002 22782 23265 23501 23903 25010 25505 25758 25785 25020 24060 23658 23098 22458 21720 21142 20915 20808 21141 21393 22116 22512 23036 23204 23142 24467 24841 25227 25409 25587 26412 27093 27151 27914 27983 27473 26464 25842 25656 25659 25207 24911 24607 25144 25853
27724 27973 27966 27971 27934 28100 28053 27867 27317 26274 25067 24392 24130 23240 22234 21781 21754 21757 21115 21107 22333 23646 24356 24978 25074 24568 23817 23071 22413 23013 23530 23506 23491 23356 23867 24293 25074 25679 26565 26958 26862 26220 25449 24661 23955 22941 21861 21402 21043 20863 21178 21791 22980 24080 24242 24288 24234 23479 23294 22768 22793 22960 23935 24856 25671 26522 26968 27046 26355 25608 25430 25063 25108 24943 24950 25289 25919
27847 28018 27984 28111 28207 28184 28284 28471 28109 27290 26257 25776 25477 24491 23451 22659 22259 22073 21923 21757 22012 23331 24010 23987 24051 23845 23331 22529 22217 23079 23088 23454 23627 24115 24436 24321 25547 26402 26944 27012 27191 26800 26497 25513 24417 23803 22999 22165 21595 21049 21615 22485 23958 24436 24535 24625 24347 23207 21659 21626 21686 21964 23314 23924 24359 25530 26292 26356 26276 25498 25538 25300 25457 25365 25574 26279 26549
28260 28246 28190 28102 28183 28421 28571 28506 28235 27580 27323 27511 27386 26375 25069 24225 23411 22788 22795 22734 22209 22824 23542 23521 23171 22991 22921 22642 22369 22972 22932 23533 24035 24822 25384 25534 25875 26455 26701 27066 27325 26720 26598 26037 25554 25264 24693 23745 23057 22796 22417 22834 23899 24264 24432 24338 23863 22166 21146 21088 20980 20988 22247 23020 23613 24270 25175 25747 25786 25528 25798 25754 25666 25701 26136 26466 26600
27966 27882 27857 27945 28007 28025 28241 28176 28082 27586 27455 27795 27886 26841 26442 25044 24254 23611 22992 22847 22428 22295 22668 22594 22298 22333 22338 21998 21820 23147 23806 23759 24240 24837 25500 25670 25980 26318 26708 26869 27148 26984 27083 27010 26592 26266 25742 24974 23681 22683 22440 22443 22490 22561 22920 22866 21511 20651 20691 20698 20844 20859 21412 22410 23082 23690 24372 24991 25067 25204 25697 25905 25836 25849 25834 26048 26070
27852 27803 27652 27525 27799 28032 27762 27780 27720 27523 27466 27563 27563 26829 26347 24893 24076 23646 23111 22978 22554 22309 22011 22133 22128 22371 22544 22272 22433 23548 24107 23953 23909 24500 24959 25381 25716 25796 25892 26612 26878 26869 27620 27936 27683 26541 26276 25790 24391 23445 23574 23421 23016 22097 21799 21226 19765 19769 20343 20571 20631 20697 20615 20969 21911 22476 23759 24467 24900 25204 25725 26014 26299 26168 25857 25418 25582
27276 27345 26929 27272 28008 28021 27703 27703 27622 27544 27491 27162 26680 26243 25657 24508 24109 24036 23102 22993 22320 21889 21528 21362 21961 22534 22749 22586 22484 23520 24310 24272 23546 23794 24196 24699 24875 25121 25513 26525 26973 27130 27641 27932 28029 27901 27078 26307 24875 24320 23956 23168 22230 21328 21256 20446 19208 19408 19644 20323 20189 20449 20343 20570 21440 22077 23224 23907 24630 24836 25634 26162 26369 26193 26261 25685 25577
26899 26697 26590 26740 27779 27724 27366 26749 26846 26854 26501 26387 26149 25607 24856 24242 24308 24482 23376 22620 22226 21933 21363 21580 21962 21996 22660 22741 22374 22853 24184 24359 24126 23005 23049 23919 24582 25355 25973 26193 27122 27392 27701 27938 28083 27833 27353 26468 25018 24488 23880 22178 20881 20352 20499 19791 19274 19284 19724 20182 20018 20115 20038 20441 20987 21666 22701 23450 24090 23552 24911 25807 26406 26376 25920 25695 25426
26396 26663 26698 26841 27045 27130 26939 26931 26727 26297 26037 26097 25947 25932 25644 25229 25250 24867 24409 23906 23094 22282 21478 21551 21629 21838 22467 22589 21875 22377 22918 24147 25016 24804 24428 24732 25218 25448 25948 26060 26816 26640 26717 26934 27541 27561 27570 26467 24792 24127 23529 22552 21287 20156 19985 19626 19168 19302 19962 20471 20474 20514 20031 20462 20714 21395 22484 23264 23490 23230 23989 24521 25700 26151 25025 24604 25178
25510 26216 27125 27077 26895 26795 26809 26421 26441 26361 26135 25924 26343 26674 26305 25812 25589 25092 24918 24712 23976 22601 21851 21436 21589 21409 21474 21490 21355 22518 23645 24215 25705 25995 25410 24867 25186 25309 25704 25846 26126 26118 25179 25355 26410 26828 27151 26367 24808 23962 23436 22689 21088 20644 20207 19836 19402 19338 19829 19526 18873 20495 20529 20998 20928 21169 22317 22637 22707 23014 23656 23688 24907 25402 25033 24224 24139
25811 26066 27109 27122 26970 26737 26868 27150 27321 26674 26384 26417 26919 26952 26372 25735 25672 25265 24913 24731 24167 22708 22072 21360 21491 21416 21103 20819 21267 22551 23849 24610 25576 25870 25129 24924 24740 25147 25593 25709 25694 25733 25060 24727 25753 26031 25868 25540 25086 24386 23711 22624 22119 20803 20241 20107 20149 19629 19714 19460 18406 19777 20426 20479 20116 20551 21928 22042 22377 23066 23093 23029 24041 24725 25197 24836 24059
26357 26631 26519 26955 27069 27334 27611 27496 27365 27132 26850 26600 26906 27100 26312 25433 25621 25922 25659 25307 24774 23224 22800 22384 21779 21486 21153 20942 20862 22048 23439 24121 25295 25459 24906 24764 24750 24804 25046 25156 25055 25291 25204 24757 24648 25092 25003 24925 25310 25445 24839 24455 23822 22208 20975 20564 21078 20981 20293 19733 19422 19500 19491 19240 19626 20429 21431 21681 22597 23376 23161 22885 23488 23976 24985 24819 23659
26499 26648 26563 26514 26502 27401 27724 27789 28190 27987 26919 26494 26247 26339 26135 25342 25887 26272 26328 26368 25973 24172 22805 22833 22011 21379 21250 20857 21049 21663 22764 23481 23979 24824 24826 24771 24704 24102 24190 23991 24352 24617 24712 24739 24698 24231 24653 24611 24729 25541 25327 25044 24707 23047 22052 21609 21479 21240 20432 19520 18734 18633 18684 18835 19000 20255 21209 21927 22662 23635 23519 23249 23785 24243 24677 24622 23776
27035 27353 27304 26697 26593 27606 28107 28490 28509 28321 27377 26086 25060 25301 25437 25374 26145 26578 26522 26471 26089 24629 23239 22742 22374 21892 21164 20946 21324 21519 22466 22854 23331 24332 24472 24344 24285 23642 24409 24618 24621 24597 24710 24710 24755 24213 23769 24332 24555 25581 25707 25543 25481 24246 22675 22466 21722 21350 20240 19734 19641 18627 18659 19162 19084 19721 20997 21614 21956 22727 23318 23360 23949 24732 24645 24507 23682
27492 27505 27585 27005 26857 27568 28178 28428 28511 28461 28063 26757 25357 24221 24516 24920 25709 26128 26153 25972 25870 24908 24059 23450 23296 22284 21204 20979 21184 21624 21862 22408 22539 23651 24222 24188 24389 24582 24820 25043 25183 24591 24664 24525 24399 23960 23482 24159 24991 24794 25491 25649 25785 25161 24433 23087 22086 21437 21169 20531 19905 19240 18846 18910 19033 19047 19675 20795 21284 21871 22297 22400 23661 24885 25212 24992 24286
27953 28047 28006 27539 27255 27614 28133 28298 28565 28484 27980 26840 25259 24087 22931 23232 25034 25117 23742 23621 23538 23812 23885 23625 23431 22732 21600 21771 22478 22781 22489 22368 22318 23042 23684 23907 24152 24353 24524 24457 24929 25116 24927 24470 24044 23765 23345 23783 24119 24212 23708 24640 25455 25088 24671 23708 23663 22759 22127 21798 20292 19472 19117 19037 19080 18926 19057 19752 20442 21146 21346 21665 22338 23719 24675 25139 25146
28065 28098 28402 28393 27715 27828 27822 27772 28387 28330 27556 26424 24956 23818 22327 21573 22443 22356 22142 21475 20889 21148 22463 23049 23032 22926 22853 22405 22831 23535 23602 23270 22788 22999 23992 24002 23719 23734 23742 23889 24664 25156 24687 24342 23940 23545 23253 23758 23606 23190 23830 24078 25023 25107 24782 24581 24332 23487 22573 22166 20315 19200 18892 19145 19391 19226 19102 19176 19621 20235 21048 21400 22266 23422 24392 25055 26020
27811 28046 28448 28501 28303 27765 27844 27810 27761 27869 27348 25955 24568 23028 21636 20721 20589 20725 21104 20869 20093 20396 20922 22070 22533 22772 22904 22730 22754 23508 23990 23993 23597 23044 23702 23867 23625 23047 23576 23888 24057 24243 24104 23584 23000 22952 23078 23302 23271 23465 23940 23861 24197 25014 24987 25233 25074 24109 23031 21956 20595 19360 18820 19112 19325 19230 19381 19301 19045 19746 20954 21464 22242 23434 24530 24683 26171
27660 27880 27905 28455 28448 28115 28108 27902 27843 26768 26292 25558 24328 23732 22828 21291 20393 20662 20521 20221 19857 20058 20821 21527 22229 22809 23025 23176 23533 23442 24016 24401 24317 23694 23355 23309 22918 23500 23802 23782 23319 22969 23000 22566 22989 23282 22903 22369 21637 22909 23973 23928 23886 23670 24687 25241 24979 24334 23264 21639 20443 19633 18733 18700 18800 18942 19281 19212 18636 19382 20312 21221 22172 23494 24495 24916 25541
26709 27170 28173 28435 28419 28313 28221 28028 27434 26935 26087 25546 24661 23833 23012 21784 20455 20642 20691 20161 19941 19963 20414 21269 21891 22959 23024 23642 23760 23509 23495 23904 24117 24232 23883 23266 22995 23754 23891 23661 22827 22489 22902 23054 23171 23163 22314 21606 20950 21723 23111 23188 23055 23070 23652 24509 24480 23757 22941 21386 20137 20141 18896 18665 18665 18711 18947 19129 18952 18835 20284 20906 21668 23039 24356 24908 25735
