Alternative/Moon/Lvl0_30x30/Ele_DB.asc
ncols         335
nrows         335
xllcorner     -16692508.343
yllcorner     -3377166.958
cellsize      10000
nodata_value  -9999.0
[rows 272 to 305 of 335, columns 0 to 76 of 335]
21937 22465 22445 22316 22541 23215 24099 24965 25223 25456 25456 24931 24414 25015 25820 26290 28220 29672 31090 31638 31588 32050 32070 30952 29982 29243 29653 29368 29356 30056 29438 28164 27032 27406 27826 28130 28250 28304 28090 27066 26711 26550 26089 25533 25150 24550 23927 23147 23053 22934 22952 23070 24165 24178 22778 21905 23153 24375 24402 24682 25305 25458 25975 26397 26794 26852 26858 26674 26991 27094 27047 27233 28226 28668 28668 28818 28660
21731 22112 22169 22156 22545 23216 23971 24539 24855 25053 24986 24702 24389 25028 25768 26488 28639 29815 31085 31421 31592 32089 32363 31336 30652 30225 30651 30501 31019 31619 31116 29844 29079 29024 28738 28796 29717 29959 29712 28602 27765 26904 26347 25818 25541 24928 24043 23162 22974 22939 22941 23235 24450 24948 24613 24111 24576 24700 24314 24655 25324 25382 25508 25695 25733 26174 26201 25209 26038 26220 26111 26804 27702 27824 27328 27810 28034
21818 21864 21842 22021 22470 22981 23830 24490 24706 24852 24828 24898 24654 25339 26090 27162 28661 29762 30678 30852 31263 31895 32281 31863 31445 31352 31666 31797 32819 33693 33573 32364 31659 31139 30605 30945 31225 31228 30773 29658 28857 27557 26520 26374 26197 25578 24315 23024 22917 22873 22855 23052 23908 24907 25156 25114 24933 24722 24296 24669 24893 24743 24985 25243 25171 25211 25359 25565 25828 25670 25523 26347 26815 26228 25638 27115 27317
21641 21519 21490 21426 21745 21745 22199 22861 23729 24547 24343 24482 23286 24055 26232 27618 28677 29777 30868 30748 30579 30959 32145 32753 32876 32825 32953 32799 33921 34469 34393 32970 32417 32820 32995 33024 32263 31553 30964 30538 29592 28269 27261 27157 26995 26239 24783 23290 22954 22905 22825 22861 23081 24117 24669 24709 24325 24314 24229 24658 24790 24611 24479 24783 24624 24332 25005 25097 25261 25238 24990 25657 25983 25193 24568 26042 26299
21342 21284 21301 21683 22309 22402 22557 23701 23773 24043 23187 22266 23269 23995 26108 27653 28686 29718 30825 30851 30594 30354 31544 32823 33305 33189 33191 33673 34491 34575 34372 33082 33260 34109 34081 33547 32507 31607 31495 31147 29881 29056 28334 28181 27591 26934 25516 23889 23035 22958 22872 22794 22886 23366 23816 23747 23920 24155 24265 24525 24595 24523 24442 24600 24428 24202 23908 23710 23775 24034 24774 25657 26037 26010 25256 25140 25205
21486 21399 21299 21780 22419 22454 22896 23128 23729 23965 24217 24215 25490 25655 26263 27332 28642 29857 30772 30658 29874 28952 30091 31475 33226 33206 33084 33652 34268 34281 33664 33229 33175 33731 33659 33495 33136 31760 31677 31173 30183 29894 29279 28041 27143 26968 26351 24588 23242 23013 22890 22834 22645 22989 23298 23415 23694 24092 24237 24395 24493 24413 24402 24527 24361 24068 23790 23461 23614 23869 24760 25361 25654 25649 25236 24979 24688
21750 21545 21500 22020 22354 22496 23321 22943 22161 23431 24674 24855 25554 25556 25854 26960 28655 29680 29561 28691 27986 27759 28469 29970 31785 32355 32182 32725 33201 33025 32099 32435 32158 31915 32152 33084 33131 32131 31639 31262 30540 30524 30029 28131 27831 28356 27858 26586 25029 23702 22982 22942 22982 23071 23248 23361 23457 23580 24277 24438 24385 24037 23907 24079 23846 24057 23938 23543 23389 23722 24695 25082 25075 24360 23727 23369 23462
22320 22254 22259 22529 22486 22457 22397 22074 21756 22758 24310 24646 25185 25209 25669 26717 28554 28758 27743 26812 26169 26328 27514 28455 30596 31364 31263 31676 32085 31482 30809 31330 30941 30758 31247 31813 32611 32601 31869 32072 31936 31723 31127 30749 30498 30788 30551 29388 27251 25507 23484 23016 23215 23193 23236 23245 23236 23434 24136 24153 23901 23875 23769 23616 23569 23910 23752 23411 23523 24275 24528 24635 24301 23546 22677 22312 21941
22491 22404 22110 22409 22458 22490 22585 21623 21459 22743 24050 24581 24961 25086 25866 26529 27873 27827 26304 25836 25819 25596 26371 27362 29301 30394 30480 30845 30790 30424 30693 30547 30258 30004 29885 30158 31617 31772 31548 32395 32586 32406 32390 31915 32178 32672 32637 31782 29199 26873 24464 24075 23721 23440 23335 23363 23371 24061 24516 24102 23990 23981 23912 23974 24034 23794 23578 23307 23669 24428 24529 23671 23068 22588 21374 21003 20782
21997 22185 22198 21862 22164 22725 22839 22014 22580 23038 23547 24182 24472 24674 25731 26609 27152 26674 26028 25716 25503 25240 25459 26352 28352 29467 29564 29426 29207 29596 29924 29674 29257 28639 28781 29146 30282 30687 30798 31608 31941 32603 32736 32225 32249 33007 33113 32432 30074 27761 25250 24461 24282 24067 23539 23463 23907 24942 25141 24428 24016 23994 23986 24477 24341 23622 23690 23540 23613 24377 24281 22801 21789 21422 20570 20225 19751
22058 21958 22490 22583 22423 22208 22503 22735 22790 22856 23227 23469 23932 24652 25658 26724 27115 26459 25633 24911 24556 24537 24573 25890 27689 27999 28078 27576 28082 28546 28886 28697 28221 27669 27624 28204 29124 29708 30258 30792 31673 32293 32264 31487 31381 32321 32433 31640 29847 28031 26395 25549 25016 24070 23544 23563 24869 25364 25560 24728 24097 23992 24515 25138 25244 24811 24072 23605 23245 23660 23628 22554 20974 20244 20119 19790 19241
21937 22229 22525 22533 22394 22290 22306 22425 22644 22688 22932 23077 23642 23657 23996 24726 25013 24918 24730 24621 24734 24632 24755 25983 26883 26488 26451 26381 26737 26886 27418 27374 27103 26797 26584 27058 28052 28379 28979 29522 29934 30218 29923 29830 29743 30017 29729 28706 27591 27277 26791 26313 25563 24487 23391 24488 25316 25423 25411 24777 24468 24588 25190 25567 25550 25097 24036 23518 22821 22641 22747 22292 20854 20052 19959 19150 18666
21874 22136 22256 22410 22588 22596 22308 22261 22226 22442 22619 22895 23587 23741 23931 24258 25167 25724 25558 25091 25846 25723 25561 25674 25724 25267 25018 25271 25418 25520 25861 25969 25841 25746 25537 26053 27120 27467 27713 28160 28182 27929 27566 28823 28596 28072 27350 26173 26259 26794 26879 26362 25366 24638 24409 24928 25358 25378 25398 25750 25842 25661 25788 25743 25517 24751 24121 23532 23209 22397 21934 21315 20381 19299 19073 18823 18527
22536 22604 22505 22513 22707 22691 22413 22227 21780 21947 22105 22639 23711 24548 24867 24961 25618 25737 25603 25083 26070 25906 25467 25322 24556 24301 24266 24492 24558 24665 24995 25021 24932 24767 24918 25781 26361 26741 27132 27407 27642 27418 27774 28035 27798 27225 26094 25704 25957 26356 26453 26087 25118 24371 24489 24633 24839 25327 25756 26174 26278 26109 25997 25914 25207 24429 23875 23340 23198 22479 21744 20801 19828 19248 19177 18992 18605
23126 23130 22990 22790 22867 22614 22493 21877 21396 21889 22292 22817 23813 24354 24267 23829 24285 25120 24947 24894 25251 25010 24527 23946 23531 23391 23340 23594 24019 24367 24384 24403 24392 24385 24540 25497 25472 25598 25189 25060 25221 26204 26776 27089 26737 26513 26020 25603 26211 26189 25947 24995 24220 23999 23712 23872 24570 24940 25796 26178 26171 26066 26139 26121 25837 25075 24515 23946 23411 23083 22086 20877 19943 19452 19275 19109 18748
23471 23521 23381 23113 23087 22666 22136 21941 21687 22152 22293 22930 23461 23059 21432 20795 21742 23675 24745 24806 24627 23866 23313 22962 22946 22893 22859 23137 23664 24141 24220 24297 24277 24257 24257 24438 24470 24542 24046 23532 23432 24853 25932 25889 25837 25823 25641 25437 26086 26103 25597 24936 23786 23712 23541 23514 24077 24576 25379 25742 25746 26132 26473 26920 26886 25747 24795 24090 23545 23368 22813 21413 20596 20383 20195 19258 18797
24035 23940 23742 23380 23118 22587 22378 22493 21658 21227 21060 22408 22677 21187 19124 19340 20719 22924 24950 24727 23835 23061 22468 22406 22503 22607 22579 23327 24298 24841 24758 24476 24218 24172 24097 24160 24177 24358 24720 24627 24617 25343 25179 24961 24922 24816 25111 25538 25794 25639 25227 24612 23827 23584 23338 23219 23440 24270 24790 25401 25470 25945 26597 26888 26792 25911 24889 23746 23249 23151 22968 22278 21546 20903 20393 19307 18591
24400 24338 23816 23411 22848 22377 22507 22498 21689 21951 21859 22695 22969 21785 20039 19901 21196 23317 24717 24340 23435 22635 22040 21947 22386 22914 23108 24155 24907 25070 25000 24615 24457 24155 24026 24086 24206 24210 24406 24457 24291 24659 24530 24132 23832 23742 24400 25102 25398 25303 24576 23793 23377 23165 23057 22929 23019 23509 24416 24796 25066 25699 26223 26278 26010 25688 24914 23771 22530 22314 22147 21655 21470 20832 20208 19052 18700
24926 24920 24080 22809 21919 21930 21778 20893 21360 21959 22268 22736 23567 23547 22430 21507 21575 23571 24067 23311 22863 22337 21900 21857 22105 22971 23525 24651 24908 24825 24672 24645 24476 24179 23953 23907 23863 23844 23849 23802 23773 23998 24028 23559 23552 23543 23570 24284 24515 24481 23905 23243 22606 22579 22566 22390 22626 23084 23621 23859 24559 25377 25901 25924 25279 25195 24575 23913 22709 22002 21625 21594 21498 20993 19657 19044 18661
25211 24919 24023 22355 22315 22420 22189 21765 22198 22212 22055 22501 23371 23688 23668 23257 22837 23453 23344 23071 22921 22159 21904 21894 22354 22978 23521 24543 25129 25017 24541 24477 24342 24212 24415 24325 24147 24061 23817 23814 23792 23783 23717 23564 23548 23541 23537 23547 23688 23791 23611 22878 22232 22169 22065 21768 22035 22798 23094 23269 24229 24824 25497 25370 24856 24002 23128 22297 21899 21771 21348 21417 21260 20687 19645 18943 18586
25565 25056 23083 22262 22274 22348 22461 22373 22195 21624 21161 21502 22150 23001 23594 23655 23511 23039 22964 23393 22882 21871 21788 21889 22304 23110 23757 24438 24990 25043 24708 24397 24478 24987 25361 25115 24909 24638 23906 23805 23785 23818 23858 23706 23582 23562 23560 23544 23578 23670 23526 23017 22120 21883 21562 21600 21824 22222 22337 23008 23843 24944 26288 26307 24666 23170 21201 20493 20514 20615 20975 21038 20222 19948 19788 19312 19296
25408 24440 23281 22842 22305 22349 22443 22054 21195 20802 20735 20815 21416 22537 23279 23472 23553 23402 23176 23283 22347 21789 21752 21983 22157 23183 24124 24625 24984 25196 24951 24645 24973 25630 25891 25993 25709 25179 24347 23825 23823 24208 24363 24267 23940 23657 23589 23575 23622 23664 23402 22581 21757 21577 21557 21532 21611 21897 21835 22568 23668 24992 26384 26370 25034 23857 21935 20700 20646 20912 21216 21474 21457 20975 20344 19965 19692
24738 24208 22939 22377 22219 22281 22219 20972 20729 20677 20680 20633 20912 22122 23137 23131 23320 23362 23131 23175 22420 21819 21820 22878 23018 23841 24683 24789 25204 25492 25425 25424 25686 25985 26162 26482 26686 26270 25212 24576 24583 24632 24578 24433 23840 23694 23683 23606 23561 23346 22851 22054 21592 21565 21525 21507 21497 21561 21690 22224 23267 24711 26003 26082 25123 23916 23651 22682 22524 22719 22023 22215 22102 21176 20395 20138 19465
25309 24260 23002 22347 22333 22327 22088 20844 20671 20647 20626 20566 20773 22099 23295 23463 23416 23365 22985 22432 22331 22283 22721 23228 23392 24140 24930 25185 25250 25508 25790 25898 25541 25234 24783 25839 26715 26735 26674 25982 25306 25087 24741 24655 24076 23676 23917 23775 23490 23278 23038 22018 21519 21544 21519 21497 21503 21490 21524 22216 22948 23753 24248 24884 25014 24493 23910 23316 23555 23400 22862 22727 22388 21268 20554 20149 18844
25532 24460 23098 22450 22701 23118 22497 21228 20663 20624 20570 20537 21055 22495 23575 23525 23618 23350 22713 22491 22209 22250 22944 23431 23455 23961 25102 25411 25712 25649 25919 25905 24359 23412 22988 23788 25560 26727 27223 27009 26070 25581 25273 24843 24592 24451 24740 24665 24475 24800 24722 23150 21676 21569 21551 21504 21460 21455 21449 21922 22771 23100 23345 23859 23741 23789 23904 23833 24073 23883 23329 23225 22917 21714 20839 20376 19334
25544 24465 23141 22898 23197 23540 23232 22240 20983 20671 20624 20864 21780 23212 23628 23631 23629 23482 23011 22737 22481 22283 22950 23424 23271 23534 24539 25399 25797 25857 25842 25324 23479 22685 22597 22833 24262 25931 27240 27154 26311 25908 25597 24785 24364 24478 25753 25887 26103 26233 25821 23942 22449 22002 21823 21488 21468 21444 21391 21470 22180 22396 22926 23351 23860 24008 23903 24018 24272 24294 23835 23426 22910 21716 20787 20458 20218
25645 24632 23568 23460 23484 23479 23613 23645 22568 21742 21986 22500 23561 24004 23780 23698 23813 23725 23229 23044 22826 22262 22525 23182 23064 23156 24189 25150 25682 25812 25459 24325 23300 22650 22552 22673 23319 24774 26924 27671 27361 26515 26060 24862 24242 24382 26283 27116 27710 27702 26523 24527 22691 22109 21857 21455 21432 21412 21393 21461 21614 21669 21752 22738 23712 23856 24035 24048 24451 24388 23853 23477 22560 21450 20815 20512 20215
25491 24638 23943 23764 23476 23389 23704 24044 24032 23664 23640 23804 24083 24087 24022 24261 24290 23740 23382 23234 22754 22163 22429 22838 22713 23140 24265 24886 25237 25575 25576 24876 23711 23162 22621 22848 23485 24762 26686 28088 28271 28175 27508 26739 25721 25883 27287 28051 28417 28280 27252 25043 22832 22046 21829 21394 21380 21389 21469 21517 21480 21499 21514 22079 23191 23579 23733 23593 23795 23651 23710 23826 23037 22140 21479 21027 21167
23757 23776 24042 23743 23476 23399 23950 24588 24672 24413 24164 24262 24320 24442 24799 25217 24895 23986 23467 22741 22181 22021 22242 22268 22497 22987 23843 24579 24792 25300 25641 25913 25389 24834 24213 24503 24666 25389 26515 27284 28504 29018 29259 29047 28282 28001 28278 28545 28475 28347 27334 25294 23616 22714 21864 21581 21349 21403 21506 21540 21560 21535 21515 21689 22199 22424 22727 23755 23906 24084 24345 24264 23736 22991 22556 22219 22319
21023 21820 23513 23721 23578 23468 24300 24555 24612 24647 24470 24647 25077 25632 26080 25997 25095 24019 23039 22113 22024 22111 22110 22063 22363 22780 23587 24229 24721 24933 25593 25983 26180 25942 25392 25496 25449 25639 26016 26992 28258 28940 29671 29692 29228 28731 28520 28517 28352 27815 26573 25317 24216 23156 21747 21571 21403 21437 21487 21500 21527 21536 21473 21533 22377 22645 22851 24359 24950 24990 24762 24678 24204 23676 23618 23346 23041
18649 19954 22283 23533 23625 23727 24212 24420 24190 24784 24674 24815 25861 27020 27181 26483 25163 23805 22532 21754 22037 22499 22559 22527 22659 22748 23438 24115 24751 24762 24891 25327 26015 25737 25356 25433 25318 25993 26937 27003 27522 28341 29815 29998 29085 28699 28330 28362 27778 27036 25656 25125 24658 23751 22591 21727 21397 21438 21703 22209 22123 21495 21442 21572 22903 24168 24671 25690 26251 26218 25713 25600 25267 24982 24516 24181 23614
18032 18694 20725 22363 23427 23996 23983 24074 23797 23344 23321 23692 25447 26702 26910 25965 25089 23641 22341 21069 21205 22182 22634 22876 22744 22723 23559 24359 24665 24750 24230 24611 24662 24758 25069 25089 25371 26354 27028 27141 27205 28105 29825 29781 28563 27714 27710 27643 27310 26497 25775 25017 24604 23612 23095 22213 21446 21726 22551 22707 22477 22157 21826 22018 23399 24665 25963 26505 27166 27236 26936 26759 26620 26055 25625 24852 24087
16657 16978 18494 20060 22067 23708 23838 23795 22504 21901 22019 22267 23702 24806 25163 24739 23729 22746 21499 20870 20816 21138 22002 22490 22607 23558 24891 25266 25074 24624 23670 23559 23937 24551 25227 25215 25303 26389 26934 27139 27672 28337 29000 28450 27294 27132 26930 26811 26818 26499 25613 25171 24330 23785 23262 22857 22617 22763 23169 23137 22957 22871 22956 23390 24715 25778 26630 26535 27503 28180 28180 27998 28002 27441 26771 25761 25376
15373 15498 16638 18376 20744 22432 22773 22759 21669 21178 21364 21607 22270 22992 23828 23542 22910 22130 22091 21469 20784 20797 20999 21458 22644 24333 25766 25771 25552 24913 23536 23151 23884 24946 25632 25631 26054 26758 27538 28038 28307 28449 28277 27191 26792 26831 26983 26862 26734 26528 25830 25129 24344 23776 23431 23181 22893 23063 23175 23237 23427 23887 24117 24226 25319 26486 27579 28070 28465 28587 28551 28280 28264 27694 26851 26082 25461
