Alternative/Moon/Lvl0_30x30/Ele_DB.asc
ncols         335
nrows         335
xllcorner     -16692508.343
yllcorner     -3377166.958
cellsize      10000
nodata_value  -9999.0
[rows 238 to 271 of 335, columns 154 to 230 of 335]
26432 26061 26628 27005 27055 27004 27274 27220 27721 28106 28049 27968 27480 26943 27061 27721 27917 28077 27935 27679 26775 25214 25322 24410 24790 26911 27870 28780 29457 29664 29344 27029 25723 24796 24516 24146 23189 22051 22293 22508 22309 21878 21444 21467 21483 21466 21447 21336 21689 22906 24492 25937 27577 29018 29641 29539 29069 28569 28110 27540 27156 27197 27015 26814 26875 27446 27489 26424 25540 26974 27154 26920 26591 26617 26548 26941 26927
26211 26037 26583 27016 27004 27046 27004 26964 27227 28084 28233 28211 27436 26364 26210 26630 26577 26553 26544 26606 26218 24836 24980 24931 25425 26562 27467 28053 28892 29426 28688 26249 24759 23758 22951 21930 21173 20378 20577 22320 22413 22093 21943 21627 21738 20877 21381 21436 21795 22655 24124 26163 28212 28908 28752 28280 28526 28485 28146 27445 27169 27410 27363 26910 26640 27072 27449 27306 27088 26993 26934 26821 26702 26385 26202 26412 26554
26498 26223 26713 26726 26848 27306 27487 27786 27892 28152 28305 28278 27282 26345 25670 25548 25377 25258 25331 25502 25206 24538 24557 24655 25712 26546 26942 27322 28449 28651 27481 25853 24731 23139 22025 21232 21038 20833 21053 22072 22757 22650 22494 21734 21455 20916 21421 21957 22635 23618 24763 26302 27767 27748 26189 25349 26103 27660 27836 27236 27176 27365 27397 27183 26547 26755 26817 26628 26606 26495 26509 26574 26368 26189 26378 26140 26179
26408 26291 26455 26640 27348 27520 27618 27928 28270 28318 28256 27903 26749 26023 24761 24759 24558 24053 24156 24036 23811 24207 24642 24864 25724 26238 26468 27169 28204 28210 26581 24792 24029 22292 21589 21295 21092 21056 21125 22160 22991 22722 22379 21586 21469 21479 21668 22118 22989 24027 25040 26154 27555 27200 24918 23955 24785 26739 27455 27023 26733 26786 27262 27334 26995 26851 26830 26562 26186 26171 26448 26584 26360 26322 26415 26199 26149
26121 26627 26823 26855 27389 27459 27144 27134 28267 28582 28188 27411 26484 24847 24422 24447 24131 23577 23225 22878 23166 23632 23895 24314 24900 25598 25960 26801 28094 27998 26371 24437 23609 22256 21450 21230 21111 21107 21149 22238 23072 22674 22022 21605 21395 21596 21678 22108 23089 24227 25670 26781 28243 28607 27137 25444 25604 27484 27736 26890 26592 26575 27199 27278 27077 26906 26627 26460 25986 25901 26044 26157 25991 26279 26339 26264 26096
26921 27267 27068 26865 27174 26076 25339 26099 27701 28043 26904 25498 25423 24682 24975 24446 23787 23382 22909 22442 22644 22838 22848 23428 24312 25115 25806 26627 27854 27918 26170 24583 23493 22493 21975 21509 21245 21082 21090 22446 23069 22706 22015 21654 21407 21744 22093 22822 23429 24284 25657 27618 29291 29734 29394 28345 27977 27965 27741 26767 26614 26440 26810 26808 26725 26799 26556 26174 26018 26133 26178 25982 25979 25959 26052 26075 26075
27058 27233 27194 26928 26731 26073 24855 25656 27018 26673 24917 24056 24198 24975 25080 23942 23030 22501 22314 22137 22170 22160 22391 23158 23712 24624 25352 26514 27768 28047 26767 24941 23623 23080 22934 22648 22498 21854 22060 22897 23285 22641 22146 21898 22029 22696 23266 24104 24740 25341 26481 28611 29489 29497 29246 29162 28988 28455 27554 26719 26520 26455 26321 26185 26184 26099 26028 25887 26178 26153 26208 26026 25993 26020 25865 25863 26136
26749 27195 27163 27229 27015 26824 26626 26796 27227 26339 24488 23911 23937 24174 24344 23288 22749 22480 21999 21837 21810 21802 22095 22870 23417 23975 24653 26239 27388 27777 27575 26227 24894 24306 24060 23801 23821 23743 23787 24237 24129 23255 22737 22526 22866 23233 24171 24992 25448 26471 27376 29352 29653 29485 29124 29112 28988 28437 27589 26800 26603 26473 26248 26013 26031 25989 25865 26127 26259 26139 26205 25763 25985 26029 25901 25904 26330
27151 27161 26990 27122 27312 28099 28126 27958 27614 26871 25626 24395 24037 24039 23981 22907 21272 21153 21707 21747 21754 21729 21702 21948 22715 23633 24564 25742 26435 27335 27600 27380 26057 25293 25451 25215 26099 26304 25957 25895 25537 24802 24102 23974 24211 24781 25631 26216 26539 27420 28455 29356 29421 29286 29039 29038 28911 28249 27627 27004 26979 26651 26497 26099 25856 25719 25848 26058 26082 26159 26217 25870 26050 26105 26047 26081 26444
27400 27248 26961 27078 27560 28109 28179 28189 27559 26808 26033 25566 24681 23964 23518 21709 20971 21042 21968 21866 21684 21664 21642 21743 22267 22993 24240 25282 25851 26627 26971 27476 27452 26747 26380 27272 27808 27367 26323 25572 26387 26194 25973 25774 25606 26091 26743 27213 28087 29119 29317 29330 28993 28690 28194 28328 28414 27920 27435 26984 26830 27083 27072 26375 25925 25832 26024 26034 26034 26188 26217 26343 26092 26390 26423 26477 26589
27524 27363 26982 27198 27637 27977 28217 28197 27295 26262 25882 25384 24459 23343 23274 21829 21326 22212 22146 21719 21566 21547 21549 22051 22571 23052 23764 24563 25453 26207 26632 27258 27424 27567 27926 28598 28636 27921 26951 25904 27294 27244 27017 27039 27160 27211 27704 28542 29228 29270 29188 29168 28891 28041 27669 27982 27870 27193 26855 26288 26063 27145 27170 26508 25942 25890 26033 25982 26208 26341 26392 26428 26292 26447 26499 26495 26472
27395 27280 27133 27531 27902 28186 28369 28351 27487 26418 25367 24528 23687 23208 22765 21540 21565 22235 21942 21456 21623 21522 21497 22127 22643 23004 23464 24097 25115 25372 25693 26393 26993 27595 28312 28823 29184 29231 29138 28348 28386 28026 28012 27705 27632 28114 28175 28679 29177 29164 29137 29445 29248 27903 27307 27353 27247 26704 26324 25997 25866 27142 27175 26390 25733 25794 25862 25948 26304 26562 26638 26573 26277 26289 26461 26317 26157
27139 27097 27152 27671 28078 28590 28896 28693 27627 26393 25384 24462 23503 22662 22346 21907 21852 21629 21476 21390 21481 21707 21505 22049 22465 22730 22958 23575 24368 24690 24790 25410 26204 27038 28021 28949 29295 29551 29478 29359 29350 28847 28787 28218 28036 28083 28108 28369 28804 29114 29309 29457 29179 27972 27049 26704 26573 26125 25964 25823 25775 26319 26501 26163 25829 25823 25786 25770 26150 26459 26587 26561 26279 26273 26530 26530 26398
27092 27326 27399 27756 28164 28674 28962 28748 27639 26438 25217 24248 23358 22834 22322 21722 21553 21388 21379 21560 21154 21544 21559 21921 22668 22772 22855 23132 24058 24685 24733 24948 25378 26482 27447 28564 29241 29464 29610 29481 29222 29013 28837 28108 28031 28028 28204 28468 28815 29152 29196 28774 28129 27360 26835 26671 26615 26112 26058 25888 25822 25974 26109 25735 26146 25821 25760 25815 25880 26220 26328 26314 26249 26282 26502 26521 26434
27238 27894 27985 28104 28448 28917 29231 28261 26908 25823 25217 24305 23741 23047 22520 21724 21441 21378 21280 21593 21225 21452 22012 22385 22747 22764 22836 22968 23449 24100 24493 25041 25552 26578 27472 28256 29146 29629 29707 29421 29277 29028 28501 28210 28087 28001 28470 28562 28677 28708 28543 27433 26415 26006 26280 26451 26097 26161 26187 26193 25942 25821 25947 25892 26668 26648 26476 26345 26329 26303 26272 26543 26418 26204 26346 26243 26093
27452 27858 27949 28094 28246 28789 28946 28316 26809 25845 24886 24215 23696 23269 22766 22194 21557 21420 21336 21388 21391 21678 22203 22691 22897 22967 23194 23443 23437 23651 24118 24919 25704 26938 27498 28297 28958 29150 27960 28619 29243 29026 28630 28141 27023 26418 28412 28772 28662 28540 27795 26499 26049 25867 25967 26424 26216 26119 26253 26723 26687 26227 25780 26109 27039 27015 26647 26347 26296 25748 24488 26203 26461 26298 26254 26044 26017
27712 27624 27479 27618 27986 28188 28357 28100 26986 25858 25071 24501 24094 23371 22861 22096 21594 21455 21363 21242 21436 21829 22370 22913 23278 23403 23553 23737 23896 23632 24082 24730 26070 27293 27714 28467 29237 29485 29471 29319 28651 27477 26455 27299 27931 28143 28879 28829 28532 27399 25914 24805 25736 26363 26679 26952 26400 26236 26455 27129 27012 26269 25679 25930 26861 26934 26379 26156 25677 26459 26246 26539 26455 26246 26410 26427 25951
27618 27588 27478 27379 27366 27765 27825 27654 26603 25750 25133 24558 24146 23576 22604 22011 21706 21455 21412 21651 21759 21921 22284 22791 23173 23426 23285 23674 24365 24555 24792 25813 26739 27284 27446 28134 29091 29449 29512 29378 28981 27893 27058 28309 28826 28896 28921 28479 27394 25567 24329 23774 24926 26778 27565 27345 26706 26530 26978 27146 26875 26410 26043 26016 26258 26470 26340 26409 26304 26561 26556 26460 26190 26445 26608 26662 26483
27759 27691 27574 27579 27385 27765 27985 28064 27448 26536 25822 25079 24319 23971 23262 22002 21992 21805 21972 22276 22076 21928 22040 22536 23042 23378 23420 23749 24561 25268 25702 26368 26646 26513 26396 27034 28386 29206 29215 29023 28785 28619 28466 28338 28430 28434 28163 27803 26090 24736 23811 23843 25331 27174 27580 26996 27133 27090 27148 27153 26786 26835 26688 26612 26372 26401 26525 26469 26371 26069 26186 26125 26192 26430 26902 27222 26904
27817 27697 27629 27525 27603 27931 28044 28302 28103 27383 26636 26033 25122 24320 23814 22415 22703 22582 22540 22768 22477 22093 22143 22325 22874 23347 23679 24470 24943 25766 26239 26644 26707 26180 26085 26141 27575 27967 27911 27768 27779 28198 28261 28015 27607 27155 26839 26863 25995 24922 24038 24626 26043 27215 27294 26961 27336 27303 27173 26906 26933 27053 26936 26642 26405 26356 26478 26350 26451 26277 26082 26116 26037 26182 26961 27249 26997
27696 27897 27935 27912 28017 28149 28271 28252 28071 27505 27098 26893 25921 24723 24277 23660 23444 23357 23372 22891 22663 22345 22321 22403 22998 23551 23852 24583 25135 26138 26769 27112 27215 27048 26470 26405 26514 26509 26345 26441 26793 27037 27063 26617 26160 25963 25829 25850 25756 24798 24416 25246 26046 26593 26489 26664 27231 27254 27147 26723 26983 27042 26802 26539 26330 26330 26321 26386 26406 26076 25805 25782 25598 25706 26489 26993 27028
27593 27745 28048 28205 28232 28535 28561 28375 27721 27157 26837 26952 26594 25849 25211 24512 24159 24174 23914 23124 22718 22636 22629 22778 23195 23852 24055 24693 25244 26021 26483 26812 27099 26998 26811 26730 26732 26410 26248 26474 26467 26413 26373 25606 24986 24648 24446 24246 24101 23597 24043 24773 25174 25051 25425 26273 26795 27100 27064 26887 26933 26817 26389 26215 26217 26194 26166 26342 26393 26111 25828 25760 25830 26016 26217 26675 26755
25458 24749 25690 27419 28278 28570 28530 28267 27396 26360 26688 27240 27280 26946 26346 25454 24824 24448 24379 23940 23679 23299 23441 23527 23721 24006 24269 25005 25517 25798 25924 26126 26523 26832 26958 27104 27078 27087 27157 27382 27367 27386 27030 25401 24206 23561 23186 22708 22542 22579 22871 23725 24094 24464 25278 26094 26581 26973 27144 27195 26979 26539 26495 26148 26074 26042 26159 26141 26267 26339 26259 26264 26264 26829 26925 27015 26765
23983 22240 23481 25751 27992 28469 28321 27594 27049 26643 27166 27728 27689 27298 27175 26545 25359 24893 25134 25137 24823 24569 24529 24527 24361 24651 25129 25961 26234 26490 27000 27173 26958 26929 27275 27751 28214 28596 28655 28898 28992 28312 27088 25231 23974 22846 22237 21907 21850 21795 22090 22683 23086 23820 24831 25769 26400 26801 27067 27142 26824 26724 26738 26351 26279 26320 26004 26275 26257 26463 26503 26464 26477 26882 26989 27023 26715
21879 21056 21675 24106 26510 27810 28058 27783 27077 26339 26330 26914 26894 26658 26987 27001 26606 26497 26602 26624 26290 25935 25984 26029 25868 26065 26093 26242 26352 27037 27433 27619 27449 27750 27736 28620 29491 29787 30136 30107 29990 28616 27027 25236 23810 22659 21973 21832 21803 21755 21829 21662 21782 22755 23703 24983 26359 27217 27264 26905 26819 26739 26585 26303 26696 26562 26566 26509 26523 26496 26665 26704 26512 26556 26597 26552 26451
23677 22521 23090 24556 25613 27041 27590 26986 25582 24807 24556 25070 25595 25893 26229 27512 28281 28320 28011 27725 27587 27429 27276 27355 27563 27743 27778 26585 25008 25560 25812 25869 25947 27870 28453 28879 29737 30216 30290 30276 30112 28720 27168 25565 24088 22902 22339 21823 21767 21778 21797 21692 21561 22194 23357 24841 26115 26861 27290 27171 26758 26462 26181 26349 26587 26901 27154 26829 26714 26549 26608 26643 26562 26600 26611 26526 26145
26467 25849 26080 26839 26883 26849 26837 25572 24150 23481 23398 23851 24217 25022 25885 27515 29294 29377 28898 28602 28826 28756 28577 28528 28535 28881 28611 27960 27689 27323 25844 23300 24289 27045 28568 28126 28316 29247 30056 30197 30174 29241 27894 26553 24883 23512 22858 22115 21770 21794 21802 21661 21566 22285 23560 24859 24582 24416 26478 26976 26182 25440 25303 26102 26144 27155 27423 27290 26954 26777 26783 26584 26781 26751 26666 26389 26682
27588 27170 27045 27368 27456 26907 25776 24517 23331 23112 23029 23236 23474 24643 25597 27312 29346 29575 29442 29208 29568 29647 29587 29274 29295 29413 29350 29600 29891 29333 27225 24305 24497 27161 28402 28103 27699 27734 28941 30074 30126 29562 28546 27262 25903 24448 23511 22511 22093 22001 22412 22486 22418 22910 24734 26176 26175 26357 26768 26631 25513 24870 24965 25314 25637 27025 27466 27446 27216 26789 26672 26750 26766 26708 26602 26755 27139
26742 26602 26537 27124 27224 26266 24622 23689 23154 23001 22925 23018 23258 24623 25402 26771 28878 29436 29783 29796 29514 29830 29655 29289 29438 29466 29458 30067 30052 29190 27456 25396 25778 27086 27156 26614 26673 27155 27320 28387 29134 29262 28898 28442 27235 25723 24380 23202 22638 22891 23343 23561 24006 24321 25408 26366 26863 27021 26988 25810 24954 24828 24871 25059 25659 26033 26958 27392 27523 27007 26616 26624 26569 26505 27086 27257 27049
25392 25634 25941 27094 27276 26264 24796 23743 23170 23042 22930 22999 23691 24528 25217 26139 28154 29607 29767 29759 29618 29593 29406 29564 29998 30127 30368 30362 29439 26996 25573 25230 25664 25611 25169 24827 24938 25208 25352 25964 26788 27707 28680 28977 28368 26966 25542 24498 23798 24276 24633 24823 25256 26042 26303 26205 26208 26092 25881 25177 24996 24893 25131 25216 25216 25423 25911 26703 27022 26840 26498 26294 26590 26978 27254 27005 25675
25432 25693 26435 27077 27054 25843 24686 23906 23428 23121 23007 22978 23717 23922 24908 25696 27674 29507 29606 29351 29361 29526 29644 29879 29811 30256 30336 30007 27585 25184 24164 23654 24048 23976 23741 23067 23201 23570 24238 25090 25405 26185 27666 28708 28599 28068 27006 26057 25526 25108 25075 24929 24994 25939 26611 26865 26957 26068 25480 25107 25093 25056 25075 25146 25083 25141 25229 25653 26025 26335 26272 26257 26746 27276 27347 26011 23660
25804 26380 26553 26649 25657 23969 23242 23734 23803 23230 23103 23057 23532 23849 24665 25767 27616 28930 29153 29019 29242 29374 29370 29770 29533 29756 29520 27945 26209 24169 23474 23251 22869 22713 22134 21476 21612 22317 23161 23930 24744 25144 26445 28067 28715 28512 27747 26750 26151 25591 25394 24790 24650 25616 26957 27289 27213 26173 25318 25290 25297 25308 25097 25170 25226 25248 25309 25932 26132 26121 26110 26356 26811 27411 27318 25720 23176
26350 26762 26337 24880 23814 23019 22960 24202 24556 24064 23568 24226 24776 25235 26200 27393 28041 28376 28527 28749 28660 29572 29785 29878 29906 29698 29207 27455 25381 24089 23593 23117 22106 21744 21478 20758 20276 20794 21628 22432 23340 24487 25192 27161 28733 28694 28282 27722 26811 26093 25913 25934 26324 27043 27462 27553 27188 26239 25682 25563 25347 25344 25306 25276 25289 25318 25823 26373 26324 26109 26161 26383 26858 27392 27210 25439 23429
26430 27045 27131 26402 25782 25147 25450 26357 26289 25337 25477 26575 27282 27619 27752 27711 27658 28329 28593 28531 28314 29258 29628 29826 29652 28535 27716 26757 24629 23164 22580 21821 21009 20929 20881 20019 19790 19783 20139 21259 22410 23953 24768 26476 28348 28805 28753 27905 26988 26943 26777 27835 28034 28238 27843 27743 27142 26568 25702 25538 25402 25386 25392 25310 25333 25657 26024 26306 26288 26151 26196 26416 26872 27246 26945 25191 23717
