Alternative/Moon/Lvl0_30x30/Ele_BJ.asc
ncols         335
nrows         335
xllcorner     10107491.657
yllcorner     3322833.042
cellsize      10000
nodata_value  -9999.0
[rows 238 to 271 of 335, columns 154 to 230 of 335]
22026 21617 21105 20787 20723 20622 20510 20380 20152 20147 20254 20473 20695 20781 20769 20753 20899 20879 20572 20408 20298 20177 19799 19974 19895 19437 19164 18803 18798 18512 18552 18616 18724 18701 19052 19364 19466 19779 20318 20345 19927 20217 20387 20752 20759 21528 21954 22255 22254 22368 22410 22428 22300 22198 21925 21644 21844 21885 21819 21661 21242 20117 19341 19468 20609 21329 21871 21898 21750 21409 21108 20728 20722 20672 20662 20689 20899
21598 21313 21248 21165 21143 21030 21005 20935 20560 20250 20132 20354 20458 20626 20533 20583 20592 20768 20674 20614 20484 20047 19244 19371 19174 18940 18754 18557 18643 18572 18525 18396 18384 18430 18470 18773 19144 19456 20282 20841 20762 20955 20919 20960 21213 21675 21903 22071 22105 22193 22278 22468 22473 22244 21804 21666 21603 21550 21505 21210 20762 19834 19342 19395 19339 19617 20673 21271 21441 21397 21144 20687 20541 20425 20516 20699 20709
21363 21000 20849 21239 21164 20258 20398 20933 20770 20421 20131 20054 20200 20250 20369 20557 20568 20561 20700 20692 20665 20255 19722 19066 19125 18781 18603 18567 18389 18416 18317 18266 18264 18304 18397 18849 18979 18776 19763 20832 20854 21041 20980 20712 20912 21505 21666 21876 21757 21681 22344 22598 22620 22303 21957 21689 21466 21288 21326 21021 20166 19417 19351 19386 19520 19544 19546 19820 20613 21005 20970 20543 20473 20650 20749 20765 20755
21225 21025 20862 21236 19802 17779 17895 19790 20906 20477 19878 19929 20026 20069 20211 20301 20436 20655 20674 20589 20487 20002 19918 19072 18520 18477 18522 18371 18359 18493 18411 18279 18241 18289 18322 18927 19183 19428 20069 20756 20641 20430 20074 19393 19508 20023 20482 20532 20571 21412 21652 21664 22097 22107 22053 21851 21432 21157 21177 21403 21076 19834 19822 19841 19854 19771 20061 20270 20197 20489 20596 20558 20712 21082 21106 20826 20636
21273 21084 20635 21073 20791 19567 19779 21043 21189 20608 20231 20248 19889 20188 20448 20460 20630 20832 20843 20648 20307 19906 19591 18941 18739 18413 18425 18396 18467 18296 18352 18525 18478 18351 18408 18856 19097 19406 19979 20342 20135 19363 18925 18274 18241 18519 18722 18904 19060 19660 20246 20411 21305 21810 21678 21514 21375 21208 21137 21437 21305 20348 20132 20248 20209 20130 20495 20534 20410 20264 20036 19300 19186 19796 20676 20739 20191
21212 21226 21227 20961 21282 21407 21371 21345 21150 20531 20337 20349 20455 20372 20274 20400 20608 20533 20548 20642 20367 19993 19559 19417 19237 18466 18290 18337 18949 18714 18348 18522 18672 18493 18513 18928 18951 19126 19282 19473 19008 18291 17631 17267 17174 17208 17208 17399 17542 18074 18932 19348 19806 20684 20623 20600 20929 21161 21173 21168 21136 20789 20673 20769 20703 20699 20743 20563 20291 20436 20624 19989 19036 18898 19781 20112 20058
21509 21198 21704 21512 20876 20998 21142 21100 20931 20806 20606 20410 20372 20143 19912 20079 20461 20555 20807 20865 20603 20354 19616 19693 19649 18918 18309 18372 18539 18639 18443 18391 18450 18492 18832 19193 19282 19055 18603 18334 18097 17155 16805 16423 16371 16389 16462 16563 16782 17240 17884 18636 18816 20017 20360 20321 20042 20616 20802 20749 20692 20682 20628 20738 20693 20640 20581 20259 20214 20366 20595 20394 20319 20018 19852 19835 19777
21947 21153 21731 21591 21085 19813 20155 20883 20887 20744 20583 20501 20037 19993 19824 19476 19951 20289 20650 20754 20644 20478 20282 20078 19794 18991 18417 18460 18561 18565 18349 18371 18455 18718 18932 19678 19651 18954 18229 17737 17206 16575 16198 16013 16169 16087 16106 16092 16446 16702 16857 17453 17933 18914 19805 20260 20391 20360 20593 20585 20333 20094 20079 20072 20183 20111 20085 20021 20031 20141 20551 20694 20403 20213 20102 19942 19529
21810 21003 21100 21571 21229 19709 19397 19884 20471 20588 20360 20282 20126 19936 19922 19611 19529 19631 19937 20043 20372 20477 20692 20698 20270 19326 18818 18727 18709 18421 18448 18414 18654 19319 19643 19714 19297 18933 18325 17446 16720 16141 15995 15939 15914 16088 16113 16122 16122 16442 16517 16712 17334 18000 19029 20042 20231 20216 20422 20459 20316 20372 20350 20324 20347 20118 20137 20216 20170 20076 20264 20309 20121 20209 20056 19814 19790
21298 20848 20643 21212 20515 19360 19079 19589 20138 20528 20624 20632 20555 20007 19820 19630 19558 19494 19312 19603 19912 20247 20378 20512 20518 19953 19919 19851 19314 19031 18682 18924 19487 19966 20193 20246 19769 18698 17724 16624 16018 16030 15976 15995 16012 15843 15941 16226 16308 16366 16387 16565 16899 17594 18449 18774 18751 18811 19235 20053 20532 20828 21195 21185 21078 20927 20938 20740 20396 20145 19989 19923 19864 19833 19702 19651 19746
21010 20827 20542 21020 20526 19668 19499 20531 21134 20893 20794 20650 20597 20227 19975 19941 19933 19560 19495 19668 20084 20449 20486 21064 21017 20356 21002 20851 20106 19601 18800 19366 20134 20472 20480 20289 19750 18644 17436 16363 15986 15932 16091 16127 16071 15852 15864 16149 16296 16414 16490 16562 16795 17540 18161 18196 18204 18381 19017 20083 20858 21228 21179 20858 20259 20292 20914 21009 20827 20267 19920 19838 19760 19741 19710 19429 19511
21128 20695 20449 20723 20691 20940 20877 21149 21202 20708 20598 20460 20192 20147 20197 20083 19961 19675 19559 19835 19612 20123 20329 21037 21106 20722 21185 21200 20756 20345 20037 20452 20522 20652 20528 20173 19205 17903 16985 16050 16232 16028 16334 16380 16540 16232 16026 15925 15911 15972 16030 16480 16854 17208 17892 18453 18762 19202 19724 20546 21171 21106 20150 18158 16966 16971 18396 20692 21245 20769 20070 19775 19698 19898 20023 19862 19584
21656 21278 20604 20604 20835 21102 21074 21124 20837 20408 20366 20202 19845 19928 19930 19625 19272 19257 19597 20255 20629 20546 19650 20415 21070 21141 21326 21379 20917 20609 20628 20554 20586 20596 20465 20210 18937 17513 16698 16225 16508 15195 15698 16361 16484 16566 16603 16112 15782 15842 15955 16549 17115 17405 17863 18627 19400 20109 20414 20762 21052 20688 18584 15993 14845 15170 16640 19357 21091 20896 20088 19791 19788 19836 19949 19996 19901
21715 21370 20722 20442 19895 20227 20602 20557 20515 20129 20020 19860 19547 19405 19489 18898 18227 18744 19237 19652 20917 20977 20579 20771 20780 21231 21435 21266 20822 20584 20550 20496 20416 20577 20597 20465 19228 17689 16935 16439 16342 16243 16288 16243 16475 16824 16948 16095 15797 15899 16232 16457 17012 17619 18327 19201 19642 20021 20259 20514 20822 20216 17808 15856 14598 15587 17033 19745 21023 20846 19972 19984 19954 19861 19786 20022 20081
20968 20625 20199 19965 19368 20085 20110 19671 19306 19322 19235 19107 18664 17926 17989 18276 18646 19233 19494 19270 20488 20672 20595 20549 20356 20159 21150 21185 20867 20585 20567 20346 20364 20705 20859 20873 19900 18487 17583 16762 16399 16338 16359 16227 16538 16837 17010 16631 16190 16472 16906 16618 16777 17617 18256 19368 19979 20085 20086 20391 20438 19965 19048 17500 16642 17644 18775 20501 20749 20229 19352 19374 19741 19766 19798 19823 20048
20217 19479 19554 19598 18658 18481 19189 18941 18877 19077 18953 18011 16900 16470 16587 17258 18662 19484 19524 19007 18722 19527 19494 19310 19081 19646 20201 20631 20732 20642 20894 21267 21162 21170 21449 21556 20659 19152 18361 17414 16801 16715 16476 16363 16479 16757 16976 17001 16828 16881 17062 17647 18050 18580 19305 19792 20143 20041 20148 20296 20254 19792 19819 19808 19692 20281 20618 20602 20333 19481 19089 19003 19413 19439 19735 19968 19977
19860 19084 18959 18902 18410 17964 17983 18352 18978 19051 18874 17691 16516 16554 16443 17400 18326 19311 19234 18403 18079 18556 18514 18286 18241 18611 18897 19989 20394 20109 20469 21234 21336 21192 21239 21349 20600 19714 18828 17926 17482 17340 17054 16806 16634 17137 17154 17138 17081 17675 18177 18289 18830 19614 19716 19687 19743 19978 20003 19928 19747 19480 19620 19959 20114 20391 20366 20001 19424 19089 19041 19373 19427 19417 19523 19941 20171
19138 18937 18650 18441 17942 17574 17738 17868 17801 18484 18447 18273 17226 16691 16432 17613 18785 18821 18472 18288 17999 18192 17839 17626 17754 17726 17993 18640 19375 19330 19730 20838 21383 21247 21179 20715 20001 19693 19026 17925 17281 17301 17407 17447 17329 17964 17965 17760 17891 18649 19243 19217 19288 19627 19618 19544 19143 19327 19461 19534 19057 18670 18756 18955 19167 19331 19274 19048 19014 18975 19305 19509 19488 19425 19792 19859 20152
17862 18277 18484 18265 17843 18075 17919 17638 17392 17791 18216 18371 17795 17540 17349 17980 18673 18546 18344 18195 17838 17822 17561 17477 17626 17584 17669 18341 19100 19403 19706 20255 20577 20762 20946 20784 20487 20136 19221 18880 18213 18107 18067 18056 18400 18562 18316 18340 18019 18985 19411 19351 19089 19312 19250 18993 18855 18777 18815 19162 19166 19087 18984 18830 19209 19258 19163 18923 19036 19140 19036 19230 19325 19608 19820 19903 20204
17360 17453 17878 18018 17947 18094 17839 17467 17463 17481 17691 17870 17866 17626 17615 17682 17995 17803 17774 17770 17496 17733 17662 17394 17429 17488 17780 18356 18833 19353 19515 19714 19788 20127 20424 20516 20386 20062 19555 19392 19372 19185 19028 19097 19279 19271 19220 18603 18246 18384 18887 19080 18866 18859 18724 18689 18712 18695 18763 18662 18708 19210 19181 19032 19136 19043 19064 18922 18954 19156 19140 19147 19125 19200 19681 19967 20458
17767 17604 17544 17802 17996 18168 18030 17653 17398 17255 17316 17436 17232 17247 17371 17194 17404 17427 17372 17353 17772 17762 17525 17406 17726 17641 17830 18339 18704 19324 19606 19583 19716 19732 19763 19840 19870 20027 19996 19788 19062 19244 19277 20145 20354 20146 19807 18931 18141 18017 18115 18983 19342 19134 18670 18637 18611 18271 17975 18675 18718 18788 18886 18972 19001 19040 19053 18841 18908 19066 19261 19318 19363 19301 19665 20120 20406
17882 17488 17705 18075 17905 18201 18147 17712 17355 17347 17216 17211 17217 17150 17043 16982 16996 17251 17270 17373 17428 17486 17233 17322 17743 17775 17815 17954 18442 19209 19276 18534 18939 19554 19284 19153 18936 19090 19178 19378 19488 19559 20182 20716 20939 20804 20688 19105 18485 18492 18939 19467 19464 19196 18779 18628 18544 18572 18625 18615 18657 18634 18479 18542 18564 18442 18469 18562 18661 18913 19256 19381 19426 19324 19700 20142 20204
17791 16962 17569 18069 18098 18161 18088 17672 17656 17631 17375 17223 17227 17220 17010 17016 16944 16992 17051 17031 17102 17255 17312 17563 17490 17573 17683 17616 18125 18544 18269 16799 17922 19162 19084 18989 18585 18636 18916 19266 19501 19770 20249 20758 21042 21247 21248 20325 19227 19427 19514 19524 19236 19014 18789 18602 18572 18556 18579 18424 18595 18645 18427 18431 18448 18407 18485 18572 18471 18822 19049 19176 19330 19313 19764 20067 20260
17366 17155 16896 17047 17363 18069 18074 17928 18156 17737 17526 16982 17241 17287 17099 17150 17062 16943 17112 17014 17069 17209 17168 17477 17602 17575 17278 17244 17785 18402 18525 18666 19125 19462 19138 18726 18568 18542 18487 18538 18962 19581 19837 20608 20868 21199 21206 20844 20240 19772 19677 19460 19251 18859 18774 18626 18651 18615 18726 18463 18374 18325 18353 18395 18424 18437 18543 18559 18047 18710 18904 19116 19227 19390 19758 20142 20609
17895 17546 16801 16897 17543 18092 18207 18339 18449 18190 17778 17701 17352 17539 17327 17253 17083 17078 17140 17188 17287 17336 17247 17214 17278 17342 17045 17129 17475 17590 17992 18331 18330 18468 18574 18641 18109 17816 17892 18298 18763 19141 19136 19848 20570 20770 20729 20438 19927 19475 19243 18959 18946 18867 18816 18726 18683 18587 18711 18576 18477 18356 18393 18424 18426 18441 18601 18697 18679 18612 18826 19128 19588 19690 20036 20013 20589
17945 17786 17667 17325 17995 18182 18136 18200 18500 18478 18236 18402 18084 17524 17348 17167 17078 17092 17115 17363 17362 17107 17072 17164 17068 17037 17126 17116 17449 17417 17336 17617 17321 17328 17863 19070 18811 18102 18599 18408 18281 18675 19147 19369 19828 20230 20407 20020 19777 19580 19260 19031 19032 18908 18926 18893 18909 18416 18323 18693 18613 18467 18414 18413 18435 18473 18663 18636 18636 18724 18764 19105 19623 19772 19933 20253 20562
17651 17769 17951 18027 17857 17954 17923 18216 18486 18390 18247 18430 18208 18020 17700 17429 17406 17422 17328 17068 16797 16765 17084 17121 16969 16909 16930 17023 17096 17157 17305 17578 17549 18100 18629 19025 19002 19198 19224 19117 18810 19207 19568 20000 20052 20358 20488 20363 20154 19923 19737 19616 19331 19294 19141 19124 18986 18808 18623 18715 18736 18698 18552 18656 18584 18136 18620 18792 18906 18893 18485 18933 19475 19584 19983 20079 20447
17548 17639 17870 17939 17951 18007 18263 18332 18554 18100 18098 18108 18076 18066 17561 17402 17525 17525 17265 16110 15426 15466 16315 17094 17022 16970 16946 16893 17010 17107 17135 17375 17364 17997 18544 18592 18990 19263 19411 19355 19188 19203 19366 19893 20149 20377 20453 20546 20393 20039 20049 20039 19993 19649 19601 19642 19346 18933 18754 18802 18662 18943 18912 18876 18945 18904 18617 18691 18862 18916 19101 19342 19697 19983 20069 20292 20233
17539 17438 17953 18038 17945 18077 18153 18473 18446 18235 18167 18125 18191 17899 17229 17233 17810 17793 17232 15894 15674 15360 15947 17006 17034 16962 16887 16772 16885 16898 17015 17248 17448 18032 18241 18315 18645 18954 19192 19069 19146 18897 18908 19371 19556 19972 20310 20748 20720 20620 20499 20161 19885 19622 19651 19603 19258 19012 18819 18873 18832 18994 19013 19254 19345 19347 19349 19230 19076 19191 19218 19516 19682 19537 18506 18133 18829
17811 17986 17929 17797 17873 18100 18087 17987 17955 18087 17992 18124 18158 17891 17357 17807 17955 18012 17910 16801 16556 15004 15108 16802 17028 16988 16979 16773 16921 16853 17031 17360 17340 17928 17909 17875 17957 18165 18199 18359 18525 18468 18672 19046 19104 19257 19703 20719 20793 20917 20716 20291 20009 19843 19221 18634 18743 18801 18756 18821 19107 19442 19436 19323 19381 19486 19605 19503 19253 19424 19425 19709 19598 18632 17361 17132 17482
18066 18257 18336 18002 18025 17935 17810 17754 17688 17344 17694 17764 17531 17377 16730 17166 16694 17560 17667 17184 16848 16187 16006 16798 16990 16866 16868 16788 17085 16644 16825 17530 17942 17775 17621 17566 17582 17628 17660 17425 17644 17836 17879 18100 18008 18573 19441 19791 20240 20568 20560 20404 20063 19585 18837 18531 18954 18653 18755 18884 19350 19424 19279 18346 17704 17841 19024 19507 19896 19827 19642 19885 19935 19341 18275 18046 18458
18170 18474 18475 18473 18422 18424 18291 17937 17548 17249 17383 17374 16983 16682 16642 17020 16861 16556 16697 16554 16643 16311 16845 17076 17050 16862 16704 16795 17180 17243 16724 16701 17781 17799 17652 17624 17700 17587 17645 17688 17584 17757 17667 17469 17794 17802 18403 19349 19526 19026 19863 20157 20097 19760 19130 19024 18894 18588 18686 18987 18973 19064 17944 16446 15860 15864 17024 18462 19766 19861 19856 19956 20414 20671 20521 20181 20513
18408 18247 17673 17647 17926 18316 18140 17474 16902 16329 16293 16082 15941 15905 15851 16224 16231 16050 15820 15495 15381 15798 16012 16265 16242 16602 16809 16983 17086 17183 17016 16467 16788 17260 17264 17440 17592 17171 17421 17644 17578 17751 17875 17835 17937 18014 18155 19202 20332 20383 20326 19852 20091 19746 19214 19093 18917 18692 18729 19061 19169 18333 16706 15587 15515 15698 16355 17928 19712 19965 19879 20398 20719 20877 21008 21119 21200
17925 17536 16941 16603 16822 16887 16626 15875 15601 15336 15508 15350 15340 15460 15441 15466 15392 15236 15235 14844 14500 14745 15012 15129 15675 16258 16809 17019 16998 16884 17001 16958 16719 16899 17155 17269 17213 17332 17582 17694 17579 17605 17626 17670 17984 18299 18163 18826 20160 20358 20325 19776 19974 19767 19303 18897 18638 18490 18776 19138 19204 18480 16910 15919 15817 16081 17151 18735 19918 20122 20355 20680 20828 20803 21084 21213 21055
