Alternative/Moon/Lvl0_30x30/Ele_EA.asc
ncols         335
nrows         335
xllcorner     -20042508.343
yllcorner     -6727166.958
cellsize      10000
nodata_value  -9999.0
[rows 136 to 169 of 335, columns 154 to 230 of 335]
12599 12290 12132 11996 11729 11655 11703 11623 11734 11713 11640 11841 11786 11651 11629 11618 11645 11564 11611 11692 11853 12002 12348 12609 12407 11822 11063 10600 10574 10588 10680 10743 11421 12456 13092 13003 12710 12582 12608 12616 12583 12595 12567 12547 12540 12556 12581 12618 12650 12768 12944 13098 13247 13405 13488 13469 13295 13195 13329 13410 13400 13783 13933 13827 13586 13499 13424 13352 13252 13211 13523 13819 14099 14181 14122 14207 14367
11709 11498 11535 11574 11617 11621 11665 11614 11688 11689 11903 11682 11678 11601 11676 11754 11625 11668 11673 11665 11686 11932 11983 12516 12743 12539 11915 10958 10771 10833 11022 11786 12945 13111 12890 12514 12462 12447 12508 12628 12588 12603 12613 12592 12625 12628 12624 12693 12761 12954 13141 13257 13418 13551 13628 13656 13704 13950 14274 14076 13696 13909 13704 13549 13508 13432 13393 13360 13321 13251 13408 13819 14071 14083 14024 14051 14058
11461 11440 11491 11526 11536 11540 11637 11589 11562 11551 11598 11636 11546 11562 11678 11739 11761 11650 11628 11611 11858 11886 11871 12033 12494 12733 12717 12672 12623 12830 12962 13032 13112 12970 12533 12469 12658 12597 12574 12596 12566 12569 12577 12607 12744 12777 12776 12792 13083 13314 13367 13445 13574 13756 13801 13804 13921 14400 14486 14483 14641 14355 13878 13661 13460 13454 13427 13367 13333 13296 13311 13748 13833 13878 14061 14008 13816
11510 11571 11554 11556 11598 11596 11562 11538 11597 11540 11565 11567 11668 11651 11620 11687 11642 11645 11590 11717 11564 11595 11683 11639 11858 12029 12364 12583 12705 12829 12855 12695 12557 12490 12227 12252 12580 12476 12545 12538 12590 12582 12621 12691 12889 12960 13049 13189 13347 13475 13597 13687 13876 14060 14062 14019 14145 14239 14319 14421 14569 14432 14244 14197 13525 13469 13427 13431 13403 13366 13298 13292 13270 13286 13353 13313 13349
11728 11707 11884 12053 11908 11846 11765 11628 11563 11540 11649 11674 11737 11640 11642 11531 11591 11551 11571 11578 11720 11622 11604 11574 11608 11883 11989 12016 12128 11978 12002 12039 12066 12082 12161 12202 12299 12567 12542 12568 12627 12631 12659 12766 12845 12968 13112 13259 13438 13637 13840 14075 14201 14256 14250 14242 14400 14407 14424 14285 14190 14219 14034 14025 13763 13630 13564 13494 13434 13359 13290 13291 13272 13279 13289 13273 13219
11787 11711 11871 12096 11114 12031 11917 11714 11732 11555 11602 11588 11649 11662 11646 11867 11955 11748 11556 11563 11538 11588 11576 11609 11558 11602 11750 11922 11858 11646 11603 11786 11967 12013 12100 12186 12367 12514 12496 12535 12614 12633 12692 12848 12900 12952 13127 13328 13566 13861 14054 14277 14301 14305 14326 14529 14611 14664 14519 14409 14294 14390 14216 13802 13813 13721 13635 13511 13438 13375 13304 13275 13254 13275 13288 13270 13272
11916 12226 12189 11866 11965 12072 11931 11706 11686 11639 11630 11599 11613 12178 12111 12025 12141 12094 11701 11521 11523 11560 11573 11606 11647 11617 11578 11620 11597 11568 11584 11632 11762 11892 11999 12226 12497 12442 12517 12451 12569 12659 12706 12945 13039 13189 13233 13439 13848 14142 14228 14265 14366 14418 14533 14834 15291 15165 14868 14841 14340 14226 14095 13795 13813 13738 13714 13762 13492 13365 13287 13306 13289 13219 13238 13256 13692
11861 12126 12116 11781 11783 11771 11739 11616 11571 11512 11624 11569 11833 12140 11495 10592 10475 11637 11999 11555 11590 11623 11624 11689 11702 11679 11755 11846 11628 11616 11604 11564 11629 11773 11799 12077 12137 12304 12502 12589 12519 12623 12661 13079 13320 13321 13438 13679 13977 14291 14345 14419 14579 14584 14913 15142 15259 15123 15059 14929 14493 14362 14196 14226 14208 13816 14199 14292 14127 13682 13604 13331 13289 13331 13376 13464 13779
11804 11765 11755 11716 11690 11716 11622 11539 11458 11463 11555 11533 11772 12224 12169 11307 11435 11821 11990 11601 11615 11709 11736 11783 11779 11718 11645 11745 11695 11660 11586 11706 11852 11750 11918 11887 12089 12117 12184 12333 12423 12655 12756 13139 13444 13551 13817 14058 14444 14541 14660 14786 14863 15207 15267 15250 14967 14985 14908 14761 14653 14537 14349 14346 14386 14347 14289 14355 14131 13670 13616 13812 13960 14169 14165 13934 14381
11796 11718 11782 11769 11657 11663 11642 11681 11776 11741 11647 11568 11528 12066 12101 11980 12106 12088 11662 11631 11649 11710 11750 11756 11800 11846 11729 11633 11669 11668 11766 11840 11784 11744 11665 11742 11845 11864 11738 11848 12134 13074 13168 13515 13527 13732 13910 14253 14643 14969 15292 15512 15653 15879 15867 15633 15112 14897 14798 14739 14624 14570 14475 14448 14452 14329 14295 13904 13615 13593 13700 14007 14582 14592 14349 14205 14611
11909 11596 11323 11808 11822 11946 12099 12035 12128 12181 12130 11711 11682 11494 11542 11613 11601 11610 11565 11599 11706 11678 11719 11747 11753 11720 11644 11691 11650 11735 11762 11810 11629 11613 11644 11694 11716 12137 12479 12752 12861 13482 13754 13829 13796 13894 14083 14619 15151 15719 15881 15900 16065 16434 16473 16377 15462 15038 14983 15083 15080 14919 14741 14614 14520 14434 14344 14049 13840 13972 14297 14619 14845 14744 14390 14333 14412
11628 11748 11882 11919 11876 12170 12110 11860 11068 11624 12105 12133 11930 11615 11630 11548 11621 11560 11603 11678 11720 11641 11657 11717 11770 11782 11701 11595 11645 11689 11661 11614 11583 11748 11693 11830 12492 12992 13267 13502 13630 13709 13725 13870 14135 14249 14504 15268 15961 15739 15137 13934 13875 14930 15476 15994 15715 15479 15385 15409 15426 15320 15048 14836 14666 14561 14590 14794 14825 14761 14723 14646 14638 14526 14543 14858 15176
11465 11565 11746 11898 11985 12320 11610 10260 9273 9027 10288 11668 11988 11636 11683 11606 11739 11615 11574 11643 11743 11782 11711 11708 11665 11689 11693 11610 11618 11599 11562 11594 11722 11708 11810 12170 12617 13205 13443 13456 13455 13560 13645 13868 14274 14717 15091 15908 16332 15162 13507 11832 12148 13045 13268 14118 15742 15964 15669 15569 15521 15463 15340 15217 15302 15229 15363 15531 15450 15075 14839 14742 14687 14675 14828 15188 15584
11467 11604 11605 11583 11951 12074 11781 10236 9038 9558 10417 11414 11693 11634 11704 11699 11615 11709 11626 11674 11772 11765 11721 11783 11750 11670 11608 11537 11520 11494 11584 11688 11655 11783 11983 12482 12962 13126 13230 13384 13433 13549 13871 14143 14389 15009 15463 16250 16678 15308 13728 12413 12516 12751 13058 14609 16241 16291 15870 15735 15824 16017 15933 15728 15767 15740 15733 15702 15515 15401 15437 15262 15228 15293 15540 15740 15959
11240 11324 11425 11388 11549 11911 11953 11876 11741 12204 12378 12272 11837 11661 11685 11807 11824 11877 11922 11755 11826 11862 11809 11805 11747 11708 11639 11560 11563 11631 11690 11673 11856 12072 12573 13010 13045 13212 13245 13409 13446 13597 13940 14659 15080 15532 15799 16391 16903 16154 14724 13489 13509 13867 14837 16346 16806 16247 15934 16216 16466 16545 16298 15933 15821 15706 15694 15662 15731 16251 16246 15902 16230 16454 16487 16568 16774
11277 11328 11337 11352 11459 11541 11615 11754 12147 12346 12287 11860 11862 11658 11769 11895 12001 12036 12089 12107 12025 11992 11977 11827 11730 11718 11705 11711 11713 11696 11688 11988 12077 12481 12905 12985 13179 13393 13590 13627 13624 13865 14246 15109 15451 15864 16001 16454 16981 16996 16488 15300 14701 15466 16961 17438 17193 16820 16469 16476 16544 16456 15952 15697 15661 15628 15614 15639 15716 16191 16251 16295 16604 17061 17128 17081 17184
11387 11342 11396 11528 11476 11520 11550 11735 11718 11663 11663 11831 11821 11873 12101 12261 12020 12147 12202 12134 11976 11938 11850 11772 11744 11697 11695 11720 11714 11886 12190 12363 12801 13091 13057 13178 13434 13937 14055 14191 14507 14662 14530 15158 15657 15958 16114 16136 16459 16931 17018 17462 17531 17666 17898 17812 17635 17320 16707 16297 16240 15962 15927 15708 15726 15655 15654 15684 15776 16248 16553 16506 16818 17327 17476 17652 17863
11365 11378 11412 11410 11419 11358 11385 11509 11601 11649 11710 11800 12051 12283 12560 12492 12153 11911 11930 12156 12120 12150 12145 11847 11744 11697 11745 11830 12283 12294 12581 12742 12925 13076 13069 13263 13579 14068 14374 14458 14630 14903 14929 15236 15394 15924 16094 16021 16085 16423 16867 17518 17864 17784 17772 17429 17057 17246 16775 16329 16137 16091 16016 15784 15736 15762 15685 15736 16114 16941 17070 16738 17025 17537 17907 17993 18072
11304 11287 11328 11340 11343 11441 11438 11448 11595 11643 11770 12089 12533 12875 12718 12103 11336 11302 11265 11352 11424 11836 12152 12236 12187 11783 11747 12219 12412 12400 12679 12932 12876 12876 12801 12882 13484 14123 14376 14789 15172 15339 15552 15681 15717 15878 16099 16169 16228 16222 16497 16832 17106 16892 16997 16729 16837 16933 16681 16410 15902 15882 15759 15890 16084 16014 16032 16269 16796 17184 16954 16633 17529 18056 18153 18072 17975
11506 11506 11500 11419 11352 11394 11491 11476 11542 11644 11838 12367 12802 12755 11985 11327 11332 11284 11242 11281 11480 11450 11527 12066 12443 12252 12294 12397 12392 12549 12762 13025 12961 12817 12854 12882 13531 13937 14175 15025 15543 15546 15607 15603 15926 16259 16607 16844 16648 16307 16319 16391 16350 16502 16805 16875 16841 16760 16445 16304 16088 15911 16078 16269 16406 16513 16515 16720 17144 17679 17658 17611 17961 18017 17994 17707 16938
11277 11803 11715 11435 11390 11508 11509 11632 11519 11716 11957 12376 12689 11937 11170 11237 11338 11219 11174 11190 11205 11346 11398 11830 12698 12926 13086 13253 12882 12601 12793 12656 12806 12907 12908 12963 13601 14265 15048 15476 15671 15593 15583 15798 16101 16618 16703 16816 16664 16384 16388 16511 16570 16440 16341 16251 16416 16373 16491 16393 16079 16348 16627 16644 16875 17016 17120 17324 17818 18174 18263 18166 18018 17626 16754 15497 14975
10271 11626 11683 11449 11486 11638 11708 11670 11760 11837 12260 12385 11583 11274 11144 11177 11149 11089 11142 11186 11198 11254 11304 11701 12239 12713 13186 13349 12965 12276 12023 12048 12264 12725 12991 13657 14207 14658 14917 14865 15004 15178 15649 16288 16398 16595 16693 16662 16400 16614 16617 16489 16524 16438 16450 16424 16563 16837 16940 16797 16379 16651 17075 17083 17119 16966 16213 16662 17895 18203 18300 18140 17489 16081 15089 14707 14282
11602 11745 11481 11420 11483 11611 11745 11916 11727 11673 12066 12562 12148 11269 11111 11155 11008 10969 11018 11185 11316 11328 11277 11359 11358 11411 11989 12955 12898 12200 12197 12625 12955 13270 13637 13956 14584 15268 15346 15153 15040 15729 16456 16508 16510 16552 16428 16361 16431 16548 16468 16341 16422 16624 16901 16954 17173 17271 17231 17258 17167 17320 17333 17461 16940 14959 13301 14240 16448 18153 17945 17400 16096 14713 14349 13661 13144
11841 11644 11483 11359 11440 11495 11410 11659 11390 11382 11812 11954 11653 11285 11101 11120 10936 10935 10857 10985 11139 11366 11369 11426 11359 11372 11817 12817 12773 12164 12459 12728 13126 13345 13754 14005 14560 15180 15500 15668 15930 16314 16516 16641 16607 16503 16556 16773 16896 16700 16401 16559 16819 17089 17198 17223 17394 17458 17357 17125 17133 17230 17315 17623 17533 15786 14775 14279 16335 17616 17341 16564 15162 14100 13374 12788 11849
11350 11328 11287 11278 11275 11272 11279 11328 11368 11409 11546 11804 12078 11924 11608 11185 11020 11040 11033 11127 11170 11559 12316 12599 12576 12256 12246 12425 12322 12506 12679 12613 13056 13321 13649 14094 14506 14943 15272 15637 15923 16172 16440 16589 16815 16847 16667 16977 16884 16578 16468 16817 17118 17160 17201 17157 17238 17480 17366 16973 16714 17039 17445 17503 17409 17169 17142 17072 17073 17139 16640 15798 14332 13104 12159 11555 11042
11270 11232 11229 11215 11219 11243 11263 11289 11282 11323 11511 11695 11916 11983 12213 12142 11493 11414 11419 11635 12079 12428 12603 12628 12563 12171 12024 11627 12154 12491 12525 12517 12959 13434 13764 14117 14509 14926 15117 15460 15808 16129 16402 16609 16917 16870 16787 17083 16943 16477 16457 16976 17332 17268 17051 16955 17043 17035 16658 16349 16116 16549 16993 16999 16747 16878 17010 17050 16938 16469 15981 14848 13595 12307 11264 10999 10915
11298 11320 11289 11310 11272 11262 11219 11240 11253 11277 11270 11411 11504 11841 12050 12101 12115 12161 12272 12503 12517 12438 12172 12048 11814 11698 11587 11695 11974 12267 12275 12362 12866 13405 13718 13975 14377 14586 14539 14802 15647 16343 16453 16518 16734 16772 16823 17068 16986 16561 16554 16877 17117 17062 16855 16860 16942 16374 15875 15532 15421 16071 16439 16409 16020 16083 16075 16167 16266 16474 16263 14500 13877 12778 11738 10804 10643
11182 11153 11145 11150 11166 11184 11189 11209 11230 11237 11247 11278 11449 11647 11997 12127 12091 12005 12049 12245 12157 11806 11624 11576 11365 11346 11366 11360 11400 11674 11951 12281 12615 13243 13526 13582 14213 14736 14973 15016 15910 16305 16291 15920 15816 16310 16343 16717 16770 16736 16758 16862 16788 16701 16619 16759 16507 15650 15196 15055 15139 16038 16501 16454 16126 15631 15692 15842 15985 16300 16327 15111 14169 13386 12336 11076 10192
11144 11145 11135 11145 11155 11156 11158 11181 11188 11213 11231 11271 11276 11393 11503 11561 11861 11818 11853 11714 11558 11400 11288 11244 11258 11255 11248 11277 11309 11403 11662 11665 12118 12882 13363 13579 14048 14591 14740 14632 15348 15739 15923 16168 16276 16411 16361 16488 16656 16468 16452 16337 16245 16426 16345 16437 16249 15415 15042 14988 14971 15586 16190 16196 15955 15464 15471 15633 15852 16190 16319 15946 14665 13610 12967 11883 10686
11135 11188 11162 11141 11145 11145 11150 11160 11173 11207 11222 11265 11268 11278 11310 11417 11469 11499 11503 11525 11481 11337 11280 11230 11251 11254 11248 11292 11292 11360 11398 11509 12177 13033 13350 13618 14020 14352 14342 14516 15061 15342 15532 15917 16085 15917 15755 15852 16075 15968 15858 15796 15989 16118 16084 16318 16249 15798 15381 14970 14856 15039 15408 15517 15455 15387 15387 15594 15744 16035 16128 16040 15033 14005 13306 12734 11730
11136 11136 11146 11131 11135 11143 11146 11151 11167 11191 11211 11236 11260 11275 11292 11315 11416 11352 11449 11498 11480 11492 11380 11268 11266 11274 11262 11278 11288 11370 11441 11683 12289 13000 13325 13496 13901 14214 14260 14688 14898 15322 15410 15515 15407 15061 15197 15168 15469 15454 15484 15637 15624 15428 15507 15995 16082 16072 15708 15057 14929 14861 14888 14820 15113 15213 15259 15252 15631 15446 15292 15353 15193 14870 14230 13487 13145
11132 11129 11106 11123 11131 11142 11141 11152 11165 11183 11205 11216 11235 11268 11265 11321 11481 11889 11972 11967 11979 11940 11674 11520 11301 11282 11272 11278 11294 11288 11472 11803 12032 12308 12587 12997 13206 13479 13787 14008 14289 14807 14923 14652 14522 14306 14588 14700 14754 15234 15278 15361 15325 15366 15403 15494 15478 15382 15211 14662 14786 14893 14845 14760 14804 15051 15164 14959 15002 14888 14724 14804 14862 15073 15084 15076 14322
11126 11118 11111 11115 11118 11124 11133 11146 11159 11179 11198 11213 11232 11252 11267 11295 11770 11853 11605 10912 10872 11766 11847 11636 11261 11259 11264 11265 11279 11295 11373 11498 11573 11610 11760 12220 12371 12850 13049 13197 13457 13735 13941 13963 13969 13789 13927 13944 13991 14655 14684 14428 14311 14800 14971 15088 15215 15255 14851 14548 14906 14988 14775 14693 14599 14396 14248 14179 14152 14088 14229 14366 14509 14826 14943 14977 14703
11135 11127 11134 11130 11137 11137 11132 11144 11181 11168 11186 11205 11229 11257 11264 11292 11846 11750 10810 10695 10681 10947 11865 11617 11235 11265 11255 11257 11281 11299 11332 11390 11548 11597 11656 11659 11808 12048 12305 12526 12816 12965 13059 13217 13474 13461 13480 13564 13423 13785 14179 14277 14183 14432 14599 14661 14822 14897 14918 14588 14802 14889 14742 14382 14137 13832 13805 13802 13799 13795 13822 13912 14132 14308 14497 14415 14169
