Alternative/Moon/Lvl0_30x30/Ele_EK.asc
ncols         335
nrows         335
xllcorner     13457491.657
yllcorner     -6727166.958
cellsize      10000
nodata_value  -9999.0
[rows 34 to 67 of 335, columns 154 to 230 of 335]
25744 24744 25547 25403 24934 24969 25160 24867 24632 24587 24222 23604 22990 22230 20759 20600 20296 19746 19922 19803 19776 19787 19792 19793 19747 19946 19732 19668 19584 19803 20045 20130 20047 19987 20006 20011 20120 20161 20213 20323 20238 20189 20629 21005 21793 22648 23537 23838 23583 22439 22108 21900 21408 20890 20657 20653 20198 20905 21085 21586 21996 22852 23776 24795 25695 25973 26485 26952 27318 27198 27120 27054 26561 24805 24652 25136 24045
24822 22588 24510 25383 24872 24605 24559 24654 24682 24754 24043 23452 22895 22040 21037 20439 20096 19872 19829 19770 19841 19600 19595 19861 19933 19891 19497 20010 19972 20011 20134 20077 20053 19788 19939 19976 19868 20081 20146 20215 20207 20271 20735 21454 22123 22837 23519 23776 23429 22138 21360 20754 20281 19833 19654 19355 19232 19769 19975 20264 20734 21535 22374 23789 24530 25318 25956 27048 27026 26404 26798 27458 27484 26774 26236 26140 25781
25776 23960 25237 25365 24765 24451 24370 24439 24525 24500 23816 23205 22744 21756 20779 20225 20000 19935 19813 19941 19947 19930 19683 19827 19873 19688 19946 19996 20043 19455 20098 20057 19890 20024 20069 20060 19878 20201 20136 20159 20263 20525 21126 21646 22368 22977 23220 23012 22540 21520 20780 20018 19607 19171 19108 19243 19355 19415 19622 19752 19970 20690 21852 22799 23628 24701 25926 26941 27183 27041 26872 27597 27631 27146 26777 26642 26569
26825 25494 25088 25177 24940 24619 24405 24449 24540 24389 23559 22752 22349 21678 20731 20240 20108 19892 19903 19863 19848 19860 19938 19920 19857 19703 19896 19971 20107 20028 20035 19876 19860 20021 19927 19958 19982 20359 20242 20282 20647 20727 21603 22088 22561 23025 23079 22419 22222 21079 20094 19266 19051 19071 19227 19258 19272 19375 19593 19609 19610 19885 20642 21923 22870 23997 25194 26550 27059 27414 27199 27129 26863 26925 26710 26469 26396
26826 25796 25579 25584 25259 25173 24719 24790 24813 24548 23521 22595 21948 21463 20712 20313 20189 20087 20095 19948 19817 19771 19878 19777 19820 19817 19894 19816 19718 19841 19886 19866 19879 20072 20117 19867 20263 20351 19841 20210 20756 21065 21802 22419 22528 22528 22728 22348 21924 20807 19802 19145 19041 19082 19220 19259 19260 19319 19530 19557 19512 19924 20344 21468 22533 23764 24783 26219 26952 27333 26960 26410 26129 25915 25818 25639 25390
26482 25680 25843 25923 25388 25487 25224 25078 24847 24456 23485 22853 22333 21638 21001 20291 20213 20137 20158 20026 19923 19814 19737 19711 19718 19823 19917 19444 19410 19508 19698 19923 19956 19994 20020 20235 20378 20419 20184 20246 20637 21468 21875 22100 22157 21779 21837 22057 21872 20837 19780 19198 19029 19171 19291 19292 19254 19359 19619 19740 19984 20163 20527 21373 22319 23147 24075 25338 26436 26523 26158 25575 25234 25120 24850 24745 24403
26806 26529 26279 25499 25667 25944 25619 25711 25459 24567 23850 23065 22701 21978 21195 20591 20432 20348 19647 20392 20251 20020 19947 19699 19713 19772 19755 19776 19860 19807 19771 19872 19875 19858 20191 20240 20360 20574 20898 21525 21718 21930 22128 22147 21711 21217 21549 21839 21765 21150 20093 19372 19037 19115 18951 19361 19365 19497 19606 19906 20042 20290 21063 21760 22386 23635 24703 25572 26068 25981 25572 25018 24590 24438 24292 24285 23937
25487 25508 25491 25256 25731 25881 25832 26018 26027 25039 24296 23758 23221 22334 21672 21046 21011 20553 20466 20434 20482 19993 19947 19980 19804 19724 19759 19846 19863 19774 19860 19983 19975 20034 20163 20193 20351 20666 21325 21660 21200 20464 21865 22206 22173 21622 21783 21990 21943 21589 20688 19845 19128 19009 19246 19316 19360 19494 19663 20023 20114 20355 21283 22197 23003 24017 24877 25755 25818 25558 25329 24865 24249 23937 23643 23107 23135
23702 23732 23861 24211 24724 24374 25818 26156 26187 25206 24536 24140 23386 22770 21941 21257 21313 20921 20554 20539 20565 19679 20127 20282 20149 19987 19929 19904 19795 19845 19810 20067 20107 20176 20205 20197 20284 20839 21795 21463 19706 18685 19836 21618 22141 21727 22218 22493 22453 21921 21333 20332 19662 19168 19384 19317 19462 19554 19829 20097 20308 20840 21441 22510 23391 24232 24979 25410 25469 25166 24885 24510 24011 23550 22879 22897 22775
22351 22361 22456 22771 23492 24198 25146 25359 25378 25093 24530 24164 23686 23177 22571 21728 21681 21395 20997 21018 20954 20950 21132 21097 20859 20645 20181 20108 20036 19972 19920 20103 20111 20183 20085 20111 20045 20569 21878 21611 19392 17367 18157 20077 20820 20974 21702 22366 22610 22716 22137 21143 20394 19868 19756 19303 19597 20031 20187 20490 20904 21683 22273 23084 23937 24668 25286 25425 25068 24697 24367 24121 23360 22608 22558 22478 22557
21209 21428 21690 21986 22410 22560 22935 23671 23962 24184 24297 24323 24035 23540 22830 22384 22153 21654 21204 21364 21198 21082 20753 20903 20968 20714 20265 20169 19353 19948 19924 19812 20049 20094 20151 20294 20687 21267 21947 21805 20335 18579 17735 19208 19224 19156 19862 21436 22251 22752 22696 22064 21290 20761 20399 20395 20443 20573 20848 21133 21545 22540 23544 24157 24761 25231 25370 25267 25030 24539 24380 23773 23290 22339 22407 22361 22599
19974 20593 21011 21237 21573 21566 21446 22120 22844 23717 24009 24183 23943 23655 23343 22842 22664 22501 21882 21368 21074 19731 18526 18580 19252 20184 20911 20618 20182 19975 19993 19979 20010 20002 20125 20292 20593 21431 21979 21529 20265 18978 18041 18340 18413 18802 19273 21401 22934 23748 23569 22888 22520 21933 21248 21285 21130 21259 21636 21813 22203 22981 24125 24724 25153 25312 25383 25166 24911 24704 24547 23940 23251 22445 22346 22725 23052
19019 19434 20146 20809 20940 20324 20065 20907 21652 22688 23642 23665 23674 23788 23760 23380 23266 22941 22184 21119 19611 17892 17001 16922 17252 18980 20936 20681 20118 19945 19939 19918 19946 19890 20055 20224 20543 21462 21900 20744 19164 18288 17920 17583 18006 18321 19185 21329 22999 23980 24479 24499 24374 23970 23547 22961 22553 22343 22771 22673 23132 23618 24973 25441 25337 25201 25015 24803 24720 24649 24474 24340 23777 23343 22856 23310 23590
18503 18928 19694 20630 20740 20542 20291 20829 21196 21802 22938 22957 23545 23869 23822 23779 23767 23428 23071 21490 19638 17849 17095 17068 17849 18925 20827 20640 20355 19966 19848 19896 19928 19961 20056 20214 20568 21303 21602 19863 18428 17733 17799 17882 17923 18402 19065 20771 22573 24325 25516 25817 26046 25224 25319 24598 24001 23938 24104 24453 24527 24928 25240 25512 25341 24413 24732 24690 24478 24584 24755 24213 23612 23901 23450 23509 23890
18523 18893 19401 19952 20588 20584 20681 20689 20740 21513 22003 20530 21781 23359 23606 23905 23813 22681 22861 22630 21294 19657 18362 18174 18588 18811 19897 20529 20466 20071 19763 19827 19868 19922 20087 20279 20538 21163 21329 19671 18185 17652 17664 17824 18011 19041 19841 21039 22537 24358 25390 25937 26117 25689 25458 25166 25047 25048 25060 25556 25529 25179 25688 25824 25593 25198 25136 24875 24513 24717 24878 24647 24697 24518 23984 23491 23826
18429 18976 19335 19670 19886 19981 20277 20409 20643 21031 21558 22098 22657 23030 23639 23741 23449 22882 23298 23097 22710 21310 19851 19554 19905 19355 18017 18965 20215 20060 19775 19802 19870 19894 20130 20210 20427 20870 21289 20812 19172 17844 17636 17747 18506 19902 21057 22430 23489 24700 25115 25702 25829 25691 25299 24965 25088 25271 25404 25705 25662 25886 26133 26131 25815 25408 25171 24880 24459 24476 24613 24840 24829 24555 24166 23632 23722
18243 18623 18923 19175 19330 19774 19784 20441 20749 20881 21395 22150 22522 22677 22175 23246 23611 23762 23613 22985 22670 22313 22077 21739 21500 21124 19860 19912 20243 20112 19855 19832 19830 19974 19964 19795 19820 20440 21157 21312 21074 19745 19099 19095 19561 21205 22174 23496 24320 24903 25036 25507 25612 25332 24908 24911 24963 25061 25266 24889 25096 25924 25886 25826 25544 25237 24886 24531 24197 24189 24507 24737 24774 24596 24616 24400 24438
18159 18178 18376 18544 18639 19189 19403 20133 20233 20592 21071 21632 21795 21899 21935 22761 23262 23641 23755 23331 22716 22136 21819 21380 21168 21155 20379 20498 20204 20104 20043 19888 19863 19947 19977 19711 19801 20166 20534 21102 21252 21523 21603 21630 21679 22111 21606 23219 24303 24880 25097 24958 24790 24757 24760 24724 24974 25041 25120 25142 25187 25458 25565 25509 25267 24434 23610 23527 23642 23681 23561 23941 24190 24420 24718 24746 24897
17984 17920 17984 18042 18216 18711 18985 19297 19570 19971 20596 21439 21746 21854 21897 22490 23124 23631 23800 23463 23381 22682 22034 20962 20591 20519 20219 20373 20460 20418 20119 20107 19935 19955 20264 20462 20551 20474 20706 20957 21090 21528 21939 22361 22560 22976 23156 23545 24180 24433 24365 24347 24159 24105 24556 24888 24903 24664 24463 24833 25040 25006 24990 24474 24028 23094 22629 22456 22345 22560 22228 22926 23260 23808 24314 24856 25229
17883 17923 17937 17957 18115 18257 18283 18705 18973 19653 20383 21332 21502 20748 20763 22333 22993 23197 23619 23586 23480 23005 22841 21552 20776 20330 20499 20432 20219 20048 20190 20058 20092 20196 20280 20465 20550 20602 20829 20981 21142 21419 21764 22269 22585 23091 23522 23656 23797 23830 23721 23478 23452 23839 24453 24813 24762 24385 24360 24855 24899 24775 23940 23362 22953 22287 21614 21662 21536 21718 21365 22317 22625 23081 23829 24833 25334
17797 17878 18006 17980 18046 18169 18172 18415 18688 18957 19867 20192 20249 20529 21040 22199 22655 23033 23297 23463 23439 23515 22933 22156 21470 20839 20587 20405 18848 19107 20157 20220 20109 20316 19969 19977 20242 20660 20865 20999 21225 21285 21983 22665 23085 23583 23594 23596 23496 23330 23110 23070 23029 23367 24096 24585 24692 24693 24564 24154 24738 24436 23473 22663 22218 21575 21131 20708 20629 20826 20971 21473 21706 22296 23346 24411 24948
17820 17709 17998 17946 17958 17944 17951 17966 18355 18730 18990 19281 20037 21013 21643 21919 22175 22614 23066 23791 24135 24042 23431 22741 21887 21304 20848 20876 20748 20722 20503 20434 20415 20358 20430 20590 20960 21149 21422 21724 21806 22143 22632 23342 23616 23619 23870 23925 23509 23270 23010 23115 23245 23292 23139 24188 24517 24583 24597 23970 23919 23621 23190 21960 21688 20941 20568 20317 19859 19864 19970 20399 20849 21728 22514 22888 23117
17607 17676 17945 17915 17844 17774 17979 18279 18337 18461 18683 18878 19427 20551 21238 21810 22103 22806 23623 24103 24339 24198 23700 23072 22066 21421 21053 21002 21022 21087 20767 20899 20906 20689 20986 21139 21441 21690 21767 22086 22242 22773 23521 24117 24097 23669 23714 23226 23343 23162 23101 23330 23430 23766 24223 24385 24488 24677 24609 24604 24196 22603 22181 21065 20561 20673 20420 20107 19787 19784 19944 19861 19907 21028 22377 23059 23142
17655 17760 17868 17788 17817 17813 18053 18035 18139 18193 18670 18636 19056 19930 21020 21842 22251 22941 23986 24486 24425 24124 23239 22729 22106 21667 21420 21623 21768 21753 21129 21456 21521 21353 21312 21702 21921 21721 20713 21008 21479 22330 23493 24189 24149 23666 23258 22824 23122 22905 23023 22705 22793 23380 24234 24335 24001 24679 24516 24481 24293 23857 22910 21860 21199 20696 20345 19832 19832 19789 19907 19770 19869 20928 22360 23546 24531
17941 17945 17937 17739 17775 17810 17733 18077 18016 18107 18432 18786 18853 19804 20938 21809 22242 23052 24078 24623 24472 23078 21682 21333 22126 22609 22109 22375 22440 22627 22293 22413 22564 22449 22604 22622 22791 21928 20289 19865 19856 21172 23000 23466 23137 22929 22981 23011 23086 22832 22815 22864 23192 23700 23875 24151 24389 24476 24294 24413 24449 23701 22635 21753 21107 20537 20190 19971 19780 19867 19840 20160 20476 21250 22558 23725 24654
17882 17804 17672 17825 17758 17789 17937 17907 17900 18036 18105 18504 18855 19618 20609 21345 22171 22556 23927 24447 24308 23099 21921 22149 22789 22794 23087 23005 23234 23169 23000 22969 23257 23772 23983 23909 23610 22408 21132 20319 20353 21092 22349 22423 21724 21184 21325 21935 22379 22782 22673 22700 22817 23116 23457 23897 24138 24268 24382 23909 24326 24096 22803 21652 21435 20950 20510 20617 20278 20058 19968 20345 21183 21990 22175 22740 23386
17643 17553 17582 17876 17837 17775 17841 17812 17781 17747 17742 18046 18529 19158 20031 21135 22057 22800 23519 23527 22654 21852 21590 21626 22100 22801 23325 23711 23725 23727 23735 23929 24445 24711 24190 24241 24128 23966 23327 22598 22429 22375 22207 21490 20655 20452 20505 20371 20828 22523 22596 22081 21869 21897 22354 23183 23603 24191 24061 23823 24614 24343 23189 21941 22107 21524 21393 21205 20310 19695 20002 21081 22031 22630 22602 22461 22659
17542 17595 17674 17849 17834 17927 17870 17870 17833 17861 17834 18014 18291 18830 19749 20950 21650 22391 22680 21896 20909 20387 20168 20142 20562 21808 23042 23790 23895 23974 24324 24820 24837 24983 24523 24355 24109 23972 23675 23677 23469 22898 22150 21072 20287 20348 20234 20332 20771 22267 22491 21956 21653 21668 22025 22923 23034 24233 24108 23856 24608 24433 23131 22271 22322 22033 21989 21793 20783 20136 20470 21476 22421 22970 23125 23042 22800
17664 17772 17742 17592 17565 17568 17529 17645 17712 17627 17769 17846 18135 18551 19433 20642 21629 22275 21791 20510 19672 19363 19324 19230 19416 20513 22039 23526 23619 23708 24068 24754 24770 24644 24530 23879 23508 23300 23296 23462 23428 22426 21505 20693 20110 20586 20465 20247 20436 21507 22139 21965 21577 21634 21762 22313 23273 24120 24377 24381 24591 24584 23924 23366 22950 22828 22557 22555 22305 21771 21831 22537 22648 23720 24513 24567 24555
17524 17577 17569 17708 17545 17520 17632 17559 17633 17705 17805 17792 17980 18598 19287 20326 21437 21919 21518 20115 19347 19227 19204 19135 19160 19843 21382 23044 23099 23060 23268 23640 24041 24187 23942 22928 22733 22701 22705 22866 22726 22305 22149 21543 20045 19347 20465 20718 20726 22167 22307 21944 21768 21672 21763 22397 23200 23873 24161 24450 24720 24912 25033 24831 24450 24098 24026 23891 23525 23556 23552 24156 24274 24850 25540 25767 25714
17672 17594 17719 17755 17782 17737 17523 17497 17514 17618 17657 17952 18333 18953 19593 20066 20625 20941 20952 20419 19936 19794 19271 19225 19510 20073 20804 22166 22184 22166 22378 22593 22707 23042 23127 22874 22538 22402 22442 22673 22748 22322 22232 21895 20508 19544 20670 21661 22350 22638 22451 21963 21618 21698 22097 22786 23300 24137 24601 24991 25317 25375 25527 25561 25375 25360 25328 25069 25065 24835 25043 25545 25511 25780 25867 25889 25726
17602 17507 17686 17669 17800 17678 17555 17555 17511 17637 17653 18003 18280 18867 19433 19599 19667 20058 20676 20473 20455 20455 20392 20150 19874 20154 20948 21471 21521 21722 21719 21654 21425 21650 22281 22279 22180 22188 22248 22814 22914 22735 22153 22087 21800 21074 22342 23071 23088 22738 22247 21826 21643 21862 22354 22945 23667 24657 25103 25706 26075 26162 26171 26101 26411 26348 26109 26073 25957 25882 25684 26061 26048 26205 26113 25804 25353
17619 17560 17682 17676 17651 17674 17604 17548 17541 17616 17818 18352 18718 19537 19853 19681 19405 19640 20196 20373 20168 20887 21180 21012 20914 20679 20540 20712 20749 20947 21014 20661 21032 21421 21848 21910 21779 22068 22459 22918 22944 22807 22841 22559 22116 22287 22947 23362 23191 22974 22794 22460 21984 22235 22730 23243 23967 24804 25806 26412 26937 27082 27048 27044 26966 26834 26597 26394 25998 25949 25744 25908 25935 25914 25947 25505 25333
17597 17589 17668 17576 17765 17674 17634 17529 17530 17591 17784 18557 19180 19738 19956 19812 20181 20318 20756 20905 20655 20795 20834 20272 20619 20598 20261 20150 20043 20016 20475 20748 20922 21087 20415 21064 21775 22340 22718 23151 23006 23089 23043 22929 22466 22400 23111 23727 23601 23367 22967 22863 22778 22680 22993 23456 24077 25011 25915 26598 27021 27381 27613 27387 27161 26953 26616 26281 25717 25189 24570 24409 24589 24707 24990 24923 25083
