Alternative/Moon/Lvl0_30x30/Ele_DL.asc
ncols         335
nrows         335
xllcorner     16807491.657
yllcorner     -3377166.958
cellsize      10000
nodata_value  -9999.0
[rows 204 to 237 of 335, columns 228 to 303 of 335]
19950 19401 19428 19588 20361 20368 20376 20607 20569 20280 21027 21393 21007 20858 20733 20903 21246 21912 21979 21903 21826 21913 22754 22962 23427 23671 24190 24159 23947 23955 24886 25250 25273 25763 25805 25440 24848 24786 23752 23520 23555 23858 23455 22636 23217 23008 22509 21986 21580 20915 18655 16866 16548 16551 16563 16596 16570 16545 16634 16642 17551 19075 20679 22481 23146 22607 22383 22310 22322 22395 22072 22316 22189 22379 22445 22712
19512 19293 19453 19442 19796 19842 19609 19928 20135 20116 20092 20618 21184 21062 20926 21076 21099 20977 21381 21769 22215 22398 22382 22555 22593 23271 23435 23773 24082 24245 24833 25069 25426 25677 25703 25254 25197 24695 23690 23862 23909 23518 23367 23123 23518 23502 23296 23064 21676 20180 18401 16865 16560 16573 16620 16592 16601 16610 16601 17050 17732 18746 20641 22404 23011 22678 22838 22760 22686 22707 22700 22571 22528 22517 22721 22708
19538 19520 19570 19487 19696 19573 19547 19777 20101 20069 19890 20132 21041 21159 21224 21268 21239 21029 21031 21235 21961 22026 21401 21280 22156 22683 22832 23122 23568 24066 24408 24833 24943 25023 24788 24548 24324 23920 23495 23884 23936 23459 23325 23149 23549 23541 23461 23312 21779 19888 18332 17011 16554 16568 16571 16597 16610 16609 16806 17751 18684 19032 20870 22847 23203 22663 22932 22903 22782 23089 23049 22910 23105 22761 23262 23461
19377 19769 19852 19411 18733 18557 18918 19411 19440 19649 19695 19243 20291 21132 21100 20998 21058 20982 20916 20879 21007 21047 20677 20656 21168 22057 22324 22831 23615 24184 24453 24550 24515 24406 23520 23100 23025 22832 23346 23248 23152 22747 22740 22656 22711 22853 23333 23243 21941 20197 18714 17624 16535 16518 16579 16665 16722 16629 16986 18187 19152 19993 21561 23195 23269 22772 22575 22715 22901 23227 23370 23558 23504 23645 23485 23775
19368 19764 19839 19507 18543 18449 18590 18705 18534 18380 18551 18437 18401 18947 19353 20275 20511 20510 20170 20113 20249 20583 20671 20679 20850 21565 22227 22532 23170 23813 24347 24261 24351 23537 22745 22721 22463 22460 22643 22693 22740 22775 22731 22623 22271 22959 23062 23217 22652 21023 19199 18276 17112 16614 16526 16545 16552 16656 17564 19004 20027 21293 22303 23155 22769 22479 22469 22459 22891 23419 23842 24125 24105 23736 22995 23244
19032 19437 19789 19291 18612 18307 17686 17490 17442 17421 17740 17647 18009 18094 18484 19167 19322 19368 19210 19406 19952 20115 20211 20503 20714 21052 21815 22398 22983 23022 23803 23776 22997 22516 22312 22220 22187 21942 21920 21795 21902 22224 22326 22389 22284 22773 22996 23048 22536 21385 19622 18587 17675 17149 16532 16331 16974 17303 18496 19705 20581 21610 22887 22903 22540 22292 22278 22562 23146 23478 24378 24818 24751 23585 22751 22762
18711 19366 19723 18892 18507 17870 17515 17149 17100 17036 17264 17231 17452 17907 17881 18223 18227 18393 19172 19312 19294 19427 19744 19999 20275 21165 22076 23020 23202 23339 23461 23403 22536 22551 22536 22292 22014 21510 21160 20942 21213 21208 21491 21729 21909 22184 22169 22044 21753 21465 20470 19665 18488 18051 17720 16911 17642 18421 19572 20978 21787 22205 22870 22829 22487 22007 22192 22827 23373 23868 25668 26220 25489 23963 22959 23111
18085 18556 18750 18715 18270 17434 17168 17136 17120 17082 17051 17073 17171 17399 17602 17923 17852 18247 19143 19307 19111 18984 19390 19936 20639 21239 22443 22944 22959 23352 23706 23513 23036 22543 22528 22044 21570 21058 20772 20634 20462 20277 20559 20604 20660 20890 20992 20580 20730 21002 20974 20299 19564 19296 19078 18743 18903 19511 21152 22439 22788 22634 22683 22348 22341 22127 22259 23033 23696 25297 27021 27726 27166 25604 24499 24406
17295 17064 17297 17750 17297 17034 17138 17218 17222 17102 17030 17249 17525 17646 18410 18011 17717 17967 18178 18347 18282 19084 19630 20438 20889 21465 22101 22228 22755 23642 23954 23614 23154 22627 21915 21267 21045 20496 20165 19811 19214 19183 19085 19421 19893 20238 20221 19428 19380 19909 20536 20410 19970 19851 20170 20378 20758 21479 22182 22453 22627 22366 22230 22222 22328 22456 22563 23144 24276 25775 27508 28285 28056 27323 26364 25755
17366 16870 16982 17010 17080 17306 17317 17313 17267 17307 17819 18023 18093 18180 18507 18917 18489 18184 18341 18084 18323 18836 19709 20034 21083 21522 21692 21839 23131 23811 24027 23557 22805 21985 21421 20502 20014 19516 19123 18442 17845 18018 18230 18285 18747 19374 19352 19063 19314 19779 20172 20385 19941 19839 20489 21000 21909 21994 22274 22230 22181 21777 21777 22235 22249 22422 22573 23060 24237 25636 27170 27771 27708 27210 26185 25373
17554 17081 17283 17529 17443 17791 17703 17608 17540 17732 18271 18273 18049 18208 18568 19051 19104 18594 18484 18320 19113 19409 19470 20296 20919 20957 20746 21092 23036 23705 23864 23125 22142 21484 20888 19658 18959 18423 18042 17487 17056 17367 17397 17777 17833 18556 18915 18986 19702 20004 20701 21344 21314 21290 21988 22027 22201 21743 21409 21442 21496 21077 21828 22134 22163 22126 22179 22805 24134 24938 25860 27112 27027 26387 24769 23915
17439 17523 17602 18288 18690 18653 18579 18659 18681 18585 18270 18024 17680 18134 18473 18940 19192 18868 18375 18461 18791 18922 19422 20283 20550 20490 20949 21153 22172 22524 22562 22015 21287 20737 20514 19791 18674 18012 17191 16934 16967 16960 16722 17101 17400 17720 17850 18937 19822 19997 20837 22153 22735 22730 22635 22474 22150 21643 21244 21200 21046 21010 21049 21377 21627 21680 21875 22551 23541 24287 25210 25913 26195 25568 23693 23289
17220 18045 18608 18766 18855 18737 18789 18920 19027 19104 18839 17645 17249 17859 18603 18639 18512 18275 18179 17724 17632 17765 18503 18996 19508 20372 20838 21118 21703 22529 22584 21696 21251 20404 19693 18798 17857 17364 16941 16800 16862 16653 16792 16844 16864 16957 17269 18553 18719 19469 20539 21783 22654 22600 22385 21929 21618 21331 21129 21131 20727 20793 20839 21150 21193 21084 21521 21897 23138 23729 24434 25070 25223 24995 23775 23291
17375 18452 19126 18426 16520 15800 16129 16405 17095 17670 18436 18212 17725 17832 18706 18604 17911 17483 17336 17545 17828 17924 18474 18601 18680 18793 20104 20675 21711 22646 22759 21639 20994 20052 19681 18582 17671 16978 16936 16826 16828 16771 16859 16592 16805 16646 16841 17595 18226 18774 20164 21230 21504 21975 22217 21856 21218 21010 21092 20780 20622 20733 20755 20813 20675 20383 20902 21319 22140 22846 23306 24157 24371 24277 23833 23692
17487 18825 19192 17146 14715 13576 14194 14053 14694 15336 17792 18662 18205 17557 18079 18145 17534 17424 17261 17571 17770 17887 18152 18033 17677 17815 19297 20355 21558 22296 22281 21732 20637 19760 19146 18228 17312 16802 16812 16712 16687 16695 16741 16733 16702 16590 16592 17330 17811 18641 20061 20541 21401 21683 21919 22077 21380 20849 20937 20539 20426 20226 20261 20271 20301 20365 20529 20653 21951 22644 22816 23485 23456 23424 23426 23419
17623 18986 19178 16472 14149 13508 13970 13780 13298 14489 16837 19153 18735 17753 17026 17042 17097 17113 16964 17289 17212 17461 17642 16391 16422 17566 18388 19572 21102 21866 21751 21345 20370 19735 18563 18021 17209 16812 16853 16900 16706 16768 16808 16641 16549 16530 16808 17264 17752 18268 19909 20412 21427 21921 22132 22110 21400 20808 20111 19884 20050 19914 19986 19775 19794 19717 19972 20798 21482 21520 21661 21718 21400 21593 21918 22533
17903 18836 18629 15545 13267 13176 13916 13516 13877 14140 16677 19126 18742 18030 16938 16608 16456 16716 16751 17187 17358 17375 17120 16558 16320 16679 17822 19511 21082 21511 21539 20663 19719 19329 18484 17931 17225 16923 16777 16751 16701 16726 16725 16570 16654 16700 16888 17020 17562 18291 19569 20554 21268 22110 22122 21585 21100 20124 19650 19725 19843 19710 19729 19809 19856 19793 19982 20570 20993 21016 20764 19831 19650 19968 20274 21446
17857 18733 18631 15714 13212 13101 13459 13422 13674 14261 16610 18804 18536 17873 16953 16477 16702 17037 17071 17039 17348 17326 16990 16250 16091 17031 17861 19114 20231 21320 21908 21146 20233 19745 18821 18039 17625 17336 16822 16658 16740 16743 16568 16522 16629 16633 16781 17122 17578 18358 19544 20949 21721 21890 22000 21171 20850 20458 20154 20041 19686 19552 19468 19802 19613 19783 19987 20334 20591 20601 19448 18794 18853 19078 19691 20873
17549 18660 18635 16448 13887 13224 13060 13379 13891 15605 17738 18355 17866 17352 16892 16580 16728 17041 17074 16927 16617 16547 16345 16159 16005 16994 18127 19086 20412 21558 21840 21304 20423 19755 19221 18337 17887 17292 16829 16656 16714 16739 16636 16535 16651 16524 16860 16941 17277 17857 19245 21036 21711 21551 21316 21289 20971 20570 20119 19809 19672 19628 19526 19595 19795 19782 19778 19602 19822 19869 18969 18698 18724 18800 19025 20330
17206 17748 18124 17630 15513 13810 13539 14577 16072 17585 18141 18053 17329 17154 16898 16670 16701 16658 16190 16091 16185 16208 16187 16184 16272 17011 17912 19390 20519 21790 22062 21416 21185 21034 19606 18744 18257 17859 17166 16812 16624 16555 16630 16543 16466 16597 17228 17237 17752 18568 19961 21224 21704 21374 21447 21250 20796 20313 20124 19781 19801 19725 19850 19769 19922 20200 20668 21108 20977 20343 18833 18661 18672 18709 18837 19615
16815 17053 17388 17811 17563 16836 16254 17327 17931 17963 17732 17147 16764 17071 17134 16974 16542 16486 16186 16310 16304 16349 16328 16362 16868 17623 18639 19794 21212 22275 22229 21635 21583 21451 20250 19578 18909 18215 17457 17259 17139 16781 16866 16790 16637 17122 17454 18307 18836 19816 20903 22104 22544 22382 21736 21211 20759 20357 20149 20082 19832 19886 20026 20092 20573 20827 21489 21854 21516 20797 19177 18643 18643 18662 18737 19255
15870 16257 16791 17219 17661 17873 17971 17691 17800 17712 17247 16636 16433 16198 16344 16483 16459 16502 16334 16501 16494 16424 16383 16879 17711 18552 19738 20809 21463 22008 21969 21493 21531 21416 20757 20040 19495 18587 17843 17655 17821 17660 17252 17210 17485 17930 18527 19173 19692 20801 22215 22841 22979 22946 21957 21310 21114 20852 20534 20098 19962 19862 20026 20252 20838 21107 22190 22835 22824 22031 20474 19116 18863 18742 18959 20324
15305 15289 15589 16166 16700 17555 17720 17484 16757 16803 16927 16748 16681 16733 16016 16806 16765 16456 16308 16393 16591 16740 17144 17734 18229 19374 20783 21437 21669 21527 20649 20374 20610 21225 21438 20740 19962 19090 18428 18503 18860 18710 18287 18303 19014 19129 19427 20035 20742 21931 23325 23785 24183 23672 23153 22008 21262 21046 20712 20215 19756 19362 19321 19818 20559 20686 22208 22864 22891 22480 21645 20372 20155 19589 20314 21295
15200 15096 15216 15445 15729 16388 17087 17104 16627 16241 16636 16589 16470 16600 16603 16896 16874 16563 16713 16628 17253 17784 18347 18748 19192 19512 20959 21741 21851 21486 20499 19978 20654 21659 21795 21212 20736 20145 20042 20149 19969 19897 19664 19737 19801 20050 20103 21231 21500 22324 23580 24494 24233 23568 23322 22541 21444 21187 20796 20147 19371 19177 19091 19670 20141 20802 22091 22388 22093 21935 21649 20937 20618 20253 20705 21065
15059 15066 15088 15137 15262 15493 16143 16621 16637 16184 16168 16214 16211 16114 16282 16638 16871 17690 17785 17781 18274 18681 19622 19919 20196 20332 21158 21227 20935 20842 20567 20904 21099 21649 21746 21861 21487 21365 20960 20827 20759 20623 20581 20662 20921 20860 20932 21516 21825 22334 22997 23969 23835 23579 22852 22376 21903 21487 20680 19944 19301 19000 18920 18910 19690 20252 20982 21526 21405 21017 20724 20016 19258 19723 20017 19963
14648 15021 15049 15077 15105 15168 15469 16491 16786 16519 15902 16010 15917 15958 16117 16306 16976 17712 17920 18222 19143 19653 20132 20489 20888 21074 21157 20524 20474 20390 20621 20990 21195 21275 21630 21809 21792 21868 21005 20492 20356 20409 20756 21254 21161 21207 21347 21720 22087 21903 21598 22499 23085 23008 22187 21631 21529 21231 19786 19435 19291 18904 18731 18773 18734 19357 19820 19895 19980 20070 19865 19922 19699 19360 19337 19242
14945 14929 14950 14921 15043 15045 15349 16543 16888 16768 16167 15727 15701 15787 16277 16439 16936 17659 18160 18394 19409 20252 20288 20508 20995 21067 20632 19788 19619 19935 20314 20870 21188 21401 21208 21179 21567 21767 20543 19140 18513 18514 19769 21362 21678 21598 21461 21441 21510 21381 20819 21209 21654 21639 21154 20888 20777 20345 19182 18848 18818 18710 18494 18458 18487 18480 18682 18652 18709 18736 18619 18589 18930 18773 18736 18743
14772 14769 14965 14724 15050 15110 15674 16591 16843 16970 16826 16260 15985 16326 16464 16674 16950 17684 18223 19244 20534 21115 20480 20403 20531 20819 20541 19819 19734 20137 20319 20346 20318 20133 20176 19736 20965 21166 19647 18272 18218 18227 19329 21292 21947 21733 21389 21202 21054 20921 21041 21251 21006 20707 20341 20066 19697 19588 18988 18909 18636 18111 18160 18210 18202 18046 18080 18129 18344 18429 17933 17556 18090 18270 18387 18022
14813 14763 14718 14784 15038 15148 16161 16656 16778 16804 16849 16578 16402 16692 16917 17269 17432 18060 18896 19386 20541 21173 20983 20818 20825 20407 19334 18750 19536 19949 19441 19113 20105 20327 20178 20827 20703 20581 19296 18148 18142 18196 19452 21281 21746 21681 21045 20755 20534 20585 20669 20614 20555 19894 19506 19307 18958 18951 18754 18684 18302 18114 17892 17885 17918 17827 17828 17722 17919 18045 17948 17856 17934 17982 18067 18141
14806 14731 14740 14826 15002 15289 16175 16612 16603 16981 16879 16841 17107 17027 17272 17566 18056 18323 19104 19191 20447 21129 21064 20901 20946 20434 18997 18205 19285 19173 17362 17076 19086 20297 20368 20738 20708 20236 19718 18632 18630 18925 20548 21407 21747 21309 20386 20470 20200 20069 20179 20043 19512 19306 19013 18924 18825 18590 18220 18199 18274 18112 17992 17935 17798 17828 17638 17608 17588 17605 17984 17916 17853 17814 17811 17778
14939 14844 14718 14908 15181 15608 15780 15405 16429 17436 17589 17663 17442 17665 17729 17911 18571 18812 19254 19400 19907 20448 20524 20313 20682 20355 19476 19913 20237 20320 18670 16992 17128 18951 20270 20102 19879 19768 20071 19583 19858 20617 21360 21473 21294 20588 20220 20227 20265 20335 20142 19907 19777 19560 19337 19101 19024 18609 18395 17980 18076 18091 18015 17937 17724 17742 17727 17633 17489 17520 17755 17749 17613 17556 17754 17691
15182 15132 14883 14981 15946 16638 16932 16835 16612 18002 17968 18130 17652 17885 18260 18776 18950 19237 19549 19005 19965 19864 19566 19828 19913 19942 20030 19841 20137 20554 19000 16848 15757 16926 18647 19969 19581 19713 19719 19852 20259 20638 21253 21247 21039 20598 20853 21043 20978 20928 20776 20816 20762 20759 20555 20044 19582 18989 18522 18121 18164 18160 18041 18011 17797 17774 17662 17516 17450 17455 17397 17283 17360 17361 17511 17655
15749 15744 15335 15229 16135 16714 17377 17477 17571 18129 18518 18558 18350 18515 18845 19132 19334 19359 19856 20326 20412 20141 19456 19591 19553 19731 19750 19514 20106 20452 18763 16251 14911 16184 18608 19047 18800 19061 19216 19648 19664 19656 19959 20083 20771 20829 21147 21841 21914 22015 22059 22103 22131 21933 21554 20818 19818 18987 18603 18394 18423 18199 18115 17676 18116 18074 17918 17461 17325 17328 17209 17212 17342 17341 17493 17641
16866 16862 15899 15896 16333 16687 16836 17383 17703 17962 18531 18929 18990 19168 19321 19635 19880 20059 20327 20467 20291 18807 18315 18421 18920 19743 19660 19366 20074 20604 20134 17948 16682 17637 19302 19238 18405 18736 18967 19262 19457 19441 19892 20624 20783 20740 21135 21989 22734 22974 23088 23064 22401 22048 21660 20919 19865 19356 18582 18362 18247 17563 18026 17906 18022 17529 17953 17547 17366 17287 17144 17239 17327 17382 17589 17988
