Alternative/Moon/Lvl0_30x30/Ele_BH.asc
ncols         335
nrows         335
xllcorner     3407491.657
yllcorner     3322833.042
cellsize      10000
nodata_value  -9999.0
[rows 0 to 33 of 335, columns 0 to 76 of 335]
15810 15839 15999 16422 16541 16602 16628 16655 16573 16314 16534 17191 17426 17525 17919 18110 17947 17007 16160 15940 15839 15760 15675 15621 15608 15614 15733 15557 15647 15498 15428 15557 15538 15477 15458 15473 15455 15488 15484 15434 15406 15612 15661 15436 15424 15424 15440 15489 15530 15587 15578 15706 15662 15665 15711 15784 15747 15500 15469 15485 15525 15466 15460 15463 15470 15541 15586 15618 15652 15674 15691 15710 15745 15800 15798 15926 16190
15797 16192 16635 16727 16794 16817 16655 16722 16700 16532 16567 16777 17159 17560 17766 17587 17523 16691 15988 15839 15808 15784 15708 15635 15588 15579 15643 15536 15525 15471 15471 15575 15601 15464 15436 15443 15442 15573 15575 15405 15369 15361 15386 15375 15375 15388 15397 15447 15534 15495 15594 16029 16043 15784 15839 15937 15896 15556 15454 15421 15482 15423 15430 15443 15468 15478 15539 15590 15648 15662 15653 15681 15698 15741 15769 15815 15990
15955 16478 16725 16845 16879 16866 16682 16629 16638 16584 16778 16922 16979 17147 17078 16623 16193 15948 15928 15896 15856 15899 15815 15642 15555 15644 15756 15575 15577 15557 15513 15527 15537 15459 15439 15460 15473 15489 15442 15350 15355 15346 15329 15323 15292 15303 15337 15381 15415 15433 15535 16015 16044 15644 15643 15840 15746 15582 15447 15442 15418 15433 15426 15463 15504 15517 15545 15596 15618 15641 15647 15665 15678 15700 15723 15768 15801
15780 15935 16414 16879 16987 16963 16909 16767 16507 16505 16462 16469 16430 16346 16407 16400 16173 15914 15881 15898 15818 15758 15724 15609 15567 15563 15535 15547 15542 15549 15532 15534 15458 15422 15397 15363 15334 15345 15358 15395 15444 15384 15360 15331 15311 15293 15313 15320 15328 15390 15426 15496 15610 15595 15536 15503 15505 15444 15440 15440 15430 15473 15461 15462 15485 15537 15575 15605 15595 15594 15617 15646 15680 15703 15726 15746 15781
15745 15893 16269 16343 16063 16046 16118 16321 16587 16474 16253 16066 16189 16177 16202 16251 15940 15823 15719 15714 15648 15601 15564 15658 15640 15728 15646 15465 15406 15394 15503 15437 15367 15400 15414 15369 15381 15379 15371 15365 15368 15365 15335 15326 15332 15329 15334 15347 15350 15356 15413 15394 15471 15432 15417 15356 15411 15470 15468 15473 15461 15483 15473 15464 15436 15490 15527 15551 15554 15571 15604 15626 15659 15674 15713 15762 15763
15695 15761 15804 15822 15875 15979 16264 16871 17005 16688 16470 16253 16245 16179 15898 15909 15926 15813 15696 15602 15797 15623 15569 15580 15554 15496 15560 15440 15390 15507 15450 15366 15412 15481 15553 15443 15401 15379 15372 15365 15342 15314 15312 15366 15329 15332 15340 15336 15333 15469 15476 15499 15510 15509 15480 15475 15485 15475 15480 15462 15475 15480 15477 15496 15472 15445 15507 15550 15528 15507 15539 15586 15625 15651 15689 15748 15737
15665 15693 15776 16199 16785 17052 17181 17168 17010 16648 16320 16219 16155 15853 15864 15794 15832 15790 15723 15697 15693 15575 15735 15675 15528 15441 15439 15420 15351 15400 15602 15576 15511 15358 15484 15383 15264 15492 15488 15365 15348 15319 15309 15317 15307 15324 15328 15372 15520 15528 15490 15483 15492 15497 15498 15513 15507 15496 15484 15487 15487 15487 15493 15464 15446 15463 15512 15536 15527 15527 15544 15567 15581 15606 15642 15672 15729
15640 15654 15724 15946 16465 16729 16803 16802 16637 16420 16125 16069 15912 15849 15843 15789 15725 15724 15811 15908 15562 15538 15746 15691 15457 15388 15374 15446 15379 15333 15327 15477 15446 15327 15289 15261 15280 15311 15355 15319 15298 15298 15299 15300 15305 15306 15324 15423 15500 15487 15464 15463 15465 15473 15499 15481 15530 15478 15484 15475 15467 15445 15427 15440 15410 15490 15505 15504 15514 15523 15537 15573 15595 15616 15621 15669 15791
15588 15590 15606 15701 15896 16138 16226 16218 16148 16061 15873 15810 15965 15991 15892 15805 15736 15715 15619 15709 15703 15491 15496 15464 15428 15441 15387 15324 15306 15317 15323 15341 15325 15316 15302 15298 15284 15283 15320 15291 15288 15291 15291 15291 15299 15321 15344 15386 15406 15468 15440 15439 15441 15459 15473 15465 15459 15445 15455 15456 15447 15473 15464 15430 15462 15490 15466 15468 15525 15580 15552 15555 15579 15616 15618 15655 15706
15580 15577 15583 15619 15689 15778 15811 15820 15815 15799 15790 15784 15784 15765 15736 15771 15754 15687 15619 15669 15714 15457 15456 15445 15427 15407 15382 15356 15411 15364 15391 15273 15272 15303 15308 15299 15287 15315 15394 15320 15287 15271 15279 15284 15293 15308 15340 15391 15431 15465 15444 15456 15460 15454 15454 15437 15434 15423 15421 15456 15476 15483 15426 15491 15491 15422 15443 15487 15549 15527 15536 15572 15578 15625 15637 15663 15759
15551 15553 15564 15559 15588 15654 15691 15753 15783 15778 15773 15949 16104 16164 16177 16057 15899 15769 15706 15676 15544 15487 15474 15432 15403 15385 15362 15361 15347 15312 15278 15313 15302 15295 15321 15302 15290 15289 15374 15316 15272 15336 15285 15276 15279 15274 15306 15362 15407 15430 15452 15457 15447 15459 15446 15424 15442 15431 15455 15450 15446 15472 15486 15478 15517 15541 15527 15543 15520 15560 15546 15581 15609 15633 15685 15722 15847
15466 15464 15481 15470 15499 15500 15546 15661 15698 15785 16019 16395 16483 16522 16424 16262 16117 15805 15745 15643 15582 15562 15598 15440 15411 15390 15402 15328 15321 15323 15313 15314 15415 15294 15248 15224 15262 15261 15339 15444 15315 15272 15310 15253 15259 15287 15296 15314 15343 15398 15452 15487 15435 15429 15422 15435 15431 15421 15433 15448 15449 15467 15478 15478 15492 15603 15604 15601 15576 15517 15502 15542 15620 15620 15675 15724 15885
15427 15425 15400 15425 15425 15419 15488 15570 15600 15803 16075 16245 16432 16590 16372 16203 16074 15726 15682 15585 15485 15436 15427 15395 15406 15396 15544 15394 15378 15337 15305 15314 15347 15241 15187 15172 15264 15235 15307 15439 15365 15287 15383 15304 15280 15282 15288 15282 15359 15398 15482 15488 15472 15463 15420 15434 15409 15396 15433 15428 15438 15467 15469 15483 15459 15482 15477 15486 15523 15485 15518 15641 15671 15645 15657 15720 15827
15427 15423 15403 15417 15416 15445 15516 15583 15596 15987 15991 16232 16314 16313 16244 16096 15776 15648 15658 15565 15476 15555 15726 15605 15334 15346 15606 15463 15284 15273 15343 15281 15291 15294 15312 15322 15359 15357 15341 15359 15372 15408 15417 15328 15412 15303 15306 15346 15394 15407 15389 15400 15470 15477 15404 15404 15425 15421 15419 15431 15438 15451 15451 15466 15587 15537 15506 15499 15507 15538 15589 15623 15645 15638 15666 15753 15807
15361 15356 15354 15332 15366 15451 15506 15496 15517 15557 15625 15768 15997 16057 16044 15834 15670 15648 15578 15528 15508 15524 15624 15548 15362 15311 15284 15298 15321 15255 15312 15283 15300 15342 15512 15734 15700 15772 15858 15928 15636 15441 15399 15440 15422 15310 15325 15403 15441 15400 15374 15365 15358 15392 15395 15414 15432 15420 15420 15422 15436 15434 15438 15476 15465 15511 15506 15563 15591 15589 15689 15636 15677 15711 15716 15749 15854
15363 15360 15365 15349 15334 15397 15437 15438 15427 15450 15481 15569 15691 15796 15773 15740 15659 15593 15554 15515 15465 15451 15445 15435 15390 15336 15314 15284 15271 15260 15276 15274 15336 15480 15809 15777 14970 14374 15117 15911 15916 15520 15428 15388 15318 15314 15355 15488 15468 15385 15365 15365 15380 15403 15407 15421 15396 15400 15414 15440 15415 15435 15432 15454 15452 15484 15545 15589 15611 15638 15655 15693 15741 15764 15858 15945 16095
15334 15323 15284 15274 15258 15316 15361 15392 15408 15421 15415 15506 15594 15627 15630 15619 15588 15566 15550 15532 15455 15400 15395 15392 15368 15356 15359 15312 15268 15254 15252 15356 15412 15490 15833 15860 15408 14544 14870 15826 15853 15534 15314 15337 15376 15422 15456 15698 15711 15614 15481 15393 15373 15375 15429 15407 15399 15406 15416 15433 15434 15458 15461 15458 15512 15501 15563 15607 15678 15708 15736 15757 15790 15854 15929 16002 16317
15248 15216 15188 15192 15213 15248 15274 15298 15363 15411 15416 15428 15485 15526 15524 15533 15530 15527 15538 15525 15491 15422 15409 15390 15365 15347 15354 15333 15331 15270 15273 15349 15387 15363 15476 15802 15842 15870 15829 15760 15611 15378 15445 15485 15485 15489 15502 15825 15883 15846 15752 15477 15405 15383 15392 15394 15413 15422 15462 15491 15522 15509 15502 15533 15565 15584 15624 15659 15697 15761 15778 15852 15958 16052 16085 16003 16066
15160 15185 15219 15224 15243 15236 15214 15218 15274 15328 15343 15352 15401 15446 15475 15485 15379 15351 15326 15353 15414 15425 15411 15371 15441 15408 15341 15325 15306 15309 15312 15310 15326 15467 15500 15433 15371 15401 15409 15346 15314 15414 15454 15456 15477 15484 15505 15442 15458 15498 15514 15485 15527 15520 15449 15493 15544 15607 15658 15668 15629 15584 15598 15655 15676 15679 15686 15732 15783 15871 15939 16065 16202 16238 16169 16147 16807
15144 15181 15197 15252 15225 15198 15161 15138 15161 15211 15243 15290 15357 15390 15395 15380 15321 15304 15294 15321 15421 15411 15413 15388 15371 15351 15350 15322 15304 15317 15317 15310 15230 15250 15284 15264 15261 15251 15245 15194 15277 15300 15323 15329 15358 15339 15331 15326 15352 15391 15424 15528 15590 15569 15630 15684 15663 15652 15646 15631 15595 15631 15661 15709 15699 15685 15686 15744 15787 15824 15973 16080 16105 16143 16100 16131 16615
15127 15132 15153 15151 15155 15155 15138 15122 15127 15148 15172 15229 15270 15321 15395 15450 15430 15375 15402 15388 15391 15372 15367 15371 15347 15349 15377 15385 15303 15289 15259 15205 15168 15120 15080 15137 15104 15072 15086 15062 15183 15258 15215 15337 15294 15234 15264 15280 15283 15302 15363 15451 15574 15626 15699 15677 15572 15557 15560 15559 15568 15622 15688 15678 15750 15663 15638 15657 16035 16088 15928 16087 16052 16138 16086 16003 16032
15144 15145 15128 15109 15118 15110 15108 15119 15114 15141 15156 15172 15227 15288 15395 15450 15427 15386 15381 15388 15381 15355 15339 15325 15333 15345 15385 15394 15336 15302 15266 15203 15208 15130 15163 15170 15175 15241 15190 15212 15239 15197 15198 15285 15263 15236 15245 15248 15290 15331 15365 15389 15487 15656 15753 15614 15534 15520 15528 15560 15515 15566 15637 15640 15661 15657 15594 15639 15987 15999 15967 16126 15903 15869 15980 15941 15937
15149 15166 15139 15101 15109 15101 15105 15117 15126 15109 15120 15164 15228 15332 15308 15469 15462 15394 15297 15309 15251 15282 15297 15318 15339 15358 15360 15396 15343 15308 15273 15279 15265 15159 15153 15185 15180 15185 15189 15204 15210 15184 15187 15205 15206 15233 15243 15231 15289 15316 15359 15374 15417 15498 15569 15559 15504 15536 15487 15758 15599 15566 15723 15891 15753 15747 15750 15656 15612 15648 15613 15598 15577 15588 15631 15663 15675
15370 15275 15248 15175 15141 15132 15136 15120 15107 15116 15142 15184 15238 15370 15294 15329 15358 15347 15261 15296 15280 15273 15235 15204 15222 15265 15306 15312 15276 15283 15282 15258 15170 15079 15084 15184 15150 15171 15170 15174 15174 15181 15194 15209 15205 15204 15216 15243 15283 15325 15338 15357 15409 15527 15662 15573 15563 15541 15522 15648 15610 15565 15654 15731 15874 15909 15948 15754 15650 15699 15740 15739 15713 15717 15756 15814 15791
15783 15510 15297 15213 15165 15147 15127 15119 15101 15140 15135 15123 15098 15125 15161 15199 15173 15134 15109 15135 15142 15131 15136 15117 15102 15105 15174 15259 15229 15138 15172 15160 15113 15067 15032 15136 15109 15103 15107 15119 15151 15149 15147 15153 15228 15251 15247 15273 15358 15436 15455 15460 15498 15516 15560 15525 15538 15544 15592 15659 15627 15670 15679 15732 15773 15783 16038 16075 15744 15697 15746 15782 15767 15939 15986 15897 15933
15800 15629 15476 15395 15251 15170 15113 15077 15077 15133 15112 15100 15077 15065 15067 15058 15044 15031 15037 15047 15038 15046 15024 15007 15008 15066 15067 15092 15065 15073 15102 15133 15140 15020 14995 14975 15010 15039 15052 15076 15086 15076 15138 15179 15218 15239 15259 15339 15410 15425 15442 15440 15476 15536 15560 15556 15601 15582 15609 15775 15754 15706 15682 15645 15831 15905 16017 16049 15739 15784 15756 15723 15798 15738 15871 15879 15921
15634 15867 15630 15425 15229 15138 15083 15052 15066 15098 15097 15079 15050 15039 15008 14982 14961 14956 14952 14938 14949 14939 14950 14944 14958 15014 15040 15060 15022 15009 15026 15178 15241 15042 14967 14954 14991 15024 15061 15088 15079 15079 15106 15190 15239 15256 15278 15349 15394 15384 15330 15352 15394 15463 15458 15516 15548 15653 15735 15742 15827 15886 15979 15746 15716 15788 15888 15707 15799 15810 15858 15769 15742 15780 16089 16082 15836
15718 15808 15614 15386 15219 15079 15079 15091 15085 15085 15058 15023 14999 14975 14950 14924 14911 14902 14907 14905 14823 14845 14853 14875 14901 14910 14917 14958 14988 14977 15006 15057 15072 15044 15032 14938 14989 15032 15033 15043 15086 15104 15108 15134 15151 15215 15234 15281 15339 15332 15257 15211 15271 15310 15350 15382 15481 15549 15581 15572 15598 15734 15847 15790 15614 15610 15605 15729 15736 15824 15768 15713 15658 15719 15866 15969 16035
15787 15501 15261 15116 15063 15074 15084 15105 15090 15051 15021 14986 14961 14930 14914 14908 14894 14882 14834 14836 14809 14804 14804 14811 14854 14893 14899 14926 14985 14996 15013 15089 15107 15098 15040 15004 14955 14985 15029 15038 15055 15039 15043 15057 15035 15070 15115 15208 15257 15274 15296 15380 15317 15281 15273 15389 15512 15517 15519 15578 15617 15535 15453 15432 15603 15667 15697 15696 15644 15588 15624 15618 15627 15642 15756 15941 15942
15483 15161 15101 15080 15087 15083 15087 15085 15075 15041 15007 14988 14966 14943 14938 14929 14869 14857 14851 14843 14826 14810 14796 14813 14801 14836 14847 14919 14931 14952 14927 15033 15071 15123 15077 15103 15189 15051 14992 14997 15002 15005 15045 14994 14991 15041 15091 15212 15286 15309 15342 15405 15370 15297 15305 15461 15494 15468 15430 15412 15451 15436 15443 15492 15650 15669 15605 15564 15520 15530 15537 15532 15596 15676 15804 16010 15989
15045 15050 15053 15086 15069 15074 15076 15079 15065 15053 15034 15012 15008 14989 14986 14921 14907 14896 14884 14876 14865 14852 14843 14834 14821 14804 14800 14819 14875 14916 14920 14976 15047 15080 15078 15191 15415 15143 14997 15000 15026 15067 15074 15119 15157 15186 15239 15316 15317 15275 15203 15149 15123 15183 15268 15330 15335 15282 15314 15345 15416 15592 15457 15455 15513 15543 15500 15418 15353 15347 15363 15471 15569 15702 15909 15989 16024
15085 15082 15085 15087 15094 15103 15108 15109 15081 15080 15073 15070 15068 15026 15005 14971 14959 14948 14944 14932 14910 14899 14887 14888 14860 14862 14866 14878 14945 14933 14966 14979 15025 15056 15069 15096 15165 15036 14992 15030 15088 15107 15112 15144 15207 15247 15254 15146 15108 15074 15077 15108 15210 15197 15068 15098 15163 15272 15370 15452 15505 15498 15498 15465 15469 15406 15374 15311 15318 15376 15377 15413 15602 15656 15855 15947 16020
15115 15105 15100 15109 15111 15119 15121 15112 15109 15099 15087 15086 15053 15047 15044 15024 15005 14993 14992 14974 14976 14971 14947 14934 14921 14920 14929 14937 15042 15044 15014 14929 15032 15051 15060 15038 15005 14984 15033 15098 15156 15111 15116 15073 14995 14984 14999 15010 15028 15016 15035 15028 15029 15023 15101 15082 15192 15364 15389 15495 15565 15564 15533 15528 15556 15567 15480 15420 15583 15724 15648 15630 16173 16271 15990 15687 15642
15127 15117 15106 15117 15120 15118 15116 15145 15136 15105 15088 15072 15087 15070 15056 15048 15037 15029 15028 15023 15023 15009 14998 14984 14985 14965 14988 14986 15003 15005 14970 14938 15010 15027 15035 15031 15026 14973 15060 15039 15133 15051 15002 14942 14929 14923 14925 14924 14926 14942 14937 14961 15120 15222 15221 15109 15165 15233 15456 15528 15644 15595 15569 15602 15587 15564 15549 15571 15597 15747 15664 15666 16225 16282 15897 15630 15634
