Alternative/Moon/Lvl0_30x30/Ele_AB.asc
ncols         335
nrows         335
xllcorner     -16692508.343
yllcorner     6672833.042
cellsize      10000
nodata_value  -9999.0
[rows 238 to 271 of 335, columns 231 to 307 of 335]
15725 15558 15336 15222 14971 14596 14154 13956 13746 13659 13612 13572 13546 13575 13641 13668 13613 13606 13625 13758 13870 14043 14083 14217 14219 13735 13562 13594 13480 13580 13547 13520 13577 13705 13720 13614 13638 13996 14514 15260 16027 16538 16866 17310 17786 18202 18479 18834 19052 19439 19852 20527 21377 21801 21664 21070 20166 19378 19230 19336 19349 18995 18482 17938 17784 17744 17727 17526 17262 17315 17328 17244 17274 17469 18024 18846 19660
15351 15340 15234 15139 14882 14500 14197 13942 13759 13643 13637 13619 13661 13697 13733 13681 13549 13531 13518 13565 13617 13643 13830 14117 14188 14063 13770 13438 13454 13320 13393 13426 13481 13520 13538 13510 13771 14434 14963 15558 16002 16449 16785 17153 17593 18276 18837 19376 19867 20274 20549 21048 21787 22216 22226 21371 20322 19562 19271 19288 19236 18753 18316 17802 17637 17553 17450 17289 17199 17255 17195 17224 17149 17152 17194 17884 18687
15240 15225 15133 15095 14966 14676 14190 13866 13776 13553 13663 13704 13719 13742 13743 13688 13646 13543 13523 13534 13470 13665 13730 13826 14052 14292 14330 14234 14013 13870 13756 13778 13799 13967 14154 14509 14886 15345 15701 15812 15876 16214 16582 17189 17876 18611 19192 19902 20339 20659 20944 21416 21995 22324 22337 21947 21264 20809 20514 19977 19484 19057 18719 18307 17953 17665 17407 17126 17180 17200 17124 17094 17094 17360 17780 18497 19297
15092 15154 15156 15175 15120 14914 14674 14400 13968 13859 13940 14031 14010 13919 13795 13676 13738 13686 13569 13520 13523 13574 13572 13668 13757 13879 13965 13985 13995 14173 14472 14591 14617 14614 14647 14769 15041 15462 15830 16103 16397 16908 17498 18107 18804 19303 19770 20001 20190 20468 20711 21010 21555 21908 22194 22418 22449 22339 22155 21689 21129 20505 19979 19283 18802 18491 18205 18047 17930 18096 18266 18535 18885 19437 19897 20735 21279
15106 15094 15167 15194 15277 15274 15173 15021 14676 14279 14237 14204 13954 13889 13856 13858 13829 13746 13787 13774 13621 13700 13667 13702 13795 13912 13963 13971 13983 14128 14403 14508 14536 14553 14579 14702 14976 15373 15704 15922 16561 17406 18119 18874 19530 19919 20045 20017 19881 20279 20525 20633 20901 21250 21652 22035 22407 22440 22365 22121 21898 21772 21567 21360 21143 20959 20780 20971 20852 20843 20785 21182 21580 22008 22248 22472 22534
15166 15106 15101 15175 15351 15360 15172 15008 14749 14501 14563 14599 14601 14509 14207 13970 13926 13966 13933 13955 13913 13952 13966 13881 13959 14018 13987 13973 13997 14185 14463 14688 14875 14829 14754 14706 14830 15093 15525 16163 16920 17773 18420 19198 19824 20284 20576 20651 20578 20704 20689 20537 20527 20589 20759 21115 21457 21707 21915 21840 21895 21904 22020 22225 22401 22722 22870 23079 23058 23049 23092 23210 23193 23027 22927 22700 22500
15112 15095 15089 15164 15189 15197 15209 15176 15066 15126 15193 15112 15116 15281 15166 15015 15055 14851 14702 14691 14541 14340 14338 14250 14114 14090 14209 14301 14442 14781 15132 15405 15466 15330 15120 15005 15078 15282 15653 16236 16981 17808 18500 19349 20191 20847 21236 21426 21365 21170 20930 20587 20497 20474 20531 20555 20637 20896 21043 21103 21249 21435 21646 21954 22366 22696 22857 23116 23179 23252 23261 23246 23168 22896 22752 22412 21978
15158 15109 15114 15142 15135 15143 15168 15174 15212 15275 15453 15655 15770 15870 15952 16114 16150 16200 16195 16184 16123 15765 15278 15326 15389 15284 15064 14904 15240 15597 16054 16288 16468 16479 16422 16224 15886 15961 16081 16315 16970 17633 18384 19305 20004 20800 21378 21796 21930 21896 21746 21558 21297 21341 21381 21582 21646 21828 21960 22171 22277 22471 22589 22729 22740 22699 22710 22713 22691 22758 22849 22866 22659 22310 22105 21836 21563
15222 15304 15316 15287 15301 15288 15259 15248 15270 15294 15399 15581 15774 15820 15945 16101 16244 16387 16460 16467 16394 16156 15849 15911 16140 16191 16134 16136 16207 16273 16297 16398 16563 16794 17081 17268 17313 17216 17147 17286 17649 18022 18446 19137 19923 20825 21585 22201 22558 22691 22791 22706 22637 22856 22974 23091 23237 23414 23452 23471 23477 23512 23652 23783 23848 23865 23762 23524 23353 23152 23136 22897 22689 22469 22258 22036 21746
15596 15575 15495 15440 15403 15406 15389 15357 15402 15390 15420 15404 15511 15599 15877 16019 16082 16151 16132 16054 15982 15873 15810 15891 16141 16228 16114 16029 16004 16135 16103 16142 16303 16542 16826 17218 17431 17892 18108 18288 18657 19117 19579 20127 20738 21235 21762 22292 22830 23346 23560 23808 23881 23668 23486 23486 23489 23513 23486 23324 23230 23190 23374 23462 23752 23961 23958 23952 24051 24025 23824 23488 23029 22671 22409 22301 21897
15707 15617 15590 15527 15464 15461 15411 15469 15461 15485 15483 15476 15476 15580 15605 15626 15786 15643 15305 15249 15575 15650 15679 15780 15810 15752 15633 15441 15400 15382 15424 15542 15895 16311 16454 16824 17373 17920 18358 18972 19351 19853 20246 20755 21181 21750 22138 22788 23197 23704 23940 24015 23961 23666 23300 22771 22280 21851 21788 21283 21152 21195 21353 21686 22240 22733 23137 23614 23829 23987 23854 23686 23427 23018 22617 22386 22305
16464 16140 15895 15747 15637 15586 15474 15437 15444 15468 15483 15455 15455 15607 15817 15980 15978 15799 15660 15560 15582 15473 15475 15422 15432 15396 15359 15365 15411 15464 15682 15838 16108 16506 16829 17383 17811 18151 18517 19063 19380 19851 20196 20851 21684 22350 22740 23263 23495 23626 23557 23201 22501 21749 21194 20360 19506 19127 19086 19284 19540 19566 19753 19464 19691 20010 20386 20964 21614 22225 22588 23293 23389 23372 23222 23122 22649
17150 16740 16534 16289 16129 15766 15710 15621 15485 15461 15466 15477 15544 15853 15973 16032 15963 15722 15578 15504 15487 15472 15556 15555 15486 15492 15588 15606 15626 15907 16197 16415 16612 16912 17200 17723 18053 18311 18511 18794 19384 20065 20647 21400 22021 22434 22582 22495 22285 21783 21397 20740 20041 19334 18740 18172 17859 18044 18039 18131 18156 17986 17812 17515 17473 17746 17960 18412 19084 19898 20533 21578 22356 22741 23238 23360 23211
17981 17780 17651 17300 17155 16776 16599 16453 16114 16016 15980 15954 15577 15352 15419 15448 15370 15358 15373 15426 15537 15601 15784 15948 16052 16007 16126 16092 16246 16362 16309 16291 16807 17268 17460 17944 18217 18574 18970 19607 20250 20961 21549 21955 22042 22048 21692 20707 20115 19492 19188 18901 18125 17358 16866 16627 16567 16504 16476 16437 16443 16424 16428 16673 17035 17128 17111 17452 17706 18286 18726 19719 20613 21538 21980 22609 22873
19344 19175 18933 18597 18220 17781 17369 17263 17026 16943 16882 16735 16287 15891 15483 15465 15384 15435 15433 15421 15449 15636 15933 16151 16368 16632 16770 16833 16898 17169 17317 17410 17507 17625 17951 18496 18723 18917 19231 19892 20551 21223 21843 22063 21967 21229 20500 19655 19078 18733 18412 18133 17662 17120 16753 16540 16482 16472 16471 16370 16306 16303 16325 16317 16284 16428 16603 16716 16860 16956 17242 17952 18679 19417 19970 20617 21558
20674 20539 20203 19900 19710 19352 19000 18726 18436 18186 17686 17262 16729 16324 15950 15893 15694 15636 15541 15452 15749 16153 16367 16894 17151 17203 17542 17774 17944 18139 18341 18367 18488 18568 18744 18979 19219 19485 19659 20161 20598 21215 21738 21978 21698 20784 19931 19087 18676 18200 17917 17333 16863 16509 16476 16494 16482 16438 16366 16331 16365 16341 16312 16385 16429 16337 16326 16315 16458 16706 16936 17268 17839 18364 18534 19297 20181
22198 21782 21315 20956 20592 20037 19432 19079 18636 18259 17720 17661 17823 17685 17424 17349 16878 16474 16392 16297 16705 17310 17542 17780 17995 18119 18304 18359 18571 18735 18784 18890 19109 19214 19395 19718 19924 20256 20474 20684 20767 21209 21537 21653 21323 20443 19530 18567 18258 17863 17519 17077 16636 16461 16423 16485 16504 16805 17000 17058 17016 16964 16675 16516 16550 16493 16280 16238 16273 16380 16545 17129 17830 18499 18861 19473 20473
23139 22474 21689 21139 20550 19986 19312 18971 18540 18437 18213 18412 18558 18678 18727 18597 18322 18017 17896 18065 18287 18503 18590 18712 18945 19068 19204 19288 19217 19222 19240 19519 19669 19784 19914 20127 20335 20456 20575 20691 20696 20759 21101 21514 21511 21277 20537 19702 18676 17832 17369 17037 16617 16547 16531 16382 16394 16505 16556 16550 16573 16464 16407 16368 16344 16285 16273 16291 16404 16785 17205 17720 18238 18784 19193 19607 20218
23158 22438 21650 20986 20266 19784 19428 19231 18690 18804 19167 19480 19571 19348 19500 19415 19225 19371 19352 19373 19402 19489 19487 19665 19854 20000 20061 20013 19628 19687 19859 19835 19774 19767 19922 20091 20198 20174 20229 20352 20408 20653 20933 21285 21491 21466 21149 20294 19400 18616 17762 17367 17008 16674 16670 16611 16662 16681 16689 16721 16725 16681 16616 16538 16749 16815 16907 16773 17188 17703 18028 18398 18592 19127 19489 20051 20363
22650 21960 21273 20754 20246 19933 20174 20334 20424 20527 20393 20121 20013 19742 19757 20013 20072 19944 19913 19950 19826 20033 20059 20086 20106 20086 20067 20016 19694 19814 19815 19383 19619 19865 19865 19790 19798 19840 19877 20059 20190 20389 20612 20761 21177 21439 21380 21373 20863 20203 19434 18680 18248 17646 17402 17241 17132 16714 16721 16769 16769 16705 16801 17262 17552 17699 17655 18115 18378 18718 18989 19052 19401 20079 20632 21142 21267
21353 20642 20211 20175 20141 20180 20314 20425 20584 20625 20522 20353 20191 20165 20203 20150 19957 19942 19825 19925 19975 20089 20039 19886 19665 19485 19222 19348 19472 19502 19652 19749 19765 19690 19573 19656 19657 19729 19806 19815 19688 19689 19885 20157 20382 20962 21307 21498 21474 21505 21353 20958 20572 20301 19732 19353 18879 18586 18188 17972 18075 17924 17973 18097 18246 18408 18610 19123 19264 19341 19496 20110 20858 21704 22181 22298 22077
20886 20809 20720 20785 20791 21048 21259 21414 21469 21302 21014 20884 20864 20820 20647 20453 20238 20051 19854 19711 19810 19887 19936 19981 20014 19918 19652 19496 19512 19727 19790 19774 19626 19497 19459 19507 19552 19437 19158 18949 18972 19168 19169 19349 19828 20281 20479 20796 21153 21391 21410 21442 21935 22165 22155 22049 21622 21108 20840 20760 20773 20802 21003 20771 20770 21105 21113 21361 21728 21989 22037 22281 22574 22734 22686 22478 22383
22063 22021 22231 22281 22249 22092 21960 21834 21625 21354 21150 21037 21050 20929 20718 20574 20314 20103 19827 19527 19311 19607 19772 19973 20011 19888 19654 19527 19517 19733 19879 19887 19646 19461 19358 19350 19232 19026 18815 18705 18779 18945 19059 19267 19548 19882 20016 20327 20695 20955 20971 21448 21942 22286 22457 22596 22757 22921 23046 23086 23212 23254 23266 23361 23156 23292 23397 23359 23375 23238 23137 23005 22885 22897 22919 22865 22747
22754 23003 22987 22821 22531 22105 21923 21776 21384 21022 20791 20976 20979 20733 20322 19877 19253 18987 19021 19199 19659 19919 19973 19892 19794 19547 19421 19358 19286 19387 19428 19459 19327 19052 18897 18734 18711 18659 18654 18740 18823 19128 19270 19355 19375 19514 19779 20111 20317 20403 20513 20750 21069 21549 21800 22146 22502 22910 23135 23348 23550 23692 23815 23984 24063 24032 24007 23713 23462 23446 23410 23278 23134 23074 23003 22881 22575
22865 23227 23379 23116 22596 22121 21736 21598 21283 20904 20636 20486 20181 19702 19152 18792 18514 18585 18802 19126 19452 19607 19650 19619 19665 19437 19217 19115 19033 18913 18804 18768 18636 18667 18768 18732 18766 18539 18433 18468 18484 19114 19435 19695 19761 19758 19706 19812 19968 19953 20126 20306 20527 20904 21173 21558 21966 22298 22549 22797 23027 23355 23596 23794 23902 23970 23978 23801 23785 23612 23492 23233 23017 22730 22362 21992 21557
23928 23789 23543 23235 22770 22245 21638 21381 20940 20557 20172 19877 19620 19300 19248 19126 18742 18466 18416 18554 18871 19111 19240 19306 19051 18728 18487 18512 18475 18378 18331 18397 18787 18785 18491 18426 17842 17406 17396 17431 17585 18188 18693 19481 19764 19760 19719 19634 19652 19772 20070 20275 20574 20797 21004 21347 21770 22329 22716 23063 23228 23319 23492 23663 23700 23787 23594 23132 22585 22038 21749 21761 21176 21021 20786 20576 20095
23929 23673 23155 22827 22537 22185 21671 21393 20918 20417 19976 19628 19350 19298 19292 19095 18710 18364 18228 18250 18227 18350 18455 18429 18560 18548 18540 18555 18559 18508 18516 18658 19038 19071 18739 17952 17358 17274 17310 17350 17380 17550 17997 18650 19477 19796 19806 19685 19822 20009 20274 20740 20887 20954 20955 21325 21804 22419 22808 23106 23348 23460 23605 23644 23550 23384 22858 22022 21107 20408 20057 19765 19572 19576 19464 19114 18490
23201 22567 22279 21939 21656 21564 21327 21045 20603 20267 19946 19789 19490 19206 18933 18701 18475 18278 18266 18254 18241 18262 18246 18257 18485 18614 18662 18703 18705 18704 18616 18737 18965 18970 18786 18040 17471 17191 17306 17242 17330 17587 18200 18975 19732 19937 19923 19788 19625 20004 20498 20787 20878 20777 20822 20885 21252 21782 22388 22985 23567 23742 23757 23685 23422 22843 22326 21479 20614 20078 19702 19325 18979 18699 18286 17674 17003
23476 23119 22702 22534 22179 21765 21721 21634 21502 21314 21002 20772 20467 20032 19636 19414 18993 18617 18490 18307 18285 18335 18391 18385 18414 18514 18500 18574 18654 18675 18626 18474 18584 18856 18950 18915 18646 18222 17920 17724 18112 18638 19119 19698 20031 20122 20023 20092 20174 20315 20562 20877 20888 20814 20807 20952 21151 21663 22317 23113 23708 23853 23677 23114 22463 21848 21412 20748 20116 19569 19271 19002 18305 17805 17205 16726 16232
24408 24226 24019 23685 22877 22140 21781 21801 21683 21508 21285 21311 21253 20972 20486 20056 19644 19356 19136 18862 18582 18516 18522 18537 18509 18453 18395 18336 18309 18319 18366 18384 18400 18490 18725 18822 18744 18556 18436 18459 18588 18801 19030 19414 19732 19974 20014 20059 20083 20323 20606 21084 21797 22157 22254 22353 22579 22755 23177 23783 23897 23719 23481 22996 22415 21778 21191 20234 19333 18752 18231 17741 17345 16870 16531 16349 16192
24424 24335 24189 23861 23263 22402 21693 21338 21066 21095 21222 21254 21208 20994 20768 20564 20362 20076 19765 19489 19172 18942 18718 18591 18641 18663 18562 18395 18349 18348 18344 18450 18451 18521 18672 18694 18653 18450 18426 18441 18464 18574 18647 19026 19370 19681 19779 20284 20813 21275 21583 21983 22123 22442 22783 23076 23386 23474 23536 23796 23916 23909 23893 23599 22957 22102 21334 20329 19364 18492 17862 17138 16623 16388 16302 16169 16198
24000 23851 23897 23834 23584 23212 22644 22219 21721 21335 21127 21233 21492 21643 21503 21074 20902 20903 20679 20503 20315 19982 19654 19518 19254 18771 18855 18862 18994 18847 18771 18980 18995 19117 19295 19512 19643 19680 19593 19404 19377 19620 19816 20209 20582 21002 21182 21348 21695 22109 22459 22542 22537 22705 22911 23094 23182 23304 23368 23570 23725 23673 23491 23342 22925 22255 21599 20639 19473 18529 17697 17118 16745 16354 16144 16013 15938
23279 23511 23606 23641 23711 23758 23647 23352 23049 22740 22593 22698 22752 22623 22292 21893 21733 21698 21234 21033 20961 20802 20361 20141 19842 19723 19785 19697 19694 19689 19571 19774 19981 20078 20093 19996 20111 20455 20654 20689 20744 20880 21074 21347 21671 21948 21976 22009 21973 22024 22314 22489 22572 22651 22765 22827 22908 22945 22814 22909 23262 23267 23276 23144 22948 22429 21833 20955 19866 18974 18305 17676 16937 16565 16261 16077 15980
22806 22612 22659 22968 22998 23304 23383 23167 22921 22708 22702 22809 22883 22794 22766 22720 22458 22584 22575 22535 22324 21948 21519 21236 20903 20887 20939 20945 21023 21080 21123 21068 21123 21258 21335 21312 20698 20348 20914 21523 21540 21812 21933 21873 21780 22025 22072 22236 22590 22562 22662 22680 22619 22560 22543 22548 22776 22849 22897 22990 23058 23262 23250 22993 22720 22272 21790 20873 20068 19299 18629 17793 17245 16686 16317 16083 15943
