Alternative/Moon/Lvl0_30x30/Ele_CG.asc
ncols         335
nrows         335
xllcorner     57491.657
yllcorner     -27166.958
cellsize      10000
nodata_value  -9999.0
[rows 0 to 33 of 335, columns 77 to 153 of 335]
15057 15055 15053 15054 15064 15024 15052 14997 14963 14931 14903 14887 14874 14884 14984 15016 15025 15038 15042 14976 14962 14953 14939 14929 14922 14917 14925 14932 14937 14937 14962 14987 14986 15001 15007 15009 15023 15013 14997 14983 14963 14941 14918 14890 14890 14879 14855 14834 14810 14789 14794 14787 14779 14767 14748 14738 14731 14721 14707 14689 14674 14660 14649 14651 14656 14661 14702 14741 14744 14754 14776 14882 14889 14869 14868 14872 14834
15052 15051 15049 15044 15043 15010 14994 14975 14958 14937 14909 14891 14896 14983 15061 15012 15018 15024 15020 14974 14950 14936 14931 14913 14901 14894 14889 14899 14893 14896 14910 14929 14937 14939 14962 14977 14978 14974 14964 14949 14932 14911 14895 14884 14877 14876 14852 14849 14843 14820 14802 14782 14776 14769 14748 14735 14725 14716 14703 14684 14670 14656 14640 14665 14676 14693 14710 14769 14769 14768 14791 14795 14790 14785 14765 14768 14771
15048 15036 15028 15026 15031 15003 14986 14971 14954 14935 14912 14895 14948 15084 15034 14986 15006 15001 14983 14954 14946 14934 14920 14905 14895 14887 14879 14878 14870 14871 14876 14885 14889 14885 14899 14920 14926 14934 14931 14922 14908 14905 14892 14896 14887 14888 14879 14891 14886 14873 14831 14807 14786 14765 14749 14740 14732 14734 14709 14680 14663 14650 14661 14675 14689 14702 14740 14775 14774 14768 14770 14775 14775 14770 14769 14759 14757
15039 15027 15014 15013 15007 14997 14981 14967 14949 14931 14908 14989 15015 15041 15057 14980 14986 14991 14968 14944 14928 14913 14905 14890 14887 14883 14874 14859 14844 14839 14849 14846 14848 14846 14860 14873 14886 14897 14903 14904 14893 14897 14890 14904 14910 14904 14907 14914 14925 14916 14886 14854 14817 14759 14752 14743 14733 14724 14711 14687 14661 14663 14668 14721 14754 14730 14766 14776 14743 14750 14756 14756 14760 14764 14762 14763 14764
15028 15023 15007 15000 14998 14997 14981 14969 14934 14926 14905 15085 15113 15023 14997 14959 14953 14952 14952 14931 14906 14898 14882 14871 14870 14865 14858 14848 14846 14834 14833 14833 14826 14819 14832 14839 14856 14876 14884 14890 14882 14887 14888 14903 14919 14924 14935 14947 14951 14954 14916 14879 14839 14778 14749 14740 14738 14734 14722 14707 14678 14664 14672 14699 14730 14698 14740 14750 14732 14749 14747 14757 14757 14755 14771 14775 14770
15025 15017 15004 14996 14992 14988 14975 14956 14943 14931 14985 15123 15121 15004 14958 14958 14953 14947 14943 14924 14897 14886 14876 14863 14849 14851 14855 14833 14822 14825 14800 14802 14804 14794 14802 14810 14835 14851 14860 14867 14877 14875 14886 14902 14919 14934 14964 14976 14967 14960 14940 14916 14863 14791 14743 14747 14745 14742 14733 14715 14752 14688 14678 14684 14686 14679 14727 14729 14738 14742 14750 14767 14767 14773 14777 14783 14785
15036 15039 15001 14991 14981 14973 14962 14960 14954 14942 15055 15141 15077 14989 14974 14996 14955 14955 14938 14912 14899 14884 14870 14860 14838 14838 14817 14818 14810 14793 14785 14781 14786 14792 14782 14780 14802 14822 14837 14849 14864 14863 14868 14890 14903 14923 14951 14971 14971 14968 14967 14930 14874 14808 14755 14749 14751 14746 14741 14733 14746 14697 14674 14674 14674 14684 14720 14736 14745 14742 14757 14763 14777 14789 14787 14795 14802
15023 15029 15007 14985 14970 14962 14955 14949 14947 14946 15079 15176 15039 15004 15049 15032 14973 14942 14935 14907 14900 14883 14863 14851 14829 14820 14810 14800 14798 14795 14777 14767 14759 14757 14759 14756 14758 14775 14796 14820 14821 14833 14846 14865 14884 14898 14930 14952 14955 14966 14964 14933 14880 14819 14754 14752 14756 14753 14752 14735 14728 14703 14671 14677 14684 14710 14729 14734 14737 14743 14754 14763 14789 14795 14801 14805 14813
15010 14997 14991 14982 14965 14954 14952 14949 14944 14942 15094 15167 15039 15018 15012 15002 14978 14958 14933 14912 14896 14874 14863 14854 14838 14819 14802 14788 14787 14793 14784 14768 14754 14745 14738 14732 14728 14741 14765 14780 14788 14801 14815 14839 14861 14883 14905 14928 14945 14953 14939 14928 14879 14815 14752 14760 14761 14764 14787 14757 14728 14708 14688 14701 14726 14741 14728 14730 14728 14741 14755 14761 14791 14797 14804 14813 14864
15013 14998 14978 14973 14956 14949 14937 14947 14946 14973 15111 15112 15046 15042 15033 15016 14985 14965 14931 14919 14898 14886 14866 14851 14837 14818 14801 14785 14772 14773 14769 14767 14765 14753 14738 14732 14727 14715 14727 14742 14756 14763 14785 14813 14842 14863 14879 14909 14918 14916 14918 14897 14854 14797 14752 14759 14774 14783 14787 14791 14740 14723 14698 14726 14748 14744 14715 14712 14720 14727 14737 14760 14789 14795 14801 14818 15070
15011 15000 14977 14966 14956 14949 14942 14942 14944 14983 15088 15059 15048 15044 15035 15010 14991 14960 14937 14914 14902 14888 14869 14850 14839 14817 14798 14780 14759 14759 14762 14765 14772 14760 14735 14715 14707 14698 14701 14712 14722 14730 14763 14801 14813 14826 14836 14853 14868 14875 14873 14849 14816 14778 14758 14768 14778 14789 14797 14779 14771 14751 14728 14754 14755 14741 14735 14728 14724 14725 14749 14772 14784 14790 14793 14810 15062
15007 15003 14985 14973 14957 14947 14935 14935 14941 14968 15086 15069 15046 15037 15013 14987 14963 14966 14947 14955 14929 14901 14879 14843 14819 14801 14776 14764 14744 14731 14742 14773 14799 14785 14746 14720 14719 14711 14697 14694 14695 14709 14741 14781 14783 14785 14797 14802 14816 14824 14825 14802 14769 14753 14753 14767 14782 14797 14799 14793 14797 14784 14753 14763 14756 14744 14748 14742 14737 14734 14763 14778 14786 14784 14787 14805 14842
15001 15092 15218 14981 14966 14949 14938 14932 14935 14944 15121 15087 15027 15017 15000 14981 14958 14944 14939 14942 14936 14925 14900 14868 14833 14799 14778 14748 14729 14733 14734 14748 14805 14784 14735 14726 14719 14728 14713 14693 14681 14682 14698 14726 14732 14737 14755 14766 14774 14772 14768 14761 14764 14764 14753 14777 14787 14797 14812 14803 14799 14787 14758 14759 14757 14751 14749 14746 14746 14753 14768 14778 14789 14789 14782 14803 14833
15077 15513 15312 14977 14963 14967 14941 14945 14930 14984 15124 15069 15019 15011 14996 14986 14973 14976 14974 14950 14934 14918 14898 14873 14837 14807 14772 14744 14733 14736 14736 14732 14723 14723 14716 14707 14717 14725 14753 14714 14703 14690 14692 14699 14705 14715 14724 14737 14740 14750 14758 14764 14806 14789 14741 14760 14785 14804 14824 14823 14816 14797 14775 14762 14760 14767 14754 14755 14755 14759 14761 14762 14784 14785 14797 14812 14832
15758 15593 15490 14965 14961 15051 15128 14977 14946 15012 15085 15038 15005 14992 14988 14991 14987 14981 14979 14961 14942 14929 14903 14879 14833 14809 14767 14752 14742 14735 14740 14732 14720 14717 14708 14708 14707 14725 14725 14728 14731 14746 14716 14702 14705 14709 14723 14736 14746 14761 14757 14760 14749 14739 14771 14775 14800 14815 14837 14846 14834 14817 14783 14771 14768 14765 14759 14764 14755 14757 14754 14758 14781 14789 14799 14820 14852
15788 15725 16421 15763 14991 15056 15008 14955 14991 15021 15019 15028 14985 14973 14978 14997 14997 14980 14972 14961 14948 14936 14915 14889 14839 14808 14786 14776 14750 14753 14748 14740 14745 14731 14713 14709 14709 14711 14732 14739 14748 14762 14715 14714 14715 14721 14742 14758 14761 14779 14761 14765 14752 14764 14764 14792 14811 14828 14844 14854 14853 14833 14796 14782 14774 14770 14762 14758 14758 14767 14765 14776 14791 14800 14809 14841 14881
15082 15615 16801 16340 15603 15379 15178 15045 15005 15015 14994 15003 14992 14961 14968 15002 15001 14975 14968 14961 14950 14939 14915 14887 14849 14821 14795 14779 14769 14765 14756 14743 14760 14721 14708 14709 14703 14714 14730 14727 14722 14721 14722 14725 14727 14734 14754 14768 14779 14789 14774 14765 14756 14775 14787 14799 14825 14846 14855 14855 14876 14848 14808 14785 14779 14775 14765 14771 14775 14773 14776 14789 14804 14804 14824 14860 14909
15012 15008 15320 15537 15919 16105 16004 16045 15835 15078 15000 14958 14947 14935 14978 15020 15029 14978 14965 14957 14955 14955 14936 14908 14866 14836 14811 14788 14777 14778 14768 14749 14735 14726 14707 14711 14704 14716 14724 14723 14718 14719 14715 14721 14727 14735 14745 14776 14789 14785 14761 14763 14775 14775 14787 14813 14838 14840 14846 14860 14883 14863 14800 14791 14791 14792 14787 14792 14792 14788 14792 14809 14821 14837 14865 14902 14946
15019 15007 14982 14952 14939 15255 15438 15387 15656 15091 14999 14946 14917 14901 14978 15047 15037 14986 14965 14951 14954 14950 14944 14925 14888 14862 14829 14805 14796 14779 14765 14754 14741 14716 14705 14715 14709 14719 14730 14725 14722 14725 14724 14724 14730 14744 14758 14774 14775 14770 14763 14775 14789 14790 14800 14821 14829 14845 14853 14870 14893 14868 14812 14801 14804 14803 14808 14808 14811 14817 14816 14834 14845 14875 14901 14943 14985
15026 15012 14983 14943 14922 14906 14895 14975 15002 14996 14977 14926 14891 14892 14943 15075 15071 14991 14959 14957 14959 14958 14953 14939 14905 14876 14853 14838 14804 14783 14758 14751 14737 14726 14701 14713 14705 14716 14712 14712 14720 14726 14733 14734 14741 14737 14750 14760 14762 14758 14767 14777 14785 14794 14802 14825 14840 14846 14862 14894 14906 14872 14831 14817 14819 14819 14822 14820 14830 14833 14834 14851 14873 14902 14933 14967 15002
15022 15020 14982 14939 14908 14899 14889 14968 14986 14978 14950 14903 14883 14874 14943 15076 15080 14981 14962 14966 14972 14972 14964 14941 14914 14898 14876 14854 14817 14791 14752 14733 14718 14711 14698 14729 14716 14712 14711 14714 14722 14731 14730 14732 14740 14738 14744 14750 14743 14742 14752 14765 14772 14786 14802 14827 14833 14839 14855 14896 14910 14877 14848 14828 14827 14825 14829 14833 14841 14850 14852 14864 14885 14906 14944 14974 15005
15176 14988 14959 14932 14920 14907 14895 14972 14982 14970 14926 14883 14866 14868 14928 15045 15096 15017 14999 14998 14991 14993 14983 14953 14937 14919 14902 14867 14837 14802 14757 14728 14715 14719 14711 14708 14725 14749 14727 14724 14727 14733 14732 14725 14725 14731 14742 14734 14730 14728 14742 14762 14783 14794 14800 14831 14860 14860 14869 14908 14904 14887 14861 14836 14829 14827 14826 14839 14850 14854 14864 14870 14887 14903 14948 14979 15019
15258 15338 14959 14931 14916 14911 14902 14969 14981 14945 14925 14905 14897 14888 14891 15003 15085 15064 15022 15020 15023 15026 15022 14996 14969 14949 14924 14894 14864 14831 14787 14756 14733 14727 14729 14722 14715 14724 14728 14728 14733 14741 14738 14727 14729 14730 14722 14731 14781 14769 14746 14761 14783 14801 14812 14835 14860 14875 14900 14917 14906 14902 14872 14838 14833 14831 14829 14833 14842 14851 14862 14875 14889 14902 14930 14987 15036
14991 15077 14936 14922 14913 14905 14897 14941 14962 14940 14921 14910 14900 14896 14884 14974 15083 15075 15058 15023 15015 15020 15021 15009 14993 14968 14927 14907 14875 14847 14809 14778 14758 14739 14731 14738 14737 14730 14734 14733 14729 14730 14726 14731 14736 14728 14719 14792 14892 14848 14746 14759 14778 14796 14821 14851 14876 14893 14915 14923 14921 14920 14888 14851 14847 14843 14827 14827 14830 14842 14858 14877 14886 14900 14930 14993 15039
14962 14956 14942 14928 14919 14911 14898 14904 14962 14949 14964 14937 14907 14896 14907 14987 15060 15084 15084 15026 15028 15032 15030 15019 14989 14969 14942 14909 14882 14865 14825 14787 14757 14748 14748 14747 14747 14750 14745 14729 14725 14726 14723 14718 14723 14723 14729 14737 14799 14806 14747 14758 14778 14817 14829 14878 14896 14908 14930 14938 14944 14941 14887 14852 14840 14844 14826 14834 14834 14838 14859 14874 14889 14904 14934 14985 15038
15091 15151 14943 14925 14919 14910 14906 14889 14916 14944 14969 14952 14921 14923 14963 15045 15115 15082 15056 15029 15043 15063 15069 15039 14990 14963 14937 14903 14869 14848 14824 14802 14773 14761 14767 14769 14775 14763 14746 14734 14725 14717 14715 14709 14720 14727 14733 14731 14740 14747 14755 14770 14793 14831 14870 14916 14932 14932 14939 14944 14946 14938 14880 14856 14842 14838 14833 14835 14830 14844 14864 14882 14897 14919 14939 14980 15026
14952 14953 14930 14923 14916 14902 14896 14896 14982 15006 14979 14945 14940 14941 14963 15078 15138 15072 15011 15006 15033 15045 15043 15037 14998 14954 14924 14875 14842 14835 14809 14808 14770 14768 14774 14770 14769 14765 14758 14734 14724 14721 14718 14712 14732 14734 14741 14745 14752 14768 14781 14801 14823 14871 14910 14942 14945 14951 14938 14939 14934 14918 14876 14859 14845 14839 14841 14832 14833 14845 14862 14881 14902 14923 14949 14980 15016
14977 14968 14943 14919 14906 14903 14892 14920 15001 14999 14976 14952 14955 14954 14992 15118 15149 15052 14995 14983 15003 15016 15019 15015 14989 14955 14898 14844 14829 14802 14783 14781 14765 14772 14771 14767 14765 14769 14762 14750 14736 14727 14728 14729 14728 14740 14751 14757 14764 14783 14798 14817 14862 14892 14922 14942 14940 14927 14921 14920 14911 14889 14873 14854 14851 14842 14842 14835 14836 14848 14867 14889 14908 14927 14950 14979 15016
15012 14970 15068 15655 15685 14992 14909 14936 14983 14991 14958 14952 14959 14962 15040 15115 15115 15043 14984 14972 14980 14992 14997 14986 14965 14939 14893 14840 14808 14782 14755 14753 14755 14762 14767 14765 14763 14775 14762 14757 14753 14738 14743 14730 14734 14734 14747 14774 14785 14796 14806 14844 14881 14915 14924 14931 14909 14900 14905 14901 14891 14875 14872 14864 14859 14850 14849 14844 14851 14850 14870 14889 14915 14933 14958 14984 15033
15086 15036 15369 15976 15901 15153 15020 14961 14980 14985 14968 14955 14951 15009 15066 15099 15082 15017 14975 14959 14960 14959 14967 14968 14975 14972 14908 14845 14799 14770 14739 14739 14747 14758 14763 14764 14767 14765 14760 14762 14760 14755 14749 14746 14734 14731 14746 14774 14786 14795 14819 14859 14894 14915 14919 14925 14908 14904 14892 14892 14889 14884 14878 14873 14862 14853 14854 14850 14861 14858 14876 14894 14926 14936 14962 14986 15017
15448 15327 16048 15645 15247 15135 14959 14996 15046 15040 15032 15000 14972 15065 15075 15075 15031 14996 14967 14952 14946 14939 14934 14952 14981 14988 14921 14846 14803 14769 14742 14739 14746 14756 14760 14761 14761 14761 14766 14768 14771 14770 14763 14752 14728 14735 14749 14767 14868 14790 14816 14855 14877 14899 14935 14944 14928 14902 14899 14901 14889 14886 14889 14885 14881 14869 14872 14873 14934 14941 14888 14909 14924 14940 14960 14997 15035
15468 15610 15599 15212 15176 15112 14973 15013 15057 15044 15039 15041 15054 15094 15113 15054 15032 15000 14963 14941 14929 14920 14917 14918 14920 14925 14903 14845 14805 14767 14746 14745 14745 14745 14759 14766 14761 14769 14770 14774 14775 14788 14792 14763 14742 14736 14740 14760 14772 14771 14803 14849 14862 14896 14944 14962 14950 14913 14913 14917 14921 14908 14913 14903 14898 14897 14898 14902 14923 14913 14919 14923 14934 14947 14971 15005 15054
16260 16171 15971 15290 15077 15009 14968 15072 15081 15048 15054 15052 15100 15115 15110 15055 15034 14997 14968 14938 14922 14908 14911 14909 14906 14900 14891 14843 14798 14766 14739 14739 14740 14742 14753 14760 14765 14772 14772 14778 14780 14784 14784 14781 14763 14750 14755 14751 14749 14760 14797 14840 14886 14933 14962 14965 14953 14920 14919 14924 14932 14932 14923 14925 14920 14920 14924 14927 14926 14933 14948 14955 14953 14960 14988 15021 15081
17345 16720 16577 16292 15747 15258 14991 15608 16069 16192 15950 15829 15242 15095 15076 15070 15040 15018 14975 14946 14925 14915 14898 14903 14893 14886 14883 14840 14794 14762 14727 14736 14735 14735 14747 14760 14765 14771 14781 14789 14787 14788 14785 14785 14777 14757 14754 14751 14744 14751 14781 14843 14893 14970 14999 14977 14956 14949 14958 14955 14961 14950 14943 14943 14941 14940 14949 14962 14959 14964 14982 14981 14979 14983 15018 15066 15087
