Alternative/Moon/Lvl0_30x30/Ele_BG.asc
ncols         335
nrows         335
xllcorner     57491.657
yllcorner     3322833.042
cellsize      10000
nodata_value  -9999.0
[rows 0 to 33 of 335, columns 0 to 76 of 335]
15036 15024 15020 15009 15000 14993 14984 14965 14949 14945 14925 14914 14895 14871 14860 14848 14839 14817 14805 14792 14809 14892 14913 14917 14900 14886 14873 14865 14865 14897 15010 15016 14904 14919 14933 15006 15171 15202 15413 15440 15161 15150 15354 15560 15674 15556 15698 15780 15725 15727 15874 16077 16269 15982 15793 15756 15712 15733 15841 15879 16282 16132 15873 15877 15916 15971 16008 16032 16004 15961 15953 15988 16012 16134 16199 16102 16057
15039 15027 15018 15028 15019 15003 14985 14968 14958 14950 14935 14915 14906 14906 14902 14907 14894 14869 14833 14821 14846 14899 14922 14918 14901 14911 14892 14866 14866 14866 14898 14892 14899 14912 14921 14921 14952 15076 15111 15098 15119 15163 15269 15458 15728 15830 15849 15712 15908 16135 16116 16245 16407 16187 15938 15915 15699 15668 15720 15738 15762 15875 15751 15742 15790 15784 15819 15907 15979 15885 15999 15979 15979 15967 16046 16030 16076
15058 15046 15044 15027 15021 15024 14995 14987 15015 15049 15070 15072 15061 15040 15004 14957 14964 14980 15001 14991 15001 14984 14932 14943 14941 14927 14922 14904 14908 14895 14911 14907 14895 14926 14939 14929 14929 14971 15004 15039 15073 15223 15190 15189 15272 15629 15818 16348 16809 16677 16534 16277 16391 16365 16062 16007 15934 15672 15688 15707 15654 15684 15707 15701 15767 15799 15801 15775 15782 15880 15895 15907 16000 15960 15998 15951 16012
15161 15171 15086 15073 15076 15088 15123 15148 15153 15149 15162 15186 15188 15096 15095 15067 15060 15037 15036 15001 15005 14996 14998 14976 14946 14932 14918 14898 14906 14922 14921 14923 14918 14909 14909 14929 14955 14970 14988 15003 15073 15081 15298 15397 15414 15564 15738 16060 16795 16806 16673 16342 16146 16188 15924 15966 15995 15754 15844 15859 15605 15602 15718 15701 15675 15752 15667 15630 15712 15819 15861 15851 15846 15832 15854 15930 15961
15196 15213 15246 15245 15254 15251 15236 15205 15184 15169 15155 15136 15075 15040 15033 15030 15012 14998 14981 15007 15027 15002 15001 15005 15110 15116 15277 15251 14973 14917 14927 14954 14964 14953 15029 15110 15152 15089 15053 15009 15232 15334 15498 15612 15652 15696 15700 15700 15988 16190 16279 15981 15752 15746 15726 15754 15669 15621 15621 15609 15531 15559 15532 15542 15575 15620 16039 16249 16224 16108 16107 15872 15889 15825 15843 15899 16037
15244 15281 15295 15298 15298 15287 15269 15225 15181 15146 15120 15121 15084 15052 15032 15027 15023 15012 15010 15021 15047 15054 15085 15101 15077 15072 15149 15119 15054 14986 14937 14960 14961 14965 15059 15205 15215 15114 15232 15401 15488 15695 15739 15639 15778 15792 15841 15980 16077 16254 16363 16382 16407 16267 16062 15950 15877 15896 15808 15754 15553 15566 15592 15648 15639 15516 16228 16634 16572 16266 16202 15881 15871 16204 16334 16288 16073
15191 15284 15306 15309 15304 15270 15240 15240 15254 15235 15192 15156 15103 15069 15051 15042 15041 15031 15023 15023 15037 15065 15067 15078 15054 15013 15009 15026 15066 15086 15077 15060 15069 15068 15094 15134 15083 15125 15514 15611 15699 15906 16100 16116 16377 16582 16679 16744 16775 16787 16906 16864 16864 16934 16971 16839 16664 16374 16307 16403 16178 15863 16001 16418 16711 16719 16554 16205 16152 16167 16011 15926 15789 16192 16453 16479 16211
15252 15182 15156 15164 15198 15228 15236 15231 15189 15152 15143 15120 15109 15107 15107 15089 15062 15050 15037 15038 15038 15036 15024 15017 15025 15022 15000 14990 15043 15049 15067 15095 15102 15439 15597 15665 15270 15383 15588 15759 15984 16240 16564 16540 16638 16680 16549 16195 15709 15304 15082 15205 15645 16207 16728 16949 17031 17063 17221 17088 16667 16473 16280 16527 16734 16845 16725 16328 16122 16101 15994 15556 15568 15504 15650 15632 15519
15157 15185 15196 15209 15199 15232 15248 15245 15231 15203 15182 15164 15150 15141 15135 15121 15094 15060 15046 15052 15046 15044 15054 15057 15043 15025 14998 14987 14977 14959 14962 15030 15173 15566 15692 15541 15304 15512 15792 15876 15962 16288 16355 16136 15293 14552 14015 13499 13023 12568 12362 12397 12733 13133 13624 14093 14940 15936 17106 17197 17023 16764 16383 16090 16153 16349 16471 16320 15797 15877 15907 15653 15465 15470 15460 15452 15452
15017 15100 15130 15163 15174 15202 15214 15223 15227 15215 15193 15172 15160 15166 15163 15165 15154 15136 15098 15070 15046 15040 15046 15063 15052 15051 15038 15026 15016 14990 14982 15031 15464 16024 15992 15494 15406 15640 15728 16088 16020 15333 14615 14307 14068 13814 13134 12952 12428 12014 11786 11670 11773 12306 12769 12897 13295 14355 16103 17065 17145 16845 16449 16118 15914 15782 15835 16002 16022 15941 15790 15894 15901 15938 15624 15431 15507
14941 14985 15030 15072 15107 15125 15136 15142 15152 15164 15154 15154 15149 15149 15166 15176 15173 15175 15172 15137 15114 15100 15066 15056 15053 15079 15068 15065 15077 15078 15086 15106 15590 16103 15996 15977 15767 15883 16386 16128 15273 14205 14193 13836 13325 13036 12507 11913 11697 11588 11551 11406 11369 11449 12052 12680 13029 13283 14718 15866 17342 17200 16959 16664 16288 15961 15924 16162 16253 16105 16026 15938 15871 15834 15720 15297 15237
14883 14907 14952 14989 15015 15031 15044 15042 15088 15083 15103 15109 15114 15121 15136 15140 15137 15152 15169 15152 15143 15113 15115 15097 15070 15080 15109 15103 15083 15101 15105 15116 15445 16288 16344 16153 15911 15943 16451 16159 14730 14266 13818 13400 12632 12564 11787 11703 11703 11976 12109 11954 12155 11773 11401 11620 12098 12827 14132 15353 17058 17216 16964 16658 16490 16029 15949 16324 16438 16364 16200 16014 15397 15065 15084 15105 15082
14842 14866 14895 14916 14935 14953 14976 14973 14992 15024 15035 15054 15073 15104 15108 15115 15120 15113 15118 15124 15130 15120 15096 15073 15057 15043 15051 15064 15092 15107 15136 15215 15365 15932 16009 15829 15662 15814 16418 16383 15216 14408 14034 13515 12705 12073 11864 11755 11672 11829 12285 12558 12763 12327 11632 11602 12010 12801 14244 15591 17169 17193 16992 16763 16405 15900 16024 16335 16631 16497 16031 15735 15065 15115 15081 15082 15156
14808 14829 14863 14880 14910 14907 14921 14934 14953 14976 14994 15009 15021 15043 15054 15062 15071 15077 15083 15091 15092 15094 15086 15059 15035 15032 15047 15040 15072 15107 15187 15255 15282 15307 15311 15279 15505 15766 16252 16503 16243 15114 14413 13925 13466 12652 12026 11812 11739 11819 11949 11749 11794 11805 11822 11966 12339 12944 14105 15522 16959 17129 16951 16732 16260 16044 15806 15649 15778 15737 15226 15055 15026 15031 15043 15080 15149
14780 14786 14812 14835 14851 14873 14878 14884 14905 14936 14953 14968 14982 14998 15010 15027 15036 15057 15057 15068 15083 15086 15086 15084 15060 15049 15066 15061 15068 15095 15190 15286 15297 15207 15243 15250 15372 15621 15940 16411 16731 16747 15811 14658 13863 13094 12893 12756 12528 12394 12256 12025 11842 12219 13071 13396 13595 14249 15557 16871 17002 17145 17066 16754 16122 15676 15434 15228 15177 15153 15032 14977 14972 14964 14974 15002 15053
14743 14744 14772 14788 14807 14831 14831 14829 14856 14885 14910 14925 14931 14952 14969 14993 15004 15011 15034 15049 15058 15058 15082 15078 15064 15048 15041 15032 15040 15079 15116 15171 15177 15160 15203 15169 15353 15458 15687 16113 16501 16717 16716 16337 15154 14047 13450 13440 13372 13404 13443 13239 12811 12985 13821 14447 14625 15609 17060 17158 16790 16556 16528 16127 15501 15247 15142 15116 15178 15156 15123 15061 14885 14984 14953 14983 15125
14704 14702 14714 14725 14753 14816 14812 14807 14825 14839 14853 14860 14883 14906 14936 14939 14943 14967 14994 14997 15011 15018 15026 15032 15034 15024 15026 15023 14997 14996 15065 15079 15115 15202 15186 15229 15255 15301 15350 15765 16193 16362 16613 16633 16590 16467 16008 15310 14566 14382 14239 14280 14301 14346 14405 14464 15560 16174 16822 16771 16219 15983 15889 15713 15432 15188 15014 15036 15209 15393 15199 15005 14878 14983 14923 14833 15087
14672 14676 14699 14700 14715 14754 14752 14764 14787 14820 14834 14847 14852 14864 14890 14889 14913 14931 14945 14957 14960 14960 14981 14985 14987 14989 14985 14981 14973 15006 15022 15039 15078 15138 15135 15186 15284 15300 15250 15358 15557 15804 16139 16326 16370 16402 16520 16575 16509 16547 16509 16539 16472 16197 15937 15873 16207 16292 16170 15941 15780 15801 15799 15586 15412 15104 15019 15020 14941 14980 14933 14914 14845 14806 14818 14833 14797
14638 14641 14660 14664 14692 14724 14725 14744 14791 14825 14818 14822 14819 14823 14827 14841 14851 14863 14895 14900 14913 14916 14925 14930 14937 14943 14956 14964 14964 14975 14983 14991 15034 15033 15065 15070 15132 15172 15141 15192 15282 15396 15507 15697 15886 16060 16423 16565 16466 16462 16607 16628 16587 16448 16305 16049 15889 15866 15854 15703 15654 15554 15289 15171 15292 14998 14882 14864 14849 14845 14844 14786 14780 14735 14770 14799 14801
14827 14777 14728 14738 14754 14773 14781 14783 14789 14792 14798 14778 14776 14777 14788 14793 14806 14816 14829 14837 14847 14866 14869 14879 14888 14913 14933 14965 14959 14933 14922 14940 14938 14970 14961 14989 15041 15063 15067 15119 15129 15298 15303 15403 15425 15468 15615 15810 15992 16186 16134 16012 15866 15801 15707 15587 15467 15412 15323 15263 15253 15167 15046 15032 14962 14902 14880 14862 14818 14789 14793 14779 14755 14737 14769 14754 14750
14875 14883 14903 14904 14932 14951 14902 14917 14906 14810 14796 14804 14802 14773 14754 14765 14784 14790 14794 14791 14797 14806 14834 14846 14881 14930 14930 14933 14920 14893 14881 14888 14884 14883 14913 14927 14975 14967 15022 15134 15120 15138 15144 15237 15279 15301 15338 15363 15386 15390 15478 15476 15487 15463 15476 15397 15313 15241 15049 15043 15046 14986 14992 14883 14849 14826 14790 14804 14831 14783 14806 14803 14803 14784 14763 14767 14715
14827 14836 14850 14888 14924 14950 14938 14937 14941 14911 14876 14841 14842 14935 14959 14936 14920 14860 14831 14823 14834 14816 14804 14820 14867 14880 14901 14895 14894 14874 14857 14853 14865 14900 14889 14919 14941 14933 14997 15021 15022 15059 15160 15152 15179 15177 15173 15279 15285 15256 15155 15090 15152 15175 15218 15140 15131 15048 14983 14989 15004 14951 14910 14850 14794 14756 14741 14758 14779 14813 14793 14786 14894 14796 14750 14739 14699
14773 14797 14815 14832 14841 14851 14902 14987 15019 15018 15009 15018 14989 14963 14968 14966 15019 15032 15087 15073 15031 14997 14961 14925 14891 14869 14869 14860 14852 14840 14831 14857 14880 14886 14889 14891 14892 14950 14976 14972 14962 14980 14969 15036 15048 15062 15080 15084 15084 15026 15042 15065 15133 15095 15059 15074 15056 15037 15004 14932 14913 14891 14824 14820 14782 14736 14701 14690 14711 14749 14761 14783 14697 14693 14709 14704 14701
14755 14770 14781 14775 14788 14836 14858 14849 14866 14875 14903 14907 14916 14921 14924 14965 15021 15025 15090 15161 15119 15115 15135 15109 14968 14874 14836 14812 14852 14884 14881 14866 14854 14896 14876 14868 14884 14903 14923 14915 14922 14929 14956 14971 14978 14963 14993 14999 14952 14950 14963 14980 14985 14997 14987 14972 14995 14987 14931 14905 14882 14923 14878 14842 14775 14803 14970 14832 14711 14690 14714 14718 14722 14706 14715 14707 14702
14810 14826 14799 14809 14806 14821 14792 14782 14795 14819 14831 14832 14849 14855 14861 14861 14874 14898 14877 14891 14922 15101 15157 15149 15110 15030 14978 14985 14950 14924 14833 14849 14838 14831 14856 14860 14888 14906 14885 14875 14880 14870 14884 14899 14926 14960 14976 14944 14914 14895 14892 14902 14918 14935 14925 14917 14919 14909 14893 14885 14880 14866 14893 14895 14839 15012 15148 14897 14720 14697 14705 14688 14708 14712 14716 14693 14798
14813 14846 14812 14779 14784 14762 14768 14772 14776 14782 14785 14794 14818 14826 14830 14825 14832 14846 14847 14860 14878 14943 15003 15102 15105 15033 14980 14987 15002 14973 14949 14829 14828 14831 14846 14855 14865 14863 14864 14866 14879 14888 14889 14884 14905 14943 14937 14928 14907 14891 14868 14858 15057 15021 15069 15024 14890 14888 14884 14880 14879 14878 14899 14899 14897 14916 14838 14744 14689 14691 14704 14696 14687 14681 14673 14681 14675
14722 14730 14748 14766 14749 14747 14751 14756 14759 14759 14761 14764 14759 14765 14783 14790 14793 14786 14789 14806 14819 14850 14880 14900 14969 15022 15024 15001 15005 15001 15012 14983 14986 14956 14920 14898 14875 14847 14853 14863 14877 14883 14878 14895 14920 14932 14944 14902 14868 14849 14834 14847 15070 14994 15048 15011 14868 14865 14863 14860 14858 14862 14880 14875 14890 14881 14783 14733 14698 14674 14686 14712 14712 14662 14644 14638 14646
14706 14715 14708 14747 14740 14742 14746 14747 14752 14750 14747 14737 14739 14735 14724 14723 14742 14758 14764 14762 14770 14789 14807 14813 14840 14892 14924 14922 14889 14858 14940 14982 15028 15020 14990 14985 14991 15031 15015 14904 14893 14885 14871 14882 14916 14896 14895 14850 14841 14844 14831 14826 14838 14867 14876 14861 14839 14842 14846 14844 14842 14842 14852 14863 14885 14871 14818 14765 14722 14697 14682 14694 14640 14630 14626 14610 14615
14715 14697 14695 14698 14717 14729 14729 14722 14716 14716 14709 14711 14721 14720 14718 14706 14701 14705 14711 14714 14733 14744 14825 14869 14871 14801 14796 14804 14813 14819 14832 14840 14845 14854 14875 14909 14967 15005 15042 15049 15008 14923 14888 14884 14884 14864 14841 14830 14832 14828 14825 14811 14805 14805 14814 14822 14825 14828 14834 14838 14835 14831 14828 14849 14859 14871 14868 14841 14795 14762 14725 14703 14678 14656 14633 14614 14600
14724 14705 14703 14699 14683 14680 14683 14694 14690 14686 14686 14680 14688 14697 14679 14680 14683 14686 14689 14682 14703 14741 14845 14807 14822 14762 14752 14761 14783 14793 14774 14755 14771 14759 14765 14769 14776 14816 14925 15000 15019 14940 14919 14911 14882 14843 14815 14808 14808 14795 14806 14802 14811 14802 14801 14812 14810 14813 14812 14817 14817 14821 14826 14841 14851 14868 14872 14850 14804 14781 14719 14707 14669 14646 14635 14615 14592
14721 14713 14701 14697 14683 14672 14665 14656 14650 14657 14673 14646 14645 14654 14652 14637 14642 14650 14668 14654 14648 14663 14712 14712 14746 14762 14765 14785 14797 14756 14736 14721 14721 14734 14743 14762 14757 14755 14783 14802 14863 14856 14871 14877 14893 14878 14881 14834 14825 14814 14798 14805 14819 14817 14826 14823 14818 14815 14812 14813 14815 14814 14813 14817 14826 14829 14820 14812 14789 14740 14716 14696 14674 14679 14635 14609 14589
14686 14683 14674 14685 14686 14667 14656 14649 14626 14620 14606 14615 14616 14610 14608 14605 14620 14630 14638 14671 14677 14641 14655 14643 14673 14690 14714 14757 14812 14815 14806 14795 14812 14802 14768 14771 14786 14761 14754 14759 14737 14787 14802 14806 14829 14845 14839 14841 14840 14810 14797 14799 14808 14822 14846 14857 14865 14855 14850 14840 14825 14821 14815 14821 14824 14823 14825 14821 14809 14790 14760 14722 14691 14668 14650 14652 14634
14643 14655 14643 14639 14641 14624 14643 14642 14635 14617 14602 14581 14584 14585 14586 14587 14599 14597 14619 14630 14697 14706 14643 14636 14634 14644 14647 14634 14670 14693 14700 14717 14764 14843 14856 14907 14919 14801 14765 14753 14726 14724 14706 14740 14769 14769 14786 14792 14799 14799 14791 14792 14794 14814 14845 14862 14869 14871 14866 14858 14849 14836 14853 14869 14855 14843 14829 14820 14815 14800 14778 14760 14734 14700 14671 14658 14649
14617 14612 14616 14618 14615 14619 14596 14594 14601 14608 14599 14590 14576 14555 14553 14555 14561 14581 14594 14603 14623 14609 14607 14617 14593 14586 14586 14601 14621 14645 14681 14683 14758 14819 14854 14919 14970 14943 14952 14988 14900 14813 14697 14689 14715 14733 14738 14767 14770 14785 14779 14782 14782 14790 14801 14835 14859 14870 14861 14857 14850 14841 14857 14868 14858 14845 14837 14849 14831 14834 14848 14801 14741 14715 14713 14679 14668
