Alternative/Moon/Lvl0_30x30/Ele_AE.asc
ncols         335
nrows         335
xllcorner     -6642508.343
yllcorner     6672833.042
cellsize      10000
nodata_value  -9999.0
[rows 204 to 237 of 335, columns 0 to 76 of 335]
18579 18620 18620 18601 18585 18599 18585 18562 18560 18578 18576 18593 18584 18573 18535 18534 18515 18526 18543 18540 18485 18486 18468 18497 18492 18490 18481 18459 18411 18401 18404 18397 18455 18443 18408 18405 18388 18393 18387 18376 18401 18395 18411 18373 18402 18385 18401 18399 18283 18354 18407 18406 18304 18316 18313 18325 18277 18238 18243 18320 18272 18278 18198 18189 18203 18255 18255 18196 18246 18199 18160 18187 18194 18132 18121 18230 18267
18583 18557 18569 18585 18553 18562 18570 18560 18565 18581 18580 18605 18580 18563 18561 18566 18580 18522 18573 18585 18428 18526 18513 18511 18540 18545 18515 18452 18450 18455 18500 18413 18460 18442 18426 18374 18421 18449 18382 18371 18410 18444 18402 18507 18487 18464 18419 18389 18432 18444 18370 18338 18405 18417 18405 18341 18330 18386 18420 18409 18406 18352 18318 18270 18221 18294 18263 18250 18297 18268 18263 18268 18320 18275 18249 18268 18237
18566 18604 18637 18647 18579 18565 18560 18561 18578 18645 18643 18604 18576 18590 18615 18563 18590 18579 18594 18585 18438 18515 18637 18584 18549 18538 18510 18501 18497 18520 18478 18463 18477 18461 18444 18464 18471 18463 18437 18465 18485 18428 18491 18583 18608 18575 18662 18749 18614 18507 18468 18465 18451 18484 18497 18435 18391 18377 18462 18425 18445 18383 18383 18337 18320 18312 18256 18280 18303 18301 18398 18425 18540 18608 18602 18590 18675
18739 18710 18563 18462 18494 18527 18566 18611 18607 18634 18654 18663 18603 18578 18622 18642 18625 18584 18606 18608 18614 18667 18750 18708 18666 18671 18663 18570 18556 18544 18532 18614 18622 18580 18610 18602 18530 18552 18466 18475 18527 18531 18571 18680 18739 18726 18664 18626 18467 18492 18560 18516 18487 18474 18430 18364 18368 18445 18447 18446 18444 18354 18355 18390 18366 18350 18315 18357 18372 18392 18392 18420 18386 18462 18453 18699 18780
18533 18517 18543 18462 18475 18488 18599 18602 18601 18632 18657 18625 18617 18588 18582 18619 18627 18607 18600 18624 18627 18682 18816 18830 18694 18559 18775 18681 18655 18634 18531 18614 18641 18646 18624 18565 18666 18706 18712 18663 18592 18586 18569 18583 18613 18593 18643 18626 18694 18705 18646 18558 18469 18448 18411 18408 18432 18470 18424 18512 18519 18525 18397 18386 18390 18393 18407 18514 18510 18449 18363 18351 18381 18378 18426 18475 18587
18540 18555 18563 18605 18660 18585 18538 18594 18577 18596 18601 18564 18594 18585 18566 18575 18581 18592 18590 18644 18669 18698 18758 18721 18523 18417 18517 18639 18689 18680 18631 18602 18586 18633 18638 18603 18663 18767 18857 18850 18718 18718 18740 18676 18616 18607 18614 18656 18702 18691 18679 18701 18667 18571 18419 18586 18627 18591 18509 18555 18682 18663 18570 18489 18411 18445 18508 18615 18598 18497 18604 18608 18619 18625 18487 18510 18577
18824 18903 18954 18932 18765 18592 18490 18477 18556 18572 18577 18548 18635 18687 18740 18686 18709 18715 18727 18729 18719 18752 18756 18643 18756 18844 18789 18816 18955 19086 19128 19113 19071 18894 18765 18797 18844 18913 19064 19058 18892 18760 18761 18754 18737 18725 18727 18774 18838 18841 18831 18914 18928 18898 18818 18887 18899 18690 18636 18769 18706 18683 18726 18726 18696 18636 18655 18765 18878 18845 18786 18849 18841 18700 18660 18637 18678
19294 19284 19156 19037 18937 18829 18592 18450 18452 18531 18644 18770 19084 19298 19313 19237 19248 19376 19391 19456 19434 19442 19537 19636 19693 19696 19602 19465 19380 19350 19238 19151 19044 18959 18925 19065 19125 19145 19111 19334 19340 19196 19006 18752 18682 18690 18795 18948 19061 19089 19103 19129 19181 19189 19170 19279 19340 19303 19031 18908 18888 18833 18766 18810 18803 18855 18952 19005 19000 18868 18789 18881 18925 18875 18814 18770 18814
19271 19288 19358 19442 19446 19380 19267 19105 19093 19157 19389 19514 19650 19614 19473 19466 19568 19701 19929 19937 19923 19888 19805 19841 19900 19872 19799 19683 19417 19220 18961 18812 18825 18843 18952 19280 19392 19354 19196 19374 19407 19407 19430 19510 19496 19435 19356 19423 19439 19394 19252 19223 19301 19337 19412 19716 19770 19772 19618 19509 19273 19068 18664 18690 18786 18823 18877 18833 18870 18876 19168 19253 19256 19213 19177 19144 19161
18818 18979 19165 19308 19435 19480 19420 19356 19435 19618 19696 19795 20014 20211 20418 20392 20298 20261 19981 19952 19803 19489 19456 19376 19291 19181 19025 18939 18852 18809 18758 18791 18812 18821 18843 18901 19127 19349 19558 19723 19902 19870 19770 19851 19647 19607 19590 19570 19697 19683 19657 19718 19765 19896 19963 20161 20266 20295 20268 20195 20089 19790 19446 19291 19213 19043 19073 19183 19196 19177 19197 19508 19639 19683 19720 19720 19772
18908 18891 18889 18863 19086 19243 19366 19444 19615 19789 19924 20094 20160 20246 20345 20409 20301 20094 19726 19235 18908 18702 18669 18641 18694 18665 18668 18679 18673 18682 18716 18738 18725 18753 18765 18814 18828 18898 19288 19726 20135 20294 20304 20299 20125 20122 20286 20351 20411 20452 20564 20559 20564 20757 20841 20997 20948 20796 20679 20586 20485 20287 20030 19916 19968 19859 19857 19950 19939 19932 19926 19740 19797 20076 20350 20530 20681
18879 18898 18918 18901 19004 19234 19451 19548 19723 19909 19973 19978 19946 19996 19983 20011 19745 19344 18865 18670 18654 18613 18597 18614 18684 18673 18651 18663 18687 18664 18655 18671 18678 18727 18791 18809 18954 19170 19577 19924 20225 20437 20417 20673 20933 21040 21187 21194 21357 21541 21642 21693 21685 21737 21700 21624 21664 21722 21550 21240 20962 20898 20913 20968 21112 21113 20964 20773 20697 20678 20550 20416 20254 20242 20411 20631 20719
18959 18998 19093 19259 19341 19456 19510 19504 19581 19744 19868 20041 20307 20358 20399 20306 19986 19552 19086 18699 18598 18561 18602 18635 18630 18584 18635 18627 18649 18681 18759 18746 18693 18737 18822 18950 19165 19492 20052 20497 20795 21162 21203 21255 21218 21211 21355 21489 21655 21674 21757 21823 21847 21864 21816 21661 21671 21850 21959 22039 22011 21814 21751 21611 21346 21127 20928 20764 20917 20850 20867 20759 20617 20510 20682 20694 20763
18948 19011 19113 19216 19283 19317 19359 19500 19656 19769 20052 20432 20538 20506 20454 20481 20541 20417 20046 19752 19500 19306 19209 19074 18850 18682 18672 18682 18664 18655 18704 18724 18804 18893 19266 19433 19832 19987 20629 21106 21536 21769 21767 21808 21953 22004 21993 21983 21811 21746 21669 21628 21636 21725 21770 21828 21831 21839 22067 22228 22202 22033 21957 21722 21666 21729 21696 21617 21543 21607 21637 21599 21493 21321 21250 21253 21316
19101 19071 19105 19171 19315 19575 19952 19987 20013 20043 20246 20526 20653 20766 21104 21297 21096 20906 20645 20447 20250 20115 20004 19802 19556 19387 19201 19182 19199 19222 19449 19667 19821 20011 20246 20508 20812 20954 21068 21446 21668 21862 21935 21933 22007 22043 22080 22050 22025 21992 21542 21346 21538 21633 21767 21801 21750 21648 21418 21428 21395 21442 21549 21695 21835 21944 22064 22018 21942 22006 22127 22158 22127 21931 21660 21545 21570
19497 19521 19649 19760 19887 20127 20156 19790 18793 18040 17440 17648 18514 19397 20423 21349 21367 21145 20956 20697 20552 20558 20558 20467 20367 20336 20293 20357 20285 20250 20345 20511 20771 21051 21089 20835 20817 21149 21242 21499 21550 21416 21602 21568 21593 21705 21620 21419 21336 21048 20955 20862 20671 20559 20572 20532 20478 20427 20523 20796 20919 21105 21168 21312 21480 21532 21871 21889 21838 21868 21878 22050 22068 22010 22027 21846 21781
19787 19707 19769 19958 20089 20296 20586 20541 19602 19237 18842 18387 18910 19698 20319 20790 20930 20789 20608 20423 20441 20522 20516 20448 20402 20476 20541 20643 20776 20758 20507 20310 20677 21023 21069 21053 20877 21030 21075 21069 20978 20766 20421 20188 20229 20349 20561 20337 20177 19886 19626 19576 19576 19444 19387 19183 19114 19223 19641 20064 20300 20718 21069 21191 21210 21104 21161 21320 21426 21640 21697 21700 21850 21882 21653 21104 20432
19992 19948 20079 20020 20140 20312 20633 20849 20939 21038 21066 20858 20692 20660 20628 20637 20622 20573 20412 20242 20306 20315 20282 20245 20362 20429 20399 20422 20589 20629 20532 20297 20002 19829 19736 19659 19657 19579 19312 19317 19144 18938 18742 18757 18625 18642 18758 18647 18673 18502 18577 18569 18540 18404 18684 19107 19306 19457 19616 20021 20378 20783 21092 21109 21102 20982 21048 21245 21373 21515 21500 21201 21026 20289 19783 19604 19497
20401 20254 20304 20320 20202 20193 20379 20481 20571 20726 20741 20510 20366 20196 19765 19217 19195 19295 19323 19144 19158 19007 19093 19053 19088 19194 19270 19343 19248 19283 19128 19149 19053 19023 18864 18619 18421 18404 18398 18325 17898 17649 17521 17435 17421 17575 17842 17997 18020 18020 17996 18015 18097 18479 18995 19406 19683 19769 19754 19845 20186 20349 20507 20646 20742 20845 20817 20724 20520 20339 20102 19949 19425 18939 18848 18498 18281
20471 20378 20336 20300 20457 20506 20476 20435 20359 20271 20008 19882 19770 19562 19305 18860 18593 18346 18055 17754 17599 17314 17267 17417 17554 17717 17940 18178 18110 17869 18179 18147 17901 17743 17631 17526 17560 17655 17791 17862 17688 17536 17271 17153 17170 17196 17285 17514 17719 17841 17847 17955 18255 18586 18886 19083 19277 19350 19361 19367 19577 19812 19880 20103 20287 20286 20211 20183 19996 19821 19591 19018 18612 18249 17498 17218 16955
19995 19783 19762 20003 20347 20388 20396 20167 19764 19515 19183 19061 18883 18802 18769 18537 18114 17603 17249 17124 17042 16880 16847 16916 16999 17033 17062 17196 17359 17511 17577 17559 17400 17137 16952 17029 17013 17042 17094 17270 17380 17332 17147 17126 17177 17237 17335 17535 17563 17703 17865 18078 18295 18517 18594 18617 18676 18791 18935 19136 19218 19156 19569 19853 20004 20019 19956 19743 19734 19496 18790 18054 17674 17056 16507 16224 15873
19942 19564 19452 19384 19765 19790 19642 19301 18527 18069 17589 17380 17206 17007 17171 17197 17244 17134 16986 16907 16845 16839 16828 16930 16986 16986 17021 16970 16939 16863 16897 16853 16851 16865 16894 16964 16978 16967 16964 16959 16989 17064 17130 17181 17248 17323 17468 17594 17696 17711 17825 18102 18285 18309 18391 18527 18575 18633 18672 18782 18821 18981 19333 19541 19622 19676 19467 19242 18791 18129 17746 17363 16778 16270 15796 15510 15047
20424 19964 19734 19353 19297 19074 18640 18250 17897 17386 16971 16931 17028 17144 17144 17145 17042 17024 16902 16941 17005 17038 16987 16971 17003 17015 16955 16908 16818 16806 16809 16853 16882 16869 16852 16880 16901 16946 16992 17093 17114 17119 17139 17160 17154 17295 17489 17588 17694 17794 17876 17986 18136 18227 18262 18455 18496 18553 18653 18766 18898 18966 19008 19160 19323 19360 19024 18480 17987 17521 17043 16213 15614 15119 14750 14244 13798
19878 19443 19314 18846 18677 18610 18020 17433 17070 16784 16802 16943 17022 17094 17005 16907 16909 16910 16872 16843 16929 16942 16722 16859 16910 16825 16822 16844 16870 16828 16806 16816 16799 16833 16849 16883 16916 16942 16959 17054 17061 17101 17211 17241 17280 17347 17485 17614 17814 17847 17934 18058 18046 18039 18127 18228 18317 18400 18505 18665 19035 19312 19353 19111 19002 18847 18245 18065 17684 17307 16502 15762 15177 14689 14242 13919 13587
19273 19118 18718 18242 18177 18044 17621 17457 17447 17410 17229 17155 17044 17092 17032 16900 16808 16865 16801 16739 16777 16776 16762 16840 16892 16904 16841 16859 16808 16844 16771 16815 16836 16864 16831 16893 16939 16965 16998 16972 17082 17207 17197 17203 17302 17388 17544 17553 17511 17609 17930 18098 18083 18062 18197 18301 18310 18384 18514 18836 19107 19251 19161 18898 18837 18591 18206 17875 17458 17177 16495 15629 15223 14916 14453 14179 13758
18645 18325 17871 17378 17036 16926 17049 17073 17207 17273 17256 17221 17198 17103 16984 16870 16888 16875 16800 16733 16688 16752 16875 16880 16790 16844 16774 16778 16779 16784 16808 16828 16797 16862 16848 16917 16884 16903 16919 16978 17092 17115 17128 17188 17295 17372 17495 17559 17541 17630 17760 17829 17937 18167 18465 18496 18519 18408 18396 18625 18801 19208 19190 18538 18553 18456 18084 17733 17397 16891 16407 15959 15581 15102 14707 14509 14330
16934 16774 16738 16734 16758 16785 16835 16725 16773 16823 16864 16892 16957 16967 16839 16887 16908 16842 16864 16750 16709 16693 16708 16688 16694 16702 16731 16798 16798 16742 16764 16754 16817 16824 16831 16871 16863 16875 16921 16922 16938 17049 17142 17172 17269 17286 17293 17320 17456 17592 17664 17798 17913 18120 18345 18338 18433 18474 18473 18396 18422 18771 18898 18694 18495 17724 17522 17305 17149 16874 16694 16376 16007 15396 15039 14502 14098
16454 16437 16707 16753 16671 16754 16853 16762 16669 16693 16735 16793 16890 16847 16724 16710 16739 16721 16756 16755 16651 16688 16667 16652 16670 16683 16690 16710 16678 16681 16712 16738 16846 16902 16951 16959 17000 16946 16885 16929 17004 17022 17081 17283 17408 17397 17319 17292 17277 17276 17481 17789 18103 18180 18139 18224 18413 18500 18561 18630 18628 18625 18658 18525 18530 18420 17468 17002 16907 16841 16776 16534 16314 15918 15137 14692 14380
16442 16443 16513 16667 16654 16563 16616 16449 16597 16724 16800 16818 16980 17087 16959 16932 16745 16681 16618 16628 16699 16769 16782 16694 16684 16707 16725 16726 16672 16680 16684 16743 16865 16900 16887 16928 16959 16950 16891 16884 16937 16929 17039 17255 17364 17330 17321 17416 17437 17462 17572 17768 17930 17996 17948 18037 18065 18234 18438 18542 18572 18654 18675 18608 18624 18735 18562 17605 17012 16778 16682 16655 16656 16445 16108 15467 14823
16553 16473 16620 16598 16411 16517 16585 16676 16724 16777 16638 16765 16942 17023 17060 17075 16903 16742 16852 16787 16503 16552 16724 16891 16811 16780 16745 16741 16734 16722 16771 16784 16842 16856 16930 16875 16994 16999 16922 16970 17070 17126 17153 17022 16943 16920 17030 17188 17226 17210 17319 17535 17674 17726 17712 17726 17803 17949 18108 18353 18431 18527 18486 18541 18593 18755 18788 18570 18349 17574 17084 16953 16841 17043 17028 16476 16078
16605 16588 16558 16511 16579 16667 16644 16577 16544 16606 16535 16557 16769 17007 17208 17143 16925 16791 16867 16804 16712 16717 16864 16995 16875 16758 16745 16659 16745 16727 16763 16834 16848 16857 16863 16837 16874 16889 16942 16875 16919 16978 16979 16901 16901 16911 17160 17220 17103 17039 17113 17222 17353 17411 17512 17662 17729 17765 17898 18041 18252 18453 18603 18658 18840 18899 18828 18725 18812 18735 18103 17465 17455 17327 16956 16814 16741
16505 16546 16506 16477 16327 16349 16460 16430 16546 16611 16677 16755 16826 17075 17158 17000 16754 16728 16702 16665 16653 16668 16679 16685 16665 16715 16731 16674 16653 16558 16722 16817 16834 16860 16843 16829 16807 16835 16851 16870 16881 16850 16828 16835 16997 17117 17156 17126 17053 16899 16929 16984 16990 16971 17168 17441 17566 17593 17665 17839 17955 18130 18157 18334 18508 18546 18545 18630 18748 18766 18798 18754 18540 18147 17765 17685 17530
16456 16439 16437 16323 16393 16489 16484 16554 16554 16602 16721 16726 16780 16784 16798 16759 16781 16764 16659 16615 16616 16607 16576 16634 16621 16530 16510 16630 16710 16773 16815 16834 16845 16759 16777 16828 16833 16812 16812 16763 16821 16874 16873 17008 17079 17102 17119 17083 16900 16826 16785 16804 16922 17024 17152 17224 17308 17348 17477 17599 17783 17938 17962 18061 18208 18336 18477 18615 18741 18780 18947 19076 19088 18984 18900 18583 18144
16516 16498 16353 16404 16521 16580 16557 16574 16584 16586 16633 16637 16664 16706 16716 16741 16789 16780 16616 16587 16581 16578 16568 16601 16595 16647 16718 16707 16633 16675 16686 16740 16800 16778 16768 16758 16713 16722 16736 16827 16841 16855 16874 17024 17107 17138 17119 16994 16868 16786 16830 16964 17037 17079 17119 17199 17284 17393 17391 17289 17429 17585 17732 17859 17965 18047 18163 18259 18319 18489 18756 18960 19029 18951 18832 18773 18729
