Alternative/Moon/Lvl0_30x30/Ele_EI.asc
ncols         335
nrows         335
xllcorner     6757491.657
yllcorner     -6727166.958
cellsize      10000
nodata_value  -9999.0
[rows 102 to 135 of 335, columns 154 to 230 of 335]
14912 15025 15559 15848 15844 15969 16027 16174 16148 16690 16722 15916 14973 14352 14328 13884 14162 14209 13970 13865 13812 13846 13830 13918 13882 13902 13903 13832 13819 13841 13882 13834 14262 15420 16278 17142 18113 18653 18804 18796 18784 18738 18615 18736 19054 19076 18638 18221 17722 17275 17086 16626 16439 16101 16119 16051 16315 16239 16273 16468 16332 16079 16355 16751 16748 16350 16526 16076 16013 15902 15961 16271 16270 16401 16564 16462 16376
14978 15637 16107 16072 15840 15823 16108 16248 16369 16923 16780 16468 15374 14632 14255 14276 14197 14008 13894 13818 13821 13783 13820 13926 13905 13875 13965 13816 13795 13774 13763 13808 14531 15467 16302 17025 18086 18606 18756 18929 19025 19062 19002 19020 18955 18823 18657 17861 16989 16208 16390 16026 15488 15469 15542 15831 16024 15988 15700 15697 15599 15643 15704 15687 15624 15600 15580 15512 15453 15421 15335 15531 15694 15722 15792 15689 15671
14908 15504 15887 15849 15648 15733 16045 16405 16986 17205 17186 17002 16042 15023 14597 14312 14066 13962 13869 13825 13840 13952 13970 13869 13906 13927 13799 13858 13738 13723 13749 14332 15389 16031 16625 17585 18523 18837 19131 19172 19251 19153 19049 19099 19071 18725 18306 17096 16076 15609 15533 15505 15494 15547 15581 15550 15660 15710 15769 15683 15644 15687 15699 15692 15696 15706 15712 15652 15565 15433 15328 15273 15279 15282 15282 15250 15323
14780 14854 15106 15328 15388 15676 16074 16510 16962 17269 17577 17520 16793 15746 15264 14952 14214 13987 14004 13958 13984 14141 14135 14055 14003 13956 13936 13759 13780 13784 14156 15110 16037 16644 17271 18118 18864 19174 19224 19182 19256 19276 19191 19097 19078 18876 17971 16925 16043 15675 15573 15587 15669 15649 15734 15653 15657 15678 15714 15635 15662 15695 15709 15716 15720 15702 15674 15623 15490 15415 15271 15289 15269 15247 15241 15227 15168
14777 14741 14716 14722 14856 15169 16004 16408 16629 17057 17676 18184 18053 17398 16409 15327 14786 14343 14218 14224 14116 14483 14629 14580 14347 14275 14150 14021 14068 14475 15200 16073 17271 17999 18684 19250 19393 19492 19503 19262 19214 19200 19397 19182 19207 19037 18091 16843 16101 15661 15611 15695 15755 15716 15654 15659 15673 15664 15653 15669 15662 15682 15676 15709 15685 15618 15563 15482 15368 15328 15228 15234 15204 15199 15188 15178 15144
14768 14758 14721 14659 14631 15108 15937 16383 16616 16936 17461 18443 18877 18780 17895 16668 15874 15395 14995 15037 15226 15437 15477 15546 15476 15155 14920 14798 15051 15617 16562 17687 18385 18468 18644 18913 19344 19566 19602 19229 18758 19117 19405 18892 19138 18906 18083 16997 16343 15744 15676 15706 15761 15674 15627 15814 15834 15690 15750 15661 15652 15667 15660 15676 15642 15568 15534 15402 15328 15273 15236 15221 15207 15235 15228 15186 15173
14800 14767 14724 14673 14655 14919 15720 16016 16654 17196 18058 19036 19452 19457 18932 17892 17009 16680 16470 16618 16512 16393 16133 15860 16136 16387 16660 16502 16344 16625 17524 18220 18098 17941 16812 16522 17112 18158 19449 19409 19166 18889 18832 18693 18545 18371 17868 16730 16381 15849 15798 15737 15663 15617 15624 15681 15641 15721 15615 15639 15647 15652 15635 15630 15597 15539 15427 15334 15277 15249 15258 15272 15353 15406 15332 15290 15192
14809 14781 14725 14690 14670 14663 15052 15666 16232 17265 18350 19040 19632 19907 19910 19276 18564 18002 17758 17758 16812 16205 15405 15083 15845 16521 17224 17576 17301 17618 18176 18342 17657 16483 15690 15470 15746 16884 18743 19449 19327 19044 19030 18833 18420 18191 17992 17505 16806 16040 15814 15716 15707 15620 15617 15613 15630 15668 15671 15621 15625 15628 15620 15597 15576 15497 15396 15310 15281 15266 15302 15340 15479 15439 15431 15330 15197
14812 14785 14772 14737 14688 14651 14789 15526 16289 17138 18727 19293 19756 20023 20012 19782 19575 19227 18970 17826 16129 14353 13201 13094 13849 15234 16497 17968 18500 18520 18902 18993 17583 16368 15696 15467 15664 16675 18454 19221 19042 18770 19004 18927 18656 18405 18250 17841 17214 16504 15958 15819 15710 15656 15621 15615 15619 15637 15668 15648 15634 15635 15578 15549 15541 15467 15374 15327 15270 15261 15317 15329 15366 15397 15433 15258 15144
14915 14836 14824 14774 14734 14762 14870 15619 16686 17790 18882 19306 19573 19600 19574 19712 19872 20076 19574 17721 15288 14461 13442 13379 13749 14305 14985 17387 19108 19126 18997 19135 18871 17686 16995 16770 17301 18261 19037 19014 18580 18405 18521 18595 18405 18382 18393 18058 17602 16906 16201 15836 15816 15731 15685 15661 15668 15711 15653 15634 15628 15610 15553 15521 15478 15415 15378 15338 15282 15238 15285 15354 15309 15266 15227 15229 15194
15189 14969 14878 14806 14807 15007 15868 16509 17373 18537 18931 19174 19287 19014 19084 19441 19779 20080 19218 17017 15462 14924 14419 14490 14599 14969 15495 16985 19173 19554 19381 19189 19077 18900 18968 19018 19295 19289 19126 18540 18175 18176 18387 18531 18443 18396 18431 18397 18008 17463 16808 16174 15875 15840 15747 15718 15771 15833 15789 15646 15604 15594 15552 15494 15465 15432 15389 15329 15444 15686 15669 15644 15190 15198 15272 15264 15247
16294 16065 15797 15824 16308 16654 17322 18080 18347 18745 18925 18902 18835 18890 19113 19295 19534 19778 18585 16394 15773 15719 15324 15489 15706 15994 16442 17957 19386 19502 19241 18937 18863 18839 19019 18990 19291 19244 18692 18142 17977 17895 18229 18348 18317 18378 18351 18627 18511 18103 17502 16920 16255 15945 15855 15816 15962 15939 15967 15969 15626 15587 15565 15511 15474 15452 15377 15331 15818 16009 15918 15670 15228 15203 15385 15366 15266
18221 17983 17700 17650 18175 18340 18263 18127 18207 18303 18603 18635 18558 18539 18613 18847 18953 19216 19150 18442 17023 16146 16282 16314 16467 16896 17316 18895 19357 19142 18726 18543 18301 18540 18591 18517 18626 18530 18317 17997 17750 17642 17710 17803 17955 18082 18490 18771 18878 18553 18319 17840 17426 16991 16489 16226 16178 15960 15799 15929 15663 15622 15588 15558 15534 15502 15470 15402 16168 16148 15993 15466 15159 15249 15411 15326 15317
18466 18458 18478 18463 18646 18641 18275 17889 17843 17865 17940 18076 18277 18273 18261 18315 18498 18686 19231 19539 19370 18633 17822 17622 18162 18925 19106 19081 19001 18485 18295 18323 18119 18124 18286 18311 18167 18174 18102 17946 17732 17599 17509 17473 17465 17620 17087 18493 18895 18953 18830 18446 18262 18116 17563 16804 16528 16529 16900 16579 16148 15844 15629 15587 15558 15537 15483 15619 16323 16317 15928 15379 15388 15313 15262 15254 15343
18273 18366 18452 18427 18487 18480 18097 17774 17803 17764 17864 17899 18014 17921 18091 18056 18205 18393 18802 19462 19648 19537 19343 19272 19135 19194 19157 18863 18499 18179 18078 17971 17893 17850 18131 18229 18033 18027 17925 17898 17816 17500 17415 17400 17445 17586 17586 17946 18321 18731 18708 18646 18604 18490 18173 17841 18032 18111 17852 17244 17082 16348 15700 15730 15755 15771 15904 16410 16463 16235 15866 15355 15506 15446 15294 15295 15336
18123 18048 18198 18332 18316 18310 17928 17788 17759 17759 17892 17933 17943 17911 17935 17948 18062 18208 18328 18607 18896 18965 18931 18771 18657 18648 18578 18509 18390 18184 18032 17974 17938 17935 18177 18180 18085 18063 17990 17956 17837 17504 17514 17396 17390 17462 17466 17588 17818 18109 18324 18582 18641 18863 18903 18859 19111 18867 18558 18725 18356 17467 17144 16817 16886 16954 16930 16928 16539 16194 15746 15578 15666 15588 15475 15357 15311
17812 18044 18029 18125 17928 17893 17829 17810 17777 17769 17813 17798 17842 17892 17833 17874 17951 17998 18106 18130 18219 18236 18172 18085 18116 18083 18192 18171 18066 18067 18026 17933 18127 18218 18228 18209 18156 18035 18029 17844 17396 17486 17465 17362 17337 17319 17288 17200 17357 17563 17690 17869 18337 18667 18780 19014 19297 18912 19332 19269 18985 18985 18831 18619 18504 18328 17911 17274 16551 16200 15931 15495 15509 15548 15452 15351 15371
17645 18014 18024 17994 17937 17974 17875 17800 17758 17766 17751 17784 17815 17828 17897 17962 17991 17996 17996 17999 17916 17944 17938 17985 17971 17986 18127 18029 18040 18064 18122 18132 18201 18201 18242 18235 18094 17998 17735 17630 17336 17354 17354 17343 17258 17254 17183 17165 17065 17366 17411 17398 17500 17805 18192 18632 18907 19073 19255 19291 18835 18960 18854 18915 18856 18388 17861 17217 16538 16421 16024 15238 15455 15456 15364 15300 15325
17563 17782 17783 17637 17315 17540 17765 17816 18024 18042 17872 17714 17788 17947 18117 18106 17971 18044 18008 17923 17948 17997 17898 18003 18018 17891 17985 18042 18037 18115 18113 18082 18090 18162 18187 18028 18010 17820 17550 17583 17384 17385 17356 17317 17283 17260 17153 16971 16897 16897 17629 17674 17377 17548 17853 18208 18613 18646 19102 19064 18729 18575 18610 19136 19137 18737 18089 17389 16871 16641 15977 15216 15395 15947 15931 15864 15758
17519 17235 16696 16236 15952 16199 17188 17809 18140 18215 17977 17837 17775 17900 18109 18113 18000 18004 18016 17977 17950 17989 18109 17996 18124 18104 18178 18172 18134 18183 18155 17961 17977 18071 18099 17864 17774 17659 17528 17537 17451 17431 17399 17340 17306 17284 17261 17088 17004 16961 17648 17671 17355 17171 17340 17664 18255 18162 18789 18755 18697 18783 19084 19233 19366 19239 18604 17791 17310 17036 16797 16474 16703 16754 16325 16205 16476
17007 16247 15817 15701 15645 15689 16356 17333 18043 18053 17952 17812 18001 18005 18068 18037 18087 18465 18522 18495 18279 18036 18175 18038 18213 18209 18158 18123 18218 18232 18133 18119 17919 17948 17970 17882 17692 17556 17536 17491 17492 17460 17391 17337 17339 17348 17235 17145 17278 17083 16911 17051 17144 17105 17137 17325 17542 17917 18205 18572 18754 18970 19115 19174 19214 19219 18833 18552 18015 17759 17589 17490 17450 17320 16673 16251 16471
16625 15905 15817 15664 15606 15608 16364 17486 18603 18653 18304 18276 18089 18034 18212 18333 18835 19165 19174 19075 18891 18388 18291 18064 18200 18243 18398 18348 18325 18259 18127 18131 17961 17957 17863 17697 17697 17641 17601 17487 17358 17414 17388 17327 17242 17212 17413 17507 17553 17414 17063 17000 17131 17140 17099 17412 17264 17032 17922 18016 18040 18349 18828 18911 18849 18786 18872 18901 18925 18829 18484 18577 18321 17570 16623 16166 16267
16888 16318 15841 15692 15644 16055 17096 17953 18958 18963 18561 18364 18341 18516 18747 18679 18808 18972 18929 18971 18986 18743 18675 18481 18100 18402 18451 18538 18441 18399 18230 18140 18110 17845 17781 17650 17652 17606 17652 17464 17348 17332 17267 17233 17192 17207 17378 17384 17323 17356 17385 17169 16916 16998 17228 17536 17048 17025 17759 17823 17907 17667 18411 18667 18751 18729 18738 18802 18929 18920 18855 18890 18580 18189 17205 16688 16953
17376 17063 16518 16323 16428 16828 17918 18600 18987 18994 18737 18599 18528 18569 18763 18665 18215 17987 17913 17989 18122 18047 18565 18514 18455 18606 18624 18647 18487 18399 18230 18348 18360 18256 17804 17757 17782 17467 17591 17354 17345 17318 17257 17212 17179 17224 17169 17076 17114 17147 17274 17099 17043 17142 17237 17550 17484 17433 17623 17724 17735 17718 17959 18156 17892 18161 18155 18434 18436 18690 18795 18922 18700 18750 18285 18010 18320
17571 17664 17354 17312 17272 17529 18046 18694 18787 18790 18894 18899 19056 19002 18756 18265 17703 17751 17692 17643 17629 17929 18331 18515 18634 18596 18694 18595 18126 17731 17569 17621 18111 18222 17843 17693 17781 17706 17372 17351 17303 17256 17221 17184 17181 17166 17204 17131 17040 17119 17062 17113 17111 17276 17365 17432 17220 17302 17374 17383 17446 17575 17608 17796 18068 18229 18215 18063 18232 18397 18577 18919 18836 18832 18714 18701 18709
17836 17859 17922 17717 17458 17629 18156 18483 18707 18624 17455 18086 19533 19656 19171 18502 17798 17875 17806 17616 17595 18061 18743 18619 18607 18547 18347 17990 17592 17406 17366 17400 17429 17446 17467 17503 17460 17504 17325 17294 17232 17210 17178 17168 17230 17231 17309 17261 17134 17063 16994 17051 17281 17288 17344 17243 17288 17348 17275 17313 17442 17372 17371 17574 17866 17908 18090 17786 17970 18084 18222 18309 18400 18533 18564 18495 18417
18393 18376 18475 18313 18226 18106 18109 18196 18696 18832 18451 18880 19578 19632 19189 18633 17889 17825 17800 17755 17743 18098 18603 18542 18044 17986 17984 17551 17449 17390 17332 17312 17354 17395 17479 17471 17426 17427 17390 17298 17241 17198 17157 17153 17234 17255 17527 17394 17117 17017 16991 16999 17183 17223 17415 17173 17050 17525 17523 17399 17373 17310 17429 17581 17619 17385 17753 17686 17679 17687 17740 17808 17697 17931 18215 18088 17864
18871 18774 18720 18567 18397 18403 18259 18281 18306 18891 19059 19150 19193 19133 19123 18671 18178 17927 18225 18657 18883 18805 18463 18129 18016 17892 17741 17974 17812 17455 17351 17313 17317 17381 17513 17481 17394 17343 17330 17323 17249 17197 17158 17102 17205 17231 17255 17153 17178 17190 17099 16903 17088 17108 17145 17213 17176 17377 17482 17360 17357 17304 17328 17467 17370 16825 17502 17625 17517 17411 17432 17437 17736 17790 17815 17645 17698
18674 18481 18519 18403 18043 18009 18092 18189 18063 18335 18379 18405 18732 18802 18746 18488 18277 18376 18584 18844 19184 19305 19107 18768 18358 18023 18202 18512 18509 18272 17873 17599 17594 17623 17593 17465 17299 17269 17211 17166 17096 17050 17049 17058 17052 17143 17158 17049 17194 17219 17154 16969 17022 17065 17155 17273 17279 17302 17240 17431 17381 17264 17256 17256 17183 16842 17548 17536 17320 17400 17470 17596 17692 17698 17726 17765 17979
17080 17001 17005 17016 16940 17027 16932 17544 17978 18348 18293 18230 18354 18456 18620 18451 18269 18192 18483 18699 19155 19356 19178 18842 18502 18628 19144 19193 19037 19071 18846 18413 18213 18087 17627 17425 17206 17153 17066 17009 16943 16961 17037 17040 16969 17008 16988 16972 17087 17086 17094 16976 16941 16916 17073 17065 17302 17351 17166 17185 17282 17270 17171 17141 16912 16817 17303 17391 17255 17352 17512 17783 17837 17841 18005 18430 18639
16495 16552 16440 16469 16478 16465 16436 16569 17641 18344 18365 18430 18509 18461 18275 18410 18254 18180 18196 18422 18982 19037 18905 18914 19093 19083 19187 19208 19095 19170 19277 19006 18869 18420 18010 17174 17080 17039 17020 16922 16912 16894 16919 16995 17003 16991 16934 16862 16923 16899 16905 16990 16967 16929 16909 16953 16998 17042 17041 17125 17252 17283 17329 17106 17016 16999 17035 16685 16261 16332 17154 17956 18084 18023 18592 18968 19320
16407 16408 16412 16439 16429 16397 16400 16447 17262 18104 18433 18552 18447 18308 18348 18190 18118 18134 18332 18290 18233 18425 18721 18826 18889 18852 18587 19103 19099 19096 19267 19149 19453 19329 18318 17379 17028 16987 16984 16970 16919 16941 16963 17241 17234 17063 17094 17042 16940 16913 16882 16942 16898 16905 16919 17005 16885 16902 16934 16911 17192 17218 17265 16984 17137 17209 16873 16285 16299 16221 16703 17890 18214 18166 18949 19113 19115
16378 16391 16411 16430 16424 16407 16405 16438 17290 18050 18850 19051 18917 18740 18754 19361 19437 19140 18854 18544 18964 18948 18861 18705 17951 17616 17430 17474 18004 18750 18815 18876 19486 19483 18614 17653 17089 16948 16930 17016 17084 17149 17242 17221 17111 17067 17142 16981 16852 16802 16793 16736 16762 16754 16808 16755 16812 16842 16853 16866 16969 16988 17018 16852 17053 17316 17224 16400 16357 16695 17673 18254 18580 18581 19153 19108 17855
16392 16648 16601 16444 16423 16427 16576 16917 18052 18310 19080 19336 19353 19400 19490 19651 19826 19530 19150 19045 19251 19240 19006 18959 18240 17525 17223 17350 17394 17829 18298 18337 18721 18867 18567 17761 17252 17133 16961 17205 17308 16794 16893 17203 16933 17012 16946 16845 16780 16854 16918 16762 16713 16855 16748 16940 16846 16750 16768 16823 16873 16897 16915 16752 16847 17299 17316 17130 17463 17726 18317 18398 18668 18870 18544 18181 16729
