Alternative/Moon/Lvl0_30x30/Ele_EL.asc
ncols         335
nrows         335
xllcorner     16807491.657
yllcorner     -6727166.958
cellsize      10000
nodata_value  -9999.0
[rows 70 to 104 of 335, columns 0 to 77 of 335]
17859 17983 18021 18064 18216 18336 18309 18298 18273 18401 18229 18178 18700 19116 19184 19215 19234 19207 19090 19968 20122 20538 21258 22187 22886 23830 24612 25195 25199 25030 25019 24500 23810 23145 22438 22257 21918 21352 20624 20129 19783 19169 18559 18739 19075 19452 19563 19778 19680 19338 18789 18236 18195 17763 17395 17158 17132 17127 17066 17095 17242 17281 17268 17291 17364 16932 16824 16851 16885 16931 17057 17724 17608 17214 17314 17575 18244 19272
18421 18408 18093 18091 18304 18465 18469 18420 18616 18659 19316 19526 19444 19837 20029 19881 19908 19878 19739 19993 20787 21467 22180 22583 23339 24763 25905 26721 26729 26492 26310 25829 24969 23996 23092 23148 22834 22329 21740 20935 20279 19333 18935 19159 18809 19386 19709 19815 19528 19175 18906 18824 18330 17793 17227 17463 17234 17189 17170 17234 17371 17404 17389 17377 17799 17579 17228 16836 16840 16886 17082 17834 17911 17592 17680 17645 18198 18840
18704 18800 18055 18095 18593 18916 19113 19286 19785 19776 19907 19985 19881 20198 20254 20021 20076 20077 20073 20456 21312 22416 22934 23881 24761 26217 27097 27484 27470 27440 27192 26866 25269 23838 23639 23565 23313 22580 22170 21340 20992 19668 19919 20346 19263 20108 20071 19999 19564 19814 19785 19252 18532 17822 17631 17506 17165 17274 17174 17376 17589 17637 17576 17636 18239 17646 16807 16975 16831 16897 17223 18226 18411 18674 18716 18128 18293 18918
18935 18892 18116 18546 18927 19276 19467 19720 20073 20329 20427 20377 20262 20041 20006 19805 19962 20731 20892 21319 22029 23083 24022 24804 25685 26841 27436 27653 27348 26589 26994 26834 24793 23828 23612 23384 23341 22673 22361 21558 21034 20404 20442 20916 20177 20740 20685 20390 20266 20175 19946 19275 18624 18463 18256 17658 17618 17690 17446 17712 17761 17742 17673 17760 18290 18284 17579 17297 16833 17060 17436 18089 18785 18969 18945 18679 18200 18847
19152 19198 19021 19402 19651 19690 19798 20007 20087 20283 20542 20690 20571 20125 19999 20128 20468 21121 21494 22227 22961 24268 25274 25474 25930 26677 26707 26173 25089 23661 24599 24872 24105 22999 23489 24105 24200 24013 23606 23107 22113 21068 20815 21269 21499 21388 21102 20812 20536 20444 20520 20572 20102 19659 19227 19121 18708 18823 18269 17980 17908 17981 17971 17973 18402 18438 17849 17652 17448 17815 18590 19561 19724 19678 19453 19585 18772 18588
19311 19328 19410 19752 20004 20029 20011 20142 20272 20457 20756 21260 21375 21321 21052 20937 20656 21335 22122 23177 24016 25282 26188 26266 25728 25016 23860 22854 22614 21894 21967 22003 22208 22229 22987 23994 24580 24653 24157 23481 22289 21770 21456 21277 21364 21379 21231 20892 20777 20869 20879 20930 20721 20717 20079 19626 19316 19018 18864 18250 18150 18054 18032 18062 18408 18568 18788 18731 18615 19186 19917 20653 21024 20577 20731 20831 19827 19656
19767 19825 19861 19977 19647 19749 19940 20339 20674 20915 21190 21769 21801 22296 22229 21500 21194 21368 22051 23299 24388 25564 26169 25906 24340 22454 21071 20628 20524 20547 20454 21067 21697 21938 22020 22674 24162 24569 24249 23640 22328 21803 21725 21335 21081 20957 20759 20445 20490 20583 20622 20414 20686 20456 19757 19062 19104 18870 18484 18155 18100 18403 18384 18326 18455 18580 18767 19111 19541 19923 20365 21195 21352 21670 22322 22322 21482 20040
19931 19755 19945 20182 19871 19838 20224 20486 21193 21196 21340 21765 22248 22345 22119 21581 21312 21635 22203 23107 24167 25170 25469 24325 22452 20635 20161 20171 20219 20413 20353 20546 20991 21054 21432 22671 23722 25157 25285 24731 23275 21753 21863 21467 21022 20649 20390 20054 19979 19903 19840 20141 20250 19645 19120 18936 18708 18510 18260 18222 18370 18417 18361 18376 18482 18610 18966 19639 20018 20176 20996 21226 21135 21294 22273 22384 22064 20629
20223 20451 20546 20346 20355 20307 20227 20404 21086 21270 21183 21598 21941 21826 21542 21261 21090 21380 21642 22481 23278 24283 24358 22844 20426 20094 20160 20092 20139 20156 20176 19978 20064 20616 21491 22593 24008 25699 25917 25303 23867 22988 22528 21662 21096 20678 20242 20033 19980 19839 19785 20066 19943 19294 19030 18783 18640 18516 18551 18677 18578 18321 18322 18646 18621 18722 19030 19694 20041 20811 20930 21041 20888 20760 21610 22163 22350 21835
20131 20456 20414 20475 20540 20041 19631 19907 20415 20491 20536 20998 21054 20819 20561 20026 19986 20089 20342 21234 22824 23845 23862 22278 20415 20061 20036 20057 20005 19947 19857 19850 19883 19910 20735 22233 23755 25518 25882 25267 23925 23091 22737 22268 21265 20597 20444 20185 19993 19769 19979 19964 19639 19314 19040 18809 18846 18846 18836 18752 18712 18529 18852 19125 18846 18832 18994 19533 19930 20930 21461 21741 21476 22490 23384 23543 23487 22385
19893 20355 19945 18971 19871 19866 19603 19272 19580 20049 19946 19447 19612 19513 19327 18904 18864 18904 19290 20367 22251 23457 23546 23209 21408 20172 20014 19946 19892 19868 19832 19830 19982 19993 20278 21484 22691 24665 25553 25197 24602 24174 23936 23017 22022 20716 20249 20473 20184 19990 20043 19913 19355 19220 19142 19296 19319 19233 19193 19072 18881 19215 19195 19083 18890 18744 18759 18901 19068 20189 21515 22141 22904 23572 24080 24320 24075 23506
19784 19979 19674 18608 19224 19826 19551 18990 19069 19113 19088 18672 18443 18599 18552 18664 18725 18223 18777 20023 21649 23158 23561 23497 22696 21158 20345 19905 19893 19850 19843 19813 19940 19839 20601 20848 21913 24045 25580 25656 25489 25139 24253 23631 23040 22349 21912 21261 20693 20331 20301 19976 19459 19292 19202 19681 19651 19481 19306 19484 19396 19444 19260 19034 18837 18843 18974 19007 19450 20547 21482 22230 22847 23464 23973 24092 23969 23450
20252 20119 20265 20066 19665 18746 19083 18929 18259 18491 18523 18391 18203 18060 18042 18077 18137 18163 18399 19544 20742 22040 23084 23409 23423 22984 21996 21373 20965 20177 20241 20043 20177 20727 21201 21973 23280 25056 26143 26225 26179 25800 25308 24933 24620 24059 23290 22449 21632 21010 20666 20226 19533 19467 19259 19602 19655 19564 19709 19932 19753 19360 19256 19151 19098 19209 19250 19962 20680 20737 20888 21536 21743 22463 23310 23621 23517 23202
20539 20496 20396 20063 19903 19554 19182 18866 18239 18108 18184 18405 18176 17993 18026 18066 18094 18002 18244 18935 19608 20571 21160 22750 23345 23294 23147 23168 23201 23016 23125 23145 23111 22903 22724 24226 25603 26371 26858 27496 27579 27416 27126 26789 26376 25541 24568 23393 22691 21900 21064 20444 19826 19762 19582 19509 19426 19956 19945 19979 19519 19406 19797 19872 19832 19769 20135 20814 21231 21046 20945 21224 21812 22219 22993 23023 22912 22815
20434 20627 20321 19966 19817 19491 19036 18402 18036 18160 18136 18067 17983 17968 17962 18025 18059 18155 18182 18787 19367 19991 20279 21598 22312 22794 23290 23282 23903 24131 24187 24586 24867 24932 24952 25471 26073 26692 27142 27885 28131 28247 28285 27921 27576 26730 25880 24736 23914 22684 21911 20756 19924 19837 19761 19578 19614 19853 19834 19948 20019 19959 19965 20318 20708 20766 20990 21286 21509 21030 21015 21426 21563 21570 21522 21745 21043 20228
20977 20715 20165 19500 19525 19121 18554 18136 17980 18110 18162 18104 17997 17995 18033 17984 17933 18137 18137 18596 19393 20089 20252 20959 21315 21923 22472 22886 23390 23745 23782 24097 24747 24853 24997 25437 25959 26657 26924 27071 27034 27729 27939 27850 27790 27773 27246 26144 25162 24165 22555 21104 20333 20258 19768 19551 19449 19463 19616 19863 19900 20199 20497 20702 20972 20981 21081 21013 21085 20783 20744 21055 21060 21241 21289 20730 19290 18388
20755 20225 19612 18885 18894 18881 18296 18021 18088 18067 18109 18044 18031 18004 17970 17936 17990 18051 18096 17851 18747 19347 19443 19564 20008 20591 20821 21176 21523 22295 22526 22764 22751 23736 24202 25003 25537 25290 24813 24185 24180 24944 25394 26459 27467 27812 27853 27516 26335 24751 23286 22145 21427 21223 20181 19333 19312 19531 19759 20063 20375 20367 20464 20519 20386 20596 20666 20331 20099 20193 20072 20086 20387 20742 20711 19291 17479 16371
19813 19155 18997 18682 18127 18316 18101 17987 18118 18074 18226 17987 17783 17813 18031 17947 18117 17986 18114 18116 18357 18518 18748 19192 19410 19524 19602 20222 20697 21142 21611 22078 22679 23454 24155 24148 24215 23035 22195 22004 22022 22287 22901 23842 24884 26476 27759 27788 26556 25049 23785 22799 22292 21907 21617 20420 20255 20335 20272 20282 20616 20698 20498 20006 20166 20244 20247 19936 19693 19769 19792 19840 19946 20102 20085 18215 16484 15847
19279 18734 18425 18416 18298 18190 18145 18065 18021 17947 18008 17793 17697 17714 17868 18005 18100 18001 18186 18261 18365 18484 18700 18953 19040 19100 19223 19812 20389 20935 21049 21536 22238 23365 24015 23900 22732 21606 21563 21570 21497 21436 21579 22234 23241 25433 27199 27420 26756 25162 23995 22890 22408 21864 21754 21207 20610 20498 20524 20104 19930 20317 20373 19611 19474 19467 19863 19682 19391 19575 19447 19786 19795 19626 19319 18463 17041 16141
19152 18853 18508 18303 18257 18119 18027 17974 17928 17801 18050 17845 17832 17906 18005 17954 17939 18046 18166 18070 18291 18320 18340 18476 18506 18907 19085 19709 19892 20143 20377 20977 21900 22913 23930 23677 22085 21567 21476 21533 21449 21393 21184 21838 23587 25942 27251 27160 26453 25028 23908 22662 21775 21436 21450 21066 20197 20371 20369 19733 19652 19829 19795 19204 19619 19662 19649 19317 19223 19515 19354 19390 19364 19001 19040 18926 18451 17794
19582 18994 18858 18058 18006 18140 18079 17961 17897 17898 18043 17820 18023 18222 18006 17954 18019 18137 18352 18372 18701 18774 18370 18543 18796 18818 18959 18725 18943 19453 19443 20017 21294 22754 23597 23350 21903 21529 21457 21439 21461 21308 21486 22587 24286 26093 27235 26887 25666 24916 23886 22656 21890 21224 21285 21156 20613 20321 19903 19953 19978 20026 19218 19071 19317 19420 19338 18830 18812 19214 19216 19254 18992 18480 18409 18998 19080 19332
19551 18968 18618 18204 18212 18192 18168 17931 18078 18018 17920 17931 17988 18337 18166 17965 18013 18297 18449 18514 18830 19100 18889 18439 18542 18478 18486 18267 18370 18379 19041 20125 21198 22507 23154 23231 22781 21852 21494 21517 21460 21494 22287 23775 25339 26540 26955 26475 25461 24630 24011 23061 22042 21322 20610 20514 20448 20121 20074 20463 20153 20055 19333 18641 18479 18934 19012 18983 19082 18949 18915 19040 19019 18440 18053 18310 18419 18333
19388 18831 18380 18352 18225 18117 18104 18302 18275 18136 18119 18128 18228 18537 18134 17938 18041 18769 18780 19069 19085 19275 19109 18141 18238 18285 18110 18197 18368 18352 18834 19696 20867 21919 22847 23577 23669 23365 22848 22182 22529 23222 24499 25422 25346 25208 26188 26173 25319 24231 23635 22755 21934 20928 20118 19763 19642 19916 20058 20186 19983 18973 18890 18311 18304 18541 18871 18931 18844 18696 18889 19025 18935 18512 18110 18265 18406 17923
19440 18791 18365 18403 18401 18104 18099 18216 18227 18243 18259 18366 17854 17784 18287 18364 18062 18790 18793 19247 19484 19300 19049 18672 18211 18075 18121 18220 18241 18321 18501 19354 20366 21381 22549 23763 24517 24902 24887 24593 24952 25606 26391 26821 26032 25415 25963 25726 24672 23846 23127 22627 21562 20615 20033 19465 19408 19759 19890 19864 19522 18750 18337 18104 18247 18588 18877 18845 18803 18804 18947 19014 18968 18726 18518 18385 18299 17884
19506 18763 18269 18280 18357 18185 18347 18270 18008 18109 18124 18376 18097 18154 18104 18223 18619 19145 19124 18976 19304 19350 19162 18509 18217 18079 18078 18197 18229 18067 18085 18950 19608 20675 21821 23268 24320 25086 25854 26607 27321 27881 27807 27380 26204 25955 25844 24870 23965 23078 22636 21995 21023 20211 19794 19349 19277 19179 19609 19713 19401 18629 17869 18086 18276 18794 18930 18744 18227 17382 16890 16656 17176 17392 17629 18130 18167 17938
19713 18895 18177 18296 18508 18267 18298 18239 18236 18109 18034 17997 18002 18144 18099 17976 18564 18960 18940 18419 18860 19443 19249 18740 18365 18228 18185 18100 18153 18083 18049 18413 19273 20072 21020 22225 22926 24222 25128 26374 27520 27844 27316 26449 25587 25060 24830 24252 23390 23000 22629 22087 21118 20270 19813 19586 19049 18864 19121 19182 18869 18174 17826 17864 18252 18739 18754 16976 15665 15263 14576 14020 13940 15210 16043 16506 17763 17936
20071 18863 18323 18140 18059 18108 18013 18095 18127 18014 18039 17970 17956 17947 18002 17942 18382 18668 18778 18817 19025 19072 19174 18998 18515 18402 18269 18068 18072 18155 18324 18507 19384 19960 20323 21380 22639 23689 24682 25709 26226 26432 26351 25735 25155 24555 23887 23582 23210 22426 21674 21347 20676 19740 19657 19438 19057 18691 18486 18559 18057 17704 17627 17812 18212 18447 17749 15344 14701 13621 12768 12543 12331 13013 14063 15553 16890 18159
20430 19074 18616 18304 18331 18097 18029 18070 18143 17883 17932 17962 17979 17973 17915 17978 18066 18142 18457 18799 19019 18841 19114 18951 18477 18284 18208 18047 18194 18261 18394 18442 18769 19480 20276 21431 22569 23573 23716 24468 25384 25241 25220 24934 24883 24248 23513 23160 22775 21917 21229 20357 19540 19058 18679 18544 18384 18417 18304 17977 17568 17506 17560 17880 18241 18527 17527 14974 14305 13047 12883 12966 12441 12255 12852 14633 16658 18144
21071 19866 19135 18456 18323 18057 18178 18010 18081 17961 18018 18048 17944 18087 18037 18201 18112 18252 18177 17994 18026 18221 18388 18620 18514 17976 18113 18560 18257 18296 18370 18490 19011 19313 20254 20872 22058 22764 22641 23557 24575 24698 24541 24267 24362 24152 23761 23196 22307 21577 20977 19994 19381 18931 18549 18275 18102 17865 17587 17525 17573 17597 17490 17882 18356 18696 18098 15613 14052 12763 12880 12938 12299 12268 13121 14375 16795 18225
21516 20390 19600 18660 18955 18728 18705 18152 18052 17988 18000 18007 17995 18031 18076 18183 18170 18118 17985 17900 17955 17907 18110 18191 17449 18172 18327 18142 18292 18181 18402 18516 18867 19543 20253 21194 22313 23202 23488 23685 23705 23987 23936 23795 23533 23441 23124 22595 22051 21224 20913 20779 20226 19453 18865 18345 17994 17746 17655 17591 17570 17526 17510 17546 17951 18471 18456 16757 14714 13428 12345 12183 12190 12886 13863 15469 17508 18028
21905 21014 20318 19454 19428 19057 18974 18425 18126 18212 18156 18000 18015 17973 18081 18053 17969 17947 18003 17986 18046 17957 18119 18246 18126 18265 18260 18257 18378 18377 18658 19092 19485 19650 20135 21211 22199 22557 22983 23054 23123 23427 23677 23395 22554 22270 21874 20728 21012 21400 21386 20997 20734 19801 19302 18636 18054 17711 17629 17662 17647 17733 17615 17490 17715 18183 18547 18167 16162 15092 14343 13626 13659 14360 15006 17097 18354 18153
22764 21860 21164 20397 19684 19148 18766 18908 18651 18728 18323 18350 18193 18129 18134 18118 18031 17863 17976 18069 17972 17685 18021 17955 18111 17892 18021 18222 18189 18316 18678 19002 19709 20136 20419 21225 22130 22363 22848 22935 23018 23007 23424 22936 22268 21806 22184 22039 21447 20983 20896 20821 20600 19776 19436 18741 18302 17710 17480 17406 17489 17572 17433 17325 17455 17754 18182 18231 17915 16624 16289 15797 15166 15406 16279 17549 18326 18162
22647 21688 21070 21204 20578 20295 19526 19480 19084 18949 18888 18554 18401 18263 18166 18133 18222 18306 18257 18065 18012 18064 18094 18281 18359 18061 18105 18211 18330 18481 18674 19359 19704 20365 20811 21182 21813 21509 22438 22882 22925 22949 22130 20433 21324 21405 21990 21816 21263 20906 20642 20466 20364 19903 19539 18575 18335 18160 17873 17473 17423 17047 16947 16792 16998 17221 17328 17716 17802 17540 17644 17509 17313 17388 17476 17378 17407 17629
23120 22843 22809 22619 21900 20860 20263 20159 19677 19487 19216 18906 18751 18357 18274 18306 18483 17893 18505 18532 17749 18259 18345 18207 18260 18328 18317 18180 18919 19171 19188 19631 20336 20604 21120 22058 22190 22205 22708 22812 22839 22718 21542 20890 20909 20716 21170 21253 21210 20790 20565 20311 20058 19735 19164 18556 18352 18241 18203 17677 17300 16805 16620 16516 16520 16705 16817 16821 16796 16701 16817 16921 17064 17148 17079 17411 17529 17292
24491 24028 23637 23229 22890 21850 21237 21026 20871 20507 20236 19722 19471 19175 19295 19361 19261 19330 18554 19006 18550 18381 18828 18514 18376 18782 18931 19347 19298 20344 20445 19942 20954 21396 21014 21825 21541 20689 21817 22432 22362 22271 21585 20682 20490 20323 20342 20549 20694 20475 20401 20248 20142 19725 19396 19362 18822 16931 17669 17763 16996 16689 16543 16430 16388 16297 16298 16298 16175 16126 16109 16281 16286 16372 16668 16720 16779 16700
