Alternative/Moon/Lvl0_30x30/Ele_DK.asc
ncols         335
nrows         335
xllcorner     13457491.657
yllcorner     -3377166.958
cellsize      10000
nodata_value  -9999.0
[rows 238 to 271 of 335, columns 0 to 76 of 335]
17510 17322 17393 17344 17412 17539 17675 17658 17533 17742 17349 17398 17258 17282 17636 17891 17869 16926 17712 17618 17481 17650 17524 17467 17614 17585 17600 17660 18374 18958 18844 18180 18664 18717 18435 18141 17970 17864 18009 18293 18292 18361 18786 18898 18921 19503 20019 20760 20608 20762 21100 21257 21646 21885 22854 23153 22986 22863 23847 24039 22859 21675 20712 20425 18431 16994 17004 16895 16907 17032 17024 16950 17160 17070 16795 16862 16884
17610 17417 17430 17491 17483 17644 17651 17630 17436 17436 17346 17410 17367 17336 17579 17549 17573 17365 17396 17472 17618 17681 17370 17329 17612 17856 17837 17701 18000 17938 18179 18079 18001 18475 18341 18114 17993 17788 18009 18043 18227 18547 18877 18994 19205 19333 19955 20400 20518 20733 21132 21151 21505 22118 23198 23166 23094 23401 23492 23875 23441 22281 21363 20913 19114 17645 17284 17056 16604 16686 17097 17016 16971 17013 16921 16993 16915
17536 17577 17393 17457 17483 17569 17587 17487 17377 17394 17304 17403 17389 17346 17308 17383 17444 17417 17341 17243 17690 17854 17572 17210 17697 17816 17928 17787 17777 17648 17874 17835 17798 17778 17652 17911 18154 17900 18233 18219 18289 18416 18778 18992 19169 19334 19304 19902 20354 20598 20924 21070 21116 21830 22804 23262 23103 23082 23376 23284 23313 22750 22048 21490 19730 18979 17667 17162 16421 16521 16667 16769 16883 16745 16806 16918 16888
15831 17539 17523 17418 17489 17347 17284 17418 17492 17535 17339 17374 17131 17172 17360 17350 17465 17397 17572 17592 17628 17624 17552 17273 17413 17516 17702 17713 17733 17573 17518 17547 17834 17832 17991 17899 18215 18269 18342 18253 18205 18245 18398 18858 18952 19091 19261 20033 20807 20586 20781 20734 20753 21378 22706 23242 22823 23220 23365 23560 23385 22731 22432 22258 20487 19929 19072 18029 17684 16580 16530 16716 16726 16632 16798 16882 16681
17362 17661 17617 17585 17461 17378 17161 17152 17421 17421 17422 17378 17140 17269 17294 17266 17328 17596 17232 17638 17839 17818 17432 17422 17639 17491 17745 17379 17721 17624 17650 17532 17603 17796 17989 17924 18072 18135 18016 17866 18046 18076 18089 18268 18267 18501 18898 19955 20798 20576 20706 20446 20848 21152 22252 22276 22592 23393 24052 24063 23820 23905 23257 23190 21674 20657 20382 19557 18525 18477 18085 16750 16884 16635 16596 16669 16711
17946 17405 17662 17635 17588 17550 17379 17406 17481 17553 17613 17550 17437 17445 17377 17479 17557 17470 16755 17092 17591 17313 17498 17458 17251 17523 17549 17763 17990 17682 17486 17568 17604 17673 17657 17621 17610 17799 17708 17551 17735 17649 17299 17599 18111 18368 18538 19181 19941 19903 19738 20003 20893 21323 21698 22344 22606 23207 24134 24360 24605 24433 23986 23962 22704 20911 20819 20406 19335 19048 18744 17802 16989 16653 16584 16662 16714
17829 17597 17992 18329 18244 17681 17475 17504 17555 17517 17645 17623 17598 17506 17661 17485 17516 17322 17507 17499 17564 17395 17364 17295 17406 17412 17264 17507 17597 17787 17874 17618 17591 17456 17567 17498 17522 17536 17647 17737 17865 17700 18008 18000 18289 18432 18870 19469 20017 19964 20200 20272 20357 21198 21395 22104 22445 23190 23822 24115 24421 24700 24761 24136 23676 21774 20813 20574 19582 18797 18022 17800 17023 16601 16680 16681 16797
17571 17902 18601 18637 18401 18098 17647 17510 17600 17603 17681 17678 17849 17842 17685 17443 17522 17054 17179 17132 17300 17014 17017 17283 17444 17546 17396 17651 17964 18005 17921 17711 17559 17574 17548 17486 17474 17495 17543 17839 17919 18002 18081 18028 18101 18410 18799 19496 19970 20226 20584 20963 20951 20714 21394 21423 21981 23118 23484 24029 24178 24804 25361 25478 24800 23950 22761 21226 19949 19323 18558 18204 17877 16826 17068 17164 16898
17616 18080 18614 18664 18505 18350 17841 17790 17847 18006 18223 18374 18285 17938 17920 17993 17726 17721 17661 17408 17419 17428 17312 17550 17545 17662 17370 17519 17599 17626 17594 17525 17527 17476 17367 17682 17740 17520 17498 17780 17903 17946 17912 17932 18376 18584 18836 19240 19897 20968 21034 20910 20989 20847 21567 21823 21986 22199 22596 23580 24156 24827 25546 25803 25667 25780 25088 23578 21892 20571 19655 19124 18481 17147 17139 17216 17512
17546 18254 18882 18879 18621 18385 18271 18169 18718 18308 18438 18197 17240 16660 17073 17901 18109 17892 17413 17509 17365 17457 17522 17407 17583 17697 17581 17443 17600 17416 17350 17412 17493 17479 17509 17579 17668 17546 17760 18026 18107 17863 18030 18403 18505 18507 18778 19178 20076 21235 21607 21498 20947 20771 21630 22168 22953 23400 23060 23201 23949 24963 25746 26146 26301 26006 25970 25832 24533 22870 21432 20360 19230 18085 17020 17227 17499
17759 18707 18963 19130 19049 18671 18392 18598 19082 17772 17531 16821 15485 14578 15044 16096 17659 18064 17685 17204 17351 17371 17508 17102 17421 17703 17644 17667 17643 17635 17384 17427 17488 17642 17545 17324 17784 17887 18002 18200 18199 18342 18416 18607 19030 19148 19238 19757 20877 21566 22046 21967 21199 20656 21660 22714 23096 23955 23902 23858 25040 25527 25791 26025 26413 26066 26192 26709 26698 24021 22275 21377 19746 18910 17339 17316 17053
18206 18811 18989 19197 19375 19264 18993 19046 19026 17766 16609 15948 14411 14393 14410 14586 16642 18175 18089 17742 17255 17142 17126 17018 17536 17575 17626 17814 17705 17361 17362 17622 17337 17496 17351 17529 17805 18062 18302 18064 18330 19148 19247 19092 19134 19176 19449 20096 21424 21933 22540 22530 21256 20457 21242 22504 22930 23612 23908 24469 25278 25661 25853 25960 26401 26437 25948 26635 26652 24542 23470 22565 20405 18759 17617 17060 16783
18847 19225 19263 19394 19715 19682 19311 19330 18920 17755 16551 15289 14307 14071 14112 14347 15785 17687 18293 18055 17518 17230 16962 17123 17436 17393 17674 18102 18109 17196 17494 17649 17363 17419 17815 17806 18028 18345 18785 18915 19172 19579 19671 19556 19086 19039 20136 20428 21535 21954 22654 22644 21985 22241 21357 21764 22515 23477 23802 24615 25077 25308 25714 25834 25870 26190 25955 25944 25947 25693 24327 24049 22688 20254 18454 17798 17088
19991 20075 20157 19773 19898 20103 19939 19722 18853 17170 16731 15880 14828 14529 14367 14682 16049 17495 18176 17905 17558 17230 17209 17320 17314 17482 17579 18018 18040 17503 17720 17802 17823 17839 17766 18365 18391 18283 18827 19069 19283 19261 19636 19661 19436 19328 19962 20150 20578 21302 21912 21886 22163 22379 21497 21654 22181 22388 23387 24529 25058 25030 25187 25431 25568 25825 25895 25993 25972 25837 25638 25533 24491 22460 21210 20212 19349
20561 20825 20666 20307 20030 20176 20156 19533 18977 18608 18213 17392 16156 15380 15221 15987 16869 18232 18214 18008 17567 17311 17295 17503 17458 17250 17382 17701 17944 17946 18198 18195 18051 17927 18316 18369 18303 17967 17580 17859 17936 18314 19112 19375 19496 19484 19817 20348 20926 21476 21809 22053 21975 21948 21525 21753 22199 22421 23271 24369 25435 25675 25155 25151 25637 25861 26078 25890 25616 25803 25844 25935 25915 25351 24288 23233 22387
20840 21027 20855 20679 20267 19711 19640 19648 19715 19327 18482 17555 17189 16568 16593 17193 17664 18470 18317 17660 17543 17265 17490 17498 17536 17534 18085 18262 18489 18534 18600 18636 18704 18656 18458 18467 18554 18497 18049 18048 17145 18263 19651 20060 19872 20156 20313 20350 20825 21079 21119 22061 22185 21872 21472 22224 22414 22796 23093 24158 25348 25582 25374 25616 25873 25790 25820 25515 25206 25469 25643 25815 26044 25883 25506 25457 24752
21144 21689 21540 21316 20944 20578 19814 19602 19532 19488 19092 18594 17915 17953 18046 18415 18993 19085 18443 18034 17793 17572 17522 17521 17851 18438 18855 18814 19139 19863 19819 19588 19506 19581 19363 18969 19039 18992 18459 18009 17729 19069 19713 20172 20013 20284 20693 20524 21385 21980 22359 22654 22663 22119 22281 22574 22851 23066 23822 24171 24393 24697 25161 25472 25594 25145 24939 24492 24799 24951 25473 25872 25760 25634 25586 25785 25804
21595 21601 21539 21638 21354 21142 20241 19882 19468 19541 19630 19862 19862 19659 19558 19586 19515 19458 18747 18710 18179 18215 18181 18067 18630 19627 19793 18905 18153 19757 20628 20838 20310 20082 19897 19713 19902 19381 18907 18754 19081 19558 19947 20117 19955 20225 20725 21006 21512 22172 22596 22792 22780 22642 22631 23047 23244 23708 24048 24043 23881 24328 24579 24781 24676 24476 24256 24264 24179 25149 24977 25268 25473 25446 25588 25951 25908
21674 21983 22327 22212 21929 21555 20862 20234 19792 19740 19827 20071 20355 20166 20062 19872 19850 19630 19123 19195 19211 19401 19382 19290 19898 20710 20026 17740 15926 17920 20457 21527 20864 20281 20384 20431 20314 20502 20141 19534 19391 20154 20553 20346 20504 20909 21393 21618 21690 22278 22645 22794 22968 23040 23235 23116 23253 23728 23758 23819 23682 24117 23986 23788 23840 24527 24445 23953 24772 25467 25338 25070 25245 25758 25949 26258 26520
21752 22154 22401 22398 22290 21707 21020 20676 20656 20173 19984 20277 20536 20289 20105 20657 20629 20205 19823 20090 20067 19673 20328 20470 20811 21454 20796 18569 16855 18515 20829 21882 21496 21163 21030 21107 20937 21022 20646 20325 20677 21148 20986 20460 20809 21047 21588 21790 22139 22360 22644 22845 22954 23174 23282 23258 23101 23469 23469 23378 23594 23802 23697 23259 23459 23901 23933 23988 24730 24983 24852 25054 25301 25812 26067 26662 26802
21964 21950 22261 22361 22162 21671 21438 21283 21052 20955 20571 20835 20993 21578 21644 21673 21457 21224 21172 20773 20402 20827 21290 21610 21228 21456 21853 21039 19885 20985 22382 22374 21953 21866 21708 21515 21336 21448 21416 21534 21378 21568 21058 20969 21269 21466 21693 21800 22102 22374 22394 22578 22770 23116 23324 23285 22657 22874 22809 22986 23228 23825 23809 23383 23201 23231 23226 23607 23872 24003 24354 24520 24913 26060 26394 26280 26557
21987 21907 22051 21882 21735 21600 21811 21936 21938 21441 21567 21495 21546 21855 22042 22182 22179 21720 21597 21407 21327 21708 21631 21899 21553 21425 22156 22475 22536 22475 22854 22879 22341 21924 21629 21667 22019 21716 21834 21898 21674 21618 21031 21092 21202 21290 21685 21666 21844 21825 22008 22164 22509 23105 23057 22892 22261 22191 22353 22417 22944 23311 23317 23133 22779 22550 22791 23395 23393 23948 24159 24379 24725 25566 26282 26426 26797
20780 21962 22422 22361 21971 21774 21907 22002 22091 22300 22266 22041 21833 22277 22543 22576 22524 22543 22245 21818 21370 21504 21464 21530 21610 21766 22158 22367 22361 21844 22652 22778 22074 20877 20450 21093 21883 22040 21901 21856 21624 21192 21184 21267 21112 21318 21664 21610 21550 21431 21638 22247 22145 22558 22649 22163 22194 22254 22328 22174 22200 22359 22473 22406 22159 22261 22316 23092 23065 23261 23274 23883 24098 23965 24648 25971 26999
21907 22272 22415 22360 22080 21818 21819 21946 22081 22328 22307 22044 21869 22262 22868 23171 23111 22687 22365 21841 21404 21645 21673 21399 21452 21681 21970 22064 22037 21482 22121 22140 21126 19523 19367 20860 22296 22254 21987 21780 21614 21279 21356 21140 20992 21431 21740 21624 21672 21448 21286 21834 21909 22102 22073 21812 21676 21849 21895 21727 21749 21674 21711 21703 22009 21969 21923 22087 22146 22179 22433 22874 23122 23180 23886 25343 26415
22073 22152 22133 22161 21947 21370 21305 21325 21617 22073 22083 21962 21614 22111 22866 23359 23440 23112 22247 21592 21652 21953 21947 21605 21047 21223 21677 21938 22025 21779 21995 21982 20378 18398 19083 20992 21872 21440 20336 21482 21585 21654 21692 21125 21092 21110 21098 21277 21489 21721 21478 21456 21499 21552 21488 21365 21234 21297 21609 21697 21327 21409 21534 21538 21654 22063 21844 22221 22212 21944 22341 22810 23304 23883 23920 24949 26066
21704 21632 21927 21828 21511 21402 21337 21130 21294 21328 21211 21169 21023 21190 22153 22707 23357 23361 22919 22411 22038 22017 21659 21411 20931 20896 21150 21634 21742 21952 22020 21955 20559 19399 20202 21692 21679 20163 19057 19920 20985 21488 21400 21279 20932 21102 21160 21167 21250 21472 21535 21401 21698 21685 21453 21214 21302 21524 21673 21782 21635 21665 21984 21868 21157 21679 21782 21874 21742 21634 22119 22946 23583 24393 24443 24559 25361
21089 20959 21058 20877 21161 21011 20847 20423 20448 20583 20414 20301 20345 20735 21516 22080 22487 22991 23076 22077 22394 22259 21883 21409 21150 21415 21620 21635 21314 21941 22132 21807 20225 19450 20741 21649 21415 19486 18107 18405 20546 21372 21715 21704 21337 21265 21238 20864 20939 21023 21140 21653 21794 21640 21416 21513 21333 21498 21577 21489 21550 21539 22077 22039 20694 21269 21690 21835 21719 21403 22177 22690 23416 24078 24200 24996 25564
20803 20938 20818 20635 20531 19999 19816 19361 19117 19185 19118 19368 19685 20242 21084 21186 21324 22374 22667 22350 22953 22579 21934 21692 21259 21684 21726 21490 21198 22023 22037 21502 20095 19876 21212 22423 22234 20788 19315 18659 20467 21527 21660 21652 21477 21435 21371 21028 21151 21221 21061 21106 21479 21244 21428 21996 21855 21385 21463 21359 21287 21196 21301 21281 20872 21240 21750 22187 22137 21474 22156 22301 22573 23155 23676 24792 25608
20552 20317 19823 19537 19129 17624 18214 18117 17843 17719 18022 18330 18896 19667 19620 19472 19121 20133 21388 22263 22556 22496 22212 21959 21599 21468 20598 20876 21284 22012 22021 21373 20168 20962 21753 22792 22913 21587 20069 19929 20666 21188 21022 21278 21356 21501 21320 21240 21178 21265 21106 21098 21454 21421 21651 22568 22472 22043 21826 21804 21379 20815 21232 21159 20964 21305 21608 21900 21845 21486 22281 22595 22567 23096 23717 24377 25083
19849 19685 18731 18367 17976 17413 17518 17470 17085 16915 17286 17767 18600 18512 18182 17953 17983 18316 19410 20162 21084 22399 22528 22205 21779 20976 21252 21357 21607 21606 21864 21864 21403 21864 21788 22142 22194 21435 21772 21608 21240 21019 20781 20629 20898 20926 20988 21123 20658 21011 21041 21130 21503 21492 21875 22184 22375 22399 22011 21868 21947 21138 21213 21140 20903 21494 21760 21721 21492 21829 22697 22768 22650 22785 23558 24257 24699
19283 18899 17848 17092 17095 17164 16712 17068 16899 16752 17029 17393 17869 17352 17021 16994 17164 17019 17719 18444 19940 21568 22367 22358 21716 21645 21573 21648 21772 21660 21723 21723 21458 21412 21591 21545 21533 21351 21530 21717 21788 21498 21362 21325 20733 20778 21062 21190 20882 20845 21046 21153 21205 22224 22539 22537 22364 22306 22040 22195 22169 21570 21134 20996 20931 21415 21616 21611 21630 22127 22750 22902 23162 22967 23091 23495 23773
19383 18132 17183 16666 16836 16463 14733 15397 16818 16756 16804 17226 17430 16510 16262 16335 16316 16229 16941 17575 19428 21695 22131 22338 22634 22168 22000 22016 21787 21541 21676 21372 21709 21703 21255 21631 21747 21801 22497 22348 21962 22102 22072 21895 21417 21346 21592 21345 20725 21259 21247 21563 21862 22566 22735 22548 21935 21972 22038 22187 22184 21713 21322 21147 21136 21729 21921 21598 21552 21802 22524 23416 23778 24085 23848 23496 23532
19124 17870 17113 16867 16867 16576 14695 14671 16660 16556 16550 16794 17056 15751 15845 15963 15968 15916 16531 17288 19284 20933 22274 22480 22405 22247 22358 22159 21722 21619 21665 21317 21699 21595 21318 21898 22302 22235 22789 22559 21262 21651 22508 22503 22238 22109 22298 22300 21604 21680 21608 21634 21502 22085 22176 21761 21656 21740 21813 21876 21720 21489 21220 21040 20953 21862 22245 22134 21741 22405 22712 23336 23621 24249 24512 24399 24274
19058 18038 17211 16908 16947 16825 16516 16405 16634 16521 16404 16692 16660 16250 15901 15918 15842 15894 16575 17188 18535 20575 22423 22453 21602 22131 22183 22008 21600 19871 19938 21420 21473 21464 21670 21676 21854 21798 22783 22725 22562 21694 22835 22681 22283 22154 22674 22688 22055 21702 21907 22051 22134 22483 22447 22272 22114 22163 21733 21355 21541 21135 21125 20776 21170 21941 22693 22821 22573 22585 22347 22967 23562 24202 24611 24379 24155
