Alternative/Moon/Lvl0_30x30/Ele_FJ.asc
ncols         335
nrows         335
xllcorner     10107491.657
yllcorner     -10077166.958
cellsize      10000
nodata_value  -9999.0
[rows 136 to 169 of 335, columns 154 to 230 of 335]
23259 23066 22851 22799 22881 22892 22897 22871 22894 22957 23046 23168 23308 23584 23716 23856 23979 24302 24063 24044 24056 24108 24137 24161 24237 24293 24348 24342 24272 24335 24426 24431 24398 24200 23944 23781 23709 23652 23502 23235 23028 22800 22541 22448 22354 22145 21957 21934 21792 21608 21467 21383 21285 21210 21086 20759 20497 20175 20015 19943 19895 19842 19796 19545 19510 19774 20057 20271 20455 20464 20436 20394 20323 20241 20102 19975 20040
23566 23467 23405 23464 23529 23515 23499 23546 23690 23730 23756 23863 23974 24085 24199 24298 24352 24359 24587 24738 24733 24663 24601 24587 24632 24601 24639 24751 24846 24811 24757 24760 24753 24545 24530 24455 24377 24321 24290 24269 24175 23962 23768 23503 23261 22942 22709 22556 22515 22574 22496 22323 22138 21819 21573 21271 20999 20718 20695 20835 20947 21013 20986 20848 20831 21098 21341 21450 21421 21123 20824 20624 20573 20366 20109 19916 19970
23885 23911 23986 24165 24348 24492 24579 24746 24928 25141 25252 25277 25167 25157 25142 25084 25104 25112 25096 25018 25073 25176 25199 25183 25199 25321 25506 25549 25629 25557 25412 25155 25147 25117 25011 24879 24752 24629 24557 24397 24258 24038 23715 23626 23537 23342 23200 22980 23098 23129 22923 22606 22359 22129 21954 21851 21745 21524 21347 21435 21413 21340 21167 20911 20945 21232 21471 21538 21501 21231 20791 20380 20065 19723 19527 19486 19517
25328 25270 25325 25143 25242 25759 26123 26210 26290 26575 26597 25885 25724 26407 26580 26453 26589 26658 26565 26534 26519 26224 25886 25794 25800 25775 25726 25801 25943 26023 26021 25838 25626 25400 25186 25062 24979 24825 24657 24527 24365 24075 24033 23788 23587 23303 23251 23149 23108 23097 22830 22583 22285 21904 21762 21659 21580 21404 21215 21160 21126 20977 20816 20621 20516 20666 20932 20983 20934 20641 20379 20191 19990 19626 19303 19123 18948
25708 25803 25892 26004 26152 26297 26426 26618 26732 26741 26753 26604 26707 26853 26817 26816 26882 26929 26891 26775 26739 26306 25988 25917 25884 25824 25817 25937 26017 25993 25873 25653 25474 25300 25105 25020 24907 24751 24673 24619 24597 24497 24300 24104 23951 23718 23513 23506 23483 23306 23114 22938 22769 22533 22204 21858 21742 21624 21528 21508 21396 21172 20997 20796 20647 20455 20590 20647 20645 20558 20376 20275 20035 19832 19703 19644 19677
25659 25848 25973 26078 26125 26183 26165 26489 26595 26569 26650 26661 26654 26683 26730 26775 26669 26449 26383 26377 26346 26206 25940 25769 25715 25655 25634 25681 25681 25633 25558 25433 25243 24992 24921 24975 24957 24779 24677 24626 24635 24638 24610 24549 24489 24471 24311 24156 24059 23910 23672 23425 23330 23217 23081 22877 22663 22445 22303 22164 22064 21767 21674 21465 21400 21273 21325 21248 21105 20872 20670 20568 20624 20729 20815 20795 20790
25581 25657 25740 25850 25812 25945 25958 26140 26254 26364 26350 26341 26352 26335 26251 26124 25964 25814 25622 25500 25417 25300 25276 25186 25069 24904 24829 24802 24798 24802 24797 24708 24708 24617 24543 24533 24549 24629 24635 24608 24683 24701 24663 24615 24616 24650 24687 24674 24648 24601 24556 24556 24511 24472 24405 23983 23667 23412 23236 22992 22767 22500 22207 21990 21913 21897 21911 21899 21790 21620 21630 21663 21656 21697 21672 21664 21714
25515 25539 25544 25530 25535 25583 25612 25684 25687 25714 25702 25684 25676 25637 25573 25433 25280 25213 25240 25183 25203 25183 25018 24886 24802 24688 24500 24342 24254 24192 24203 24193 24269 24360 24446 24453 24430 24487 24494 24504 24572 24615 24597 24642 24701 24835 24873 24837 24744 24810 24900 24871 24815 24688 24686 24547 24469 24357 24183 24019 23867 23632 23409 23244 23154 23093 23026 22872 22757 22712 22662 22676 22820 23000 23083 23217 23231
25366 25445 25509 25493 25456 25388 25261 25117 25031 24871 24877 24863 24868 24895 24857 24876 24868 24901 24881 24928 24990 24977 24909 24622 24360 24269 24250 24207 24155 24016 23866 23869 23889 24021 24167 24316 24377 24511 24613 24754 24789 24869 24946 25005 25015 25022 25021 24984 24971 25192 25261 25191 25019 24825 24692 24546 24464 24373 24285 24200 24085 23899 23708 23693 23811 23829 23943 23985 23855 23744 23499 23539 23781 24097 24305 24420 24412
24776 24770 24753 24733 24749 24499 24237 24095 24028 23957 23952 23978 23986 23979 24021 24057 24056 23997 23944 23902 23939 23975 23947 23910 23900 23879 23816 23817 23818 23814 23719 23752 23808 23990 24244 24378 24379 24506 24609 24670 24692 24690 24773 24757 24823 24797 24791 25048 25232 25385 25475 25409 25274 25061 25033 25044 25053 25055 24944 24831 24790 24655 24768 24812 24763 24707 24696 24612 24399 24259 24056 24192 24336 24570 24582 24715 24772
23857 23670 23624 23664 23665 23651 23599 23608 23591 23547 23533 23438 23337 23327 23263 23264 23237 23201 23195 23136 23093 23110 23191 23253 23300 23394 23467 23510 23566 23611 23807 23972 24085 24235 24346 24381 24394 24484 24497 24517 24494 24264 24298 24345 24459 24738 25078 25224 25433 25470 25433 25366 25243 25076 25141 25098 25006 25002 24836 24655 24599 24801 25092 25285 25385 25416 25390 25261 25160 24943 24896 24828 24771 24749 24590 24493 24658
23304 23339 23338 23349 23339 23297 23225 23141 23066 22958 22896 22872 22863 22850 22825 22800 22855 22895 22911 22911 22863 22793 22849 22942 23113 23262 23407 23577 23659 23779 23901 24113 24170 24257 24350 24371 24372 24470 24494 24499 24496 24631 24671 24787 25028 25172 25213 25218 25202 25233 25267 25315 25446 25492 25488 25413 25299 25136 24888 24704 24596 24826 25121 25407 25558 25603 25581 25408 25198 25290 25314 25331 25331 25271 25045 24818 24762
22928 23101 23212 23182 23112 22947 22835 22773 22746 22652 22598 22581 22601 22726 22770 22848 22841 22776 22826 22918 23074 23223 23420 23536 23773 23951 24123 24296 24396 24452 24504 24481 24432 24424 24394 24444 24456 24459 24518 24614 24728 24793 24864 24934 25095 25211 25210 25191 25093 24967 25080 25288 25480 25569 25583 25535 25432 25210 24931 24711 24532 24539 24663 24835 25065 25235 25242 25181 25044 24914 25040 25184 25247 25229 25010 24778 24554
22745 22794 22815 22825 22805 22758 22765 22756 22636 22732 22840 23018 23073 23165 23077 23368 23470 23472 23512 23527 23517 23586 23766 23899 24013 24238 24366 24566 24741 24878 24933 25026 25089 25149 25194 25208 25207 25162 25066 25075 25039 25057 25052 25032 25030 25066 25036 25036 24977 24868 24949 25070 25247 25240 25195 25129 25032 24870 24665 24430 24177 24036 23966 24015 24051 24214 24415 24611 24670 24592 24526 24452 24424 24368 24235 24038 23813
22253 22234 22206 22239 22272 22399 22531 22686 22809 22996 23221 23508 23680 23735 23666 23546 23417 23055 22655 22242 21917 21700 21467 21444 21594 21818 22095 22297 22723 23121 23528 23860 24104 24450 24711 24890 25069 25169 25265 25288 25294 25243 25161 25077 24981 24905 24859 24743 24658 24598 24580 24601 24521 24486 24358 24223 24178 24238 24251 24215 24051 23761 23566 23414 23243 23279 23495 23953 24311 24399 24282 24187 24117 23996 23784 23497 23260
21961 22044 22101 22192 22276 22498 22728 22945 23130 23421 23634 23808 23807 23643 22950 22355 21811 21132 20533 20113 20238 20425 20487 20470 20484 20391 20233 20335 20322 20487 20827 21031 21384 21547 21870 22049 22409 22849 23418 23888 24344 24853 25058 25039 24918 24809 24662 24510 24427 24316 24222 24187 24158 24036 23875 23723 23572 23421 23423 23481 23466 23361 23297 23315 23359 23508 23679 23765 23805 23750 23741 23878 23936 23907 23858 23759 23715
21854 21949 22044 22092 22237 22475 22731 22971 23218 23526 23817 23836 23573 22883 22053 21285 20639 19989 19985 20116 20356 20508 20515 20371 19981 19448 19133 19269 19290 19264 19337 19453 19592 19635 19780 20048 20379 20881 21538 22187 22739 23415 23944 24586 24774 24738 24571 24390 24257 24162 24044 23876 23733 23595 23458 23260 23138 22980 22842 22912 23153 23231 23148 23189 23419 23629 23904 24042 24043 23984 23833 23881 23904 23905 23911 23915 23924
21650 21711 21788 21995 22205 22477 22709 22952 23240 23586 23823 23821 23167 22321 21363 20534 19836 19535 19827 19854 19747 19646 19429 19101 19160 18990 18454 18164 18238 18516 18870 19088 19258 19440 19723 19849 19996 20035 20102 20666 21265 22051 22844 23666 24287 24427 24220 24020 23863 23778 23650 23572 23492 23386 23271 23204 23171 23025 22971 23145 23276 23303 23203 23165 23246 23461 23746 23870 23934 24022 23972 23766 23808 23901 23890 23818 23578
21777 21911 22059 22247 22403 22587 22802 23130 23382 23663 23774 23582 22995 22046 21115 20150 19517 19160 19013 18995 18754 18375 18034 18152 18263 18493 18477 18184 18009 18026 18209 18429 18584 18967 19271 19442 19414 19297 19608 20441 21152 22067 23037 23780 24304 24375 24142 23928 23849 23773 23740 23655 23618 23605 23684 23672 23595 23443 23350 23298 23268 23239 23082 23061 23165 23300 23333 23450 23553 23622 23703 23741 23658 23383 23142 22938 22644
22112 22301 22442 22618 22788 22936 23066 23258 23464 23736 23805 23366 22916 21901 21024 20180 19492 18720 18237 18022 17929 17781 17797 17967 18129 18216 17962 17758 17827 17887 18014 18135 18201 18359 18391 18452 18727 19260 19995 20868 21611 22478 23332 24068 24426 24337 24184 24040 23965 23961 24000 24055 24052 24036 23947 23753 23567 23304 23043 22934 22861 22799 22804 22877 22881 22805 22849 22919 23103 23212 23178 23089 22930 22787 22604 22434 22182
22518 22747 22907 23056 23180 23283 23317 23398 23500 23730 23824 23813 23627 23106 22301 21829 21241 20680 20206 19703 19347 18882 18625 18400 18084 18191 18067 18141 18218 18406 18557 18831 18951 18946 18933 19359 19708 20266 20952 21664 22288 23030 23782 24258 24430 24310 24176 24034 23926 23849 23945 23950 23940 23863 23711 23390 23164 22804 22541 22211 22120 22108 22114 22057 21980 21988 22124 22138 22312 22543 22667 22711 22708 22406 21934 21587 21277
23096 23356 23550 23676 23685 23610 23438 23410 23447 23503 23594 23637 23702 23635 23673 23667 23657 23472 23076 22693 22167 21796 21507 21134 21066 20779 20946 20763 20918 21026 21281 21320 21491 21515 21604 21927 22035 22552 22958 23450 23810 23977 24085 24124 23946 23640 23482 23441 23342 23279 23198 23126 23025 22753 22506 22271 22126 21937 21851 21828 21845 21893 21876 21776 21614 21351 21609 21711 21697 21728 21800 22002 22040 21867 21473 21132 20974
23196 23394 23603 23648 23594 23409 23290 23138 22969 22849 22763 22793 22935 23046 23261 23456 23723 23850 23901 23900 23802 23771 23757 23752 23737 23675 23668 23736 23808 23919 23974 24047 24009 23934 23903 23936 23957 24008 24044 23980 23979 23830 23510 23213 22913 22505 22197 22146 21938 21819 21568 21374 21211 21040 20860 20800 20770 20840 20987 21041 21038 20938 20775 20800 20870 20893 20985 21105 21137 20986 20938 21018 21051 20993 20906 20871 20893
23319 23364 23424 23318 23073 22836 22591 22421 22331 22233 22153 22187 22255 22368 22485 22598 22735 22853 23046 23252 23345 23425 23471 23492 23484 23542 23555 23652 23677 23717 23724 23710 23676 23615 23551 23610 23520 23489 23316 23128 22914 22666 22372 22086 21858 21535 21221 21021 20745 20519 20392 20250 20115 19992 19899 19762 19682 19651 19729 19679 19810 19665 19688 19759 19813 19832 19912 20006 20038 20013 19987 20092 20106 20198 20379 20579 20693
23767 23551 23345 23224 22982 22719 22465 22246 22104 21986 22004 22006 21984 21992 22046 22166 22289 22388 22566 22712 22842 22899 22906 22879 22788 22758 22726 22672 22596 22623 22622 22634 22706 22766 22800 22775 22755 22608 22463 22245 22054 21837 21584 21299 21135 20871 20604 20330 20156 19935 19699 19580 19513 19392 19237 19088 18936 18753 18631 18488 18499 18635 18877 19099 19248 19451 19641 19713 19669 19540 19577 19745 20010 20248 20426 20564 20680
24553 24322 24118 23983 23813 23610 23525 23361 23198 23144 23134 23078 23068 23053 22940 22860 22913 22829 22751 22640 22657 22588 22476 22404 22302 22165 22015 21994 21981 22017 22099 22138 22117 22028 21987 22025 21909 21679 21358 21175 21050 20889 20716 20691 20605 20406 20117 19849 19661 19466 19291 19103 18941 18720 18449 18196 18117 18132 18138 18165 18177 18308 18469 18668 18821 19091 19340 19513 19699 19902 20000 20085 20241 20553 20684 20636 20479
25265 25179 25133 24991 24930 24879 24875 24740 24666 24560 24510 24445 24453 24474 24464 24276 24137 23864 23594 23443 23321 23111 23008 22899 22776 22682 22578 22429 22316 22263 22156 21968 21680 21306 21119 20905 20755 20541 20400 20380 20371 20376 20257 20052 19939 19835 19608 19436 19368 19289 19138 18993 18875 18716 18612 18513 18443 18457 18472 18553 18645 18842 18906 19046 19199 19308 19476 19862 19980 20188 20464 20791 20982 21092 21070 20941 20631
26059 25979 25941 25970 26039 26100 26163 26201 26149 26020 25773 25536 25358 25169 25022 24775 24663 24448 24193 24037 23904 23778 23578 23389 23245 23056 22846 22601 22459 22358 22245 22002 21683 21228 20895 20656 20467 20295 20213 20101 20061 19969 19745 19959 20154 20359 20497 20546 20619 20561 20399 19977 19690 19440 19314 19292 19350 19483 19649 19865 20072 20343 20575 20692 20807 20839 20596 20201 19983 20063 20282 20599 20761 20850 20748 20638 20456
26666 26655 26536 26738 26768 26748 26814 26785 26564 26216 25900 25636 25443 25251 25093 24939 24783 24564 24356 24176 24064 23941 23772 23590 23436 23203 22929 22639 22468 22501 22466 22283 22045 21718 21321 20997 20741 20575 20389 20375 20309 20318 20351 20574 20764 20921 21034 21073 21050 20937 20559 20169 19803 19710 19602 19544 19487 19660 19932 20189 20395 20605 20839 21034 21121 21126 20955 20662 20437 20310 20225 20208 20217 20227 20205 20111 19933
26965 26913 26824 26766 26806 26842 26784 26754 26585 26300 26140 25962 25794 25630 25441 25277 25122 24866 24651 24431 24304 24168 24004 23836 23764 23626 23453 23294 23180 23052 22880 22588 22415 22168 21893 21665 21465 21214 20997 20786 20780 20826 20879 20825 20785 20848 20835 20728 20632 20484 20261 20076 19963 19869 19794 19631 19592 19549 19711 19940 20110 20319 20538 20784 20750 20756 20699 20623 20638 20712 20782 20781 20761 20727 20635 20493 20332
27161 27151 27040 26970 26988 26960 26862 26726 26599 26440 26275 26197 26087 25939 25790 25601 25422 25208 24996 24842 24720 24644 24510 24414 24289 24133 24033 23912 23737 23522 23331 23135 23017 22906 22628 22430 22254 21937 21803 21686 21556 21446 21244 21083 20951 20875 20790 20723 20658 20561 20509 20468 20353 20236 20162 20075 20006 19937 19832 19758 19699 19832 19982 20044 20128 20224 20412 20617 20805 21054 21207 21291 21329 21346 21367 21313 21207
27990 27875 27886 27892 27765 27586 27425 27285 27108 26789 26613 26571 26542 26472 26470 26415 26273 26043 25824 25639 25511 25407 25409 25351 25216 24988 24756 24532 24407 24240 24121 23945 23844 23726 23520 23285 23049 22925 22759 22492 22271 22115 21930 21726 21570 21388 21188 20993 20861 20774 20708 20607 20516 20377 20223 20173 20173 20130 20052 19960 19859 19750 19764 19915 20061 20284 20506 20671 20854 21061 21177 21235 21269 21253 21249 21273 21338
28255 28241 28152 28018 27863 27640 27526 27506 27469 27213 26967 27002 26940 26823 26698 26577 26439 26269 26079 25955 25855 25911 25878 25757 25583 25379 25212 25050 24944 24776 24653 24500 24334 24182 23993 23831 23609 23413 23202 22852 22620 22683 22508 22370 22248 22117 21948 21771 21636 21439 21162 20915 20694 20363 20221 20184 20169 20112 20064 19958 19848 19748 19771 19870 19944 20044 20188 20294 20405 20539 20656 20741 20729 20663 20705 20739 20753
27716 27706 27775 27746 27594 27247 27156 27255 27254 27208 27040 26961 26847 26626 26442 26296 26182 26098 25953 25882 25821 25820 25817 25734 25625 25502 25407 25262 25061 24830 24712 24551 24376 24273 24113 23944 23717 23454 23384 23320 23168 22986 22960 22832 22611 22403 22362 22195 22054 21860 21551 21209 20920 20605 20426 20262 20160 20048 19942 19911 19887 19819 19684 19516 19467 19447 19407 19485 19593 19587 19565 19588 19601 19651 19695 19690 19682
