Alternative/Moon/Lvl0_30x30/Ele_BF.asc
ncols         335
nrows         335
xllcorner     -3292508.343
yllcorner     3322833.042
cellsize      10000
nodata_value  -9999.0
[rows 102 to 135 of 335, columns 231 to 307 of 335]
15214 15227 15228 15227 15228 15243 15258 15266 15278 15296 15298 15306 15329 15381 15427 16002 16682 16975 18551 19791 21217 21357 20780 20041 19099 18142 17691 17756 17538 17362 17074 16892 16642 16406 16254 16220 16082 15638 15835 15967 15893 15726 15529 16113 16106 16412 17767 18728 19655 19583 18137 18162 18471 18729 18824 18711 17915 16646 16381 16149 15704 15547 15329 15225 15180 15277 15447 15774 15580 15364 15615 15685 15851 15542 15417 15455 15455
15227 15234 15248 15252 15265 15274 15283 15287 15292 15296 15311 15311 15344 15517 16017 16201 17327 18656 19420 19958 20704 20833 20517 19989 19250 18272 17008 16733 16462 16320 16460 16446 16331 16148 15638 15649 15615 15372 15331 15368 15329 15248 15268 15318 15580 15878 16675 17331 18394 18765 18753 18844 19544 19522 19003 17978 16380 15459 15384 15479 15448 15321 15251 15215 15248 15209 15274 15501 15444 15414 15733 15749 16036 15709 15573 15411 15486
15257 15266 15271 15279 15288 15297 15312 15310 15317 15331 15593 15710 15878 16046 16180 16995 18365 19312 19118 18979 18830 19192 19159 18498 18429 17405 16489 16347 15864 15957 16162 16142 16018 15953 15623 15373 15318 15256 15194 15205 15097 15115 15114 15176 15364 15342 15759 16364 16824 18180 18509 18618 19071 19199 18773 17578 15989 15287 15211 15265 15369 15412 15363 15324 15301 15323 15358 15432 15442 15516 15253 15682 15900 15598 15543 15491 15428
15294 15284 15289 15304 15315 15326 15355 15584 16239 16485 16608 16939 16924 17029 17702 18859 19202 19220 18953 18218 18245 18321 17920 17399 17333 16717 16023 16034 15976 15615 15701 15731 15347 15195 15147 15132 15224 15267 15208 15223 15156 15198 15216 15271 15325 15490 15772 15866 16427 16796 17067 17207 17779 17927 17783 17338 16049 15242 15209 15214 15191 15183 15197 15252 15306 15295 15175 15671 16109 15617 15503 15930 16158 15722 15876 15904 15664
15324 15519 15334 15357 15372 15514 15692 16103 16404 16915 17170 17217 16990 17371 18659 19168 19258 18713 17923 18025 18097 18021 18038 17610 17078 16652 16389 16128 15953 15357 15016 15197 15169 15144 15069 15090 15111 15163 15496 15749 16227 16615 16779 16756 16217 15745 15817 15876 15916 15984 16232 16293 16605 17242 17482 17224 15890 15210 15206 15203 15140 15113 15233 15213 15241 15186 15137 15605 15827 15317 15291 15598 15589 15594 16353 16516 15912
15355 15529 15555 15788 15811 15690 16072 16296 16852 17037 17181 17079 18046 18802 18981 18951 18388 17928 18022 18153 18194 18207 17980 17702 16964 16509 16434 16269 15579 15415 15048 15060 15036 15021 15015 15029 15043 15179 15753 16462 17104 17070 17380 17424 16429 15631 15600 15635 15677 15605 15780 15882 16147 16470 16514 16036 15639 15197 15091 15059 15051 15124 15020 15072 15109 15143 15181 15193 15179 15230 15230 15152 15350 15914 17080 17162 16223
15985 16183 16339 16208 16276 16679 16852 16959 17136 17614 18180 18607 19048 19198 18775 18263 18000 18540 18456 18285 18133 17973 17596 17188 16694 16428 16301 16156 15584 15435 15037 14999 15008 15017 15032 15040 15078 15053 15384 16211 16706 16509 16533 16647 16091 15183 15262 15347 15356 15424 15460 15444 15788 15954 15848 15695 15585 15364 15237 15174 15152 15130 15093 15042 15045 14992 15075 15163 15192 15204 15259 15248 15346 15893 17106 17246 16776
16956 17059 16989 17449 18342 19027 19191 19422 19620 19639 19259 19218 19128 18682 18163 18293 18426 18507 18413 17946 17558 17004 16770 16483 16083 15680 15410 15471 15530 15242 15002 15042 15083 15000 15136 15224 15324 15262 15182 15282 15525 15439 15189 15307 15231 15033 15150 15028 15119 15177 15214 15231 15241 15261 15380 15431 15423 15374 15281 15271 15218 15205 15106 15057 14996 14994 14999 15013 15157 15106 15160 15120 15129 15217 16045 16699 16684
18390 18146 18216 18633 19053 19285 19459 19447 19574 19553 19151 19006 18543 17828 17966 18435 18440 17942 17523 17563 17210 16787 16181 15480 15424 15256 15255 15618 15567 15450 15151 15316 15197 14962 14974 15046 15213 15178 15127 15083 15087 15143 15086 15001 15051 15104 15063 15074 14998 15045 15063 15053 15026 15039 15043 15050 15172 15246 15295 15280 15258 15198 15102 15005 14995 14957 14974 14995 15034 15201 15044 15081 15117 15109 15158 15323 15418
18368 18167 18553 18551 18422 18738 18710 18573 18529 18412 17972 17741 17465 17738 17793 17681 17543 17267 17034 17028 16118 15407 15435 15354 15153 15191 15614 15617 15562 15227 15139 15223 15059 14856 14899 14852 14824 14820 14829 14885 14962 14887 14844 14858 14884 15090 15071 15006 14995 14964 14940 15092 15098 15012 15098 15081 15064 15053 15066 15111 15112 15089 15093 15027 15015 14962 14984 15099 15039 15081 15107 15081 15060 15058 15082 15108 15377
17809 18060 18454 18417 18156 17975 17930 17927 17898 17540 17220 17184 17235 17466 17322 17088 16804 16347 16261 16054 15722 15568 15499 15187 15130 15453 15759 15696 15355 15265 15071 15029 15045 14863 14925 14922 14887 15007 15011 14879 14904 14851 14867 14873 14911 14927 14994 14966 14911 14934 14977 14996 15062 15008 15086 15110 15089 15109 15081 15049 15004 14985 14980 14984 14995 15004 14979 15141 15118 15046 15045 15055 15076 15177 15145 15434 15509
16832 16956 17007 16928 17145 17281 17183 17127 17058 16889 16662 16797 17168 17239 16995 16323 16001 16179 16427 16383 15979 15671 15466 15510 15478 15799 15868 15677 15499 15440 15272 15321 15290 15249 15036 14875 14776 14905 14935 14839 15073 15017 15057 14975 14917 14924 14922 14912 14942 14968 14973 14976 14989 14984 14969 15044 15040 15097 15059 15017 14997 14990 15002 15148 15273 15090 15027 14993 15008 15060 15055 15095 15116 15215 15179 15487 15519
17245 17111 17083 17130 17182 17268 17230 16952 16705 16567 16408 16525 16586 16268 15925 15751 15716 15912 15939 15883 15871 15683 15528 15376 15468 15787 16066 16260 16297 16372 16120 15881 15726 15488 15277 15141 14913 14794 14856 15014 14999 14944 14903 14815 14953 14929 14888 14945 15133 15102 15010 14999 14999 14992 14986 15030 15077 15067 15017 15024 15003 14997 15010 15014 15024 15013 15032 15068 15057 15081 15116 15160 15134 15112 15180 15197 15200
17302 17179 17204 17167 17081 16929 16518 16406 16404 16490 16398 16294 15968 15357 15704 15580 14939 15580 15437 15250 15288 15480 15465 15389 15682 15708 15946 16061 16471 16673 16613 16196 15769 15471 15286 15149 15028 15085 15240 15297 15173 15178 14966 14955 14853 14925 15009 15053 15178 15144 15117 15085 15073 15006 15008 15023 15016 15011 15027 15023 15026 15012 15033 15081 15070 15060 15125 15172 15246 15181 15224 15219 15213 15384 15608 15661 15653
16903 16901 16907 16747 16517 16321 16284 16426 16488 16499 16038 15886 15519 15178 15521 15630 15553 15575 15311 15488 15491 15341 15375 15401 15471 15330 15363 15928 16472 16361 16423 15658 15388 15307 15240 15207 15074 15233 15274 15280 15174 15067 14944 14952 15038 15020 14971 15028 15085 15088 15074 15069 15066 15025 15005 14990 14985 14995 15019 15037 15031 15030 15095 15097 15125 15166 15151 15146 15251 15215 15269 15688 16011 15925 16028 16201 16112
15850 15990 15985 15739 15648 15937 16020 16035 15869 15643 15504 15545 15403 14876 14974 15389 15564 15432 15619 15816 16218 17166 17194 16595 15828 15365 15491 16079 16445 15953 15298 14974 15254 15002 15190 15159 14924 14962 15059 15130 15207 15215 15196 15228 15239 15287 15202 15136 14996 15029 15027 14993 15013 15041 15157 15103 15089 15077 15062 15074 15036 15050 15074 15147 15139 15172 15217 15271 15285 15505 15509 16061 17053 17414 17237 16285 15980
15640 15464 14971 14685 14951 15396 15495 15325 15271 15138 15244 15334 15147 15150 14973 15102 15137 15197 15788 16231 17132 18760 19119 18336 16910 15729 15784 15823 15904 15602 15203 15055 15086 14976 14789 14858 14860 14873 14871 15007 15141 15111 15144 15327 15308 15374 15334 15344 15152 14983 14955 14947 14978 15057 15198 15224 15187 15169 15104 15006 15066 15119 15125 15135 15188 15235 15278 15274 15879 16163 15883 16110 17260 17441 17419 16675 15785
14461 14725 14642 14528 14490 14311 14338 14972 15060 14841 14830 15054 15084 15084 14996 15243 15440 15155 15141 15681 17051 18848 19317 18677 17055 16005 15742 15710 15559 15526 15249 15099 15080 14958 14898 14723 14705 14718 14758 14854 14930 15025 15125 15292 15313 15606 15820 15858 15819 15412 15023 14943 14931 14996 15157 15123 15199 15155 15060 15182 15545 15633 15653 16444 17270 17218 16285 15949 16318 16346 15987 15968 16594 17065 16803 16480 16543
14009 14183 14273 14295 14157 13928 13942 14110 14237 14204 14490 14541 14668 14823 15004 15533 15698 15134 14987 15442 16800 18357 18721 18549 17187 16693 16519 16217 15976 16032 15793 15476 15279 15073 15032 14927 14684 14717 14862 14834 14871 14851 15043 15143 15586 15926 15830 15814 15929 15859 15540 15117 15005 14973 14935 15093 15172 15149 15102 15853 16742 17513 17773 18425 19052 18644 17162 16494 16600 16674 16054 15991 16038 16179 16515 16934 16687
13897 13864 13870 13893 13908 13917 13938 14151 14213 14179 14171 14259 14204 14576 14998 15406 15418 14954 14881 15164 15869 16345 16596 16822 16755 16845 17056 17417 17208 16153 16008 15826 15460 15305 15118 14960 14765 14683 14773 14897 14915 14892 15165 15278 15625 15718 14059 13045 14523 15839 15552 15187 14995 14962 14957 15039 15042 15043 15126 15827 16532 17513 18237 18757 19117 18519 17080 16437 17001 17106 16502 15974 16285 16371 16597 17060 16895
13844 13859 13873 13884 13905 13915 13917 13916 13981 13993 14075 14068 14064 14284 14590 14709 14568 14555 14516 14538 14771 14964 15136 15225 15453 15890 16765 17248 17130 16058 15756 15755 15535 15356 15161 14973 14794 14688 14563 14614 14689 14889 15095 15209 14634 15202 15882 15822 15740 15763 15381 15137 14996 14975 15013 15035 15116 15144 15139 15925 17269 17525 17794 18221 18446 17637 16554 16694 18069 18408 17352 16152 16131 15947 16003 15769 15676
13840 13847 13872 13878 13887 13893 13904 13908 13907 13920 13932 13941 13958 14021 14223 14240 14194 14236 14247 14413 14487 14449 14538 14581 14560 14730 15590 15908 16030 15953 15137 15272 15305 15174 15088 14903 14777 14788 14603 14592 14604 14756 14952 15281 15387 15436 15733 15642 15404 15292 15134 15036 15152 15116 15062 15052 15103 15156 15093 15492 17250 18141 18535 19080 19128 18070 17046 17810 18259 18590 17469 16440 16372 15888 15743 16071 16215
13831 13835 13851 13866 13880 13911 13886 13893 13911 13929 13928 13939 13963 13987 14053 14085 14058 14050 14090 14310 14340 14314 14381 14486 14446 14601 14841 15097 15470 15481 15072 15066 15287 15435 15288 15021 14696 14666 14585 14571 14577 14557 14844 15088 15216 15187 15178 15229 15237 15161 15139 15069 15213 15309 14998 15086 15083 15051 15027 15345 16676 17317 17981 18662 18914 18153 18348 18559 18172 17423 16413 16101 16179 15926 15930 16519 16586
13839 13835 13842 13846 13879 13874 13884 13883 13903 13907 13916 13927 13954 13976 14036 14130 14112 14035 14036 14141 14171 14355 14395 14393 14419 14439 14306 14483 14443 14453 14562 14681 14958 15241 15138 15055 15048 14697 14611 14578 14486 14477 14608 14806 14937 14973 14969 15048 15149 15157 15131 15096 15054 15053 15044 15011 14963 14990 15036 15063 15434 15752 16435 17774 19552 19733 18909 18573 17331 16014 15721 15686 15752 15728 15922 15971 15903
13841 13846 13846 13847 13866 13951 13960 13871 13894 13906 13930 13931 13950 13961 13976 13979 13998 14018 14020 14033 14122 14268 14364 14377 14527 14501 14420 14455 14348 14345 14561 14597 14766 14854 14898 14972 14932 14587 14493 14417 14430 14476 14508 14649 14740 14832 14936 14989 15092 15027 15071 15071 15065 15011 15055 14950 14946 14947 14996 14923 15202 15430 16659 18186 20112 20544 19636 18288 16669 15986 15939 15846 16112 16263 16021 16177 16338
13840 13844 13853 13854 13851 13859 13868 13868 13892 13915 13927 13942 13953 13971 13985 13990 14005 14025 14040 14049 14086 14156 14174 14191 14553 14397 14432 14286 14307 14308 14323 14348 14404 14457 14590 14604 14554 14429 14437 14450 14444 14496 14548 14586 14820 14862 14882 14887 14891 14901 14907 14902 14908 14845 14806 14854 14833 14885 14896 14939 14996 15250 16796 17987 19476 20000 19814 18841 17190 16554 16794 16147 16553 17028 17725 17690 17975
13848 13849 13858 13855 13866 13866 13874 13876 13889 13906 13925 13942 13965 13984 14002 14017 14031 14037 14056 14068 14086 14209 14301 14675 14752 14511 14239 14254 14276 14320 14349 14372 14398 14412 14454 14530 14484 14447 14462 14485 14483 14478 14664 14721 14777 14841 14857 14870 14914 14921 14923 14887 14834 14810 14775 14753 14791 14740 15082 15637 15650 15903 15863 16678 18079 19493 19768 18860 17246 16617 17265 17302 17753 17787 18008 18469 18479
13851 13859 13868 13877 13880 13883 13887 13896 13894 13915 13958 13965 13975 13988 14001 14013 14032 14050 14059 14079 14111 14127 14242 14571 14520 14331 14226 14236 14274 14303 14341 14374 14404 14438 14459 14467 14486 14478 14507 14515 14511 14488 14719 14696 14738 14754 14770 14785 14800 14807 14837 14892 14810 14786 14769 14730 14757 14815 15359 16089 16041 15886 15871 15665 16565 17795 18415 18432 18216 17631 17050 17449 18309 18295 17967 18184 18205
13858 13864 13880 13878 13883 13896 13899 13905 13922 13927 13955 13953 13964 13977 13986 14015 14032 14056 14069 14084 14115 14135 14156 14176 14181 14212 14218 14229 14260 14282 14320 14366 14414 14442 14457 14453 14463 14476 14524 14624 14550 14505 14618 14735 14806 14767 14773 14799 14808 14811 14810 14869 14805 14773 14759 14756 14934 14947 15161 15560 15253 15025 15103 15178 16069 16980 18112 19255 19452 18083 16354 17172 17976 17457 17045 16462 16766
13861 13870 13872 13883 13896 13918 13916 13938 13940 13936 13934 13938 13957 13984 14004 14017 14022 14046 14075 14087 14107 14128 14152 14158 14172 14199 14212 14225 14254 14277 14304 14336 14372 14398 14437 14452 14464 14470 14503 14586 14625 14684 14677 14744 14758 14792 14797 14809 14818 14822 14817 14814 14806 14775 14764 14772 14943 14929 14720 14695 14739 14747 14777 15234 16031 16106 17089 17926 18134 17183 16429 18013 18832 17862 16071 15467 15362
13875 13886 13890 13896 13898 13915 13918 13938 13938 13917 13917 13931 13957 13983 14006 14022 14043 14054 14075 14088 14109 14128 14151 14161 14158 14187 14210 14240 14258 14281 14294 14322 14351 14363 14388 14403 14431 14438 14486 14572 14724 14704 14674 14690 14746 14800 14835 14836 14834 14836 14829 14815 14822 14785 14770 14747 14702 14675 14647 14639 14636 14652 14694 14796 15209 15399 15424 15838 16017 15513 16065 17836 18653 17804 16061 15420 15388
13879 13892 13915 13918 13937 13938 13935 13932 13922 13932 13944 13951 13975 14009 14029 14040 14043 14064 14080 14091 14115 14139 14144 14158 14175 14188 14223 14246 14256 14269 14296 14312 14338 14361 14386 14402 14426 14445 14489 14625 14748 14669 14690 14726 14774 14831 14867 14867 14849 14847 14835 14828 14837 14781 14756 14743 14703 14676 14650 14625 14616 14662 14692 14739 14833 14776 14907 15003 15074 15534 15800 16091 16282 15879 15327 15344 15395
13867 13875 13885 13899 13917 13924 13919 13925 13936 13949 13966 13969 13978 13996 14019 14026 14030 14057 14079 14099 14122 14144 14177 14182 14199 14202 14218 14248 14246 14277 14306 14326 14340 14351 14365 14377 14397 14418 14473 14615 14802 14829 14740 14755 14791 14843 14877 14873 14859 14847 14833 14817 14821 14783 14743 14739 14703 14666 14645 14628 14630 14868 14840 14863 15104 15155 14982 15069 15095 15682 15957 15867 15834 15584 15686 15681 15394
13893 13888 13897 13909 13919 13923 13927 13932 13942 13967 13981 13975 13975 13985 14004 14021 14034 14059 14079 14093 14133 14160 14186 14201 14208 14223 14235 14246 14262 14285 14312 14322 14348 14369 14378 14391 14406 14428 14480 14672 14863 14847 14841 14826 14757 14815 14855 14859 14852 14818 14816 14792 14824 14836 14746 14738 14699 14662 14639 14621 14683 14911 14885 14883 14942 14994 14981 15183 15098 15181 15506 15445 15068 16523 17383 17396 16403
