Alternative/Moon/Lvl0_30x30/Ele_EJ.asc
ncols         335
nrows         335
xllcorner     10107491.657
yllcorner     -6727166.958
cellsize      10000
nodata_value  -9999.0
[rows 34 to 67 of 335, columns 231 to 307 of 335]
18256 18340 18499 18599 18702 18929 19068 19463 19243 18924 19713 19819 20523 20613 20348 19651 19602 19535 18686 18138 17460 17219 17552 17620 17526 16966 17011 17097 17578 18602 19597 20763 21021 21080 20993 20554 19778 19352 19149 18882 18130 17499 17150 17076 16901 17133 17134 17099 17518 18054 18263 18526 18854 19650 20292 21208 22414 22557 22164 21418 20522 20358 20210 19832 19730 19906 19939 19380 19257 19237 19567 19315 17999 19091 19437 19103 18840
18075 18287 18455 18505 18607 18554 18702 18955 18955 18991 19254 19488 19839 20227 20636 20749 20249 19704 18884 18223 17527 17125 18015 18577 18761 18534 18001 17969 18381 19483 20186 21056 21034 20495 20332 19948 19696 19188 18869 18431 17922 17467 17192 17186 17472 17458 17235 17539 17730 17939 18116 18483 19675 20339 21317 21896 22193 22149 22031 21224 20469 20362 20324 20061 19952 19946 20046 19638 19225 19174 19485 19440 19371 19342 19221 19006 19139
18034 18086 18110 18224 18234 18157 18433 18398 18881 19075 19221 19487 19564 20081 20802 20932 20241 17945 17639 16301 15376 16369 17966 18901 19545 19578 18975 18722 19117 19489 19796 20168 20302 19916 19968 19972 19784 19475 18818 18215 17779 17217 17219 17622 17493 17736 17692 17833 18166 18421 19486 19830 20010 21315 22065 22918 23089 22535 22058 21278 20776 20505 20235 20368 20308 20083 19733 19710 19350 19214 19160 19172 19195 19151 19245 19239 19275
18028 17943 17866 17861 17923 17888 18070 18245 18381 18537 18638 18924 19566 20134 20440 19832 18026 16428 15049 13666 12807 14096 15569 17290 19012 19750 20007 19990 19872 19708 19328 19451 19499 19510 19720 19704 19324 18918 18646 17751 17889 17831 17605 17888 17955 17252 17895 18137 18923 19802 20539 21054 21390 22089 23033 23362 23451 23004 22015 21891 21518 20952 20360 20508 20452 19977 19082 19493 19273 19163 19085 19234 19447 19710 20169 20162 20174
17991 17932 17946 17814 17760 17819 17871 18099 18143 18242 18266 18672 19474 19869 19246 18001 16364 14745 13573 12617 12745 12865 13661 15162 17144 19422 20113 19945 19876 19582 19180 19277 19231 19186 19304 19228 18498 17859 17473 17838 18609 18419 17799 17866 17952 18290 18375 18999 20497 21686 21985 21880 21990 22570 23007 23331 23410 22960 22377 22386 22165 21659 21122 20360 20069 19787 19186 19382 19270 19054 19237 19526 20111 20347 20234 20137 20281
17922 17907 18003 17976 17855 17852 17862 17790 17538 17920 18249 18460 19457 19699 17877 16906 15969 14151 12778 12333 12552 12702 13593 14116 15345 18134 19714 19605 19527 19301 18962 19148 19177 18998 18864 18161 17862 17628 18043 18196 18557 18330 17916 18029 18206 18692 19536 20849 22439 23443 23428 23184 22738 23121 23190 23211 23246 22740 22941 22958 22627 22370 21665 20439 19640 19614 19436 19299 19227 19086 19327 19854 20513 20465 18501 17023 17490
17769 17867 17854 17847 17814 17814 17798 17719 17899 17930 17969 18336 19351 19591 18793 17009 15977 14505 13440 12669 12718 12630 13606 14711 16427 18752 19730 19633 19206 18932 18922 19109 19061 19023 18821 18345 17970 17924 18302 18363 18396 18150 17889 17929 18468 19311 20009 21619 23505 23679 23825 23752 23538 23397 23315 23281 23088 22895 22860 22724 22178 21624 21305 20312 19635 19587 19467 19350 19244 19257 19194 19810 20484 19551 16930 15431 16243
17797 17894 18014 18009 17871 17811 17666 17787 17917 17929 18106 18500 19078 19708 19677 17871 15462 14706 14121 13452 12749 13616 15205 16761 18534 19306 19712 19624 19157 18917 18843 18911 18906 18798 18705 18526 18161 17818 18050 18141 18161 18125 18067 18235 18749 19640 21220 22290 23494 23917 24297 24548 24408 23850 23752 23586 23145 22697 22530 22276 21870 21123 20613 20218 19756 19634 19467 19372 19287 19205 19198 19609 20390 20519 18989 17713 18044
17844 17897 18097 18092 17970 17926 17933 17887 17720 18062 18229 18355 18797 19475 19630 19158 17329 15831 15200 15184 14929 15913 17286 18694 19665 19574 19546 19548 19162 18891 18848 18734 18571 18686 18906 18826 18386 18112 18046 18115 18062 18032 18192 18434 19059 19930 21700 22794 23549 24292 24823 24915 24828 24333 24443 24180 23458 23072 22648 22231 21909 21692 20725 20171 20022 19610 19521 19273 19262 19180 19152 19452 19986 20311 20629 20544 20792
17900 17725 17903 17969 17973 18026 17996 17948 17919 17952 18221 18272 18583 18991 19666 19751 19708 18848 18419 18458 18324 18952 19926 20213 20148 19611 19644 19629 18992 18708 18684 18758 18858 18760 18862 18762 18551 18293 18148 18087 18026 17945 18454 18792 19169 20234 21826 22953 23316 24270 24313 23774 24161 24863 24761 24455 24017 24018 23600 23129 22991 22755 21873 21415 20823 19954 19500 19135 19103 19164 19176 19339 19559 19927 20656 20905 20948
17847 17826 17745 17977 17918 17913 17885 17874 17828 18065 18125 18097 18371 18505 18944 19497 19786 19805 19905 19959 20075 20037 20060 19992 19574 19389 19275 18988 18667 18579 18768 18851 18780 18495 18522 18457 18319 18364 17986 17981 17957 18289 18895 19427 20069 20925 22143 22792 23356 23829 23613 21800 22892 24887 24915 24783 24862 24846 24506 23879 23391 23509 23018 22483 21481 20088 19258 19174 19091 19182 19314 19398 19609 19686 20074 20191 20464
17888 17732 17648 17643 17800 17810 17775 17743 17960 18159 18192 18073 18075 18365 18620 18802 18906 19078 19340 19380 19517 19479 19252 19005 18817 18821 18629 18505 18571 18608 18559 18908 18866 18594 18624 18458 18346 18192 18099 18130 18182 18621 19510 20355 20653 21903 22364 23233 23340 23632 23827 23347 23111 24621 24907 24778 24634 24349 24467 23772 23238 23369 22988 22549 21662 20687 19643 19159 19178 19276 19337 19556 19727 19921 20189 20400 20947
17761 17720 17706 17727 17741 17813 17863 17836 18006 18084 18133 18178 18199 18161 18253 18397 18391 18463 18513 18547 18448 18601 18524 18482 18463 18456 18313 18271 18550 18421 18277 18489 18556 18641 18676 18438 18363 18207 18105 18365 18806 18913 19950 20639 20987 21982 22915 23411 23353 23301 23628 23869 23957 24421 24336 23921 23523 23421 23466 23218 23116 23174 22487 21868 21352 20640 19769 19384 19213 19326 19438 19574 19899 20114 20397 20695 21178
17858 17862 17843 18007 17959 18103 18057 18017 18034 18033 18151 18229 18367 18440 18346 18288 18247 18180 18092 18082 18106 18012 18114 18174 18190 18171 18046 18150 18213 18264 18228 18412 18573 18623 18635 18607 18623 17542 17388 18491 19330 19216 19899 20429 20939 21634 22744 23404 23583 23254 22998 23191 23246 23201 23004 22924 22781 22851 23006 23126 23226 23066 22190 21557 21074 20846 20431 19978 19768 19684 19825 19667 20181 20463 20825 21104 21501
17930 17979 18263 18276 18297 18228 18319 18289 18321 18432 18527 18399 18408 18442 18356 18273 18336 18438 18310 18180 18166 18192 18101 18062 17997 17984 17982 17992 18161 18361 18419 18759 18741 18977 18967 18829 18596 18505 18703 19501 20644 20683 20545 20559 20487 21101 22094 22977 23284 22709 22252 22091 22571 22903 22689 22449 22608 22774 22720 22710 22998 22043 21354 21231 21172 21168 21021 20925 20795 20608 20388 20291 20404 20723 20967 21476 21516
18051 18007 18369 18586 18568 18567 18482 18647 18690 18705 18829 18783 18558 18625 18746 18656 18517 18551 18530 18496 18447 18434 18253 18234 18109 17930 17879 17860 18029 18219 18529 18755 18942 19141 19150 18968 18837 18830 19305 20189 20994 21060 20755 20428 20512 21196 21904 22415 22485 22150 21892 21827 22083 22164 22096 22091 22511 22387 21218 21879 22196 21534 21201 21196 21370 21445 21560 21563 21523 21353 21015 20680 20595 20772 21568 21747 21549
18347 18530 18837 18963 19044 19093 18946 19056 19121 19212 19137 19232 19195 19016 18891 18925 18803 18813 18676 18568 18586 18584 18313 18228 18112 17939 17944 18097 18110 18336 18524 18764 18978 19025 18975 18950 18825 18888 19316 20026 20820 20769 20428 20486 21112 21895 22101 22229 22168 22112 22013 22088 22020 21858 21816 21845 22036 22141 22008 22016 21856 21612 21403 21399 21632 22176 22329 22245 22095 22031 21874 21529 21483 21854 22071 21840 21572
18603 19044 19599 19676 19648 19750 19764 19784 19709 19639 19709 19672 19272 19196 19260 19188 19115 18928 18799 18570 18429 18355 18362 18259 18010 18049 18134 18140 18123 18322 18429 18508 18693 18690 18824 18827 18808 18853 19008 19332 19558 19603 19695 20177 21106 22017 22237 22204 21003 22560 22570 22239 22137 22103 21972 21964 21915 21885 21901 21888 21877 21924 21893 22155 22214 22331 22085 21612 21198 21743 22050 22314 22442 22422 22413 22020 20723
19029 19732 19979 19897 20016 20037 20008 20044 20050 19872 19714 19538 19270 19338 19458 19528 19531 19468 19166 18915 18756 18341 18268 18118 18040 18141 18239 18187 18186 18338 18708 18926 19035 19036 18926 18898 18910 18842 18954 19211 19365 19533 19681 20292 20969 21281 21864 21995 22337 22824 22899 22668 21840 22295 22285 22251 22193 22015 22022 22092 22049 21879 21951 22220 22332 21463 20261 19674 19336 19974 21098 21634 22192 22407 22321 21927 20017
19582 19960 20002 19885 19810 19931 19989 19897 19732 19088 18616 18276 18728 19025 19363 19548 19574 19589 19323 19255 19166 18774 18478 18330 18207 18261 18270 18267 18214 18644 18986 19066 19322 19301 19253 19224 19137 19005 19385 19628 19813 20265 20280 20180 20817 21111 21787 22115 22124 22897 22983 22872 22848 22832 22724 22577 22346 22147 22141 21934 21950 21864 21920 22015 21726 20113 19025 18321 18306 19347 20395 20481 21185 22100 22319 22133 20510
20562 20501 20249 19907 19798 19258 18784 18162 17361 17028 17020 17348 17592 17994 18176 18312 18884 18965 19147 19254 19337 19152 18833 18615 18477 18436 18406 18226 18541 18925 19056 19381 19726 19914 20117 20122 19610 19865 20200 20905 21189 21240 21215 21003 20796 21241 22155 22681 22631 21974 21372 22679 23282 23284 23054 22914 22688 22440 22111 22121 21961 22207 22443 22556 21703 19649 18296 17967 17996 18733 19398 19731 21335 22072 22265 21977 21020
20681 20702 20519 19687 18534 17893 17226 16754 16415 15940 15703 15754 15984 16166 16618 17309 17926 18435 18648 19185 19392 19454 19505 19313 18781 18696 18441 18831 19338 20193 20403 20734 20992 20932 20416 20175 19846 20816 21371 21901 21908 21480 21148 20914 21278 21873 22495 22867 22772 22149 21784 22185 22202 21647 21211 21388 22480 22789 22258 21950 21917 22654 22707 22553 22264 20713 18715 18059 17886 18325 19300 20555 21928 22012 22234 22077 21262
17741 18810 19808 19602 18779 18047 16728 16249 15802 15186 14940 14845 14861 14967 15558 16058 16833 17926 18722 18952 19344 19688 19668 19454 19216 18799 18541 18776 19658 20262 20392 20807 20955 20873 20596 20303 20797 21458 21675 21929 21858 21313 20955 21210 22061 22452 22633 22796 22793 22984 23066 21956 20579 20327 20281 20323 21278 22626 22384 22131 22554 22949 22785 22317 22253 21791 19915 19043 18403 18912 20660 21667 21952 21809 21630 21722 21683
16122 17014 19302 19380 18856 18393 17226 15988 15482 14890 14671 14481 14534 14522 14657 14962 15822 16949 17962 18695 19257 19875 19867 19599 19510 18878 18888 19046 19610 19664 20208 20502 20637 20620 20613 20789 20929 21400 21397 21468 21404 21087 21193 21782 22316 22448 22681 22740 22724 23024 23281 22907 20799 20426 20388 20373 20774 21928 22447 22694 22885 22973 22846 22413 22202 21896 21454 20607 20009 20605 21693 21792 21853 21336 21206 21679 21822
15856 16092 18099 18578 18346 18362 17556 16311 15697 15132 14758 14561 14386 14325 14274 14373 14704 15597 16801 17837 18890 19093 19963 19972 19590 19175 19034 19076 19048 19446 20077 20379 20648 20725 21125 21146 21229 21244 21169 21119 21110 21802 22139 22219 22478 22429 22561 22687 22757 22935 23262 23315 21956 20663 20589 20628 21027 22531 22574 22705 22842 22917 22791 22383 22094 21642 21607 21702 22324 22406 21956 21605 21087 20747 20835 21288 21541
14195 14961 15792 17380 17963 17837 17084 16256 15799 15387 14807 14683 14467 14380 14265 14178 14212 14977 15981 17077 18515 19376 19883 20067 19863 19425 19101 19392 19597 19642 20087 20506 20802 21211 21376 21450 21516 21417 21576 21807 21983 22255 22400 22377 22391 22452 22546 22531 22603 22635 22978 23299 23240 22821 22969 22912 22578 22229 22391 22611 22772 22804 22775 22672 22343 21858 21832 21834 22204 22281 21937 21563 20924 20488 20697 20722 21151
13570 13549 13883 15889 17510 17398 16578 16377 16072 16011 15277 14628 14640 14807 14532 14207 14164 14773 16204 17303 18467 19218 19707 20128 19946 19668 19465 19680 20164 20304 20310 20377 20927 21355 21576 21836 21744 21707 22066 22188 22305 22308 22336 22328 22387 22471 22520 22525 22509 22723 23154 23335 23572 23694 23429 23214 22392 22035 21901 22219 22425 22671 22803 22976 22812 22459 22256 22067 21936 21500 21500 21330 20930 20802 20560 20610 21038
13552 13455 13712 15844 17158 16995 16878 16437 16170 16191 15899 15082 15482 15452 14626 14057 14106 14510 15782 17234 18409 19160 19854 20336 20245 19727 19583 19863 20344 20502 20674 20709 21015 21380 21713 21866 21897 22092 22194 22279 22313 22315 22331 22400 22538 22616 22657 22730 22846 23164 23497 23565 23587 23618 23245 22943 22589 21795 21503 21957 22159 22324 22822 23082 23160 23124 22858 22561 22134 21659 21583 21128 20844 20768 20654 20688 20959
13512 13318 14173 16338 17378 17354 16794 16100 15798 15858 15945 15892 15979 15342 14395 14087 14061 14637 15663 16942 18090 19059 19580 20299 20366 19852 19482 19809 20511 20839 21239 21651 21737 21928 21962 22069 22241 22279 22644 22680 22535 22501 22760 22843 22715 22739 23080 23262 23646 24088 24200 24156 23925 23520 23247 23042 22601 21775 21555 21613 21776 22152 22700 23060 23119 23127 23055 23044 22415 21860 21603 21111 20682 20553 20503 20424 20599
13666 13761 15948 17854 18124 18228 17204 16061 15396 15016 15232 15082 15170 15029 14622 14369 14586 14860 16137 17056 18000 19359 19773 20111 20272 19803 19810 20068 20251 19935 20272 21097 21966 22428 22398 22524 22582 22579 23214 23321 23020 22861 22871 22865 22749 22919 23200 23748 24207 24849 24883 24598 24214 23676 23556 23026 22792 22270 21597 21664 21594 21318 22167 22438 22872 22973 23127 23135 22536 21790 21432 21116 20584 20283 20238 20139 20301
14862 16043 17908 18921 18883 18506 17157 16212 15566 14882 14505 14485 14357 14372 14450 14954 15553 15909 16571 17305 18833 20400 20815 20793 20282 19908 20289 20331 19048 17577 17792 18982 20777 22375 22819 22910 22858 22883 23310 23656 23672 23488 23345 23262 23547 23966 24723 25141 25486 25544 25439 24679 24209 23858 23598 23091 22696 22314 21682 21732 21679 21209 21819 21667 22032 22362 22758 22722 22198 21710 21513 21304 20671 20569 20581 20483 20375
17648 18454 19751 19728 18911 18187 17045 16281 15629 15089 14725 14475 14382 14560 14932 15287 15695 16332 17191 17765 19084 20920 21016 20829 20279 19998 20415 20421 18797 16903 16741 17835 19864 22117 22854 23115 23541 23796 23879 24019 24206 24145 24093 23770 24283 25046 25600 25683 25691 25807 25714 25011 24479 24250 23809 23323 22679 22252 21683 21524 21685 21621 21444 21487 21942 22487 22964 22984 22516 22253 21845 21315 21143 20915 20912 20879 20788
21075 21103 20846 19827 18543 17646 16808 16146 15642 15109 14841 14699 14493 14734 15084 15553 15785 16711 17422 18537 20086 20908 20962 20501 20001 19879 20106 20321 19532 18334 18028 18861 20470 22053 22563 22781 23774 24386 24692 24691 24965 25624 25611 24897 25320 25569 25630 25753 25657 25718 25500 24839 24534 24335 23999 23559 22725 21880 21387 21366 21367 21418 21406 21506 22188 22882 23176 23422 23388 23268 22851 22268 22073 21888 21479 21530 21762
22125 21919 21041 19713 18718 18043 17238 16342 15786 15488 15251 15116 15396 15372 15570 16004 16754 17507 18760 20097 20770 20897 20571 20003 19504 19167 19559 19951 20432 20539 20537 20969 21242 21492 21860 22332 23686 24392 24809 24948 25336 26014 26338 26341 26116 25845 25697 25617 25359 25310 25055 24685 24517 24311 24137 23641 22556 21770 21390 21394 21387 21393 21487 21762 22778 23292 23603 23731 23706 23749 23727 23529 22954 22855 22427 22107 22366
