Alternative/Moon/Lvl0_30x30/Ele_CB.asc
ncols         335
nrows         335
xllcorner     -16692508.343
yllcorner     -27166.958
cellsize      10000
nodata_value  -9999.0
[rows 0 to 33 of 335, columns 0 to 76 of 335]
24120 24196 24265 24411 25129 25956 26828 27858 29031 30078 30728 30995 30955 31006 31045 30318 28440 27589 27891 28504 29003 29263 29414 29930 29844 29029 28696 28509 28784 30175 30980 31641 31667 31343 30958 30405 30401 30261 30059 30050 29921 30001 29556 29400 29613 29779 30372 30999 31149 31238 31148 30739 30510 29241 28727 28776 28678 28823 28804 28586 28610 28654 28485 28392 28150 28181 28127 28591 28974 29041 29232 29649 30249 30936 31235 31496 31559
24197 24277 24411 24608 25175 25973 27063 28423 29270 30020 30049 29834 29983 30711 30971 30811 29654 28775 28834 29470 29669 29784 30069 30115 29863 28769 28231 27666 27821 28241 28821 30148 31041 31466 31386 30673 30375 30344 30039 29908 29879 29962 29614 29616 30198 30416 30708 31306 31576 31471 31400 31072 30594 29749 28623 29271 29373 29476 29317 29112 29197 29226 29187 29016 28841 28582 28592 29247 29212 29442 29731 30121 30545 31115 31241 31252 31292
24223 24331 24519 24772 25163 26257 27535 28888 29265 29313 29325 28876 28821 29503 30613 30966 31030 30751 30258 30210 30314 30130 30221 29997 29020 27436 26830 26736 27090 26997 27473 28430 29222 30177 30775 31090 31021 30692 30357 30048 29892 29958 29923 29824 30070 29877 29618 30710 31420 31358 31112 30854 30746 30582 30304 29750 29754 29920 29922 29808 29960 29765 29780 29841 29696 29246 28910 29332 29664 29848 29897 30029 29637 29768 29765 29389 29177
24254 24392 24780 25050 25977 26976 28096 29256 30059 29837 29211 28823 28808 29563 30705 31135 31306 31230 30995 31016 30837 30241 30000 28958 27684 26407 25813 25493 26039 26072 25684 26682 27606 28430 29196 31036 31317 30915 30422 30062 29901 30001 29882 29902 29384 28270 28648 29933 31110 31193 31059 31044 31128 30882 30711 30624 30315 30359 30566 30711 30719 30145 29416 30027 30002 29676 29193 29779 29814 30122 30025 28988 28403 27918 27733 27512 27346
24386 24727 25169 25542 26391 27335 28497 29864 30237 29928 29197 29034 29720 30268 31123 31039 31019 30871 30921 31090 31119 30307 29300 28366 26927 25709 25346 25164 25242 24943 24605 24812 26280 27551 28205 30147 31303 31291 30564 30222 29866 30023 30019 29964 29875 29135 29617 30373 30508 30941 31004 31160 31263 31108 30867 30678 30176 29416 30150 30640 30717 30727 30320 30032 30115 30134 29997 30203 30199 29947 29712 28282 27537 27291 27270 27246 27240
24992 25318 25860 26245 27239 28420 29465 30497 30398 28515 27394 28330 29996 30815 31094 30999 30523 30476 30799 31130 31129 30197 28894 27432 25865 25155 25006 24818 24787 24478 24480 24476 24759 26341 27643 29370 30993 31182 30698 30376 29977 30107 30129 29954 30117 30218 29817 30319 30258 30456 30640 30977 31096 30988 30617 30518 29033 27261 27520 28529 30046 30790 30541 30305 30300 30295 30325 30410 30696 30834 30488 28966 27843 27340 27233 27278 27267
26144 26348 26778 27302 28230 29356 30013 30604 30740 30467 29557 29892 30245 30692 30659 30465 30298 30509 30597 31018 30640 29443 28439 26974 25829 25091 24996 24817 24690 25039 25333 25360 25038 25307 25977 27085 28704 30376 30411 30261 30150 30170 30064 29772 29926 30208 30237 30060 30006 30149 30188 30455 30524 30699 30697 30367 30279 29425 29528 30268 30512 30383 30528 30574 30605 30555 30723 30822 31089 31431 31533 30366 29092 28333 27828 27487 27381
27586 27589 28127 28742 29577 30095 30020 30335 30779 30811 30669 30725 30505 30241 30102 30327 30276 30112 30633 30736 29399 27965 27549 26583 25534 25049 24913 25018 25297 25122 25057 25371 25275 25099 25189 25748 27081 29222 30259 30423 30272 30259 30262 29920 30059 30240 30206 30218 30225 30197 30070 30016 30488 30711 30741 30611 30498 30886 31349 31545 31505 31149 30760 30897 30757 30946 31371 32097 32231 32535 32652 31793 30932 29446 28559 28126 27934
28796 28858 29499 29938 30183 30136 29994 30019 30231 30242 30355 30445 30062 29841 29834 30277 30299 30174 30042 29903 29307 27810 27314 26607 25513 24900 24799 25057 25380 25299 24898 25437 25429 25188 25190 24850 26470 28880 30450 30669 30336 30283 30299 30427 30232 30311 30330 30345 30331 30277 30274 30166 30384 30563 30584 30563 30635 31192 31607 31553 31625 31796 31181 30521 30813 31364 32148 32351 32386 33211 33258 32816 31864 29924 29540 29118 28997
29966 29977 30041 30124 30211 30033 29980 29806 29470 29828 29909 29802 29652 29805 30017 30012 30096 30051 30237 30411 29791 29016 28438 27335 26093 25120 24992 24956 24882 25010 24989 25784 25995 25859 25727 26449 28008 29957 30629 30708 30682 30506 30393 30337 30109 29864 29665 29678 29694 29979 30342 30369 30477 30675 30794 31115 30946 31028 31021 30968 31389 31636 31224 31330 31419 31892 32557 32684 31413 32628 32817 32744 32187 31344 30852 30162 30365
29931 29971 29871 29823 29863 29820 29778 29693 29228 29659 29710 29673 29563 29666 29962 30086 29889 30050 30244 30447 30081 29033 28462 27671 26532 25671 25080 25017 24985 25042 25266 25870 26640 27490 27696 28693 29579 30681 30872 30780 30753 30492 30387 29900 29252 28760 28498 28733 28895 29793 30523 30806 31162 31240 31380 31612 31590 31158 30911 30584 30660 30871 31115 31839 32188 32535 32596 32147 30883 29790 30163 31490 32059 31436 31585 30911 31471
29427 29500 29600 29667 29644 29670 29766 29651 29429 29606 29595 29516 29612 29604 29639 29804 29953 30106 30236 30217 30261 30121 29262 27947 26921 26039 25589 25427 25330 25654 25951 26380 26672 28031 28941 30123 30744 30922 31015 30804 30519 30440 29961 29235 28832 28189 28028 28199 28462 29520 30752 31801 31999 31912 31725 31822 31717 31344 31087 30656 30470 30835 31385 32054 32558 32785 32865 31213 28753 27024 27896 30077 31094 31786 32318 32247 32213
29486 29511 29594 29679 29651 29649 29746 29846 29806 29643 29638 29579 29615 29590 29611 29780 29938 30139 30273 30272 30351 30259 30216 29349 28055 27156 26604 26174 26225 26433 26658 27249 28127 28996 29898 30752 30867 30897 31035 30723 30781 30495 29677 29600 28794 28256 28008 28055 28628 29741 30932 31961 32015 32046 32070 32142 31994 31884 31494 31075 30858 30846 31178 31782 32281 32596 32513 30554 27936 25713 26800 29466 31940 32289 32207 32270 32164
29291 29379 29364 29482 29469 29500 29573 29814 29697 29606 29626 29641 29562 29491 29518 29540 29617 30044 30224 30352 30722 30680 30580 30508 30091 29222 28493 27972 27555 27865 28230 28771 29730 30333 30783 31071 31058 31224 31229 31027 31033 30333 29648 29825 29254 28618 28389 28677 29474 30442 31305 31850 32085 32143 32356 32533 32339 32216 31977 31537 30939 29796 29296 29614 30201 31026 31113 30373 28830 27457 28189 29948 32171 32348 32276 32069 31979
29191 29265 29267 29123 29307 29277 29352 29200 28937 29577 29691 29686 29390 29500 29640 29528 29638 29887 30194 30321 30606 30910 30947 30721 30806 30839 30895 30531 30116 30161 30045 30448 30638 30616 30815 31113 31151 31087 31061 31047 31060 31234 31168 30660 30215 29828 29682 30275 31018 31448 31698 32316 32512 32337 32114 32138 32144 31424 30627 29719 28761 28189 28395 28813 28703 29071 29625 29495 29538 29998 30241 30616 31630 32077 32243 32184 32033
28861 29044 28995 28958 29153 28922 28666 28421 28795 29609 29918 29788 29607 29669 29801 29831 29885 29929 30025 30209 30600 31089 31146 30767 30932 31010 31107 31058 30962 30990 31243 31464 31415 30906 31258 31779 31504 31164 31109 30967 31073 31400 31444 31318 31145 30725 30938 31544 31748 32111 32462 32662 32490 31766 31117 30825 30147 29102 27952 27015 26965 26913 27293 27884 27897 27669 28432 28941 28999 29678 29899 30223 30269 30159 31437 31719 31694
28814 28812 28787 29059 29241 28491 28320 28445 28513 29281 30010 29987 30002 29924 29902 30027 29983 30091 30166 30330 30535 30923 30972 30736 30798 30609 30629 30780 30757 30816 31142 31512 31718 31224 31283 31821 31668 31531 31285 31282 31564 31574 31553 31827 31710 31792 31787 31982 31919 32426 32505 32669 32315 30955 29639 28708 28058 27376 26823 26429 26359 26360 25954 26540 26690 27099 27377 27436 27799 28063 28422 28770 29498 30401 31357 31672 31677
28965 29042 28899 29132 29207 28364 28360 28380 28544 28957 29653 29956 30071 30060 30134 30428 30407 30575 30671 30997 31130 31172 31000 30710 30392 29813 29767 29973 29935 29962 30333 31158 31722 31548 31727 31847 31865 31752 31478 31640 31960 32068 32023 31786 31742 31920 32151 32232 32273 32643 32561 32584 31595 29866 28952 28559 27380 27103 26132 25482 25329 25315 25000 25456 25792 25913 25806 26062 26706 27343 27554 27942 28714 29807 30785 30959 30437
29182 29055 29036 29178 29111 29076 29296 29140 29402 29327 29319 29621 29627 29723 30039 30714 31022 31382 31435 31633 31711 31611 31435 30936 30170 29647 29354 29455 29219 29684 30170 30719 31514 32201 32350 32176 31950 31932 31821 31735 31883 31949 31997 31562 31416 31348 31513 31883 32522 32746 32535 31352 29443 28189 27595 27101 26498 25968 25109 24426 24670 24731 24609 24123 24460 24635 24757 25013 25546 26226 26618 27190 28247 28752 29558 29745 29352
29015 28891 28738 28692 28438 29251 29680 29608 29585 29548 29652 29232 28810 29308 29512 30647 31639 31868 31981 31953 31906 31736 31566 31440 30895 30368 29885 29375 28244 28567 29612 30310 31546 32121 32293 32417 32136 31671 31468 31192 30325 30810 31197 31037 30924 30307 30684 31256 31836 31939 30921 28959 27801 27226 26657 25801 25209 24289 23419 23253 23359 23417 23329 23226 23355 23710 24256 24321 24916 25336 25600 26058 27246 27362 27352 27141 27114
28333 28704 28632 28481 28429 28894 29484 29561 29453 29771 29871 29141 29165 29631 30295 31347 31678 31648 31235 30722 29956 29503 29831 30862 30878 30713 30560 30158 29131 29513 30118 30610 31701 32302 32362 32379 32022 31569 30965 30262 30228 30318 30059 30374 30314 30331 30484 30405 30089 29969 28674 26637 25962 26256 26081 25161 23970 23302 23078 22913 22866 23010 23078 23196 22970 22961 23457 23663 24193 24523 24694 25130 25828 26772 27029 25897 25900
29307 28778 28657 28979 29029 28690 29254 29711 29813 29892 29957 29453 30135 30764 31157 31325 30727 29421 28501 27806 26863 27164 27531 28901 30227 30661 30722 30736 30166 29886 30305 30968 31992 32325 32301 32129 31224 30422 30195 29825 29831 29794 29510 29318 29880 30054 29855 28802 27999 27623 26762 25109 24470 25600 25440 24122 23452 22995 22740 22494 22458 22806 22981 22960 22891 22777 23049 23251 23319 23923 23993 24456 24971 26439 27029 26468 24912
29461 29212 29085 29171 29090 28815 28744 28917 29651 29961 29938 30668 31337 30954 30332 29402 29537 28598 27169 26121 25449 25501 25859 26462 28059 29952 30654 30952 30945 30262 30645 31344 32102 32190 32150 31324 30264 29601 29911 29777 29598 29507 29503 29374 29108 29046 28476 27920 27406 26351 26382 25747 25265 25180 24613 23609 23213 22884 22437 22325 22252 22462 22544 22298 22318 22360 22365 22526 22587 22874 23336 23998 24457 25241 26380 26404 26005
29469 29316 29294 29198 29160 29199 29368 29216 29203 29940 30109 31375 31764 29567 27425 26052 26700 27547 27188 25889 25389 25176 25372 25491 25935 28192 29731 31113 31421 30970 31350 31887 31972 31832 31479 30614 29484 29526 29580 29654 29078 29405 29129 29016 27902 28187 28035 27828 26447 25834 25411 24802 24493 23864 23631 23507 22995 22376 22294 22262 22173 22075 22126 22132 22049 22134 22173 22197 22236 22360 22820 23470 23722 24088 25502 26557 26961
29485 29294 29276 29272 29159 29300 29593 29565 29460 29788 30117 31331 31614 28433 26252 25398 25217 26723 26880 25837 25572 25458 25404 25414 25449 27263 28584 30972 31981 32052 32122 32214 31836 31218 30767 30105 29423 29524 29339 28727 28570 28650 28415 27805 28147 28179 28029 27577 26146 25190 24602 24053 23805 23180 22997 22950 22494 22224 22221 22120 22006 21996 21965 22018 22010 22135 22221 22158 22094 22204 22619 23105 23212 23349 24151 25516 26473
29464 29292 29242 29201 29155 29144 29159 29191 29389 29591 29976 30632 31216 29221 26890 25433 26383 26827 26569 25824 26157 26118 25938 25242 25475 26784 27629 29350 32026 32752 32743 32615 31912 30637 30230 29885 29426 29390 28929 28570 28059 27865 27515 28013 28251 28042 27812 26840 25374 24622 24125 23649 23176 22618 22911 22860 22104 22047 22017 22024 22023 21982 22096 22134 22045 21990 21999 22079 21991 22062 22138 22273 22749 23160 23540 24338 25440
29494 29302 29249 29173 29083 29058 29070 29073 29210 29433 29650 30073 31008 30561 29054 28031 27257 26794 26166 25737 26212 26225 25804 25376 25438 26431 27053 29168 31979 32898 32922 32601 31185 30150 29461 29345 29142 28768 28134 28328 28281 27829 27838 27926 27974 27404 26922 26208 24896 24672 24057 23462 23219 22625 22427 22313 22140 22028 22031 22006 21995 22000 22341 22460 22170 21972 21917 21999 21959 22069 22088 22098 22217 22693 23183 23961 24767
29448 29285 29311 29201 29036 29041 29011 29074 29208 29358 29564 29994 30522 30313 28782 27947 27292 26693 26047 25591 25968 26054 25816 25630 25526 26548 27556 29984 32556 32802 32634 32140 30784 29614 28986 28888 28908 28530 27861 27813 27866 27471 27828 27788 27772 27209 26356 25671 24510 23974 23264 23145 22884 22388 22327 22277 22109 22057 22065 22320 22431 22925 22964 22444 22091 21934 21838 21842 21774 21892 21851 21965 22109 22181 22743 23385 23913
29436 29272 29350 29445 29330 29132 29019 29072 29147 29253 29432 29869 30170 30342 29614 28260 27645 27316 26991 26050 25381 25234 25749 26170 26278 26859 27887 30411 32878 32810 32447 31743 30490 29504 29027 28251 28377 28204 27530 27187 27250 27459 27807 28139 28030 27073 26269 25616 24256 23683 23206 22815 22692 22462 22380 22561 22548 22613 22802 23466 24065 24077 24226 23560 22611 21966 21802 21738 21690 21668 21744 21815 21911 22043 22290 22886 23310
28625 28700 28963 29461 29391 29130 29028 29062 29204 29271 29258 29556 29775 30582 30659 29742 28169 27603 27736 27591 26895 26335 26361 27549 27773 28431 29422 31365 32942 32858 32590 31771 30414 29238 29115 28620 28058 27685 26964 26604 26980 26880 27094 28109 28209 27751 26678 25342 24105 23713 23399 22991 22803 22662 22646 22457 22781 22779 23586 23978 24459 24471 24359 23937 22706 22209 21739 21720 21669 21674 21695 21846 21837 21982 22072 22163 22626
28228 28252 28384 28801 28980 29126 29083 29159 29405 29393 29430 29476 29775 30314 30724 30959 30043 28450 28506 28449 27840 27412 27675 28459 29780 31137 31999 32291 32514 32330 32017 31062 30249 29396 29557 28925 28165 27207 26428 26662 27274 27167 26584 27717 27979 27954 27016 25490 24240 23937 23522 23001 22867 22517 22403 22305 22316 22467 22703 23476 23704 23142 24028 23635 22485 21847 21723 21718 21693 21661 21670 21659 21828 21777 21963 22234 22593
28239 28246 28261 28352 28774 28914 28892 29128 29268 29370 29470 29424 29668 30146 30536 31181 31138 29889 28864 28858 28723 28596 28735 29560 31649 32439 32380 32224 32047 32108 31945 31187 30277 29640 29675 28969 28092 27581 27065 26643 27069 26987 26540 27587 28475 28246 27179 25671 24614 23785 23511 22845 22528 22391 22346 22222 22173 21980 22038 22835 22802 22321 22369 22182 21807 21741 21726 21707 21694 21678 21673 21683 21839 21910 22218 22630 22917
28164 28142 28241 28291 28424 28339 28327 28466 28555 28918 29422 29429 29444 29649 29816 30621 31159 31163 31151 31514 31494 31343 31380 31840 32062 32394 32068 31853 31874 31914 31857 31335 30468 29765 29619 28968 28576 27625 27168 26512 26872 27274 27285 27857 28410 28361 27469 25935 25017 23919 23335 23035 22698 22554 22397 22263 22111 21962 22071 22131 22074 21983 21952 21901 21774 21718 21731 21719 21707 21681 21674 21760 21797 21937 22219 22912 23600
28438 28236 28593 28613 28597 28725 29123 29516 29448 28801 29221 29356 29308 29545 29714 30126 30622 30957 31117 31567 31831 31919 32045 32075 32011 31684 31766 31691 31628 31710 31730 31335 30726 29671 29237 29176 29106 28114 26849 26880 27173 27453 27531 28278 28700 28661 27494 26676 25771 24666 23602 23111 22516 22362 22290 22311 22088 22165 22077 22039 21961 21878 21831 21778 21745 21725 21742 21779 21688 21677 21646 21706 21805 21940 22191 22973 23811
