Alternative/Moon/Lvl0_30x30/Ele_BF.asc
ncols         335
nrows         335
xllcorner     -3292508.343
yllcorner     3322833.042
cellsize      10000
nodata_value  -9999.0
[rows 68 to 101 of 335, columns 231 to 307 of 335]
17088 17333 17406 17718 17911 17995 18502 18604 18577 18138 17535 17561 17695 17802 17667 17310 17619 17817 17830 17705 17882 18211 18902 18781 18613 19659 20685 21365 21459 21094 20370 20220 19768 19896 20420 20456 20335 19999 19775 19745 19712 19117 17772 16579 16070 16066 16148 15950 15893 16303 17059 17172 16854 15936 15653 15831 15757 15729 15985 16125 15765 15651 15635 15824 15918 15682 15622 15681 15839 15868 15900 15746 15718 15694 15692 15781 15724
17808 17854 18174 18690 18697 18256 18341 17910 17442 17374 17450 17524 17743 17840 17579 17232 17420 17612 17710 17595 17378 17967 18570 18531 18656 19755 20799 21624 21777 21456 20523 20356 19641 19426 19846 20311 20283 19694 19346 18775 18091 17685 17400 16700 16332 16201 16175 15880 15651 16097 16493 16397 15895 15708 15690 15573 15749 15809 15759 15714 15646 15587 15820 16436 16188 15744 15649 15715 15954 15904 15900 16087 16057 15729 15780 15866 15655
17749 18108 18742 18971 18816 18848 18422 17977 17661 17507 17670 17674 17529 17797 17924 17648 17768 17759 17547 17253 17119 17472 17608 17960 18599 19681 20540 20897 21248 21084 20310 19115 18349 18434 18911 18974 18777 18515 17832 17291 17020 16827 16568 16264 16255 16281 16180 15797 15558 15591 15538 15445 15395 15427 15682 15949 15538 15515 15516 15521 15549 15564 16182 16815 16721 15887 15679 15651 15692 15781 15935 16113 16071 15694 15755 15932 15776
17852 18174 18351 18549 19029 19128 18968 18358 18090 17841 18083 18353 18556 18719 18623 18709 18770 18722 18351 18198 17896 17384 17394 17704 18227 18437 19503 19835 19983 19822 19125 17715 16869 16635 16875 16925 17029 16982 16721 16460 16385 16216 16100 16076 15930 15936 16040 16181 15754 15500 15516 15504 15456 15575 15725 15900 15544 15485 15526 15464 15524 15474 15640 15751 15864 15677 15664 15600 15639 15826 15789 15701 15671 15693 15834 15843 15854
18228 18011 17792 18477 19136 19195 19070 18498 18148 18002 18137 18790 19283 19148 18892 18797 18774 18762 18503 18472 18476 18064 17636 17928 18219 18253 18623 18574 18762 18661 17868 16908 16332 16395 16337 16205 16268 16292 16362 16377 16274 16308 15999 15986 16056 16040 16158 16169 15897 15792 15662 15641 15731 15545 15591 15638 15444 15466 15518 15502 15516 15388 15666 15656 15593 15523 15524 15579 15655 15767 15808 15745 15798 15694 15735 15922 15891
18327 18422 18515 18455 18315 18403 18331 18003 18215 18445 18501 18567 18840 18714 18232 18249 18130 17891 17943 18226 18349 18139 17712 17673 18094 18282 18270 18033 17906 17641 17176 16805 16740 16621 16541 16470 16389 16285 16420 16429 16215 16193 16105 16031 16205 16217 16276 16191 16128 16004 15713 15714 15673 15652 15581 15656 15640 15456 15389 15505 15516 15684 16057 15980 15693 15853 15624 15584 15586 15553 15625 15700 15703 15710 15990 16275 16124
17977 18245 18548 18480 18151 18087 18102 18168 18271 18541 18675 18409 18457 18558 18450 18294 17834 17655 17649 17885 17978 17893 17605 17418 17350 17213 17495 17504 17284 16956 16934 17057 17362 17371 17161 16701 16396 16209 16348 16522 16574 16321 16190 16142 16096 16133 16128 16321 16434 15985 15768 15700 15758 15689 15718 15599 15462 15348 15424 15449 15476 15745 15798 15575 15545 15779 15631 15641 15594 15610 15616 15668 15664 15684 15858 15886 15800
17073 17604 17639 17715 17347 17000 16983 17353 17443 18164 18523 18450 18492 18425 18441 18384 17833 17578 17399 17323 17160 16838 16679 16944 16948 16785 16652 16446 16291 16383 16430 16694 17332 17752 17965 17544 16762 16517 16627 16656 16601 16463 16328 16131 16125 16059 16118 16188 16259 16014 15693 15649 15725 15653 15763 15560 15442 15564 15638 15645 15404 15778 15795 15773 15696 15678 15811 15616 15458 15521 15728 15693 15644 15598 15792 15686 15674
15940 16013 16141 16244 16241 16178 16409 16984 17034 17059 17165 17623 18339 18399 18230 17983 17601 17532 17151 16981 16885 16626 17045 17201 17052 16548 16277 16261 16173 16196 16246 16383 17076 17937 18207 17945 17138 16615 16669 16680 16756 16731 16565 16379 16076 16296 16479 16620 16596 16166 15667 15631 15684 15791 15579 15692 15640 15635 15643 15596 15451 15464 15442 15808 15878 15806 15510 15495 15522 15586 15650 15637 15642 15645 15886 15732 15638
15086 15131 15205 15380 15408 15581 15409 15433 15921 16554 16885 16869 17487 18271 18540 18402 18068 17340 17084 16944 16830 16898 17255 17307 17060 16479 16244 16181 16395 16355 16126 16052 16759 17480 17726 17640 17099 16517 16230 16666 16745 16772 16824 16606 16670 16493 16345 16440 16379 16135 15790 15957 16018 15991 15810 15665 15748 15622 15609 15550 15504 15485 15457 15557 15727 15685 15500 15591 15536 15559 15618 15651 15718 15636 15647 15648 15680
14981 14983 15012 15054 15099 15208 15245 15443 15596 15549 15562 15662 16142 17017 18086 18275 18264 17878 17588 17306 17088 17166 17281 17171 16746 16717 16645 16368 16504 16567 16237 16314 16837 17236 17193 16815 16576 16409 16621 16852 16441 16490 16501 16468 16589 16404 16168 15939 15833 15832 16007 16040 15818 15749 15745 15617 15663 15662 15661 15545 15389 15367 15432 15432 15404 15493 15477 15457 15524 15483 15571 15560 15764 15673 15441 15543 15849
14962 14972 14975 14981 14994 15034 15081 15175 15209 15312 15411 15348 15279 15522 15767 16708 17815 17862 17814 17698 17541 17248 17360 17120 16983 16947 16871 16760 16655 16543 16692 17007 17154 17147 17041 16786 16673 16428 16649 16684 16719 17072 16980 16493 16438 16072 15925 15878 15831 15967 15956 15887 15857 15687 15634 15612 15663 15738 15685 15664 15413 15356 15445 15447 15497 15496 15600 15639 15518 15633 15661 15598 15670 15767 15679 15645 15902
14945 14949 14958 14972 14983 15000 15001 15019 15080 15124 15166 15192 15193 15537 15721 15962 16840 18029 18261 18263 18004 17733 17356 17106 17235 17208 16903 16681 16570 16664 17027 17207 17162 17263 17046 16974 16642 16352 16287 16211 16193 16376 16121 15091 15415 16125 15958 16000 15922 16144 16176 16011 15891 15721 15718 15734 15660 15762 15887 15911 15598 15275 15638 15719 15694 15745 15730 15636 15819 15980 16038 16012 16263 16307 16289 16159 16185
14917 14933 14948 14958 14967 14975 14993 15010 15020 15037 15077 15100 15137 15154 15287 15937 16634 17357 18406 18569 18041 17856 17900 17605 17606 17639 17343 16861 16645 16694 17063 17196 17714 17600 17141 16994 16912 16770 16547 16246 16082 15246 14258 14656 15600 15954 16067 16217 16210 16161 16017 15928 15892 15750 15594 15708 15744 15686 15706 15362 15551 15615 15715 15748 15717 15794 15733 15650 15839 16130 16499 16414 17081 18127 18550 18681 18494
14917 14925 14942 14953 14964 14971 14978 14987 15003 15013 15037 15049 15061 15098 15138 15191 15764 16824 18455 18597 17893 18170 18176 17933 17662 17723 17581 17240 16836 16559 16807 17220 17624 17491 17009 16946 16851 16812 16427 15565 15541 15572 15448 15595 15619 15451 16097 16091 16175 16018 15726 15741 15503 15441 15439 15420 15716 15774 15688 15553 15559 15513 15541 15545 15445 15504 15508 15544 15645 15965 16500 17012 18203 19516 20705 21163 21037
14928 14940 14946 14948 14950 14959 14962 14976 14982 15007 15021 15039 15050 15070 15091 15114 15317 16115 17306 17958 18185 18016 18019 17883 17529 17744 17899 17506 16764 16881 17230 17518 17598 17524 17450 17265 16859 16598 16014 15844 16019 16084 15841 15749 15748 15714 15813 15851 16136 15978 15569 15449 15428 15276 15468 15781 15990 15953 15849 15815 15737 15726 15637 15543 15480 15458 15527 15547 15615 15788 15915 16909 18753 19975 20438 20803 20752
14925 14938 14950 14955 14960 14972 14973 14986 14993 14996 15017 15022 15039 15064 15090 15106 15206 15695 16316 17063 18357 18662 18156 18104 18053 17826 17884 17739 17148 17287 17736 17717 17487 17487 17313 17254 16786 16369 15959 15707 15799 15948 15884 15876 16018 16205 16137 16033 15862 15826 15715 15538 15487 15485 15608 15754 15901 15889 15932 15872 15969 15814 15787 15707 15559 15514 15549 15614 15928 16445 16648 17392 18399 19178 19505 19676 19907
14928 14935 14940 14947 14960 15000 15010 15012 14999 15001 15012 15019 15027 15052 15086 15107 15145 15184 16080 16676 17247 18339 18105 18218 18158 17942 18257 18223 18008 18367 18486 18036 17555 17627 17374 17123 16856 16617 16346 16369 16566 16591 16233 16171 16142 16280 16504 16452 15899 15877 15718 15559 15470 15472 15521 15702 15873 15930 16037 16073 16035 16051 15878 15789 15599 15519 15544 15801 16308 16987 17021 17256 17144 17350 18085 18781 19449
14937 14939 14945 14954 14962 14977 14994 15005 15019 15027 15032 15033 15048 15066 15087 15108 15146 15184 15528 16753 17015 17194 17727 18195 18235 18477 18540 17799 16560 17839 19132 19062 18221 17872 17765 17602 17107 16753 16491 16440 16600 16948 16909 16523 16660 16661 16470 16381 16150 15802 15756 15645 15538 15576 15615 15753 15967 16367 16233 16253 16382 16314 16016 15870 15705 15589 15562 15820 16003 16598 16530 15869 16115 16809 17442 17867 18874
14956 14957 14962 14972 14979 14991 15003 15025 15061 15059 15054 15060 15073 15087 15107 15124 15157 15191 15229 16009 16334 17755 18013 18022 18437 18634 19009 18797 18201 18954 19321 19191 18509 18320 18282 18059 17562 17143 16756 16572 16873 16963 17102 17048 17064 16856 16381 16451 16388 16217 16190 15847 15805 15643 15598 15770 16050 16335 16616 16737 16400 16381 16171 16170 15953 15798 15761 15727 15828 15964 15992 16275 16436 16665 17256 17758 18755
14967 14974 14985 14990 14999 15014 15025 15041 15069 15075 15076 15085 15087 15105 15128 15152 15172 15194 15230 15522 16276 16869 18124 18620 18533 18534 19119 19306 19427 19457 19188 18981 18583 18326 18262 18065 17623 17358 17193 17118 17332 17379 17076 16993 16986 16743 16606 16465 16356 16238 16196 16078 15814 15655 15829 15837 15992 16029 16098 16156 16002 16029 16083 16028 15945 15859 15742 15699 15735 15930 16126 16392 16660 17468 17735 18324 18306
14979 14986 14997 15000 15014 15038 15050 15059 15069 15081 15093 15097 15108 15128 15147 15169 15199 15233 15223 15294 15694 16327 17563 18917 19009 18901 18387 18862 19072 19234 18990 19073 18910 18330 17966 17559 17373 17357 17203 17100 17289 17332 17014 16809 16647 16669 16748 16862 16931 16916 16867 16702 16301 16012 16032 15992 16110 16302 16345 16107 16017 15937 15967 15976 16011 15963 15920 16141 16258 16281 16832 17554 17693 17603 17988 17990 17530
14984 15003 15005 15010 15021 15051 15066 15069 15080 15093 15103 15118 15134 15151 15171 15185 15219 15287 15392 15420 15389 16319 18136 19727 19973 19421 18684 19122 19259 19141 18355 18484 18407 18007 17903 17795 17440 17101 16688 16492 16705 16764 16650 16677 16349 16439 17045 17393 17476 17592 17531 17366 17524 17146 16367 16165 16229 16284 16181 16085 15657 15793 15967 15914 15890 15931 16469 17081 17626 17109 16596 17232 17577 17207 16600 16273 15877
14999 15012 15022 15028 15038 15058 15069 15096 15101 15119 15128 15134 15159 15165 15181 15206 15222 15286 15446 15514 15541 16324 18063 19758 20127 19742 19280 19683 19743 19338 18813 18594 18099 17971 17961 17889 17538 17232 17171 17175 17078 16804 16813 16774 16545 16762 16843 16832 16720 16644 17046 18020 18570 18364 17307 16614 16317 16062 15902 15820 15803 15822 15865 15864 15712 15923 16150 16587 17132 16834 16537 16336 16384 15977 15718 15675 15681
15005 15013 15022 15034 15047 15061 15074 15104 15111 15133 15144 15164 15178 15188 15206 15217 15230 15244 15449 15514 15604 16157 17925 19532 19946 19703 19566 19721 19722 19316 19138 18883 18137 18003 17834 17728 17626 17348 17162 17247 17112 16795 16634 16656 16631 16789 16753 16515 15612 15426 16488 17796 18602 18426 17442 16703 16290 16057 16005 15974 15881 15847 15791 15748 15653 15607 15729 15694 15775 15842 16539 16683 16509 15944 15827 15739 15666
15012 15021 15036 15046 15058 15065 15075 15095 15115 15136 15153 15173 15191 15220 15220 15236 15271 15348 15443 15505 16115 16756 17989 19552 19921 19759 19500 19658 19683 19485 19276 18889 18414 18512 18596 18237 17947 17656 16946 16921 16577 16639 16602 16455 16624 17427 17785 17726 17208 17333 17785 18260 18223 18079 17192 16578 16301 15961 15987 15974 16025 15970 15980 15935 15768 15704 15768 15724 15860 16103 16670 16849 16597 16016 15822 15915 16239
15031 15037 15049 15059 15065 15087 15093 15102 15117 15135 15164 15183 15204 15222 15249 15260 15306 15434 16001 16080 15695 16842 18208 19330 19673 19441 19350 19408 19314 19349 19020 18795 18617 19076 19063 18531 18310 17601 16967 16916 16638 16892 17027 16970 17076 17621 18111 18346 18421 18659 18695 18624 17830 17492 16825 16579 16227 16111 16057 16059 15972 15818 15935 15919 15867 15801 15857 15804 15782 16418 16547 16420 16458 16326 16556 16952 17383
15047 15052 15067 15075 15092 15111 15111 15114 15134 15147 15174 15184 15210 15225 15250 15280 15322 15455 15699 15741 15752 17113 19000 19364 19312 19107 18689 18305 18356 18276 18056 17904 18590 19037 19030 18592 17959 17001 16896 16842 17156 17856 18330 18293 18128 17612 17732 17762 17749 17958 17982 17697 17309 16995 16770 16625 16406 16422 16402 16111 15902 15754 15913 15923 15832 15837 15785 15731 15689 15709 15807 16410 17256 17476 17896 18276 18487
15070 15075 15082 15091 15107 15120 15134 15139 15149 15167 15184 15202 15215 15236 15257 15286 15321 15413 15415 15450 15862 17047 18991 19563 19524 18853 18103 17859 17909 17878 17507 17063 17341 17630 17512 17339 16887 16569 16680 17256 18121 18875 19398 19410 18554 17588 17408 17305 16891 16874 17044 17022 16869 16796 16536 16398 16384 16570 16507 16288 15984 15743 15758 15745 15720 15750 15726 15692 15665 15771 15774 16327 17257 17442 17523 18023 18073
15089 15095 15102 15109 15119 15134 15144 15156 15184 15189 15208 15219 15236 15252 15269 15288 15309 15331 15383 15567 15985 16524 18389 19636 19545 18764 18341 17900 17614 17606 17476 17407 16736 16489 16501 16485 16461 17538 18723 18936 18714 18619 19193 19247 18545 17334 16926 16785 16566 16770 16945 16888 16578 16490 16468 16593 16630 16748 16852 16869 16758 16285 15813 15781 15657 15652 15500 15561 15564 15714 15807 15818 15937 16158 16234 16620 16913
15106 15113 15126 15130 15149 15150 15165 15181 15195 15207 15223 15230 15243 15271 15283 15301 15316 15333 15405 15803 15949 17473 19114 19351 19017 18586 18358 17914 17594 17574 17754 17729 17053 16546 16346 16110 16705 18213 19744 19859 19183 18359 17847 17673 17581 17633 17651 17537 17234 17084 16994 16860 16588 17036 17760 18146 18002 17924 18041 18337 18253 17393 16108 15662 15762 15971 15538 15473 15624 15596 15685 15720 15904 16087 16028 16128 16552
15147 15155 15158 15167 15172 15180 15190 15204 15210 15225 15237 15246 15266 15286 15303 15320 15335 15370 15942 16163 16370 18108 19057 18982 18287 18175 18199 17955 17683 17703 17679 17626 17074 16415 16096 16006 16485 18227 19688 19806 19116 17866 17262 17095 17157 17888 19010 19296 18611 17767 17062 16808 16379 17229 18642 19518 19726 19667 19073 19357 19124 17844 16340 15680 15574 15824 15584 15519 15946 15965 15706 15723 15946 15892 16027 16055 16270
15153 15161 15170 15172 15182 15196 15208 15220 15230 15238 15255 15267 15289 15300 15316 15359 15526 15862 16164 16762 17540 18723 19180 18668 18257 18165 18027 18004 17750 17856 17808 17401 17155 16537 15876 16134 16861 17587 18288 18326 17920 17095 16821 16710 16743 17941 19233 19768 19717 18731 17211 16919 16826 17541 19013 20088 20611 20275 19300 19116 18759 17552 16206 15700 15359 15329 15618 16095 16190 16025 15548 15524 16045 16397 16152 15916 15776
15179 15185 15197 15203 15209 15220 15232 15245 15255 15266 15282 15293 15310 15328 15363 15773 16539 16612 17225 18585 19803 20179 19528 19017 18422 18222 17887 18014 17971 17690 17624 17369 16867 16361 16096 16154 16564 16442 16299 16689 16632 16441 16278 16256 16122 17308 18761 19635 19933 19605 17771 16925 17531 18178 19562 20158 20196 19535 18573 18372 17439 16139 15803 15579 15372 15301 15334 15897 16174 15916 15681 15492 15742 15717 15676 15413 15857
