Alternative/Moon/Lvl0_30x30/Ele_CC.asc
ncols         335
nrows         335
xllcorner     -13342508.343
yllcorner     -27166.958
cellsize      10000
nodata_value  -9999.0
[rows 272 to 305 of 335, columns 77 to 153 of 335]
28372 27950 27374 27080 26585 26431 25759 25134 24711 24660 25062 25474 25095 23468 20626 19408 19523 21981 24553 24919 25270 24894 24813 24635 24391 24161 23406 22568 23473 23978 23874 23845 24558 25228 25974 26058 23665 22568 23757 25289 26361 26361 26717 26767 26100 25951 26813 26851 26119 26351 27256 27315 27152 27227 27276 26663 26298 25475 25091 25325 25038 25146 25283 25354 24799 24722 24738 24596 25140 25183 24951 24919 24208 23724 23588 23815 23598
27784 27265 27376 27399 26888 26552 25936 25427 24664 24534 24492 24324 24427 24186 21794 19783 19587 20884 23609 24291 25114 24930 25047 24884 24407 24313 23930 23175 22065 23047 23435 23577 23836 24577 25705 25026 21599 21384 21392 22647 25928 26290 26874 27033 26014 25483 25785 25970 26021 26400 26966 27557 27424 27244 27512 27330 27469 26731 25510 25724 26096 26097 25627 25247 24575 24474 25210 25375 25386 25501 25436 25245 24424 23677 23714 23573 23541
26864 27061 27198 27138 26403 26240 25926 25402 24852 24220 24518 24546 24303 24827 23331 21403 20217 20780 21940 22190 23468 24636 24967 24918 25059 24654 23976 23126 22118 22305 22836 23147 23560 24497 25281 24035 20568 19989 21142 23280 25972 26020 26326 26610 25666 24914 25172 25584 25770 26232 26903 27677 27467 27139 27425 27451 27573 27607 26348 25827 25852 25514 24859 24444 24605 24590 25194 25370 25405 25733 25609 25451 24471 24503 24336 23727 23617
26477 26127 26078 26252 25835 25990 25813 25207 24943 24773 24456 24432 24317 25226 25308 23916 22472 22676 20891 20328 22080 23395 23446 24310 24978 24524 24233 22769 22203 22532 22695 22749 23214 23939 25057 24786 22016 20058 22275 24266 25772 25677 25785 25796 25002 24472 24291 24452 25039 25660 26838 27389 26861 26419 26957 27244 27609 27851 27481 26986 25884 24966 25146 25884 25834 25568 24854 24907 25246 25723 25712 25627 25094 25076 24876 24676 23957
26461 26126 25008 25424 25515 25326 24387 24848 25226 25190 24687 24668 24543 24976 25359 24953 24724 24150 21915 20520 20830 22306 23238 24371 25029 24081 23923 22467 22083 22272 22132 22274 22629 22975 24346 24676 24521 23527 24388 24830 25317 25699 25789 25432 24198 23259 23505 24247 24921 25647 26282 26262 26318 25796 27087 27169 27489 27694 27716 27432 26781 25878 25883 26658 26554 25900 25355 24997 25529 25761 25602 25337 25187 25346 25024 24929 24358
26313 25893 24941 25452 25081 25132 24924 24714 25223 25185 24734 24893 24670 24559 24374 24220 24295 24013 22100 20178 20750 21318 22786 25167 25190 24342 22815 21540 22007 21946 21399 21554 22278 22675 23001 23867 24337 24303 24492 24448 24647 25536 25634 24809 23693 23338 23320 24268 24985 25734 26182 25876 26351 26098 26504 27286 27576 27946 28069 27584 26751 26703 27364 27426 26699 26221 25830 26334 26314 26015 25781 24901 24775 24949 25054 25214 25040
26203 25484 24959 25730 25472 25784 25118 24816 25172 25101 24902 24846 24680 24249 24202 24106 23758 23484 22085 21409 20764 21382 23568 25146 25168 24212 22006 21038 20975 20650 20908 21148 22202 22291 22306 22364 22707 23335 23665 23894 24467 25062 25078 24446 23666 23536 23457 24571 24955 25478 25686 25854 26589 26766 26794 27254 27710 27978 28131 27959 27310 26811 27533 27612 26782 26271 25999 26697 26851 26552 26492 25634 25103 25256 25444 25371 25280
25075 24487 24055 25238 25645 25976 25737 25249 24886 24968 24960 24705 24438 24403 24465 24395 23783 24000 23724 22861 21665 21399 23552 23664 24265 23643 21890 21144 20639 21112 21050 20960 21266 21997 22212 22150 22040 22450 23173 23583 24429 24891 25141 25002 24197 23869 23973 24970 25834 25636 25503 25370 26440 26696 27062 27728 28215 28606 28657 28044 27540 26768 27000 27100 26973 26398 26405 26929 27163 26885 26393 26335 26302 26021 25393 25171 25350
24691 22991 23032 23614 25528 25789 25822 25347 24772 24936 25118 25060 24943 24256 24551 24657 24188 24103 23963 23419 21815 21844 22354 22083 22456 22483 21562 21502 21885 22147 22271 21410 20763 21426 22274 22228 22145 22425 23069 23628 24369 24836 25022 24986 24937 24224 24621 25073 25828 25983 25634 25153 25573 26173 26907 28242 28675 28950 28980 28091 27063 27051 26511 26593 26210 25995 26408 26813 27088 27045 26721 26960 26964 26021 25869 26206 25925
24454 23251 23072 23533 24749 25521 25457 25708 25693 25410 25227 25295 25072 24336 23997 24513 24214 23746 24064 23924 23554 23299 22091 21031 19294 19935 20940 21893 23076 23108 22909 22526 22106 21628 22047 22239 22473 22801 23253 23641 24532 24831 24776 24714 24615 24115 24443 24699 25655 25756 25496 25225 25496 26457 27432 28422 28906 28934 28861 28423 26981 27093 26400 26248 26216 25318 25950 26197 26216 26271 26782 26879 26981 26139 26401 26489 25961
24285 24239 23312 24042 24664 25063 24922 25752 25956 25789 25201 25118 24879 24784 23971 23930 23829 23644 23877 24002 23771 23283 21958 20268 18703 18530 19996 22021 23691 24104 24127 24015 23609 22766 22230 22259 22615 22972 23507 24015 24546 24842 24539 24466 24390 23719 23685 24173 24558 25008 25209 25313 25548 26832 27791 28393 29042 29406 29212 28512 27141 27178 26787 26514 26334 25357 25751 25873 25918 26115 26384 26341 26440 26217 26403 26435 25735
24162 25164 25151 24769 24918 24813 24973 24906 25278 25967 25925 25327 25170 25137 24648 24165 23622 23669 23717 24285 24210 23353 21781 20299 18693 18278 19952 22204 24002 24445 24872 25274 25080 24274 23364 22949 22738 23262 23341 24088 24526 24672 24685 24549 24237 23729 23397 23340 23743 24231 24855 25292 25347 26947 27696 28347 29191 29545 29363 28731 27536 27751 27632 27025 26659 26106 25781 25479 25367 25918 26526 26393 26371 26293 26450 26068 25734
24428 25144 25090 24920 25049 25239 25031 25012 24334 26089 26953 26715 25599 24862 24699 24291 23605 23831 23657 24217 24279 23766 23054 21955 20288 19531 20715 22356 23870 24483 25003 25506 25602 25138 24872 23991 23965 23796 23452 24030 24603 24698 24763 24590 24290 23743 23829 23906 23999 24162 24031 24558 25166 26289 27478 28142 28897 29127 29031 28541 27659 27676 27697 27527 27487 26572 25875 25708 25608 25489 25923 25816 25790 25785 26050 26309 25951
23988 24464 24937 25175 25016 24934 24303 24025 23716 25598 27003 26992 25623 25005 24589 24134 23465 23735 23717 23631 23666 23515 24090 23982 22696 21991 22916 23421 23601 23192 23917 24423 24960 25186 25457 25283 24793 24079 23543 23744 24650 24717 24468 24237 24041 24084 24242 24594 24894 24421 24119 24814 25532 26087 26923 27510 28173 28500 28381 27971 27298 27816 27920 27805 27675 27196 26550 25668 25569 25509 25832 25776 25902 25522 25960 26162 25923
24434 24703 24929 25055 24562 24361 23861 22951 22982 25161 26599 26689 25578 24991 24643 23839 23447 23950 23964 23807 23673 24119 24930 25078 24470 23371 23680 23866 23272 21892 21936 22811 23656 24948 25614 25650 25123 23865 23661 23505 24290 24416 24399 24216 23967 24173 24390 24706 24931 24878 24585 24791 25602 26014 26926 27269 27771 28016 27903 27637 27156 27858 27925 27678 27651 27184 27016 26623 25695 25441 25537 26073 26548 26485 26578 26272 25840
25131 25210 24928 24732 24232 22740 22335 21642 22589 24281 25152 24748 24765 24786 24639 24270 24299 23980 24027 24063 24143 24869 24915 24982 24493 23214 23036 23217 22419 20535 19508 20112 21847 23919 25468 25883 25256 24498 24115 23946 23952 24167 24364 24290 24318 24054 24335 24520 24721 24995 25184 24712 25523 25926 26923 27031 27161 27764 28335 28286 27195 27674 27724 27700 27592 27197 27296 27199 26276 26516 26167 26087 26417 26256 26304 26028 25309
25790 25358 25637 25779 24777 23185 21722 21534 22607 23272 24134 23905 23159 24126 24417 24371 24319 24304 24150 24093 24199 24941 25251 25169 24888 23451 22440 22065 21927 20712 19421 19340 20261 22429 24407 25463 25292 24871 24265 24033 23905 24114 24346 24649 24593 23985 24003 24458 24886 24708 25302 25298 25233 25689 26655 26900 27150 27792 28368 28326 27781 27715 27841 27711 27630 27448 27296 27201 27007 27561 27258 26916 26837 25459 25295 25747 25643
25712 25497 25402 25408 24427 22976 21681 21646 22537 23434 24165 24131 23380 23411 24112 24337 24304 24274 24205 24277 24295 24331 24865 24936 24660 24154 23620 23435 22835 21244 20002 19552 19203 21531 23832 24938 24985 24633 24259 24095 23828 23838 24229 24578 24576 24616 24258 24749 25079 25026 25123 25073 25258 25633 26224 26726 27124 27354 28023 28159 27998 27798 27643 27361 27458 27535 27550 27591 27601 28093 27976 27713 27516 26651 26464 26035 26001
25577 25628 25629 24652 23776 22957 22327 21427 21936 22837 23515 23672 23313 23386 23310 23916 24163 24065 24305 24403 24384 24321 24693 24885 24852 24512 24566 24084 23649 22072 20737 20225 20140 21502 23911 24620 24655 24385 24526 24078 23837 23870 24255 24378 24506 24638 24637 25036 25060 25012 25066 24931 25146 25463 25993 26707 27110 27343 27849 28269 28270 27936 27499 27239 27420 27536 27600 27735 27813 28088 28051 28033 28107 26771 26493 26590 26420
25798 25663 25393 25175 24612 23555 22353 21926 21769 21939 22847 23143 23605 23496 23295 22909 24172 24225 24269 24386 24520 24627 24579 24745 24824 24689 24706 24331 23658 22362 21382 21379 21468 22487 23805 24119 23231 23914 24216 24197 24238 24051 23970 24443 24520 24693 24709 25227 25334 25048 25427 24949 24515 25332 25766 26336 26832 27206 27707 28208 28620 28593 28441 27800 27635 27764 27839 28019 27845 28077 28226 28325 28204 27329 27121 27129 26677
25915 25833 25417 25469 25399 24787 23744 23276 21920 22327 23659 24113 23765 23529 22868 23215 23945 24999 25578 25292 24711 24729 25280 25379 25142 24999 25082 24983 24009 23296 22812 22722 23254 23904 23672 23059 22154 23395 23743 24109 24297 24386 24137 24194 24378 24475 24660 25032 25400 25170 25507 25441 25672 25595 25683 26180 26810 27081 27551 28152 28371 28637 28556 27906 28063 28237 28092 28165 28193 28748 28872 28547 28334 27913 27326 27107 26432
26153 25767 25448 25082 25315 25243 24946 24873 23379 23225 24304 24718 24255 23595 23730 23794 24121 25032 25858 25966 25794 25749 25943 25899 25619 25314 25237 25685 25713 25348 25126 24416 24942 25019 23423 22094 21801 23594 23374 23984 24025 24324 24317 24192 24392 24541 24932 25073 25271 25294 25152 25494 25761 25945 25700 26136 26875 27330 27828 28092 28048 27916 27742 27335 27853 28119 28330 28236 28520 29313 29574 29341 28614 28013 27586 26642 26059
26219 26217 25799 25377 25061 25101 25225 25188 24677 24186 24747 25021 24957 24123 23941 23824 24143 24766 25786 25946 26042 26288 26383 26022 25601 25623 25756 25860 25940 25645 25839 25770 25291 24952 23321 22070 21480 23420 23287 23247 24141 24203 24348 24205 24356 24556 25071 25144 25383 25414 25467 25686 26115 26422 26366 26151 26860 27338 27744 27821 27709 27838 27660 27447 27730 27955 28346 28212 28230 29278 29608 29305 28394 27942 27592 26668 25362
26383 26529 26395 25824 25257 25093 25222 25201 25124 24903 25126 25278 25468 25169 24739 24770 24896 25084 25780 25788 25869 26383 26501 26474 26051 25981 25952 25814 25916 26110 26169 26102 25423 24207 22966 22301 21966 23101 23007 22495 23960 24246 24022 24017 24208 24642 24884 24990 25766 25664 25726 26143 26540 26648 26966 27398 27064 27154 27467 27594 27594 27229 27189 27268 27284 27513 27751 27891 28137 28590 28811 28505 27308 27134 26396 26239 24830
26507 26574 26572 25923 25382 25117 25127 25402 25184 25477 25649 25477 25042 24881 25449 25881 26252 26592 26505 25994 25645 25759 26446 26461 26182 25944 25571 25266 25382 25920 26117 25875 25394 24829 24307 23565 23109 22444 22442 22170 23208 24459 24558 24445 24377 24676 24931 25120 25894 25572 25525 26261 26829 26971 27675 27702 27682 27866 27722 27730 27780 27342 26436 26163 26681 27316 27380 27483 28008 27985 27827 27165 26902 26574 26020 25284 24505
26926 26626 26456 26150 25723 25283 25143 25366 25719 25563 25409 25569 25454 24930 25977 26600 26605 27048 26865 25950 25226 25360 25881 26304 26187 26319 26489 26245 25332 25249 25558 25829 25994 25751 25068 24039 23464 22618 23325 23498 23626 25063 25324 24729 24671 24809 25246 25490 25250 25068 25103 26013 26816 27019 27972 28222 28331 28329 28268 28456 28510 27734 26461 25640 25913 26398 26506 26869 26752 26948 26839 26640 25572 25327 25216 24254 24055
26824 26969 26633 26646 26049 25159 25147 25121 25940 26042 25179 25418 25425 25995 26671 26788 26682 26750 26151 25649 24335 24735 25557 25946 25874 26474 26554 26538 25939 24966 25115 25631 25957 25907 25870 25428 24148 23464 23806 24016 24254 25319 25461 24794 24776 24838 25351 25532 24992 24618 24786 25578 26408 27393 28317 28496 28305 27854 27286 28191 28525 28412 27111 26181 25765 25646 25936 26443 26287 26229 25988 25757 25069 24600 24486 23958 23594
27201 27435 27247 26971 26394 25595 25191 25313 25983 26453 26123 25081 25957 26484 27011 26895 26299 25434 25050 24537 24063 23564 24576 25289 25351 26221 26267 26239 25776 25316 25448 25302 26359 26024 26304 26101 25599 24567 24083 24538 25038 25196 25130 24895 24963 25338 25318 25238 24757 24192 24931 25484 26809 27896 28352 28430 27272 25161 24415 25654 28021 28433 27779 27175 26978 26744 26298 26668 26289 25781 25469 24953 24385 24149 23922 23425 21818
27434 27371 27197 27043 26528 26114 25939 25791 26050 26483 26173 25643 25886 26931 26676 26463 26327 25769 25212 24956 23900 23135 23585 24433 24644 26017 26184 25954 25598 25886 26543 26631 26753 26741 26585 25878 26192 26077 24904 25056 25086 25335 25210 24958 25338 25663 25556 25064 24764 24519 25419 25660 26781 27662 27855 27847 25619 22917 22697 24155 26991 28519 28147 27489 27466 27537 27179 26917 26218 26007 25894 25276 24548 24304 23997 23575 22664
27241 27022 26965 26784 26580 27045 27069 27074 26583 26432 26134 25411 26151 27061 27256 26989 26356 25590 25348 25092 24017 23719 23927 24383 24631 25600 25760 25513 25775 26147 27006 26993 27341 27222 26854 26202 26216 26177 25525 25217 24873 25293 25311 25127 25140 25265 25098 25161 25190 25109 25711 25916 26505 26902 27067 27217 25643 23035 22478 24713 27674 28648 28393 27901 27663 27723 27488 26934 26335 25670 25530 24895 24342 24350 24086 23460 22986
27199 27340 26951 27010 26985 26955 27316 27218 26713 26249 25574 25101 26425 27089 27200 26995 26266 25290 25202 24695 24467 24590 24911 25186 25357 25928 25871 25125 25586 26166 26998 26921 27328 26929 26459 26429 26415 26052 26302 25900 24964 25095 25304 25309 25290 25160 25488 25470 25518 25294 25699 25933 26122 26317 26515 26689 26694 25153 24503 26235 28008 28430 28252 27861 27730 27776 27607 27313 26862 25599 25074 24765 24371 24019 23896 23598 22738
27575 27810 27788 27708 27459 26569 26948 26837 26492 25986 25162 24935 25908 26422 26564 26446 25663 24877 25016 24594 25237 25496 25170 25449 25847 26175 26040 25104 25421 25645 26375 26453 26338 25978 26011 26032 26067 26215 26607 26769 26680 26411 26304 26718 27014 26931 26865 26545 25804 25464 25472 25796 26091 26172 26661 27048 26872 26730 26488 27069 27510 27669 27627 27452 27494 27646 27524 27429 27119 25865 24514 24601 24303 24187 23958 23751 23181
27931 28190 28200 28100 27864 27021 26231 25870 25858 25800 25161 24118 24586 25167 25436 25510 25239 24390 24681 24391 24709 25124 25097 25510 25967 25754 25494 24763 25254 25662 25390 25632 25544 25944 26309 26195 26357 26464 26782 27162 27657 27583 27529 27443 27521 27934 27922 27447 26550 25977 25645 25637 25680 26170 26724 27049 26900 26817 26380 26193 26890 27708 28114 28068 27765 27611 27334 26951 26737 25790 24334 24060 23998 24187 24116 24009 24002
27901 28336 28328 28203 28190 27278 26174 25947 25557 24833 25508 25533 25799 26162 26314 26325 25570 24516 24654 25037 25117 25844 25666 25674 25559 24872 24732 24796 25366 25987 25971 25355 25736 26047 26399 26703 27035 27566 27929 27876 27721 27429 27193 26890 26943 27264 27419 27280 27335 27097 26510 26060 25660 25975 26426 26869 26967 26660 26283 25541 26355 27429 28061 28037 27948 27578 26896 26629 26462 24915 24652 24051 23720 23816 24144 24245 24179
