Alternative/Moon/Lvl0_30x30/Ele_CL.asc
ncols         335
nrows         335
xllcorner     16807491.657
yllcorner     -27166.958
cellsize      10000
nodata_value  -9999.0
[rows 170 to 203 of 335, columns 152 to 227 of 335]
28302 28019 28096 28055 27728 27456 27480 27376 25741 25372 25714 27273 27755 27641 26821 25495 24983 24881 24649 24679 24706 23676 23275 22836 21955 21975 22072 21884 21600 21301 20974 21077 20839 21039 20905 21150 20875 19612 19845 21017 21580 21679 21341 21187 21346 21881 22078 22188 22219 21661 20451 19329 19575 20883 22120 22381 21912 20488 19951 19000 18299 17329 17027 16803 16456 16187 16339 16440 16385 17017 17170 17305 17510 18259 18286 17870
28272 28357 28275 28025 28001 27766 28008 27969 26896 25980 26271 26712 27561 27656 26898 25716 25686 25800 25325 25322 25230 24663 23605 23219 22809 22172 22117 21966 21675 21344 20945 21095 20989 21091 21497 21798 21621 20957 21058 21572 21722 21853 21452 21178 21742 22133 22300 22338 22409 22254 21032 19609 19779 21230 22141 22891 22707 21327 20896 19883 18936 18273 18199 17653 17078 16960 16846 16666 16743 16957 17087 17457 18057 18416 18324 18156
28103 28342 28479 28406 28197 28154 28403 28392 28048 26592 27066 26992 26785 27001 27029 26754 26483 26152 26213 25807 25697 24925 24886 24407 23577 22357 22135 21830 21809 21630 21281 20962 21138 20726 21505 22482 22439 22410 22243 22097 22151 22163 21952 21707 21744 21917 20870 20523 21978 22424 22441 21324 21973 23493 24315 24236 23571 22483 21825 21069 20089 19380 18942 18476 17951 17678 17576 17463 17158 17177 17284 17889 17993 18122 18412 18440
27984 28324 28432 28702 28563 28687 28568 28279 27546 26008 26058 25708 24957 26172 26811 27004 27080 26424 26156 25796 25235 25196 25236 24895 24145 23220 22808 22174 22391 22426 21929 21068 20628 20603 21327 22418 22301 22555 22564 22800 22745 22328 21972 21802 21746 20775 19138 18415 20442 22384 22445 22516 23349 24063 24499 24491 24282 23434 22489 21854 21219 20415 19821 19304 18811 18581 18174 17515 17824 17942 17942 18323 18288 18464 19013 19887
27741 27883 28174 28712 28886 29022 28466 26803 25312 24870 24192 23650 24279 24456 25042 26260 26348 25302 24745 23953 23926 24287 25219 25184 24462 23688 23211 22826 22675 22734 22491 21736 21017 20719 20835 21701 22123 22483 22693 22972 23098 22624 22108 21856 21769 20782 19040 18342 19842 21367 21929 22446 23235 23593 23601 23458 24466 24401 24006 22805 22109 21175 20624 20143 19718 19272 18529 17515 18682 18849 18822 18690 19202 19915 20357 20899
27672 27157 26974 27161 28052 28351 27332 25787 25249 24390 23843 22900 22926 22804 23026 23539 23781 23760 23622 23438 23276 23642 24162 24844 24647 23986 23894 23440 22836 22721 22409 21913 21499 21412 21171 21458 21790 22274 22614 23028 23133 22747 22129 21749 21609 21668 20575 19573 21186 21485 21383 21486 22189 22494 23207 23069 24392 24466 24129 23865 23798 22898 21880 21224 20683 20139 19689 18956 19130 19064 19246 19284 19718 20512 21002 21541
27428 26609 25569 25193 25411 25773 25269 24437 23462 22584 22182 21831 21315 20698 20598 20760 21299 22116 22409 22540 22421 22705 23280 24537 24531 24219 23844 23723 22982 22504 22078 21855 21975 22152 21690 21194 21604 22039 22819 23198 23230 22766 22172 21515 21464 21642 21510 21178 21666 21571 21847 22179 22025 21144 20925 23100 24338 24364 24575 24675 24526 24574 24138 22678 21991 21423 21105 20533 20507 20378 20082 20128 20445 21312 22034 22570
27142 25518 24666 24114 24186 24304 23759 22833 22214 21616 21301 20655 20092 19784 19460 19339 19404 20237 21046 21878 21791 22111 22555 23481 24416 24356 24031 23958 23624 23025 22842 22225 22203 22254 21676 21009 21838 22829 23592 23435 23356 23060 22193 21171 21136 21846 22144 22028 21964 21549 21959 22109 21257 20003 19512 21480 22955 24327 24489 24850 24861 24809 24775 23570 22802 22086 21713 21769 21590 21611 21737 21871 21966 22918 23788 24144
25435 24422 23863 23088 23458 23712 23333 22439 21502 20971 20680 19888 19556 19415 19367 19139 19275 19666 20177 20524 20845 21381 21700 21828 23465 24289 24585 24664 24029 23906 23154 22379 22443 22067 21320 21009 21308 23078 23640 23433 23472 23416 22332 21148 21233 21833 22476 22675 22564 21794 21588 21453 19959 19160 19104 20762 22137 23895 23969 24292 24769 24700 24739 24260 23907 22523 23386 23981 23509 23559 24028 24231 24177 24922 24991 24686
24757 24379 23742 23198 23368 23190 22600 21956 21430 20871 20587 19714 19179 19222 19159 19100 19073 19036 19680 20277 20451 20783 21047 21380 21893 23316 24419 24585 24394 24259 23358 22525 22286 21852 21656 21269 21190 22006 23246 23437 23431 23399 23316 22440 22277 21749 22450 22664 22650 22093 21740 21413 19513 19127 19511 20697 22153 23378 23425 24084 24606 24525 24646 24762 24777 23927 24840 25017 24493 24296 24600 24693 24513 24950 25051 24705
24359 23706 23448 23431 22783 22862 22267 21628 20978 19808 19550 19310 18652 18718 18898 18902 18730 18684 18802 18954 19309 19683 20279 20756 21495 22759 23462 23985 24200 24354 23539 22883 22234 22080 22632 22151 21466 22265 23201 23125 23048 23662 23860 23789 23124 22604 22288 22343 21889 21532 21675 21318 20980 20246 20144 21869 22111 23116 23643 23738 23765 24170 24473 24780 25151 25313 25226 25095 24574 24530 24475 24490 24518 24549 24820 24783
23608 23058 23386 22919 22748 22830 21655 20620 19952 18978 18674 18500 18506 18510 18604 18684 18671 18523 18528 18556 18524 18749 19261 20065 20863 22339 23120 23327 23928 24212 23779 23358 22819 23134 23642 23466 22984 22889 23019 23066 23058 23672 23801 23707 23162 22870 22142 21960 21291 20908 21213 21098 21164 21341 21545 22406 22155 21701 22848 23538 23667 23809 24276 24500 24802 25056 25052 24815 24714 24804 24637 24389 24574 24614 24595 24607
23379 22885 23034 22930 22582 22172 20709 19507 18736 18563 18463 18370 18389 18409 18498 18507 18446 18481 18445 18481 18447 18701 18720 19153 20047 21723 22859 23276 23960 24544 24416 23564 23446 23876 24183 24154 23926 23346 23207 23111 23082 23009 23334 23656 23344 22878 22383 21867 21696 21355 21221 20979 21100 21313 21416 22193 21942 21299 22154 22654 22794 23546 24188 24484 24556 24783 24911 24824 24675 24689 24327 24282 24417 24314 24270 24099
23746 22859 22841 22621 21829 21432 20179 19138 18515 18413 18389 18321 18343 18319 18391 18416 18392 18489 18454 18338 18339 18489 18730 18794 19735 21236 22357 22948 23438 24506 24519 23912 23999 24018 24078 24118 24203 23587 23101 22522 23027 22934 23074 23499 23345 22769 22269 21603 21487 21309 21238 20912 20912 21177 21129 21183 21491 21430 22282 22471 23019 23703 24198 24510 24523 24766 24844 24998 24578 24467 24351 24075 23901 23723 23938 24130
24141 23012 22749 22392 21209 20030 19771 18865 18392 18279 18289 18269 18282 18286 18320 18235 18331 18721 18844 18707 18297 18236 18402 18671 19300 20849 21281 22328 23399 23720 23944 23934 24144 23833 23487 24173 24230 23680 23313 22795 22949 22739 23146 23102 22851 22422 21665 21188 21057 20932 21212 21400 21033 21189 21336 20991 20908 21399 21797 22725 23282 23370 23651 24123 24515 24613 24808 24775 24431 24036 24060 23929 23851 23410 23575 23969
24438 23427 23115 22129 20366 19813 19211 18599 18441 18290 18219 18225 18334 19013 18901 18320 18585 19240 19249 19124 18770 18511 18207 18514 18953 20400 20608 21686 23443 23740 23890 24293 24153 23667 23379 23576 23826 23787 23142 22559 22736 22725 22767 22938 22665 21829 21371 21139 21100 21306 21444 21472 21216 20835 21063 21147 20925 21474 21769 22411 22741 23214 23491 24000 24302 24509 24485 24450 24410 23422 22627 22663 23094 23081 23075 23330
24583 23813 23532 22183 20474 19429 18769 18527 18341 18241 18244 18223 18471 19262 19388 19385 18151 18207 18153 18573 19084 18590 18147 18290 18640 19550 20427 21580 23155 23811 24148 24743 24593 23959 23605 23508 23866 23712 22970 22543 22686 22784 22974 22922 22606 21710 21517 21187 21295 21206 21339 21436 21079 20345 20694 20850 21191 21466 21829 22418 22719 22794 23108 23231 23840 24284 24312 24055 23937 22719 22231 21711 22710 23070 22921 23138
24601 24089 23498 22139 20909 19691 19232 18561 18306 18227 18209 18255 19299 20024 19605 19080 17805 17791 17711 18145 18550 18118 18025 18208 18624 19647 20616 21924 22761 24078 24235 24916 24650 24023 23595 23673 23757 23587 23187 22904 22871 22889 23030 22970 22339 21991 21737 21459 21498 21347 21332 21405 20285 19875 20450 20850 21215 21374 21406 22470 22637 22680 22619 22906 23448 23912 24008 23672 23306 23068 22642 22078 22097 22648 22859 23153
24687 24251 23605 22353 20801 19392 18959 18486 18379 18214 18196 18212 18706 19707 19316 17729 17621 17672 17689 17743 17843 17935 18248 18360 18639 19373 20994 22127 22936 24352 24447 24893 24555 23944 23636 23919 24014 23647 23613 23318 22790 22710 22655 22488 22480 22115 22205 22170 22183 22237 22187 22020 21423 19959 20050 20695 21342 21601 21704 22296 22242 22243 22231 22393 23136 23398 23488 23072 22815 22996 22470 21938 21986 22006 22876 23177
24786 24367 23471 22054 20363 19406 18975 18543 18609 18227 18255 19084 19219 18259 18576 17850 17660 17695 17729 17801 17850 17917 18452 18433 18557 19809 21347 22408 23054 24245 24347 25245 24499 23668 23777 23907 23919 23725 23762 23848 23278 22688 22324 22691 22976 22554 22357 22298 22969 22890 22926 22757 22271 20486 19769 20805 21553 21839 21697 21882 21755 21774 21736 21934 23204 23438 23440 22554 22368 22283 21961 22592 22638 22253 22757 23359
25151 24140 23404 22175 20842 19932 19121 18424 18421 18229 18453 18747 18999 18128 18315 17831 17852 17789 17797 17829 17877 18020 18064 18361 19077 20294 21588 22496 23096 23989 25102 25331 24587 23538 23834 24050 23908 23834 23866 23656 22696 21842 22240 22960 23318 22956 22522 22592 22632 22173 22509 22990 22961 22161 21219 21084 21449 21549 21670 21374 21156 21270 21434 22110 22839 23141 23089 22343 22089 22105 22354 22657 22635 22274 22475 23296
25352 24161 23363 22510 21344 20182 19589 19149 18436 18178 18248 18255 18041 18022 18043 18346 18506 17803 17742 17816 17908 18091 18357 18741 19408 20659 21783 22479 22853 24192 25088 25124 24554 23883 23781 24033 23952 23727 23901 23540 22435 21705 22070 23005 23285 23068 22621 22742 21452 20357 20806 22144 23041 22436 21823 21243 21154 21400 21390 20973 20860 21154 21422 22101 22688 22861 21824 21982 21890 21920 21972 22124 22124 21959 22053 22460
25292 24072 23368 23281 21922 20741 20263 19506 18884 18116 18114 18014 18083 18052 17761 18130 18023 17724 17716 17764 17890 18142 18741 19710 20052 20917 22023 22508 23159 24378 24767 24770 24404 24244 24242 23975 23974 23725 24096 24048 22975 21946 21615 22666 22932 22964 23082 23222 21653 19963 19794 21296 22504 22217 21812 21411 21077 21114 21018 20522 20575 20774 21342 21830 22105 22200 21743 21743 21516 21866 21865 21592 21473 21532 21789 22412
25108 24030 23720 23365 23093 22270 21051 19651 18860 18134 18126 18088 18161 18064 17837 17820 17834 17717 17739 17790 17934 18323 19327 20619 20967 21008 22567 22862 24263 24731 24669 24559 24044 24387 24416 24182 24037 23639 24197 24541 24469 23371 22550 22637 22850 22849 22999 23271 23129 21508 20791 21813 22283 21966 21626 21382 21039 20768 20737 20722 20509 20604 20997 21481 21590 21657 21584 21246 21538 21687 21808 21527 21491 21563 21817 22119
26493 24750 23775 23655 23643 23199 21796 19745 19139 18462 18161 18220 17842 17712 17840 17783 17724 17755 17790 17871 18139 18787 19501 20734 21243 21500 22928 24571 24812 24808 24468 24064 23893 24447 24519 24072 22894 21915 22787 24280 24362 23878 23824 23225 22624 22346 22575 23166 23251 22952 22784 22180 21740 21318 21215 20858 20705 20383 20726 20789 20487 20774 20958 21591 21532 21127 21322 21494 21613 21714 21897 21656 21529 21694 21903 21990
27874 26420 24874 23558 23581 23230 22316 20507 19544 18638 18355 18282 18130 17991 18016 18020 17819 17937 18024 18296 18857 19666 20030 20557 21606 21949 23926 24970 24979 25054 24834 24151 23924 24292 24240 23041 21781 22119 22874 24113 24608 24341 23837 23227 22450 22183 22420 22740 22869 22848 22764 22123 21555 21010 20773 20444 20164 20086 20254 20238 20426 20836 21170 21040 21048 21131 21305 21520 21676 21700 21487 21580 21646 21789 22001 22032
29073 28571 27066 25094 23585 23047 22770 21889 20710 19729 19467 19305 18472 18141 18134 18098 17965 18089 18756 19185 19980 20946 21003 20988 22065 23120 24849 25174 25195 25745 25757 25100 24343 24211 23979 23315 22475 23452 24361 25075 25123 24539 23782 22951 22561 22042 21856 21809 22099 21974 21445 21007 20764 20426 20262 20319 20516 20503 20094 19733 19926 20866 21313 21257 20863 21152 21291 21595 21774 21713 21497 21614 21655 21753 21929 22113
29003 28948 28164 26666 24641 23794 23122 22564 21646 20875 20825 20648 19865 19826 19685 19202 18937 18985 19576 20151 21587 21879 21774 21996 23103 25061 25607 25702 25657 25862 25840 25448 25029 24548 24590 24517 24274 23740 23856 24426 24986 24853 23814 23003 22930 22628 22469 22197 21584 21126 20331 20423 20453 20462 20359 20639 21218 21281 20416 19524 19660 20765 21130 20945 20876 21132 21447 21524 21682 21551 21408 21615 21659 21950 22082 22332
28901 28836 28262 27434 26058 24651 23982 23330 22826 22759 22606 21892 21583 21394 21171 21076 20681 20569 21335 21914 22439 22558 22421 23278 25289 26434 26122 25768 25866 26029 26002 25807 25166 24679 24198 24565 25109 23302 21061 21274 23201 24071 23582 22976 23175 22825 22340 21788 21140 20757 20708 20681 20449 20435 19857 19971 21400 21862 21057 19763 19526 19650 20043 20472 20524 20662 20929 20996 21034 21006 20585 20576 21519 21836 22113 22405
29170 28878 28233 27496 26732 25227 24213 23622 23705 23580 23220 23288 22867 22854 22716 22396 22026 22113 22485 22751 22928 23128 23584 25095 26645 26565 26016 25739 25822 25940 25813 25796 25191 24300 23585 24256 24964 22631 19790 18823 21403 23512 23461 23275 23424 23028 21955 20906 20199 20580 20848 21032 21091 20344 19492 19641 21352 21885 21787 20553 19590 19629 19754 20252 20255 20256 20404 20626 20768 20716 21182 21435 21839 21967 22154 22552
28815 27392 25919 25952 26490 25944 24763 24363 24379 24631 24579 24571 24573 24388 24264 23431 23238 23557 23803 23846 23544 24457 25294 26585 26714 26317 25872 25682 25765 25798 25573 25684 25056 23565 22909 23687 24510 23119 20761 19956 22214 23451 23368 23280 23346 22871 21933 20913 20204 20244 20062 20707 21486 21203 19700 19788 21287 21897 21925 21239 20754 20446 20210 20078 19817 19796 19827 20028 20525 20818 21509 21735 21875 22036 22321 22847
27940 25795 24275 24701 27147 26944 26559 26098 25532 25016 25153 25364 25409 25153 24552 24224 23921 24043 24273 24310 24589 25079 25921 26528 26486 25847 25828 25564 25601 25647 25392 25075 24477 23677 23055 23314 24538 24523 23850 23289 24013 23932 23286 23099 22990 21931 21398 20836 20419 20192 19325 19436 21055 21101 20273 20605 21953 22015 21246 21137 21207 20617 20624 20074 19992 19728 19943 20299 20682 21437 21516 21826 21895 22276 22825 22994
27607 25951 25173 25939 27706 27125 26635 26953 27152 27005 26692 26175 25675 25575 25313 24756 24659 24364 24773 24847 25303 25456 25908 26300 26124 25734 25735 25401 25148 25179 24844 24640 24610 24569 24267 23870 24166 24546 24535 24162 24096 23557 23166 22702 21649 20719 20515 20589 20798 20893 20683 19406 19829 20169 20209 20872 21987 22135 21896 21256 20653 21171 21195 20842 20398 19874 19789 20432 21056 21920 22144 21836 21956 22404 22807 23249
29280 27810 27144 27517 28149 27389 26572 26526 27160 27210 27117 27232 26416 26404 26158 25680 25346 25193 25257 25171 25315 25770 25962 26048 25428 25643 25659 25397 25444 25286 24815 24840 24729 24629 24333 23915 23776 23745 23543 23015 22748 22875 22597 21780 20725 20563 20873 20876 21256 21025 20765 19513 19146 19291 19533 20145 21662 22158 22129 21582 20893 21299 21209 21014 20692 19872 19125 20240 20972 21885 22182 21890 21990 22314 22729 23272
