Alternative/Moon/Lvl0_30x30/Ele_CH.asc
ncols         335
nrows         335
xllcorner     3407491.657
yllcorner     -27166.958
cellsize      10000
nodata_value  -9999.0
[rows 238 to 271 of 335, columns 0 to 76 of 335]
18112 18077 18075 18072 18075 18083 18092 18122 18172 18236 18356 18272 18261 18273 18287 18298 18397 18446 18479 18550 18581 18608 18592 18580 18463 18475 18492 18514 18488 18457 18446 18436 18408 18399 18382 18373 18325 18368 18376 18334 18322 18361 18386 18387 18338 18295 18301 18321 18343 18345 18356 18388 18377 18383 18410 18427 18450 18440 18453 18497 18481 18504 18523 18522 18507 18519 18517 18510 18505 18563 18582 18568 18519 18453 18433 18415 18419
18111 18077 18091 18116 18121 18108 18116 18129 18223 18344 18210 18094 18150 18206 18280 18303 18334 18393 18448 18480 18497 18517 18531 18567 18563 18502 18468 18495 18502 18445 18445 18441 18419 18396 18381 18387 18356 18332 18340 18330 18342 18354 18368 18367 18379 18357 18314 18336 18349 18340 18369 18393 18381 18385 18416 18450 18452 18456 18469 18472 18484 18506 18523 18521 18526 18535 18508 18507 18490 18502 18527 18523 18466 18448 18423 18415 18422
18272 18269 18231 18179 18175 18152 18181 18293 18286 18208 18079 18101 18130 18166 18219 18315 18327 18331 18369 18433 18474 18508 18531 18539 18531 18538 18502 18461 18458 18455 18442 18437 18428 18401 18376 18377 18377 18357 18346 18369 18355 18356 18367 18386 18410 18407 18370 18341 18316 18336 18368 18368 18374 18395 18441 18456 18461 18465 18469 18468 18473 18502 18520 18518 18531 18521 18492 18479 18465 18479 18476 18468 18450 18429 18388 18404 18421
18259 18311 18313 18284 18248 18272 18336 18320 18268 18122 18084 18103 18119 18145 18225 18248 18300 18325 18345 18403 18448 18468 18509 18531 18539 18507 18500 18469 18459 18465 18429 18434 18434 18421 18415 18416 18404 18376 18363 18370 18365 18375 18369 18385 18388 18400 18383 18333 18317 18341 18350 18355 18371 18383 18442 18443 18448 18464 18472 18469 18485 18513 18530 18544 18565 18552 18508 18494 18480 18464 18457 18432 18416 18421 18382 18368 18410
18182 18155 18137 18202 18242 18241 18225 18154 18053 18068 18077 18095 18136 18158 18205 18243 18281 18321 18355 18374 18426 18451 18473 18526 18530 18507 18492 18521 18457 18464 18426 18421 18427 18429 18413 18419 18408 18396 18411 18411 18396 18395 18422 18424 18398 18375 18394 18331 18338 18348 18351 18344 18359 18393 18442 18450 18458 18467 18467 18462 18475 18513 18537 18541 18547 18543 18558 18528 18509 18483 18452 18440 18458 18450 18411 18393 18386
18091 18083 18091 18102 18118 18085 18078 18067 18072 18090 18092 18109 18134 18157 18185 18213 18235 18255 18314 18339 18353 18382 18437 18484 18496 18476 18446 18456 18454 18452 18431 18427 18439 18450 18445 18421 18401 18396 18421 18420 18410 18431 18457 18443 18418 18376 18397 18335 18341 18345 18341 18337 18343 18377 18430 18477 18498 18497 18477 18477 18509 18513 18561 18554 18541 18572 18584 18594 18578 18556 18534 18541 18519 18458 18437 18459 18435
18074 18093 18094 18095 18079 18093 18118 18108 18092 18116 18123 18123 18131 18140 18177 18197 18219 18229 18252 18301 18334 18488 18532 18449 18424 18427 18412 18390 18426 18433 18420 18428 18425 18443 18528 18508 18405 18401 18426 18432 18427 18445 18502 18464 18426 18386 18360 18340 18357 18356 18339 18324 18330 18369 18417 18481 18509 18499 18481 18499 18511 18524 18536 18570 18587 18588 18599 18605 18601 18585 18569 18533 18513 18519 18458 18462 18448
18080 18098 18108 18094 18094 18114 18164 18152 18138 18126 18126 18113 18123 18126 18153 18188 18218 18219 18237 18280 18358 18498 18195 18591 18406 18403 18409 18385 18387 18403 18407 18407 18392 18397 18454 18449 18404 18426 18445 18450 18437 18469 18500 18466 18421 18392 18371 18357 18355 18385 18365 18338 18356 18395 18432 18478 18525 18513 18488 18510 18519 18531 18537 18549 18591 18592 18593 18586 18571 18554 18539 18526 18493 18475 18451 18435 18424
18066 18083 18087 18097 18108 18111 18169 18163 18143 18139 18130 18113 18098 18101 18120 18160 18171 18189 18222 18271 18339 18517 18642 18627 18372 18399 18436 18435 18418 18411 18425 18426 18395 18388 18400 18402 18409 18428 18440 18454 18453 18509 18498 18477 18430 18397 18412 18359 18365 18414 18390 18362 18396 18413 18442 18482 18525 18513 18509 18520 18530 18540 18545 18556 18571 18573 18593 18581 18567 18550 18552 18525 18499 18483 18445 18419 18422
18050 18059 18074 18086 18102 18103 18151 18168 18197 18172 18131 18145 18100 18090 18106 18114 18146 18163 18212 18259 18314 18401 18497 18455 18389 18435 18478 18488 18468 18456 18448 18429 18395 18388 18387 18401 18408 18409 18436 18465 18478 18506 18526 18494 18447 18419 18419 18409 18394 18440 18516 18373 18396 18419 18460 18499 18502 18510 18540 18541 18538 18555 18561 18565 18565 18564 18590 18753 18824 18828 18694 18515 18490 18461 18432 18424 18420
18027 18040 18066 18078 18090 18100 18128 18190 18206 18190 18150 18132 18094 18076 18091 18122 18164 18196 18221 18252 18308 18350 18382 18384 18402 18451 18485 18491 18450 18417 18416 18367 18349 18367 18399 18397 18407 18409 18422 18473 18487 18482 18532 18519 18474 18445 18437 18431 18425 18481 18500 18410 18424 18449 18471 18498 18505 18526 18551 18554 18558 18576 18582 18577 18573 18577 18630 18871 19011 18975 18830 18546 18473 18446 18426 18412 18410
18019 18041 18056 18069 18083 18107 18105 18127 18183 18216 18166 18111 18084 18083 18078 18109 18166 18193 18224 18246 18307 18336 18371 18375 18399 18453 18475 18466 18420 18412 18414 18411 18360 18361 18402 18420 18412 18416 18433 18475 18489 18502 18518 18525 18508 18477 18470 18466 18437 18416 18454 18487 18475 18474 18494 18495 18513 18543 18571 18575 18587 18592 18604 18591 18607 18611 18618 18827 18983 18968 18765 18545 18452 18430 18427 18400 18387
18012 18010 18024 18039 18072 18100 18098 18129 18158 18172 18150 18082 18081 18083 18078 18111 18168 18200 18230 18248 18305 18322 18355 18370 18385 18407 18428 18435 18448 18444 18422 18417 18393 18382 18388 18423 18409 18428 18460 18468 18490 18517 18533 18532 18535 18512 18498 18490 18503 18481 18461 18550 18537 18504 18515 18517 18534 18555 18572 18585 18605 18602 18609 18611 18623 18616 18597 18634 18712 18709 18633 18476 18421 18403 18388 18389 18379
17950 17976 17991 18014 18047 18062 18071 18081 18082 18080 18081 18058 18061 18066 18077 18092 18145 18193 18239 18286 18275 18270 18315 18346 18379 18410 18431 18448 18464 18459 18442 18426 18410 18414 18417 18410 18415 18420 18464 18477 18515 18541 18581 18593 18570 18552 18509 18506 18552 18561 18550 18529 18567 18562 18560 18543 18544 18567 18570 18603 18611 18616 18626 18621 18623 18606 18594 18533 18511 18494 18472 18447 18415 18381 18343 18331 18316
17922 17933 17949 17971 18019 18095 18087 18051 18044 18039 18031 18030 18047 18048 18070 18091 18123 18143 18151 18184 18255 18247 18273 18304 18352 18383 18425 18446 18449 18447 18431 18440 18465 18480 18459 18450 18439 18449 18476 18497 18532 18566 18588 18601 18571 18550 18550 18567 18587 18589 18622 18632 18613 18609 18594 18578 18558 18563 18596 18618 18625 18627 18640 18625 18621 18605 18544 18502 18480 18466 18435 18394 18360 18339 18320 18294 18292
17882 17906 17926 17951 17982 18074 18071 18030 18006 18024 18010 18036 18061 18082 18058 18068 18099 18124 18142 18134 18209 18230 18246 18296 18336 18364 18395 18427 18451 18453 18431 18466 18485 18494 18488 18470 18479 18484 18499 18506 18528 18574 18592 18584 18585 18584 18566 18585 18600 18620 18617 18652 18650 18638 18628 18620 18617 18566 18599 18648 18655 18654 18645 18635 18635 18605 18512 18492 18486 18446 18396 18359 18345 18318 18285 18277 18276
17903 17930 17948 17947 17963 18010 18026 18007 17989 17999 18005 18033 18058 18066 18058 18063 18091 18114 18127 18416 19052 18935 18245 18297 18329 18351 18381 18409 18424 18429 18434 18477 18496 18502 18491 18458 18491 18514 18518 18523 18543 18569 18595 18610 18604 18597 18585 18590 18637 18654 18667 18636 18638 18635 18639 18653 18633 18630 18601 18662 18688 18677 18653 18637 18635 18580 18501 18488 18456 18403 18369 18343 18337 18304 18287 18267 18265
17911 17933 17950 18031 17948 17971 17980 17983 17993 17996 17997 18026 18047 18043 18028 18036 18059 18088 18114 18322 18896 18778 18231 18296 18315 18329 18356 18488 18433 18422 18433 18459 18487 18514 18524 18613 18508 18522 18548 18557 18562 18574 18606 18635 18635 18622 18608 18623 18663 18694 18690 18660 18640 18668 18676 18675 18672 18670 18651 18668 18688 18678 18664 18628 18603 18553 18518 18451 18396 18369 18341 18323 18386 18325 18276 18267 18241
17886 17902 17929 17968 17933 17936 17952 17969 17983 17984 17996 18009 18020 18018 18028 18032 18064 18094 18109 18164 18216 18210 18241 18301 18321 18334 18363 18456 18395 18384 18392 18434 18477 18506 18519 18605 18565 18566 18581 18577 18581 18610 18620 18654 18655 18645 18633 18647 18659 18676 18685 18686 18695 18702 18721 18724 18715 18689 18701 18719 18688 18686 18663 18598 18550 18526 18484 18437 18375 18339 18306 18298 18287 18359 18282 18220 18214
17857 17868 17892 17904 17902 17909 17943 17964 17978 17997 18025 17994 18020 18029 18042 18034 18064 18099 18132 18168 18212 18228 18247 18316 18343 18351 18348 18488 18462 18381 18391 18428 18484 18519 18529 18563 18610 18624 18626 18615 18612 18642 18656 18679 18680 18667 18666 18672 18673 18689 18726 18732 18746 18762 18763 18769 18759 18740 18741 18721 18712 18712 18647 18558 18524 18453 18409 18378 18354 18323 18294 18267 18262 18323 18262 18200 18176
17849 17858 17865 17876 17891 17908 17934 17964 17976 18000 18032 18000 18023 18034 18038 18044 18076 18110 18126 18162 18227 18249 18251 18353 18339 18360 18363 18339 18358 18396 18428 18450 18498 18534 18549 18598 18678 18696 18697 18649 18662 18676 18699 18691 18695 18690 18694 18682 18686 18704 18750 18757 18785 18804 18797 18786 18776 18782 18787 18765 18738 18703 18618 18529 18479 18425 18386 18373 18352 18326 18286 18257 18244 18227 18219 18177 18168
17821 17854 17871 18005 18010 17911 17922 17960 17966 17984 18011 18014 18023 18040 18047 18052 18078 18113 18134 18140 18184 18231 18239 18299 18332 18363 18389 18359 18356 18398 18451 18438 18494 18542 18579 18636 18756 18807 18789 18685 18695 18709 18726 18729 18729 18737 18731 18706 18716 18738 18765 18783 18791 18847 18859 19061 18815 18822 18804 18784 18759 18695 18570 18510 18467 18428 18387 18356 18335 18301 18265 18240 18216 18187 18169 18150 18138
17816 17843 17868 17921 17949 17916 17910 17954 17974 17981 18006 18000 18001 18024 18045 18047 18082 18129 18154 18145 18201 18222 18244 18310 18358 18391 18379 18380 18388 18391 18410 18431 18496 18540 18584 18641 18760 18802 18800 18706 18710 18721 18743 18757 18765 18768 18759 18754 18754 18766 18795 18811 18821 19056 19253 19104 18857 18856 18824 18780 18736 18660 18560 18511 18468 18425 18374 18342 18319 18276 18241 18217 18193 18156 18135 18116 18122
17826 17836 17862 17888 17897 17906 17906 17917 17931 17944 17966 17983 17990 18001 18019 18036 18097 18147 18169 18164 18240 18261 18260 18340 18383 18414 18387 18374 18388 18403 18416 18454 18496 18539 18623 18659 18691 18736 18726 18697 18722 18757 18766 18762 18771 18802 18797 18787 18814 18821 18820 18828 18833 18966 19406 19269 19051 18862 18829 18766 18693 18638 18568 18490 18458 18424 18373 18343 18315 18271 18238 18223 18184 18151 18121 18108 18097
17809 17820 17833 17849 17870 17887 17899 17913 17926 17930 17955 17970 17982 18005 18028 18040 18091 18144 18187 18185 18234 18281 18297 18352 18396 18417 18386 18370 18381 18395 18412 18484 18540 18557 18663 18706 18686 18680 18702 18709 18737 18755 18768 18773 18801 18814 18819 18820 18856 18856 18858 18854 18855 18874 19414 19779 19120 18853 18828 18795 18748 18679 18581 18495 18471 18453 18376 18340 18320 18339 18285 18219 18185 18165 18131 18125 18126
17788 17801 17809 17821 17838 17846 17863 17885 17908 17925 17944 17965 17987 18002 18030 18049 18094 18145 18172 18185 18223 18284 18351 18379 18393 18406 18383 18371 18394 18409 18422 18460 18523 18564 18672 18706 18702 18717 18730 18730 18769 18783 18797 18792 18828 18863 18872 18860 18886 18902 18904 18903 18872 18862 19327 19640 18954 18821 18813 18836 18809 18759 18582 18487 18466 18462 18445 18407 18388 18379 18282 18247 18188 18155 18134 18135 18131
17757 17766 17777 17786 17812 17835 17857 17868 17886 17909 17922 18008 18012 18011 18027 18059 18098 18130 18156 18162 18227 18263 18305 18387 18391 18396 18394 18387 18425 18472 18454 18471 18500 18523 18618 18684 18751 18769 18725 18763 18792 18816 18819 18827 18866 18886 18924 18935 18930 18963 18965 18942 18901 18914 20019 19847 18828 18772 18791 18799 18787 18660 18529 18511 18470 18526 18526 18426 18332 18266 18218 18202 18175 18145 18125 18132 18109
17736 17747 17765 17766 17794 17810 17824 17838 17851 17868 17923 18034 18062 17997 18005 18059 18117 18122 18132 18143 18218 18260 18313 18374 18392 18420 18455 18417 18406 18421 18490 18489 18502 18528 18590 18668 18753 18778 18741 18771 18799 18828 18847 18856 18899 18916 18952 18978 18990 18980 18984 18975 19103 19644 19848 19468 18772 18696 18697 18712 18672 18572 18506 18493 18547 18639 18653 18529 18337 18252 18199 18182 18150 18146 18153 18128 18082
17724 17737 17747 17752 17785 17783 17790 17804 17830 17856 17895 17944 17963 17975 18014 18049 18121 18121 18139 18155 18204 18243 18292 18350 18380 18413 18448 18411 18423 18434 18477 18501 18523 18557 18595 18642 18694 18727 18738 18765 18803 18833 18861 18870 18907 18952 18984 19013 19041 19016 18994 18997 19482 19657 19706 18812 18727 18668 18632 18641 18587 18530 18513 18532 18633 18745 18770 18590 18412 18304 18203 18188 18173 18204 18225 18124 18103
17710 17728 17741 17749 17761 17782 17797 17805 17815 17865 17899 17899 17921 17990 18024 18065 18111 18110 18133 18164 18196 18227 18289 18353 18388 18425 18436 18446 18460 18471 18503 18518 18543 18572 18606 18644 18685 18712 18739 18774 18831 18875 18883 18888 18924 18968 19006 19060 19051 19391 19200 19203 19433 19462 19026 18778 18704 18679 18656 18647 18569 18554 18562 18580 18718 18822 18829 18714 18519 18392 18265 18201 18246 18287 18478 18200 18143
17689 17709 17725 17743 17755 17773 17788 17798 17857 17894 17921 17929 17929 17955 18011 18051 18084 18109 18137 18161 18212 18261 18283 18334 18390 18441 18465 18470 18485 18517 18538 18583 18591 18591 18611 18652 18692 18708 18735 18779 18834 18890 18923 18939 18927 18966 19027 19128 19059 19004 18949 18931 18931 18890 18833 18781 18724 18708 18660 18638 18596 18589 18594 18628 18708 18830 18834 18774 18643 18530 18377 18256 18345 18363 18503 18208 18158
17684 17691 17699 17732 17753 17767 17781 17811 17855 17882 17921 17944 17935 17976 18020 18057 18121 18134 18138 18163 18206 18245 18305 18362 18410 18451 18474 18505 18518 18546 18594 18621 18616 18618 18637 18665 18707 18719 18755 18787 18843 18889 18981 18966 18948 18959 19009 19108 19051 18960 18908 18912 18938 18922 18801 18787 18781 18747 18691 18694 18671 18623 18656 18661 18648 18766 19000 19079 18748 18682 18526 18355 18369 18536 18597 18243 18165
17671 17672 17689 17718 17756 17795 17812 17833 17879 17896 17911 17920 17937 18010 18051 18110 18201 18209 18178 18153 18199 18244 18324 18370 18413 18456 18485 18516 18554 18589 18654 18679 18661 18681 18656 18666 18702 18728 18759 18809 18877 18905 18975 18963 18989 18988 18994 19039 19007 18935 18939 18968 18953 18875 18790 18799 18797 18763 18696 18686 18667 18669 18669 18672 18672 18616 19580 19698 19015 18756 18683 18376 18296 18301 18421 18214 18191
17657 17668 17666 17701 17740 17777 17798 17839 17884 17927 17939 17927 17962 18016 18090 18133 18255 18318 18325 18173 18201 18336 18379 18364 18403 18460 18496 18522 18562 18625 18718 18737 18703 18727 18708 18687 18722 18742 18770 18808 18862 18906 18973 18999 19009 19003 19006 18987 18941 18938 18993 18971 18946 18830 18820 18809 18779 18788 18750 18710 18719 18714 18697 18672 18664 19029 19597 19730 19397 19144 18976 18368 18291 18260 18233 18213 18205
