Alternative/Moon/Lvl0_30x30/Ele_AK.asc
ncols         335
nrows         335
xllcorner     13457491.657
yllcorner     6672833.042
cellsize      10000
nodata_value  -9999.0
[rows 170 to 203 of 335, columns 0 to 76 of 335]
16627 16874 17095 17271 17573 18042 18450 18735 18907 19089 19283 19521 19714 19791 19876 19897 19906 19915 19861 19806 19814 19831 19853 19882 19836 19784 19839 19851 19819 19486 19163 19137 19311 19479 19569 19730 19804 19738 19947 19968 20037 20085 20088 20054 20038 19922 19654 19545 19482 19433 19498 19598 19578 19465 19428 19267 19112 18926 18660 18244 17969 17876 17951 17979 18156 18283 18574 18848 19034 19065 18939 18778 18700 18808 18841 18788 18758
17375 17511 17574 17587 17684 18084 18414 18760 19091 19564 19728 19710 19657 19379 18833 18265 17826 17323 17034 16854 16655 16801 17013 17331 17851 18389 19057 19648 19846 19965 19985 19821 19729 19694 19641 19790 19889 19930 19938 19824 19900 19919 19874 19649 19430 19201 19232 19190 19215 19290 19433 19572 19626 19628 19600 19504 19314 19152 19263 19310 19296 19291 19102 18976 18966 19003 19029 19146 19190 19061 19132 19184 19306 19353 19315 19295 19333
18255 18276 18359 18275 18372 18539 18711 19112 19499 19855 19732 19349 18735 17900 17083 16322 15643 14912 14220 14030 13942 14020 14343 14993 15725 16685 17454 18318 19039 19747 19986 19826 19570 19382 19204 19102 19101 19179 19202 19160 19093 19008 18930 18835 18805 18811 18836 18872 18868 18846 19135 19318 19369 19359 19368 19529 19707 19901 19979 20093 20166 20246 20333 20330 20307 20197 20241 20379 20399 20252 20311 20316 20224 20073 19982 19820 19740
18329 18418 18767 18963 19032 19017 19096 19303 19599 19905 19907 19586 19025 18252 17463 16687 16196 15435 15040 14704 14631 14842 15160 15849 16417 17172 18037 18729 19291 19704 19763 19538 19405 19218 19089 19019 18940 18885 18846 18819 18761 18784 18816 18812 18817 18776 18802 18819 18826 18816 18834 18909 18971 19090 19392 19608 19825 20015 20177 20213 20233 20402 20472 20516 20513 20469 20517 20586 20686 20715 20779 20821 20803 20757 20647 20482 20273
19044 19018 19008 19006 18991 18935 19050 19180 19381 19658 19866 19825 19753 19767 19395 19162 18835 18598 18103 18146 18044 18039 18332 18595 19042 19306 19770 19855 19836 19697 19502 19350 19233 19127 19062 19003 18912 18848 18860 18861 18841 18833 18889 18880 18790 18819 18871 18834 18771 18761 18832 18949 19025 19151 19339 19637 19711 19883 20109 20259 20333 20475 20526 20476 20432 20410 20557 20608 20658 20681 20688 20820 20953 21062 21040 20793 20438
19305 19192 19081 19014 18995 18922 18873 18934 19021 19137 19200 19321 19423 19726 19760 19727 19830 19848 19938 19908 19969 19962 20024 20057 19939 19883 19816 19736 19569 19284 19017 19059 19076 18988 18899 18850 18769 18785 18769 18759 18806 18806 18777 18785 18821 18901 19027 19209 19236 19205 19160 19047 19110 19223 19383 19485 19533 19684 19802 19985 20062 20102 20094 20091 20178 20328 20532 20621 20682 20672 20628 20543 20638 20757 20802 20561 20285
19943 19857 19657 19354 19200 18989 18790 18745 18767 18807 18860 18955 19029 19106 19162 19252 19286 19312 19372 19478 19445 19501 19530 19542 19510 19430 19337 19247 19215 19136 19041 19086 19076 18963 18852 18787 18777 18787 18776 18770 18774 18765 18747 18794 18822 18882 18999 19202 19356 19521 19549 19498 19349 19335 19251 19345 19751 19999 20166 20197 20246 20399 20512 20537 20651 20795 20868 20966 20996 21017 20966 20842 20725 20554 20420 20138 19833
20066 20047 19840 19609 19462 19239 18968 18745 18751 18756 18773 18793 18802 18814 18802 18825 18879 18941 18996 19000 18953 18986 18975 18847 18893 18937 18934 18991 19042 19038 18907 18922 18986 18881 18823 18804 18819 18874 18914 18818 18792 18786 18861 18863 18865 18983 19072 19048 19080 19150 19249 18786 18421 18301 18949 19342 19881 20112 20221 20349 20556 20699 20716 20711 20680 20736 20643 20626 20607 20682 20711 20803 20729 20642 20494 20177 19842
19882 19813 19608 19421 19310 19209 19251 19235 19181 19035 18857 18705 18696 18700 18712 18726 18746 18744 18747 18811 18840 18852 18855 18890 18881 18812 18816 18764 18787 18799 18797 18801 18822 18822 18852 18899 18939 19024 19048 19056 19139 19140 19032 18983 18992 19003 19156 19231 19250 19263 19248 19160 19244 19303 19323 19477 19821 19927 20127 20366 20545 20644 20514 20065 19501 18833 18439 18117 18039 18170 18514 18848 19390 19926 20161 20033 19724
19189 19182 19177 19194 19201 19230 19263 19290 19279 19157 18964 18767 18588 18503 18530 18658 18715 18715 18695 18864 18932 18946 18847 18843 18805 18815 18811 18843 18907 18893 18838 18911 18972 18991 18911 18883 18891 19017 19146 19248 19347 19363 19281 19124 19147 19170 19107 19137 19132 19155 19142 19099 19098 19097 19177 19184 19340 19337 19528 19938 20199 20292 20028 19774 19259 18788 18339 18255 18132 18385 18736 19230 19777 20112 20295 20249 19994
19189 19192 19267 19395 19464 19513 19445 19277 19121 18895 18838 18729 18663 18525 18473 18433 18435 18338 18549 18640 18692 18785 18982 19076 19075 19064 19087 19171 19198 19156 19030 19033 19034 19100 19195 19223 19290 19308 19360 19289 19278 19220 19154 19071 19078 19132 19214 19179 19128 19224 19292 19363 19352 19205 19217 19332 19311 19099 19429 19607 19704 19757 19904 20034 20035 19997 19969 19972 19966 20005 20098 20128 20164 20196 20125 19786 19737
19180 19192 19318 19461 19489 19439 19361 19151 18961 18775 18762 18744 18668 18443 18276 18320 18299 18149 17962 17905 17990 18131 18400 18675 18789 18844 18977 18995 18981 18940 18923 18927 18970 19053 19204 19233 19245 19248 19218 19173 19125 19084 19215 19327 19352 19305 19169 19166 19177 19190 19248 19314 19342 19226 19293 19331 19199 18471 18022 17994 18246 18929 19479 19707 19739 19762 19723 19893 19881 19891 19930 19901 19952 20019 20039 20143 20152
18534 18498 18472 18413 18410 18380 18356 18326 18409 18468 18454 18360 18273 18151 18086 18165 18210 18170 18022 17579 17482 17720 18159 18355 18366 18295 18244 18268 18496 18624 18790 18872 18853 18782 18775 18861 18985 18986 18926 18934 19000 19121 19135 19219 19342 19389 19402 19466 19380 19338 19181 19215 19349 19404 19325 19041 18646 18884 18955 19134 19270 19476 19682 19647 19571 19588 19740 19786 19760 19738 19718 19694 19712 19856 20062 20269 20276
18562 18545 18412 18316 18268 18289 18253 18129 18031 17951 17930 18098 18118 18149 18302 18311 18240 18061 18018 17679 17558 17451 17437 17528 17691 17784 17907 18011 18088 18198 18439 18616 18606 18690 18671 18662 18777 18862 18880 18957 19020 19085 19159 19168 19246 19316 19440 19636 19643 19587 19429 19310 19329 19445 19507 19542 19597 19651 19696 19640 19712 19658 19586 19693 19760 19774 19796 19755 19728 19839 19967 20031 19984 19789 19722 19835 19921
18288 18246 18014 17860 17758 17731 17705 17719 17879 17939 17919 17941 17705 17512 17489 17703 17805 17777 17561 17314 17167 17073 16939 16696 16720 16802 16993 17253 17447 17594 17697 17929 17973 17962 18405 18733 18981 19224 19261 19226 19174 19112 19129 19069 19010 19020 19233 19353 19451 19476 19482 19587 19679 19788 19882 19840 19863 19830 19624 19542 19492 19502 19507 19545 19623 19943 20019 19960 19908 19920 19976 19951 19582 19417 19362 19299 19323
18463 18228 18079 17918 17724 17685 17444 17631 17832 17799 17816 17804 17546 17406 17319 17255 17353 17332 17355 17350 17214 16948 16874 16779 16679 16541 16621 16797 16944 17120 17290 17334 17288 17517 17961 18300 18533 18575 18696 18698 18645 18619 18618 18553 18537 18456 18359 18602 18886 19291 19671 19850 19885 19880 19922 19917 19885 19904 19850 19820 19734 19708 19685 19674 19903 20062 19933 19582 18992 18546 18476 18162 18282 18990 19719 20057 20066
18418 18298 18159 18113 18070 17822 17361 17251 17422 17543 17597 17402 17261 16982 16898 16858 16764 16657 16693 16658 16740 16783 16775 16624 16451 16314 16302 16322 16421 16479 16582 16660 16609 16590 16678 16833 17015 17281 17456 17503 17465 17442 17424 17450 17508 17602 17696 17897 18152 18626 19000 19236 19335 19330 19353 19320 19264 19377 19526 19544 19525 19645 19708 19700 19815 19924 19801 19761 19665 19291 19189 19341 19551 19942 20046 19997 19903
16155 16222 16525 16913 17232 17315 17073 16778 16871 16833 16651 16533 16420 16239 16236 16115 15916 15873 16056 16110 16012 15725 15604 15479 15323 15770 15920 15966 15995 15951 15774 15801 15884 15915 15946 16114 16227 16412 16605 16800 16936 17099 17405 17580 17747 17757 17757 17769 17704 17713 17660 17691 17707 17885 18077 18285 18552 18780 18813 19257 19560 19640 19465 19232 19163 19263 19427 19705 19731 19696 19722 19804 19888 19965 19913 19710 19477
15510 15502 15496 15649 15952 16070 16086 15842 15854 15752 15609 15335 15181 14876 14918 15058 15179 15160 15174 14988 14707 14809 14805 14654 14849 14854 14922 15203 15427 15459 15358 15420 15730 15787 15821 16005 16083 16195 16535 16741 16895 17108 17357 17522 17645 17658 17534 17540 17619 17576 17702 17677 17661 17696 17815 18091 18497 18959 18953 19072 19279 19280 19357 19348 19313 19279 19205 18945 18798 19042 19074 19052 18946 18900 18904 18876 18783
15302 15346 15247 15264 15236 15094 14911 14777 14732 14606 14417 14221 14275 14273 14340 14342 14290 14317 14390 14401 14354 14244 14257 14344 14328 14135 14216 14301 14283 14374 14323 14619 14937 15238 15581 15785 15904 15995 16239 16525 16651 16971 17148 17210 17224 17162 17249 17448 17472 17425 17226 17584 17963 18092 18066 18187 18622 18837 18844 18857 18874 18770 18372 18264 18569 18759 18896 18880 18735 18568 18366 18049 18114 18350 18536 18576 18542
13827 13856 13938 14041 14092 13974 13824 13584 13435 13491 13536 13572 13511 13492 13600 13602 13566 13475 13357 13474 13473 13448 13471 13403 13492 13673 13802 13854 14033 14148 14138 14164 14181 14448 14747 15211 15409 15433 15429 15555 15702 15876 16031 16231 16239 16306 16422 16789 16966 16825 17287 17576 17787 17956 18077 18050 17845 18051 18107 17889 17685 17535 17825 18057 18090 18052 17985 18068 18035 17834 17641 17536 17619 17677 17712 18008 18008
12974 13108 13241 13213 13159 13085 13068 13067 13144 13156 13107 13093 13114 13156 13111 13132 13120 13068 13109 13159 13180 13170 13224 13403 13649 13917 14073 14069 14065 14211 14208 14239 14243 14356 14477 14701 14981 15351 15337 15255 15507 15686 15770 15584 15458 15482 15703 16299 16460 16765 17010 17144 17331 17324 17245 17434 17704 17835 17813 17843 17548 17101 17090 17496 17905 17995 17952 17851 17868 17794 17549 17515 17633 17659 17607 17600 17760
12978 12990 13006 13056 13084 13063 13045 13056 13056 13118 13085 12992 13063 13046 13004 12996 13030 13065 13114 13148 13182 13257 13432 13692 14020 14076 13786 13216 12707 12201 12365 12625 13212 13871 14335 14462 14655 14757 14823 14951 14984 14823 14693 14443 14457 14668 15115 15518 15527 15562 15692 15776 15928 15819 16089 16294 16293 16238 16495 16557 16543 16583 16820 17053 17123 17133 17337 17426 17431 17400 17355 17173 16984 17229 17309 17307 17474
12857 12858 12875 12905 12903 12944 12977 12970 12946 13006 13049 13053 13052 13042 13054 13040 13056 13086 13096 13087 13186 13256 13425 13740 14064 14101 13448 12751 12169 11674 11685 12066 12625 13243 14059 14415 14365 14221 14283 14461 14550 14470 14469 14462 14454 14397 14375 14453 14607 14752 14827 14859 14959 15112 15626 15648 15544 15711 15720 15801 16059 16272 16220 16180 16195 16178 16278 16633 16832 16963 16964 16841 16759 16705 16717 16985 17221
12857 12847 12842 12851 12846 12846 12879 12924 12960 12997 13058 13089 13092 13075 13081 13050 13041 13080 13098 13132 13183 13249 13344 13547 13781 14065 13997 13950 14045 14080 14152 14189 14198 14176 14190 14151 13981 13793 13776 13764 13892 14008 14074 14091 14094 14095 14089 14069 14217 14254 14359 14411 14504 14670 14818 15057 15241 15270 15223 15055 14976 15112 15220 15419 15525 15621 15970 16269 16334 16463 16451 16605 16577 16495 16395 16411 16684
12828 12817 12831 12836 12839 12875 12895 12910 12986 13064 13105 13118 13136 13156 13161 13159 13153 13147 13182 13248 13280 13308 13376 13446 13486 13489 13530 13566 13624 13726 13758 13737 13737 13692 13669 13601 13590 13646 13628 13631 13633 13710 13721 13719 13765 13805 13788 13830 13840 13832 13837 13848 13846 13939 14052 14220 14278 14130 14151 14503 14615 14647 14799 14990 15147 15443 15725 15922 15920 15882 16097 16220 16126 16026 16141 16305 16515
12849 12864 12882 12892 12889 12917 12926 13004 13028 13071 13127 13181 13205 13206 13204 13203 13245 13313 13334 13393 13417 13507 13514 13446 13476 13468 13467 13448 13460 13476 13474 13576 13583 13580 13597 13613 13627 13664 13724 13684 13745 13792 13832 13904 13917 14044 14059 14105 14099 14115 14090 14068 14017 14042 13959 14081 14226 14158 14031 14312 14519 14694 14933 15060 15158 15122 15142 15322 15348 15251 15179 15331 15621 15889 16195 16409 16570
12904 12913 12913 12935 12962 12983 13029 13036 13059 13088 13178 13207 13353 13354 13394 13404 13414 13389 13426 13471 13470 13516 13545 13450 13479 13485 13466 13445 13471 13510 13561 13552 13586 13586 13539 13554 13589 13649 13703 13777 13835 13929 13946 13982 14061 14086 14335 14394 14433 14503 14508 14518 14540 14807 14868 14794 14665 14302 14083 14058 14103 14145 14098 14154 14141 14080 14192 14451 14636 14816 14971 15278 15598 15902 16223 16408 16518
12926 12943 12966 13046 13065 13093 13150 13274 13511 13555 13588 13587 13513 13528 13511 13435 13425 13417 13429 13471 13473 13529 13509 13445 13444 13468 13481 13514 13504 13519 13554 13521 13549 13559 13576 13688 13739 13805 14050 14071 13913 13543 12881 12522 12106 12125 12381 12688 13215 13357 13593 13761 14083 14482 14864 14971 14965 14589 14374 14179 14059 14149 14130 14178 14129 14034 14007 13992 14171 14316 14673 15055 15247 15297 15312 15281 15397
13049 13141 13167 13192 13214 13326 13462 13508 13498 13475 13467 13452 13482 13500 13502 13451 13389 13420 13408 13379 13373 13411 13536 13594 13551 13563 13571 13587 13609 13613 13551 13513 13521 13484 13504 13577 13602 13752 14029 14396 14389 13765 12842 11830 11214 10663 10388 10502 10685 11057 11228 11502 11655 12178 12687 13455 14144 14697 14760 14644 14304 13970 13885 14021 14057 14023 13927 13933 14150 14231 14152 14067 14186 14318 14564 15075 15321
13147 13341 13510 13545 13503 13468 13495 13468 13384 13394 13374 13413 13390 13394 13396 13380 13391 13384 13378 13398 13389 13407 13421 13412 13415 13561 13576 13547 13503 13494 13466 13468 13458 13470 13516 13568 13596 13656 13942 14333 14401 14287 14096 13623 13077 12820 12379 12042 11965 11602 11400 11567 11953 12510 13148 13866 14534 14834 14892 14723 14307 13943 13731 13685 13737 13810 13803 13911 13993 14244 14337 14435 14496 14520 14669 14953 15295
13456 13473 13562 13555 13519 13455 13405 13369 13354 13366 13368 13361 13370 13397 13391 13415 13432 13391 13491 13457 13435 13426 13434 13428 13436 13456 13459 13483 13482 13473 13466 13476 13480 13510 13546 13570 13615 13682 13756 13887 14089 14198 14191 14230 14295 14488 14547 14162 14005 13728 13549 13711 13974 14306 14661 14754 14685 14820 14686 14190 13842 13617 13585 13616 13584 13594 13714 13899 13912 14037 14167 14393 14469 14540 14725 14848 14851
13579 13591 13509 13497 13462 13452 13384 13370 13371 13372 13359 13363 13390 13387 13414 13422 13463 13476 13517 13523 13536 13527 13559 13556 13571 13551 13539 13544 13560 13582 13525 13534 13564 13564 13574 13581 13562 13578 13639 13702 13726 13710 13777 13828 13980 14262 14572 14712 14753 14776 14713 14653 14649 14707 14652 14461 14191 13902 13694 13591 13526 13502 13505 13508 13471 13513 13561 13644 13563 13696 13776 14010 14223 14391 14186 13680 13179
13573 13544 13457 13434 13415 13398 13379 13384 13377 13364 13359 13379 13407 13435 13476 13517 13528 13566 13530 13511 13542 13562 13604 13622 13619 13618 13596 13630 13655 13738 13733 13696 13699 13634 13593 13584 13587 13595 13604 13630 13655 13636 13615 13619 13609 13632 13685 13682 13674 13639 13666 13663 13641 13661 13661 13687 13596 13551 13486 13467 13410 13382 13353 13346 13461 13468 13460 13429 13443 13578 13727 13893 14000 14026 13990 14029 13962
