Alternative/Moon/Lvl0_30x30/Ele_CB.asc
ncols         335
nrows         335
xllcorner     -16692508.343
yllcorner     -27166.958
cellsize      10000
nodata_value  -9999.0
[rows 272 to 305 of 335, columns 0 to 76 of 335]
23968 26158 27761 27902 27510 27162 26970 26935 26846 26726 26833 26734 26290 26238 26786 26918 26909 27451 28037 28099 27875 27809 27515 27709 28495 29058 29625 30453 31185 31829 32726 33711 34627 35153 35401 35280 35058 34968 34919 34967 34813 34621 34471 34311 34073 33869 33712 33719 33676 33537 33347 32987 32554 32354 32289 31796 31146 30666 30504 30315 30479 30510 30489 30773 30840 30846 30835 30844 30564 30584 30582 30384 30419 30194 30278 30776 30963
24157 26400 27651 27634 27397 26817 26852 26935 26598 26526 26577 26498 26295 26514 26975 26932 27009 27351 27466 27759 27926 27488 27365 28097 28742 29203 29967 31245 31792 32030 32564 33278 34583 35274 35334 35331 35218 35094 35038 34996 34816 34446 34270 34080 33845 33739 33713 33573 33481 33259 32976 32771 32507 32241 31949 31456 30975 30570 30302 30001 29862 29869 30031 30044 30659 30712 30430 30580 30428 30184 30121 30182 30375 30290 30137 30679 30938
24712 26209 27637 27707 27067 26826 27071 26722 26399 26374 26398 26234 26417 26617 27062 26939 26858 26971 27451 27710 27558 27151 27557 28532 29067 29583 30442 31113 32222 32539 32818 32984 34310 35420 35553 35420 35349 35239 35261 35031 34703 34246 34232 34065 33846 33875 33789 33755 33402 33210 32899 32631 32486 32046 31405 30956 30891 30749 30515 30257 30020 29903 29833 29751 29916 30290 30234 30461 30448 30342 30146 30163 30278 30489 30770 30937 30610
27169 26758 27309 27579 26821 26961 27040 26576 26428 26411 26600 26752 26768 26525 26881 27065 26970 26944 27224 27253 27139 27297 27600 28541 29192 29972 30602 31513 32276 33073 33413 33910 34861 35356 35539 35351 35183 34994 35043 34804 34109 34084 34181 34004 33755 33738 33940 34035 33597 33412 32858 32458 31997 31681 31420 31361 31237 31098 30700 30441 30185 29978 29920 29895 29963 30001 30287 30275 30417 30445 30536 30564 30431 30795 31324 31265 30669
27247 27537 27662 27224 26823 26815 26557 26468 26450 26441 26445 26615 26861 26916 27005 27149 27521 27448 27015 26962 27601 27741 28161 28478 29137 30055 30979 31738 32379 33305 34100 34660 34965 35130 35161 35067 34974 34725 34399 34231 34309 34447 34440 34286 33911 33895 34248 34332 34061 33583 32960 32656 32287 32115 31687 31639 31559 31394 31185 30780 30456 30347 30172 30061 30008 30064 30228 30261 30417 30444 30516 30625 30661 30623 30942 30809 30395
27809 27080 27041 26863 26907 26887 26769 26624 26502 26561 26424 26478 26834 26999 27042 27474 27612 27499 27095 27441 27866 28092 28569 28983 29155 29780 31029 31871 32479 33444 34420 34818 34929 34835 34776 34860 34495 34294 34186 34170 34449 34561 34583 34438 34003 34007 34378 34432 34357 34033 33382 33169 33153 32649 32223 31867 31699 31464 31222 30877 30645 30272 30102 29979 30009 29848 30015 30133 30202 30230 30388 30688 30795 30696 30594 30260 30333
27786 27495 27196 26953 27014 26919 26845 26837 26638 26630 26437 26395 26729 26880 27045 27541 28016 27919 27526 27881 28242 28340 29137 29491 29844 29963 31135 31980 32679 33562 34454 34776 34754 34863 35040 35040 34396 34208 34194 34401 34923 34917 34847 34710 34490 34142 34261 34444 34412 34140 33486 33379 33212 32723 32202 31957 31637 31507 31207 30741 30329 29901 29891 29846 29870 29882 29988 30174 30268 30308 30422 30781 30930 30894 30710 30342 30964
27955 27657 27272 27205 26906 26878 26823 26765 26660 26659 26605 26698 26805 26905 27147 27562 27991 27939 27737 27982 28197 28572 29385 30243 30517 30803 31561 32215 32623 33222 34414 34733 34596 34736 34997 34991 34513 34365 34391 34427 34782 34848 34922 34417 34492 34326 34408 34312 34350 34126 33509 33562 33176 32815 32762 32573 31778 31393 31006 30356 30049 29740 29653 29740 29661 29704 29892 30202 30300 30368 30519 30799 31276 31325 30963 30634 31415
28283 27877 27386 27371 27167 26863 26831 26915 26973 27003 26998 27306 27558 27879 28023 28331 28406 28237 27995 28292 28582 28877 29873 30343 30607 30958 31993 32620 33251 33603 34603 34753 34431 33700 34424 34605 34458 34573 34557 34630 34438 34286 34504 34318 34464 34599 34768 34101 34108 33739 33396 33475 33225 33705 33972 33541 32493 31615 31044 30730 30036 30066 30148 30002 29913 29711 29806 29962 29985 30251 30524 30882 31351 31385 30924 30751 31330
28399 28087 27473 27535 27247 26879 26833 27030 27214 27416 27625 27998 28382 28683 28847 28857 28809 28483 28604 28865 28857 29676 30655 30721 31004 31552 32394 32785 33146 33647 34769 34862 34304 33707 33508 34233 34761 34893 34785 34874 34829 34276 34636 34823 34649 34859 35036 34238 34269 34133 33922 33800 33671 34305 34702 34302 32815 31993 31228 30763 30410 30210 30469 30408 30211 29830 29758 29887 29948 29937 30443 30815 30972 30978 30588 31324 31452
28448 28450 28163 27729 27297 27056 26851 27027 27204 27693 28102 28792 28895 28948 29009 28904 28883 28543 28660 29153 29745 30677 30970 31212 31210 31938 33091 33374 33642 33970 35065 35104 34185 33482 33350 34141 35277 35412 35455 35183 35165 34716 34836 35014 34701 34473 34623 34071 33915 33961 34022 33824 33470 34042 34237 33493 32882 32459 31808 31255 30852 30498 30496 30416 30373 30041 30003 29862 29910 30136 30246 30818 30940 30925 30873 31507 31928
28558 28668 28259 28083 27815 27491 27092 26900 27234 28069 28831 29088 29069 28888 28620 28688 28679 28665 29238 29941 30587 31117 31424 31805 32221 33255 34568 34737 34544 34344 35517 35628 34988 34369 34319 35020 35648 35740 35593 35449 35564 35595 35443 34924 34585 34482 34434 34292 33865 33337 33669 33673 32994 32508 32324 32337 32572 32565 32177 31631 31479 31244 30426 30515 30337 30262 30272 30233 30019 30306 30502 30855 30457 31007 31090 31427 31929
28641 28807 28627 28150 28133 27954 27406 27240 27244 28052 28785 28822 28768 28545 28355 28403 28478 29011 29890 30271 31016 31387 31953 31769 33276 34177 34770 34909 34935 34855 35598 36244 36372 36066 35907 35934 35671 35685 35832 36000 35919 35943 35777 35873 35606 35368 35178 34574 34084 33630 33011 32556 32565 32140 31682 31868 32824 33120 33086 32155 32231 31791 30497 30598 30498 30603 31165 31042 30731 30700 30807 31038 31223 31289 31557 31954 32020
28134 28332 28139 28282 28188 27879 27355 27187 27729 28303 28791 28720 28438 28339 28329 28449 28790 29438 30311 31012 31450 31941 32130 33056 34276 34369 34572 34556 34518 34789 35470 36163 36171 35968 36064 36129 36059 35965 35888 35941 35983 36015 36004 36278 36588 36365 35874 34984 34073 33198 32105 31795 31651 31639 31601 31983 32742 33529 33591 32635 32174 31657 30982 30731 30662 30760 30702 30736 30385 30384 30286 31128 31206 31216 31663 32319 32431
28109 27963 27932 28235 28174 27874 27223 27437 27984 28400 28707 28669 28479 28405 28549 28816 29603 30273 30884 31392 32015 32396 32414 33668 34590 34558 34423 34116 34554 34803 34983 34104 33980 33821 34587 35897 35990 36023 35984 36187 36331 36313 36372 36214 36738 36590 35904 34643 33318 32426 31605 31552 31571 31612 31921 32197 32815 33362 33210 31677 31090 31290 31410 31077 30749 30688 30317 29967 29879 29740 29707 30540 30858 30630 30519 31378 31713
27912 27698 27848 28103 28099 27541 27354 27705 28332 29114 29231 28581 28819 29113 29547 30387 31005 31838 32208 32581 32932 33722 34686 34828 34520 34413 33919 33975 34021 33229 33177 33316 33412 33594 33558 34032 35750 35860 35728 36110 36283 36226 36271 36165 36409 36361 35554 33599 32183 31974 31634 31558 31702 32276 32827 32917 32798 32732 31745 30372 30400 31200 31570 31358 30820 30427 30349 29954 29479 29374 29334 29764 30023 29936 29891 30376 30334
27494 27463 27607 27816 27526 27667 27571 28107 29419 29749 29495 29120 29357 29621 29958 30783 32166 33406 33866 33811 34352 34878 35235 35033 33369 33059 33168 32698 32650 32741 33230 33076 33357 33559 33671 33533 33564 33927 34647 35219 35433 35653 35831 35656 35688 35610 35212 33997 32833 32631 31830 31572 32034 32586 32915 32848 32523 32382 31296 30257 30245 30697 31434 31630 31098 30630 30320 30408 30193 29836 30268 30265 30440 30501 30491 30667 30302
26724 26731 27288 27657 27792 27778 27754 28138 29285 29441 28648 28564 29446 30334 30725 32220 33558 34567 34593 34127 34235 34672 34460 33376 32602 32588 31794 31875 31954 31838 32033 32031 32689 32996 32791 32630 32288 32360 32346 33241 34540 35106 35493 35749 35777 35496 35143 33927 32863 32683 31797 31886 32333 32535 32578 32278 32218 32019 30789 30221 30213 30710 31250 31687 31554 31291 30943 30865 30838 30553 31172 31210 31408 31420 31635 31493 30475
26769 26814 27090 27419 28068 28211 28017 27992 28454 28832 28603 28661 29835 30723 31212 32639 33588 34549 34556 34009 33494 33619 33092 32183 31663 31094 30986 30831 30370 30075 30284 30494 30752 31372 31488 31248 31201 31453 31265 31639 32690 34112 35463 35818 35857 35502 35002 34050 32977 32571 31746 32007 32366 32395 32333 32179 32355 32090 31156 30351 30384 31147 31795 31865 31910 31838 31566 31704 31422 30968 31696 32138 32027 32114 32338 32470 31827
27492 28019 28073 28073 28486 28772 28869 28798 28971 29154 29540 30341 30990 31581 32248 32879 33470 33438 33577 33377 32811 32300 31464 31087 30342 29783 29389 28701 28410 28547 28867 28933 29309 29619 30236 30204 30520 30491 30569 31292 31529 32606 34780 35906 35922 35959 35874 35143 34209 33597 32657 32317 32511 32550 32847 32865 32718 32208 31894 31719 31331 31816 32046 32084 32200 32096 32012 32068 31830 31725 31907 32256 32492 32407 32578 33031 33065
28710 28961 29522 29850 29400 29435 29205 29443 29471 29495 30657 31623 31722 32392 33143 33822 33920 33574 33220 32534 31720 31316 30790 29835 28975 28533 27977 27956 27476 27406 27592 27538 27593 27993 28968 29169 28919 28625 29365 31042 31422 32199 33881 35684 36040 35990 35846 35417 34875 34397 33813 33310 33277 33661 33765 33838 33931 33690 32870 32498 32172 32383 32275 32778 32774 31849 32319 32528 32531 32441 32654 32611 32641 32808 33278 33551 33315
28249 28342 29423 30061 30219 29929 29460 29416 29558 30206 31218 31912 32830 33790 34388 34420 34608 34288 33446 32338 31519 30784 29720 28971 28201 27898 27393 27361 27333 27382 27372 27318 27300 27318 27901 28022 28138 27951 28474 30316 31457 31970 32897 34813 35905 35799 35501 35156 35113 34836 34203 33904 34043 34492 34535 34329 34416 34282 34033 33495 33329 33119 32528 32767 32763 32327 32428 32733 32938 33136 33190 32978 33128 33373 33586 33755 33499
27518 27151 28355 29752 30357 30503 30424 30102 30707 31173 32304 33029 33764 34364 35221 35041 34985 34210 33434 32286 30821 29898 28756 27664 27488 27406 27366 27370 27338 27318 27314 27275 27263 27264 27294 27261 27254 27262 28138 29978 30873 31491 32421 33393 35051 35350 35074 34870 35171 35182 35043 34471 34238 34459 34464 34167 34278 34122 34001 33590 33349 33159 32672 32639 32500 31784 32403 32708 33127 33270 33282 33069 33063 33490 33869 33656 33565
27737 27667 27256 28789 30063 31282 31609 31512 32158 32442 33404 34199 34511 35272 35597 35585 34840 34133 32888 31749 30461 28836 28028 27471 27430 27398 27374 27367 27335 27318 27291 27285 27252 27252 27262 27242 27248 27249 28006 29342 30040 30601 31598 32547 33628 34585 34872 34811 34865 35152 35048 34800 34649 34565 33722 32917 33524 33685 33736 33608 33826 33826 33394 32447 31679 31547 31608 32230 32675 33323 33309 33196 33619 34280 34516 33723 33806
29171 28706 28401 29078 30156 31765 32489 32662 33500 33388 33671 34195 34621 35405 35795 35651 34546 33088 32168 31147 30085 28450 27621 27457 27436 27411 27395 27348 27327 27299 27286 27275 27262 27271 27250 27243 27257 27313 27362 28162 29452 29710 31143 31531 32624 33602 34640 35246 35154 34933 34920 34808 34877 34640 33517 32340 32314 32749 33427 33966 33953 33917 33438 31951 31411 30911 30375 30726 31868 32601 33018 33120 33733 34406 34533 33062 33460
30838 30602 29995 30287 31450 32805 33193 33759 34170 34237 33649 34371 34928 35124 35259 34499 32975 31987 31307 30164 29393 27951 27494 27477 27430 27409 27377 27349 27332 27311 27280 27270 27277 27280 27269 27221 27300 27363 27374 27396 28225 28958 30725 31651 31450 32083 34215 35184 35251 35095 34776 34635 34721 33873 33109 32621 32319 32368 33192 33848 33887 33681 33334 32043 31046 30403 30199 30253 30490 30810 31861 32506 32925 33779 34129 33656 33988
32402 32412 31921 32245 32936 33581 34093 34482 34540 34387 33749 34365 34948 35143 35199 34510 33005 31975 30907 30006 28634 27610 27498 27446 27418 27406 27366 27364 27346 27328 27292 27281 27277 27282 27268 27254 27324 27350 27507 27400 27577 28715 30333 31552 31505 31321 33519 34639 35264 35267 34737 34489 33833 33013 32677 32703 32323 32327 32721 33306 33434 33436 32973 31946 30601 30210 30205 30231 30355 30533 30731 31379 31641 32289 33463 33939 34081
33521 33902 33983 33917 34055 34256 34575 34729 34750 34140 33963 34432 35276 35508 35341 34221 32753 31794 30661 29408 27864 27565 27485 27462 27431 27395 27390 27410 27413 27377 27332 27292 27267 27264 27286 27231 27228 27293 27595 27502 27396 27940 29739 31166 31540 31386 32487 34182 35026 35053 34644 34075 33275 32309 32148 32672 32774 32726 32856 33040 32672 32540 32131 31250 30322 30221 30226 30589 30739 30446 30016 30258 30369 31279 32359 33107 33122
35287 35528 35431 35182 35126 35077 35216 35511 35668 34991 34096 34430 35328 35833 35681 34156 32278 31584 30537 29438 27912 27570 27476 27476 27432 27397 27374 27404 27358 27418 27366 27295 27325 27323 27359 27489 27551 27442 27682 28001 27759 27762 29140 30411 31324 31557 32078 33623 34463 34597 34361 33819 32456 31808 31853 32614 33149 33422 33509 33023 33002 32697 32095 31973 30478 30235 30268 30479 30347 30011 29854 29972 30435 30887 31638 31687 31235
36389 36848 36917 36399 36110 35718 35622 35853 35889 35928 34942 34519 35593 36401 36349 34278 32127 31669 30776 30142 28024 27560 27483 27491 27436 27421 27391 27405 27469 27440 27359 27304 27674 27962 27922 28067 27498 27137 27129 28156 28400 27637 28703 30232 31300 31557 31654 33774 34619 34621 34181 33544 32937 31841 31853 32227 33074 33305 33496 33259 32685 31232 31028 31752 30554 30199 30205 30306 30226 29899 29833 30430 30779 30781 30792 30942 31709
35608 36479 37020 37084 36342 36012 35752 35809 35923 35933 35725 35297 35952 36853 36794 34711 32296 31762 30794 30146 28554 27925 27492 27509 27452 27453 27419 27438 27472 27370 27291 27296 27451 27932 28080 27436 27340 27076 27065 28064 28361 27763 28649 29700 30726 31217 32027 33711 34612 34633 33932 33540 33168 31964 31808 32106 32705 32924 33247 33365 32541 30500 30333 30748 30314 30080 29882 29732 29678 29705 30022 30451 30759 30757 30494 30659 31642
35085 34985 36978 37323 36555 36046 35753 35615 35639 35831 35777 36398 36456 36873 36845 35567 33209 32057 30698 30006 28397 27881 27519 27509 27516 27476 27445 27422 27357 28021 28159 27311 27387 27984 28157 27254 27106 27016 27103 27925 27976 27663 28758 29522 30593 31793 32468 34156 35191 35086 34175 33423 31829 31640 32531 32574 32564 32608 32702 32941 32598 31880 30910 30593 29745 29994 29932 30090 30204 30165 30065 29873 29605 29887 30011 30575 31649
36961 37252 37345 37288 36660 36029 35674 35351 35406 35655 35941 36530 36513 36634 36928 36166 34073 32663 30822 29597 28674 27755 27520 27483 27479 27451 27420 27404 27384 27821 27955 27316 27300 27291 27437 27769 27263 27095 27204 28013 27942 27846 29079 29862 31353 32677 33100 34999 35440 35001 34750 34604 33435 32359 33194 32996 33016 32757 32183 32811 32591 32389 31368 29937 29754 29783 29397 30197 29980 29276 30146 29625 29486 29943 30754 31981 32823
36849 37037 36783 36596 36471 36045 35126 34442 35116 35556 35882 36418 36462 36487 37109 36603 34807 33100 31012 30064 29081 27992 27525 27479 27454 27434 27416 27403 27415 27390 27362 27319 27299 27275 28030 28586 28427 27801 27943 27690 27612 28531 29299 30391 32125 33198 34238 35357 35351 34962 35055 34784 34716 34595 33697 33096 33231 33383 33633 33349 32965 32640 31514 30179 29767 29718 29653 30191 29515 28400 30143 29707 30343 31195 32404 33342 33899
