Alternative/Moon/Lvl0_30x30/Ele_FH.asc
ncols         335
nrows         335
xllcorner     3407491.657
yllcorner     -10077166.958
cellsize      10000
nodata_value  -9999.0
[rows 272 to 305 of 335, columns 231 to 307 of 335]
21805 21770 21736 21712 21719 21680 21651 21634 21608 21587 21544 21522 21485 21433 21386 21358 21328 21295 21259 21201 21152 21110 21039 20967 20902 20814 20728 20665 20611 20527 20432 20340 20270 20180 20100 20029 19968 19910 19861 19812 19766 19736 19701 19664 19614 19557 19519 19494 19479 19464 19399 19340 19287 19217 19106 19016 18949 18864 18767 18655 18505 18384 18254 18129 18000 17883 17798 17759 17759 17720 17712 17726 17755 17767 17813 17827 17845
20357 20295 20319 20300 20309 20315 20350 20421 20448 20554 20643 20770 20835 20946 21034 21111 21148 21160 21138 21085 21029 20954 20857 20771 20699 20612 20532 20462 20411 20394 20383 20381 20331 20315 20279 20220 20185 20128 20099 20045 20011 19968 19909 19854 19809 19791 19765 19706 19654 19561 19475 19365 19273 19139 19047 18967 18883 18771 18672 18589 18622 18626 18633 18620 18610 18598 18575 18579 18520 18482 18426 18374 18310 18262 18204 18165 18112
21847 21778 21752 21702 21692 21680 21684 21675 21666 21646 21613 21610 21602 21575 21539 21479 21415 21342 21288 21260 21236 21202 21168 21112 21062 21032 20991 20962 20926 20903 20881 20844 20814 20747 20668 20590 20527 20462 20408 20347 20308 20285 20274 20260 20237 20205 20150 20120 20069 20021 19938 19844 19760 19670 19586 19506 19472 19410 19398 19388 19377 19372 19365 19350 19330 19286 19227 19172 19122 19067 19025 19000 18966 18949 18942 18933 18916
22294 22306 22296 22273 22239 22226 22180 22161 22117 22059 22020 21959 21891 21849 21805 21774 21755 21705 21637 21572 21525 21459 21385 21303 21252 21213 21154 21127 21109 21100 21075 21033 21005 20969 20897 20823 20745 20671 20628 20575 20515 20429 20398 20383 20369 20346 20331 20316 20290 20269 20256 20231 20197 20148 20110 20066 20023 19975 19933 19898 19874 19840 19829 19805 19783 19756 19733 19719 19687 19674 19662 19668 19660 19649 19642 19613 19603
22304 22327 22374 22396 22414 22415 22415 22396 22349 22289 22225 22190 22152 22107 22090 22095 22094 22061 22013 21946 21885 21820 21764 21713 21682 21608 21537 21438 21352 21265 21173 21072 21058 21062 21033 21021 21004 20982 20943 20880 20854 20818 20803 20788 20775 20759 20753 20741 20734 20710 20686 20655 20633 20604 20585 20554 20528 20507 20482 20462 20452 20421 20402 20378 20353 20342 20322 20336 20345 20381 20390 20411 20429 20476 20476 20461 20465
21289 21403 21500 21581 21677 21768 21823 21876 21918 21947 21989 22018 22045 22089 22088 22087 22063 22033 21997 21951 21911 21853 21790 21727 21675 21638 21598 21554 21511 21452 21394 21336 21285 21213 21147 21081 21041 20977 20932 20888 20873 20863 20850 20855 20860 20881 20913 20941 20955 20961 20969 20994 21007 21008 20986 20955 20909 20861 20816 20801 20788 20763 20739 20713 20686 20682 20710 20735 20761 20791 20826 20856 20886 20911 20922 20915 20901
19769 19941 20115 20250 20389 20538 20682 20810 20930 21044 21117 21230 21234 21274 21349 21404 21473 21527 21575 21612 21644 21645 21636 21625 21620 21609 21572 21524 21476 21418 21362 21313 21275 21217 21136 21064 20997 20925 20861 20802 20787 20799 20823 20836 20854 20861 20877 20921 20961 21012 21056 21078 21079 21066 21016 20951 20884 20802 20737 20675 20682 20735 20802 20860 20920 20976 21019 21044 21050 21053 21059 21058 21049 21043 21030 21024 20999
19704 19779 19891 19975 20082 20155 20191 20252 20304 20351 20413 20437 20480 20524 20572 20623 20698 20789 20873 20947 20997 21050 21074 21082 21072 21051 21058 21087 21085 21113 21145 21161 21155 21138 21102 21040 20988 20927 20874 20832 20804 20759 20732 20686 20655 20697 20761 20834 20884 20931 20952 20947 20928 20888 20832 20790 20739 20688 20653 20632 20653 20702 20779 20835 20904 20959 21009 21033 21045 21057 21057 21058 21033 21019 20989 20960 20919
19552 19583 19616 19650 19683 19724 19752 19771 19790 19812 19873 19944 20000 20065 20140 20198 20266 20354 20446 20534 20591 20662 20714 20744 20753 20795 20825 20843 20847 20848 20840 20830 20806 20779 20743 20745 20714 20694 20680 20620 20592 20554 20572 20634 20676 20733 20776 20806 20812 20799 20767 20711 20687 20622 20570 20530 20496 20474 20468 20476 20474 20493 20517 20526 20537 20536 20516 20475 20436 20370 20326 20292 20208 20154 20096 20032 19960
19877 19915 19962 19989 19999 19998 19986 19979 20014 20102 20194 20289 20364 20455 20542 20624 20675 20726 20747 20772 20778 20784 20797 20815 20822 20833 20846 20846 20838 20823 20790 20766 20735 20689 20639 20585 20538 20458 20394 20327 20275 20223 20177 20146 20119 20085 20060 20046 20036 20031 20043 20057 20065 20060 20052 20016 19974 19919 19884 19841 19800 19805 19801 19781 19753 19715 19659 19611 19568 19541 19547 19544 19522 19515 19494 19467 19419
20259 20317 20356 20454 20519 20609 20698 20782 20838 20916 20974 21021 21036 21038 21033 21035 21031 21003 20958 20918 20880 20837 20802 20764 20735 20696 20659 20611 20564 20519 20495 20471 20443 20383 20323 20244 20197 20116 20058 20008 19955 19915 19885 19866 19846 19823 19802 19788 19775 19780 19784 19786 19786 19768 19754 19738 19730 19729 19730 19703 19669 19620 19577 19540 19489 19435 19375 19333 19263 19193 19108 19038 18928 18833 18787 18762 18739
21498 21533 21543 21542 21546 21530 21496 21475 21421 21375 21317 21254 21201 21134 21074 21013 21009 20979 20937 20907 20899 20896 20887 20860 20834 20790 20748 20693 20635 20559 20478 20398 20321 20228 20131 20047 19972 19895 19817 19754 19706 19642 19582 19529 19505 19495 19497 19495 19493 19482 19477 19470 19464 19451 19438 19417 19391 19372 19365 19354 19335 19317 19288 19239 19184 19113 19028 18959 18861 18751 18648 18561 18496 18456 18419 18371 18345
22394 22343 22279 22233 22179 22110 22030 21942 21867 21770 21671 21574 21469 21375 21273 21180 21096 21011 20918 20857 20828 20797 20773 20755 20742 20715 20678 20633 20583 20521 20451 20370 20306 20229 20154 20082 20026 19959 19885 19815 19761 19696 19640 19597 19569 19528 19486 19437 19401 19383 19372 19360 19342 19316 19287 19268 19233 19192 19141 19087 19008 18918 18803 18720 18610 18500 18395 18321 18225 18144 18065 17998 17939 17874 17817 17781 17751
23172 23094 23002 22910 22820 22718 22600 22522 22429 22349 22223 22121 22048 21948 21823 21724 21632 21541 21410 21299 21220 21106 21010 20903 20859 20767 20719 20646 20602 20550 20510 20443 20411 20345 20271 20203 20132 20068 19960 19873 19803 19746 19688 19632 19592 19523 19461 19384 19323 19241 19168 19107 19048 18987 18930 18879 18811 18750 18672 18610 18534 18455 18371 18303 18232 18157 18081 18018 17947 17862 17802 17750 17692 17625 17557 17492 17422
24105 24038 23958 23889 23822 23716 23640 23522 23438 23330 23217 23093 23009 22885 22772 22648 22573 22459 22350 22238 22146 22060 21953 21828 21757 21644 21560 21460 21390 21291 21192 21105 21014 20922 20829 20735 20654 20575 20475 20397 20333 20249 20168 20086 20013 19926 19839 19755 19684 19601 19531 19447 19378 19304 19234 19181 19103 19045 18954 18914 18850 18781 18707 18649 18576 18513 18445 18402 18329 18272 18201 18163 18103 18028 17965 17910 17838
24146 24102 24057 24008 23959 23894 23830 23752 23688 23601 23514 23418 23329 23236 23140 23049 22966 22882 22797 22725 22654 22565 22478 22386 22296 22215 22106 21999 21923 21806 21712 21581 21472 21359 21295 21219 21149 21108 21053 20983 20918 20832 20748 20653 20577 20476 20382 20319 20234 20156 20078 20012 19957 19919 19869 19823 19764 19700 19644 19602 19534 19490 19415 19359 19265 19224 19133 19057 18986 18913 18826 18759 18672 18606 18547 18516 18496
22816 22941 22959 23012 23041 23023 23027 23017 23017 23023 22990 22968 22945 22899 22885 22843 22814 22786 22809 22904 22961 23011 23028 23057 23066 23052 23034 22980 22929 22837 22742 22645 22561 22441 22332 22226 22128 22029 21931 21839 21749 21666 21576 21496 21435 21342 21255 21195 21133 21061 21000 20936 20909 20847 20804 20772 20744 20713 20665 20609 20570 20490 20464 20387 20321 20258 20192 20135 20069 20030 19939 19900 19825 19790 19755 19676 19624
20385 20505 20591 20754 20852 21023 21178 21329 21457 21627 21794 21962 22098 22264 22433 22588 22723 22875 23021 23160 23261 23368 23457 23513 23541 23549 23535 23493 23447 23380 23307 23234 23173 23090 22987 22907 22841 22751 22677 22584 22529 22451 22403 22355 22332 22303 22276 22238 22206 22151 22131 22084 22045 21972 21903 21862 21803 21761 21724 21705 21714 21716 21700 21700 21687 21669 21662 21654 21625 21577 21532 21487 21415 21351 21262 21225 21181
21784 21866 21988 22091 22231 22325 22444 22588 22684 22859 22933 23125 23222 23339 23492 23599 23702 23800 23891 23978 23967 23982 23965 23907 23877 23787 23713 23628 23553 23479 23412 23334 23274 23195 23108 23022 22987 22973 22954 22943 22914 22895 22866 22853 22848 22836 22805 22752 22715 22675 22653 22602 22555 22481 22406 22356 22283 22229 22204 22192 22187 22179 22160 22150 22168 22168 22159 22140 22088 22034 21978 21922 21857 21785 21739 21709 21679
23908 23992 24035 24061 24070 24089 24088 24099 24098 24100 24108 24124 24156 24183 24199 24240 24256 24250 24226 24210 24187 24124 24059 23979 23918 23823 23729 23634 23557 23466 23381 23306 23254 23198 23160 23121 23118 23119 23109 23062 23038 22996 22980 22992 22994 22976 22935 22893 22848 22789 22743 22708 22676 22636 22597 22552 22501 22445 22380 22325 22259 22214 22174 22139 22101 22065 22025 21995 21951 21903 21862 21835 21808 21783 21759 21742 21712
24453 24422 24389 24346 24288 24232 24171 24090 24023 23963 23893 23831 23803 23731 23705 23658 23634 23627 23633 23610 23604 23581 23557 23548 23548 23534 23524 23502 23481 23450 23407 23356 23310 23257 23206 23158 23121 23080 23043 23008 22987 22975 22984 22988 22981 22955 22909 22856 22798 22740 22674 22609 22538 22476 22413 22364 22315 22264 22210 22181 22145 22113 22089 22071 22047 22021 21989 21963 21934 21908 21880 21861 21834 21800 21767 21743 21700
23229 23209 23172 23121 23042 22960 22852 22747 22660 22536 22422 22306 22215 22116 22013 21909 21844 21770 21748 21705 21657 21659 21699 21650 21687 21695 21708 21700 21692 21700 21705 21756 21781 21843 21926 21984 22054 22175 22259 22367 22444 22523 22617 22658 22693 22711 22710 22685 22655 22609 22551 22508 22450 22384 22317 22261 22195 22137 22073 22026 21978 21907 21862 21834 21808 21781 21764 21742 21707 21669 21631 21586 21539 21490 21448 21420 21396
21973 21982 21983 21974 21965 21940 21957 21971 21969 21959 21934 21899 21855 21861 21854 21839 21822 21800 21786 21758 21754 21748 21742 21729 21717 21702 21714 21700 21686 21682 21700 21689 21692 21692 21683 21707 21722 21738 21757 21760 21751 21732 21710 21687 21667 21631 21599 21557 21527 21502 21478 21463 21433 21411 21361 21315 21275 21214 21172 21153 21123 21070 21044 21018 20992 20981 20952 20955 20942 20928 20931 20925 20922 20912 20900 20890 20891
21459 21448 21438 21435 21411 21387 21374 21357 21342 21331 21317 21303 21291 21271 21260 21237 21221 21195 21171 21148 21139 21120 21113 21111 21107 21103 21097 21087 21066 21058 21037 21010 20979 20939 20904 20880 20860 20841 20838 20842 20831 20807 20799 20785 20777 20769 20762 20731 20705 20678 20631 20590 20550 20505 20479 20465 20437 20423 20403 20391 20385 20387 20387 20394 20401 20394 20389 20394 20417 20425 20434 20437 20443 20454 20471 20478 20491
20480 20453 20422 20388 20356 20313 20295 20253 20208 20185 20186 20213 20253 20269 20299 20322 20324 20319 20315 20321 20320 20314 20296 20278 20260 20222 20203 20174 20176 20170 20161 20159 20140 20128 20125 20127 20142 20151 20162 20194 20195 20206 20215 20219 20228 20246 20261 20271 20289 20295 20302 20320 20333 20327 20323 20321 20303 20290 20270 20251 20236 20205 20180 20164 20154 20178 20220 20257 20289 20328 20357 20368 20376 20386 20403 20423 20429
20467 20462 20457 20445 20432 20414 20384 20349 20319 20279 20228 20172 20122 20062 20003 19945 19891 19844 19838 19826 19820 19836 19835 19841 19854 19875 19879 19873 19857 19844 19843 19877 19906 19946 19975 20016 20041 20070 20101 20118 20121 20123 20123 20131 20164 20189 20201 20203 20191 20164 20123 20102 20070 20042 20013 19983 19956 19938 19921 19919 19904 19909 19922 19939 20013 20061 20129 20197 20273 20360 20440 20511 20584 20663 20735 20796 20863
20401 20402 20400 20392 20384 20373 20358 20333 20316 20283 20244 20210 20210 20219 20223 20221 20221 20225 20228 20230 20227 20214 20190 20172 20167 20160 20151 20141 20135 20131 20122 20108 20106 20119 20138 20163 20186 20206 20229 20249 20261 20278 20292 20303 20312 20314 20311 20309 20306 20317 20327 20327 20322 20318 20316 20324 20335 20340 20342 20355 20369 20363 20347 20339 20336 20346 20363 20381 20418 20455 20500 20541 20588 20631 20673 20715 20747
19912 19958 19979 20016 20042 20071 20100 20130 20150 20169 20186 20195 20200 20211 20211 20209 20207 20212 20211 20205 20196 20174 20133 20073 20028 19965 19904 19860 19809 19772 19751 19737 19758 19790 19837 19886 19955 20010 20080 20138 20187 20228 20252 20273 20287 20289 20288 20289 20289 20298 20310 20314 20317 20322 20319 20318 20323 20333 20347 20372 20385 20364 20353 20343 20337 20340 20343 20347 20358 20367 20371 20383 20428 20450 20450 20445 20455
18544 18601 18663 18734 18796 18871 18946 19018 19080 19137 19183 19227 19271 19279 19310 19314 19340 19339 19353 19374 19387 19410 19432 19454 19474 19495 19511 19536 19564 19578 19592 19603 19608 19616 19614 19620 19624 19627 19625 19625 19629 19633 19642 19647 19647 19657 19668 19671 19671 19694 19708 19711 19726 19731 19746 19754 19778 19815 19846 19892 19939 19987 20044 20086 20131 20175 20211 20241 20277 20300 20324 20340 20354 20366 20376 20382 20391
17304 17354 17446 17487 17525 17564 17618 17655 17698 17750 17777 17801 17817 17870 17915 17921 17951 17980 18014 18017 18038 18055 18049 18068 18067 18068 18111 18097 18109 18114 18117 18124 18114 18112 18123 18127 18139 18140 18159 18171 18190 18188 18203 18202 18204 18207 18199 18228 18249 18276 18274 18286 18301 18318 18330 18321 18339 18349 18365 18397 18457 18512 18557 18595 18656 18698 18735 18786 18842 18869 18891 18940 18983 19019 19037 19041 19022
15423 15452 15478 15532 15576 15605 15652 15691 15711 15737 15795 15838 15853 15906 15924 15952 15997 16036 16072 16103 16115 16148 16160 16210 16225 16262 16287 16301 16323 16342 16353 16379 16400 16426 16424 16438 16452 16480 16508 16526 16523 16529 16533 16544 16546 16551 16553 16552 16560 16565 16558 16559 16563 16550 16556 16557 16571 16569 16569 16586 16613 16662 16674 16687 16715 16744 16773 16784 16829 16857 16884 16962 17004 17056 17108 17146 17208
14002 14047 14055 14116 14114 14137 14171 14173 14194 14258 14276 14315 14328 14359 14392 14415 14441 14453 14471 14525 14546 14583 14606 14668 14675 14700 14734 14747 14758 14786 14805 14818 14845 14857 14872 14895 14895 14909 14928 14954 14954 14969 14987 15001 15016 15074 15062 15074 15117 15143 15137 15181 15178 15205 15212 15219 15206 15252 15238 15257 15277 15308 15322 15342 15345 15358 15368 15407 15438 15469 15491 15514 15562 15578 15635 15675 15711
12719 12720 12747 12743 12766 12769 12790 12789 12802 12819 12813 12843 12846 12853 12861 12868 12874 12883 12895 12918 12934 12947 12940 12974 12973 12993 12997 13018 13021 13010 13030 13073 13096 13114 13160 13182 13201 13229 13260 13286 13302 13349 13354 13400 13409 13485 13494 13530 13559 13585 13634 13665 13680 13716 13751 13772 13815 13837 13857 13883 13924 13940 13981 14016 14052 14087 14115 14137 14159 14177 14211 14221 14253 14277 14296 14317 14355
12325 12325 12325 12328 12338 12361 12374 12399 12410 12423 12445 12458 12468 12483 12487 12490 12494 12491 12486 12489 12483 12481 12478 12478 12470 12485 12485 12488 12488 12489 12492 12498 12509 12533 12566 12580 12607 12634 12650 12674 12695 12738 12766 12789 12806 12833 12840 12860 12895 12924 12937 12941 12957 12961 12967 12969 12990 12999 13039 13057 13094 13136 13161 13203 13244 13275 13306 13349 13383 13420 13452 13475 13521 13545 13579 13606 13634
