Alternative/Moon/Lvl0_30x30/Ele_DD.asc
ncols         335
nrows         335
xllcorner     -9992508.343
yllcorner     -3377166.958
cellsize      10000
nodata_value  -9999.0
[rows 136 to 169 of 335, columns 77 to 153 of 335]
20082 20025 20171 20288 20074 19989 20008 19629 19576 19436 19434 19381 19354 19420 19683 19734 19531 20282 20457 20510 19869 19597 20078 20670 20377 19676 19752 19841 20182 20265 20057 19855 20074 20780 21190 22149 23540 24708 24666 24967 25594 25506 25854 26209 26446 26966 26966 26570 24457 24011 23383 23598 23647 23674 24083 23899 23585 23562 23972 24003 24606 25186 25072 24375 24063 23750 23991 23756 23105 22618 22288 22264 22157 22335 22589 23139 23160
20100 20008 19845 19950 19893 19952 19812 19789 19747 19670 19615 19498 19436 19408 19374 19443 19477 19683 20074 20077 19974 19680 19946 19901 20120 20053 19654 19674 19674 19468 19404 19764 19951 19767 19968 21063 21863 23536 24622 25075 25468 25501 25591 25626 26420 26999 26953 26871 25546 23872 23089 23076 23823 23700 23682 23656 23812 24006 23985 24098 24827 24898 25016 25117 24129 23612 23578 23555 23131 22897 22855 22515 22643 22440 22197 22931 23040
20058 20012 19906 19756 19908 19931 19955 20248 19942 19760 19718 19597 19848 19463 19433 19419 19483 19566 19569 19883 19934 19821 19784 19705 19835 19616 19742 19794 19814 19464 19512 19706 19587 19418 19564 20524 21957 23299 24392 25022 25515 25639 25754 25729 26529 26786 26710 26244 25359 23978 23285 23413 23759 23407 23491 23672 23942 24090 24044 24091 24432 24987 25198 25253 24136 23616 23744 23515 23049 22974 22934 22656 22701 22415 21762 22443 23041
20005 19972 19970 19882 19863 19836 19912 19963 19985 19857 19800 19891 19754 19609 19552 19524 19499 19421 19612 19694 19746 19759 19801 19749 19687 19817 19790 19826 19744 19421 19553 19434 19410 19612 19803 20864 22269 23335 23978 25353 25855 25806 25521 25379 26254 26521 26185 25933 25210 23917 23376 23434 23348 23421 23459 23638 23558 23490 23806 23987 23817 24574 24767 24597 23976 24011 23703 23444 22838 22831 22821 22532 22423 22173 21646 22176 22188
19979 19940 19983 19928 19930 19977 19951 19965 20008 20051 20118 20136 20061 19709 19718 19646 19588 19483 19424 19532 19413 19506 19719 19862 19811 19898 19800 19616 19459 19374 19378 19524 19696 20246 20909 21881 22742 22925 23135 24422 25581 25819 25647 25376 25634 25270 25901 25611 25152 23041 22814 23078 23369 23382 23416 23490 23367 23309 23524 23600 23929 24132 24088 23786 23787 23845 23431 23132 23337 22952 22387 22844 22991 22182 21774 21494 21407
19940 19910 19914 19995 19967 20089 20065 20105 20165 20410 20305 20184 19914 19808 19818 19802 19627 19692 19565 19417 19333 19404 19406 19598 19727 19711 19618 19579 19439 19360 19411 19535 20592 20938 21072 21809 22309 22560 23328 24320 25498 26167 25908 25667 25529 25174 25624 25530 24158 22206 22667 22457 23012 23513 23596 23420 23273 23263 23328 23649 23715 23970 24312 24483 23901 23972 23181 23070 23105 23171 23075 22652 22714 21960 21821 21666 21421
19893 19877 19976 20029 20188 20228 20395 20334 20469 20605 20439 20401 20025 19831 19803 19758 19763 19674 19622 19417 19543 19543 19573 19462 19561 19594 19564 19570 19458 19491 19534 20130 20640 21093 21526 21698 21863 21919 22270 23645 25021 25906 25794 25633 24930 24947 25128 25412 24157 22360 22787 22874 22817 23463 23510 23386 22833 22783 23175 23461 23772 24082 24518 24615 23917 24035 23745 22970 22993 23172 23067 22319 21721 21547 21381 21287 21131
19831 19956 20309 20164 20403 20455 20373 20444 20516 20556 20574 20575 20327 20118 20033 19837 19824 19901 19829 19514 19642 19651 19302 19361 19558 19463 19417 19548 19657 19924 20241 20653 21652 22085 22260 22399 22796 22890 22807 24448 25969 25898 25856 25157 24638 24478 24892 24773 24580 23243 22538 22664 22785 23323 23305 22704 22308 22414 22584 23805 24260 23997 24018 24148 23498 23941 24003 23500 23683 22991 22694 22384 21413 20911 20874 21122 20524
20049 20390 20335 20275 20314 20382 20537 20540 20393 20429 20469 20545 20342 20239 20077 19945 19866 19873 19792 19514 19403 19352 19262 19509 19683 19747 19407 19530 19840 20057 20410 21011 21918 22654 22991 23487 23505 23666 24167 25136 26532 26019 25485 25251 24475 23924 24186 25039 24980 24321 23864 22773 23057 23296 23269 22242 21784 21872 22497 23695 24185 23898 23427 23318 23109 23377 23815 23952 23817 23563 23261 22190 21515 20982 20895 21083 20417
20678 20555 20556 20339 20370 20351 20690 20559 20383 20376 20364 20496 20426 20058 20073 20019 19972 19922 19876 19545 19446 19308 19247 19576 19779 19998 19944 19633 19647 19995 20600 21398 21981 22781 22995 23481 23759 24076 25010 26205 26699 26345 25508 24864 24237 23358 23817 24471 24509 24127 23955 23129 22946 22965 22592 22287 21922 22165 22563 23301 23538 23389 23258 23301 23233 23098 23626 24179 24259 24087 23403 22528 21869 22110 21477 20306 19695
20837 20724 20751 20521 20553 20243 20299 20358 20540 20471 20510 20558 20533 20249 20145 20064 20045 19896 19785 19525 19476 19404 19335 19357 19731 20821 20671 19696 19487 20087 20616 21869 22296 22800 22926 23355 23669 24043 25196 26240 26273 25777 25546 24983 23744 23330 23937 24135 24038 23405 23425 23231 23035 22922 22681 22552 22518 22319 22549 22872 22852 22799 22587 22698 22921 23003 23014 23728 23692 23195 22849 22500 22329 22140 21412 20139 19989
20888 20917 20894 21160 21005 20696 20323 20389 20742 20575 20449 20511 20361 20458 20365 20202 20049 19976 19775 19644 19565 19561 19414 19348 19806 20874 20829 20456 19304 20050 20726 21703 22177 22535 22707 23192 23657 24018 25164 25715 25993 26012 25691 24916 23834 24029 24305 24486 24360 24001 23483 23324 23273 23148 23143 22762 22642 22397 22523 22493 22490 22639 22406 22330 22265 22078 22075 22434 22416 21958 21590 21807 21682 21244 20805 20074 19822
20888 20848 20958 21466 21324 20742 20575 20462 20374 20528 20423 20432 20444 20503 20352 20207 20176 19878 19758 19701 19528 19516 19481 19622 19870 20044 20317 20257 20321 20358 20872 21356 22432 22475 22423 22757 23255 23790 24591 25542 26164 26120 25981 25314 25193 25810 25696 25133 24359 24652 24607 23908 23627 23446 23118 22648 22259 22354 22348 22109 22202 22048 22084 21989 21325 21061 21587 21801 21551 20916 21101 21172 21023 21013 20670 20129 19707
20935 20880 20951 21180 20992 20750 20424 20384 20321 20249 20571 20596 20379 20283 20372 20443 20456 20020 19766 19699 19589 19454 19577 19514 19854 20203 20375 20948 21050 20705 20814 21478 22108 22648 22712 22361 22493 23227 24015 25338 26192 26052 25835 25394 25566 25911 25931 25284 24910 24543 24541 23981 23979 23994 23646 22947 22935 22724 22694 22279 22019 21646 21689 20979 20445 20674 21080 21247 21265 20635 20032 20280 20940 20831 20182 19973 20054
20985 20936 21079 21070 20996 20831 20528 20254 20173 20166 20483 20527 20527 20677 20485 20435 20418 19927 19800 19647 19650 19587 19434 19523 19863 20035 20113 21023 21072 20750 20886 21764 22071 22810 22864 22233 21501 22727 23907 25341 25902 26189 26077 25493 25471 25545 25380 25236 25216 24491 24296 23892 23774 23571 23329 22926 23061 22995 22863 22495 22198 21605 21273 20636 20785 20939 21300 21225 21211 20211 19615 20048 20340 20246 19892 20139 20068
21212 21143 20904 20856 20757 20725 20410 20166 20012 20042 20053 20263 20389 20514 20347 20241 20097 19878 19811 19620 19545 19721 19598 19355 19790 19715 20023 20869 20773 20748 20793 21287 21798 22423 22481 21673 21468 22693 23688 24747 25780 26115 25997 25228 25006 25295 25644 25771 25440 24705 24379 24099 23661 23837 23831 23590 23454 22843 22803 22776 22274 21924 21408 20773 21004 21507 21505 20989 20578 20136 19821 19236 19349 19133 19660 19848 19466
21279 21106 21052 21005 20971 20830 20259 20441 20363 20114 20505 20409 20157 20221 20020 19974 19925 19877 19781 19620 19461 19586 19509 19684 19561 19884 19770 20257 20186 19419 19883 20319 20784 20954 20825 20443 21207 22326 23244 23688 24913 25559 25564 25164 24840 25459 25537 25591 24873 24421 24063 23665 23629 23887 23895 23699 23533 23087 22860 22926 22608 21632 20763 20461 20674 21815 21820 21212 20209 20037 19763 19578 19842 19665 19395 19365 19008
21395 21053 21260 21245 21765 21176 20566 20507 20528 20544 20629 20524 20373 20008 19961 19959 19902 19840 19731 19593 19992 19552 19641 19985 20040 19637 20057 20093 19723 19459 19616 19716 20018 19932 19736 19624 20698 21854 22352 22538 23578 24175 24792 24907 24781 24891 24905 24661 24662 24270 23889 23385 23623 23610 23615 23454 23294 23081 22561 22641 22008 21173 20604 20530 20409 20802 21107 20868 20101 19819 19331 19151 19918 20005 20048 19472 18780
21438 21069 21381 21504 21906 21461 21044 20820 20737 20924 21021 20818 20890 20440 19932 19927 19891 19852 19683 19749 20266 19899 19572 19815 19892 19405 19528 20007 20121 19806 19680 19757 19675 19526 19350 19687 20504 21422 21859 22769 23593 24366 24728 24986 24638 24436 24437 24394 24537 24234 24005 24131 23665 23820 23705 23034 23020 22822 22563 22570 21789 20833 20292 20480 20369 20092 20074 20182 19712 19162 19143 18855 19404 19723 19740 19361 18549
21496 21287 21371 21370 21256 21317 21173 20800 20932 21334 21150 21194 21392 21058 20260 19913 19881 19814 19679 20127 20743 20293 19861 19633 19706 19333 19272 19400 19827 19778 19582 19610 19460 19584 19491 19563 20199 20765 21168 22726 23722 25007 25080 25091 24522 24640 24654 24586 24650 24105 24007 24247 23714 23481 23273 22645 22298 22374 22313 21992 21026 19816 19505 19333 19091 18783 17695 19864 19858 19206 19191 19140 19094 19215 19167 18217 17668
21614 21311 21443 21369 21356 21512 21485 20870 21026 21045 21086 21086 21116 20877 20593 19907 19877 19791 19671 20006 20925 20760 20287 19930 19647 19767 19529 19272 19339 19530 19776 19739 19549 19602 19502 19980 20156 20491 21322 22999 24773 24968 25060 24947 24657 24426 24435 24597 24692 24139 23778 23439 23183 22679 21931 21609 21489 21307 21599 21346 20600 20395 20048 19406 19248 18982 19286 20084 20129 19419 18792 18541 19113 19190 19191 18851 18181
21804 21643 21525 21486 21568 21629 21588 21167 21032 21010 21156 21140 21072 20824 20596 19955 19837 19741 19699 19514 20147 20842 20709 20706 20265 19904 19766 19542 19653 19509 19546 19564 19936 20075 19749 20176 20069 21279 21547 23161 24506 24474 24615 24641 24420 24555 24555 24624 24554 23582 22911 22286 22410 21974 21580 21440 21374 20836 20749 20224 20482 20335 20173 19933 19709 19621 19657 20147 20081 19421 19311 18532 18716 19076 19351 19126 18265
21735 21704 21150 21073 21324 21443 21430 21213 21251 21059 21111 21127 21019 20713 20334 20119 19967 19754 19896 19998 19882 20726 20749 20757 20290 19840 19819 20558 20684 19938 19451 19524 20010 20108 19893 20334 20251 21785 21984 22643 23804 23808 23966 23871 23888 24439 24401 24478 24114 22557 22331 21755 21875 21459 21399 21631 21474 20825 20145 20092 20207 20173 20091 19788 19806 20310 20656 19520 20083 19780 19728 18612 18610 18321 18382 18203 17280
21760 21392 21227 21273 21435 21567 21464 21097 21117 20975 20928 20970 21077 20974 20860 20576 20524 20105 20162 20200 20119 20467 20586 20716 20221 19994 20104 20603 20581 20082 19793 20017 20576 20577 20692 20555 21064 21844 22043 22479 23312 23573 23930 23626 23546 23540 24064 23983 23002 21898 21269 21261 21453 21515 21364 21467 21136 20005 19713 19517 19056 18989 19062 19335 19794 20956 21740 21542 21253 20511 20410 19362 18254 17843 18281 18118 17232
21141 21193 21391 21275 21029 21056 21121 20982 20904 20897 20993 21034 21190 21144 20962 20959 20859 20370 20309 20140 19769 19912 20425 20600 20257 20000 20033 20315 20138 19987 19855 19953 20742 20793 21113 21826 22404 22431 22280 22840 23095 23436 23738 23645 23297 23219 23408 23085 22278 21189 20529 20495 20943 20759 20532 20058 19820 19067 19038 19113 18849 19245 19251 18826 19065 20715 21715 21656 21473 20406 20379 19972 19849 19627 18970 18196 17251
20603 21076 21176 20942 20987 21069 20714 20793 20794 20884 21084 21177 21058 21129 20693 20902 20863 20596 20589 20410 20250 20291 20327 20663 20181 19859 19882 20274 19916 19805 19672 19647 20969 21802 22313 22433 22593 22487 22933 23076 22672 22786 23094 23381 23253 22209 22293 22356 22245 21359 20657 19685 19721 19442 19177 18893 19090 18822 18884 19005 18558 19525 19649 19138 19566 20193 20357 20940 21009 20556 20381 20665 20560 20089 19394 18417 17860
20851 20950 20803 20795 20596 21026 21130 20998 20954 20948 21059 21069 20970 21108 21129 20440 20611 20646 20742 20301 20291 20362 20478 20972 20903 20186 20532 20538 20205 20442 20568 20335 21061 22348 22456 22595 22730 22902 23459 23355 22833 22804 22787 22710 22620 21679 22361 22786 22699 21474 20660 19591 19389 19381 19280 19001 18915 18908 18898 18858 19031 18897 18975 18986 19496 19355 19813 20265 20325 20422 20460 20590 20455 20025 19346 18742 18109
21019 20905 20902 20805 20807 20746 21269 21421 21598 21601 21276 21120 20809 21012 21020 20682 20501 20531 20785 21045 20782 20483 20590 21156 21180 20458 20770 20739 20637 21043 21497 21046 20226 21381 21647 22429 23412 23637 23376 23428 22762 22254 22051 21640 21322 21242 22232 22893 22776 21428 20634 19471 19858 19843 19716 19539 19734 19779 19702 19449 19641 19677 19532 18926 18941 18602 19157 19759 19970 20019 19789 19903 19774 19590 19206 18344 17906
21148 20822 20768 21046 21070 20815 20763 20817 21037 21030 20973 20895 20652 20396 20682 20709 20470 20748 20949 21433 21375 20486 20687 20744 20777 20710 20681 20670 20745 21138 21462 21250 20431 20036 21136 22418 23602 23991 23402 23331 23012 22022 21423 20716 20750 20902 21925 22247 22248 21359 19813 19773 20515 20643 20607 20280 20712 20584 19977 19697 19978 19980 19733 18547 18538 18927 19315 19616 19540 19738 19870 19990 19668 19473 19251 18946 18818
20609 21097 21044 21438 21576 20988 20906 20969 20743 20416 20475 20494 20713 20607 20561 20598 20616 21268 21179 21367 21168 20637 20865 20963 20749 20509 20710 20703 20473 20913 20606 20328 20105 19920 20631 21629 23117 23833 23588 23575 23673 22725 21520 21206 20740 20412 20838 21410 21533 20736 20487 20623 20684 21349 21566 21479 21479 21354 20637 19739 19853 19772 19256 18510 18377 18764 19282 19837 19658 19946 19990 20079 19901 19788 19416 19242 18579
20610 21063 21072 21345 21550 21002 20584 20695 20685 20542 21015 21118 20470 20378 20659 20608 20729 21166 21160 20829 20739 20640 20797 20879 20594 20727 20531 20637 20671 20611 20200 20187 20044 19985 20557 21306 21748 22264 22778 23557 23735 22876 22104 21615 20835 20382 20384 20151 20627 20935 21235 21189 21046 21546 21634 21692 21507 21365 20647 19726 19703 19222 18554 18127 18149 18400 18649 19060 19328 19560 19935 19675 19973 20066 19556 19103 18069
20193 20560 20643 20609 20511 20395 20242 20186 20265 20483 21526 21947 20620 20284 20377 20431 20293 20518 20780 20980 21107 20754 20628 20721 20681 21292 21343 21245 21418 20983 20445 20175 20087 19959 20743 20959 20830 21027 21688 23138 23372 23005 22612 21823 20994 20652 20742 20758 21175 21733 22117 22080 22029 22257 21804 21228 20928 20924 20263 19272 19071 18867 18544 18420 18204 18245 19220 19374 19507 19621 19395 19734 19760 19895 19418 19396 19128
20187 20482 20615 20408 20619 20720 20957 20453 20175 20099 20200 20611 20495 20863 20518 20575 20408 20496 20807 20680 20823 20776 21010 21037 20907 21163 21314 21402 21766 21563 21213 20176 20113 20000 20505 20794 21276 22046 22598 23085 23548 23571 23436 22417 21019 20569 20988 21483 22174 22457 22440 22620 22864 22661 22140 21241 21005 20356 19595 18972 18877 18322 18452 18583 18627 18361 19209 19249 19503 19614 19798 19473 19362 19324 19506 19913 20394
20205 20081 20301 20219 20654 20753 21225 20576 20324 20243 20446 20344 20431 21105 20814 20521 20505 20791 20826 20932 21015 21081 20994 21102 20769 21025 21041 21295 21485 21335 21024 20159 20194 20017 21579 22001 22038 22327 22776 22914 23675 23768 23394 22246 20901 20767 21629 22434 22900 23046 22993 22840 23230 23272 22444 21859 21427 20630 19417 18742 18729 18969 18762 18787 18832 19030 19032 19154 19505 19523 19791 19536 19366 19655 20108 20725 21090
