Alternative/Moon/Lvl0_30x30/Ele_BH.asc
ncols         335
nrows         335
xllcorner     3407491.657
yllcorner     3322833.042
cellsize      10000
nodata_value  -9999.0
[rows 34 to 67 of 335, columns 77 to 153 of 335]
15601 15662 15755 15801 16354 16829 16897 16848 16877 16866 16475 15939 15811 15753 15712 15664 15621 15597 15584 15575 15588 15620 15676 15708 15726 15725 15710 15668 15620 15602 15599 15589 15593 15584 15557 15570 15603 15636 15688 15720 15790 15886 15908 15914 15929 15930 15937 15934 15960 16016 16330 16488 16504 16678 16909 16992 16902 16899 17295 17315 16886 16657 16311 16177 16093 16111 16132 16355 16550 16659 16842 16655 16521 16797 16787 16731 16493
15602 15622 15678 15814 16436 17061 17214 17560 17656 17454 16797 16078 15876 15792 15754 15679 15628 15590 15583 15622 15682 15714 15732 15744 15761 15778 15741 15702 15668 15651 15669 15649 15604 15558 15574 15593 15619 15644 15686 15754 15808 15863 15886 15840 15932 15962 16018 16004 16044 16119 16438 16516 16345 16231 16241 16284 16355 16808 17417 17495 17208 17020 16876 16848 16590 16796 16829 16671 16745 16590 16159 16114 16084 16146 16154 16289 16213
15570 15600 15609 15674 15850 16454 16623 16864 17200 17015 16228 15930 15839 15780 15728 15680 15638 15608 15618 15699 15757 15783 15798 15847 15830 15791 15743 15708 15678 15684 15690 15695 15657 15656 15586 15614 15630 15629 15649 15682 15739 15756 15802 15854 15981 15991 16033 16056 16157 16256 16267 16270 16271 16392 16535 16518 16301 16362 16325 16343 16424 16295 16323 16474 16453 16593 16657 16581 16328 16297 16288 16289 16148 16136 16099 16070 16109
15535 15578 15622 15653 15782 15888 15883 15868 15954 15894 15796 15763 15731 15679 15725 15714 15754 15742 15775 15789 15865 15882 15929 15885 15858 15832 15791 15764 15723 15739 15768 15806 15812 15819 15825 15793 15766 15782 15780 15776 15838 15884 15932 15905 15970 15977 16007 16077 16182 16304 16353 16291 16090 16120 16117 16207 16182 16145 16312 16331 16294 16164 16388 16715 16845 16654 16309 16197 16256 16325 15841 16408 16401 16558 16576 16440 16500
15540 15598 15641 15673 15738 15829 15848 15775 15738 15696 15694 15691 15746 15790 15819 15932 15984 16005 16026 16033 16000 16046 16049 15964 15960 15901 15922 15929 15900 15933 15998 16059 16061 16075 16110 16127 16116 16053 16009 16030 16073 15994 15887 15856 15891 16068 16033 16135 16137 16157 16157 16161 16122 16127 16131 16132 16141 16195 16359 16362 16352 16247 16411 16737 16864 16718 16302 16117 16187 16336 16409 16361 16340 16598 16535 16256 16202
15573 15597 15661 15716 15749 15800 15848 15769 15702 15719 15780 15879 15893 15973 15995 16036 16050 16055 16071 15931 15901 15893 15880 15927 15966 15956 15969 15982 16056 16080 16066 16051 16070 16105 16164 16255 16263 16251 16274 16298 16214 16095 16009 15972 15961 16067 16152 16184 16385 16388 16132 16138 16148 16143 16137 16130 16134 16152 16123 16125 16136 16125 16129 16139 16102 16078 16075 16090 16151 16278 16169 15997 15991 16057 16067 16053 15997
15556 15590 15658 15763 15804 15992 16244 16112 15922 15878 15915 15955 15971 16009 16024 16003 15922 15878 15874 15866 15840 15808 15801 15850 15941 15968 15995 15999 16042 16064 16041 16069 16084 16085 16117 16128 16103 16155 16202 16306 16329 16306 16229 16185 16188 16242 16335 16329 16565 16645 16603 16218 16174 16210 16178 16144 16191 16167 16109 16100 16110 16115 16116 16116 16094 16107 16182 16210 16166 16165 16113 16092 16074 16072 16063 16012 15978
15599 15649 15766 16116 16075 16042 16266 16125 15904 15887 15924 15923 15886 15862 15821 15800 15796 15794 15812 15786 15771 15752 15757 15787 15791 15805 15843 15874 15888 15945 15976 16043 16006 15998 16006 16014 16005 16016 16084 16283 16351 16408 16437 16447 16443 16447 16419 16384 16452 16495 16450 16313 16261 16191 16176 16145 16126 16125 16132 16113 16101 16118 16128 16161 16169 16438 16510 16351 16201 16142 16109 16095 16091 16085 16014 15968 15935
15866 15873 15885 16099 16002 15782 15663 15678 15698 15746 15787 15791 15771 15752 15752 15758 15757 15736 15723 15740 15738 15731 15737 15753 15762 15792 15832 15846 15858 15870 15913 15943 15987 16012 15980 16000 16030 16053 16118 16224 16232 16259 16342 16459 16517 16505 16527 16516 16440 16387 16299 16335 16293 16227 16147 16124 16116 16096 16121 16130 16084 16057 16068 16168 16323 16408 16352 16230 16133 16070 16017 15999 16005 15993 15921 15916 15858
15844 15700 15637 15619 15598 15591 15595 15628 15659 15708 15716 15704 15695 15718 15727 15736 15689 15708 15692 15700 15693 15705 15715 15733 15745 15765 15802 15821 15841 15859 15877 15905 15941 15966 16006 16016 16056 16100 16177 16216 16211 16232 16286 16366 16478 16548 16609 16624 16462 16266 16203 16164 16298 16313 16295 16134 16095 16095 16100 16072 16045 16039 16076 16094 16082 16056 16031 16011 16006 15975 15924 15917 15930 15945 15862 15844 15859
15551 15508 15468 15513 15541 15563 15610 15597 15641 15657 15689 15719 15704 15678 15693 15684 15670 15664 15665 15673 15684 15707 15727 15739 15754 15771 15791 15803 15839 15866 15886 15904 15940 15963 15985 16014 16059 16086 16131 16157 16192 16227 16265 16333 16397 16472 16595 16632 16571 16523 16513 16484 16436 16425 16302 16244 16160 16099 16022 16002 15996 15996 16017 16017 16018 15976 15952 15932 15934 15911 15926 15920 15898 15879 15837 15797 15804
15481 15420 15437 15466 15472 15500 15535 15567 15633 15656 15666 15658 15644 15648 15664 15631 15643 15640 15649 15670 15683 15710 15728 15739 15759 15772 15796 15809 15831 15851 15879 15908 15945 15952 15975 16009 16044 16082 16119 16151 16188 16224 16253 16302 16351 16373 16483 16557 16540 16552 16547 16524 16466 16461 16426 16326 16234 16184 16063 16007 15987 15961 15937 15928 15953 15938 15933 15917 15929 15902 15897 15884 15861 15819 15823 15839 15829
15359 15387 15401 15424 15429 15460 15496 15541 15577 15607 15646 15675 15663 15612 15597 15591 15599 15615 15648 15668 15682 15695 15697 15715 15737 15757 15783 15802 15830 15856 15884 15916 15929 15948 15985 16002 16036 16073 16108 16144 16181 16217 16245 16281 16339 16362 16399 16420 16442 16463 16534 16550 16534 16542 16519 16432 16351 16272 16136 16048 16069 16062 16062 16041 15962 15929 15897 15888 15878 15883 15861 15853 15820 15857 15854 15874 15856
15356 15380 15374 15386 15407 15424 15474 15514 15574 15636 15665 15673 15623 15594 15578 15568 15578 15611 15655 15661 15633 15655 15697 15704 15720 15743 15780 15802 15834 15859 15898 15912 15927 15951 15968 15991 16020 16048 16089 16132 16165 16191 16215 16247 16291 16339 16383 16429 16438 16434 16467 16512 16550 16562 16597 16565 16494 16421 16271 16095 16067 16050 16100 16111 16032 15977 15948 15955 15909 15894 15890 15888 15856 15843 15833 15845 15827
15370 15318 15314 15358 15384 15411 15448 15505 15539 15610 15663 15657 15596 15553 15517 15529 15530 15541 15563 15588 15588 15604 15654 15677 15693 15729 15758 15777 15819 15833 15864 15889 15921 15931 15957 15983 16016 16031 16063 16083 16124 16143 16156 16214 16254 16296 16348 16395 16440 16449 16449 16495 16538 16553 16634 16641 16553 16460 16259 16064 15952 15945 15967 16014 16015 15985 15966 15941 15909 15894 15859 15852 15872 15856 15841 15847 15902
15271 15294 15317 15345 15361 15391 15423 15479 15644 15705 15617 15610 15528 15484 15477 15505 15498 15524 15530 15545 15565 15593 15605 15653 15673 15735 15728 15748 15776 15800 15823 15858 15883 15905 15928 15954 15975 15999 16015 16052 16067 16088 16131 16183 16240 16270 16424 16735 16872 16766 16479 16447 16445 16480 16554 16594 16553 16450 16338 16173 16044 15929 15911 15963 15978 15948 15957 15929 15941 15912 15878 15866 15855 15859 15843 15831 15902
15213 15232 15260 15284 15328 15351 15434 15475 15519 15597 15585 15522 15511 15449 15426 15452 15464 15481 15490 15525 15554 15579 15601 15610 15642 15663 15693 15714 15716 15771 15790 15820 15859 15863 15892 15915 15942 15963 15981 16023 16148 16228 16275 16166 16179 16194 16486 16987 16956 16745 16879 16930 16809 16701 16877 16781 16665 16573 16513 16390 16198 16074 16037 16078 16094 16022 15954 15914 15949 15934 15890 15871 15883 15861 15828 15801 15781
15153 15165 15198 15255 15316 15377 15436 15469 15524 15594 15535 15501 15502 15439 15446 15406 15427 15447 15453 15497 15515 15531 15576 15595 15615 15608 15646 15664 15695 15740 15764 15782 15809 15815 15833 15870 15928 15953 16031 16082 16264 16596 16529 16236 16104 16079 16106 16139 16322 16598 17307 17431 17429 17233 17190 17174 17240 17137 17082 16799 16674 16413 16310 16174 16110 16015 15964 15919 15909 15891 15884 15855 15838 15818 15795 15787 15745
15089 15147 15187 15243 15259 15278 15392 15453 15451 15457 15450 15432 15387 15374 15356 15375 15394 15425 15453 15454 15487 15503 15536 15560 15569 15580 15593 15627 15679 15712 15692 15729 15732 15754 15791 15881 16000 16154 16162 16107 16170 16463 16409 16160 16066 16025 16052 16067 16065 16110 16423 16561 16725 16765 16984 17080 17179 17133 17013 16737 16500 16332 16201 16134 16064 16031 15961 15907 15883 15868 15848 15851 15813 15805 15777 15769 15760
15051 15070 15138 15205 15246 15298 15363 15393 15393 15398 15415 15384 15370 15345 15334 15359 15387 15420 15414 15426 15458 15485 15509 15524 15542 15563 15577 15578 15606 15613 15647 15664 15700 15718 15781 15889 16115 16327 16359 16170 16253 16270 16302 16237 16211 16387 16306 16053 16012 16020 16078 16111 16153 16191 16210 16305 16594 16862 16864 16781 16606 16439 16165 16174 16223 16074 15955 15915 15917 15916 15878 15846 15811 15775 15776 15773 15779
14978 15025 15054 15131 15185 15262 15325 15337 15379 15399 15395 15370 15365 15336 15323 15345 15372 15373 15377 15399 15436 15462 15475 15519 15558 15561 15547 15541 15546 15578 15634 15650 15649 15671 15731 15875 15984 15985 15880 15750 15754 15799 15850 15845 16001 16049 16084 15980 15913 15931 15944 16009 16048 16078 16094 16126 16184 16324 16770 16766 16576 16500 16345 16238 16173 15983 15924 15928 15931 15940 15905 15880 15868 15853 15839 15811 15807
14948 14972 15016 15067 15168 15236 15296 15319 15348 15357 15436 15463 15472 15454 15424 15422 15441 15392 15367 15380 15417 15455 15533 15585 15606 15603 15565 15581 15546 15565 15595 15582 15626 15646 15700 15732 15688 15623 15600 15589 15624 15649 15695 15711 15763 15810 15837 15836 15809 15792 15820 15913 15942 16019 16033 16068 16071 16179 16334 16560 16581 16539 16436 16249 16111 15982 15956 15934 15961 15967 15974 15923 15905 15901 15917 15918 15884
14939 14959 15025 15167 15216 15193 15223 15269 15358 15402 15443 15455 15442 15386 15370 15391 15423 15434 15415 15476 15500 15492 15539 15510 15449 15433 15427 15416 15489 15484 15527 15503 15501 15516 15544 15559 15524 15506 15488 15508 15543 15569 15612 15653 15726 15786 15803 15801 15760 15757 15847 15899 15933 15958 15990 16024 16084 16174 16283 16494 16535 16502 16466 16309 16111 16054 15986 15944 15951 16024 15960 15939 15959 15958 16050 16034 15993
14879 14913 15048 15157 15166 15163 15233 15280 15350 15331 15316 15316 15307 15261 15289 15302 15349 15424 15508 15530 15528 15476 15425 15393 15332 15347 15355 15359 15361 15383 15410 15445 15456 15468 15471 15488 15492 15472 15439 15451 15486 15547 15630 15701 15781 15905 15880 15817 15814 15833 15845 15888 15925 15952 16003 16085 16263 16417 16409 16469 16480 16518 16516 16374 16193 16101 16035 15989 15974 16023 15974 15980 16081 16175 16256 16286 16485
14892 14898 14995 15109 15180 15200 15186 15233 15241 15228 15192 15182 15175 15181 15193 15355 15367 15501 15518 15497 15415 15306 15279 15268 15253 15256 15284 15304 15307 15322 15342 15379 15410 15417 15451 15483 15495 15495 15497 15476 15514 15568 15652 15728 15805 15916 15894 15893 15893 15874 15928 15988 16035 16076 16124 16196 16308 16480 16465 16419 16457 16482 16511 16495 16416 16358 16286 16162 16142 16154 16082 16149 16329 16437 16587 16553 16516
14906 14942 15056 15223 15187 15157 15143 15146 15144 15123 15131 15124 15134 15146 15173 15347 15328 15291 15317 15238 15210 15179 15178 15165 15165 15175 15213 15251 15254 15262 15292 15309 15332 15373 15402 15433 15449 15468 15490 15498 15525 15562 15625 15666 15697 15738 15779 15843 15907 15957 16084 16188 16226 16200 16274 16323 16313 16473 16371 16368 16386 16417 16472 16470 16445 16443 16371 16309 16265 16390 16411 16364 16348 16272 16166 16060 16257
14965 15091 15157 15225 15202 15172 15146 15135 15124 15114 15092 15085 15086 15087 15134 15159 15157 15156 15126 15116 15108 15095 15102 15107 15108 15129 15150 15175 15193 15209 15229 15262 15280 15297 15317 15351 15381 15424 15440 15470 15502 15519 15532 15603 15636 15665 15712 15764 15871 15922 15933 16012 16091 16165 16285 16616 16657 16619 16456 16323 16353 16369 16414 16395 16371 16340 16371 16350 16299 16343 16507 16543 16481 16253 16126 16043 16012
15062 15160 15236 15188 15171 15145 15138 15129 15121 15115 15093 15055 15063 15067 15065 15088 15099 15110 15051 15045 15041 15060 15070 15074 15076 15087 15104 15125 15152 15174 15192 15217 15257 15278 15286 15316 15338 15367 15385 15414 15437 15462 15490 15522 15587 15613 15660 15693 15745 15794 15860 15922 15983 16113 16179 16483 16555 16602 16565 16319 16344 16322 16343 16348 16340 16325 16387 16401 16304 16310 16476 16564 16532 16316 16282 16136 16126
15205 15217 15231 15155 15141 15141 15135 15125 15117 15109 15103 15056 15016 15010 15015 15022 15027 15002 14974 14964 14970 15006 15056 15053 15067 15049 15070 15099 15112 15131 15149 15185 15204 15242 15263 15274 15301 15321 15347 15370 15390 15407 15436 15473 15507 15527 15572 15586 15622 15641 15688 15770 15838 15941 16107 16326 16525 16603 16414 16252 16257 16268 16294 16304 16298 16337 16388 16383 16320 16279 16243 16229 16313 16448 16910 16939 16721
15234 15200 15140 15133 15174 15185 15133 15114 15090 15064 15038 14996 14953 14943 14943 14957 14953 14922 14921 14920 14952 14972 14989 15024 15029 15043 15063 15063 15107 15110 15132 15146 15187 15200 15216 15230 15268 15288 15310 15333 15360 15389 15408 15431 15464 15484 15509 15573 15601 15634 15666 15729 15783 15824 15897 16055 16240 16315 16255 16225 16243 16261 16278 16288 16287 16343 16342 16328 16269 16383 16337 16202 16160 16146 16389 16615 16526
15093 15100 15110 15157 15227 15214 15203 15172 15101 15084 15033 14985 14966 14950 14919 14880 14879 14888 14906 14926 14944 14946 14963 14977 14999 15017 15034 15062 15068 15072 15097 15128 15157 15176 15198 15202 15234 15247 15285 15306 15325 15352 15374 15404 15473 15482 15491 15546 15584 15610 15672 15692 15727 15763 15792 15837 16008 16123 16126 16156 16189 16214 16234 16251 16261 16324 16315 16242 16214 16196 16230 16210 16161 16100 16241 16272 16060
15202 15169 15198 15206 15203 15173 15170 15161 15100 15076 15000 14971 14957 14945 14894 14895 14893 14894 14883 14862 14878 14902 14918 14930 14949 14965 14991 15014 15039 15060 15079 15105 15140 15176 15238 15201 15234 15237 15255 15273 15311 15328 15349 15393 15418 15445 15460 15469 15526 15552 15598 15624 15664 15702 15740 15788 15872 15932 16005 16078 16159 16182 16197 16292 16287 16293 16304 16261 16224 16214 16169 16162 16175 16162 16141 16089 16016
15185 15176 15195 15200 15178 15171 15045 14989 14938 14907 14873 14865 14855 14880 14868 14842 14823 14818 14826 14827 14846 14878 14880 14906 14926 14951 14960 14982 15023 15054 15093 15084 15119 15129 15146 15180 15184 15213 15233 15256 15287 15309 15334 15355 15364 15385 15410 15441 15482 15499 15527 15565 15627 15690 15709 15760 15823 15859 15906 15967 16062 16120 16361 16871 16867 16609 16972 17016 16588 16263 16181 16156 16174 16198 16215 16173 16176
15149 15114 15105 15073 15028 14991 14950 14925 14940 14944 14841 14837 14842 14831 14809 14808 14820 14785 14781 14789 14801 14857 14866 14872 14900 14917 14942 14965 15008 15049 15063 15055 15072 15089 15125 15142 15147 15159 15187 15225 15243 15287 15306 15337 15348 15358 15387 15426 15441 15462 15475 15496 15575 15611 15673 15731 15766 15853 15865 15896 15965 16027 16160 16612 16597 16430 16675 16836 16726 16439 16245 16209 16188 16180 16146 16119 16124
