Alternative/Moon/Lvl0_30x30/Ele_BH.asc
ncols         335
nrows         335
xllcorner     3407491.657
yllcorner     3322833.042
cellsize      10000
nodata_value  -9999.0
[rows 102 to 135 of 335, columns 0 to 76 of 335]
14748 14767 14808 14844 14914 14958 14958 14947 14954 14970 14977 14979 15003 15022 15046 15073 15263 15180 15097 15248 15410 15598 15504 15160 14930 14932 14821 14817 14813 14817 14825 14865 14906 14863 14853 14880 14885 14900 14879 14887 14945 15030 15040 15120 15185 15188 15124 15057 15067 15141 15132 15202 15132 15091 15062 15056 14982 14994 15006 15005 15225 15278 15138 15104 15089 15309 15329 15249 15073 14964 14934 14902 14891 14904 14941 15009 15040
14850 14813 14904 15002 15017 15025 15042 15029 15083 15116 15060 15071 15094 15175 15199 15110 15083 15264 15455 15467 15609 15234 15210 15127 15194 15023 14886 14839 14822 14821 14820 14867 14945 14915 14868 14882 14894 14880 14886 14889 14898 14904 14917 14958 15035 15073 15105 15023 15024 15131 15144 15164 15128 15047 15116 15176 15078 14987 14950 14979 15134 15133 15139 15123 15184 15383 15444 15499 15227 14955 14937 14918 14904 14924 14916 15034 15084
15000 14877 15102 15212 15101 15058 15067 15079 15070 15118 15126 15129 15182 15234 15274 15476 15460 15385 15551 15643 15749 15197 15221 15025 15198 14820 14833 14836 14860 14872 14869 14890 14902 14908 14887 14889 14912 14898 14883 14910 14935 14965 14916 14940 14958 14935 14971 14996 15052 15132 15141 15146 15021 15028 15385 15604 15416 15200 15053 15014 15111 15148 15280 15399 15572 15593 15133 15309 15091 14970 15007 15071 14915 14904 14986 15063 15103
15438 15484 15618 15534 15401 15156 15148 15153 15182 15191 15206 15199 15198 15178 15276 15266 15414 15494 15606 15681 15603 15382 14984 14935 14866 14917 14863 14853 14933 14966 14926 14927 14924 14906 14898 14919 14896 14885 14891 14931 14974 14977 14935 14925 14947 14936 14956 14960 15093 15261 15258 15384 15232 15463 15571 15566 15336 15280 15190 15080 15145 15161 15185 15376 15662 15656 15568 15455 15285 15238 15228 15182 15071 15035 15037 15092 15096
15988 15841 15741 15781 15793 15343 15196 15187 15226 15221 15249 15270 15230 15252 15361 15518 15528 15387 15310 15288 15288 15019 14921 14885 14920 15029 14942 14841 14866 14883 14907 14945 14961 14923 14917 14908 14895 14907 14922 14925 14954 14973 14929 14898 14940 14951 14960 15366 15302 15317 15635 15696 15425 15156 15343 15291 15064 14997 14995 15000 15058 15077 15055 15152 15136 15367 15427 15450 15628 15690 15729 15406 15121 14962 14973 14973 15056
16839 16818 16598 16800 16379 16030 15668 15558 15399 15247 15244 15257 15324 15334 15366 15419 15372 15293 15243 15142 15023 15040 14968 14906 14937 14856 14853 14857 14858 14947 14960 14973 14988 14958 14970 14937 14930 14938 14938 14934 14954 14888 14482 14952 14963 14974 15040 15682 15707 15331 15506 15449 15376 15389 15415 15336 15045 14982 14990 14972 14989 15020 15023 15087 15057 15009 14983 15194 15654 15660 15836 15745 15246 14854 14800 14824 14948
16842 16878 16828 17185 17518 17463 17176 16503 16268 15869 15681 15367 15319 15345 15304 15299 15247 15188 15142 15170 15086 15050 14965 14980 15044 14995 14872 14900 14885 14988 14959 14943 15053 15086 14973 14955 14963 14962 14961 14944 14943 14941 14955 14971 14964 15007 15160 15433 15549 15265 15310 15490 15565 15631 15588 15404 15079 14996 15004 14982 14972 14974 14963 15021 15047 14997 14991 14958 15270 15559 15831 16016 15304 14871 14835 14849 15014
15382 15784 16023 16566 17499 17775 17704 17266 17276 16650 16403 16305 15836 15410 15505 15494 15471 15192 15150 15203 15190 15155 15142 15197 15070 15342 15323 14898 14911 15082 15095 14992 15490 15567 15484 15006 14985 14991 14988 14973 14974 14976 14976 14977 15001 15051 15142 15300 15242 15313 15270 15731 15799 15589 15399 15166 15039 15019 15029 15026 14980 14969 14954 14954 14971 15070 15156 15153 15139 15381 15393 15213 15137 15262 15265 14929 15081
15129 15484 15971 16310 16466 16643 16441 16155 16113 15983 15909 15820 15532 15392 15289 15339 15444 15279 15261 15252 15071 15085 15058 15340 15415 15364 15388 15206 14970 15228 15232 15222 15154 15639 15682 15368 15336 15296 15093 15230 15273 15202 15162 15157 15282 15272 15470 15968 15654 15363 15385 15749 15806 15786 15417 15125 15060 15032 15012 15001 14970 14952 14947 14932 14941 14943 14983 15087 15205 15358 15355 15338 15572 15706 15596 15061 15066
15097 15334 15512 15462 15458 15554 15641 15826 16493 16378 15956 15823 15868 15813 15702 15651 15617 15527 15635 15555 15301 15252 15213 15220 15269 15310 15406 15292 15033 14839 14922 15050 15224 15264 15424 15399 15321 15205 15125 15288 15347 15396 15357 15374 15359 15628 15731 15848 15647 15488 15649 15576 15695 15701 15527 15251 15124 15053 14992 15052 15100 15004 14993 14975 14957 14934 15007 15033 15139 15119 15251 15420 15769 15810 15608 15301 15090
15143 15209 15274 15311 15479 15660 15675 16302 16793 16549 15974 15825 15850 15808 15647 15652 15573 15512 15537 15440 15332 15289 15249 15250 15355 15356 15288 15128 15135 15074 14981 15270 15224 15293 15241 15203 15300 15262 15193 15215 15266 15269 15482 15697 15499 15550 15631 15605 15849 15974 15699 15907 15867 15605 15407 15338 15396 15144 15091 15081 15092 15043 15019 15015 15001 14984 15016 14997 15024 15068 15262 15329 15319 15214 15281 15194 15217
15149 15295 15352 15375 15679 15977 15930 16278 16439 16127 15767 15693 15604 15442 15573 15556 15518 15432 15370 15314 15287 15276 15282 15409 15376 15445 15474 15413 15325 15272 15337 15369 15482 15393 15301 15220 15235 15149 15144 15192 15205 15210 15263 15363 15369 15123 14712 15407 15872 15839 15483 16159 16121 15809 15455 15340 15381 15238 15092 15068 15088 15059 15062 15060 15057 15056 15026 15036 15011 15068 15222 15320 15293 15276 15287 15284 15344
15233 15263 15283 15409 15891 16144 16312 16114 15906 15651 15689 15715 15613 15449 15447 15427 15472 15545 15476 15350 15385 15513 15492 15557 15475 15456 15370 15402 15390 15407 15446 15463 15323 15294 15350 15380 15244 15230 15366 15232 15046 15398 15262 15288 15293 15329 15401 15460 15410 15565 15685 16305 16336 16149 15697 15391 15212 15166 15195 15167 15135 15088 15091 15103 15120 15131 15102 15062 15146 15218 15207 15249 15235 15337 15398 15404 15431
15421 15363 15306 15410 16197 16650 16502 16059 15515 15576 15713 15691 15569 15566 15546 15399 15400 15407 15401 15384 15383 15414 15451 15540 15374 15501 15511 15417 15473 15489 15489 15394 15334 15322 15320 15315 15265 15223 15336 15332 15316 15344 15278 15425 15538 15420 15398 15405 15462 15487 15552 15463 15654 15679 15649 15313 15219 15201 15264 15266 15164 15134 15168 15169 15158 15140 15141 15229 15267 15269 15274 15208 15226 15339 15351 15405 15443
15225 15236 15276 15693 15628 15911 15630 15635 15598 15537 15711 15719 15643 15531 15466 15447 15475 15428 15413 15402 15406 15396 15383 15373 15358 15405 15466 15368 15339 15343 15349 15353 15376 15380 15361 15340 15291 15257 15252 15246 15240 15267 15266 15333 15384 15387 15391 15320 15313 15365 15464 15637 15688 15315 15344 15294 15241 15208 15217 15216 15224 15188 15179 15178 15180 15215 15287 15291 15339 15292 15218 15249 15284 15303 15354 15406 15474
15332 15389 15553 15580 15465 15496 15530 15533 15551 15514 15518 15534 15548 15683 15583 15560 15500 15476 15458 15448 15435 15435 15413 15396 15358 15347 15342 15351 15350 15363 15361 15369 15393 15418 15388 15369 15332 15309 15294 15259 15242 15239 15221 15256 15222 15186 15350 15363 15332 15314 15345 15342 15532 15304 15448 15435 15209 15221 15237 15235 15283 15225 15212 15233 15341 15427 15367 15343 15349 15321 15339 15338 15347 15364 15375 15457 15554
15735 15839 15770 15661 15533 15583 15580 15582 15576 15591 15559 15539 15588 15627 15612 15634 15585 15497 15498 15481 15479 15463 15429 15402 15342 15334 15346 15378 15367 15362 15376 15391 15390 15404 15406 15376 15369 15336 15333 15299 15291 15246 15243 15262 15236 15239 15327 15365 15394 15516 15503 15390 15312 15352 15425 15254 15207 15222 15202 15229 15282 15304 15252 15313 15334 15380 15326 15317 15324 15309 15439 15493 15393 15490 15507 15483 15613
15622 15715 15773 15675 15539 15583 15661 15690 15664 15660 15609 15584 15588 15592 15604 15616 15619 15574 15538 15531 15523 15490 15476 15437 15419 15388 15373 15374 15374 15361 15379 15397 15409 15417 15418 15400 15386 15364 15344 15334 15277 15274 15266 15261 15232 15225 15267 15330 15362 15379 15399 15343 15313 15275 15302 15301 15291 15268 15289 15268 15306 15351 15357 15462 15357 15426 15372 15380 15400 15474 15512 15554 15522 15580 15663 15633 15634
15422 15453 15496 15549 15591 15691 15757 15788 15836 15843 15787 15738 15683 15622 15623 15608 15614 15597 15569 15558 15529 15520 15506 15499 15475 15461 15437 15420 15409 15393 15387 15403 15405 15410 15423 15415 15406 15371 15366 15339 15306 15286 15275 15263 15244 15231 15251 15306 15339 15364 15395 15405 15317 15330 15276 15296 15332 15389 15394 15410 15371 15289 15343 15498 15429 15414 15447 15445 15539 15541 15541 15599 15632 15591 15686 15736 15737
15464 15494 15515 15549 15639 15741 15850 15966 16002 16150 16170 16092 15966 15840 15702 15599 15600 15586 15566 15559 15562 15565 15557 15553 15549 15526 15511 15476 15435 15426 15420 15422 15431 15457 15466 15466 15459 15454 15433 15369 15318 15314 15304 15281 15249 15240 15264 15338 15352 15367 15461 15459 15295 15320 15371 15410 15389 15506 15478 15429 15382 15380 15400 15517 15508 15461 15508 15522 15623 15645 15680 15706 15686 15717 15784 15884 15948
15523 15552 15555 15676 16062 16405 16197 16182 16080 16574 16747 16784 16662 16151 15848 15696 15633 15618 15589 15579 15578 15580 15573 15577 15579 15561 15517 15517 15504 15458 15457 15455 15447 15451 15459 15462 15520 15471 15451 15414 15376 15358 15340 15320 15314 15296 15275 15333 15351 15387 15432 15480 15336 15332 15368 15383 15483 15496 15486 15487 15421 15481 15495 15470 15524 15597 15560 15666 15617 15694 15667 15686 15749 15785 15956 15987 16094
15509 15596 15719 15960 16337 16462 15868 14750 14600 14719 15260 16408 16828 16687 16118 15847 15706 15623 15618 15618 15628 15652 15620 15605 15607 15587 15569 15529 15513 15511 15506 15524 15485 15464 15479 15488 15516 15462 15449 15438 15467 15392 15376 15332 15328 15309 15309 15330 15367 15390 15436 15466 15393 15331 15370 15413 15475 15464 15484 15527 15608 15544 15512 15523 15555 15618 15566 15681 15728 15742 15686 15776 15821 15882 16017 16070 16155
15534 15657 15838 16129 16559 15531 14673 14695 14675 14547 14638 14986 16537 16703 16258 15914 15741 15624 15617 15637 15692 15662 15708 15639 15606 15585 15582 15541 15521 15513 15519 15532 15539 15504 15497 15501 15524 15480 15472 15471 15456 15401 15391 15411 15391 15346 15336 15324 15377 15424 15472 15506 15423 15383 15389 15448 15501 15552 15560 15559 15608 15636 15616 15571 15496 15537 15524 15726 15754 15866 15837 15788 15890 16016 16021 16171 16283
15604 15708 15919 16243 16728 15601 14664 14593 14611 14622 14594 14814 16389 16599 16309 15884 15851 15704 15665 15666 15681 15725 15686 15653 15626 15597 15580 15556 15553 15542 15561 15579 15588 15529 15515 15503 15552 15521 15496 15487 15463 15420 15427 15439 15442 15400 15344 15348 15397 15451 15485 15535 15510 15504 15473 15497 15566 15603 15618 15601 15607 15518 15654 15968 15933 15901 15931 15839 15879 16036 15943 15930 15963 16097 16220 16230 16268
15591 15732 15943 16210 16690 16025 14662 14574 14749 14755 14698 15438 16953 16805 16353 15811 15758 15741 15745 15682 15693 15661 15656 15645 15623 15605 15596 15584 15580 15581 15622 15603 15608 15556 15540 15533 15550 15565 15509 15500 15533 15508 15441 15455 15492 15471 15461 15426 15418 15527 15605 15615 15592 15526 15530 15565 15625 15596 15603 15768 15791 15779 15687 15649 15700 15806 15928 15976 15896 15910 15967 15930 16076 16059 16192 16229 16509
15585 15721 15766 16043 16349 16453 16435 16364 16347 16511 16675 16767 16903 16496 16059 15784 15754 15759 15795 15756 15653 15653 15653 15650 15623 15603 15605 15587 15611 15642 15653 15661 15637 15583 15571 15575 15607 15577 15542 15514 15528 15525 15519 15515 15455 15423 15428 15499 15488 15474 15566 15658 15674 15661 15590 15594 15624 15679 15748 15769 15748 15715 15717 15741 15778 15848 15847 15907 16013 16004 16022 16093 16242 16285 16361 16394 16450
15557 15603 15651 15688 15884 16269 16472 16639 16826 16871 16803 16648 16259 15939 15847 15767 15747 15778 15765 15713 15680 15671 15654 15645 15628 15599 15588 15579 15605 15622 15630 15623 15627 15632 15610 15601 15594 15573 15565 15547 15553 15541 15525 15510 15513 15507 15570 15559 15503 15525 15540 15607 15685 15726 15662 15707 15739 15649 15652 15690 15663 15721 15810 15819 15828 15917 15977 15971 15995 16140 16158 16252 16335 16379 16405 16452 16423
15540 15581 15632 15670 15706 15762 15796 15912 15914 15978 16014 15927 15840 15790 15713 15693 15727 15796 15791 15735 15719 15707 15709 15675 15647 15621 15595 15598 15620 15679 15671 15648 15670 15655 15655 15649 15613 15598 15619 15575 15561 15546 15577 15506 15486 15483 15492 15512 15589 15622 15600 15544 15562 15669 15670 15780 15817 15706 15722 15729 15705 15773 15823 15815 15837 15900 15993 16162 16182 16216 16248 16360 16580 16641 16495 16753 16709
15560 15579 15602 15662 15706 15723 15744 15803 15768 15799 15746 15747 15710 15704 15706 15731 15747 15754 15781 15741 15760 15753 15728 15714 15670 15648 15621 15643 15666 15680 15685 15680 15722 15734 15728 15704 15644 15611 15589 15578 15550 15546 15599 15570 15560 15538 15514 15541 15493 15620 15650 15616 15578 15526 15667 15804 15899 15722 15796 15717 15710 15656 15745 15902 15885 15875 15975 16185 16274 16381 16473 16361 16622 16704 16671 16813 16750
15584 15614 15639 15672 15685 15702 15716 15751 15748 15738 15709 15681 15667 15668 15703 15747 15743 15751 15733 15739 15753 15727 15712 15678 15669 15656 15663 15690 15690 15734 15710 15710 15723 15746 15692 15666 15642 15610 15600 15561 15561 15539 15537 15545 15556 15575 15586 15632 15674 15765 15803 15802 15874 15860 15800 15958 15948 15862 15761 15749 15727 15726 15722 15816 15885 15973 15986 16152 16357 16450 16543 16397 16606 16617 16529 16594 16526
15621 15639 15661 15678 15682 15710 15731 15760 15766 15759 15784 15762 15739 15691 15719 15745 15756 15755 15730 15745 15736 15717 15707 15687 15684 15701 15710 15724 15747 15755 15755 15782 15776 15707 15689 15682 15656 15636 15621 15587 15560 15560 15565 15625 15635 15607 15589 15625 15618 15652 15753 15812 15922 15905 15825 15948 15955 15826 15827 15772 15729 15782 15782 15819 15925 16121 16256 16259 16339 16212 16331 16408 16424 16308 16229 16307 16353
15693 15690 15679 15667 15697 15732 15753 15763 15797 15788 15805 15790 15801 15724 15747 15784 15804 15810 15793 15747 15738 15731 15715 15689 15707 15669 15774 15790 15753 15766 15775 15771 15755 15750 15740 15715 15707 15673 15667 15664 15640 15618 15637 15677 15683 15695 15657 15659 15698 15673 15746 15706 15717 15726 15760 15711 15779 15982 15840 15854 15789 15738 15788 15859 16001 16499 16649 16435 16498 16561 16563 16420 16436 16321 16186 16298 16412
15734 15722 15758 15848 15872 15850 15773 15762 15776 15779 15772 15765 15761 15749 15758 15764 15857 15860 15773 15747 15780 15749 15756 15803 15795 15726 15743 15840 15833 15816 15844 15873 15827 15775 15769 15769 15723 15736 15730 15697 15663 15677 15665 15712 15775 15785 15719 15730 15732 15726 15795 15748 15729 15792 15764 15844 15845 15803 15794 15730 15805 15831 15793 15901 16124 16234 16012 15219 14903 16436 16720 16701 16631 16381 16361 16481 16543
15773 15769 15785 15860 15765 15759 15757 15776 15785 15790 15782 15782 15780 15760 15749 15782 15798 15799 15780 15800 15824 15838 15852 15883 15863 15882 15901 15898 15762 15833 15862 15917 15903 15865 15831 15826 15778 15771 15716 15692 15719 15810 15876 15860 15675 15781 15804 15775 15779 15773 15751 15762 15771 15749 15772 15804 15763 15801 15837 15869 15892 15943 16035 16144 16208 16366 16452 16553 16232 16619 16662 16680 16708 16741 16937 16999 17229
