Alternative/Moon/Lvl0_30x30/Ele_AL.asc
ncols         335
nrows         335
xllcorner     16807491.657
yllcorner     6672833.042
cellsize      10000
nodata_value  -9999.0
[rows 34 to 67 of 335, columns 0 to 75 of 335]
19177 19233 19235 19314 19331 19408 19513 19624 19717 19832 19885 19974 20052 20053 20102 20081 20123 20122 20082 20083 20081 20102 20159 20143 20174 20176 20170 20157 20170 20127 20089 20038 19990 19923 19878 19814 19759 19698 19637 19616 19536 19474 19402 19356 19308 19270 19239 19198 19170 19117 19063 19013 18993 18947 18935 18905 18907 18899 18884 18894 18901 18898 18912 18906 18939 18950 18962 18962 18959 18988 18982 18985 18988 19017 19061 19117
20084 20075 20032 20020 20110 20097 20129 20198 20269 20366 20451 20532 20609 20711 20780 20887 20900 20952 20990 21029 21054 21082 21093 21062 21110 21064 21056 20993 20925 20882 20837 20799 20686 20625 20523 20484 20386 20424 20280 20257 20289 20287 20186 20159 20208 20231 20015 20056 20019 19821 19897 19665 19685 19547 19486 19531 19383 19410 19357 19321 19330 19343 19366 19257 19434 19179 19196 19116 19111 19099 19088 19081 19111 19188 19150 19215
22071 22132 22109 22069 22060 22031 21998 21986 21998 21970 21990 21961 21950 21941 21928 21958 21970 21891 22015 21995 22034 22050 22081 22072 22108 22115 22138 22109 22162 22180 22169 22158 22153 22136 22122 22107 22107 22029 22045 22000 21975 21903 21850 21745 21686 21583 21531 21468 21473 21508 21548 21550 21555 21557 21595 21513 21567 21505 21484 21431 21396 21427 21379 21327 21329 21281 21240 21203 21170 21162 21130 21147 21142 21133 21184 21196
22580 22521 22453 22410 22344 22266 22175 22108 21978 21930 21836 21767 21729 21692 21574 21507 21539 21516 21442 21402 21437 21513 21519 21492 21584 21682 21838 21813 21790 21925 21979 22058 22073 22119 22130 22111 22101 22070 22043 21994 21951 21890 21774 21682 21617 21561 21528 21552 21575 21646 21712 21789 21796 21844 21834 21775 21787 21748 21720 21730 21736 21727 21702 21656 21627 21577 21537 21442 21431 21401 21342 21279 21233 21156 21137 21097
21879 21821 21696 21618 21464 21342 21262 21091 20962 20829 20680 20527 20425 20339 20271 20270 20270 20248 20194 20202 20207 20206 20243 20273 20284 20375 20427 20524 20657 20764 20892 20988 21036 21098 21093 21104 21071 21044 20999 21020 20974 20845 20826 20800 20750 20716 20676 20676 20734 20648 20635 20677 20646 20588 20623 20585 20538 20502 20500 20582 20492 20507 20546 20571 20619 20665 20688 20704 20746 20784 20800 20836 20843 20856 20850 20829
19849 19787 19740 19667 19611 19566 19597 19620 19589 19635 19608 19691 19658 19614 19614 19633 19677 19585 19608 19625 19673 19596 19647 19614 19687 19614 19587 19630 19657 19761 19650 19559 19534 19516 19512 19485 19420 19470 19330 19310 19277 19268 19301 19248 19344 19329 19349 19395 19392 19396 19419 19424 19457 19400 19451 19473 19518 19539 19560 19593 19598 19600 19636 19594 19597 19641 19625 19668 19651 19661 19641 19640 19628 19729 19742 19811
18872 18831 18804 18763 18765 18776 18769 18758 18755 18750 18720 18716 18700 18693 18701 18708 18688 18688 18688 18659 18644 18635 18602 18613 18586 18546 18506 18470 18452 18386 18357 18331 18313 18363 18238 18201 18194 18186 18151 18154 18137 18168 18120 18124 18123 18118 18164 18205 18162 18219 18229 18241 18286 18296 18328 18353 18359 18396 18421 18466 18492 18506 18538 18552 18593 18619 18646 18705 18724 18801 18809 18860 18853 18878 18912 18862
17891 17907 17919 17928 17926 17930 17923 17918 17947 17942 17960 18010 18013 18022 18017 18009 17983 17975 17955 17944 17930 17937 17933 17923 17911 17879 17862 17873 17868 17864 17849 17856 17830 17848 17841 17845 17857 17867 17861 17863 17859 17851 17839 17831 17822 17801 17776 17772 17782 17793 17792 17806 17821 17827 17849 17871 17883 17904 17916 17903 17914 17895 17912 17903 17900 17897 17892 17927 17942 17969 18032 18070 18116 18154 18208 18208
17797 17794 17799 17794 17790 17783 17770 17771 17723 17735 17744 17774 17788 17823 17872 17882 17883 17876 17872 17882 17862 17863 17865 17852 17842 17849 17871 17877 17878 17873 17863 17856 17841 17844 17859 17877 17904 17927 17922 17922 17919 17905 17886 17888 17868 17863 17843 17827 17821 17812 17796 17802 17813 17829 17859 17873 17878 17876 17868 17845 17921 17866 17874 17913 17911 17897 17868 17860 17853 17812 17776 17772 17770 17764 17772 17772
17972 17965 17960 17960 17933 17912 17898 17887 17893 17888 17890 17878 17864 17854 17825 17793 17759 17752 17765 17782 17774 17785 17790 17773 17757 17753 17755 17755 17772 17770 17778 17787 17798 17822 17853 17885 17905 17931 17943 17947 17929 17918 17916 17904 17886 17866 17836 17810 17812 17826 17816 17801 17795 17775 17737 17640 17610 17501 17471 17515 17498 17504 17540 17605 17660 17768 17795 17850 17886 17888 17892 17888 17869 17850 17820 17793
18184 18232 18244 18265 18242 18277 18294 18294 18253 18241 18188 18149 18101 18051 18038 18001 17953 17961 17923 17879 17855 17830 17857 17862 17857 17866 17883 17882 17873 17844 17845 17882 17891 17868 17867 17854 17850 17842 17789 17724 17679 17713 17761 17796 17828 17870 17880 17861 17859 17891 17832 17853 17878 17898 17917 17912 17928 17946 17972 17949 17932 17899 17904 17904 17913 17921 17923 17923 17930 17931 17924 17910 17894 17883 17861 17848
18439 18422 18453 18511 18531 18559 18565 18553 18516 18489 18445 18421 18384 18386 18418 18430 18412 18379 18404 18435 18442 18410 18359 18284 18227 18118 18033 17974 17980 18045 18015 18040 18032 18038 17993 17969 17956 17965 17978 17963 17968 17941 17920 17896 17882 17869 17875 17886 17893 17877 17875 17898 17933 17976 18006 18059 18081 18112 18109 18095 18135 18114 18081 18090 18060 18069 18070 18030 18030 18047 18031 18039 18036 18020 17986 17972
18814 18785 18768 18783 18775 18780 18759 18732 18698 18692 18650 18637 18624 18577 18656 18654 18635 18697 18675 18685 18746 18707 18699 18686 18677 18669 18635 18638 18587 18563 18525 18492 18449 18457 18402 18354 18324 18272 18252 18237 18240 18271 18259 18257 18261 18259 18269 18269 18277 18289 18294 18324 18326 18318 18303 18296 18290 18293 18281 18273 18274 18269 18304 18243 18243 18247 18244 18237 18230 18221 18198 18182 18181 18133 18099 18099
19296 19272 19258 19306 19295 19259 19240 19275 19303 19210 19186 19198 19118 18968 18916 18892 18976 18880 18890 18897 18899 18910 18903 18930 18976 18933 19045 19010 18980 19136 19086 19029 19085 19017 18980 18996 18990 18920 18889 18906 18860 18939 18901 18881 18856 18862 18783 18802 18770 18723 18710 18684 18656 18648 18653 18681 18579 18548 18514 18508 18625 18437 18437 18387 18372 18391 18402 18402 18433 18457 18485 18493 18494 18481 18437 18398
20042 20071 20037 20032 20077 20098 20078 20148 20114 20097 20067 20087 20008 20038 20033 20029 20094 20048 19993 20006 20019 20039 20103 20124 20107 20204 20155 20179 20251 20310 20312 20324 20227 20239 20244 20264 20248 20191 20183 20184 20161 20049 20057 19974 19830 19771 19708 19618 19700 19627 19657 19575 19522 19467 19402 19243 19194 19134 19089 19133 19123 19203 19178 19148 19134 19090 19060 19010 18967 18904 18856 18802 18786 18760 18721 18686
20507 20523 20532 20542 20546 20563 20578 20611 20653 20690 20710 20733 20743 20721 20697 20649 20614 20568 20551 20495 20497 20466 20446 20458 20468 20522 20559 20578 20588 20613 20626 20623 20600 20602 20578 20534 20494 20447 20421 20371 20323 20268 20203 20148 20082 20035 19987 19984 20056 20120 20127 20055 20045 19986 19958 19907 19890 19946 19985 20038 20060 20053 20018 19962 19886 19768 19697 19613 19594 19492 19411 19323 19276 19203 19136 19084
19999 20051 19962 20053 20060 20096 20220 20149 20183 20088 20155 20017 20091 19970 19990 19913 19853 19869 19784 19710 19715 19716 19600 19577 19572 19542 19554 19558 19565 19536 19641 19582 19582 19549 19584 19558 19619 19635 19671 19632 19720 19681 19718 19782 19823 19896 19967 20058 20198 20245 20246 20263 20276 20287 20303 20290 20321 20321 20351 20413 20445 20460 20456 20432 20398 20315 20325 20314 20143 20136 20055 19929 19895 19865 19898 19989
18347 18154 18043 17986 17935 17932 17973 17817 17857 17813 17784 17771 17756 17795 17822 17743 17758 17980 17860 17842 17949 17921 17948 17995 17978 18001 18001 17965 17914 17927 17969 17899 17906 17952 17983 18069 18102 18190 18320 18394 18395 18457 18512 18550 18669 18724 18840 19044 19070 19139 19234 19448 19471 19548 19698 19787 19822 19952 20025 20107 20177 20235 20217 20280 20373 20323 20337 20397 20382 20379 20417 20443 20493 20568 20620 20665
16944 16832 16828 16780 16775 16759 16730 16676 16760 16552 16505 16419 16399 16334 16285 16299 16270 16264 16306 16345 16460 16262 16316 16381 16375 16508 16510 16477 16596 16560 16601 16740 16826 16920 17048 17118 17241 17313 17420 17575 17592 17649 17778 17823 17887 18017 17950 17995 18061 18149 18126 18170 18216 18251 18285 18323 18330 18430 18499 18461 18530 18567 18613 18654 18727 18730 18807 18902 18988 19215 19258 19455 19703 19724 19859 20022
15064 15094 15037 15029 15014 15029 15092 14978 15052 14936 15001 14968 14959 14971 15002 15017 15048 15013 15003 14984 14999 15015 15063 15134 15196 15274 15329 15456 15573 15658 15791 15885 16039 16069 16133 16225 16236 16333 16379 16507 16541 16648 16823 16833 16914 17032 17121 17201 17279 17352 17413 17509 17666 17673 17744 17781 17798 17818 17843 17795 17779 17948 17905 18010 18044 18143 18223 18264 18326 18326 18375 18477 18488 18558 18553 18608
14457 14458 14476 14475 14491 14500 14508 14520 14519 14558 14573 14596 14611 14620 14655 14712 14714 14778 14795 14809 14854 14884 14918 14950 14986 15037 15095 15146 15184 15199 15204 15227 15227 15326 15290 15304 15349 15440 15401 15410 15466 15493 15495 15603 15616 15805 15726 15843 15978 16021 16126 16302 16341 16554 16745 16898 17069 17086 17188 17408 17502 17608 17674 17703 17697 17690 17685 17673 17659 17673 17772 17694 17722 18600 17793 17814
14741 14763 14778 14713 14698 14694 14666 14678 14686 14721 14712 14691 14664 14650 14635 14614 14625 14657 14687 14693 14679 14641 14635 14631 14653 14680 14699 14749 14767 14784 14784 14757 14741 14723 14707 14668 14659 14656 14658 14669 14694 14712 14729 14749 14752 14784 14851 14823 14912 15126 15099 15219 15404 15500 15657 15778 15922 16075 16152 16274 16392 16591 16770 16845 17047 17061 17123 17171 17184 17203 17136 17154 17102 18105 17072 17120
15165 15162 15155 15116 15068 15016 14897 14826 14764 14753 14742 14709 14662 14639 14632 14622 14613 14589 14575 14560 14553 14543 14541 14561 14578 14610 14632 14658 14695 14716 14728 14712 14697 14666 14646 14618 14642 14639 14626 14612 14601 14586 14577 14572 14558 14525 14484 14461 14443 14447 14521 14602 14700 14801 14954 15049 15162 15379 15535 15603 15799 15930 16184 16280 16417 16551 16683 16775 16847 16910 16962 17019 17052 17099 17131 17145
14644 14536 14377 14345 14293 14223 14266 14362 14406 14503 14568 14565 14583 14595 14595 14600 14601 14613 14613 14600 14572 14571 14562 14582 14555 14546 14538 14579 14588 14579 14585 14612 14657 14718 14721 14767 14788 14827 14834 14836 14842 14807 14772 14741 14748 14758 14763 14772 14822 14820 14858 14915 14932 14993 15047 15098 15144 15234 15301 15379 15507 15645 15781 15912 16015 16140 16306 16384 16525 16614 16777 16973 17064 17257 17437 17590
14244 14220 14215 14203 14211 14236 14258 14306 14356 14398 14418 14424 14421 14429 14447 14471 14518 14588 14632 14666 14688 14711 14733 14775 14774 14768 14737 14719 14706 14710 14720 14735 14763 14801 14848 14901 14957 14989 15042 15090 15105 15099 15068 15038 15019 15030 15024 15014 15012 15026 15051 15079 15111 15162 15227 15286 15351 15444 15548 15679 15807 15897 16009 16179 16290 16418 16538 16684 16788 16940 17095 17225 17336 17483 17607 17718
14535 14466 14504 14531 14560 14569 14572 14497 14481 14465 14549 14467 14499 14454 14476 14436 14452 14423 14454 14485 14506 14545 14585 14588 14588 14605 14592 14622 14666 14718 14762 14796 14841 14883 14928 14946 14966 15006 15055 15097 15108 15104 15105 15112 15113 15137 15173 15172 15189 15240 15287 15316 15359 15439 15502 15648 15685 15732 15905 16020 16119 16255 16370 16498 16579 16711 16833 16912 17039 17163 17277 17434 17450 17543 17625 17682
14739 14812 14956 15068 15050 15084 15109 15113 15129 15165 15231 15282 15307 15303 15306 15264 15222 15222 15136 15062 15032 14993 15053 15079 15109 15094 15111 15101 15086 15091 15108 15152 15168 15230 15241 15245 15251 15216 15180 15162 15164 15180 15218 15284 15362 15420 15414 15457 15495 15521 15532 15535 15572 15632 15703 15808 15907 16087 16136 16257 16355 16484 16609 16747 16841 16983 17091 17190 17267 17383 17422 17550 17595 17616 17618 17633
15878 15875 15903 15988 15833 15841 15876 15879 15853 15854 15980 15975 16001 16006 15993 15886 15911 15809 15767 15714 15653 15573 15550 15553 15608 15713 15788 15786 15773 15854 15794 15791 15834 15898 16092 15895 15850 15882 15807 15810 15803 15851 15925 16003 16071 16085 16152 16212 16255 16239 16322 16447 16438 16517 16594 16677 16740 16989 16934 17060 17145 17219 17284 17352 17370 17451 17514 17574 17602 17591 17594 17578 17579 17572 17559 17548
16930 16932 16918 16895 16869 16804 16770 16760 16745 16751 16700 16703 16643 16604 16569 16620 16598 16586 16666 16649 16664 16694 16775 16775 16805 16836 17098 16983 17027 17086 17060 16942 16946 16965 16966 16887 16895 16899 16887 16931 16864 16812 16851 16872 16921 17005 17452 17327 17220 17224 17318 17452 17518 17643 17650 17746 17839 17935 17891 17945 17944 18020 18059 18063 18123 18239 18283 18341 18369 18360 18308 18223 18159 18150 18129 18180
18210 18104 18070 17922 17762 17943 18092 17795 17896 17849 17898 18009 17975 18079 17971 17826 18477 17913 18040 17966 17973 18023 18051 18151 18160 18130 18085 18024 18107 18079 17982 18131 18150 18248 18397 18502 18567 18698 18716 18688 18691 18766 18732 18729 18821 18727 18952 19022 19118 19100 19211 19338 19233 19322 19248 19275 19296 19263 19482 19390 19448 19374 19367 19409 19380 19380 19320 19255 19148 19057 18922 18799 18733 18646 18548 18483
20798 20790 20773 20733 20773 20760 20729 20745 20823 20717 20831 20831 20760 20826 20723 21005 20743 20766 20619 20735 20527 20687 20555 20388 20408 20271 20300 20169 20408 20136 20132 20138 20122 20050 20011 20057 19971 20057 19952 19980 20043 20245 20169 20251 20370 20427 20518 20557 20564 20592 20557 20529 20505 20480 20452 20416 20402 20345 20278 20173 20125 20072 20015 19987 19954 19901 19811 19684 19541 19396 19241 19061 18899 18748 18588 18496
21357 21367 21411 21455 21494 21498 21503 21443 21405 21375 21361 21350 21381 21361 21370 21350 21293 21330 21290 21237 21180 21090 21098 21050 21018 20908 20899 20825 20809 20770 20769 20761 20735 20742 20770 20786 20780 20756 20735 20722 20690 20654 20646 20595 20601 20640 20631 20667 20645 20631 20572 20542 20500 20444 20390 20354 20343 20248 20118 20041 19957 19861 19915 19785 19739 19678 19606 19514 19432 19339 19249 19138 19070 18985 18908 18872
20602 20601 20629 20646 20609 20614 20653 20648 20713 20775 20800 20767 20781 20850 20878 20875 20854 20840 20853 20866 20886 20866 20870 20834 20781 20829 20741 20682 20650 20614 20596 20554 20542 20530 20519 20512 20488 20414 20364 20318 20307 20301 20281 20211 20180 20096 20051 19960 19847 19824 19704 19690 19614 19634 19675 19728 19764 19756 19729 19686 19613 19500 19375 19299 19257 19150 19111 19009 18928 18793 18698 18612 18569 18634 18562 18551
19130 19190 19310 19422 19542 19753 19848 19976 20059 20173 20287 20334 20387 20443 20445 20434 20451 20455 20458 20461 20480 20508 20513 20522 20533 20545 20523 20522 20538 20551 20578 20559 20529 20484 20487 20481 20490 20441 20376 20331 20338 20346 20308 20270 20229 20132 20048 19957 19826 19732 19649 19585 19482 19404 19331 19276 19263 19240 19181 19100 19012 18948 18894 18770 18701 18645 18620 18609 18612 18646 18692 18691 18682 18648 18676 18671
