Alternative/Moon/Lvl0_30x30/Ele_EC.asc
ncols         335
nrows         335
xllcorner     -13342508.343
yllcorner     -6727166.958
cellsize      10000
nodata_value  -9999.0
[rows 136 to 169 of 335, columns 154 to 230 of 335]
25352 25370 25616 26107 26684 26731 26916 27158 26819 26734 26229 25635 25652 25387 24917 25095 25056 24998 24446 23875 24065 24499 24671 25063 25089 24938 24472 24784 24883 24591 24298 23619 23418 23154 22645 22806 22756 22580 22384 22518 22153 22198 22372 22627 22628 22652 22919 22986 23069 23089 23321 23434 23598 23573 23625 23156 22572 22302 22511 22761 22894 22763 22526 22135 21449 21467 20916 20800 21326 21529 21559 21617 21879 22296 22262 22816 23621
26092 26097 26170 26275 26980 27042 26999 26841 26271 25685 25602 25291 25311 25019 25032 25096 25132 24986 24347 23939 24038 24400 24522 24958 25220 25193 24791 24802 24908 24682 24441 23636 23672 23490 22597 22973 22927 22556 22677 22997 22509 22174 22448 22620 22668 22674 23009 23106 23242 23396 23545 23670 23698 23708 23477 22457 22125 22706 22778 22736 22885 22321 22206 21646 21244 21249 20859 21123 21416 21649 21610 21518 21960 22273 22349 22586 23595
26934 26908 26601 27015 27704 27658 27546 26301 25728 25332 25487 25439 25189 24995 25167 25270 25252 24764 24534 24224 24011 24151 24645 24856 24753 24682 24529 24241 24208 24271 24048 23754 23730 23661 23166 23379 23015 22309 22436 22742 22432 22410 22538 22699 22680 23002 23149 23360 23490 23610 23600 23608 23530 23561 23362 22364 22915 22994 22878 22504 22294 21687 21382 21315 21287 20835 21173 21255 21410 21470 21492 21316 21944 22287 22302 22737 22867
27608 27514 26883 27161 27788 27708 27483 26183 25217 25411 25673 25559 25165 25237 25288 25367 25358 24975 24877 24337 24047 24036 24435 24453 24507 24396 24088 23662 23852 24060 23891 23653 23665 23512 23296 23535 23136 22730 22436 22634 22420 22407 22529 22697 22876 23088 23183 23445 23562 23646 23682 23865 23971 23720 23151 23144 23296 23251 22879 22096 21610 21141 21592 21894 21593 21170 21278 21199 21433 21601 21339 21126 21544 21947 22226 22648 22776
27624 27273 26940 26799 27183 27326 26878 25861 25204 25207 25382 25348 25271 25616 25840 25756 25461 25106 24945 24491 24261 24103 24078 24200 24188 24142 24011 23567 23793 23911 23763 23872 23791 23485 23331 23256 23221 22788 22547 22513 22251 22112 22226 22605 22854 22854 22954 23237 23436 23564 23639 23922 24377 23933 23447 23287 23323 23172 22424 21827 20978 21056 21432 21961 21490 20952 20998 20931 21670 21805 21504 20867 20790 20977 21533 22346 22864
26946 26501 26355 26537 26773 26815 26264 25466 24712 24753 24975 25288 25581 25972 26201 26035 25677 25443 24793 24440 24352 24227 24136 24307 24309 23986 23878 23453 23679 23810 23762 23892 23965 23659 23109 23113 23103 22643 22624 22113 22146 22170 22403 22578 22634 22735 22838 22904 23323 23535 23498 23815 24281 23849 23517 23333 23399 23148 22204 21513 21051 21127 21076 20857 20042 20043 20486 20817 21670 21795 21521 21183 21085 21201 21552 22552 22908
25935 25933 25794 26418 26667 26806 25928 24871 24469 24431 24958 25267 25589 25932 26091 26055 25814 25485 25072 24619 24565 24676 24512 24608 24190 23781 23623 23423 23555 23569 23667 23837 24045 23799 23144 22893 23040 22670 22414 22457 22308 22226 22284 22629 22604 22720 22825 22932 23244 23349 23243 23267 23701 23493 23454 23172 23139 22817 22222 21278 20994 21018 20781 19475 20029 20908 20651 20212 21675 22401 22663 22656 22375 21723 21994 22937 23142
25139 25217 25919 26424 26677 26722 26015 24855 24437 24457 25074 25169 25720 26101 26180 25931 25866 25687 25467 24986 24952 25062 24776 24737 23960 23691 23337 23177 23269 23210 23509 23780 23748 23673 22988 22719 22671 22731 22436 22511 22386 22317 22200 22351 22543 22699 22743 22895 23150 23099 22752 22716 23260 23067 22975 22984 22783 22329 21947 21482 20724 20615 19834 19755 20928 21572 21316 21093 22159 22658 23122 23258 23005 22134 22788 23075 23755
25712 25883 26217 26085 25472 25364 25354 24603 24557 24969 25825 25820 25859 26285 26327 26321 26021 25838 25521 25115 25069 25200 25121 24635 23860 23508 23320 22933 22965 23086 23456 23591 23482 23219 22924 22426 22757 22549 22583 22519 22383 22213 21599 22113 22436 22504 22526 22481 22790 22728 22275 22497 23119 23122 23053 22962 22693 22020 21647 21434 20750 20644 19881 20975 22298 22565 22195 21775 22552 22581 22798 23160 23078 22862 23210 23221 23831
26098 26338 26338 26080 24842 24741 24816 24532 24539 25086 26018 26019 26107 26553 26452 26340 25952 25654 25212 24916 24928 25078 25049 24565 23883 23612 23261 22605 22697 22946 23466 23793 23672 23137 22708 22766 22820 22349 22584 22426 22045 21564 21162 21926 22146 22321 22267 22158 22593 22525 21915 22324 22497 22959 22959 22879 22683 21978 21607 21388 20564 20484 21004 22032 23391 23522 22487 21913 22515 22651 22829 23012 23364 23341 23020 22790 23276
26079 26322 26134 25468 24462 24351 24475 24413 24636 25059 25796 26114 26135 26431 26398 25926 24913 24150 23517 23784 24015 24461 24780 24509 23764 23533 23125 22680 22642 22842 23500 23721 23555 23072 23156 22955 22698 22607 22612 22351 22214 22177 21865 21730 21669 21816 21696 21842 22292 22196 22040 22522 22675 22692 22769 22826 22506 21980 21647 21166 20951 20801 21784 22677 23597 23698 22632 21743 22484 22577 22449 22716 23072 23118 23116 22968 23305
25633 25669 25044 24511 24114 24179 24152 24592 24803 25298 25813 25951 26097 26257 25962 25002 23593 22598 22065 22375 22763 23458 24200 24180 23741 23270 22685 22666 22618 22861 23370 23292 22852 22778 23455 23171 22776 22873 22700 22232 22337 22278 22100 21790 21592 21649 21627 21751 21963 21936 22043 22495 22698 22777 22727 22602 22148 22144 22072 21510 21190 21526 21853 22650 23212 23132 22473 21838 22088 22090 22321 22167 21923 22528 23161 23025 23070
25794 25828 25146 24239 24234 23904 24235 24573 25138 25484 25851 25932 25883 25947 25351 24132 23194 22327 21916 22020 21950 22320 23156 23539 23458 22929 22764 22864 22675 22828 23028 22882 22641 22995 22984 22647 22665 22713 22555 22447 22481 22329 22042 21885 21645 21628 21577 21492 21427 22097 22574 22711 22753 22771 22788 22445 22345 22303 22354 21565 21135 21301 21598 22680 23087 23049 22246 21989 22202 22238 22289 22316 22249 22238 22919 22868 22583
26041 25843 25140 24092 23940 23997 24299 24549 25183 25477 25602 25815 25363 25466 24909 24308 23832 23498 23197 23218 22860 22142 22652 23005 22999 22677 23043 23011 22696 22837 22890 22940 22977 23095 22822 22023 22040 21976 22297 22460 22479 22208 21888 21842 21521 21473 21316 21496 21827 22226 22601 22669 22527 22644 22760 22300 22366 22332 22456 21132 21043 21220 21974 22679 22757 22530 22239 22194 22379 22475 22387 22353 22343 22405 22570 22574 22352
25766 25705 25128 24595 24325 24469 24522 24593 24684 24878 25063 25049 24872 24907 24636 24568 24535 24707 24609 24038 22989 22440 21881 22209 22548 22789 23128 22962 22519 22708 22706 22889 23101 23056 22190 21674 21415 21736 22087 22269 22191 21979 21736 21536 21222 21217 21201 21388 21810 22315 22383 22312 22371 22485 22365 21981 22179 22308 22238 21227 21391 21508 21912 22308 22358 22277 21974 22095 22360 22489 22831 22818 22675 22726 22813 22542 22219
25590 25152 24980 24890 24549 24433 24468 24355 24365 24322 24349 24302 24187 24164 23948 23969 24114 24361 24264 23768 23082 22666 21845 22340 22678 23008 23129 22588 22204 22819 23137 23166 23070 22576 22143 21739 21663 21655 22032 22080 21948 21693 21459 21416 21066 21063 21074 21257 21404 22148 22158 22063 22123 22190 21957 21762 22335 22213 21369 21707 22231 22268 22081 22389 22260 21683 21688 21766 22101 22274 22834 22623 21407 22213 22557 22272 22386
25311 25005 24450 24418 24113 24171 24113 23707 23376 23487 23290 23026 22677 23303 23232 23080 22883 23078 23100 23013 22718 22609 22110 22276 22753 23182 23546 23333 22886 23225 23487 23387 22262 22239 21951 21762 21542 21416 21999 22130 21892 21503 21419 21172 21075 21169 21088 21267 21312 21794 21888 21870 21892 22043 21867 21744 22192 21765 21877 22492 22449 22265 22065 22710 22952 22809 21669 21540 21726 21784 22390 21732 20482 21088 21831 22036 22202
24575 24333 24035 23922 23835 24218 24449 23785 23682 23503 23526 23116 22559 22882 23054 22380 22563 22591 22596 22687 22605 22240 22252 22514 22853 23295 23690 23467 22909 23276 23435 22972 22369 22330 21952 21486 20768 21054 21755 21921 21964 21666 21337 21204 21179 21232 21072 20969 20967 21385 21257 21704 21726 21878 21657 21632 21630 21541 21894 22491 22438 22214 22013 22747 23087 23060 22004 21145 21181 21173 21296 21319 20644 20749 20795 21436 21635
24065 23642 23934 24246 24170 24156 24346 24551 24270 23724 23543 23574 23419 22974 22607 22628 22505 22442 22372 22468 22514 22076 22392 22414 22700 23191 23552 23091 23174 23386 23007 22572 22480 22026 21915 21309 20594 20811 21356 21889 21941 21724 21341 21251 21320 21351 20945 20711 21132 21227 21275 21339 21396 21445 21529 21769 21423 22165 22392 22397 22281 22296 21596 21980 22542 22572 21993 20916 21115 21016 20564 20557 20170 20131 20440 21110 21656
24455 24453 24763 24907 24967 24856 24405 24315 24004 23111 23244 23433 23303 22597 22698 22699 22853 22782 22570 22434 22390 22160 22163 22337 22559 22887 23084 23045 23300 23348 22652 22751 22395 21928 21857 21769 21575 21393 21629 21795 21762 21587 21276 21166 21394 21409 20962 20799 21385 21373 21436 21526 21453 21422 21420 21330 21503 22265 22448 22358 21821 21441 21089 20736 21514 21823 21387 20437 20613 20846 20878 20742 20256 20244 20667 21785 22264
24637 24791 24769 24783 24848 24753 24143 23556 23221 22588 22288 22348 22189 22234 22125 22521 22809 22796 22737 22518 22360 22351 22203 22165 22678 23087 23062 23003 23283 23323 22792 22334 21848 21955 22306 22238 22172 21796 21656 21604 21611 21439 21258 21216 21407 21283 21163 21099 21411 21393 21312 21483 21488 21623 21625 21533 21572 22057 22124 21875 21333 20836 20475 20652 21377 21399 20835 20663 20447 20435 20332 20162 20113 20102 21205 22150 22580
24168 24115 24209 23876 23739 23409 23236 22856 22458 21819 21279 21236 21051 21081 20936 21345 21708 22161 22461 22543 22296 22354 22374 22174 22836 23100 23121 22931 22792 22399 22281 21978 21667 22038 22317 22224 22057 21783 21514 21531 21622 21355 21326 21382 21461 21379 21197 20932 21311 21440 21600 21470 21646 21686 21572 21538 21509 21775 21720 21964 21357 20797 20271 21005 21418 21432 21009 21089 21040 20927 20722 20634 20128 20633 21816 22757 23053
24564 24003 24117 23492 22347 21773 21983 22011 21574 21172 21201 21126 21160 21070 20974 21005 20934 21196 21887 22370 22293 22555 22627 22170 22598 23043 22973 22749 22531 22180 21993 21436 21577 22032 22041 21825 21813 21560 21561 21645 21492 21365 21364 21432 21403 21407 21102 21097 21399 21643 21658 21644 21683 21662 21595 21671 21415 21552 21931 21892 21299 20742 20716 21974 22128 21676 21145 21252 21397 21362 21946 22057 21698 21401 22630 23778 23922
25212 23996 23295 21901 21313 21673 21981 21809 21754 21400 21173 21198 21113 21055 20989 20875 20912 20954 21006 21717 22406 22666 22667 22172 22381 22709 22537 22567 22587 21818 21406 21444 21428 21525 21587 21682 21755 20688 20632 21737 21584 21288 21427 21411 21413 21277 20962 21312 21605 21607 21590 21604 21697 21705 21495 21706 21482 21474 22048 22101 21883 21307 21602 22772 22834 22355 22391 22018 22501 22573 22369 22223 21843 22099 23317 23936 24070
24990 23681 22522 22037 21854 21751 21993 21937 21848 21510 21350 21443 21404 21439 21483 21090 21125 21072 21086 21027 22261 22669 22606 22651 22574 22486 22492 22562 22463 21931 21715 21282 21243 21289 21289 21435 21728 21680 21460 21575 21352 21352 21526 21424 21486 21184 20831 21130 21497 21407 21314 21541 21664 21647 21391 21391 21894 21890 21806 22091 22206 21815 22758 23441 23534 23029 22861 22674 22631 22666 22590 22522 22110 23335 24524 24866 24921
24970 23874 22692 22209 21889 21856 22125 22009 21792 21481 21526 21391 21303 21410 21549 21293 21161 21230 21143 20925 21888 22515 22554 22664 22561 22606 22467 22383 21930 21905 21618 20993 21171 21252 21222 21330 21368 21396 21252 21398 21181 21552 21676 21609 21491 21110 20944 20926 21124 21141 21248 21470 21622 21454 21153 21593 22006 21954 21598 22373 22893 22734 23221 23875 23705 23042 22913 22854 23006 23074 23518 23442 23364 24276 24837 25187 25276
25516 24359 23066 22105 21708 21803 21908 21739 21468 21417 21226 21330 21234 21232 21128 21196 21114 21070 20967 20872 21284 22121 22231 22175 22330 22322 22039 21742 21992 21788 21153 21197 21179 21208 21398 21386 21315 21239 21190 21110 21320 21542 21695 21586 21364 21088 21025 20699 20713 20933 21114 21277 21422 21102 21223 22052 22089 21701 21766 23036 23576 23502 23317 23713 23322 23622 23609 23792 24051 23784 24220 24245 24078 24291 24593 24869 24843
25524 24355 22726 21362 21381 21598 21889 21843 21659 21215 20856 21114 21242 21231 21252 21319 21239 21066 21009 21088 21123 21937 22117 22259 22244 22116 21995 21787 21645 21264 21292 21312 21297 21298 21477 21461 21359 21226 21244 21163 21306 21607 21734 21695 21303 21189 21047 20744 20663 20792 20831 20864 21067 20999 21490 22138 21944 21602 22590 23466 23508 23369 23414 23232 23658 23765 23879 23912 24303 24676 24959 25016 24788 24465 23922 24437 24418
25177 23905 22543 21403 21465 21527 21849 21787 21421 21059 20844 20673 20797 20918 20846 20993 21080 21036 20934 20984 21168 21960 22153 22259 22118 22118 22086 22145 21271 21268 21364 21381 21308 21339 21448 21395 21336 21320 21384 21253 21276 21753 21855 21708 21385 21183 20692 20705 20681 20667 20736 20821 21055 21009 21589 21949 21951 21903 23335 23597 23149 22988 23369 22972 23603 23735 23632 23880 24771 25310 25495 25462 25309 24450 24042 23837 23879
24492 23441 22326 21549 21379 21240 20937 21014 21089 20979 20777 20789 20663 20846 20811 20846 20991 21015 20879 20780 21449 21854 22084 22181 22140 22006 21990 21803 21379 21306 21362 21294 21394 21376 21462 21385 21330 21411 21354 21463 21359 21810 21946 21703 21416 21062 20706 20730 20675 20602 20594 20834 21046 20948 21591 21735 21718 22607 23309 23472 23356 23154 23179 23279 23265 23175 22890 23632 24801 25329 25484 25235 25054 24404 24119 23418 23906
23623 22877 21917 21989 21768 21248 20997 20972 20775 20803 20800 20751 20627 20646 20541 20662 20681 20670 20923 20958 21476 21793 22103 22221 22137 21714 21389 21374 21437 21334 21239 21362 21359 21439 21431 21438 21269 21268 21439 21477 21364 21505 21633 21560 21218 20816 20729 20774 20108 20149 20248 20834 20809 20972 21486 22236 22703 22734 22997 23426 23464 23272 23123 23316 23231 23190 23065 23328 24337 24791 24856 24616 24534 24263 23948 23255 23702
23316 22912 22496 22162 22171 21707 21359 21569 21336 21247 21217 21103 20923 20769 20673 20811 20727 21047 21135 21231 21390 21905 21931 22019 21909 21504 21176 21429 21284 21201 21230 21254 21198 21288 21425 21391 21257 21159 21417 21450 21284 21091 20886 20795 20777 20867 20702 20309 19942 19941 20219 20779 20781 20946 21634 22415 22734 22736 22625 22790 23120 23215 23100 23232 23099 23268 23246 23255 23908 24142 24077 24252 24201 23854 24026 23994 23842
22726 22570 22633 22862 23404 23168 22359 21744 21679 21625 21470 21325 21221 20914 20809 21199 21539 21612 21193 21195 21704 21915 21938 21923 22010 21738 21256 21297 21311 21264 21126 21168 21264 21294 21161 21188 21272 21275 21305 21720 21804 21806 21336 21092 20917 20797 20190 20106 20011 20088 19998 20427 20652 20966 21817 22217 22230 22074 22162 22246 22635 22641 22563 22772 22938 23172 23126 22998 23279 23459 24124 24154 24131 23958 24265 24520 24672
22437 22527 22334 23230 23656 23625 23243 22565 21951 21602 21488 21418 21215 21354 21808 21937 21773 21650 20866 21127 21898 22016 21968 22092 22292 21869 21354 21213 21300 21234 21191 21305 21324 21289 21194 21135 21294 21330 21205 21555 21931 21879 21425 21213 20907 20342 20590 20678 20367 20006 20677 21207 21406 21374 21628 21735 21502 21494 21577 21737 21678 21781 22190 22363 22298 22685 22977 22826 22738 22794 23453 23761 24124 24128 24347 24726 24761
