Alternative/Moon/Lvl0_30x30/Ele_EE.asc
ncols         335
nrows         335
xllcorner     -6642508.343
yllcorner     -6727166.958
cellsize      10000
nodata_value  -9999.0
[rows 204 to 237 of 335, columns 0 to 76 of 335]
22609 22645 22676 22710 22741 22771 22816 22823 22839 23302 23642 23359 23095 22865 23058 23115 22628 22418 22191 21874 21412 21572 21491 21460 21371 21474 21354 21476 21595 21839 22063 21547 20166 20102 21322 22026 21944 21921 21821 21686 21838 22185 22457 22632 22487 22538 22551 22492 22134 21942 21694 21435 21154 21100 21068 20637 20340 20323 20348 20372 20382 20314 20319 20383 20353 20340 20352 20626 20684 20390 20374 20438 20393 20207 20147 20050 20108
22565 22597 22634 22671 22709 22747 22779 22817 22845 23216 23728 23738 23397 22789 22985 23130 22717 22393 22314 22061 21794 21844 21780 21722 21742 21960 21960 21864 21778 21952 22155 21786 20517 20980 21990 22157 21648 21737 21812 21967 22132 22115 22041 21995 22116 22110 22118 22220 21914 21360 21155 21004 21085 20960 20793 20495 20269 20286 20307 20279 20260 20265 20313 20349 20346 20402 20334 20410 20365 20340 20318 20297 20268 20122 20087 20056 20033
22541 22565 22586 22626 22669 22719 22771 22804 22837 22917 23275 23509 23312 23119 22946 22901 22817 22427 22260 21914 21767 21760 21785 21808 21865 21868 21653 21879 21895 22107 22231 22265 22159 22238 22376 22364 22296 22045 21855 21616 21945 22029 22020 22026 22193 22216 22435 22379 21922 21553 21325 21007 20676 20513 20416 20306 20349 20330 20420 20242 20254 20235 20281 20337 20351 20349 20322 20294 20320 20243 20206 20247 20174 20058 20072 20073 20024
22500 22543 22578 22615 22656 22755 22821 22825 22853 22927 22942 23144 23208 23165 23071 22777 22793 22527 22263 21997 21772 21759 21800 22005 21949 22148 22248 22098 22065 22067 22102 22255 22306 22330 21394 21178 22070 22168 22202 22238 22101 22001 21917 21942 22219 22895 22954 22944 22745 22519 22066 21531 21196 20836 20658 20376 20483 20347 20372 20320 20341 20341 20336 20379 20353 20327 20328 20316 20342 20285 20087 20035 20022 20030 20040 20033 20028
22478 22525 22559 22597 22640 22719 22786 22829 22861 22917 22927 22931 23258 23342 23356 22969 22502 22468 22467 22209 21979 22246 22335 22303 22346 22449 22427 22264 22417 22316 22305 22399 22262 22366 22747 22774 22552 22132 22410 22546 22449 22441 22505 22806 23020 22860 22638 22327 22656 22739 22698 22396 21570 21059 20784 20660 20547 20609 20655 20447 20455 20483 20507 20477 20358 20284 20233 20342 20422 20345 20164 20049 20091 20088 20076 20024 19990
22456 22514 22570 22598 22647 22768 22873 22876 22864 22908 22922 22922 23032 23514 23651 23185 22738 22922 22901 22582 22559 22852 22939 22793 22576 22464 22377 22443 22415 22614 22619 22516 22604 22865 22742 22692 23002 23048 22971 23123 23152 22941 22476 23419 23275 22026 20752 20104 20914 22359 22776 22596 21736 20944 20797 20715 20608 20578 20491 20487 20557 20631 20581 20519 20415 20316 20253 20806 21005 20957 20737 20642 20480 20273 20245 20037 20000
22435 22491 22551 22590 22624 22680 22788 22790 22831 22883 22884 22918 22966 23464 23723 23357 22759 23142 23241 23016 22998 23144 23262 23277 23063 22911 22851 22879 23111 23291 23258 23213 23299 23387 23459 23397 23207 23366 22986 22984 22942 23035 22891 23529 23086 21014 19406 18229 19278 21122 22169 22170 21795 21144 21088 21057 20763 20588 20663 20852 20962 20799 20628 20431 20371 20300 20468 21167 21157 21264 21362 21437 21591 21537 21348 21031 20357
22452 22492 22523 22559 22599 22634 22677 22731 22795 22849 22864 22887 22956 23358 23673 23573 23162 23182 23414 23405 23475 23552 23492 23437 23538 23399 23404 23354 23471 23540 23551 23453 23379 23527 23499 23450 23380 23065 21499 22618 23217 23187 23248 23591 23452 21870 20579 20115 21235 22714 23115 22599 21794 21404 21225 20720 20818 20725 20923 20870 20901 20710 20601 20532 20418 20425 20311 20730 21102 21222 21415 21403 21638 21658 21591 21246 20842
22514 22550 22564 22585 22632 22669 22690 22744 22789 22816 22817 22897 22930 23085 23475 23579 23653 23689 23823 23819 23963 23889 23655 23666 23740 23598 23419 23232 23247 23151 22909 22930 22891 22806 22478 22385 22382 22488 22321 22969 23217 23053 23005 23224 23322 22896 22829 22798 23158 23145 23189 22659 22296 21941 21807 21260 21349 20914 20945 20862 20903 20901 20669 20583 20612 20625 20649 20588 20535 20955 21132 20960 20799 20965 20934 20885 20886
22545 22564 22585 22614 22641 22660 22688 22755 22776 22782 22823 22884 22897 23221 23224 23907 24048 23955 23897 23898 24080 23981 23673 23715 23490 23351 23039 22585 22270 22149 22031 22253 22229 21951 21765 21807 21734 21859 22206 22091 21859 22003 22113 22123 22324 22801 22741 22873 23122 23077 22639 22633 22364 22167 22051 21619 21573 21233 21182 20905 20879 20846 20810 20719 20960 20976 20719 20583 20590 20567 20577 20572 20665 20693 20658 20583 20586
22495 22531 22561 22589 22615 22647 22663 22690 22724 22770 22836 22881 22890 23155 23632 24099 24119 24036 24386 24289 24060 23454 22999 22984 22352 21687 21728 21497 21382 21182 21124 21127 21160 21176 21182 21470 21361 21374 21349 21149 21496 21557 21545 21501 21548 21627 21704 21884 22019 22334 22358 22469 22426 22142 21989 21759 21528 21348 21335 21144 21137 20817 20939 19925 20142 21055 20965 20537 20582 20578 20600 20568 20818 20798 20682 20591 20646
22545 22575 22586 22570 22582 22605 22638 22657 22704 22767 22824 22884 22868 23415 23954 24103 24115 24234 24394 24091 23510 22883 22235 21828 21553 21265 21181 21179 21143 21141 21134 21098 21124 21120 21107 21109 21176 21413 21471 21210 21312 21286 21264 21291 21334 21320 21271 21268 21304 21351 21721 22357 22321 22290 22191 21853 21944 21812 21351 21379 21370 21156 21154 19869 20841 21125 21097 20926 20665 20674 20742 20629 20700 20641 20594 20519 20542
22586 22569 22601 22586 22585 22597 22623 22658 22699 22751 22812 22848 23188 23432 24050 24469 24256 23960 23545 23527 23282 22402 21946 21346 21192 21124 21092 21094 21068 21102 21075 21067 21021 20999 20983 20997 21021 21058 21061 21075 21085 21123 21094 21087 21172 21192 21185 21211 21176 21142 21237 21617 22264 22250 22285 22240 22089 22051 21696 21280 21112 21136 21178 21218 21112 20949 21307 21393 21345 21191 20971 20775 20612 20518 20472 20316 20533
22525 22562 22588 22615 22608 22618 22628 22663 22708 22748 22779 22927 23263 23454 24292 24524 24181 23794 23653 23323 22797 22160 21888 21361 21159 21078 21050 21041 21035 21007 20985 20986 20962 20964 20954 20943 20954 20945 20972 21004 20987 20981 21034 21002 21067 21104 21103 21132 21135 21119 21112 21260 21864 22240 22345 22271 22284 21905 21883 21451 21120 21127 21032 21130 21354 21548 21656 21758 22018 21997 21450 20941 20686 20546 20477 20561 20521
22556 22570 22599 22643 22690 22705 22665 22689 22738 22773 22784 22905 23503 23954 24179 24436 24020 23970 23813 23136 22069 20820 21354 21344 21048 20991 20985 20981 20978 20957 20933 20929 20915 20941 20921 20940 20934 20949 20940 20963 20976 20982 20998 20960 20973 21003 21006 21014 21058 21079 21094 21117 21342 22196 22392 22526 22281 22205 22059 21698 21463 21587 21321 21509 21958 21624 20624 20096 21558 22022 21793 21091 20653 20634 20547 20513 20793
22597 22608 22624 22633 22670 22725 22745 22784 22809 22828 22817 22835 24054 24331 24235 24084 23967 24185 23936 22889 22230 21531 21304 21119 20985 20950 20944 20948 20934 20919 20918 20936 20934 20915 20888 20899 20923 20958 20914 20899 20953 20948 20951 20952 20917 20917 20916 20938 20968 21010 21021 21038 21141 21907 22305 22520 22313 22203 22098 21933 22018 22022 21774 21573 21660 20643 19517 20380 21994 22172 21597 21006 20713 20726 20810 20826 20701
22661 22746 22776 22707 22693 22709 22745 22821 22832 22812 22807 23357 24479 24562 24322 23735 23894 23987 23471 22467 21607 21049 21004 20954 20928 20926 20915 20923 20902 20898 20902 20911 20925 20935 20935 20923 20913 20932 20912 20893 20906 20922 20920 20892 20900 20888 20893 20856 20899 20944 20971 20986 21030 21562 22239 22505 22500 22212 21744 21932 22022 21993 21761 21938 21974 21459 20786 21357 21993 22151 21673 21367 20823 20719 20836 20934 20968
22696 22774 22785 22728 22728 22754 22784 22823 22831 22820 22891 24066 24598 24519 24315 23842 23640 23344 22988 22186 21175 21005 20975 20937 20910 20910 20903 20910 20918 20922 20923 20975 21027 20996 21024 20997 20921 20916 20885 20876 20877 20876 20878 20872 20881 20874 20847 20841 20880 20893 20905 20949 20979 21168 21499 21851 22222 22343 22194 21924 22027 21562 22004 22033 22170 22444 22404 22287 21981 21688 21414 21279 20903 20895 20797 20839 21103
22750 22748 22757 22760 22771 22802 22872 22848 22874 22950 23324 24460 24588 24469 24369 23790 23200 22827 22577 21711 21020 20970 20938 20925 20918 20926 20927 20943 20956 20959 21084 21104 21062 21206 21171 20959 20900 20904 20868 20851 20851 20849 20876 20885 20883 20864 20862 20855 20866 20887 20901 20926 20984 21023 21129 21495 22241 22279 22208 22175 21813 21851 21917 22104 22202 22428 22418 22391 22170 21930 21775 21218 21285 20958 20954 20816 20748
22860 22817 22796 22816 22893 22987 22972 23217 23864 24708 24750 24695 24659 24466 24106 23543 22940 22137 21788 21288 21013 20988 20963 20944 20945 20947 20946 20948 20954 20961 21104 21114 20346 21082 21137 20904 20896 20892 20867 20894 20903 20884 20891 20891 20895 20881 20874 20844 20891 20933 20914 20936 20994 21028 21081 21452 21473 20576 20776 21973 22377 22357 22225 21996 22245 22371 22471 22395 22102 21604 21392 21051 20831 20232 20109 20068 19898
22959 22941 22931 22906 22962 23105 23476 24893 25295 25305 25121 24876 24655 24374 23883 23438 22556 21888 21547 21117 21046 21013 21002 20982 20970 20976 20981 20983 20974 20971 20983 21174 21148 21121 20967 20914 20922 20891 20893 20922 20906 20900 20896 20906 20903 20892 20937 20913 20913 20923 20935 20931 21005 21043 21073 21366 21405 20669 21216 22319 22377 22327 22319 22132 22348 22485 22518 22340 21825 21075 20627 20329 19865 19761 19672 19442 19445
23076 23037 22979 23060 23037 23497 24586 25259 25282 25282 25044 24820 24541 24128 23922 23678 22701 21891 21451 21085 21052 21023 21014 21001 20996 20995 20988 20999 21008 20993 20976 20957 20945 20926 20907 20919 20930 20897 20895 20892 20880 20909 20934 20924 20889 20888 20886 20901 20911 20960 20975 20992 21019 21062 21061 21285 21417 21695 22280 22489 22390 22442 22405 22173 22341 22336 21881 21253 20724 19989 19659 19558 19426 19416 19343 19300 19326
23171 23261 23373 23474 23366 24218 25116 25255 24987 24944 24802 24776 24163 23980 24012 23767 22864 21860 21364 21101 21086 21069 21021 21032 21056 21057 20998 21014 21027 21021 21008 20995 20967 20947 20934 20923 20908 20898 20895 20886 20899 20915 20954 20941 20912 20900 20910 20919 21013 21165 21124 21197 21047 21086 21112 21122 21232 21381 21972 22119 22263 22358 22307 22238 21971 21897 21393 20266 19637 19593 19482 19510 19462 19359 19305 19293 19296
23821 24471 24750 24772 24683 24667 24951 24924 24876 24792 24503 24316 24198 23876 23815 23656 22834 21734 21248 21336 21298 21133 21050 21034 21030 21034 21022 21018 21014 21006 21002 21002 20993 20962 20953 20938 20915 20913 20913 20918 20938 20921 20925 20917 20927 20929 20937 20965 21040 21187 21148 21205 21100 21089 21120 21158 21166 21209 21825 22225 22085 22019 21924 22009 21850 21177 20481 19714 19650 19552 19468 19450 19441 19378 19347 19294 19299
25219 25228 25292 25219 24909 24545 24489 24341 24203 24094 24097 24182 24132 24116 24352 23997 23166 22673 22485 22410 21993 21592 21361 21172 21221 21126 21093 21066 21048 21047 21029 21007 20984 20982 20963 20936 20910 20911 20906 20910 20932 20914 20918 20933 20944 20961 20973 20996 21020 21113 21109 21063 21091 21108 21113 21138 21187 22024 22318 22213 22073 22030 21711 21445 21139 20941 20574 19811 19648 19587 19544 19437 19355 19362 19373 19335 19360
25038 24841 24750 24563 24311 24248 24186 23912 23715 23494 23766 24293 24271 24510 24695 24494 23544 23063 22961 22680 22598 22205 22160 21808 21847 21661 21548 21603 21323 21435 21398 21141 21032 21027 20995 21050 20870 20921 20932 20988 20979 20979 20964 20971 20988 20997 21022 21040 21033 21032 21049 21079 21113 21106 21133 21288 22312 22863 22728 22390 22258 22209 22229 21845 21472 20877 20457 20007 19743 19657 19573 19539 19446 19388 19411 19394 19403
24644 24514 24136 24104 24048 23951 23623 23375 23197 22781 23452 23945 23958 24203 24208 23940 23150 22559 22479 22179 21957 22050 22073 21575 21220 21051 21057 21054 20889 20816 20505 20590 20624 20702 20785 20853 20786 21056 21346 21414 21397 21408 21522 21610 21409 21033 21038 21051 21060 21077 21089 21112 21114 21145 21659 22682 23197 23157 22743 22387 22451 22313 22467 22357 21786 21192 20743 20158 19887 19671 19630 19631 19551 19473 19465 19462 19534
24057 24456 24474 24183 24054 23731 23459 23145 22655 22358 23061 23302 22873 22935 22856 22650 22162 21925 21549 21228 21212 21250 21131 20851 20826 20778 20893 20863 20863 20169 20937 21138 20960 20954 20916 20931 21167 21133 21100 20995 21278 21379 21429 21835 21750 21550 21245 21056 21120 21199 21132 21147 21335 21981 22635 23506 23457 22761 22611 22642 22610 22656 22654 22468 22055 21374 21108 20192 19939 19980 19655 19599 19549 19511 19503 19494 19516
24061 24423 24410 24197 24124 23646 23394 22883 21977 21738 22300 22519 21936 21735 21756 21564 21413 21035 20888 20760 20457 20386 20317 20249 20381 20364 20510 20748 20697 19885 20877 21074 21014 21084 21030 20999 21232 20130 20861 20882 21364 21392 21357 21830 21811 21522 21445 21076 21131 21233 21378 21850 22597 23099 23500 23473 23413 22920 22900 22750 22521 22461 22421 22130 22020 21802 21425 20406 20131 20044 19728 19666 19608 19558 19594 19549 19538
23344 23534 23802 24085 24004 23472 23058 22313 21311 21626 21936 21926 21618 21136 20834 20747 20762 20850 20809 20511 20224 19915 19736 19653 19716 19736 19473 19318 19129 18638 19039 19436 19502 20155 20185 20046 20726 20657 20745 20529 20728 20903 20950 20982 21116 20925 20927 21169 21763 22154 22738 23471 24001 23865 23790 23452 23429 23307 23074 22720 22592 22481 22278 22136 22315 22227 22114 21598 20907 20252 19867 19749 19822 19730 19642 19718 19618
23061 23247 23318 23405 23219 22566 21866 21421 21082 21077 21088 20908 20440 20181 20333 20540 20619 20580 20339 20059 19724 19292 19191 18655 18655 18075 17627 17429 17520 17800 17805 17413 17635 17938 17943 18310 18754 18769 18975 19437 19724 20362 20784 20949 21090 21099 21111 21486 22414 22963 23764 24532 24710 24642 24428 23762 23732 23565 23203 22923 22756 22896 22876 22728 22714 22755 22667 22182 21898 21411 20905 20287 20049 19991 20000 20051 19041
22904 22860 23011 22417 21513 20948 20918 20767 20498 19872 19409 19808 19764 19574 19848 19725 19248 18746 18490 18524 18844 18933 18741 18498 17971 17611 17173 17258 17266 17235 17119 17097 17071 17071 17106 17158 17488 17653 17849 18325 18573 18923 19418 20218 20636 21055 21175 21387 22267 22852 23246 23861 24255 24116 24358 24087 23926 23865 23637 23376 23338 23474 23448 23133 22882 22643 22572 22245 21883 21560 21295 20847 20690 20709 20452 20322 20065
22486 22039 22026 21176 20639 20861 20814 20501 19967 19324 19055 18643 18904 19043 18871 18464 18176 17805 17805 18124 18187 18250 18046 17923 17771 17171 17284 17312 17287 17270 17078 17067 17040 17037 17033 17037 17036 17157 17320 17728 17801 18502 18956 19675 19848 20214 20482 20864 21560 22328 22640 22752 23044 23601 23890 23834 23567 23495 23431 23246 23260 23484 23466 23281 23058 22875 22508 22060 21588 21364 21445 21327 21235 21321 21217 20866 20616
21313 21391 21257 20895 20171 19874 20004 19962 19691 18938 18819 18538 18391 18172 17888 17717 17524 17570 16995 17030 17338 17130 17120 17060 17050 17057 17246 17200 17224 17235 17062 17031 17010 16999 17000 17014 17002 17009 17018 17035 17092 17259 17096 18063 19093 19735 20260 20616 20855 21591 22190 22423 22275 22327 22447 22427 22118 22475 22221 20946 20941 22464 22978 22912 22917 22900 22615 22520 22181 21788 21876 22037 22104 22138 22038 21803 21837
